日付,始値,高値,安値,終値,出来高,終値調整値,5日平均,10日平均,25日平均,75日平均,200日平均,ゴールデンクロス（25日）,ゴールデンクロス_A（25日）,デッドクロス（25日）,ゴールデンクロス（終値）,ゴールデンクロス_A（終値）,デッドクロス（終値）,25日平均上昇場,75日平均上昇場,25日平均急上昇ポイント,25日平均上昇陰りポイント,10日平均急上昇ポイント,5営業日後騰落率,10営業日後騰落率,20営業日後騰落率,40営業日後騰落率,乖離率（25日平均）,乖離率（75日平均）,25営業日後騰落率,75営業日後騰落率,75日平均変動率,75営業日後騰落率（10日平均）,40営業日前株価,60営業日前株価,出来高変化率,25日平均変動率,25日平均変動率差,75日平均変動率差
1990-01-04,2743.491891891892,2743.491891891892,2732.1081081081084,2737.8,30000.0,2737.8,,,,,,False,False,False,False,False,False,False,False,False,False,False,0.1704653371320037,0.1330265176419021,,,,,0.3118197092556066,0.0082913288041492,,,,,1.0,,,
1990-01-05,2737.75737704918,2783.2918032786883,2726.373770491803,2777.6,128000.0,2777.6,,,,,,False,False,False,False,False,False,False,False,False,False,False,0.088097638248848,0.1086189516129033,,,,,0.2602246543778804,-0.036902361751152,,,,,4.266666666666667,,,
1990-01-08,2834.4907662082514,2902.7917485265225,2777.5732809430256,2897.1,212000.0,2897.1,,,,,,False,False,False,False,False,False,False,False,False,False,False,0.043215629422526,0.0707258983121052,,,,,0.1787994891443166,-0.0864312588450519,,,,,1.65625,,,
1990-01-09,3010.914991181658,3227.2000000000003,2942.6144620811287,3227.2000000000003,309000.0,3227.2,,,,,,False,False,False,False,False,False,False,False,False,False,False,-0.0458292017848289,0.0335275161130391,,,,,0.0758552305404063,-0.1887084779375311,,,,,1.4575471698113207,,,
1990-01-10,3221.550714285714,3278.4685714285715,3187.4,3187.4,197000.0,3187.4,2965.42,,,,,False,False,False,False,False,False,False,False,False,False,False,-0.0303695802221246,0.062496078308339,,,,,0.0892890757357091,-0.1428436970571626,,,,,0.6375404530744336,,,
1990-01-11,3187.4245115452927,3215.8836589698044,3158.965364120781,3204.5,35000.0,3204.5,3058.76,,,,,False,False,False,False,False,False,False,False,False,False,False,-0.0319862693087845,0.0390700577313152,,,,,0.0745826181931658,-0.1385551568107349,,,,,0.1776649746192893,,,
1990-01-12,3101.983992467043,3101.983992467043,3022.3,3022.3,34000.0,3022.3,3107.7,,,,,False,False,False,False,False,False,False,False,False,False,False,0.0188598087549217,0.082883896370314,,,,,0.129967243490057,-0.0866227707375178,,,,,0.9714285714285714,,,
1990-01-16,3022.3,3022.3,2959.691148775895,3022.3,55000.0,3022.3,3132.74,,,,,False,False,False,False,False,False,False,False,False,False,False,0.0263706448731098,0.101710617741455,,,,,0.1111405221189159,-0.0866227707375178,,,,,1.6176470588235294,,,
1990-01-17,2965.4626617375234,3096.375600739372,2965.4626617375234,3079.3,46000.0,3079.3,3103.16,,,,,False,False,False,False,False,False,False,False,False,False,False,0.0831682525249244,0.1275289838599679,,,,,0.085019322573312,-0.1109018283376091,,,,,0.8363636363636363,,,
1990-01-18,3090.6,3158.900552486188,3073.524861878453,3090.6,95000.0,3090.6,3083.8,3024.61,,,,False,False,False,False,False,False,False,False,False,False,False,0.095774283310684,0.1197178541383551,,,,,0.0036886041545331,-0.0938976250566232,,-0.098981356274032,,,2.065217391304348,,,
1990-01-19,3107.691743119266,3107.691743119266,3102.0,3102.0,43000.0,3102.0,3063.3,3061.03,,,,False,False,False,False,False,False,False,False,False,False,False,0.0734042553191488,0.1100902643455835,,,,,-0.0458736299161831,-0.0458736299161831,,-0.1031940229269233,,,0.4526315789473684,,,
1990-01-22,3073.6081330868765,3079.3,3073.6081330868765,3079.3,3000.0,3079.3,3074.7,3091.2,,,,False,False,False,False,False,False,False,False,False,False,False,0.0628389569057902,0.0997954080472833,,,,,-0.0351378560062352,-0.0388399961030105,,-0.1027400362318839,,,0.0697674418604651,,,
1990-01-23,3084.924770642202,3124.7669724770644,3079.233027522936,3102.0,57000.0,3102.0,3090.6400000000003,3111.69,,,,False,False,False,False,False,False,False,False,False,False,False,0.0734042553191488,0.1009348807221146,,,,,0.0440361057382333,-0.0458736299161831,,-0.098589512451433,,,19.0,,,
1990-01-24,3215.8720136518773,3335.4,3215.8720136518773,3335.4,379000.0,3335.4,3141.86,3122.51,,,,False,False,False,False,False,False,False,False,False,False,False,0.0409546081429512,0.0392456676860346,,,,,-0.0136415422438088,-0.1348264076272711,,-0.093146218907225,,,6.649122807017544,,,
1990-01-25,3386.6,3409.367058823529,3335.374117647059,3386.6,193000.0,3386.6,3201.06,3142.43,,,,False,False,False,False,False,False,False,False,False,False,False,0.021850823835115,0.0470678556664501,,,,,0.0067324159924408,-0.1596586546979271,,-0.0952734030670531,,,0.5092348284960422,,,
1990-01-26,3443.5358974358974,3500.4538461538464,3301.2410256410258,3329.7,152000.0,3329.7,3246.6,3154.9500000000003,,,,False,False,False,False,False,False,False,False,False,False,False,0.0341772532059945,0.0786257020151966,,,,,0.0256479562723367,-0.1333453464276061,,-0.094895323222238,,,0.7875647668393783,,,
1990-01-29,3272.8,3358.177391304348,3272.8,3272.8,77000.0,3272.8,3285.3,3180.0,,,,False,False,False,False,False,False,False,False,False,False,False,0.0347714495233438,0.0695428990466879,,,,,0.0469628452701049,-0.1269555120997311,,-0.0989811320754714,,,0.506578947368421,,,
1990-01-30,3244.3230769230768,3358.1589743589743,3244.3230769230768,3329.7,32000.0,3329.7,3330.84,3210.74,,,,False,False,False,False,False,False,False,False,False,False,False,0.0256479562723367,0.0256479562723367,,,,,0.022224224404601,-0.1282097486260022,,-0.1031755919196196,,,0.4155844155844156,,,
1990-01-31,3358.1639344262294,3545.9934426229506,3358.1639344262294,3471.9999999999995,177000.0,3472.0,3358.16,3250.01,,,,False,False,False,False,False,False,False,False,False,False,False,-0.0016417050691242,0.0,,,,,-0.0082085253456219,-0.1557315668202763,,-0.1080581290519106,,,5.53125,,,
1990-02-01,3443.524671052632,3471.983552631579,3443.524671052632,3460.6000000000004,34000.0,3460.6,3372.9600000000005,3287.01,,,,False,False,False,False,False,False,False,False,False,False,False,0.0246778015373055,0.003294226434722,,,,,0.0147951222331387,-0.1447436860660002,,-0.1132518611139,,,0.192090395480226,,,
1990-02-02,3460.57520661157,3460.57520661157,3443.5,3443.5,14000.0,3443.5,3395.72,3321.16,,,,False,False,False,False,False,False,False,False,False,False,False,0.0429795266444025,0.0,,,,,0.0082764629011179,-0.1156962392914186,,-0.1197985041371088,,,0.4117647058823529,,,
1990-02-05,3443.5176470588235,3460.5929411764705,3386.6,3386.6,11000.0,3386.6,3418.48,3351.8900000000003,,,,False,False,False,False,False,False,False,False,False,False,False,0.0336030236815687,0.0084155199905508,,,,,0.0252170318313351,-0.1210063190220279,,-0.127357998024995,,,0.7857142857142857,,,
1990-02-06,3380.949,3472.018333333333,3380.949,3415.0999999999995,29000.0,3415.1,3435.56,3383.2,,,,False,False,False,False,False,False,False,False,False,False,False,0.0,-0.016661298351439,,,,,0.0166612983514392,-0.1383268425521945,,-0.1359363915819341,,,2.636363636363636,,,
1990-02-07,3443.532840722496,3511.8343185550084,3443.532840722496,3466.3,89000.0,3466.3,3434.42,3396.29,,,,False,False,False,False,False,False,False,False,False,False,False,0.0016444046966504,-0.0361192049159046,,,,,-0.0311859908259528,-0.1215128523209186,,-0.1345733138218468,,,3.0689655172413794,,,
1990-02-08,3443.54735152488,3557.3836276083466,3415.088282504013,3546.0,52000.0,3546.0,3451.5,3412.2300000000005,3214.948,,,False,False,False,False,False,False,False,False,False,False,False,-0.020868584320361,-0.1252115059221658,,,0.0933592780597857,,-0.085081782289904,-0.1171742808798645,,-0.1302755089779999,,,0.5842696629213483,,,
1990-02-09,3602.88351822504,3602.88351822504,3557.349445324881,3591.5,116000.0,3591.5,3481.1,3438.409999999999,3249.0960000000005,,,False,False,False,False,False,False,True,False,False,False,False,-0.0412084087428651,-0.1759153557009606,,,0.0953373242377835,,-0.107754420158708,-0.0982597800361966,,-0.1266341128603044,,,2.230769230769231,0.0105100003200892,,
1990-02-13,3523.166829268293,3523.166829268293,3471.9414634146347,3500.4000000000005,10000.0,3500.4,3503.86,3461.17,3278.008,,,False,False,False,False,False,False,True,False,False,True,False,-0.0243686435835907,-0.15121129013827,,,0.0635333104788026,,-0.0926751228431037,-0.0894183521883214,,-0.1228399645206678,,,0.0862068965517241,0.0088199906772647,-0.0016900096428244,
1990-02-14,3443.5591666666664,3472.018333333333,3415.0999999999995,3415.0999999999995,101000.0,3415.1,3503.86,3469.71,3298.727999999999,,,False,False,False,False,False,False,True,False,False,True,False,-0.016661298351439,-0.0516822347808262,,,0.0340757225264268,,-0.0700125911393515,-0.0583291850897482,,-0.1159751103118126,,,10.1,0.0062812089993474,-0.0025387816779173,
1990-02-15,3415.0819672131147,3471.9999999999995,3415.0819672131147,3471.9999999999995,40000.0,3472.0,3505.0,3469.71,3308.52,,,False,False,False,False,False,False,True,False,False,True,False,-0.0377016129032257,-0.0524481566820275,,,0.047085253456221,,-0.1557315668202763,-0.073761520737327,,-0.1077726957007933,,,0.396039603960396,0.0029596314968628,-0.0033215775024845,
1990-02-16,3443.5409836065573,3471.9999999999995,3415.0819672131147,3471.9999999999995,74000.0,3472.0,3490.2,3470.85,3319.9040000000005,,,False,False,False,False,False,False,True,False,False,False,False,-0.1065668202764975,-0.0180299539170505,,,0.0438064516129029,,-0.131163594470046,-0.0819700460829491,,-0.101505394932077,,,1.85,0.0034290148148863,0.0004693833180234,
1990-02-19,3471.95867768595,3471.95867768595,3415.041322314049,3443.5,29000.0,3443.5,3460.6,3470.85,3329.4640000000004,,,False,False,False,False,False,False,True,False,False,True,False,-0.1404965877740671,-0.0082474226804125,,,0.0331163060839261,,-0.0743720052272397,-0.0743720052272397,,-0.0974055346673002,,,0.3918918918918919,0.0028713330433967,-0.0005576817714895,
1990-02-20,3472.018333333333,3472.018333333333,3358.1816666666664,3415.0999999999995,36000.0,3415.1,3443.5399999999995,3473.7,3345.1760000000004,,,False,False,False,False,False,False,True,False,False,False,False,-0.1300108342361862,0.0033381160141723,,,0.0204749494890337,,-0.0833357734766182,-0.07501976516061,,-0.0929038201341507,,,1.2413793103448276,0.0046969128081751,0.0018255797647783,
1990-02-21,3358.2,3358.2,3358.2,3358.2,2000.0,3358.2,3432.16,3468.01,3358.612,,,False,False,False,False,False,False,True,False,False,True,False,-0.0356143171937347,0.0135489250193556,,,-0.0001226847716039,,-0.0983264844261806,-0.0508605800726578,,-0.0843596183402007,,,0.0555555555555555,0.0040004620956513,-0.0006964507125237,
1990-02-22,3301.257240204429,3358.175468483816,3301.257240204429,3341.1,53000.0,3341.1,3405.98,3455.49,3369.0840000000003,,,False,False,False,False,False,False,True,False,False,True,False,-0.0153242943940617,0.0306485887881237,,,-0.0083756846547545,,-0.1192421657537936,-0.0460028134446738,,-0.0769239673678694,,,26.5,0.0031082632549381,-0.0008921988407131,
1990-02-23,3284.1357798165136,3284.1357798165136,3102.0,3102.0,40000.0,3102.0,3331.9800000000005,3411.0899999999992,3369.54,,,False,False,False,False,False,False,True,False,False,True,False,0.099097356544165,0.1321083172147002,,,-0.086247582205029,,-0.0825596389426176,0.0091876208897486,,-0.0649088707715126,,,0.7547169811320755,0.0001353300450505,-0.0029729332098876,
1990-02-26,3101.993269230769,3101.993269230769,2954.0082692307687,2959.7,22000.0,2959.7,3235.22,3347.91,3363.8480000000004,,,False,False,False,False,False,False,False,False,False,True,False,0.153866945974254,0.1730918674189951,,,-0.1365503260465589,,-0.076899685778964,0.0577085515423862,,-0.0504912019737685,,,0.55,-0.0016921097504998,-0.0018274397955504,
1990-02-27,2976.7917624521074,3005.250574712644,2971.1,2971.1,43000.0,2971.1,3146.42,3294.98,3359.5200000000004,,,False,False,False,False,False,False,False,False,False,False,False,0.1532765642354682,0.1685907576318534,,,-0.1307327252532733,,-0.0900339941435832,0.0900339941435832,,-0.0336845747166903,,,1.9545454545454544,-0.001288279277992,0.0004038304725078,
1990-02-28,3130.4569420035145,3238.6,3130.4569420035145,3238.6,14000.0,3238.6,3122.5,3277.3299999999995,3364.984000000001,,,False,False,False,False,False,False,True,False,True,False,False,0.0509788180077811,0.0720681776076081,,,-0.0390242697461869,,-0.2249428765515963,-0.0246093991230778,,-0.0302197215416206,,,0.3255813953488372,0.001623781866422,0.0029120611444141,
1990-03-01,3244.3650519031144,3301.283737024222,3244.3650519031144,3289.9,21000.0,3289.9,3112.26,3259.12,3363.164,,,False,False,False,False,False,False,False,False,False,True,False,0.0466883491899449,0.0207605094379767,,,-0.0222693698896623,,-0.2041703395239977,-0.048451320708836,,-0.0274215125555364,,,1.5,-0.0005411570770859,-0.0021649389435079,
1990-03-02,3289.8717863105176,3409.4,3272.79632721202,3409.4,44000.0,3409.4,3173.74,3252.86,3364.076,,,False,False,False,False,True,False,True,False,False,False,False,0.0300346101953423,-0.0484249428051856,,,0.0132938346923212,,-0.2036722003871649,-0.0818032498386811,,-0.0272990537557717,,,2.095238095238096,0.0002710997016713,0.0008122567787572,
1990-03-05,3415.0999999999995,3506.169333333333,3415.0999999999995,3415.0999999999995,38000.0,3415.1,3264.82,3250.0199999999995,3367.492,,,False,False,False,False,False,False,True,False,True,False,False,0.0166612983514392,-0.0616673011039206,,,0.0139404409826942,,-0.1983250856490291,-0.0833357734766182,,-0.0281998264626062,2737.8,,0.8636363636363636,0.0010144047855199,0.0007433050838485,
1990-03-06,3415.116279069767,3472.03488372093,3415.116279069767,3426.4999999999995,54000.0,3426.5,3355.9,3251.1600000000003,3373.6399999999994,,,False,False,False,False,False,False,True,False,False,False,False,0.0132788559754851,-0.0731066686122864,,,0.0154268203706406,,-0.1910404202539032,-0.0980300598278125,,-0.0306413710798608,2777.6,,1.4210526315789471,0.0018223639748162,0.0008079591892963,
1990-03-07,3472.0016722408027,3472.0016722408027,3403.7,3403.7,40000.0,3403.7,3388.92,3255.71,3376.5999999999995,,,False,False,False,False,False,False,True,False,False,True,False,0.0200663983312277,-0.0668977877016187,,,0.0079619237888181,,-0.1805975849810498,-0.0802655933249109,,-0.0337437916767771,2897.1,,0.7407407407407407,0.0008766214535331,-0.0009457425212831,
1990-03-08,3358.1239669421484,3471.95867768595,3358.1239669421484,3443.5,59000.0,3443.5,3419.6400000000003,3265.95,3375.46,,,False,False,False,False,False,False,False,False,False,True,False,-0.0247713082619428,-0.1487440104544794,,,0.0197589661681428,,-0.1503993030347032,-0.0561928270654857,,-0.0348566267089207,3227.2000000000003,,1.475,-0.0003377317461914,-0.0012143531997246,
1990-03-09,3443.4991896272286,3523.183468395462,3432.1157212317667,3511.8,70000.0,3511.8,3440.12,3306.9300000000003,3377.508,,,False,False,False,False,False,False,True,False,False,False,False,-0.0761717637678683,-0.1410103081041062,,,0.0382402186912695,,-0.1879947605216698,-0.0356512329859332,,-0.0390724932187861,3187.4,,1.1864406779661016,0.0006063642188263,0.0009440959650178,
1990-03-12,3471.9999999999995,3471.9999999999995,3454.924590163934,3471.9999999999995,93000.0,3472.0,3451.5,3358.16,3378.648,,,False,False,False,False,False,False,True,False,False,True,False,-0.0770449308755759,-0.0819700460829491,,,0.0268870967741933,,-0.1803283410138247,-0.0180299539170505,,-0.0454266622197869,3204.5,,1.3285714285714283,0.0003374130717376,-0.0002689511470886,
1990-03-13,3454.924590163934,3477.6918032786884,3454.924590163934,3471.9999999999995,36000.0,3472.0,3460.6,3408.25,3382.064,,,False,False,False,False,False,False,True,False,True,False,False,-0.085253456221198,-0.0983582949308753,,,0.0259032258064515,,-0.1819700460829491,-0.0163882488479262,,-0.0542771216900168,3022.3,,0.3870967741935484,0.0010100341093485,0.0006726210376108,
1990-03-14,3471.9999999999995,3471.9999999999995,3460.6163934426227,3471.9999999999995,50000.0,3472.0,3474.26,3431.5899999999992,3384.34,,,False,False,False,False,False,False,True,False,False,True,False,-0.085253456221198,-0.1278801843317971,,,0.0252476958525343,,-0.1836117511520736,-0.0262384792626726,,-0.054240162723402,3022.3,,1.3888888888888888,0.0006725092632537,-0.0003375248460947,
1990-03-15,3415.1186440677966,3415.1186440677966,3358.2,3358.2,9000.0,3358.2,3457.2,3438.42,3380.016,,,False,False,False,False,False,False,False,False,False,True,False,-0.1271216723244594,-0.1237269966053242,,,-0.0064963373235662,,-0.1610386516586265,-0.0016973378595675,,-0.0496623449142337,3079.3,,0.18,-0.0012792838850467,-0.0019517931483004,
1990-03-16,3301.217543859649,3358.135087719298,3204.4577192982456,3244.3,29000.0,3244.3,3403.7,3421.91,3367.9479999999994,,,False,False,False,False,False,False,False,False,False,True,False,-0.0701846315075672,-0.122799987670684,,,-0.038112381715624,,-0.1403384397250561,0.0351077273988224,,-0.0384229859932025,3090.6,,3.2222222222222223,-0.0035831907143461,-0.0023039068292994,
1990-03-19,3204.5,3204.5,3204.5,3204.5,5000.0,3204.5,3350.2,3400.85,3352.468,,,False,False,False,False,False,False,False,False,False,True,False,-0.0053362459041971,-0.1474176938679981,,,-0.0461750663129973,,-0.1385551568107349,0.0657200811359024,,-0.0240998573885939,3102.0,,0.1724137931034483,-0.0046174937389408,-0.0010343030245947,
1990-03-20,3176.0,3176.0,3176.0,3176.0,10000.0,3176.0,3291.0,3375.8,3339.492,,,False,False,False,False,False,False,False,False,False,False,False,-0.0143261964735514,-0.1487405541561713,,,-0.0514773299748111,,-0.1577141057934509,0.0967884130982369,,-0.0052224657858878,3079.3,,2.0,-0.0038856209267755,0.0007318728121652,
1990-03-22,3176.0,3176.0,3176.0,3176.0,10000.0,3176.0,3231.8,3353.03,3329.928,,,False,False,False,False,False,False,False,False,False,False,False,-0.0465994962216624,-0.2096662468513854,,,-0.0484659949622165,,-0.1666561712846348,0.12544080604534,,0.0147717139423147,3102.0,,1.0,-0.0028721341722704,0.0010134867545051,
1990-03-23,2931.3,2931.3,2931.3,2931.3,58000.0,2931.3,3146.42,3301.81,3308.3,,,False,False,False,False,False,False,False,False,False,True,False,0.0038890594616721,-0.1068126769692629,,,-0.1286118786886364,,-0.1068126769692629,0.2038685907276634,,0.0389604489658702,3335.4,,5.8,-0.0065374965994618,-0.0036653624271913,
1990-03-26,2988.1415094339623,3016.6,2988.1415094339623,3016.6,16000.0,3016.6,3100.88,3252.2899999999995,3290.0840000000003,,,False,False,False,False,False,False,False,False,False,False,False,-0.0565868858980308,-0.0999801100576808,,,-0.0906596830869191,,-0.0943114764967181,0.1641583239408606,,0.058629458012662,3386.6,,0.2758620689655172,-0.005536636754563,0.0010008598448987,
1990-03-27,3016.6464285714287,3187.4,3016.6464285714287,3187.4,38000.0,3187.4,3097.46,3223.83,3279.84,,,False,False,False,False,False,False,False,False,False,False,False,-0.1428436970571626,-0.1410554056597853,,,-0.0290016941707975,,-0.133933613603564,0.1053523247788166,,0.0715050111203134,3329.7,,2.375,-0.0031233230889312,0.0024133136656318,
1990-03-28,3181.726363636364,3181.726363636364,3102.0409090909093,3130.5000000000005,30000.0,3130.5,3088.36,3189.68,3268.456,,,False,False,False,False,False,False,False,False,False,True,False,-0.1363679923334932,-0.1145503913112922,,,-0.0440683596869508,,-0.1181919821114839,0.1054464143108129,,0.0844034511298939,3272.8,,0.7894736842105263,-0.0034829901335676,-0.0003596670446364,
1990-03-29,3130.451127819549,3130.451127819549,3016.616541353384,3028.0,56000.0,3028.0,3058.76,3145.28,3255.2480000000005,,,False,False,False,False,False,False,False,False,False,True,False,-0.1710369881109643,-0.0789299867899602,,,-0.0750488771466316,,-0.08834214002642,0.139101717305152,,0.1018828212432598,3329.7,,1.8666666666666667,-0.0040574481575596,-0.0005744580239919,
1990-03-30,3016.694390715667,3016.694390715667,2942.7,2942.7,52000.0,2942.7,3061.04,3103.73,3239.312,,,False,False,False,False,False,False,False,False,False,True,False,-0.1102728786488599,-0.0058109899072281,,,-0.1007958677405104,,-0.0696299316953816,0.1605328439868147,,0.1186507847009887,3471.9999999999995,,0.9285714285714286,-0.0049195631664997,-0.0008621150089401,
1990-04-02,2771.9066000000003,2845.9,2766.2148,2845.9,44000.0,2845.9,3026.9000000000005,3063.8900000000003,3229.068,,,False,False,False,False,False,False,False,False,False,False,False,-0.0459959942373239,0.0020028813380652,,,-0.134638602902421,,-0.0159879124354334,0.1819810956112302,,0.1333794620564053,3460.6000000000004,,0.8461538461538461,-0.0031724324170316,0.001747130749468,
1990-04-03,2783.326875,2783.326875,2732.1,2732.1,40000.0,2732.1,2935.84,3016.65,3219.9639999999995,,,False,False,False,False,False,False,False,False,False,False,False,0.002086307236192,0.0416529409611654,,,-0.1785674023644813,,0.0833058819223307,0.2499908495296656,,0.1511279067840154,3443.5,2737.8,0.9090909090909092,-0.0028273608027918,0.0003450716142398,
1990-04-04,2726.3671578947365,2749.134315789473,2675.1410526315785,2703.6,75000.0,2703.6,2850.46,2969.41,3209.264,,,False,False,False,False,False,False,False,False,False,True,False,0.0252626128125463,0.0505252256250926,,,-0.1870335848498299,,0.0947255511170291,0.2631676283473885,,0.1671409471915296,3386.6,2777.6,1.875,-0.0033340977869067,-0.0005067369841148,
1990-04-05,2561.326530612245,2561.326530612245,2504.408163265306,2510.1,62000.0,2510.1,2746.88,2902.82,3180.1240000000003,,,False,False,False,False,False,False,False,False,False,True,False,0.1111111111111113,0.1292378789689654,,,-0.2669311979602408,,0.1791163698657423,0.3356041591968448,,0.1862705920449769,3415.0999999999995,2897.1,0.8266666666666667,-0.0091631647067849,-0.0058290669198782,
1990-04-06,2510.056956521739,2618.2,2498.673478260869,2618.2,77000.0,2618.2,2681.9800000000005,2871.51,3153.2560000000003,,,False,False,False,False,False,False,False,False,False,False,False,0.1174089068825909,0.076082804980521,,,-0.2043602474982814,,0.1021694293789626,0.3043694141012908,,0.1952422244742312,3466.3,3227.2000000000003,1.2419354838709675,-0.0085207163642913,0.0006424483424936,
1990-04-09,2675.1572327044023,2732.075471698113,2675.1572327044023,2715.0,57000.0,2715.0,2655.8,2841.35,3125.4800000000005,,,False,False,False,False,False,False,False,False,False,True,False,0.0503130755064456,0.0272559852670351,,,-0.1511896869244937,,0.0482136279926335,0.2683241252302026,,0.205525542435814,3546.0,3187.4,0.7402597402597403,-0.0088869549637175,-0.0003662385994261,
1990-04-10,2732.1081081081084,2737.8,2715.032432432433,2737.8,16000.0,2737.8,2656.94,2796.39,3098.3880000000004,,,False,False,False,False,False,False,False,False,False,False,False,0.0394842574329753,0.0082913288041492,,,-0.1317072101687487,,0.0540214770984,0.2328146687121044,,0.2196152897128082,3591.5,3204.5,0.2807017543859649,-0.0087439016675768,0.0001430532961406,
1990-04-11,2732.05749486653,2845.893223819302,2732.05749486653,2771.9,51000.0,2771.9,2670.5999999999995,2760.53,3072.204,,,False,False,False,False,False,False,False,False,False,False,False,0.0246401385331361,-0.0349218947292471,,,-0.1083386846567336,,0.0308091922508027,0.2381759803744723,,0.2344259979061991,3500.4000000000005,3022.3,3.1875,-0.0085228715280626,0.0002210301395141,
1990-04-12,2771.924489795919,2817.45918367347,2771.924489795919,2789.0000000000005,29000.0,2789.0,2726.38,2736.63,3047.616,,,False,False,False,False,False,False,False,False,False,False,False,0.0163140910720686,-0.0510218716385803,,,-0.0927271423449263,,0.0408031552527786,0.2346719254212977,,0.2449984104537331,3415.0999999999995,3022.3,0.5686274509803921,-0.0080679455679456,0.000454925960117,
1990-04-13,2834.5307392996106,2954.0591439688715,2817.4552529182874,2925.5999999999995,96000.0,2925.6,2787.86,2734.92,3026.9,,,False,False,False,False,False,False,False,False,False,False,False,-0.0369838665572871,-0.1050724637681158,,,-0.0346253759912498,,0.0019483182936835,0.1867651080120317,,0.2478573413481928,3471.9999999999995,3079.3,3.310344827586207,-0.0068439657735636,0.0012239797943819,
1990-04-16,2919.901796407185,2919.901796407185,2845.9081836327346,2851.6,29000.0,2851.6,2815.18,2735.49,3000.492,,,False,False,False,False,False,False,False,False,False,True,False,-0.02195258802076,-0.0419062982185439,,,-0.0522134941787067,,0.0379085425725908,0.237515780614392,,0.2536328043604621,3471.9999999999995,3090.6,0.3020833333333333,-0.008801223266051,-0.0019572574924873,
1990-04-17,2834.5164,2874.359,2834.5164,2845.9,16000.0,2845.9,2836.8,2746.87,2975.4480000000003,,,False,False,False,False,False,False,False,False,False,False,True,-0.0300080818018904,-0.0300080818018904,,,-0.0455209248392425,,0.0699954320250183,0.261990934326575,,0.2548609872327413,3443.5,3102.0,0.5517241379310345,-0.0084168837768295,0.0003843394892214,
1990-04-18,2840.2000000000003,2845.8917835671346,2834.508216432866,2840.2000000000003,18000.0,2840.2,2850.46,2760.53,2950.176,,,False,False,False,False,False,False,False,False,False,True,False,-0.0581297091754103,-0.02806140412647,,,-0.038721216815717,,0.0480952045630589,0.2224491233011757,,0.2507127254548945,3415.0999999999995,3079.3,1.125,-0.0085662685887216,-0.000149384811892,
1990-04-19,2868.650602409639,2874.342369477912,2834.5,2834.5,24000.0,2834.5,2859.56,2792.9700000000003,2924.676,,,False,False,False,False,False,False,False,False,False,True,False,-0.0662550714411713,-0.0261068971599929,,,-0.0318137237608043,,0.0381725171988004,0.2048333039336742,,0.2384271939906264,3358.2,3102.0,1.3333333333333333,-0.0087189145054016,-0.00015264591668,
1990-04-20,2817.4,2845.858585858586,2817.4,2817.4,30000.0,2817.4,2837.92,2812.8900000000003,2903.044,,,False,False,False,False,False,False,False,False,False,False,False,-0.0707034854830696,-0.0282529992191381,,,-0.0303982395116063,,0.0808191950024845,0.2121459501668202,,0.2296570431122439,3341.1,3335.4,1.25,-0.0074514888510129,0.0012674256543886,
1990-04-23,2789.0000000000005,2789.0000000000005,2789.0000000000005,2789.0000000000005,9000.0,2789.0,2825.4,2820.29,2884.8319999999994,3155.909333333333,,False,False,False,False,False,False,False,False,False,False,False,-0.0204015776263895,0.0040874865543204,,,-0.0343607027608458,-0.1315558742679571,0.1224453209035496,0.1959125134456792,,0.2225976761255046,3102.0,3386.6,0.3,-0.0063130192676732,0.0011384695833396,
1990-04-24,2732.041237113402,2760.5,2703.582474226804,2760.5,21000.0,2760.5,2808.32,2822.5600000000004,2867.072,3156.2120000000004,,False,False,False,False,False,False,False,False,False,False,False,0.0,0.0721608404274587,,,-0.0386060496286905,-0.143347944213005,0.173193262090201,0.1876471653685926,,0.218188453035542,2959.7,3329.7,2.333333333333333,-0.0061944729675429,0.0001185463001303,
1990-04-25,2732.017021276596,2732.017021276596,2675.1,2675.1,23000.0,2675.1,2775.3,2812.88,2847.0360000000005,3154.8453333333337,,False,False,False,False,False,False,False,False,False,True,False,0.0319240402227954,0.106388546222571,,,-0.0642727374677584,-0.1793373456443997,0.1915068595566521,0.2042914283578184,-0.0004331960911766,0.2148971872244816,2971.1,3272.8,1.0952380952380951,-0.0070374944328064,-0.0008430214652635,-0.0005290916351601
1990-04-26,2669.467311827957,2669.467311827957,2623.932688172043,2646.7,5000.0,2646.7,2737.74,2798.65,2825.864,3151.506666666667,,False,False,False,False,False,False,False,False,False,True,False,0.0429969395851438,0.1182604753088752,,,-0.0676933539879851,-0.1907305953325527,0.2150602637246383,0.2214833566327881,-0.0010593874675816,0.2135493898844085,3238.6,3329.7,0.217391304347826,-0.0074922218479022,-0.0004547274150957,-0.0006261913764049
1990-04-27,2635.275217391304,2640.9669565217387,2618.2,2618.2,4000.0,2618.2,2697.9,2767.9100000000003,2813.34,3143.386666666667,,False,False,False,False,False,False,False,False,False,False,False,0.0456802383316783,0.1021694293789626,,,-0.0745321213047132,-0.2005907366384032,0.2282866091207701,0.2391337560155833,-0.0025832011333847,0.2188004667781827,3289.9,3471.9999999999995,0.8,-0.004451648218843,0.0030405736290592,-0.0015238136658031
1990-05-01,2623.954375,2732.1,2623.954375,2732.1,14000.0,2732.1,2686.52,2755.96,2801.96,3137.3160000000007,,False,False,False,False,False,False,False,False,False,False,False,0.0249990849529666,0.0416529409611654,,,-0.0255700743018191,-0.1483166794773254,0.1666483657259984,0.2083013066871638,-0.0019349873161219,0.2158231614392081,3409.4,3460.6000000000004,3.5,-0.0040614427043926,0.0003902055144503,0.0006482138172627
1990-05-02,2732.041237113402,2783.2670103092782,2732.041237113402,2760.5,5000.0,2760.5,2686.5199999999995,2747.42,2784.884,3131.396000000001,,False,False,False,False,False,False,False,False,False,True,False,0.0721608404274587,0.0453541025176597,,,-0.0088331823944937,-0.1343582684296327,0.1546458974823402,0.1546458974823402,-0.0018905306131832,0.2048940460504763,3415.0999999999995,3443.5,0.3571428571428571,-0.0061316737070556,-0.0020702310026629,4.445670293870595e-05
1990-05-07,2732.041237113402,2766.19175257732,2732.041237113402,2760.5,7000.0,2760.5,2703.6,2739.45,2770.084,3127.905333333334,,False,False,False,False,False,False,False,False,False,False,False,0.0721608404274587,0.035066111211737,,,-0.0034718348125339,-0.1330937632071487,0.1443216808549176,0.1154863249411339,-0.0011159758031893,0.1940645019985764,3426.4999999999995,3386.6,1.4,-0.0053427982689334,0.0007888754381222,0.0007745548099938
1990-05-08,2760.5,2777.5752577319586,2732.041237113402,2760.5,16000.0,2760.5,2726.36,2732.05,2759.384,3124.4146666666675,,False,False,False,False,True,False,False,False,False,False,False,0.0721608404274587,0.0515486324941134,,,0.0004042745879369,-0.1318292579846649,0.1546458974823402,0.0515486324941134,-0.0011172225965737,0.1785472447429584,3403.7,3415.0999999999995,2.2857142857142856,-0.003877677046761,0.0014651212221723,-1.2467933844071029e-06
1990-05-09,2760.567567567568,2760.567567567568,2732.1081081081084,2737.8,27000.0,2737.8,2750.28,2724.09,2751.188,3119.8613333333337,,False,False,False,False,False,False,False,False,False,False,False,0.0540214770984,0.0706771860618014,,,-0.0048900577105705,-0.1395504906616018,0.1642194462707282,-0.0041639272408503,-0.0014594665745829,0.1567092129848868,3443.5,3466.3,1.6875,-0.0029790766752399,0.0008986003715211,-0.0003422439780091
1990-05-10,2749.173170731708,2800.4,2749.173170731708,2800.4,27000.0,2800.4,2763.94,2725.23,2749.3679999999995,3115.992,,False,False,False,False,False,False,False,False,False,False,False,0.0162476789030138,0.0568847307527495,,,0.0182231109841453,-0.1126953292386802,0.1178760177117555,0.0060705613483788,-0.0012417661320483,0.1372177761143097,3511.8,3546.0,1.0,-0.0006619703146325,0.0023171063606073,0.0002177004425346
1990-05-11,2811.715,3016.617307692308,2811.715,2959.7,206000.0,2959.7,2803.78,2745.15,2758.472,3114.094666666668,,False,False,False,False,False,False,True,False,True,False,True,-0.0250025340406122,0.028854275771193,,,0.0679893232422203,-0.0521656474192208,0.0577085515423862,-0.0192249214447409,-0.0006092728501935,0.1152796750632934,3471.9999999999995,3591.5,7.62962962962963,0.0033003778903685,0.003962348205001,0.0006324932818548
1990-05-14,2993.850384615384,3005.2338461538457,2954.0082692307687,2959.7,91000.0,2959.7,2843.6200000000003,2773.61,2768.716,3112.500000000001,,False,False,False,False,False,False,True,False,False,False,False,-0.0345981011589011,0.0057776125958713,,,0.0645281616380038,-0.0516268540730483,0.0942325235665777,-0.0480791972159339,-0.0005123427041499,0.0892627297997917,3471.9999999999995,3500.4000000000005,0.441747572815534,0.0036999099943799,0.0003995321040114,9.69301460435226e-05
1990-05-15,2948.316538461538,2965.3917307692304,2948.316538461538,2959.7,49000.0,2959.7,2883.4600000000005,2804.9100000000003,2786.7,3110.602666666668,,False,False,False,False,False,False,True,False,False,False,False,-0.0192249214447409,-0.0057438253877082,,,0.0584518701219718,-0.0509857981101693,0.0673041186606751,-0.0384498428894819,-0.0006099568272299,0.0633104092466426,3471.9999999999995,3415.0999999999995,0.5384615384615384,0.0064535113216348,0.0027536013272549,-9.76141230799116e-05
1990-05-16,2942.6171597633133,2942.6171597633133,2885.7,2885.7,22000.0,2885.7,2913.04,2831.6600000000008,2797.4,3104.606666666668,,False,False,False,False,False,False,True,False,False,True,False,0.0158020584260319,0.0552378972173129,,,0.0305991613819869,-0.075859121414793,0.0848321031292236,0.0453616107010431,-0.001931323560043,0.0452243560314442,3358.2,3471.9999999999995,0.4489795918367347,0.0038249803388862,-0.0026285309827486,-0.0013213667328131
1990-05-17,2834.5164,2851.5918,2834.5164,2845.9,8000.0,2845.9,2922.14,2843.04,2802.635999999999,3097.3973333333342,,False,False,False,False,False,False,True,False,False,True,False,0.0399873502231279,0.100003513826909,,,0.0152022207386067,-0.0883718097379859,0.100003513826909,0.1099827822481464,-0.0023275455350041,0.0360353705892283,3244.3,3471.9999999999995,0.3636363636363636,0.0018682411843703,-0.0019567391545158,-0.000396221974961
1990-05-18,2845.8579881656806,2919.850295857988,2845.8579881656806,2885.7,12000.0,2885.7,2907.3399999999992,2855.5600000000004,2808.552,3091.4773333333346,,False,False,False,False,False,False,True,False,False,False,False,0.0552378972173129,0.1222926846172506,,,0.0267345877949889,-0.071309329914175,0.0848321031292236,0.0158020584260319,-0.0019149420686893,0.0225244785611227,3204.5,3443.5,1.5,0.0021064235235812,0.0002381823392108,0.0004126034663147
1990-05-21,2851.6081673306776,2857.3,2845.9163346613545,2857.3,5000.0,2857.3,2886.86,2865.2400000000007,2811.968,3085.937333333334,,False,False,False,False,False,False,True,False,False,True,False,0.0418226997515136,0.1155286459244741,,,0.0158653274069927,-0.0800186656400567,0.0816505092219926,0.0258985755783431,-0.0017952406032873,0.0139045943795281,3176.0,3415.0999999999995,0.4166666666666667,0.0012148075653775,-0.0008916159582036,0.0001197014654019
1990-05-22,2897.108235294117,2959.717647058824,2885.7247058823527,2902.8,53000.0,2902.8,2875.48,2879.4700000000003,2816.52,3080.245333333334,,False,False,False,False,False,False,True,False,False,False,False,0.0137453493178998,0.1078613752239217,,,0.0297230260438198,-0.0611290248495707,0.0784415047540306,0.029419870469891,-0.0018479047556385,0.0118598214254705,3176.0,3358.2,10.6,0.0016161788306137,0.0004013712652361,-5.266415235112261e-05
1990-05-23,2954.067378640777,2954.067378640777,2919.916310679612,2931.3,60000.0,2931.3,2884.6,2898.82,2816.748,3073.0360000000005,,False,False,False,False,False,False,True,False,False,True,False,0.0388223655033601,0.097090028315082,,,0.0390789069696039,-0.0483526080578584,0.1087230921434175,0.01941118275168,-0.0023459970313831,0.0141367866925162,2931.3,3341.1,1.1320754716981132,8.094440823249558e-05,-0.0015352344223812,-0.0004980922757446
1990-05-24,2948.316538461538,2959.7,2936.9330769230764,2959.7,89000.0,2959.7,2907.36,2914.7499999999995,2821.072,3066.3573333333343,,False,False,False,False,False,False,True,False,True,False,False,0.0577085515423862,0.0769334729871271,,,0.0468385309321889,-0.0360365352344273,0.1442375916478021,0.019224921444741,-0.0021780457854877,0.0154284243931729,3016.6,3102.0,1.4833333333333334,0.001532750670667,0.0014518062624345,0.0001679512458954
1990-05-25,2959.723364485981,3045.1,2959.723364485981,3045.1,169000.0,3045.1,2939.2400000000007,2923.2899999999995,2829.04,3061.045333333334,,False,False,False,False,False,False,True,False,False,False,False,0.0635447111753308,0.0467308134379823,,,0.07095333486585,-0.0052363907041916,0.119634823158517,-0.0186857574463893,-0.0017353548940145,0.0153833523187917,3187.4,2959.7,1.898876404494382,0.0028165031247348,0.0012837524540677,0.0004426908914732
1990-05-28,2959.7246653919697,2976.8,2959.7246653919697,2976.8,31000.0,2976.8,2963.1400000000003,2924.9999999999995,2834.5040000000004,3055.581333333334,,False,False,False,False,False,False,True,False,False,True,False,0.0707471109916688,0.0611730717549045,,,0.0478016662187583,-0.0264651079458928,0.1472386455253961,-0.0057444235420587,-0.0017882030958865,0.0196547008547009,3130.5000000000005,2971.1,0.1834319526627219,0.0019276741186466,-0.0008888290060881,-5.28482018720554e-05
1990-05-29,2959.775628626692,2971.159381044487,2942.7,2942.7,54000.0,2942.7,2971.1200000000003,2923.3,2838.8319999999994,3049.2826666666674,,False,False,False,False,False,False,True,False,False,True,False,0.0928399089271758,0.0831549257484624,,,0.0352968362388284,-0.0362193450459331,0.1489108641723588,-0.0522309443708157,-0.0020656224283568,0.0183012349057571,3028.0,3238.6,1.7419354838709675,0.0015245706684999,-0.0004031034501466,-0.0002774193324703
1990-05-30,2948.339813084112,3045.1,2942.6480373831773,3045.1,37000.0,3045.1,2993.88,2939.24,2847.94,3043.6666666666674,,False,False,False,False,False,False,True,False,False,False,True,0.0560901119831861,0.0467308134379823,,,0.064746642146399,0.0004707015642614,0.1009490657121277,-0.0841023283307607,-0.001845142919724,0.0050353152515616,2942.7,3289.9,0.6851851851851852,0.0031981010835904,0.0016735304150905,0.0002204795086328
1990-05-31,3039.430909090909,3130.5000000000005,3039.430909090909,3130.5000000000005,159000.0,3130.5,3028.04,2967.7,2861.6,3038.1266666666675,,False,False,False,False,False,False,True,False,False,False,False,0.0181760102220091,0.0,,,0.0858968215939947,0.0295075334078687,0.0727359846669858,-0.1181919821114839,-0.0018234921080753,-0.0180274286484482,2845.9,3409.4,4.297297297297297,0.0047735532569191,0.0015754521733286,2.1650811648653463e-05
1990-06-01,3130.4569420035145,3301.20913884007,3107.689982425308,3238.6,221000.0,3238.6,3066.74,3002.99,2880.724,3033.4213333333346,,False,False,False,False,False,False,True,False,False,False,False,-0.0158093003149508,-0.033378620391527,,,0.1105033038967454,0.0633541242100492,0.0544988575310317,-0.1739949360834928,-0.0015511637904129,-0.0380986949673491,2732.1,3415.0999999999995,1.389937106918239,0.0066386089052614,0.0018650556483422,0.0002723283176623
1990-06-04,3164.632857142857,3261.3932142857143,3164.632857142857,3187.4,69000.0,3187.4,3108.86,3036.0,2901.2160000000003,3029.248000000001,,False,False,False,False,False,False,True,False,False,False,False,-0.0089414569868858,0.0160632490431071,,,0.0897860325029804,0.0496178703645601,0.0928656585304638,-0.3439166718955889,-0.001377679652948,-0.0762285902503293,2703.6,3426.4999999999995,0.3122171945701357,0.0070632452047693,0.0004246362995079,0.0001734841374648
1990-06-05,3250.051150442478,3272.8185840707965,3215.9,3215.9,94000.0,3215.9,3163.5,3067.3100000000004,2923.9839999999995,3026.592000000001,,False,False,False,False,False,False,True,False,False,False,False,-0.0088622158649211,-0.0177244317298423,,,0.0907727230324327,0.058866258279175,0.1114773469324294,-0.3419571504089058,-0.0008775546885737,-0.1140869361101422,2510.1,3403.7,1.3623188405797102,0.007786636315383,0.0007233911106137,0.0005001249643742
1990-06-06,3244.3592920353985,3244.3592920353985,3187.440707964602,3215.9,52000.0,3215.9,3197.66,3095.7700000000004,2947.892,3023.177333333334,,False,False,False,False,False,False,True,False,False,False,False,-0.0088622158649211,-0.0265555521005005,,,0.083338412264063,0.059928065756605,0.0973288970428185,-0.3419571504089058,-0.0011294959872241,-0.150398769934459,2618.2,3443.5,0.5531914893617021,0.0081102021376632,0.0003235658222801,-0.0002519412986503
1990-06-07,3210.1671428571426,3244.317857142857,3187.4,3187.4,63000.0,3187.4,3209.04,3118.5400000000004,2966.104,3019.382666666668,,False,False,False,False,False,False,True,False,False,True,False,-0.0178515404404842,-0.0178515404404842,,,0.0694283742235051,0.0527129740017984,0.1017757419840622,-0.3262533726548284,-0.0012567690437381,-0.1844709383237028,2715.0,3511.8,1.2115384615384617,0.0061400409425967,-0.0019701611950664,-0.0001272730565139
1990-06-08,3193.091785714286,3255.701428571429,3187.4,3187.4,19000.0,3187.4,3198.8,3132.770000000001,2983.1799999999994,3015.9680000000003,,False,False,False,False,False,False,True,False,False,True,False,-0.0178515404404842,-0.0178515404404842,,,0.0640710296793627,0.0537842755851163,0.1053523247788166,-0.3046370082198657,-0.001132195920735,-0.2128116650759552,2737.8,3471.9999999999995,0.3015873015873015,0.0057240930818789,-0.0004159478607178,0.000124573123003
1990-06-11,3181.666846846847,3187.358558558559,3136.133153153153,3158.9,14000.0,3158.9,3193.1,3150.9800000000005,2999.116,3012.5520000000006,,False,False,False,False,False,False,True,False,False,True,False,0.0252303016872961,-0.0216214505049226,,,0.0505821646775776,0.0463287853366676,0.0955079299756245,-0.2765519642913672,-0.0011339223356143,-0.238763813162889,2771.9,3471.9999999999995,0.7368421052631579,0.0053135657307021,-0.0004105273511767,-1.7264148793022082e-06
1990-06-12,3102.0232142857144,3187.4,3102.0232142857144,3187.4,36000.0,3187.4,3187.4,3175.4500000000007,3016.192,3010.274666666667,,False,True,False,False,False,False,True,False,False,False,False,-0.0089414569868858,-0.0178515404404842,,,0.0537139988705528,0.0555704754136076,0.0821359101462007,-0.2673338771412436,-0.0007565201137792,-0.258917633721205,2789.0000000000005,3471.9999999999995,2.571428571428572,0.005661443303344,0.0003478775726419,0.0003774022218351
1990-06-13,3187.4,3244.317857142857,3158.9410714285714,3187.4,60000.0,3187.4,3181.7,3189.6800000000007,3034.175999999999,3008.2253333333338,,False,False,False,False,False,False,True,False,False,False,False,-0.0178515404404842,0.0196398318378615,,,0.0480717826441617,0.056213423689109,0.0714375352952247,-0.283020643784903,-0.000681243293388,-0.2780153495021445,2925.5999999999995,3358.2,1.6666666666666667,0.0059271446349845,0.0002657013316405,7.527682039118987e-05
1990-06-14,3187.418181818182,3193.11,3130.5000000000005,3130.5000000000005,34000.0,3130.5,3170.32,3189.6800000000003,3047.379999999999,3008.6053333333334,,False,False,False,False,False,False,True,True,False,True,False,0.0,0.081808017888516,,,0.0265516690624504,0.038937762870681,0.0745248362881327,-0.2800191662673695,0.0001263043695992,-0.2938978204710191,2851.6,3244.3,0.5666666666666667,0.004332902362029,-0.0015942422729555,0.0008075476629873
1990-06-15,3136.1918181818187,3187.418181818182,3130.5000000000005,3130.5000000000005,41000.0,3130.5,3158.94,3178.8700000000003,3054.2119999999995,3010.8826666666664,,False,False,False,False,False,False,True,True,False,True,False,0.0,0.0890911994888994,,,0.0243692700846513,0.0382102965447481,0.090911994888995,-0.2840121386360007,0.000756367346541,-0.305139876748656,2845.9,3204.5,1.2058823529411764,0.0022369108627692,-0.0020959914992597,0.0006300629769417
1990-06-18,3244.2917398945515,3255.675219683655,3215.833040421792,3238.6,29000.0,3238.6,3174.88,3183.99,3065.3680000000004,3014.449333333333,,False,False,False,False,False,False,True,True,False,False,False,-0.0456987587229049,0.0544988575310317,,,0.0534897795343665,0.0692122110376912,0.0544988575310317,-0.2846909158278268,0.0011831901194115,-0.2991780753080255,2840.2000000000003,3176.0,0.7073170731707317,0.0036393672798831,0.0014024564171138,0.0004268227728704
1990-06-19,3181.666846846847,3187.358558558559,3101.982882882883,3158.9,32000.0,3158.9,3169.1800000000003,3178.29,3073.336,3013.3866666666663,,False,False,False,False,False,False,True,False,False,True,False,-0.0089904713666148,0.0702776282883282,,,0.0270866440849663,0.0460645583378181,0.0612871569217132,-0.2567349393776314,-0.000352648625688,-0.2906311255423514,2834.5,3176.0,1.103448275862069,0.0025926224792861,-0.0010467448005969,-0.0015358387450995
1990-06-20,3130.5000000000005,3153.267272727273,3073.5818181818186,3130.5000000000005,44000.0,3130.5,3157.8,3169.75,3083.1280000000006,3011.2613333333334,,False,False,False,False,False,False,True,False,False,False,False,0.0381728158441142,0.0709151892668901,,,0.0151324069637437,0.0380893361017943,0.090911994888995,-0.2599904168663154,-0.0007057950466824,-0.2823976654310277,2817.4,2931.3,1.375,0.0031759952879026,0.0005833728086165,-0.0003531464209943
1990-06-21,3187.418181818182,3187.418181818182,3130.5000000000005,3130.5000000000005,52000.0,3130.5,3157.8,3164.0600000000004,3094.512,3007.5426666666667,,False,False,False,False,False,False,True,False,False,False,False,0.081808017888516,0.0727359846669858,,,0.011495927168184,0.0392772187616462,0.0999840281105253,-0.2399936112442103,-0.0012364468534001,-0.2737843150888416,2789.0000000000005,3016.6,1.181818181818182,0.0036787706753115,0.0005027753874088,-0.0005306518067177
1990-06-22,3130.5000000000005,3136.1918181818187,3113.4245454545458,3130.5000000000005,40000.0,3130.5,3157.8,3158.37,3104.304,3003.748,,False,False,False,False,False,False,True,False,False,True,False,0.0890911994888994,0.090911994888995,,,0.0083679923334931,0.0404893786934995,0.0781664270883243,-0.2000000000000001,-0.0012633105928548,-0.2633573647166101,2760.5,3187.4,0.7692307692307693,0.0031543302460068,-0.0005244404293046,-2.6863739454749186e-05
1990-06-25,3084.908287292817,3090.6,3045.0662983425414,3090.6,27000.0,3090.6,3128.2000000000003,3151.54,3113.636000000001,2999.269333333333,,False,False,False,False,False,False,True,False,False,True,False,0.1049957936970166,0.1270950624474214,,,-0.0074535688863007,0.0295511119739425,0.1104963437520222,-0.1856273862680385,-0.0014932525788503,-0.2544121286736007,2675.1,3130.5000000000005,0.675,0.0029971390361624,-0.0001571912098443,-0.0002299419859954
1990-06-26,3096.349090909091,3147.5754545454547,3096.349090909091,3130.5000000000005,45000.0,3130.5,3122.5200000000004,3145.85,3122.7440000000006,2995.626666666666,,False,False,False,False,False,False,True,False,False,True,False,0.0799872224884202,0.1417984347548313,,,0.0024775594952882,0.0430836394612152,0.0999840281105253,-0.1519885002395785,-0.0012159948725254,-0.2429105011364176,2646.7,3028.0,1.6666666666666667,0.0029166655992293,-8.047343693317081e-05,0.0002772577063249
1990-06-27,3187.3905429071806,3272.76707530648,3158.931698774081,3250.0,126000.0,3250.0,3146.42,3152.11,3135.4920000000006,2993.0466666666657,,False,False,False,False,False,False,True,False,False,False,False,0.0315384615384615,0.0858153846153846,,,0.0352332307692305,0.0790625641025643,0.0683076923076921,-0.1523692307692307,-0.0008619979196227,-0.2295192743908049,2618.2,2942.7,2.8,0.0040657096238804,0.0011490440246511,0.0003539969529027
1990-06-28,3306.915294117647,3403.675294117647,3249.9976470588235,3386.6,230000.0,3386.6,3197.6400000000003,3177.72,3152.568000000001,2991.3773333333324,,False,False,False,False,False,False,True,False,False,False,False,-0.0083859918502333,0.036969231677789,,,0.0691052973483726,0.1167019035807793,0.0420185436721195,-0.1403472509301363,-0.0005580483995555,-0.2150409727729314,2732.1,2845.9,1.825396825396825,0.0054165366139605,0.0013508269900801,0.0003039495200672
1990-06-29,3329.714524207012,3409.4,3301.255425709516,3409.4,96000.0,3409.4,3253.42,3205.61,3167.140000000001,2990.5426666666663,,False,False,False,False,False,False,True,False,False,True,False,0.0016718484190764,0.0333783070334956,,,0.0710564908781601,0.1228536790442112,0.0534111573883967,-0.191998592127647,-0.000279102076011,-0.2058547359160971,2760.5,2732.1,0.417391304347826,0.0046009964826309,-0.0008155401313296,0.0002789463235444
1990-07-02,3386.640833333333,3443.5591666666664,3386.640833333333,3415.0999999999995,80000.0,3415.1,3318.32,3223.26,3184.6720000000005,2989.784,,False,False,False,False,False,False,True,False,False,False,False,0.0199994143656118,0.0133231823372671,,,0.0674732804310266,0.1245398377792742,0.0166612983514392,-0.1933471933471931,-0.0002537530024463,-0.1966084026730702,2760.5,2703.6,0.8333333333333334,0.0055051195225127,0.0009041230398818,2.5349073564630384e-05
1990-07-03,3363.824747474748,3415.0505050505053,3363.824747474748,3380.9,29000.0,3380.9,3368.4,3245.46,3202.2,2988.569333333333,,False,False,False,False,False,False,True,False,False,True,False,0.0572332810790026,0.0202017214351208,,,0.0528557484693425,0.1160432626420974,0.0101156496790793,-0.1870212073708184,-0.0004064375061067,-0.1897573841612591,2760.5,2510.1,0.3625,0.0054737368059457,-3.138271656703481e-05,-0.0001526845036603
1990-07-04,3403.726655348048,3415.1103565365024,3352.5,3352.5,34000.0,3352.5,3388.9,3267.6600000000003,3214.4960000000005,2988.493333333333,,False,False,False,False,False,False,True,False,False,True,False,0.0526174496644295,0.0186726323639073,,,0.0411645041014166,0.1085776783494905,0.0186726323639073,-0.2436390753169277,-2.543087486671829e-05,-0.188556949009383,2737.8,2618.2,1.1724137931034482,0.0038251719709717,-0.0016485648349739,0.00038100663124
1990-07-05,3403.7349152542374,3403.7349152542374,3352.50813559322,3358.2,54000.0,3358.2,3383.22,3290.4300000000003,3223.604,2990.012,,False,False,False,False,False,False,True,True,False,True,False,0.0457387886367698,0.0016675600023823,,,0.0400798046572568,0.1096384968137691,-0.0067893514382704,-0.291525221845036,0.0005079132346851,-0.1941721902608476,2800.4,2715.0,1.588235294117647,0.0028254090763007,-0.000999762894671,0.0005333441095518
1990-07-06,3358.1816666666664,3415.0999999999995,3301.263333333333,3415.0999999999995,124000.0,3415.1,3384.36,3318.8900000000003,3230.664,2992.82,,False,False,False,False,False,False,True,True,False,True,False,0.0316535386957924,0.0,,,0.0540060320342008,0.1236508447776051,-0.0399988287312229,-0.2978243682469033,0.0009382455343121,-0.2042881806869164,2959.7,2737.8,2.2962962962962963,0.0021853092738831,-0.0006400998024175,0.000430332299627
1990-07-09,3443.557189542484,3528.934640522876,3443.557189542484,3483.4000000000005,97000.0,3483.4,3398.0199999999995,3358.17,3242.5039999999995,2996.9186666666665,,False,False,False,False,False,False,True,True,False,False,False,-0.0065453292759947,-0.0196072802434406,,,0.0691554228627206,0.1396570400566498,-0.075156456335764,-0.2990182006086008,0.0013676269270347,-0.2158318369826423,2959.7,2771.9,0.782258064516129,0.0036514989649971,0.001466189691114,0.0004293813927225
1990-07-10,3500.4076433121018,3585.7834394904457,3494.7159235668787,3574.4,104000.0,3574.4,3436.7200000000003,3402.56,3256.844,3002.230666666666,,False,False,False,False,False,False,True,True,False,False,False,-0.0350268576544314,-0.0620803491495076,,,0.088841763652641,0.1600742315726651,-0.0955405102954342,-0.3343777976723366,0.0017693510558591,-0.2341589861751151,2959.7,2789.0000000000005,1.0721649484536082,0.0044030355767732,0.000751536611776,0.0004017241288244
1990-07-11,3545.975322580645,3545.975322580645,3500.441129032258,3528.9,30000.0,3528.9,3472.0,3430.45,3269.364,3010.198666666666,,False,False,False,False,False,False,True,True,False,True,False,-0.0322480092946812,-0.0322480092946812,,,0.0735458641503018,0.1469866908479508,-0.0806483606789651,-0.3790416277026835,0.002647001371781,-0.2568117885408619,2885.7,2925.5999999999995,0.2884615384615384,0.0038294909958022,-0.000573544580971,0.0008776503159219
1990-07-12,3528.875202593193,3528.875202593193,3511.8,3511.8,14000.0,3511.8,3502.72,3442.9700000000003,3282.3399999999992,3016.8013333333324,,False,False,False,False,False,False,True,True,False,False,False,-0.0421436300472692,-0.0194487157583006,,,0.0653397118286921,0.1409529775803484,-0.0599692465402357,-0.3474856199100177,0.0021886315793194,-0.2775162141987878,2845.9,2851.6,0.4666666666666667,0.0039532772351429,0.0001237862393407,-0.0004583697924616
1990-07-13,3506.1247172859453,3540.275282714056,3466.2823909531503,3523.2000000000003,80000.0,3523.2,3524.34,3454.35,3295.7719999999995,3021.278666666666,,False,False,False,False,False,False,True,True,False,False,False,-0.0306823342415987,-0.0420072661217076,,,0.064551544050863,0.1424617771722678,-0.095311080835604,-0.3602690735694823,0.0014819332565153,-0.2943969198257269,2885.7,2845.9,5.714285714285714,0.0040755246418745,0.0001222474067315,-0.000706698322804
1990-07-16,3523.2095394736843,3523.2095394736843,3460.6000000000004,3460.6000000000004,26000.0,3460.6,3519.78,3458.9,3307.84,3025.68,,False,False,False,False,False,False,True,True,False,True,False,-0.0131480090157778,-0.0082355660868058,,,0.0441426342252789,0.1256776281569671,-0.1101832052245275,-0.3523088481766168,0.0014546592281185,-0.3101679724767989,2857.3,2840.2000000000003,0.325,0.0036483022153431,-0.0004272224265314,-2.7274028396822745e-05
1990-07-17,3454.891749174917,3454.891749174917,3403.66600660066,3449.2000000000003,13000.0,3449.2,3494.74,3465.7300000000005,3318.312,3031.296,,False,False,False,False,False,False,True,True,False,True,False,-0.0280354864896208,-0.0016525571146933,,,0.0379473501101705,0.1211596892032936,-0.1584135451698944,-0.3501681549344775,0.0018526729161388,-0.3261621649695734,2902.8,2834.5,0.5,0.0031558213935277,-0.0004924808218154,0.0003980136880202
1990-07-18,3443.5591666666664,3443.5591666666664,3358.1816666666664,3415.0999999999995,24000.0,3415.1,3471.9800000000005,3471.99,3327.42,3037.5946666666664,,False,False,False,False,False,False,True,True,False,True,False,0.0,0.0166612983514392,,,0.0256742115897043,0.1105400525118834,-0.2016632016632015,-0.3583496822933441,0.0020735704917399,-0.3372964783884745,2931.3,2817.4,1.8461538461538465,0.0027372558919523,-0.0004185655015753,0.000220897575601
1990-07-19,3420.717089678511,3420.717089678511,3363.8,3363.8,15000.0,3363.8,3442.38,3472.55,3336.752,3044.4999999999995,,False,False,False,False,False,False,True,True,False,False,False,0.0236934419406622,0.0490813960401926,,,0.0080409061180808,0.0949224091800941,-0.1624353409834116,-0.3578690766395149,0.0022681337931788,-0.3437157132366705,2959.7,2789.0000000000005,0.625,0.0027967316719971,5.947578004478812e-05,0.0001945633014389
1990-07-20,3369.565333333333,3415.0999999999995,3369.565333333333,3415.0999999999995,35000.0,3415.1,3420.76,3472.55,3348.136000000001,3053.606666666666,,False,False,False,False,False,False,True,True,False,False,False,-0.0116834060496031,0.0516529530614039,,,0.0196082105941256,0.1058514635979425,-0.1500102486017977,-0.3509999707182804,0.0029822657797009,-0.3489452995637211,3045.1,2760.5,2.333333333333333,0.0034001008322245,0.0006033691602273,0.000714131986522
1990-07-23,3415.0999999999995,3415.0999999999995,3415.0999999999995,3415.0999999999995,5000.0,3415.1,3411.659999999999,3465.72,3355.196000000001,3063.093333333333,,False,False,False,False,False,False,True,True,False,True,False,0.004977892301836,0.0166612983514392,,,0.0175409212028926,0.1030736044820552,-0.1750168369886678,-0.354660185646101,0.0030970870405516,-0.3545266207310457,2976.8,2675.1,0.1428571428571428,0.0021041989797317,-0.0012959018524928,0.0001148212608506
1990-07-24,3369.5755517826824,3409.418505942276,3329.73259762309,3352.5,36000.0,3352.5,3392.32,3443.53,3362.940000000001,3074.325333333333,,False,False,False,False,False,False,True,True,False,False,False,0.0271439224459358,0.0186726323639073,,,-0.0031140939597318,0.0829752920705941,-0.151111111111111,-0.365041014168531,0.0036534845151934,-0.3576417223024047,2942.7,2646.7,7.2,0.0023027470011359,0.0001985480214042,0.0005563974746418
1990-07-25,3358.1816666666664,3437.867333333333,3358.1816666666664,3415.0999999999995,88000.0,3415.1,3392.32,3432.15,3374.324000000001,3084.9506666666666,,False,False,False,False,False,False,True,True,False,False,False,0.0166612983514392,0.0,,,0.0119399139117444,0.0966734014621337,-0.1166876518989193,-0.4225059295481828,0.0034442474066576,-0.3618956047958276,3045.1,2618.2,2.4444444444444446,0.0033737127792114,0.0010709657780755,-0.0002092371085358
1990-07-26,3454.88347107438,3466.2669421487603,3415.041322314049,3443.5,86000.0,3443.5,3408.26,3425.32,3386.844000000001,3094.664,,False,False,False,False,False,False,True,True,False,False,False,0.0248003484826484,-0.0313924785828372,,,0.0164530274430082,0.1013027443008566,-0.0826484681283577,-0.436358356323508,0.0031387360092512,-0.3708587810773883,3130.5000000000005,2732.1,0.9772727272727272,0.0036966568285991,0.0003229440493876,-0.0003055113974063
1990-07-27,3437.80910623946,3443.50084317032,3358.12478920742,3375.2,75000.0,3375.2,3400.28,3410.5199999999995,3396.6320000000005,3103.1626666666666,,False,False,False,False,False,False,True,True,False,True,False,0.0640850912538516,-0.0286501540649442,,,-0.0063498459350559,0.0805988780911748,-0.131518132258829,-0.4119755866319032,0.0027387113018459,-0.3760218383120461,3238.6,2760.5,0.872093023255814,0.0028816780858213,-0.0008149787427777,-0.0004000247074053
1990-07-30,3432.1,3432.1,3432.1,3432.1,4000.0,3432.1,3403.6799999999994,3407.67,3410.292,3111.965333333333,,False,False,False,False,False,False,True,True,False,False,False,0.0116255353864979,-0.0613327117508231,,,0.0063541272107456,0.0932766139292756,-0.1459164942746422,-0.4126045278400979,0.0028286519044341,-0.3821144653091408,3187.4,2760.5,0.0533333333333333,0.0040055221077841,0.0011238440219627,8.994060258823728e-05
1990-07-31,3375.199173553719,3443.5,3375.199173553719,3443.5,52000.0,3443.5,3421.88,3407.1,3422.812,3120.6920000000005,,False,False,False,False,False,False,True,True,False,True,False,-0.0082474226804125,-0.0611587048061565,,,0.0060078408595905,0.0937441556555828,-0.1322201248729491,-0.4163496442572963,0.0027963883224193,-0.3888086642599278,3215.9,2760.5,13.0,0.0036578111798135,-0.0003477109279705,-3.226358201486798e-05
1990-08-01,3471.9999999999995,3528.918032786885,3471.9999999999995,3471.9999999999995,62000.0,3472.0,3433.26,3412.7899999999995,3431.692,3127.9773333333337,,False,False,False,False,False,False,True,True,False,True,False,-0.0163882488479262,-0.0655817972350228,,,0.0116094470046081,0.0990848694316434,-0.1393433179723501,-0.4211405529953916,0.0023290876361848,-0.3951459070144954,3215.9,2737.8,1.1923076923076923,0.002587644811947,-0.0010701663678665,-0.0004673006862344
1990-08-02,3528.9,3591.509516129032,3500.441129032258,3528.9,155000.0,3528.9,3450.34,3429.3,3437.384,3137.0080000000003,,False,False,False,False,False,False,True,True,False,True,False,-0.0548329507778627,-0.0645243560316245,,,0.0259332936609141,0.1110521692312051,-0.1451727167105897,-0.419847544560628,0.0028787515577475,-0.4013442976700784,3187.4,2800.4,2.5,0.0016559104249045,-0.0009317343870425,0.0005496639215626
1990-08-03,3534.582408874802,3750.869255150554,3528.890649762282,3591.5,160000.0,3591.5,3493.6,3446.94,3444.668,3146.949333333333,,False,False,False,False,False,False,True,True,False,False,False,-0.0871502157872755,-0.1125156619796742,,,0.0408831964360294,0.1237785512088728,-0.167979952666017,-0.4090213002923569,0.0031590382558853,-0.4071321229844442,3187.4,2959.7,1.032258064516129,0.0021145724348471,0.0004586620099426,0.0002802866981377
1990-08-06,3528.918032786885,3528.918032786885,3471.9999999999995,3471.9999999999995,6000.0,3472.0,3501.5799999999995,3452.63,3446.9439999999995,3155.373333333333,,False,False,False,False,False,False,True,True,False,True,False,-0.0721198156682026,-0.1131048387096772,,,0.0072165898617511,0.0911943164362519,-0.1475518433179723,-0.3850806451612902,0.00266973163239,-0.4101047607186405,3158.9,2959.7,0.0375,0.0006602950323531,-0.001454277402494,-0.0004893066234952
1990-08-07,3284.187833333333,3415.0999999999995,3272.8041666666663,3415.0999999999995,23000.0,3415.1,3495.9,3458.8900000000003,3448.3119999999994,3163.114666666667,,False,False,False,False,False,False,True,True,False,True,False,-0.0533512927879123,-0.1500102486017977,,,-0.0097250446546221,0.0737856382926803,-0.183332845304676,-0.3583496822933441,0.0024473767628195,-0.4093625411620491,3187.4,2959.7,3.8333333333333335,0.0003967158424179,-0.0002635791899351,-0.0002223548695704
1990-08-08,3415.0999999999995,3472.018333333333,3415.0999999999995,3415.0999999999995,67000.0,3415.1,3484.5199999999995,3458.8900000000003,3450.816,3171.0840000000003,,False,False,False,False,False,False,True,True,False,False,False,-0.0500131767737399,-0.2016632016632015,,,-0.0104582589089632,0.0714520804661647,-0.183332845304676,-0.3124945096776081,0.0025131259005858,-0.3985006750720608,3187.4,2885.7,2.9130434782608696,0.00072562547525,0.000328909632832,6.574913776628008e-05
1990-08-09,3358.1672354948805,3386.626279863481,3335.4,3335.4,39000.0,3335.4,3445.82,3448.0799999999995,3449.9039999999995,3178.369333333333,,False,False,False,False,False,False,False,True,False,True,False,-0.0102536427415002,-0.1553037116987467,,,-0.0343299154524193,0.047080010393556,-0.172363134856389,-0.2698027223121664,0.0022921607180535,-0.3822707129764968,3130.5000000000005,2845.9,0.582089552238806,-0.0002643551820573,-0.0009899806573073,-0.0002209651825322
1990-08-10,3278.5,3301.267361111111,3278.5,3278.5,12000.0,3278.5,3383.22,3438.41,3444.44,3185.2760000000003,,False,False,False,False,False,False,False,True,False,True,False,-0.027787097758121,-0.1145950892176299,,,-0.0506146103400945,0.0284349550099129,-0.1840475827360073,-0.2361140765594021,0.0021683102709677,-0.3654189000148323,3130.5000000000005,2885.7,0.3076923076923077,-0.0015863246275154,-0.0013219694454581,-0.0001238504470857
1990-08-13,3221.6,3221.6,3221.6,3221.6,5000.0,3221.6,3333.1399999999994,3417.36,3433.9680000000003,3192.562666666667,,False,False,False,False,False,False,False,True,False,True,False,-0.0441705984603922,-0.1254656071517258,,,-0.0659200397318104,0.0090133267113647,-0.3508815495406009,-0.2323379687111994,0.0022823879834048,-0.3481342322728656,3238.6,2857.3,0.4166666666666667,-0.0030495333678123,-0.0014632087402968,0.000114077712437
1990-08-14,3079.223415492958,3244.2834507042257,3079.223415492958,3232.9,21000.0,3232.9,3296.7,3396.3,3420.308,3200.3786666666665,,False,False,False,False,False,False,False,True,False,True,False,-0.1021064678771381,-0.1197067648241516,,,-0.0579690061554641,0.0100594925093054,-0.3454174270778559,-0.2485693958984193,0.0024422110050308,-0.3317404234019374,3158.9,2902.8,4.2,-0.0039937923719151,-0.0009442590041028,0.000159823021626
1990-08-15,3244.3,3244.3,3244.3,3244.3,2000.0,3244.3,3262.54,3373.53,3408.9239999999995,3208.7266666666665,,False,False,False,False,False,False,False,True,False,False,False,-0.1596338193138735,-0.0701846315075672,,,-0.0507425330579784,0.0109648717237412,-0.3477175353697254,-0.2608575039299695,0.0026016550698199,-0.3157226999611683,3130.5000000000005,2931.3,0.0952380952380952,-0.0033394701671261,0.0006543222047889,0.0001594440647891
1990-08-16,3358.1172413793106,3358.1172413793106,3295.508275862069,3301.2000000000003,12000.0,3301.2,3255.7,3350.76,3400.4999999999995,3216.314666666667,,False,False,False,False,False,False,False,True,False,False,False,-0.1465527686901733,-0.0431055373803465,,,-0.0300799709196653,0.0257134779272183,-0.3494789773415728,-0.3001635768811341,0.0023592219003449,-0.3032237462545811,3130.5000000000005,2959.7,6.0,-0.0024772827525363,0.0008621874145898,-0.000242433169475
1990-08-20,3187.4,3187.4,3187.4,3187.4,2000.0,3187.4,3237.48,3310.35,3387.068,3222.006666666667,,False,False,False,False,False,False,False,True,False,True,False,-0.0892890757357093,-0.0803476187488234,,,-0.0626429064441236,-0.0108573340862982,-0.3046370082198657,-0.2732007278659723,0.0017666009381317,-0.2888546528312716,3130.5000000000005,3045.1,0.1666666666666666,-0.003965671784564,-0.0014883890320276,-0.0005926209622132
1990-08-21,3187.4454713493533,3187.4454713493533,3079.3,3079.3,27000.0,3079.3,3209.0200000000004,3271.08,3371.816,3226.257333333333,,False,False,False,False,False,False,False,True,False,True,False,-0.0850517974864417,-0.0480628714318189,,,-0.0949943168902021,-0.0477242663375873,-0.2578508102490826,-0.2578508102490826,0.0013175225121531,-0.2757223913814397,3090.6,2976.8,13.5,-0.0045233784998944,-0.0005577067153303,-0.0004490784259785
1990-08-22,3016.635294117647,3016.635294117647,2902.8,2902.8,13000.0,2902.8,3143.0,3219.85,3349.96,3228.1546666666663,,False,False,False,False,False,False,False,True,False,True,False,-0.0196017638142483,0.029419870469891,,,-0.154044370952184,-0.1120830462541911,-0.1955008956869229,-0.2451081714206972,0.0005877454859659,-0.2641986427939189,3130.5000000000005,2942.7,0.4814814814814814,-0.0065242570060537,-0.0020008785061593,-0.0007297770261871
1990-08-24,2703.632567849687,2732.0918580375783,2703.632567849687,2726.4,27000.0,2726.4,3039.42,3150.9800000000005,3322.412,3228.0026666666663,,False,False,False,False,False,False,False,False,False,True,False,0.1064407276995304,0.0960240610328637,,,-0.2186076877934271,-0.1839798513302032,-0.1617884389671361,-0.1847857981220657,-4.7087941273915824e-05,-0.2520929996382081,3250.0,3045.1,2.076923076923077,-0.0082915664884428,-0.001767309482389,-0.0006348334272398
1990-08-27,2811.7082828282832,2817.4,2811.7082828282832,2817.4,8000.0,2817.4,2942.66,3099.1800000000003,3300.556,3228.229333333333,,False,False,False,False,False,False,False,True,False,False,False,0.1212110456449208,0.0707034854830694,,,-0.171490026265351,-0.1458186034405242,-0.2000070987435223,-0.211116632356073,7.021392945242488e-05,-0.2464619673591081,3386.6,3130.5000000000005,0.2962962962962963,-0.0066219146107503,0.0016696518776924,0.0001173018707263
1990-08-28,2959.717647058824,2988.176470588235,2902.8,2902.8,8000.0,2902.8,2885.74,3061.61,3280.064,3227.4706666666666,,False,False,False,False,False,False,False,False,False,False,False,0.0098181066556428,0.029419870469891,,,-0.1299655505029625,-0.1118474116944558,-0.2278489734049883,-0.2321551605346562,-0.0002350653948623,-0.2462135935014583,3409.4,3238.6,1.0,-0.0062474390743595,0.0003744755363907,-0.0003052793243147
1990-08-29,2845.858585858586,2851.5503030303034,2817.4,2817.4,9000.0,2817.4,2833.36,3021.1900000000005,3256.155999999999,3225.5733333333333,,False,False,False,False,False,False,False,False,False,True,False,0.0404273443600483,0.0505075601618512,,,-0.1557308156456303,-0.14487589030075,-0.1777525378008093,-0.2199900617590687,-0.0005882158417314,-0.2452477335089816,3415.0999999999995,3187.4,1.125,-0.0073424000569999,-0.0010949609826403,-0.0003531504468691
1990-08-30,2788.982,2845.9,2788.982,2845.9,3000.0,2845.9,2821.98,2982.4900000000007,3235.892,3224.056,,False,False,False,False,False,False,False,False,False,False,False,0.0500017569134543,-0.0199936751115638,,,-0.137036438385045,-0.1328774728556871,-0.1749885800625461,-0.2278013985031098,-0.0004706287152993,-0.2432229445865704,3380.9,3215.9,0.3333333333333333,-0.0062622609160006,0.0010801391409993,0.0001175871264321
1990-08-31,3016.6,3016.6,3016.6,3016.6,10000.0,3016.6,2880.02,2959.7200000000003,3219.952,3225.8013333333333,,False,False,True,False,False,False,False,True,False,False,False,-0.0094145726977392,-0.0754491811973743,,,-0.0674109925081218,-0.0693500408848814,-0.2320493270569515,-0.2839620765099781,0.0005410541918059,-0.2454421364183098,3352.5,3215.9,3.333333333333333,-0.0049503843535554,0.0013118765624452,0.0010116829071053
1990-09-03,3158.9,3158.9,3158.9,3158.9,3000.0,3158.9,2948.32,2945.49,3208.568,3229.9746666666665,,False,False,False,False,False,False,False,True,False,False,False,-0.045047326601032,-0.126119851847162,,,-0.0157231947829941,-0.0224998153365622,-0.2468264269207636,-0.3162176707081579,0.0012920637974043,-0.2468994971974102,3358.2,3187.4,0.3,-0.0035480002293858,0.0014023841241696,0.0007510096055983
1990-09-05,2931.3,2931.3,2931.3,2931.3,5000.0,2931.3,2954.0199999999995,2919.88,3190.812,3230.5826666666662,,False,False,False,False,False,False,False,True,False,True,False,0.01941118275168,-0.0874014942175827,,,-0.0885313683348683,-0.1020989549574134,-0.1456350424726231,-0.267389895268311,0.0001882013440711,-0.2460854555666671,3415.0999999999995,3187.4,1.6666666666666667,-0.005564727724479,-0.0020167274950931,-0.0011038624533331
1990-09-06,2931.3,2931.3,2931.3,2931.3,1000.0,2931.3,2976.8,2905.08,3170.7800000000007,3231.569333333333,,False,False,False,False,False,False,False,True,False,True,False,0.0096885340974992,-0.2865963906799032,,,-0.0816975403404634,-0.1024355519166693,-0.1413707228874561,-0.2887456077508273,0.0003053212123562,-0.2491428807468296,3483.4000000000005,3158.9,0.2,-0.0063176883921304,-0.0007529606676513,0.000117119868285
1990-09-07,2988.2,2988.2,2988.2,2988.2,10000.0,2988.2,3005.26,2913.62,3152.5680000000007,3232.707999999999,,False,False,False,False,False,False,False,True,False,False,True,-0.0666622046717085,-0.2918144702496486,,,-0.0550056890435716,-0.0818245097383037,-0.1116056488856167,-0.2981058831403519,0.0003522330710556,-0.2545664843047477,3574.4,3187.4,10.0,-0.005776877770757,0.0005408106213733,4.691185869941009e-05
1990-09-10,2988.2,2988.2,2988.2,2988.2,3000.0,2988.2,2999.5800000000004,2939.8,3133.2160000000003,3233.4666666666662,,False,False,False,False,False,False,False,True,False,True,False,-0.0666622046717085,-0.2918144702496486,,,-0.0485295495616091,-0.082078397251411,-0.0781072217388393,-0.2771568168127969,0.0002346294998145,-0.2633342404245185,3528.9,3187.4,0.3,-0.0061764014992902,-0.0003995237285332,-0.0001176035712411
1990-09-11,3016.6,3016.6,3016.6,3016.6,1000.0,3016.6,2971.12,2959.7200000000003,3112.7240000000006,3234.2253333333333,,False,False,False,False,False,False,False,True,False,True,False,-0.0848969037989789,-0.2881058144931379,,,-0.0318650135914608,-0.0721425887864925,-0.0349068487701384,-0.2839620765099781,0.0002345744617259,-0.2704073358290648,3511.8,3130.5000000000005,0.3333333333333333,-0.0065833013142185,-0.0004068998149282,-5.503808862402314e-08
1990-09-13,2959.740952380952,2988.2,2959.740952380952,2988.2,15000.0,2988.2,2982.5,2968.26,3088.592000000001,3233.4666666666667,,False,False,False,False,False,False,False,False,False,True,False,-0.1047787965999598,-0.2582825781406866,,,-0.0335961448363567,-0.0820783972514111,-0.0781072217388393,-0.2771568168127969,-0.0002346294998144,-0.2748276768207637,3523.2000000000003,3130.5000000000005,15.0,-0.0078132689588005,-0.0012299676445819,-0.0004692039615403
1990-09-14,2959.7,2965.3917307692304,2902.782692307692,2959.7,13000.0,2959.7,2988.1800000000003,2982.49,3068.1000000000004,3233.238666666666,,False,False,False,False,False,False,False,False,False,False,False,-0.2934419028955637,-0.227860931851201,,,-0.0366253336486808,-0.0924210787129325,-0.0692299895259653,-0.2701963036794269,-7.051752855460518e-05,-0.2795482968928647,3460.6000000000004,3238.6,0.8666666666666667,-0.0066790521821324,0.001134216776668,0.0001641119712598
1990-09-18,2794.6918367346943,2794.6918367346943,2789.0000000000005,2789.0000000000005,8000.0,2789.0,2948.34,2976.8,3043.0560000000005,3231.1893333333337,,False,False,False,False,False,False,False,False,False,True,False,-0.241233416995339,-0.162674793832915,,,-0.0910921477231982,-0.1585476275845583,-0.0144854786661887,-0.1918608820365723,-0.000634234989634,-0.2762798978769148,3449.2000000000003,3158.9,0.6153846153846154,-0.0082298846948593,-0.0015508325127268,-0.0005637174610794
1990-09-19,2789.0000000000005,2789.0000000000005,2789.0000000000005,2789.0000000000005,3000.0,2789.0,2908.5,2954.04,3018.012,3227.7746666666667,,False,False,False,False,False,False,False,False,False,True,False,-0.241233416995339,-0.1806023664395841,,,-0.0821125851559697,-0.1573232938926734,-0.0908210828253856,-0.1806023664395841,-0.0010579011917809,-0.2664622009180647,3415.0999999999995,3130.5000000000005,0.375,-0.008298177740844,-6.829304598474605e-05,-0.0004236662021468
1990-09-20,2760.5,2760.5,2732.041237113402,2760.5,15000.0,2760.5,2857.28,2914.2,2995.0160000000005,3222.8413333333333,,False,False,False,False,False,False,False,False,False,False,False,-0.2220612207933345,-0.1835174787176235,,,-0.084954174968303,-0.1674846344261305,-0.1381271508784641,-0.1948560043470386,-0.001530740369471,-0.2542859103699128,3363.8,3130.5000000000005,5.0,-0.0076780891988555,0.0006200885419885,-0.0004728391776901
1990-09-21,2675.1,2686.48340425532,2675.1,2675.1,19000.0,2675.1,2794.6600000000003,2888.58,2970.88,3215.328,,False,False,False,False,False,False,False,False,False,True,False,-0.171470225412134,-0.1621247803820417,,,-0.1105678292400284,-0.2019468431086688,-0.1035849127135433,-0.1457141789091995,-0.0023367237598569,-0.242901356375797,3415.0999999999995,3130.5000000000005,1.2666666666666666,-0.0081241921585524,-0.0004461029596969,-0.0008059833903858
1990-09-25,2141.288622754491,2141.288622754491,2091.2,2091.2,32000.0,2091.2,2620.96,2804.57,2925.664,3200.712,,False,False,False,False,False,False,False,False,False,True,False,0.092817521040551,0.1077850038255547,,,-0.3990359602142312,-0.5305623565416987,0.1676549349655701,0.1227524866105586,-0.0045664839573194,-0.2108451562984701,3415.0999999999995,3090.6,1.6842105263157894,-0.0154549531320069,-0.0073307609734544,-0.0022297601974625
1990-10-02,1997.24201183432,2116.2,1997.24201183432,2116.2,47000.0,2116.2,2486.4,2717.37,2880.996,3186.0493333333334,,False,False,False,False,False,False,False,False,False,True,False,0.1035346375578869,0.1094887061714395,,,-0.3614006237595692,-0.5055520902246166,0.1242793686797089,0.1419998109819487,-0.0046021467757142,-0.1737709623643447,3352.5,3130.5000000000005,1.46875,-0.0155043602976193,-4.940716561241745e-05,-3.5662818394781304e-05
1990-10-03,2160.0266272189347,2191.331360946745,2109.9390532544376,2116.2,27000.0,2116.2,2351.84,2630.17,2835.8719999999994,3171.386666666667,,False,False,False,False,False,False,False,False,False,True,False,0.0799073811549004,0.0946980436631698,,,-0.3400774974010016,-0.4986233185269197,0.0354881391172858,0.1775352046120406,-0.0046234244536562,-0.1337594147906787,3415.0999999999995,3250.0,0.574468085106383,-0.0159118606199436,-0.0004075003223242,-2.1277677942009923e-05
1990-10-04,2160.021865889213,2160.021865889213,2147.5,2147.5,7000.0,2147.5,2229.24,2543.26,2789.724,3157.5213333333336,,False,False,False,False,False,False,False,False,False,True,False,0.049545983701979,0.1078928987194411,,,-0.2990565774155994,-0.470324253007373,0.0670547147846332,0.1545052386495926,-0.0043912081248541,-0.0916029033602542,3443.5,3386.6,0.2592592592592592,-0.016542138218691,-0.0006302775987474,0.0002322163288021
1990-10-05,2160.0508474576272,2216.4,2160.0508474576272,2216.4,18000.0,2216.4,2137.4999999999995,2466.0800000000004,2750.883999999999,3144.574666666667,,False,False,False,False,False,False,False,False,False,False,False,0.0112795524273596,0.1299404439631835,,,-0.241149611983396,-0.4187757925765506,0.0169193286410395,0.1299404439631835,-0.0041171439825884,-0.0492076493868813,3375.2,3409.4,2.571428571428572,-0.0141190977154982,0.0024230405031928,0.0002740641422657
1990-10-08,2285.3,2285.3,2285.3,2285.3,10000.0,2285.3,2176.32,2398.6400000000003,2719.123999999999,3132.9266666666667,,False,False,False,False,False,False,False,False,False,False,False,0.01369623244213,0.1013433684855379,,,-0.1898324071237906,-0.3709038929972723,-0.0192097317638822,0.1013433684855379,-0.0037179293482771,-0.0075959710502617,3432.1,3415.0999999999995,0.5555555555555556,-0.0116802323101117,0.0024388654053864,0.0003992146343112
1990-10-09,2347.8217158176944,2347.8217158176944,2329.039142091153,2335.3,33000.0,2335.3,2220.1400000000003,2353.27,2696.4239999999995,3121.565333333333,,False,False,False,False,False,False,False,False,False,False,False,0.0053954524044019,0.1367704363465078,,,-0.1546370915942274,-0.336687078034228,-0.0402089667280435,0.0590074080417932,-0.0036396269563903,0.0208518359559252,3443.5,3380.9,3.3,-0.0084185573188784,0.0032616749912333,7.830239188677751e-05
1990-10-11,2366.6942465753427,2366.6942465753427,2285.3,2285.3,6000.0,2285.3,2253.96,2302.9,2678.78,3109.537333333333,,False,False,False,False,False,False,False,False,False,False,False,0.01369623244213,0.205443486631952,,,-0.1721787073907143,-0.3606692046266717,-0.0411324552575154,0.0684811622106506,-0.0038680995629359,0.0499761170697814,3471.9999999999995,3352.5,0.1818181818181818,-0.0065865804582682,0.0018319768606101,-0.0002284726065456
1990-10-12,2191.2916666666665,2253.9,2191.2916666666665,2253.9,24000.0,2253.9,2275.24,2252.24,2656.24,3097.849333333333,,False,False,False,False,False,False,False,False,False,True,False,0.0555925285061447,0.2916722126092551,,,-0.1785083632814231,-0.3744395640149665,-0.0416611207240783,0.0805714539243089,-0.003772940108557,0.0830462117713922,3528.9,3358.2,4.0,-0.0084856790049091,-0.0018990985466409,9.51594543789182e-05
1990-10-15,2228.878212290503,2285.2262569832405,2222.6173184357544,2241.4,31000.0,2241.4,2280.24,2208.87,2629.784,3085.994666666667,,False,False,False,False,False,False,False,False,False,True,False,0.1173373784241991,0.2290532702775051,,,-0.1732774159007763,-0.3768156806757682,-0.0111537431962166,0.0754439189792093,-0.003841441073996,0.1099793106882706,3591.5,3415.0999999999995,1.2916666666666667,-0.0100601418215335,-0.0015744628166243,-6.85009654390091e-05
1990-10-16,2228.944864864865,2316.6,2228.944864864865,2316.6,33000.0,2316.6,2286.5,2231.41,2609.752,3073.7013333333334,,False,False,False,False,False,False,False,False,False,False,True,0.0864629197962532,0.1891565224898559,,,-0.1265440732107399,-0.3268157357046247,-0.0486488819822152,0.0648363981697316,-0.0039995210985583,0.1040956166728661,3471.9999999999995,3483.4000000000005,1.064516129032258,-0.007675825135875,0.0023843166856584,-0.0001580800245622
1990-10-17,2347.9,2347.9,2347.9,2347.9,6000.0,2347.9,2289.02,2254.58,2589.8320000000003,3062.8879999999995,,False,False,False,False,False,False,False,False,False,True,False,0.1306699603901357,0.1706631457898546,,,-0.1030418672004771,-0.3045223391115462,-0.093360023851101,0.0346692789301077,-0.0035304370689799,0.0933078444765765,3415.0999999999995,3574.4,0.1818181818181818,-0.007691618606921,-1.5793471046033833e-05,0.0004690840295783
1990-10-18,2316.6,2316.6,2316.6,2316.6,4000.0,2316.6,2295.28,2274.62,2561.8320000000003,3052.036,,False,False,False,False,False,False,False,False,False,True,False,0.1891565224898559,0.0945782612449278,,,-0.105858585858586,-0.3174635241301908,-0.1486661486661484,0.0405335405335405,-0.0035556592386195,0.0800968953055895,3415.0999999999995,3528.9,0.6666666666666666,-0.01092967844886,-0.0032380598419389,-2.52221696395512e-05
1990-10-19,2316.5894736842106,2379.2,2285.284210526316,2379.2,21000.0,2379.2,2320.34,2297.79,2530.644,3042.0186666666664,,False,False,False,False,False,False,False,False,False,True,False,0.2236466039004709,0.0,,,-0.0636533288500336,-0.2785888814167226,-0.1842215870880967,0.0131556825823807,-0.0032929887785042,0.0662114466509123,3335.4,3511.8,5.25,-0.0123241356745557,-0.0013944572256957,0.0002626704601153
1990-10-22,2385.441,2504.4,2385.441,2504.4,68000.0,2504.4,2372.94,2326.59,2513.568,3033.6706666666664,,False,False,False,False,False,False,False,False,False,False,False,0.0999840281105255,-0.0424852260022361,,,-0.0036607570675611,-0.2113363147527017,-0.2075147739977639,-0.0450007985944738,-0.0027517818897502,0.0481692090140504,3278.5,3523.2000000000003,3.238095238095238,-0.0067935301531526,0.0055306055214031,0.0005412068887539
1990-10-23,2510.639054726368,2554.465671641791,2510.639054726368,2516.9,24000.0,2516.9,2413.0,2349.7500000000005,2496.9920000000006,3026.021333333333,,False,False,False,False,True,False,False,False,False,False,False,0.0945210377845763,-0.0298382931383844,,,0.0079097302236876,-0.2022811130093897,-0.1990146608923676,-0.0248718661845921,-0.0025278517534134,0.0351739546760292,3221.6,3460.6000000000004,0.3529411764705882,-0.0066383873076083,0.0001551428455442,0.0002239301363367
1990-10-24,2548.261556603773,2654.7,2529.478301886792,2654.7,87000.0,2654.7,2474.36,2381.6900000000005,2483.6520000000005,3019.677333333333,,False,False,False,False,False,False,False,False,False,False,False,0.0353712283873884,-0.1037782046935623,,,0.0644321392247709,-0.1374834570133473,-0.2429276377745131,-0.0377443778958073,-0.0021008867172563,0.0247093450449048,3232.9,3449.2000000000003,3.625,-0.005371122846518,0.0012672644610903,0.0004269650361571
1990-10-25,2679.669090909091,2761.0609090909093,2679.669090909091,2754.8,40000.0,2754.8,2562.0,2428.64,2474.3160000000003,3013.0746666666664,,False,False,False,False,False,False,False,False,False,False,False,-0.079533904457674,-0.2045520545956149,,,0.10181646580514,-0.0937544165335654,-0.2704370553216205,-0.0954334252940322,-0.0021913385485302,0.0069627445813295,3244.3,3415.0999999999995,0.4597701149425287,-0.0037731639774387,0.0015979588690792,-9.04518312739291e-05
1990-10-26,2754.778494623656,2911.3,2754.778494623656,2911.3,105000.0,2911.3,2668.42,2494.38,2470.1040000000003,3006.737333333333,,False,False,False,False,False,False,False,False,False,False,False,-0.1827705835880879,-0.2128945831759008,,,0.1515460447222889,-0.0327816897376886,-0.2967746367602102,-0.1139697042558307,-0.0021077109939323,-0.0138030292096634,3301.2000000000003,3363.8,2.625,-0.0017051913603637,0.0020679726170749,8.362755459795888e-05
1990-10-30,2817.409090909091,2817.409090909091,2754.8,2754.8,7000.0,2754.8,2718.5,2545.72,2460.768,2998.009333333333,,False,False,False,False,False,False,False,False,False,True,False,-0.1295193843473211,-0.1818280818934224,,,0.1067344271816466,-0.0882856589710079,-0.2295266444024975,-0.0568099317554813,-0.002911265119477,-0.0263147557469005,3187.4,3415.0999999999995,0.0666666666666666,-0.0037939375024383,-0.0020887461420745,-0.0008035541255447
1990-11-01,2754.8,2754.8,2754.8,2754.8,1000.0,2754.8,2766.0799999999995,2589.54,2452.572000000001,2989.205333333333,,False,False,False,False,False,False,False,False,False,False,False,-0.1136198635109626,-0.1863656163786845,,,0.1097095977929429,-0.0850897826823481,-0.2249891099172354,-0.0568099317554813,-0.0029452643824178,-0.0377132618148396,3079.3,3415.0999999999995,0.1428571428571428,-0.0033417979166356,0.0004521395858026,-3.3999262940751906e-05
1990-11-02,2748.6,2748.6,2748.6,2748.6,1000.0,2748.6,2784.86,2629.61,2450.956,2980.7746666666662,,False,False,False,False,False,False,False,False,False,False,False,-0.1343956923524704,-0.1845303063377719,,,0.1082893109219238,-0.0844701545028983,-0.2027577675907733,-0.0341628465400567,-0.0028283475302393,-0.0438049748822068,2902.8,3352.5,1.0,-0.0006593345616979,0.0026824633549377,0.0001169168521784
1990-11-07,2529.4390123456787,2535.7,2529.4390123456787,2535.7,9000.0,2535.7,2741.04,2651.5199999999995,2440.824,2969.884,,False,False,False,False,False,False,False,False,False,True,False,-0.1358204834956815,-0.1358204834956815,,,0.0374160981188625,-0.1712284576251134,-0.074062389083882,0.0246874630279608,-0.0036670343577951,-0.0446234612599564,2726.4,3415.0999999999995,9.0,-0.0041510571839674,-0.0034917226222694,-0.0008386868275558
1990-11-09,2379.2,2391.722105263158,2379.2,2379.2,38000.0,2379.2,2634.6200000000003,2651.5199999999995,2425.572,2956.8306666666667,3052.9280000000003,False,False,False,False,False,True,False,False,False,True,False,-0.0368611297915264,-0.0921318090114323,,,-0.019490585070612,-0.2427835687065681,0.023663416274378,0.0920897780766645,-0.0044146367529557,-0.037540731354091,2817.4,3443.5,4.222222222222222,-0.0062880013456619,-0.0021369441616945,-0.0007476023951605
1990-11-13,2385.477806788512,2410.522193211488,2347.911227154047,2398.0,47000.0,2398.0,2563.26,2640.88,2414.4880000000003,2943.2693333333336,3051.2290000000003,False,False,False,False,False,False,False,False,False,False,False,-0.060091743119266,-0.0757297748123435,,,-0.0068757297748124,-0.2273850430914652,0.0443703085904921,0.0835279399499583,-0.004607574706041,-0.0258398715579656,2902.8,3375.2,1.236842105263158,-0.0045906212828557,0.0016973800628061,-0.0001929379530853
1990-11-14,2429.277948717949,2441.8,2397.972820512821,2441.8,3000.0,2441.8,2500.66,2633.37,2428.512,2929.3813333333333,3049.5500000000006,False,False,False,False,False,False,True,False,True,False,False,-0.0820706036530428,-0.097428126791711,,,0.0054418871324432,-0.1996811095639827,0.0128184126464082,0.0640920632320419,-0.0047409327839872,-0.0175934259143226,2817.4,3432.1,0.0638297872340425,0.0057747295463229,0.0103653508291787,-0.0001333580779461
1990-11-15,2385.4610526315787,2435.5494736842106,2379.2,2379.2,19000.0,2379.2,2426.78,2605.82,2439.032,2913.445333333333,3046.9605000000006,False,False,False,False,False,False,True,False,False,True,False,-0.057918628110289,-0.105287491593813,,,-0.0251479488903834,-0.22454830755436,0.0210574983187627,0.0789340954942838,-0.00546981260217,-0.0067272490041523,2845.9,3443.5,6.333333333333333,0.0043131865428579,-0.0014615430034649,-0.0007288798181827
1990-11-16,2191.3,2191.3,2191.3,2191.3,30000.0,2191.3,2357.9,2549.4700000000003,2442.0360000000005,2895.610666666666,3041.781000000001,False,False,False,False,False,False,True,False,False,True,False,0.0,-0.0999863094966456,,,-0.1144234016337335,-0.3214122514793345,0.0943275681102541,0.168575731301054,-0.0061592074072574,0.0179252942768496,3016.6,3471.9999999999995,1.5789473684210529,0.001230121095676,-0.0030830654471819,-0.0006893948050874
1990-11-19,2191.325136612022,2291.5,2191.325136612022,2291.5,6000.0,2291.5,2340.36,2487.49,2447.7960000000003,2879.34,3037.3015000000014,False,False,False,False,False,False,True,False,False,False,False,-0.0573859917084878,-0.153000218197687,,,-0.0682068514073752,-0.2565306567750382,0.0082042330351299,0.1174776347370717,-0.0056508320193745,0.0425328343028515,3158.9,3528.9,0.2,0.002353137271243,0.001123016175567,0.0005083753878829
1990-11-20,2228.8566666666666,2253.9,2197.5525,2253.9,16000.0,2253.9,2311.54,2437.4,2449.2960000000003,2862.416,3032.5485000000017,False,False,False,False,False,False,True,False,False,True,False,-0.0166378277652069,-0.1194374195838324,,,-0.0866923998402769,-0.2699835840099381,0.0278184480234259,0.133368827365899,-0.0059124879123091,0.0621604988922623,2931.3,3591.5,2.6666666666666665,0.0006124208752229,-0.0017407163960201,-0.0002616558929346
1990-11-21,2253.921787709497,2253.921787709497,2197.57374301676,2241.4,10000.0,2241.4,2271.46,2386.0600000000004,2447.5400000000004,2846.1599999999994,3028.644000000002,False,False,False,False,False,False,False,False,False,True,False,-0.0167306147943249,-0.1005621486570893,,,-0.0919693048987241,-0.2698135094137589,0.0195859730525564,0.1313018649058623,-0.005711555218259,0.0823910547094373,2931.3,3471.9999999999995,0.625,-0.0007174550773429,-0.0013298759525658,0.00020093269405
1990-11-22,2191.3128491620114,2241.4,2191.3128491620114,2241.4,37000.0,2241.4,2243.9,2335.3400000000006,2443.784,2830.055999999999,3024.739500000002,False,False,False,False,False,False,False,False,False,True,False,-0.0502810743285447,-0.1033282769697511,,,-0.0902935665209244,-0.2626287141964839,-0.0223521013652181,0.1452663513875256,-0.0056903467634563,0.1021435850882524,2988.2,3415.0999999999995,3.7,-0.0015369607133855,-0.0008195056360426,2.1208454802731057e-05
1990-11-26,2241.386857142857,2241.386857142857,2191.3,2191.3,12000.0,2191.3,2243.9,2300.9,2440.024,2813.7386666666653,3020.299500000002,False,False,False,False,False,False,False,False,False,True,False,-0.0999863094966456,-0.0828275452927486,,,-0.11350522520878,-0.2840499551255716,0.0142837584995207,0.1714507370054304,-0.0057991644805679,0.1172801947064193,2988.2,3415.0999999999995,0.3243243243243243,-0.0015409684494907,-4.007736105151325e-06,-0.0001088177171115
1990-11-27,2191.304347826087,2191.304347826087,2160.0,2160.0,4000.0,2160.0,2217.6,2278.98,2436.268,2797.6879999999987,3015.646500000002,False,False,False,False,False,False,False,False,False,True,False,-0.1014351851851851,-0.0521759259259259,,,-0.1279018518518518,-0.2952259259259253,0.0289814814814814,0.2116203703703703,-0.005737118172815,0.1288515037429025,3016.6,3335.4,0.3333333333333333,-0.0015417023086129,-7.338591222010547e-07,6.204630775288877e-05
1990-11-28,2160.0508474576272,2235.1830508474577,2160.0508474576272,2216.4,27000.0,2216.4,2210.1,2260.82,2435.268,2781.7053333333315,3011.2185000000027,False,False,False,False,False,False,False,False,False,False,False,-0.1045388918967695,-0.042365998917163,,,-0.0987493232268543,-0.2550556457919741,0.0056397762136798,0.2005504421584551,-0.005745636130163,0.1406878920037862,2988.2,3278.5,6.75,-0.0004106324232076,0.0011310698854053,-8.517957348014651e-06
1990-11-29,2203.9,2203.9,2203.9,2203.9,3000.0,2203.9,2202.6,2237.03,2430.76,2765.555999999998,3006.841500000003,False,False,False,False,False,False,False,False,False,True,False,-0.0852579518126957,-0.0312627614683062,,,-0.1029357048867916,-0.2548464086392296,-0.0028585689005854,-0.0341213303688916,-0.00583945265738,0.1318265736266387,2959.7,3221.6,0.1111111111111111,-0.0018545640046733,-0.0014439315814657,-9.381652721698884e-05
1990-11-30,2128.7,2128.7,2128.7,2128.7,1000.0,2128.7,2180.06,2211.9800000000005,2421.992,2749.2386666666653,3001.975000000003,False,False,False,False,False,False,False,False,False,True,False,-0.0558556865692675,0.0294076196739795,,,-0.1377798656456994,-0.2915106246378848,0.0323671724526706,0.0176633626156811,-0.0059352189139391,0.126529172958164,2789.0000000000005,3232.9,0.3333333333333333,-0.0036201605950804,-0.001765596590407,-9.576625655915648e-05
1990-12-04,2003.504761904762,2003.504761904762,1972.2000000000005,1972.2000000000005,11000.0,1972.2,2136.24,2190.07,2408.216,2729.999999999999,2995.1590000000024,False,False,False,False,False,False,False,False,False,True,False,0.0190650035493354,0.1904979211033361,,,-0.2210810262650843,-0.3842409491937929,0.095223608153331,0.107950512118446,-0.0070471306471304,0.1206491116722296,2789.0000000000005,3244.3,11.0,-0.0057204171054424,-0.002100256510362,-0.0011119117331912
1990-12-05,1972.2048387096768,1972.2048387096768,1940.9,1940.9,8000.0,1940.9,2092.42,2155.01,2390.684,2709.965333333333,2987.930500000002,False,False,False,False,False,False,False,False,False,True,False,0.0548199288989643,0.2548302333968776,,,-0.2317399144726673,-0.3962416061277412,0.1128857746406305,0.1128857746406305,-0.0073929605003554,0.1202871448392349,2760.5,3301.2000000000003,0.7272727272727273,-0.007333466070798,-0.0016130489653555,-0.000345829853225
1990-12-06,1940.8738170347003,1984.7,1940.8738170347003,1984.7,8000.0,1984.7,2046.0800000000004,2128.09,2369.896,2691.4253333333327,2981.205500000002,False,False,False,False,False,False,False,False,False,True,False,0.0694311482843754,0.2618531768025394,,,-0.1940827329067366,-0.3560867301523316,0.0820275104549805,0.0662568650173828,-0.0068885433195497,0.1138626655827525,2675.1,3187.4,1.0,-0.0087716929350486,-0.0014382268642506,0.0005044171808056
1990-12-07,2034.782608695652,2034.782608695652,2016.0,2016.0,23000.0,2016.0,2008.5,2105.55,2349.86,2672.544,2974.9215000000013,False,False,False,False,False,False,False,False,False,False,False,0.0590277777777777,0.226736111111111,,,-0.1656051587301588,-0.3256666666666666,0.0341765873015873,0.043501984126984,-0.0070649288967114,0.1052694070432901,2091.2,3079.3,2.875,-0.0085264654064497,0.0002452275285988,-0.0001763855771616
1990-12-10,2078.671651090343,2078.671651090343,2003.538940809969,2009.8,56000.0,2009.8,1984.72,2082.39,2324.0640000000003,2653.4279999999994,2968.322000000002,False,False,False,False,False,False,False,False,False,True,False,0.0903074932829138,0.2087272365409494,,,-0.1563658075430392,-0.3202448004776592,0.0435864265101005,0.0591601154343715,-0.0072042655764544,0.0965141015851978,2116.2,2902.8,2.4347826086956523,-0.0110995222162555,-0.0025730568098058,-0.000139336679743
1990-12-11,2009.8,2009.8,2009.8,2009.8,20000.0,2009.8,1992.24,2064.24,2294.264,2633.932,2961.0110000000022,False,False,False,False,False,False,False,False,False,True,False,0.1682256940989153,0.1931535476166783,,,-0.1415384615384616,-0.3105443327694297,0.0747338043586426,0.0591601154343715,-0.0074018615514749,0.0849222958570709,2116.2,2726.4,0.3571428571428571,-0.0129889149635788,-0.0018893927473232,-0.0001975959750205
1990-12-12,2047.3,2047.3,2041.0391437308867,2047.3,21000.0,2047.3,2013.52,2052.9700000000003,2259.7040000000006,2614.1773333333326,2953.9445000000023,False,False,False,False,False,False,False,False,False,True,False,0.1896155912665462,0.1284618766179847,,,-0.1037483514873251,-0.2768902131262309,0.0550481121477067,0.0489425096468519,-0.0075567431538693,0.0680039162773933,2147.5,2817.4,1.05,-0.0152940385112384,-0.0023051235476595,-0.0001548816023943
1990-12-13,2066.1504424778764,2122.5,2066.1504424778764,2122.5,27000.0,2122.5,2041.0800000000004,2043.58,2234.4120000000003,2594.5906666666656,2947.3395000000023,False,False,False,False,False,False,False,False,False,False,False,0.1799293286219081,0.0914487632508833,,,-0.0527265017667845,-0.2224219866509614,0.0176678445229682,0.0383510011778563,-0.0075490392061845,0.0505485471574394,2216.4,2902.8,1.2857142857142858,-0.011319309062071,0.0039747294491673,7.703947684873681e-06
1990-12-14,2109.9560117302053,2135.0,2109.9560117302053,2135.0,3000.0,2135.0,2064.88,2036.69,2209.6200000000003,2576.763999999999,2941.081500000002,False,False,False,False,False,False,False,False,False,False,False,0.1583606557377049,0.0703981264637003,,,-0.0349508196721313,-0.2069152224824352,0.0117096018735363,0.0058548009367681,-0.0069182380173994,0.0550255561720242,2285.3,2817.4,0.1111111111111111,-0.0112200287832296,9.928027884142412e-05,0.000630801188785
1990-12-17,2134.952285714286,2191.3,2134.952285714286,2191.3,12000.0,2191.3,2101.1800000000003,2042.95,2187.3280000000004,2560.446666666666,2934.962500000002,False,False,False,False,True,False,False,False,False,False,True,0.108611326609775,0.0,,,0.0018126226440924,-0.1684601226060628,0.0285675169990416,-0.0285675169990418,-0.0063728464044034,0.0499522748965958,2335.3,2845.9,4.0,-0.010191429909003,0.0010285988742265,0.000545391612996
1990-12-18,2160.068,2347.9,2160.068,2347.9,47000.0,2347.9,2168.8,2080.52,2179.8160000000007,2546.2173333333326,2929.370500000002,False,False,False,False,False,False,False,False,False,False,False,0.0213382171302014,-0.0533668384513821,,,0.0715890796030492,-0.0844658347175486,-0.0266621235998125,-0.1120149921206184,-0.0055884205747296,0.0261761482706246,2285.3,3016.6,3.9166666666666665,-0.0034461624283883,0.0067452674806147,0.0007844258296737
1990-12-19,2347.8470437017995,2491.848329048843,2347.8470437017995,2435.5,124000.0,2435.5,2246.44,2129.9800000000005,2182.0680000000007,2534.2186666666657,2923.8180000000016,False,False,False,False,False,False,True,False,True,False,False,-0.051406282077602,-0.0874153151303634,,,0.1040574830630258,-0.0405332238417843,-0.0874153151303634,-0.1285157051940053,-0.0047346611499981,0.0005868599705159,2253.9,3158.9,2.6382978723404253,0.0010320484971137,0.004478210925502,0.0008537594247314
1990-12-20,2435.529,2535.705,2435.529,2504.4,234000.0,2504.4,2322.82,2181.9500000000003,2186.324000000001,2523.897333333332,2918.382500000001,False,False,False,False,False,False,True,False,False,False,False,-0.0749880210828941,-0.1100063887557898,,,0.1270068679124736,-0.0077852313261986,-0.0874860245967097,-0.1625139754032902,-0.0040894426239209,-0.0241068768761888,2241.4,2931.3,1.8870967741935485,0.0019466465171677,0.000914598020054,0.0006452185260772
1990-12-21,2441.794936708861,2473.1,2397.9678481012656,2473.1,50000.0,2473.1,2390.44,2227.66,2187.5760000000005,2513.917333333332,2913.246000000001,False,False,False,False,False,False,True,False,False,True,False,-0.0759370830132221,-0.1113986494682786,,,0.1154518620355017,-0.0165045219899446,-0.0506247220088147,-0.1670777566616796,-0.0039698998322936,-0.0460976989307163,2316.6,2931.3,0.2136752136752136,0.0005723229730073,-0.0013743235441604,0.0001195427916273
1990-12-25,2429.3,2429.3,2429.3,2429.3,4000.0,2429.3,2438.04,2269.61,2189.5800000000004,2503.202666666665,2908.317000000002,False,False,False,False,False,False,True,False,False,False,False,-0.0979706088173547,-0.0953772691721896,,,0.0986786317046061,-0.0304213833889042,-0.0051866792903306,-0.1417692339357016,-0.0042803832104152,-0.0656588576892065,2347.9,2988.2,0.08,0.0009152440194009,0.0003429210463936,-0.0003104833781216
1990-12-27,2398.0,2398.0,2398.0,2398.0,4000.0,2398.0,2448.06,2308.43,2197.8480000000004,2491.9186666666656,2902.947000000002,False,False,False,False,False,False,True,False,True,False,False,-0.0731442869057548,-0.0992493744787322,,,0.0834662218515427,-0.0391654156241307,0.0391576313594662,-0.0914095079232693,-0.0045282376792392,-0.0792010154087409,2316.6,2988.2,1.0,0.0037618616028042,0.0028466175834032,-0.0002478544688239
1991-01-09,2272.734146341463,2310.3,2272.734146341463,2310.3,5000.0,2310.3,2423.0199999999995,2334.73,2198.6000000000004,2478.706666666665,2897.1385000000023,False,False,False,False,False,False,True,False,False,True,False,-0.0379604380383501,-0.0650564861706272,,,0.0483486993031207,-0.0728938521692701,0.0731506730727611,-0.0596026490066226,-0.0053301990823173,-0.0884984559242395,2379.2,3016.6,1.25,0.0003420358409896,-0.0034198257618145,-0.000801961403078
1991-01-10,2253.9891891891893,2316.6,2253.9891891891893,2316.6,14000.0,2316.6,2385.46,2354.14,2201.1080000000006,2467.095999999998,2891.504000000002,False,False,False,False,False,False,True,False,True,False,False,-0.0378572045238711,-0.0729949063282396,,,0.0498540965207628,-0.0649641716308375,0.0810670810670811,-0.0540878874212206,-0.0047062078924642,-0.0965490582548193,2504.4,2988.2,2.8,0.0011394261435605,0.0007973903025708,0.000623991189853
1991-01-11,2222.6890410958904,2285.3,2222.6890410958904,2285.3,10000.0,2285.3,2347.9,2369.17,2202.8640000000005,2456.509333333332,2885.8550000000023,False,False,False,False,False,False,True,False,False,True,False,-0.0383757055966395,-0.0876908939745329,,,0.0360722881022183,-0.0749176621595991,0.1013433684855379,-0.0027567496608761,-0.0043096382834827,-0.0967300784662985,2516.9,2959.7,0.7142857142857143,0.0007971440815228,-0.0003422820620376,0.0003965696089814
1991-01-14,2191.3,2191.3,2191.3,2191.3,3000.0,2191.3,2300.3,2369.17,2200.86,2447.0226666666654,2880.0205000000024,False,False,False,False,False,False,False,False,False,True,False,0.0028750057043762,-0.0428512754985625,,,-0.0043627070688632,-0.1166990675246042,0.1285994615068679,0.0799981745995526,-0.0038768201030149,-0.0866885871423325,2654.7,2789.0000000000005,0.3,-0.0009105531474061,-0.001707697228929,0.0004328181804678
1991-01-16,2191.295774647888,2222.6,2191.295774647888,2222.6,2000.0,2222.6,2265.2200000000003,2356.6399999999994,2202.1120000000005,2440.305333333332,2874.428000000002,False,False,False,False,False,False,True,False,False,False,False,-0.0281652119139745,-0.0281652119139745,,,0.0092180329344008,-0.097950748372776,0.0986232340502115,0.090164672005759,-0.0027526610058086,-0.0674859121461061,2754.8,2789.0000000000005,0.6666666666666666,0.0005685451057895,0.0014790982531957,0.0011241590972063
1991-01-17,2191.295774647888,2272.68676056338,2191.295774647888,2222.6,26000.0,2222.6,2247.68,2335.3499999999995,2204.6160000000004,2432.3746666666657,2870.031000000002,False,False,False,False,False,False,True,False,True,False,False,-0.0281652119139745,-0.0281652119139745,,,0.0080914244578419,-0.0943825549656554,0.0957887159182939,0.0704580221362368,-0.0032604626151342,-0.0479928062174832,2911.3,2760.5,13.0,0.0011357987059877,0.0005672536001982,-0.0005078016093255
1991-01-18,2253.94382022472,2285.248595505618,2228.9,2228.9,8000.0,2228.9,2230.1400000000003,2307.8,2205.1160000000004,2423.389333333332,2866.377000000002,False,False,False,False,False,False,True,False,False,True,False,-0.0365202566288304,-0.0309121091121181,,,0.0106707344429986,-0.0872579897408282,0.0814751671227959,0.0561712055273901,-0.0037077547588997,-0.0255048097755438,2754.8,2675.1,0.3076923076923077,0.0002267454410561,-0.0009090532649315,-0.0004472921437655
1991-01-21,2197.6,2197.6,2197.6,2197.6,1000.0,2197.6,2212.6,2280.25,2204.864,2415.125333333332,2862.5095000000024,False,False,False,False,False,False,False,False,False,True,False,-0.051283218056061,-0.0171095740808153,,,-0.0033054240990171,-0.0989831331149126,0.122497269748817,0.0655260283946123,-0.0034217685873031,-0.0013770419910097,2754.8,2091.2,0.125,-0.0001142927636354,-0.0003410382046916,0.0002859861715965
1991-01-22,2197.6,2197.6,2197.6,2197.6,8000.0,2197.6,2213.86,2257.08,2207.62,2406.481333333332,2857.3045000000025,False,False,False,False,False,False,True,False,True,False,False,-0.0455951947579176,0.025618856934838,,,-0.0045595194757917,-0.0950497512437804,0.1054331998543867,0.0171095740808153,-0.0035919663619526,0.0155333439665408,2748.6,2116.2,8.0,0.0012484032578069,0.0013626960214424,-0.0001701977746494
1991-01-23,2197.5652173913045,2197.5652173913045,2160.0,2160.0,9000.0,2160.0,2201.34,2233.28,2215.132,2395.0599999999986,2851.6550000000025,False,False,False,False,False,False,True,False,False,False,False,0.0,0.0580092592592593,,,-0.0255240740740741,-0.1088240740740734,0.1159722222222222,0.0493055555555555,-0.0047687044722609,0.0302828127238859,2535.7,2116.2,1.125,0.003391220026617,0.00214281676881,-0.0011767381103082
1991-01-24,2160.0,2160.0,2160.0,2160.0,10000.0,2160.0,2188.82,2218.25,2223.896,2381.741333333332,2845.408000000002,False,False,False,False,False,False,True,False,False,False,False,0.0,0.0289814814814814,,,-0.0295814814814815,-0.1026580246913574,0.1159722222222222,0.0608796296296296,-0.0055919870391746,0.042623689845599,2379.2,2147.5,1.1111111111111112,0.0039408317655142,0.0005496117388972,-0.0008232825669137
1991-01-25,2160.021865889213,2160.021865889213,2147.5,2147.5,20000.0,2147.5,2172.54,2201.34,2230.4080000000004,2371.2906666666663,2839.070000000001,False,False,False,False,False,False,True,False,False,True,False,0.0058207217694994,0.0641676367869616,,,-0.0386067520372527,-0.1042098564221961,0.1137136204889405,0.0641676367869616,-0.0044071639186081,0.0549029227652246,2398.0,2216.4,2.0,0.0029196451949599,-0.0010211865705543,0.0011848231205664
1991-01-28,2084.9,2084.9,2084.9,2084.9,5000.0,2084.9,2150.0,2181.3,2233.164,2360.005333333333,2832.362000000001,False,False,False,False,False,False,True,False,False,True,False,0.0360209122739699,0.1261451388555806,,,-0.0711132428413833,-0.1319513325978862,0.1771787615712984,0.0690680608182646,-0.0047819100973782,0.0622977123733552,2441.8,2285.3,0.25,0.0012341234230893,-0.0016855217718705,-0.00037474617877
1991-01-29,2078.617313432836,2097.4,2072.356417910448,2097.4,27000.0,2097.4,2129.96,2171.9100000000008,2236.668,2348.1279999999992,2825.830500000002,False,False,False,False,False,False,True,False,False,False,False,0.0746161914751597,0.1522361018403736,,,-0.0664003051396967,-0.1195422904548484,0.2179364928006102,0.0447697148850958,-0.0050582137487112,0.0588191960072006,2379.2,2335.3,5.4,0.0015666160556684,0.0003324926325791,-0.0002763036513329
1991-01-30,2128.695652173913,2160.0,2128.695652173913,2160.0,13000.0,2160.0,2129.96,2165.6500000000005,2242.676,2337.085333333333,2819.413000000001,False,False,False,False,False,False,True,False,False,False,False,0.0580092592592593,0.1536574074074074,,,-0.0382759259259258,-0.0819839506172838,0.1536574074074074,0.0144907407407408,-0.0047249736709084,0.0511809387481814,2191.3,2285.3,0.4814814814814814,0.0026789424776471,0.0011123264219786,0.0003332400778027
1991-01-31,2191.304347826087,2191.304347826087,2160.0,2160.0,11000.0,2160.0,2129.96,2159.3900000000003,2247.184,2325.664,2812.654000000001,False,False,False,False,False,False,True,False,False,True,False,0.0289814814814814,0.1478240740740741,,,-0.040362962962963,-0.0766962962962961,0.1942129629629629,-0.0144907407407408,-0.0049109988946525,0.0426277791413314,2291.5,2253.9,0.8461538461538461,0.0020060662589268,-0.0006728762187203,-0.0001860252237441
1991-02-01,2166.260869565217,2166.260869565217,2160.0,2160.0,10000.0,2160.0,2132.46,2152.5,2248.684,2314.621333333332,2806.094000000001,False,False,False,False,False,False,True,False,False,True,False,0.0580092592592593,0.1594444444444445,,,-0.0410574074074075,-0.0715839506172834,0.2029166666666667,-0.0144907407407408,-0.004770830765119,0.0354936120789779,2253.9,2241.4,0.9090909090909092,0.0006670568207894,-0.0013390094381374,0.0001401681295334
1991-02-04,2160.0,2160.0,2160.0,2160.0,1000.0,2160.0,2147.48,2148.74,2249.684,2303.958666666666,2799.534000000001,False,False,False,False,False,False,True,False,False,True,False,0.0869907407407407,0.1652314814814815,,,-0.0415203703703704,-0.0666475308641972,0.2029166666666667,-0.0144907407407408,-0.0046279765435604,0.0273974515297338,2241.4,2316.6,0.1,0.0004445068729652,-0.0002225499478241,0.0001428542215586
1991-02-05,2166.248333333333,2272.6825,2166.248333333333,2253.9,33000.0,2253.9,2178.78,2154.37,2252.188,2296.824,2793.4435000000003,False,False,False,True,True,False,True,False,True,False,True,0.0722303562713517,0.097253649230223,,,0.0007595722969075,-0.0190443231731665,0.177825103154532,-0.0555481609654378,-0.0031063184060537,0.0197691204389218,2241.4,2347.9,33.0,0.0011118077176505,0.0006673008446852,0.0015216581375067
1991-02-06,2285.3,2285.3,2285.3,2285.3,6000.0,2285.3,2203.84,2166.9,2249.684,2290.108,2788.0790000000006,False,False,False,False,False,False,False,False,False,True,False,0.0904038857042838,0.0684811622106506,,,0.0155848247494858,-0.0021038813284905,0.1369623244213013,-0.0685249201417758,-0.002932612785074,0.0075130370575477,2191.3,2316.6,0.1818181818181818,-0.0011130452099049,-0.0022248529275555,0.0001737056209796
1991-02-07,2253.9042253521125,2253.9042253521125,2222.6,2222.6,10000.0,2222.6,2216.36,2173.16,2241.168,2282.9359999999992,2782.9705000000004,False,False,False,False,False,False,False,False,False,True,False,0.1154953657878162,0.0957887159182939,,,-0.0083541797894358,-0.027146585080536,0.1690362638351481,-0.0422478178709619,-0.003141568576605,-0.0028805978390911,2160.0,2379.2,1.6666666666666667,-0.0037998043877121,-0.0026867591778071,-0.000208955791531
1991-02-08,2253.9945205479453,2285.3,2253.9945205479453,2285.3,68000.0,2285.3,2241.42,2186.94,2232.4040000000005,2277.738666666666,2778.3745000000013,False,False,False,False,False,False,False,False,False,True,False,0.0958736270949109,0.0547849297685204,,,0.0231461952478885,0.0033086830321332,0.1369623244213013,-0.0657681704808997,-0.0022817952776553,-0.016036105242942,2216.4,2504.4,6.8,-0.0039258127113191,-0.0001260083236069,0.0008597732989496
1991-02-12,2347.9,2347.9,2347.9,2347.9,26000.0,2347.9,2279.0000000000005,2213.24,2227.396,2281.1613333333325,2774.234000000001,False,False,False,False,False,False,False,True,False,False,False,0.0719792154691426,0.0506409983389412,,,0.0513241620171216,0.0284248335391914,0.1066484943992504,-0.0613314025299203,0.0015004053490881,-0.028858144620556,2203.9,2516.9,0.3823529411764705,-0.0022483653557787,0.0016774473555403,0.0037822006267435
1991-02-13,2379.134715025906,2416.7,2379.134715025906,2416.7,8000.0,2416.7,2311.56,2245.1700000000005,2226.8920000000003,2285.168,2770.4375000000005,False,False,False,False,False,False,False,True,False,False,False,0.0233376091364257,0.0052137211900527,,,0.0785401580667851,0.054426283775396,0.0621922456241983,-0.0932676790664955,0.0017533357139026,-0.0426693747021386,2128.7,2654.7,0.3076923076923077,-0.0002263244019018,0.0020220409538769,0.0002529303648145
1991-02-14,2466.855778894472,2504.422110552764,2466.855778894472,2491.9,93000.0,2491.9,2352.88,2278.3600000000006,2230.6480000000006,2290.177333333333,2768.2405000000017,False,False,False,False,False,False,True,True,True,False,False,-0.0201051406557245,-0.0326658373128938,,,0.1048404831654558,0.0809513490375484,0.0276094546330108,-0.0829086239415706,0.0021873124235501,-0.0524895099984201,1972.2000000000005,2754.8,11.625,0.001683815644602,0.0019101400465038,0.0004339767096474
1991-02-15,2504.343434343434,2504.343434343434,2479.3,2479.3,10000.0,2479.3,2404.2200000000003,2310.29,2237.4080000000004,2294.601333333333,2765.554000000001,False,False,False,False,False,False,True,True,False,False,False,-0.0176662767716694,-0.0277497680796999,,,0.0975646351792844,0.0744962959975263,0.0328318476989471,-0.0807889323599403,0.0019280037607113,-0.059079163221933,1940.9,2911.3,0.1075268817204301,0.0030213532802241,0.001337537635622,-0.0002593086628387
1991-02-18,2535.705,2535.705,2504.4,2504.4,31000.0,2504.4,2448.04,2344.73,2244.9200000000005,2298.441333333333,2762.139000000002,False,False,False,False,False,False,True,True,False,False,False,-0.037494010541447,-0.0450007985944738,,,0.1036096470212424,0.0822387265080126,0.0200047915668423,-0.1024996007027632,0.0016706974175543,-0.0678244403406789,1984.7,2754.8,3.1,0.0033462216916416,0.0003248684114174,-0.000257306343157
1991-02-19,2516.9,2516.9,2516.9,2516.9,1000.0,2516.9,2481.84,2380.4200000000005,2254.1840000000007,2301.5293333333325,2759.071000000002,False,False,False,False,False,False,True,True,False,False,False,-0.0199054392307997,-0.0248718661845921,,,0.1043807858874009,0.0855698147191654,0.0074695061385036,-0.1119233978306648,0.001341716551371,-0.0773266902479396,2016.0,2754.8,0.032258064516129,0.0041096911343528,0.0007634694427112,-0.0003289808661832
1991-02-20,2504.4050632911394,2504.4050632911394,2473.1,2473.1,24000.0,2473.1,2493.12,2402.34,2265.4560000000006,2303.3666666666663,2756.296500000002,False,False,False,False,False,False,True,True,False,False,False,-0.0177105656867897,0.032914156322025,,,0.0839610205814562,0.0686318116264338,0.0379685415066111,-0.0886336985969026,0.0007976729714478,-0.0805339793701142,2009.8,2748.6,24.0,0.0049755987315577,0.0008659075972048,-0.0005440435799232
1991-02-21,2441.8,2441.8,2441.8,2441.8,10000.0,2441.8,2483.1,2417.99,2274.2240000000006,2305.453333333333,2753.7920000000017,False,False,False,False,False,False,True,True,False,True,False,-0.0128184126464084,0.0205176509132606,,,0.0686280612662788,0.0558385890190299,0.0512736505856334,-0.0564337783602261,0.0009051003707151,-0.0792352325691997,2009.8,2535.7,0.4166666666666667,0.0038553810002884,-0.0011202177312693,0.0001074273992673
1991-02-22,2435.5,2435.5,2429.2390745501284,2435.5,10000.0,2435.5,2474.34,2439.28,2282.74,2307.874666666666,2751.7400000000016,False,False,False,False,False,False,True,True,False,True,False,-0.0102648326832272,0.059125436255389,,,0.0627222336275919,0.0524021077123111,0.0745637446109628,-0.0719770067747896,0.0010491615373682,-0.0818807189006592,2047.3,2379.2,1.0,0.0037306044490389,-0.0001247765512495,0.000144061166653
1991-02-25,2466.8493506493505,2466.8493506493505,2410.5,2410.5,2000.0,2410.5,2455.56,2451.8,2290.0040000000004,2310.1293333333333,2750.1320000000014,False,False,False,False,False,False,True,True,False,True,False,-0.007799211781788,0.077909147479776,,,0.0499879693009747,0.0416389407453502,0.103878863306368,-0.064965774735532,0.0009759915317874,-0.0817195529814828,2122.5,2398.0,0.2,0.0031720468610537,-0.0005585575879851,-7.317000558077576e-05
1991-02-26,2410.4517766497465,2473.060913705584,2410.4517766497465,2466.8,18000.0,2466.8,2445.54,2463.69,2300.7720000000004,2312.132,2748.948000000001,False,False,False,False,False,False,True,True,False,False,False,-0.0050672936598021,0.0533079293011188,,,0.0673050105399707,0.0626998540619426,-0.1370601589103293,-0.0913734392735528,0.0008661558538469,-0.0846291538302302,2135.0,2441.8,9.0,0.0046801682217968,0.001508121360743,-0.0001098356779405
1991-02-27,2441.822164948454,2441.822164948454,2429.3,2429.3,8000.0,2429.3,2436.78,2464.95,2310.0400000000004,2313.2173333333326,2748.544000000002,False,False,False,False,False,False,True,True,False,True,False,0.0515374799324907,0.092783929527024,,,0.049092331124192,0.047784409775107,-0.1082616391553122,-0.0773473840200881,0.0004691877921252,-0.0830645652041621,2191.3,2379.2,0.4444444444444444,0.0040120517393638,-0.000668116482433,-0.0003969680617216
1991-02-28,2410.5,2485.632467532467,2410.5,2410.5,27000.0,2410.5,2430.52,2456.81,2320.0600000000004,2314.4693333333325,2747.5055000000016,True,True,False,False,False,False,True,True,False,False,False,0.03376892760838,0.077909147479776,,,0.0375191868906864,0.0398384844084909,-0.093507571043352,-0.077950632648828,0.0005409447349197,-0.0825786283839613,2347.9,2191.3,3.375,0.0043188538227459,0.0003068020833821,7.175694279452563e-05
1991-03-01,2410.5,2410.5,2404.238961038961,2410.5,22000.0,2410.5,2425.52,2449.93,2330.0800000000004,2314.8866666666663,2745.983000000002,False,False,False,False,False,False,True,True,False,True,False,0.0701099356979879,0.077909147479776,,,0.0333623729516696,0.0396653529696468,-0.10392034847542,-0.114291640738436,0.0001802824040343,-0.085880004734829,2435.5,2291.5,0.8148148148148148,0.0043002815353979,-1.857228734803741e-05,-0.0003606623308854
1991-03-04,2410.4829842931936,2423.0049738219896,2391.7,2391.7,35000.0,2391.7,2421.76,2438.66,2339.848,2313.384,2744.252500000002,False,False,False,False,False,False,True,False,False,True,False,0.0863820713300164,0.0863820713300164,,,0.0216799765856921,0.0327449094786134,-0.1151900321946732,-0.1073295145712254,-0.0006495534968108,-0.0862768897673311,2504.4,2253.9,1.5909090909090908,0.0041746301469153,-0.0001256513884825,-0.0008298359008452
1991-03-05,2416.734183673469,2473.082908163265,2410.473214285714,2454.3,35000.0,2454.3,2419.26,2432.4,2354.6240000000003,2312.549333333333,2742.6645000000017,False,False,False,False,False,False,True,False,False,False,False,0.0586725339200586,0.0586725339200586,,,0.0406128020209428,0.0577560472096594,-0.1428513221692541,-0.1199119911991199,-0.0003609292371133,-0.0870169380036179,2473.1,2241.4,1.0,0.0062753118969314,0.002100681750016,0.0002886242596974
1991-03-06,2516.933823529412,2554.5,2504.4117647058824,2554.5,126000.0,2554.5,2444.3,2440.54,2372.908000000001,2311.213333333333,2741.492000000002,False,False,False,False,False,False,True,False,False,False,True,0.0392248972401643,0.0048933255040125,,,0.0710871011939711,0.0952384680628956,-0.1666862399686828,-0.1642200039146604,-0.0005780513554207,-0.0949339080695256,2429.3,2241.4,3.6,0.0077053134803374,0.001430001583406,-0.0002171221183073
1991-03-07,2535.727386934673,2535.727386934673,2479.377889447236,2491.9,105000.0,2491.9,2460.58,2445.55,2386.1840000000007,2307.708,2739.3235000000013,False,False,False,False,False,False,True,False,False,True,False,0.0426983426301216,0.0276094546330108,,,0.042423853284642,0.073916288775633,-0.1457522372486858,-0.1080701472771781,-0.001518967448799,-0.1001165382020404,2398.0,2191.3,0.8333333333333334,0.005563695004241,-0.0021416184760964,-0.0009409160933782
1991-03-08,2504.368932038835,2579.5,2498.108009708738,2579.5,59000.0,2579.5,2494.38,2459.95,2402.9640000000004,2303.284,2737.9630000000016,False,False,False,False,False,False,True,False,False,False,False,0.0072882341539058,-0.0072882341539058,,,0.0684380693932931,0.1070812172901724,-0.167474316728048,-0.1383601473153712,-0.0019207357842107,-0.106912742128905,2310.3,2160.0,0.5619047619047619,0.0069830426090443,0.0014193476048033,-0.0004017683354117
1991-03-11,2585.778072289157,2629.6048192771086,2585.778072289157,2598.3,34000.0,2598.3,2535.7,2478.73,2420.4960000000005,2301.1973333333326,2736.7250000000017,False,False,False,False,False,False,True,False,False,False,False,0.0,-0.0168571758457453,,,0.0684308971250431,0.1143450204620973,-0.151791556017396,-0.1445945425855367,-0.0009067743284948,-0.1149419259056048,2316.6,2216.4,0.576271186440678,0.0072431435540484,0.000260100945004,0.0010139614557158
1991-03-12,2629.6048192771086,2635.8657831325304,2585.778072289157,2598.3,18000.0,2598.3,2564.5,2491.88,2438.0280000000007,2299.110666666666,2735.515500000002,False,False,False,False,False,False,True,False,False,True,False,0.0,-0.0240926759804488,,,0.0616834083824036,0.1151481096614456,-0.1734980564215064,-0.156640880575761,-0.0009075973144398,-0.1216230316066585,2285.3,2203.9,0.5294117647058824,0.0071910576908879,-5.208586316054597e-05,-8.229859449493133e-07
1991-03-13,2660.9610849056603,2660.9610849056603,2648.43891509434,2654.7,23000.0,2654.7,2584.54,2514.42,2454.0600000000004,2297.858666666666,2734.616500000001,False,False,False,False,False,False,True,False,False,True,False,-0.0330357479187854,-0.0330357479187854,,,0.0755791614871734,0.1344187039339035,-0.1981391494330809,-0.1886842204392208,-0.0005448550940759,-0.1329809657893271,2191.3,2128.7,1.2777777777777777,0.0065328476076378,-0.0006582100832501,0.0003627422203638
1991-03-14,2623.343855421687,2623.343855421687,2598.3,2598.3,23000.0,2598.3,2605.82,2533.2,2466.5800000000004,2298.6933333333327,2733.521000000001,False,False,False,False,False,False,True,True,False,True,False,-0.014471000269407,-0.0120463379902244,,,0.0506946849863371,0.1153087275013152,-0.1975907324019551,-0.1807335565562099,0.0003631048363707,-0.1431154271277434,2222.6,1972.2000000000005,1.0,0.0050758540164924,-0.0014569935911453,0.0009079599304467
1991-03-15,2604.560963855422,2610.821927710844,2598.3,2598.3,46000.0,2598.3,2609.5800000000004,2551.98,2481.608,2301.614666666666,2732.567500000002,False,False,False,False,False,False,True,True,False,False,False,-0.014471000269407,0.0072355001347033,,,0.0449109032829157,0.1141844026222277,-0.1831197321325482,-0.2048262325366587,0.0012692538745262,-0.1521210981277282,2222.6,1940.9,2.0,0.0060557509485784,0.0009798969320859,0.0009061490381555
1991-03-18,2604.560963855422,2610.821927710844,2598.3,2598.3,53000.0,2598.3,2609.5800000000004,2572.64,2494.128,2304.2853333333323,2731.756500000002,False,False,False,False,False,False,True,True,False,True,False,-0.0168571758457453,0.0240926759804487,,,0.040092368086826,0.1131565510782695,-0.1927798945464342,-0.2530115844975561,0.0011589999849554,-0.1664749051557932,2228.9,1984.7,1.1521739130434785,0.0050197904838885,-0.0010359604646898,-0.0001102538895708
1991-03-19,2610.821927710844,2610.821927710844,2598.3,2598.3,7000.0,2598.3,2609.5800000000004,2587.04,2504.1440000000007,2306.371999999999,2731.3725000000018,False,False,False,False,False,False,True,True,False,True,False,-0.0240926759804488,-0.1807335565562099,,,0.036237539929954,0.1123534618789213,-0.207212408112997,-0.2530115844975561,0.0009047398540506,-0.1795836167975754,2197.6,2016.0,0.1320754716981132,0.0039997699812792,-0.0010200205026093,-0.0002542601309047
1991-03-20,2535.69512195122,2567.0,2504.390243902439,2567.0,30000.0,2567.0,2592.04,2588.29,2510.156000000001,2308.875999999999,2730.974000000001,False,False,False,False,False,False,True,True,False,True,False,0.0,-0.1560966108297623,,,0.0221441371250483,0.1005547331515392,-0.1878067783404752,-0.1951305025321387,0.0010845103851397,-0.1826418214342287,2197.6,2009.8,4.285714285714286,0.0023950702665492,-0.00160469971473,0.000179770531089
1991-03-22,2566.9608801955987,2566.9608801955987,2560.7,2560.7,7000.0,2560.7,2584.5200000000004,2595.17,2512.9080000000004,2313.8013333333324,2730.6865000000016,False,False,False,False,False,False,True,True,False,True,True,0.0024602647713516,-0.1466786425586753,,,0.0186636466591164,0.0964184272529649,-0.1491389073300268,-0.1320342093958683,0.0021286759854347,-0.1848087023200792,2160.0,2009.8,0.2333333333333333,0.0010951455445243,-0.0012999247220249,0.001044165600295
1991-03-25,2566.9608801955987,2566.9608801955987,2560.7,2560.7,10000.0,2560.7,2577.0,2593.29,2516.164,2317.390666666666,2729.8295000000007,False,False,False,False,False,False,True,True,False,False,False,0.0220252274768618,-0.1564806498223141,,,0.0173921193423671,0.0950167271969905,-0.151560120279611,-0.1173507244112938,0.0015488684687319,-0.1827678354522632,2160.0,2047.3,1.4285714285714286,0.0012940332983064,0.0001988877537821,-0.0005798075167027
1991-03-26,2529.455882352941,2554.5,2523.1948529411766,2554.5,14000.0,2554.5,2568.24,2588.9100000000003,2518.1680000000006,2321.398666666666,2728.7995000000005,False,False,False,False,False,False,True,True,False,True,False,0.0416519866901546,-0.1715795654726953,,,0.0142227441769424,0.0912512559535462,-0.1421804658445879,-0.1299275787825406,0.0017265453183683,-0.181385216172057,2147.5,2122.5,1.4,0.0007958166413044,-0.0004982166570019,0.0001776768496363
1991-03-27,2567.0049382716047,2567.0049382716047,2535.7,2535.7,26000.0,2535.7,2555.72,2582.6500000000005,2518.92,2325.3226666666665,2727.6755000000003,False,False,False,False,False,False,True,True,False,True,False,-0.1605079465236424,-0.1703671569980676,,,0.006617502070434,0.0829661763352657,-0.1012343731513979,-0.118507709902591,0.0016875077408613,-0.1777011983815075,2084.9,2135.0,1.8571428571428568,0.0002985406444029,-0.0004972759969014,-3.9037577506945056e-05
1991-03-28,2535.69512195122,2579.521951219512,2516.912195121952,2567.0,64000.0,2567.0,2555.72,2573.88,2522.676,2329.664,2726.708,False,False,False,False,False,False,True,True,True,False,False,-0.1560966108297623,-0.1707440592130892,,,0.0172668484612388,0.0924565640825867,-0.0780677834047526,-0.1414491624464355,0.0018635019184454,-0.1729528960169082,2097.4,2191.3,2.4615384615384617,0.0014888951256522,0.0011903544812492,0.000175994177584
1991-03-29,2567.0,2567.0,2516.912195121952,2567.0,118000.0,2567.0,2556.98,2570.7500000000005,2527.684,2334.6733333333327,2725.854,False,False,False,False,False,False,True,True,False,False,False,-0.1487728866380989,-0.1707440592130892,,,0.0153159329957147,0.0905051292039997,-0.0560966108297623,-0.1512271133619009,0.002145624941105,-0.1699970825634544,2160.0,2347.9,1.84375,0.0019812603157674,0.0004923651901151,0.0002821230226596
1991-04-01,2567.011961722488,2660.927033492823,2567.011961722488,2617.1,46000.0,2617.1,2568.26,2572.63,2534.948,2340.768,2724.9374999999995,False,False,False,False,False,False,True,True,False,False,False,-0.1746589736731496,-0.1794352527606892,,,0.0313904703679645,0.1055871002254403,-0.0909021435940545,-0.16506820526537,0.0026037038556009,-0.1659780069423119,2160.0,2435.5,0.3898305084745763,0.0028655420150629,0.0008842816992954,0.0004580789144958
1991-04-02,2617.0734117647057,2660.9,2592.0296470588232,2660.9,36000.0,2660.9,2589.54,2578.8900000000003,2544.964,2346.6946666666663,2723.4435,False,False,False,False,False,False,True,True,False,False,True,-0.2047051749408096,-0.1717464015934458,,,0.0435702206020519,0.1180823530885541,-0.11529933481153,-0.1435228682024879,0.0025255380475572,-0.1548922210718565,2160.0,2504.4,0.782608695652174,0.0039356155922048,0.0010700735771419,-7.816580804372118e-05
1991-04-05,2160.0044117647058,2166.265294117647,2128.7,2128.7,134000.0,2128.7,2508.1400000000003,2531.93,2531.44,2345.692,2719.2885,False,False,False,False,False,False,False,False,False,True,False,-0.0117442570582984,0.0088316813078405,,,-0.1891952835063655,-0.1019363931037723,0.10001409310847,0.0588152393479589,-0.0004274502648541,-0.1268557977511226,2160.0,2473.1,3.7222222222222223,-0.0053424138040008,-0.0092780293962057,-0.0029529883124113
1991-04-08,2147.517052023122,2222.6488439306363,2147.517052023122,2166.3,108000.0,2166.3,2428.0,2491.86,2520.92,2346.193333333333,2715.3215,False,False,False,False,False,False,False,True,False,False,False,-0.0173567834556618,-0.0173567834556618,,,-0.1636984720491159,-0.0830417455261657,0.0318053824493374,0.0404376125190416,0.0002136794637553,-0.105278787732858,2253.9,2429.3,0.8059701492537313,-0.004173079669327,0.0011693341346737,0.0006411297286095
1991-04-09,2191.3610315186243,2203.883094555874,2166.316905444126,2185.1,97000.0,2185.1,2351.62,2454.3,2511.9039999999995,2349.032,2711.8185000000003,False,False,False,False,False,False,False,True,False,False,False,-0.0258111756898998,-0.0458560248958856,,,-0.1495602031943616,-0.0750226534254726,0.0372522996659192,0.020044849205986,0.0012084410372727,-0.0913295033207022,2285.3,2398.0,0.8981481481481481,-0.0035893091455726,0.0005837705237544,0.0009947615735174
1991-04-10,2160.0,2160.0,2153.739130434783,2160.0,27000.0,2160.0,2260.2,2414.23,2501.884,2351.9533333333334,2708.389,False,False,False,False,False,False,False,True,False,True,False,-0.005787037037037,-0.0173611111111111,,,-0.1582796296296296,-0.0888672839506173,0.0608796296296296,0.0144907407407408,0.0012420881366693,-0.0791018254267405,2222.6,2310.3,0.2783505154639175,-0.0040049818456809,-0.0004156727001082,3.364709939653347e-05
1991-04-11,2141.2437869822484,2160.0266272189347,2072.373372781065,2116.2,67000.0,2116.2,2151.26,2370.4,2490.864,2353.7066666666665,2704.5415000000003,False,False,False,False,False,False,False,True,False,True,False,0.0414422077308384,-0.0088838484075227,,,-0.1770456478593707,-0.1122326182150395,0.0799073811549004,-0.0236745109157924,0.0007449243179551,-0.06867617279784,2285.3,2316.6,2.4814814814814814,-0.0044241676783638,-0.0004191858326828,-0.0004971638187142
1991-04-12,2097.4389880952376,2122.483035714285,2097.4389880952376,2103.7,26000.0,2103.7,2146.26,2327.2,2476.8399999999992,2354.876,2700.7735,False,False,False,False,False,False,False,True,False,True,False,0.0208204591909493,-0.0208204591909491,,,-0.1773731996007032,-0.1193972524599517,0.0595141892855446,-0.062508912867804,0.0004965583467383,-0.0626890684083877,2347.9,2285.3,0.3880597014925373,-0.005662053261414,-0.0012378855830502,-0.0002483659712168
1991-04-15,2109.9173529411764,2141.2217647058824,2109.9173529411764,2128.7,69000.0,2128.7,2138.74,2283.37,2459.8079999999995,2356.4613333333336,2696.903,False,False,False,False,False,False,False,True,False,True,False,0.0,-0.0205759383661388,,,-0.1555446986423637,-0.1069955058642992,0.0294076196739795,-0.0323201954244373,0.0006727601725978,-0.0510035605267652,2416.7,2191.3,2.6538461538461537,-0.0069241176547111,-0.001262064393297,0.0001762018258595
1991-04-16,2160.0044117647058,2160.0044117647058,2128.7,2128.7,22000.0,2128.7,2127.46,2239.54,2445.28,2358.0466666666675,2692.8899999999994,False,False,False,False,False,False,False,True,False,False,False,-0.0205759383661388,0.0235354911448303,,,-0.1487198759806454,-0.1077402483518897,0.0294076196739795,-0.0735190491849482,0.0006723078706389,-0.0416558757602007,2491.9,2222.6,0.3188405797101449,-0.0059412419027676,0.0009828757519434,-4.523019588969753e-07
1991-04-17,2191.326530612245,2191.326530612245,2147.5,2147.5,49000.0,2147.5,2124.96,2192.5800000000004,2427.9999999999995,2359.382666666668,2688.829,False,False,False,False,False,False,False,True,False,True,False,-0.0116414435389988,0.0116880093131547,,,-0.1306169965075667,-0.0986648040357009,-0.0087543655413272,-0.0903841676367869,0.0005662498156298,-0.0316978171834094,2479.3,2222.6,2.227272727272727,-0.0071169686985173,-0.0011757267957496,-0.000106058055009
1991-04-18,2178.855681818182,2210.1610795454544,2178.855681818182,2203.9,70000.0,2203.9,2142.4999999999995,2146.88,2412.224,2360.4680000000008,2684.623,False,False,False,False,False,False,False,True,False,False,False,-0.0483234266527519,-0.0057171378011706,,,-0.0945251599437361,-0.0710413358137849,-0.0341213303688916,-0.1619401969236354,0.0004597958257993,-0.0312080787002533,2504.4,2228.9,1.4285714285714286,-0.0065400228171178,0.0005769458813994,-0.0001064539898304
1991-04-19,2210.1093294460643,2222.631195335277,2147.5,2147.5,86000.0,2147.5,2151.26,2148.76,2394.192,2360.634666666668,2680.4765,False,False,False,False,False,False,False,True,False,True,False,-0.0407916181606518,0.0612339930151338,,,-0.114874039580908,-0.0992478075281342,-0.0087543655413272,-0.1836554132712456,7.060248204469778e-05,-0.0553621623634097,2516.9,2197.6,1.2285714285714286,-0.0075315597078263,-0.0009915368907084,-0.0003891933437546
1991-04-22,2178.787058823529,2178.787058823529,2128.7,2128.7,82000.0,2128.7,2151.26,2145.0000000000005,2373.152,2359.800000000001,2676.4065,False,False,False,False,False,False,False,False,False,True,False,-0.0205759383661388,0.1117583501667685,,,-0.1148362850566074,-0.1085639122469118,0.0,-0.164701460985578,-0.0003537022911547,-0.075888111888112,2473.1,2197.6,0.9534883720930232,-0.0088658459298013,-0.001334286221975,-0.0004243047731994
1991-04-23,2084.9,2103.682882882883,2078.63903903904,2084.9,62000.0,2084.9,2142.4999999999995,2134.98,2352.616,2356.2933333333344,2671.6055000000006,False,False,True,False,False,False,False,False,False,False,False,0.0450381313252434,0.1621660511295505,,,-0.1284071178473787,-0.1301709114745716,0.021008201832222,-0.13511439397573,-0.0014882131257002,-0.0914903184104768,2441.8,2160.0,0.7560975609756098,-0.0087290063486774,0.0001368395811239,-0.0011345108345454
1991-04-24,2091.1946902654868,2128.761061946903,2091.1946902654868,2122.5,6000.0,2122.5,2137.5,2131.23,2333.584,2352.1200000000013,2666.5655000000006,False,False,False,False,False,False,False,False,False,False,False,0.0236042402826854,0.1209422850412248,,,-0.0994506478209657,-0.1081837455830394,0.0029210836277973,-0.168150765606596,-0.001774285892443,-0.1098661336411368,2435.5,2160.0,0.0967741935483871,-0.0081556952738792,0.0005733110747981,-0.0002860727667428
1991-04-25,2128.7044776119405,2128.7044776119405,2066.09552238806,2097.4,28000.0,2097.4,2116.2,2129.35,2313.548,2346.693333333334,2660.8595000000005,False,False,False,False,False,False,False,False,False,True,False,0.0447697148850958,0.1223896252503098,,,-0.1030552112138837,-0.1188582689679288,0.0179269571850862,-0.1940020978354154,-0.0023124737218897,-0.126719421419682,2410.5,2147.5,4.666666666666667,-0.0086602914657487,-0.0005045961918695,-0.0005381878294466
1991-04-26,2097.466565349544,2128.772036474164,2059.9,2059.9,76000.0,2059.9,2098.68,2124.9700000000003,2292.012,2341.184000000001,2655.2220000000007,False,False,False,False,False,False,False,False,False,True,False,0.1063643866207097,0.1367542113694838,,,-0.1126811981164134,-0.1365522598184382,0.0699063061313656,-0.1793290936453227,-0.0023532252626589,-0.1381760683680241,2466.8,2084.9,2.7142857142857144,-0.0093961113641637,-0.0007358198984149,-4.0751540769216194e-05
1991-04-30,2066.117117117117,2084.9,2059.8561561561564,2084.9,34000.0,2084.9,2089.92,2120.59,2272.728,2336.592000000001,2649.567000000001,False,False,False,False,False,False,False,False,False,False,False,0.1351143939757301,0.0720897884790636,,,-0.0900896925512014,-0.1207213775241023,0.0510336227157178,-0.2162214015060675,-0.0019652553804858,-0.1564753205475835,2429.3,2097.4,0.4473684210526316,-0.0084849572848137,0.0009111540793499,0.0003879698821731
1991-05-01,2116.190804597701,2178.8,2116.190804597701,2178.8,22000.0,2178.8,2108.7,2125.6,2257.452,2333.669333333334,2644.381500000001,False,False,False,False,False,False,False,False,False,False,True,0.1120800440609508,0.0402515145951899,,,-0.0360987699651184,-0.0710801052567165,0.0488801174958692,-0.1896456765191849,-0.0012523910842553,-0.1681831012420022,2410.5,2160.0,0.6470588235294118,-0.0067669212900207,0.001718035994793,0.0007128642962304
1991-05-02,2160.0778097982707,2172.6,2160.0778097982707,2172.6,35000.0,2172.6,2118.7200000000003,2128.11,2241.9280000000003,2331.833333333334,2639.3075000000013,False,False,False,False,False,False,False,False,False,True,False,0.095093436435607,0.0547270551413053,,,-0.0319101537328548,-0.0732916014606158,0.0489735800423456,-0.1988400994200498,-0.0007873633049818,-0.1791636710508386,2410.5,2160.0,1.5909090909090908,-0.0069243972152539,-0.0001574759252332,0.0004650277792734
1991-05-07,2191.3,2191.3,2185.039142857143,2191.3,38000.0,2191.3,2137.5,2126.8499999999995,2227.4,2330.162666666667,2634.3270000000007,False,False,False,False,False,False,False,False,False,False,False,0.0742937982019804,0.042896910509743,,,-0.0164742390361885,-0.0633699934589818,0.0257381463058456,-0.2114270067996166,-0.0007169742656021,-0.1842725156922205,2391.7,2160.0,1.0857142857142856,-0.0065224028014726,0.0004019944137812,7.038903937972932e-05
1991-05-08,2197.6071428571427,2366.653846153846,2191.346153846154,2279.0,207000.0,2279.0,2181.3200000000006,2139.9999999999995,2217.1320000000005,2330.078666666667,2629.9275000000007,False,False,False,False,True,False,False,False,False,False,True,0.0274681878016673,-0.0219833260201842,,,0.0271469942957435,-0.0224127541319292,-0.0192189556823168,-0.2637560333479596,-3.605028499765418e-05,-0.1927990654205604,2454.3,2160.0,5.447368421052632,-0.0046312082456071,0.0018911945558654,0.0006809239806044
1991-05-09,2329.0349206349206,2379.1216931216927,2329.0349206349206,2366.6,105000.0,2366.6,2237.6600000000003,2163.79,2209.1160000000004,2332.4160000000006,2625.8235000000004,False,False,False,False,False,False,False,True,False,False,False,-0.055522690780022,-0.0740725090847628,,,0.0665444097016815,0.0144443505450854,-0.0476210597481618,-0.3042339220823122,0.0010021082574179,-0.2077512143045305,2554.5,2253.9,0.5072463768115942,-0.0036286007615716,0.0010026074840355,0.0010381585424156
1991-05-10,2372.9121447028424,2448.043927648579,2366.651162790697,2423.0,157000.0,2423.0,2286.5,2197.6,2203.356,2335.0880000000006,2622.0015000000003,False,False,False,False,False,False,False,True,False,False,False,-0.064589352042922,-0.0956252579446965,,,0.0906496079240609,0.0362822946760212,-0.0491126702434997,-0.3255881139083781,0.0011442823568105,-0.2276346923917,2491.9,2285.3,1.4952380952380953,-0.0026141939840861,0.0010144067774854,0.0001421740993925
1991-05-13,2385.4610526315787,2404.244210526316,2354.1557894736843,2379.2,21000.0,2379.2,2327.82,2223.27,2193.84,2337.1760000000004,2618.245000000001,False,False,False,False,False,False,False,True,False,True,False,-0.0368611297915264,-0.105287491593813,,,0.0779085406859447,0.0176630800268995,-0.0500168123739072,-0.3052706792199057,0.0008933858639656,-0.2416215754271861,2579.5,2222.6,0.1337579617834395,-0.0043375998249644,-0.0017234058408782,-0.0002508964928449
1991-05-14,2372.8827127659574,2379.1436170212764,2354.1,2354.1,4000.0,2354.1,2360.38,2248.94,2181.568,2338.845333333334,2614.3630000000003,False,False,False,False,False,False,False,True,False,True,False,-0.0292256063888533,-0.095747844186738,,,0.0732900046726985,0.0064800419126909,-0.0425640372116731,-0.2925534174419097,0.0007137425076991,-0.2513939900575381,2598.3,2285.3,0.1904761904761904,-0.0056253117024085,-0.001287711877444,-0.0001796433562665
1991-05-15,2316.5561497326203,2341.6,2316.5561497326203,2341.6,39000.0,2341.6,2372.9,2277.11,2190.0840000000003,2340.765333333334,2609.8780000000006,False,False,False,False,False,False,True,True,True,False,False,-0.0481294841134266,-0.0909207379569525,,,0.0647061838059444,0.0003564514292217,-0.0427912538435257,-0.2887769046805602,0.0008202445467978,-0.2617572273627537,2598.3,2347.9,9.75,0.0038884353294211,0.0095137470318297,0.0001065020390987
1991-05-16,2247.72212885154,2247.72212885154,2228.9389355742296,2235.2,3000.0,2235.2,2346.62,2292.14,2192.84,2341.266666666667,2605.259500000001,False,False,False,False,False,False,True,True,False,True,False,-0.0196403006442374,-0.0476467430207587,,,0.0189513242662847,-0.0474528752087809,0.0027738010021475,-0.2493289191123835,0.0002141291039035,-0.2646871482544695,2654.7,2416.7,0.0769230769230769,0.001256817642874,-0.0026316176865471,-0.0006061154428942
1991-05-17,2235.194751381216,2266.5,2222.6726519337017,2266.5,32000.0,2266.5,2315.32,2300.9100000000003,2196.0959999999995,2342.686666666667,2600.9395000000004,False,False,False,False,False,False,True,True,False,False,False,-0.0331789102139862,-0.0607985881314803,,,0.03106287227002,-0.0336142363409075,-0.0193690712552393,-0.2596955658504301,0.0006061416664058,-0.2713013546814087,2598.3,2491.9,10.666666666666666,0.0014826309960946,0.0002258133532206,0.0003920125625022
1991-05-20,2316.5437158469945,2316.5437158469945,2291.5,2291.5,6000.0,2291.5,2297.78,2312.8,2201.356,2344.4400000000005,2596.7445,False,False,False,False,False,False,True,True,False,False,False,-0.0710451669212307,-0.0710451669212307,,,0.039338424612699,-0.0231027711106264,-0.0682958760637137,-0.2704778529347587,0.0007478687163388,-0.2780266343825666,2598.3,2479.3,0.1875,0.0023894363292446,0.00090680533315,0.000141727049933
1991-05-21,2222.6890410958904,2285.3,2222.6890410958904,2285.3,16000.0,2285.3,2284.0199999999995,2322.2,2208.12,2346.277333333333,2592.5185,False,False,False,False,False,False,True,True,False,False,False,-0.0685249201417758,-0.0657681704808997,,,0.0337723712422877,-0.0266824195218714,-0.0657681704808997,-0.2876646392158579,0.000783084466286,-0.2852596675566273,2598.3,2504.4,2.6666666666666665,0.0030632393167036,0.000673802987459,3.521574994719452e-05
1991-05-22,2285.248595505618,2285.248595505618,2228.9,2228.9,3000.0,2228.9,2261.48,2317.19,2213.128,2348.197333333333,2588.2100000000005,False,False,False,False,False,False,True,True,False,True,False,-0.0449549104939657,-0.0112162950334245,,,0.0070761362106868,-0.0535229634946982,-0.0309121091121181,-0.2640315850868141,0.0008176484883723,-0.2853326658582162,2598.3,2516.9,0.1875,0.0022628605304348,-0.0008003787862687,3.4564022086299427e-05
1991-05-23,2222.604285714286,2222.604285714286,2178.778285714286,2191.3,6000.0,2191.3,2252.7,2299.66,2215.632,2349.449333333333,2583.514,False,False,False,False,False,False,True,True,False,True,False,-0.0285675169990418,0.0,,,-0.0111039109204581,-0.0721714659486755,-0.0256925112946653,-0.2371195180942817,0.0005328908277513,-0.2787933868484906,2567.0,2473.1,2.0,0.0011301515775182,-0.0011327089529166,-0.0002847576606209
1991-05-24,2191.3,2191.3,2191.3,2191.3,4000.0,2191.3,2237.66,2276.49,2218.136,2349.8666666666663,2578.2205,False,False,False,False,False,False,True,True,False,True,False,-0.0285675169990418,0.042896910509743,,,-0.0122466116004197,-0.0723619160620025,0.0142837584995207,-0.2342901474010861,0.0001775987290058,-0.2695289678408425,2560.7,2441.8,0.6666666666666666,0.0011288757767782,-1.2758007399481068e-06,-0.0003552920987454
1991-05-27,2166.265294117647,2166.265294117647,2128.7,2128.7,2000.0,2128.7,2205.1,2251.44,2217.384,2349.449333333333,2571.931,False,False,False,False,False,False,False,False,False,True,False,0.0,0.0706064734344906,,,-0.0416611077183258,-0.1037014766445874,0.0441114295109691,-0.2205571475548456,-0.0001776302759171,-0.2611217709554773,2560.7,2435.5,0.5,-0.0003391383720636,-0.0014680141488419,-0.000355229004923
1991-05-28,2128.7,2128.7,2128.7,2128.7,11000.0,2128.7,2173.78,2228.9,2214.376,2349.032,2565.5275,False,False,False,False,False,False,False,False,False,True,False,0.0029595527786913,0.0559026635975008,,,-0.0402480387090714,-0.1035054258467611,0.0441114295109691,-0.1941090806595574,-0.0001776618340375,-0.2514020368791781,2554.5,2410.5,5.5,-0.0013583962253925,-0.0010192578533288,-3.1558120406444904e-08
1991-05-29,2128.7,2128.7,2122.4391176470585,2128.7,31000.0,2128.7,2153.74,2207.61,2213.624,2348.614666666667,2559.0955,False,False,False,False,False,False,False,False,False,False,False,0.0353267252313619,0.0500305350683515,,,-0.0398947714567576,-0.1033093750489345,0.0294076196739795,-0.1911495278808664,-0.0001776934033736,-0.2416278237551017,2535.7,2466.8,2.8181818181818183,-0.0003397144230458,0.0010186818023466,-3.1569336133359816e-08
1991-05-30,2128.7,2128.7,2128.7,2128.7,11000.0,2128.7,2141.22,2196.96,2213.624,2346.945333333333,2552.8345,False,False,False,False,False,False,False,False,False,False,False,0.0294076196739795,0.0588152393479589,,,-0.0398947714567576,-0.1025251718576282,0.0117912340865318,-0.1764457180438765,-0.0007112791719621,-0.2345286213677082,2567.0,2429.3,0.3548387096774194,0.0,0.0003397144230458,-0.0005335857685884
1991-05-31,2128.7,2134.960882352941,2128.7,2128.7,18000.0,2128.7,2128.7,2183.1800000000003,2215.376,2344.8573333333334,2546.7155,False,False,False,False,False,False,True,False,False,False,False,0.0735660262131819,0.0823507304927891,,,-0.0407178089914033,-0.1015442915081193,0.0,-0.1705735895147272,-0.0008904592916241,-0.2256799714178401,2567.0,2410.5,1.6363636363636365,0.0007908364088084,0.0007908364088084,-0.000179180119662
1991-06-03,2134.960882352941,2134.960882352941,2128.7,2128.7,3000.0,2128.7,2128.7,2166.9000000000005,2215.624,2343.6053333333334,2540.568,False,False,False,False,False,False,True,False,False,True,False,0.0706064734344906,0.06177479212665,,,-0.0408343120214215,-0.1009561391146397,-0.0294076196739793,-0.1117583501667684,-0.0005342196410772,-0.2097512575568786,2617.1,2410.5,0.1666666666666666,0.000111932349532,-0.0006789040592763,0.0003562396505469
1991-06-04,2135.0,2135.0,2128.739002932551,2135.0,7000.0,2135.0,2129.96,2151.8700000000003,2217.128,2341.601333333334,2534.1675,False,False,False,False,False,False,True,False,False,False,False,0.0527868852459015,0.0556908665105386,,,-0.0384674473067916,-0.0967687743950042,-0.0909133489461357,-0.1202341920374707,-0.0008558245895541,-0.1925952775957657,2660.9,2391.7,2.333333333333333,0.0006783550611423,0.0005664227116102,-0.0003216049484769
1991-06-05,2197.6389204545453,2235.2053977272726,2197.6389204545453,2203.9,18000.0,2203.9,2144.9999999999995,2149.3700000000003,2222.8879999999995,2339.681333333334,2527.77,False,False,False,False,False,False,True,False,True,False,False,0.0142020962838603,0.0170152910749126,,,-0.0086156359181448,-0.061609570912171,-0.119333908072054,-0.1335360043559146,-0.0008206245750846,-0.1791315594802199,2128.7,2454.3,2.571428571428572,0.0025912236693883,0.001912868608246,3.5200014469534825e-05
1991-06-06,2191.3,2191.3,2159.9957142857147,2191.3,11000.0,2191.3,2157.5199999999995,2149.37,2227.144,2336.6760000000004,2520.8545,False,False,False,False,False,False,True,False,False,True,False,0.0285675169990416,0.0228631406014694,,,-0.0163574134075661,-0.0663423538538767,-0.0571350339980834,-0.139962579290832,-0.0012861574875307,-0.1692263314366534,2166.3,2554.5,0.6111111111111112,0.001910967588984,-0.0006802560804042,-0.0004655329124461
1991-06-07,2203.9057534246576,2285.3,2191.383561643836,2285.3,85000.0,2285.3,2188.84,2158.77,2231.4039999999995,2333.921333333333,2514.6365,False,False,False,True,True,False,True,False,False,True,True,0.0081827331203779,-0.0274362228153854,,,0.0235837745591391,-0.0212756895520645,-0.0274362228153854,-0.1780947796788168,-0.0011802739995237,-0.1635607313423847,2185.1,2491.9,7.727272727272727,0.001909111931322,-1.8556576620017229e-06,0.000105883488007
1991-06-10,2285.260989010989,2285.260989010989,2279.0,2279.0,10000.0,2279.0,2218.9,2173.8,2235.66,2331.2506666666663,2508.4725,False,False,False,False,False,False,True,False,False,True,False,-0.0082492321193506,-0.0631856077226853,,,0.0190171127687582,-0.0229270147725609,-0.0082492321193506,-0.2005704256252742,-0.0011455939530027,-0.1618594166896679,2160.0,2579.5,0.1176470588235294,0.0019036883962679,-5.423535054148616e-06,3.468004652104856e-05
1991-06-11,2247.7,2247.7,2247.7,2247.7,8000.0,2247.7,2241.44,2185.7,2237.916,2327.828,2502.095,False,False,False,False,False,False,True,False,False,True,False,0.0027583752280109,-0.050140143257552,,,0.0043528940694931,-0.0356488855274281,-0.0111669706811406,-0.1782711215909596,-0.001470326272674,-0.1604062771652102,2116.2,2598.3,0.8,0.0010080807322528,-0.000895607664015,-0.0003247323196713
1991-06-12,2241.46106442577,2241.46106442577,2222.677871148459,2235.2,36000.0,2235.2,2247.7,2196.35,2236.164,2324.072,2495.968,False,False,False,False,False,False,False,False,False,True,False,0.0027738010021475,-0.0336435218324981,,,-0.0004312813171082,-0.0397602004294919,0.0,-0.1876789549033642,-0.0016161289323221,-0.1602021535729733,2103.7,2598.3,4.5,-0.0007834845744766,-0.0017915653067294,-0.000145802659648
1991-06-13,2191.2916666666665,2253.9,2191.2916666666665,2253.9,22000.0,2253.9,2260.2200000000003,2208.87,2231.656,2321.1493333333333,2489.9915,False,False,False,False,False,False,False,False,False,True,False,-0.0055459425884023,-0.0527530059008829,,,0.0098691157549137,-0.0298368753419997,-0.0221837703536093,-0.1972137184435866,-0.0012591463309556,-0.1624133606776315,2128.7,2654.7,0.6111111111111112,-0.0020200245916038,-0.0012365400171272,0.0003569826013665
1991-06-14,2272.695652173913,2304.0,2272.695652173913,2304.0,78000.0,2304.0,2263.96,2226.4000000000005,2226.896,2319.312,2484.436,False,False,False,False,False,False,False,False,False,True,False,-0.0353298611111111,-0.0353298611111111,,,0.0334652777777777,-0.0066458333333332,-0.0543402777777776,-0.2336805555555555,-0.0007921889479868,-0.1690082644628101,2128.7,2598.3,3.5454545454545454,-0.0021375044007442,-0.0001174798091404,0.0004669573829687
1991-06-17,2316.548476454293,2316.548476454293,2260.2,2260.2,6000.0,2260.2,2260.2,2239.55,2222.136,2316.974666666667,2478.918,False,False,False,False,False,False,False,False,False,True,False,-0.0553933280240685,-0.01663569595611,,,0.0168409875232279,-0.0251193109754301,-0.0332271480399964,-0.2216175559684985,-0.0010087867454742,-0.1797593266504432,2147.5,2598.3,0.0769230769230769,-0.0021420831128248,-4.57871208062741e-06,-0.0002165977974873
1991-06-18,2253.9,2253.9,2241.378333333333,2253.9,12000.0,2253.9,2261.44,2251.4400000000005,2218.128,2314.886666666667,2473.112,False,False,False,False,False,False,False,False,False,False,False,-0.0527530059008829,-0.0138870402413595,,,0.0158711566617862,-0.0270582841593092,0.0111362527175118,-0.2166467012733484,-0.0009019880022922,-0.1890967558540313,2203.9,2598.3,2.0,-0.0018069290861482,0.0003351540266766,0.0001067987431819
1991-06-19,2241.4,2241.4,2241.4,2241.4,4000.0,2241.4,2262.68,2255.19,2214.1200000000003,2311.8813333333333,2467.2435000000005,False,False,False,False,False,False,False,False,False,True,False,-0.0363165878468814,-0.0223521013652181,,,0.0121709645757114,-0.0314452276850777,0.0055768715981083,-0.2346301418756134,-0.0012999513815879,-0.1990519645794811,2147.5,2598.3,0.3333333333333333,-0.0018101999891603,-3.2709030121590675e-06,-0.0003979633792956
1991-06-20,2210.095530726257,2241.4,2210.095530726257,2241.4,7000.0,2241.4,2260.18,2260.2000000000003,2214.3680000000004,2309.376,2461.688000000001,False,False,False,False,False,False,True,False,False,False,False,-0.0474703310430981,-0.0390827161595431,,,0.012060319443205,-0.0303274739002409,0.0055768715981083,-0.2318193985901671,-0.0010848529357424,-0.2080302628086012,2128.7,2567.0,1.75,0.0001119958380901,0.0019221958272505,0.0002150984458455
1991-06-21,2210.0783098591546,2222.6,2203.817464788732,2222.6,3000.0,2222.6,2243.9,2253.93,2212.612,2306.8706666666667,2455.725500000001,False,False,False,False,False,False,False,False,False,True,False,0.0,-0.0422478178709619,,,0.0044938360478717,-0.0379153543897538,0.0028345181319176,-0.2112390893548097,-0.0010860311197912,-0.211381897396991,2084.9,2560.7,0.4285714285714285,-0.0007936321415595,-0.0009056279796496,-1.178184048810163e-06
1991-06-24,2191.3489736070383,2191.3489736070383,2135.0,2135.0,13000.0,2135.0,2218.86,2239.53,2206.3520000000003,2303.197333333333,2449.183000000001,False,False,False,False,False,True,False,False,False,True,False,0.0410304449648711,-0.032271662763466,,,-0.0334201405152226,-0.0787809523809522,0.0263700234192038,-0.1818266978922719,-0.0015948843289156,-0.2096645278250347,2122.5,2560.7,4.333333333333333,-0.002837262594545,-0.0020436304529855,-0.0005088532091244
1991-06-25,2128.739002932551,2160.0439882697947,2128.739002932551,2135.0,34000.0,2135.0,2195.08,2228.26,2200.34,2299.7746666666662,2442.982000000001,False,False,False,False,False,False,False,False,False,False,False,0.0410304449648711,-0.0909133489461357,,,-0.0306042154566745,-0.0771778298204525,-0.032271662763466,-0.1876814988290397,-0.0014882617485423,-0.2107249602829115,2097.4,2554.5,2.6153846153846154,-0.002732305007408,0.000104957587137,0.0001066225803732
1991-06-26,2160.0,2160.0,2160.0,2160.0,7000.0,2160.0,2178.8,2220.74,2197.5840000000003,2295.8506666666663,2436.6215000000007,False,False,False,False,False,False,False,False,False,False,False,0.0144907407407408,-0.1014351851851851,,,-0.0174000000000001,-0.0628938271604936,-0.0869444444444442,-0.1912962962962965,-0.0017091703990038,-0.2111548402784658,2059.9,2535.7,0.2058823529411764,-0.0012541045074954,0.0014782004999125,-0.0002209086504614
1991-06-27,2160.0439882697947,2160.0439882697947,2122.4780058651027,2135.0,57000.0,2135.0,2157.52,2208.85,2195.3320000000003,2290.257333333333,2430.0790000000006,False,False,False,False,False,False,False,False,False,False,False,0.0088056206088993,-0.032271662763466,,,-0.0282585480093678,-0.0727200624512098,-0.035175644028103,-0.1788758782201405,-0.0024422291992806,-0.2094574099644612,2084.9,2567.0,8.142857142857142,-0.0010258129522094,0.0002282915552859,-0.0007330588002767
1991-06-28,2128.687323943662,2235.1216901408447,2128.687323943662,2222.6,27000.0,2222.6,2157.52,2200.71,2196.584,2286.666666666666,2423.8320000000003,False,False,False,False,True,False,True,False,False,False,False,-0.0422478178709619,0.0,,,0.0117052101142806,-0.0288250997330451,-0.1126608476558982,-0.2056150454422748,-0.0015702623906706,-0.2065333460565,2178.8,2567.0,0.4736842105263157,0.0005699759262561,0.0015957888784656,0.0008719668086099
1991-07-01,2222.6,2253.9042253521125,2222.6,2222.6,11000.0,2222.6,2175.04,2196.95,2200.34,2281.908,2417.3005000000003,False,False,False,False,False,False,True,False,True,False,False,-0.0704130297849365,0.0169171240889048,,,0.0100152973994419,-0.0266840637091694,-0.1211194097003508,-0.2027805273103571,-0.0020853893613003,-0.2046018343612735,2172.6,2617.1,0.4074074074074074,0.0017070089168039,0.0011370329905477,-0.0005151269706296
1991-07-02,2222.6,2253.9042253521125,2222.6,2222.6,3000.0,2222.6,2192.5600000000004,2193.82,2204.096,2276.8986666666665,2410.456,False,False,False,False,False,False,True,False,False,True,False,-0.1267434536128857,0.0,,,0.0083253846846035,-0.024430246858034,-0.1689912714838477,-0.1971564833978223,-0.0022000686313664,-0.2026100591662033,2191.3,2660.9,0.2727272727272727,0.0017041000029036,-2.90891390028838e-06,-0.000114679270066
1991-07-03,2197.560857142857,2197.560857142857,2191.3,2191.3,2000.0,2191.3,2198.8200000000006,2188.81,2206.6,2271.472,2404.0525,False,False,False,False,False,False,True,False,False,True,False,-0.1142700679961667,0.0200337699082734,,,-0.0069821567106282,-0.0365865011636927,-0.1999726189932917,-0.1999726189932917,-0.002389052855006,-0.1990670729757266,2279.0,2128.7,0.6666666666666666,0.0011347774857246,-0.000569322517179,-0.0001889842236395
1991-07-04,2191.366279069768,2191.366279069768,2109.972674418605,2153.8,6000.0,2153.8,2202.5799999999995,2180.05,2207.6040000000003,2264.793333333333,2397.746,False,False,False,False,False,False,True,False,False,True,False,-0.0407187296870648,0.0232612127402729,,,-0.0249809638777974,-0.0515337233416904,-0.1744358807688737,-0.180239576562355,-0.0029489077737779,-0.1938395908350727,2366.6,2166.3,3.0,0.0004547917108323,-0.0006799857748922,-0.0005598549187719
1991-07-05,2153.7435294117645,2153.7435294117645,2128.7,2128.7,12000.0,2128.7,2183.8,2170.6600000000003,2207.6040000000003,2258.532,2391.314,False,False,False,False,False,False,False,False,False,True,False,0.0441114295109691,0.0235354911448303,,,-0.0370667543571195,-0.0609912152957205,-0.152910226899046,-0.152910226899046,-0.0027723022447027,-0.1880441893249059,2423.0,2185.1,2.0,0.0,-0.0004547917108323,0.0001766055290752
1991-07-08,2128.7090909090907,2128.7090909090907,2066.1,2066.1,4000.0,2066.1,2152.5,2163.77,2205.1,2251.436,2384.9675,False,False,False,False,False,False,False,False,False,True,False,0.0939451139828662,0.0575964377329267,,,-0.0672765113014858,-0.0897033057451237,-0.1454431053676008,-0.1151444750980106,-0.0031517662505174,-0.18169676074629,2379.2,2160.0,0.3333333333333333,-0.0011355494081902,-0.0011355494081902,-0.0003794640058147
1991-07-09,2066.1193548387096,2066.1193548387096,1940.9,1940.9,7000.0,1940.9,2096.16,2144.36,2197.336,2242.6706666666664,2378.2795,False,False,False,False,False,False,False,False,False,True,False,0.1451388531093821,0.1741975372249986,,,-0.132122211345252,-0.1554797602486817,-0.1290123138750065,-0.080632696171879,-0.003908435359509,-0.1719534033464529,2354.1,2116.2,1.75,-0.003533369498338,-0.0023978200901477,-0.0007566691089915
1991-07-10,1972.2048387096768,1972.2048387096768,1940.9,1940.9,10000.0,1940.9,2046.08,2122.4500000000003,2186.8160000000003,2233.9053333333327,2371.876,False,False,False,False,False,False,False,False,False,True,False,0.1516306867947857,0.161265392343758,,,-0.1267020454428358,-0.1509636422965287,-0.1290123138750065,-0.074192384976042,-0.0039237711654748,-0.1610450187283564,2341.6,2103.7,1.4285714285714286,-0.0048106470777603,-0.0012772775794222,-1.5335805965764615e-05
1991-07-11,2097.4045454545453,2116.187272727273,2066.1,2066.1,8000.0,2066.1,2028.54,2115.56,2181.808,2227.2266666666665,2366.0419999999995,False,False,False,False,False,False,False,False,False,False,False,0.0666957068873724,0.0908958908087702,,,-0.0560030976235419,-0.0779858993595017,-0.209089589080877,-0.1302937902328056,-0.0029986470468502,-0.1562423188186579,2235.2,2128.7,0.8,-0.0022953440449389,0.0025153030328213,0.0009251241186245
1991-07-16,2128.687323943662,2222.6,2128.687323943662,2222.6,28000.0,2222.6,2047.32,2115.56,2179.3,2222.718666666666,2360.9335,False,False,False,False,True,False,False,False,False,False,False,-0.019706649869522,0.0028345181319176,,,0.0194816881130206,-5.339092354282637e-05,-0.2056150454422748,-0.2084495635741926,-0.0020281469119799,-0.1565401123106883,2266.5,2128.7,3.5,-0.0011508282476023,0.0011445157973366,0.0009705001348703
1991-07-17,2253.939058171745,2260.2,2241.417174515236,2260.2,67000.0,2260.2,2086.1400000000003,2119.32,2178.548,2218.712,2355.7285,False,False,False,False,False,False,False,False,False,False,False,-0.0332271480399964,-0.030484027962127,,,0.0361260065480931,0.0183558977081673,-0.2298911600743297,-0.2216175559684985,-0.0018058525246477,-0.1586310703433177,2291.5,2147.5,2.392857142857143,-0.0003451840400121,0.0008056442075901,0.0002222943873322
1991-07-18,2247.64338028169,2247.64338028169,2159.9915492957743,2222.6,29000.0,2222.6,2142.48,2119.32,2177.544,2214.286666666667,2350.9045,False,False,False,False,False,False,False,False,False,True,False,0.0253756861333573,-0.0704130297849365,,,0.0202717538018537,0.0037403641380963,-0.2225321695311795,-0.1915324394852874,-0.0019985367748227,-0.1580412585168827,2285.3,2203.9,0.4328358208955223,-0.0004610699026058,-0.0001158858625936,-0.000192684250175
1991-07-19,2222.677871148459,2253.983193277311,2210.1557422969186,2235.2,22000.0,2235.2,2201.34,2123.71,2177.544,2210.28,2346.684,False,False,False,False,False,False,False,False,False,False,True,0.0083661417322835,-0.1176628489620612,,,0.0257945597709377,0.0111488904795989,-0.2493289191123835,-0.2072745168217608,-0.0018127416737547,-0.1588964594977658,2228.9,2147.5,0.7586206896551724,0.0,0.0004610699026058,0.000185795101068
1991-07-22,2203.9,2210.1610795454544,2191.377840909091,2203.9,12000.0,2203.9,2228.9,2128.7200000000003,2175.5439999999994,2205.4386666666664,2343.1895,False,False,False,False,False,False,False,False,False,True,False,0.0226870547665502,-0.0653387177276645,,,0.0128662824992062,-0.0006981562986824,-0.2528699124279687,-0.1875311947003042,-0.0021951793112664,-0.1597016047202076,2191.3,2128.7,0.5454545454545454,-0.0009193102966432,-0.0009193102966432,-0.0003824376375117
1991-07-23,2191.32183908046,2191.32183908046,2160.0172413793107,2178.8,13000.0,2178.8,2220.1400000000003,2133.73,2170.536,2200.2626666666665,2340.4515,False,False,False,False,False,False,False,False,False,True,False,0.0229943087938314,-0.0948228382595922,,,0.0037929135303837,-0.0098506823327824,-0.2500000000000001,-0.2011198825041309,-0.0023524464048837,-0.1646084556152842,2191.3,2084.9,1.0833333333333333,-0.0023072641964931,-0.0013879538998498,-0.0001572670936172
1991-07-24,2178.838968481375,2197.622063037249,2178.838968481375,2185.1,25000.0,2185.1,2205.12,2145.63,2167.532,2194.5026666666663,2337.2899999999995,False,False,False,False,False,False,False,False,False,False,False,0.0028373987460529,-0.1060363370097477,,,0.0080399066404282,-0.0043030830015406,-0.243558647201501,-0.2005857855475724,-0.002624740487898,-0.1730354254927458,2128.7,2122.5,1.9230769230769231,-0.0013859080281167,0.0009213561683763,-0.0002722940830142
1991-08-05,2304.043956043956,2304.043956043956,2279.0,2279.0,44600.0,2279.0,2216.4,2179.44,2168.536,2189.4106666666667,2334.171,False,False,False,False,False,False,True,False,False,False,False,-0.0934181658622203,-0.1895568231680561,,,0.0484703817463799,0.039310808834284,-0.2692408951294427,-0.2335234752084249,-0.0023257400164913,-0.1875894725250523,2128.7,2097.4,1.784,0.000462985166029,0.0018488931941457,0.0002990004714067
1991-08-06,2272.6825,2272.6825,2253.9,2253.9,6100.0,2253.9,2220.1400000000003,2210.74,2169.036,2191.08,2331.3535,False,False,False,False,False,False,True,True,False,True,False,-0.1249833621722346,-0.2221926438617508,,,0.037652069745774,0.0278716890722747,-0.2611029770619814,-0.2249877989263057,0.0007618769434859,-0.2013579163538001,2128.7,2059.9,0.1367713004484305,0.0002305171513981,-0.0002324680146308,0.0030876169599773
1991-08-07,2228.8566666666666,2253.9,2222.5958333333333,2253.9,6600.0,2253.9,2230.14,2229.5200000000004,2169.536,2192.248,2328.3935,False,False,False,False,False,False,True,True,False,True,False,-0.086073028972004,-0.2111007586849461,,,0.0374302320422379,0.0273534761968144,-0.2555570344735791,-0.2277385864501532,0.000532786436571,-0.2106103555922353,2128.7,2084.9,1.0819672131147542,0.0002304640254874,-5.3125910655133126e-08,-0.0002290905069148
1991-08-08,2253.94382022472,2253.94382022472,2222.6390449438204,2228.9,2700.0,2228.9,2240.16,2230.1500000000005,2169.788,2192.832,2324.455,False,False,False,False,False,False,True,True,False,True,False,-0.1151689174032031,-0.1909910718291532,,,0.0265207052806317,0.0161819731706223,-0.2472071425366772,-0.2190766745928486,0.0002663222718383,-0.2116718606371772,2128.7,2178.8,0.4090909090909091,0.0001161403786913,-0.0001143236467961,-0.0002664641647327
1991-08-09,2253.908571428572,2253.908571428572,2191.3,2191.3,8900.0,2191.3,2241.4,2223.26,2172.0400000000004,2193.249333333333,2319.617,False,False,False,False,False,False,True,True,True,False,False,-0.1085656915985944,-0.1942682425957195,,,0.0087893031533791,-0.0008895784846132,-0.2371195180942817,-0.2056769953908641,0.0001902808435824,-0.210069897357934,2128.7,2172.6,3.2962962962962963,0.0010368133183552,0.0009206729396639,-7.604142825589778e-05
1991-08-12,2191.318181818181,2191.318181818181,2066.1,2066.1,4200.0,2066.1,2198.82,2207.61,2169.284,2192.581333333333,2315.291,False,False,False,False,False,True,False,False,False,True,False,-0.1060452059435651,-0.1817917816175403,,,-0.0499414355549103,-0.0612174305858057,-0.2120904118871302,-0.1666424664827454,-0.0003046637266516,-0.2078718614247989,2135.0,2191.3,0.4719101123595505,-0.0012704652779443,-0.0023072785962996,-0.000494944570234
1991-08-13,2066.114285714286,2066.114285714286,1972.2000000000005,1972.2000000000005,3900.0,1972.2,2142.4800000000005,2181.31,2161.772,2190.828,2310.4955,False,False,False,False,False,False,False,False,False,True,False,-0.1110942095122201,-0.1428354122299973,,,-0.0961220971503901,-0.1108548828719193,-0.1682385153635535,-0.1555623161951122,-0.0008003062464662,-0.2032035795003919,2203.9,2279.0,0.9285714285714286,-0.0034749270505863,-0.0022044617726419,-0.0004956425198145
1991-08-14,1953.461398176292,2059.9,1953.461398176292,2059.9,6400.0,2059.9,2103.6800000000003,2166.91,2158.768,2189.9106666666667,2305.854,False,False,False,False,False,False,False,False,False,False,False,-0.1368027574154086,-0.2067090635467742,,,-0.0479965046846934,-0.0631150379468258,-0.1884557502791395,-0.1793290936453227,-0.000418890755361,-0.2025280237757915,2191.3,2366.6,1.641025641025641,-0.0013915344307493,0.002083392619837,0.0003814154911051
1991-08-15,2003.504761904762,2034.809523809524,1972.2000000000005,1972.2000000000005,4700.0,1972.2,2052.34,2146.25,2148.752,2187.824,2300.7740000000003,False,False,False,False,False,False,False,False,False,True,False,-0.0856911063786634,-0.1047561099279994,,,-0.0895203326234658,-0.1093317107798395,-0.1492242166108915,-0.1428354122299973,-0.0009537634959057,-0.1971857891671522,2285.3,2423.0,0.734375,-0.0046613103792341,-0.0032697759484847,-0.0005348727405446
1991-08-16,1947.1391025641024,1959.660897435897,1947.1391025641024,1953.4,4100.0,1953.4,2004.76,2123.0800000000004,2137.984,2185.236,2295.458,False,False,False,False,False,False,False,False,False,True,False,-0.0961400634790622,-0.108938261492782,,,-0.0944937032865771,-0.1186833213883484,-0.150609194225453,-0.1250127981980135,-0.0011843114427916,-0.1901953765284401,2279.0,2379.2,0.8723404255319149,-0.0050365203855594,-0.0003752100063253,-0.0002305479468858
1991-08-19,1940.915254237288,1953.4372881355928,1847.0,1847.0,7200.0,1847.0,1960.94,2079.88,2122.96,2180.477333333333,2289.752,False,False,False,False,False,False,False,False,False,True,False,-0.084731997834326,-0.0644288034650783,,,-0.1494098538170005,-0.1805508031041325,-0.0711965349214943,-0.1016783974011911,-0.0021823967596087,-0.17758716849049,2247.7,2354.1,1.7560975609756098,-0.0070769114820815,-0.002040391096522,-0.0009980853168171
1991-08-20,1753.1,1778.1442857142856,1690.4892857142856,1753.1,17100.0,1753.1,1917.12,2029.8,2105.432,2175.218666666666,2283.719,False,False,False,False,False,False,False,False,False,True,False,-0.0357081740916092,-0.0428954423592492,,,-0.2009765558154126,-0.2407841347707867,-0.0178540870458048,-0.0714163481832182,-0.002417534727543,-0.1631540053207212,2235.2,2341.6,2.375,-0.0083251323243877,-0.0012482208423061,-0.0002351379679342
1991-08-21,1815.6654929577464,1840.7091549295767,1778.1,1778.1,18800.0,1778.1,1860.76,1982.22,2090.404,2170.544,2278.6645000000003,False,False,False,False,False,False,False,False,False,False,False,-0.0809853214104943,-0.0739553455936111,,,-0.175639165401271,-0.2207097463584725,-0.0140599516337663,-0.0915584050390866,-0.0021536843605411,-0.1493880598520851,2253.9,2235.2,1.0994152046783623,-0.0071890409700707,0.0011360913543169,0.0002638503670019
1991-08-22,1815.7222222222224,1859.55,1803.2000000000005,1803.2000000000005,47300.0,1803.2,1826.9600000000005,1939.65,2077.384,2166.788,2273.7355,False,False,False,False,False,False,False,False,False,False,False,-0.0208518189884652,-0.0937777284826977,,,-0.152054125998225,-0.2016348713398399,-0.0208518189884652,-0.1007098491570544,-0.0017334413888206,-0.136854587167788,2304.0,2266.5,2.515957446808511,-0.0062674979685989,0.0009215430014717,0.0004202429717204
1991-08-23,1759.3390070921985,1771.8609929078011,1753.078014184397,1765.6,14900.0,1765.6,1789.4,1897.08,2065.364,2162.0293333333334,2268.761,False,False,False,False,False,False,False,False,False,False,False,-0.014159492523788,-0.0638309922972359,,,-0.1697802446760309,-0.224529527261743,0.07091073855913,-0.106366107838695,-0.0022010185492395,-0.1260674299449679,2260.2,2291.5,0.3150105708245243,-0.0058197973819626,0.0004477005866362,-0.0004675771604188
1991-08-26,1765.6333333333332,1765.6333333333332,1690.4999999999998,1690.4999999999998,9200.0,1690.5,1758.1,1859.52,2055.3479999999995,2156.6040000000003,2263.838,False,False,False,False,False,False,False,False,False,False,False,0.0221827861579417,-0.0148476782017152,,,-0.2158225377107363,-0.2757196095829639,0.1110913930789708,-0.0333629103815438,-0.0025156836087353,-0.1131313457236275,2253.9,2285.3,0.6174496644295302,-0.0048731407041535,0.0009466566778091,-0.0003146650594958
1991-08-27,1715.5444444444445,1734.3277777777776,1677.9777777777776,1690.4999999999998,9000.0,1690.5,1745.58,1831.35,2045.332,2151.678666666667,2261.8345,False,False,False,False,False,False,False,False,False,True,False,-0.0074534161490681,-0.0148476782017152,,,-0.2098976634131915,-0.2728060731538997,0.1296066252587992,-0.0370304643596567,-0.002289065467644,-0.1015371174270346,2241.4,2228.9,0.9782608695652174,-0.0048970044960912,-2.386379193776867e-05,0.0002266181410912
1991-08-28,1665.4045977011492,1665.4045977011492,1627.83908045977,1634.1,10500.0,1634.1,1716.78,1788.77,2028.052,2145.6680000000006,2259.4240000000004,False,False,False,False,False,False,False,False,False,True,False,0.0076494706566305,0.0268037451808336,,,-0.2410819411296738,-0.3130579523896951,0.1532953919588764,-0.0076494706566305,-0.0028013032149738,-0.0840018560239719,2241.4,2191.3,1.1666666666666667,-0.0085204915850284,-0.0036234870889371,-0.0005122377473297
1991-08-29,1690.468085106383,1771.8609929078011,1690.468085106383,1765.6,7700.0,1765.6,1709.2599999999998,1768.11,2009.772,2140.158666666667,2257.6710000000003,False,False,False,False,False,False,False,False,False,True,False,-0.0744789306751246,-0.049671499773448,,,-0.138294064340734,-0.2121424256154662,0.0638309922972361,-0.0957748074309016,-0.0025742639642294,-0.0786150182963729,2222.6,2191.3,0.7333333333333333,-0.0090955590982459,-0.0005750675132174,0.0002270392507443
1991-08-30,1740.5999999999997,1771.9057553956832,1740.5999999999997,1740.5999999999997,7100.0,1740.6,1704.2599999999998,1746.83,1988.988,2134.3986666666674,2255.6365,False,False,False,False,False,False,False,False,False,True,False,-0.0503849247385956,-0.0395840514765018,,,-0.1427025163736645,-0.2262430579493667,0.0467080317132025,-0.0647477881190391,-0.0026986523604773,-0.0720447897047794,2135.0,2128.7,0.922077922077922,-0.0104495351404834,-0.0013539760422374,-0.0001243883962478
1991-09-02,1753.0434782608695,1753.0434782608695,1659.1304347826087,1728.0000000000002,11300.0,1728.0,1711.7599999999998,1734.9300000000003,1969.204,2128.2213333333343,2253.1945,False,False,False,False,False,False,False,False,False,False,False,-0.0362268518518519,-0.0579282407407408,,,-0.1395856481481479,-0.2316095679012349,0.0688657407407406,-0.0833333333333333,-0.002902580308063,-0.0700143521640645,2135.0,2128.7,1.591549295774648,-0.0100466990723155,0.0004028360681678,-0.0002039279475857
1991-09-03,1753.029850746269,1753.029850746269,1677.9,1677.9,3100.0,1677.9,1709.2399999999998,1727.4100000000003,1946.912,2120.2066666666674,2250.1575,False,False,False,False,False,False,False,False,False,True,False,-0.0074497884260087,-0.0223493652780261,,,-0.1603265987245961,-0.2636072868863861,0.0821264676083198,-0.052208117289469,-0.0037801346409627,-0.0681424792029688,2160.0,2128.7,0.2743362831858407,-0.0114499268585328,-0.0014032277862172,-0.0008775543328997
1991-09-04,1684.165019011407,1684.165019011407,1646.6,1646.6,12100.0,1646.6,1711.7400000000002,1714.2599999999998,1924.62,2110.6066666666675,2246.714,False,False,False,False,False,False,False,False,False,True,False,0.0190088667557392,0.0152435321268071,,,-0.1688448925057694,-0.2817968338799147,0.0988703996113204,-0.019008866755739,-0.0045484552624679,-0.060994248247057,2135.0,2128.7,3.903225806451613,-0.0115825461649573,-0.0001326193064244,-0.0007683206215051
1991-09-05,1646.6218390804595,1659.1436781609193,1634.1,1634.1,60400.0,1634.1,1685.44,1697.35,1902.832,2100.0880000000006,2243.458,False,False,False,False,False,False,False,False,False,False,False,0.0268037451808336,0.0268037451808336,,,-0.1644526038798113,-0.2851649225873574,0.0804724313077535,-0.0037941374456886,-0.0050086790013879,-0.0512681532977878,2222.6,2128.7,4.991735537190083,-0.0114503014454246,0.0001322447195326,-0.00046022373892
1991-09-06,1646.6390151515152,1652.9,1640.3780303030303,1652.9,32800.0,1652.9,1667.9,1686.08,1881.544,2090.4040000000005,2240.453,False,False,False,False,False,False,False,False,False,False,False,0.0113739488172305,0.0038114828483271,,,-0.1383289975195111,-0.2646887289007201,0.0643717103273031,-0.0454352955411701,-0.004632597335252,-0.0449266938698046,2222.6,2128.7,0.543046357615894,-0.0113141122397347,0.0001361892056898,0.0003760816661359
1991-09-09,1665.4,1690.4436090225563,1659.139097744361,1665.4,19000.0,1665.4,1655.38,1683.5700000000002,1857.0,2081.221333333334,2237.5730000000003,False,False,False,False,False,False,False,False,False,True,False,-0.0225171130058844,0.0300828629758616,,,-0.115047436051399,-0.2496825587446461,0.0601657259517232,-0.0300828629758617,-0.0044121528640874,-0.0446194693419344,2222.6,2135.0,0.5792682926829268,-0.0132170166935918,-0.001902904453857,0.0002204444711645
1991-09-10,1652.878195488722,1684.1827067669174,1652.878195488722,1665.4,9000.0,1665.4,1652.88,1681.06,1833.46,2072.205333333334,2234.317,False,False,False,False,False,False,False,False,False,False,False,-0.0150114086705896,0.0338657379608498,,,-0.1009126936471718,-0.2442688443216847,0.0300828629758616,-0.0300828629758617,-0.0043509201790813,-0.043942512462375,2191.3,2203.9,0.4736842105263157,-0.0128391129340154,0.0003779037595764,6.12326850060723e-05
1991-09-11,1665.3783582089554,1684.1608208955226,1659.117537313433,1677.9,4700.0,1677.9,1659.14,1685.44,1810.42,2064.774666666667,2230.967,False,False,False,False,False,False,False,False,False,False,True,-0.0036950950593,0.0448179271708682,,,-0.0789796769771738,-0.2305707531239448,0.0261636569521422,-0.0671672924488946,-0.0035987784946347,-0.0497733529523448,2153.8,2191.3,0.5222222222222223,-0.0127263286972083,0.000112784236807,0.0007521416844466
1991-09-12,1690.421641791045,1690.421641791045,1677.9,1677.9,7500.0,1677.9,1667.9,1676.67,1788.38,2056.9266666666667,2227.7735,False,False,False,False,False,False,False,False,False,False,False,0.0,0.0522677155968769,,,-0.0658442100244353,-0.2258934779585593,0.0448179271708682,-0.0783121759342035,-0.0038154009703799,-0.0477851932699935,2128.7,2285.3,1.5957446808510638,-0.0123240027287265,0.0004023259684818,-0.0002166224757452
1991-09-13,1684.222097378277,1690.483146067416,1659.177902621723,1671.7000000000005,9600.0,1671.7,1671.6600000000003,1669.78,1767.596,2048.6626666666666,2224.236,False,False,False,False,False,False,False,False,False,False,False,-0.0074774181970451,0.131064186157803,,,-0.0573643596339052,-0.2254966002671926,0.0449243285278452,-0.101154513369624,-0.0040338510260677,-0.0513600594090239,2066.1,2279.0,1.28,-0.0117583429697736,0.0005656597589528,-0.0002184500556878
1991-09-17,1665.4669230769232,1671.728076923077,1627.9,1627.9,98400.0,1627.9,1664.1600000000003,1659.77,1750.068,2039.897333333333,2219.8535,False,False,False,False,False,False,False,False,False,False,False,0.053811659192825,0.1538178020762945,,,-0.0750463787701946,-0.2530851608411653,0.0653602801154862,-0.0884575219608084,-0.0042969482777892,-0.0516698096724246,1940.9,2247.7,10.25,-0.0100156108219795,0.0017427321477941,-0.0002630972517214
1991-09-18,1627.87786259542,1671.7053435114506,1627.87786259542,1640.4,45100.0,1640.4,1659.1600000000003,1656.02,1736.796,2032.0506666666663,2215.4710000000005,False,False,False,False,False,False,False,False,False,False,False,0.0496220434040474,0.1641063155327967,,,-0.0587637161667885,-0.2387531496382993,0.0648622287247009,-0.1336259448914899,-0.0038614522734998,-0.0597335780968829,1940.9,2235.2,0.4583333333333333,-0.0076416573967235,0.0023739534252559,0.0004354960042894
1991-09-19,1652.9168539325844,1671.7000000000005,1646.655805243446,1671.7000000000005,11400.0,1671.7,1657.92,1658.53,1721.2679999999998,2025.1226666666669,2210.5560000000005,False,False,False,False,False,False,False,False,False,True,False,0.0486929472991561,0.1273553867320687,,,-0.0296512532152893,-0.2114151263185178,0.0486929472991561,-0.1573248788658254,-0.0034210273352985,-0.0736133805237167,2066.1,2253.9,0.2527716186252771,-0.0090212564225909,-0.0013795990258673,0.0004404249382012
1991-09-20,1671.6391791044778,1684.1608208955226,1671.6391791044778,1677.9,18600.0,1677.9,1657.92,1662.9100000000003,1709.496,2018.2773333333337,2205.171500000001,False,False,False,False,False,False,False,False,False,False,False,0.0522677155968769,0.1194350080457714,,,-0.0188306812086536,-0.2028591294673899,0.0522677155968769,-0.1641337386018237,-0.0033916713130933,-0.0896079763787578,2222.6,2304.0,1.631578947368421,-0.0068862401549928,0.002135016267598,2.9356022205238863e-05
1991-09-24,1684.2445283018867,1709.2890566037736,1659.2,1659.2,18800.0,1659.2,1655.4200000000003,1663.5400000000002,1697.728,2012.0173333333328,2198.911000000001,False,False,False,False,False,False,False,False,False,True,False,0.1395853423336547,0.0980593056894889,,,-0.0232208293153327,-0.2126430408228861,0.0679243008678881,-0.2000361620057859,-0.0031113052041305,-0.1050110006371955,2260.2,2260.2,1.010752688172043,-0.0069316168432163,-4.537668822348403e-05,0.0002803661089627
1991-09-25,1665.412408759124,1759.3266423357663,1665.412408759124,1715.5,38500.0,1715.5,1672.94,1668.55,1692.468,2006.508,2193.7145000000005,False,False,False,False,True,False,False,False,False,False,True,0.0948994462255901,0.0766540367239871,,,0.0134258233751092,-0.1696345088895366,0.0401632177207811,-0.1970853978431943,-0.0027457320545608,-0.1219561895058583,2222.6,2253.9,2.047872340425532,-0.0031078874164829,0.0038237294267334,0.0003655731495697
1991-09-26,1709.277818181818,1721.7999999999995,1677.9723636363635,1721.7999999999995,9700.0,1721.8,1689.22,1674.19,1691.2160000000003,2001.082666666667,2188.549500000001,False,False,False,False,False,False,False,False,False,False,False,0.1090719014984321,0.0545359507492162,,,0.017762806365431,-0.1622038951484884,0.0181786502497388,-0.218201881751655,-0.0027111990042722,-0.1409935550923132,2235.2,2241.4,0.2519480519480519,-0.0007402957398698,0.002367591676613,3.453305028857474e-05
1991-09-27,1740.577857142857,1759.3610714285714,1740.577857142857,1753.1,14900.0,1753.1,1705.5,1681.7099999999998,1690.2160000000003,1996.0746666666664,2183.572000000001,False,False,False,False,False,False,False,False,False,False,False,0.0750099823170384,0.0321145399577891,,,0.035870172836689,-0.1385971517122049,0.0071302264559922,-0.2071758599053105,-0.0025089241818611,-0.1552586355554762,2203.9,2241.4,1.5360824742268042,-0.000591640358392,0.0001486553814777,0.000202274822411
1991-09-30,1753.078014184397,1784.3829787234042,1728.0340425531915,1765.6,21300.0,1765.6,1723.0399999999995,1690.48,1688.7120000000004,1991.2333333333336,2179.721500000001,False,False,False,False,False,False,False,False,False,True,False,0.0638309922972361,0.0,,,0.04354780244676,-0.1277941398580276,0.0212958767557774,-0.1950611690077027,-0.0024313239700685,-0.1670531446689698,2178.8,2222.6,1.429530201342282,-0.0008906195964734,-0.0002989792380814,7.760021179262569e-05
1991-10-01,1765.5814569536424,1890.8,1765.5814569536424,1890.8,59000.0,1890.8,1769.36,1712.39,1693.7200000000005,1988.061333333333,2177.279500000001,False,False,False,False,False,False,True,False,True,False,False,-0.0364396022847471,-0.0695472815739372,,,0.1042310133276917,-0.0514392497003031,-0.0331076792891897,-0.2284747196953669,-0.0015955242158862,-0.1802685135979537,2185.1,2135.0,2.7699530516431925,0.002956805138984,0.0038474247354575,0.0008357997541822
1991-10-02,1878.3,1965.954,1878.3,1878.3,42200.0,1878.3,1801.92,1737.4299999999998,1701.2320000000009,1984.6386666666665,2174.681000000001,False,False,False,False,False,False,True,False,False,False,False,-0.0166640046850875,-0.0600010647926316,,,0.0942703508491716,-0.0566143143622778,-0.0499920140552626,-0.2133312037480701,-0.0017245792517059,-0.1924451632583757,2279.0,2135.0,0.7152542372881356,0.0044156235010865,0.0014588183621024,-0.0001290550358196
1991-10-03,1878.295081967213,1915.8609836065573,1846.9901639344264,1909.6,15900.0,1909.6,1839.48,1764.35,1709.9960000000003,1980.714666666666,2172.0200000000004,False,False,False,False,False,False,True,False,False,False,False,-0.0491726015919563,-0.1016443234185169,,,0.104526602429828,-0.0372406088535118,-0.0590175953079177,-0.1803519061583578,-0.0019811031169896,-0.1966049820047042,2253.9,2160.0,0.3767772511848341,0.0051251581875042,0.0007095346864177,-0.0002565238652837
1991-10-04,1909.644518272425,1915.905647840532,1878.3388704318936,1884.6,13600.0,1884.6,1865.78,1785.64,1720.0160000000003,1976.625333333333,2169.5470000000005,False,False,False,False,False,False,True,False,False,False,False,-0.0399023665499309,-0.0863843786479891,,,0.0873309986203967,-0.0488301673210936,-0.046535073755704,-0.2159609466199724,-0.0020688459590047,-0.202325216729016,2253.9,2135.0,0.8553459119496856,0.005825527204398,0.0007003690168938,-8.774284201512432e-05
1991-10-07,1878.3,1890.822,1859.517,1878.3,10100.0,1878.3,1888.32,1805.68,1724.5240000000006,1971.1986666666653,2167.9820000000004,False,False,False,False,False,False,True,False,False,True,False,-0.0600010647926316,-0.0666560187403503,,,0.0818697758611507,-0.0494589078776902,-0.063355161582282,-0.183357291167545,-0.0027529780526099,-0.2039010234371539,2228.9,2222.6,0.7426470588235294,0.0026140546608804,-0.0032114725435175,-0.0006841320936052
1991-10-08,1878.2474226804125,1878.2474226804125,1815.639175257732,1821.9,3600.0,1821.9,1874.54,1821.95,1727.7760000000003,1965.1039999999991,2165.6340000000005,False,False,False,False,False,False,True,False,False,True,False,-0.0343597343432683,-0.0412207036610135,,,0.0516625500850759,-0.0786014600142702,-0.0343597343432683,-0.1374389373730721,-0.0031014473873476,-0.1976069595762781,2191.3,2222.6,0.3564356435643564,0.0018821884318335,-0.0007318662290468,-0.0003484693347376
1991-10-09,1828.2169491525424,1865.7830508474576,1828.2169491525424,1847.0,6200.0,1847.0,1868.28,1835.1,1732.536,1959.761333333332,2163.5995000000003,False,False,False,False,False,False,True,False,False,False,False,-0.0440714672441798,-0.0610178668110448,,,0.0619729290741743,-0.0610510738133903,-0.0271250676773145,-0.1186247969680562,-0.0027261823038317,-0.1897062830363468,2066.1,2222.6,1.7222222222222223,0.0027474176582765,0.0008652292264429,0.0003752650835158
1991-10-11,1847.0051724137927,1853.266206896552,1815.7,1815.7,5200.0,1815.7,1849.5,1844.49,1738.0479999999998,1954.1679999999992,2161.4710000000005,False,False,False,False,False,False,True,False,False,False,False,-0.0551853279726827,-0.0379467973784218,,,0.0427669769235007,-0.0762614969433271,-0.0241229277964421,-0.1034311835655669,-0.0028622581750048,-0.1785534212709203,1972.2000000000005,2191.3,0.8387096774193549,0.0031713738630922,0.0004239562048157,-0.000136075871173
1991-10-14,1815.66089965398,1815.66089965398,1803.139100346021,1809.4,1400.0,1809.4,1834.46,1850.12,1744.56,1948.2413333333327,2159.3110000000006,False,False,False,False,False,False,True,False,False,False,False,-0.0484138388416052,-0.0311152868354151,,,0.0358350834530784,-0.0767333554401086,-0.0103901845915775,-0.1003094948601746,-0.0030420598132605,-0.1681890904373771,2059.9,2153.8,0.2692307692307692,0.0037327463658459,0.0005613725027537,-0.0001798016382557
1991-10-15,1759.3390070921985,1765.6,1759.3390070921985,1765.6,2900.0,1765.6,1811.92,1850.12,1749.82,1941.0626666666665,2157.1825000000003,False,False,False,False,False,False,True,False,False,True,False,-0.0070797462618939,0.0,,,0.0089374716810149,-0.0993784926748224,-0.014159492523788,-0.0602628001812414,-0.003698317828653,-0.1553250599961083,1972.2000000000005,2128.7,2.071428571428572,0.0030060234767004,-0.0007267228891454,-0.0006562580153925
1991-10-16,1778.08256227758,1778.08256227758,1753.039145907473,1759.2999999999995,8400.0,1759.3,1799.4,1836.97,1754.0759999999998,1934.384,2155.1790000000005,False,False,False,False,False,False,True,False,False,True,False,-0.0071050986187688,0.0071619394077193,,,0.0029693628147557,-0.099519126925482,-0.0071050986187688,-0.1031660319445231,-0.0034526064456004,-0.1428003723522975,1953.4,2066.1,2.896551724137931,0.0024263486872859,-0.0005796747894144,0.0002457113830525
1991-10-17,1771.8609929078011,1771.8609929078011,1759.3390070921985,1765.6,4500.0,1765.6,1783.12,1825.7,1758.0839999999996,1927.8733333333328,2152.9250000000006,False,False,False,False,False,False,True,False,False,True,False,-0.0177276846397823,0.0106479383778886,,,0.0042569098323517,-0.091908322005739,-0.0106479383778887,-0.1099342999546895,-0.0033771236699509,-0.1323656679629731,1847.0,1940.9,0.5357142857142857,0.0022797545509769,-0.000146594136309,7.548277564953373e-05
1991-10-18,1765.587591240876,1784.3704379562043,1690.456204379562,1715.5,17500.0,1715.5,1763.08,1806.29,1760.0879999999995,1920.8613333333333,2150.483,False,False,False,False,False,False,True,False,False,True,False,0.0182454095016027,0.021917808219178,,,-0.0259912561935292,-0.1197093170115612,0.0182454095016027,-0.0948994462255901,-0.0036504457028302,-0.1237342840850583,1753.1,1940.9,3.888888888888889,0.0011385794346645,-0.0011411751163124,-0.0002733220328793
1991-10-21,1753.1054545454544,1753.1054545454544,1721.7999999999995,1721.7999999999995,6500.0,1721.8,1745.56,1790.0099999999998,1761.844,1913.9333333333327,2148.4485000000004,False,False,False,False,False,False,True,False,False,True,False,0.0181786502497388,0.025438494598676,,,-0.0232570565687074,-0.1115886475393969,0.0109188059008015,-0.1273086305029618,-0.0036197708035808,-0.1143680761559989,1778.1,2066.1,0.3714285714285714,0.0009966830207444,-0.00014189641392,3.0674899249452745e-05
1991-10-22,1728.0557142857142,1753.1,1728.0557142857142,1753.1,18700.0,1753.1,1743.06,1777.4899999999998,1764.852,1907.6733333333327,2147.353,False,False,False,False,False,False,True,False,True,False,False,0.0071302264559922,0.0285779476356172,,,-0.0067035537048657,-0.0881714296579392,-0.0071302264559923,-0.1428897381780845,-0.0032814842513218,-0.1098909135916373,1803.2000000000005,2222.6,2.876923076923077,0.0017043922096583,0.0007077091889139,0.0003382865522589
1991-10-23,1753.0609318996414,1753.0609318996414,1728.017204301075,1746.7999999999995,6700.0,1746.8,1740.56,1769.98,1767.8560000000004,1902.4973333333328,2146.3825,False,False,False,False,False,False,True,False,False,True,False,0.0143691321273188,0.0465994962216627,,,-0.0120540416762084,-0.0891328906190367,-0.0035493473780626,-0.1756354476757497,-0.0027206345624314,-0.113543655860518,1765.6,2260.2,0.3582887700534759,0.0016992334217268,-5.1587879315354544e-06,0.0005608496888903
1991-10-24,1721.7779783393505,1746.82202166065,1721.7779783393505,1734.3000000000002,31100.0,1734.3,1734.3,1758.7099999999998,1772.112,1897.1546666666663,2145.1305,False,False,False,False,False,False,True,False,False,False,False,0.0288877356858674,0.0288877356858674,,,-0.0218024563224355,-0.0939022468238863,-0.0072075188836998,-0.166061235080436,-0.0028161471284012,-0.118188899818617,1690.4999999999998,2222.6,4.641791044776119,0.0024016540715257,0.0007024206497988,-9.551256596981556e-05
1991-10-25,1734.2781362007167,1746.7999999999995,1734.2781362007167,1746.7999999999995,22400.0,1746.8,1740.56,1751.8199999999997,1776.3680000000004,1891.645333333333,2143.7845,False,False,False,False,False,False,True,False,False,True,False,0.0036065949164188,0.0286810167162815,,,-0.0169269521410584,-0.0829203877566598,-0.0465994962216621,-0.1397984886649872,-0.002912455752805,-0.1218732518181089,1690.4999999999998,2235.2,0.7202572347266881,0.0023958999486594,-5.7541228662819945e-06,-9.630862440371604e-05
1991-10-28,1771.8832142857143,1771.8832142857143,1740.577857142857,1753.1,9500.0,1753.1,1746.8199999999997,1746.1899999999998,1779.6240000000005,1886.553333333333,2142.501,False,False,False,False,False,False,True,False,False,True,False,0.0071302264559922,0.0249843135017969,,,-0.0151297701214993,-0.0761241990378946,-0.0357081740916092,-0.0928640693628429,-0.0026991020662017,-0.121195288027076,1634.1,2203.9,0.4241071428571428,0.0018295999604411,-0.0005662999882183,0.0002133536866032
1991-10-29,1771.8609929078011,1771.8609929078011,1759.3390070921985,1765.6,6300.0,1765.6,1749.3199999999997,1746.1899999999998,1783.132,1880.46,2141.28,False,False,False,False,False,False,True,False,False,False,False,0.0212958767557774,-0.0035681921159947,,,-0.009929768917082,-0.0650543724512914,-0.042535115541459,-0.099286361576801,-0.0032403419021585,-0.1251410213092504,1765.6,2178.8,0.6631578947368421,0.0019673249092044,0.0001377249487633,-0.0005412398359567
1991-10-30,1778.1611307420494,1784.422261484099,1771.9,1771.9,27600.0,1771.9,1754.3399999999997,1747.45,1787.6400000000003,1874.4506666666664,2139.903,False,False,False,False,False,False,True,False,False,False,False,0.0317738021333032,-0.0071110107793896,,,-0.0088831198148881,-0.0578761028650975,-0.0353857441164848,-0.1237090129239799,-0.0032059170402281,-0.1272082176886319,1740.5999999999997,2185.1,4.380952380952381,0.0025217605334408,0.0005544356242364,3.442486193039633e-05
1991-10-31,1771.877894736842,1784.4,1771.877894736842,1784.4,4600.0,1784.4,1764.36,1749.33,1790.396,1868.608,2138.2125,False,False,False,False,False,False,True,False,False,True,False,0.0,0.0070051557946648,,,-0.0033602331315847,-0.047191212732571,-0.0701636404393633,-0.1053015019054024,-0.0031267481818907,-0.126717085970057,1728.0000000000002,2279.0,0.1666666666666666,0.0015393242612246,-0.0009824362722162,7.916885833741385e-05
1991-11-01,1784.4053571428572,1790.6664285714287,1753.1,1753.1,32000.0,1753.1,1765.62,1753.0899999999997,1791.648,1862.7653333333333,2136.303,False,False,False,False,False,False,True,False,False,True,False,0.0249843135017969,0.0107238605898124,,,-0.0219884775540471,-0.0625550928830833,-0.0714163481832182,-0.1178483828646397,-0.0031365554007876,-0.1289437507486779,1677.9,2253.9,6.956521739130435,0.0006987979781742,-0.0008405262830504,-9.80721889693413e-06
1991-11-05,1803.1659574468083,1803.1659574468083,1753.078014184397,1765.6,20600.0,1765.6,1768.12,1757.4699999999998,1792.1479999999997,1857.5893333333336,2134.1745,False,False,False,False,False,False,True,False,False,True,False,0.0177276846397826,0.0141594925237878,,,-0.0150362483008607,-0.052100891104063,-0.0851268690530131,-0.1312301767104666,-0.0027864070422452,-0.1293336443865327,1646.6,2253.9,0.64375,0.0002789948151602,-0.000419803163014,0.0003501483585423
1991-11-06,1790.677777777778,1803.2000000000005,1765.6333333333334,1803.2000000000005,4300.0,1803.2,1775.64,1762.48,1793.6519999999996,1853.2493333333327,2131.451,False,False,False,True,True,False,True,False,False,False,False,-0.0243456078083412,-0.0347160603371787,,,0.0052950310559011,-0.0277558414670212,-0.1007098491570544,-0.1493456078083409,-0.0023418327593267,-0.1300326812219146,1634.1,2228.9,0.2087378640776699,0.0008385127103807,0.0005595178952205,0.0004445742829185
1991-11-07,1803.1561643835616,1846.9828767123288,1790.6342465753426,1828.2,10000.0,1828.2,1786.9000000000003,1770.62,1791.1479999999997,1850.0773333333336,2128.4144999999994,False,False,False,False,False,False,False,False,False,True,False,-0.0376873427414946,-0.0445246690734058,,,0.020266929219998,-0.0119665973817599,-0.1369653210808445,-0.1746526638223388,-0.0017145229244468,-0.1301408546158971,1652.9,2191.3,2.3255813953488373,-0.0013979860960679,-0.0022364988064487,0.0006273098348798
1991-11-08,1828.2273684210527,1834.488421052632,1784.4,1784.4,18000.0,1784.4,1786.9,1775.6300000000003,1787.3919999999996,1847.9906666666668,2124.8145,False,False,False,False,False,False,False,False,False,True,False,0.0070051557946648,-0.0210715086303522,,,-0.0016767540910107,-0.0356370021669282,-0.0842299932750505,-0.1543936337144138,-0.0011291543319483,-0.1290696823099409,1665.4,2066.1,1.8,-0.0021013857061014,-0.0007033996100335,0.0005853685924985
1991-11-11,1796.9,1815.6829268292684,1796.9,1796.9,7800.0,1796.9,1795.66,1780.64,1782.8839999999996,1846.070666666667,2121.4335,False,False,False,False,False,False,False,False,False,True,False,-0.0139128499081751,-0.0278813512159834,,,0.0078001001725196,-0.0273641642087299,-0.0940508653792642,-0.146363181034003,-0.0010400468598889,-0.1297623326444425,1665.4,1972.2000000000005,0.4333333333333333,-0.0025284875516298,-0.0004271018455284,8.910747205937352e-05
1991-11-12,1796.9,1803.160975609756,1790.639024390244,1796.9,12400.0,1796.9,1801.92,1785.02,1779.3759999999995,1842.4813333333327,2118.2715,False,False,False,False,False,False,False,False,False,False,False,-0.0035060381768603,-0.0313317379932107,,,0.0097523512716347,-0.0253666499712466,-0.0975569035561245,-0.1359007179030552,-0.0019480975293465,-0.1340041007943888,1677.9,2059.9,1.5897435897435896,-0.0019714776416002,0.0005570099100296,-0.0009080506694575
1991-11-13,1796.86512455516,1796.86512455516,1759.2999999999995,1759.2999999999995,22500.0,1759.3,1793.14,1784.39,1774.6159999999998,1836.3040000000003,2115.078,False,False,False,False,False,False,False,False,False,True,False,-0.010629227533678,-0.010629227533678,,,-0.0087057352356052,-0.0437696811231744,-0.0925368044108449,-0.1245381685897797,-0.0033640036362894,-0.1365060328739794,1677.9,1972.2000000000005,1.814516129032258,-0.0026822704179381,-0.0007107927763379,-0.0014159061069428
1991-11-14,1778.08256227758,1778.08256227758,1759.2999999999995,1759.2999999999995,2000.0,1759.3,1779.36,1783.13,1772.112,1829.6253333333327,2112.323,False,False,False,False,False,False,False,False,False,False,False,-0.0071050986187688,-0.010629227533678,,,-0.0072824418802936,-0.0399734742984898,-0.0746887966804976,-0.1245381685897797,-0.003650291972346,-0.1365968830090908,1671.7000000000005,1953.4,0.0888888888888888,-0.0014130032413299,0.0012692671766082,-0.0002862883360565
1991-11-15,1759.334146341463,1796.9,1759.334146341463,1796.9,3900.0,1796.9,1781.86,1784.38,1770.1080000000002,1823.949333333333,2109.7245000000003,False,False,False,False,False,False,False,False,False,False,False,-0.0278813512159834,-0.0417942011241585,,,0.0149101229895931,-0.0150533325913144,-0.1184818298180198,-0.1323946797261951,-0.0031119285477226,-0.1393032874163574,1627.9,1847.0,1.95,-0.0011321343104488,0.0002808689308811,0.0005383634246233
1991-11-18,1784.422261484099,1784.422261484099,1771.9,1771.9,15300.0,1771.9,1776.86,1786.2599999999998,1768.3560000000004,1817.7720000000004,2107.1575000000007,False,False,False,False,False,False,False,False,False,False,False,-0.0141655849652918,-0.0601049720638862,,,0.0020001128731867,-0.0258885941644564,-0.1024888537727863,-0.1272080817201874,-0.0033982993099974,-0.1402091520831231,1640.4,1753.1,3.923076923076923,-0.0009907507311874,0.0001413835792613,-0.0002863707622747
1991-11-19,1771.8174825174822,1790.5999999999997,1771.8174825174822,1790.5999999999997,5900.0,1790.6,1775.6,1788.7599999999998,1767.6040000000005,1812.2613333333336,2105.1540000000005,False,False,False,False,False,False,False,False,False,False,False,-0.0279236010275885,-0.0559030492572321,,,0.012842622584608,-0.0120972485945124,-0.0979001452027252,-0.1398413939461631,-0.0030407682188588,-0.1410586104340435,1671.7000000000005,1778.1,0.3856209150326797,-0.0004254346561786,0.0005653160750088,0.0003575310911385
1991-11-20,1740.5999999999997,1771.9057553956832,1740.5999999999997,1740.5999999999997,6200.0,1740.6,1771.86,1782.4999999999995,1766.6040000000005,1806.418666666668,2102.744,False,False,False,False,False,True,False,False,False,True,False,0.0,-0.0287831782144087,,,-0.0149396759738026,-0.0378137806886521,-0.0647477881190391,-0.1151327128576351,-0.0032343923224881,-0.1376886395511918,1677.9,1803.2000000000005,1.0508474576271187,-0.0005660578148809,-0.0001406231587023,-0.0001936241036293
1991-11-21,1740.5390681003582,1753.0609318996414,1740.5390681003582,1746.7999999999995,12000.0,1746.8,1769.36,1774.36,1766.1040000000005,1800.5746666666666,2100.365,False,False,False,False,False,False,False,False,False,False,False,-0.0035493473780626,-0.0215250744217992,,,-0.0110510648042139,-0.0307846729257311,-0.0967483398213874,-0.1397984886649872,-0.0032456304690878,-0.1340877837642867,1659.2,1765.6,1.935483870967742,-0.0002831090354814,0.0002829487793994,-1.1238146599637596e-05
1991-11-22,1753.0609318996414,1753.0609318996414,1746.7999999999995,1746.7999999999995,3700.0,1746.8,1759.3399999999997,1770.6,1765.3520000000003,1793.4786666666669,2097.9545000000003,False,False,False,False,False,False,False,False,False,True,False,-0.0143118845889626,-0.0501488435997249,,,-0.0106205633157778,-0.0267223876040001,-0.0752805129379434,-0.1756354476757497,-0.0039565566805365,-0.1361402914266349,1715.5,1690.4999999999998,0.3083333333333333,-0.0004259773688194,-0.0001428683333379,-0.0007109262114487
1991-11-25,1746.7999999999995,1753.0609318996414,1746.7999999999995,1746.7999999999995,6000.0,1746.8,1754.3199999999997,1765.5899999999997,1766.6040000000005,1786.7173333333335,2095.7005,False,False,False,False,False,False,True,False,False,False,False,-0.0465994962216621,-0.0680673231051061,,,-0.0113373024959932,-0.0228516907106331,-0.0752805129379434,-0.2652278452026561,-0.0037842210444778,-0.1478712498371646,1721.7999999999995,1690.4999999999998,1.6216216216216215,0.000708704384231,0.0011346817530505,0.0001723356360586
1991-11-26,1753.1223021582732,1753.1223021582732,1721.8165467625895,1740.5999999999997,14200.0,1740.6,1744.3199999999997,1759.9599999999998,1767.3560000000004,1779.8733333333337,2093.4155,False,False,False,False,False,False,True,False,False,True,False,-0.0287831782144087,-0.0719866712627828,,,-0.0153717109042863,-0.0225631008464518,-0.1007698494771917,-0.269792025738251,-0.0038452174499307,-0.1611513898043136,1753.1,1634.1,2.3666666666666667,0.0004254943542783,-0.0002832100299527,-6.099640545293187e-05
1991-11-27,1740.5999999999997,1740.5999999999997,1740.5999999999997,1740.5999999999997,8600.0,1740.6,1744.3199999999997,1758.0899999999997,1766.8560000000004,1773.362666666667,2091.3185,False,False,False,False,False,False,False,False,False,True,False,-0.0287831782144087,-0.068367229690911,,,-0.0150844536366774,-0.0188226282124942,-0.1115132712857633,-0.2482477306675857,-0.0036713678420356,-0.1734382198863538,1765.6,1765.6,0.6056338028169014,-0.000282988540096,-0.0007084828943744,0.0001738496078951
1991-11-28,1740.5999999999997,1746.8611510791366,1740.5999999999997,1740.5999999999997,12100.0,1740.6,1743.0799999999997,1756.2199999999998,1766.6080000000004,1767.3533333333337,2089.2215,False,False,False,False,False,False,False,False,False,False,False,-0.0180397564058366,-0.0935309663334481,,,-0.0149419740319434,-0.0153701788655256,-0.1367344593818222,-0.2626105940480293,-0.0034001878515143,-0.1871747275398297,1890.8,1740.5999999999997,1.4069767441860466,-0.0001403820202331,0.0001426065198629,0.0002711799905212
1991-11-29,1740.5832727272723,1740.5832727272723,1721.7999999999995,1721.7999999999995,14100.0,1721.8,1738.0799999999997,1748.7099999999998,1766.1080000000004,1762.7626666666672,2087.0929999999994,False,True,False,False,False,False,False,False,False,True,False,-0.0363573004994769,-0.0509350679521428,,,-0.0257335346730171,-0.0237906067293923,-0.1381693576489717,-0.2291206876524565,-0.0026042454571308,-0.1969337397281424,1878.3,1728.0000000000002,1.165289256198347,-0.0002831083942771,-0.0001427263740439,0.0007959423943835
1991-12-02,1721.748120300752,1728.009022556391,1665.4,1665.4,16200.0,1665.4,1721.7999999999995,1738.06,1762.852,1758.6720000000007,2084.9954999999995,False,False,False,False,False,False,False,False,False,True,False,-0.0225171130058844,-0.0225171130058844,,,-0.058515671910652,-0.0560057643809298,-0.1466314398943197,-0.1563588327128618,-0.0023259974950795,-0.2001541949069653,1909.6,1677.9,1.148936170212766,-0.0018470070090968,-0.0015638986148196,0.0002782479620513
1991-12-03,1709.2833333333333,1709.2833333333333,1684.2388888888888,1690.4999999999998,2700.0,1690.5,1711.78,1728.0499999999995,1760.348,1753.7466666666671,2082.961,False,False,False,False,False,False,False,False,False,False,False,-0.0444838805087251,-0.0407571724341909,,,-0.0413179532682639,-0.0374129941831809,-0.1666962437148771,-0.1688849452824607,-0.0028084634040645,-0.2033448106246922,1884.6,1646.6,0.1666666666666666,-0.0014224460163559,0.0004245609927408,-0.000482465908985
1991-12-04,1690.4999999999998,1690.4999999999998,1690.4999999999998,1690.4999999999998,12200.0,1690.5,1701.7599999999998,1723.0399999999995,1757.344,1749.9906666666673,2080.6135,False,False,False,False,False,False,False,False,False,True,False,-0.0407571724341909,-0.0556048506359064,,,-0.0395409642117718,-0.0351911663216015,-0.1703637976929901,-0.1852114758947055,-0.0021462971612038,-0.2104768316463921,1878.3,1634.1,4.518518518518518,-0.001709397818526,-0.0002869518021701,0.0006621662428607
1991-12-05,1709.2000000000005,1709.2000000000005,1690.4175824175825,1709.2000000000005,15000.0,1709.2,1695.48,1719.2799999999995,1754.8359999999998,1746.7346666666674,2078.3595,False,False,False,False,False,False,False,False,False,False,False,-0.0768780716124505,-0.0475661128013107,,,-0.0267002106248533,-0.0219603713238163,-0.2234378656681491,-0.214252281769249,-0.0018640495675358,-0.2180331301475034,1821.9,1652.9,1.2295081967213115,-0.0014291933833134,0.0002802044352126,0.0002822475936679
1991-12-06,1690.5056603773585,1690.5056603773585,1659.2,1659.2,2400.0,1659.2,1682.9600000000005,1710.5199999999998,1749.8279999999995,1744.2306666666673,2075.8555,False,False,False,False,False,False,False,False,False,True,False,-0.0151277724204436,-0.0453230472516874,,,-0.0546215043394403,-0.0512479909996788,-0.1698408871745419,-0.2694672131147542,-0.0014355899410858,-0.2273519163763064,1847.0,1665.4,0.16,-0.0028619955789942,-0.0014328021956807,0.0004284596264499
1991-12-09,1627.9,1640.4223076923076,1627.9,1627.9,5900.0,1627.9,1675.4599999999998,1698.63,1744.8199999999997,1742.5613333333338,2073.195,False,False,False,False,False,False,False,False,False,True,False,0.0,-0.0230972418453222,,,-0.0718225935254005,-0.0704351209124231,-0.1731064561705265,-0.2596596842557896,-0.0009579768019644,-0.2265531634317066,1815.7,1665.4,2.458333333333333,-0.0028702101076327,-8.214528638568561e-06,0.0004776131391214
1991-12-10,1577.7348837209302,1615.3,1577.7348837209302,1615.3,2600.0,1615.3,1660.42,1686.1,1738.8079999999995,1740.3906666666674,2070.0019999999995,False,False,True,False,False,False,False,False,False,True,False,0.0039002042964154,0.0,,,-0.0764613384510614,-0.0774411358055267,-0.1395406426050887,-0.3007490868569306,-0.0012472295492275,-0.2291975564913112,1809.4,1677.9,0.4406779661016949,-0.0034575410281067,-0.0005873309204739,-0.000289252747263
1991-12-11,1615.3389961389962,1627.8610038610038,1615.3389961389962,1621.6,11200.0,1621.6,1646.64,1674.2,1731.5439999999994,1737.969333333334,2066.6835,False,False,False,False,False,False,False,False,False,True,False,-0.0154785397138627,0.0038850518006907,,,-0.0677997039960529,-0.0717620457161655,-0.1235816477553033,-0.2525283670448939,-0.0013931968112978,-0.2294767650221,1765.6,1677.9,4.307692307692308,-0.0041950998646295,-0.0007375588365228,-0.0001459672620703
1991-12-12,1621.6277777777775,1621.6277777777775,1577.8,1577.8,1900.0,1577.8,1620.36,1657.92,1721.5279999999996,1735.465333333334,2063.459499999999,False,False,False,False,False,False,False,False,False,True,False,0.0317530739003676,0.0,,,-0.0910939282545313,-0.0999273249672544,-0.0754214729370007,-0.2404614019520851,-0.0014428406905659,-0.2270435244161358,1759.2999999999995,1671.7000000000005,0.1696428571428571,-0.0058180871876611,-0.0016229873230315,-4.964387926808373e-05
1991-12-13,1621.57816091954,1634.1,1621.57816091954,1634.1,4000.0,1634.1,1615.3399999999997,1649.15,1715.5159999999998,1734.713333333334,2060.203499999999,False,False,False,False,False,False,False,False,False,False,False,-0.030659078391775,-0.0115048038675723,,,-0.0498231442384186,-0.0615710992799303,-0.0957713726210146,-0.3256838626767027,-0.0004335010203414,-0.2366006730740078,1765.6,1627.9,2.1052631578947367,-0.0035044849479688,0.0023136022396922,0.0010093396702244
1991-12-16,1640.4223076923076,1640.4223076923076,1627.9,1627.9,15100.0,1627.9,1615.3399999999997,1645.4,1708.756,1733.8786666666672,2056.6035,False,False,False,False,False,False,False,False,False,True,False,-0.0230972418453222,-0.0077400331715708,,,-0.0496688985809939,-0.0651014599586381,-0.0385158793537688,-0.3231156704957307,-0.0004813870097793,-0.2532818767472954,1715.5,1640.4,3.775,-0.0039560943750891,-0.0004516094271202,-4.788598943787387e-05
1991-12-17,1627.8610038610038,1627.8610038610038,1615.3389961389962,1621.6,3100.0,1621.6,1616.6,1638.5099999999998,1701.744,1733.7120000000004,2052.6279999999992,False,False,False,False,False,False,False,False,False,True,False,-0.0038850518006906,-0.0347804637395165,,,-0.0494227923038973,-0.0691366551554024,-0.0888011840157868,-0.2609768130241736,-9.613284482471276e-05,-0.2627509139401041,1721.7999999999995,1671.7000000000005,0.2052980132450331,-0.0041204787559116,-0.0001643843808225,0.0003852541649546
1991-12-18,1615.2823529411764,1615.2823529411764,1577.7176470588236,1596.5,8500.0,1596.5,1611.58,1629.11,1695.2320000000002,1731.457333333334,2048.1509999999994,False,False,False,False,False,False,False,False,False,False,False,0.019668023802067,-0.0313185092389602,,,-0.0618427810836205,-0.084533249817309,-0.0392107735671781,-0.2450986533041027,-0.0013021785886724,-0.2690671593692261,1753.1,1677.9,2.7419354838709675,-0.0038413621262456,0.000279116629666,-0.0012060457438476
1991-12-19,1621.638846153846,1627.9,1596.5942307692308,1627.9,1200.0,1627.9,1621.6,1620.98,1689.976,1729.9546666666672,2043.893999999999,False,False,False,False,False,False,False,False,False,False,False,-0.030775846182198,-0.0769703298728424,,,-0.0381325634252718,-0.0626909924852061,-0.0346458627679833,-0.2892683825787825,-0.000868616210367,-0.2768757171587559,1746.7999999999995,1659.2,0.1411764705882353,-0.0031101033387456,0.0007312587874999,0.0004335623783053
1991-12-20,1596.521739130435,1615.304347826087,1584.0000000000002,1584.0000000000002,5100.0,1584.0,1611.58,1613.4599999999998,1681.46,1728.034666666667,2039.2919999999992,False,False,False,False,False,False,False,False,False,True,False,0.0197601010101008,-0.0631944444444445,,,-0.0615277777777776,-0.0909309764309764,0.0277146464646463,-0.260858585858586,-0.0011110888207491,-0.2760651023266767,1734.3000000000002,1715.5,4.25,-0.0050646462003259,-0.0019545428615802,-0.0002424726103821
1991-12-24,1590.3,1609.0830708661415,1590.3,1590.3,10400.0,1590.3,1604.06,1609.6999999999998,1674.196,1726.8666666666668,2034.659,False,False,False,False,False,False,False,False,False,False,False,0.0157203043450921,-0.106332138590203,,,-0.0527548261334339,-0.08587478253579,0.0236433377350186,-0.2637867069106458,-0.0006763695324866,-0.2765111511461764,1746.7999999999995,1721.7999999999995,2.0392156862745097,-0.0043387990414504,0.0007258471588755,0.0004347192882624
1991-12-25,1609.0391472868216,1627.8217054263564,1609.0391472868216,1615.3,13100.0,1615.3,1602.8000000000002,1609.6999999999998,1667.1840000000002,1726.4493333333337,2030.3699999999992,False,False,False,False,False,False,False,False,False,False,False,-0.0310159103572092,-0.1279019377205472,,,-0.0321203491611466,-0.0688103345095856,0.0078004085928311,-0.2367981179966569,-0.0002417292678536,-0.2700938062993104,1753.1,1753.1,1.2596153846153846,-0.00420589449035,0.0001329045511003,0.000434640264633
1991-12-26,1615.3776923076923,1627.9,1596.5942307692308,1627.9,9700.0,1627.9,1609.0800000000004,1610.3299999999997,1662.6760000000004,1726.366666666667,2026.3005,False,False,False,False,False,False,False,False,False,False,False,-0.0500030714417348,-0.1384605934025432,,,-0.0213624915535354,-0.0604869258963492,0.0192272252595368,-0.285029792984827,-4.7884767623727526e-05,-0.2733725385479994,1765.6,1765.6,0.7404580152671756,-0.0027112919173668,0.0014946025729831,0.0001938445002299
1991-12-27,1627.8888888888887,1627.8888888888887,1577.8,1577.8,4800.0,1577.8,1599.06,1610.3299999999997,1655.9160000000002,1725.3653333333334,2022.0119999999995,False,False,False,False,False,False,False,False,False,True,False,-0.0476613005450627,-0.158765369501838,,,-0.0495094435289645,-0.0935260066759623,0.0,-0.2667004690074787,-0.0005803601787912,-0.2759434401644381,1771.9,1890.8,0.4948453608247423,-0.0040823326787108,-0.001371040761344,-0.0005324754111675
1991-12-30,1602.7782945736433,1627.8217054263564,1577.7348837209302,1615.3,4800.0,1615.3,1605.3200000000002,1608.4499999999996,1650.6560000000004,1724.6973333333335,2018.036,False,False,False,False,False,False,False,False,False,False,False,-0.0813471181823809,-0.1472791431932148,,,-0.021888194143503,-0.0677257062671538,-0.0271157060607936,-0.266637776264471,-0.000387314334573,-0.2699555472660012,1784.4,1878.3,1.0,-0.003186611868251,0.0008957208104598,0.0001930458442182
1992-01-06,1627.8217054263564,1627.8217054263564,1615.3,1615.3,4400.0,1615.3,1610.3200000000002,1607.1899999999998,1645.3960000000004,1724.0293333333334,2013.7785,False,False,False,False,False,False,False,False,False,True,False,-0.1201634371324211,-0.1666563486658825,,,-0.0186318330960196,-0.0673121607957242,-0.0387544109453351,-0.2709094285891165,-0.0003874644050913,-0.2646669031041754,1753.1,1909.6,0.9166666666666666,-0.0031967988253283,-1.0186957077340693e-05,-1.5007051836060444e-07
1992-01-07,1615.2864,1615.2864,1565.1999999999998,1565.1999999999998,12000.0,1565.2,1600.3,1601.55,1638.3800000000003,1722.5266666666669,2009.458,False,False,False,False,False,False,False,False,False,True,False,-0.0999872220802452,-0.1119984666496292,,,-0.0467544083823157,-0.1005153760967717,-0.039994888832098,-0.2475721952466137,-0.0008723619179576,-0.2633698604476911,1765.6,1884.6,2.727272727272727,-0.0042822788364116,-0.0010854800110832,-0.0004848975128662
1992-01-08,1565.2834008097166,1577.8056680161944,1533.9777327935224,1546.5,15200.0,1546.5,1584.02,1596.55,1630.616,1720.774666666667,2005.138,False,False,False,False,False,False,False,False,False,True,False,-0.093113482056256,-0.0810216618170061,,,-0.0543912059489169,-0.1126897294967131,-0.0283866795990947,-0.2340122858066602,-0.0010181460907916,-0.2623531990855278,1803.2000000000005,1878.3,1.2666666666666666,-0.0047613907872855,-0.0004791119508738,-0.0001457841728339
1992-01-09,1527.6433333333332,1533.9041666666667,1502.6,1502.6,3300.0,1502.6,1568.98,1584.02,1621.096,1718.520000000001,2000.5985,False,False,False,False,False,False,False,False,False,True,False,-0.1166644482896312,-0.0291494742446424,,,-0.0788606415546386,-0.1436975908425402,-0.0416611207240782,-0.2116331691734327,-0.0013119816276016,-0.2547758235375812,1828.2,1821.9,0.2171052631578947,-0.0058725701624086,-0.0011111793751231,-0.00029383553681
1992-01-10,1483.9,1483.9,1440.0717299578062,1483.9,11800.0,1483.9,1542.7,1574.0099999999998,1611.58,1716.6000000000004,1996.0595,False,False,False,False,False,False,False,False,False,True,False,-0.0717703349282296,-0.0042455691084306,,,-0.0860435339308577,-0.1568164970685358,-0.0253386346788868,-0.1970483186198531,-0.0011184900384484,-0.2487214185424488,1784.4,1847.0,3.575757575757576,-0.005904764268606,-3.2194106197381764e-05,0.0001934915891532
1992-01-13,1458.7647577092512,1458.7647577092512,1421.2,1421.2,5300.0,1421.2,1503.8799999999997,1557.1,1601.812,1713.6773333333338,1990.894,False,False,False,False,False,False,False,False,False,True,False,-0.0528426681677456,0.1013228257810299,,,-0.1270841542358569,-0.2057960409044003,0.0572755417956655,-0.1567689276667604,-0.0017054941498126,-0.2387900584419754,1796.9,1815.7,0.4491525423728814,-0.0060980939086484,-0.0001933296400424,-0.0005870041113642
1992-01-14,1408.7,1427.4826666666668,1408.7,1408.7,5900.0,1408.7,1472.58,1536.44,1590.5399999999995,1710.170666666667,1985.164999999999,False,False,False,False,False,False,False,False,False,True,False,-0.0133456378221054,0.048910342869312,,,-0.1290835522112582,-0.2140062942192568,0.128913182366721,-0.1590828423369064,-0.0020504776131504,-0.2316914425555179,1796.9,1809.4,1.1132075471698113,-0.0070869013039599,-0.0009888073953114,-0.0003449834633378
1992-01-16,1427.544642857143,1427.544642857143,1377.455357142857,1402.5,5000.0,1402.5,1443.78,1513.9,1579.0199999999998,1706.498666666667,1979.717999999999,False,False,False,False,False,False,False,False,False,True,False,0.0133333333333333,0.0936898395721925,,,-0.1258609625668447,-0.2167548425430781,0.133903743315508,-0.1406773618538324,-0.0021517743152841,-0.2175242750511923,1759.2999999999995,1765.6,0.847457627118644,-0.0072956643994374,-0.0002087630954775,-0.0001012967021336
1992-01-17,1402.4301886792452,1402.4301886792452,1327.3,1327.3,5800.0,1327.3,1408.72,1488.85,1563.7439999999997,1702.073333333334,1973.4569999999987,False,False,False,False,False,False,False,False,False,True,False,0.0990733067128759,0.1839825209071046,,,-0.1781390793339861,-0.2823576684497355,0.1698184283884578,-0.0711971671814962,-0.0025999663155914,-0.1992678913255195,1759.2999999999995,1759.2999999999995,1.16,-0.0097688624224937,-0.0024731980230562,-0.0004481920003072
1992-01-20,1377.4,1377.4,1364.878181818182,1377.4,2100.0,1377.4,1387.42,1465.06,1552.4719999999998,1697.565333333334,1967.3524999999988,False,False,False,False,False,False,False,False,False,False,False,0.0727457528677216,0.1818643821693044,,,-0.1271032379846084,-0.2324417985576694,0.1590678089153477,-0.1049803978510237,-0.0026555678956686,-0.1829754412788554,1796.9,1765.6,0.3620689655172414,-0.0072606784534599,0.0025081839690337,-5.560158007719045e-05
1992-01-21,1346.1,1371.1437209302326,1339.839069767442,1346.1,3900.0,1346.1,1372.4,1438.14,1541.2,1692.5560000000005,1961.0914999999989,False,False,False,False,False,False,False,False,False,True,False,0.1627665106604263,0.2093455166778101,,,-0.1449372260604711,-0.2573776093900903,0.1488745264096279,-0.0381100958324046,-0.0029596263481582,-0.1595394050648756,1771.9,1715.5,1.8571428571428568,-0.007313781468985,-5.31030155250271e-05,-0.0003040584524896
1992-01-22,1346.0743243243244,1408.6824324324325,1346.0743243243244,1389.9,9900.0,1389.9,1368.64,1420.61,1532.184,1687.7133333333336,1954.767499999999,False,False,False,False,False,False,False,False,False,False,False,0.0630980646089645,0.1712353406719907,,,-0.1023699546729979,-0.214269611722666,0.1036045758687675,-0.0287790488524354,-0.0028693656505648,-0.1370467616024102,1790.5999999999997,1721.7999999999995,2.5384615384615383,-0.0058844107496228,0.0014293707193622,9.026069759348904e-05
1992-01-23,1414.9392070484582,1433.7215859030837,1408.6784140969164,1421.2,3900.0,1421.2,1372.38,1408.08,1524.168,1683.1213333333335,1948.8819999999992,False,False,False,False,False,False,False,False,False,False,False,0.0792991837883479,0.1674641148325358,,,-0.0724514494793131,-0.1842959001782532,0.0792991837883479,-0.0501688713763016,-0.0027282643913174,-0.1176282597579683,1740.5999999999997,1753.1,0.3939393939393939,-0.0052592627584361,0.0006251479911866,0.0001411012592473
1992-01-24,1446.278111587983,1477.5828326180258,1440.0171673819743,1458.8000000000002,8500.0,1458.8,1398.6799999999998,1403.7,1519.408,1677.3613333333335,1943.1844999999992,False,False,False,False,False,False,False,False,False,False,False,0.0772552783109403,0.0815738963531668,,,-0.0415464765560732,-0.1498226853121286,0.0343432958596105,-0.1124211680833563,-0.0034339649338127,-0.107024292940087,1746.7999999999995,1746.7999999999995,2.17948717948718,-0.0031327990901719,0.0021264636682641,-0.0007057005424952
1992-01-27,1483.8610169491526,1483.8610169491526,1471.3389830508474,1477.6,2200.0,1477.6,1418.72,1403.0700000000002,1513.148,1672.018666666667,1937.5809999999992,False,False,False,False,False,False,False,False,False,True,False,0.1017190037899297,0.0635489983757445,,,-0.0240579317812669,-0.1315773326114423,0.0211829994585816,-0.1144423389279912,-0.0031953391269952,-0.0982844761843673,1746.7999999999995,1734.3000000000002,0.2588235294117647,-0.0041370705311046,-0.0010042714409327,0.0002386258068174
1992-01-28,1502.592,1571.4607999999998,1502.592,1565.1999999999998,12300.0,1565.2,1462.54,1417.47,1510.64,1667.426666666667,1932.4155,False,False,False,False,True,False,False,False,False,False,True,0.0400587784308716,-0.0079861998466648,,,0.034858165090723,-0.0653122071726726,-0.0199974444160488,-0.1595962177357524,-0.0027539442014442,-0.0991908117984861,1746.7999999999995,1746.7999999999995,5.590909090909091,-0.0016602234814382,0.0024768470496664,0.000441394925551
1992-01-29,1565.2542372881355,1565.2542372881355,1477.6,1477.6,10000.0,1477.6,1480.08,1424.36,1504.88,1662.0000000000002,1926.9684999999995,False,False,False,False,False,False,False,False,False,True,False,0.1017190037899297,0.0169193286410395,,,-0.0184623714131024,-0.1247969680563077,0.0508256632376828,-0.1237141310232809,-0.0032651423987164,-0.0958114521609704,1740.5999999999997,1753.1,0.8130081300813008,-0.0038275477114454,-0.0021673242300072,-0.0005111981972722
1992-01-30,1502.595918367347,1558.9432653061226,1502.595918367347,1533.9,16700.0,1533.9,1502.62,1437.5,1502.376,1657.408,1921.8345,False,False,False,False,False,False,False,False,False,False,False,0.0816872025555772,-0.0204055023143622,,,0.020551535302171,-0.0805189386531063,0.0041071777821239,-0.1693721885390183,-0.0027705911881687,-0.0992834782608695,1740.5999999999997,1765.6,1.67,-0.0016666932911602,0.0021608544202852,0.0004945512105477
1992-01-31,1558.9780876494026,1634.1095617529882,1552.7171314741038,1571.5,24000.0,1571.5,1525.16,1461.92,1500.12,1654.0693333333336,1916.888499999999,False,False,False,False,False,False,False,False,False,False,False,0.0040089086859687,-0.0836780146356983,,,0.0454215717467388,-0.0525417329515326,-0.0199172764874323,-0.2024180719058224,-0.0020184563000984,-0.1129199956221955,1740.5999999999997,1771.9,1.437125748502994,-0.0015038796896248,0.0001628136015353,0.0007521348880702
1992-02-03,1596.5942307692308,1646.6834615384616,1596.5942307692308,1627.9,11900.0,1627.9,1555.22,1486.9699999999998,1501.876,1651.148,1912.2554999999995,False,False,False,False,False,False,True,False,True,False,False,-0.0346458627679833,-0.1115547638061306,,,0.0774150746360342,-0.0142809754898948,-0.042324467104859,-0.200380858775109,-0.0017692740646711,-0.123230461946105,1721.7999999999995,1784.4,0.4958333333333333,0.0011692043817199,0.0026730840713448,0.0002491822354272
1992-02-04,1646.6834615384616,1665.4669230769232,1627.9,1627.9,17500.0,1627.9,1567.7599999999998,1515.15,1503.38,1648.644,1907.7164999999995,False,False,False,False,False,False,True,False,False,True,False,-0.0461944836906444,-0.0769703298728424,,,0.0764911849622212,-0.0127427974691319,-0.0500030714417348,-0.2342281466920573,-0.0015188239547166,-0.1427185427185427,1665.4,1753.1,1.4705882352941178,0.0010004124040496,-0.0001687919776703,0.0002504501099545
1992-02-05,1634.161153846154,1659.2057692307692,1621.638846153846,1627.9,6800.0,1627.9,1597.8200000000002,1538.9499999999998,1503.8840000000002,1646.224,1903.0209999999995,False,False,False,False,False,False,True,False,False,True,False,-0.0769703298728424,-0.0230972418453222,,,0.0761815836353583,-0.0112562196695127,-0.0538730880275201,-0.2342281466920573,-0.0014700308099019,-0.1626888462913023,1690.4999999999998,1765.6,0.3885714285714285,0.0003351322309434,-0.0006652801731061,4.8793144814689854e-05
1992-02-06,1615.372075471698,1677.9833962264152,1596.588679245283,1659.2,15300.0,1659.2,1622.88,1562.75,1505.136,1644.8053333333332,1898.482,False,False,False,False,False,False,True,False,False,False,False,-0.0943828351012537,-0.0415260366441659,,,0.092854387656702,0.0086756669881068,-0.0717213114754098,-0.2445756991321118,-0.0008625134159746,-0.1816157414813629,1690.4999999999998,1803.2000000000005,2.25,0.0008318185200538,0.0004966862891103,0.0006075173939273
1992-02-07,1659.1944444444443,1659.1944444444443,1577.8,1577.8,16100.0,1577.8,1624.14,1574.65,1505.136,1642.3853333333334,1893.2854999999995,False,False,False,False,False,False,False,False,False,True,False,-0.0873367980732665,-0.015908226644695,,,0.0460539992394473,-0.0409337896649343,-0.0476613005450627,-0.2012295601470402,-0.0014734666407963,-0.1899914266662434,1709.2000000000005,1828.2,1.0522875816993464,0.0,-0.0008318185200538,-0.0006109532248216
1992-02-10,1577.7609561752988,1577.7609561752988,1540.195219123506,1571.5,28300.0,1571.5,1612.86,1584.04,1503.3840000000002,1639.7973333333334,1887.8385,False,False,False,False,False,False,False,False,False,True,False,-0.0796691059497295,0.0159083678014635,,,0.0433445752465795,-0.043459963941033,-0.0836780146356983,-0.2155265669742284,-0.0015782438154958,-0.1995719805055427,1659.2,1784.4,1.7577639751552796,-0.001165370923197,-0.001165370923197,-0.0001047771746995
1992-02-12,1565.2217741935483,1565.2217741935483,1546.4391129032258,1552.7,6100.0,1552.7,1597.8200000000002,1582.79,1500.88,1637.6266666666666,1884.9585,False,False,False,False,False,False,False,False,False,True,False,-0.0322663747021318,-0.0039930443743157,,,0.0333741224962967,-0.0546961207359222,-0.1733754105751272,-0.2060282089263863,-0.0013254954324145,-0.2041584796466997,1627.9,1796.9,0.215547703180212,-0.0016683545653217,-0.0005029836421246,0.0002527483830813
1992-02-13,1540.165,1546.4258333333332,1502.6,1502.6,7400.0,1502.6,1572.7599999999998,1585.2900000000002,1498.376,1634.704,1881.64,False,False,False,False,False,False,False,False,False,True,False,0.0583654998003461,0.0208305603620392,,,0.0028111273792093,-0.0879169439637961,-0.1541328364168773,-0.1795554372421136,-0.0017878873891949,-0.2093244769095879,1615.3,1796.9,1.213114754098361,-0.0016711426237473,-2.7880584256327005e-06,-0.0004623919567804
1992-02-14,1515.121666666667,1515.121666666667,1471.2958333333331,1502.6,5800.0,1502.6,1541.44,1582.1600000000003,1496.62,1631.364,1878.2275,False,False,False,False,False,False,False,False,False,False,False,0.0583654998003461,0.0208305603620392,,,0.0039797684014375,-0.0856941301743645,-0.1291760947690668,-0.1841474777053106,-0.0020473664982186,-0.2108067452090813,1621.6,1759.2999999999995,0.7837837837837838,-0.0011733105263861,0.0004978320973612,-0.0002594791090236
1992-02-17,1452.521739130435,1458.7826086956522,1427.4782608695652,1440.0,22300.0,1440.0,1513.88,1569.0100000000002,1494.116,1627.2733333333333,1874.6275,False,False,False,False,False,True,False,False,False,True,False,0.0782638888888889,0.0478472222222222,,,-0.0375805555555555,-0.1300509259259259,-0.1086805555555555,-0.1630555555555555,-0.0025138165684109,-0.2072644533814317,1577.8,1759.2999999999995,3.844827586206896,-0.0016759073592678,-0.0005025968328817,-0.0004664500701923
1992-02-18,1440.038961038961,1465.0831168831169,1433.777922077922,1446.3,11800.0,1446.3,1488.84,1550.85,1492.6120000000003,1623.4333333333334,1871.278,False,False,False,False,False,False,False,False,False,False,False,0.1038512065269999,0.0432828597109867,,,-0.0320210191523199,-0.1224734379681486,-0.0822789186199267,-0.1714028901334438,-0.0023653573701824,-0.2046426153399748,1634.1,1796.9,0.5291479820627802,-0.0010076295782156,0.0006682777810522,0.0001484591982285
1992-02-19,1452.513333333333,1502.6,1439.9916666666666,1502.6,7700.0,1502.6,1478.8200000000002,1538.3200000000002,1495.8680000000002,1620.1773333333333,1868.2725,False,False,False,False,False,False,True,False,True,False,False,0.0292160255557035,0.0208305603620392,,,0.0044802342606147,-0.0782492568436932,-0.0649540795953679,-0.2070411287102355,-0.0020096565561136,-0.2017460606375787,1627.9,1771.9,0.652542372881356,0.002176662646704,0.0031842922249197,0.0003557008140688
1992-02-20,1533.9507874015746,1609.0830708661415,1533.9507874015746,1590.3,18100.0,1590.3,1496.36,1534.56,1503.1320000000003,1618.006666666667,1865.5805,False,False,False,False,False,False,True,False,False,False,False,-0.0354650066025277,-0.0236433377350184,,,0.0548122995661193,-0.0174222892955209,-0.1165188958058227,-0.2507702949129095,-0.0013415684319387,-0.2033807736419559,1621.6,1790.5999999999997,2.3506493506493507,0.004832576247462,0.002655913600758,0.0006680881241749
1992-02-21,1609.0830708661415,1609.0830708661415,1565.2559055118109,1590.3,17600.0,1590.3,1513.9,1527.6699999999998,1510.6440000000002,1615.6693333333333,1862.8885,False,False,False,False,False,False,True,False,False,False,False,-0.0354650066025277,-0.0315034899075645,,,0.0500886625165061,-0.0159525456412836,-0.1338741118028044,-0.2507702949129095,-0.0014466656543584,-0.2038398345192351,1596.5,1740.5999999999997,0.9723756906077348,0.0049727136241231,0.0001401373766611,-0.0001050972224197
1992-02-24,1565.2217741935483,1584.004435483871,1533.9173387096776,1552.7,19000.0,1552.7,1536.44,1525.16,1519.66,1612.746666666667,1859.9145,False,False,False,False,False,False,True,False,False,False,False,-0.0282089263862948,-0.0080504926901526,,,0.0212790622786114,-0.0386724200854426,-0.1350550653700006,-0.2281831648096863,-0.0018122292403847,-0.2065881612420992,1627.9,1746.7999999999995,1.0795454545454546,0.005932906044773,0.0009601924206498,-0.0003655635860262
1992-02-25,1577.7176470588236,1609.021568627451,1571.456862745098,1596.5,8200.0,1596.5,1566.48,1527.66,1528.424,1610.2413333333334,1856.8774999999991,False,False,False,False,False,False,True,False,False,True,False,-0.0548700281866582,-0.0234888819292201,,,0.0426407766990291,-0.0086071614991126,-0.2407766990291262,-0.2407766990291262,-0.0015558744403531,-0.2092415851694749,1584.0000000000002,1746.7999999999995,0.431578947368421,0.0057340109812459,-0.000198895063527,0.0002563548000316
1992-02-26,1577.8056680161944,1584.0668016194331,1508.9331983805669,1546.5,32500.0,1546.5,1575.26,1527.04,1536.4399999999996,1607.486666666667,1853.872499999999,False,False,False,False,False,False,True,False,False,True,False,-0.0081474296799223,0.0,,,0.0065050113158748,-0.0394352839745663,-0.2206918849013902,-0.1939217588102166,-0.0017136482210323,-0.2080168168482815,1590.3,1746.7999999999995,3.963414634146341,0.0052172554736921,-0.0005167555075537,-0.0001577737806791
1992-02-27,1546.4216326530614,1546.4216326530614,1508.8567346938776,1533.9,30700.0,1533.9,1563.98,1530.17,1542.1999999999998,1604.397333333333,1850.8985,False,False,False,False,False,False,True,False,False,True,True,0.012256340048243,0.0041071777821239,,,-0.0054110437447028,-0.045959536692961,-0.2636416976334833,-0.1693721885390183,-0.0019255413039831,-0.2069377912258115,1615.3,1740.5999999999997,0.9446153846153846,0.0037349241343536,-0.0014823313393385,-0.0002118930829508
1992-02-28,1527.6391836734697,1533.9,1508.8567346938776,1533.9,43300.0,1533.9,1552.7,1533.3,1546.708,1600.8066666666664,1848.1434999999992,False,False,False,False,False,False,True,False,False,True,False,0.0041071777821239,0.0041071777821239,,,-0.0083499576243562,-0.0436186626681441,-0.2097920333789687,-0.1917986830953778,-0.0022430358027827,-0.2076566881888736,1627.9,1740.5999999999997,1.4104234527687296,0.0029145772828486,-0.000820346851505,-0.0003174944987996
1992-03-02,1515.1609958506226,1527.6829875518674,1508.9,1508.9,27200.0,1508.9,1543.9399999999998,1540.19,1548.7119999999998,1596.5493333333332,1845.0754999999992,False,False,False,False,False,False,True,False,False,True,False,0.0207435880442706,-0.0041752269865466,,,-0.0263847836172043,-0.0580882320454192,-0.2057790443369341,-0.1784081118695739,-0.0026665842667351,-0.2089612320557854,1577.8,1740.5999999999997,0.628175519630485,0.001293978480182,-0.0016205988026666,-0.0004235484639524
1992-03-03,1496.3780082987553,1515.1609958506226,1496.3780082987553,1508.9,66800.0,1508.9,1526.42,1546.4499999999998,1549.964,1592.8759999999995,1842.133,False,False,False,False,False,False,True,False,False,True,False,0.0332029955596791,-0.0456624030750878,,,-0.0272145271389753,-0.0556537875273374,-0.2697329180197494,-0.1784081118695739,-0.0023061012491453,-0.2094927091079566,1615.3,1721.7999999999995,2.4558823529411766,0.0008077606963775,-0.0004862177838044,0.0003604830175898
1992-03-04,1533.9,1533.9,1521.3783673469388,1533.9,3100.0,1533.9,1523.9,1549.58,1548.7120000000002,1589.369333333333,1839.503,False,False,False,False,False,False,False,False,False,True,False,0.0082143555642479,-0.1632440185148967,,,-0.0096564313188605,-0.0361622878501421,-0.2816350479170741,-0.2007953582371732,-0.002206325863424,-0.2088695001226136,1615.3,1665.4,0.0464071856287425,-0.0008084137011915,-0.0016161743975691,9.977538572125124e-05
1992-03-05,1558.9608870967745,1558.9608870967745,1533.9173387096776,1552.7,12100.0,1552.7,1527.66,1545.82,1551.716,1586.1133333333332,1836.842,False,False,False,True,True,False,True,False,True,False,False,-0.0080504926901526,-0.1814259032652798,,,0.0006337347845689,-0.0215195036602905,-0.2281831648096863,-0.1927609969730147,-0.0020528167386104,-0.2029408339910209,1565.1999999999998,1690.4999999999998,3.903225806451613,0.0019359212639424,0.0027443349651339,0.0001535091248136
1992-03-06,1558.9829268292683,1558.9829268292683,1540.2,1540.2,12700.0,1540.2,1528.92,1540.81,1551.9679999999998,1583.1919999999998,1833.6490000000003,False,False,False,False,False,False,True,False,False,True,False,0.0,-0.1504350084404623,,,-0.0076405661602388,-0.0279132580184389,-0.2175042202311388,-0.1951045318789767,-0.0018452173415059,-0.1972209422316834,1546.5,1690.4999999999998,1.0495867768595042,0.000162374481948,-0.0017735467819943,0.0002075993971045
1992-03-09,1540.2,1540.2,1533.939024390244,1540.2,7400.0,1540.2,1535.1799999999998,1539.56,1550.7159999999997,1580.2706666666663,1830.4870000000003,False,False,False,False,False,False,False,False,False,True,False,-0.0244124139722114,-0.1666666666666666,,,-0.0068276847162703,-0.0260165346491795,-0.2487988572912609,-0.2040644072198415,-0.0018486284628034,-0.1947829249915561,1502.6,1709.2000000000005,0.5826771653543307,-0.0008073689831021,-0.0009697434650501,-3.411121297566431e-06
1992-03-10,1559.0,1559.0,1540.2168674698794,1559.0,7300.0,1559.0,1545.2,1535.8100000000002,1547.96,1577.0986666666663,1827.3255000000004,False,False,False,False,False,False,False,False,False,True,False,-0.0763309813983322,-0.1486209108402822,,,0.007081462475946,-0.0116091511652766,-0.2490057729313662,-0.2269403463758819,-0.0020112882389941,-0.1932660941132042,1483.9,1659.2,0.9864864864864864,-0.0017804077624742,-0.0009730387793721,-0.0001626597761906
1992-03-11,1552.761133603239,1552.761133603239,1546.5,1546.5,4300.0,1546.5,1547.72,1535.8100000000002,1544.7040000000002,1574.093333333333,1823.6630000000007,False,False,False,False,False,False,False,False,False,True,False,-0.170061429033301,-0.0914969285483349,,,0.0011613320400904,-0.0178424399180944,-0.2429356611703847,-0.2206918849013902,-0.0019092472280338,-0.1959617400589918,1421.2,1627.9,0.589041095890411,-0.0021078471992044,-0.0003274394367301,0.0001020410109602
1992-03-12,1533.939024390244,1540.2,1533.939024390244,1540.2,8100.0,1540.2,1545.2199999999998,1536.44,1541.196,1570.7546666666665,1819.5310000000004,False,False,False,False,False,False,False,False,False,True,False,-0.1747824957797689,-0.0877808076873133,,,-0.0006466692637318,-0.0198381162619571,-0.1995844695494092,-0.2532787949616933,-0.002125517585602,-0.2043620317096662,1408.7,1615.3,1.8837209302325584,-0.0022761543632349,-0.0001683071640305,-0.0002162703575682
1992-03-13,1558.9829268292683,1558.9829268292683,1540.2,1540.2,6500.0,1540.2,1545.2199999999998,1537.0700000000002,1536.436,1568.0826666666662,1815.1170000000004,False,False,False,False,False,False,False,False,False,True,False,-0.1504350084404623,-0.1057005583690429,,,0.0024438384625374,-0.0181032766307402,-0.2443189196208284,-0.2175042202311388,-0.001703991796351,-0.206932670600558,1402.5,1621.6,0.8024691358024691,-0.0030980789307201,-0.0008219245674852,0.000421525789251
1992-03-16,1540.165,1540.165,1502.6,1502.6,16800.0,1502.6,1537.7,1536.44,1533.428,1564.8266666666664,1810.734,False,False,False,False,False,False,False,False,False,False,False,-0.1458139225342738,-0.1062158924530812,,,-0.0205164381738321,-0.0414126624961177,-0.2300013310262211,-0.2070411287102355,-0.0020807416369863,-0.209744604410195,1327.3,1577.8,2.5846153846153848,-0.0019616180218437,0.0011364609088764,-0.0003767498406352
1992-03-17,1490.0869565217392,1496.3478260869567,1440.0,1440.0,12000.0,1440.0,1513.9,1529.5500000000002,1528.168,1560.7359999999996,1806.1635000000003,False,False,False,False,False,False,False,False,False,True,False,-0.0782638888888889,-0.1582638888888889,,,-0.0612277777777777,-0.0838444444444442,-0.1773611111111111,-0.1869444444444444,-0.0026209856546313,-0.2106894184564088,1377.4,1634.1,0.7142857142857143,-0.0034420299338817,-0.001480411912038,-0.000540244017645
1992-03-18,1440.0243902439024,1440.0243902439024,1252.1951219512196,1283.5,31300.0,1283.5,1461.3,1504.5100000000002,1517.4000000000003,1554.558666666666,1800.8730000000005,False,False,False,False,False,False,False,False,False,True,False,0.0946630307752239,-0.0610050642773665,,,-0.1822360732372421,-0.2111871185560312,-0.0824308531359563,-0.098558628749513,-0.0039736894243941,-0.2021322556845751,1346.1,1627.9,2.6083333333333334,-0.0070963490180569,-0.0036543190841751,-0.0013527037697627
1992-03-19,1283.5221674876848,1339.871921182266,1271.0,1271.0,52900.0,1271.0,1407.46,1476.34,1508.1360000000004,1548.2973333333327,1796.0520000000004,False,False,False,False,False,False,False,False,False,False,False,0.1054287962234461,-0.1113296616837136,,,-0.1865743509047997,-0.2181725675321264,-0.0734067663257277,-0.089693154996066,-0.0040440122181527,-0.1934378259750465,1389.9,1621.6,1.6900958466453675,-0.0061426820923311,0.0009536669257257,-7.03227937586745e-05
1992-03-23,1295.9784688995217,1308.5,1289.7177033492824,1308.5,33200.0,1308.5,1361.12,1453.1699999999998,1500.372,1542.5359999999996,1791.2620000000004,False,False,False,False,False,False,False,False,False,False,False,0.0526557126480703,-0.0736721436759649,,,-0.1466350783339702,-0.1788582346197933,-0.0946885747038594,-0.1262514329384792,-0.0037349749589851,-0.1872114067865425,1421.2,1596.5,0.6275992438563327,-0.005174716670266,0.0009679654220651,0.0003090372591676
1992-03-24,1308.5439024390244,1308.5439024390244,1283.5,1283.5,27500.0,1283.5,1317.3,1427.5,1494.112,1536.441333333333,1786.2220000000004,False,False,False,False,False,False,False,False,False,False,False,0.0463576158940397,-0.0663030775223996,,,-0.1640919361121932,-0.1970715491494608,-0.0770549279314375,-0.109232567199065,-0.0039667421947339,-0.1783817863397548,1458.8000000000002,1627.9,0.8283132530120482,-0.004189779614915,0.0009849370553509,-0.0002317672357487
1992-03-25,1295.995754716981,1339.8216981132075,1295.995754716981,1327.3,20600.0,1327.3,1294.76,1404.33,1489.352,1531.1813333333332,1781.4320000000005,False,False,False,False,False,False,False,False,False,False,False,-0.0867927371355383,-0.1698184283884576,,,-0.1220914638740301,-0.1536060674552349,-0.1023129661719279,-0.128305582761998,-0.0034352560898511,-0.1682581729365608,1477.6,1584.0000000000002,0.7490909090909091,-0.0031960208197927,0.0009937587951223,0.0005314861048827
1992-03-26,1343.014705882353,1405.0,1343.014705882353,1405.0,7500.0,1405.0,1319.06,1390.1799999999998,1485.448,1527.709333333333,1777.3125000000002,False,False,False,False,False,False,False,False,False,False,False,-0.1422064056939501,-0.2157295373665479,,,-0.0572583629893239,-0.0873376037959665,-0.1470462633451956,-0.1716014234875444,-0.0022726836344087,-0.1627630954264913,1565.1999999999998,1590.3,0.3640776699029126,-0.0026281633554321,0.0005678574643605,0.0011625724554423
1992-03-27,1405.0,1405.0,1377.450980392157,1405.0,3000.0,1405.0,1345.86,1376.66,1478.036,1523.9026666666664,1773.3810000000003,False,False,False,False,False,False,False,False,False,True,False,-0.196085409252669,-0.1470462633451956,,,-0.0519829181494662,-0.0846282325029654,-0.1568683274021353,-0.1765124555160142,-0.0024979723114424,-0.1540394868740285,1477.6,1615.3,0.4,-0.0050147628339228,-0.0023865994784907,-0.0002252886770336
1992-03-30,1398.061,1398.061,1377.4,1377.4,2100.0,1377.4,1359.64,1360.38,1469.52,1519.7279999999996,1769.3115000000005,False,False,False,False,False,False,False,False,False,True,False,-0.1200087120662118,-0.125018150137941,,,-0.0668796282851748,-0.1033309133149408,-0.125018150137941,-0.1699578916799768,-0.0027469827934122,-0.1484658698304885,1533.9,1627.9,0.7,-0.0057950895530513,-0.0007803267191285,-0.0002490104819698
1992-03-31,1391.2102564102563,1391.2102564102563,1308.5641025641023,1343.0,19200.0,1343.0,1371.5400000000002,1344.4199999999998,1461.1319999999998,1514.845333333333,1765.3830000000005,False,False,False,False,False,False,False,False,False,False,False,-0.107669396872673,-0.1384959046909903,,,-0.0879612807148174,-0.1279563167038964,-0.0820551005212211,-0.1692479523454951,-0.0032232113465488,-0.143995180077654,1571.5,1577.8,9.142857142857142,-0.005740754428758,5.433512429330999e-05,-0.0004762285531366
1992-04-01,1342.9517045454545,1363.6124999999995,1212.1,1212.1,72300.0,1212.1,1348.5,1321.63,1445.756,1508.8839999999996,1760.8,False,False,False,False,False,False,False,False,False,True,False,-0.090916591040343,-0.0340730962791848,,,-0.1927695734675358,-0.2448510848939853,0.0170777988614801,-0.0852239914198498,-0.0039508228156262,-0.1339255313514372,1627.9,1615.3,3.765625,-0.0106352662551632,-0.0048945118264051,-0.0007276114690773
1992-04-02,1232.7474285714286,1246.5211428571429,1191.4262857142858,1205.2,12800.0,1205.2,1308.54,1313.8000000000002,1432.104,1503.2479999999996,1756.1825000000003,False,False,False,False,False,False,False,False,False,False,False,-0.0857119150348489,-0.0285429804181879,,,-0.1882708264188516,-0.2473016926651174,0.074344507135745,-0.0914371058745436,-0.0037492150330484,-0.13348302633582,1627.9,1615.3,0.1770401106500691,-0.0095328272248384,0.0011024390303247,0.0002016077825778
1992-04-03,1205.2591463414635,1205.2591463414635,1129.5,1129.5,28800.0,1129.5,1253.44,1299.65,1415.928,1496.770666666666,1751.1865000000005,False,False,False,False,False,False,False,False,False,True,False,0.0610004426737495,0.0914563966356794,,,-0.2535883134130147,-0.3251621661502135,0.1951305887560868,-0.0853474988933157,-0.0043275389327067,-0.1335821182626092,1627.9,1565.1999999999998,2.25,-0.0114243097106632,-0.0018914824858247,-0.0005783238996583
1992-04-06,1163.8914772727271,1212.1,1136.3437499999998,1212.1,19600.0,1212.1,1220.38,1290.0100000000002,1403.056,1491.3106666666663,1746.6035000000002,False,False,False,False,False,False,False,False,False,False,False,-0.0056925996204932,-0.0397656958996781,,,-0.1575414569754971,-0.2303528311745453,0.1136869895223168,-0.1590627835987129,-0.0036612089768014,-0.1367198703886017,1659.2,1546.5,0.6805555555555556,-0.0091742596161522,0.0022500500945109,0.0006663299559053
1992-04-07,1225.9494252873565,1232.8367816091954,1177.737931034483,1198.4,10600.0,1198.4,1191.4599999999998,1281.5000000000002,1390.636,1486.2519999999995,1741.9520000000002,False,False,False,False,False,False,False,False,False,False,False,-0.0345460614152203,-0.0345460614152203,,,-0.1604105473965286,-0.2401969292389848,0.0804405874499331,-0.1667222963951936,-0.0034036399390324,-0.1422785797893097,1577.8,1502.6,0.5408163265306123,-0.0089311653085351,0.000243094307617,0.000257569037769
1992-04-08,1136.334375,1150.108125,1101.9,1101.9,20500.0,1101.9,1169.42,1258.96,1374.356,1479.1559999999993,1736.7865,False,False,False,False,False,False,False,False,False,True,False,0.0625283601052725,0.0750521825937016,,,-0.2472601869498138,-0.342368635992376,0.1874943279789453,-0.0874852527452582,-0.0047973303694811,-0.1389559636525386,1571.5,1483.9,1.9339622641509435,-0.0118455480239471,-0.002914382715412,-0.0013936904304487
1992-04-09,1095.013125,1143.22125,1095.013125,1101.9,8600.0,1101.9,1148.7599999999998,1228.65,1357.076,1472.142666666666,1731.2765000000002,False,False,False,False,False,False,False,False,False,True,False,0.0625283601052725,0.0687902713494872,,,-0.2315781831382157,-0.3360038720997058,0.19375623922316,-0.0374807151284147,-0.0047640310223556,-0.1261221666056241,1552.7,1421.2,0.4195121951219512,-0.012733258859489,-0.0008877108355418,3.329934712551549e-05
1992-04-10,1101.977011494253,1198.4,1101.977011494253,1198.4,15600.0,1198.4,1162.5400000000002,1207.9899999999998,1342.9040000000002,1466.499999999999,1726.312,False,False,False,False,False,False,False,False,False,False,False,0.028704939919893,-0.0172730307076101,,,-0.1205807743658212,-0.2237149532710272,0.0804405874499331,-0.1667222963951936,-0.0038477099670418,-0.1242891083535459,1502.6,1408.7,1.813953488372093,-0.0105532487802551,0.0021800100792338,0.0009163210553137
1992-04-13,1239.634285714286,1239.634285714286,1184.5394285714287,1205.2,14600.0,1205.2,1161.16,1190.77,1329.504,1461.282666666666,1720.9115000000002,False,False,False,False,False,False,False,False,False,False,False,-0.0342681712578824,-0.0170925987387986,,,-0.1031397278460005,-0.212481469189069,0.057168934616661,-0.1999668104878858,-0.0035703792649743,-0.1266659388462926,1502.6,1402.5,0.935897435897436,-0.0100789467350232,0.0004743020452319,0.0002773307020675
1992-04-14,1191.434523809524,1191.434523809524,1143.2261904761904,1157.0,11800.0,1157.0,1152.88,1172.1699999999998,1314.1760000000004,1455.0039999999992,1715.3015,False,False,False,False,False,False,False,False,False,True,False,0.0,0.0238547968885046,,,-0.1358478824546243,-0.2575661192739837,0.0833189282627485,-0.1666378565254969,-0.0043152229592955,-0.1257326155762386,1440.0,1327.3,0.8082191780821918,-0.0116635823512219,-0.0015846356161987,-0.0007448436943212
1992-04-15,1170.8,1191.4611764705885,1157.0258823529412,1170.8,21200.0,1170.8,1166.66,1168.04,1298.648,1449.4946666666665,1709.917,False,False,False,False,False,False,False,False,False,True,False,0.0117868124359411,0.0176802186539118,,,-0.1091971301674068,-0.2380378089055915,0.111803894772805,-0.1764605398018448,-0.00380086485313,-0.135021060922571,1446.3,1377.4,1.7966101694915255,-0.0119570507173618,-0.0002934683661398,0.0005143581061655
1992-04-16,1191.4611764705885,1198.3482352941176,1170.8,1170.8,22300.0,1170.8,1180.44,1164.5999999999997,1283.62,1443.901333333333,1704.595,False,False,False,False,False,False,False,False,False,False,False,0.0058934062179706,0.0235736248718825,,,-0.0963614622480354,-0.233260448696048,0.0647420567133583,-0.1823539460198155,-0.0038737642276573,-0.1442898849390347,1502.6,1346.1,1.05188679245283,-0.0117075146850314,0.0002495360323303,-7.289937452737956e-05
1992-04-17,1212.1385474860335,1232.8,1205.2513966480446,1232.8,22100.0,1232.8,1187.3200000000002,1174.9299999999998,1271.324,1438.801333333333,1699.4895,False,False,False,False,False,False,False,False,False,False,True,-0.0446950032446462,-0.0390979883192732,,,-0.0312491888384167,-0.1671003677265843,0.0111940298507462,-0.2513789746917585,-0.0035446172323072,-0.1611925816857173,1590.3,1389.9,0.9910313901345292,-0.0096718067148892,0.0020357079701421,0.0003291469953501
1992-04-20,1218.995857988166,1218.995857988166,1163.9,1163.9,20500.0,1163.9,1179.0600000000002,1170.11,1256.2720000000002,1432.6146666666666,1693.7890000000002,False,False,False,False,False,False,False,False,False,True,False,0.017785033078443,0.0354841481226909,,,-0.0793642065469542,-0.2308743591946614,0.0768966406048629,-0.2011341180513791,-0.0043184443176624,-0.1653861602755295,1590.3,1421.2,0.9276018099547512,-0.011981481717335,-0.0023096750024458,-0.0007738270853552
1992-04-21,1184.547619047619,1184.547619047619,1157.0,1157.0,7400.0,1157.0,1179.06,1165.97,1242.448,1427.004,1688.273,False,False,False,False,False,False,False,False,False,False,False,0.0238547968885046,0.0655142610198789,,,-0.0738530682800346,-0.2333656006914433,0.0892826274848746,-0.2261884183232499,-0.0039317806163589,-0.1712822799900512,1552.7,1458.8000000000002,0.3609756097560975,-0.0111264213874545,0.0008550603298805,0.0003866637013034
1992-04-22,1177.7127906976743,1191.4872093023257,1163.9383720930232,1184.6,15300.0,1184.6,1181.8200000000002,1174.24,1232.2320000000002,1421.2613333333331,1682.9265,False,False,False,False,False,False,False,False,False,False,True,0.0058247509707919,0.0406888401148067,,,-0.0402093533682258,-0.1997816421858292,0.0406888401148067,-0.3022961337160222,-0.0040405423914532,-0.1923627197165826,1596.5,1477.6,2.0675675675675675,-0.0082906465665555,0.0028357748208989,-0.0001087617750943
1992-04-23,1184.587134502924,1191.474269005848,1170.812865497076,1177.7,35400.0,1177.7,1183.1999999999998,1181.8200000000002,1228.0000000000002,1415.4266666666665,1677.608,False,False,False,False,False,False,False,False,False,False,False,0.017576632419122,0.0994310945062409,,,-0.0427103676657894,-0.2018567263875914,0.0467861085166,-0.3392205145622824,-0.0041221963695281,-0.2214381208644295,1546.5,1565.1999999999998,2.313725490196078,-0.0034462540716612,0.0048443924948943,-8.165397807483564e-05
1992-04-24,1205.248538011696,1219.022807017544,1177.7,1177.7,9400.0,1177.7,1172.1799999999998,1179.7500000000002,1224.2680000000005,1410.2599999999998,1672.2895,False,False,False,False,False,False,False,False,False,False,False,0.0058588774730405,0.1462172030228411,,,-0.0395414791542841,-0.1974696442217879,0.0467861085166,-0.3275027596162011,-0.0036636270380403,-0.2375842339478704,1533.9,1477.6,0.2655367231638418,-0.0030483521581873,0.0003979019134738,0.0004585693314878
1992-04-27,1184.6,1205.2616279069766,1170.8255813953488,1184.6,6900.0,1184.6,1176.3200000000002,1177.6900000000005,1219.312,1405.4346666666663,1667.0994999999998,False,False,False,False,False,False,False,False,False,True,False,0.0173898362316394,0.1395407732567957,,,-0.0293027182171196,-0.1864212955146601,0.034864089144015,-0.3255951375991895,-0.0034333387725364,-0.2502865779619428,1533.9,1533.9,0.7340425531914894,-0.0040645872426422,-0.0010162350844548,0.0002302882655039
1992-04-28,1184.6,1205.2616279069766,1184.6,1184.6,7400.0,1184.6,1181.84,1180.4500000000005,1215.356,1401.1946666666668,1662.3475,False,False,False,False,False,False,False,False,False,False,True,0.0406888401148067,0.093027182171197,,,-0.0259631943271991,-0.1828420282514493,0.0173898362316394,-0.3255951375991895,-0.0030259892510768,-0.2660426108687368,1508.9,1571.5,1.072463768115942,-0.0032550133458837,0.0008095738967584,0.0004073495214595
1992-04-30,1184.6127167630057,1198.387283236994,1184.6127167630057,1191.5,6200.0,1191.5,1183.22,1182.52,1209.9239999999998,1397.296,1657.6300000000003,False,False,False,False,False,False,False,False,False,True,False,0.034662190516156,0.0981955518254301,,,-0.0154628619387324,-0.1727201007133865,0.0057910197230382,-0.3352916491817037,-0.0027901508818938,-0.2818895240672462,1508.9,1627.9,0.8378378378378378,-0.0044895381858697,-0.0012345248399859,0.000235838369183
1992-05-01,1191.512643678161,1198.4,1184.625287356322,1198.4,3400.0,1198.4,1187.36,1185.28,1201.66,1394.3253333333332,1652.8220000000003,False,False,False,False,False,False,False,False,False,True,False,0.0804405874499331,0.097630173564753,,,-0.0027202937249666,-0.1634890965732085,-0.0057576769025367,-0.3966121495327103,-0.0021305405529461,-0.3033207343412528,1533.9,1627.9,0.5483870967741935,-0.0068771532713077,-0.002387615085438,0.0006596103289476
1992-05-06,1205.2616279069766,1205.2616279069766,1170.8255813953488,1184.6,5200.0,1184.6,1188.7400000000002,1180.46,1192.8439999999998,1391.3373333333332,1648.0700000000004,False,False,False,False,False,False,False,False,False,True,False,0.1395407732567957,0.093027182171197,,,-0.0069593111598851,-0.1745207946423546,0.0058247509707919,-0.3721087286847881,-0.0021475740845977,-0.3156481371668672,1552.7,1627.9,1.5294117647058822,-0.0073907401135439,-0.0005135868422362,-1.703353165163164e-05
1992-05-07,1205.2,1205.2,1191.4262857142858,1205.2,8400.0,1205.2,1192.86,1184.59,1185.956,1388.7066666666665,1642.9830000000004,False,False,False,False,True,False,False,False,False,False,True,0.1200630600730169,0.057168934616661,,,0.0159674742781282,-0.1522624184091158,-0.0113674078991039,-0.3313972784600067,-0.0018943285359039,-0.3285018445200448,1540.2,1659.2,1.6153846153846154,-0.0058079726397943,0.0015827674737496,0.0002532455486938
1992-05-08,1205.2513966480446,1232.8,1205.2513966480446,1232.8,19600.0,1232.8,1202.5,1192.17,1181.5479999999998,1387.4466666666665,1638.0340000000006,False,False,False,False,False,False,False,False,False,False,False,0.0502920181700194,0.0167099286177807,,,0.0415736534717717,-0.1254434349989183,-0.0279039584685268,-0.3072680077871512,-0.0009081430157075,-0.3362356039826534,1540.2,1577.8,2.333333333333333,-0.0037306990490442,0.00207727359075,0.0009861855201964
1992-05-11,1232.8,1239.6871508379888,1219.0256983240224,1232.8,21500.0,1232.8,1210.76,1196.99,1182.3759999999995,1385.5186666666664,1633.0850000000005,False,False,False,False,False,False,True,False,False,False,False,0.061404931862427,0.0558890330953926,,,0.0409020116807271,-0.1238795154661473,-0.0167910447761194,-0.167585983127839,-0.0013915366471666,-0.3222249141596838,1559.0,1571.5,1.096938775510204,0.0007002848501658,0.0044309838992101,-0.0004833936314591
1992-05-12,1239.7021276595744,1301.687234042553,1232.8148936170212,1294.8,36100.0,1294.8,1230.0400000000002,1208.6999999999998,1185.9599999999998,1384.8346666666664,1628.6025,False,False,False,False,False,False,True,False,True,False,False,0.0159097930182268,-0.0372258263824529,,,0.0840593141797962,-0.0695355782102768,-0.0372258263824529,-0.2127741736175471,-0.0004939217774251,-0.3088442127906013,1546.5,1552.7,1.6790697674418604,0.0030220243515803,0.0023217395014145,0.0008976148697414
1992-05-13,1308.5765306122448,1349.9,1294.8020408163266,1349.9,213700.0,1349.9,1263.1,1225.9199999999998,1194.7759999999998,1384.301333333333,1624.583,False,False,False,False,False,False,True,False,False,False,False,-0.040817838358397,-0.0765241869768132,,,0.114915178902141,-0.0254843568659404,-0.0561523075783392,-0.2449070301503816,-0.0003852725707119,-0.3000114199947794,1540.2,1502.6,5.919667590027701,0.0073787889947572,0.0043567646431768,0.0001086492067132
1992-05-14,1349.9,1370.5617346938775,1315.4637755102042,1349.9,172600.0,1349.9,1292.0399999999995,1242.4499999999998,1200.2879999999998,1383.3506666666665,1620.689,False,False,False,False,False,False,True,False,False,True,False,-0.0561523075783392,-0.0714867767982813,,,0.1108319134750724,-0.024780107168432,-0.0816356767167938,-0.1837173123935106,-0.0006872203047094,-0.284937019598374,1540.2,1502.6,0.8076743097800655,0.0045922311978458,-0.0027865577969113,-0.0003019477339974
1992-05-15,1343.0106382978722,1343.0106382978722,1294.8,1294.8,18500.0,1294.8,1304.44,1253.4699999999998,1204.144,1381.1639999999998,1616.8324999999998,False,False,False,False,False,False,True,False,False,True,False,-0.031974050046339,-0.0266450417052826,,,0.0700154464009885,-0.0667006487488413,-0.0425548347235093,-0.0744516527649056,-0.0015832056632425,-0.2593520387404563,1502.6,1440.0,0.1071842410196987,0.0032022748109862,-0.0013899563868595,-0.0008959853585331
1992-05-18,1308.5,1315.3868421052632,1308.5,1308.5,13000.0,1308.5,1319.58,1265.1699999999998,1212.408,1378.909333333333,1613.6704999999995,False,False,False,False,False,False,True,False,False,False,False,-0.0051967902178066,-0.0578525028658769,,,0.0734367596484525,-0.0538091962807283,-0.0525792892625142,-0.0946885747038594,-0.0016351087139401,-0.2351699771572199,1440.0,1446.3,0.7027027027027027,0.006816187290087,0.0036139124791008,-5.1903050697586165e-05
1992-05-19,1315.4,1315.4,1308.5130890052355,1315.4,14700.0,1315.4,1323.7,1276.87,1220.9480000000003,1375.5786666666663,1610.543,False,False,False,False,False,False,True,False,False,False,False,-0.052303481830622,-0.0627945871978106,,,0.0718047742131669,-0.0457493284678928,-0.0680401398814048,-0.0941918807967159,-0.0024212840365848,-0.2054946862249092,1283.5,1502.6,1.1307692307692307,0.0069945648790942,0.0001783775890072,-0.0007861753226447
1992-05-20,1315.4617021276597,1336.123404255319,1294.8,1294.8,13900.0,1294.8,1312.68,1287.89,1224.804,1373.141333333333,1606.6864999999996,False,False,False,False,False,False,True,False,False,True,False,-0.0372258263824529,-0.0478838430645659,,,0.054059314179796,-0.060504582432293,-0.031974050046339,-0.1489805375347543,-0.0017750054376533,-0.1844878056355745,1271.0,1590.3,0.9455782312925172,0.0031482588234523,-0.0038463060556419,0.0006462785989314
1992-05-21,1294.7610810810809,1301.648108108108,1274.1,1274.1,7600.0,1274.1,1297.52,1294.78,1227.5600000000002,1369.677333333333,1601.9439999999995,False,False,False,False,False,False,True,False,False,True,False,-0.016246762420532,-0.0378306255395964,,,0.0365277450749546,-0.0750155665437039,-0.026999450592575,-0.1351542265128324,-0.0025290628060331,-0.1659586956857534,1308.5,1590.3,0.5467625899280576,0.0022451041089641,-0.0009031547144881,-0.0007540573683797
1992-05-22,1274.0604395604398,1287.834065934066,1253.4,1253.4,11300.0,1253.4,1289.2399999999998,1296.84,1231.4160000000002,1365.4359999999997,1596.91,False,False,False,False,False,False,True,False,False,False,False,0.0055050263283866,-0.038455401308441,,,0.0175394925801818,-0.0893856709749478,-0.0219403223232806,-0.0659007499601086,-0.0031062117399375,-0.1428549396995774,1283.5,1552.7,1.486842105263158,0.0031313544732243,0.0008862503642601,-0.0005771489339044
1992-05-25,1274.1507936507935,1301.7,1274.1507936507935,1301.7,2100.0,1301.7,1287.88,1303.73,1236.652,1361.0866666666664,1592.3055000000002,False,False,False,False,False,False,True,False,False,False,False,-0.052930782822463,-0.0793577629254052,,,0.049971575631866,-0.0456223912319784,-0.0741338249980794,-0.11116232618883,-0.0031954859597478,-0.1373520590919898,1327.3,1596.5,0.1858407079646017,0.004234012478854,0.0011026580056297,-8.927421981028572e-05
1992-05-26,1301.6983425414364,1301.6983425414364,1246.6,1246.6,11900.0,1246.6,1274.12,1298.91,1239.6840000000002,1356.0026666666668,1587.3625000000002,False,False,False,False,False,False,True,False,False,True,False,-0.0110701107011069,-0.0442002246109416,,,0.005547890261511,-0.0877608428258197,-0.0332103321033209,-0.0939355045724369,-0.0037492551637063,-0.1256669053283139,1405.0,1546.5,5.666666666666667,0.0024457845709069,-0.0017882279079471,-0.0005537692039585
1992-05-27,1246.6,1281.0364640883977,1246.6,1246.6,14500.0,1246.6,1264.48,1288.5800000000002,1240.236,1350.918666666667,1582.576,False,False,False,False,False,False,True,False,False,True,False,-0.0110701107011069,-0.0442002246109416,,,0.0051050858334668,-0.0836825498689772,-0.0774105567142628,-0.0884004492218833,-0.003763364979288,-0.1095702245883065,1405.0,1533.9,1.218487394957983,0.0004450765821987,-0.0020007079887081,-1.4109815581675976e-05
1992-05-28,1246.513186813187,1274.0604395604398,1239.6263736263738,1253.4,107600.0,1253.4,1260.34,1278.93,1243.816,1345.508,1577.9490000000003,False,False,False,False,False,False,True,False,True,False,False,-0.0219403223232806,-0.0493856709749482,,,0.007646401787139,-0.0734865166746449,-0.038455401308441,-0.054890697303335,-0.0040212816770074,-0.0963852595529074,1377.4,1533.9,7.420689655172413,0.0028782392250943,0.0024331626428955,-0.0002579166977193
1992-05-29,1260.3,1260.3,1253.4131147540984,1260.3,8000.0,1260.3,1261.72,1275.4799999999998,1247.948,1341.274666666667,1573.325,False,False,False,False,False,False,True,False,False,False,False,-0.0437197492660476,-0.0491152900103149,,,0.0098008410695864,-0.0642503107725676,-0.0545901769419979,-0.0710148377370467,-0.0031562016628956,-0.0961049957662995,1343.0,1508.9,0.0743494423791821,0.0033110353957056,0.0004327961706113,0.0008650800141117
1992-06-01,1260.3486033519553,1260.3486033519553,1219.0256983240224,1232.8,40700.0,1232.8,1247.94,1267.91,1249.876,1336.758666666667,1568.094,False,False,False,False,False,False,True,False,False,True,False,-0.0279039584685268,-0.0167910447761194,,,-0.0138513951979234,-0.0843272766601777,-0.0502920181700194,-0.0390979883192732,-0.0033783210931116,-0.0907083310329597,1212.1,1508.9,5.0875,0.0015425530212596,-0.001768482374446,-0.000222119430216
1992-06-02,1232.8,1246.5743016759775,1232.8,1232.8,3900.0,1232.8,1245.18,1259.65,1252.08,1332.4933333333338,1562.9885000000002,False,False,False,False,False,False,True,False,False,False,False,-0.0335009733939,0.0111940298507462,,,-0.0156391953277092,-0.080867402119836,-0.0614860480207657,-0.0502920181700194,-0.0032010166404834,-0.0863890763307269,1205.2,1533.9,0.0958230958230958,0.001760270909207,0.0002177178879474,0.0001773044526282
1992-06-03,1253.4614525139664,1253.4614525139664,1232.8,1232.8,38500.0,1232.8,1242.42,1253.4499999999996,1254.284,1328.8960000000006,1557.8830000000005,False,False,False,False,False,False,True,False,False,True,False,-0.0335009733939,0.0335009733939,,,-0.0174269954574952,-0.0779493835171971,-0.0614860480207657,-0.0502920181700194,-0.0027070089257046,-0.0763732099405639,1129.5,1552.7,9.871794871794872,0.0017571778002431,-3.0931089638913147e-06,0.0004940077147788
1992-06-04,1239.6741573033707,1239.6741573033707,1225.9,1225.9,3600.0,1225.9,1236.92,1248.63,1255.9359999999997,1325.2066666666672,1552.8680000000002,False,False,False,False,False,False,True,False,False,True,False,-0.0280610163961172,0.0112570356472795,,,-0.0245011828044698,-0.0810071512086361,-0.0673790684395139,-0.0730075862631536,-0.0027839682867075,-0.0700447690668975,1212.1,1540.2,0.0935064935064935,0.0013153536485932,-0.0004418241516499,-7.695936100298199e-05
1992-06-05,1232.7474285714286,1239.634285714286,1191.4262857142858,1205.2,19000.0,1205.2,1225.9,1243.81,1256.7599999999998,1322.0760000000002,1547.9375,False,False,False,False,False,False,True,False,False,True,False,-0.0056422170594091,0.0286259541984732,,,-0.0427812811151673,-0.0969764354463991,-0.0513607699966811,-0.0685363425157651,-0.0023679929646003,-0.070316205851376,1198.4,1540.2,5.277777777777778,0.0006556542219676,-0.0006596994266255,0.0004159753221072
1992-06-08,1205.287356321839,1205.287356321839,1191.512643678161,1198.4,4800.0,1198.4,1219.02,1233.48,1257.0359999999998,1318.7706666666668,1543.599,False,False,False,False,False,False,True,False,False,True,False,0.0114319092122828,0.0344626168224298,,,-0.0489285714285712,-0.1004428126390743,-0.0345460614152203,-0.05173564753004,-0.0025063746236394,-0.0642004734572105,1101.9,1559.0,0.2526315789473684,0.0002195641174954,-0.0004360901044721,-0.0001383816590391
1992-06-09,1198.387283236994,1205.2745664739884,1191.5,1191.5,22700.0,1191.5,1210.7599999999998,1227.97,1256.76,1314.6226666666666,1539.6955000000005,False,False,False,False,False,False,False,False,False,True,False,0.0462442299622324,0.0288711707931179,,,-0.054771296684851,-0.103334172611554,-0.0231640788921526,-0.0057910197230382,-0.0031552780164043,-0.0555143855305911,1101.9,1546.5,4.729166666666667,-0.0002196123364841,-0.0004391764539796,-0.0006489033927648
1992-06-10,1198.387283236994,1198.387283236994,1184.6127167630057,1191.5,6800.0,1191.5,1202.5,1222.46,1257.0359999999998,1309.3053333333332,1535.3535000000002,False,False,False,False,False,False,True,False,False,False,False,0.0693243810323121,0.0519513218631977,,,-0.0550029374737724,-0.0988714505525247,-0.0289550986151909,0.0,-0.0040611866445209,-0.0467499959098866,1198.4,1540.2,0.2995594713656387,0.0002195641174953,0.0004391764539794,-0.0009059086281166
1992-06-11,1191.5,1198.387283236994,1191.5,1191.5,5600.0,1191.5,1195.62,1216.27,1256.488,1303.9879999999998,1531.45,False,False,False,False,False,False,False,False,False,True,False,0.0404532102391943,0.0404532102391943,,,-0.0545430130088124,-0.0944087284934954,-0.0404532102391943,-0.0347461183382292,-0.0040777471367324,-0.0447351328241262,1205.2,1540.2,0.8235294117647058,-0.0004361362782611,-0.0006557003957564,-1.6560492211431e-05
1992-06-12,1212.1747126436785,1212.1747126436785,1198.4,1198.4,22800.0,1198.4,1194.2599999999998,1210.08,1255.112,1299.2639999999997,1527.675,False,False,False,False,False,False,False,False,False,True,False,0.0344626168224298,0.0229472630173564,,,-0.0473230974632843,-0.0841655540720957,-0.0690086782376502,-0.0230307076101469,-0.0036359046352397,-0.0398486050509057,1157.0,1502.6,4.071428571428571,-0.0010963165040251,-0.0006601802257639,0.0004418425014926
1992-06-15,1218.9869318181816,1225.8738636363637,1205.213068181818,1212.1,18100.0,1212.1,1197.0,1208.01,1254.284,1294.1386666666665,1524.5005,False,False,False,False,False,False,False,False,False,False,False,0.0227703984819735,-0.0056925996204932,,,-0.0348024090421584,-0.0676830844539778,-0.0852239914198498,-0.0624535929378762,-0.0039604205216544,-0.0421933593264956,1170.8,1440.0,0.793859649122807,-0.0006601375764978,0.0004361789275273,-0.0003245158864146
1992-06-16,1225.9381215469614,1246.6,1205.2762430939226,1246.6,28100.0,1246.6,1208.02,1209.39,1252.356,1290.14,1521.9679999999996,False,False,False,False,False,False,False,False,False,True,False,-0.0166051660516603,-0.0332103321033209,,,-0.0046173592170705,-0.0349270014439276,-0.1216107813252044,-0.0718755013637092,-0.0030994052325068,-0.0444273559397713,1170.8,1283.5,1.5524861878453038,-0.0015394983535034,-0.0008793607770055,0.0008610152891475
1992-06-17,1246.5518918918915,1274.1,1225.8908108108108,1274.1,89300.0,1274.1,1224.5400000000002,1213.52,1249.3239999999998,1286.6760000000002,1519.448,False,False,False,False,True,False,False,False,False,True,False,-0.016246762420532,-0.097323600973236,,,0.0194458833686524,-0.0098704968212858,-0.1891531276979829,-0.1080762891452788,-0.0026922084503013,-0.0505142066055771,1232.8,1271.0,3.1779359430604983,-0.0024269124742662,-0.0008874141207627,0.0004071967822055
1992-06-18,1239.7,1260.361666666667,1239.7,1239.7,6600.0,1239.7,1234.1799999999998,1214.9,1244.9160000000002,1282.7533333333336,1516.6305000000002,False,False,False,False,False,False,False,False,False,True,False,0.0,-0.0278293135435992,,,-0.0042074695490845,-0.0347288322443603,-0.1777849479712834,-0.1055900621118013,-0.003058005436223,-0.0538645155979916,1163.9,1308.5,0.0739081746920492,-0.0035408011464224,-0.0011138886721562,-0.0003657969859217
1992-06-19,1239.7,1260.361666666667,1239.7,1239.7,6600.0,1239.7,1242.44,1218.35,1242.712,1279.1640000000002,1514.001,False,False,False,False,False,False,False,False,False,False,False,-0.0111317254174396,-0.038880374284101,,,-0.0024296200693715,-0.0318335081068001,-0.1944825360974429,-0.1055900621118013,-0.0028059993349823,-0.0576763655763942,1157.0,1283.5,1.0,-0.0017735404502412,0.0017672606961812,0.0002520061012407
1992-06-22,1239.7,1246.5872222222222,1225.9255555555555,1239.7,23700.0,1239.7,1247.9599999999998,1222.4800000000002,1239.9599999999998,1275.5746666666669,1511.747,False,False,False,False,False,False,False,False,False,True,False,-0.0278293135435992,-0.0555779624102606,,,-0.0002097281600385,-0.0289381839692399,-0.1889166733887231,-0.0833266112769218,-0.0028138951228256,-0.0608598913683663,1184.6,1327.3,3.590909090909091,-0.0022194264331108,-0.0004458859828696,-7.895787843359078e-06
1992-06-23,1232.7870786516853,1239.6741573033707,1225.9,1225.9,3400.0,1225.9,1243.8200000000002,1225.9200000000003,1236.38,1271.468,1509.4240000000002,False,False,False,False,False,False,False,False,False,True,False,-0.0168855534709193,-0.056203605514316,,,-0.0085488212741659,-0.0371710579982053,-0.1348397096011095,-0.0898931397340729,-0.003229862384792,-0.0691154398329419,1177.7,1405.0,0.1434599156118143,-0.0028955499118391,-0.0006761234787282,-0.0004159672619663
1992-06-24,1267.1736263736266,1267.1736263736266,1239.6263736263738,1253.4,15900.0,1253.4,1239.6799999999998,1232.11,1234.724,1267.4773333333333,1507.5205000000003,False,False,False,False,True,False,False,False,False,False,False,-0.082415828945269,-0.0769108026168821,,,0.014900271262167,-0.0112313174831124,-0.2032870591989788,-0.1043561512685496,-0.0031485112685776,-0.0793841458960644,1177.7,1405.0,4.676470588235294,-0.0013411904198834,0.0015543594919557,8.135111621436616e-05
1992-06-25,1274.1361111111112,1274.1361111111112,1225.9255555555555,1239.7,20500.0,1239.7,1239.68,1236.9299999999998,1233.3480000000002,1263.4706666666668,1504.8910000000003,False,False,False,False,False,False,False,False,False,False,False,-0.0278293135435992,-0.077760748568202,,,0.0051238202790996,-0.0191745314726682,-0.2222311849641042,-0.1167217875292409,-0.0031711592301837,-0.0874261275900816,1184.6,1377.4,1.2893081761006289,-0.0011156624083387,0.0002255280115447,-2.2647961606064943e-05
1992-06-26,1239.6741573033707,1246.5612359550562,1225.9,1225.9,5200.0,1225.9,1236.92,1239.6799999999998,1232.2480000000005,1259.28,1502.3175000000003,False,False,False,False,False,False,False,False,False,False,False,-0.0280610163961172,-0.0673790684395139,,,-0.0051782363977489,-0.0272289746308833,-0.2134758136879027,-0.0955216575577128,-0.0033278275416641,-0.0944517940113577,1184.6,1343.0,0.2536585365853658,-0.0008926774480459,0.0002229849602928,-0.0001566683114804
1992-06-29,1225.8605714285716,1225.8605714285716,1205.2,1205.2,11400.0,1205.2,1230.02,1238.99,1228.388,1254.5626666666665,1499.7035000000003,False,False,False,False,False,False,False,False,False,True,False,-0.0285429804181879,-0.0399933620975772,,,-0.0192399601725853,-0.0409580705830288,-0.1999668104878858,-0.0685363425157651,-0.0037601416482982,-0.0950612999297816,1191.5,1212.1,2.1923076923076925,-0.003142329622237,-0.0022496521741911,-0.0004323141066341
1992-06-30,1225.8605714285716,1225.8605714285716,1191.4262857142858,1205.2,10300.0,1205.2,1225.88,1234.85,1226.7320000000002,1250.0119999999995,1497.3400000000004,False,False,False,False,False,False,False,False,False,False,False,-0.0399933620975772,-0.0342681712578824,,,-0.0178659143710588,-0.0371822104215063,-0.2056920013275805,-0.0799867241951544,-0.003640498384549,-0.0959306798396564,1198.4,1205.2,0.9035087719298246,-0.0013499281016552,0.0017924015205818,0.0001196432637491
1992-07-01,1191.4209580838324,1198.3077844311376,1115.6658682634732,1150.1,11800.0,1150.1,1205.22,1222.4500000000005,1222.8720000000003,1244.8106666666663,1494.8575000000003,False,False,False,False,False,False,False,False,False,True,False,0.0059994783062343,0.0059994783062343,,,-0.0632744978697508,-0.0823499405848764,-0.1975480393009303,-0.023910964263977,-0.0041784132098267,-0.0878890752178008,1184.6,1129.5,1.145631067961165,-0.0031565037060296,-0.0018065756043744,-0.0005379148252776
1992-07-02,1170.7657142857145,1225.8605714285716,1170.7657142857145,1205.2,3500.0,1205.2,1198.32,1219.0000000000005,1220.9440000000004,1240.3439999999996,1492.7130000000004,False,False,False,False,False,False,False,False,False,False,False,-0.0513607699966811,-0.0513607699966811,,,-0.0130633919681383,-0.029160305343511,-0.2285097909060738,-0.0857119150348489,-0.0036011515085062,-0.0858736669401152,1205.2,1212.1,0.2966101694915254,-0.0015791060032236,0.001577397702806,0.0005772617013204
1992-07-03,1205.2745664739884,1212.1618497109826,1191.5,1191.5,20100.0,1191.5,1191.44,1214.18,1218.1920000000002,1236.1959999999997,1490.4060000000004,False,False,False,False,False,False,False,False,False,True,False,-0.0404532102391943,-0.063617289131347,,,-0.0224020142677299,-0.0375123793537555,-0.2485942089802771,-0.0462442299622324,-0.0033554549602165,-0.0799716681216954,1232.8,1198.4,5.742857142857143,-0.0022590855957026,-0.0006799795924789,0.0002456965482896
1992-07-06,1191.4611764705885,1191.4611764705885,1163.912941176471,1170.8,14700.0,1170.8,1184.56,1207.29,1215.7120000000002,1232.6066666666666,1487.9330000000004,False,False,False,False,False,False,False,False,False,False,False,-0.0117868124359411,-0.0529552442774171,,,-0.0383600956610866,-0.0527901150210681,-0.294072429108302,-0.0647420567133583,-0.0029119859809291,-0.0781502373083516,1232.8,1101.9,0.7313432835820896,-0.0020399568318812,0.0002191287638213,0.0004434689792874
1992-07-07,1170.7738095238094,1191.434523809524,1157.0,1157.0,3400.0,1157.0,1174.92,1200.4,1212.6800000000003,1230.9200000000003,1485.3910000000003,False,False,False,False,False,False,False,False,False,True,False,0.0059636992221262,-0.0535868625756266,,,-0.0481244598098533,-0.0638893690579086,-0.3273984442523768,-0.0237683664649956,-0.0013702488111869,-0.0717094301899368,1294.8,1101.9,0.2312925170068027,-0.002500247385955,-0.0004602905540737,0.0015417371697421
1992-07-08,1170.7738095238094,1170.7738095238094,1157.0,1157.0,3600.0,1157.0,1176.3,1190.7599999999998,1209.6480000000004,1229.4,1482.7865000000006,False,False,False,False,False,False,False,False,False,True,False,0.0,-0.1070872947277442,,,-0.0455038893690582,-0.0625756266205705,-0.3154710458081244,-0.035695764909248,-0.0012363754677079,-0.0647737579361077,1349.9,1198.4,1.0588235294117647,-0.0025065142917608,-6.266905805833983e-06,0.0001338733434789
1992-07-09,1157.074698795181,1157.074698795181,1143.3,1143.3,8300.0,1143.3,1163.92,1181.12,1206.3440000000005,1227.1973333333333,1480.1135000000006,False,False,False,False,False,False,False,False,False,True,False,0.0,-0.1084579725356424,,,-0.0551421324236863,-0.0733817312458089,-0.3012332721070585,-0.0602641476427883,-0.0017948756950798,-0.0588847873205093,1349.9,1205.2,2.305555555555556,-0.0027388539255799,-0.0002323396338191,-0.0005585002273718
1992-07-10,1143.3,1150.1873493975902,1129.5253012048192,1143.3,32600.0,1143.3,1154.2800000000002,1172.86,1203.868,1225.328,1477.4715000000006,False,False,False,False,False,False,False,False,False,False,False,-0.0241406454998687,-0.1265634566605439,,,-0.0529764716172483,-0.0717466981544651,-0.3012332721070585,-0.0241406454998687,-0.0015255779132879,-0.0516685708439199,1294.8,1157.0,3.927710843373494,-0.0020567038911247,0.0006821500344552,0.0002692977817918
1992-07-13,1143.2261904761904,1170.7738095238094,1143.2261904761904,1157.0,7900.0,1157.0,1151.52,1168.0399999999995,1202.2120000000002,1223.0573333333336,1475.1170000000002,False,False,False,False,False,False,False,False,False,False,False,-0.0416594641313742,-0.1309420916162489,,,-0.0390769230769232,-0.0570936329588017,-0.3154710458081244,-0.0594641313742436,-0.0018565496520738,-0.0507003184822432,1308.5,1170.8,0.2423312883435582,-0.0013774608804434,0.0006792430106812,-0.0003309717387858
1992-07-14,1157.0130177514795,1163.9,1150.1260355029588,1163.9,14100.0,1163.9,1152.9,1163.91,1201.108,1219.842666666667,1472.7345,False,False,False,False,False,False,False,False,False,False,False,-0.0591975255606152,-0.0887533293238252,,,-0.0319683821634159,-0.0480648394764729,-0.3787266947332245,-0.0591975255606152,-0.002635312532108,-0.0485174970573326,1315.4,1170.8,1.7848101265822784,-0.0009191513169509,0.0004583095634925,-0.0007787628800342
1992-07-15,1150.1130952380952,1157.0,1150.1130952380952,1157.0,3200.0,1157.0,1152.9,1164.6,1199.728,1216.536,1470.1610000000005,False,False,False,False,False,False,False,False,False,True,False,-0.1070872947277442,-0.1369057908383751,,,-0.0369299913569577,-0.051457216940363,-0.3571305099394987,-0.1070872947277442,-0.0027181001356859,-0.0567662716812638,1294.8,1232.8,0.226950354609929,-0.0011502607257644,-0.0002311094088135,-8.278760357792068e-05
1992-07-16,1150.1873493975902,1150.1873493975902,1143.3,1143.3,12000.0,1143.3,1152.9,1158.41,1197.8,1213.4146666666666,1467.4880000000005,False,False,False,False,False,False,False,False,False,True,False,-0.1084579725356424,-0.1566517974284964,,,-0.0476690282515525,-0.0613265692877342,-0.2951981107320913,-0.1566517974284964,-0.002572355039937,-0.0636130558265208,1274.1,1163.9,3.75,-0.001609617632326,-0.0004593569065616,0.0001457450957489
1992-07-17,1136.361111111111,1136.361111111111,1115.7,1115.7,8800.0,1115.7,1147.38,1150.8300000000002,1194.492,1210.3839999999996,1464.7705,False,False,False,False,False,False,False,False,False,True,False,-0.1049565295330286,-0.1357891906426458,,,-0.0706211347136326,-0.0848651071076449,-0.2345612619879896,-0.1234202742672761,-0.0025038885731032,-0.0712094749007238,1253.4,1157.0,0.7333333333333333,-0.0027693781122016,-0.0011597604798756,6.846646683376792e-05
1992-07-20,1108.8,1115.6869565217391,1108.8,1108.8,2900.0,1108.8,1137.74,1144.63,1190.36,1209.0066666666664,1461.737,False,False,False,False,False,False,False,False,False,True,False,-0.0931637806637806,-0.1304112554112553,,,-0.0735569985569985,-0.0903739778739777,-0.0744949494949494,-0.1304112554112553,-0.0011392272444043,-0.0776058639036194,1301.7,1184.6,0.3295454545454545,-0.003471218790954,-0.0007018406787523,0.0013646613286989
1992-07-21,1101.8867924528302,1101.8867924528302,1095.0,1095.0,6700.0,1095.0,1123.96,1138.4299999999998,1184.296,1207.5373333333332,1458.603,False,False,False,False,False,False,False,False,False,True,False,-0.0314155251141553,-0.1257534246575342,,,-0.0815488584474886,-0.102773820395738,-0.0691324200913242,-0.1194520547945205,-0.0012168015785294,-0.0871024129722511,1246.6,1177.7,2.310344827586207,-0.0051203415362374,-0.0016491227452833,-7.757433412510883e-05
1992-07-22,1095.086,1095.086,1033.1,1033.1,6200.0,1033.1,1099.1799999999998,1126.04,1174.656,1206.252,1455.0030000000002,False,False,False,False,False,False,False,False,False,True,False,-0.0333946374987899,-0.1066692478946858,,,-0.1370206175588036,-0.167604297744652,-0.0133578549995159,-0.0999903203949279,-0.001065559545877,-0.0935668359916166,1246.6,1177.7,0.9253731343283582,-0.0082066579492209,-0.0030863164129835,0.0001512420326524
1992-07-23,1012.4128378378376,1026.1871621621622,1005.5256756756756,1019.3,9300.0,1019.3,1074.38,1113.64,1165.84,1203.6813333333332,1451.2714999999998,False,False,False,False,False,False,False,False,False,False,False,-0.0540567055822622,-0.0878053566172864,,,-0.1437653291474541,-0.1808901533732299,0.0810360051015404,-0.1013440596487785,-0.0021356704598449,-0.0976976401709709,1253.4,1184.6,1.5,-0.0075619295958279,0.000644728353393,-0.0010701109139678
1992-07-24,1019.2606896551724,1019.2606896551724,998.6,998.6,6800.0,998.6,1050.96,1099.1699999999998,1156.196,1201.0173333333337,1446.8104999999998,False,False,False,False,False,False,False,False,False,True,False,-0.0344482275185259,-0.1034448227518527,,,-0.1578169437212095,-0.2027011148941855,0.2000801121570199,-0.1034448227518527,-0.0022181195275556,-0.1058707934168508,1260.3,1184.6,0.7311827956989247,-0.0083411463108331,-0.0007792167150051,-8.244906771077932e-05
1992-07-27,1012.3869863013698,1019.2739726027396,1005.5,1005.5,11000.0,1005.5,1030.3,1084.02,1146.828,1199.7320000000002,1442.4465,False,False,False,False,False,False,False,False,False,False,False,-0.0410740924912978,-0.1780208851317752,,,-0.1405549477871705,-0.1931695673794134,0.1781203381402286,-0.1300845350571854,-0.0010713503793626,-0.1130698695596021,1232.8,1191.5,1.6176470588235294,-0.0081686181362854,0.0001725281745476,0.001146769148193
1992-07-28,1005.503896103896,1060.6,1005.503896103896,1060.6,5000.0,1060.6,1023.4199999999998,1073.69,1140.2159999999997,1199.181333333334,1438.2014999999997,False,False,False,False,False,False,False,False,False,False,False,-0.0973976994154252,-0.2662643786535922,,,-0.0750669432396754,-0.1306631466465529,0.123420705261173,-0.1558551763152933,-0.0004592021668112,-0.1231361007367117,1232.8,1198.4,0.4545454545454545,-0.005798901260814,0.0023697168754714,0.0006121482125513
1992-07-29,1046.808275862069,1046.808275862069,998.6,998.6,4500.0,998.6,1016.52,1057.85,1130.0239999999997,1196.5173333333337,1433.7714999999994,False,False,False,False,False,False,False,False,False,True,False,-0.075806128580012,-0.2068896455037052,,,-0.1316082515521726,-0.1981948060618202,0.1034448227518526,-0.1103544962948126,-0.0022264616865839,-0.1236848324431629,1232.8,1184.6,0.9,-0.0090192774666732,-0.0032203762058592,-0.0017672595197726
1992-07-30,977.9742857142858,984.8614285714286,957.3128571428572,964.2,10200.0,964.2,1005.5,1039.94,1119.0039999999997,1193.3040000000003,1429.2009999999996,False,False,False,False,False,False,False,False,False,True,False,-0.0356772453847751,-0.171437461107654,,,-0.160551752748392,-0.2376104542626013,0.1428126944617299,-0.057145820369218,-0.0026928036219885,-0.1138911860299633,1225.9,1205.2,2.2666666666666666,-0.0098480434386293,-0.000828765971956,-0.0004663419354045
1992-07-31,977.9742857142858,977.9742857142858,964.2,964.2,8900.0,964.2,998.62,1024.7900000000002,1108.5359999999996,1190.7333333333338,1424.9124999999997,False,False,False,False,False,False,False,False,False,False,False,-0.0714582036921802,-0.171437461107654,,,-0.1496950840074668,-0.2349443407315222,0.2142708981539098,0.0,-0.0021588936789652,-0.1021379990046743,1205.2,1232.8,0.8725490196078431,-0.0094430852944785,0.0004049581441507,0.0005339099430232
1992-08-03,964.2,977.9742857142858,964.2,964.2,5200.0,964.2,990.36,1010.3300000000002,1098.8959999999995,1187.9786666666669,1420.4984999999997,False,False,False,False,False,False,False,False,False,False,False,-0.1428126944617299,-0.178593652769135,,,-0.1396971582659193,-0.2320873954228031,0.1999585148309478,0.0214685749844429,-0.0023187846246399,-0.0872388229588352,1198.4,1232.8,0.5842696629213483,-0.0087724407041249,0.0006706445903535,-0.0001598909456747
1992-08-04,964.1870503597122,964.1870503597122,950.4129496402876,957.3,3200.0,957.3,969.7,996.5599999999998,1088.9799999999998,1185.132,1416.2064999999996,False,False,False,False,False,False,False,False,False,True,False,-0.1870886869319961,-0.2446464013370938,,,-0.1375535359866289,-0.2379943591350675,0.1798809150736446,0.0288310874334064,-0.0024019827889777,-0.0725495705225975,1191.5,1294.8,0.6153846153846154,-0.0091057687009859,-0.000333327996861,-8.31981643378229e-05
1992-08-05,943.5619402985076,943.5619402985076,895.3507462686567,922.9,7200.0,922.9,954.56,985.54,1079.8919999999998,1181.0000000000002,1411.7739999999997,False,False,False,False,False,False,False,False,False,False,False,-0.1418355184743742,-0.1940621952540904,,,-0.1701072705601905,-0.2796619352042477,0.2313360060678298,0.0597031097627045,-0.0034987298899236,-0.0572883901211517,1191.5,1349.9,2.25,-0.0084156563804528,0.0006901123205331,-0.0010967471009458
1992-08-06,929.7999999999998,936.6874074074072,909.1377777777776,929.7999999999998,14500.0,929.8,947.68,976.59,1068.876,1177.8786666666667,1407.5949999999998,False,False,False,False,False,False,False,False,False,True,False,-0.1407829640782963,-0.1333620133362012,,,-0.1495762529576254,-0.2668086326808636,0.2740374274037429,0.0962572596257261,-0.0026499616825277,-0.0380712479136588,1191.5,1349.9,2.013888888888889,-0.0103061533798119,-0.001890496999359,0.0008487682073959
1992-08-07,929.7346153846152,929.7346153846152,895.2999999999998,895.2999999999998,14200.0,895.3,933.9,966.26,1057.0279999999998,1174.3893333333333,1403.2749999999994,False,False,False,False,False,False,False,False,False,True,False,-0.1076734055623812,-0.046129788897576,,,-0.1806411258795934,-0.3117271678022266,0.3077180833240256,0.1846308499944154,-0.0029711895657545,-0.0106803551839048,1198.4,1294.8,0.9793103448275862,-0.011208785386953,-0.0009026320071411,-0.0003212278832268
1992-08-10,909.15,909.15,826.5,826.5,12300.0,826.5,906.36,948.36,1043.256,1169.6146666666668,1398.5794999999996,False,False,False,False,False,False,False,False,False,True,False,-0.0417422867513611,0.24162129461585,,,-0.2622577132486389,-0.4151417624521075,0.4332728372655776,0.2915910465819721,-0.0040822561504584,0.0283225779239951,1212.1,1308.5,0.8661971830985915,-0.0132009784750815,-0.0019921930881285,-0.0011110665847039
1992-08-11,826.4070796460178,826.4070796460178,757.5398230088497,778.2,28300.0,778.2,870.54,920.12,1028.104,1164.2879999999998,1393.8929999999991,False,False,False,False,False,False,False,False,False,True,False,-0.0708044204574659,0.309817527627859,,,-0.321130814700591,-0.4961295296838855,0.5044975584682599,0.362888717553328,-0.0045750421430668,0.0778485414945876,1246.6,1315.4,2.3008130081300813,-0.0147378086263646,-0.0015368301512831,-0.0004927859926083
1992-08-12,764.4521739130435,792.0,757.5652173913044,792.0,22000.0,792.0,844.3599999999999,899.46,1013.504,1159.1453333333334,1389.2439999999997,False,False,False,False,False,False,False,False,False,False,False,-0.0608585858585859,0.2869949494949494,,,-0.2796767676767677,-0.4635673400673401,0.4782828282828282,0.3478535353535353,-0.0044366021401973,0.1225179552175749,1274.1,1294.8,0.7773851590106007,-0.0144054685526648,0.0003323400736998,0.0001384400028695
1992-08-13,798.9,798.9,785.1258620689655,798.9,9200.0,798.9,818.1800000000001,882.93,999.7280000000002,1154.0026666666663,1384.473,False,False,False,False,False,False,False,False,False,False,False,0.0086368757040931,0.3792714983101766,,,-0.2513806483915386,-0.4444895064046393,0.4224558768306423,0.3362122919013644,-0.0044563732954982,0.161473729514231,1239.7,1274.1,0.4181818181818181,-0.0137797480914807,0.0006257204611841,-1.977115530091712e-05
1992-08-14,798.9,798.9,792.0129310344828,798.9,7400.0,798.9,798.9,866.4,985.952,1148.86,1379.7335,False,False,False,False,False,False,False,False,False,True,False,0.0689698335210915,0.5000625860558269,,,-0.2341369382901489,-0.4380523219426711,0.4051821254224558,0.3879083740142696,-0.0044763214548912,0.2003231763619576,1239.7,1253.4,0.8043478260869565,-0.0139722826263349,-0.0001925345348542,-1.994815939304964e-05
1992-08-17,805.7739130434783,826.4347826086956,792.0,792.0,10400.0,792.0,792.0,849.18,971.3520000000004,1143.5333333333333,1375.0220000000002,False,False,False,False,False,False,False,False,False,True,False,0.2957070707070707,0.4957070707070706,,,-0.226454545454546,-0.4438552188552188,0.434848484848485,0.3999999999999999,-0.0046580773042615,0.2392543394804399,1239.7,1301.7,1.4054054054054057,-0.015030596529373,-0.0010583139030381,-0.0001817558493703
1992-08-18,805.74,805.74,723.1,723.1,17200.0,723.1,780.98,825.7599999999999,953.72,1137.196,1369.9035,False,False,False,False,False,False,False,False,False,True,False,0.4096252247268703,0.6477665606416816,,,-0.3189323744986862,-0.5726676808186971,0.6382243119900427,0.5905130687318488,-0.0055727713897458,0.2944075760511529,1225.9,1246.6,1.6538461538461535,-0.0184876064253663,-0.0034570098959933,-0.0009146940854842
1992-08-19,736.912962962963,743.8,730.0259259259259,743.8,22700.0,743.8,771.3399999999999,807.8499999999999,937.192,1131.3186666666668,1364.8570000000002,False,False,False,False,False,False,False,False,False,False,False,0.370395267545039,0.4814466254369456,,,-0.2600053777897285,-0.5209984762929105,0.6019091153535898,0.6481581070180158,-0.0051951174381752,0.3537909265333913,1253.4,1246.6,1.319767441860465,-0.0176356605690189,0.0008519458563473,0.0003776539515706
1992-08-20,750.702564102564,805.8,730.0410256410256,805.8,35500.0,805.8,772.72,795.45,923.692,1125.9933333333336,1360.0580000000002,False,False,False,False,False,False,False,False,False,False,False,0.3674609084139987,0.3674609084139987,,,-0.1463042938694466,-0.3973608008604289,0.427277240009928,0.6324149913129811,-0.0047294536971798,0.412118926393865,1239.7,1253.4,1.5638766519823788,-0.0146152613641776,0.0030203992048412,0.0004656637409953
1992-08-21,854.0,854.0,847.1129032258065,854.0,14100.0,854.0,783.74,791.32,913.224,1120.9426666666666,1355.4685,False,False,False,False,False,False,False,False,False,False,False,0.4032786885245902,0.3709601873536299,,,-0.0693489461358314,-0.3125792349726775,0.3709601873536299,0.4919203747072598,-0.0045057314855237,0.4464691907193042,1225.9,1260.3,0.3971830985915493,-0.0114626860441687,0.0031525753200089,0.000223722211656
1992-08-24,929.7785234899328,1033.0872483221476,929.7785234899328,1026.2,45500.0,1026.2,830.5799999999999,811.2900000000001,909.92,1118.188,1351.6775,False,False,False,False,True,False,False,False,False,False,True,0.1543558760475539,0.127460534008965,,,0.1133112453712727,-0.0896394465016566,0.1073864743714675,0.2617423504190215,-0.0024635094158285,0.4388812878255615,1205.2,1232.8,3.226950354609929,-0.0036310884473361,0.0078315975968326,0.0020422220696952
1992-08-25,1026.1871621621622,1026.1871621621622,991.7513513513512,1019.3,24600.0,1019.3,889.82,835.4,906.8919999999998,1114.5146666666665,1348.0084999999997,False,False,False,False,False,False,False,False,False,False,False,0.1689394682625331,0.1081134111645247,,,0.1102796036495635,-0.0934118185682983,0.1350927106838026,0.2364367703325812,-0.0032959039869075,0.4212592769930572,1205.2,1232.8,0.5406593406593406,-0.0033388760734466,0.0002922123738895,-0.000832394571079
1992-08-26,1026.1871621621622,1088.1716216216216,1005.5256756756756,1019.3,26000.0,1019.3,944.92,858.1299999999999,906.3399999999998,1110.1066666666666,1344.2769999999991,False,False,False,False,False,False,False,False,False,False,False,0.0810360051015404,0.1148827626802709,,,0.1108211517708232,-0.0890872821217174,0.1148827626802709,0.2364367703325812,-0.0039707895937927,0.4060806637688929,1150.1,1232.8,1.056910569105691,-0.0006090429640091,0.0027298331094374,-0.0006748856068851
1992-08-27,1033.03125,1122.560625,1019.2575,1101.9,23700.0,1101.9,1004.14,888.4300000000001,909.644,1106.8,1340.7704999999996,False,False,False,False,False,False,True,False,True,False,False,0.0,0.0750521825937016,,,0.1744768127779291,-0.0044468645067609,0.0062619112442144,0.1250567202105453,-0.0029875918564027,0.3775086388347983,1205.2,1225.9,0.9115384615384616,0.0036321901754974,0.0042412331395065,0.0009831977373899
1992-08-28,1081.3149425287356,1205.287356321839,1081.3149425287356,1198.4,48500.0,1198.4,1073.02,928.38,917.636,1105.5146666666665,1337.6214999999995,False,False,False,False,False,False,True,False,False,False,False,-0.0230307076101469,-0.0230307076101469,,,0.2342823765020027,0.077507788161994,-0.074766355140187,0.028704939919893,-0.0011626560660737,0.3315883582153857,1191.5,1205.2,2.0464135021097047,0.008709335727892,0.0050771455523946,0.001824935790329
1992-08-31,1170.8255813953488,1184.6,1157.0511627906976,1184.6,24500.0,1184.6,1104.7,967.64,924.7999999999998,1103.8626666666664,1334.6224999999995,False,False,False,False,False,False,True,False,False,True,False,-0.0232990038831672,0.0,,,0.2193145365524228,0.0681557769148518,-0.0406888401148065,0.0755529292588215,-0.0014965629782449,0.294644702575338,1170.8,1198.4,0.5051546391752577,0.0077465397923874,-0.0009627959355046,-0.0003339069121711
1992-09-01,1170.8381502890172,1205.2745664739884,1163.950867052023,1191.5,29900.0,1191.5,1139.14,1014.48,930.036,1102.2106666666666,1331.5954999999992,False,False,False,False,False,False,True,False,False,True,False,-0.0520352496852706,-0.0173730591691146,,,0.2194410407049937,0.0749385928101833,-0.063617289131347,0.0693243810323121,-0.0014988060358695,0.247092106300765,1157.0,1191.5,1.220408163265306,0.0056298895956716,-0.0021166501967157,-2.243057624646237e-06
1992-09-02,1177.655625,1184.5425,1088.12625,1101.9,31000.0,1101.9,1155.66,1050.29,934.168,1099.6386666666665,1328.1204999999993,False,False,False,False,False,False,True,False,False,True,False,0.0313095562210726,0.0625283601052725,,,0.1522207096832744,0.0020522128444809,0.0187857337326434,0.1374897903621018,-0.0023389501278602,0.2071903950337527,1157.0,1191.5,1.0367892976588629,0.0044231872639611,-0.0012067023317105,-0.0008401440919907
1992-09-03,1095.013125,1108.786875,1088.12625,1101.9,18300.0,1101.9,1155.66,1079.9,939.676,1097.342666666667,1324.8334999999995,False,False,False,False,False,False,True,False,False,False,False,0.0750521825937016,0.0313095562210726,,,0.1472220709683274,0.0041358864990772,-0.0062619112442146,0.1187948089663307,-0.0020923272827566,0.1664413371608482,1143.3,1191.5,0.5903225806451613,0.0058615948475858,0.0014384075836246,0.0002466228451036
1992-09-04,1170.8,1198.3482352941176,1163.912941176471,1170.8,18200.0,1170.8,1150.14,1111.58,947.94,1096.2413333333334,1321.8909999999994,False,False,False,False,False,False,True,False,False,False,False,0.0,-0.0411684318414759,,,0.190348479672019,0.0636818130053523,-0.0529552442774171,0.0529552442774171,-0.0010046449626057,0.1294823584447361,1143.3,1198.4,0.994535519125683,0.0087178513408021,0.0028562564932163,0.0010876823201509
1992-09-07,1198.321428571429,1198.321428571429,1157.0,1157.0,25700.0,1157.0,1144.62,1124.66,955.652,1094.312,1318.6914999999997,False,False,False,False,False,False,True,False,False,True,False,0.0238547968885046,-0.0178046672428694,,,0.1740259291270527,0.0541815038893691,-0.0297320656871219,0.0774416594641313,-0.0017630559962181,0.1120605338502302,1157.0,1212.1,1.4120879120879122,0.0080698831792325,-0.0006479681615695,-0.0007584110336124
1992-09-08,1157.0487804878048,1170.8231707317073,1129.5,1129.5,14400.0,1129.5,1132.22,1135.6799999999998,962.5399999999998,1092.7506666666668,1315.4794999999997,False,False,False,False,False,False,True,False,False,True,False,0.0365648517042938,0.0487826471890216,,,0.1478176184152281,0.0325359303526633,-0.0183266932270916,0.0975652943780434,-0.001428810231794,0.0994558326289098,1163.9,1246.6,0.5603112840466926,0.0071560662414027,-0.0009138169378298,0.0003342457644241
1992-09-09,1129.5127272727273,1170.8363636363636,1108.8509090909092,1136.4,6700.0,1136.4,1139.12,1147.39,971.0800000000002,1091.2813333333334,1312.2084999999995,False,False,False,False,False,False,True,False,False,False,False,0.0302710313269974,0.04848644843365,,,0.1454769447377683,0.0397031561656694,-0.0121436114044352,0.07268567405843,-0.0013464294572375,0.0846355641935175,1157.0,1274.1,0.4652777777777778,0.0087943320838657,0.0016382658424629,8.23807745565096e-05
1992-09-10,1170.8255813953488,1198.374418604651,1143.2767441860465,1184.6,40300.0,1184.6,1155.6600000000003,1155.66,981.272,1090.3640000000005,1309.4284999999993,False,False,False,False,False,False,True,False,False,False,False,-0.0406888401148065,-0.0291237548539591,,,0.1716427486071246,0.0795509032584834,-0.0698125949687656,0.0290393381732231,-0.0008413092630835,0.0750826367616772,1143.3,1239.7,6.014925373134329,0.0103865187226374,0.0015921866387717,0.0005051201941539
1992-09-11,1184.5741176470588,1205.235294117647,1170.8,1170.8,31700.0,1170.8,1155.66,1152.9,992.292,1089.1706666666669,1306.5484999999992,False,False,False,False,False,False,True,False,False,False,False,-0.0411684318414759,0.0,,,0.1524666894431157,0.0697209884978929,-0.0293816194055345,0.0588486504953878,-0.0010956348438814,0.0782548356318846,1115.7,1239.7,0.7866004962779156,0.0111056019800623,0.0007190832574248,-0.0002543255807978
1992-09-14,1170.8255813953488,1198.374418604651,1157.0511627906976,1184.6,44700.0,1184.6,1161.1799999999998,1152.9,1006.616,1088.528,1303.7374999999993,False,False,False,False,False,False,True,False,False,False,False,-0.0406888401148065,-0.0406888401148065,,,0.1502481850413641,0.0811007935167988,-0.0756373459395575,0.0232145872024312,-0.0005903997569808,0.0728770925492238,1108.8,1239.7,1.4100946372239749,0.0142298552774841,0.0031242532974218,0.0005052350869006
1992-09-16,1170.8,1170.8,1136.3647058823528,1170.8,8600.0,1170.8,1169.44,1150.83,1022.3199999999998,1087.7013333333337,1300.8574999999992,False,False,False,False,False,False,True,False,False,False,False,0.0117868124359411,-0.0117868124359411,,,0.1268192688759823,0.0709759708461447,-0.0352750256235052,0.0293816194055347,-0.0007600125524651,0.0688198952060689,1095.0,1225.9,0.192393736017897,0.0153611393692775,0.0011312840917934,-0.0001696127954842
1992-09-17,1163.912941176471,1170.8,1136.3647058823528,1170.8,7700.0,1170.8,1176.32,1157.7199999999998,1037.4719999999998,1086.8746666666668,1298.008499999999,False,False,False,False,False,False,True,False,False,True,True,0.0176802186539118,-0.0293816194055345,,,0.1138776904680562,0.0716820407698438,-0.0470618380594464,0.0235736248718825,-0.000760590610877,0.0577082541547182,1033.1,1253.4,0.8953488372093024,0.0146047315011874,-0.0007564078680901,-5.780584119720843e-07
1992-09-18,1170.8363636363636,1170.8363636363636,1115.7381818181818,1136.4,12900.0,1136.4,1166.6799999999998,1161.1699999999998,1050.972,1085.6813333333337,1294.987499999999,False,False,False,False,False,False,True,False,False,True,False,0.0120556142203447,-0.0242872228088702,,,0.0751742344244985,0.0446309984747152,-0.0545582541358676,0.04848644843365,-0.0010991561673712,0.0510088961995231,1019.3,1239.7,1.675324675324675,0.0128452518240259,-0.0017594796771614,-0.0003385655564941
1992-09-21,1163.922699386503,1163.922699386503,1108.8257668711656,1122.6,13400.0,1122.6,1157.0400000000002,1156.35,1063.9199999999998,1084.5800000000004,1291.8974999999991,False,False,False,False,False,False,True,False,False,True,False,0.0429360413326207,-0.0122928915018706,,,0.0522715125601283,0.0338678068768925,-0.0061464457509352,0.0429360413326207,-0.0010154468396368,0.0500281056773469,998.6,1225.9,1.0387596899224807,0.0121700879765394,-0.0006751638474865,8.370932773442809e-05
1992-09-22,1108.8509090909092,1170.8363636363636,1108.8509090909092,1136.4,11100.0,1136.4,1147.4,1154.29,1077.696,1083.7533333333336,1288.970499999999,False,False,False,False,False,False,True,False,False,False,False,0.0,0.0,,,0.0516578669482578,0.0463275841839726,-0.0424146427314326,0.036342837029215,-0.0007627811986738,0.0459329977735231,1005.5,1205.2,0.8283582089552238,0.012782825583467,0.0006127376069275,0.0002526656409629
1992-09-24,1191.4872093023257,1198.374418604651,1163.9383720930232,1184.6,8300.0,1184.6,1150.16,1159.8,1096.1559999999995,1083.6613333333337,1286.566499999999,False,True,False,False,False,False,True,False,False,False,True,-0.0232990038831672,-0.058163093027182,,,0.0746614891102485,0.0852090719792894,-0.0756373459395575,0.0,-8.489737261075799e-05,0.0362131401965856,1060.6,1205.2,0.7477477477477478,0.0168406686639489,0.0040578430804819,0.0006778838260631
1992-09-25,1157.0635838150288,1205.2745664739884,1157.0635838150288,1191.5,20300.0,1191.5,1154.3,1165.31,1114.064,1083.6613333333337,1284.071499999999,False,False,False,False,False,False,True,False,False,True,False,-0.0462442299622324,-0.0578262694083089,,,0.0649903483004615,0.0905066442859138,-0.1329416701636593,-0.0404532102391943,0.0,0.0248174305549596,998.6,1150.1,2.4457831325301207,0.016074480460728,-0.0007661882032208,8.489737261075799e-05
1992-09-28,1191.4209580838324,1191.4209580838324,1150.1,1150.1,2600.0,1150.1,1157.0400000000002,1161.86,1127.8359999999998,1083.1093333333338,1281.369499999999,False,False,False,False,False,False,True,False,False,True,False,-0.0359099208764454,-0.0479088774889139,,,0.0193583166681159,0.0582476886067873,-0.1616381184244847,0.0179984349187027,-0.0005096438402031,0.0237119790680462,964.2,1205.2,0.1280788177339901,0.0122109952156161,-0.0038634852451118,-0.0005096438402031
1992-09-29,1170.8,1177.6870588235297,1163.912941176471,1170.8,3700.0,1170.8,1166.68,1161.86,1140.5079999999998,1082.7413333333338,1278.677499999999,False,False,False,False,False,False,True,False,False,True,False,-0.0529552442774171,-0.0529552442774171,,,0.0258729074137343,0.0752123903883379,-0.1646737273659036,-0.0058934062179705,-0.0003398780379677,0.0171879572409757,964.2,1191.5,1.4230769230769231,0.0111108383281836,-0.0011001568874325,0.0001697658022354
1992-09-30,1150.1745454545455,1157.061818181818,1136.4,1136.4,3600.0,1136.4,1166.6799999999998,1157.04,1144.9159999999997,1081.7320000000004,1276.0634999999993,False,False,False,False,False,False,True,False,False,True,False,0.0,-0.0121436114044352,,,-0.0074938401971133,0.0481063005983805,-0.1515311510031679,0.0,-0.0009330715309646,0.0148828043974277,964.2,1170.8,0.972972972972973,0.0038500641095066,-0.0072607742186769,-0.0005931934929968
1992-10-01,1150.1130952380952,1177.6607142857142,1136.3392857142858,1157.0,7600.0,1157.0,1161.16,1155.66,1150.424,1080.5373333333337,1273.7089999999992,False,False,False,False,False,False,True,False,False,False,False,-0.035695764909248,-0.0416594641313742,,,0.0056836646499568,0.0660870066263321,-0.1666378565254969,-0.0297320656871219,-0.0011056227580599,0.0089472682276793,957.3,1157.0,2.111111111111111,0.0047877999763567,0.0009377358668501,-0.0001725512270953
1992-10-02,1157.061818181818,1170.8363636363636,1129.5127272727273,1136.4,7600.0,1136.4,1150.14,1152.22,1155.108,1078.7013333333337,1271.314499999999,False,False,False,False,False,False,True,False,False,True,False,-0.0121436114044352,-0.0121436114044352,,,-0.0164625131995774,0.0507732019242048,-0.1818021823301656,0.02419922562478,-0.0017020466585746,0.0089653017652878,922.9,1157.0,1.0,0.00405503208358,-0.0007327678927767,-0.0005964239005146
1992-10-05,1115.6869565217391,1163.895652173913,1108.8,1108.8,3900.0,1108.8,1141.88,1149.46,1155.3839999999998,1076.9560000000004,1268.750499999999,False,False,False,False,False,False,True,False,False,True,False,-0.0124458874458874,-0.0062229437229436,,,-0.0420129870129868,0.0287193362193358,-0.1738816738816738,0.0186688311688312,-0.001620617122086,0.0059941189776067,929.7999999999998,1143.3,0.5131578947368421,0.0002388816185786,-0.0038161504650014,8.142953648860468e-05
1992-10-06,1108.8,1115.6869565217391,1108.8,1108.8,19700.0,1108.8,1129.48,1148.08,1151.8,1075.2106666666668,1266.405499999999,False,False,False,False,False,False,False,False,False,True,False,0.0,0.024891774891775,,,-0.0387806637806637,0.03029341029341,-0.1925505050505051,0.0372474747474747,-0.0016232477852403,0.0054003205351545,895.2999999999998,1143.3,5.051282051282051,-0.0031116513283554,-0.003350532946934,-2.630663154360412e-06
1992-10-07,1108.8509090909092,1170.8363636363636,1108.8509090909092,1136.4,24700.0,1136.4,1129.48,1148.0799999999997,1149.872,1073.8333333333337,1263.9169999999988,False,False,False,False,False,False,False,False,False,False,False,-0.0121436114044352,-0.0364308342133052,,,-0.0118549806406194,0.0550569048457113,-0.2302886307638156,0.02419922562478,-0.0012826323141391,0.0041983137063622,826.5,1157.0,1.2538071065989849,-0.0016767083640612,0.0014349429642941,0.0003406154711012
1992-10-08,1115.7,1129.474074074074,1108.812962962963,1115.7,5000.0,1115.7,1121.2199999999998,1141.19,1146.84,1072.3640000000005,1261.3559999999989,False,False,False,False,False,False,False,False,False,True,False,-0.0061844581876849,0.0123689163753696,,,-0.027910728690508,0.0388419826118128,-0.1975441426906876,0.0061844581876847,-0.001370181517967,0.0048282932728117,778.2,1163.9,0.2024291497975708,-0.0026437864043808,-0.0009670780403195,-8.75492038278729e-05
1992-10-09,1115.7128834355826,1122.6,1108.8257668711656,1122.6,4500.0,1122.6,1118.4599999999998,1134.3,1147.668,1070.6200000000003,1258.860999999999,False,False,False,False,False,False,True,False,False,False,False,0.0,-0.0061464457509352,,,-0.0223303046499198,0.0463032246570457,-0.2086228398360946,0.0429360413326207,-0.001628962657152,0.0133562549590056,792.0,1157.0,0.9,0.0007214630014951,0.003365249405876,-0.000258781139185
1992-10-12,1108.7735849056603,1115.6603773584905,1095.0,1095.0,10600.0,1095.0,1115.7,1128.7900000000002,1147.392,1068.6906666666669,1256.353499999999,False,False,False,False,False,False,False,False,False,True,False,0.0063013698630137,-0.0188127853881277,,,-0.0478465753424658,0.0240267884322677,-0.1697716894977168,0.0441095890410958,-0.0018053243969569,0.0158665473648771,798.9,1143.3,2.355555555555556,-0.0002405455153947,-0.0009620085168899,-0.0001763617398048
1992-10-13,1157.008695652174,1157.008695652174,1101.9130434782608,1108.8,6500.0,1108.8,1115.7000000000005,1122.59,1144.912,1067.1293333333338,1253.757999999999,False,False,False,False,False,False,False,False,False,True,False,0.024891774891775,0.0062229437229438,,,-0.0325685425685426,0.0375817700817696,-0.1304112554112553,0.0372474747474747,-0.0014631153737064,0.0202478197739156,798.9,1115.7,0.6132075471698113,-0.002166105342594,-0.0019255598271992,0.0003422090232504
1992-10-14,1101.9386503067485,1122.6,1101.9386503067485,1122.6,2500.0,1122.6,1112.94,1121.2099999999998,1143.5359999999998,1066.0280000000002,1251.450999999999,False,False,False,False,False,False,False,False,False,False,False,-0.0245857830037412,-0.0306431498307499,,,-0.0186495635132726,0.0503937288437552,-0.1226616782469267,0.0244967040798147,-0.0010331185797497,0.0227254483994971,792.0,1108.8,0.3846153846153846,-0.0012032852485625,0.0009628200940314,0.0004299967939566
1992-10-15,1101.9130434782608,1108.8,1101.9130434782608,1108.8,1600.0,1108.8,1111.56,1116.39,1142.708,1064.742666666667,1249.043499999999,False,False,False,False,False,False,False,False,False,False,False,0.0186688311688312,-0.0124458874458874,,,-0.0305808080808081,0.0397342472342469,-0.1117424242424242,0.0372474747474747,-0.0012071774463187,0.0296043497344117,723.1,1095.0,0.64,-0.0007245945595898,0.0004786906889727,-0.0001740588665689
1992-10-16,1136.3742331288342,1163.922699386503,1095.0515337423312,1122.6,16400.0,1122.6,1111.56,1115.0099999999998,1142.1559999999995,1064.3760000000004,1246.5799999999992,False,False,False,False,False,False,False,False,False,False,False,-0.0061464457509352,-0.079725636914306,,,-0.0174202743630853,0.0518653126670225,-0.128808123997862,0.0367895955816855,-0.0003444897918278,0.0308786468282798,743.8,1033.1,10.25,-0.0004832965024047,0.000241298057185,0.0008626876544908
1992-10-19,1115.67375,1143.22125,1101.9,1101.9,20400.0,1101.9,1112.9399999999998,1114.32,1138.848,1062.998666666667,1243.9499999999994,False,False,False,False,False,False,False,False,False,True,False,-0.0249568926399854,-0.1249659678736727,,,-0.0335311734277156,0.0353038690746283,-0.0749614302568292,0.0437426263726289,-0.0012957056076583,0.0333656400315888,805.8,1019.3,1.2439024390243902,-0.0029046896512963,-0.0024213931488916,-0.0009512158158305
1992-10-20,1101.9636363636364,1136.4,1095.0763636363636,1136.4,3900.0,1136.4,1118.4599999999998,1117.08,1137.472,1062.2640000000004,1241.7429999999993,False,False,False,False,False,False,False,False,False,False,True,-0.0182154171066526,-0.1393875395987329,,,-0.0009433298134458,0.065237592397043,-0.0667018655403028,0.0181274199225623,-0.0006916045979782,0.0314301571955456,854.0,998.6,0.1911764705882352,-0.0012097001069037,0.0016949895443926,0.0006041010096801
1992-10-21,1101.8867924528302,1122.5471698113206,1095.0,1095.0,8000.0,1095.0,1112.94,1112.94,1133.888,1061.2533333333338,1239.1414999999993,False,False,False,False,False,False,False,False,False,True,False,-0.0062100456621004,-0.1194520547945205,,,-0.0355141552511414,0.0308188736681883,-0.0251141552511415,0.0629223744292238,-0.0009523330904338,0.0352669505993135,1026.2,1005.5,2.051282051282051,-0.0031608060055314,-0.0019511058986277,-0.0002607284924556
1992-10-22,1095.064024390244,1129.5,1095.064024390244,1129.5,1000.0,1129.5,1117.08,1114.32,1132.236,1060.886666666667,1236.7124999999992,False,False,False,False,False,False,False,False,False,False,False,-0.0305444887118193,-0.146347941567065,,,-0.0024223107569722,0.0607466430573997,-0.0610004426737495,0.0061088977423639,-0.0003456228437848,0.0352232751812764,1019.3,1060.6,0.125,-0.0014590597719908,0.0017017462335406,0.0006067102466489
1992-10-23,1122.5870370370371,1129.474074074074,1101.925925925926,1115.7,7000.0,1115.7,1115.7,1113.63,1130.032,1060.3360000000005,1234.4649999999992,False,False,False,False,False,False,False,False,False,True,False,-0.0740342385946044,-0.1666218517522633,,,-0.0128457470646229,0.049622658420722,-0.043201577484987,0.0247378327507393,-0.0005193322368254,0.0333952928710611,1019.3,998.6,7.0,-0.001950387245671,-0.0004913274736802,-0.0001737093930405
1992-10-26,1108.8358974358976,1122.6102564102566,1074.4,1074.4,6600.0,1074.4,1110.2,1111.57,1127.552,1059.4173333333338,1232.1044999999992,False,False,False,False,False,False,False,False,False,True,False,-0.1025688756515264,-0.1474311243484736,,,-0.049471332836932,0.0139451476793245,-0.0064221891288161,0.0704579300074458,-0.0008671433228076,0.0359221641462074,1101.9,964.2,0.9428571428571428,-0.0021994551027358,-0.0002490678570647,-0.0003478110859822
1992-10-27,1101.925925925926,1115.7,1095.038888888889,1115.7,5600.0,1115.7,1106.06,1112.26,1127.276,1059.0493333333334,1230.1699999999994,False,False,False,False,False,False,False,False,False,False,False,-0.1234202742672761,-0.1975441426906876,,,-0.0103755489827014,0.0507758955513728,-0.0061844581876849,0.0617549520480414,-0.0003474814519188,0.0383813137216119,1198.4,964.2,0.8484848484848485,-0.0002448379988572,0.0019546171038785,0.0005196618708887
1992-10-28,1101.9746835443038,1101.9746835443038,1088.2,1088.2,4700.0,1088.2,1104.7,1108.8200000000002,1125.348,1058.132,1228.1914999999997,False,False,False,False,False,False,False,False,False,True,False,-0.1139496416099981,-0.1961955522881823,,,-0.0341371071494209,0.0276309501929792,0.0189303436868221,0.1138577467377319,-0.0008669365762809,0.0471943146768636,1184.6,964.2,0.8392857142857143,-0.001713247813121,-0.0014684098142637,-0.000519455124362
1992-10-29,1088.1132075471698,1095.0,1074.339622641509,1095.0,4000.0,1095.0,1097.8,1107.44,1121.764,1057.2133333333336,1226.5604999999996,False,False,False,False,False,False,False,False,False,True,False,-0.1194520547945205,-0.1823744292237444,,,-0.0244420091324199,0.0345083713850834,0.0503196347031962,0.1006392694063927,-0.0008689510789368,0.0534746803438561,1191.5,957.3,0.851063829787234,-0.0031949679255173,-0.0014817201123963,-2.0145026559383007e-06
1992-10-30,1095.086,1095.086,1033.1,1033.1,21400.0,1033.1,1081.28,1098.49,1115.428,1055.5613333333336,1224.6824999999997,False,False,False,False,False,False,False,False,False,True,False,-0.0999903203949279,-0.1400638853934757,,,-0.0796902526376925,-0.0217416836059758,0.1866227857903399,0.1399670893427549,-0.001565044065022,0.0633141858369217,1101.9,922.9,5.35,-0.0056803307788577,-0.0024853628533404,-0.0006960929860851
1992-11-02,1012.41,1012.41,964.2,964.2,7700.0,964.2,1059.24,1084.72,1107.9920000000002,1053.1733333333334,1222.4909999999995,False,False,False,False,False,False,False,False,False,True,False,-0.049989628707737,-0.057145820369218,,,-0.1491308857083594,-0.0922768443614741,0.3642397842771209,0.3428749222153079,-0.0022674330278018,0.0901522973670626,1101.9,929.7999999999998,0.3598130841121495,-0.0067112397923449,-0.0010309090134872,-0.0007023889627798
1992-11-04,978.0,991.774647887324,971.112676056338,978.0,8300.0,978.0,1031.7,1068.88,1100.2800000000002,1051.3373333333334,1220.7444999999996,False,False,False,False,False,False,False,False,False,True,False,-0.0845603271983641,-0.0141104294478527,,,-0.1250306748466259,-0.0749870483980914,0.3027607361963189,0.3239263803680981,-0.0017463471920842,0.119199535962877,1170.8,895.2999999999998,1.077922077922078,-0.0070091249500127,-0.0002978851576677,0.0005210858357175
1992-11-05,977.9742857142858,984.8614285714286,964.2,964.2,18700.0,964.2,1006.9,1055.8000000000002,1093.392,1049.4093333333333,1218.6784999999995,False,False,False,False,False,False,False,False,False,False,False,-0.0928230657539929,0.0214685749844429,,,-0.1339887990043559,-0.0883730899536748,0.3428749222153079,0.3428749222153079,-0.0018372239875893,0.1454631559007382,1157.0,826.5,2.253012048192771,-0.0062996619693578,0.0007094629806548,-9.087679550506216e-05
1992-11-06,971.0871428571428,971.0871428571428,964.2,964.2,9300.0,964.2,980.74,1039.27,1085.68,1047.6653333333334,1216.7689999999996,False,False,False,False,False,False,False,False,False,True,False,-0.0714582036921802,0.0214685749844429,,,-0.125990458411118,-0.0865643365830048,0.3070939639079028,0.3570835926156398,-0.0016646537252989,0.1802419005648192,1129.5,778.2,0.4973262032085561,-0.0071033822120698,-0.0008037202427119,0.0001725702622903
1992-11-09,964.2370370370368,964.2370370370368,929.7999999999998,929.7999999999998,6700.0,929.8,960.0800000000002,1020.68,1077.4160000000002,1046.288,1214.4684999999995,False,False,False,False,False,False,False,False,False,True,False,-0.0445257044525701,0.0518391051839106,,,-0.1587610238761027,-0.1252828565282858,0.3554527855452787,0.4813938481393852,-0.001316399818533,0.224673746913822,1136.4,792.0,0.7204301075268817,-0.0076702035239869,-0.000566821311917,0.0003482539067658
1992-11-10,902.2255639097745,916.0,895.3383458646616,916.0,11900.0,916.0,950.44,1004.84,1069.7040000000002,1044.9106666666669,1211.9424999999997,False,False,False,False,False,False,False,False,False,False,False,-0.007532751091703,0.1127729257641921,,,-0.1677991266375547,-0.140732168850073,0.3533842794759826,0.5187772925764192,-0.0013181350112224,0.2679730106285576,1184.6,798.9,1.7761194029850746,-0.0072094710312385,0.0004607324927483,-1.73519268935763e-06
1992-11-11,902.186923076923,936.6215384615384,895.2999999999998,895.2999999999998,14900.0,895.3,933.9,982.8,1061.164,1043.5333333333335,1209.1249999999995,False,False,False,False,False,False,False,False,False,True,False,0.0769574444320342,0.1846308499944154,,,-0.1852608064335978,-0.1655683383595819,0.3769686138724452,0.5384787222160173,-0.0013198747843863,0.3160256410256412,1170.8,798.9,1.2521008403361344,-0.0080477664149935,-0.0008382953837549,-1.7397731639473123e-06
1992-11-12,867.8125984251969,881.5874015748033,854.0377952755906,874.7,13200.0,874.7,916.0,961.45,1050.696,1041.7893333333334,1206.1104999999995,False,False,False,False,False,False,False,False,False,True,False,0.1259860523608093,0.2204184291757173,,,-0.2012072710643647,-0.1910247322891658,0.4566136961243853,0.5589344918257686,-0.0016740428647123,0.3610068126267618,1184.6,792.0,0.8859060402684564,-0.0099629198169594,-0.0019151534019659,-0.0003541680803259
1992-11-13,888.4130769230768,909.073846153846,860.8653846153845,895.2999999999998,28300.0,895.3,902.22,941.48,1041.88,1039.5853333333337,1202.7609999999995,False,False,False,False,False,False,False,False,False,False,False,0.1000781860828774,0.1846308499944154,,,-0.1637216575449573,-0.1611586432853053,0.4230984027700213,0.5154696749692843,-0.0021200760816168,0.4059778221523559,1170.8,723.1,2.143939393939394,-0.0084616270587781,0.0015012927581813,-0.0004460332169045
1992-11-16,909.0604651162791,909.0604651162791,888.4000000000001,888.4000000000001,4800.0,888.4,893.9399999999999,927.01,1032.5120000000002,1038.1160000000002,1199.8149999999994,False,False,True,False,False,False,False,False,False,True,False,0.1008554705087797,0.2015983791085095,,,-0.1622152183701036,-0.1685231877532644,0.4108509680324178,0.5348941918054928,-0.001415384536346,0.4479779074659388,1170.8,743.8,0.1696113074204947,-0.0090730180375626,-0.0006113909787845,0.0007046915452708
1992-11-17,895.3257575757576,915.9871212121212,895.3257575757576,909.1,6400.0,909.1,892.5600000000001,921.5,1025.076,1037.3813333333335,1196.6909999999991,False,False,False,False,False,False,False,False,False,False,False,0.1212187878121218,0.1742382576174238,,,-0.1275723242767572,-0.1411080555861109,0.3560664393356065,0.5151248487515125,-0.0007081934512028,0.465599565925122,1136.4,805.8,1.3333333333333333,-0.0072540962816417,0.0018189217559209,0.0007071910851432
1992-11-18,909.1028571428571,964.2,909.1028571428571,964.2,15900.0,964.2,906.34,920.12,1019.292,1037.3813333333335,1193.6544999999994,False,False,False,False,False,False,False,False,False,False,False,0.0999792574154738,0.1499688861232108,,,-0.0571375233354075,-0.0758984996197194,0.2785729101846089,0.4999999999999999,0.0,0.4842629222275356,1122.6,854.0,2.484375,-0.0056745270246406,0.001579569257001,0.0007081934512028
1992-11-19,964.237762237762,991.7874125874124,964.237762237762,984.9,15100.0,984.9,928.38,922.1900000000002,1013.784,1037.657333333333,1190.4394999999995,False,False,False,False,False,False,False,True,False,False,True,0.083866382373845,0.1257995735607675,,,-0.0293268352116966,-0.053566182691982,0.2657122550512741,0.5104071479338004,0.0002659837608558,0.5018380160270658,1136.4,1026.2,0.949685534591195,-0.0054331100116001,0.0002414170130404,0.0002659837608558
1992-11-20,964.237762237762,998.6748251748252,957.3503496503496,984.9,7200.0,984.9,946.3,924.26,1008.8280000000004,1038.025333333333,1187.2244999999994,False,False,False,False,False,False,False,True,False,False,False,0.0768605949842623,0.16773276474769,,,-0.0242948522692663,-0.053939824686093,0.2587064676616916,0.6012793176972281,0.0003545192859775,0.5275355419470711,1184.6,1019.3,0.4768211920529801,-0.0049126312909629,0.0005204787206372,8.853552512173504e-05
1992-11-24,978.0,978.0,971.112676056338,978.0,9900.0,978.0,964.22,929.08,1003.0440000000002,1038.7599999999998,1183.9749999999992,False,False,False,False,False,False,False,True,False,True,False,0.0915132924335378,0.253476482617587,,,-0.0256073619631903,-0.0621267893660529,0.2464212678936605,0.5774028629856851,0.0007072535202228,0.5374025918112539,1191.5,1019.3,1.375,-0.0057664469355284,-0.0008538156445655,0.0003527342342453
1992-11-25,998.6385135135134,1026.1871621621622,998.6385135135134,1019.3,9600.0,1019.3,986.26,939.41,999.74,1039.9533333333331,1180.775499999999,False,False,False,False,True,False,False,True,False,False,False,0.0472873540665162,0.2904934759148436,,,0.0191896399489845,-0.0202622714935084,0.1959187677818111,0.547238300794663,0.0011474873872546,0.5402859241438777,1150.1,1101.9,0.9696969696969696,-0.0033048592634086,0.0024615876721197,0.0004402338670317
1992-11-26,1033.051948051948,1108.8090909090906,1033.051948051948,1060.6,51600.0,1060.6,1005.5400000000002,955.94,996.7080000000002,1042.157333333333,1178.1894999999993,False,False,False,False,False,False,False,True,False,False,False,0.0454459739769942,0.2013011502922874,,,0.0602413728078443,0.0173888993651393,0.1688666792381672,0.4740712804073168,0.0021148438239651,0.5331087725171034,1170.8,1198.4,5.375,-0.0030420143111119,0.0002628449522966,0.0009673564367105
1992-11-27,1074.3870967741937,1081.274193548387,1046.8387096774193,1067.5,21100.0,1067.5,1022.0599999999998,975.22,995.608,1045.3706666666665,1175.6694999999993,False,False,False,False,False,False,False,True,False,False,False,0.0386885245901638,0.212927400468384,,,0.0673461358313817,0.0207300546448089,0.1354566744730678,0.4386885245901639,0.003073869810772,0.5204569225405549,1136.4,1184.6,0.4089147286821705,-0.0011048525122339,0.001937161798878,0.0009590259868069
1992-11-30,1074.3740259740257,1074.3740259740257,1046.825974025974,1060.6,10700.0,1060.6,1037.2,991.75,992.852,1049.136,1173.2089999999994,False,False,False,False,False,False,False,True,False,True,False,0.0843861964925514,0.1882896473694136,,,0.0638770507260041,0.0108089760512916,0.1363379219309826,0.5389402225155574,0.0035889849679483,0.5228837912780441,1157.0,1191.5,0.5071090047393365,-0.0027758417165901,-0.0016709892043561,0.0005151151571762
1992-12-01,1067.5,1074.3870967741937,1033.0645161290322,1067.5,19900.0,1067.5,1055.1,1009.66,990.924,1052.8093333333334,1171.0334999999995,False,False,False,False,False,False,False,True,False,False,False,0.1483840749414521,0.1806088992974238,,,0.0717339578454332,0.0137617486338797,0.1226229508196722,0.5032318501170958,0.0034890774777833,0.519749222510548,1136.4,1101.9,1.8598130841121496,-0.0019456587992621,0.000830182917328,-9.99074901650715e-05
1992-12-02,1067.5,1095.048387096774,1053.725806451613,1067.5,22500.0,1067.5,1064.74,1025.5,990.648,1056.390666666667,1168.8579999999995,False,False,False,False,False,False,False,True,False,False,False,0.2322248243559719,0.1613114754098361,,,0.0719925058548009,0.0104068696330989,0.1161592505854801,0.4580796252927402,0.0033901599534517,0.5137396392003898,1108.8,1101.9,1.1306532663316582,-0.0002786055188118,0.0016670532804502,-9.891752433156646e-05
1992-12-03,1081.2521739130434,1108.8,1074.3652173913044,1108.8,73400.0,1108.8,1074.38,1039.96,990.3719999999998,1060.5226666666667,1167.201999999999,False,False,False,False,False,False,False,True,False,True,False,0.1490800865800865,0.1118326118326118,,,0.1068073593073594,0.0435401635401634,0.0559163059163059,0.4658189033189029,0.0038961920663017,0.5099042270856569,1108.8,1170.8,3.2622222222222224,-0.0002786831614788,-7.76426670175503e-08,0.0005060321128499
1992-12-04,1108.8,1122.5739130434783,1088.1391304347826,1108.8,23400.0,1108.8,1082.64,1052.35,991.1959999999998,1064.746666666667,1165.514499999999,False,False,False,False,False,False,True,True,False,False,False,0.1677489177489177,0.1490800865800865,,,0.1060642135642137,0.0397306397306394,0.0621392496392497,0.5714285714285716,0.0039671408535365,0.516339620848577,1136.4,1157.0,0.3188010899182561,0.0008313189318761,0.001110002093355,7.094878723477253e-05
1992-12-07,1115.6658682634732,1150.1,1101.8922155688622,1150.1,26200.0,1150.1,1100.5400000000002,1068.87,993.3999999999996,1070.4400000000005,1163.7519999999995,False,False,False,False,False,False,True,True,True,False,False,0.095817754977828,0.1078167115902965,,,0.1362490218241894,0.0692635423006689,0.0299973915311712,0.5329971306842883,0.0053186851512776,0.5103052756649549,1115.7,1129.5,1.1196581196581197,0.0022186430440908,0.0013873241122146,0.001351544297741
1992-12-08,1163.9162921348316,1232.7870786516853,1157.029213483146,1225.9,169400.0,1225.9,1132.22,1093.66,1001.112,1076.8680000000002,1161.9299999999994,False,False,False,False,False,False,True,True,False,False,False,0.028061016396117,0.0224324985724773,,,0.1833656905130925,0.1215694591728525,-0.0673790684395139,0.460641161595562,0.0059691624228778,0.4987381818846806,1122.6,1136.4,6.465648854961832,0.0077034337816351,0.0054847907375443,0.0006504772716002
1992-12-09,1280.965445026178,1342.9476439790576,1274.0785340314137,1315.4,382600.0,1315.4,1181.8,1123.27,1015.16,1083.6626666666666,1160.5554999999993,False,False,False,False,False,False,True,True,False,False,False,-0.0575490345142162,-0.0627945871978106,,,0.2282499619887487,0.1761725203993716,-0.1099285388474989,0.3089554508134406,0.0062700938914567,0.4721126710408004,1095.0,1184.6,2.258559622195986,0.0138382126955356,0.0061347789139005,0.0003009314685789
1992-12-10,1301.648108108108,1315.422162162162,1267.212972972973,1274.1,236200.0,1274.1,1214.86,1144.62,1027.004,1089.264,1159.1624999999992,False,False,False,False,False,False,True,True,False,True,False,-0.0324150380660858,-0.0324150380660858,,,0.1939376815006671,0.1450718153991052,-0.0864924260262144,0.4378777176045837,0.0051423101592757,0.4681204242456013,1108.8,1170.8,0.6173549398849973,0.0115325743619303,-0.0023056383336053,-0.001127783732181
1992-12-11,1267.2510638297872,1301.687234042553,1246.5893617021277,1294.8,98700.0,1294.8,1252.06,1167.35,1040.228,1092.8453333333334,1157.653999999999,False,False,False,False,False,False,True,True,False,False,False,-0.0159870250231696,-0.0372258263824529,,,0.1966110596231077,0.1559736381423127,-0.1223354958294716,0.4095613222119246,0.0032770724494105,0.4643166145543322,1122.6,1184.6,0.4178662150719729,0.0127125976228289,0.0011800232608986,-0.0018652377098651
1992-12-14,1274.073770491803,1287.847540983607,1239.639344262295,1260.3,29200.0,1260.3,1274.1,1187.32,1052.072,1096.0586666666668,1156.2229999999993,False,False,False,False,False,False,True,True,False,True,False,0.0109497738633658,-0.016345314607633,,,0.1652209791319527,0.1303192361607023,-0.1092597000714116,0.4262477187971119,0.0029317165504523,0.4536098103291447,1108.8,1170.8,0.2958459979736575,0.0112577846383135,-0.0014548129845154,-0.0003453558989582
1992-12-15,1253.4131147540984,1260.3,1212.0918032786883,1260.3,44600.0,1260.3,1280.98,1206.6,1065.292,1099.2720000000004,1154.854999999999,False,False,False,False,False,False,True,True,False,False,False,-0.0054748869316828,-0.0327699754026818,,,0.1547314131555979,0.1277695786717445,-0.0764897246687295,0.4262477187971119,0.002923146712855,0.4463616774407425,1122.6,1170.8,1.5273972602739727,0.0124097430563639,0.0011519584180503,-8.56983759727056e-06
1992-12-16,1246.5872222222222,1260.361666666667,1232.812777777778,1239.7,47300.0,1239.7,1265.84,1223.82,1078.2399999999998,1101.1093333333336,1153.383999999999,False,False,False,False,False,False,True,True,False,True,False,-0.0055658627087199,-0.0166975881261595,,,0.1302411873840447,0.1117937135328438,-0.0888924739856417,0.494393804952811,0.0016686202520607,0.4502050955205827,1101.9,1136.4,1.0605381165919283,0.0120084582282236,-0.0004012848281402,-0.0012545264607942
1992-12-17,1232.8,1253.4614525139664,1225.9128491620113,1232.8,26000.0,1232.8,1257.58,1236.2199999999998,1091.7399999999998,1101.5680000000002,1152.0034999999991,False,False,False,False,False,False,True,True,False,False,False,0.0,0.0055970149253732,,,0.1144224529526283,0.1064503569110964,-0.0670830629461389,0.5530499675535366,0.0004163761716631,0.4590606849913448,1136.4,1122.6,0.5496828752642706,0.0123655815487203,0.0003571233204967,-0.0012522440803976
1992-12-18,1246.5518918918915,1280.987027027027,1239.6648648648647,1274.1,39300.0,1274.1,1253.44,1252.75,1107.7159999999997,1102.7613333333336,1150.8294999999991,True,True,False,False,False,False,True,True,False,False,False,-0.0215838631190644,-0.048661800486618,,,0.1305894356800881,0.1344781937576848,-0.0864924260262144,0.4648771681971589,0.0010821320055956,0.4497066453801635,1095.0,1136.4,1.5115384615384615,0.0144224692971843,0.0020568877484639,0.0006657558339325
1992-12-21,1274.1,1287.874054054054,1253.4389189189187,1274.1,25800.0,1274.1,1256.2,1265.15,1122.8679999999997,1103.862666666667,1149.5304999999994,False,False,False,False,False,False,True,True,False,True,False,-0.026999450592575,-0.0540773879601286,,,0.1186971195353584,0.1336137927425891,-0.1189074640923004,0.443214818303116,0.0009977086521634,0.4414812472829308,1129.5,1184.6,0.6564885496183206,0.0134940171061959,-0.0009284521909884,-8.442335343228119e-05
1992-12-22,1260.286813186813,1280.9472527472528,1239.6263736263738,1253.4,53000.0,1253.4,1254.8200000000002,1267.9,1137.4679999999998,1105.8826666666666,1148.0339999999994,False,False,False,False,False,False,True,True,False,True,False,-0.0274453486516675,-0.0438806446465613,,,0.0924940162757302,0.1176937396946971,-0.0659007499601086,0.483564704005106,0.0018265952264973,0.4437889423456106,1115.7,1191.5,2.054263565891473,0.0128355259224876,-0.0006584911837083,0.0008288865743339
1992-12-24,1232.8,1253.4614525139664,1232.8,1232.8,12200.0,1232.8,1253.44,1259.64,1150.4159999999997,1107.6280000000002,1146.4969999999994,False,False,False,False,False,False,True,True,False,True,False,-0.0111940298507462,-0.0335009733939,,,0.0668267358857886,0.1015347177157688,-0.0725989617131732,0.4971609344581441,0.0015757396285878,0.4630926296402146,1074.4,1150.1,0.230188679245283,0.0112550590395125,-0.001580466882975,-0.0002508555979095
1992-12-25,1253.4614525139664,1267.235754189944,1212.1385474860335,1232.8,32900.0,1232.8,1253.44,1255.5099999999998,1161.1599999999996,1108.4546666666668,1144.9599999999994,False,False,False,False,False,False,True,True,False,True,False,0.0055970149253732,-0.0502920181700194,,,0.0581116158338743,0.1008641574735019,-0.0670830629461389,0.4636599610642441,0.0007457830180394,0.4657071628262625,1115.7,1170.8,2.69672131147541,0.0092528161493678,-0.0020022428901447,-0.0008299566105483
1992-12-28,1212.163535911602,1253.4872928176794,1212.163535911602,1246.6,19600.0,1246.6,1247.94,1250.69,1171.6279999999997,1109.6493333333335,1143.3979999999992,False,False,False,False,False,False,True,True,False,True,False,-0.0276752767527675,-0.0552703353120486,,,0.060141184020536,0.1098593507674205,-0.0774105567142628,0.4253970800577573,0.0010766163965313,0.4675019389297108,1088.2,1136.4,0.5957446808510638,0.008934576503805,-0.0003182396455627,0.0003308333784918
1992-12-29,1239.7,1246.5872222222222,1232.812777777778,1239.7,10200.0,1239.7,1241.06,1248.63,1181.8199999999997,1111.1186666666667,1141.8639999999994,False,False,False,False,False,False,True,True,False,True,False,-0.0278293135435992,-0.0444462369928209,,,0.0466887150116966,0.1037197171358661,-0.0722755505364202,0.4277647818020488,0.001322391007741,0.4677206218014944,1095.0,1157.0,0.5204081632653061,0.0086239867323281,-0.0003105897714769,0.0002457746112096
1992-12-30,1239.6610169491526,1239.6610169491526,1212.1129943502824,1219.0,13300.0,1219.0,1234.1799999999998,1244.5000000000002,1191.4599999999998,1112.2200000000005,1140.2579999999994,False,False,False,False,False,False,True,True,False,True,False,-0.0168990976210007,-0.0621000820344545,,,0.0225922887612798,0.0875963904840028,-0.0452009844134535,0.468908941755537,0.0009902117686552,0.4720369626355964,1033.1,1136.4,1.303921568627451,0.008090913668944,-0.000533073063384,-0.0003321792390858
1993-01-04,1225.8870056497174,1239.6610169491526,1212.1129943502824,1219.0,7100.0,1219.0,1231.4199999999998,1242.43,1199.4479999999996,1112.678666666667,1138.6519999999994,False,False,False,False,False,False,True,True,False,True,False,-0.0225594749794913,-0.0395406070549631,,,0.0160393765381463,0.0872201257861633,-0.0565217391304348,0.468908941755537,0.0004122184422215,0.4694992876862273,964.2,1108.8,0.5338345864661654,0.006659730142532,-0.0014311835264119,-0.0005779933264337
1993-01-05,1225.9255555555555,1239.7,1219.0383333333334,1239.7,12400.0,1239.7,1232.8,1243.12,1206.612,1113.5973333333336,1137.3374999999996,False,False,False,False,False,False,True,True,False,True,False,-0.0555779624102606,-0.0611438251189803,,,0.0266903283052351,0.1017203086768302,-0.0667096878277002,0.3999354682584495,0.0008249540827444,0.4542763369586203,978.0,1108.8,1.7464788732394363,0.0059372855565835,-0.0007224445859484,0.0004127356405229
1993-01-06,1232.7607954545454,1239.647727272727,1191.4392045454545,1212.1,13600.0,1212.1,1225.9,1236.9200000000003,1212.3959999999995,1113.9640000000002,1136.1979999999996,False,False,False,False,False,False,True,True,False,True,False,-0.0283804966586914,-0.0624535929378762,,,-0.0002442042735744,0.0809636168632949,-0.0397656958996781,0.4488903555812228,0.0003291548619762,0.4526565986482551,964.2,1136.4,1.096774193548387,0.0047707184781205,-0.001166567078463,-0.0004957992207681
1993-01-07,1212.0868571428573,1218.9737142857143,1191.4262857142858,1205.2,12700.0,1205.2,1218.9999999999998,1230.0300000000002,1218.1799999999998,1114.4226666666668,1135.8064999999997,False,False,False,False,False,False,True,True,False,True,False,-0.0170925987387986,-0.0685363425157651,,,-0.0107699966810486,0.0753213851089721,-0.0570859608363756,0.4686359110521075,0.0004115733467971,0.4552002796679754,964.2,1115.7,0.9338235294117648,0.0047480667881596,-2.265168996087689e-05,8.241848482090435e-05
1993-01-08,1205.287356321839,1219.0620689655173,1163.9632183908047,1198.4,17100.0,1198.4,1214.88,1224.5300000000002,1223.416,1114.790666666667,1135.4434999999996,False,False,False,False,False,False,True,True,False,True,False,-0.0459779706275034,-0.0287883845126835,,,-0.0208744993324431,0.0697674677347572,-0.0459779706275034,0.5056742323097463,0.0003301068182607,0.4572366540631916,929.7999999999998,1122.6,1.346456692913386,0.0042798197832953,-0.0004682470048642,-8.146652853640207e-05
1993-01-11,1239.7109826589594,1239.7109826589594,1191.5,1191.5,37500.0,1191.5,1209.38,1220.4,1228.376,1115.5253333333335,1134.8584999999996,False,False,False,False,False,False,True,True,False,True,False,-0.0173730591691146,-0.0520352496852706,,,-0.0309492236676458,0.0637638830605677,-0.0347461183382292,0.5432647922786403,0.0006585835791565,0.4616027531956736,916.0,1095.0,2.192982456140351,0.0040378516024409,-0.0002419681808544,0.0003284767608957
1993-01-12,1177.6870588235297,1212.1223529411764,1170.8,1170.8,23000.0,1170.8,1195.6,1214.2,1230.856,1116.1680000000003,1134.2949999999996,False,False,False,False,False,False,True,True,False,True,False,-0.0058934062179705,-0.0176802186539118,,,-0.0512948411342672,0.046662111376836,0.0117868124359411,0.6882473522377861,0.0005757795122838,0.4832482292867729,895.2999999999998,1108.8,0.6133333333333333,0.0020148579525143,-0.0020229936499266,-8.280406687271224e-05
1993-01-13,1219.022807017544,1219.022807017544,1177.7,1177.7,14700.0,1177.7,1188.72,1207.31,1233.612,1116.7186666666669,1133.5469999999998,False,False,False,False,False,False,True,True,False,False,False,-0.0350683535705187,-0.0117177549460813,,,-0.047475588010529,0.0517800232090797,0.029209476097478,0.6491466417593614,0.0004931113655601,0.5054045771177246,874.7,1122.6,0.6391304347826087,0.0022340898110589,0.0002192318585446,-8.266814672369574e-05
1993-01-14,1177.7127906976743,1191.4872093023257,1170.8255813953488,1184.6,12700.0,1184.6,1184.6,1201.8,1234.992,1116.7186666666669,1132.445,False,False,False,False,False,False,True,False,False,True,False,-0.0523383420563903,-0.0523383420563903,,,-0.0425392537565423,0.0573031684394167,0.0173898362316394,0.6337160222860038,0.0,0.5260609086370445,895.2999999999998,1108.8,0.8639455782312925,0.0011174161452057,-0.0011166736658532,-0.0004931113655601
1993-01-18,1191.5114457831326,1191.5114457831326,1143.3,1143.3,12100.0,1143.3,1173.5800000000002,1194.23,1231.688,1116.0760000000002,1131.1364999999996,False,False,False,False,False,False,False,False,False,True,False,0.0180180180180181,0.0240531793929852,,,-0.0773095425522611,0.0238117729379862,0.0300883407679525,0.6806612437680399,-0.000575826974746,0.546695360190248,888.4000000000001,1122.6,0.952755905511811,-0.0026824975156044,-0.0037999136608101,-0.000575826974746
1993-01-19,1163.912941176471,1177.6870588235297,1157.0258823529412,1170.8,12800.0,1170.8,1169.44,1189.41,1225.904,1116.3520000000003,1130.1034999999997,False,False,False,False,False,False,False,True,False,True,False,-0.0352750256235052,-0.023488213187564,,,-0.0470652545268193,0.0465049538776901,0.1059104885548343,0.6411855141783397,0.0002472338473886,0.5639686903590855,909.1,1101.9,1.0578512396694215,-0.0047181508503113,-0.0020356533347068,0.0008230608221347
1993-01-20,1170.7869822485209,1170.7869822485209,1157.0130177514795,1163.9,10100.0,1163.9,1168.0600000000002,1181.83,1221.496,1116.2600000000004,1129.2079999999994,False,False,False,False,False,False,False,False,False,False,False,-0.0118566887189622,-0.0118566887189622,,,-0.0494853509751696,0.0409313514906775,0.1124667067617491,0.5976458458630465,-8.241807464199274e-05,0.5844918473892184,964.2,1136.4,0.7890625,-0.0036086896723361,0.0011094611779752,-0.0003296519220306
1993-01-21,1150.1745454545455,1170.8363636363636,1136.4,1136.4,8300.0,1136.4,1159.8,1174.2599999999998,1215.16,1116.2600000000002,1128.8294999999996,False,False,False,False,False,False,False,False,False,True,False,0.02419922562478,0.0120556142203447,,,-0.0693065821893699,0.0177226328757478,0.1393875395987327,0.6787222808870115,-2.0369239732968303e-16,0.6076081957999083,984.9,1095.0,0.8217821782178217,-0.0052141281806511,-0.0016054385083149,8.241807464178904e-05
1993-01-22,1150.1484662576686,1150.1484662576686,1122.6,1122.6,14400.0,1122.6,1147.4,1166.0,1209.652,1115.8013333333336,1128.4164999999996,False,False,False,False,False,False,False,False,False,False,False,0.0,0.0244967040798147,,,-0.077544984856583,0.0060561791080227,0.1655977195795475,0.6932121859967932,-0.0004110648132104,0.6302144082332761,984.9,1129.5,1.7349397590361446,-0.004553375681601,0.00066075249905,-0.0004110648132102
1993-01-25,1163.9,1163.9,1122.578106508876,1163.9,4400.0,1163.9,1151.52,1162.55,1205.7960000000005,1116.168,1128.5884999999998,False,False,False,False,False,False,False,True,False,False,False,0.0059283443594809,0.0,,,-0.0359962196064957,0.0410103960821378,0.1834350030071311,0.6154308789414901,0.0003285049084603,0.6415724054879364,978.0,1115.7,0.3055555555555556,-0.0031978875365315,0.0013554881450695,0.0007395697216707
1993-01-26,1170.8231707317073,1170.8231707317073,1122.6128048780488,1129.5,10500.0,1129.5,1143.26,1156.35,1201.388,1116.4440000000002,1128.1754999999996,False,False,False,False,False,False,False,True,False,True,False,0.0122177954847277,0.0182381584772022,,,-0.0636458610004426,0.0115590969455509,0.2316954404603807,0.6463036741921204,0.0002472134742094,0.6521641371557056,1019.3,1074.4,2.386363636363636,-0.0036690894199047,-0.0004712018833732,-8.129143425086578e-05
1993-01-27,1122.5526946107784,1150.1,1101.8922155688622,1150.1,13200.0,1150.1,1140.5,1154.2800000000002,1198.08,1116.994666666667,1127.9339999999995,False,False,False,False,False,False,False,True,False,False,False,0.0,0.0059994783062343,,,-0.0417181114685679,0.0287847433556499,0.1976349882618904,0.6408138422745848,0.0004929895218838,0.6473732543230409,1060.6,1115.7,1.2571428571428571,-0.0027610844017093,0.0009080050181954,0.0002457760476743
1993-01-28,1122.578106508876,1163.9,1115.691124260355,1163.9,12700.0,1163.9,1146.0,1152.9,1193.672,1117.3613333333335,1128.2439999999997,False,False,False,False,False,False,False,True,False,True,False,-0.0118566887189622,0.0,,,-0.0255795171406477,0.0399851075407394,0.1715783142881689,0.6272016496262565,0.000328154067738,0.6451556943360222,1067.5,1088.2,0.9621212121212122,-0.0036928067341781,-0.0009317223324687,-0.0001648354541457
1993-01-29,1163.922699386503,1170.8098159509202,1115.7128834355826,1122.6,13300.0,1122.6,1146.0,1146.7,1187.612,1117.4533333333336,1128.3475,False,False,False,False,False,False,False,True,False,True,False,0.0244967040798147,0.0122928915018708,,,-0.0579119900231606,0.0045845952847553,0.2086228398360948,0.6687154819169785,8.233006001750844e-05,0.648643934769338,1060.6,1095.0,1.047244094488189,-0.0051026766317618,-0.0014098698975836,-0.0002458240077205
1993-02-01,1136.3647058823528,1170.8,1122.590588235294,1170.8,6400.0,1170.8,1147.38,1149.45,1184.308,1118.0960000000002,1128.2094999999997,False,False,False,False,False,False,False,True,False,False,True,-0.0058934062179705,-0.023488213187564,,,-0.0115374103177314,0.045015374103177,0.1646737273659036,0.6059104885548348,0.0005747866611334,0.6411066162077513,1067.5,1033.1,0.4812030075187969,-0.0027898148116875,0.0023128618200742,0.0004924566011159
1993-02-02,1170.8493975903614,1170.8493975903614,1136.4126506024097,1143.3,9800.0,1143.3,1150.14,1146.6999999999998,1180.728,1118.7400000000005,1127.8999999999996,False,False,False,False,False,False,False,True,False,True,False,0.0059476952680835,0.0059476952680835,,,-0.0327368144843874,0.0214816758506074,0.204758156214467,0.6685909210181056,0.0005756476035542,0.6438388418941312,1067.5,964.2,1.53125,-0.0030320276981658,-0.0002422128864782,8.609424207902663e-07
1993-02-03,1170.760479041916,1170.760479041916,1122.5526946107784,1150.1,13800.0,1150.1,1150.14,1145.32,1177.42,1119.290666666667,1127.8655,False,False,False,False,False,False,False,True,False,False,False,0.0059994783062343,0.0299973915311712,,,-0.0237544561342493,0.0267883952120101,0.2575428223632728,0.7006347274150078,0.0004919782528933,0.6542363706213115,1108.8,978.0,1.4081632653061225,-0.0028095327071053,0.0002224949910604,-8.366935066082956e-05
1993-02-04,1170.760479041916,1170.760479041916,1115.6658682634732,1150.1,24900.0,1150.1,1147.38,1146.69,1173.56,1119.6573333333338,1127.7619999999995,False,False,False,False,False,False,False,True,False,True,False,0.0119989566124686,0.0539083557951482,,,-0.0203982262411964,0.026469582355157,0.2934527432397183,0.7425441265976872,0.0003274811460174,0.6606667887572054,1108.8,964.2,1.8043478260869563,-0.0032891373257439,-0.0004796046186386,-0.0001644971068759
1993-02-05,1136.3263473053892,1163.8736526946109,1136.3263473053892,1150.1,10400.0,1150.1,1152.88,1149.44,1169.9759999999997,1120.2080000000008,1127.6584999999998,False,False,False,False,False,False,False,True,False,False,False,-0.0119120076515084,0.0479088774889141,,,-0.0172819754803927,0.0259907834101375,0.3712720632988436,0.7665420398226243,0.0004915753740974,0.6680818485523383,1150.1,964.2,0.4176706827309236,-0.0030633107003906,0.0002258266253533,0.00016409422808
1993-02-08,1163.9,1170.7869822485209,1150.1260355029588,1163.9,6700.0,1163.9,1151.5,1149.44,1167.7719999999997,1120.758666666667,1127.314,False,False,False,False,False,False,False,True,False,False,False,-0.0176991150442479,0.011856688718962,,,-0.0033267462840446,0.0370661855256749,0.3254575135320903,0.6863991751868715,0.0004913338464774,0.6752679565701557,1225.9,929.7999999999998,0.6442307692307693,-0.0018873547233534,0.0011759559770371,-2.41527619997497e-07
1993-02-09,1156.9868263473054,1163.8736526946109,1143.2131736526946,1150.1,11100.0,1150.1,1152.86,1151.5,1165.0159999999996,1121.4013333333337,1127.245,False,False,False,False,False,False,False,True,False,True,False,0.0,0.1258151465089992,,,-0.0129693070167809,0.0249531924760161,0.3712720632988436,0.6946352491087733,0.0005730924759615,0.6800434216239687,1315.4,916.0,1.6567164179104477,-0.0023656327466747,-0.0004782780233213,8.175862948411221e-05
1993-02-10,1150.1130952380952,1163.8869047619048,1150.1130952380952,1157.0,21900.0,1157.0,1154.24,1152.19,1161.7079999999996,1121.6760000000004,1127.245,False,False,False,False,False,False,False,True,False,True,False,0.0238547968885046,0.1191011235955055,,,-0.0040691443388069,0.0305306828003453,0.3512532411408817,0.6786516853932585,0.0002448716622863,0.6838195089351581,1274.1,895.2999999999998,1.972972972972973,-0.002847531393431,-0.0004818986467562,-0.0003282208136752
1993-02-12,1143.239053254438,1163.9,1136.3520710059174,1163.9,6000.0,1163.9,1157.0,1152.19,1159.7799999999995,1122.5946666666669,1127.1414999999995,False,False,False,False,True,False,False,True,False,False,False,0.0414124924821718,0.1124667067617491,,,0.00353982300885,0.0354887304178479,0.3195291691726092,0.7515250451069677,0.0008183422689814,0.6963782015119033,1294.8,874.7,0.273972602739726,-0.0016623842452879,0.001185147148143,0.0005734706066951
1993-02-15,1143.2872727272727,1163.949090909091,1129.5127272727273,1136.4,8500.0,1136.4,1154.2599999999998,1153.57,1157.0279999999998,1122.686666666667,1126.9349999999995,False,False,False,False,False,False,False,True,False,True,False,0.060542062653995,0.1514431538190777,,,-0.0181520591341074,0.0120673471782234,0.4362900387187609,0.7878387891587468,8.19462836173627e-05,0.7080801338453672,1260.3,895.2999999999998,1.4166666666666667,-0.0023785076938498,-0.0007161234485618,-0.000736395985364
1993-02-16,1129.5253012048192,1150.1873493975902,1129.5253012048192,1143.3,7100.0,1143.3,1150.14,1150.82,1154.8239999999998,1123.054666666667,1126.7629999999997,False,False,False,False,False,False,False,True,False,False,False,0.0300883407679525,0.204758156214467,,,-0.0100795941572639,0.0177078048922706,0.4035686171608501,0.7649785708038137,0.0003276777265813,0.7241271441233211,1260.3,888.4000000000001,0.8352941176470589,-0.0019085159297,0.0004699917641498,0.000245731442964
1993-02-17,1136.3263473053892,1150.1,1129.439520958084,1150.1,11400.0,1150.1,1150.14,1151.4999999999998,1153.168,1124.0640000000003,1126.5904999999998,False,False,False,False,False,False,False,True,False,False,False,0.1258151465089992,0.2096339448743588,,,-0.0026675941222502,0.0226380314755235,0.3533605773411011,0.7246326406399445,0.0008979322648295,0.7296917064698223,1239.7,909.1,1.6056338028169015,-0.0014360440109333,0.0004724719187667,0.0005702545382482
1993-02-18,1163.9383720930232,1184.6,1157.0511627906976,1184.6,22100.0,1184.6,1155.6600000000003,1154.95,1153.7199999999998,1124.982666666667,1126.5904999999998,False,False,False,False,True,False,True,True,False,False,True,0.093027182171197,0.1627553604592269,,,0.0260678710113119,0.0503269739433841,0.3720243120040516,0.7034442005740337,0.0008166051743612,0.7298930689640244,1232.8,964.2,1.9385964912280704,0.0004784523107858,0.0019144963217192,-8.132709046836638e-05
1993-02-19,1205.213068181818,1218.9869318181816,1191.4392045454545,1212.1,24400.0,1212.1,1165.3,1161.15,1155.0959999999998,1126.634666666667,1126.6935,False,False,False,False,False,False,True,True,True,False,False,0.068228694002145,0.1249896873195281,,,0.0470291230096527,0.0705101339273433,0.4375051563402361,0.6364161372824025,0.0014663138361326,0.7188821427033544,1274.1,984.9,1.104072398190045,0.0011912429789385,0.0007127906681526,0.0006497086617714
1993-02-22,1191.4262857142858,1218.9737142857143,1184.5394285714287,1205.2,14100.0,1205.2,1179.06,1166.66,1155.9199999999998,1128.1040000000005,1126.7275,False,False,False,False,False,False,True,True,False,True,False,0.0857119150348489,0.1257882509127115,,,0.0408894789246599,0.0639694656488545,0.4629107202124127,0.6571523398606041,0.0013024803859692,0.7078069017537243,1274.1,984.9,0.5778688524590164,0.0007128521004914,-0.000478390878447,-0.0001638334501634
1993-02-23,1219.022807017544,1219.022807017544,1177.7,1177.7,20000.0,1177.7,1185.94,1168.0400000000002,1157.2959999999998,1130.0320000000004,1126.6930000000002,False,False,False,False,False,False,True,True,False,False,False,0.1695678016472786,0.1578500467011971,,,0.0173252950666555,0.0404755030992609,0.5204211598879168,0.6549206079646769,0.0017061463746158,0.7046077189137355,1253.4,978.0,1.4184397163120568,0.0011889784463093,0.0004761263458178,0.0004036659886465
1993-02-24,1184.604255319149,1301.687234042553,1184.604255319149,1294.8,270500.0,1294.8,1214.88,1182.5100000000002,1162.256,1134.4400000000005,1127.141,False,False,False,False,False,False,True,True,False,False,False,0.0744516527649058,0.0637936360827928,,,0.1023663886314487,0.1238492431263511,0.3297806611059623,0.4786839666357738,0.0038856175734284,0.6808399083305845,1232.8,1019.3,13.525,0.0042675623958923,0.003078583949583,0.0021794711988125
1993-02-25,1315.4617021276597,1322.3489361702127,1281.0255319148937,1294.8,260600.0,1294.8,1236.92,1196.2900000000002,1167.492,1138.6640000000004,1127.451,False,False,False,False,False,False,True,True,False,False,False,0.0637936360827928,0.1170064874884152,,,0.0983225208526413,0.1205869632375652,0.4148903305529812,0.4521161569354345,0.0037096105611487,0.6562957142498892,1232.8,1060.6,0.9634011090573013,0.0044848273050263,0.000217264909134,-0.0001760070122796
1993-02-26,1308.5744680851062,1308.5744680851062,1281.0255319148937,1294.8,191200.0,1294.8,1253.46,1209.3799999999997,1173.828,1143.0720000000006,1127.761,False,False,False,False,False,False,True,True,False,False,False,0.0531356194006796,0.1489033055298115,,,0.0934291010194624,0.1171825764596844,0.4095613222119246,0.4521161569354345,0.0038562750202962,0.6252707999140059,1246.6,1067.5,0.7336914811972371,0.0053977243684764,0.00091289706345,0.0001466644591475
1993-03-01,1301.6131578947368,1336.0473684210526,1301.6131578947368,1308.5,186900.0,1308.5,1274.12,1226.5899999999997,1181.264,1147.662666666667,1127.8294999999998,False,False,False,False,False,False,True,True,False,False,False,0.0369124952235383,0.2052732136033625,,,0.0972380588460069,0.1229173353712899,0.3737103553687428,0.3632403515475735,0.0040000139413786,0.5822564997268855,1239.7,1060.6,0.977510460251046,0.0062949518481896,0.0008972274797131,0.0001437389210823
1993-03-02,1322.304,1384.2870000000005,1301.6430000000005,1377.4,440200.0,1377.4,1314.06,1249.9999999999998,1189.804,1153.630666666667,1127.9669999999996,False,False,False,False,False,False,True,True,False,False,False,-0.0100188761434588,0.1200087120662116,,,0.1361957310875562,0.162457770679057,0.3049949179613764,0.2950486423696818,0.0051732327966314,0.5338960000000001,1219.0,1067.5,2.355270197966828,0.0071776527898714,0.0008827009416817,0.0011732188552528
1993-03-03,1384.312871287129,1418.7485148514852,1370.5386138613862,1391.2,663200.0,1391.2,1333.34,1274.11,1200.272,1159.9666666666667,1128.1735,False,False,False,False,False,False,True,True,False,False,False,-0.0099194939620471,0.1336256469235191,,,0.1372397929844739,0.1662114241901476,0.3316561242093156,0.29700977573318,0.0054622259260321,0.4908131950930458,1219.0,1067.5,1.5065879145842798,0.0087213564925282,0.0015437037026568,0.0002889931294006
1993-03-04,1370.513,1384.2870000000005,1342.965,1377.4,131200.0,1377.4,1349.86,1293.39,1209.364,1166.3946666666666,1128.5864999999997,False,False,False,False,False,False,True,True,False,True,False,0.0500217801655291,0.1350370262813997,,,0.12199506316248,0.1531910362518756,0.3900101640772468,0.3250326702482937,0.0055109991357984,0.4536837303520206,1239.7,1108.8,0.1978287092882991,0.0075180011973236,-0.0012033552952046,4.877320976624626e-05
1993-03-05,1363.6,1391.1474747474747,1349.8262626262626,1363.6,312800.0,1363.6,1363.62,1308.5400000000002,1217.352,1172.9133333333334,1128.8619999999996,False,False,False,False,False,False,True,True,False,True,False,0.0909357582868876,0.1262833675564682,,,0.1072513933704897,0.1398406179720347,0.3687298327955414,0.3687298327955414,0.0055576712118543,0.4279043819829732,1212.1,1108.8,2.3841463414634148,0.0065617832804316,-0.0009562179168919,4.667207605596469e-05
1993-03-08,1363.68730964467,1391.2365482233504,1349.91269035533,1356.8,186100.0,1356.8,1373.2800000000002,1323.7,1226.72,1179.0666666666666,1129.0689999999995,False,False,False,False,False,False,True,True,False,False,False,0.1623673349056603,0.2029775943396227,,,0.0958726415094339,0.1309944968553459,0.355247641509434,0.3705041273584906,0.0052188171435032,0.4011482964417919,1205.2,1150.1,0.5949488491048593,0.0076366244945871,0.0010748412141554,-0.0003388540683511
1993-03-09,1404.9212121212122,1404.9212121212122,1363.6,1363.6,114400.0,1363.6,1370.52,1342.29,1234.432,1185.4026666666668,1129.4129999999996,False,False,False,False,False,False,True,True,False,True,False,0.1313435024933999,0.1768113816368436,,,0.0947257260193604,0.1306815292852252,0.3636696978586096,0.3636696978586096,0.005345019188979,0.3750754307936437,1198.4,1225.9,0.61472326706072,0.0062474077146412,-0.0013892167799459,0.0001262020454758
1993-03-10,1384.2870000000005,1391.1740000000002,1377.4,1377.4,42900.0,1377.4,1367.7599999999998,1350.55,1243.796,1191.6466666666668,1129.9294999999995,False,False,False,False,False,False,True,True,False,False,False,0.1449833018730941,0.1300275882096704,,,0.0969972411790329,0.1348579449203814,0.3399883839117176,0.2999854798896468,0.0052398082205574,0.3574839880048869,1191.5,1315.4,0.375,0.0075285657776677,0.0012811580630265,-0.0001052109684215
1993-03-11,1377.4285714285716,1453.1871428571428,1377.4285714285716,1446.3,251400.0,1446.3,1381.54,1365.7,1255.644,1198.0746666666666,1130.8939999999996,False,False,False,False,False,False,True,True,False,False,False,0.0809652215999447,0.1237640876719902,,,0.1318232731798381,0.1716278319389707,0.2475973172924014,0.2619097006153633,0.0053652749522566,0.3383905689390055,1170.8,1274.1,5.86013986013986,0.0094357954961756,0.0019072297185078,0.0001254667316991
1993-03-12,1460.0518518518518,1556.4703703703703,1411.8425925925926,1487.6,728300.0,1487.6,1406.3399999999997,1384.98,1269.144,1204.7773333333337,1131.8234999999995,False,False,False,False,False,False,True,True,False,False,False,0.0324011831137402,0.1712826028502287,,,0.1468513041140091,0.1901201039706011,0.1944743210540469,0.2036837859639686,0.0055634070140764,0.3132897225952722,1177.7,1294.8,2.8969769291965,0.0106370908265728,0.0012012953303972,0.0001981320618198
1993-03-15,1515.117903930131,1577.1,1487.5703056768557,1577.1,473100.0,1577.1,1450.4,1411.84,1286.224,1212.6733333333336,1133.4759999999997,False,False,False,False,False,False,True,True,False,False,False,0.0349375435926701,0.117937987445311,,,0.1844372582588295,0.2310739120326335,0.1223131063344113,0.1485004121488809,0.0065112341328524,0.2902524365367182,1184.6,1260.3,0.6495949471371687,0.0132791799873116,0.0026420891607387,0.0009478271187759
1993-03-16,1584.0223214285716,1590.9093750000002,1542.7,1542.7,207400.0,1542.7,1486.2199999999998,1428.37,1301.376,1220.202666666667,1134.9564999999996,False,False,False,False,False,False,True,True,False,True,False,0.0401892785376286,0.1606922927335189,,,0.1564296363518507,0.209047341241546,0.1606922927335189,0.1606922927335189,0.0061705596447366,0.2757968873611179,1143.3,1260.3,0.4383851194250687,0.0116430608832497,-0.0016361191040618,-0.0003406744881157
1993-03-17,1515.117903930131,1577.1,1508.2310043668122,1577.1,123500.0,1577.1,1526.16,1446.96,1318.456,1227.6400000000003,1136.5749999999998,False,False,False,False,False,False,True,True,False,False,False,-0.0130619491471686,0.0917506816308414,,,0.1639997463699194,0.2215839198528943,0.13537505548158,0.13537505548158,0.0060582363993787,0.2584522032398961,1170.8,1239.7,0.5954676952748312,0.0129545468335689,0.0013114859503191,-0.0001123232453579
1993-03-18,1577.174449339207,1590.9488986784145,1556.5127753303966,1563.4,126000.0,1563.4,1549.58,1465.56,1334.7119999999998,1234.3440000000005,1138.0904999999998,False,False,False,False,False,False,True,True,False,True,False,0.0395931943200712,0.1718050402967889,,,0.1462760649865679,0.2104746066265828,0.1100805935780989,0.1805679928361263,0.0054312250069674,0.2438862960233631,1163.9,1232.8,1.0202429149797572,0.0121794064936854,-0.0007751403398834,-0.0006270113924113
1993-03-19,1570.2349775784753,1584.0089686098654,1515.1390134529147,1535.8,53000.0,1535.8,1559.2199999999998,1482.78,1349.588,1240.5880000000002,1139.6054999999994,False,False,False,False,False,False,True,True,False,True,False,0.1345227243130617,0.1883708816252116,,,0.1212475582758171,0.192220341190259,0.1435082693058992,0.2242479489516868,0.0050330972087426,0.2303713295296671,1136.4,1274.1,0.4206349206349206,0.0110226232005621,-0.0011567832931233,-0.0003981277982247
1993-03-22,1577.104641350211,1632.2,1563.3308016877638,1632.2,83000.0,1632.2,1570.2400000000002,1510.3200000000002,1369.4199999999996,1248.2093333333337,1141.6024999999995,False,False,False,False,False,False,True,True,False,False,False,0.080198505085161,0.1012743536331331,,,0.1609974267859333,0.2352595678634152,0.0844259281950741,0.1814728587182943,0.0061058134479581,0.2124980136659779,1122.6,1274.1,1.5660377358490567,0.0144820434928653,0.0034594202923032,0.0010727162392154
1993-03-23,1604.6999999999998,1632.2484978540772,1597.8128755364803,1604.6999999999998,102200.0,1604.7,1582.64,1534.4299999999998,1387.8759999999995,1255.372,1143.4619999999998,False,False,False,False,False,False,True,True,False,True,False,0.1158471988533681,0.120147067987786,,,0.1351180906088367,0.2176905340562097,0.1244469371222037,0.2103196859226025,0.0057056128913711,0.1988360498686809,1163.9,1253.4,1.231325301204819,0.0132980179785513,-0.001184025514314,-0.0004002005565869
1993-03-24,1563.387168141593,1618.4845132743365,1556.5000000000002,1556.5000000000002,72700.0,1556.5,1578.52,1552.3399999999997,1404.1319999999998,1261.892,1145.1149999999998,False,False,False,False,False,False,True,True,False,True,False,0.1061998072598777,0.19023450048185,,,0.0978914230645681,0.1892759396080951,0.1813684548666878,0.234500481850305,0.005166844706203,0.1934370047798808,1129.5,1232.8,0.7113502935420744,0.0115772591180888,-0.0017207588604624,-0.000538768185168
1993-03-25,1528.8838983050846,1625.2999999999995,1521.9970338983048,1625.2999999999995,202800.0,1625.3,1590.9,1570.2399999999998,1421.7600000000002,1268.7786666666668,1147.2154999999998,False,False,False,False,False,False,True,True,False,False,False,0.1271765212576143,0.1779979080785088,,,0.1252322648126495,0.2193572468672447,0.2161447117455242,0.1949793884205996,0.0054277919763258,0.1872898410434074,1150.1,1232.8,2.7895460797799174,0.0123987170830522,0.0008214579649634,0.0002609472701228
1993-03-26,1652.8695652173913,1790.608695652174,1632.208695652174,1742.4,377800.0,1742.4,1632.2199999999998,1595.7199999999998,1442.9720000000002,1277.2266666666667,1149.9354999999996,False,False,False,False,False,False,True,True,False,False,False,0.047463269054178,0.0711662075298438,,,0.171848025711662,0.2669727578818488,0.1146694214876032,0.1146694214876032,0.0066143310506095,0.1778319504675007,1163.9,1246.6,1.8629191321499008,0.014700215943206,0.0023014988601538,0.0011865390742836
1993-03-29,1735.5515625,1790.6484375,1721.77734375,1763.1,200500.0,1763.1,1658.4,1614.3200000000002,1465.2879999999998,1285.4,1152.7934999999998,False,False,False,False,False,False,True,True,False,False,False,0.019511088423799,0.0429357381884181,,,0.1689138449322217,0.2709432250014179,0.0976688786795984,0.0898417559979582,0.0063585913593693,0.1710875167253083,1122.6,1239.7,0.53070407623081,0.0152297705297522,0.0005295545865461,-0.0002557396912401
1993-03-30,1769.9392307692306,1838.8084615384607,1735.5046153846151,1790.5999999999997,265500.0,1790.6,1695.58,1639.11,1489.8039999999996,1292.9293333333335,1155.7889999999998,False,False,False,False,False,False,True,True,False,False,False,0.0038534569418073,0.0384787222160171,,,0.1679861498938903,0.2779351427826797,0.0731039874902269,0.0692505305484196,0.0058234685680166,0.1609409984686813,1170.8,1219.0,1.324189526184539,0.0164558559380964,0.0012260854083442,-0.0005351227913527
1993-03-31,1763.1232,1804.4464,1721.8,1721.8,193600.0,1721.8,1728.64,1653.58,1506.884,1298.3480000000004,1158.4404999999997,False,False,False,False,False,False,True,True,False,True,False,0.0759670112672784,0.0719595771866651,,,0.1248205366476942,0.2459356487396907,0.11598327331862,0.0839818794285051,0.0041735086946388,0.1553659333083371,1143.3,1219.0,0.7291902071563089,0.0113346481879165,-0.0051212077501799,-0.0016499598733778
1993-04-01,1749.3533834586465,1838.8872180451128,1728.6917293233082,1832.0,247200.0,1832.0,1769.98,1680.44,1528.372,1305.786666666667,1161.6084999999998,False,False,False,False,False,False,True,True,False,False,False,0.0450873362445414,-0.015065502183406,,,0.1657358078602619,0.2872343522561861,0.0150109170305676,0.003711790393013,0.0056966936916699,0.1364880626502582,1150.1,1239.7,1.2768595041322317,0.0140594043858432,0.0027247561979267,0.001523184997031
1993-04-02,1859.535849056604,1914.6332075471696,1797.551320754717,1825.1,304000.0,1825.1,1786.52,1709.3699999999997,1549.5839999999998,1312.8573333333338,1164.6735,False,False,False,False,False,False,True,True,False,True,False,0.0226288970467372,-0.026409511807572,,,0.1509593994849598,0.280665534308622,0.0452577940934744,0.003780614760835,0.0053857083227119,0.1144339727501947,1150.1,1212.1,1.2297734627831716,0.0136888351970591,-0.000370569188784,-0.0003109853689579
1993-04-05,1818.16091954023,1825.047892720307,1790.6130268199236,1797.5,103000.0,1797.5,1793.4,1725.9,1569.144,1320.0200000000004,1167.428,False,False,False,False,False,False,True,True,False,True,False,0.0229763560500695,-0.015299026425591,,,0.1270408901251738,0.2656356050069539,0.0574687065368567,0.0613073713490959,0.0054261804114078,0.1025609826757054,1150.1,1205.2,0.3388157894736842,0.0124653951453787,-0.0012234400516804,4.04720886959236e-05
1993-04-06,1790.6130268199236,1811.273946360153,1763.065134099617,1797.5,111700.0,1797.5,1794.78,1745.1799999999998,1585.948,1327.182666666667,1170.0449999999998,False,False,False,False,False,False,True,True,False,True,False,0.0344923504867872,-0.0038386648122393,,,0.1176923504867871,0.2616508113120072,0.0460083449235051,0.0689847009735744,0.0053968958806976,0.0891942378436608,1163.9,1198.4,1.0844660194174758,0.0105955554658791,-0.0018698396794996,-2.9284530710249265e-05
1993-04-07,1797.5040892193308,1859.486988847584,1763.0691449814126,1852.6,94900.0,1852.6,1820.94,1774.7899999999995,1604.4039999999995,1335.354666666667,1173.1095,False,False,False,False,False,False,True,True,False,False,False,-0.0037244953038971,-0.033466479542265,,,0.1339717154269677,0.2791996833279352,0.0037244953038972,0.0409154701500594,0.0061197225006889,0.0714112655581789,1150.1,1191.5,0.8495971351835273,0.0115033370647289,0.0009077815988498,0.0007228266199913
1993-04-08,1887.0517985611511,1914.6,1852.61654676259,1914.6,197400.0,1914.6,1837.4600000000005,1803.72,1625.8919999999998,1344.4453333333338,1176.4840000000002,False,False,False,False,False,False,True,True,False,False,False,-0.0575577144050975,-0.093544343465998,,,0.1507928549044187,0.2977930986454957,-0.0143633134858456,0.0359866290609005,0.0067616484220506,0.056516532499501,1157.0,1170.8,2.0800842992623814,0.0132161299766529,0.0017127929119239,0.0006419259213616
1993-04-09,1859.512915129152,1887.0612546125465,1852.6258302583024,1866.4,68000.0,1866.4,1845.72,1816.12,1646.004,1352.3426666666671,1179.6175,False,False,False,False,False,False,True,True,False,True,False,-0.0479532790398628,-0.0590441491641663,,,0.1180861551650236,0.2754272038862692,0.0147342477496785,0.0479532790398629,0.0058397427870845,0.0500572649384402,1163.9,1177.7,0.3444782168186423,0.0122186823361304,-0.0009974476405225,-0.0009219056349661
1993-04-12,1866.3475655430711,1880.1213483146068,1818.1393258426967,1838.8,43700.0,1838.8,1853.98,1823.69,1665.284,1359.8720000000003,1182.682,False,False,False,False,False,False,True,True,False,True,False,-0.0374157058951489,-0.0374157058951489,,,0.0943637154666085,0.2604568196649987,0.0187622362410267,0.0412225364368065,0.0055367956199797,0.0453202024466876,1136.4,1184.6,0.6426470588235295,0.0115776047809263,-0.000641077555204,-0.0003029471671047
1993-04-13,1859.5,1921.483333333333,1845.7259259259256,1859.5,106600.0,1859.5,1866.3800000000003,1830.58,1685.1199999999997,1367.9533333333338,1185.7125,False,False,False,False,False,False,True,True,False,False,False,-0.0370529712288251,-0.029631621403603,,,0.0937778972842163,0.2643434615039882,0.011132024737833,0.0481312180693734,0.0059076089340281,0.0432649761277846,1143.3,1143.3,2.4393592677345537,0.0117712685150016,0.0001936637340752,0.0003708133140483
1993-04-14,1831.926119402985,1859.4738805970148,1818.15223880597,1845.7,105900.0,1845.7,1865.0,1842.97,1703.852,1376.1253333333336,1188.7425,False,False,False,False,False,False,True,True,False,True,False,-0.0298531722381754,-0.0037384190280111,,,0.0768532264181611,0.2544154882519729,0.0335915912661862,0.0634447635043614,0.0059384125864503,0.0414819557561979,1150.1,1170.8,0.9934333958724204,0.0109939126168237,-0.0007773558981778,3.080365242220332e-05
1993-04-15,1825.0610687022904,1838.8351145038168,1790.6259541984732,1804.4,40700.0,1804.4,1842.96,1840.2100000000005,1718.1759999999997,1383.746666666667,1191.6350000000002,False,False,False,False,False,False,True,True,False,True,False,-0.0381844380403458,0.0954333850587451,,,0.0477854134338286,0.2331264316855094,0.0839614276213701,0.0877854134338283,0.0055077519006368,0.0497823617956643,1184.6,1163.9,0.3843248347497639,0.0083367478069764,-0.0026571648098472,-0.0004306606858134
1993-04-16,1825.11046511628,1825.11046511628,1776.9,1776.9,42700.0,1776.9,1825.06,1835.39,1729.7479999999998,1390.8173333333334,1194.4935,False,False,False,False,False,False,True,True,False,True,False,-0.0116495019415836,0.093027182171197,,,0.0265361022004616,0.2172787813983154,0.127863132421633,0.1085035736394847,0.005083821215918,0.0600417349991009,1212.1,1136.4,1.049140049140049,0.0066899918369612,-0.0016467559700151,-0.0004239306847188
1993-04-19,1783.774319066148,1783.774319066148,1756.225680933852,1770.0,21300.0,1770.0,1811.3,1832.64,1737.464,1397.888,1197.3175,False,False,False,False,False,False,True,True,False,True,False,0.0,0.0933898305084745,,,0.0183819209039548,0.2102327683615819,0.1478531073446328,0.128361581920904,0.005058106705735,0.066516064257028,1205.2,1122.6,0.4988290398126463,0.0044409553233909,-0.0022490365135703,-2.571451018299354e-05
1993-04-20,1769.9392307692306,1804.373846153846,1756.1653846153845,1790.5999999999997,90700.0,1790.6,1797.52,1831.95,1747.3799999999997,1405.5093333333332,1200.5200000000002,False,False,False,False,False,False,True,True,False,False,False,0.0077069138836146,0.0731039874902269,,,0.0241371607282475,0.2150623627089615,0.096168881939015,0.1884843069362226,0.0054224708101072,0.0781953655940391,1177.7,1163.9,4.258215962441315,0.0056747816731333,0.0012338263497423,0.0003643641043722
1993-04-21,1763.0523076923075,1790.5999999999997,1721.730769230769,1790.5999999999997,58000.0,1790.6,1786.5,1825.7499999999995,1755.9199999999996,1413.130666666667,1203.4470000000003,False,False,False,False,False,False,True,True,False,True,False,0.0269183513905954,0.0731039874902269,,,0.0193678096727354,0.2108060612829961,0.0884619680554006,0.2076957444432036,0.005393226198474,0.094678899082569,1294.8,1129.5,0.639470782800441,0.0048635473142284,-0.0008112343589049,-2.924461163320881e-05
1993-04-22,1735.5,1763.047619047619,1721.7261904761904,1735.5,34200.0,1735.5,1772.7199999999998,1807.84,1762.804,1419.7413333333336,1206.1670000000004,False,False,False,False,False,False,True,True,False,True,False,0.1389225007202534,0.0714491501008355,,,-0.0157326418899453,0.1819410352444058,0.1191011235955056,0.2381446269086719,0.0046562472412815,0.1146672271882468,1294.8,1150.1,0.5896551724137931,0.0039051420350762,-0.0009584052791522,-0.0007369789571924
1993-04-23,1735.5388235294115,1790.635294117647,1735.5388235294115,1756.2,52400.0,1756.2,1768.58,1796.8200000000002,1771.6199999999997,1426.996,1209.0940000000005,False,False,False,False,False,False,True,True,False,False,False,0.1059104885548343,0.0862658011615989,,,-0.0087803211479328,0.187452454162396,0.1608017310101354,0.1961052271950802,0.0050838731619895,0.1295566612125865,1294.8,1163.9,1.5321637426900585,0.0049762364389652,0.001071094403889,0.000427625920708
1993-04-26,1783.774319066148,1790.6614785992217,1763.1128404669262,1770.0,13900.0,1770.0,1768.5799999999997,1789.94,1777.1319999999998,1434.5266666666669,1212.1590000000003,False,False,False,False,False,False,True,True,False,True,False,0.0933898305084745,0.0738983050847457,,,-0.0040293785310733,0.1895329566854989,0.1478531073446328,0.1672881355932202,0.0052495829053951,0.1423623138205749,1308.5,1122.6,0.2652671755725191,0.0031016266658864,-0.0018746097730787,0.0001657097434055
1993-04-27,1783.73893129771,1825.0610687022904,1749.303816793893,1804.4,55500.0,1804.4,1771.3399999999997,1784.4300000000003,1785.1199999999997,1442.6066666666666,1215.3960000000002,False,False,False,True,True,False,True,True,False,False,False,0.0648969186433162,0.0420084238528044,,,0.0106849922411884,0.200506170102712,0.1183218798492573,0.1526823320771447,0.0056009723140054,0.1532253997074693,1377.4,1170.8,3.992805755395684,0.0044747692031907,0.0013731425373042,0.0003513894086103
1993-04-28,1900.78202247191,1900.78202247191,1831.913108614232,1838.8,152900.0,1838.8,1780.98,1783.7400000000002,1796.412,1451.2373333333337,1218.8735,False,False,False,False,False,False,True,True,False,False,False,0.0449749836850119,0.011257341744616,,,0.0230519904285403,0.2107693423247043,0.0786926256254079,0.1236132260169675,0.005947109041664,0.1594627019632906,1391.2,1143.3,2.754954954954955,0.0062858631538869,0.0018110939506962,0.0003461367276586
1993-04-30,1887.067595818816,1976.6,1873.293379790941,1976.6,222300.0,1976.6,1829.2,1800.9599999999998,1810.464,1461.9813333333336,1223.04,False,False,False,False,False,False,True,True,False,False,True,-0.0592431447940908,-0.0452797733481736,,,0.0840514013963371,0.2603554925967147,0.0208944652433472,0.0452797733481736,0.0073489310397031,0.1541122512437813,1377.4,1150.1,1.4538914323086984,0.0077615462113579,0.0014756830574709,0.001401821998039
1993-05-06,1976.636170212766,1983.5234042553195,1928.4255319148936,1942.2,76800.0,1942.2,1866.4,1817.49,1818.456,1472.174666666667,1226.966,False,False,False,False,False,False,True,True,False,True,False,-0.0177633611368551,-0.0248687055915971,,,0.0637133147976522,0.2420066591150927,0.0212645453609308,0.0566882916280507,0.0069239972430807,0.1481603750226958,1363.6,1150.1,0.3454790823211875,0.0043949372434636,-0.0033666089678942,-0.0004249337966223
1993-05-07,1955.9615658362989,1962.8487544483985,1928.4128113879003,1935.3,83200.0,1935.3,1899.46,1834.02,1825.3440000000005,1482.1840000000002,1230.823,False,False,False,False,False,False,True,True,False,True,False,-0.0178266935358859,-0.0320363767891283,,,0.056815997519764,0.2341321758900427,0.031984705213662,0.0498113987495479,0.0067530976810795,0.1396931331174143,1356.8,1150.1,1.0833333333333333,0.0037735352897868,-0.0006214019536768,-0.0001708995620012
1993-05-10,1949.048387096774,1949.048387096774,1914.6129032258063,1921.5,45300.0,1921.5,1922.88,1847.11,1830.58,1492.5600000000002,1234.6455,False,False,False,False,False,False,True,True,False,True,False,-0.021493624772313,-0.021493624772313,,,0.0473172001040853,0.2232318501170959,0.014311735623211,0.0609419724173822,0.0069518143324221,0.1267710098478163,1363.6,1163.9,0.5444711538461539,0.0028602956440032,-0.0009132396457835,0.0001987166513425
1993-05-11,1928.3870967741937,1949.048387096774,1900.8387096774195,1921.5,47700.0,1921.5,1939.42,1860.2,1838.568,1502.5693333333336,1238.5365,False,False,False,False,False,False,True,True,False,False,False,-0.0322664584959666,-0.0071818891491022,,,0.043160031225605,0.2180227253014137,-0.0035909445745511,0.0932084309133489,0.0066614785163547,0.1155144608106654,1377.4,1150.1,1.0529801324503312,0.0043446856466554,0.0014843900026522,-0.0002903358160674
1993-05-12,1921.483333333333,1928.3703703703704,1859.5,1859.5,61000.0,1859.5,1916.0,1872.6,1839.668,1511.844,1242.2555,False,False,False,False,False,False,True,True,False,True,False,0.0148426996504436,0.0518418929819845,,,0.0106652325894058,0.1869620865824146,0.011132024737833,0.1296585103522451,0.006134671743028,0.1055537754993059,1446.3,1157.0,1.278825995807128,0.0005979339750432,-0.0037467516716121,-0.0005268067733266
1993-05-13,1887.038989169675,1928.3610108303249,1859.490974729241,1907.7,74400.0,1907.7,1909.1,1887.75,1842.972,1522.1280000000002,1246.25,False,False,False,False,False,False,True,True,True,False,False,-0.0072338417990249,0.0505320543062325,,,0.0339298631860355,0.2021135398647585,-0.0144152644545785,0.075798081459349,0.0067563306108291,0.0941226327638722,1487.6,1163.9,1.219672131147541,0.0017927564824642,0.0011948225074209,0.000621658867801
1993-05-14,1935.234782608696,1935.234782608696,1887.0260869565216,1900.8,96200.0,1900.8,1902.2,1900.83,1847.104,1532.504,1250.279,False,False,False,False,False,False,True,True,False,False,False,-0.0144675925925925,0.0688657407407408,,,0.0282491582491582,0.1937584175084175,-0.0615530303030303,0.0978535353535354,0.0067706185432467,0.0876827491148603,1577.1,1136.4,1.293010752688172,0.0022370153494335,0.0004442588669692,1.4287932417586698e-05
1993-05-17,1914.6358974358973,1928.4102564102568,1873.3128205128207,1880.2000000000005,32700.0,1880.2,1893.94,1908.4100000000003,1850.412,1542.054666666667,1254.5145000000002,False,False,False,False,False,False,True,True,False,True,False,0.0,0.0439314966492923,,,0.0158429954260187,0.1798454065170373,-0.0512711413679398,0.1465269652164659,0.0061934682817126,0.0873344826321388,1542.7,1143.3,0.3399168399168399,0.0017877099802638,-0.0004493053691696,-0.000577150261534
1993-05-18,1900.8222222222223,1900.8222222222223,1852.612962962963,1859.5,31800.0,1859.5,1881.54,1910.48,1850.688,1551.7879999999998,1258.7155000000002,False,False,False,False,False,False,True,True,False,True,False,0.0259209464909922,0.0481312180693734,,,0.004738908308685,0.1654810432912074,-0.029631621403603,0.1703683785963969,0.0062723344511833,0.0919245425233448,1577.1,1150.1,0.9724770642201837,0.0001491337275651,-0.0016385762526987,7.886616947068523e-05
1993-05-19,1818.2277372262768,1893.987226277372,1818.2277372262768,1887.1,30700.0,1887.1,1887.06,1901.53,1849.588,1561.6146666666668,1263.158,False,False,False,False,False,False,False,True,False,True,False,0.0364580573366543,0.0291982406867681,,,0.0198781198664617,0.1724791125713174,-0.032854644692915,0.1569074240898733,0.0062926321559482,0.1032221421697267,1563.4,1184.6,0.9654088050314464,-0.0005947270419142,-0.0007438607694794,2.0297704764893e-05
1993-05-20,1852.5785454545453,1900.7869090909087,1852.5785454545453,1893.9,31100.0,1893.9,1884.3,1896.7,1850.688,1571.348,1267.6000000000004,False,False,False,False,False,False,True,True,False,False,False,0.0581868102856538,0.0764031891863349,,,0.02281641058134,0.1703109984687682,-0.014520302022282,0.1454670257141348,0.0061942569903885,0.1122054093952654,1535.8,1212.1,1.013029315960912,0.0005943735518899,0.0011891005938042,-9.837516555965056e-05
1993-05-21,1900.8485294117647,1907.7356617647056,1866.4128676470589,1873.3,30900.0,1873.3,1878.8,1890.5,1852.068,1581.3573333333334,1271.6635,False,False,False,False,False,False,True,True,False,False,False,0.0845566647093365,0.0845566647093365,,,0.0113340095019484,0.1558440541646648,-0.0073666791224042,0.1507500133454331,0.0063295835307727,0.1224120603015075,1632.2,1205.2,0.9935691318327974,0.000745113030407,0.000150739478517,0.0001353265403841
1993-05-24,1900.8615384615389,1900.8615384615389,1873.3128205128207,1880.2000000000005,26400.0,1880.2,1878.8,1886.37,1852.896,1590.8159999999998,1276.0715000000002,False,False,False,False,False,False,True,True,False,True,False,0.0439314966492923,0.0732368896925856,,,0.0145218593766623,0.153911286033401,-0.0110094670779706,0.1465269652164659,0.005945795533026,0.1310771481734761,1604.6999999999998,1177.7,0.8543689320388349,0.0004468680379254,-0.0002982449924815,-0.0003837879977466
1993-05-25,1887.038989169675,1928.3610108303249,1859.490974729241,1907.7,48200.0,1907.7,1888.44,1884.99,1855.376,1601.0079999999998,1280.7890000000002,False,False,False,False,False,False,True,True,True,False,False,0.0216491062536037,0.0397337107511663,,,0.0274277926298684,0.1607653194946795,-0.0613828170047703,0.1371808984641191,0.0063659894266612,0.1355550957830016,1556.5000000000002,1294.8,1.825757575757576,0.0013366562896146,0.0008897882516891,0.0004201938936351
1993-05-26,1928.3521126760563,1969.673943661972,1928.3521126760563,1955.9000000000003,94700.0,1955.9,1902.2,1894.6300000000003,1861.436,1611.7519999999995,1285.7475000000004,False,False,False,False,False,False,True,True,False,False,True,-0.0070044480801678,0.0316989621146274,,,0.0482969476967127,0.1759537808681429,-0.0668745845902144,0.1021524617822994,0.0066660379512478,0.1326855375455891,1625.2999999999995,1294.8,1.964730290456432,0.0032555510906633,0.0019188948010486,0.0003000485245866
1993-05-27,1942.117525773196,2031.647766323024,1942.117525773196,2004.1,103100.0,2004.1,1924.24,1904.27,1870.524,1623.1386666666665,1290.947,False,False,False,False,False,False,True,True,False,False,False,0.0172147098448181,-0.0102789281971957,,,0.0666513647023601,0.1900909801573441,-0.1065316101990919,0.061873160021955,0.0070152149662302,0.1309320632053227,1742.4,1294.8,1.08870116156283,0.0048585316200166,0.0016029805293533,0.0003491770149823
1993-05-28,2031.7,2052.3613559322034,2004.1515254237288,2031.7,193600.0,2031.7,1955.9200000000003,1917.36,1880.992,1634.8933333333332,1296.3190000000002,False,False,False,False,False,False,True,True,False,False,False,0.0,-0.0169808534724614,,,0.0741782743515283,0.1953077061902184,-0.1084805827632032,0.0440517792981246,0.0071898676366246,0.1250052155046522,1763.1,1308.5,1.877788554801164,0.0055651486024396,0.0007066169824229,0.0001746526703943
1993-05-31,2024.7831578947369,2031.6701754385963,1955.9129824561403,1962.8,38000.0,1962.8,1972.44,1925.62,1887.88,1645.5453333333332,1301.5185,False,False,False,False,False,False,True,True,False,True,False,0.0280721418381904,-0.0070307723660077,,,0.0381699612798042,0.1616337205352897,-0.087731811697575,0.0561442836763807,0.0064732339998331,0.1158847540013084,1790.5999999999997,1377.4,0.1962809917355372,0.0036485369832829,-0.0019166116191566,-0.0007166336367915
1993-06-01,1928.339222614841,1955.886925795053,1907.678445229682,1949.0,54900.0,1949.0,1980.7,1934.57,1894.216,1656.1973333333333,1306.6145000000004,False,False,False,False,False,False,True,True,False,True,False,0.0177013853258081,-0.0176500769625449,,,0.028108773730118,0.1502322558577048,-0.0812724474089278,0.0459722934838378,0.0064316007432286,0.1036044185529598,1721.8,1391.2,1.444736842105263,0.0033449194811994,-0.0003036175020834,-4.163325660441926e-05
1993-06-02,1921.5382978723403,1983.5234042553195,1921.5382978723403,1942.2,31500.0,1942.2,1977.9600000000005,1940.08,1902.484,1666.6666666666663,1311.8490000000002,False,False,False,False,False,False,True,True,False,False,False,0.0389764184944908,-0.0319225620430437,,,0.0204489753887344,0.14186661174613,-0.049685923179899,0.0425290907218617,0.0062815999999998,0.0923054719393014,1832.0,1377.4,0.5737704918032787,0.0043458972585314,0.0010009777773319,-0.0001500007432288
1993-06-03,1983.5027027027024,2045.487162162162,1962.841216216216,2038.6,144700.0,2038.6,1984.86,1954.55,1913.78,1678.3293333333334,1317.9095000000004,False,False,False,False,False,False,True,True,False,False,False,-0.0270283527911311,-0.0777003826155201,,,0.0612282939272049,0.1767245495274534,-0.0777003826155201,0.0,0.0069489738605139,0.0775267964493103,1825.1,1363.6,4.593650793650793,0.0059024548276186,0.0015565575690871,0.0006673738605141
1993-06-04,2045.474237288136,2052.3613559322034,1997.2644067796607,2031.7,84800.0,2031.7,1984.86,1970.39,1924.248,1690.2666666666664,1324.1770000000004,False,False,False,False,False,False,True,True,False,True,False,-0.0169808534724614,-0.1220160456760348,,,0.0528877294876212,0.168053026201375,-0.0508441206871092,-0.0339124870797854,0.0070623964660407,0.0590745994447798,1797.5,1356.8,0.5860400829302004,0.0054400472288395,-0.0004624075987791,0.0001134226055268
1993-06-07,2004.125938566553,2024.787030716724,1990.351877133106,2017.9,30800.0,2017.9,1995.88,1984.1600000000003,1932.788,1701.928,1330.3065000000006,False,False,False,False,False,False,True,True,False,True,False,-0.034144407552406,-0.1160116953268249,,,0.0421785024034888,0.1565845681153674,-0.0375142474850091,-0.0102581892066009,0.0068518370538199,0.0437363922264332,1797.5,1363.6,0.3632075471698113,0.0044184876975643,-0.0010215595312752,-0.0002105594122207
1993-06-08,2017.9357638888887,2017.9357638888887,1983.5,1983.5,25100.0,1983.5,2002.78,1991.74,1938.576,1713.04,1336.2295000000006,False,False,False,False,False,False,True,True,False,True,False,-0.0347365767582556,-0.0902949331988908,,,0.0226488530375598,0.1363549281572977,-0.0312578774892866,-0.0277791782203175,0.0064867136786063,0.0276642533664032,1852.6,1377.4,0.814935064935065,0.0029856967175906,-0.0014327909799736,-0.0003651233752135
1993-06-10,1983.4648464163824,2017.9,1983.4648464163824,2017.9,22600.0,2017.9,2017.92,1997.94,1940.228,1724.150666666667,1342.3245000000006,False,False,False,False,False,False,True,True,False,True,False,-0.0682392586352146,-0.0955448733832202,,,0.0384915010654641,0.1455717990650345,-0.0375142474850091,-0.0238862183458048,0.0064441390659595,0.0151656205892068,1914.6,1446.3,0.900398406374502,0.0008514463248649,-0.0021342503927257,-4.2574612646783215e-05
1993-06-11,2011.048611111111,2011.048611111111,1962.8385416666663,1983.5,27300.0,1983.5,2006.9,1995.88,1941.88,1734.436,1348.2820000000006,False,False,False,False,False,False,True,True,False,True,False,-0.0520796571716659,-0.0590370557096041,,,0.0209831106629694,0.1255679354676078,-0.0208217796823796,-0.003478699268969,0.0059300737146444,0.0086227628915565,1866.4,1487.6,1.2079646017699115,0.0008507219807609,-7.243441040007343e-07,-0.0005140653513151
1993-06-14,1962.76551724138,2010.973793103448,1962.76551724138,1997.2,28800.0,1997.2,2000.0,1992.43,1944.356,1744.996,1354.6525000000008,False,False,False,False,False,False,True,True,False,False,False,-0.1068495894251953,-0.0689465251351892,,,0.0264590426597236,0.1262787903064289,-0.037903064290006,0.0448628079311036,0.0060515898030712,0.0086427126674462,1838.8,1577.1,1.054945054945055,0.001273429351415,0.000422707370654,0.0001215160884268
1993-06-15,1962.773851590106,1990.321554770318,1928.339222614841,1949.0,24100.0,1949.0,1986.22,1991.05,1945.456,1755.2799999999995,1360.678500000001,False,False,False,False,False,False,True,True,False,True,False,-0.084761416110826,-0.0459209851205746,,,0.0018183683940482,0.0993945613134943,-0.0176500769625449,0.0707029245767061,0.0058588943074605,0.0100349062052685,1859.5,1542.7,0.8368055555555556,0.0005654201380035,-0.0007080092134114,-0.0001926954956106
1993-06-16,1935.2611510791369,1935.2611510791369,1893.938848920864,1914.6,41600.0,1914.6,1972.44,1987.61,1945.18,1763.5439999999994,1366.2225000000003,False,False,False,False,False,False,False,True,False,True,False,-0.0575577144050975,-0.0647654862634494,,,-0.0159720045962603,0.0788968975242873,-0.0251749712733729,0.0899404575368224,0.0046860186079847,0.0142080186756959,1845.7,1577.1,1.7261410788381744,-0.000141889182492,-0.0007073093204956,-0.0011728756994758
1993-06-17,1900.8615384615389,1900.8615384615389,1825.102564102564,1880.2000000000005,33700.0,1880.2,1944.9,1981.4100000000003,1946.008,1771.349333333333,1371.3535000000006,False,False,False,False,False,False,True,True,False,False,False,-0.0293053930432935,-0.0293053930432935,,,-0.0350005318583126,0.0578931319363192,-0.0220189341559411,0.1098819274545259,0.0044064336641296,0.0205106464588346,1804.4,1563.4,0.8100961538461539,0.0004254864317104,0.0005673756142024,-0.000279584943855
1993-06-18,1859.5384615384617,1900.8615384615389,1852.651282051282,1880.2000000000005,15000.0,1880.2,1924.24,1965.57,1944.908,1779.1546666666668,1375.6235000000006,False,False,False,False,False,False,False,True,False,True,False,-0.0073396447186471,-0.047654504839911,,,-0.0344154877140726,0.0537418005176756,-0.02563557068397,0.1281778534198485,0.0043871021893545,0.0329370106381355,1776.9,1535.8,0.4451038575667655,-0.0005655794515731,-0.0009910658832835,-1.933147477514892e-05
1993-06-22,1742.4764478764478,1818.2362934362927,1742.4764478764478,1783.8,41000.0,1783.8,1881.56,1940.78,1940.228,1785.4919999999995,1379.4460000000006,False,False,False,False,False,False,False,True,False,True,False,0.0424374929924879,0.0154165265164256,,,-0.0876936876331428,-0.000948536831483,0.0694584594685503,0.1930149119856486,0.0035493484895662,0.0546481311637588,1770.0,1632.2,2.7333333333333334,-0.0024120876515542,-0.0018465081999811,-0.0008377536997882
1993-06-23,1790.6872586872587,1804.461776061776,1770.0254826254827,1783.8,30900.0,1783.8,1848.52,1917.37,1936.372,1790.9106666666662,1383.2685000000006,False,False,False,False,False,False,False,True,False,False,False,0.0424374929924879,0.0038120865567887,,,-0.0855320103150578,-0.0039862465896772,0.0771947527749748,0.2161677318084988,0.0030256487760789,0.0765058387270065,1790.5999999999997,1604.6999999999998,0.7536585365853659,-0.0019913529011987,0.0004207347503555,-0.0005236997134873
1993-06-24,1790.6259541984732,1859.496183206107,1790.6259541984732,1804.4,23000.0,1804.4,1826.48,1899.4600000000005,1934.168,1796.4199999999992,1386.7810000000006,False,False,False,False,False,False,False,True,False,False,False,-0.007647971624917,-0.007647971624917,,,-0.0719175349146529,0.004422522722235,0.0687209044557747,0.1793948126801151,0.0030668403454275,0.0971697219209668,1790.5999999999997,1556.5000000000002,0.7443365695792881,-0.0011395080468708,0.0008518448543278,4.119156934862456e-05
1993-06-25,1852.6486792452831,1880.197358490566,1818.2128301886792,1825.1,34800.0,1825.1,1815.4600000000005,1880.18,1931.688,1802.389333333333,1389.9145000000003,False,False,False,False,False,False,False,True,False,True,False,0.0,0.0112870527642321,,,-0.0584011834967948,0.0124435190765803,0.0867897649443866,0.1584570708454332,0.0033119000556301,0.1161112233935047,1735.5,1625.2999999999995,1.5130434782608695,-0.0012838512223504,-0.0001443431754796,0.0002450597102026
1993-06-28,1838.8516605166053,1893.9483394833949,1838.8516605166053,1866.4,12300.0,1866.4,1812.7,1868.47,1930.588,1809.0933333333328,1393.3235000000004,False,False,False,False,False,False,False,True,False,False,False,-0.0406129447063868,0.0073939134162025,,,-0.0343913416202313,0.0307043863409061,0.0479532790398629,0.1217852550364336,0.003705723677422,0.1293732305041021,1756.2,1742.4,0.3534482758620689,-0.0005697745971694,0.000714076625181,0.0003938236217918
1993-06-29,1893.9351851851848,1893.9351851851848,1845.7259259259256,1859.5,18900.0,1859.5,1827.84,1854.7,1930.0360000000005,1815.796,1396.6635000000003,False,False,False,False,False,False,False,True,False,False,False,-0.0259209464909922,0.037052971228825,,,-0.037932777628395,0.0235030922290938,0.029631621403603,0.1518687819306265,0.0036913104041793,0.1407289588612713,1770.0,1763.1,1.5365853658536586,-0.0002860050278852,0.0002837695692842,-1.441327324270148e-05
1993-06-30,1838.838888888889,1859.5,1825.0648148148148,1859.5,17000.0,1859.5,1842.98,1845.75,1929.208,1822.408,1400.4515000000006,False,False,False,False,False,False,False,True,False,True,False,-0.0370529712288251,0.0444743210540468,,,-0.0374874966388814,0.0199472976606615,0.0481312180693734,0.1518687819306265,0.0036281666893472,0.1492455641338211,1804.4,1790.5999999999997,0.8994708994708994,-0.000429191668291,-0.0001431866404058,-6.314371483215429e-05
1993-07-01,1838.8084615384607,1859.4692307692303,1769.9392307692306,1790.5999999999997,39200.0,1790.6,1840.22,1833.35,1924.5240000000003,1827.917333333333,1403.8950000000002,False,False,False,False,False,False,False,True,False,True,False,0.0,0.0731039874902269,,,-0.0747928068803756,-0.0208406865482706,0.096168881939015,0.1884843069362226,0.0030139947977223,0.1592712793520061,1838.8,1721.8,2.3058823529411763,-0.0024338485776221,-0.0020046569093311,-0.0006141718916248
1993-07-02,1811.3256603773584,1880.197358490566,1811.3256603773584,1825.1,24200.0,1825.1,1840.22,1827.84,1919.292,1832.968,1407.1665000000005,False,False,False,False,False,False,False,True,False,True,False,0.0112870527642321,0.0641608678976495,,,-0.0516092268916771,-0.0043109966577174,0.0754479206618815,0.1282669442770258,0.0027554581785753,0.1612559086134455,1976.6,1832.0,0.6173469387755102,-0.002726005214423,-0.0002921566368008,-0.0002585366191469
1993-07-05,1825.034615384615,1825.034615384615,1790.5999999999997,1790.5999999999997,22400.0,1790.6,1825.06,1818.88,1910.752,1837.008,1410.3345000000004,False,False,False,False,False,False,False,True,False,True,False,0.050039093041439,0.0846643583156486,,,-0.0671015302133364,-0.0259175695297667,0.1000223388808225,0.1385010610968392,0.0021992283103829,0.1624351249120336,1942.2,1825.1,0.9256198347107438,-0.0044694444909647,-0.0017434392765417,-0.0005562298681924
1993-07-06,1804.412927756654,1852.622433460076,1790.638783269962,1811.3,12000.0,1811.3,1815.42,1821.63,1901.936,1840.1306666666665,1413.7435000000005,False,False,False,False,False,False,False,True,False,True,False,0.0646496991111357,0.0608402804615469,,,-0.0500391983658145,-0.0159171129391412,0.1026334676751505,0.1406724452051012,0.0016969809390346,0.1572767246916223,1935.3,1797.5,0.5357142857142857,-0.0046352768968041,-0.0001658324058393,-0.0005022473713483
1993-07-07,1797.486923076923,1811.260769230769,1783.7130769230766,1790.5999999999997,44000.0,1790.6,1801.64,1822.31,1895.048,1843.436,1417.0145000000002,False,False,False,False,False,False,False,True,False,False,False,0.0846643583156486,0.0692505305484196,,,-0.0583312856025915,-0.0295074276778734,0.1884843069362226,0.1385010610968392,0.0017930285257169,0.1496671806662973,1921.5,1797.5,3.6666666666666665,-0.0036347364288397,0.0010005404679643,9.604758668227344e-05
1993-07-08,1811.260769230769,1811.260769230769,1783.7130769230766,1790.5999999999997,21000.0,1790.6,1801.64,1820.93,1888.712,1846.2826666666665,1420.0445000000002,False,False,False,False,False,False,False,True,False,False,False,0.0731039874902269,0.0423321791578244,,,-0.0547928068803754,-0.0310972113630441,0.2076957444432036,0.1269406902714176,0.0015418368584947,0.1444866084912655,1921.5,1852.6,0.4772727272727273,-0.0033546670958833,0.0002800693329564,-0.0002511916672221
1993-07-09,1790.6044776119402,1859.4738805970148,1783.7175373134328,1845.7,17400.0,1845.7,1805.76,1822.99,1884.852,1850.0466666666664,1423.4190000000003,False,False,False,False,False,False,False,True,False,False,False,0.0522836864062415,-0.0037384190280111,,,-0.0212125480847375,-0.0023550233876937,0.1642195373029203,0.0709216015603835,0.0020345432727822,0.1356398005474523,1859.5,1914.6,0.8285714285714286,-0.0020479061485994,0.0013067609472839,0.0004927064142875
1993-07-12,1838.8769230769235,1887.08717948718,1838.8769230769235,1880.2000000000005,20400.0,1880.2,1823.68,1824.37,1878.516,1854.638666666667,1426.8970000000002,False,False,False,False,True,False,False,True,False,True,False,0.0329752154026164,-0.02563557068397,,,0.0008956493990003,0.0135950076233025,0.1172215721731727,0.0256355706839695,0.0024759539863652,0.1257201116001689,1907.7,1866.4,1.1724137931034482,-0.0033728751844541,-0.0013249690358547,0.000441410713583
1993-07-13,1880.19,1928.4,1866.4157142857143,1928.4,61800.0,1928.4,1847.1,1831.26,1874.384,1858.588,1430.6850000000004,False,False,False,False,False,False,False,True,False,False,True,-0.0035780958307405,-0.0107342874922215,,,0.0280107861439535,0.0362020327732836,0.0714063472308648,0.0071561916614809,0.0021249105952115,0.1105796009305068,1900.8,1838.8,3.0294117647058822,-0.0022044575711274,0.0011684176133267,-0.0003510433911537
1993-07-14,1928.4255319148936,1962.86170212766,1914.6510638297875,1942.2,66000.0,1942.2,1877.42,1839.53,1871.356,1863.0880000000004,1434.5420000000004,False,False,False,False,False,False,False,True,False,False,False,-0.0142106889094841,-0.010658016682113,,,0.0364761610544743,0.0407331891669239,0.0708989805375347,-0.007105344454742,0.0024153448468351,0.0939805276347764,1880.2000000000005,1859.5,1.0679611650485437,-0.0016180780140176,0.0005863795571097,0.0002904342516236
1993-07-15,1935.274193548387,1949.048387096774,1914.6129032258063,1921.5,34300.0,1921.5,1903.6,1852.62,1868.8759999999995,1867.9546666666672,1438.4675000000002,False,False,False,False,False,False,False,True,False,False,False,-0.0286755139214155,0.0035909445745511,,,0.0273869372885768,0.0278664238008497,0.0752537080405932,0.0107728337236534,0.0026053451689763,0.0762163854433181,1859.5,1845.7,0.5196969696969697,-0.0013270008283056,0.000291077185712,0.0001900003221411
1993-07-16,1921.5382978723403,1949.0872340425533,1914.6510638297875,1942.2,30200.0,1942.2,1922.9,1864.33,1865.8479999999995,1872.1800000000003,1442.5655000000004,False,False,True,False,False,False,False,True,False,True,False,-0.0532385954072701,0.0212645453609308,,,0.0393121202759759,0.0360518999073214,0.0637936360827926,-0.010658016682113,0.0022569054969784,0.062070556178359,1887.1,1804.4,0.880466472303207,-0.0016228545948008,-0.0002958537664952,-0.0003484396719978
1993-07-19,1949.0872340425533,1949.0872340425533,1914.6510638297875,1942.2,16900.0,1942.2,1935.3,1879.49,1864.1959999999992,1874.8440000000007,1446.5945000000004,False,False,False,False,False,False,False,True,False,False,False,-0.0567397796313459,0.0070538564514469,,,0.0401627020904133,0.0346802594995362,0.0566882916280507,-0.042580578725157,0.0014209182203961,0.0439746952630767,1893.9,1776.9,0.5596026490066225,-0.0008861729131487,0.0007366816816521,-0.0008359872765822
1993-07-20,1928.3870967741937,1928.3870967741937,1893.9516129032256,1921.5,10000.0,1921.5,1933.92,1890.51,1861.1679999999992,1876.9560000000008,1450.2790000000002,False,False,False,False,False,False,False,True,False,True,False,-0.0071818891491022,-0.0035909445745511,,,0.0313983866770756,0.0231818891491018,0.0573510278428311,-0.021493624772313,0.0011252261640656,0.0280559214180302,1873.3,1770.0,0.591715976331361,-0.0016269353438271,-0.0007407624306783,-0.0002956920563304
1993-07-21,1914.6,1914.6,1880.164748201439,1914.6,16000.0,1914.6,1928.4,1902.91,1859.7919999999992,1878.6093333333336,1453.8945,False,False,False,False,False,False,False,True,False,False,False,0.0036038859291758,0.0179671994150214,,,0.0286263449284449,0.0187980082871964,0.0647654862634492,-0.0359866290609003,0.0008800836363349,0.0112196583127945,1880.2000000000005,1790.5999999999997,1.6,-0.0007398676841281,0.000887067659699,-0.0002451425277307
1993-07-22,1921.4966789667897,1921.4966789667897,1866.4,1866.4,12800.0,1866.4,1917.38,1910.49,1857.864,1880.537333333334,1457.4760000000006,False,False,False,False,False,False,False,True,False,True,False,0.0332190312901843,0.0516502357479639,,,0.0045735105015004,-0.0075746535219319,0.1254822117445348,-0.0221281611658809,0.0010252388856236,-0.0028840768598631,1907.7,1790.5999999999997,0.8,-0.0010377508795044,-0.0002978831953763,0.0001451552492887
1993-07-23,1866.3475655430711,1866.3475655430711,1825.0262172284645,1838.8,25400.0,1838.8,1896.7,1909.8,1856.208,1880.628,1460.8160000000005,False,False,False,False,False,True,False,True,False,False,False,0.0786926256254079,0.0674352838807918,,,-0.009467043724168,-0.0227474439852077,0.1423754622579943,0.0,4.821084588022645e-05,-0.0097392397109644,1955.9000000000003,1735.5,1.984375,-0.0008921413979465,0.0001456094815579,-0.0009770280397434
1993-07-26,1797.563909774436,1838.8872180451128,1797.563909774436,1832.0,5000.0,1832.0,1874.66,1904.98,1854.28,1880.72,1464.2940000000006,False,False,False,False,False,False,False,True,False,True,False,0.0676310043668124,0.0751637554585155,,,-0.0121615720524017,-0.0265938864628821,0.1202510917030568,0.0263100436681225,4.891743587567433e-05,-0.0097638820355067,2004.1,1756.2,0.1968503937007874,-0.0010397566710529,-0.0001476152731064,7.065899954478792e-07
1993-07-27,1859.490974729241,1914.587003610108,1852.6039711191336,1907.7,20700.0,1907.7,1871.9,1902.91,1859.236,1882.189333333333,1468.0475000000008,False,False,False,False,False,False,True,True,True,False,False,0.0036169208995124,0.0469151334067201,,,0.0254044136918802,0.0133724729604586,0.0938826859569115,-0.0396812916076951,0.0007806511849319,-0.0144778260663931,2031.7,1770.0,4.14,0.0026656110359309,0.0037053677069839,0.0007317337490563
1993-07-28,1907.725806451613,1928.3870967741937,1873.290322580645,1921.5,40400.0,1921.5,1873.28,1900.84,1864.744,1883.8426666666664,1471.9730000000009,False,False,False,False,False,False,True,True,False,False,False,0.014311735623211,0.1075201665365599,,,0.0295373406193078,0.0195978835978837,0.1218839448347644,-0.0465781941191777,0.000877638755395,-0.0184760421708296,1962.8,1804.4,1.9516908212560389,0.0029537566550689,0.0002881456191379,9.698757046306924e-05
1993-07-29,1893.9642857142856,1942.1742857142856,1893.9642857142856,1928.4,44500.0,1928.4,1885.68,1901.53,1869.704,1884.8533333333328,1476.0710000000008,False,False,False,False,False,False,True,True,False,True,False,0.0178386226923874,0.1213959759386019,,,0.0304376685334993,0.0225817603540071,0.128552167600083,-0.049989628707737,0.0005362044084772,-0.0246275367730195,1949.0,1838.8,1.1014851485148516,0.0026528263297292,-0.0003009303253396,-0.0003414343469178
1993-07-30,1935.289930555556,1983.5,1935.289930555556,1983.5,57300.0,1983.5,1914.62,1905.66,1876.04,1885.772,1480.444500000001,False,False,False,False,False,False,True,True,False,False,True,-0.010436097806907,0.0833375346609529,,,0.0541769599193345,0.0492704814721452,0.1006806150743634,-0.0729518527854802,0.0004871568072212,-0.0310810952635832,1942.2,1976.6,1.2876404494382023,0.0033773267094518,0.0007245003797226,-4.904760125602498e-05
1993-08-02,1983.447887323944,1983.447887323944,1949.0130281690144,1955.9000000000003,24500.0,1955.9,1939.4,1907.03,1879.6200000000003,1886.965333333333,1484.542000000001,False,False,False,False,False,False,True,True,False,True,False,0.0070555754384171,0.0739812873868804,,,0.0389999488726417,0.0352444739846961,0.1091569098624672,-0.0422311979140039,0.0006324087211634,-0.0310535230174669,2038.6,1942.2,0.4275741710296684,0.0019046402996352,-0.0014726864098165,0.0001452519139422
1993-08-03,1955.9223021582727,1969.696402877698,1907.712949640288,1914.6,19900.0,1914.6,1940.78,1906.34,1881.8240000000003,1887.976,1488.536500000001,False,False,False,False,False,False,True,True,False,True,False,0.0431421706883945,0.0791287997492948,,,0.0171189804658934,0.0139057766635327,0.1259270865977227,-0.0395905149900762,0.0005353175393474,-0.0328745134655936,2031.7,1935.3,0.8122448979591836,0.0011712041083544,-0.0007334361912808,-9.709118181604334e-05
1993-08-04,1914.565371024735,1949.0,1914.565371024735,1949.0,12500.0,1949.0,1946.28,1909.78,1885.404,1889.169333333333,1492.668500000001,False,False,False,False,False,False,True,True,False,False,False,0.0918932786044124,0.0671626475115444,,,0.0326300667008722,0.0306981357961349,0.1060543868650589,-0.077732170343766,0.0006316709213288,-0.0371404036066981,2017.9,1921.5,0.628140703517588,0.0018987972869473,0.0007275931785929,9.635338198143962e-05
1993-08-05,1949.0259649122809,1962.8,1928.364912280702,1962.8,28400.0,1962.8,1953.16,1919.42,1892.292,1890.7306666666664,1497.007500000001,True,True,False,False,False,False,True,True,False,False,False,0.1017424088037497,0.0526288974933767,,,0.0359221520277155,0.0367176142925074,0.1052577949867537,-0.0736702669655593,0.0008257830482465,-0.0423357055777266,1983.5,1921.5,2.272,0.0036400301856161,0.0017412328986687,0.0001941121269177
1993-08-06,1955.9129824561403,1962.8,1949.0259649122809,1962.8,44500.0,1962.8,1949.02,1931.82,1897.8,1892.842666666666,1501.277500000001,False,False,False,False,False,False,True,True,False,True,False,0.0947625840635827,0.0526288974933767,,,0.0331159567964132,0.0356416004347533,0.0982779702465864,-0.0982270226207458,0.0011157821181825,-0.052044186311354,2017.9,1859.5,1.5669014084507042,0.0029023079355042,-0.0007377222501118,0.0002899990699359
1993-08-09,1962.8129370629367,1997.248251748252,1962.8129370629367,1969.7000000000005,59300.0,1969.7,1951.78,1945.59,1904.964,1895.4133333333327,1505.513000000001,False,False,False,False,False,False,True,True,False,False,False,0.0664568208356599,0.0419353200995073,,,0.0328659186678177,0.0377147112081369,0.0804183378179415,-0.2027719957353914,0.0013562565069363,-0.0746817160861231,1983.5,1907.7,1.332584269662921,0.0037607009896249,0.0008583930541207,0.0002404743887537
1993-08-10,1983.4262068965515,2017.8606896551723,1976.5393103448275,1997.2,58200.0,1997.2,1968.3000000000004,1954.54,1912.4,1898.4426666666664,1509.955000000001,False,False,False,False,False,False,True,True,False,False,False,0.0344982976166632,0.0172741838574003,,,0.0424594432205086,0.0494478937178718,0.0620869216903664,-0.2103444822751853,0.0015956938739962,-0.0919602566332743,1997.2,1900.8,0.981450252951096,0.0038883078853797,0.0001276068957547,0.0002394373670599
1993-08-11,1997.2459546925568,2128.1,1997.2459546925568,2128.1,302700.0,2128.1,2004.12,1975.2,1925.9,1902.9426666666664,1514.982500000001,False,False,False,False,False,False,True,True,False,False,False,-0.0226493115925002,-0.0420562943470701,,,0.095014332033269,0.1058020456432186,-0.0258916404304308,-0.1779991541750857,0.0023647585809206,-0.1056449979748885,1949.0,1880.2000000000005,5.201030927835052,0.0070097097460927,0.003121401860713,0.0007690647069243
1993-08-12,2162.5,2183.1608280254777,2141.8391719745223,2162.5,267500.0,2162.5,2044.06,1998.61,1940.776,1907.9013333333328,1520.2855000000009,False,False,False,False,False,False,True,True,False,False,False,-0.0445780346820809,-0.0286242774566474,,,0.1025313294797687,0.1177334874759152,-0.0572947976878613,-0.175121387283237,0.0025990163013322,-0.1185323800041029,1914.6,1859.5,0.8837132474397092,0.0076649752470145,0.0006552655009218,0.0002342577204116
1993-08-13,2162.57435897436,2190.123076923077,2141.912820512821,2148.8,271000.0,2148.8,2081.26,2015.14,1952.9000000000003,1913.412,1525.3475000000008,False,False,False,False,False,False,True,True,False,True,False,-0.0384865971705139,-0.0224311243484736,,,0.0911671630677586,0.1095439314966493,-0.0577066269545794,-0.1859177215189874,0.0028800209608107,-0.1302043530474311,1880.2000000000005,1887.1,1.0130841121495326,0.006208203185007,-0.0014567720620075,0.0002810046594784
1993-08-16,2135.0360655737704,2135.0360655737704,2079.9383606557376,2100.6,51300.0,2100.6,2107.44,2029.61,1961.716,1918.004,1530.3755000000008,False,False,False,False,False,False,True,True,False,True,False,-0.0229934304484431,-0.0229934304484431,,,0.066116347710178,0.0869256402932495,-0.0295153765590783,-0.2360754070265639,0.0023941555909163,-0.149639585930302,1880.2000000000005,1893.9,0.1892988929889298,0.0044940246192616,-0.0017141785657453,-0.0004858653698944
1993-08-17,2086.761,2100.535,2024.778,2066.1,35000.0,2066.1,2121.2200000000003,2044.76,1967.224,1921.952,1535.0585000000003,False,False,False,False,False,False,True,True,False,True,False,-0.0166497265379216,0.0100188761434588,,,0.0478563477082425,0.0697681622380329,-0.0499975799816078,-0.21000919606989,0.0020541616023709,-0.1660439366967273,1783.8,1873.3,0.682261208576998,0.0027998845073057,-0.0016941401119559,-0.0003399939885453
1993-08-18,2066.1258278145697,2093.6741721854305,2066.1258278145697,2079.9,29700.0,2079.9,2111.58,2057.85,1972.732,1925.6253333333327,1539.8795000000007,False,False,False,False,False,False,True,True,False,True,False,-0.0198567238809559,0.0364440598105676,,,0.0515255541131785,0.0741740788819978,-0.0397615269964902,-0.2218375883455935,0.0019076054254926,-0.1800471365745803,1783.8,1880.2000000000005,0.8485714285714285,0.0027920670420513,-7.817465254398616e-06,-0.0001465561768783
1993-08-19,2086.761,2086.761,2045.439,2066.1,25300.0,2066.1,2092.3,2068.1800000000003,1978.516,1928.656,1544.8380000000004,False,False,False,False,False,False,True,True,False,False,False,0.0166981269057644,0.0533372053627608,,,0.042390978171434,0.0665234015778519,-0.0666473065195294,-0.1999903199264313,0.0015713878818551,-0.1921351139649353,1804.4,1907.7,0.8518518518518519,0.0029234031971437,0.0001313361550924,-0.0003362175436374
1993-08-20,2052.326,2086.761,2052.326,2066.1,18900.0,2066.1,2075.76,2078.51,1983.472,1929.8493333333336,1549.5900000000006,False,False,False,False,False,False,True,True,False,True,False,0.0166981269057644,0.0566768307439136,,,0.0399922559411451,0.0659458238549278,-0.0466579546004546,-0.173321717245051,0.0006183556989251,-0.1991330327975329,1825.1,1955.9000000000003,0.7470355731225297,0.0024986488339638,-0.0004247543631799,-0.0009530321829299
1993-08-23,2059.186912751678,2059.186912751678,2024.7523489932887,2052.3,14000.0,2052.3,2066.1,2086.7699999999995,1987.876,1931.3173333333327,1554.4105000000004,False,False,False,False,False,False,True,True,False,True,False,0.0,0.0570579349997563,,,0.0313911221556303,0.0589497961636541,-0.0368854455976223,-0.1644009160454125,0.0007601029487295,-0.1953737115254673,1866.4,2004.1,0.7407407407407407,0.0022154299362736,-0.0002832188976901,0.0001417472498043
1993-08-24,2031.7,2059.248474576272,2017.9257627118643,2031.7,24500.0,2031.7,2059.2200000000003,2090.2200000000003,1992.284,1932.602666666667,1559.0940000000005,False,False,False,False,False,False,True,True,False,True,False,0.0271201456908008,0.0610326327705861,,,0.0194005020426243,0.0487755738215943,0.0271201456908008,-0.1559285327558202,0.0006650789401792,-0.190109175110754,1859.5,2031.7,1.75,0.0022125359637482,-2.893972525484096e-06,-9.502400855035255e-05
1993-08-25,2059.2614864864863,2059.2614864864863,2017.9385135135133,2038.6,18300.0,2038.6,2050.96,2081.27,1997.244,1934.164,1564.1215000000004,False,False,False,False,False,False,True,True,False,False,False,0.0574413813401353,0.0574413813401353,,,0.0202864711076228,0.0512292749926419,0.0236436770332582,-0.1858137937800451,0.0008072393723247,-0.190926693797537,1859.5,1962.8,0.746938775510204,0.0024834221557305,0.0002708861919822,0.0001421604321455
1993-08-26,2059.276721311476,2100.6,2038.615081967213,2100.6,22300.0,2100.6,2057.86,2075.08,2006.612,1936.5520000000008,1569.8035000000004,False,False,False,False,False,False,True,True,False,False,False,0.0360373226697135,0.0327525468913644,,,0.0447434066457201,0.0780957821574783,-0.0065695515566979,-0.1934685328001522,0.001233119482462,-0.1928311197640573,1790.5999999999997,1949.0,1.2185792349726776,0.004668565721724,0.0021851435659935,0.0004258801101373
1993-08-27,2093.712786885246,2100.6,2066.1639344262294,2100.6,44500.0,2100.6,2064.76,2070.26,2017.084,1939.766666666667,1575.4165000000005,False,False,False,False,False,False,True,True,False,False,False,0.0393220984480624,0.0262306007807292,,,0.0397581643339997,0.0765654257513723,-0.0065695515566979,-0.2000380843568503,0.0016572439984188,-0.1942799455140901,1825.1,1942.2,1.9955156950672648,0.0051916529009203,0.0005230871791962,0.0004241245159568
1993-08-30,2066.073825503356,2100.508389261745,2052.3,2052.3,58900.0,2052.3,2064.76,2065.43,2025.896,1941.6946666666668,1580.8570000000002,False,False,False,False,False,False,True,True,False,True,False,0.0570579349997563,0.0369341714174339,,,0.012865565463139,0.0538933554223716,0.0335720898504115,-0.2113726063441018,0.0009929470544972,-0.1917276305660322,1790.5999999999997,2038.6,1.3235955056179776,0.0043496803389709,-0.0008419725619493,-0.0006642969439216
1993-08-31,2093.6871287128715,2107.461386138614,2073.025742574257,2086.8,63300.0,2086.8,2075.78,2067.5,2033.06,1944.1746666666668,1586.47,False,False,False,False,False,False,True,True,False,True,False,0.0330170596128041,0.0164845696760588,,,0.0257523480927737,0.0683464315379209,0.0197910676634079,-0.2178455050795476,0.0012756055525875,-0.1925368802902056,1811.3,2031.7,1.0747028862478778,0.0035237523732698,-0.0008259279657011,0.0002826584980902
1993-09-01,2059.278913738019,2210.7977635782745,2059.278913738019,2155.7,169900.0,2155.7,2099.2,2075.0800000000004,2042.428,1947.848,1592.5995,False,False,False,False,False,False,True,True,False,False,False,0.0,-0.0383634086375654,,,0.0525453448995684,0.0964197244514542,0.0063552442362111,-0.249199795889966,0.0018858418795168,-0.1954864390770476,1790.5999999999997,2017.9,2.684044233807267,0.0045866977930189,0.0010629454197491,0.0006102363269293
1993-09-02,2169.4129746835447,2196.961075949368,2148.7518987341773,2176.3,176400.0,2176.3,2114.34,2086.1,2052.344,1952.072,1598.9009999999998,False,False,False,False,False,False,True,True,False,False,False,-0.0031705187703901,-0.0632725267656114,,,0.0569572209713734,0.1030317511372514,-0.0221476818453339,-0.268988650461793,0.00216385461192,-0.2027084032404964,1790.5999999999997,1983.5,1.0382577987051207,0.0048315487072342,0.0002448509142152,0.0002780127324031
1993-09-03,2196.9741324921133,2196.9741324921133,2155.651735015773,2183.2,103700.0,2183.2,2130.86,2097.8100000000004,2060.332,1956.02,1605.3404999999998,False,False,False,False,False,False,True,True,False,True,False,-0.0125961890802491,-0.0725540491022351,,,0.0562788567240747,0.1040582631000365,-0.031559179186515,-0.271299010626603,0.0020183842700995,-0.2127409059924399,1845.7,2017.9,0.5878684807256236,0.0038770450587574,-0.0009545036484767,-0.0001454703418204
1993-09-06,2176.286984126984,2183.1739682539683,2148.739047619048,2169.4,35400.0,2169.4,2154.28,2109.52,2068.872,1959.6933333333327,1611.814,False,False,False,False,False,False,True,True,False,False,False,-0.019037521895455,-0.0602931686180511,,,0.0463390799299346,0.0966657447527735,-0.0348944408592238,-0.2857011155158109,0.0018744429400517,-0.2249469073533315,1880.2000000000005,1983.5,0.3413693346190935,0.0041278532456333,0.0002508081868759,-0.0001439413300477
1993-09-07,2135.038338658147,2169.4744408945685,2135.038338658147,2155.7,37600.0,2155.7,2168.06,2121.92,2078.516,1963.4586666666669,1618.116,False,False,False,False,False,False,True,True,False,False,False,-0.0160040822006772,-0.0894836943916128,,,0.0358046110312194,0.0891781478560713,-0.0064016328802707,-0.255601428770237,0.0019177044046086,-0.2346695445634142,1928.4,1997.2,1.0621468926553672,0.0046398488152125,0.0005119955695791,4.3261464556903096e-05
1993-09-08,2141.925559105431,2155.7,2121.263897763578,2155.7,42400.0,2155.7,2168.06,2133.63,2086.784,1967.1320000000007,1624.4525000000003,False,False,False,False,False,False,True,True,False,True,False,-0.0383634086375654,-0.0735260008349955,,,0.031969197940344,0.0874741383309361,-0.0064016328802707,-0.2811615716472607,0.0018673547750399,-0.2440348139086909,1942.2,1949.0,1.127659574468085,0.0039620775317426,-0.0006777712834698,-5.034962956873318e-05
1993-09-09,2155.626031746032,2183.1739682539683,2155.626031746032,2169.4,29500.0,2169.4,2166.68,2140.51,2095.048,1970.6213333333333,1630.754,False,False,False,False,False,False,True,True,False,True,False,-0.0602931686180511,-0.1110906241357057,,,0.0342730708951785,0.091628407240097,-0.019037521895455,-0.2571217848252974,0.0017706767273398,-0.2503235210300349,1921.5,1914.6,0.6957547169811321,0.0039445396955103,-1.7537836232238598e-05,-9.66780477000878e-05
1993-09-10,2155.7,2176.361661341853,2141.925559105431,2155.7,35700.0,2155.7,2161.1800000000003,2146.02,2102.764,1973.285333333334,1636.7115000000003,False,False,False,False,False,False,True,True,False,True,False,-0.0607227350744537,-0.0862828779514771,,,0.0245562926195665,0.0846196904331149,-0.0447650415178364,-0.2332421023333487,0.0013500328386368,-0.2535297900299158,1942.2,1880.2000000000005,1.2101694915254235,0.003669456011231,-0.0002750836842793,-0.000420643888703
1993-09-13,2141.8741100323623,2155.6482200647247,2121.2129449838185,2128.1,44100.0,2128.1,2152.92,2153.6,2109.0999999999995,1974.938666666668,1642.4275000000002,False,False,False,False,False,False,True,True,False,True,False,-0.0420562943470701,-0.0711902636154316,,,0.0089281518725625,0.0719709286844285,-0.0420562943470701,-0.2006484657675861,0.0008371567994686,-0.2523216939078751,1942.2,1880.2000000000005,1.2352941176470589,0.0030041249822195,-0.0006653310290115,-0.0005128760391681
1993-09-14,2134.9740259740256,2148.7480519480514,2100.5389610389607,2121.2,27000.0,2121.2,2146.0199999999995,2157.04,2114.0599999999995,1976.1320000000007,1648.1090000000002,False,False,False,False,False,False,True,True,False,True,False,-0.0746747124269281,-0.0162172355270599,,,0.0033660192343957,0.0683895907976612,-0.0259758627192155,-0.1558551763152933,0.0006038732905155,-0.2461706783369803,1921.5,1783.8,0.6122448979591837,0.0023461964182662,-0.0006579285639532,-0.0002332835089531
1993-09-16,2114.322259136213,2134.983388704319,2073.0,2073.0,25700.0,2073.0,2129.4800000000005,2148.7699999999995,2111.856,1977.6013333333344,1653.5840000000003,False,False,False,False,False,False,False,True,False,True,False,-0.036565364206464,0.0066570188133141,,,-0.0187438494934875,0.0460196173018164,-0.0165943077665219,-0.1229136517124939,0.0007429876328294,-0.2339757163400456,1914.6,1783.8,0.9518518518518518,-0.0010436317627715,-0.0033898281810378,0.0001391143423138
1993-09-17,2066.1486486486483,2066.1486486486483,1997.2770270270269,2038.6,21200.0,2038.6,2103.32,2134.9999999999995,2106.9,1978.796000000001,1658.6805000000002,False,False,False,False,False,False,False,True,False,True,False,-0.0540567055822622,0.0236436770332582,,,-0.0335033846757579,0.0293358186991067,-0.010154027273619,-0.0675954086137545,0.0006037341225,-0.2145199063231848,1866.4,1804.4,0.8249027237354085,-0.0023522711092124,-0.0013086393464408,-0.0001392535103294
1993-09-20,2045.461224489796,2052.348299319728,2024.8,2024.8,15100.0,2024.8,2077.14,2119.16,2101.94,1979.897333333334,1663.5015,False,False,False,False,False,False,False,True,False,True,False,-0.0272125642038717,0.0306203081785856,,,-0.0380975898854208,0.0221763466350582,-0.0238048202291584,-0.054425128407744,0.0005562577992258,-0.193373789614753,1838.8,1825.1,0.7122641509433962,-0.0023597248256372,-7.453716424852316e-06,-4.747632327419785e-05
1993-09-21,2052.3743243243243,2066.1486486486483,2038.6,2038.6,15100.0,2038.6,2059.24,2106.0799999999995,2099.46,1979.897333333334,1668.3569999999995,False,False,False,False,False,False,False,False,False,False,False,-0.0304130285490042,0.04051800255077,,,-0.0298538212498774,0.0287955786650965,-0.0540567055822622,-0.0709800843716275,0.0,-0.1720162576920153,1832.0,1866.4,1.0,-0.0011812561325293,0.0011784686931079,-0.0005562577992258
1993-09-22,2038.557192982456,2038.557192982456,1949.0259649122809,1962.8,25700.0,1962.8,2027.56,2086.79,2095.328,1978.9786666666669,1672.868,False,False,False,False,False,False,False,False,False,True,False,0.0631750560423885,0.084216425514571,,,-0.0675198695740778,-0.0082426465593371,-0.0104952109231709,-0.0245567556551864,-0.0004642125163554,-0.1495119298060656,1907.7,1859.5,1.7019867549668874,-0.0019720062920936,-0.0007907501595643,-0.0004642125163554
1993-09-24,1962.76551724138,2004.086896551724,1962.76551724138,1997.2,48900.0,1997.2,2012.4,2070.94,2092.02,1978.702666666668,1677.5165,False,False,False,False,False,False,False,False,False,False,False,0.0448628079311036,0.0862207089925896,,,-0.0474764670538753,0.0092616329528,-0.0344482275185259,-0.055127178049269,-0.0001394853328135,-0.1267057471486378,1921.5,1859.5,1.90272373540856,-0.0015812468332042,0.0003907594588894,0.0003247271835418
1993-09-27,2038.5942857142857,2045.4814285714283,1928.4,1928.4,32000.0,1928.4,1990.36,2046.84,2086.512,1977.968,1681.821,False,False,False,False,False,False,False,False,False,True,False,0.0821406347230865,0.1035573532462143,,,-0.0819912881144991,-0.0257042107446587,0.0071561916614809,0.014260526861647,-0.0003714249505895,-0.0996023138105567,1928.4,1790.5999999999997,0.65439672801636,-0.0026398122800155,-0.0010585654468112,-0.0002319396177759
1993-09-28,1997.248251748252,1997.248251748252,1955.9258741258743,1969.7000000000005,56900.0,1969.7,1979.34,2028.24,2082.656,1977.3253333333337,1686.1255,False,False,False,False,False,False,False,False,False,False,False,0.0594506777681878,0.0734121947504694,,,-0.0573468040818395,-0.0038713171210505,-0.0244707315834901,0.0139615169822813,-0.0003250181726964,-0.074369897053603,1983.5,1825.1,1.778125,-0.0018514819538129,0.0007883303262026,4.640677789306114e-05
1993-09-29,2011.0355400696865,2011.0355400696865,1928.390243902439,1976.6,42300.0,1976.6,1966.94,2013.09,2079.628,1977.2333333333336,1690.4644999999998,False,False,False,False,False,False,False,False,False,False,False,0.0731559243144793,0.0592431447940908,,,-0.0521238490336943,-0.0003204155283485,-0.0592431447940908,0.0,-4.6529662659995386e-05,-0.053718412987,1955.9000000000003,1790.5999999999997,0.7434094903339191,-0.0014560296360694,0.0003954523177435,0.0002784885100364
1993-09-30,2004.1544554455447,2086.8,1976.60594059406,2086.8,44700.0,2086.8,1991.74,2009.65,2081.8320000000003,1978.428,1695.148,False,False,False,False,True,False,True,True,True,False,False,0.0197910676634079,0.0264040636381061,,,0.0023806785508912,0.0519321449108683,-0.0990032585777265,-0.0495016292888634,0.0006038464208283,-0.0424999378001144,1914.6,1811.3,1.0567375886524824,0.0010586829292662,0.0025147125653356,0.0006503760834883
1993-10-01,2086.8,2135.009900990099,2045.4772277227723,2086.8,76000.0,2086.8,2009.6600000000003,2011.03,2083.76,1980.2653333333333,1699.4524999999996,False,False,False,False,False,False,True,True,False,True,False,0.0395821353268161,0.0264040636381061,,,0.001456775924861,0.0510516899878603,-0.1155357485144719,-0.1023097565650758,0.0009278217935777,-0.040417099695181,1949.0,1790.5999999999997,1.7002237136465324,0.0009252505086957,-0.0001334324205704,0.0003239753727494
1993-10-04,2066.138613861386,2093.6871287128715,2052.364356435644,2086.8,11300.0,2086.8,2041.34,2015.85,2083.208,1982.561333333333,1703.3094999999998,False,False,False,False,False,False,False,True,False,True,True,0.0197910676634079,0.0197910676634079,,,0.001721295763849,0.0499514408025048,-0.1254073222158329,-0.0858251868890167,0.0011580978411091,-0.0423692239005877,1962.8,1790.5999999999997,0.1486842105263157,-0.0002649759409526,-0.0011902264496484,0.0002302760475314
1993-10-05,2093.6871287128715,2114.348514851485,2059.251485148515,2086.8,20300.0,2086.8,2064.76,2022.05,2082.6560000000004,1985.3160000000005,1707.3729999999996,False,False,False,False,False,False,False,True,False,True,False,0.0131780716887099,-0.0132259919493963,,,0.0019858156028367,0.0486313973548014,-0.118842246501821,-0.0594211232509105,0.0013875205089101,-0.0429217872950718,1962.8,1845.7,1.7964601769911503,-0.0002650461718112,-7.023085855321215e-08,0.0002294226678009
1993-10-06,2100.5389610389607,2128.0870129870127,2100.5389610389607,2121.2,62700.0,2121.2,2093.6800000000003,2030.31,2085.4120000000003,1988.5293333333336,1711.5049999999997,False,False,False,False,False,False,True,True,True,False,False,-0.0129643597963416,-0.0389402225155571,,,0.0168715821233262,0.0625451002577155,-0.113614934942485,-0.081180463888365,0.0016159345901861,-0.0441016396510877,1969.7000000000005,1880.2000000000005,3.0886699507389164,0.0013215613988985,0.0015866075707097,0.000228414081276
1993-10-07,2134.9870550161813,2134.9870550161813,2100.551779935275,2128.1,56600.0,2128.1,2101.94,2046.84,2087.064,1993.1200000000003,1715.844,False,False,False,False,False,False,True,True,False,True,False,0.0064846576758611,-0.0291339692683614,,,0.0192829284338142,0.0634274705136034,-0.1391381983929326,-0.0873549175320708,0.0023032565358165,-0.0504729241171757,1997.2,1928.4,0.9027113237639554,0.0007915425688908,-0.0005300188300077,0.0006873219456304
1993-10-08,2134.9650793650794,2176.286984126984,2107.417142857143,2169.4,79300.0,2169.4,2118.46,2064.0600000000004,2087.612,1998.2613333333336,1720.3894999999998,False,False,False,False,False,False,True,True,False,True,False,-0.0126763160320826,-0.0602931686180511,,,0.0377007467502535,0.0788875572354874,-0.155526873789988,-0.0476168525859685,0.0025729033773359,-0.0497223917909364,2128.1,1942.2,1.401060070671378,0.0002625008861801,-0.0005290416827107,0.0002696468415194
1993-10-12,2162.535275080906,2162.535275080906,2114.325889967637,2128.1,16100.0,2128.1,2126.7200000000003,2084.03,2085.684,2002.5773333333336,1724.8315,False,False,False,False,False,False,False,True,False,True,False,0.0,-0.0517832808608617,,,0.0199313942014001,0.0589834437604747,-0.1391381983929326,-0.0129223250787087,0.0021552226364292,-0.0518850496394006,2162.5,1921.5,0.2030264817150063,-0.0009243969843945,-0.0011868978705746,-0.0004176807409067
1993-10-13,2134.9609120521177,2141.8478827361564,2114.3,2114.3,31200.0,2114.3,2132.22,2098.49,2082.9280000000003,2006.4333333333327,1729.2389999999996,False,False,False,False,False,False,False,True,False,True,False,-0.0260606347254412,-0.0651279383247411,,,0.0148380078512982,0.0510176733040093,-0.1303031736272053,-0.0293241261883365,0.001921818151612,-0.0557924984155272,2148.8,1942.2,1.937888198757764,-0.0013231374296182,-0.0003987404452237,-0.0002334044848171
1993-10-14,2079.925657894737,2107.474342105263,2066.1513157894738,2093.7,23400.0,2093.7,2126.7200000000003,2110.2,2079.9,2009.464,1733.3369999999998,False,False,False,False,False,False,False,True,False,True,False,-0.0263170463772268,-0.0789511391316806,,,0.0065912021779623,0.0402330801929597,-0.1052681855089076,-0.0460906529111141,0.0015081965472716,-0.0600559188702491,2100.6,1942.2,0.75,-0.0014558392230396,-0.0001327017934214,-0.0004136216043403
1993-10-15,2100.5771704180065,2169.4485530546626,2093.6900321543408,2141.9,42200.0,2141.9,2129.48,2115.71,2079.348,2013.2293333333328,1737.6760000000002,False,False,False,False,False,False,False,True,False,False,False,-0.035389140482749,-0.093234978290303,,,0.0292039777767403,0.0600731437820005,-0.1415098744105701,-0.0675568420561184,0.0018702952867763,-0.061856303557671,2066.1,1921.5,1.803418803418804,-0.0002654678293388,0.0011903713937008,0.0003620987395046
1993-10-18,2148.787138263666,2162.561414790997,2141.9,2141.9,23800.0,2141.9,2123.98,2121.2200000000003,2078.7960000000003,2016.9946666666667,1742.1185,False,False,False,False,False,False,False,True,False,True,False,-0.0482282085998413,-0.099677856109062,,,0.0294616928894905,0.0583152030129013,-0.1607918203464214,-0.0611139642373593,0.0018668038124048,-0.0578016424510424,2079.9,1914.6,0.5639810426540285,-0.0002655383212203,-7.049188152191384e-08,-3.4914743715641627e-06
1993-10-19,2134.9870550161813,2134.9870550161813,2079.890614886732,2128.1,33000.0,2128.1,2123.98,2125.3500000000004,2077.144,2021.4946666666672,1746.595,False,False,False,False,False,False,False,True,False,True,False,-0.0517832808608617,-0.0873549175320708,,,0.023944363516752,0.05009413718027,-0.1456228560687937,-0.0776749212912926,0.0022260756232519,-0.0570400169383868,2066.1,1866.4,1.3865546218487397,-0.0007953228086259,-0.0005297844874055,0.0003592718108471
1993-10-20,2100.5217391304345,2114.295652173913,2059.2,2059.2,22900.0,2059.2,2112.96,2122.59,2073.284,2024.6160000000004,1750.727,False,False,False,False,False,True,False,True,False,True,False,-0.040112665112665,-0.0668706293706292,,,-0.0068395493395494,0.0167948717948714,-0.1404428904428903,-0.0635198135198134,0.001541691527348,-0.0574345493006185,2066.1,1838.8,0.693939393939394,-0.0018617806340084,-0.0010664578253825,-0.0006843840959038
1993-10-21,2066.1486486486483,2066.1486486486483,2038.6,2038.6,17300.0,2038.6,2101.94,2114.33,2069.704,2027.9226666666675,1754.687,False,False,False,False,False,False,False,True,False,False,False,-0.0540567055822622,-0.0878544098891395,,,-0.0152575296772296,0.0052375813466753,-0.2297164720886883,-0.023643677033258,0.0016305684240426,-0.0517941853920627,2052.3,1832.0,0.7554585152838428,-0.001729715940057,0.0001320646939514,8.887689669463228e-05
1993-10-22,1983.456,2066.1,1983.456,2066.1,93300.0,2066.1,2086.78,2108.13,2067.4999999999995,2031.3200000000004,1758.819,False,False,False,False,False,False,False,True,False,False,False,-0.0599680557572236,-0.0899762838197567,,,-0.0006776051497989,0.016833647935724,-0.2366777987512705,-0.0666473065195294,0.0016724756972475,-0.0496601253243396,2031.7,1907.7,5.393063583815029,-0.0010660217654174,0.0006636941746396,4.1907273204877006e-05
1993-10-25,2066.1486486486483,2079.9229729729727,1997.2770270270269,2038.6,54700.0,2038.6,2066.12,2095.05,2066.124,2034.626666666668,1762.917,False,False,False,False,False,False,False,True,False,False,False,-0.0540567055822622,-0.0946237614048856,,,-0.0135014225448836,0.0019490500016345,-0.1419111154714019,-0.0540567055822622,0.0016251957771125,-0.0502995155246892,2038.6,1921.5,0.5862808145766345,-0.0006659813254188,0.0004000404399986,-4.727992013497159e-05
1993-10-26,2038.561092150171,2038.561092150171,1990.351877133106,2017.9,31700.0,2017.9,2044.08,2084.03,2065.296,2037.657333333334,1766.9115000000002,False,False,False,False,False,False,False,True,False,False,False,-0.0375142474850091,-0.0955448733832202,,,-0.0234877843302441,-0.0097910368865324,-0.1160116953268249,-0.0511918330938104,0.0014873289130064,-0.0542026746256053,2100.6,1928.4,0.5795246800731262,-0.0004009110558486,0.0002650702695702,-0.0001378668641061
1993-10-27,1997.261324041812,1997.261324041812,1900.8418118466896,1976.6,51900.0,1976.6,2027.56,2070.26,2063.3679999999995,2039.4026666666675,1770.596,False,False,False,False,False,False,False,True,False,True,False,-0.0278761509663057,-0.0697156733785287,,,-0.0438976019427297,-0.0317730783500291,-0.1149954467267024,-0.0418395224122229,0.0008558061445443,-0.0555630693729291,2100.6,1983.5,1.637223974763407,-0.0009343946402194,-0.0005334835843708,-0.000631522768462
1993-10-28,1976.61,1990.3842857142856,1914.6257142857144,1928.4,37600.0,1928.4,2005.52,2053.73,2058.96,2040.045333333334,1774.1775,False,False,False,False,False,False,False,True,False,True,False,-0.03572910184609,-0.0249948143538682,,,-0.0677037958929682,-0.0578953190900922,-0.1678593652769136,-0.0071561916614811,0.0003150256791677,-0.0519834642333705,2052.3,1955.9000000000003,0.7244701348747592,-0.0021408866612267,-0.0012064920210073,-0.0005407804653765
1993-10-29,1928.4255319148936,1962.86170212766,1914.6510638297875,1942.2,26200.0,1942.2,1980.74,2033.76,2058.1359999999995,2040.229333333334,1777.8625,False,False,False,False,False,False,False,True,False,False,False,-0.0319225620430437,-0.0567397796313459,,,-0.0596931315003601,-0.0504733463769611,-0.1596128102152198,-0.003552672227371,9.018593988125309e-05,-0.0457182755094013,2086.8,1914.6,0.6968085106382979,-0.000400362269549,0.0017405243916777,-0.0002248397392865
1993-11-01,1935.287142857143,1955.9485714285715,1914.6257142857144,1928.4,44600.0,1928.4,1958.7,2012.4100000000003,2055.384,2040.0453333333337,1781.5125000000005,False,False,False,False,False,False,False,False,False,True,False,-0.042885293507571,-0.049989628707737,,,-0.0658494088363409,-0.0578953190900921,-0.1607031736154325,0.0106824310309064,-9.019407411871064e-05,-0.0386750214916445,2155.7,1949.0,1.702290076335878,-0.0013389225565633,-0.0009385602870143,-0.0001803800139999
1993-11-02,1921.5382978723403,1955.9744680851063,1921.5382978723403,1942.2,32700.0,1942.2,1943.56,1993.82,2055.936,2040.321333333333,1785.2660000000003,False,False,False,False,False,False,True,True,False,False,False,-0.0602924518587169,-0.0567397796313459,,,-0.0585603954278653,-0.0505207153399925,-0.1489547935331067,0.0070538564514469,0.000135272809969,-0.0300578788456329,2176.3,1962.8,0.7331838565022422,0.0002684908479642,0.0016074134045275,0.0002254668840877
1993-11-04,1942.1612903225807,1949.048387096774,1914.6129032258063,1921.5,30000.0,1921.5,1932.54,1980.05,2054.008,2040.0453333333337,1789.0195000000003,False,False,False,False,False,False,False,False,False,True,False,-0.0430392922196201,-0.0430392922196201,,,-0.0689607077803798,-0.0616941625466217,-0.1111111111111111,0.0752537080405932,-0.0001352911111778,-0.0163581727734147,2183.2,1962.8,0.9174311926605504,-0.0009386526245274,-0.0012071434724916,-0.0002705639211469
1993-11-05,1921.483333333333,1921.483333333333,1825.0648148148148,1859.5,33000.0,1859.5,1918.76,1962.14,2049.324,2038.9426666666675,1792.428500000001,False,False,False,False,False,False,False,False,False,True,False,0.011132024737833,0.0074213498252218,,,-0.1020833557407905,-0.0965004929640588,-0.0777628394729765,0.166657703683786,-0.0005408031744555,0.0017429948933306,2169.4,1969.7000000000005,1.1,-0.0022856317497866,-0.0013469791252592,-0.0004055120632777
1993-11-08,1887.08717948718,1893.9743589743591,1845.7641025641028,1880.2000000000005,14800.0,1880.2,1906.36,1943.5500000000004,2041.06,2038.3920000000005,1795.9065000000007,False,False,False,False,False,False,False,False,False,True,False,-0.02563557068397,-0.0220189341559411,,,-0.0855547282204017,-0.0841357302414636,-0.0879161791298799,0.1538134241038184,-0.0002701475803805,0.0237246276144168,2155.7,1997.2,0.4484848484848485,-0.0040488765641383,-0.0017632448143516,0.000270655594075
1993-11-09,1900.79552238806,1907.682462686567,1845.7,1845.7,26800.0,1845.7,1889.82,1924.26,2031.416,2037.4733333333336,1799.418500000001,False,False,True,False,False,False,False,False,False,True,False,-0.0074226580701089,-0.0261147532101641,,,-0.1006209026385651,-0.1039027649852812,-0.1007205938126456,0.1156742699246897,-0.00045088524676,0.0407845093698356,2155.7,2128.1,1.8108108108108107,-0.00474742741024,-0.0006985508461017,-0.0001807376663794
1993-11-10,1818.2128301886792,1845.761509433962,1811.3256603773584,1825.1,16200.0,1825.1,1866.4,1904.98,2020.948,2036.9226666666675,1802.6900000000005,False,False,False,False,False,False,False,False,False,True,False,0.003780614760835,-0.0037806147608349,,,-0.107308092707249,-0.1160608551129623,-0.0717220974193194,0.1282669442770258,-0.0002703424512267,0.0589087549475585,2169.4,2162.5,0.6044776119402985,-0.005179747326502,-0.0004323199162619,0.0001805427955332
1993-11-11,1887.0082397003744,1893.8951310861423,1831.913108614232,1838.8,14800.0,1838.8,1849.86,1891.2,2011.028,2036.9226666666675,1806.0645000000009,False,False,False,False,False,False,False,False,False,False,False,0.0,-0.0374157058951489,,,-0.0936632586469434,-0.1077456312087598,-0.0861431368283662,0.1236132260169675,0.0,0.0757296954314721,2155.7,2148.8,0.9135802469135802,-0.0049328005378346,0.0002469467886673,0.0002703424512267
1993-11-12,1866.4256410256407,1907.7487179487184,1866.4256410256407,1880.2000000000005,23700.0,1880.2,1854.0,1886.3800000000003,2001.388,2037.565333333334,1809.783500000001,False,False,False,False,False,False,False,True,False,False,False,-0.0036698223593237,-0.1648228911817894,,,-0.0644548452292306,-0.0836960607027621,-0.1391873204978196,0.1025422827358788,0.0003154091091719,0.0868753909604638,2128.1,2100.6,1.601351351351351,-0.0048166572398753,0.0001161432979592,0.0003154091091719
1993-11-15,1880.210526315789,1880.210526315789,1832.0,1832.0,9900.0,1832.0,1844.36,1875.36,1989.544,2036.556000000001,1813.3305000000005,False,False,False,False,False,False,False,False,False,True,False,0.003711790393013,-0.1391375545851529,,,-0.0859956331877727,-0.1116572052401752,-0.109061135371179,0.1240174672489081,-0.000495607944654,0.0998688251855644,2121.2,2066.1,0.4177215189873418,-0.0059531229266607,-0.0011364656867853,-0.000811017053826
1993-11-16,1832.0,1832.0,1818.2255639097743,1832.0,15900.0,1832.0,1841.62,1865.72,1976.0479999999995,2035.362666666668,1816.6710000000007,False,False,False,False,False,False,False,False,False,True,False,-0.0188318777292576,-0.0451419213973799,,,-0.0786288209606984,-0.1110058224163035,-0.1165393013100436,0.1390829694323145,-0.0005863000991795,0.1129376326565616,2073.0,2079.9,1.606060606060606,-0.0068297936082524,-0.0008766706815917,-9.06921545254126e-05
1993-11-17,1832.0,1852.6616541353385,1825.1127819548872,1832.0,16000.0,1832.0,1843.0,1854.7,1964.204,2034.0773333333336,1820.1835000000003,False,False,False,False,False,False,False,False,False,False,False,-0.007532751091703,-0.0263100436681222,,,-0.0721637554585152,-0.1103042212518196,-0.1316048034934497,0.1390829694323145,-0.0006318999343196,0.1266080767779152,2038.6,2066.1,1.0062893081761006,-0.0060299235720931,0.0007998700361593,-4.559983514012991e-05
1993-11-18,1852.573782771536,1893.8951310861423,1838.8,1838.8,9200.0,1838.8,1843.0,1846.43,1953.184,2032.1480000000004,1823.6270000000004,False,False,False,False,False,False,False,False,False,False,False,-0.0374157058951489,-0.048673047639765,,,-0.0622057863824233,-0.1051490102240594,-0.1348161844681313,0.1273656732651729,-0.0009494059159732,0.1320277508489355,2024.8,2066.1,0.575,-0.0056420695643625,0.0003878540077305,-0.0003175059816536
1993-11-19,1838.864338235294,1880.1871323529413,1838.864338235294,1873.3,7300.0,1873.3,1841.62,1847.81,1944.368,2031.0466666666664,1827.174,False,False,False,False,False,False,False,False,False,False,False,-0.1617466502962686,-0.1433833342230289,,,-0.0379373298457267,-0.0842079040552321,-0.1727966689798751,0.1066033203437783,-0.0005422491523257,0.1259653319334781,2038.6,2052.3,0.7934782608695652,-0.0045341211128757,0.0011079484514868,0.0004071567636475
1993-11-22,1873.234456928839,1893.8951310861423,1838.8,1838.8,21500.0,1838.8,1842.98,1843.67,1932.2440000000008,2030.036,1830.7550000000003,False,False,False,False,False,False,False,False,False,True,False,-0.1423210789645421,-0.1123558842723514,,,-0.0508179247335223,-0.1040004350663476,-0.1273112899717207,0.1610833152055688,-0.0004978565240549,0.1266278672430532,1962.8,2031.7,2.9452054794520546,-0.0062745698783378,-0.0017404487654621,4.439262827080233e-05
1993-11-24,1859.4827586206893,1859.4827586206893,1790.6130268199236,1797.5,13700.0,1797.5,1836.0800000000004,1838.85,1918.4680000000003,2028.016,1833.8885,False,False,False,False,False,False,False,False,False,True,False,-0.0268150208623087,-0.0995827538247566,,,-0.0672979137691239,-0.1282425591098748,-0.1379137691237831,0.2375521557719054,-0.0009960473684625,0.1385703020909807,1997.2,2038.6,0.6372093023255814,-0.0071807296238459,-0.000906159745508,-0.0004981908444076
1993-11-25,1825.0871212121208,1825.0871212121208,1790.6515151515152,1818.2,8200.0,1818.2,1833.32,1838.16,1906.072,2026.088,1837.263,False,False,False,False,False,False,False,False,False,False,False,-0.018919810801892,-0.0909140908590913,,,-0.0483291167088328,-0.1143372566274336,-0.1136288637113629,0.2158728412715871,-0.0009515874927446,0.1472396309352832,1928.4,2100.6,0.5985401459854015,-0.0065034269429488,0.0006773026808971,4.445987571787349e-05
1993-11-26,1811.322957198444,1825.0972762645915,1742.4513618677042,1770.0,6600.0,1770.0,1819.56,1831.28,1894.504,2023.5173333333328,1840.3625,False,False,False,False,False,False,False,False,False,False,False,-0.0116949152542373,-0.0350282485875706,,,-0.070341242937853,-0.1432301318267416,-0.0661581920903954,0.2412429378531073,-0.0012703951798784,0.1586977414704469,1969.7000000000005,2100.6,0.8048780487804879,-0.006106083703175,0.0003973432397737,-0.0003188076871337
1993-11-29,1577.1872807017544,1584.0745614035088,1570.3,1570.3,10700.0,1570.3,1758.9599999999998,1800.2899999999995,1875.7720000000004,2018.192,1842.4635,False,False,False,False,False,False,False,False,False,True,False,0.0219066420429216,0.0920843150990257,,,-0.1945309813411453,-0.2852270266827995,0.0832961854422721,0.4210023562376617,-0.0026386653664927,0.187442023229591,1976.6,2052.3,1.621212121212121,-0.0099862883122253,-0.0038802046090502,-0.0013682701866142
1993-11-30,1570.213100436681,1645.9689956331877,1556.4393013100437,1577.1,33400.0,1577.1,1706.62,1774.8,1856.2120000000004,2012.590666666666,1844.5985,False,False,False,False,False,False,False,False,False,True,False,0.0349375435926701,0.0873755627417413,,,-0.1769779975905145,-0.276133832139158,0.13537505548158,0.3974383361866719,-0.0027831458359146,0.2126493125986027,2086.8,2086.8,3.121495327102804,-0.0105375894563767,-0.0005513011441513,-0.0001444804694218
1993-12-01,1597.7858267716535,1749.3,1597.7858267716535,1749.3,44000.0,1749.3,1696.98,1766.5300000000002,1844.6400000000003,2007.5399999999995,1847.5255,False,False,False,False,False,False,False,False,False,False,False,-0.0747727662493568,-0.0511633224718458,,,-0.0545018007202883,-0.1476247641913906,0.0393871834448065,0.248042073972446,-0.0025158485841709,0.2237833492779631,2086.8,2155.7,1.3173652694610778,-0.0062733107815075,0.0042642786748691,0.0002672972517436
1993-12-02,1776.9127413127412,1845.785328185328,1721.8146718146718,1783.8,32700.0,1783.8,1690.1,1761.7099999999998,1835.276,2002.490666666666,1850.694,False,False,False,False,False,False,False,False,False,False,False,-0.0733826662181858,-0.0502298463953357,,,-0.0288574952348918,-0.1225981986022345,0.065590312815338,0.243188698284561,-0.0025215265256335,0.2345561982392108,2086.8,2176.3,0.7431818181818182,-0.0051022298553461,0.0011710809261614,-5.677941462607899e-06
1993-12-03,1742.4129921259844,1756.1870078740158,1721.751968503937,1749.3,8200.0,1749.3,1685.9599999999998,1752.7599999999998,1826.184,1997.163999999999,1853.6555,False,False,False,False,False,False,False,False,False,False,False,-0.0236094437775109,-0.0393871834448064,,,-0.0439512948036357,-0.1416932487280621,0.0944949408334762,0.2677070828331332,-0.0026671153028328,0.2491099751249459,2086.8,2183.2,0.2507645259938837,-0.0049786877992579,0.0001235420560881,-0.0001455887771992
1993-12-06,1756.2167381974248,1756.2167381974248,1604.6999999999998,1604.6999999999998,7100.0,1604.7,1692.84,1725.8999999999996,1813.2360000000003,1990.552,1855.8595,False,False,False,False,False,False,False,False,False,True,False,0.0686732722627284,0.0085997382688354,,,-0.1299532622920175,-0.2404511746743939,0.180220601981679,0.41627718576681,-0.0033216916714556,0.2801205168317982,2121.2,2169.4,0.8658536585365854,-0.007140824470725,-0.0021621366714671,-0.0006545763686228
1993-12-07,1652.860759493671,1673.5215189873418,1632.2,1632.2,18200.0,1632.2,1703.86,1705.2399999999998,1800.836,1984.7666666666669,1858.3385,False,False,False,False,False,False,False,False,False,False,False,0.050667810317363,0.0,,,-0.1033182208062737,-0.2160070252828494,0.1730180124984682,0.4527631417718415,-0.002914868246477,0.3094813633271567,2128.1,2155.7,2.563380281690141,-0.0068856908680192,0.0002551336027058,0.0004068234249785
1993-12-08,1652.936170212766,1652.936170212766,1618.5,1618.5,9400.0,1618.5,1677.7,1687.3399999999997,1788.44,1978.6146666666668,1860.7145,False,False,False,False,False,False,False,False,False,True,False,0.025517454433117,0.0,,,-0.1049984553599011,-0.2224990217279375,0.1659561322211924,0.5165276490577695,-0.0031092461324792,0.3370038048051968,2169.4,2155.7,0.5164835164835165,-0.0069311802464717,-4.548937845250904e-05,-0.0001943778860021
1993-12-09,1652.9,1673.56125,1646.0129166666668,1652.9,5900.0,1652.9,1651.52,1670.8100000000002,1776.868,1973.1053333333327,1863.2285,False,False,False,False,False,False,False,False,False,False,False,0.0249863875612559,-0.0375098312057595,,,-0.0750003024986386,-0.1937233549115691,0.1833141750862122,0.4391675237461431,-0.0027922145058655,0.3602923133091134,2128.1,2169.4,0.6276595744680851,-0.0065125828142552,0.0004185974322165,0.0003170316266136
1993-12-10,1652.9032258064517,1742.4354838709678,1652.9032258064517,1708.0,17200.0,1708.0,1643.2599999999998,1664.61,1768.328,1968.3306666666665,1865.8455,False,False,False,False,False,False,False,False,False,False,False,-0.01615925058548,-0.0685597189695549,,,-0.0353208430913348,-0.1524184231069476,0.1693208430913349,0.4282201405152225,-0.0024257441839038,0.3799208222947118,2114.3,2155.7,2.915254237288136,-0.0048294207861889,0.0016831620280662,0.0003664703219617
1993-12-13,1680.4642570281126,1721.7871485943776,1680.4642570281126,1714.9,3700.0,1714.9,1665.3,1679.0700000000002,1762.5439999999996,1963.832,1868.3595,False,False,False,False,False,False,False,False,False,False,True,-0.0562131902734853,-0.0963904600851362,,,-0.0277823779812231,-0.1451583182692868,0.1526036503586214,0.3871362761677066,-0.0022907594268075,0.3768157372831387,2093.7,2128.1,0.2151162790697674,-0.0032816202035241,0.0015478005826647,0.0001349847570962
1993-12-14,1714.9,1714.9,1680.4642570281126,1714.9,4900.0,1714.9,1681.8399999999997,1692.85,1755.9319999999998,1959.608,1870.908,False,False,False,False,False,False,False,False,False,True,False,-0.0482243862615896,-0.0642603067234242,,,-0.0239267595778177,-0.1426952008863489,0.1566272085835908,0.4048049448947459,-0.0021555331474458,0.3777298638390879,2141.9,2121.2,1.3243243243243243,-0.0037655216716819,-0.0004839014681577,0.0001352262793616
1993-12-15,1714.8970954356846,1714.8970954356846,1659.8,1659.8,14700.0,1659.8,1690.1,1683.9,1748.496,1954.5573333333327,1873.3185000000003,False,False,False,False,False,False,False,False,False,True,False,-0.0248825159657789,-0.066393541390529,,,-0.0534377635859743,-0.1775860545447239,0.1286299554163152,0.4560187974454753,-0.0025840463109126,0.3989191757230237,2141.9,2073.0,3.0,-0.0042527978331089,-0.000487276161427,-0.0004285131634667
1993-12-16,1714.8609756097562,1714.8609756097562,1687.3130081300812,1694.2,14000.0,1694.2,1698.36,1674.9399999999998,1743.26,1949.138666666667,1875.3155,False,False,False,False,False,False,False,False,False,False,False,-0.0609727304922677,-0.0487545744304097,,,-0.0289576201156887,-0.1504773147601622,0.1260181796718215,0.4085704167158541,-0.0027800313848026,0.4164805903495052,2128.1,2038.6,0.9523809523809524,-0.0030035680277182,0.0012492298053907,-0.00019598507389
1993-12-17,1694.1737704918032,1714.8344262295082,1639.0786885245902,1680.4,60600.0,1680.4,1692.84,1668.05,1736.924,1943.536,1877.2435000000005,False,False,False,False,False,False,False,False,False,True,False,-0.053261128302785,-0.016365151154487,,,-0.0336372292311353,-0.1565912877886217,0.1680552249464412,0.4246012854082361,-0.0028827182345307,0.4329006924252874,2059.2,2024.8,4.328571428571428,-0.0036478279993828,-0.0006442599716645,-0.000102686849728
1993-12-20,1680.4851063829788,1680.4851063829788,1604.7255319148935,1618.5,26700.0,1618.5,1673.56,1669.4299999999998,1726.456,1937.752,1878.8620000000003,False,False,False,False,False,False,False,False,False,True,False,-0.042570281124498,0.0510349088662341,,,-0.066701266604881,-0.1972517763361136,0.2042014210688909,0.4557306147667593,-0.0029849020927343,0.4367119316173784,2038.6,2038.6,0.4405940594059406,-0.0060632880305087,-0.0024154600311259,-0.0001021838582035
1993-12-21,1639.0869198312237,1639.0869198312237,1604.6523206751056,1632.2,9600.0,1632.2,1657.02,1669.4299999999998,1718.464,1931.6906666666669,1880.4805000000008,False,False,False,False,False,False,False,False,False,False,False,-0.0168484254380592,0.0970469305232199,,,-0.0528513662541354,-0.1834889515173794,0.1899277049381203,0.4156353388065187,-0.0031378384945,0.43308195012669,2066.1,1962.8,0.3595505617977528,-0.0046506647797102,0.0014126232507985,-0.0001529364017657
1993-12-22,1639.1617021276595,1639.1617021276595,1618.5,1618.5,17100.0,1618.5,1648.7599999999998,1669.4300000000003,1709.9240000000002,1924.528,1881.6860000000004,False,False,False,False,False,False,False,False,False,True,False,-0.042570281124498,0.1233858510966945,,,-0.0564868705591598,-0.1890812480691998,0.2765523632993512,0.446339202965709,-0.0037217783615862,0.4262772323487656,2038.6,1997.2,1.78125,-0.004994374018962,-0.0003437092392518,-0.0005839398670862
1993-12-24,1625.335064935065,1625.335064935065,1584.012987012987,1590.9,15800.0,1590.9,1628.1,1663.2300000000002,1700.28,1916.7226666666668,1882.6845000000003,False,False,False,False,False,False,False,False,False,True,False,0.0130115029228737,0.1947953988308503,,,-0.0687535357344898,-0.2048039893561296,0.3203846879125022,0.4571626123577847,-0.0040722288461832,0.4279504337944841,2017.9,1928.4,0.9239766081871345,-0.005672006963559,-0.0006776329445969,-0.0003504504845969
1993-12-27,1590.9,1590.9,1542.6909090909091,1590.9,11500.0,1590.9,1610.2,1651.52,1690.3640000000005,1908.8253333333328,1883.7520000000009,False,False,False,False,False,False,False,False,False,True,False,0.0389716512665786,0.2034697341127662,,,-0.0625205858319192,-0.199839922894797,0.2900245144257967,0.4856999182852472,-0.0041372739534754,0.4334855163727958,1976.6,1969.7000000000005,0.7278481012658228,-0.0058661921337649,-0.0001941851702058,-6.504510729218524e-05
1993-12-28,1590.9226666666666,1625.358222222222,1549.6,1549.6,19300.0,1549.6,1596.42,1634.99,1677.4160000000002,1900.561333333333,1884.6820000000007,False,False,False,False,False,False,False,False,False,True,False,0.0977671657201858,0.2221863706763037,,,-0.0824832214765102,-0.2264851144381345,0.28884873515746,0.5252968508002065,-0.0043481890613367,0.4470486058018702,1928.4,1976.6,1.6782608695652177,-0.007719015438031,-0.0018528233042661,-0.0002109151078613
1993-12-29,1549.6030042918453,1618.4742489270386,1549.6030042918453,1604.6999999999998,12300.0,1604.7,1590.9199999999998,1623.97,1668.052,1893.2146666666667,1885.9215000000008,False,False,False,False,False,False,False,False,False,False,False,0.1158471988533681,0.1931202093849318,,,-0.0394790303483517,-0.1797935231922895,0.2445940051099895,0.454041253816913,-0.0038805249061383,0.4522004716835898,1942.2,2086.8,0.6373056994818653,-0.005613733864412,0.002105281573619,0.0004676641551984
1993-12-30,1577.1484444444443,1584.0355555555554,1549.6,1549.6,8100.0,1549.6,1577.14,1612.9499999999998,1658.136,1885.1333333333328,1886.8515000000004,False,False,False,False,False,False,False,False,False,True,False,0.1733350542075375,0.2177981414558596,,,-0.0700413009808983,-0.216528996730339,0.2977542591636552,0.5106479091378422,-0.0042868762598579,0.4574227347406924,1928.4,2086.8,0.6585365853658537,-0.005980209102269,-0.0003664752378569,-0.0004063513537196
1994-01-04,1584.051282051282,1611.6,1570.276923076923,1611.6,4400.0,1611.6,1581.28,1604.69,1649.872,1877.696,1888.0225000000005,False,False,False,False,False,False,False,False,False,False,False,0.1794489947877885,0.2136386200049642,,,-0.0237478282452222,-0.1651129312484487,0.2179200794241747,0.4525316455696204,-0.0039608825567787,0.4620892508833483,1942.2,2086.8,0.5432098765432098,-0.0050088734156346,0.0009713356866344,0.0003259937030791
1994-01-05,1611.5775,1680.4483333333335,1584.0291666666667,1652.9,10800.0,1652.9,1593.6799999999998,1601.94,1645.188,1870.992,1889.0555000000008,False,False,False,False,True,False,False,False,False,False,False,0.158327787524956,0.208300562647468,,,0.0046657390041744,-0.1319450662472018,0.1666767499546252,0.4162381269284288,-0.0035831259567117,0.461290685044384,1921.5,2086.8,2.4545454545454546,-0.0028470910315416,0.0021617823840929,0.000377756600067
1994-01-06,1701.1,1714.8740890688257,1666.664777327935,1701.1,34000.0,1701.1,1623.98,1610.2,1650.42,1865.2986666666663,1890.1230000000007,False,False,False,False,False,False,True,False,True,False,True,0.1133384280759509,0.1619540297454588,,,0.0297924872141554,-0.0965249936315716,0.170066427605667,0.3538298747869026,-0.0030522368535799,0.4504968326915911,1859.5,2121.2,3.1481481481481484,0.0031701021558148,0.0060171931873565,0.0005308891031317
1994-01-07,1714.843846153846,1790.5999999999997,1701.0699999999997,1790.5999999999997,41600.0,1790.6,1661.1600000000003,1626.04,1658.96,1860.8906666666664,1891.1905000000004,False,False,False,False,False,False,True,False,False,False,False,0.0692505305484196,0.1077292527644366,,,0.0735172567854348,-0.0392553706392643,0.0769574444320342,0.2988942253993078,-0.0023687581860441,0.4373016653956853,1880.2000000000005,2128.1,1.223529411764706,0.0051478034431209,0.0019777012873061,0.0006834786675357
1994-01-10,1818.2,1859.522727272728,1811.3128787878788,1818.2,48800.0,1818.2,1714.88,1646.0099999999998,1661.716,1857.493333333333,1892.5680000000004,False,False,False,False,False,False,True,False,False,True,False,0.0378946210537893,0.0303046969530304,,,0.0860653393466066,-0.0216111172221609,0.0606093939060609,0.2833021669783302,-0.0018289881704375,0.419402069246238,1845.7,2169.4,1.1730769230769231,0.0016585264870771,-0.0034892769560438,0.0005397700156066
1994-01-11,1893.9130434782608,1921.4608695652173,1866.3652173913044,1900.8,67100.0,1900.8,1772.7199999999998,1677.0,1666.396,1855.656,1894.1865000000005,False,False,False,False,False,False,True,False,False,False,False,0.0289877946127948,0.0036300505050505,,,0.1233186026936026,0.02375,0.0072601010101009,0.2155934343434343,-0.0009901260434763,0.392719141323792,1825.1,2128.1,1.375,0.0028084560932695,0.0011499296061924,0.0008388621269612
1994-01-12,1900.825899280576,1921.487050359712,1880.164748201439,1914.6,47100.0,1914.6,1825.06,1709.37,1673.0079999999998,1854.1866666666667,1895.9425000000003,False,False,False,False,False,False,True,False,False,False,False,0.0431421706883945,0.025174971273373,,,0.1261840593335423,0.0315540234687836,-0.0108116577875273,0.2186879766008567,-0.0007924408905251,0.3645729128275327,1838.8,2114.3,0.7019374068554396,0.0039521628109368,0.0011437067176672,0.0001976851529511
1994-01-13,1914.5607272727275,1928.3345454545456,1880.126181818182,1893.9,22900.0,1893.9,1863.62,1743.8,1684.576,1852.2573333333328,1897.7330000000004,False,False,False,False,False,False,True,False,False,False,False,0.0436665082633717,0.0290934051428269,,,0.1105253709277153,0.0219877853459355,0.0109298273404085,0.2240350599292463,-0.0010416119286524,0.3350269526321823,1880.2000000000005,2093.7,0.4861995753715499,0.0068670098588607,0.0029148470479238,-0.0002491710381272
1994-01-14,1893.938848920864,1921.487050359712,1880.164748201439,1914.6,27500.0,1914.6,1888.42,1774.7900000000002,1695.8719999999998,1851.6146666666664,1899.145,False,False,False,False,False,False,True,False,False,True,False,0.0359866290609005,0.0144155437167033,,,0.1142421393502559,0.0328973850064418,0.0108116577875274,0.2108012117413558,-0.0003470844545767,0.3108649474022278,1832.0,2141.9,1.2008733624454149,0.00666088006642,-0.0002061297924407,0.0006945274740756
1994-01-17,1914.648905109489,1914.648905109489,1866.4383211678835,1887.1,29200.0,1887.1,1902.2,1808.54,1706.616,1850.1466666666668,1900.5570000000005,False,False,False,False,False,False,True,False,False,True,False,-0.0073128080122939,0.0948545387101902,,,0.0956409305283238,0.019582074788476,0.0328016533305071,0.2284457633405754,-0.0007934506093208,0.285147135258275,1832.0,2141.9,1.0618181818181818,0.0062954993976384,-0.0003653806687815,-0.000446366154744
1994-01-18,1893.917253521127,1976.560915492958,1887.030281690141,1955.9000000000003,58300.0,1955.9,1913.22,1842.97,1718.736,1850.513333333333,1902.5540000000003,False,False,False,False,False,False,True,True,False,False,False,-0.0246433866762105,0.0739812873868804,,,0.1212556879186053,0.0538814186137671,0.0,0.196840329260187,0.0001981432179177,0.2611382713771796,1832.0,2128.1,1.9965753424657533,0.0070516938028877,0.0007561944052493,0.0009915938272385
1994-01-19,1969.6524137931035,1997.2,1962.76551724138,1997.2,45900.0,1997.2,1929.74,1877.4,1730.3039999999996,1850.88,1904.4135000000008,False,False,False,False,False,False,True,True,False,True,False,-0.017224113759263,0.0275886240737032,,,0.1336350891247749,0.0732625675946324,0.0344982976166632,0.1531143601041457,0.0001981039649609,0.2359912645147545,1838.8,2059.2,0.7873070325900514,0.0066855304039056,-0.0003661633989821,-3.92529567311002e-08
1994-01-20,1990.3742160278744,1990.3742160278744,1962.8257839721248,1976.6,30700.0,1976.6,1946.28,1904.95,1740.7719999999997,1850.88,1905.5845000000004,False,False,False,False,False,False,True,False,False,True,False,-0.0139633714459171,0.0104219366589093,,,0.1193099261357888,0.0636041687746634,0.0975412324193059,0.1613376505109785,0.0,0.2177222499278197,1873.3,2038.6,0.6688453159041394,0.0060134239291533,-0.0006721064747523,-0.0001981039649609
1994-01-21,1990.3871527777776,1990.3871527777776,1928.4027777777776,1983.5,34200.0,1983.5,1960.06,1924.24,1751.5159999999998,1849.5026666666668,1906.6865000000005,False,False,False,False,False,False,True,False,False,False,False,-0.0208217796823796,0.0069069826065036,,,0.1169568943786237,0.0675560036971682,0.0937232165364255,0.1572977060751197,-0.0007447047025975,0.2039402569326072,1838.8,2066.1,1.1140065146579805,0.0061341146755154,0.0001206907463621,-0.0007447047025975
1994-01-24,1866.4128676470589,1900.8485294117647,1866.4128676470589,1873.3,45900.0,1873.3,1957.3,1929.75,1760.0559999999998,1846.656,1907.1,False,False,False,False,False,False,True,False,False,True,False,0.1029199807825761,0.07350664602573,,,0.0604516094592431,0.0142230288795174,0.0992366412213739,0.2213206640687557,-0.0015415251496038,0.198150019432569,1797.5,2038.6,1.3421052631578947,0.0048521183416891,-0.0012819963338263,-0.0007968204470062
1994-01-25,1866.3779783393504,1914.587003610108,1866.3779783393504,1907.7,17600.0,1907.7,1947.6600000000003,1930.44,1768.5959999999998,1844.268,1908.0295,False,False,False,False,False,False,True,False,False,True,False,0.1011165277559364,0.0288829480526287,,,0.0729171253341721,0.0332505110866488,0.0794150023588613,0.199297583477486,-0.0012948226613485,0.1965458651913553,1818.2,2017.9,0.3834422657952069,0.0048286889713648,-2.3429370324271406e-05,0.0002467024882553
1994-01-26,1914.5908771929824,1962.8,1873.2687719298249,1962.8,41600.0,1962.8,1940.78,1935.26,1779.8919999999998,1842.6146666666664,1908.6835,False,False,False,False,False,False,True,False,False,False,True,0.0455981251273691,-0.0175259832891786,,,0.0931872834725902,0.0612315739419877,0.0526288974933767,0.1578866924801303,-0.0008972756828884,0.1904343602410013,1770.0,1976.6,2.363636363636364,0.0063464524813865,0.0015177635100217,0.00039754697846
1994-01-27,1962.773851590106,1969.660777385159,1928.339222614841,1949.0,19800.0,1949.0,1935.26,1940.77,1793.112,1840.3186666666663,1909.303,False,False,False,False,False,False,True,False,False,False,False,0.0247306310928681,0.0212416623909697,,,0.0799835813237557,0.055762613305969,0.0636223704463827,0.1660851718830168,-0.0012476100153669,0.1847101923463368,1570.3,1928.4,0.4759615384615384,0.0073726571457891,0.0010262046644026,-0.0003503343324784
1994-01-28,1935.312765957447,1942.2,1907.7638297872345,1942.2,14300.0,1942.2,1927.0,1943.53,1805.512,1837.84,1910.0265,False,False,False,False,False,False,True,False,False,True,False,0.0283184018123777,-0.007105344454742,,,0.070377921944187,0.0537328802389044,0.0602409638554215,0.1779940273916177,-0.0013486846878217,0.1814687707418976,1577.1,1942.2,0.7222222222222222,0.0068678579815586,-0.0005047991642305,-0.0001010746724548
1994-01-31,2066.1,2086.761,2038.552,2066.1,159100.0,2066.1,1965.56,1961.43,1823.416,1836.4626666666668,1911.3695,False,False,False,False,False,False,True,False,False,False,False,-0.0266686026813803,-0.0666473065195294,,,0.11745994869561,0.1111453140377199,0.0100188761434588,0.0999951599632156,-0.0007499925581569,0.1683669567611385,1749.3,1928.4,11.125874125874128,0.0098189332549456,0.002951075273387,0.0005986921296648
1994-02-01,2100.6,2128.1488524590163,2073.0511475409835,2100.6,185100.0,2100.6,2004.14,1975.9,1843.804,1836.096,1912.6095,False,True,False,False,False,False,True,False,False,False,False,-0.0656003046748547,-0.088546129677235,,,0.1222488812720174,0.1259183090545558,-0.0065695515566979,0.0783585642197467,-0.0001996990716535,0.1559795536211348,1783.8,1942.2,1.163419233186675,0.011057574449345,0.0012386411943993,0.0005502934865034
1994-02-02,2086.7345637583894,2086.7345637583894,1997.2046979865768,2052.3,59900.0,2052.3,2022.04,1981.41,1862.26,1835.2693333333327,1913.298,False,False,False,False,False,False,True,False,False,True,False,-0.0603712907469668,-0.0771816985820786,,,0.0925985479705696,0.1057499715766052,0.010086244701067,0.0705062612678457,-0.0004504334332037,0.1474152245118374,1749.3,1921.5,0.3236088600756348,0.0099105388076852,-0.0011470356416597,-0.0002507343615501
1994-02-03,2066.0689655172414,2066.0689655172414,1969.6524137931035,1997.2,46600.0,1997.2,2031.68,1983.47,1880.164,1833.9826666666668,1913.952,False,False,False,False,False,False,True,False,False,True,False,-0.0034047666733426,-0.0413579010614861,,,0.0586000400560785,0.0817230789772347,0.0379531343881433,0.0582815942319246,-0.0007015696985866,0.1370527409035679,1604.6999999999998,1859.5,0.7779632721202003,0.0095225735627317,-0.0003879652449534,-0.0002511362653828
1994-02-04,1997.2,2024.7475862068964,1976.5393103448275,1997.2,43700.0,1997.2,2042.6800000000003,1984.84,1895.864,1832.0533333333333,1914.744,False,False,False,False,False,False,True,False,False,True,False,-0.0344482275185259,-0.0309933907470459,,,0.0507390346485079,0.0826890980706321,0.0689965952333266,0.0772581614259963,-0.0010530988908619,0.129012917917817,1632.2,1880.2000000000005,0.9377682403433476,0.0082811847263306,-0.0012413888364011,-0.0003515291922753
1994-02-07,1990.3390410958905,2045.434931506849,1983.4520547945208,2011.0,41400.0,2011.0,2031.66,1998.61,1914.32,1830.3080000000004,1915.5015,False,False,False,False,False,False,True,False,False,False,True,-0.0410740924912978,-0.0308304326205867,,,0.0480755842864248,0.089851815017404,0.1061660865241173,0.0510193933366483,-0.0009535735697669,0.1125131966716868,1618.5,1845.7,0.9473684210526316,0.0096410213548412,0.0013598366285106,9.952532109496284e-05
1994-02-08,2017.8961403508767,2059.218245614035,1962.8,1962.8,52400.0,1962.8,2004.1,2004.12,1928.368,1828.1040000000005,1916.087,False,False,False,False,False,False,True,False,False,True,False,-0.0245567556551864,-0.0035153861830036,,,0.0175422865294477,0.0686244141023025,0.1262991644589361,0.0922661503973915,-0.001205620686788,0.1022693251901086,1652.9,1825.1,1.2657004830917875,0.0072849165719407,-0.0023561047829004,-0.000252047117021
1994-02-09,1962.8357142857144,1962.8357142857144,1887.077142857143,1928.4,56900.0,1928.4,1979.32,2000.6800000000003,1939.388,1826.36,1916.707,False,False,False,False,False,False,True,False,False,True,False,-0.0178904791537025,0.0714063472308648,,,-0.0056979879693008,0.0529143331259075,0.1392864550923044,0.1235739473138351,-0.0009549048380388,0.0988663854289542,1708.0,1838.8,1.0858778625954195,0.0056822049017525,-0.0016027116701882,0.0002507158487492
1994-02-10,1900.86643598616,1990.4,1893.9792387543253,1990.4,13600.0,1990.4,1977.96,2004.82,1950.96,1825.7173333333333,1917.7745,False,False,False,False,False,False,True,False,False,False,True,-0.0380827974276528,0.0899316720257234,,,0.0198151125401929,0.0827384780278671,0.1210811897106109,0.0923432475884243,-0.0003520077587768,0.0916840414600813,1714.9,1880.2000000000005,0.2390158172231986,0.0059314388813712,0.0002492339796187,0.000602897079262
1994-02-14,1928.4,1949.061428571429,1900.8514285714289,1928.4,13300.0,1928.4,1964.2,2003.44,1956.472,1823.8813333333333,1918.5665,False,False,False,False,False,False,True,False,False,True,False,0.0035780958307404,0.1249740717693424,,,-0.0145571458203691,0.0541996819470372,0.142864550923045,0.1314042729724124,-0.0010066444381248,0.087140118995328,1714.9,1832.0,0.9779411764705882,0.0028173160668795,-0.0031141228144917,-0.000654636679348
1994-02-15,1893.9642857142856,1955.9485714285715,1880.19,1928.4,36800.0,1928.4,1947.68,1989.67,1960.88,1822.4120000000005,1919.2555,False,False,False,False,False,False,True,False,False,True,False,0.0106824310309064,0.0678282514001243,,,-0.0168429786351379,0.0549616262186266,0.1321302634308233,0.1314042729724124,-0.0008062574946461,0.0900953424437217,1659.8,1832.0,2.7669172932330826,0.0022479702990494,-0.00056934576783,0.0002003869434787
1994-02-16,1928.3741007194244,1955.9223021582727,1914.6,1914.6,11400.0,1914.6,1938.04,1971.07,1961.432,1821.0346666666671,1919.8755,False,False,False,False,False,False,True,False,False,True,False,0.0215710853441974,0.075524913820119,,,-0.0244604617152408,0.0488693896027017,0.1582575994985897,0.14749817194192,-0.0007563465751338,0.0969219763884591,1694.2,1832.0,0.3097826086956521,0.0002814270390204,-0.001966543260029,4.991091951225032e-05
1994-02-17,1893.9,1948.9952727272728,1893.9,1893.9,13100.0,1893.9,1931.14,1955.23,1960.6040000000005,1819.932,1920.6675,False,False,False,False,False,False,False,False,False,True,False,0.090923491208617,0.090923491208617,,,-0.0352204445852475,0.0390559163630603,0.1709171550768255,0.192037594381963,-0.0006058834432644,0.1089079034180122,1680.4,1838.8,1.149122807017544,-0.0004223188364399,-0.0007037458754603,0.0001504631318694
1994-02-18,1921.487050359712,1921.487050359712,1887.0517985611511,1914.6,16000.0,1914.6,1915.98,1946.97,1961.4320000000005,1819.748,1921.4595000000004,False,False,False,False,False,False,True,False,False,False,False,0.1330826282252168,0.0827326856784707,,,-0.024460461715241,0.04954141857307,0.1870364567011385,0.1593544343465997,-0.0001011129013467,0.1190619269942526,1618.5,1873.3,1.2213740458015268,0.0004221405585306,0.0008444593949706,0.0005047705419176
1994-02-21,1914.638434163701,1949.0743772241992,1914.638434163701,1935.3,82900.0,1935.3,1917.36,1940.78,1962.26,1819.656,1922.2860000000007,False,False,False,False,False,False,True,False,False,True,False,0.1209631581666925,0.0640210820027901,,,-0.0139306567457241,0.0597550767322895,0.2252363974577584,0.1586834082571178,-5.0559006757375145e-05,0.1273147909603355,1632.2,1838.8,5.18125,0.0004219624310741,-1.7812745656432948e-07,5.055389458938774e-05
1994-02-22,1962.773851590106,1969.660777385159,1928.339222614841,1949.0,49800.0,1949.0,1921.48,1934.58,1964.736,1819.9306666666669,1923.009,False,False,False,False,False,False,True,True,True,False,False,0.0565418163160594,0.0707029245767061,,,-0.008073884043099,0.0662233624080724,0.2593637762955362,0.1505387378142637,0.0001509215003063,0.1375854190573667,1618.5,1797.5,0.6007237635705669,0.0012602202026125,0.0008382577715383,0.0002014805070637
1994-02-23,1955.9000000000003,1969.673943661972,1955.9000000000003,1955.9000000000003,22900.0,1955.9,1929.74,1933.89,1964.7360000000003,1820.1133333333328,1923.5945000000004,False,False,False,False,False,False,True,True,False,True,False,0.0528145610716291,0.0669257119484635,,,-0.0045176133749169,0.0694241355215847,0.2162175980367093,0.1271026126080063,0.0001003600508389,0.1411248830078237,1590.9,1818.2,0.4598393574297189,1.1572734221963254e-16,-0.0012602202026124,-5.056144946746736e-05
1994-02-24,1962.795,2066.1,1962.795,2066.1,100700.0,2066.1,1964.18,1947.66,1967.492,1822.041333333333,1924.0420000000004,False,False,False,True,True,False,True,True,True,False,True,0.0,0.0033396253811529,,,0.0477266347224238,0.1181252924188891,0.1806785731571561,0.0633560815062194,0.0010581538216112,0.1346128174322007,1590.9,1770.0,4.397379912663755,0.0014007680844443,0.0014007680844442,0.0009577937707723
1994-02-25,2059.2082539682538,2176.286984126984,2045.4342857142856,2169.4,369300.0,2169.4,2015.14,1965.56,1975.204,1826.1733333333327,1925.1780000000008,False,False,False,False,False,False,True,True,False,False,False,-0.0444362496542823,-0.0444362496542823,,,0.0895159952060478,0.1582127162656342,0.0965243846224763,0.0127224117267446,0.0022626548775947,0.1254400781456683,1549.6,1570.3,3.667328699106256,0.0039044068359521,0.0025036387515077,0.0012045010559834
1994-02-28,2169.4,2169.4,2121.1911111111112,2169.4,126500.0,2169.4,2061.96,1989.6600000000003,1982.6400000000008,1830.0293333333327,1926.3485000000007,False,False,False,False,False,False,True,True,False,True,False,-0.0507974555176547,-0.0158569189637688,,,0.0860883193509723,0.1564352662794631,0.1104913801050981,0.0127224117267446,0.0021070700506073,0.1125719972256564,1604.6999999999998,1577.1,0.3425399404278364,0.0037505548158015,-0.0001538520201505,-0.0001555848269873
1994-03-01,2155.617391304348,2162.504347826087,2059.2,2059.2,62300.0,2059.2,2084.0,2002.74,1990.076,1832.876,1927.0370000000007,False,False,False,False,False,False,True,True,False,True,False,0.0134032634032635,0.0802738927738928,,,0.0335683760683759,0.1099087024087023,0.1736111111111111,0.0632284382284383,0.0015531147042501,0.105685211260573,1549.6,1749.3,0.4924901185770751,0.0037365407150275,-1.4014100773985204e-05,-0.0005539553463571
1994-03-02,2121.182608695652,2121.182608695652,2059.2,2059.2,39100.0,2059.2,2104.66,2017.2,1996.1360000000004,1835.9973333333328,1927.7255000000007,False,False,False,False,False,False,True,True,False,True,False,0.0134032634032635,0.073572261072261,,,0.0306254856254853,0.1083929033929033,0.158896658896659,0.0374902874902876,0.001700075090886,0.0947551060876462,1611.6,1783.8,0.6276083467094703,0.0030358652917438,-0.0007006754232837,0.0001469603866358
1994-03-03,2059.213,2093.648,2059.213,2066.1,35300.0,2066.1,2104.6600000000003,2034.42,2000.2680000000005,1839.028,1928.7585000000008,False,False,False,False,False,False,True,True,False,True,False,0.0033396253811529,0.0633560815062194,,,0.0318629301582689,0.1099036832679927,0.1586564057886841,0.0450123420937999,0.0016479720084015,0.0806470640280766,1652.9,1749.3,0.9028132992327366,0.0020657231930921,-0.0009701420986516,-5.2103082484482094e-05
1994-03-04,2059.2259136212624,2079.887043189369,2045.451827242525,2073.0,79000.0,2073.0,2085.38,2050.26,2005.228,1841.5986666666663,1929.5850000000005,False,False,False,False,False,False,True,True,False,False,False,0.0,0.076410998552822,,,0.0326927158707187,0.1116263064801416,0.136565364206464,0.0488181379643028,0.0013958886445759,0.0700789168203056,1701.1,1604.6999999999998,2.237960339943343,0.0024735341816489,0.0004078109885568,-0.0002520833638256
1994-03-07,2100.5217391304345,2100.5217391304345,2059.2,2059.2,20100.0,2059.2,2063.34,2062.65,2009.908,1844.628,1930.3770000000009,False,False,False,False,False,False,True,True,False,True,False,0.0368104118104119,0.0702700077700079,,,0.0239374514374514,0.1042016317016316,0.1220862470862471,0.066919191919192,0.0016422462053777,0.061450076358083,1790.5999999999997,1632.2,0.2544303797468354,0.0023284647854527,-0.0001450693961961,0.0002463575608018
1994-03-08,2066.138613861386,2100.574257425743,2059.251485148515,2086.8,72300.0,2086.8,2068.86,2076.4300000000003,2010.736,1848.0253333333333,1931.4100000000003,False,False,False,False,False,False,True,True,False,True,False,0.0659861989649222,0.0461951313015141,,,0.0364500670883649,0.1144214427193151,0.1217653824036802,0.0564021468276786,0.0018383586372192,0.0525806311794762,1818.2,1618.5,3.5970149253731343,0.0004117895138895,-0.0019166752715632,0.0001961124318414
1994-03-09,2114.348514851485,2121.2356435643565,2073.025742574257,2086.8,39900.0,2086.8,2074.38,2089.5199999999995,2010.184,1851.422666666666,1932.5465000000008,False,False,False,False,False,False,False,True,False,True,False,0.059373202990224,0.0626797009775731,,,0.0367145869273529,0.1127934317296023,0.1108874832279085,0.0745639256277553,0.0018349852761872,0.0478004517783991,1900.8,1652.9,0.5518672199170125,-0.000274601728001,-0.0006863912418906,-3.373361032017308e-06
1994-03-10,2086.7740863787376,2107.435215946844,2066.112956810631,2073.0,18000.0,2073.0,2075.76,2090.21,2011.012,1854.5453333333328,1933.4760000000008,False,False,False,False,False,False,True,True,False,False,False,0.0598166907863,0.0697539797395079,,,0.0299025566811384,0.1053809294098732,0.1401833092136999,0.125566811384467,0.001683790959725,0.0539754378746633,1914.6,1708.0,0.4511278195488721,0.0004117329981123,0.0006863347261134,-0.0001511943164622
1994-03-11,2100.548172757475,2100.548172757475,2059.2259136212624,2073.0,27900.0,2073.0,2075.76,2080.57,2014.044,1857.208,1934.3715000000009,False,False,False,False,False,False,True,True,True,False,False,0.076410998552822,0.0963338157260008,,,0.0284399421128798,0.1040964785335262,0.1401833092136999,0.1146164978292329,0.0014336933001943,0.06431891260568,1893.9,1714.9,1.55,0.0015054288784158,0.0010936958803034,-0.0002500976595306
1994-03-14,2079.903225806452,2135.0,2073.016129032258,2135.0,92000.0,2135.0,2090.92,2077.13,2019.556,1861.1573333333329,1935.6800000000003,False,False,False,False,False,False,True,True,False,False,False,0.032271662763466,0.1106323185011708,,,0.0540721311475409,0.1282635441061672,0.09288056206089,0.1,0.0021219771497015,0.0733752822403989,1914.6,1714.9,3.297491039426524,0.0027293127796406,0.0012238839012248,0.0006882838495072
1994-03-15,2169.4040247678017,2238.273993808049,2155.6300309597523,2224.5,282300.0,2224.5,2118.46,2093.66,2028.0960000000005,1866.8506666666665,1937.4015000000009,False,False,False,False,False,False,True,True,False,False,True,-0.0185659698808721,0.1033940211283434,,,0.0882913014160483,0.1607774031617592,0.0523263654753877,0.0489098673859295,0.0030496993867748,0.0717738314721588,1887.1,1659.8,3.0684782608695653,0.0042108460349019,0.0014815332552612,0.0009277222370733
1994-03-16,2203.813084112149,2224.4738317757005,2169.378504672897,2210.7,91400.0,2210.7,2143.24,2108.8100000000004,2038.012,1872.084,1938.9165000000007,False,False,False,False,False,False,True,True,False,False,False,0.0031211833355951,0.0760392635816711,,,0.0781146243271361,0.153171393676211,0.058895372506446,0.0554575473831819,0.0027954586083389,0.0734110706986402,1955.9000000000003,1694.2,0.3237690400283387,0.0048655258163344,0.0006546797814325,-0.0002542407784359
1994-03-17,2203.887147335423,2210.7742946708463,2190.1128526645766,2197.0,43600.0,2197.0,2168.04,2121.9,2048.756,1877.7773333333328,1940.1220000000008,False,False,False,False,False,False,True,True,False,False,False,0.0093764223941738,0.1103322712790168,,,0.0674756486117433,0.1452993475952058,0.0654984069185253,0.0586253982703687,0.0030319533803436,0.0746453650030632,1997.2,1680.4,0.4770240700218818,0.0052441579182684,0.0003786321019339,0.0002364947720047
1994-03-18,2224.512962962963,2231.4,2196.964814814815,2231.4,92200.0,2231.4,2199.7200000000003,2137.74,2058.396,1886.592,1941.2585000000008,False,False,False,False,False,False,True,True,False,True,False,0.0185085596486509,0.0660571838307789,,,0.0775315945146544,0.1545254100564667,0.0320874787129156,0.0456663977771802,0.0046722697152682,0.074125010525134,1976.6,1618.5,2.114678899082569,0.0046832582263084,-0.0005608996919599,0.0016403163349245
1994-03-22,2217.674375,2224.5615625,2190.125625,2203.9,52100.0,2203.9,2213.5,2152.21,2069.416,1894.949333333333,1942.1195000000007,False,False,False,False,False,False,True,True,False,False,False,0.0759108852488768,0.0931076727619219,,,0.0610209174644947,0.1401836138965774,0.0553110395208494,0.0587140977358319,0.0044103202055708,0.0732363477541687,1983.5,1632.2,0.5650759219088937,0.005325173865477,0.0006419156391686,-0.0002619495096974
1994-03-23,2196.9741324921133,2203.8611987381705,2183.2,2183.2,25700.0,2183.2,2205.24,2161.8500000000004,2079.608,1900.7346666666665,1943.2215000000008,False,False,False,False,False,False,True,True,False,True,False,0.1242671308171492,0.1069530963722975,,,0.0474496152436788,0.12938133626481,0.0687522902161965,0.0687522902161965,0.0030437353696922,0.0744084927261371,1873.3,1618.5,0.4932821497120921,0.0049009236356082,-0.0004242502298687,-0.0013665848358785
1994-03-24,2183.1652173913044,2217.6,2183.1652173913044,2217.6,53300.0,2217.6,2206.62,2174.93,2091.728,1906.5186666666664,1944.5645000000004,False,False,False,False,False,False,True,True,False,False,False,0.0726911976911978,0.0761183261183262,,,0.0567604617604616,0.1402783790283791,0.0419372294372294,0.0487914862914864,0.0030338019244849,0.0717816205579031,1907.7,1590.9,2.0739299610894943,0.0057942524075787,0.0008933287719705,-9.933445207235393e-06
1994-03-25,2238.260869565217,2245.1478260869567,2203.826086956521,2217.6,67500.0,2217.6,2210.74,2189.39,2104.676,1912.7626666666663,1945.9415,False,False,False,False,False,False,True,True,False,False,False,0.1000180375180376,0.0795003607503608,,,0.0509217171717171,0.1374627224627226,0.052173520923521,0.031700937950938,0.0032643882635377,0.0626293168416775,1962.8,1590.9,1.2664165103189493,0.0061520157972057,0.000357763389627,0.0002305863390528
1994-03-28,2242.3973333333333,2310.5783333333334,2219.670333333333,2272.7,49400.0,2272.7,2219.0,2209.36,2118.9999999999995,1921.6693333333333,1947.112,False,False,False,False,False,False,True,True,False,False,False,0.0466845602147227,0.0366964403572843,,,0.0676288115457386,0.1544553467974948,0.0200202402428829,0.0166762001144014,0.0046348591363621,0.0530244052576312,1949.0,1549.6,0.7318518518518519,0.0067597923548841,0.0006077765576784,0.0013704708728243
1994-03-29,2272.7156549520764,2371.2,2272.7156549520764,2371.2,111700.0,2371.2,2252.46,2232.9800000000005,2136.436,1931.5226666666667,1948.8095,False,False,False,False,False,False,True,True,False,False,False,0.0159834682860999,-0.0255566801619432,,,0.0990064102564101,0.185423976608187,-0.0223515519568151,-0.0319247638326584,0.005101329382967,0.0395122213365097,1942.2,1604.6999999999998,2.2611336032388665,0.0081612554740701,0.0014014631191859,0.0004664702466048
1994-03-30,2295.412037037037,2462.0756172839506,2295.412037037037,2454.5,191400.0,2454.5,2306.72,2255.9800000000005,2156.656,1942.6693333333333,1950.9925000000003,False,False,False,False,False,False,True,True,False,False,False,-0.0154002851904665,-0.0462823385618251,,,0.1213460990018334,0.2085274665580227,-0.0555306579751477,-0.0617233652475045,0.0057378095568845,0.0275711664110494,2066.1,1549.6,1.7135183527305282,0.0093756259690928,0.0012143704950226,0.0006364801739175
1994-03-31,2378.8,2393.9515923566883,2356.0726114649683,2378.8,160200.0,2378.8,2338.96,2272.79,2173.572,1952.348,1952.969,False,False,False,False,False,False,True,True,False,True,False,0.0031948881789136,-0.0254750294266018,,,0.0862737514713301,0.1792719017992265,-0.0159324028922146,-0.0477551706742897,0.0049574495257334,0.0169747314974106,2100.6,1611.6,0.8369905956112853,0.0077825809312965,-0.0015930450377962,-0.000780360031151
1994-04-01,2378.793788819876,2439.4,2371.21801242236,2439.4,131300.0,2439.4,2383.32,2297.03,2188.5039999999995,1962.1,1955.0765,False,False,False,False,False,False,True,True,False,True,False,-0.0186521275723538,-0.0310732147249324,,,0.1028515208657869,0.1956628679183406,-0.0559153890300894,-0.0714110027055834,0.004970185005861,0.0036046547062947,2052.3,1652.9,0.8196004993757803,0.0068229256149403,-0.0009596553163562,1.273548012757468e-05
1994-04-04,2424.254777070064,2431.830573248408,2378.8,2378.8,112900.0,2378.8,2404.54,2311.77,2196.88,1970.951999999999,1957.053,False,False,False,False,False,False,True,True,False,True,False,-0.0095426265343872,-0.0063897763578275,,,0.0764755338826299,0.1714511518412649,-0.0350176559609888,-0.0732722381032454,0.0044912306337237,-0.0083658841493745,1997.2,1701.1,0.8598629093678599,0.0038126798004445,-0.0030102458144957,-0.0004789543721372
1994-04-05,2439.403144654088,2446.97893081761,2409.1,2409.1,89100.0,2409.1,2412.12,2332.29,2206.468,1980.208,1959.1125,False,False,False,False,False,False,True,True,False,False,False,-0.0408866381636295,-0.031464032211199,,,0.0841110788261176,0.1780299696982276,-0.0471545390394752,-0.1100826034618736,0.0046742564417478,-0.0252112730406596,1997.2,1790.5999999999997,0.7891939769707705,0.0043454063235903,0.0005327265231457,0.000183025808024
1994-04-06,2424.275862068965,2431.851724137931,2409.124137931034,2416.7,98000.0,2416.7,2404.56,2355.64,2220.768,1990.2999999999995,1961.451,False,False,False,False,False,False,True,True,False,False,False,-0.0313650846195223,-0.0313650846195223,,,0.0810741920801091,0.176438945669715,-0.0532958166094259,-0.1003434435387098,0.005070592373009,-0.0416277529673462,2011.0,1818.2,1.099887766554433,0.0064392138215248,0.0020938074979345,0.0003963359312612
1994-04-07,2386.4,2424.279365079365,2386.4,2386.4,30800.0,2386.4,2406.08,2372.52,2233.856,1999.5293333333327,1963.8100000000004,False,False,False,False,False,False,True,True,False,True,False,-0.0285786121354342,-0.0190663761314113,,,0.0639222259470331,0.1621147614258579,-0.0412755615152531,-0.0889205497820986,0.0046157529071841,-0.0548362079139478,1962.8,1900.8,0.3142857142857143,0.005858927343571,-0.0005802864779538,-0.0004548394658249
1994-04-08,2416.6268987341773,2416.6268987341773,2302.9924050632912,2393.9,66800.0,2393.9,2396.98,2390.1500000000005,2246.9680000000003,2009.042666666666,1966.3785000000007,False,False,False,False,False,False,True,True,False,True,False,-0.0126571703078659,-0.0221396048289402,,,0.0613776682401101,0.1607658353871649,-0.0506286812314634,-0.0854254563682693,0.0047352569913895,-0.0659289165951929,1928.4,1914.6,2.168831168831169,0.0058354191069922,-2.350823657881057e-05,0.0001195040842054
1994-04-11,2378.827652733119,2378.827652733119,2356.1,2356.1,38000.0,2356.1,2392.44,2398.49,2258.292,2018.877333333333,1968.7580000000007,False,False,False,False,False,False,True,True,False,True,False,0.003183226518399,-0.0225372437502652,,,0.0415126692415432,0.1431274846851437,-0.0353974788845974,-0.0707525147489494,0.0048713542444052,-0.0742300363979001,1990.4,1893.9,0.5688622754491018,0.0050144091198125,-0.0008210099871797,0.0001360972530156
1994-04-12,2318.175737704918,2333.327213114754,2303.024262295082,2310.6,61000.0,2310.6,2372.74,2392.43,2268.348,2027.9226666666664,1971.3920000000007,False,False,False,False,False,False,True,True,False,True,False,0.0098242880637065,0.0065783779104995,,,0.0182861594391067,0.1223393635130847,-0.0098242880637063,-0.0655673850947805,0.0044603936244775,-0.0775863870625261,1928.4,1914.6,1.605263157894737,0.004433182210137,-0.0005812269096754,-0.0004109606199277
1994-04-13,2318.1728155339806,2363.62718446602,2318.1728155339806,2340.9,44400.0,2340.9,2357.58,2381.07,2278.5120000000006,2037.5546666666664,1974.177500000001,False,False,False,False,False,False,True,True,False,False,False,0.0,-0.0032466145499593,,,0.0266512879661666,0.1295849174818803,-0.0291340937246359,-0.0582681874492716,0.0047272351302149,-0.0773223802744144,1928.4,1887.1,0.7278688524590164,0.0044608059997053,2.7623789568277136e-05,0.0002668415057374
1994-04-14,2333.351633986928,2363.654901960784,2318.2,2318.2,29700.0,2318.2,2343.94,2375.01,2287.768,2047.252,1976.7465000000009,False,False,False,False,False,False,True,True,False,True,False,0.0097920800621172,-0.0032784056595634,,,0.0131274264515571,0.1168786127167629,-0.0228625657837977,-0.0522819428867223,0.0047367560678087,-0.0778396722540117,1914.6,1955.9000000000003,0.668918918918919,0.0040458647904854,-0.0004149412092198,9.52093759376809e-06
1994-04-15,2348.448717948718,2393.902564102564,2340.873076923077,2363.6,42700.0,2363.6,2337.88,2367.43,2299.392,2057.554666666667,1979.4390000000003,False,False,False,False,False,False,True,True,False,False,False,-0.0096039939075985,-0.0128194279911997,,,0.0271653410052462,0.1294827099904099,-0.0704856997799965,-0.0704856997799965,0.0050072383658013,-0.0777678748685281,1893.9,1997.2,1.4377104377104375,0.0050552493876641,0.0010093845971786,0.0002704822979926
1994-04-18,2363.6,2363.6,2348.448717948718,2363.6,26500.0,2363.6,2339.38,2365.91,2311.016,2068.408,1981.9250000000009,False,False,False,False,False,False,True,True,False,True,False,-0.0256388559823996,-0.0192079878151971,,,0.0222474191910644,0.1248908444745303,-0.1057708580132002,-0.0704856997799965,0.00524719172104,-0.0774923813670003,1914.6,1976.6,0.6206088992974239,0.0050298223811519,-2.542700651218116e-05,0.0002399533552387
1994-04-19,2348.451298701299,2348.451298701299,2325.724350649351,2333.3,20500.0,2333.3,2343.9200000000005,2358.3299999999995,2318.948,2078.122666666666,1984.2940000000008,False,False,False,False,False,False,True,True,False,True,False,-0.003214331633309,-0.006471521021729,,,0.0061509450135003,0.1093632766182376,-0.0779153987914113,-0.0552007885826941,0.0046747320658643,-0.0719576988801395,1935.3,1983.5,0.7735849056603774,0.0034205165445709,-0.0016093058365809,-0.0005724596551756
1994-04-20,2318.1728155339806,2340.9,2265.142718446602,2340.9,39300.0,2340.9,2343.92,2350.7499999999995,2323.604,2088.6733333333327,1986.7010000000007,False,False,False,False,False,False,True,True,False,True,False,-0.0032466145499593,-0.0096971250373789,,,0.0073886112179077,0.1077477323536534,-0.0970994062112863,-0.0582681874492716,0.0050513723224629,-0.0676762735297244,1949.0,1873.3,1.9170731707317072,0.0020037837772701,-0.0014167327673008,0.0003766402565986
1994-04-21,2340.9,2363.62718446602,2340.9,2340.9,31500.0,2340.9,2348.46,2346.2000000000003,2328.812,2098.3973333333333,1989.4525000000008,False,False,False,False,False,False,True,True,False,False,False,-0.0129437395873382,0.0,,,0.0051638258789355,0.1035937744742051,-0.084155666623948,-0.042077833311974,0.004634012751319,-0.0629613843662091,1955.9000000000003,1907.7,0.8015267175572519,0.0022363333751286,0.0002325495978585,-0.0004173595711439
1994-04-22,2340.9,2363.62718446602,2333.3242718446604,2340.9,74200.0,2340.9,2343.92,2340.9000000000005,2334.568,2107.5706666666665,1992.0315000000007,False,False,False,False,False,False,True,True,False,False,False,-0.0032466145499593,-0.0161903541372976,,,0.0027049425434661,0.0996750537542541,-0.0744158229740699,-0.042077833311974,0.0043525626345149,-0.0585757614592679,2066.1,1962.8,2.355555555555556,0.0024655525133559,0.0002292191382272,-0.000281450116804
1994-04-25,2348.4539473684213,2348.4539473684213,2295.424342105264,2303.0,38000.0,2303.0,2331.8,2335.59,2337.432,2115.5959999999995,1994.5935000000013,False,False,False,False,False,False,True,True,False,True,False,0.0066000868432478,-0.0032566217976552,,,-0.0149509335649152,0.081373860182371,-0.0559270516717326,-0.0263135041250542,0.0037934148737911,-0.0541661849896598,2169.4,1949.0,0.5121293800539084,0.0012252762861121,-0.0012402762272438,-0.0005591477607238
1994-04-26,2310.648208469056,2340.951791530945,2310.648208469056,2325.8,15500.0,2325.8,2330.3,2337.11,2342.308,2122.7319999999995,1997.1660000000008,False,False,False,False,False,False,True,True,False,False,False,-0.0032676928368734,-0.0130277753891135,,,-0.0070977728093558,0.0873110327629205,-0.0619141800670736,-0.0390833261673403,0.0033617055756449,-0.0515380106199536,2169.4,1942.2,0.4078947368421052,0.0020817074441107,0.0008564311579986,-0.0004317092981461
1994-04-27,2333.3,2340.87564935065,2333.3,2333.3,14000.0,2333.3,2328.78,2336.35,2348.3120000000004,2129.599999999999,1999.879500000001,False,False,False,False,False,False,True,True,False,False,False,-0.006471521021729,-0.0194574208202974,,,-0.0064338061972314,0.0873012471606742,-0.0649294989928427,-0.0649294989928427,0.0032250187828697,-0.0522010828856976,2059.2,2066.1,0.9032258064516128,0.0025567301108201,0.0004750226667094,-0.0001366867927751
1994-04-28,2325.751475409836,2333.327213114754,2310.6,2310.6,43100.0,2310.6,2322.7200000000003,2335.5899999999992,2352.032,2135.0639999999994,2002.4795000000008,False,False,False,False,False,False,True,True,False,True,False,0.0131134770189561,-0.0098242880637063,,,-0.0179312732623562,0.0759698779537784,-0.0491647191205747,-0.0393404310568683,0.0025591738701979,-0.0509207523580763,2059.2,2100.6,3.0785714285714287,0.0015816111345423,-0.0009751189762778,-0.0006658449126717
1994-05-02,2295.4217532467537,2348.451298701299,2295.4217532467537,2333.3,22400.0,2333.3,2321.2,2332.5599999999995,2356.6600000000008,2140.646666666666,2004.9175000000005,False,False,False,False,False,False,True,True,False,False,False,-0.0129858997985686,-0.0259717995971372,,,-0.0100115715938801,0.082566893812769,-0.032443320618866,-0.0357005100072858,0.0026079346739458,-0.0474157149226598,2066.1,2052.3,0.5197215777262181,0.0019637962200744,0.0003821850855321,4.876080374789909e-05
1994-05-06,2348.503267973856,2363.654901960784,2318.2,2318.2,18700.0,2318.2,2324.24,2328.0199999999995,2358.4800000000005,2146.304,2007.107500000001,False,False,False,False,False,False,True,True,False,True,False,-0.009792080062117,-0.0196272970408075,,,-0.0173755499956865,0.0741506341126735,-0.0424898628246053,-0.0490466741437321,0.0026358490378501,-0.0452358656712569,2073.0,1997.2,0.8348214285714286,0.0007716834571417,-0.0011921127629326,2.79143639042999e-05
1994-05-09,2333.351633986928,2363.654901960784,2318.2,2318.2,37800.0,2318.2,2322.72,2326.51,2356.36,2151.685333333333,2009.056500000001,False,False,False,False,False,False,False,True,False,True,False,-0.009792080062117,-0.0130704857216804,,,-0.0164610473643345,0.0718292928421477,-0.032697782762488,-0.0588387542058492,0.0025009852741786,-0.0455918951562641,2059.2,1997.2,2.021390374331551,-0.0008996927464395,-0.0016713762035813,-0.0001348637636715
1994-05-10,2310.624183006536,2333.351633986928,2303.048366013072,2318.2,16900.0,2318.2,2319.7,2324.2400000000007,2350.908,2157.433333333333,2010.9365000000007,False,False,False,False,False,False,False,True,False,True,False,-0.0130704857216804,-0.0196272970408075,,,-0.0141092226727633,0.06934978287752,-0.032697782762488,-0.0686308342679665,0.0026642769958129,-0.046613086428252,2086.8,2011.0,0.4470899470899471,-0.0023191039377126,-0.0014194111912731,0.0001632917216343
1994-05-11,2348.47572815534,2356.0514563106794,2325.7485436893203,2340.9,59000.0,2340.9,2325.76,2324.2400000000007,2349.392,2162.566666666666,2013.033500000001,False,False,False,False,False,False,False,True,False,False,False,-0.0226408646247169,-0.0323379896620958,,,-0.0036276645734545,0.076181525624048,-0.0582681874492716,-0.0776624375240292,0.0023737225827334,-0.0501970536605516,2086.8,1962.8,3.4911242603550297,-0.0006452733302914,0.0016738306074212,-0.0002905544130795
1994-05-12,2265.121710526316,2310.575657894737,2265.121710526316,2303.0,44000.0,2303.0,2319.7,2320.4500000000003,2343.936,2166.644,2014.8375000000008,False,False,False,False,False,False,False,True,False,True,False,-0.0131567520625272,-0.0460269214068606,,,-0.017775075987842,0.0592079895788103,-0.0460269214068606,-0.0624837168910117,0.0018818658410581,-0.0522355577581936,2073.0,1928.4,0.7457627118644068,-0.0023277086063781,-0.0016824352760867,-0.0004918567416752
1994-05-13,2303.075907590759,2303.075907590759,2280.348184818482,2295.5,10500.0,2295.5,2315.16,2319.7000000000003,2340.604,2170.896,2016.6040000000007,False,False,False,False,False,False,False,True,False,False,False,-0.0099324765846221,-0.0792419952080157,,,-0.0196488782400347,0.0542818558048354,-0.0429100413853191,-0.062731431060771,0.0019586382765459,-0.0558477389317584,2073.0,1990.4,0.2386363636363636,-0.0014235641740338,0.0009041444323443,7.677243548774343e-05
1994-05-16,2295.5,2303.075907590759,2280.348184818482,2295.5,24800.0,2295.5,2310.62,2316.67,2336.06,2175.056,2018.474000000001,False,False,False,False,False,False,False,True,False,True,False,-0.0033108255282073,-0.062731431060771,,,-0.0176693530821171,0.0524696144630799,-0.0429100413853191,-0.0759311696798084,0.0019125944343501,-0.0595207776679457,2135.0,1928.4,2.361904761904762,-0.0019451555182657,-0.0005215913442318,-4.604384219577943e-05
1994-05-17,2295.4758278145696,2310.627483443709,2280.3241721854306,2287.9,22100.0,2287.9,2304.56,2312.13,2330.908,2180.584,2020.3405000000007,False,False,False,False,False,False,False,True,False,True,False,-0.0066436470125443,-0.0761833996241095,,,-0.0187980243891777,0.0469058962367237,-0.0430525809694479,-0.0596179902967787,0.0025351006886227,-0.0589845726667616,2224.5,1928.4,0.8911290322580645,-0.002210297446317,-0.0002651419280513,0.0006225062542726
1994-05-18,2310.627483443709,2310.627483443709,2272.748344370861,2287.9,31900.0,2287.9,2293.96,2309.86,2326.9680000000003,2185.653333333333,2022.4480000000008,False,False,False,False,False,False,False,True,False,False,False,-0.0099217623147866,-0.0629398138030508,,,-0.0170759211504,0.0446901816804348,-0.066217929105293,-0.0529743432842345,0.0023193675117737,-0.0603543071874487,2210.7,1914.6,1.4434389140271493,-0.0016931904521246,0.0005171069941924,-0.000215733176849
1994-05-19,2272.7,2287.851333333333,2265.124333333333,2272.7,16900.0,2272.7,2287.9,2303.8,2322.12,2189.785333333333,2024.6175000000007,False,False,False,False,False,False,False,True,False,True,False,-0.0333083997007963,-0.0466405596867162,,,-0.0217450609407313,0.036482891128027,-0.0499845998151977,-0.043340520086241,0.0018869429514854,-0.0611728448650057,2197.0,1893.9,0.5297805642633229,-0.0020877474032351,-0.0003945569511104,-0.0004324245602882
1994-05-20,2280.2756666666664,2280.2756666666664,2265.124333333333,2272.7,9500.0,2272.7,2283.34,2299.25,2318.784,2194.101333333333,2026.8210000000013,False,False,False,False,False,False,False,True,False,False,False,-0.0700048400580806,-0.043340520086241,,,-0.02027720332644,0.0345838283392734,-0.043340520086241,-0.043340520086241,0.0019670923737342,-0.0606328150483852,2231.4,1914.6,0.5621301775147929,-0.0014386851039164,0.0006490622993187,8.014942224882321e-05
1994-05-23,2280.3241721854306,2287.9,2280.3241721854306,2287.9,29900.0,2287.9,2281.82,2296.2200000000003,2317.876,2198.710666666667,2028.722000000001,False,False,False,False,False,False,False,True,False,False,False,-0.0596179902967787,-0.04637440447572,,,-0.0131019712400017,0.0389830557862377,-0.0397307574631758,-0.0496962279819923,0.0020963801209559,-0.0597242424506362,2203.9,1935.3,3.147368421052632,-0.000391737953195,0.0010469471507214,0.0001292877472216
1994-05-24,2272.7,2295.427,2272.7,2272.7,36400.0,2272.7,2278.78,2291.67,2315.148,2201.465333333333,2030.4780000000007,False,False,False,False,False,False,False,True,False,True,False,-0.0700048400580806,-0.0399964799577593,,,-0.0186773441281296,0.0313436294568868,-0.0300083601003211,-0.0499845998151977,0.0012512877786248,-0.0578573703892794,2183.2,1949.0,1.2173913043478262,-0.0011783263964118,-0.0007865884432167,-0.0008450923423311
1994-05-25,2265.2,2272.7759197324413,2250.048160535117,2265.2,23800.0,2265.2,2274.24,2284.1000000000004,2313.028,2203.6600000000008,2032.1620000000007,False,False,False,False,False,False,False,True,False,False,False,-0.0535493554653009,-0.030107716757902,,,-0.0211142503973159,0.0271675790217195,-0.0100653363941372,-0.0702366236976867,0.0009959189106612,-0.0570552953023073,2217.6,1955.9000000000003,0.6538461538461539,-0.0009165474866713,0.0002617789097405,-0.0002553688679636
1994-05-26,2242.455172413793,2272.758620689656,2197.0,2197.0,48800.0,2197.0,2259.1,2273.5,2306.364,2205.589333333334,2033.2295000000013,False,False,False,False,False,False,False,True,False,True,False,-0.0137915339098771,0.0275830678197541,,,-0.0497787892580792,-0.0039095736610531,0.062039144287665,-0.0413746017296313,0.0008747473086556,-0.0549901033648559,2217.6,2066.1,2.0504201680672267,-0.0028893964699413,-0.00197284898327,-0.0001211716020055
1994-05-27,2166.629390681004,2166.629390681004,2083.2974910394264,2113.6,129200.0,2113.6,2227.28,2255.31,2296.364,2207.1413333333344,2034.018000000001,False,False,False,False,False,False,False,True,False,True,False,0.028671461014383,0.0501987130961392,,,-0.0864704769114308,-0.0442568761039621,0.0932059046177138,-0.0035484481453444,0.0007031720065052,-0.0493812380559656,2272.7,2169.4,2.6475409836065573,-0.0043547103159603,-0.001465313846019,-0.0001715753021504
1994-05-30,2098.470070422535,2189.3785211267605,2098.470070422535,2151.5,79600.0,2151.5,2200.0,2240.91,2289.092,2209.198666666668,2035.2025000000008,False,False,False,False,False,False,False,True,False,False,False,0.0140831977689984,0.0422495933069951,,,-0.0639516616314199,-0.0268178789991485,0.0915640250987683,-0.0211015570532187,0.0009312577290469,-0.0439464324760925,2371.2,2169.4,0.6160990712074303,-0.0031768054757082,0.0011779048402521,0.0002280857225417
1994-05-31,2143.9025089605734,2151.478136200717,2106.0243727598568,2113.6,69800.0,2113.6,2168.18,2223.48,2279.9999999999995,2210.566666666667,2036.0255000000009,False,False,False,False,False,False,False,True,False,True,False,0.0322672218016655,0.0609386828160485,,,-0.0787282361847083,-0.0458774917991422,0.1039458743376231,-0.0035484481453444,0.0006188458464642,-0.0384937125586918,2454.5,2059.2,0.8768844221105527,-0.0039877192982458,-0.0008109138225376,-0.0003124118825827
1994-06-01,2121.1731448763253,2159.0512367491165,2121.1731448763253,2143.9,87200.0,2143.9,2143.92,2209.0800000000004,2272.12,2212.9813333333336,2036.931000000001,False,False,False,False,False,False,False,True,False,False,False,0.0247679462661504,0.0282662437613694,,,-0.0598068939782638,-0.0322222740488518,0.0883436727459303,-0.0458976631372732,0.0010911373857046,-0.0377125319137382,2378.8,2059.2,1.2492836676217765,-0.0034681266834496,0.0005195926147961,0.0004722915392403
1994-06-02,2174.275874125874,2197.0034965034965,2159.1241258741256,2166.7,82800.0,2166.7,2137.86,2198.4800000000005,2265.152,2216.158666666667,2037.9505000000008,False,False,False,False,False,False,False,True,False,False,False,0.0419532007199889,0.0139844002399963,,,-0.0454386855586838,-0.0228267257426811,0.0734296395440071,-0.0559376009599851,0.0014337120266359,-0.0389268949455989,2439.4,2066.1,0.9495412844036696,-0.0030761732545982,0.0003919534288513,0.0003425746409313
1994-06-03,2174.2,2204.50243902439,2174.2,2174.2,81900.0,2174.2,2149.9800000000005,2188.63,2259.9999999999995,2218.609333333334,2038.9730000000009,False,False,False,False,False,False,False,True,False,False,False,0.0209272376046361,0.0104866157667188,,,-0.0394627909115995,-0.0204255971545092,0.0731763407230247,-0.0487535645294821,0.001104595851936,-0.0394447668175981,2378.8,2073.0,0.9891304347826086,-0.0022796460176993,0.0007965272368989,-0.0003291161746999
1994-06-06,2174.224305555556,2189.3756944444444,2174.224305555556,2181.8,10800.0,2181.8,2156.04,2178.02,2254.24,2221.9880000000003,2039.8960000000009,False,False,False,False,False,False,False,True,False,True,False,0.0277752314602621,0.0069667247227059,,,-0.0332019433495277,-0.0184196534971125,0.0694380786506554,-0.0485837381978183,0.001520560267052,-0.0392833858274946,2409.1,2059.2,0.1318681318681318,-0.002555184896018,-0.0002755388783187,0.000415964415116
1994-06-07,2189.3756944444444,2189.3756944444444,2174.224305555556,2181.8,37100.0,2181.8,2169.6800000000003,2168.93,2248.18,2225.366666666667,2040.1645000000008,False,False,False,False,False,False,False,True,False,True,False,0.0277752314602621,0.0034833623613529,,,-0.0304244202035015,-0.0199682219574051,0.0694380786506554,-0.0694380786506555,0.0015182516738813,-0.0411954281604292,2416.7,2086.8,3.435185185185185,-0.0026955137044186,-0.0001403288084005,-2.308593170689344e-06
1994-06-08,2189.4241379310347,2197.0,2181.848275862069,2197.0,31000.0,2197.0,2180.3,2162.11,2243.636,2229.1320000000005,2040.337000000001,False,False,False,False,False,False,False,True,False,False,False,0.0034137460172963,-0.0275830678197541,,,-0.0212271279016841,-0.0146253982703689,0.0586253982703687,-0.0689576695493855,0.0016891477639429,-0.040973863494457,2386.4,2086.8,0.8355795148247979,-0.0020252839587169,0.0006702297457017,0.0001708960900615
1994-06-09,2219.7208053691274,2257.6,2196.993288590604,2257.6,60500.0,2257.6,2198.48,2168.17,2240.608,2233.9813333333336,2040.8810000000003,False,False,False,False,True,False,False,True,False,False,True,-0.026842664776754,-0.0436304039688164,,,0.0075265768958184,0.010461847389558,0.0134213323883771,-0.1107370659107016,0.0021707134526936,-0.0481973277003187,2393.9,2073.0,1.9516129032258065,-0.001351418900584,0.0006738650581329,0.0004815656887506
1994-06-10,2219.7,2272.730375426621,2219.7,2219.7,61400.0,2219.7,2207.5800000000004,2178.78,2236.668,2238.0493333333334,2041.476500000001,False,False,True,False,False,False,False,True,False,True,False,-0.0102266071991709,-0.0204982655313781,,,-0.0076442762535479,-0.0082665825712184,0.0409514799297202,-0.0921295670586114,0.0018176543025264,-0.0570043785971967,2356.1,2073.0,1.0148760330578512,-0.0017615488753807,-0.0004101299747966,-0.0003530591501671
1994-06-13,2219.672972972973,2265.127027027027,2219.672972972973,2242.4,6200.0,2242.4,2219.7,2187.87,2233.636,2242.144,2042.358000000001,False,False,False,False,False,False,False,True,False,False,False,-0.0202461648234035,-0.0202461648234035,,,0.0039083125222975,0.0001141633963611,0.0236799857295754,-0.0878077060292544,0.001826228229171,-0.0636920840817783,2310.6,2135.0,0.1009771986970684,-0.0013574279784173,0.0004041208969634,8.573926644570755e-06
1994-06-14,2242.4,2257.5513513513515,2227.2486486486487,2242.4,11800.0,2242.4,2231.82,2200.7500000000005,2230.604,2246.056,2043.1705000000013,False,False,False,False,False,False,False,True,False,True,False,-0.0236353906528719,-0.0169015340706386,,,0.0052604352479487,-0.0016303960042811,0.0270246164823403,-0.0742953977880841,0.0017417197077901,-0.0705486765875271,2340.9,2224.5,1.903225806451613,-0.001359273093745,-1.84511532775938e-06,-8.450852138088016e-05
1994-06-15,2212.0756013745704,2227.226804123711,2196.9243986254296,2204.5,15200.0,2204.5,2233.32,2206.8100000000004,2225.148,2249.3706666666667,2043.862500000001,False,False,False,False,False,False,False,True,False,True,False,-0.030891358584713,0.0171921070537537,,,-0.0093662962122931,-0.0203541241400166,0.0275345883420275,-0.0652755726922205,0.0014735973558233,-0.0724167463442708,2318.2,2210.7,1.2881355932203389,-0.0024519717340148,-0.0010926986402697,-0.0002681223519667
1994-06-16,2204.5758620689658,2227.303448275862,2197.0,2197.0,49400.0,2197.0,2221.2,2209.84,2220.908,2251.116,2044.5170000000007,False,False,False,False,False,False,False,True,False,False,False,-0.0172507965407374,0.062039144287665,,,-0.0108821119708693,-0.0246317705962676,0.0310423304506143,-0.0689576695493855,0.0007753191454075,-0.0736885928393006,2363.6,2197.0,3.25,-0.0019091290589255,0.0005428426750892,-0.0006982782104158
1994-06-17,2197.0,2212.151724137931,2197.0,2197.0,24700.0,2197.0,2216.66,2212.12,2216.9680000000003,2251.484,2045.240500000001,False,False,False,False,False,False,False,True,False,False,False,-0.0103777878925808,0.0517068730086481,,,-0.0090887573964498,-0.0247992717341829,0.0034137460172963,-0.0586253982703687,0.0001634477526822,-0.0746433285716866,2363.6,2231.4,0.5,-0.0017772020164475,0.000131927042478,-0.0006118713927253
1994-06-20,2166.696551724138,2204.5758620689658,2166.696551724138,2197.0,28500.0,2197.0,2207.58,2213.64,2213.028,2251.8519999999994,2046.0670000000007,False,False,False,False,False,False,False,True,False,True,False,0.0,0.0689576695493855,,,-0.0072954028220299,-0.024966772872098,-0.0241693218024578,-0.0655439235320892,0.0001634210418799,-0.0763087042156809,2333.3,2203.9,1.1538461538461535,-0.0017803660866471,-3.164070199614946e-06,-2.6710802238197632e-08
1994-06-21,2181.8242214532875,2196.975778546713,2166.6726643598618,2189.4,7700.0,2189.4,2196.98,2214.4,2209.088,2253.588,2046.8210000000013,False,False,False,False,False,False,False,True,False,True,False,0.0068968667214761,0.0657257696172467,,,-0.0089924180140678,-0.0293176212661001,-0.0069425413355258,-0.0380469535032429,0.0007703271405422,-0.0732026734104045,2340.9,2183.2,0.2701754385964912,-0.0017835414433465,-3.17535669945232e-06,0.0006069060986622
1994-06-22,2159.1276595744685,2159.1276595744685,2128.824113475177,2136.4,20900.0,2136.4,2183.36,2208.34,2203.028,2254.6173333333327,2047.000000000001,False,False,False,False,False,False,False,True,False,True,False,0.0496161767459277,0.0921643886912563,,,-0.0311870436247892,-0.0553348311801781,0.0176933158584533,-0.0354802471447295,0.0004565445843579,-0.0699756378093953,2340.9,2217.6,2.7142857142857144,-0.0027507594093222,-0.0009672179659756,-0.0003137825561842
1994-06-23,2136.372631578947,2159.1,2136.372631578947,2159.1,29200.0,2159.1,2175.78,2198.49,2198.4840000000004,2255.857333333333,2047.2925000000007,False,False,False,False,False,False,False,True,False,False,False,0.0806817655504609,0.0772080959659118,,,-0.0182409337223845,-0.0448137341176105,0.0140336251215785,-0.045620860543745,0.000549680151168,-0.0633980595772551,2340.9,2217.6,1.3971291866028708,-0.0020668788128544,0.0006838805964678,9.313556681008622e-05
1994-06-24,2159.0487804878044,2181.7756097560973,2159.0487804878044,2174.2,23300.0,2174.2,2171.22,2193.94,2194.544,2257.2066666666665,2047.9020000000007,False,False,False,False,False,False,False,True,False,False,False,0.0627357188851072,0.0731763407230247,,,-0.0093570048753564,-0.0381780271670806,0.0069910771778126,-0.0557446417072945,0.0005977890076526,-0.059732718305879,2303.0,2272.7,0.797945205479452,-0.0017953615876466,0.0002715172252077,4.810885648457027e-05
1994-06-27,2197.0,2234.879310344828,2174.272413793104,2197.0,44300.0,2197.0,2171.22,2189.4,2190.908,2259.0439999999994,2048.453000000001,False,False,False,False,True,False,False,True,False,False,False,0.0689576695493855,0.062039144287665,,,0.0027728720983159,-0.0282403277196173,-0.0172507965407374,-0.0620846609012289,0.0008133233940254,-0.0570932675618891,2325.8,2371.2,1.901287553648069,-0.0016595858885904,0.0001357756990562,0.0002155343863728
1994-06-28,2204.5,2212.0756013745704,2196.9243986254296,2204.5,23300.0,2204.5,2174.24,2185.61,2188.18,2260.613333333333,2048.697000000001,False,False,False,False,False,False,False,True,False,False,False,0.0584259469267408,0.0584259469267408,,,0.0074030392379225,-0.0254539956150296,0.0,-0.0549784531639826,0.0006942068819081,-0.0551150479728771,2333.3,2454.5,0.5259593679458239,-0.0012466981692548,0.0004128877193356,-0.0001191165121173
1994-06-29,2204.5216216216218,2333.308108108108,2204.5216216216218,2242.4,357700.0,2242.4,2195.44,2189.4,2187.268,2262.687999999999,2049.027500000001,False,False,False,False,False,False,False,True,False,False,False,0.0405369247235105,0.0371922939707456,,,0.0245861576881912,-0.0090474491616121,-0.0202461648234035,-0.0709507670353192,0.00091690355306,-0.0557138942175938,2310.6,2378.8,15.351931330472103,-0.0004169585071421,0.0008297396621126,0.0002226966711519
1994-06-30,2272.6948051948057,2348.451298701299,2249.9678571428576,2333.3,169300.0,2333.3,2230.28,2203.03,2192.72,2266.1586666666662,2049.778000000001,False,False,False,False,False,False,True,True,True,False,False,-0.003214331633309,-0.0194574208202974,,,0.0602494321347449,0.0287752682181176,-0.0584151202160031,-0.1038871983885484,0.0015315197111825,-0.0594953314298943,2333.3,2439.4,0.473301649426894,0.0024864095734976,0.0029033680806398,0.0006146161581224
1994-07-01,2340.902950819672,2348.4786885245903,2287.872786885246,2310.6,102600.0,2310.6,2257.5600000000004,2214.39,2200.6000000000004,2269.3266666666664,2050.4840000000013,False,False,False,False,False,False,True,True,False,False,False,0.0098242880637065,0.0,,,0.0476066822470352,0.0178626042297816,-0.0491647191205747,-0.0950835280879424,0.001396008801436,-0.0632950835218725,2318.2,2378.8,0.6060248080330773,0.0035808415886578,0.0010944320151602,-0.0001355109097464
1994-07-04,2348.5,2363.6516129032257,2333.3483870967743,2348.5,53700.0,2348.5,2287.86,2229.54,2208.4800000000005,2272.1733333333327,2051.448000000001,False,False,False,False,False,False,True,True,False,True,False,-0.0064722163082818,-0.0225675963380881,,,0.0596210347030017,0.0325001774182104,-0.0613157334468809,-0.1064509261230572,0.0012528386918836,-0.0676193295477989,2318.2,2409.1,0.5233918128654971,0.0035680649134246,-1.2776675233228204e-05,-0.0001431701095523
1994-07-05,2348.451298701299,2348.451298701299,2310.573051948052,2333.3,50500.0,2333.3,2313.6200000000003,2243.93,2217.268,2273.624,2052.336000000001,False,False,False,False,False,False,True,True,False,False,False,0.0,-0.0129858997985686,,,0.0497287104101487,0.0255757939399135,-0.0552007885826941,-0.1103587194102772,0.0006380415876446,-0.0749488620411511,2318.2,2416.7,0.9404096834264432,0.0039634360844063,0.0003953711709817,-0.000614797104239
1994-07-06,2295.4217532467537,2333.3,2295.4217532467537,2333.3,39700.0,2333.3,2331.8,2263.62,2224.844,2275.2586666666657,2053.155500000001,False,False,False,False,False,False,True,True,False,True,False,-0.003214331633309,-0.0291861312304463,,,0.0464818068829555,0.0248752125030362,-0.0389576993957056,-0.09090129858998,0.0007184531106789,-0.0803182512965957,2340.9,2386.4,0.7861386138613862,0.0034051825656091,-0.0005582535187972,8.041152303425844e-05
1994-07-07,2295.496416938111,2333.3758957654727,2295.496416938111,2325.8,9100.0,2325.8,2330.3,2280.29,2231.2080000000005,2276.975999999999,2054.0060000000008,False,False,False,False,False,False,True,True,False,True,False,-0.0162954682259867,-0.026055550778227,,,0.0406707369507264,0.0209923467194087,-0.0358586292888468,-0.0879697308453006,0.000754216703792,-0.0843840037889917,2303.0,2393.9,0.2292191435768261,0.002852266574878,-0.000552915990731,3.576359311305256e-05
1994-07-08,2333.3,2333.3,2295.4217532467537,2333.3,59300.0,2333.3,2334.84,2296.2,2237.572000000001,2278.3346666666653,2055.032000000001,False,False,False,False,False,False,True,True,False,True,False,-0.0097287104101488,-0.0552007885826941,,,0.0410268718124541,0.0235569079558286,-0.0389576993957056,-0.09090129858998,0.0005963420065296,-0.0877580350143714,2295.5,2356.1,6.516483516483516,0.0028441542886666,-8.112286211359957e-06,-0.0001578746972623
1994-07-11,2333.3,2340.87564935065,2310.573051948052,2333.3,31200.0,2333.3,2331.8,2309.8299999999995,2243.6320000000005,2280.059999999999,2056.0925000000007,False,False,False,False,False,False,True,True,False,True,False,-0.0162002314318776,-0.0811725881798311,,,0.0384296918527406,0.0228174688209836,-0.0421720310290147,-0.0973728196117088,0.0007567052329034,-0.0911712117341967,2295.5,2310.6,0.5261382799325464,0.0027009777004426,-0.000143176588224,0.0001603632263737
1994-07-12,2302.997402597403,2333.3,2295.4217532467537,2333.3,20300.0,2333.3,2331.8,2322.71,2249.692000000001,2282.061333333332,2057.3940000000007,False,False,False,False,False,False,True,True,False,True,False,-0.0129858997985686,-0.0681866883812627,,,0.0358325118930267,0.0219597422820331,-0.0649294989928427,-0.09090129858998,0.0008769849013697,-0.0945791769097303,2287.9,2340.9,0.6506410256410257,0.002693702071217,-7.275629225588897e-06,0.0001202796684663
1994-07-13,2325.8,2333.3758957654727,2295.496416938111,2325.8,22800.0,2325.8,2330.3,2331.05,2254.844000000001,2283.503999999998,2058.830000000001,False,False,False,False,False,False,True,True,False,True,False,-0.026055550778227,-0.0651818729039471,,,0.0305082122280502,0.0181855705563686,-0.045618711841087,-0.1107575887866542,0.0006317775956012,-0.0984663563630124,2287.9,2318.2,1.123152709359606,0.0022848587308035,-0.0004088433404134,-0.0002452073057685
1994-07-14,2310.627483443709,2325.779139072848,2257.596688741722,2287.9,33400.0,2287.9,2322.7200000000003,2326.51,2256.056000000001,2284.441333333332,2060.1455000000005,False,False,False,False,False,False,True,True,False,True,False,-0.0099217623147866,-0.0430525809694479,,,0.0139184404912798,0.0015117210833813,-0.0165654093273307,-0.1026705712662267,0.0004103118428373,-0.0983361343815415,2272.7,2363.6,1.4649122807017545,0.0005372207072874,-0.0017476380235161,-0.0002214657527639
1994-07-15,2295.448524590164,2325.751475409836,2295.448524590164,2310.6,12000.0,2310.6,2318.1800000000003,2326.51,2259.692000000001,2284.946666666665,2061.5055000000007,False,False,False,False,False,False,True,True,True,False,False,-0.0459188089673677,-0.0524539080758243,,,0.0220323725439275,0.0111024553507032,-0.0459188089673677,-0.1180212931706049,0.000221157605429,-0.1006142247400612,2272.7,2363.6,0.3592814371257485,0.0016090688465507,0.0010718481392633,-0.0001891542374082
1994-07-18,2295.5,2310.651815181518,2295.5,2295.5,7100.0,2295.5,2310.62,2321.21,2261.8160000000007,2283.9373333333315,2063.1690000000003,False,False,False,False,False,False,True,False,False,True,False,-0.0660422565889784,-0.0594206055325637,,,0.014673927248965,0.0050371015755471,-0.0495316924417337,-0.1287301241559573,-0.0004419268946667,-0.1028041409437317,2287.9,2333.3,0.5916666666666667,0.0009390684299694,-0.0006700004165812,-0.0006630845000957
1994-07-19,2295.424342105264,2310.575657894737,2272.697368421053,2303.0,16400.0,2303.0,2304.5600000000004,2318.18,2264.2400000000007,2281.9173333333315,2064.698000000001,False,False,False,False,False,False,True,False,False,False,False,-0.0559270516717326,-0.0427702996092053,,,0.0168302214502819,0.0091544362425829,-0.0624837168910117,-0.1545809813287016,-0.0008852204987852,-0.1071875350490471,2272.7,2340.9,2.309859154929577,0.0010705578913895,0.0001314894614201,-0.0004432936041184
1994-07-20,2303.079598662207,2303.079598662207,2257.6240802675584,2265.2,32400.0,2265.2,2292.44,2311.37,2266.6680000000006,2280.402666666665,2066.3820000000005,False,False,False,False,False,False,True,False,False,False,False,-0.0401730531520395,-0.030107716757902,,,-0.0006480663959035,-0.0067114014950844,-0.0468391312025427,-0.1672258520218964,-0.0006642101804241,-0.1147155150408629,2265.2,2340.9,1.975609756097561,0.0010711758404847,6.17949095152795e-07,0.000221010318361
1994-07-21,2257.6240802675584,2265.2,2242.4722408026755,2265.2,5200.0,2265.2,2287.9,2305.3100000000004,2269.396,2278.0799999999986,2067.8595000000005,False,False,False,False,False,False,True,False,False,False,False,-0.0334628288892811,-0.030107716757902,,,-0.0018523750662194,-0.0056860321384419,-0.0468391312025427,-0.1639148861027722,-0.001019572037271,-0.1222482008927217,2197.0,2340.9,0.1604938271604938,0.0012020819636588,0.0001309061231741,-0.0003553618568468
1994-07-22,2257.529209621993,2257.529209621993,2204.5,2204.5,15400.0,2204.5,2266.68,2292.4300000000003,2269.696,2275.755999999999,2068.9990000000007,False,False,False,False,False,False,True,False,False,True,False,-0.0068496257654796,-0.0034021320027217,,,-0.0295740530732592,-0.0323229757314579,-0.0240417328192333,-0.1339986391471989,-0.0010211991092189,-0.1265687501908456,2113.6,2303.0,2.9615384615384617,0.0001321762914503,-0.0010699056722085,-1.6270719478570991e-06
1994-07-25,2174.2024734982333,2196.929328621908,2136.3243816254417,2143.9,7900.0,2143.9,2236.36,2273.49,2267.572,2272.219999999999,2069.284500000001,False,False,False,False,False,False,False,False,False,True,False,0.0070898829236437,0.0282662437613694,,,-0.0576855263771631,-0.0598535379448662,-0.0105881804188629,-0.0989318531647932,-0.0015561873410145,-0.1269589925620961,2151.5,2325.8,0.512987012987013,-0.00093668470064,-0.0010688609920904,-0.0005349882317956
1994-07-26,2174.2,2189.351219512195,2159.0487804878044,2174.2,36200.0,2174.2,2210.6,2257.5800000000004,2266.9639999999995,2268.9866666666653,2069.721500000001,False,False,False,False,False,False,False,False,False,False,False,0.0139361604268237,0.0139361604268237,,,-0.0426658081133288,-0.0435961119798847,-0.0104406218379173,-0.128920982430319,-0.0014250120464936,-0.1308746533899132,2113.6,2333.3,4.582278481012659,-0.0002682001125737,0.0006684845880663,0.0001311752945208
1994-07-27,2204.50243902439,2212.078048780488,2166.6243902439023,2174.2,14400.0,2174.2,2192.4,2242.4200000000005,2268.476,2266.1573333333326,2070.1585000000014,False,True,False,False,False,False,True,False,False,False,False,0.0104866157667188,0.0313678594425537,,,-0.0433612363168063,-0.0422947904209975,-0.0034495446601048,-0.1114892834145892,-0.0012485158429714,-0.1310815993435665,2143.9,2310.6,0.3977900552486187,0.0006665267783307,0.0009347268909044,0.0001764962035222
1994-07-28,2174.248442906575,2189.4,2143.9453287197234,2189.4,14300.0,2189.4,2177.24,2232.57,2269.688,2263.4306666666657,2070.6715000000013,False,False,False,False,False,False,True,False,False,True,False,0.0034712706677628,0.0242075454462409,,,-0.0366712341280716,-0.0338132212782797,-0.0069425413355258,-0.1176578057915411,-0.0012046610072145,-0.1326766909884125,2166.7,2333.3,0.9930555555555556,0.0005339940996295,-0.0001325326787012,4.385483575695373e-05
1994-07-29,2212.1273356401384,2212.1273356401384,2189.4,2189.4,10500.0,2189.4,2174.2200000000003,2220.4500000000003,2270.296,2261.207999999999,2071.012500000001,False,False,False,False,False,False,True,False,False,True,False,0.0034712706677628,0.0242075454462409,,,-0.0369489357814925,-0.0327980268566726,-0.0069425413355258,-0.1245546725130172,-0.0009829554232368,-0.1334008872075481,2174.2,2318.2,0.7342657342657343,0.0002678064886691,-0.0002661876109603,0.0002217055839776
1994-08-01,2196.978947368421,2196.978947368421,2159.1,2159.1,3400.0,2159.1,2177.26,2206.8100000000004,2268.78,2259.188,2071.167500000001,False,False,False,False,False,False,False,False,False,True,False,0.0210272798851373,0.0351072206011765,,,-0.0507989440044462,-0.0463563521837803,0.0069936547635588,-0.1122690009726274,-0.0008941265622865,-0.1318192322855163,2181.8,2318.2,0.3238095238095238,-0.0006682005306817,-0.0009360070193509,8.882886095028166e-05
1994-08-02,2196.9243986254296,2204.5,2174.197594501718,2204.5,5000.0,2204.5,2183.32,2196.96,2268.78,2257.369333333333,2071.343000000001,False,False,False,False,False,False,False,False,False,False,False,0.0,-0.0102971195282376,,,-0.0291585393513267,-0.0239824601194525,-0.0205942390564754,-0.1305511453844409,-0.0008056575589168,-0.1293059500400553,2181.8,2318.2,1.4705882352941178,0.0,0.0006682005306817,8.846900336975433e-05
1994-08-03,2204.5758620689658,2219.727586206897,2197.0,2197.0,18200.0,2197.0,2187.88,2190.14,2266.9639999999995,2255.7533333333336,2071.687500000001,False,False,False,False,False,False,False,False,False,True,False,0.0206645425580337,0.0103322712790167,,,-0.0318452435138823,-0.0267425276892733,-0.0413746017296313,-0.1275830678197542,-0.0007163903854733,-0.1252111737149221,2197.0,2340.9,3.64,-0.0008010713888708,-0.0008010713888708,8.926717344343515e-05
1994-08-04,2197.0,2204.5758620689658,2174.272413793104,2197.0,14100.0,2197.0,2189.4,2183.32,2261.512,2253.532,2072.101000000001,False,False,False,False,False,False,False,False,False,True,False,0.0206645425580337,0.0241238051888939,,,-0.029363677742376,-0.0257314519799727,-0.0413746017296313,-0.1448338643604916,-0.0009857119106067,-0.1231702178333913,2257.6,2303.0,0.7747252747252747,-0.0024107765070445,-0.0016097051181736,-0.0002693215251333
1994-08-05,2197.0,2204.5758620689658,2197.0,2197.0,3600.0,2197.0,2190.92,2182.57,2256.968,2251.3106666666667,2072.6175000000007,False,False,False,False,False,False,False,False,False,False,False,0.0206645425580337,0.0034137460172963,,,-0.0272954028220299,-0.0247203762706721,-0.0413746017296313,-0.1517523896222121,-0.0009866844972676,-0.1249536097353121,2219.7,2295.5,0.2553191489361702,-0.0020133205255902,0.0003974559814543,-9.725866609679775e-07
1994-08-08,2166.621993127148,2212.0756013745704,2166.621993127148,2204.5,10300.0,2204.5,2200.0,2188.63,2251.208,2249.5933333333337,2072.930500000001,False,False,False,False,False,False,False,False,False,True,True,0.013789975051032,-0.0102971195282376,,,-0.02118757087775,-0.0204551296590309,-0.0446359718757088,-0.1511907462009525,-0.000763397236241,-0.1301453420632999,2242.4,2295.5,2.861111111111111,-0.0025586263019675,-0.0005453057763773,0.0002232872610266
1994-08-09,2212.0756013745704,2234.8024054982816,2204.5,2204.5,6200.0,2204.5,2200.0,2191.66,2246.056,2247.774666666667,2073.2435000000014,False,False,True,False,False,False,False,False,False,False,False,-0.0102971195282376,-0.0205942390564754,,,-0.0188505330006804,-0.0196301504498376,-0.0446359718757088,-0.1546382399637106,-0.0008090965227237,-0.1327304417656022,2242.4,2287.9,0.6019417475728155,-0.0022937985517725,0.000264827750195,-4.569928648267131e-05
1994-08-10,2204.5216216216218,2265.127027027027,2204.5216216216218,2242.4,22000.0,2242.4,2209.08,2198.4800000000005,2242.42,2246.4613333333336,2073.815000000001,False,False,False,False,False,False,False,False,False,False,False,-0.0101230824117018,-0.0371476988940421,,,-8.919015340698274e-06,-0.0018111547151862,-0.0878077060292544,-0.1587584730645736,-0.0005846231643723,-0.137485899348641,2204.5,2287.9,3.548387096774193,-0.0016214625270912,0.0006723360246812,0.0002244733583513
1994-08-11,2242.4,2242.4,2204.5216216216218,2242.4,7000.0,2242.4,2218.16,2203.78,2239.0840000000003,2245.148,2074.731000000001,False,False,False,False,True,False,False,False,False,False,False,0.0033892258294683,-0.0371476988940421,,,0.001478772743489,-0.001225472707813,-0.0878077060292544,-0.1283892258294684,-0.0005849651485485,-0.1385301618128852,2197.0,2272.7,0.3181818181818182,-0.0014898949749092,0.0001315675521819,-3.419841761919881e-07
1994-08-12,2242.4,2242.4,2196.945945945946,2242.4,7900.0,2242.4,2227.24,2209.0800000000004,2235.4480000000003,2244.34,2075.7500000000014,False,False,False,False,False,False,False,False,False,True,False,-0.0169015340706386,-0.0405369247235105,,,0.0031002497324294,-0.0008651444880485,-0.0776846236175527,-0.1283892258294684,-0.0003600167532548,-0.1388858710413386,2197.0,2272.7,1.1285714285714286,-0.0016265196059134,-0.0001366246310041,0.0002249483952937
1994-08-15,2234.9,2234.9,2204.596271186441,2234.9,3700.0,2234.9,2233.32,2216.6600000000003,2231.5120000000006,2243.128,2076.594000000002,False,False,False,False,False,False,False,False,False,True,False,-0.0237594523244887,-0.0508747594970693,,,0.001515951496711,-0.003681596492013,-0.0711888675108505,-0.1254642265873193,-0.0005403169145942,-0.1401252334593488,2197.0,2287.9,0.4683544303797468,-0.0017638264997005,-0.000137306893787,-0.0001803001613394
1994-08-16,2234.829861111112,2234.829861111112,2181.8,2181.8,5300.0,2181.8,2228.78,2214.3900000000003,2225.4520000000007,2241.108,2077.3100000000013,False,False,False,False,False,True,False,False,False,True,False,-0.0104042533687781,-0.0138876157301311,,,-0.0200073333944451,-0.0271830598588321,-0.0694380786506555,-0.1145842882024017,-0.0009013398729556,-0.1385618612800818,2189.4,2272.7,1.4324324324324325,-0.0027230423302771,-0.0009592158305766,-0.0003610229583614
1994-08-17,2212.124232081911,2234.851535836177,2196.972696245733,2219.7,24800.0,2219.7,2224.24,2216.66,2221.2080000000005,2239.896,2078.3190000000013,False,False,False,False,False,False,False,False,False,False,False,-0.0273009866198134,-0.0238771005090778,,,-0.0006793710861831,-0.0090985268279498,-0.0784790737487047,-0.1467765914312744,-0.0005410965509112,-0.1404726029251215,2136.4,2265.2,4.679245283018868,-0.0019106720307148,0.0008123702995622,0.0003602433220444
1994-08-18,2250.0,2257.575757575757,2219.696969696969,2250.0,26300.0,2250.0,2225.76,2221.96,2219.692,2238.7853333333333,2079.686000000001,False,False,False,False,False,False,False,False,False,False,False,-0.0404,-0.0336888888888889,,,0.0134702222222222,0.0049842962962963,-0.1077333333333333,-0.1481333333333333,-0.0004961023507391,-0.1408171164197375,2159.1,2197.0,1.060483870967742,-0.0006829776383392,0.0012276943923756,4.499420017216793e-05
1994-08-19,2204.5,2234.8024054982816,2196.9243986254296,2204.5,11800.0,2204.5,2218.1800000000003,2222.71,2215.4480000000003,2237.269333333333,2081.0665000000013,False,False,False,False,False,False,False,False,False,True,False,-0.0240417328192333,-0.0137446132909957,,,-0.0049662054887731,-0.0148647463521583,-0.0858698117486958,-0.1442957586754365,-0.0006776117552826,-0.1400812521651498,2174.2,2113.6,0.4486692015209125,-0.0019156396358658,-0.0012326619975265,-0.0001815094045435
1994-08-22,2212.102777777778,2212.102777777778,2166.648611111111,2181.8,8000.0,2181.8,2207.56,2220.44,2210.9000000000005,2235.450666666666,2082.264500000001,False,False,False,False,False,False,False,False,False,True,False,-0.0277752314602623,-0.0034833623613531,,,-0.0133376111467597,-0.0245900938063369,-0.0624713539279494,-0.145842882024017,-0.0008135570575479,-0.1395444146205257,2197.0,2151.5,0.6779661016949152,-0.0020570808268125,-0.0001414411909466,-0.0001359453022653
1994-08-23,2196.978947368421,2204.5547368421053,2159.1,2159.1,4600.0,2159.1,2203.02,2215.9,2205.144,2233.3293333333327,2083.418000000001,False,False,False,False,False,False,False,False,False,True,False,-0.0035199851790097,0.0,,,-0.0213255523134638,-0.0343797569975141,-0.0385808901857254,-0.1368625816312352,-0.0009498524474969,-0.1377814883343112,2204.5,2113.6,0.575,-0.002610260373019,-0.0005531795462065,-0.000136295389949
1994-08-24,2159.1,2174.251578947368,2143.948421052632,2159.1,13500.0,2159.1,2190.9,2207.57,2200.9,2230.9053333333327,2084.502500000001,False,False,False,False,False,False,False,False,False,False,False,0.0035199851790097,-0.0245472650641471,,,-0.0193599184845538,-0.0332570669877878,-0.045620860543745,-0.1473762215738037,-0.0010865543973477,-0.1365891002323823,2242.4,2143.9,2.9347826086956523,-0.0019283020582487,0.0006819583147703,-0.0001367019498507
1994-08-25,2159.1,2166.6757894736843,2159.1,2159.1,21100.0,2159.1,2172.7200000000003,2199.24,2196.656,2228.986666666666,2085.6905000000006,False,False,False,False,False,False,False,False,False,True,False,0.0069936547635588,-0.0245472650641471,,,-0.0173942846556435,-0.0323684251154028,-0.0526145153073039,-0.1403362512157843,-0.0008607797863303,-0.1377930557829067,2333.3,2166.7,1.5629629629629629,-0.0019320275910293,-3.7255327805824513e-06,0.0002257746110174
1994-08-26,2174.227112676056,2174.227112676056,2143.924295774648,2151.5,7900.0,2151.5,2162.12,2190.15,2194.536,2227.066666666666,2087.1505000000006,False,False,False,False,False,False,False,False,False,False,False,0.0105507785266092,-0.0211015570532187,,,-0.0200027887520334,-0.0351227825548064,-0.0387171740646061,-0.1338136184057634,-0.0008621205771418,-0.1383649521722257,2310.6,2174.2,0.3744075829383886,-0.0009660356448925,0.0009659919461368,-1.340790811542509e-06
1994-08-29,2159.078571428571,2159.078571428571,2121.2,2121.2,6400.0,2121.2,2150.0,2178.78,2193.628,2224.7426666666665,2088.3555000000006,False,False,False,False,False,False,False,False,False,False,False,0.0249858570620403,-0.0071186121063548,,,-0.0341448236847069,-0.0488132503614306,-0.0321516122949273,-0.1071563266075805,-0.0010446151974428,-0.1366498682749062,2348.5,2181.8,0.810126582278481,-0.000413926153386,0.0005521094915065,-0.000182494620301
1994-08-30,2128.7728873239435,2151.5,2113.6214788732395,2151.5,18100.0,2151.5,2148.48,2175.7500000000005,2192.72,2222.924,2089.884500000001,False,False,False,False,False,False,False,False,False,True,False,0.0035324192423889,-0.0211015570532187,,,-0.0191587264699046,-0.0331973042063676,-0.0211015570532187,-0.1091331629095979,-0.0008181416308729,-0.1361415603814778,2333.3,2181.8,2.828125,-0.000414097559196,-1.7140581001198665e-07,0.0002264735665699
1994-08-31,2121.244755244755,2166.7,2106.093006993007,2166.7,14500.0,2166.7,2150.0,2170.45,2192.42,2221.308,2091.5925000000007,False,False,False,False,False,False,False,False,False,False,False,-0.0279688004799925,-0.0559376009599851,,,-0.01187058660636,-0.0252033045645452,-0.0489684774080398,-0.1153828402639958,-0.0007274992932092,-0.1329816397521251,2333.3,2197.0,0.8011049723756906,-0.0001368350954651,0.0002772624637308,9.064233766370206e-05
1994-09-01,2174.2,2196.9268292682923,2143.8975609756094,2174.2,17400.0,2174.2,2153.0199999999995,2162.87,2191.812,2219.994666666667,2093.269500000001,False,False,False,False,False,False,False,False,False,True,False,-0.0313218655137521,-0.0591941863673994,,,-0.0081004507405022,-0.0210627663815045,-0.0522491031183883,-0.0661852635452119,-0.0005915930128359,-0.1246908043479265,2325.8,2257.6,1.2,-0.0002773960540412,-0.000140560958576,0.0001359062803732
1994-09-02,2189.351219512195,2189.351219512195,2159.0487804878044,2174.2,19700.0,2174.2,2157.56,2159.84,2191.204,2218.681333333334,2094.7395000000006,False,False,False,False,False,False,False,False,False,True,False,-0.0313218655137521,-0.0487535645294821,,,-0.0078208076533899,-0.0204587127832462,-0.0557446417072945,-0.0766258853831294,-0.0005919432022984,-0.1178513223201719,2333.3,2219.7,1.132183908045977,-0.0002774730239629,-7.696992174264369e-08,-3.501894624754207e-07
1994-09-05,2143.8975609756094,2181.7756097560973,2136.321951219512,2174.2,54800.0,2174.2,2168.16,2159.0800000000004,2191.807999999999,2217.165333333334,2096.450500000001,False,False,False,False,False,False,True,False,False,False,False,-0.0313218655137521,-0.0452580259405756,,,-0.0080986109833498,-0.019761444822617,-0.0522491031183883,-0.0591941863673994,-0.0006837559550513,-0.1091159197435946,2333.3,2242.4,2.781725888324873,0.0002755715829118,0.0005530446068748,-9.181275275293522e-05
1994-09-06,2121.221052631579,2174.251578947368,2121.221052631579,2159.1,2300.0,2159.1,2169.68,2159.08,2189.992,2215.650666666668,2098.086000000001,False,False,False,False,False,False,False,False,False,True,False,-0.0245472650641471,-0.0596544856653235,,,-0.0143078134407854,-0.0261917774381306,-0.0351072206011762,-0.0561345004863136,-0.0006836216058124,-0.1010430368490281,2333.3,2242.4,0.041970802919708,-0.0008292267734308,-0.0011047983563427,1.343492389333954e-07
1994-09-07,2143.979496402877,2143.979496402877,2106.1,2106.1,11700.0,2106.1,2157.56,2153.78,2186.356,2213.529333333334,2099.4565000000007,False,False,False,False,False,False,False,False,False,True,False,-0.0287735625089026,-0.0287735625089026,,,-0.0381064526850576,-0.0510086573920203,-0.0108256967855276,-0.0755424718674326,-0.0009583488691064,-0.0939046699291479,2325.8,2204.5,5.086956521739131,-0.0016630411515782,-0.0008338143781473,-0.000274727263294
1994-09-08,2121.2517985611507,2128.8276978417266,2106.1,2106.1,31100.0,2106.1,2143.94,2148.48,2182.72,2212.317333333334,2100.7930000000006,False,False,False,False,False,False,False,False,False,True,False,-0.0287735625089026,-0.0467689093585299,,,-0.0363800389345234,-0.0504331861418422,-0.0072171311903517,-0.0611556906129813,-0.0005478418406521,-0.0860282618409293,2287.9,2197.0,2.658119658119658,-0.0016658114645946,-2.7703130163916987e-06,0.0004105070284542
1994-09-09,2098.524100719424,2136.403597122302,2098.524100719424,2106.1,20900.0,2106.1,2130.32,2143.94,2179.083999999999,2212.2173333333344,2101.9570000000003,False,False,False,False,False,False,False,False,False,True,False,-0.0179953468496273,-0.043160343763354,,,-0.0346536251839889,-0.0503857050155901,-0.0072171311903517,-0.043160343763354,-4.520351526618584e-05,-0.0770217450115209,2310.6,2197.0,0.6720257234726688,-0.0016685910226502,-2.7795580556679283e-06,0.0005026383253859
1994-09-12,2121.2517985611507,2136.403597122302,2106.1,2106.1,10200.0,2106.1,2116.7,2142.4299999999994,2175.1479999999992,2211.612000000001,2103.2935,False,False,False,False,False,False,False,False,False,True,False,-0.0143867812544512,-0.0287735625089026,,,-0.0327847680546979,-0.0500982859313428,-0.0036085655951758,-0.0683728218033331,-0.0002737068406815,-0.07318792212581,2295.5,2197.0,0.4880382775119617,-0.0018095320410379,-0.0001409410183876,-0.0002285033254153
1994-09-13,2113.675899280576,2113.675899280576,2090.9482014388486,2106.1,10400.0,2106.1,2106.1,2137.89,2171.211999999999,2211.512000000001,2104.8365000000003,False,False,False,False,False,False,False,False,False,True,False,-0.0359906936992545,-0.0143867812544512,,,-0.0309159109254067,-0.0500508048050905,-0.0143867812544512,-0.0647642562081569,-4.521793234669719e-05,-0.0687406742161663,2303.0,2189.4,1.0196078431372548,-0.0018128123831298,-3.280342091873312e-06,0.0002284889083348
1994-09-14,2083.3796296296296,2098.531481481481,2045.5,2045.5,8300.0,2045.5,2093.98,2125.7699999999995,2163.336,2210.200000000001,2105.973,False,False,False,False,False,False,False,False,False,True,False,0.0,0.0073820581764849,,,-0.0576074309459788,-0.0805182107064293,0.0370080664874113,-0.0518699584453678,-0.0005936114378788,-0.0623632848332601,2265.2,2136.4,0.7980769230769231,-0.0036406734783682,-0.0018278610952384,-0.0005483935055321
1994-09-16,2075.803703703704,2075.803703703704,2030.348148148148,2045.5,8500.0,2045.5,2081.86,2112.9,2155.46,2208.584000000001,2107.3505,False,False,False,False,False,False,False,False,False,True,False,-0.0185284771449523,0.0,,,-0.0537570276216084,-0.0797281838181379,0.0370080664874113,-0.055585431434857,-0.0007316905311276,-0.0613138340669223,2265.2,2159.1,1.0240963855421688,-0.0036539764133872,-1.3302935019013362e-05,-0.0001380790932487
1994-09-19,2068.2,2068.2,2045.4725274725272,2068.2,16100.0,2068.2,2074.28,2102.3,2148.492,2207.170666666668,2109.84,False,False,False,False,False,False,False,False,False,False,False,-0.0256261483415529,0.0,,,-0.0388221642007544,-0.0671940173419727,0.025626148341553,-0.0476259549366595,-0.0006403371314588,-0.0583836750225944,2204.5,2174.2,1.894117647058824,-0.0032432050014614,0.0004107714119258,9.135339966879736e-05
1994-09-20,2083.375912408759,2083.375912408759,2045.4963503649635,2075.8,8400.0,2075.8,2068.22,2092.46,2142.128,2205.757333333335,2112.3335,False,False,False,False,False,False,False,False,False,False,False,-0.0145967819635803,-0.01098371712111,,,-0.0319529819828499,-0.0626059029450499,0.0145967819635801,-0.0437903458907409,-0.0006407474258272,-0.0568517438804087,2143.9,2197.0,0.5217391304347826,-0.0029708775572701,0.0002723274441912,-4.102943684376704e-07
1994-09-21,2030.3,2045.4514925373128,2030.3,2030.3,11700.0,2030.3,2053.06,2079.58,2136.068,2203.7373333333344,2113.7385,False,False,False,False,False,False,False,False,False,False,False,0.0224104812096735,0.0373343840811702,,,-0.0520947643205438,-0.0854244857081881,0.0447717086144904,-0.052258286952667,-0.0009166246673077,-0.0564777503149672,2174.2,2204.5,1.3928571428571428,-0.0028369883355773,0.0001338892216928,-0.0002758772414805
1994-09-22,2030.348148148148,2053.0759259259257,2030.348148148148,2045.5,11500.0,2045.5,2053.06,2073.5199999999995,2129.1,2201.717333333334,2115.047,False,False,False,False,False,False,False,False,False,True,False,0.0073820581764849,0.0073820581764849,,,-0.0408702028843803,-0.0763712213802659,0.011097531165974,-0.0889269127352725,-0.0009174656389438,-0.0577423897526908,2174.2,2242.4,0.9829059829059827,-0.0032727443520737,-0.0004357560164964,-8.409716360632726e-07
1994-09-26,2045.4792452830184,2045.4792452830184,2007.6,2007.6,18200.0,2007.6,2045.48,2063.67,2119.404,2198.384000000001,2116.3385,False,False,False,False,False,False,False,False,False,True,False,0.018878262602112,0.0263996812113966,,,-0.0556903765690377,-0.0950308826459459,0.0226140665471209,-0.0566347878063358,-0.0015162652809213,-0.0572862909282974,2189.4,2333.3,1.582608695652174,-0.0045748710486532,-0.0013021266965794,-0.0005987996419775
1994-09-27,2015.2,2045.5037593984964,2007.624060150376,2015.2,31300.0,2015.2,2034.8800000000003,2054.58,2111.832,2195.657333333334,2118.391,False,False,False,False,False,False,False,False,False,False,False,0.0263001190948788,0.0187574434299324,,,-0.0479515680825723,-0.0895481010983197,0.0112643906312028,-0.0789499801508535,-0.0012418452666871,-0.0608591536956458,2189.4,2310.6,1.71978021978022,-0.0035855124839476,0.0009893585647056,0.0002744200142342
1994-09-28,2045.5,2060.651851851852,2045.5,2045.5,14000.0,2045.5,2028.82,2048.5199999999995,2106.38,2193.0320000000006,2120.4574999999995,False,False,False,False,False,False,False,False,False,False,False,0.0036665851869958,0.0073820581764849,,,-0.0297628941579076,-0.072125152774383,-0.0222439501344414,-0.0703984355903202,-0.001197124954553,-0.0610391892683496,2159.1,2348.5,0.4472843450479233,-0.0025883268925833,0.0009971855913642,4.472031213408555e-05
1994-09-29,2045.4963503649635,2098.5277372262776,2045.4963503649635,2075.8,25800.0,2075.8,2037.92,2045.49,2103.048,2190.8106666666667,2122.744,False,False,False,False,False,False,False,False,False,False,False,0.0145967819635801,0.0036130648424703,,,-0.0131265054436841,-0.0554054661656549,-0.0620483668946912,-0.160612775797283,-0.0010139321334935,-0.0707605512615557,2204.5,2333.3,1.8428571428571427,-0.0015843670710322,0.001003959821551,0.0001831928210594
1994-09-30,2090.9029411764704,2098.478676470588,2053.024264705882,2060.6,12000.0,2060.6,2040.94,2047.0,2099.108,2188.8920000000003,2124.7825,False,False,False,False,False,False,False,False,False,True,False,0.0,0.0110162088712026,,,-0.0186877608463555,-0.0622595360574591,-0.0845384839367173,-0.1029311850917208,-0.0008765469774965,-0.0758866634098679,2197.0,2333.3,0.4651162790697674,-0.0018769877490818,-0.0002926206780495,0.000137385155997
1994-10-03,2037.924074074074,2060.651851851852,2037.924074074074,2045.5,8900.0,2045.5,2048.52,2047.0,2094.564,2186.872,2126.47,False,False,False,False,False,False,False,False,False,True,False,0.0073820581764849,0.0221950623319482,,,-0.0239863114153018,-0.0691136641407968,-0.0741139085798092,-0.0925934979222684,-0.0009236937507089,-0.0795847581827064,2197.0,2325.8,0.7416666666666667,-0.0021694252359919,-0.0002924374869101,-4.714677321238385e-05
1994-10-04,2083.351648351648,2083.351648351648,2060.624175824176,2068.2,5000.0,2068.2,2059.12,2047.0000000000005,2091.232,2185.154666666668,2128.2364999999995,False,False,False,False,False,False,False,False,False,False,False,-0.0073493859394641,0.0109757276859105,,,-0.0111362537472198,-0.0565490120233381,-0.076926796247945,-0.0989266028430519,-0.0007859092811731,-0.0847679531021008,2197.0,2333.3,0.5617977528089888,-0.0015933191534941,0.0005761060824978,0.0001377844695358
1994-10-05,2068.151291512915,2090.878228782288,2045.4243542435424,2053.0,7900.0,2053.0,2060.62,2044.72,2088.5039999999995,2183.2346666666667,2129.927,False,False,False,False,False,False,False,False,False,False,False,0.0037018996590355,0.0221626887481734,,,-0.0172937165124205,-0.0634362721220977,-0.0590355577204091,-0.0996103263516804,-0.000879429055115,-0.0904182479752729,2204.5,2333.3,1.58,-0.0013061981207603,0.0002871210327337,-9.35197739418606e-05
1994-10-06,2053.068705035971,2106.1,2053.068705035971,2106.1,5400.0,2106.1,2066.68,2052.3,2086.688,2182.1240000000003,2132.1584999999995,False,False,False,False,True,False,False,False,False,False,True,-0.0108256967855276,-0.0143867812544512,,,0.0092170362280992,-0.0360970514220598,-0.1007549499074117,-0.1366981624804139,-0.0005089842129349,-0.0989426497100814,2204.5,2333.3,0.6835443037974683,-0.0008702786425183,0.000435919478242,0.00037044484218
1994-10-07,2075.7514705882354,2075.7514705882354,2060.6,2060.6,6900.0,2060.6,2066.68,2053.81,2082.4439999999995,2181.1133333333337,2133.990499999999,False,False,False,False,False,False,False,False,False,True,False,0.0110162088712026,0.0294089100262059,,,-0.0106007958846935,-0.0584845837781878,-0.0625060661943123,-0.0845384839367173,-0.0004633719170942,-0.0984949922339456,2242.4,2325.8,1.2777777777777777,-0.0020379899771617,-0.0011677113346433,4.561229584067281e-05
1994-10-11,2060.6,2106.054411764706,2053.024264705882,2060.6,35200.0,2060.6,2069.7,2059.11,2077.9,2179.8,2135.8915,False,False,False,False,False,False,False,False,False,True,True,0.014704455013103,0.0294089100262059,,,-0.0083956129282734,-0.0578472289624382,-0.0625060661943123,-0.0625060661943123,-0.0006025017585712,-0.0989747997921432,2242.4,2287.9,5.101449275362318,-0.0021868232349965,-0.0001488332578348,-0.0001391298414769
1994-10-12,2090.878228782288,2090.878228782288,2053.0,2053.0,32900.0,2053.0,2066.6600000000003,2062.89,2073.052,2178.1840000000007,2138.063999999999,False,False,False,False,False,False,False,False,False,True,False,0.0184607890891378,0.03321967851924,,,-0.0097671699951291,-0.0609761324890407,-0.0663906478324403,-0.1106673161227472,-0.000741902428812,-0.1020946342267401,2242.4,2310.6,0.9346590909090908,-0.0023385809907324,-0.0001517577557358,-0.0001394006702408
1994-10-13,2083.327205882353,2083.327205882353,2060.6,2060.6,15700.0,2060.6,2068.18,2064.4,2068.508,2176.3653333333336,2140.2059999999988,False,False,False,False,False,False,False,False,False,False,False,0.0183927011550034,0.0220809472969038,,,-0.0038377171697563,-0.0561804005305899,-0.0698340289236144,-0.1029311850917208,-0.0008356440156494,-0.1053187366789382,2234.9,2295.5,0.4772036474164133,-0.0021967524418567,0.0001418285488756,-9.374158683745e-05
1994-10-14,2075.724363636364,2083.3,2068.148727272728,2083.3,20000.0,2083.3,2063.62,2065.15,2065.476,2174.7493333333337,2142.53,False,False,False,False,True,False,False,False,False,False,False,-0.0036000576009216,0.018192291076657,,,0.0085556568905102,-0.0438963823421175,-0.0799692795084722,-0.1163538616617865,-0.0007430741443304,-0.1008740285209307,2181.8,2303.0,1.2738853503184713,-0.0014679424984844,0.0007288099433723,9.256987131899572e-05
1994-10-17,2090.8756363636367,2090.8756363636367,2068.148727272728,2083.3,8800.0,2083.3,2068.16,2067.42,2064.564,2172.6280000000006,2144.991999999999,False,False,False,False,False,False,False,False,False,False,False,0.018192291076657,-0.0072481159698556,,,0.0089934238947824,-0.042878126050017,-0.0799692795084722,-0.1163538616617865,-0.0009763904972839,-0.1022288649621267,2219.7,2265.2,0.44,-0.0004417397571595,0.0010262027413249,-0.0002333163529534
1994-10-18,2106.0514492753623,2106.0514492753623,2083.324275362319,2090.9,9300.0,2090.9,2074.2200000000003,2071.96,2063.956,2169.3960000000006,2147.491999999999,False,False,False,False,False,False,False,False,False,False,False,0.0144913673537709,-0.0181261657659381,,,0.0128863168970299,-0.0375417284422978,-0.1014395714763977,-0.1267875077717729,-0.001489815598443,-0.105658410394023,2250.0,2265.2,1.056818181818182,-0.0002945799232152,0.0001471598339442,-0.0005134251011591
1994-10-19,2090.9,2106.0514492753623,2083.324275362319,2090.9,46800.0,2090.9,2081.8,2074.2300000000005,2063.348,2166.466666666667,2150.198499999999,False,False,False,False,False,False,False,False,False,True,False,0.0144913673537709,-0.0253479362953751,,,0.0131771007700034,-0.0361407368437835,-0.1087091683007318,-0.152183270362045,-0.0013521248115211,-0.1110195108546305,2204.5,2204.5,5.032258064516129,-0.000294666726117,-8.68029017740907e-08,0.0001376907869219
1994-10-20,2106.075812274368,2106.075812274368,2083.348375451264,2098.5,15900.0,2098.5,2089.38,2078.78,2063.044,2163.1333333333337,2152.667499999999,False,False,False,False,False,False,False,False,False,False,False,0.0036216345008338,-0.0469382892542292,,,0.016895878008101,-0.0307997776189343,-0.1083154634262568,-0.155253752680486,-0.0015409745122816,-0.1166116664582112,2181.8,2143.9,0.3397435897435897,-0.000147355073377,0.00014731165274,-0.0001888497007605
1994-10-21,2098.5277372262776,2106.1036496350366,2075.8,2075.8,12800.0,2075.8,2087.88,2075.7499999999995,2061.8320000000003,2159.7000000000003,2155.298499999999,False,False,False,False,False,False,False,False,False,True,False,0.0218710858464204,-0.0620483668946912,,,0.0067289719626167,-0.0404181520377686,-0.1022256479429618,-0.1386935157529626,-0.0015897269682517,-0.1167818860652774,2159.1,2174.2,0.8050314465408805,-0.0005878267482508,-0.0004404716748737,-4.875245597015464e-05
1994-10-24,2106.048571428571,2121.2,2106.048571428571,2121.2,21400.0,2121.2,2095.46,2081.81,2064.86,2156.872000000001,2157.846499999999,False,False,False,False,False,False,True,False,True,False,True,-0.0249858570620403,-0.1106920610974918,,,0.026560437488214,-0.0168168960965497,-0.1106920610974918,-0.1535451631152177,-0.0013111580103033,-0.1237192635254895,2159.1,2174.2,1.671875,0.0014664432455468,0.0020542699937976,0.0002785689579484
1994-10-25,2128.775714285714,2128.775714285714,2121.2,2121.2,12000.0,2121.2,2101.5199999999995,2087.87,2067.8880000000004,2154.144000000001,2160.187999999999,False,False,False,False,False,False,True,False,False,True,False,-0.0321516122949273,-0.1071563266075805,,,0.0251329436168204,-0.0155308316047526,-0.0785875919290966,-0.1571280407316611,-0.0012663963040539,-0.1331548420160259,2159.1,2189.4,0.5607476635514018,0.0014642959386583,-2.1473068885073145e-06,4.4761706249392885e-05
1994-10-26,2143.9271428571424,2143.9271428571424,2121.2,2121.2,13900.0,2121.2,2107.5800000000004,2094.69,2070.0080000000003,2151.3160000000007,2162.2885,False,False,False,False,False,False,True,False,False,True,False,-0.0392702244012821,-0.0999905713746935,,,0.0241335093343388,-0.0141976239864232,-0.0785875919290966,-0.1785781633037902,-0.0013145442138674,-0.1399586573669612,2151.5,2189.4,1.1583333333333334,0.0010241506313018,-0.0004401453073564,-4.814790981344866e-05
1994-10-27,2121.2517985611507,2136.403597122302,2106.1,2106.1,9500.0,2106.1,2109.1,2099.24,2071.22,2148.286666666668,2163.865999999999,False,False,False,False,False,False,True,False,False,True,False,-0.0503774749537058,-0.0827596030577845,,,0.0165614168368074,-0.0200307044616437,-0.071981387398509,-0.1690802905844926,-0.0014101159683839,-0.146514929212477,2121.2,2159.1,0.6834532374100719,0.0005851623680726,-0.0004389882632291,-9.557175451649316e-05
1994-10-28,2106.048571428571,2121.2,2083.3214285714284,2121.2,8400.0,2121.2,2118.1799999999994,2103.03,2074.856,2145.458666666668,2165.3809999999994,False,False,False,False,False,False,True,False,True,False,False,-0.082123326419008,-0.1071563266075805,,,0.0218480105600603,-0.0114362939216801,-0.0892890816518951,-0.1714124080709032,-0.0013181330612133,-0.1520139988492796,2151.5,2204.5,0.8842105263157894,0.0017524107697112,0.0011672484016385,9.198290717060905e-05
1994-10-31,2113.654945054945,2121.230769230769,2060.624175824176,2068.2,6100.0,2068.2,2107.5800000000004,2101.52,2075.763999999999,2142.024000000001,2166.2179999999994,False,False,False,False,False,False,True,False,False,True,False,-0.0879025239338554,-0.0659510685620345,,,-0.0036572865293489,-0.0356948070786195,-0.0842761821874092,-0.1465042065564258,-0.0016034678727535,-0.1550068521831817,2166.7,2197.0,0.7261904761904762,0.0004374293031382,-0.0013149814665729,-0.0002853348115402
1994-11-01,2068.151291512915,2090.878228782288,2053.0,2053.0,4400.0,2053.0,2093.94,2097.73,2077.579999999999,2138.892000000001,2166.9099999999994,False,False,False,False,False,False,True,False,False,False,False,-0.0774963468095469,-0.0590355577204091,,,-0.0119727228446171,-0.0418373112518271,-0.0663906478324403,-0.1475888943010229,-0.0014643095584066,-0.1570936202466475,2174.2,2197.0,0.7213114754098361,0.0008740938977078,0.0004366645945695,0.0001391583143468
1994-11-02,2075.7791821561336,2075.7791821561336,2037.9,2037.9,22700.0,2037.9,2077.28,2092.4300000000003,2078.4879999999994,2135.256000000001,2167.629999999999,False,False,False,False,False,False,True,False,False,True,False,-0.0632023161097208,-0.0594729868982776,,,-0.0199165807939542,-0.0477727071985873,-0.074341233622847,-0.141272878944011,-0.0017028403151659,-0.1560434518717471,2174.2,2197.0,5.159090909090909,0.0004368560222625,-0.0004372378754453,-0.0002385307567592
1994-11-04,2030.3030303030305,2037.878787878788,1992.4242424242425,2000.0,10400.0,2000.0,2056.06,2082.5800000000004,2076.667999999999,2131.316000000001,2168.057,False,False,False,False,False,False,False,False,False,True,False,-0.0341,-0.0416499999999999,,,-0.0383339999999996,-0.0656580000000005,-0.0682,-0.125,-0.0018486231042229,-0.1531417760662256,2174.2,2204.5,0.4581497797356828,-0.0008764039316829,-0.0013132599539454,-0.000145782789057
1994-11-07,2000.0311284046693,2015.182879377432,1939.4241245136184,1947.0,9900.0,1947.0,2021.22,2069.7,2071.516,2126.5693333333347,2168.3564999999994,False,False,False,False,False,False,False,False,False,True,False,-0.0272727272727272,-0.0155624036979968,,,-0.0639527478171546,-0.0922287279575422,-0.0428351309707242,-0.1517719568567026,-0.0022320770793897,-0.1544619993235733,2159.1,2204.5,0.9519230769230768,-0.0024870674423944,-0.0016106635107114,-0.0003834539751667
1994-11-08,1893.975903614458,1901.551807228916,1856.0963855421687,1886.4,27000.0,1886.4,1984.86,2046.2200000000005,2064.548,2121.518666666668,2168.009,False,False,False,False,False,False,False,False,False,True,False,0.0240670059372348,0.016062340966921,,,-0.094438083121289,-0.1246388182075212,-0.0241200169635282,-0.1084605597964376,-0.0023806845285043,-0.1503161927847447,2106.1,2242.4,2.727272727272727,-0.0033750728973122,-0.0008880054549178,-0.0001486074491146
1994-11-09,1901.4756,1931.778,1886.3244,1893.9,29000.0,1893.9,1953.04,2023.49,2058.484,2116.568000000001,2167.4924999999994,False,False,False,False,False,False,False,False,False,False,False,0.0200116162416177,-0.0079729658376894,,,-0.0869021595649188,-0.1175711494799097,-0.019958815143355,-0.0759807804002323,-0.0023390066686575,-0.1426446387182541,2106.1,2242.4,1.0740740740740742,-0.0029458572425143,0.0004292156547979,4.167785984685469e-05
1994-11-10,1924.2515873015875,1931.827380952381,1909.1,1909.1,25100.0,1909.1,1927.28,2002.28,2052.12,2112.6293333333347,2167.155,False,False,False,False,False,False,False,False,False,True,False,0.0039809334241266,-0.0238332198418102,,,-0.0749148813577078,-0.1066100955074824,-0.0238332198418102,-0.0476140589806714,-0.0018643434532133,-0.1297770541582596,2106.1,2242.4,0.8655172413793103,-0.0031011831666764,-0.0001553259241621,0.0004746632154441
1994-11-11,1916.6486274509805,1931.8,1909.0729411764707,1931.8,15100.0,1931.8,1913.64,1984.85,2047.272,2109.8013333333347,2166.8965,False,False,False,False,False,False,False,False,False,False,False,-0.0078165441557096,-0.0313697070090071,,,-0.059774303758153,-0.0921427338923981,-0.0196190081789004,-0.0274355523346102,-0.0013404105663029,-0.1156460185908254,2106.1,2234.9,0.601593625498008,-0.0023680292604011,0.0007331539062752,0.0005239328869104
1994-11-14,1939.3536,1939.3536,1893.9,1893.9,13200.0,1893.9,1903.02,1962.12,2038.7840000000003,2106.064000000001,2166.9995,False,False,False,False,False,False,False,False,False,True,False,0.0120386504039283,-0.0159987327736417,,,-0.0765003432071388,-0.1120249221183806,0.0120386504039283,-0.0079729658376894,-0.0017745582913593,-0.0992243084011171,2106.1,2181.8,0.8741721854304636,-0.0041632659467602,-0.001795236686359,-0.0004341477250564
1994-11-15,1916.6486274509805,1931.8,1901.4972549019608,1931.8,10900.0,1931.8,1912.1,1948.48,2033.6320000000003,2102.8320000000003,2167.12,False,False,False,False,False,False,False,False,False,False,False,-0.0078165441557096,-0.0235013976602132,,,-0.0527135314214723,-0.0885350450357181,-0.0078165441557096,-0.0274355523346102,-0.0015369748986133,-0.087088397109542,2045.5,2219.7,0.8257575757575758,-0.0025333983729603,0.0016298675737999,0.000237583392746
1994-11-16,1916.6486274509805,1931.8,1916.6486274509805,1931.8,3400.0,1931.8,1919.68,1936.36,2028.4800000000005,2099.3973333333333,2166.9649999999992,False,False,False,False,False,False,False,False,False,True,False,-0.0274355523346102,0.0117506988301066,,,-0.050046588673776,-0.0867570832039203,0.0509887151879076,-0.0391862511647168,-0.0016360250687818,-0.0758949782065319,2045.5,2250.0,0.3119266055045872,-0.0025398327811956,-6.434408235360487e-06,-9.905017016846552e-05
1994-11-17,1924.2758893280632,1931.8517786561265,1916.7,1916.7,6200.0,1916.7,1921.2,1924.24,2023.0280000000005,2095.7613333333334,2166.8034999999995,False,False,False,False,False,False,False,False,False,True,False,-0.0277038660197214,0.0197213961496321,,,-0.0554745134867221,-0.093421679622963,0.0474252621693535,-0.019773569155319,-0.0017349303769322,-0.0633808672514863,2068.2,2204.5,1.8235294117647056,-0.0026949701141061,-0.0001551373329104,-9.890530815041538e-05
1994-11-18,1969.7312252964427,1969.7312252964427,1916.7,1916.7,7300.0,1916.7,1918.18,1915.91,2017.2720000000004,2092.529333333333,2166.676,False,False,False,False,False,False,False,False,False,True,False,-0.0237387175875202,0.0197213961496321,,,-0.0524714352793866,-0.0917354480791636,0.0671988313246726,-0.0237387175875202,-0.0015445422668708,-0.0529826557614919,2075.8,2181.8,1.1774193548387095,-0.0028533583968845,-0.0001583882827783,0.0001903881100613
1994-11-21,1916.7,1931.8517786561265,1916.7,1916.7,8900.0,1916.7,1922.74,1912.88,2010.608,2088.692,2165.929,False,False,False,False,False,False,False,False,False,True,False,-0.0277038660197214,0.0078781238587154,,,-0.0489946261804142,-0.0897333959409401,0.0632336828924714,-0.0316168414462357,-0.001837194441944,-0.0407866672242901,2030.3,2159.1,1.2191780821917808,-0.0033144203146513,-0.0004610619177667,-0.0002926521750731
1994-11-22,1931.8517786561265,1931.8517786561265,1916.7,1916.7,7100.0,1916.7,1919.72,1915.9100000000003,2003.944,2084.9546666666665,2165.0095,False,False,False,False,False,False,False,False,False,True,False,-0.0158084207231178,-0.0118954452966035,,,-0.045517817081442,-0.0877835168084032,0.0158084207231178,-0.055355559033756,-0.0017925249853554,-0.0355810032830353,2045.5,2159.1,0.797752808988764,-0.0033254422279265,-1.1021913275212347e-05,4.466945658855039e-05
1994-11-24,1893.9516129032256,1893.9516129032256,1803.041935483871,1878.8,25200.0,1878.8,1909.12,1914.4,1995.46,2080.7119999999995,2164.142,False,False,False,False,False,False,False,False,False,True,False,0.0402916755375772,0.0201724505003194,,,-0.0620928252075793,-0.1074685969767934,0.0524270811156057,-0.0403449010006386,-0.0020390456087469,-0.0320518178019223,2007.6,2159.1,3.5492957746478875,-0.0042516512483336,-0.0009262090204071,-0.0002465206233914
1994-11-25,1901.478048780488,1901.478048780488,1863.6,1863.6,33600.0,1863.6,1898.5,1909.85,1986.368,2076.266666666667,2163.474,False,False,False,False,False,False,False,False,False,True,False,0.0487765614938828,0.012234385061172,,,-0.0658767975960506,-0.1141160477928026,0.081347928740073,-0.0325177076625884,-0.0021410223478034,-0.0305416655758305,2015.2,2151.5,1.3333333333333333,-0.0045771981828141,-0.0003255469344804,-0.0001019767390565
1994-11-28,1863.624291497976,1893.927125506073,1863.624291497976,1871.2,9800.0,1871.2,1889.4,1903.79,1977.276,2071.822666666667,2162.843999999999,False,False,False,False,False,False,False,False,False,True,False,0.0445168875587857,-0.0040615647712698,,,-0.0566887558785806,-0.1072160467436227,0.0485784523300555,-0.0485784523300558,-0.0021449712234058,-0.0326296492785443,2045.5,2121.2,0.2916666666666667,-0.0045982452626744,-2.1047079860331625e-05,-3.94887560242101e-06
1994-11-29,1878.7512195121951,1886.3268292682928,1863.6,1863.6,5000.0,1863.6,1878.78,1900.76,1968.788,2067.277333333333,2162.106999999999,False,False,False,False,False,False,False,False,False,False,False,0.0365958360163125,0.0,,,-0.0564434427988839,-0.109292408957573,0.056932818201331,-0.0487765614938827,-0.0021987051567991,-0.0366695427092321,2075.8,2151.5,0.5102040816326531,-0.0043112818647818,0.0002869633978926,-5.373393339327352e-05
1994-11-30,1878.8240963855424,1954.5831325301208,1863.672289156627,1886.4,21600.0,1886.4,1872.72,1896.22,1959.396,2062.530666666667,2161.7249999999995,False,False,False,False,False,False,False,False,False,True,False,0.0039758269720101,-0.0241200169635282,,,-0.0386959287531805,-0.0933686740175291,0.0280958439355385,-0.0843405428329093,-0.0023013799229163,-0.0423526805961333,2060.6,2166.7,4.32,-0.004793313857944,-0.0004820319931621,-0.0001026747661172
1994-12-01,1893.8953488372088,1962.0755813953488,1893.8953488372088,1954.5,6700.0,1954.5,1887.86,1898.49,1952.728,2058.6920000000005,2161.855499999999,False,False,False,False,True,False,False,False,False,False,False,-0.0193399846508058,-0.0503453568687644,,,0.0009066257354821,-0.0533087746226658,-0.011614223586595,-0.1434126375031977,-0.0018646143603154,-0.0530790259627388,2045.5,2174.2,0.3101851851851852,-0.0034147100876311,0.0013786037703128,0.0004367655626009
1994-12-02,1954.5,1954.5,1886.3197674418604,1954.5,4100.0,1954.5,1906.04,1902.27,1946.06,2054.853333333334,2161.6759999999995,False,False,False,False,False,False,False,False,False,True,False,-0.034842670759785,-0.0465080583269378,,,0.0043182399590688,-0.0513447599556581,0.0077769250447687,-0.1472499360450243,-0.0018680976420052,-0.0661104890472962,2068.2,2174.2,0.6119402985074627,-0.0034264102853972,-1.1700197766026117e-05,-3.48328168975451e-06
1994-12-05,1954.5,1969.6511627906973,1954.5,1954.5,3000.0,1954.5,1922.7,1906.05,1939.996,2051.114666666668,2161.8064999999992,False,False,False,False,False,False,False,False,False,False,False,-0.0465080583269378,-0.0310053722179585,,,0.0074208237400869,-0.0494319092692083,0.015553850089537,-0.0968534151957022,-0.0018227487362966,-0.0735237795440831,2053.0,2174.2,0.7317073170731707,-0.0031257796407826,0.0003006306446145,4.534890570856496e-05
1994-12-06,1954.5270588235287,1969.678431372549,1931.8,1931.8,6600.0,1931.8,1936.34,1907.56,1932.42,2047.7813333333336,2161.823499999999,False,False,False,False,False,True,False,False,False,True,False,-0.0353038616834041,-0.0078165441557096,,,-0.0003209441971219,-0.0600379611415952,-0.0039341546743968,-0.006108292783932,-0.0016277779658769,-0.0709073371217681,2106.1,2159.1,2.2,-0.0039204727750696,-0.0007946931342869,0.0001949707704196
1994-12-07,1901.4756,1909.0512,1893.9,1893.9,4500.0,1893.9,1937.84,1905.28,1925.448,2043.437333333333,2161.72,False,False,False,False,False,False,False,False,False,False,False,-0.0279845820793071,0.0120386504039283,,,-0.0166576904799619,-0.0789573543129695,-0.0159987327736417,0.0560219652568772,-0.0021258298109462,-0.0598547195162914,2060.6,2106.1,0.6818181818181818,-0.0036209754820696,0.0002994972929999,-0.0004980518450692
1994-12-08,1893.9723320158105,1939.4276679841896,1893.9723320158105,1916.7,3000.0,1916.7,1930.28,1909.07,1919.996,2038.993333333333,2161.8339999999994,False,False,False,False,False,False,False,False,False,False,False,-0.0316168414462357,0.0592685344602702,,,-0.0017196222674388,-0.0638041077546476,-0.0118954452966035,0.0330255125997808,-0.0021795068808464,-0.0524496220672892,2060.6,2106.1,0.6666666666666666,-0.0028395892491442,0.0007813862329253,-5.367706990016272e-05
1994-12-09,1916.703614457832,1969.7349397590365,1886.4,1886.4,12000.0,1886.4,1916.6600000000003,1911.35,1913.936,2034.752,2161.693,False,False,False,False,False,False,False,False,False,True,False,-0.012086513994911,0.0642493638676843,,,-0.0145971162001695,-0.0786429177268871,-0.0160623409669212,0.0337150127226462,-0.0020844473102044,-0.0458890313129462,2053.0,2106.1,4.0,-0.0031662500731477,-0.0003266608240035,9.505957064194448e-05
1994-12-12,1916.629268292683,1916.629268292683,1856.0243902439024,1863.6,10600.0,1863.6,1898.48,1910.59,1908.48,2030.5093333333327,2161.334499999999,False,False,False,False,False,False,False,False,False,False,False,0.0162588538312943,0.0976067825713673,,,-0.0240824211204121,-0.0895628532589251,0.0203369821850182,0.0195320884309938,-0.0020894593277748,-0.0392444218801522,2060.6,2106.1,0.8833333333333333,-0.0028588195841716,0.0003074304889761,-5.012017570380466e-06
1994-12-13,1893.9024390243903,1893.9024390243903,1863.6,1863.6,4200.0,1863.6,1884.84,1910.59,1905.144,2026.569333333333,2160.9075,False,False,False,False,False,False,False,False,False,False,False,0.0284932388924662,0.0935286542176433,,,-0.0222923374114617,-0.0874486656650209,-0.0650354153251769,0.0463618802318094,-0.001944172318802,-0.029964565919428,2083.3,2106.1,0.3962264150943396,-0.0017510487396228,0.0011077708445488,0.0001452870089727
1994-12-14,1863.627160493828,1863.627160493828,1840.9000000000003,1840.9000000000003,23000.0,1840.9,1874.24,1906.04,1903.324,2022.3266666666664,2160.3324999999986,False,False,False,False,False,False,False,False,False,False,False,0.0411755119778367,0.05763485251779,,,-0.033909500787658,-0.0985532438843315,0.004128415448965,0.0646966157857567,-0.0020979136242413,-0.0154403894986464,2083.3,2045.5,5.476190476190476,-0.0009562218518759,0.0007948268877468,-0.0001537413054392
1994-12-15,1840.9481632653064,1886.403673469388,1840.9481632653064,1856.1,13100.0,1856.1,1862.12,1896.2,1901.812,2018.286666666666,2159.2824999999984,False,False,False,False,False,False,False,False,False,False,False,0.0938527019018372,0.0652982059156295,,,-0.0246279834060664,-0.0873803494782964,0.0,0.0236517429017833,-0.0020016978096935,0.0015768378862989,2090.9,2045.5,0.5695652173913044,-0.00079503126492,0.0001611905869558,9.621581454774323e-05
1994-12-16,1886.3268292682928,1893.9024390243903,1863.6,1863.6,17400.0,1863.6,1857.56,1887.11,1899.992,2014.448,2157.7534999999984,False,False,False,False,False,False,False,False,False,True,False,0.077269800386349,0.081347928740073,,,-0.0195277956643056,-0.0809444086713885,0.0,-0.0072977033698218,-0.0019055675136148,0.0161145879148539,2090.9,2068.2,1.3282442748091603,-0.0009578987701,-0.0001628675051799,9.613029607877482e-05
1994-12-19,1871.1732,1901.4756,1863.5976,1893.9,10200.0,1893.9,1863.62,1881.05,1898.476,2011.4173333333329,2156.3759999999984,False,False,False,False,False,False,False,False,False,False,False,0.0800464649664712,0.0360103490152594,,,-0.0024161782565077,-0.0620504426492068,-0.0239716986113311,-0.0178995723111041,-0.0015067319031423,0.0244278461497568,2098.5,2075.8,0.5862068965517241,-0.0007985352461657,0.0001593635239342,0.0003988356104724
1994-12-20,1893.9723320158105,1916.7,1871.2446640316205,1916.7,23300.0,1916.7,1874.24,1879.54,1899.388,2008.2866666666664,2155.6634999999987,False,False,False,False,True,False,True,False,False,False,False,0.0632336828924714,0.0276516930140347,,,0.0090321907445088,-0.0477835168084031,-0.0513904106015547,-0.034799394793134,-0.0015588743970813,0.0215265437287847,2075.8,2030.3,2.284313725490196,0.0004801546603431,0.0012786899065089,-5.21424939390054e-05
1994-12-21,1924.2758893280632,1939.4276679841896,1916.7,1916.7,16600.0,1916.7,1889.4,1881.82,1898.784,2004.9533333333336,2154.9509999999987,False,False,False,False,False,False,False,False,False,True,False,0.0158084207231178,0.0118432722909167,,,0.0093473156988573,-0.0460444166188415,-0.0158084207231178,-0.0452339959305055,-0.0016625490867615,0.0112550615893125,2121.2,2045.5,0.7124463519313304,-0.0003180983197666,-0.0007982529801097,-0.0001036746896802
1994-12-22,1954.5425373134328,2030.3,1916.6638059701493,2030.3,33000.0,2030.3,1924.24,1893.18,1902.724,2003.034666666667,2154.7719999999986,False,False,False,False,False,False,True,False,True,False,False,-0.0261045165739053,-0.0485149977835787,,,0.0628360340836329,0.0134292140734537,-0.0485149977835787,-0.1085061320987046,-0.0009578799102162,-0.0037925606651243,2121.2,2007.6,1.987951807228916,0.0020707154584689,0.0023888137782355,0.0007046691765452
1994-12-26,1969.720754716981,2007.6,1969.720754716981,2007.6,6700.0,2007.6,1953.04,1905.3,1906.36,2000.8133333333333,2154.4449999999983,False,False,False,False,False,False,True,False,False,True,False,0.0037856146642758,-0.0188782626021116,,,0.0504283721856943,0.0033804874809058,-0.0905558876270173,-0.0934449093444908,-0.0011102151791606,-0.0169527108591822,2121.2,2015.2,0.203030303030303,0.0019072997754883,-0.0001634156829805,-0.0001523352689443
1994-12-27,2045.5,2060.651851851852,2022.772222222222,2045.5,18900.0,2045.5,1983.36,1923.49,1911.512,1999.0973333333327,2154.3764999999985,False,False,False,False,False,False,True,False,False,False,False,-0.0407724272793938,-0.0296260083109263,,,0.0655037888046932,0.0226852440316144,-0.0963089709117575,-0.1395746761183084,-0.0008583874188553,-0.0335275982718912,2106.1,2045.5,2.82089552238806,0.0026952485780889,0.0007879488026006,0.0002518277603052
1994-12-28,2045.4758364312268,2045.4758364312268,1977.2933085501857,2037.9,8600.0,2037.9,2007.6,1940.9200000000003,1916.36,1997.4813333333327,2154.1319999999987,False,False,False,False,False,False,True,False,False,True,False,-0.0334658226605817,-0.0557927278080377,,,0.0596398253103686,0.0198334887220506,-0.0966681387703026,-0.1020167819814515,-0.0008090188243725,-0.0483894235723266,2121.2,2075.8,0.455026455026455,0.0025297960717192,-0.0001654525063697,4.936859448273999e-05
1994-12-29,1977.303501945525,1977.303501945525,1931.8482490272368,1947.0,5000.0,1947.0,2013.66,1951.53,1917.572,1995.36,2153.432999999999,False,False,False,False,False,False,True,False,False,True,False,-0.0039034411915767,-0.0428351309707242,,,0.0151145351823318,-0.0248382126348227,-0.0544940934771441,-0.0703646635850025,-0.001063133135541,-0.0612493786926155,2068.2,2060.6,0.5813953488372093,0.000632049278984,-0.0018977467927352,-0.0002541143111684
1994-12-30,1977.3,2007.603448275862,1946.996551724138,1977.3,9200.0,1977.3,2003.06,1963.65,1921.512,1993.642666666666,2152.954499999999,False,False,False,False,False,False,True,False,True,False,False,-0.0230111768573307,-0.042178728569261,,,0.028214231527841,-0.0082651427030121,-0.0766196328326505,-0.0744955241996662,-0.0008614047853446,-0.0706083059608382,2053.0,2045.5,1.84,0.0020504685893192,0.0014184193103352,0.0002017283501964
1995-01-04,1977.32030075188,2022.775939849624,1969.744360902256,2015.2,2200.0,2015.2,2004.58,1978.81,1927.576,1992.4306666666664,2152.665499999999,False,False,False,False,False,False,True,False,False,False,False,-0.0225784041286222,-0.0789499801508535,,,0.0434815402937673,0.0112987958184466,-0.1203354505756252,-0.0869392616117507,-0.0006083022211393,-0.0782338880438242,2037.9,2068.2,0.2391304347826087,0.003145920057108,0.0010954514677887,0.0002531025642052
1995-01-05,2030.2810810810809,2030.2810810810809,1931.797297297297,1962.1,4700.0,1962.1,1987.9,1985.63,1931.212,1990.5106666666663,2151.800999999999,False,False,False,False,False,False,True,False,False,True,False,0.0116202028438918,-0.0308852759798174,,,0.0157423169053564,-0.0144797241051253,-0.0965292288874164,-0.0571326639824677,-0.000964576594415,-0.081903476478498,2000.0,2053.0,2.136363636363636,0.0018827554924057,-0.0012631645647022,-0.0003562743732756
1995-01-06,1931.821153846154,1969.7000000000005,1931.821153846154,1969.7000000000005,2700.0,1969.7,1974.26,1990.93,1935.456,1988.692,2150.526999999999,False,False,False,False,False,False,True,False,False,False,False,-0.0230999644615933,-0.1153982840026401,,,0.0173853886378639,-0.0096420774737267,-0.0922983195410469,-0.0455399299385695,-0.000914503938602,-0.0828406824951153,1947.0,2106.1,0.574468085106383,0.0021927649091479,0.0003100094167421,5.007265581298277e-05
1995-01-09,1939.4,1954.5515625,1939.4,1939.4,1500.0,1939.4,1972.74,1993.2,1937.576,1987.2773333333328,2149.170499999999,False,False,False,False,False,False,True,False,False,True,False,-0.0390842528617099,-0.0468701660307312,,,0.0009404970609467,-0.0246866728541469,-0.0741982056306074,-0.0512529648344849,-0.0007118617230411,-0.0833835039133052,1886.4,2060.6,0.5555555555555556,0.0010941506294463,-0.0010986142797016,0.0002026422155608
1995-01-10,1939.37568627451,1939.37568627451,1931.8,1931.8,4900.0,1931.8,1963.64,1983.35,1936.668,1985.761333333333,2147.844499999999,False,False,False,False,False,False,False,False,False,True,False,-0.0196190081789004,-0.0391862511647168,,,-0.0025199295993373,-0.0279331883907925,-0.0744901128481207,-0.0423439279428512,-0.0007634351493062,-0.0768144805505835,1893.9,2060.6,3.2666666666666666,-0.0004688464930489,-0.0015629971224952,-5.157342626509068e-05
1995-01-11,1909.0938461538465,1969.7000000000005,1909.0938461538465,1969.7000000000005,23200.0,1969.7,1954.54,1979.56,1937.276,1984.448,2146.5359999999987,False,False,False,False,False,False,True,False,False,False,False,-0.0576737574249888,-0.0538660709752757,,,0.0164613900594001,-0.0074874346347157,-0.1153982840026401,-0.0810783368025589,-0.0006618129239631,-0.0755521429004425,1909.1,2053.0,4.73469387755102,0.0003138427358828,0.0007826892289317,0.000101622225343
1995-01-12,2000.0519083969464,2000.0519083969464,1954.5961832061068,1984.9,6300.0,1984.9,1959.1000000000004,1973.5,1938.492,1983.236,2145.441,False,False,False,False,False,False,True,False,False,False,False,-0.042017230087158,-0.0687188271449443,,,0.0233805229482594,0.0008383293868708,-0.1183434933749811,-0.0881152702906947,-0.0006111224281931,-0.0701798834557892,1931.8,2060.6,0.271551724137931,0.00062729172986,0.0003134489939772,5.0690495770038674e-05
1995-01-13,1939.3511811023625,1939.3511811023625,1924.2,1924.2,2900.0,1924.2,1950.0000000000005,1962.1300000000003,1938.188,1981.821333333333,2144.146,False,False,False,False,False,False,False,False,False,True,False,-0.0944808231992516,-0.0550878287080345,,,-0.0072695146034716,-0.0299456050999548,-0.0865814364411184,-0.0593493399854485,-0.0007138214948406,-0.0658111338188602,1893.9,2083.3,0.4603174603174603,-0.0001568475297545,-0.0007841392596145,-0.0001026990666475
1995-01-17,1916.629268292683,1924.2048780487803,1840.873170731708,1863.6,8300.0,1863.6,1934.84,1953.79,1936.976,1979.396,2142.376,False,False,False,False,False,False,False,False,False,True,False,-0.0081025971238462,0.012234385061172,,,-0.039373256063533,-0.0621356514273449,-0.052801030264005,0.0195320884309938,-0.001225289600127,-0.0572169987562634,1931.8,2083.3,2.862068965517241,-0.0006257176134345,-0.00046887008368,-0.0005114681052864
1995-01-18,1893.9,1931.778,1893.9,1893.9,9700.0,1893.9,1927.26,1945.4500000000005,1936.064,1977.88,2140.7575,False,False,False,False,False,False,False,False,False,False,False,-0.019958815143355,0.0200116162416177,,,-0.0222630550715454,-0.0443423623211362,-0.0759807804002323,-0.0337399017899572,-0.000766477238255,-0.0531753578863504,1931.8,2090.9,1.1686746987951808,-0.0004710588079733,0.0001546588054612,0.000458812361872
1995-01-19,1856.1,1871.2518367346936,1840.9481632653064,1856.1,18900.0,1856.1,1904.54,1929.54,1934.852,1975.7586666666664,2138.6745,False,False,False,False,False,False,False,False,False,True,False,0.0040407305640859,-0.0163245514789073,,,-0.0424287484510533,-0.0644677908877035,-0.0571628683799363,-0.0086741016109045,-0.0010736803887656,-0.0453683261295438,1916.7,2090.9,1.9484536082474224,-0.0006264045001891,-0.0001553456922158,-0.0003072031505106
1995-01-20,1856.045816733068,1931.802788844621,1856.045816733068,1901.5,10800.0,1901.5,1887.86,1923.48,1936.368,1973.8386666666663,2136.326,False,False,False,False,False,False,True,False,False,False,False,-0.0278727320536418,-0.0278727320536418,,,-0.0183371022876676,-0.0380429485493906,-0.0796739416250328,-0.0481199053378911,-0.000972723876791,-0.0444402853161977,1916.7,2098.5,0.5714285714285714,0.0007829090338199,0.001409313534009,0.0001009565119745
1995-01-23,1886.337391304348,1893.9130434782608,1727.248695652174,1742.4,10100.0,1742.4,1851.5,1900.7500000000005,1931.52,1969.3933333333327,2132.7655,False,False,False,False,False,False,False,False,False,True,False,0.0435032139577593,0.0565312213039487,,,-0.1085399449035812,-0.1302762473217017,-0.0521694214876033,0.0158402203856748,-0.0022572094959868,-0.0388004734973039,1916.7,2075.8,0.9351851851851852,-0.0025099403578528,-0.0032928493916727,-0.0012844856191957
1995-01-24,1803.0450819672133,1878.8032786885249,1780.3176229508197,1848.5,12200.0,1848.5,1848.48,1891.6600000000003,1931.824,1966.5653333333328,2130.114,False,False,False,False,False,False,True,False,False,False,False,0.0205031106302407,-0.004111441709494,,,-0.0450765485528807,-0.0638708863042103,-0.090181228022721,-0.0370570733026778,-0.0014380401973256,-0.0373534356068216,1916.7,2121.2,1.207920792079208,0.0001573642319383,0.0026673045897912,0.0008191692986611
1995-01-25,1893.9795918367347,1893.9795918367347,1848.5240816326527,1856.1,24700.0,1856.1,1840.92,1884.09,1931.824,1964.0400000000004,2127.1975,False,False,False,False,False,False,False,False,False,True,False,0.0407844404935079,-0.0163245514789073,,,-0.040797370831313,-0.0581541942783258,-0.0571628683799363,-0.0679381498841656,-0.0012857850824486,-0.0398547840071333,1878.8,2121.2,2.0245901639344264,0.0,-0.0001573642319383,0.000152255114877
1995-01-26,1863.6,1893.9024390243903,1848.448780487805,1863.6,13600.0,1863.6,1842.42,1873.48,1931.824,1961.3120000000004,2124.6215,False,False,False,False,False,False,False,False,False,False,False,-0.0202833226014165,-0.0487765614938827,,,-0.0366087143163769,-0.0524318523288261,-0.0243614509551405,-0.0824211204121055,-0.0013909056794635,-0.0397548946345837,1863.6,2121.2,0.5506072874493927,0.0,0.0,-0.0001051205970149
1995-01-27,1863.6516393442623,1893.954918032787,1848.5,1848.5,6700.0,1848.5,1831.82,1859.84,1930.008,1958.5853333333328,2121.8185,False,False,False,False,False,False,False,False,False,True,False,0.0,-0.0410062212604814,,,-0.0440941303759805,-0.0595538725092414,0.0163916689207465,-0.0911549905328644,-0.0013921612810339,-0.0397023399862353,1871.2,2106.1,0.4926470588235294,-0.0009409287422642,-0.0009409287422642,-1.2556015703531296e-06
1995-01-30,1818.2,1863.655,1750.0175000000002,1818.2,11300.0,1818.2,1846.98,1849.24,1926.068,1954.7466666666671,2118.826,False,False,False,False,False,False,False,False,False,True,False,0.0124848751512486,-0.0166648333516663,,,-0.0593268067319326,-0.0750999156675102,0.0333296667033329,-0.1090089099109009,-0.0019637668308249,-0.0444723237654387,1863.6,2121.2,1.6865671641791045,-0.0020456183270788,-0.0011046895848145,-0.000571605549791
1995-01-31,1856.0963855421687,1924.2795180722887,1856.0963855421687,1886.4,48000.0,1886.4,1854.56,1851.52,1924.856,1952.424,2116.3260000000005,False,False,False,False,False,False,False,False,False,False,False,-0.0241200169635282,-0.0481870229007634,,,-0.0203859202714164,-0.0349999999999999,-0.0040288379983037,-0.1571246819338422,-0.001189632306644,-0.0623919806429312,1886.4,2068.2,4.247787610619469,-0.0006296574912616,0.0014159608358171,0.0007741345241809
1995-02-01,1886.345882352941,1954.5270588235287,1886.345882352941,1931.8,13900.0,1931.8,1869.7,1855.31,1920.916,1950.7066666666667,2114.0155,False,False,False,False,True,False,False,False,False,True,False,-0.0548711046692204,-0.0744901128481207,,,0.005634123615281,-0.0097870725057804,-0.0391862511647168,-0.1821099492701107,-0.0008803647225278,-0.0777821496138111,1954.5,2053.0,0.2895833333333333,-0.0020511047854253,-0.0014214472941636,0.0003092675841161
1995-02-02,1901.5593360995847,1909.1352697095435,1825.8,1825.8,13800.0,1825.8,1862.14,1852.28,1913.644,1947.677333333333,2111.364,False,False,False,False,False,False,False,False,False,True,False,-0.0290831416365428,-0.0456786066381859,,,-0.0481126081717603,-0.0667528389381822,0.0290283711249863,-0.1455800197173841,-0.0015553568763616,-0.0913900706156736,1954.5,2037.9,0.9928057553956836,-0.0038000798476623,-0.001748975062237,-0.0006749921538337
1995-02-03,1848.5,1871.2274590163936,1840.924180327869,1848.5,4500.0,1848.5,1862.14,1846.98,1905.764,1944.849333333333,2109.0535000000004,False,False,False,False,False,False,False,False,False,True,False,-0.0410062212604814,-0.0532864484717338,,,-0.030978631322694,-0.0521229825985031,0.0122802272112523,-0.1831214498241817,-0.0014540972154141,-0.105025501088263,1954.5,2000.0,0.3260869565217391,-0.0041348246687418,-0.0003347448210795,0.0001012596609474
1995-02-06,1878.7786008230453,1878.7786008230453,1833.324279835391,1840.9000000000003,3500.0,1840.9,1866.68,1856.83,1897.884,1941.617333333333,2106.5535000000004,False,False,False,False,False,False,False,False,False,True,True,-0.0287902656309413,-0.0452496061708948,,,-0.0309544244662934,-0.0547109203831455,0.0082568308979301,-0.1906132869791951,-0.0016645916497106,-0.1248525713177835,1931.8,1947.0,0.7777777777777778,-0.0041519924294634,-1.7167760721655163e-05,-0.0002104944342965
1995-02-07,1840.9000000000003,1886.3543209876543,1840.9000000000003,1840.9000000000003,6100.0,1840.9,1857.5800000000004,1856.07,1893.6400000000003,1938.385333333333,2104.167000000001,False,False,False,False,False,False,False,False,False,False,False,-0.0246618501819763,-0.0411211907219296,,,-0.028649030365582,-0.0529552573922171,-0.0164593405399535,-0.1688847846162204,-0.0016673671351206,-0.1379635466334782,1893.9,1886.4,1.7428571428571429,-0.002241186286728,0.0019108061427354,-2.7754854100066773e-06
1995-02-08,1833.3759336099583,1840.951867219917,1818.2240663900416,1825.8,3200.0,1825.8,1836.3800000000003,1853.04,1887.5800000000008,1934.850666666666,2101.478000000001,False,False,False,False,False,False,False,False,False,True,False,-0.0207580238799428,-0.041516047759886,,,-0.0338372220396543,-0.0597276079891916,-0.0124876766348997,-0.1455800197173841,-0.0018268421059886,-0.1457281008504943,1916.7,1893.9,0.5245901639344263,-0.0032104599540149,-0.0009692736672868,-0.0001594749708679
1995-02-09,1818.1538461538464,1818.1538461538464,1765.124358974359,1772.7,15300.0,1772.7,1825.76,1843.95,1877.8800000000003,1930.608,2098.523500000001,False,False,False,False,False,False,False,False,False,True,False,-0.0170925706549331,-0.0128053252101314,,,-0.0593332205110849,-0.0890776781181248,0.0170925706549331,-0.1538331358943984,-0.0021975805894651,-0.1529054475446731,1886.4,1909.1,4.78125,-0.0051653992800394,-0.0019549393260245,-0.0003707384834764
1995-02-10,1772.7,1810.578205128205,1772.7,1772.7,2900.0,1772.7,1810.6,1836.37,1870.3040000000003,1926.264,2095.7205000000017,False,False,False,False,False,False,False,False,False,False,False,-0.0128053252101314,-0.0128053252101314,,,-0.0550595137361089,-0.0866271788796749,0.0042872454448014,-0.159474248321769,-0.0022551425972764,-0.1597553869862826,1863.6,1931.8,0.1895424836601307,-0.0040506783923896,0.0011147208876497,-5.756200781128909e-05
1995-02-13,1772.748305084746,1818.2033898305087,1772.748305084746,1787.9000000000003,5100.0,1787.9,1800.0,1833.34,1863.032,1922.425333333333,2092.955500000002,False,False,False,False,False,False,False,False,False,False,False,-0.0169472565579732,-0.0762906202807764,,,-0.0420224844789974,-0.0752420903480803,-0.0085015940488843,-0.1610269030706416,-0.0019967832300726,-0.1649121275922632,1863.6,1893.9,1.7586206896551724,-0.0039033145968509,0.0001473637955387,0.0002583593672037
1995-02-14,1818.2278481012656,1818.2278481012656,1780.3481012658228,1795.5,6100.0,1795.5,1790.92,1824.2500000000005,1857.276,1918.0826666666665,2090.228500000002,False,False,False,False,False,False,False,False,False,False,False,-0.01687552213868,-0.0633249791144527,,,-0.034406015037594,-0.0682721618861968,-0.0379838485101643,-0.1757170704539125,-0.0022640664774962,-0.1667808688502126,1840.9000000000003,1931.8,1.196078431372549,-0.003099162429278,0.0008041521675728,-0.0002672832474236
1995-02-15,1772.748305084746,1787.9000000000003,1772.748305084746,1787.9000000000003,5300.0,1787.9,1783.34,1809.86,1851.52,1913.6386666666665,2087.4635000000017,False,False,False,False,False,False,False,False,False,True,False,-0.0211980535824152,-0.0211980535824152,,,-0.0355836456177636,-0.0703275723847341,-0.0635941607472455,-0.200178980927345,-0.0023222774902123,-0.1684439680417269,1856.1,1931.8,0.8688524590163934,-0.0031087970964397,-9.634667161657636e-06,-5.821101271606157e-05
1995-02-16,1772.702608695652,1818.1565217391303,1742.4,1742.4,6000.0,1742.4,1777.2800000000002,1801.52,1842.428,1908.588,2084.660500000002,False,False,False,False,False,False,False,False,False,True,False,0.0043617998163452,0.0435032139577593,,,-0.0574081726354453,-0.0953787878787878,-0.0434458218549127,-0.2079889807162535,-0.0026462844085085,-0.1745859052355788,1863.6,1916.7,1.1320754716981132,-0.0049347925671992,-0.0018259954707595,-0.0003240069182962
1995-02-17,1772.7272727272727,1825.757575757576,1742.4242424242425,1750.0,14100.0,1750.0,1772.7400000000002,1791.6699999999996,1833.032,1903.84,2081.7815000000014,False,False,False,False,False,False,False,False,False,True,False,0.0,0.0735999999999999,,,-0.0474468571428571,-0.0879085714285713,0.0086857142857143,-0.2285714285714285,-0.0024939070510127,-0.1789782716683316,1893.9,1916.7,2.35,-0.0051259334261486,-0.0001911408589493,0.0001523773574958
1995-02-20,1780.3275862068965,1780.3275862068965,1757.6,1757.6,4300.0,1757.6,1766.6800000000003,1783.3399999999997,1826.368,1898.9919999999995,2078.9030000000016,False,False,False,False,False,False,False,False,False,False,False,-0.0603664087391897,0.0689576695493855,,,-0.0391260810195721,-0.0804460628129264,0.0923987255348202,-0.2660446062812926,-0.0025529333456909,-0.1863581818385724,1916.7,1916.7,0.3049645390070922,-0.0036487717699828,0.0014771616561658,-5.902629467826855e-05
1995-02-21,1765.2,1780.351931330472,1757.624034334764,1765.2,2900.0,1765.2,1760.62,1775.77,1822.432,1894.952,2076.1760000000013,False,False,False,False,False,False,False,False,False,False,False,-0.0472467709041467,0.0643553138454565,,,-0.0324223883979152,-0.0735055517788352,0.1330160888284613,-0.3371855880353501,-0.0021319801240345,-0.2031625717294469,1916.7,1916.7,0.6744186046511628,-0.0021597513652086,0.0014890204047741,0.0004209532216564
1995-02-22,1765.1515151515152,1765.1515151515152,1750.0,1750.0,5100.0,1750.0,1753.0400000000002,1768.19,1816.676,1890.912,2073.259500000001,False,False,False,False,False,False,False,False,False,True,False,0.0,0.0606285714285713,,,-0.0381005714285713,-0.0805211428571428,0.1314285714285714,-0.3085714285714285,-0.0021365351745612,-0.219540886443199,2030.3,1878.8,1.7586206896551724,-0.0031684240888304,-0.0010086727236217,-4.55505052670592e-06
1995-02-23,1780.3030303030305,1780.3030303030305,1750.0,1750.0,15500.0,1750.0,1754.56,1765.9200000000003,1812.432,1887.073333333333,2070.4185000000016,False,False,False,False,False,False,False,False,False,False,False,0.0389714285714285,0.0735999999999999,,,-0.0356754285714285,-0.0783276190476188,0.1142857142857142,-0.28,-0.0020341905101728,-0.2321282957325361,2007.6,1863.6,3.0392156862745097,-0.0023416050919427,0.0008268189968877,0.0001023446643883
1995-02-24,1757.5757575757575,1757.5757575757575,1750.0,1750.0,2700.0,1750.0,1754.56,1763.65,1806.372,1883.74,2067.577500000001,False,False,False,False,False,False,False,False,False,True,False,0.0735999999999999,0.0692571428571428,,,-0.0322125714285714,-0.0764228571428571,0.0857142857142857,-0.2514285714285714,-0.0017695294113481,-0.2413460720664531,2045.5,1871.2,0.1741935483870967,-0.0033547907075618,-0.0010131856156191,0.0002646610988247
1995-02-27,1674.2270642201834,1674.2270642201834,1636.348623853211,1651.5,10100.0,1651.5,1733.34,1750.0100000000002,1802.736,1879.7999999999995,2064.244000000001,False,False,False,False,False,False,False,False,False,False,False,0.1376324553436269,0.1238873751135331,,,-0.091574931880109,-0.1382379654859216,0.1807447774750227,-0.2188919164396003,-0.0020959676561339,-0.2474328718121611,2037.9,1863.6,3.740740740740741,-0.0020169342599248,0.0013378564476369,-0.0003264382447857
1995-02-28,1659.072972972973,1727.2540540540542,1659.072972972973,1681.8000000000002,10800.0,1681.8,1716.66,1738.64,1796.0680000000002,1877.072,2060.9485000000013,False,False,False,False,False,False,False,False,False,True,False,0.1171364014746104,0.0765846117255319,,,-0.0679438696634558,-0.1161089309073608,0.1654180045189676,-0.2210726602449757,-0.0014533273097674,-0.252289145539042,1947.0,1886.4,1.0693069306930694,-0.0037125543130883,-0.0016956200531634,0.0006426403463664
1995-03-01,1712.121212121212,1750.0,1704.5454545454545,1750.0,37800.0,1750.0,1716.66,1734.85,1791.8240000000003,1875.1533333333325,2058.183500000001,False,False,False,False,False,False,False,False,False,False,False,0.0606285714285713,0.0302857142857142,,,-0.0238994285714287,-0.07151619047619,0.0857142857142857,-0.24,-0.0010232052134405,-0.2564198633887655,1977.3,1954.5,3.5,-0.0023685361955191,0.0013440181175691,0.0004301220963268
1995-03-02,1810.6241666666667,1818.2,1795.4725,1818.2,31700.0,1818.2,1730.3,1742.4299999999998,1790.0080000000005,1873.941333333333,2055.7970000000014,False,False,False,False,True,False,False,False,False,False,True,0.0333296667033329,-0.008359916400836,,,0.0155054449455502,-0.0306574267590655,0.0174898251017489,-0.2850071499285007,-0.0006467651779918,-0.2642459094482991,2015.2,1954.5,0.8386243386243386,-0.0010145206054943,0.0013540155900247,0.0003764400354487
1995-03-03,1818.1935483870968,1878.8,1818.1935483870968,1878.8,34900.0,1878.8,1756.06,1755.31,1791.2200000000005,1873.234666666666,2053.7135000000017,False,False,False,False,False,False,True,False,False,False,False,-0.0040451351926761,-0.0524270811156059,,,0.0466148605492865,0.0029621744375845,-0.0100063870555673,-0.297423887587822,-0.000377244068371,-0.2713537779651457,1962.1,1954.5,1.1009463722397477,0.0006766338026596,0.001691154408154,0.0002695211096208
1995-03-06,1871.2241935483871,1893.9516129032256,1863.648387096774,1878.8,56400.0,1878.8,1801.52,1767.4299999999998,1793.6440000000002,1873.0333333333328,2051.668000000001,False,False,False,False,False,False,True,False,True,False,False,-0.012082180114967,-0.0564722163082818,,,0.0453246753246751,0.0030693350365483,-0.0153289333617202,-0.2708111560570577,-0.0001074905233933,-0.2718240609246193,1969.7000000000005,1931.8,1.6160458452722064,0.0013514387470421,0.0006748049443825,0.0002697535449776
1995-03-07,1878.8,1893.9516129032256,1878.8,1878.8,17200.0,1878.8,1840.92,1778.7899999999995,1793.3400000000006,1872.326666666666,2049.6225000000013,False,False,False,False,False,False,False,False,False,True,False,-0.0362997658079625,-0.0806365765382158,,,0.045486480732382,0.0034454616421833,-0.0259740259740259,-0.2921013412816691,-0.000377427015941,-0.2674795788148121,1939.4,1893.9,0.3049645390070922,-0.0001695160984529,-0.0015209548454951,-0.0002699364925477
1995-03-08,1878.8277551020408,1878.8277551020408,1856.1,1856.1,20900.0,1856.1,1862.14,1789.3999999999996,1790.3120000000004,1871.3173333333325,2047.5395000000008,False,False,False,False,False,False,False,False,False,True,False,-0.0286083723937287,-0.0980011852809654,,,0.0354442109800116,-0.0081985525205175,-0.0248370238672484,-0.2996067022250956,-0.0005393704826831,-0.2667933385492342,1931.8,1916.7,1.2151162790697674,-0.0016913253108956,-0.0015218092124427,-0.000161943466742
1995-03-09,1863.648387096774,1893.9516129032256,1863.648387096774,1878.8,27800.0,1878.8,1874.26,1802.28,1792.4320000000005,1870.8119999999992,2045.5700000000008,False,False,False,False,False,False,True,False,True,False,False,-0.0403449010006386,-0.1128912071535021,,,0.0459697679369807,0.0042516499893553,-0.0312965722801788,-0.3133915265062806,-0.0002701144387214,-0.2703686441618394,1969.7000000000005,1886.4,1.3301435406698563,0.0011827505869121,0.0028740758978078,0.0002692560439617
1995-03-10,1871.2,1886.3514170040487,1863.624291497976,1871.2,29100.0,1871.2,1872.74,1814.4,1793.34,1870.2053333333329,2043.486500000001,False,False,False,False,False,False,True,False,False,True,False,-0.0485784523300558,-0.0566481402308678,,,0.0416096622488243,0.0005315661963804,-0.059427105600684,-0.3052586575459598,-0.0003243850586101,-0.2757936507936508,1984.9,1863.6,1.0467625899280577,0.0005063178203795,-0.0006764327665326,-5.427061988873429e-05
1995-03-13,1893.9795918367347,1893.9795918367347,1856.1,1856.1,44300.0,1856.1,1868.2,1834.86,1793.948,1869.397333333333,2041.403500000001,False,False,False,False,False,False,True,False,False,True,False,-0.0449329238726361,0.0344270244060126,,,0.0334852648025428,-0.0071641254961118,-0.0140617423630191,-0.3049943429772102,-0.0004322248596337,-0.2838690690297897,1924.2,1863.6,1.52233676975945,0.000338917293032,-0.0001674005273475,-0.0001078398010236
1995-03-14,1871.205857740585,1871.205857740585,1810.6,1810.6,20000.0,1810.6,1854.56,1847.74,1792.736,1867.9826666666663,2039.1305000000004,False,False,False,False,False,False,False,False,False,True,False,-0.0460068485584888,0.1046062078868883,,,0.0098663426488455,-0.0316926249125518,-0.000331381862366,-0.287528995912957,-0.00075732322998,-0.2899433903038306,1863.6,1840.9000000000003,0.4514672686230248,-0.0006760616175499,-0.0010149789105819,-0.0003250983703462
1995-03-15,1810.5756302521008,1818.1512605042017,1795.4243697478992,1803.0,16500.0,1803.0,1843.94,1853.04,1791.8239999999998,1866.972,2037.1605000000004,False,False,False,False,False,False,False,False,False,False,False,-0.0714364947310038,0.0981697171381031,,,0.0061985579589573,-0.0354808652246256,0.0149750415973377,-0.2789794786466999,-0.0005413400236673,-0.2935932305832577,1893.9,1856.1,0.825,-0.0005089785603944,0.0001670830571554,0.0002159832063126
1995-03-16,1818.1512605042017,1818.1512605042017,1795.4243697478992,1803.0,24800.0,1803.0,1828.78,1851.52,1793.036,1866.164,2035.6075000000003,False,False,False,False,False,False,True,False,False,False,False,-0.0755962285080421,0.08153078202995,,,0.0055263449805878,-0.035032723239046,0.0205213533000554,-0.2789794786466999,-0.000432973736499,-0.2930133079847908,1856.1,1863.6,1.503030303030303,0.0006759485029861,0.0011849270633805,0.0001083662871683
1995-03-17,1787.8757446808509,1818.1787234042552,1780.2999999999995,1780.2999999999995,27300.0,1780.3,1810.6,1841.67,1793.3399999999997,1864.9519999999995,2033.7515000000008,False,False,False,False,False,False,True,False,False,True,False,-0.0084817165646236,0.0672358591248668,,,-0.0073246082120991,-0.047549289445599,0.0391507049373704,-0.2417008369375946,-0.0006498826779458,-0.2876030993609061,1901.5,1893.9,1.1008064516129032,0.0001695160984529,-0.0005064324045331,-0.0002169089414467
1995-03-20,1749.9730769230769,1810.578205128205,1742.3974358974358,1772.7,10400.0,1772.7,1793.92,1831.06,1792.7319999999995,1863.74,2032.0470000000007,False,False,False,False,False,False,False,False,False,True,False,0.08309358605517,0.100016923337282,,,-0.0113002764145086,-0.0513566875387826,0.0605291363456873,-0.1933209228859931,-0.0006503053000952,-0.2801983550511725,1742.4,1916.7,0.3809523809523809,-0.0003391471787195,-0.0005086632771724,-4.226221494202289e-07
1995-03-22,1772.755263157895,1787.9070175438596,1704.5723684210527,1727.3,54000.0,1727.3,1777.2599999999998,1815.91,1790.004,1861.6186666666665,2029.9640000000009,False,False,False,False,False,False,False,False,False,True,False,0.1578764545822961,0.1347189254906501,,,-0.0363017426040641,-0.0777622107721105,0.0652463382157124,-0.1605395704278353,-0.0011395101324009,-0.2675848472666597,1848.5,1916.7,5.1923076923076925,-0.0015240189407395,-0.00118487176202,-0.0004892048323057
1995-03-23,1734.804524886878,1734.804524886878,1666.6244343891403,1674.2,24500.0,1674.2,1751.5,1797.72,1785.4559999999997,1857.881333333333,2027.5015000000008,False,False,False,False,False,False,False,False,False,True,False,0.1826544021024966,0.1348703858559311,,,-0.0664532313940984,-0.109712897702385,0.1050053757018277,-0.1279417035001792,-0.0020116103576045,-0.2512738357475024,1856.1,2030.3,0.4537037037037037,-0.0025472484340136,-0.001023229493274,-0.0008721002252035
1995-03-24,1666.7,1674.2759090909092,1643.9722727272726,1666.7,45300.0,1666.7,1724.2399999999998,1776.5099999999998,1782.4279999999997,1854.0440000000003,2024.9640000000009,False,False,False,False,False,False,False,False,False,False,False,0.1699766004679906,0.1099778004439911,,,-0.0694354112917739,-0.1124041519169618,0.0859782804343912,-0.0760184796304074,-0.0020697099601372,-0.2282621544488912,1863.6,2007.6,1.8489795918367349,-0.001698806347297,0.0008484420867165,-5.809960253270151e-05
1995-03-27,1757.624034334764,1818.2317596566525,1757.624034334764,1765.2,27700.0,1765.2,1721.22,1765.9100000000003,1783.0359999999994,1851.52,2022.8810000000008,False,False,False,False,False,False,True,False,False,False,False,0.0763652843870382,0.053704962610469,,,-0.0101042374801718,-0.0489009743938363,0.0253795603897575,-0.1162474507138001,-0.0013632042862082,-0.2089064561614126,1848.5,2045.5,0.6114790286975718,0.00034099143259,0.0020397977798871,0.0007065056739289
1995-03-28,1910.0,1950.0,1900.0,1920.0,43100.0,1745.5,1750.6799999999998,1772.3,1789.5319999999997,1851.3626666666669,2021.572000000001,False,False,False,True,True,False,True,False,True,False,True,0.015625,-0.0364583333333333,,,0.0679520833333335,0.035748611111111,-0.0572916666666666,-0.21875,-8.498244896359183e-05,-0.1999097218303898,1818.2,2037.9,1.555956678700361,0.003629999351786,0.0032890079191959,0.0012782218372446
1995-03-29,1950.0,2040.0,1930.0,2000.0,15200.0,1818.2,1805.22,1791.2400000000002,1798.9239999999993,1852.7773333333337,2020.587000000001,False,False,False,False,False,False,True,True,False,False,False,-0.02,-0.085,,,0.1005380000000003,0.0736113333333331,-0.05,-0.27,0.0007635384140422,-0.1988789888568813,1886.4,1947.0,0.3526682134570765,0.0052208987150094,0.0015908993632234,0.0008485208630058
1995-03-30,1950.0,1990.0,1950.0,1980.0,18400.0,1800.0,1866.38,1808.94,1808.124,1853.6213333333333,2019.1990000000008,False,False,False,False,False,False,True,True,False,True,False,-0.0404040404040404,-0.0858585858585858,,,0.0868060606060608,0.0638276094276094,-0.0757575757575757,-0.2828282828282828,0.0004553249279246,-0.2000840271097991,1931.8,1977.3,1.2105263157894737,0.0050881466094141,-0.0001327521055953,-0.0003082134861176
1995-03-31,2000.0,2060.0,1950.0,1950.0,32400.0,1772.7,1923.04,1823.64,1816.124,1854.469333333333,2017.8505000000005,False,False,False,False,False,False,True,True,False,True,False,-0.0512820512820512,-0.0666666666666666,,,0.0686543589743589,0.0489900854700856,-0.0564102564102564,-0.2717948717948718,0.0004572736711021,-0.1999517448619245,1825.8,2015.2,1.7608695652173914,0.00440498556266,-0.000683161046754,1.948743177519676e-06
1995-04-03,1950.0,1950.0,1890.0,1900.0,20000.0,1727.3,1950.0,1835.61,1822.124,1854.9546666666663,2016.1385000000007,False,False,False,False,False,False,True,True,False,True,False,-0.0210526315789473,-0.0736842105263157,,,0.0409873684210526,0.0237080701754387,-0.0473684210526315,-0.2684210526315789,0.0002616416142424,-0.2029897418296914,1848.5,1962.1,0.6172839506172839,0.0032928604200372,-0.0011121251426227,-0.0001956320568596
1995-04-04,1950.0,1970.0,1930.0,1950.0,10000.0,1772.7,1956.0,1853.34,1834.064,1856.1066666666663,2014.6765000000005,False,False,False,False,False,False,True,True,False,False,False,-0.0512820512820512,-0.0615384615384615,,,0.0594543589743589,0.0481504273504275,-0.0923076923076923,-0.2666666666666666,0.0006206539854031,-0.2106143503080924,1840.9000000000003,1969.7000000000005,0.5,0.0065101326889356,0.0032172722688983,0.0003590123711606
1995-04-05,1920.0,1960.0,1900.0,1960.0,4500.0,1781.8,1948.0,1876.61,1845.192,1857.6946666666668,2013.4540000000009,False,False,False,False,False,False,True,True,False,True,False,-0.0663265306122449,-0.0765306122448979,,,0.0585755102040816,0.0521965986394557,-0.0918367346938775,-0.2602040816326531,0.0008548229310739,-0.2204027475074735,1840.9000000000003,1939.4,0.45,0.0060308087180087,-0.0004793239709269,0.0002341689456707
1995-04-06,1900.0,1930.0,1890.0,1900.0,14900.0,1727.3,1932.0,1899.19,1851.192,1858.28,2011.9690000000005,False,False,False,False,False,False,True,True,False,True,False,-0.0473684210526315,-0.0368421052631578,,,0.0256884210526315,0.0219578947368421,-0.0894736842105263,-0.2578947368421053,0.0003149866184499,-0.2323042981481579,1825.8,1931.8,3.311111111111111,0.0032411548883098,-0.0027896538296989,-0.0005398363126239
1995-04-07,1890.0,1890.0,1850.0,1850.0,6800.0,1681.8,1912.0,1917.52,1852.464,1858.098666666667,2010.2340000000008,False,False,False,False,False,False,True,False,False,True,False,-0.0162162162162162,-0.0054054054054054,,,-0.0013318918918918,-0.0043776576576578,-0.0756756756756756,-0.2324324324324324,-9.75907989096667e-05,-0.2459009554007259,1772.7,1969.7000000000005,0.4563758389261745,0.0006866530199776,-0.0025545018683321,-0.0004125774173596
1995-04-10,1900.0,1910.0,1860.0,1860.0,3500.0,1690.9,1904.0,1927.0,1851.712,1857.6466666666668,2008.5490000000004,False,False,False,False,False,False,False,False,False,True,False,-0.053763440860215,-0.0053763440860215,,,0.0044559139784946,0.0012652329749103,-0.0967741935483871,-0.2043010752688172,-0.0002433186074138,-0.2537623248572911,1772.7,1984.9,0.5147058823529411,-0.0004061106694777,-0.0010927636894554,-0.0001457278085041
1995-04-11,1850.0,1880.0,1850.0,1850.0,8500.0,1681.8,1884.0,1920.0,1850.56,1856.7573333333328,2006.8520000000003,False,False,False,False,False,False,False,False,False,True,False,-0.0108108108108108,0.0162162162162162,,,-0.0003027027027026,-0.0036526126126125,-0.1243243243243243,-0.2108108108108108,-0.0004789712243855,-0.253125,1787.9000000000003,1924.2,2.4285714285714284,-0.0006225142659519,-0.0002164035964742,-0.0002356526169717
1995-04-12,1850.0,1850.0,1830.0,1830.0,11100.0,1663.6,1858.0,1903.0,1848.608,1855.6013333333333,2005.3200000000008,False,False,False,False,False,False,False,False,False,True,False,-0.0109289617486338,0.0054644808743169,,,-0.0101683060109289,-0.0139897996357013,-0.1311475409836065,-0.2021857923497267,-0.0006229786426824,-0.2464529689963216,1795.5,1863.6,1.3058823529411765,-0.0010559296508508,-0.0004334153848988,-0.0001440074182968
1995-04-13,1830.0,1840.0,1810.0,1810.0,9500.0,1645.5,1840.0,1886.0,1846.764,1852.664,2003.5745000000009,False,False,False,False,False,False,False,False,False,False,False,0.011049723756906,0.0220994475138121,,,-0.0203116022099446,-0.023571270718232,-0.1270718232044199,-0.2044198895027624,-0.0015854646786106,-0.2386002120890774,1787.9000000000003,1893.9,0.8558558558558559,-0.0009985033279834,5.742632286733895e-05,-0.0009624860359282
1995-04-14,1810.0,1860.0,1810.0,1820.0,9500.0,1654.6,1834.0,1873.0,1844.412,1850.1626666666668,2001.803500000001,False,False,False,False,False,False,False,False,False,True,False,0.0109890109890109,-0.0054945054945054,,,-0.0134131868131868,-0.0165728937728938,-0.1428571428571428,-0.1923076923076923,-0.0013519531976286,-0.2306460224239188,1742.4,1856.1,1.0,-0.0012752031541758,-0.0002766998261924,0.000233511480982
1995-04-17,1730.0,1790.0,1730.0,1760.0,15600.0,1600.0,1814.0,1859.0,1839.964,1846.3560000000004,1999.6185000000007,False,False,False,False,False,False,False,False,False,True,False,0.0511363636363636,0.0284090909090909,,,-0.0454340909090908,-0.0490659090909093,-0.1420454545454545,-0.1590909090909091,-0.0020617186862481,-0.2200107584722969,1750.0,1901.5,1.6421052631578947,-0.0024174386020596,-0.0011422354478837,-0.0007097654886194
1995-04-18,1820.0,1830.0,1800.0,1830.0,3200.0,1663.6,1810.0,1847.0,1838.92,1843.5840000000003,1997.7460000000003,False,False,False,False,False,False,False,False,False,False,False,0.0273224043715847,-0.0109289617486338,,,-0.0048743169398907,-0.0074229508196722,-0.1857923497267759,-0.1912568306010929,-0.0015035930014581,-0.2122360584731998,1757.6,1742.4,0.2051282051282051,-0.0005677245339655,0.0018497140680941,0.00055812568479
1995-04-19,1830.0,1850.0,1800.0,1810.0,9700.0,1645.5,1806.0,1832.0,1838.896,1841.757333333334,1995.5840000000007,False,False,False,False,False,False,False,False,False,False,False,0.0165745856353591,0.0497237569060773,,,-0.0159646408839778,-0.0175454880294662,-0.154696132596685,-0.1712707182320442,-0.0009918063762289,-0.2030567685589519,1765.2,1848.5,3.03125,-1.3051309046359664e-05,0.0005546732249191,0.0005117866252291
1995-04-20,1830.0,1830.0,1810.0,1830.0,19700.0,1663.6,1810.0,1825.0,1839.976,1839.7933333333333,1993.0675000000008,False,True,False,False,False,False,True,False,False,False,False,0.0109289617486338,0.0,,,-0.0054513661202186,-0.0053515482695811,-0.1475409836065573,-0.1366120218579235,-0.001067511205969,-0.1906849315068493,1750.0,1856.1,2.0309278350515463,0.0005869641777937,0.00060001548684,-7.570482974008372e-05
1995-04-21,1850.0,1850.0,1830.0,1840.0,15800.0,1672.7,1814.0,1824.0,1841.456,1837.457333333334,1990.7145000000007,False,False,False,False,False,False,True,False,False,False,False,-0.0163043478260869,0.0,,,-0.000791304347826,0.0013818840579706,-0.1847826086956521,-0.1467391304347826,-0.0012713220370466,-0.1820175438596491,1750.0,1863.6,0.8020304568527918,0.0008037118454091,0.0002167476676154,-0.0002038108310776
1995-04-24,1840.0,1890.0,1840.0,1850.0,8600.0,1681.8,1832.0,1823.0,1844.244,1835.9626666666668,1988.222000000001,False,False,False,True,True,False,True,False,True,False,False,-0.0216216216216216,-0.0216216216216216,,,0.0031113513513513,0.0075877477477476,-0.1945945945945946,-0.1351351351351351,-0.0008141051524652,-0.1749862863411958,1750.0,1848.5,0.5443037974683544,0.0015117305519226,0.0007080187065134,0.0004572168845813
1995-04-25,1850.0,1890.0,1850.0,1880.0,12400.0,1709.1,1842.0,1826.0,1848.536,1834.7666666666669,1985.9555000000007,False,False,False,False,False,False,True,False,False,False,False,-0.0372340425531914,-0.0585106382978723,,,0.0167361702127659,0.0240602836879431,-0.202127659574468,-0.1276595744680851,-0.0006518540050505,-0.1664841182913472,1651.5,1818.2,1.441860465116279,0.0023218373891556,0.0008101068372329,0.0001622511474146
1995-04-26,1880.0,1890.0,1840.0,1840.0,16100.0,1672.7,1848.0,1827.0,1853.044,1833.441333333334,1983.4890000000007,False,False,False,False,False,False,True,False,False,False,False,0.0326086956521739,-0.0326086956521739,,,-0.0070891304347826,0.0035644927536228,-0.1956521739130435,-0.092391304347826,-0.0007228665075,-0.1554460864805692,1681.8000000000002,1886.4,1.2983870967741935,0.0024327538903555,0.0001109165011999,-7.101250244954981e-05
1995-04-27,1870.0,1870.0,1840.0,1850.0,24400.0,1681.8,1852.0,1831.0,1860.076,1832.350666666667,1981.1100000000008,False,False,False,False,False,False,True,False,False,False,True,-0.0108108108108108,-0.0648648648648648,,,-0.0054464864864864,0.00954018018018,-0.227027027027027,-0.0378378378378378,-0.0005952281331886,-0.1387220098306936,1750.0,1931.8,1.515527950310559,0.0037804906896276,0.0013477367992721,0.0001276383743114
1995-04-28,1820.0,1820.0,1810.0,1810.0,56900.0,1645.5,1846.0,1830.0,1865.808,1830.2213333333336,1978.4935000000007,False,False,False,False,False,False,True,False,False,True,False,0.0165745856353591,-0.0552486187845303,,,-0.0308331491712707,-0.0111720073664826,-0.2375690607734806,0.0386740331491712,-0.0011634294140016,-0.1158469945355191,1818.2,1825.8,2.331967213114754,0.0030721274643478,-0.0007083632252798,-0.000568201280813
1995-05-01,1810.0,1810.0,1780.0,1810.0,7800.0,1645.5,1838.0,1835.0,1867.6,1827.8893333333333,1975.8770000000009,False,False,False,False,False,False,True,False,False,True,True,0.0,-0.0718232044198895,,,-0.0318232044198894,-0.0098836095764272,-0.2541436464088398,0.0,-0.0012757883956506,-0.1002724795640327,1878.8,1848.5,0.1370826010544815,0.00095952023988,-0.0021126072244678,-0.000112358981649
1995-05-02,1820.0,1820.0,1790.0,1810.0,10100.0,1645.5,1824.0,1833.0,1863.2,1826.3666666666663,1973.2605000000008,False,False,False,False,False,False,False,False,False,True,False,-0.0220994475138121,-0.1049723756906077,,,-0.0293922651933701,-0.0090423572744012,-0.287292817679558,-0.011049723756906,-0.0008337135660967,-0.0823786142935079,1878.8,1840.9000000000003,1.294871794871795,-0.0023615285530269,-0.0033210487929069,0.0004420748295539
1995-05-08,1840.0,1900.0,1830.0,1900.0,24200.0,1727.3,1836.0,1842.0,1859.2,1826.8520000000003,1971.1315000000009,False,False,False,False,True,False,False,True,False,False,True,-0.0631578947368421,-0.1631578947368421,,,0.0214736842105262,0.0384989473684208,-0.3842105263157894,-0.0526315789473684,0.0002656664761754,-0.0705754614549402,1878.8,1840.9000000000003,2.396039603960396,-0.0021514629948364,0.0002100655581904,0.0010993800422721
1995-05-09,1900.0,1910.0,1830.0,1830.0,10500.0,1663.6,1832.0,1842.0,1853.2,1826.0,1968.8420000000008,False,False,False,False,False,False,False,False,False,True,False,-0.0546448087431694,-0.1366120218579235,,,-0.0126775956284153,0.0021857923497267,-0.3387978142076502,-0.0437158469945355,-0.0004665936473167,-0.0613463626492942,1856.1,1825.8,0.4338842975206611,-0.0032376429958989,-0.0010861800010624,-0.0007322601234921
1995-05-10,1840.0,1860.0,1830.0,1840.0,9400.0,1672.7,1838.0,1842.0,1848.8,1825.7853333333337,1966.4890000000007,False,False,False,False,False,False,False,False,False,False,False,-0.0706521739130434,-0.1521739130434782,,,-0.0047826086956521,0.0077253623188403,-0.3152173913043478,-0.0652173913043478,-0.0001175749759553,-0.0532030401737242,1878.8,1772.7,0.8952380952380953,-0.00237992211164,0.0008577208842589,0.0003490186713613
1995-05-11,1830.0,1830.0,1810.0,1810.0,6100.0,1645.5,1838.0,1838.0,1845.2,1824.5653333333337,1964.0615000000007,False,False,False,False,False,False,False,False,False,False,False,-0.0718232044198895,-0.1657458563535911,,,-0.0194475138121547,-0.0080471454880296,-0.2762430939226519,-0.0441988950276243,-0.0006686524059794,-0.044069640914037,1871.2,1772.7,0.648936170212766,-0.0019510080208107,0.0004289140908293,-0.0005510774300241
1995-05-12,1800.0,1800.0,1770.0,1770.0,20600.0,1609.1,1830.0,1827.0,1838.0,1824.9333333333327,1961.3965000000007,False,False,False,False,False,False,False,True,False,True,False,-0.0847457627118644,-0.1581920903954802,,,-0.0384180790960452,-0.031035781544256,-0.2711864406779661,0.0451977401129943,0.0002016512018701,-0.0268199233716475,1856.1,1787.9000000000003,3.377049180327869,-0.003917301414581,-0.0019662933937703,0.0008703036078495
1995-05-15,1770.0,1790.0,1770.0,1780.0,800.0,1618.2,1806.0,1821.0,1830.8,1824.02,1958.970500000001,False,False,False,False,False,False,False,False,False,True,False,-0.1067415730337078,-0.1404494382022472,,,-0.0285393258426966,-0.0247303370786516,-0.2640449438202247,0.0337078651685393,-0.0005007255037407,-0.0142778693025809,1810.6,1795.5,0.0388349514563106,-0.0039327070133275,-1.54055987464409e-05,-0.0007023767056108
1995-05-16,1750.0,1750.0,1730.0,1730.0,5500.0,1572.7,1786.0,1809.0,1824.0,1822.3386666666663,1956.2945000000009,False,False,False,False,False,False,False,False,False,False,False,-0.0867052023121387,-0.0982658959537572,,,-0.0543352601156069,-0.0533749518304429,-0.2312138728323699,0.0578034682080924,-0.0009226239689075,-0.0049751243781094,1803.0,1787.9000000000003,6.875,-0.0037280701754385,0.0002046368378889,-0.0004218984651667
1995-05-17,1700.0,1730.0,1700.0,1710.0,8800.0,1554.6,1760.0,1799.0,1818.4,1820.2906666666663,1953.822000000001,False,False,True,False,False,False,False,False,False,False,False,-0.087719298245614,-0.1228070175438596,,,-0.0633918128654971,-0.0644974658869393,-0.239766081871345,0.087719298245614,-0.0011250950397665,-0.0005558643690939,1803.0,1742.4,1.6,-0.0030796304443466,0.0006484397310919,-0.000202471070859
1995-05-18,1700.0,1700.0,1670.0,1680.0,14000.0,1527.3,1734.0,1786.0,1811.2,1818.044,1951.502500000001,False,False,False,False,False,False,False,False,False,True,False,-0.1011904761904761,-0.1130952380952381,,,-0.0780952380952381,-0.0821690476190476,-0.2142857142857142,0.1309523809523809,-0.0012357603372999,0.0117581187010078,1780.2999999999995,1750.0,1.5909090909090908,-0.0039752650176678,-0.0008956345733212,-0.0001106652975334
1995-05-19,1630.0,1650.0,1600.0,1620.0,11300.0,1472.7,1704.0,1767.0,1802.0,1815.4013333333328,1948.7315000000008,False,False,False,False,False,False,False,False,False,True,False,-0.0802469135802469,-0.074074074074074,,,-0.1123456790123456,-0.1206181069958847,-0.1543209876543209,0.228395061728395,-0.0014556928091567,0.0339558573853989,1772.7,1757.6,0.8071428571428572,-0.0051054384017758,-0.0011301733841079,-0.0002199324718567
1995-05-22,1600.0,1600.0,1580.0,1590.0,12600.0,1445.5,1666.0,1736.0,1792.4,1811.4493333333328,1945.8105000000005,False,False,False,False,False,False,False,False,False,True,False,-0.0377358490566037,-0.0691823899371069,,,-0.1272955974842768,-0.1392763102725366,-0.1635220125786163,0.2578616352201258,-0.0021816784644634,0.0639400921658986,1727.3,1765.2,1.1150442477876106,-0.0053559473331845,-0.0002505089314086,-0.0007259856553067
1995-05-23,1570.0,1590.0,1550.0,1580.0,23900.0,1436.4,1636.0,1711.0,1783.2,1806.758666666667,1942.7635,False,False,False,False,False,False,False,False,False,False,False,-0.0126582278481012,-0.0949367088607595,,,-0.1286075949367089,-0.1435181434599158,-0.1772151898734177,0.2531645569620253,-0.0025961777592134,0.0929281122150789,1674.2,1750.0,1.8968253968253967,-0.0051592642440556,0.0001966830891288,-0.00041449929475
1995-05-24,1580.0,1580.0,1550.0,1560.0,7300.0,1418.2,1606.0,1683.0,1772.8,1803.2146666666667,1939.6165000000003,False,False,False,False,False,False,False,False,False,True,False,-0.0384615384615384,-0.1153846153846153,,,-0.1364102564102564,-0.1559068376068376,-0.173076923076923,0.2884615384615384,-0.0019653788678147,0.1283422459893048,1666.7,1750.0,0.3054393305439331,-0.0058664259927798,-0.0007071617487241,0.0006307988913986
1995-05-25,1560.0,1570.0,1500.0,1510.0,23300.0,1372.7,1572.0,1653.0,1762.8,1798.701333333333,1936.371,False,False,False,False,False,False,False,False,False,False,False,-0.0132450331125827,-0.1059602649006622,,,-0.1674172185430463,-0.1911929359823397,-0.1390728476821192,0.3245033112582781,-0.0025092177615556,0.1651542649727767,1765.2,1750.0,3.191780821917808,-0.0056727932834127,0.000193632709367,-0.0005438388937408
1995-05-26,1500.0,1510.0,1460.0,1490.0,34200.0,1354.6,1546.0,1625.0,1749.2,1794.0226666666667,1932.7985,False,False,False,False,False,False,False,False,False,True,False,0.0067114093959731,-0.1342281879194631,,,-0.1739597315436241,-0.2040420581655481,-0.1342281879194631,0.2953020134228188,-0.0026079194837372,0.1901538461538461,1920.0,1651.5,1.4678111587982832,-0.0077749828493024,-0.0021021895658897,-9.870172218161452e-05
1995-05-29,1490.0,1560.0,1490.0,1530.0,12400.0,1390.9,1534.0,1600.0,1738.0,1789.8773333333331,1929.4635,False,False,False,False,False,False,False,False,False,False,False,-0.0326797385620915,-0.2352941176470588,,,-0.1359477124183006,-0.1698544662309367,-0.1568627450980392,0.3071895424836601,-0.002315987389825,0.21875,2000.0,1681.8000000000002,0.3625730994152046,-0.0064441887226697,0.0013307941266327,0.0002919320939122
1995-05-30,1580.0,1580.0,1530.0,1560.0,9500.0,1418.2,1530.0,1583.0,1727.2,1786.3333333333333,1926.2785,False,False,False,False,False,False,False,False,False,False,False,-0.0833333333333333,-0.2243589743589743,,,-0.1071794871794872,-0.14508547008547,-0.1666666666666666,0.282051282051282,-0.0019839522298935,0.242577384712571,1980.0,1750.0,0.7661290322580645,-0.0062528948587308,0.0001912938639388,0.0003320351599314
1995-05-31,1530.0,1530.0,1500.0,1500.0,26100.0,1363.6,1518.0,1562.0,1713.6,1782.6973333333333,1922.7935,False,False,False,False,False,False,False,False,False,True,False,-0.08,-0.16,,,-0.1423999999999999,-0.1884648888888888,-0.1333333333333333,0.3133333333333333,-0.0020396059005716,0.2663252240717029,1950.0,1818.2,2.747368421052632,-0.007936507936508,-0.0016836130777771,-5.565367067806139e-05
1995-06-01,1500.0,1500.0,1490.0,1490.0,17800.0,1354.6,1514.0,1543.0,1699.2,1778.9279999999997,1919.221,False,False,False,False,False,False,False,False,False,True,False,-0.0939597315436241,-0.1208053691275167,,,-0.1404026845637584,-0.1939114093959729,-0.0939597315436241,0.3087248322147651,-0.002118879085232,0.2851587815942968,1900.0,1878.8,0.6819923371647509,-0.0084745762711863,-0.0005380683346783,-7.927318466039932e-05
1995-06-02,1500.0,1500.0,1480.0,1500.0,12100.0,1363.6,1516.0,1531.0,1684.0,1775.0893333333331,1915.6984999999995,False,False,False,False,False,False,False,False,False,True,False,-0.14,-0.14,,,-0.1226666666666666,-0.1833928888888887,-0.0466666666666666,0.3,-0.0021625202712801,0.2926192031352057,1950.0,1878.8,0.6797752808988764,-0.0090261282660332,-0.0005515519948469,-4.364118604814832e-05
1995-06-05,1470.0,1490.0,1470.0,1480.0,5300.0,1345.5,1506.0,1520.0,1669.6,1770.8826666666664,1911.8865,False,False,False,False,False,False,False,False,False,False,False,-0.2094594594594594,-0.1148648648648648,,,-0.128108108108108,-0.1965423423423421,-0.0202702702702702,0.3108108108108108,-0.0023754632341536,0.2980263157894737,1960.0,1878.8,0.4380165289256198,-0.0086248203162434,0.0004013079497898,-0.0002129429628735
1995-06-06,1460.0,1480.0,1430.0,1430.0,13300.0,1300.0,1480.0,1505.0,1652.8,1766.1106666666665,1907.8245,False,False,False,False,False,False,False,False,False,True,False,-0.1538461538461538,-0.0699300699300699,,,-0.1558041958041957,-0.2350424242424241,0.0209790209790209,0.3356643356643357,-0.0027019824352267,0.306312292358804,1900.0,1856.1,2.509433962264151,-0.010164569215876,-0.0015397488996325,-0.000326519201073
1995-06-07,1400.0,1400.0,1380.0,1380.0,10700.0,1254.6,1456.0,1487.0,1635.6,1761.2786666666666,1903.5125,False,False,False,False,False,False,False,False,False,True,False,-0.0869565217391304,-0.0579710144927536,,,-0.1852173913043477,-0.2762888888888888,0.1159420289855072,0.3623188405797101,-0.0027434613791948,0.3133826496301278,1850.0,1878.8,0.8045112781954887,-0.0105160185864514,-0.0003514493705754,-4.147894396814775e-05
1995-06-08,1360.0,1380.0,1330.0,1350.0,27500.0,1227.3,1428.0,1471.0,1617.2,1755.945333333333,1899.088,False,False,False,False,False,False,False,False,False,True,False,-0.0296296296296296,-0.0222222222222222,,,-0.1979259259259259,-0.3007002469135801,0.1555555555555555,0.3333333333333333,-0.0030373003259783,0.3140720598232495,1860.0,1871.2,2.5700934579439254,-0.0113776898342813,-0.0008616712478299,-0.0002938389467834
1995-06-09,1300.0,1330.0,1290.0,1290.0,54500.0,1172.7,1386.0,1451.0,1596.4,1749.7106666666666,1894.629,False,False,False,False,False,False,False,False,False,True,False,0.0,0.0620155038759689,,,-0.2375193798449613,-0.3563648578811369,0.1627906976744186,0.4263565891472868,-0.0035632557916241,0.3259820813232253,1850.0,1856.1,1.981818181818182,-0.013029315960912,-0.0016516261266306,-0.0005259554656457
1995-06-12,1250.0,1250.0,1170.0,1170.0,60700.0,1063.6,1324.0,1415.0,1567.2,1741.7746666666665,1889.3805,False,False,False,False,False,False,False,False,False,True,False,0.1196581196581196,0.1367521367521367,,,-0.3394871794871795,-0.4886962962962961,0.2478632478632478,0.5726495726495726,-0.0045562724914283,0.3484098939929329,1830.0,1810.6,1.1137614678899082,-0.018631955079122,-0.00560263911821,-0.0009930166998042
1995-06-13,1190.0,1240.0,1170.0,1210.0,53600.0,1100.0,1280.0,1380.0,1542.4,1734.5746666666664,1884.1805,False,False,False,False,False,False,False,False,False,False,False,0.0991735537190082,0.0743801652892562,,,-0.2747107438016529,-0.4335327823691458,0.1735537190082644,0.5950413223140496,-0.0041508734898315,0.377536231884058,1810.0,1803.0,0.8830313014827018,-0.0160788381742738,0.0025531169048482,0.0004053990015968
1995-06-14,1220.0,1280.0,1220.0,1260.0,24700.0,1145.5,1256.0,1356.0,1519.2,1728.0413333333331,1879.458,False,False,False,False,False,False,False,False,False,False,False,0.0317460317460317,0.0238095238095238,,,-0.2057142857142857,-0.3714613756613755,0.1269841269841269,0.5158730158730159,-0.0037807737623559,0.3974926253687316,1820.0,1803.0,0.4608208955223881,-0.0152711953659821,0.0008076428082917,0.0003700997274755
1995-06-15,1280.0,1330.0,1270.0,1310.0,45600.0,1190.9,1248.0,1338.0,1499.2,1722.1746666666666,1875.099,False,False,False,False,False,False,False,False,False,False,False,0.0076335877862595,-0.0076335877862595,,,-0.1444274809160305,-0.3146371501272264,0.0610687022900763,0.4580152671755725,-0.0034065456775192,0.4133034379671151,1760.0,1780.2999999999995,1.8461538461538465,-0.0133404482390608,0.0019307471269212,0.0003742280848366
1995-06-16,1320.0,1330.0,1280.0,1290.0,28500.0,1172.7,1248.0,1317.0,1480.0,1717.3546666666668,1870.7535,False,False,False,False,False,False,False,False,False,False,False,0.0620155038759689,0.0,,,-0.1472868217054263,-0.3312826873385014,0.1085271317829457,0.4341085271317829,-0.0028066421535134,0.428246013667426,1830.0,1772.7,0.625,-0.012972972972973,0.0003674752660878,0.0005999035240058
1995-06-19,1310.0,1320.0,1300.0,1310.0,15800.0,1190.9,1276.0,1300.0,1461.2,1712.397333333333,1866.508,False,False,False,False,False,False,False,False,False,False,False,0.015267175572519,-0.015267175572519,,,-0.1154198473282443,-0.3071735368956741,0.1068702290076335,0.4351145038167939,-0.0028949667444785,0.4423076923076923,1810.0,1727.3,0.5543859649122806,-0.0128661374212975,0.0001068355516754,-8.832459096509053e-05
1995-06-20,1330.0,1330.0,1320.0,1330.0,22700.0,1209.1,1300.0,1290.0,1445.2,1706.7973333333334,1862.3625,False,False,False,False,False,False,False,False,False,False,False,-0.0225563909774436,-0.0225563909774436,,,-0.0866165413533835,-0.2833062656641604,0.0601503759398496,0.4511278195488721,-0.0032809987985293,0.4550387596899224,1830.0,1674.2,1.4367088607594938,-0.0110711320232493,0.0017950053980481,-0.0003860320540507
1995-06-21,1350.0,1350.0,1300.0,1300.0,34700.0,1181.8,1308.0,1282.0,1428.8,1699.888,1858.105,False,False,False,False,False,False,False,False,False,True,False,-0.0076923076923076,0.0,,,-0.099076923076923,-0.3076061538461538,0.0923076923076923,0.5,-0.0040645815096838,0.469578783151326,1840.0,1666.7,1.52863436123348,-0.011478163493841,-0.0004070314705916,-0.0007835827111545
1995-06-22,1330.0,1330.0,1310.0,1320.0,10700.0,1200.0,1310.0,1279.0,1414.4,1692.4373333333333,1854.099,False,False,False,False,False,False,False,False,False,False,False,-0.0151515151515151,0.0227272727272727,,,-0.0715151515151515,-0.2821494949494949,0.1212121212121212,0.4772727272727273,-0.0044023294215521,0.4847537138389367,1850.0,1765.2,0.30835734870317,-0.010180995475113,0.001297168018728,-0.0003377479118682
1995-06-23,1340.0,1370.0,1320.0,1370.0,39000.0,1245.5,1326.0,1287.0,1404.4,1685.6533333333334,1850.1915,False,False,False,False,False,False,False,False,False,False,True,-0.0583941605839416,0.0437956204379562,,,-0.0251094890510949,-0.2304038929440389,0.0656934306569343,0.4014598540145985,-0.004024552300196,0.4817404817404817,1880.0,1920.0,3.644859813084112,-0.0071204784961549,0.003060516978958,0.000377777121356
1995-06-26,1390.0,1390.0,1330.0,1330.0,45300.0,1209.1,1330.0,1303.0,1394.0,1678.336,1846.0080000000005,False,False,False,False,False,False,False,False,False,True,False,-0.0300751879699248,0.0902255639097744,,,-0.0481203007518797,-0.2619067669172932,0.0977443609022556,0.4285714285714285,-0.0043598739068538,0.4681504221028396,1840.0,2000.0,1.1615384615384616,-0.0074605451936872,-0.0003400666975323,-0.0003353216066577
1995-06-27,1300.0,1330.0,1290.0,1300.0,64100.0,1181.8,1324.0,1312.0,1382.8,1670.9213333333337,1841.637,False,False,False,False,False,False,False,False,False,True,False,0.0,0.123076923076923,,,-0.0636923076923076,-0.2853241025641028,0.1076923076923077,0.4230769230769231,-0.0044374720214235,0.4519817073170731,1850.0,1980.0,1.4150110375275935,-0.0080995082441423,-0.000638963050455,-7.759811456969305e-05
1995-06-28,1280.0,1290.0,1250.0,1290.0,15500.0,1172.7,1322.0,1315.0,1372.0,1663.0706666666667,1837.216,False,False,False,False,False,False,False,False,False,False,False,0.0077519379844961,0.1937984496124031,,,-0.0635658914728682,-0.2892020671834626,0.1395348837209302,0.4341085271317829,-0.0047205851344863,0.444106463878327,1810.0,1950.0,0.2418096723868954,-0.007871720116618,0.0002277881275243,-0.0002831131130628
1995-06-29,1300.0,1310.0,1280.0,1300.0,45800.0,1181.8,1318.0,1314.0,1363.6,1655.4546666666668,1832.845,False,False,False,False,False,False,False,False,False,False,False,0.0384615384615384,0.2,,,-0.0489230769230768,-0.2734266666666667,0.1384615384615384,0.4384615384615384,-0.0046005488119678,0.4421613394216134,1810.0,1900.0,2.95483870967742,-0.0061601642710472,0.0017115558455707,0.0001200363225184
1995-06-30,1300.0,1300.0,1290.0,1290.0,11800.0,1172.7,1302.0,1314.0,1355.6,1647.9066666666668,1828.4995,False,False,False,False,False,False,False,False,False,False,False,0.1085271317829457,0.1627906976744186,,,-0.0508527131782945,-0.2774470284237726,0.1472868217054263,0.4418604651162791,-0.0045803564926816,0.4429223744292237,1810.0,1950.0,0.2576419213973799,-0.0059014458542342,0.000258718416813,2.0192319286235945e-05
1995-07-03,1300.0,1300.0,1270.0,1290.0,6300.0,1172.7,1294.0,1312.0,1346.0,1640.965333333333,1824.419,False,False,False,False,False,False,False,False,False,True,False,0.1240310077519379,0.1317829457364341,,,-0.0434108527131782,-0.2720661498708008,0.1627906976744186,0.4263565891472868,-0.0042300304536193,0.4420731707317073,1900.0,1960.0,0.5338983050847458,-0.0071322436849925,-0.0012307978307582,0.0003503260390622
1995-07-04,1310.0,1310.0,1280.0,1300.0,18700.0,1181.8,1294.0,1309.0,1335.6,1634.2586666666666,1820.3885,False,False,False,False,False,False,False,False,False,True,False,0.123076923076923,0.0923076923076923,,,-0.0273846153846153,-0.2571220512820512,0.2153846153846154,0.4153846153846154,-0.0041037975220567,0.4385026737967914,1830.0,1900.0,2.9682539682539684,-0.0077867625037437,-0.0006545188187512,0.0001262329315625
1995-07-05,1300.0,1320.0,1280.0,1300.0,54600.0,1181.8,1296.0,1309.0,1327.6,1627.552,1816.358,False,False,False,False,False,False,False,False,False,False,False,0.1846153846153846,0.0923076923076923,,,-0.0212307692307691,-0.2519630769230768,0.2076923076923077,0.4384615384615384,-0.0041207080736386,0.4323911382734912,1840.0,1850.0,2.9197860962566846,-0.0060259114191021,0.0017608510846415,-1.6910551581856767e-05
1995-07-06,1310.0,1360.0,1300.0,1350.0,29100.0,1227.3,1306.0,1312.0,1322.0,1621.8146666666669,1812.5775,False,False,False,False,True,False,False,False,False,False,True,0.1555555555555555,0.0296296296296296,,,0.0207407407407407,-0.2013441975308643,0.1851851851851851,0.3703703703703703,-0.0035376010904655,0.4214939024390244,1810.0,1860.0,0.532967032967033,-0.0042360060514371,0.0017899053676649,0.000583106983173
1995-07-07,1390.0,1450.0,1380.0,1430.0,112900.0,1300.0,1334.0,1318.0,1319.2,1617.2453333333333,1809.197,False,False,False,False,False,False,False,False,False,False,False,0.0489510489510489,0.0,,,0.0774825174825174,-0.1309407925407925,0.1468531468531468,0.2587412587412587,-0.0028253804411453,0.4059180576631259,1770.0,1850.0,3.879725085910653,-0.0021224984839296,0.0021135075675075,0.0007122206493202
1995-07-10,1490.0,1500.0,1450.0,1450.0,86700.0,1318.2,1366.0,1330.0,1318.0,1613.548,1806.2195,False,False,False,False,False,False,False,False,False,False,False,0.0068965517241379,0.0,,,0.0910344827586207,-0.112791724137931,0.1517241379310344,0.2758620689655172,-0.0022914306443522,0.3894736842105263,1780.0,1830.0,0.7679362267493357,-0.0009104704097117,0.0012120280742179,0.000533949796793
1995-07-11,1470.0,1470.0,1450.0,1460.0,17900.0,1327.3,1398.0,1346.0,1319.2,1610.692,1803.292,False,False,False,False,False,False,True,False,False,False,False,-0.0273972602739726,-0.0342465753424657,,,0.0964383561643835,-0.1032136986301369,0.2191780821917808,0.2534246575342466,-0.0017731509189838,0.3714710252600297,1730.0,1810.0,0.2064590542099192,0.0009096422073984,0.0018201126171101,0.0005182797253683
1995-07-12,1500.0,1550.0,1500.0,1540.0,47900.0,1400.0,1446.0,1371.0,1325.6,1609.0026666666663,1800.651,False,False,False,False,False,False,True,False,True,False,False,-0.0779220779220779,-0.0779220779220779,,,0.1392207792207792,-0.0448069264069261,0.2207792207792207,0.1883116883116883,-0.0010499257511073,0.3450036469730124,1710.0,1820.0,2.6759776536312847,0.0048280024140011,0.0039183602066026,0.0007232251678765
1995-07-13,1570.0,1580.0,1560.0,1560.0,33900.0,1418.2,1488.0,1397.0,1334.0,1606.2666666666669,1798.072,False,False,False,False,False,False,True,False,False,False,False,-0.1089743589743589,-0.0512820512820512,,,0.1448717948717948,-0.0296581196581197,0.1602564102564102,0.2179487179487179,-0.0017033286295339,0.3221188260558339,1680.0,1760.0,0.7077244258872651,0.0062968515742129,0.0014688491602118,-0.0006534028784266
1995-07-14,1550.0,1550.0,1500.0,1500.0,11100.0,1363.6,1502.0,1418.0,1342.4,1600.6666666666667,1795.4205,False,False,False,False,False,False,True,False,False,True,False,-0.0466666666666666,-0.0266666666666666,,,0.1050666666666666,-0.0671111111111111,0.1933333333333333,0.2666666666666666,-0.0034985422740525,0.3053596614950635,1620.0,1830.0,0.3274336283185841,0.0062574493444577,-3.940222975520706e-05,-0.0017952136445185
1995-07-17,1500.0,1500.0,1460.0,1460.0,18300.0,1327.3,1504.0,1435.0,1354.0,1593.4666666666667,1792.493,False,False,False,False,False,False,True,False,False,False,False,-0.0068493150684931,0.0,,,0.0726027397260273,-0.0914155251141552,0.2328767123287671,0.2945205479452055,-0.0045184503388838,0.2933797909407665,1590.0,1810.0,1.648648648648649,0.0085672082717872,0.0023097589273294,-0.0010199080648312
1995-07-18,1480.0,1480.0,1410.0,1420.0,53400.0,1290.9,1496.0,1447.0,1362.4,1586.0,1789.555,False,False,False,False,False,False,True,False,False,True,False,-0.0070422535211267,0.0140845070422535,,,0.04056338028169,-0.1169014084507042,0.2323943661971831,0.3450704225352112,-0.0047078604455653,0.2874913614374568,1580.0,1830.0,2.918032786885246,0.0061655901350558,-0.0024016181367313,-0.0001894101066815
1995-07-19,1400.0,1420.0,1390.0,1420.0,7500.0,1290.9,1472.0,1459.0,1368.8,1578.9333333333334,1786.579,False,False,False,False,False,False,True,False,False,True,False,0.0,0.0352112676056338,,,0.036056338028169,-0.111924882629108,0.2112676056338028,0.352112676056338,-0.0044755953386251,0.2803289924605894,1560.0,1840.0,0.1404494382022472,0.004675628287551,-0.0014899618475048,0.0002322651069401
1995-07-20,1390.0,1420.0,1390.0,1390.0,32600.0,1263.6,1438.0,1463.0,1372.0,1572.1333333333334,1783.3015,False,False,False,False,False,False,True,False,False,True,False,0.0647482014388489,0.0647482014388489,,,0.0129496402877697,-0.1310311750599521,0.2446043165467626,0.3669064748201439,-0.0043253328810109,0.2802460697197539,1510.0,1850.0,4.346666666666667,0.002332361516035,-0.002343266771516,0.0001502624576142
1995-07-21,1400.0,1450.0,1400.0,1430.0,40700.0,1300.0,1424.0,1463.0,1377.6,1565.2,1780.0725,False,False,False,False,False,False,True,False,False,False,False,0.0209790209790209,0.0349650349650349,,,0.0366433566433567,-0.0945454545454545,0.2937062937062937,0.3426573426573426,-0.0044296788482835,0.2884483937115516,1490.0,1880.0,1.2484662576687116,0.0040650406504064,0.0017326791343714,-0.0001043459672726
1995-07-24,1430.0,1450.0,1420.0,1450.0,22000.0,1318.2,1422.0,1463.0,1383.2,1558.4,1777.0195,False,False,False,False,False,False,True,False,False,True,False,0.0068965517241379,0.0344827586206896,,,0.0460689655172413,-0.0747586206896552,0.2689655172413793,0.3172413793103448,-0.0043634496919917,0.2925495557074504,1530.0,1840.0,0.5405405405405406,0.0040485829959515,-1.645765445492265e-05,6.622915629178085e-05
1995-07-25,1450.0,1460.0,1410.0,1410.0,28000.0,1281.8,1420.0,1458.0,1386.4,1551.8666666666666,1773.842,False,False,False,False,False,False,True,False,False,True,False,0.0212765957446808,0.1205673758865248,,,0.0167375886524822,-0.1006146572104018,0.2978723404255319,0.3617021276595745,-0.0042099836755736,0.3031550068587105,1560.0,1850.0,1.2727272727272727,0.0023081361800346,-0.0017404468159168,0.0001534660164181
1995-07-26,1440.0,1450.0,1410.0,1420.0,42300.0,1290.9,1420.0,1446.0,1391.2,1546.1333333333334,1770.601,False,False,False,False,False,False,True,False,False,False,False,0.0352112676056338,0.1056338028169014,,,0.020281690140845,-0.0888262910798122,0.3098591549295774,0.3732394366197183,-0.0037081752328387,0.322268326417704,1500.0,1810.0,1.5107142857142857,0.0034502587694076,0.001142122589373,0.0005018084427348
1995-07-27,1420.0,1480.0,1420.0,1480.0,10700.0,1345.5,1438.0,1438.0,1397.6,1541.0666666666666,1767.736,False,False,False,False,False,False,True,False,False,False,False,0.0,0.081081081081081,,,0.0556756756756757,-0.0412612612612612,0.2837837837837837,0.4189189189189189,-0.0032877660494896,0.3435326842837274,1490.0,1810.0,0.2529550827423167,0.0045792787635946,0.0011290199941869,0.0004204091833491
1995-07-28,1470.0,1470.0,1450.0,1460.0,10200.0,1327.3,1444.0,1434.0,1401.2,1535.8666666666666,1764.5055,False,False,False,False,False,False,True,False,False,True,False,0.0136986301369863,0.1232876712328767,,,0.0402739726027397,-0.0519634703196346,0.363013698630137,0.5342465753424658,-0.0033857105651532,0.3709902370990237,1500.0,1810.0,0.9532710280373832,0.0025692263773909,-0.0020100523862037,-9.794451566361552e-05
1995-07-31,1460.0,1500.0,1460.0,1460.0,10900.0,1327.3,1446.0,1434.0,1406.4,1530.9333333333334,1761.5025,False,False,False,False,False,False,True,False,False,False,False,0.0273972602739726,0.1438356164383561,,,0.0367123287671232,-0.0485844748858447,0.3698630136986301,0.5136986301369864,-0.0032224351158333,0.3933054393305439,1480.0,1900.0,1.068627450980392,0.0036973833902161,0.0011281570128252,0.0001632754493198
1995-08-01,1470.0,1480.0,1440.0,1440.0,37700.0,1309.1,1452.0,1436.0,1412.0,1526.0,1758.3995000000002,False,False,False,False,False,False,True,False,False,False,False,0.0972222222222222,0.2361111111111111,,,0.0194444444444444,-0.0597222222222222,0.375,0.5138888888888888,-0.0032328527741372,0.4101671309192201,1430.0,1830.0,3.458715596330275,0.0039660056657223,0.0002686222755061,-1.0417658303848044e-05
1995-08-02,1440.0,1470.0,1440.0,1470.0,14400.0,1336.4,1462.0,1441.0,1419.2,1521.3333333333333,1755.4845,False,False,False,False,False,False,True,False,False,False,False,0.0680272108843537,0.2789115646258503,,,0.0345578231292516,-0.0349206349206348,0.3673469387755102,0.5034013605442177,-0.0030674846625767,0.4253990284524636,1380.0,1840.0,0.3819628647214854,0.0050732807215332,0.0011072750558109,0.0001653681115604
1995-08-03,1490.0,1510.0,1480.0,1480.0,140200.0,1345.5,1462.0,1450.0,1426.4,1517.6,1752.5815,False,False,False,False,False,False,True,False,False,True,False,0.081081081081081,0.2229729729729729,,,0.0362162162162161,-0.0254054054054053,0.3513513513513513,0.4864864864864865,-0.002460024600246,0.4372413793103448,1350.0,1810.0,9.73611111111111,0.0050476724621424,-2.560825939080212e-05,0.0006074600623307
1995-08-04,1480.0,1500.0,1480.0,1480.0,9300.0,1345.5,1466.0,1455.0,1434.0,1512.9333333333334,1749.565,False,False,False,False,False,False,True,False,False,False,False,0.1081081081081081,0.2094594594594594,,,0.031081081081081,-0.0222522522522522,0.304054054054054,0.4594594594594595,-0.0030845157310301,0.4487972508591065,1290.0,1770.0,0.0663338088445078,0.0052998605299859,0.0002521880678435,-0.0006244911307841
1995-08-07,1510.0,1520.0,1480.0,1500.0,38800.0,1363.6,1474.0,1460.0,1442.4,1508.8,1746.6484999999998,False,False,False,False,False,False,True,False,False,False,False,0.1133333333333333,0.2,,,0.0383999999999999,-0.0058666666666666,0.3333333333333333,0.4133333333333333,-0.0027394839165783,0.4582191780821917,1170.0,1780.0,4.172043010752688,0.0058236272878536,0.0005237667578676,0.0003450318144517
1995-08-08,1540.0,1580.0,1510.0,1580.0,63000.0,1436.4,1502.0,1477.0,1453.6,1505.4666666666667,1744.094,False,False,False,False,False,False,True,False,False,False,False,0.1265822784810126,0.1075949367088607,,,0.08,0.0471729957805907,0.2658227848101265,0.4113924050632911,-0.0022141528651137,0.4624238320920785,1210.0,1730.0,1.6237113402061856,0.0077050082553658,0.0018813809675122,0.0005253310514646
1995-08-09,1550.0,1580.0,1550.0,1570.0,38200.0,1427.3,1522.0,1492.0,1464.4,1501.8666666666666,1741.4895,False,False,False,False,False,False,True,False,False,True,False,0.197452229299363,0.0955414012738853,,,0.0672611464968152,0.0433970276008493,0.2547770700636942,0.5286624203821656,-0.0023970170454546,0.477882037533512,1260.0,1710.0,0.6063492063492063,0.0073750341436767,-0.0003299741116891,-0.0001828641803408
1995-08-10,1580.0,1600.0,1560.0,1600.0,30000.0,1454.6,1546.0,1504.0,1474.4,1498.5333333333333,1738.997,False,False,False,False,False,False,True,False,False,True,False,0.13125,0.08125,,,0.0784999999999999,0.0634166666666666,0.21875,0.48125,-0.0022243971883619,0.4840425531914893,1310.0,1680.0,0.7853403141361257,0.0067824199674443,-0.0005926141762323,0.0001726198570927
1995-08-11,1600.0,1650.0,1590.0,1640.0,20800.0,1490.9,1578.0,1522.0,1482.8,1495.3333333333333,1736.818,False,False,False,False,False,False,True,False,False,True,False,0.0914634146341463,0.1280487804878048,,,0.0958536585365854,0.0882113821138211,0.1890243902439024,0.4939024390243902,-0.0021399910833705,0.4802890932982917,1290.0,1620.0,0.6933333333333334,0.0056649581872132,-0.001117461780231,8.440610499138666e-05
1995-08-14,1660.0,1680.0,1620.0,1670.0,34300.0,1518.2,1612.0,1543.0,1491.6,1493.0666666666666,1734.562,False,False,False,False,False,False,True,False,False,False,False,0.0778443113772455,0.1017964071856287,,,0.1068263473053892,0.1059481037924152,0.1616766467065868,0.5329341317365269,-0.0015181282371852,0.4828256642903434,1310.0,1590.0,1.6490384615384617,0.0058997050147492,0.0002347468275359,0.0006218628461853
1995-08-15,1680.0,1780.0,1670.0,1780.0,41600.0,1618.2,1652.0,1577.0,1504.4,1492.1333333333334,1732.856,False,True,False,False,False,False,True,False,False,False,False,-0.0168539325842696,0.0280898876404494,,,0.1548314606741572,0.1617228464419475,0.0730337078651685,0.4213483146067415,-0.0006255026360467,0.4730500951173113,1330.0,1580.0,1.2128279883381925,0.008508375432066,0.0026086704173168,0.0008926256011384
1995-08-16,1860.0,1900.0,1840.0,1880.0,84900.0,1709.1,1714.0,1618.0,1518.0,1493.0666666666666,1731.65,False,False,False,False,False,False,True,True,False,False,False,-0.0851063829787234,-0.0106382978723404,,,0.1925531914893617,0.2058156028368794,0.0,0.3936170212765957,0.0006251116270761,0.4610630407911001,1300.0,1560.0,2.0408653846153846,0.0089591567852436,0.0004507813531776,0.0012506142631228
1995-08-17,1880.0,1900.0,1810.0,1810.0,82000.0,1645.5,1756.0,1651.0,1528.0,1493.0666666666666,1730.1695000000002,False,False,False,False,False,False,True,False,False,True,False,-0.0441988950276243,0.0497237569060773,,,0.1558011049723757,0.1751012891344383,-0.005524861878453,0.4530386740331492,0.0,0.4579043004239854,1320.0,1510.0,0.9658421672555948,0.006544502617801,-0.0024146541674426,-0.0006251116270761
1995-08-18,1800.0,1800.0,1770.0,1790.0,107800.0,1627.3,1786.0,1682.0,1539.6,1492.8,1728.5134999999998,False,False,False,False,False,False,True,False,False,False,False,0.0335195530726257,0.1117318435754189,,,0.1398882681564246,0.1660335195530726,0.0279329608938547,0.4972067039106145,-0.0001786352268667,0.4619500594530321,1370.0,1490.0,1.3146341463414637,0.0075344245258508,0.0009899219080497,-0.0001786352268667
1995-08-21,1790.0,1800.0,1760.0,1800.0,120000.0,1636.4,1812.0,1712.0,1553.2,1491.4666666666667,1727.1725,False,False,False,False,False,False,True,False,False,False,False,0.0222222222222222,0.1111111111111111,,,0.137111111111111,0.1714074074074074,0.0222222222222222,0.4722222222222222,-0.0008939746111209,0.4672897196261682,1330.0,1530.0,1.1131725417439704,0.0087561164048417,0.0012216918789908,-0.0007153393842542
1995-08-22,1820.0,1820.0,1720.0,1750.0,24800.0,1590.9,1806.0,1729.0,1566.4,1490.4,1725.6575,False,False,False,False,False,False,True,False,False,True,False,0.0457142857142857,0.1314285714285714,,,0.1049142857142856,0.148342857142857,0.1028571428571428,0.4571428571428571,-0.0007156915369475,0.4713707345286292,1300.0,1560.0,0.2066666666666666,0.0084269662921348,-0.0003291501127068,0.0001782830741734
1995-08-23,1740.0,1750.0,1720.0,1720.0,10900.0,1563.6,1774.0,1744.0,1578.4,1488.8,1724.068,False,False,False,False,False,False,True,False,False,True,False,0.0813953488372093,0.1686046511627907,,,0.0823255813953487,0.1344186046511628,0.1104651162790697,0.4883720930232558,-0.00107469102633,0.4678899082568807,1290.0,1500.0,0.439516129032258,0.0076026355803345,-0.0008243307118003,-0.0003589994893824
1995-08-24,1710.0,1750.0,1710.0,1730.0,18500.0,1572.7,1758.0,1757.0,1592.0,1487.7333333333331,1722.7179999999998,False,False,False,False,False,False,True,False,False,False,False,0.0982658959537572,0.1560693641618497,,,0.0797687861271676,0.1400385356454722,0.1040462427745664,0.4450867052023121,-0.0007169743681664,0.4644280022766078,1300.0,1490.0,1.6972477064220184,0.0085427135678391,0.0009400779875046,0.0003577166581635
1995-08-25,1750.0,1850.0,1750.0,1850.0,70300.0,1681.8,1770.0,1778.0,1608.8,1488.8,1722.233,False,False,False,False,False,False,True,True,False,False,False,0.0756756756756756,0.0432432432432432,,,0.1303783783783784,0.1952432432432432,0.0,0.372972972972973,0.00071646068422,0.452193475815523,1290.0,1500.0,3.8,0.010442565887618,0.0018998523197789,0.0014334350523865
1995-08-28,1840.0,1840.0,1730.0,1840.0,12800.0,1672.7,1778.0,1795.0,1624.4,1489.6,1722.0009999999995,False,False,False,False,False,False,True,True,False,True,False,0.0869565217391304,0.0869565217391304,,,0.1171739130434782,0.1904347826086957,0.0217391304347826,0.3260869565217391,0.0005370569280343,0.4317548746518105,1290.0,1480.0,0.182076813655761,0.0096035459246491,-0.0008390199629688,-0.0001794037561857
1995-08-29,1830.0,1840.0,1760.0,1830.0,18100.0,1663.6,1794.0,1800.0,1641.2,1490.9333333333334,1721.6814999999997,False,False,False,False,False,False,True,True,False,False,False,0.081967213114754,0.0928961748633879,,,0.1031693989071038,0.1852823315118396,0.0546448087431694,0.3551912568306011,0.0008942944017171,0.425,1300.0,1430.0,1.4140625,0.0102364123811844,0.0006328664565352,0.0003572374736828
1995-08-30,1850.0,1890.0,1850.0,1860.0,60100.0,1690.9,1822.0,1798.0,1658.8,1492.9333333333334,1721.4359999999997,False,False,False,False,False,False,True,True,False,False,False,0.0806451612903225,0.0591397849462365,,,0.1081720430107527,0.197347670250896,0.0483870967741935,0.3064516129032258,0.0013396445476466,0.4160177975528364,1300.0,1380.0,3.320441988950276,0.0106100795755967,0.0003736671944122,0.0004453501459295
1995-08-31,1860.0,1950.0,1860.0,1900.0,73300.0,1727.3,1856.0,1807.0,1675.6,1495.8666666666666,1721.2769999999998,False,False,False,False,False,False,True,True,False,True,True,0.0526315789473684,0.0263157894736842,,,0.1181052631578947,0.2127017543859649,0.0263157894736842,0.2947368421052631,0.0019609590872625,0.3995572772551189,1350.0,1350.0,1.2196339434276209,0.0100262592504177,-0.000583820325179,0.0006213145396158
1995-09-01,1900.0,2010.0,1890.0,1990.0,153500.0,1809.1,1884.0,1827.0,1696.8,1500.8,1721.7575,False,False,False,False,False,False,True,True,False,False,False,-0.0301507537688442,-0.0201005025125628,,,0.1473366834170854,0.2458291457286432,-0.0351758793969849,0.2613065326633166,0.0032871357498223,0.3749315818281336,1430.0,1290.0,2.094133697135061,0.0124941065535125,0.0024678473030947,0.0013261766625597
1995-09-04,2040.0,2050.0,2000.0,2000.0,130600.0,1818.2,1916.0,1847.0,1718.4,1506.2666666666669,1722.0984999999998,False,False,False,False,False,False,True,True,False,False,False,0.0,-0.03,,,0.1407999999999999,0.2468666666666665,-0.05,0.29,0.0036292821102949,0.3562533838657282,1450.0,1170.0,0.850814332247557,0.0125698324022347,7.572584872219366e-05,0.0003421463604725
1995-09-05,2000.0,2010.0,1970.0,1980.0,50700.0,1800.0,1946.0,1870.0,1740.0,1511.6,1722.3394999999998,False,False,False,False,False,False,True,True,False,True,False,0.0101010101010101,-0.0353535353535353,,,0.1212121212121212,0.2365656565656566,-0.0656565656565656,0.2878787878787879,0.0035282702655021,0.339572192513369,1460.0,1210.0,0.388208269525268,0.0124137931034482,-0.0001560392987864,-0.0001010118447928
1995-09-06,2000.0,2040.0,2000.0,2010.0,75600.0,1827.3,1976.0,1899.0,1761.6,1517.6,1722.8059999999998,False,False,False,False,False,False,True,True,False,True,False,-0.0199004975124378,-0.0646766169154228,,,0.1235820895522388,0.2449751243781095,-0.0796019900497512,0.2686567164179104,0.003953610964681,0.3185887309110058,1540.0,1260.0,1.4911242603550297,0.0122615803814713,-0.0001522127219768,0.0004253406991789
1995-09-07,2030.0,2030.0,1990.0,2000.0,61800.0,1818.2,1996.0,1926.0,1782.4,1524.1333333333334,1723.2225,False,False,False,False,False,False,True,True,False,True,False,-0.025,-0.1,,,0.1087999999999999,0.2379333333333332,-0.065,0.26,0.0042865890998164,0.3011422637590862,1560.0,1310.0,0.8174603174603174,0.0116696588868941,-0.0005919214945771,0.0003329781351353
1995-09-08,1960.0,2000.0,1930.0,1930.0,117200.0,1754.6,1984.0,1934.0,1800.4,1530.0,1723.2890000000002,False,False,False,False,False,False,True,True,False,True,False,0.0103626943005181,-0.0466321243523316,,,0.0671502590673574,0.2072538860103626,-0.0362694300518134,0.3316062176165803,0.003834422657952,0.297311271975181,1500.0,1290.0,1.896440129449838,0.0099977782714952,-0.0016718806153989,-0.0004521664418644
1995-09-11,1930.0,2000.0,1930.0,2000.0,50000.0,1818.2,1984.0,1950.0,1820.4,1536.2666666666669,1723.7054999999998,False,False,False,False,False,False,True,True,False,False,False,-0.03,-0.08,,,0.0897999999999999,0.2318666666666665,-0.08,0.265,0.0040791529248395,0.2912820512820512,1460.0,1310.0,0.4266211604095563,0.01098659635245,0.0009888180809547,0.0002447302668875
1995-09-12,2000.0,2040.0,2000.0,2000.0,107000.0,1818.2,1988.0,1967.0,1837.2,1542.1333333333334,1724.3115000000005,False,False,False,False,False,False,True,True,False,True,False,-0.045,-0.035,,,0.0813999999999999,0.2289333333333332,-0.08,0.315,0.0038042538474839,0.2877478393492628,1420.0,1330.0,2.14,0.0091443500979751,-0.0018422462544748,-0.0002748990773556
1995-09-13,1960.0,1980.0,1940.0,1970.0,53400.0,1790.9,1980.0,1978.0,1853.2,1548.4,1724.8435000000004,False,False,False,False,False,False,True,True,False,True,False,-0.0456852791878172,-0.0304568527918781,,,0.0592893401015228,0.2140101522842639,-0.0507614213197969,0.3248730964467005,0.0040471884956514,0.2896865520728008,1420.0,1300.0,0.4990654205607476,0.0086337146557306,-0.0005106354422445,0.0002429346481674
1995-09-14,1990.0,2000.0,1930.0,1950.0,28100.0,1772.7,1970.0,1983.0,1867.2,1554.5333333333333,1725.2375,False,False,False,False,False,False,True,True,False,True,False,-0.0769230769230769,-0.0205128205128205,,,0.0424615384615384,0.2028034188034188,-0.0512820512820512,0.3384615384615385,0.0039454498670554,0.2939989914271306,1390.0,1320.0,0.5262172284644194,0.0074978577549271,-0.0011358569008034,-0.0001017386285959
1995-09-18,1980.0,2010.0,1930.0,1950.0,42700.0,1772.7,1974.0,1979.0,1879.6,1560.5333333333333,1725.6695000000002,False,False,False,False,False,False,True,True,False,True,False,-0.0564102564102564,-0.0512820512820512,,,0.0361025641025641,0.1997264957264957,-0.0769230769230769,0.3384615384615385,0.0038448393711551,0.3016675088428499,1430.0,1370.0,1.519572953736655,0.0065971483294317,-0.0009007094254954,-0.0001006104959002
1995-09-19,1920.0,1950.0,1920.0,1940.0,15800.0,1763.6,1962.0,1973.0,1890.4,1566.6666666666667,1725.9375,False,False,False,False,False,False,True,True,False,True,False,-0.0515463917525773,-0.0309278350515463,,,0.0255670103092783,0.1924398625429552,-0.0463917525773195,0.3350515463917525,0.0039148936170213,0.3061327927014698,1450.0,1330.0,0.3700234192037471,0.0057130765975455,-0.0008840717318861,7.005424586618327e-05
1995-09-20,1940.0,1970.0,1910.0,1910.0,21300.0,1736.4,1944.0,1966.0,1895.6,1573.0666666666666,1725.715,False,False,False,False,False,False,True,True,False,True,False,0.0104712041884816,0.0104712041884816,,,0.0075392670157068,0.1764048865619546,-0.0418848167539267,0.3089005235602094,0.0040684861840989,0.3082400813835198,1410.0,1300.0,1.3481012658227849,0.0027431947668283,-0.0029698818307172,0.0001535925670775
1995-09-21,1900.0,1900.0,1860.0,1880.0,25400.0,1709.1,1926.0,1953.0,1895.6,1579.7333333333331,1725.3425,False,False,False,False,False,False,False,True,False,True,False,0.0159574468085106,0.0372340425531914,,,-0.0082978723404254,0.1597163120567377,-0.026595744680851,0.324468085106383,0.0042201215395002,0.3138760880696364,1420.0,1290.0,1.192488262910798,0.0,-0.0027431947668283,0.0001516353554013
1995-09-22,1810.0,1830.0,1800.0,1800.0,45300.0,1636.4,1896.0,1933.0,1895.2,1585.7333333333331,1724.57,False,False,False,False,False,False,False,True,False,True,False,0.0611111111111111,0.0833333333333333,,,-0.0528888888888889,0.1190370370370371,0.0555555555555555,0.3722222222222222,0.0037837383334734,0.3248836006207967,1480.0,1300.0,1.7834645669291338,-0.0002110595187842,-0.0002110595187842,-0.0004363832060267
1995-09-25,1850.0,1890.0,1800.0,1840.0,32900.0,1672.7,1874.0,1924.0,1897.2,1593.0666666666666,1724.111,False,False,False,False,False,False,True,True,True,False,False,0.0054347826086956,0.0434782608695652,,,-0.0310869565217391,0.1342028985507246,0.0326086956521739,0.3858695652173913,0.00460328088383,0.33004158004158,1460.0,1290.0,0.7262693156732892,0.0010541851149061,0.0012652446336904,0.0008195425503565
1995-09-26,1800.0,1840.0,1800.0,1840.0,46300.0,1672.7,1854.0,1908.0,1898.8,1602.0,1723.8415000000002,False,False,False,False,False,False,True,True,False,True,False,0.0217391304347826,0.0326086956521739,,,-0.0319565217391304,0.1293478260869565,0.0271739130434782,0.4293478260869565,0.0055763628797337,0.3464360587002096,1460.0,1290.0,1.4072948328267476,0.0008426374552348,-0.0002115476596713,0.0009730819959036
1995-09-27,1870.0,1930.0,1830.0,1930.0,26500.0,1754.6,1858.0,1901.0,1906.0,1611.6,1723.908,False,False,False,True,True,False,True,True,True,False,False,0.0,-0.0414507772020725,,,0.0124352331606217,0.1649740932642487,-0.0103626943005181,0.4248704663212435,0.0059568131049887,0.3577064702788006,1440.0,1300.0,0.572354211663067,0.0037775445960126,0.0029349071407777,0.000380450225255
1995-09-28,1920.0,1940.0,1880.0,1910.0,26600.0,1736.4,1864.0,1895.0,1913.6,1620.2666666666669,1724.0259999999998,False,False,False,False,False,False,True,True,False,False,False,0.0209424083769633,-0.031413612565445,,,-0.0018848167539266,0.1516928446771377,0.0052356020942408,0.4136125654450261,0.0053489137590521,0.366754617414248,1470.0,1300.0,1.0037735849056604,0.0039715719063544,0.0001940273103418,-0.0006078993459365
1995-09-29,1940.0,1960.0,1880.0,1910.0,40200.0,1736.4,1886.0,1891.0,1920.8,1628.2666666666669,1724.2579999999998,False,False,False,False,False,False,True,True,False,True,False,0.0209424083769633,-0.0209424083769633,,,-0.00565445026178,0.147504363001745,-0.0052356020942408,0.4031413612565445,0.0049132001310186,0.3733474352194606,1480.0,1350.0,1.5112781954887218,0.0037484381507705,-0.0002231337555839,-0.0004357136280335
1995-10-02,1880.0,1900.0,1840.0,1850.0,8300.0,1681.8,1888.0,1881.0,1920.8,1635.7333333333331,1724.19,False,False,False,False,False,False,False,True,False,True,False,0.0378378378378378,0.0054054054054054,,,-0.0382702702702702,0.1158198198198199,0.0378378378378378,0.4378378378378378,0.0045647212259534,0.3833067517278044,1480.0,1430.0,0.2064676616915423,0.0,-0.0037484381507705,-0.0003484789050652
1995-10-03,1870.0,1900.0,1850.0,1880.0,11100.0,1709.1,1896.0,1875.0,1922.4,1643.3333333333333,1724.3855,False,False,False,False,False,False,True,True,False,False,False,0.0106382978723404,-0.0212765957446808,,,-0.0225531914893617,0.125886524822695,0.0159574468085106,0.3989361702127659,0.0046247464503043,0.3898666666666666,1500.0,1450.0,1.3373493975903614,0.0008322929671244,0.0008322929671244,6.002522435090158e-05
1995-10-04,1910.0,1950.0,1900.0,1930.0,28900.0,1754.6,1896.0,1877.0,1926.4,1651.3333333333333,1724.755,False,False,False,True,True,False,True,True,True,False,False,-0.0414507772020725,-0.0466321243523316,,,0.0018652849740932,0.1443868739205527,-0.005181347150259,0.3626943005181347,0.0048445700444085,0.3953116675546084,1580.0,1460.0,2.603603603603604,0.0020764119601328,0.0012441189930083,0.0002198235941042
1995-10-05,1930.0,1970.0,1930.0,1950.0,22100.0,1772.7,1904.0,1884.0,1930.0,1660.0,1725.187,False,False,False,False,False,False,True,True,False,True,False,-0.0512820512820512,-0.041025641025641,,,0.0102564102564102,0.1487179487179487,0.0,0.358974358974359,0.0052208835341365,0.398619957537155,1570.0,1540.0,0.7647058823529411,0.0018652849740932,-0.0002111269860396,0.000376313489728
1995-10-06,1960.0,1990.0,1950.0,1950.0,34900.0,1772.7,1912.0,1899.0,1932.0,1668.4,1725.4675,False,False,False,False,False,False,True,True,False,True,False,-0.041025641025641,-0.0512820512820512,,,0.0092307692307692,0.1444102564102563,0.0769230769230769,0.3384615384615385,0.0050347638456006,0.3949447077409163,1600.0,1560.0,1.579185520361991,0.0010351966873706,-0.0008300882867226,-0.0001861196885359
1995-10-09,1960.0,1970.0,1900.0,1920.0,27500.0,1745.5,1926.0,1907.0,1929.2,1675.7333333333331,1725.4840000000002,False,False,False,False,False,False,False,True,False,True,False,-0.03125,-0.0625,,,-0.0047916666666666,0.1272222222222223,0.1666666666666666,0.3645833333333333,0.0043761935073199,0.3927635028841111,1640.0,1500.0,0.7879656160458453,-0.0014513788098693,-0.0024865754972399,-0.0006585703382806
1995-10-11,1830.0,1910.0,1830.0,1900.0,38100.0,1727.3,1930.0,1913.0,1925.2,1683.3333333333333,1725.4005000000002,False,False,False,False,False,False,False,True,False,True,False,-0.031578947368421,-0.0263157894736842,,,-0.0132631578947368,0.1140350877192982,0.1631578947368421,0.3947368421052631,0.0045148514851485,0.389440669106116,1670.0,1460.0,1.3854545454545455,-0.0020777062123415,-0.0006263274024722,0.0001386579778285
1995-10-12,1900.0,1900.0,1850.0,1850.0,19700.0,1681.8,1914.0,1905.0,1920.0,1690.6666666666667,1724.4990000000005,False,False,False,False,False,False,False,True,False,True,False,-0.0054054054054054,-0.0108108108108108,,,-0.0378378378378378,0.086126126126126,0.1783783783783784,0.4216216216216216,0.0043375394321767,0.3889763779527559,1780.0,1420.0,0.5170603674540682,-0.0027083333333333,-0.0006306271209917,-0.0001773120529718
1995-10-13,1840.0,1870.0,1840.0,1850.0,12800.0,1681.8,1894.0,1899.0,1913.6,1698.1333333333334,1723.711,False,False,False,False,False,False,False,True,False,True,False,0.0108108108108108,-0.0108108108108108,,,-0.0343783783783783,0.08209009009009,0.1945945945945946,0.3945945945945946,0.0043969849246231,0.3870458135860979,1880.0,1420.0,0.649746192893401,-0.0033444816053512,-0.0006361482720178,5.944549244638747e-05
1995-10-16,1850.0,1870.0,1850.0,1870.0,19100.0,1700.0,1878.0,1895.0,1908.4,1705.7333333333331,1722.8335000000004,False,False,False,False,False,False,False,True,False,False,False,-0.0106951871657754,0.0160427807486631,,,-0.0205347593582888,0.087843137254902,0.1764705882352941,0.3850267379679144,0.0044555616352691,0.3852242744063324,1810.0,1390.0,1.4921875,-0.0027247956403268,0.0006196859650243,5.8576710645968574e-05
1995-10-17,1850.0,1860.0,1850.0,1860.0,17600.0,1690.9,1866.0,1896.0,1905.6,1713.3333333333333,1721.9440000000002,False,False,False,False,False,False,False,True,False,False,False,-0.032258064516129,0.021505376344086,,,-0.024516129032258,0.0788530465949821,0.1612903225806451,0.4247311827956989,0.0044357976653697,0.3839662447257383,1790.0,1430.0,0.9214659685863874,-0.0014693534844669,0.0012554421558599,-1.9763969899371653e-05
1995-10-18,1860.0,1860.0,1830.0,1840.0,27700.0,1672.7,1854.0,1892.0,1899.2,1720.6666666666667,1721.4090000000003,False,False,False,False,False,False,False,True,False,True,False,0.0054347826086956,0.0271739130434782,,,-0.0321739130434782,0.064855072463768,0.1521739130434782,0.4239130434782608,0.0042619139868268,0.3863636363636363,1800.0,1450.0,1.5738636363636365,-0.0033698399326031,-0.0019004864481361,-0.0001738836785428
1995-10-19,1840.0,1870.0,1820.0,1840.0,51600.0,1672.7,1852.0,1883.0,1892.8,1727.8666666666666,1720.7225,False,False,False,False,False,False,False,True,False,True,False,-0.0054347826086956,0.0380434782608695,,,-0.028695652173913,0.0609420289855073,0.2119565217391304,0.4021739130434782,0.0041669881935333,0.3903345724907063,1750.0,1410.0,1.8628158844765343,-0.0033812341504649,-1.139421786183802e-05,-9.492579329355242e-05
1995-10-20,1840.0,1870.0,1820.0,1870.0,12600.0,1700.0,1856.0,1875.0,1888.8,1735.4666666666667,1719.9965000000002,False,False,False,False,False,False,False,True,False,False,False,-0.0213903743315508,0.0267379679144385,,,-0.0100534759358288,0.0719429590017825,0.2834224598930481,0.3903743315508021,0.0043792255685311,0.3936,1720.0,1420.0,0.2441860465116279,-0.0021177467174925,0.0012634874329723,0.0002122373749977
1995-10-23,1870.0,1870.0,1850.0,1850.0,15100.0,1681.8,1852.0,1865.0,1884.8,1742.1333333333334,1719.436,False,False,False,False,False,False,False,True,False,True,False,0.027027027027027,0.027027027027027,,,-0.0188108108108107,0.0583063063063062,0.2810810810810811,0.4108108108108108,0.0038267258533599,0.4010723860589812,1730.0,1480.0,1.1984126984126984,-0.0021222410865874,-4.494369094848287e-06,-0.0005524997151712
1995-10-24,1850.0,1850.0,1800.0,1800.0,22500.0,1636.4,1840.0,1853.0,1878.8,1747.0666666666666,1718.5875,False,False,False,False,False,False,False,True,False,True,False,0.0555555555555555,0.0666666666666666,,,-0.0437777777777777,0.0294074074074074,0.3611111111111111,0.4444444444444444,0.002823780813554,0.409066378845116,1850.0,1460.0,1.490066225165563,-0.0031935277836917,-0.0010712866971042,-0.0010029450398058
1995-10-25,1820.0,1850.0,1810.0,1850.0,30300.0,1681.8,1842.0,1848.0,1875.2,1752.4,1718.1405000000002,False,False,False,False,False,False,False,True,False,False,False,0.0216216216216216,0.0324324324324324,,,-0.0136216216216216,0.0527567567567567,0.3837837837837838,0.3783783783783784,0.0030434451799437,0.4074675324675325,1840.0,1460.0,1.346666666666667,-0.0019197952218429,0.0012737325618487,0.0002196643663897
1995-10-26,1870.0,1870.0,1820.0,1830.0,21800.0,1663.6,1840.0,1846.0,1872.0,1757.3333333333333,1717.6315000000002,False,False,False,False,False,False,False,True,False,False,False,0.0437158469945355,0.0491803278688524,,,-0.0229508196721311,0.0397085610200364,0.3825136612021858,0.3879781420765027,0.0028072837632775,0.4041170097508125,1830.0,1440.0,0.7194719471947195,-0.0017094017094017,0.0002103935124412,-0.0002361614166661
1995-10-27,1880.0,1920.0,1830.0,1830.0,62300.0,1663.6,1832.0,1844.0,1870.0,1761.2,1716.9330000000002,False,False,False,False,False,False,False,True,False,False,False,0.0491803278688524,0.0655737704918032,,,-0.0218579234972677,0.0375956284153005,0.4316939890710382,0.3879781420765027,0.0021954727837081,0.403470715835141,1860.0,1470.0,2.8577981651376145,-0.0010695187165775,0.0006398829928241,-0.0006118109795694
1995-10-30,1880.0,1900.0,1850.0,1900.0,23500.0,1727.3,1842.0,1847.0,1874.0,1765.7333333333331,1716.5085,False,False,False,False,True,False,True,True,True,False,False,0.0,0.1052631578947368,,,0.0136842105263157,0.0706666666666667,0.3842105263157894,0.3105263157894737,0.0025673940949934,0.3957769355711965,1900.0,1480.0,0.377207062600321,0.0021344717182497,0.0032039904348272,0.0003719213112852
1995-10-31,1900.0,1920.0,1900.0,1900.0,32100.0,1727.3,1862.0,1851.0,1876.4,1771.0666666666666,1716.3875,False,False,False,False,False,False,True,True,False,True,False,0.0105263157894736,0.1789473684210526,,,0.0124210526315788,0.067859649122807,0.4105263157894737,0.3,0.0030113679138749,0.3830361966504592,1990.0,1480.0,1.3659574468085107,0.0012790449797485,-0.0008554267385012,0.0004439738188815
1995-11-01,1920.0,1920.0,1880.0,1890.0,14100.0,1718.2,1870.0,1856.0,1878.4,1776.8,1716.5195,False,False,False,False,False,False,True,True,False,True,False,0.0105820105820105,0.1693121693121693,,,0.006137566137566,0.0598941798941799,0.4021164021164021,0.3227513227513227,0.0032267747260993,0.3728448275862069,2000.0,1500.0,0.4392523364485981,0.0010647359454855,-0.0002143090342629,0.0002154068122244
1995-11-02,1920.0,1940.0,1900.0,1910.0,131200.0,1736.4,1886.0,1863.0,1877.6,1783.3333333333333,1716.6,False,False,False,False,False,False,False,True,False,True,False,0.0052356020942408,0.1413612565445026,,,0.0169633507853403,0.0663176265270506,0.3350785340314136,0.3507853403141361,0.0036635514018691,0.367686527106817,1980.0,1580.0,9.304964539007091,-0.0004260758414998,-0.0014908117869854,0.0004367766757697
1995-11-06,1920.0,1950.0,1910.0,1920.0,101200.0,1745.5,1904.0,1868.0,1878.0,1790.0,1716.9195000000002,False,False,False,False,False,False,True,True,False,False,False,0.015625,0.1510416666666666,,,0.021875,0.0677083333333333,0.3333333333333333,0.34375,0.0037243947858473,0.3629550321199143,2010.0,1570.0,0.7713414634146342,0.0002129925452609,0.0006390683867608,6.084338397820046e-05
1995-11-07,1920.0,1960.0,1900.0,1900.0,102800.0,1727.3,1904.0,1873.0,1877.6,1796.8,1716.912,False,False,False,False,False,False,False,True,False,True,False,0.1052631578947368,0.1578947368421052,,,0.0117894736842105,0.0543157894736842,0.3157894736842105,0.3368421052631579,0.0037845057880676,0.3555792845702082,2000.0,1600.0,1.0158102766798418,-0.0002130379207499,-0.0004260304660109,6.011100222030842e-05
1995-11-08,1920.0,1940.0,1900.0,1920.0,21300.0,1745.5,1908.0,1885.0,1880.4,1803.3333333333333,1717.8,False,False,False,False,False,False,True,True,True,False,False,0.1666666666666666,0.125,,,0.0206249999999999,0.0607638888888889,0.3229166666666667,0.3072916666666667,0.00362292051756,0.3421750663129973,1930.0,1640.0,0.2071984435797665,0.0014890448840673,0.0017020828048172,-0.0001615852705075
1995-11-09,1920.0,1930.0,1900.0,1910.0,57400.0,1736.4,1912.0,1891.0,1881.6,1809.4666666666667,1718.1075,False,False,False,False,False,False,True,True,False,True,False,0.1570680628272251,0.1099476439790576,,,0.014869109947644,0.0526352530541012,0.2774869109947644,0.3821989528795811,0.0033895807236018,0.3426758328926494,2000.0,1670.0,2.694835680751173,0.0006377551020407,-0.0008512897820265,-0.0002333397939582
1995-11-10,1920.0,1940.0,1920.0,1920.0,24900.0,1745.5,1914.0,1900.0,1881.2,1816.2666666666669,1718.427,False,False,False,False,False,False,False,True,False,True,False,0.1354166666666666,0.1614583333333333,,,0.0202083333333333,0.0540277777777776,0.2916666666666667,0.3385416666666667,0.0037439436206138,0.3378947368421052,2000.0,1780.0,0.4337979094076655,-0.0002126302360194,-0.0008503853380602,0.0003543628970119
1995-11-13,1920.0,1970.0,1920.0,1950.0,70100.0,1772.7,1920.0,1912.0,1881.2,1823.3333333333333,1718.859,False,False,False,False,False,False,False,True,False,False,False,0.1333333333333333,0.2307692307692307,,,0.0352820512820512,0.0649572649572649,0.2461538461538461,0.3025641025641025,0.0038756855575866,0.3294979079497908,1970.0,1880.0,2.8152610441767068,0.0,0.0002126302360194,0.0001317419369728
1995-11-14,1980.0,2100.0,1980.0,2100.0,302200.0,1909.1,1960.0,1932.0,1887.2,1831.6,1720.1165,False,False,False,False,False,False,True,True,True,False,False,0.0476190476190476,0.1285714285714285,,,0.1013333333333333,0.1278095238095238,0.1714285714285714,0.2095238095238095,0.0045133580840066,0.3183229813664596,1950.0,1810.0,4.310984308131241,0.003179313268334,0.003179313268334,0.00063767252642
1995-11-15,2210.0,2330.0,2200.0,2240.0,931500.0,2036.4,2024.0,1966.0,1900.0,1842.0,1722.2254999999998,False,False,False,False,False,False,True,True,False,False,False,-0.0357142857142857,0.09375,,,0.1517857142857142,0.1776785714285714,0.1205357142857142,0.1205357142857142,0.0056460369163952,0.297558494404883,1950.0,1790.0,3.0823957643944406,0.0067368421052631,0.003557528836929,0.0011326788323885
1995-11-16,2250.0,2260.0,2170.0,2210.0,162900.0,2009.1,2084.0,1998.0,1912.4,1852.0,1723.8435,False,False,False,False,False,False,True,True,False,True,False,-0.0407239819004524,0.1583710407239819,,,0.1346606334841628,0.1619909502262443,0.167420814479638,0.1402714932126696,0.0053995680345572,0.2777777777777778,1940.0,1800.0,0.1748792270531401,0.0064839991633549,-0.0002528429419081,-0.000246468881838
1995-11-17,2170.0,2210.0,2090.0,2180.0,160100.0,1981.8,2136.0,2025.0,1925.6,1861.8666666666663,1725.0845000000002,False,False,False,False,False,False,True,True,False,False,False,0.0229357798165137,0.1605504587155963,,,0.116697247706422,0.1459327217125383,0.1697247706422018,0.146788990825688,0.0052993411629903,0.2567901234567901,1910.0,1750.0,0.9828115408225906,0.0068550062318237,0.0003710070684687,-0.0001002268715668
1995-11-20,2200.0,2230.0,2180.0,2210.0,181400.0,2009.1,2188.0,2054.0,1940.0,1871.733333333333,1727.0055,False,False,False,False,False,False,True,True,False,False,False,0.085972850678733,0.1855203619909502,,,0.1221719457013574,0.1530618401206637,0.1538461538461538,0.1447963800904977,0.005271406183217,0.2366114897760467,1880.0,1720.0,1.1330418488444722,0.0074226804123711,0.0005676741805474,-2.7934979773320927e-05
1995-11-21,2200.0,2220.0,2150.0,2200.0,114700.0,2000.0,2208.0,2084.0,1953.2,1881.3333333333333,1728.763,False,False,False,False,False,False,True,True,False,True,False,0.0772727272727272,0.1954545454545454,,,0.1121818181818181,0.1448484848484849,0.1454545454545454,0.1227272727272727,0.0051027639971652,0.2154510556621881,1800.0,1730.0,0.6323042998897465,0.0067581404874053,-0.0006645399249658,-0.0001686421860518
1995-11-22,2180.0,2190.0,2140.0,2160.0,45400.0,1963.6,2192.0,2108.0,1965.2,1890.4,1730.3585,False,False,False,False,False,False,True,True,False,True,False,0.1342592592592592,0.2407407407407407,,,0.0901851851851851,0.1248148148148147,0.1898148148148148,0.1712962962962963,0.0047961630695444,0.202561669829222,1840.0,1850.0,0.3958151700087184,0.0061062487278648,-0.0006518917595404,-0.0003066009276207
1995-11-24,2140.0,2160.0,2120.0,2120.0,75900.0,1927.3,2174.0,2129.0,1976.4,1898.6666666666667,1731.754,False,False,False,False,False,False,True,True,False,True,False,0.2075471698113207,0.25,,,0.0677358490566037,0.1044025157232704,0.1933962264150943,0.1981132075471698,0.0043539325842696,0.1860028182245185,1840.0,1840.0,1.671806167400881,0.0056668690548472,-0.0004393796730176,-0.0004422304852747
1995-11-27,2200.0,2230.0,2180.0,2230.0,180100.0,2027.3,2184.0,2160.0,1992.0,1907.3333333333333,1733.775,False,False,False,False,False,False,True,True,False,False,False,0.1345291479820627,0.1434977578475336,,,0.1067264573991031,0.1446935724962631,0.179372197309417,0.1434977578475336,0.0045438657811953,0.1680555555555555,1930.0,1830.0,2.372859025032938,0.0078313253012047,0.0021644562463575,0.0001899331969256
1995-11-28,2250.0,2400.0,2210.0,2400.0,384500.0,2181.8,2222.0,2205.0,2013.2,1918.4,1736.9115,False,False,False,False,False,False,True,True,False,False,False,0.0916666666666666,0.0666666666666666,,,0.1611666666666666,0.2006666666666666,0.0875,0.0583333333333333,0.0057686961356687,0.1442176870748299,1910.0,1860.0,2.134925041643532,0.0105304987085237,0.0026991734073189,0.0012248303544733
1995-11-29,2380.0,2400.0,2340.0,2370.0,488700.0,2154.6,2256.0,2232.0,2034.0,1928.6666666666667,1739.898,False,False,False,False,False,False,True,True,False,True,False,0.1097046413502109,0.0548523206751054,,,0.1417721518987341,0.1862165963431785,0.1012658227848101,0.0886075949367088,0.0053231939163498,0.132168458781362,1910.0,1900.0,1.271001300390117,0.0102261553588987,-0.000304343349625,-0.0004455022193188
1995-11-30,2370.0,2460.0,2360.0,2450.0,397800.0,2227.3,2314.0,2253.0,2060.0,1939.4666666666667,1743.2084999999995,False,False,False,False,False,False,True,True,False,False,False,0.0938775510204081,0.036734693877551,,,0.1591836734693877,0.2083809523809523,0.0653061224489796,0.0653061224489796,0.0055685411797057,0.1260541500221926,1850.0,1990.0,0.8139963167587477,0.0126213592233009,0.0023952038644022,0.0002453472633559
1995-12-01,2490.0,2590.0,2470.0,2560.0,822600.0,2327.3,2402.0,2288.0,2088.4,1951.3333333333333,1747.0309999999995,False,False,False,False,False,False,True,True,False,False,False,0.03515625,-0.046875,,,0.1842187499999999,0.2377604166666667,0.01171875,0.0234375,0.006081311923471,0.1131993006993007,1880.0,2000.0,2.067873303167421,0.0135989274085424,0.0009775681852414,0.0005127707437653
1995-12-04,2550.0,2560.0,2490.0,2530.0,409400.0,2300.0,2462.0,2323.0,2116.4,1961.3333333333333,1750.7415,False,False,False,False,False,False,True,True,False,True,False,0.0079051383399209,-0.0197628458498023,,,0.1634782608695651,0.2247694334650856,-0.0118577075098814,-0.0988142292490118,0.005098572399728,0.0869565217391304,1930.0,1980.0,0.4976902504254802,0.0132300132300132,-0.0003689141785292,-0.000982739523743
1995-12-05,2490.0,2620.0,2490.0,2620.0,575400.0,2381.8,2506.0,2364.0,2148.0,1971.2,1755.1295,False,False,False,False,False,False,True,True,False,False,False,-0.0229007633587786,-0.0725190839694656,,,0.1801526717557252,0.2476335877862595,-0.049618320610687,-0.1259541984732824,0.0050054112554113,0.0579526226734348,1950.0,2010.0,1.4054714215925743,0.0147113594040967,0.0014813461740835,-9.316114431675952e-05
1995-12-06,2620.0,2650.0,2600.0,2630.0,449800.0,2390.9,2558.0,2407.0,2177.2,1982.1333333333328,1759.5295,False,False,False,False,False,False,True,True,False,True,False,-0.0494296577946768,-0.0646387832699619,,,0.1721673003802282,0.2463371356147022,-0.0608365019011406,-0.11787072243346,0.0055159424189424,0.0328209389281263,1950.0,2000.0,0.7817170663885993,0.0134117214771265,-0.0012996379269702,0.0005105311635311
1995-12-07,2650.0,2700.0,2630.0,2680.0,366900.0,2436.4,2604.0,2459.0,2208.4,1994.0,1764.1415,False,False,False,False,False,False,True,True,False,False,False,-0.0522388059701492,-0.0634328358208955,,,0.1759701492537313,0.2559701492537313,-0.0485074626865671,-0.1231343283582089,0.0059511868940154,0.0036600244001626,1920.0,1930.0,0.8156958648288128,0.0141278753848941,0.0007161539077676,0.0004352444750729
1995-12-08,2670.0,2690.0,2610.0,2650.0,281600.0,2409.1,2622.0,2512.0,2238.8,2005.3333333333333,1768.5655,False,False,False,False,False,False,True,True,False,True,False,-0.0792452830188679,-0.0264150943396226,,,0.1551698113207546,0.2432704402515723,-0.0075471698113207,-0.0943396226415094,0.0056515957446808,-0.0230891719745222,1900.0,2000.0,0.7675115835377487,0.013578702876541,-0.0005491725083531,-0.0002995911493346
1995-12-11,2600.0,2630.0,2530.0,2550.0,137100.0,2318.2,2626.0,2544.0,2264.4,2016.0,1772.5655,False,False,False,False,False,False,True,True,False,True,False,-0.0274509803921568,0.0,,,0.1119999999999999,0.2094117647058823,0.0784313725490196,-0.0509803921568627,0.0052910052910053,-0.0404874213836478,1850.0,2000.0,0.4868607954545454,0.0113054230701289,-0.0022732798064121,-0.0003605904536754
1995-12-12,2550.0,2600.0,2550.0,2560.0,61700.0,2327.3,2614.0,2560.0,2290.0,2027.2,1776.6155,False,False,False,False,False,False,True,True,False,True,False,-0.05078125,-0.00390625,,,0.10546875,0.2081249999999999,0.0546875,-0.046875,0.005524861878453,-0.050390625,1850.0,1970.0,0.450036469730124,0.01117903930131,-0.0001263837688189,0.0002338565874477
1995-12-13,2580.0,2600.0,2500.0,2500.0,104300.0,2272.7,2588.0,2573.0,2314.0,2037.4666666666667,1780.3655,False,False,False,False,False,False,True,True,False,True,False,-0.016,0.008,,,0.0744,0.1850133333333333,0.072,-0.02,0.005038937242327,-0.0602409638554216,1870.0,1950.0,1.6904376012965965,0.010371650821089,-0.0008073884802209,-0.0004859246361259
1995-12-14,2460.0,2540.0,2450.0,2540.0,78900.0,2309.1,2560.0,2582.0,2338.8,2046.6666666666667,1784.808,False,False,False,False,False,False,True,True,False,False,False,-0.0118110236220472,0.0118110236220472,,,0.0792125984251967,0.1942257217847768,0.0472440944881889,-0.0275590551181102,0.0044951140065146,-0.0689388071262587,1860.0,1950.0,0.7564717162032598,0.0106037284077305,0.0002320775866415,-0.0005438232358123
1995-12-15,2540.0,2540.0,2440.0,2440.0,50200.0,2218.2,2518.0,2570.0,2360.0,2054.6666666666665,1788.599,False,False,False,False,False,False,True,True,False,True,False,0.0573770491803278,0.0368852459016393,,,0.0327868852459016,0.1579234972677596,0.0778688524590164,0.0081967213114754,0.0038935756002594,-0.070817120622568,1840.0,1940.0,0.6362484157160964,0.0089830508474575,-0.0016206775602729,-0.0006015384062552
1995-12-18,2400.0,2500.0,2400.0,2480.0,35100.0,2254.6,2504.0,2565.0,2382.4,2063.333333333333,1792.249,False,False,False,False,False,False,True,True,False,False,False,0.0282258064516129,0.0604838709677419,,,0.0393548387096773,0.1680107526881721,0.0604838709677419,-0.0080645161290322,0.0042003231017769,-0.0619883040935672,1840.0,1910.0,0.6992031872509961,0.0094022834116857,0.0004192325642281,0.0003067475015175
1995-12-19,2400.0,2450.0,2400.0,2430.0,40400.0,2209.1,2478.0,2546.0,2401.6,2070.9333333333334,1795.308,False,False,False,False,False,False,True,True,False,True,False,0.0493827160493827,0.074074074074074,,,0.0116872427983539,0.1477640603566529,0.0905349794238683,0.0164609053497942,0.0036698429049705,-0.0479183032207384,1870.0,1880.0,1.150997150997151,0.0079946702198533,-0.0014076131918323,-0.0005304801968064
1995-12-20,2410.0,2470.0,2410.0,2460.0,68200.0,2236.4,2470.0,2529.0,2416.0,2078.4,1798.214,False,False,False,False,False,False,True,True,False,True,False,0.024390243902439,0.0609756097560975,,,0.0178861788617886,0.1551219512195121,0.0609756097560975,-0.0040650406504065,0.0035925070567103,-0.0363780150257018,1850.0,1800.0,1.688118811881188,0.0059602649006622,-0.002034405319191,-7.7335848260255e-05
1995-12-21,2430.0,2560.0,2430.0,2510.0,104000.0,2281.8,2464.0,2512.0,2426.8,2085.333333333333,1801.37,False,False,False,False,False,False,True,True,False,True,False,0.0239043824701195,0.0398406374501992,,,0.0331474103585656,0.1691899070385127,0.0438247011952191,-0.0239043824701195,0.003324808184143,-0.0258757961783439,1800.0,1840.0,1.5249266862170088,0.0044503049283007,-0.0015099599723615,-0.0002676988725672
1995-12-22,2510.0,2590.0,2510.0,2580.0,107800.0,2345.5,2492.0,2505.0,2441.6,2093.0666666666666,1804.876,False,False,False,False,False,False,True,True,False,False,False,-0.0193798449612403,0.003875968992248,,,0.0536434108527132,0.188733850129199,0.0271317829457364,-0.0581395348837209,0.0036947381832081,-0.0219560878243512,1850.0,1840.0,1.0365384615384616,0.006061598951507,0.0016112940232063,0.0003699299990651
1995-12-25,2580.0,2600.0,2550.0,2550.0,66200.0,2318.2,2506.0,2505.0,2456.4,2100.6666666666665,1808.3455,False,False,False,False,False,False,True,True,False,True,False,0.0313725490196078,-0.0196078431372549,,,0.0367058823529411,0.1762091503267974,0.0313725490196078,-0.0549019607843137,0.0036178990796572,-0.0223552894211576,1830.0,1930.0,0.614100185528757,0.006025077348966,-3.652160254105641e-05,-7.683910355095903e-05
1995-12-26,2550.0,2590.0,2540.0,2550.0,83100.0,2318.2,2530.0,2504.0,2470.0,2107.866666666667,1811.7015,False,False,False,False,False,False,True,True,False,True,False,0.0235294117647058,-0.0235294117647058,,,0.0313725490196078,0.1733856209150326,0.0117647058823529,-0.0509803921568627,0.0034157758238979,-0.0227635782747603,1830.0,1910.0,1.255287009063444,0.0055060728744938,-0.0005190044744721,-0.0002021232557592
1995-12-27,2550.0,2600.0,2510.0,2520.0,83600.0,2290.9,2542.0,2506.0,2482.8,2114.8,1814.9455,False,False,False,False,False,False,True,True,False,True,False,0.0357142857142857,-0.0198412698412698,,,0.0147619047619046,0.1607936507936507,0.0277777777777777,-0.0317460317460317,0.0032784818107307,-0.0239425379090183,1900.0,1910.0,1.0060168471720818,0.0051554696310617,-0.0003506032434321,-0.0001372940131671
1995-12-28,2480.0,2600.0,2480.0,2570.0,63600.0,2336.4,2554.0,2509.0,2499.2,2123.333333333333,1818.515,False,False,False,False,False,False,True,True,False,False,False,0.0155642023346303,-0.0077821011673151,,,0.0275486381322957,0.1738002594033723,0.0311284046692607,-0.0505836575875486,0.0040188383045523,-0.0263053009166998,1900.0,1850.0,0.7607655502392344,0.0065620998719588,0.0014066302408971,0.0007403564938216
1995-12-29,2580.0,2600.0,2500.0,2530.0,50000.0,2300.0,2544.0,2518.0,2515.6,2130.4,1822.112,False,False,False,False,False,False,True,True,False,True,False,0.0237154150197628,0.0395256916996047,,,0.0056916996047431,0.1579446640316205,0.0355731225296442,-0.0316205533596837,0.0033170609588185,-0.0301826846703733,1890.0,1880.0,0.7861635220125787,0.0065193194466529,-4.27804253059598e-05,-0.0007017773457338
1996-01-04,2610.0,2670.0,2590.0,2630.0,155400.0,2390.9,2560.0,2533.0,2531.6,2138.8,1826.247,False,False,False,False,False,False,True,True,False,True,False,-0.0494296577946768,0.0456273764258555,,,0.0374144486692015,0.1867680608365018,-0.0190114068441064,-0.0570342205323193,0.0039274359453899,-0.0351362021318594,1910.0,1930.0,3.108,0.0063201137620477,-0.0001992056846052,0.0006103749865714
1996-01-05,2630.0,2650.0,2600.0,2610.0,81800.0,2372.7,2572.0,2551.0,2540.0,2147.333333333333,1830.282,False,False,False,False,False,False,True,True,False,True,False,-0.0459770114942528,0.0344827586206896,,,0.0268199233716475,0.1772669220945084,-0.003831417624521,-0.0076628352490421,0.0039739211425021,-0.0372402979223833,1920.0,1950.0,0.5263835263835264,0.0033070866141732,-0.0030130271478744,4.648519711212239e-05
1996-01-08,2610.0,2630.0,2580.0,2610.0,44300.0,2372.7,2590.0,2566.0,2549.6,2156.133333333333,1834.4305,False,False,False,False,False,False,True,True,False,False,False,-0.053639846743295,0.0268199233716475,,,0.0231417624521073,0.1738952745849298,0.0,0.0306513409961685,0.0040813802485932,-0.0335151987529228,1900.0,1950.0,0.5415647921760391,0.0037652965171006,0.0004582099029274,0.0001074591060911
1996-01-09,2610.0,2630.0,2580.0,2610.0,52400.0,2372.7,2598.0,2576.0,2556.0,2164.9333333333334,1838.617,False,False,False,False,False,False,True,True,False,True,False,-0.0229885057471264,0.0191570881226053,,,0.0206896551724137,0.1705236270753511,-0.003831417624521,0.0498084291187739,0.0040647902937735,-0.0260093167701863,1920.0,1920.0,1.182844243792325,0.0025039123630673,-0.0012613841540333,-1.65899548196808e-05
1996-01-10,2570.0,2610.0,2570.0,2590.0,60900.0,2354.6,2610.0,2577.0,2557.2,2173.6,1842.9305,False,False,False,False,False,False,True,True,False,True,False,0.0154440154440154,0.0154440154440154,,,0.0126640926640927,0.1607722007722008,-0.0154440154440154,0.0308880308880308,0.003987240829346,-0.0170741171905316,1910.0,1900.0,1.1622137404580153,0.0004692632566869,-0.0020346491063803,-7.754946442754124e-05
1996-01-11,2550.0,2550.0,2480.0,2500.0,56000.0,2272.7,2584.0,2572.0,2556.0,2181.4666666666667,1847.0595,False,False,False,False,False,False,False,True,False,True,False,0.1,0.052,,,-0.0224,0.1274133333333333,0.016,0.048,0.003606136544221,-0.0069984447900466,1920.0,1850.0,0.9195402298850576,-0.000469483568075,-0.0009387468247619,-0.0003811042851249
1996-01-12,2490.0,2540.0,2490.0,2490.0,33200.0,2263.6,2560.0,2566.0,2550.8,2189.6,1851.176,False,False,False,False,False,False,False,True,False,True,False,0.0843373493975903,0.0642570281124498,,,-0.0244176706827309,0.1206425702811245,0.0200803212851405,0.0522088353413654,0.0037145292899768,0.0031176929072486,1950.0,1850.0,0.5928571428571429,-0.0020385761329778,-0.0015690925649027,0.0001083927457557
1996-01-16,2490.0,2500.0,2450.0,2470.0,17300.0,2245.5,2532.0,2561.0,2544.4,2198.5333333333333,1854.7,False,False,False,False,False,False,False,True,False,True,False,0.0850202429149797,0.0566801619433198,,,-0.0301214574898785,0.1099055330634278,0.0080971659919028,0.0566801619433198,0.0040633149372309,0.0117141741507223,2100.0,1870.0,0.5210843373493976,-0.0025153277786511,-0.0004767516456733,0.0003487856472541
1996-01-17,2510.0,2550.0,2480.0,2550.0,48600.0,2318.2,2520.0,2559.0,2539.2,2208.0,1857.85,False,False,False,False,True,False,False,True,False,False,False,0.0431372549019607,0.0274509803921568,,,0.0042352941176471,0.1341176470588235,-0.0313725490196078,0.0274509803921568,0.0042874396135265,0.019538882375928,2240.0,1860.0,2.8092485549132946,-0.0020478890989289,0.0004674386797222,0.0002241246762956
1996-01-18,2600.0,2640.0,2580.0,2630.0,141400.0,2390.9,2528.0,2569.0,2538.4,2218.5333333333333,1861.0,False,False,False,False,False,False,False,True,False,False,True,0.0,0.0076045627376425,,,0.034828897338403,0.1564512040557668,-0.0494296577946768,-0.0190114068441064,0.0047478814832622,0.0206305955624756,2210.0,1840.0,2.909465020576132,-0.0003151591553733,0.0017327299435555,0.0004604418697356
1996-01-19,2630.0,2750.0,2590.0,2750.0,322200.0,2500.0,2578.0,2581.0,2546.4,2229.4666666666667,1864.85,False,False,False,False,False,False,True,True,True,False,False,-0.0436363636363636,-0.0436363636363636,,,0.0740363636363636,0.1892848484848484,-0.0618181818181818,-0.0581818181818181,0.0049040129178877,0.0201472297559085,2180.0,1840.0,2.278642149929279,0.0031416902293433,0.0034568493847167,0.0001561314346255
1996-01-22,2720.0,2720.0,2660.0,2700.0,229700.0,2454.6,2620.0,2590.0,2552.0,2240.0,1868.6,False,False,False,False,False,False,True,True,False,True,False,-0.0185185185185185,-0.0444444444444444,,,0.0548148148148148,0.1703703703703703,-0.0444444444444444,-0.0481481481481481,0.0047023809523809,0.0158301158301158,2210.0,1870.0,0.712911235257604,0.0021943573667711,-0.0009473328625722,-0.0002016319655067
1996-01-23,2690.0,2720.0,2650.0,2680.0,228000.0,2436.4,2662.0,2597.0,2559.2,2250.266666666667,1872.5,False,False,False,False,False,False,True,True,False,False,False,-0.0261194029850746,-0.0335820895522388,,,0.0450746268656717,0.1603482587064675,-0.0522388059701492,-0.0634328358208955,0.0045624222314393,0.0061609549480169,2200.0,1850.0,0.9925990422289944,0.0028133791809939,0.0006190218142228,-0.0001399587209416
1996-01-24,2620.0,2680.0,2620.0,2660.0,135700.0,2418.2,2684.0,2602.0,2564.0,2261.0666666666666,1876.05,False,False,False,False,False,False,True,True,False,True,False,-0.0150375939849624,-0.0037593984962406,,,0.0360902255639097,0.1499749373433584,-0.056390977443609,-0.0225563909774436,0.0047765066635215,-0.001152959262106,2160.0,1800.0,0.5951754385964912,0.0018720748829953,-0.0009413042979985,0.0002140844320821
1996-01-25,2680.0,2700.0,2630.0,2630.0,107000.0,2390.9,2684.0,2606.0,2571.6,2271.0666666666666,1879.4,False,False,False,False,False,False,True,True,False,False,False,0.0076045627376425,-0.0038022813688212,,,0.0222053231939163,0.1364765525982256,0.0038022813688212,-0.0038022813688212,0.0044032172840955,-0.0046047582501918,2120.0,1850.0,0.7885040530582167,0.0029553585316534,0.001083283648658,-0.0003732893794259
1996-01-26,2690.0,2700.0,2630.0,2630.0,107300.0,2390.9,2660.0,2619.0,2577.6,2280.4,1883.05,False,False,False,False,False,False,True,True,False,True,False,0.0,-0.0190114068441064,,,0.0199239543726236,0.1329277566539923,-0.0228136882129277,-0.0114068441064638,0.0040928492077413,-0.0103092783505154,2230.0,1830.0,1.002803738317757,0.0023277467411545,-0.0006276117904988,-0.0003103680763541
1996-01-29,2670.0,2670.0,2610.0,2650.0,52300.0,2409.1,2650.0,2635.0,2586.4,2289.733333333333,1887.05,False,False,False,False,False,False,True,True,False,False,False,-0.0264150943396226,-0.0188679245283018,,,0.0239999999999999,0.1359496855345912,-0.0415094339622641,-0.0150943396226415,0.0040761660746519,-0.0166982922201138,2400.0,1830.0,0.4874184529356943,0.0034024126198577,0.0010746658787032,-1.6683133089459568e-05
1996-01-30,2650.0,2670.0,2600.0,2610.0,43900.0,2372.7,2636.0,2649.0,2592.4,2298.5333333333333,1890.8,False,False,False,False,False,False,True,True,False,True,False,-0.0076628352490421,0.0,,,0.006743295019157,0.1193358876117497,-0.0268199233716475,-0.003831417624521,0.0038285283369105,-0.0222725556813892,2370.0,1900.0,0.8393881453154876,0.002314457645425,-0.0010879549744326,-0.0002476377377413
1996-01-31,2610.0,2650.0,2600.0,2620.0,25700.0,2381.8,2628.0,2656.0,2596.8,2307.866666666667,1894.65,False,False,False,False,False,False,True,True,False,True,False,0.0114503816793893,-0.0076335877862595,,,0.008854961832061,0.1191348600508905,-0.0419847328244274,-0.0229007633587786,0.0040441388872841,-0.0271084337349397,2450.0,1900.0,0.5854214123006833,0.001694393099199,-0.000620064546226,0.0002156105503735
1996-02-01,2660.0,2680.0,2610.0,2650.0,66300.0,2409.1,2632.0,2658.0,2599.6,2317.866666666667,1898.75,False,False,False,False,False,False,True,True,False,True,False,-0.0113207547169811,-0.0377358490566037,,,0.0190188679245283,0.1253333333333333,-0.0490566037735849,-0.030188679245283,0.0043143120110446,-0.028216704288939,2560.0,1890.0,2.5797665369649807,0.0010770887828895,-0.0006173043163094,0.0002701731237605
1996-02-02,2650.0,2650.0,2600.0,2630.0,40600.0,2390.9,2632.0,2646.0,2602.8,2328.266666666667,1902.85,False,False,False,False,False,False,True,True,False,False,False,-0.0190114068441064,-0.0342205323193916,,,0.0103422053231938,0.1147275031685677,-0.0494296577946768,-0.0114068441064638,0.004466842286107,-0.0234315948601662,2530.0,1910.0,0.6123680241327301,0.0012294452128478,0.0001523564299582,0.0001525302750623
1996-02-05,2590.0,2630.0,2580.0,2580.0,29000.0,2345.5,2618.0,2634.0,2604.0,2338.0,1906.65,False,False,False,False,False,False,True,True,False,True,False,0.0077519379844961,-0.0155038759689922,,,-0.0093023255813953,0.0937984496124031,-0.0193798449612403,0.003875968992248,0.004163102366695,-0.0182232346241457,2620.0,1920.0,0.7142857142857143,0.0004608294930874,-0.0007686157197603,-0.0003037399194119
1996-02-06,2580.0,2620.0,2560.0,2590.0,24300.0,2354.6,2614.0,2625.0,2606.8,2347.6,1910.8,False,False,False,False,False,False,True,True,True,False,False,0.0077220077220077,-0.0386100386100386,,,-0.0064864864864865,0.0935907335907336,-0.0463320463320463,0.0038610038610038,0.0040892826716646,-0.0114285714285714,2630.0,1900.0,0.8379310344827586,0.0010741138560688,0.0006132843629813,-7.381969503045e-05
1996-02-07,2630.0,2660.0,2590.0,2650.0,165400.0,2409.1,2620.0,2624.0,2610.0,2358.133333333333,1914.9,False,False,False,False,False,False,True,True,False,False,False,-0.0188679245283018,-0.0679245283018867,,,0.0150943396226415,0.1101383647798742,-0.0452830188679245,-0.0264150943396226,0.0044668099061404,-0.0118140243902439,2680.0,1920.0,6.806584362139918,0.0012260536398466,0.0001519397837778,0.0003775272344757
1996-02-08,2650.0,2650.0,2600.0,2620.0,117700.0,2381.8,2614.0,2623.0,2613.6,2368.5333333333333,1918.95,False,False,False,False,False,False,True,True,False,False,False,-0.0267175572519083,-0.0458015267175572,,,0.002442748091603,0.0959796437659033,-0.0305343511450381,-0.0076335877862595,0.0043909029497861,-0.0121997712542889,2650.0,1910.0,0.711608222490931,0.0013774104683195,0.0001513568284728,-7.59069563543149e-05
1996-02-09,2600.0,2650.0,2540.0,2580.0,33100.0,2345.5,2604.0,2618.0,2611.6,2378.4,1922.7,False,False,False,False,False,False,False,True,False,True,False,-0.0155038759689922,0.0,,,-0.0122480620155038,0.0781395348837209,-0.0116279069767441,0.0077519379844961,0.0041484471353291,-0.0103132161955691,2550.0,1920.0,0.2812234494477485,-0.0007658140603461,-0.0021432245286656,-0.0002424558144569
1996-02-13,2600.0,2640.0,2600.0,2600.0,221200.0,2363.6,2608.0,2613.0,2611.2,2388.133333333333,1926.5,False,False,False,False,False,False,False,True,False,False,False,-0.023076923076923,-0.0076923076923076,,,-0.0043076923076922,0.0814871794871795,-0.023076923076923,0.0,0.0040757076656802,-0.0088021431305013,2560.0,1950.0,6.682779456193353,-0.0001531862745098,0.0006126277858363,-7.273946964890358e-05
1996-02-14,2600.0,2650.0,2580.0,2610.0,251500.0,2372.7,2612.0,2613.0,2611.2,2398.266666666667,1930.3,False,False,False,False,False,False,False,True,False,False,False,-0.0459770114942528,-0.0268199233716475,,,-0.0004597701149424,0.0811238825031927,-0.0114942528735632,0.0153256704980842,0.004225273808862,-0.0068886337543053,2500.0,2100.0,1.1369801084990958,0.0,0.0001531862745098,0.0001495661431818
1996-02-15,2620.0,2630.0,2580.0,2600.0,42500.0,2363.6,2602.0,2611.0,2610.8,2408.9333333333334,1933.9,False,False,False,False,False,False,False,True,False,True,False,-0.05,-0.0346153846153846,,,-0.0041538461538462,0.0734871794871794,0.0038461538461538,0.0192307692307692,0.0044279625837161,-0.002680965147453,2540.0,2240.0,0.1689860834990059,-0.0001532097441395,-0.0001532097441395,0.000202688774854
1996-02-16,2560.0,2600.0,2510.0,2550.0,43600.0,2318.2,2588.0,2601.0,2609.2,2418.266666666667,1937.45,False,False,False,False,False,False,False,True,False,True,False,-0.0196078431372549,0.0352941176470588,,,-0.0232156862745097,0.0516601307189541,0.0274509803921568,0.0549019607843137,0.0038595137012737,0.0057670126874279,2440.0,2210.0,1.0258823529411765,-0.0006132147784763,-0.0004600050343367,-0.0005684488824424
1996-02-19,2510.0,2570.0,2500.0,2540.0,30300.0,2309.1,2580.0,2592.0,2610.8,2427.733333333333,1940.9,False,False,False,False,False,False,True,True,False,False,False,0.0157480314960629,0.0118110236220472,,,-0.0278740157480315,0.0441994750656168,-0.1023622047244094,0.0669291338582677,0.0038993848857643,0.013503086419753,2480.0,2180.0,0.694954128440367,0.000612838976559,0.0012260537550353,3.987118449062278e-05
1996-02-20,2500.0,2550.0,2500.0,2540.0,17700.0,2309.1,2568.0,2588.0,2612.8,2437.2,1944.55,False,False,False,False,False,False,True,True,False,False,False,0.0157480314960629,0.0,,,-0.0286614173228347,0.0404724409448819,-0.0984251968503937,0.0629921259842519,0.0038842387439137,0.0193199381761978,2430.0,2210.0,0.5841584158415841,0.0007654623392529,0.0001526233626938,-1.5146141850531055e-05
1996-02-21,2510.0,2540.0,2480.0,2490.0,55700.0,2263.6,2544.0,2578.0,2613.6,2445.0666666666666,1947.95,False,False,False,False,False,False,True,True,False,True,False,0.0200803212851405,0.0200803212851405,,,-0.0496385542168674,0.018045515394913,-0.0682730923694779,0.0963855421686747,0.0032173628530919,0.0283165244375484,2460.0,2200.0,3.146892655367232,0.000306091215182,-0.0004593711240708,-0.0006668758908218
1996-02-22,2490.0,2500.0,2460.0,2470.0,47600.0,2245.5,2518.0,2560.0,2610.4,2452.6666666666665,1951.25,False,False,False,False,False,False,False,True,False,True,False,0.0161943319838056,0.0161943319838056,,,-0.0568421052631579,0.0070175438596491,-0.048582995951417,0.117408906882591,0.0030986681163359,0.042578125,2510.0,2160.0,0.8545780969479354,-0.0012258657676983,-0.0015319569828803,-0.000118694736756
1996-02-23,2470.0,2500.0,2470.0,2500.0,46900.0,2272.7,2508.0,2548.0,2605.2,2460.8,1954.25,False,False,False,False,False,False,False,True,False,True,False,0.056,0.008,,,-0.0420799999999999,0.0156799999999999,-0.04,0.104,0.003305158214131,0.053767660910518,2580.0,2120.0,0.9852941176470588,-0.001996007984032,-0.0007701422163336,0.0002064900977951
1996-02-26,2500.0,2580.0,2480.0,2580.0,65400.0,2345.5,2516.0,2548.0,2598.4,2469.733333333333,1958.0,False,False,False,False,False,False,False,True,False,True,False,-0.003875968992248,-0.0310077519379844,,,-0.0071317829457364,0.0427390180878553,-0.0620155038759689,0.0891472868217054,0.0036171246558331,0.0620094191522762,2550.0,2230.0,1.394456289978678,-0.0026169950738915,-0.0006209870898594,0.000311966441702
1996-02-27,2570.0,2580.0,2540.0,2580.0,32300.0,2345.5,2524.0,2546.0,2593.6,2478.5333333333333,1961.7,False,False,False,False,False,False,False,True,False,False,False,-0.0155038759689922,-0.0193798449612403,,,-0.0052713178294573,0.039328165374677,-0.0542635658914728,0.0813953488372093,0.0035504868470601,0.0703063629222309,2550.0,2400.0,0.4938837920489297,-0.0018507094386182,0.0007662856352733,-6.663780877296617e-05
1996-02-28,2580.0,2600.0,2540.0,2540.0,40000.0,2309.1,2534.0,2539.0,2588.0,2487.0666666666666,1965.35,False,False,False,False,False,False,False,True,False,True,False,0.0,-0.0275590551181102,,,-0.0188976377952755,0.0208398950131233,-0.0354330708661417,0.0905511811023622,0.0034310834718275,0.0779834580543521,2520.0,2370.0,1.238390092879257,-0.0021638330757341,-0.0003131236371159,-0.0001194033752325
1996-02-29,2560.0,2560.0,2510.0,2510.0,18000.0,2281.8,2542.0,2530.0,2582.0,2494.9333333333334,1969.05,False,False,False,False,False,False,False,True,False,True,False,0.0,0.0079681274900398,,,-0.0286852589641434,0.0060026560424966,-0.0159362549800796,0.095617529880478,0.0031530568619068,0.0857707509881423,2570.0,2450.0,0.45,-0.0023237800154918,-0.0001599469397577,-0.0002780266099207
1996-03-01,2520.0,2640.0,2500.0,2640.0,125300.0,2400.0,2570.0,2539.0,2582.4,2504.6666666666665,1973.35,False,False,False,False,True,False,True,True,False,False,True,-0.0454545454545454,-0.0378787878787878,,,0.0218181818181817,0.0512626262626263,-0.0681818181818181,0.0303030303030303,0.0038860793186051,0.0831035840882237,2530.0,2560.0,6.961111111111111,0.0001548946716233,0.0024786746871151,0.0007330224566983
1996-03-04,2610.0,2610.0,2550.0,2570.0,43800.0,2336.4,2568.0,2542.0,2580.0,2513.333333333333,1977.55,False,False,False,False,False,False,False,True,False,True,False,-0.0272373540856031,-0.0077821011673151,,,-0.0038910505836575,0.0220492866407264,-0.0428015564202334,0.0700389105058365,0.0034482758620689,0.083398898505114,2630.0,2530.0,0.349561053471668,-0.0009302325581395,-0.0010851272297629,-0.0004378034565362
1996-03-05,2570.0,2570.0,2530.0,2540.0,17800.0,2309.1,2560.0,2542.0,2575.6,2521.2,1981.7,False,False,False,False,False,False,False,True,False,True,False,-0.0039370078740157,0.0,,,-0.014015748031496,0.0074015748031496,-0.0275590551181102,0.0787401574803149,0.003120207308689,0.084972462627852,2610.0,2620.0,0.4063926940639269,-0.0017083398043174,-0.0007781072461779,-0.0003280685533798
1996-03-06,2540.0,2570.0,2540.0,2540.0,25800.0,2309.1,2560.0,2547.0,2572.8,2527.0666666666666,1986.0,False,False,False,False,False,False,False,True,False,False,False,-0.0275590551181102,0.0157480314960629,,,-0.0129133858267717,0.0050918635170603,-0.0354330708661417,0.0748031496062992,0.0023215322112594,0.082842559874362,2610.0,2630.0,1.449438202247191,-0.0010883084577113,0.0006200313466061,-0.0007986750974295
1996-03-07,2530.0,2540.0,2500.0,2510.0,31700.0,2281.8,2560.0,2551.0,2568.4,2530.6666666666665,1990.45,False,False,False,False,False,False,False,True,False,True,False,0.0079681274900398,0.0398406374501992,,,-0.0232669322709163,-0.0082337317397077,-0.0239043824701195,0.095617529880478,0.001422550052687,0.0807526460211681,2610.0,2680.0,1.2286821705426356,-0.0017131287961377,-0.0006248203384263,-0.0008989821585724
1996-03-08,2500.0,2540.0,2490.0,2520.0,49600.0,2290.9,2536.0,2553.0,2563.2,2534.8,1995.1,False,False,False,False,False,False,False,True,False,True,False,0.0079365079365079,0.0396825396825396,,,-0.017142857142857,-0.0058730158730159,-0.0357142857142857,0.0912698412698412,0.0016306348955868,0.0795142969056012,2590.0,2650.0,1.5646687697160884,-0.0020287141073658,-0.0003155853112281,0.0002080848428998
1996-03-11,2500.0,2520.0,2480.0,2500.0,21800.0,2272.7,2522.0,2545.0,2558.0,2539.0666666666666,1999.7,False,False,False,False,False,False,False,True,False,True,False,0.02,-0.088,,,-0.0232,-0.0156266666666666,-0.036,0.104,0.0016804074988183,0.080943025540275,2500.0,2550.0,0.439516129032258,-0.0020328381548083,-4.124047442473876e-06,4.977260323147108e-05
1996-03-12,2510.0,2530.0,2490.0,2530.0,21400.0,2300.0,2520.0,2540.0,2556.0,2543.333333333333,2004.55,False,False,False,False,False,False,False,True,False,False,False,0.0039525691699604,-0.0948616600790513,,,-0.0102766798418972,-0.0052700922266138,-0.0434782608695652,0.0988142292490118,0.0016775884665791,0.0826771653543307,2490.0,2560.0,0.981651376146789,-0.0007824726134585,0.0012503655413498,-2.8190322391707934e-06
1996-03-13,2540.0,2550.0,2470.0,2470.0,30800.0,2245.5,2506.0,2533.0,2551.2,2546.9333333333334,2009.35,False,False,False,False,False,False,False,True,False,True,False,0.0445344129554655,-0.0607287449392712,,,-0.0328744939271254,-0.0311470985155195,-0.0121457489878542,0.1255060728744939,0.001413464558685,0.0860639557836557,2470.0,2500.0,1.439252336448598,-0.0018814675446849,-0.0010989949312263,-0.000264123907894
1996-03-14,2510.0,2530.0,2450.0,2530.0,29600.0,2300.0,2510.0,2535.0,2546.4,2551.866666666667,2014.55,False,False,True,False,False,False,False,True,False,True,False,0.0316205533596837,-0.0711462450592885,,,-0.0064822134387352,-0.0086429512516469,-0.0355731225296442,0.0948616600790513,0.0019332253513767,0.0859960552268244,2550.0,2540.0,0.961038961038961,-0.0018850141376059,-3.546592920999296e-06,0.0005197607926916
1996-03-15,2570.0,2570.0,2490.0,2540.0,24400.0,2309.1,2514.0,2525.0,2543.2,2557.4666666666667,2019.6,False,False,False,False,False,False,False,True,False,False,False,0.0314960629921259,-0.0551181102362204,,,-0.0012598425196849,-0.0068766404199475,-0.0354330708661417,0.0708661417322834,0.002189666857828,0.0902970297029703,2630.0,2440.0,0.8243243243243243,-0.0012582573136207,0.0006267568239851,0.0002564415064512
1996-03-18,2540.0,2550.0,2500.0,2550.0,18700.0,2318.2,2524.0,2523.0,2542.0,2561.733333333333,2024.55,False,False,False,False,True,False,False,True,False,False,False,-0.1058823529411764,-0.0509803921568627,,,0.0031372549019607,-0.0046013071895424,-0.0274509803921568,0.0588235294117647,0.001665538957997,0.089179548156956,2750.0,2480.0,0.7663934426229508,-0.0004720692368213,0.0007861880767994,-0.0005241278998309
1996-03-19,2540.0,2600.0,2510.0,2540.0,32700.0,2309.1,2526.0,2523.0,2539.6,2563.6,2029.75,False,False,False,False,False,False,False,True,False,True,False,-0.0984251968503937,-0.0393700787401574,,,0.0001574803149606,-0.0092913385826771,0.0196850393700787,0.0551181102362204,0.0007281427159723,0.0868014268727705,2700.0,2430.0,1.7486631016042782,-0.0009450307134982,-0.0004729614766768,-0.0009373962420247
1996-03-21,2520.0,2580.0,2510.0,2580.0,77400.0,2345.5,2548.0,2527.0,2538.4,2566.4,2035.2,False,False,False,False,False,False,False,True,False,False,False,-0.1007751937984496,-0.0503875968992248,,,0.0161240310077519,0.0052713178294573,0.0426356589147286,0.0348837209302325,0.0010910224438903,0.0827067669172932,2680.0,2460.0,2.36697247706422,-0.0004727387330601,0.0004722919804381,0.0003628797279179
1996-03-22,2620.0,2620.0,2590.0,2610.0,123700.0,2372.7,2564.0,2537.0,2538.8,2568.5333333333333,2040.75,False,False,False,False,False,False,True,True,False,False,False,-0.0996168582375478,-0.053639846743295,,,0.0272796934865899,0.0158876117496807,0.0498084291187739,0.0114942528735632,0.0008305647840531,0.074103271580607,2660.0,2510.0,1.5981912144702843,0.0001575547502757,0.0006302934833358,-0.0002604576598372
1996-03-25,2610.0,2620.0,2580.0,2620.0,73000.0,2381.8,2580.0,2547.0,2541.6,2569.333333333333,2046.45,False,False,False,False,False,False,True,True,True,False,False,-0.0839694656488549,-0.0610687022900763,,,0.0299236641221374,0.0193384223918576,0.0190839694656488,0.0,0.0003113648157757,0.0647820965842167,2630.0,2580.0,0.5901374292643492,0.0011016682404783,0.0009441134902025,-0.0005191999682773
1996-03-26,2340.0,2380.0,2280.0,2280.0,65000.0,2280.0,2526.0,2525.0,2531.2,2566.0,2050.7,False,False,False,False,False,True,False,False,False,True,False,0.0614035087719298,0.0789473684210526,,,-0.1101754385964911,-0.125438596491228,0.1491228070175438,0.1447368421052631,-0.0012990387113534,0.0681188118811881,2630.0,2550.0,0.8904109589041096,-0.0041087231352718,-0.0052103913757501,-0.0016104035271291
1996-03-27,2310.0,2330.0,2290.0,2290.0,71000.0,2290.0,2476.0,2501.0,2521.2,2561.6,2055.25,False,False,False,False,False,False,False,False,False,False,False,0.0655021834061135,0.0786026200873362,,,-0.1009606986899562,-0.1186026200873362,0.1441048034934497,0.1441048034934497,-0.0017176764522173,0.0719712115153938,2650.0,2550.0,1.0923076923076922,-0.0039663652229097,0.0001423579123621,-0.0004186377408639
1996-03-28,2320.0,2340.0,2310.0,2320.0,28400.0,2320.0,2424.0,2486.0,2514.4,2557.4666666666667,2060.1,False,False,False,False,False,False,False,False,False,False,False,0.0560344827586206,0.0560344827586206,,,-0.0837931034482759,-0.1023563218390804,0.125,0.125,-0.0016161826807778,0.0716009654062751,2610.0,2520.0,0.4,-0.0027044225262486,0.001261942696661,0.0001014937714395
1996-03-29,2340.0,2360.0,2320.0,2350.0,39800.0,2350.0,2372.0,2468.0,2509.6,2553.0666666666666,2065.4,False,False,False,False,False,False,False,False,False,False,False,0.051063829787234,0.0425531914893617,,,-0.0679148936170212,-0.0864113475177304,0.1148936170212766,0.1106382978723404,-0.0017234175893044,0.072933549432739,2620.0,2570.0,1.4014084507042253,-0.0019126554032515,0.0007917671229971,-0.0001072349085265
1996-04-01,2360.0,2420.0,2350.0,2400.0,42100.0,2400.0,2328.0,2454.0,2505.6,2549.733333333333,2071.55,False,False,False,False,False,False,False,False,False,False,False,0.025,0.0125,,,-0.0439999999999999,-0.0623888888888888,0.075,0.0958333333333333,-0.0013073262563405,0.0753871230643846,2650.0,2530.0,1.0577889447236182,-0.0015964240102171,0.0003162313930344,0.0004160913329638
1996-04-02,2400.0,2420.0,2380.0,2420.0,47200.0,2420.0,2356.0,2441.0,2499.2,2548.0,2077.6,False,False,False,False,False,False,False,False,False,True,False,0.0165289256198347,-0.0041322314049586,,,-0.0327272727272726,-0.052892561983471,0.0702479338842975,0.0991735537190082,-0.0006802721088434,0.0794756247439573,2630.0,2630.0,1.121140142517815,-0.0025608194622279,-0.0009643954520108,0.0006270541474971
1996-04-03,2430.0,2450.0,2410.0,2440.0,78800.0,2440.0,2386.0,2431.0,2493.6,2546.4,2083.5,False,False,False,False,False,False,False,False,False,False,False,0.0122950819672131,-0.0081967213114754,,,-0.021967213114754,-0.0436065573770492,0.0532786885245901,0.0901639344262295,-0.0006283380458686,0.0830933772110242,2580.0,2610.0,1.6694915254237288,-0.0022457491177413,0.0003150703444865,5.193406297481244e-05
1996-04-04,2410.0,2450.0,2410.0,2450.0,67700.0,2450.0,2412.0,2418.0,2490.0,2545.733333333333,2089.2,False,False,False,False,False,False,False,False,False,False,False,0.0,-0.0040816326530612,,,-0.0163265306122449,-0.0390748299319727,0.0244897959183673,0.0816326530612244,-0.0002618760802389,0.0880893300248139,2590.0,2610.0,0.8591370558375635,-0.00144578313253,0.0007999659852112,0.0003664619656296
1996-04-05,2430.0,2470.0,2430.0,2470.0,31700.0,2470.0,2436.0,2404.0,2488.4,2544.8,2095.1,False,False,False,False,False,False,False,False,False,False,False,-0.0080971659919028,-0.0121457489878542,,,-0.0074493927125506,-0.0302834008097166,0.0526315789473684,0.0728744939271255,-0.0003667609766319,0.0948419301164725,2650.0,2610.0,0.4682422451994091,-0.0006429834431763,0.0008027996893537,-0.0001048848963929
1996-04-08,2490.0,2490.0,2440.0,2460.0,54500.0,2460.0,2448.0,2388.0,2481.2,2545.0666666666666,2100.85,False,False,False,False,False,False,False,True,False,True,False,-0.0121951219512195,-0.0040650406504065,,,-0.0086178861788617,-0.0345799457994579,0.065040650406504,0.0772357723577235,0.0001047778709135,0.1034338358458961,2620.0,2590.0,1.719242902208202,-0.0029018216991779,-0.0022588382560016,0.0004715388475454
1996-04-09,2440.0,2490.0,2410.0,2460.0,79800.0,2460.0,2456.0,2406.0,2476.8,2544.8,2106.5,False,False,False,False,False,False,False,False,False,False,True,-0.0203252032520325,0.008130081300813,,,-0.006829268292683,-0.0344715447154472,0.056910569105691,0.0934959349593495,-0.0001047888504662,0.098503740648379,2580.0,2500.0,1.4642201834862385,-0.0017764857881135,0.0011253359110643,-0.0002095667213797
1996-04-10,2460.0,2490.0,2460.0,2470.0,93300.0,2470.0,2462.0,2424.0,2474.0,2545.333333333333,2112.35,False,False,False,False,False,False,False,True,False,False,False,-0.020242914979757,0.048582995951417,,,-0.0016194331983805,-0.0304993252361672,0.0566801619433198,0.097165991902834,0.000209533787323,0.094059405940594,2600.0,2490.0,1.169172932330827,-0.0011317704122878,0.0006447153758256,0.0003143226377892
1996-04-11,2480.0,2490.0,2450.0,2450.0,31700.0,2450.0,2462.0,2437.0,2470.4,2545.2,2118.0,False,False,False,False,False,False,False,False,False,True,False,-0.0040816326530612,0.0979591836734693,,,-0.0083265306122449,-0.0388571428571427,0.0612244897959183,0.1061224489795918,-5.238619100000474e-05,0.0923266311038161,2610.0,2470.0,0.3397642015005359,-0.0014572538860103,-0.0003254834737224,-0.000261919978323
1996-04-12,2450.0,2470.0,2440.0,2450.0,30600.0,2450.0,2458.0,2447.0,2468.0,2544.4,2123.4,False,False,False,False,False,False,False,False,False,False,False,-0.0040816326530612,0.1183673469387755,,,-0.0073469387755102,-0.0385306122448979,0.0448979591836734,0.0979591836734693,-0.0003144159723312,0.0911319983653453,2600.0,2550.0,0.9652996845425869,-0.0009724473257698,0.0004848065602404,-0.0002620297813312
1996-04-15,2470.0,2470.0,2430.0,2430.0,38000.0,2430.0,2452.0,2450.0,2464.4,2542.4,2128.9,False,False,False,False,False,False,False,False,False,True,False,0.0082304526748971,0.0987654320987654,,,-0.014156378600823,-0.0462551440329218,0.0576131687242798,0.102880658436214,-0.000786658275645,0.0918367346938775,2550.0,2630.0,1.2418300653594772,-0.0014608018178866,-0.0004883544921167,-0.0004722423033137
1996-04-16,2430.0,2430.0,2400.0,2410.0,36100.0,2410.0,2442.0,2449.0,2460.8,2540.5333333333333,2134.45,False,False,False,False,False,False,False,False,False,True,False,0.0290456431535269,0.0871369294605809,,,-0.0210788381742739,-0.0541632088520055,0.0788381742738589,0.1120331950207468,-0.0007347538574577,0.0930992241731318,2540.0,2750.0,0.95,-0.0014629388816644,-2.1370637777926547e-06,5.190441818726029e-05
1996-04-17,2440.0,2450.0,2400.0,2420.0,77600.0,2420.0,2432.0,2447.0,2456.4,2538.8,2140.1,False,False,False,False,False,False,False,False,False,True,False,0.0702479338842975,0.0826446280991735,,,-0.0150413223140496,-0.0490909090909091,0.0702479338842975,0.1033057851239669,-0.0006827372511947,0.0944013077237433,2540.0,2700.0,2.149584487534626,-0.0017912392118547,-0.0003283003301903,5.2016606263092895e-05
1996-04-18,2420.0,2470.0,2410.0,2440.0,97700.0,2440.0,2430.0,2446.0,2455.2,2537.733333333333,2145.8,False,False,False,False,False,False,False,False,False,False,False,0.1024590163934426,0.0696721311475409,,,-0.0062295081967212,-0.040054644808743,0.0655737704918032,0.0983606557377049,-0.0004203225975938,0.0960752248569092,2490.0,2680.0,1.259020618556701,-0.0004887585532747,0.0013024806585799,0.0002624146536008
1996-04-19,2450.0,2480.0,2440.0,2440.0,62300.0,2440.0,2428.0,2443.0,2451.6,2536.0,2151.55,False,False,False,False,False,False,False,False,False,True,False,0.1229508196721311,0.0737704918032786,,,-0.0047540983606557,-0.0393442622950819,0.0573770491803278,0.0983606557377049,-0.0006834910620398,0.0986492018010642,2470.0,2660.0,0.6376663254861822,-0.001468428781204,-0.0009796702279292,-0.000263168464446
1996-04-22,2460.0,2460.0,2440.0,2450.0,42800.0,2450.0,2432.0,2442.0,2448.0,2534.9333333333334,2157.35,False,False,False,False,True,False,False,False,False,True,False,0.0897959183673469,0.0530612244897959,,,0.0008163265306122,-0.0346666666666666,0.0612244897959183,0.0979591836734693,-0.0004207868714495,0.1007371007371007,2500.0,2630.0,0.6869983948635634,-0.001470588235294,-2.1594540900058898e-06,0.0002627041905902
1996-04-23,2470.0,2510.0,2460.0,2480.0,218800.0,2480.0,2446.0,2444.0,2445.2,2532.9333333333334,2163.25,False,False,False,False,False,False,False,False,False,False,False,0.0564516129032258,0.0443548387096774,,,0.0140322580645162,-0.0213440860215054,0.0483870967741935,0.0887096774193548,-0.0007895983576354,0.1002454991816693,2580.0,2630.0,5.11214953271028,-0.0011451006052675,0.0003254876300265,-0.0003688114861858
1996-04-24,2500.0,2590.0,2500.0,2590.0,729300.0,2590.0,2480.0,2456.0,2447.2,2532.6666666666665,2169.7,False,False,False,False,False,False,True,False,False,False,True,0.0115830115830115,-0.0077220077220077,,,0.0551351351351352,0.0221364221364221,0.0038610038610038,0.0501930501930501,-0.0001052908660174,0.0952768729641693,2580.0,2650.0,3.333180987202925,0.000817260542661,0.0019623611479285,0.0006843074916179
1996-04-25,2630.0,2740.0,2600.0,2690.0,690400.0,2690.0,2530.0,2480.0,2451.6,2533.733333333333,2176.4,False,False,False,False,False,False,True,True,True,False,False,-0.0297397769516728,-0.0669144981412639,,,0.0886245353159851,0.058091697645601,-0.0148698884758364,0.0223048327137546,0.0004209861600799,0.0862903225806451,2540.0,2610.0,0.9466611819552996,0.0017947462881383,0.0009774857454773,0.0005262770260974
1996-04-26,2730.0,2740.0,2660.0,2740.0,385100.0,2740.0,2590.0,2509.0,2456.8,2535.4666666666667,2182.95,False,False,False,False,False,False,True,True,False,False,False,-0.0437956204379562,-0.0510948905109489,,,0.1033576642335765,0.074647201946472,-0.0328467153284671,0.0474452554744525,0.0006836348338242,0.0809087285771223,2510.0,2620.0,0.55779258400927,0.0021165744057311,0.0003218281175927,0.0002626486737442
1996-04-30,2700.0,2700.0,2640.0,2670.0,146000.0,2670.0,2634.0,2533.0,2458.8,2536.5333333333333,2189.05,False,False,False,False,False,False,True,True,False,True,False,-0.0337078651685393,-0.0187265917602996,,,0.0791011235955055,0.0499875156054931,0.0074906367041198,0.0561797752808988,0.0004205214465937,0.0761942360836952,2640.0,2650.0,0.3791223058945728,0.0008134049129656,-0.0013031694927654,-0.0002631133872304
1996-05-01,2650.0,2660.0,2620.0,2620.0,89100.0,2620.0,2662.0,2554.0,2472.4,2538.133333333333,2194.85,False,False,False,False,False,False,True,True,True,False,False,-0.0114503816793893,-0.0076335877862595,,,0.0563358778625953,0.0312468193384224,0.0343511450381679,0.0725190839694656,0.000630384534566,0.0724353954581049,2570.0,2630.0,0.6102739726027397,0.0055007280375343,0.0046873231245686,0.0002098630879722
1996-05-02,2650.0,2650.0,2610.0,2620.0,92200.0,2620.0,2668.0,2574.0,2485.6,2539.866666666667,2200.25,False,False,False,False,False,False,True,True,False,True,False,-0.0190839694656488,-0.0038167938931297,,,0.0512977099236641,0.0305852417302798,0.0305343511450381,0.0801526717557251,0.0006824505223372,0.0703185703185703,2540.0,2580.0,1.0347923681257014,0.0053105889925972,-0.000190139044937,5.2065987771176495e-05
1996-05-07,2590.0,2610.0,2580.0,2610.0,71300.0,2610.0,2652.0,2591.0,2497.2,2541.733333333333,2205.5,False,False,False,False,False,False,True,True,False,True,False,-0.0383141762452107,-0.003831417624521,,,0.0432183908045977,0.0261558109833972,0.0459770114942528,0.0919540229885057,0.0007344069663745,0.0698571979930528,2540.0,2590.0,0.7733188720173536,0.0046452026269421,-0.0006653863656551,5.195644403729535e-05
1996-05-08,2630.0,2640.0,2600.0,2620.0,92700.0,2620.0,2628.0,2609.0,2508.0,2542.6666666666665,2211.1,False,False,False,False,False,False,True,True,False,True,False,-0.0076335877862595,-0.0229007633587786,,,0.0427480916030534,0.0295165394402036,0.0534351145038167,0.0839694656488549,0.0003670686942842,0.068608662322729,2510.0,2650.0,1.300140252454418,0.0043062200956938,-0.0003389825312482,-0.0003673382720902
1996-05-09,2630.0,2630.0,2570.0,2580.0,53600.0,2580.0,2610.0,2622.0,2515.2,2542.0,2216.7,False,False,False,False,False,False,True,False,False,True,False,0.0155038759689922,-0.003875968992248,,,0.0251162790697675,0.0147286821705426,0.0697674418604651,0.1162790697674418,-0.0002622606871229,0.070556826849733,2520.0,2620.0,0.5782092772384034,0.0028625954198472,-0.0014436246758465,-0.0006293293814071
1996-05-10,2580.0,2610.0,2560.0,2590.0,99300.0,2590.0,2604.0,2633.0,2522.0,2539.866666666667,2222.55,False,False,False,False,False,False,True,False,False,True,False,0.0038610038610038,0.0038610038610038,,,0.0262548262548262,0.0193564993564993,0.0849420849420849,0.1003861003861003,-0.0008399391044148,0.071781238131409,2500.0,2580.0,1.8526119402985075,0.0026962727993656,-0.0001663226204816,-0.0005776784172919
1996-05-13,2590.0,2610.0,2570.0,2570.0,38500.0,2570.0,2594.0,2631.0,2527.2,2538.133333333333,2228.3,False,False,False,False,False,False,True,False,False,True,False,0.0155642023346303,0.0077821011673151,,,0.0166536964980545,0.0123994811932555,0.0856031128404669,0.1011673151750972,-0.0006829165791133,0.0767768909160015,2530.0,2600.0,0.3877139979859013,0.0020576131687242,-0.0006386596306414,0.0001570225253015
1996-05-14,2560.0,2560.0,2510.0,2510.0,31100.0,2510.0,2574.0,2613.0,2529.6,2535.866666666667,2233.9,False,False,False,False,False,False,True,False,False,True,False,0.0358565737051792,0.0358565737051792,,,-0.007808764940239,-0.0103054448871182,0.1035856573705179,0.1354581673306772,-0.000893842999106,0.0880214313050134,2470.0,2610.0,0.8077922077922078,0.0009487666034155,-0.0011088465653086,-0.0002109264199927
1996-05-15,2590.0,2600.0,2580.0,2600.0,53800.0,2600.0,2570.0,2599.0,2534.8,2535.0666666666666,2239.75,False,False,False,False,False,False,True,False,True,False,False,-0.0153846153846153,-0.0076923076923076,,,0.025076923076923,0.024974358974359,0.0576923076923076,0.1269230769230769,-0.0003155735549361,0.0961908426317814,2530.0,2600.0,1.729903536977492,0.0020514439008995,0.0011026772974839,0.0005782694441698
1996-05-16,2600.0,2630.0,2580.0,2620.0,29500.0,2620.0,2578.0,2594.0,2541.2,2534.9333333333334,2245.6,False,True,False,False,False,False,True,False,False,False,False,-0.0190839694656488,-0.0076335877862595,,,0.0300763358778626,0.0324681933842238,0.0381679389312977,0.1145038167938931,-5.259835893115351e-05,0.1021588280647648,2540.0,2550.0,0.5483271375464684,0.0025184951991183,0.0004670512982187,0.000262975196005
1996-05-17,2580.0,2620.0,2580.0,2600.0,28200.0,2600.0,2580.0,2592.0,2546.8,2534.5333333333333,2251.55,False,False,False,False,False,False,True,False,False,True,False,0.0,0.0,,,0.0204615384615383,0.0251794871794871,0.0576923076923076,0.1115384615384615,-0.0001578199800095,0.1060956790123456,2550.0,2540.0,0.9559322033898304,0.0021988377571856,-0.0003196574419327,-0.0001052216210783
1996-05-20,2600.0,2630.0,2590.0,2610.0,26900.0,2610.0,2588.0,2591.0,2552.4,2534.0,2257.5,False,False,False,False,False,False,True,False,False,True,False,-0.0076628352490421,-0.003831417624521,,,0.0220689655172413,0.0291187739463601,0.0498084291187739,0.0766283524904214,-0.0002104709287029,0.1057506754148977,2540.0,2540.0,0.953900709219858,0.0021940134775113,-4.824279674304176e-06,-5.265094869345583e-05
1996-05-21,2600.0,2650.0,2600.0,2600.0,50900.0,2600.0,2606.0,2590.0,2558.4,2533.866666666667,2263.1,False,False,False,False,False,False,True,False,False,False,False,0.0,0.0192307692307692,,,0.0159999999999999,0.0254358974358973,0.05,0.0769230769230769,-5.2620500947121154e-05,0.1042471042471042,2580.0,2490.0,1.8921933085501856,0.0023452157598499,0.0001512022823385,0.0001578504277558
1996-05-22,2600.0,2650.0,2560.0,2560.0,64100.0,2560.0,2598.0,2584.0,2562.8,2533.0666666666666,2268.6,False,False,False,False,False,False,True,False,False,True,False,0.0078125,0.03515625,,,-0.00109375,0.0105208333333333,0.07421875,0.0859375,-0.0003158227181809,0.1044891640866873,2610.0,2470.0,1.2593320235756384,0.0017168721710629,-0.0006283435887869,-0.0002632022172338
1996-05-23,2560.0,2570.0,2550.0,2570.0,35600.0,2570.0,2588.0,2583.0,2568.4,2532.0,2274.15,False,False,False,False,False,False,True,False,False,False,False,0.0116731517509727,0.046692607003891,,,0.0006225680933851,0.0147859922178988,0.0700389105058365,0.0778210116731517,-0.0004212743549236,0.1006581494386372,2620.0,2500.0,0.5553822152886115,0.0021803457405388,0.0004634735694758,-0.0001054516367426
1996-05-24,2570.0,2630.0,2570.0,2600.0,109300.0,2600.0,2588.0,2584.0,2576.0,2531.6,2279.95,False,False,False,False,False,False,True,False,False,False,False,0.0,0.0423076923076923,,,0.0092307692307692,0.0263076923076923,0.0615384615384615,0.0769230769230769,-0.0001580028440512,0.098297213622291,2280.0,2580.0,3.070224719101124,0.0029503105590061,0.0007699648184673,0.0002632715108723
1996-05-27,2600.0,2630.0,2590.0,2590.0,24500.0,2590.0,2584.0,2586.0,2582.8,2531.733333333333,2285.55,False,False,False,False,False,False,True,True,False,True,False,0.0038610038610038,0.0424710424710424,,,0.0027799227799227,0.0224967824967825,0.0733590733590733,0.0733590733590733,5.266484095213243e-05,0.0955143078112915,2290.0,2580.0,0.2241537053979871,0.0026328016106551,-0.000317508948351,0.0002106676850033
1996-05-28,2580.0,2600.0,2580.0,2600.0,22300.0,2600.0,2584.0,2595.0,2589.2,2531.866666666667,2291.15,False,False,False,False,False,False,True,True,False,True,True,0.0192307692307692,0.05,,,0.0041538461538462,0.0262051282051281,0.0692307692307692,0.0807692307692307,5.266206751290226e-05,0.0901734104046242,2320.0,2540.0,0.9102040816326532,0.0024718059632317,-0.0001609956474234,-2.773439230166908e-09
1996-05-29,2600.0,2630.0,2580.0,2580.0,110300.0,2580.0,2588.0,2593.0,2594.8,2530.9333333333334,2296.65,False,False,False,False,False,False,True,False,False,True,False,0.0271317829457364,0.0697674418604651,,,-0.0057364341085272,0.0190180878552971,0.0736434108527131,0.1007751937984496,-0.0003687704140765,0.0875433860393366,2350.0,2510.0,4.946188340807175,0.0021581624788039,-0.0003136434844278,-0.0004214324815894
1996-05-30,2580.0,2630.0,2580.0,2600.0,106000.0,2600.0,2594.0,2591.0,2600.8,2530.6666666666665,2302.15,False,False,False,False,False,False,True,False,False,False,False,0.0346153846153846,0.0615384615384615,,,-0.0003076923076923,0.0266666666666667,0.0461538461538461,0.1038461538461538,-0.0001053740779769,0.0864531069085295,2400.0,2640.0,0.9610154125113328,0.0023069824669332,0.0001488199881293,0.0002633963360996
1996-05-31,2600.0,2620.0,2580.0,2600.0,40600.0,2600.0,2594.0,2591.0,2605.6,2530.9333333333334,2307.25,False,False,False,False,False,False,True,True,False,True,False,0.0423076923076923,0.0807692307692307,,,-0.0021538461538461,0.0265641025641025,0.0384615384615384,0.1038461538461538,0.0001053629754505,0.0856812041682748,2420.0,2570.0,0.3830188679245283,0.001842186060792,-0.0004647964061412,0.0002107370534274
1996-06-03,2610.0,2630.0,2600.0,2600.0,45800.0,2600.0,2596.0,2590.0,2606.0,2530.9333333333334,2312.4,False,False,False,False,False,False,True,False,False,True,False,0.0384615384615384,0.073076923076923,,,-0.0023076923076923,0.0265641025641025,0.0307692307692307,0.1038461538461538,0.0,0.0884169884169884,2440.0,2540.0,1.1280788177339902,0.000153491941673,-0.0016886941191189,-0.0001053629754505
1996-06-04,2620.0,2650.0,2610.0,2650.0,62800.0,2650.0,2606.0,2595.0,2604.4,2531.4666666666667,2317.65,False,False,False,False,True,False,False,True,False,True,False,0.030188679245283,0.0452830188679245,,,0.0172075471698112,0.0447295597484276,0.0075471698113207,0.0830188679245283,0.0002106815548298,0.0890173410404624,2450.0,2540.0,1.37117903930131,-0.000614344954692,-0.0007678368963651,0.0002106815548298
1996-06-05,2650.0,2660.0,2640.0,2650.0,81800.0,2650.0,2620.0,2604.0,2600.8,2532.133333333333,2322.7,False,False,False,False,False,False,False,True,False,True,False,0.0415094339622641,0.0377358490566037,,,0.0185660377358489,0.0444779874213836,-0.0037735849056603,0.0754716981132075,0.0002632826075508,0.0879416282642089,2470.0,2510.0,1.302547770700637,-0.0013841894801599,-0.0007698445254678,5.260105272102269e-05
1996-06-06,2660.0,2710.0,2650.0,2690.0,274100.0,2690.0,2638.0,2616.0,2601.6,2534.0,2327.8,False,False,False,False,False,False,True,True,False,False,False,0.0260223048327137,0.0111524163568773,,,0.0328624535315985,0.057992565055762,-0.0260223048327137,0.0483271375464684,0.0007366482504604,0.0848623853211009,2460.0,2520.0,3.3508557457212715,0.0003075030750306,0.0016916925551905,0.0004733656429095
1996-06-07,2690.0,2710.0,2680.0,2710.0,120000.0,2710.0,2660.0,2627.0,2605.2,2536.266666666667,2332.45,False,False,False,False,False,False,True,True,True,False,False,0.03690036900369,0.014760147601476,,,0.0386715867158672,0.0641082410824107,-0.03690036900369,0.051660516605166,0.0008937020292293,0.082223068138561,2460.0,2500.0,0.4377964246625319,0.0013818516812528,0.0010743486062221,0.0001570537787689
1996-06-10,2700.0,2710.0,2680.0,2700.0,64200.0,2700.0,2680.0,2638.0,2608.4,2538.4,2336.55,False,False,False,False,False,False,True,True,False,True,False,0.0333333333333333,0.0148148148148148,,,0.0339259259259258,0.0598518518518518,-0.0296296296296296,0.0592592592592592,0.0008404244143291,0.080742987111448,2470.0,2530.0,0.535,0.0012268057046466,-0.0001550459766062,-5.327761490020856e-05
1996-06-11,2700.0,2770.0,2690.0,2730.0,372400.0,2730.0,2696.0,2651.0,2613.2,2541.6,2341.15,False,False,False,False,False,False,True,True,False,False,False,0.0146520146520146,0.0,,,0.0427838827838828,0.069010989010989,-0.0439560439560439,0.0476190476190476,0.0012590494176895,0.0773293096944549,2450.0,2470.0,5.8006230529595015,0.0018368284096126,0.0006100227049659,0.0004186250033603
1996-06-12,2750.0,2780.0,2740.0,2760.0,292800.0,2760.0,2718.0,2669.0,2618.8,2545.4666666666667,2346.0,False,False,False,False,False,False,True,True,False,False,False,-0.0036231884057971,-0.0036231884057971,,,0.051159420289855,0.0777294685990338,-0.0543478260869565,0.0326086956521739,0.001519040385522,0.0704383664293743,2450.0,2530.0,0.7862513426423201,0.0021383839926685,0.0003015555830559,0.0002599909678324
1996-06-13,2770.0,2780.0,2750.0,2760.0,210200.0,2760.0,2732.0,2685.0,2626.0,2548.9333333333334,2350.8,False,False,False,False,False,False,True,True,False,False,False,-0.0144927536231884,-0.0036231884057971,,,0.0485507246376811,0.0764734299516908,-0.0471014492753623,0.0434782608695652,0.0013600460323272,0.0644320297951582,2430.0,2540.0,0.717896174863388,0.0027418126428026,0.0006034286501341,-0.0001589943531947
1996-06-14,2770.0,2810.0,2750.0,2810.0,350000.0,2810.0,2752.0,2706.0,2634.8,2552.0,2356.1,False,False,False,False,False,False,True,True,False,False,False,-0.0213523131672597,-0.0177935943060498,,,0.0623487544483985,0.091814946619217,-0.0533807829181494,0.0213523131672597,0.001201671891327,0.0561714708056171,2410.0,2550.0,1.665080875356803,0.0033399119477759,0.0005980993049733,-0.0001583741410002
1996-06-17,2810.0,2810.0,2790.0,2790.0,120100.0,2790.0,2770.0,2725.0,2643.6,2554.8,2361.45,False,False,False,False,False,False,True,True,False,True,False,-0.017921146953405,-0.003584229390681,,,0.0524731182795699,0.0843010752688171,-0.046594982078853,0.025089605734767,0.0010959762016596,0.048440366972477,2420.0,2540.0,0.3431428571428571,0.0033287940686941,-1.1117879081889472e-05,-0.0001056956896673
1996-06-18,2790.0,2790.0,2760.0,2770.0,32500.0,2770.0,2778.0,2737.0,2654.0,2557.866666666667,2366.65,False,False,False,False,False,False,True,True,False,False,False,-0.0144404332129963,0.003610108303249,,,0.0418772563176895,0.0765824308062574,-0.0433212996389891,0.0144404332129963,0.0011989157631359,0.04165144318597,2440.0,2580.0,0.2706078268109908,0.0039186134137151,0.000589819345021,0.0001029395614762
1996-06-19,2750.0,2770.0,2740.0,2750.0,69300.0,2750.0,2776.0,2747.0,2660.0,2561.0666666666666,2371.15,False,False,False,False,False,False,True,True,False,True,False,0.0,0.0072727272727272,,,0.0327272727272727,0.0687030303030303,-0.0363636363636363,0.0145454545454545,0.00124947938359,0.0356752821259555,2440.0,2610.0,2.1323076923076925,0.0022556390977443,-0.0016629743159708,5.0563620454176965e-05
1996-06-20,2750.0,2750.0,2720.0,2720.0,85500.0,2720.0,2768.0,2750.0,2664.0,2562.133333333333,2375.55,False,False,False,False,False,False,True,True,False,True,False,0.0110294117647058,0.0,,,0.0205882352941176,0.0580392156862745,-0.025735294117647,0.0110294117647058,0.0004163197335553,0.032,2450.0,2620.0,1.2337662337662338,0.0015015015015015,-0.0007541375962428,-0.0008331596500347
1996-06-21,2750.0,2750.0,2740.0,2750.0,102100.0,2750.0,2756.0,2754.0,2670.0,2564.5333333333333,2380.15,False,False,False,False,False,False,True,True,False,False,False,0.0036363636363636,-0.0181818181818181,,,0.029090909090909,0.0674424242424242,-0.0218181818181818,0.0036363636363636,0.0009358427784132,0.0272331154684095,2480.0,2280.0,1.1941520467836255,0.0022471910112359,0.0007456895097344,0.0005195230448579
1996-06-24,2720.0,2750.0,2720.0,2740.0,203500.0,2740.0,2746.0,2758.0,2675.2,2567.2,2384.55,False,False,False,False,False,False,True,True,False,True,False,0.0145985401459854,-0.0218978102189781,,,0.0236496350364964,0.063065693430657,-0.010948905109489,0.0036496350364963,0.0010387451958034,0.0217548948513415,2590.0,2290.0,1.9931439764936336,0.0019437799043061,-0.0003034111069298,0.0001029024173901
1996-06-25,2740.0,2740.0,2730.0,2730.0,49000.0,2730.0,2738.0,2758.0,2680.4,2569.733333333333,2388.7,False,False,False,False,False,False,True,True,False,True,False,0.0183150183150183,-0.0219780219780219,,,0.0181684981684981,0.0587057387057387,-0.0073260073260073,0.0036630036630036,0.0009858351061069,0.0174039158810732,2690.0,2320.0,0.2407862407862407,0.0019400089538875,-3.7709504185710462e-06,-5.2910089696432986e-05
1996-06-26,2740.0,2750.0,2730.0,2750.0,138600.0,2750.0,2738.0,2757.0,2688.0,2572.9333333333334,2392.5,False,False,False,False,False,False,True,True,False,False,False,0.0072727272727272,-0.04,,,0.0225454545454545,0.0643878787878787,-0.0218181818181818,0.0036363636363636,0.0012437166398923,0.0145085237577076,2740.0,2350.0,2.8285714285714287,0.0028273809523809,0.0008873719984933,0.0002578815337853
1996-06-27,2750.0,2760.0,2740.0,2750.0,86800.0,2750.0,2744.0,2756.0,2695.2,2576.0,2396.25,False,False,False,False,False,False,True,True,False,True,False,-0.0109090909090909,-0.0472727272727272,,,0.0199272727272727,0.0632727272727272,-0.0254545454545454,0.0254545454545454,0.0011904761904761,0.012699564586357,2670.0,2400.0,0.6262626262626263,0.0026714158504006,-0.0001559651019802,-5.324044941615032e-05
1996-06-28,2760.0,2780.0,2750.0,2760.0,141000.0,2760.0,2746.0,2751.0,2701.6,2579.4666666666667,2400.15,False,False,False,False,False,False,True,True,False,True,False,-0.0217391304347826,-0.0543478260869565,,,0.0211594202898551,0.0654106280193236,-0.0289855072463768,0.0181159420289855,0.0013439470691615,0.0123591421301344,2620.0,2420.0,1.6244239631336406,0.0023689665383476,-0.0003024493120529,0.0001534708786854
1996-07-01,2780.0,2780.0,2760.0,2780.0,61700.0,2780.0,2754.0,2750.0,2709.2,2582.8,2404.0,False,False,False,False,False,False,True,True,False,False,False,-0.0359712230215827,-0.0575539568345323,,,0.0254676258992806,0.070935251798561,-0.039568345323741,0.0107913669064748,0.0012905890248309,0.0109090909090909,2620.0,2440.0,0.4375886524822695,0.0028052561641812,0.0004362896258335,-5.335804433060417e-05
1996-07-02,2780.0,2780.0,2770.0,2780.0,71800.0,2780.0,2764.0,2751.0,2716.4,2586.9333333333334,2407.9,False,False,False,False,False,False,True,True,False,True,False,-0.039568345323741,-0.0611510791366906,,,0.0228776978417265,0.0694484412470023,-0.0359712230215827,0.0179856115107913,0.00159777342542,0.0112686295892402,2610.0,2450.0,1.1636952998379255,0.002650566926815,-0.0001546892373662,0.000307184400589
1996-07-03,2780.0,2780.0,2750.0,2770.0,126000.0,2770.0,2768.0,2753.0,2724.0,2590.133333333333,2412.1,False,False,False,False,False,False,True,True,False,False,False,-0.0469314079422382,-0.0577617328519855,,,0.0166064981949458,0.0649338146811071,-0.0324909747292418,0.0252707581227436,0.0012354576340985,0.0123501634580457,2620.0,2470.0,1.7548746518105849,0.0027900146842877,0.0001394477574727,-0.0003623157913214
1996-07-04,2760.0,2760.0,2720.0,2720.0,81100.0,2720.0,2762.0,2753.0,2728.8,2592.5333333333333,2415.7,False,False,False,False,False,False,True,True,False,True,False,-0.0367647058823529,-0.0330882352941176,,,-0.0032352941176471,0.0468627450980392,-0.0110294117647058,0.0441176470588235,0.0009257354453816,0.0156193243734108,2580.0,2460.0,0.6436507936507937,0.0017590149516271,-0.0010309997326606,-0.0003097221887169
1996-07-05,2720.0,2720.0,2680.0,2700.0,100800.0,2700.0,2750.0,2748.0,2732.8,2594.5333333333333,2419.2,False,False,False,False,False,False,True,True,False,True,False,-0.0333333333333333,-0.0148148148148148,,,-0.0121481481481482,0.0390617283950617,0.0,0.0222222222222222,0.0007708515339945,0.0174672489082969,2590.0,2460.0,1.2429099876695435,0.001463700234192,-0.0002953147174351,-0.000154883911387
1996-07-08,2700.0,2700.0,2670.0,2680.0,80400.0,2680.0,2730.0,2742.0,2736.0,2596.4,2422.75,False,False,False,False,False,False,True,True,False,True,False,-0.0223880597014925,-0.0074626865671641,,,-0.0208955223880597,0.0311940298507462,0.0149253731343283,0.0261194029850746,0.0007189441791198,0.0196936542669584,2570.0,2470.0,0.7976190476190477,0.0011695906432747,-0.0002941095909172,-5.190735487469909e-05
1996-07-09,2680.0,2680.0,2660.0,2670.0,60500.0,2670.0,2708.0,2736.0,2736.8,2597.6,2426.35,False,False,False,False,False,False,True,True,False,True,False,-0.0224719101123595,-0.0074906367041198,,,-0.0250187265917603,0.0271161048689138,0.0299625468164794,0.0187265917602996,0.0004619648906682,0.0211988304093567,2510.0,2450.0,0.7524875621890548,0.0002923121894183,-0.0008772784538564,-0.0002569792884516
1996-07-10,2680.0,2680.0,2640.0,2640.0,55700.0,2640.0,2682.0,2725.0,2736.4,2598.0,2429.8,False,False,False,False,False,False,False,True,False,True,False,-0.0113636363636363,0.0037878787878787,,,-0.0365151515151515,0.0159090909090909,0.0871212121212121,0.0227272727272727,0.0001539645881447,0.0231192660550458,2600.0,2450.0,0.9206611570247932,-0.0001461774594357,-0.0004384896488541,-0.0003080003025234
1996-07-11,2640.0,2650.0,2620.0,2620.0,188900.0,2620.0,2662.0,2712.0,2733.6,2598.0,2433.2,False,False,False,False,False,False,False,False,False,True,False,0.0038167938931297,0.0114503816793893,,,-0.0433587786259541,0.0083969465648854,0.0763358778625954,0.0267175572519083,0.0,0.0232300884955752,2620.0,2430.0,3.391382405745063,-0.0010242903131402,-0.0008781128537044,-0.0001539645881447
1996-07-12,2620.0,2640.0,2600.0,2610.0,66600.0,2610.0,2644.0,2697.0,2729.6,2602.4,2436.7,False,False,False,False,False,False,False,True,False,True,False,0.0191570881226053,0.0306513409961685,,,-0.0458237547892719,0.0029118773946359,0.0766283524904214,0.0306513409961685,0.0016907470027667,0.0244716351501668,2600.0,2410.0,0.3525674960296453,-0.0014654161781946,-0.0004411258650543,0.0016907470027667
1996-07-15,2640.0,2640.0,2610.0,2620.0,44700.0,2620.0,2632.0,2681.0,2726.4,2606.8,2440.4,False,False,False,False,False,False,False,True,False,False,False,0.015267175572519,0.0343511450381679,,,-0.0406106870229008,0.0050381679389312,0.0801526717557251,0.0419847328244274,0.0016878932023937,0.0276016411786646,2610.0,2420.0,0.6711711711711712,-0.0011737089201877,0.0002917072580068,-2.8538003729375577e-06
1996-07-16,2610.0,2620.0,2600.0,2610.0,38600.0,2610.0,2620.0,2664.0,2721.6,2610.6666666666665,2444.45,False,False,False,False,False,False,False,True,False,True,False,0.0153256704980842,0.0383141762452107,,,-0.0427586206896551,-0.0002554278416346,0.0919540229885057,0.0383141762452107,0.0014811031664962,0.0296546546546546,2600.0,2440.0,0.8635346756152126,-0.0017636684303351,-0.0005899595101474,-0.0002067900358974
1996-07-17,2620.0,2640.0,2610.0,2610.0,49400.0,2610.0,2614.0,2648.0,2715.6,2614.133333333333,2448.3,False,False,False,False,False,False,False,True,False,True,False,0.0153256704980842,0.0306513409961685,,,-0.0404597701149424,-0.0015836526181353,0.0881226053639846,0.0383141762452107,0.0013261246557176,0.0309667673716012,2560.0,2440.0,1.2797927461139895,-0.0022094564737074,-0.0004457880433723,-0.0001549785107786
1996-07-18,2620.0,2660.0,2610.0,2630.0,59000.0,2630.0,2616.0,2639.0,2710.4,2617.2,2452.25,False,False,False,False,False,False,False,True,False,False,False,0.0076045627376425,0.0190114068441064,,,-0.0305703422053232,0.0048669201520913,0.0950570342205323,0.0418250950570342,0.0011717356971827,0.0306934444865479,2570.0,2450.0,1.194331983805668,-0.001918536009445,0.0002909204642624,-0.0001543889585349
1996-07-19,2660.0,2680.0,2650.0,2660.0,79500.0,2660.0,2626.0,2635.0,2704.4,2620.4,2455.9,False,False,False,False,False,False,False,True,False,True,False,0.0112781954887218,0.0075187969924812,,,-0.0166917293233083,0.0148872180451127,0.0714285714285714,0.0075187969924812,0.0012211876049459,0.0292220113851992,2600.0,2480.0,1.347457627118644,-0.0022186067149829,-0.0003000707055379,4.945190776319735e-05
1996-07-22,2680.0,2680.0,2660.0,2660.0,108800.0,2660.0,2634.0,2633.0,2699.2,2623.333333333333,2459.65,False,False,False,False,False,False,False,True,False,False,False,0.018796992481203,0.0037593984962406,,,-0.014736842105263,0.0137844611528823,0.0639097744360902,0.0225563909774436,0.0011181702668359,0.0288644132168628,2590.0,2590.0,1.3685534591194968,-0.0019264967397748,0.0002921099752081,-0.0001030173381099
1996-07-23,2680.0,2680.0,2630.0,2650.0,85100.0,2650.0,2642.0,2631.0,2694.4,2626.0,2463.35,False,False,False,False,False,False,False,True,False,False,False,0.0226415094339622,0.0113207547169811,,,-0.0167547169811321,0.0090566037735849,0.0754716981132075,0.0150943396226415,0.0010154861640011,0.0285062713797035,2600.0,2690.0,0.7821691176470589,-0.0017814726840854,0.0001450240556894,-0.0001026841028348
1996-07-24,2610.0,2680.0,2610.0,2650.0,103900.0,2650.0,2650.0,2632.0,2690.4,2628.4,2467.35,False,False,False,False,False,False,False,True,False,False,False,0.0150943396226415,0.0113207547169811,,,-0.0152452830188679,0.0081509433962263,0.1056603773584905,0.0264150943396226,0.0009131030284584,0.0288753799392097,2580.0,2740.0,1.2209165687426558,-0.0014867677668748,0.0002947049172105,-0.0001023831355427
1996-07-25,2660.0,2700.0,2650.0,2650.0,81100.0,2650.0,2654.0,2635.0,2687.6,2630.9333333333334,2471.2,False,False,False,False,False,False,False,True,False,False,False,0.0113207547169811,0.0150943396226415,,,-0.0141886792452829,0.007194968553459,0.1018867924528302,0.0339622641509433,0.0009629028988445,0.0296015180265654,2600.0,2670.0,0.78055822906641,-0.0010418216996577,0.000444946067217,4.979987038609274e-05
1996-07-26,2710.0,2720.0,2680.0,2690.0,85500.0,2690.0,2660.0,2643.0,2685.2,2634.0,2475.0,False,False,False,False,True,False,False,True,False,False,False,-0.0037174721189591,0.0037174721189591,,,0.0017843866171004,0.020817843866171,0.0743494423791821,0.0185873605947955,0.0011642622120981,0.0283768444948921,2600.0,2620.0,1.0542540073982738,-0.0008937881722032,0.0001480335274545,0.0002013593132536
1996-07-29,2690.0,2710.0,2690.0,2710.0,106000.0,2710.0,2670.0,2652.0,2684.0,2637.2,2478.8,False,False,False,False,False,False,False,True,False,False,False,-0.014760147601476,0.003690036900369,,,0.0095940959409594,0.0268634686346864,0.03690036900369,0.011070110701107,0.0012134081601698,0.0252639517345399,2600.0,2620.0,1.239766081871345,-0.0004470938897167,0.0004466942824864,4.914594807162815e-05
1996-07-30,2720.0,2730.0,2700.0,2710.0,111400.0,2710.0,2682.0,2662.0,2683.2,2640.6666666666665,2482.6,False,False,False,False,False,False,False,True,False,False,False,-0.011070110701107,0.014760147601476,,,0.0098892988929889,0.0255842558425584,0.033210332103321,0.0,0.0013127997980308,0.0214124718256949,2650.0,2610.0,1.0509433962264152,-0.0002981514609422,0.0001489424287745,9.93916378610037e-05
1996-07-31,2710.0,2720.0,2690.0,2690.0,76500.0,2690.0,2690.0,2670.0,2680.8,2643.866666666667,2486.45,False,False,False,False,False,False,False,True,False,True,False,-0.0037174721189591,0.0669144981412639,,,0.0034200743494423,0.0171499380421313,0.0334572490706319,0.0111524163568773,0.0012103484794998,0.0187265917602996,2650.0,2620.0,0.6867145421903053,-0.0008952551477169,-0.0005971036867747,-0.0001024513185309
1996-08-01,2650.0,2690.0,2650.0,2680.0,65000.0,2680.0,2696.0,2675.0,2678.0,2647.2,2490.35,False,False,False,False,False,False,False,True,False,True,False,0.003731343283582,0.0522388059701492,,,0.0007462686567164,0.0122388059701493,0.0335820895522388,0.0111940298507462,0.001259192102347,0.0157009345794392,2690.0,2580.0,0.8496732026143791,-0.0010455563853622,-0.0001503012376453,4.884362284719398e-05
1996-08-02,2680.0,2700.0,2650.0,2680.0,24000.0,2680.0,2694.0,2677.0,2674.8,2650.8,2494.5,False,False,False,False,False,False,False,True,False,True,False,0.0074626865671641,0.0485074626865671,,,0.0019402985074626,0.0108955223880596,0.044776119402985,0.0111940298507462,0.0013580805794478,0.0160627568173328,2710.0,2590.0,0.3692307692307692,-0.0011963511290563,-0.000150794743694,9.888847710083138e-05
1996-08-05,2670.0,2680.0,2660.0,2670.0,33200.0,2670.0,2686.0,2678.0,2670.4,2654.133333333333,2498.6,False,False,False,False,False,True,False,True,False,True,False,0.0187265917602996,0.0599250936329588,,,-0.0001498127340824,0.0059425717852684,0.0411985018726591,0.0262172284644194,0.0012559027428914,0.0164301717699775,2700.0,2570.0,1.3833333333333333,-0.0016476932294787,-0.0004513421004224,-0.0001021778365563
1996-08-06,2670.0,2700.0,2660.0,2680.0,34800.0,2680.0,2680.0,2681.0,2666.4,2657.333333333333,2502.65,False,False,False,False,False,False,False,True,False,False,False,0.0261194029850746,0.0634328358208955,,,0.0050746268656716,0.0084577114427861,0.0485074626865671,0.0186567164179104,0.0012042147516306,0.0167847817978366,2730.0,2510.0,1.0481927710843373,-0.0015001500150015,0.0001475432144772,-5.1687991260837216e-05
1996-08-07,2680.0,2720.0,2680.0,2680.0,50200.0,2680.0,2678.0,2684.0,2662.8,2660.5333333333333,2506.75,False,False,False,False,False,False,False,True,False,False,False,0.0708955223880597,0.0597014925373134,,,0.0064179104477611,0.0072636815920398,0.0597014925373134,0.0223880597014925,0.0012027663626341,0.0163934426229508,2760.0,2600.0,1.442528735632184,-0.0013519603424965,0.0001481896725049,-1.4483889964782889e-06
1996-08-08,2680.0,2720.0,2680.0,2690.0,51200.0,2690.0,2680.0,2688.0,2661.6,2663.733333333333,2511.0,False,False,True,False,False,False,False,True,False,False,False,0.0483271375464684,0.070631970260223,,,0.0105576208178439,0.0097645600991326,0.0669144981412639,0.0223048327137546,0.0012013214535988,0.0152529761904761,2760.0,2620.0,1.0199203187250996,-0.0004508566275925,0.000901103714904,-1.4449090352702029e-06
1996-08-09,2680.0,2720.0,2680.0,2700.0,22300.0,2700.0,2684.0,2689.0,2661.6,2666.6666666666665,2515.3,False,False,False,False,False,False,False,True,False,False,False,0.0407407407407407,0.0555555555555555,,,0.0142222222222222,0.0123456790123457,0.0629629629629629,0.0111111111111111,0.0011,0.0145035329118631,2810.0,2600.0,0.435546875,0.0,0.0004508566275925,-0.0001013214535988
1996-08-12,2690.0,2730.0,2690.0,2720.0,14900.0,2720.0,2694.0,2690.0,2663.2,2668.4,2519.55,False,False,False,False,False,False,True,True,False,False,False,0.0404411764705882,0.0404411764705882,,,0.0208823529411765,0.018970588235294,0.0551470588235294,0.0,0.0006495777744467,0.0133828996282527,2790.0,2610.0,0.6681614349775785,0.0006007810153198,0.0006007810153198,-0.0004504222255533
1996-08-13,2750.0,2780.0,2740.0,2750.0,150300.0,2750.0,2708.0,2694.0,2666.4,2669.2,2524.05,False,False,False,False,False,False,True,True,True,False,False,0.0363636363636363,0.0363636363636363,,,0.0303999999999999,0.0293818181818182,0.0436363636363636,-0.029090909090909,0.0002997152704929,0.0103934669636228,2770.0,2600.0,10.087248322147651,0.0012001200120013,0.0005993389966814,-0.0003498625039537
1996-08-14,2770.0,2870.0,2760.0,2870.0,550100.0,2870.0,2746.0,2712.0,2675.6,2670.9333333333334,2529.4,True,True,False,False,False,False,True,True,False,False,False,-0.0104529616724738,0.0209059233449477,,,0.0677351916376307,0.0693612078977932,-0.0069686411149825,-0.0940766550522648,0.0006489616613419,-0.0007374631268436,2750.0,2560.0,3.6600133067198937,0.0034384810883539,0.0022383610763526,0.000349246390849
1996-08-15,2850.0,2870.0,2820.0,2820.0,260700.0,2820.0,2772.0,2726.0,2683.6,2672.9333333333334,2534.25,False,False,False,False,False,False,True,True,False,True,False,0.0212765957446808,0.0354609929078014,,,0.0483687943262411,0.0521513002364066,0.0,-0.1276595744680851,0.0007482416321644,-0.0150403521643433,2720.0,2570.0,0.4739138338483912,0.0029810702042033,-0.0004574108841506,9.927997082246968e-05
1996-08-16,2840.0,2840.0,2800.0,2810.0,85400.0,2810.0,2794.0,2739.0,2691.6,2675.4666666666667,2539.15,False,False,False,False,False,False,True,True,False,True,False,0.0142348754448398,0.0284697508896797,,,0.042135231316726,0.047876631079478,0.0142348754448398,-0.1459074733096085,0.0009468753114721,-0.0310332238043081,2750.0,2600.0,0.3275795934023782,0.0029722098380145,-8.860366188744983e-06,0.0001986336793077
1996-08-19,2800.0,2860.0,2780.0,2830.0,147800.0,2830.0,2816.0,2755.0,2700.0,2678.266666666667,2544.15,False,False,False,False,False,False,True,True,False,False,False,0.0,-0.0070671378091872,,,0.0459363957597173,0.0536160188457007,0.0106007067137809,-0.1484098939929328,0.0010454522825708,-0.048638838475499,2740.0,2590.0,1.730679156908665,0.0031111111111111,0.0001389012730965,9.85769710987542e-05
1996-08-20,2840.0,2850.0,2800.0,2850.0,36300.0,2850.0,2836.0,2772.0,2709.6,2681.4666666666667,2548.9,False,False,False,False,False,False,True,True,False,False,False,0.0,-0.0175438596491228,,,0.0492631578947368,0.0591345029239765,0.0035087719298245,-0.1403508771929824,0.0011933767589875,-0.0645743145743145,2730.0,2600.0,0.2456021650879567,0.0035429583702391,0.0004318472591279,0.0001479244764166
1996-08-21,2870.0,2890.0,2820.0,2840.0,109200.0,2840.0,2830.0,2788.0,2718.8,2684.4,2553.6,False,False,False,False,False,False,True,True,False,True,False,0.0316901408450704,-0.0211267605633802,,,0.0426760563380281,0.0547887323943661,0.0035211267605633,-0.130281690140845,0.0010927333233994,-0.0796269727403156,2750.0,2580.0,3.008264462809917,0.0033838458143299,-0.0001591125559091,-0.0001006434355881
1996-08-22,2860.0,2890.0,2820.0,2880.0,132400.0,2880.0,2842.0,2807.0,2728.8,2688.4,2558.55,False,False,False,False,False,False,True,True,False,False,False,0.0138888888888888,-0.0381944444444444,,,0.0524999999999999,0.0665277777777777,0.0,-0.1354166666666666,0.0014878738282993,-0.0951193444959031,2750.0,2600.0,1.2124542124542124,0.0036646144825564,0.0002807686682264,0.0003951405048999
1996-08-23,2910.0,2930.0,2850.0,2850.0,272800.0,2850.0,2850.0,2822.0,2736.4,2691.866666666667,2563.25,False,False,False,False,False,False,True,True,False,True,False,0.0140350877192982,-0.0175438596491228,,,0.0398596491228069,0.055485380116959,0.0070175438596491,-0.1298245614035087,0.0012878300064391,-0.1087880935506732,2760.0,2600.0,2.0604229607250755,0.0027773717292793,-0.0008872427532771,-0.0002000438218601
1996-08-26,2860.0,2880.0,2830.0,2830.0,84000.0,2830.0,2850.0,2833.0,2743.2,2695.333333333333,2567.8,False,False,False,False,False,False,True,True,False,True,False,-0.0070671378091872,-0.0176678445229682,,,0.0306713780918728,0.0475853945818611,0.0106007067137809,-0.127208480565371,0.0012861736334403,-0.1210730674196964,2780.0,2600.0,0.3079178885630498,0.0024788568095653,-0.0002985149197139,-1.6563729988042055e-06
1996-08-27,2850.0,2900.0,2850.0,2850.0,98100.0,2850.0,2850.0,2843.0,2751.2,2699.866666666667,2572.55,False,False,False,False,False,False,True,True,False,False,False,-0.0175438596491228,-0.0140350877192982,,,0.0346666666666667,0.0526783625730993,-0.0140350877192982,-0.1333333333333333,0.0016790952639638,-0.1311994372142103,2780.0,2650.0,1.167857142857143,0.002907822041291,0.0004289652317257,0.0003929216305234
1996-08-28,2890.0,2930.0,2880.0,2930.0,272500.0,2930.0,2868.0,2849.0,2762.4,2704.266666666667,2577.6,False,False,False,False,False,False,True,True,False,False,False,-0.0511945392491467,-0.030716723549488,,,0.0572013651877132,0.077042093287827,-0.0477815699658703,-0.1638225255972696,0.0016270584754955,-0.1382941382941383,2770.0,2650.0,2.7777777777777777,0.0040544454097886,0.0011466233684976,-5.203678846826278e-05
1996-08-29,2900.0,2930.0,2890.0,2920.0,366800.0,2920.0,2876.0,2859.0,2773.2,2708.266666666667,2582.65,False,False,False,False,False,False,True,True,False,True,False,-0.0513698630136986,-0.0171232876712328,,,0.0502739726027397,0.072511415525114,-0.0582191780821917,-0.1780821917808219,0.0014769594328475,-0.1434067855893669,2720.0,2690.0,1.3460550458715597,0.0038944180008653,-0.0001600274089233,-0.0001500990426479
1996-08-30,2890.0,2930.0,2870.0,2890.0,127800.0,2890.0,2884.0,2867.0,2781.2,2712.133333333333,2587.5,False,False,False,False,False,False,True,True,False,True,False,-0.0311418685121107,-0.0069204152249134,,,0.0376470588235294,0.0615455594002307,-0.0449826989619377,-0.1868512110726643,0.0014256919522146,-0.1475409836065573,2700.0,2710.0,0.3484187568157034,0.0028764562059542,-0.001017961794911,-5.126748063296184e-05
1996-09-02,2900.0,2910.0,2810.0,2810.0,65100.0,2810.0,2880.0,2865.0,2785.2,2714.8,2591.8,False,False,False,False,False,False,True,True,False,True,False,-0.0106761565836298,0.0213523131672597,,,0.0088256227758007,0.0338790035587188,-0.0213523131672597,-0.1814946619217081,0.0009822700260302,-0.1507853403141361,2680.0,2700.0,0.5093896713615024,0.0014361625736033,-0.0014402936323509,-0.0004434219261843
1996-09-03,2810.0,2830.0,2750.0,2800.0,79300.0,2800.0,2870.0,2860.0,2788.8,2717.4666666666667,2595.3,False,False,False,False,False,False,True,True,False,True,False,0.0035714285714285,0.025,,,0.0039999999999999,0.0294761904761904,-0.0214285714285714,-0.1857142857142857,0.0009813061184435,-0.1552447552447552,2670.0,2730.0,1.218125960061444,0.001290877796902,-0.0001452847767013,-9.639075866745266e-07
1996-09-04,2800.0,2810.0,2780.0,2780.0,55400.0,2780.0,2840.0,2854.0,2792.4,2720.4,2598.0,False,False,False,False,False,False,True,True,False,True,False,0.0215827338129496,0.0251798561151079,,,-0.0044604316546762,0.0214388489208632,-0.0071942446043165,-0.1618705035971223,0.0010782728030191,-0.158374211632796,2640.0,2760.0,0.6986128625472888,0.0012892135797163,-1.6642171856832456e-06,9.696668457559324e-05
1996-09-05,2750.0,2810.0,2750.0,2770.0,93900.0,2770.0,2810.0,2843.0,2796.0,2723.0666666666666,2600.8,False,False,False,False,False,False,True,True,False,True,False,0.0361010830324909,0.0180505415162454,,,-0.0093862815884476,0.0169434416365824,0.0180505415162454,-0.1335740072202166,0.000979288057582,-0.1582835033415406,2620.0,2760.0,1.6949458483754514,0.0012875536480686,-1.6599316477034203e-06,-9.898474543710384e-05
1996-09-06,2780.0,2820.0,2780.0,2800.0,128300.0,2800.0,2792.0,2838.0,2800.8,2725.733333333333,2603.9,False,False,False,False,False,False,True,True,False,False,False,0.025,0.0178571428571428,,,-0.0002857142857143,0.0265238095238096,0.0035714285714285,-0.1535714285714285,0.0009783299907058,-0.160676532769556,2610.0,2810.0,1.3663471778487752,0.0017137960582691,0.0004262424102004,-9.58066876272654e-07
1996-09-09,2760.0,2810.0,2760.0,2780.0,61700.0,2780.0,2786.0,2833.0,2805.2,2728.266666666667,2606.75,False,False,False,False,False,False,True,True,False,True,False,0.0323741007194244,0.0287769784172661,,,-0.0090647482014387,0.018609112709832,0.0107913669064748,-0.1690647482014388,0.0009285504838238,-0.1648429226967878,2620.0,2790.0,0.4809041309431021,0.0015685156138598,-0.0001452804444092,-4.9779506881980845e-05
1996-09-10,2810.0,2810.0,2780.0,2810.0,32600.0,2810.0,2788.0,2829.0,2810.4,2731.0666666666666,2609.8,False,False,False,False,False,False,True,True,False,False,False,0.0213523131672597,0.0177935943060498,,,-0.0001423487544484,0.0280901542111506,0.0071174377224199,-0.1814946619217081,0.0010252404432943,-0.1696712619300106,2610.0,2770.0,0.5283630470016207,0.001850270424139,0.0002817548102791,9.66899594705107e-05
1996-09-11,2810.0,2850.0,2800.0,2840.0,91600.0,2840.0,2800.0,2820.0,2816.8,2734.5333333333333,2613.2,False,False,False,True,True,False,True,True,False,False,False,0.0035211267605633,0.0035211267605633,,,0.0081690140845069,0.0371361502347417,0.0,-0.1936619718309859,0.0012677361158515,-0.1726950354609929,2610.0,2750.0,2.8098159509202456,0.0022720817949446,0.0004218113708056,0.0002424956725572
1996-09-12,2860.0,2890.0,2850.0,2870.0,96000.0,2870.0,2820.0,2815.0,2824.0,2738.133333333333,2616.95,False,False,False,False,False,False,True,True,False,False,False,-0.0174216027874564,0.0034843205574912,,,0.0160278745644599,0.0459465737514518,-0.0104529616724738,-0.2125435540069686,0.0013147643163225,-0.1761989342806394,2630.0,2720.0,1.0480349344978166,0.0025495750708214,0.0002774932758768,4.702820047093386e-05
1996-09-13,2870.0,2880.0,2850.0,2870.0,84700.0,2870.0,2834.0,2813.0,2830.8,2741.733333333333,2620.15,False,False,False,False,False,False,True,True,False,True,False,-0.0069686411149825,0.0,,,0.0136585365853657,0.044692218350755,-0.0383275261324041,-0.205574912891986,0.0013130379808393,-0.1781016708140775,2660.0,2750.0,0.8822916666666667,0.0024021478027413,-0.0001474272680801,-1.7263354831838391e-06
1996-09-17,2880.0,2900.0,2860.0,2870.0,130500.0,2870.0,2852.0,2819.0,2836.8,2745.333333333333,2622.5,False,False,False,False,False,False,True,True,False,True,True,-0.0034843205574912,-0.0034843205574912,,,0.011567944250871,0.0434378629500581,-0.0418118466898954,-0.2160278745644599,0.0013113161728994,-0.1816246896062433,2660.0,2740.0,1.54073199527745,0.0021150592216582,-0.0002870885810831,-1.7218079399058345e-06
1996-09-18,2870.0,2890.0,2850.0,2870.0,79200.0,2870.0,2864.0,2826.0,2841.6,2748.266666666667,2625.0,False,False,False,False,False,False,True,True,False,True,False,-0.0034843205574912,-0.0209059233449477,,,0.0098954703832752,0.0424157955865272,-0.0522648083623693,-0.1881533101045296,0.0010673394139338,-0.1818825194621373,2650.0,2730.0,0.6068965517241379,0.001689189189189,-0.0004258700324691,-0.0002439767589656
1996-09-19,2860.0,2860.0,2840.0,2850.0,83300.0,2850.0,2866.0,2833.0,2840.8,2750.9333333333334,2627.0,False,False,False,False,False,False,False,True,False,True,False,0.0,-0.0210526315789473,,,0.0032280701754385,0.0347602339181286,-0.0526315789473684,-0.1719298245614035,0.0009693679720821,-0.1828450405930109,2650.0,2750.0,1.051767676767677,-0.0002816108138551,-0.0019708000030442,-9.7971441851671e-05
1996-09-20,2820.0,2850.0,2800.0,2820.0,64000.0,2820.0,2856.0,2838.0,2840.8,2752.6666666666665,2628.3,False,False,False,False,False,False,False,True,False,False,False,0.0212765957446808,-0.0248226950354609,,,-0.0073758865248227,0.0238770685579196,-0.0460992907801418,-0.1560283687943262,0.0006296924194719,-0.1849894291754757,2650.0,2750.0,0.7683073229291717,0.0,0.0002816108138551,-0.0003396755526101
1996-09-24,2820.0,2850.0,2820.0,2850.0,52100.0,2850.0,2852.0,2843.0,2842.4,2754.5333333333333,2629.9,False,False,False,False,False,False,True,True,False,False,False,0.0070175438596491,-0.031578947368421,,,0.0026666666666666,0.0334970760233918,-0.0561403508771929,-0.1789473684210526,0.0006776707488262,-0.1874780161800914,2690.0,2760.0,0.8140625,0.0005629045876723,0.0005629045876723,4.7978329354271456e-05
1996-09-25,2850.0,2860.0,2820.0,2860.0,44000.0,2860.0,2850.0,2851.0,2843.6,2756.6666666666665,2631.1,False,False,False,False,False,False,True,True,False,True,False,0.0,-0.0384615384615384,,,0.0057342657342657,0.0361305361305361,-0.0454545454545454,-0.1748251748251748,0.0007738814993953,-0.1880042090494563,2710.0,2780.0,0.8445297504798465,0.0004220002813334,-0.0001409043063389,9.62107505691396e-05
1996-09-26,2880.0,2880.0,2850.0,2860.0,99900.0,2860.0,2848.0,2856.0,2844.0,2758.4,2632.25,False,False,False,False,False,False,True,True,False,True,False,-0.0174825174825174,-0.0419580419580419,,,0.0055944055944055,0.0355244755244754,-0.0524475524475524,-0.1958041958041958,0.0006283836040217,-0.1894257703081232,2710.0,2780.0,2.270454545454545,0.00014064697609,-0.0002813533052434,-0.0001454978953736
1996-09-27,2860.0,2860.0,2810.0,2850.0,93800.0,2850.0,2848.0,2857.0,2844.4,2759.6,2633.1,False,False,False,False,False,False,True,True,False,True,False,-0.0210526315789473,-0.031578947368421,,,0.0019649122807017,0.031719298245614,-0.0491228070175438,-0.175438596491228,0.0004348456298013,-0.1876093804690234,2690.0,2770.0,0.938938938938939,0.0001406271972999,-1.9778790056262192e-08,-0.0001935379742203
1996-09-30,2860.0,2880.0,2850.0,2880.0,77700.0,2880.0,2860.0,2858.0,2844.4,2761.2,2634.25,False,False,False,False,False,False,False,True,False,True,False,-0.0451388888888888,-0.0208333333333333,,,0.012361111111111,0.04125,-0.0486111111111111,-0.1909722222222222,0.0005794582065768,-0.185444366689993,2680.0,2720.0,0.8283582089552238,0.0,-0.0001406271972999,0.0001446125767754
1996-10-01,2880.0,2880.0,2810.0,2870.0,93000.0,2870.0,2864.0,2858.0,2845.2,2762.0,2635.85,False,False,False,False,False,False,True,True,False,False,False,-0.0383275261324041,-0.0209059233449477,,,0.0086411149825784,0.0376306620209059,-0.0662020905923344,-0.1881533101045296,0.0002896451846488,-0.1836948915325402,2680.0,2700.0,1.196911196911197,0.0002811753128074,0.0002811753128074,-0.0002898130219279
1996-10-02,2860.0,2880.0,2850.0,2860.0,82000.0,2860.0,2864.0,2857.0,2846.4,2762.9333333333334,2637.35,False,False,False,False,False,False,True,True,False,False,False,-0.0384615384615384,-0.0174825174825174,,,0.0047552447552447,0.0339393939393939,-0.0489510489510489,-0.1993006993006993,0.0003378052311553,-0.1820091004550227,2670.0,2680.0,0.8817204301075269,0.0004215851602024,0.000140409847395,4.8160046506444745e-05
1996-10-03,2860.0,2860.0,2810.0,2810.0,49200.0,2810.0,2854.0,2851.0,2844.8,2763.4666666666667,2638.9,False,False,False,False,False,False,False,True,False,True,False,-0.0249110320284697,0.0071174377224199,,,-0.0123843416370107,0.0165599051008303,-0.0427046263345195,-0.1637010676156583,0.0001929943066679,-0.1795861101367941,2680.0,2670.0,0.6,-0.0005624296962879,-0.0009840148564903,-0.0001448109244873
1996-10-04,2840.0,2840.0,2780.0,2790.0,56200.0,2790.0,2842.0,2845.0,2839.2,2764.0,2640.15,False,False,False,False,False,False,False,True,False,True,False,-0.010752688172043,0.017921146953405,,,-0.0176344086021504,0.0093189964157706,-0.025089605734767,-0.1469534050179211,0.0001929570670525,-0.177152899824253,2680.0,2640.0,1.1422764227642277,-0.0019723865877713,-0.0014099568914833,-3.72396153725061e-08
1996-10-07,2750.0,2790.0,2750.0,2750.0,36800.0,2750.0,2816.0,2838.0,2832.4,2764.4,2641.7,False,False,False,False,False,False,False,True,False,True,False,0.0254545454545454,0.0327272727272727,,,-0.0299636363636363,-0.0052363636363636,-0.0036363636363636,-0.1454545454545454,0.0001446968600781,-0.1761804087385482,2690.0,2620.0,0.6548042704626335,-0.00240079084875,-0.0004284042609787,-4.826020697440062e-05
1996-10-08,2740.0,2760.0,2730.0,2760.0,51700.0,2760.0,2794.0,2829.0,2827.2,2764.5333333333333,2643.1,False,False,False,False,False,False,False,True,False,False,False,0.0181159420289855,0.0,,,-0.0243478260869564,-0.0016425120772946,-0.0072463768115942,-0.1521739130434782,4.822996045138857e-05,-0.1735595616825733,2700.0,2610.0,1.4048913043478262,-0.0018392756083758,0.0005615152403742,-9.646689962678064e-05
1996-10-09,2720.0,2770.0,2720.0,2750.0,23500.0,2750.0,2772.0,2818.0,2824.8,2764.6666666666665,2644.7,False,False,False,False,False,False,False,True,False,False,False,0.0218181818181818,0.0,,,-0.0272,-0.0053333333333332,-0.0036363636363636,-0.16,4.822763443448713e-05,-0.1721078779276082,2720.0,2620.0,0.4545454545454545,-0.0008496176720474,0.0009896579363284,-2.326016901440728e-09
1996-10-11,2750.0,2750.0,2730.0,2740.0,27700.0,2740.0,2758.0,2806.0,2822.4,2764.8,2646.1,False,False,False,False,False,False,False,True,False,True,False,0.0328467153284671,-0.0072992700729927,,,-0.0300729927007299,-0.009051094890511,-0.010948905109489,-0.1605839416058394,4.822530864209592e-05,-0.168567355666429,2750.0,2610.0,1.1787234042553192,-0.0008503401360544,-7.224640070041359e-07,-2.325792391204208e-09
1996-10-14,2750.0,2800.0,2740.0,2760.0,74300.0,2760.0,2752.0,2797.0,2821.6,2764.9333333333334,2647.35,False,False,False,False,False,False,False,True,False,False,False,0.0289855072463768,-0.0217391304347826,,,-0.0223188405797101,-0.0017874396135265,-0.0144927536231884,-0.1702898550724637,4.822298307368909e-05,-0.1680371826957454,2870.0,2610.0,2.68231046931408,-0.0002835270768359,0.0005668130592185,-2.325568406839624e-09
1996-10-15,2770.0,2830.0,2770.0,2820.0,70700.0,2820.0,2766.0,2791.0,2823.6,2765.866666666667,2648.55,False,False,False,False,False,False,True,True,False,False,False,0.0070921985815602,-0.0460992907801418,,,-0.0012765957446808,0.0191962174940897,-0.0390070921985815,-0.1808510638297872,0.0003374469726186,-0.1669652454317449,2820.0,2630.0,0.9515477792732168,0.0007083156254426,0.0009918427022785,0.0002892239895449
1996-10-16,2820.0,2830.0,2810.0,2810.0,76000.0,2810.0,2776.0,2785.0,2824.0,2766.5333333333333,2649.85,False,False,False,False,False,False,True,True,False,True,False,-0.0177935943060498,-0.0427046263345195,,,-0.0049822064056939,0.0154685646500593,-0.0355871886120996,-0.1672597864768683,0.0002409754686972,-0.1648114901256732,2810.0,2660.0,1.074964639321075,0.0001416430594901,-0.0005666725659525,-9.647150392137858e-05
1996-10-17,2800.0,2820.0,2780.0,2810.0,35100.0,2810.0,2788.0,2780.0,2825.2,2766.9333333333334,2651.15,False,False,False,False,False,False,True,True,False,False,False,-0.0213523131672597,-0.0284697508896797,,,-0.005409252669039,0.0153262158956108,-0.0249110320284697,-0.1743772241992882,0.0001445643793369,-0.1622302158273381,2830.0,2660.0,0.4618421052631579,0.0004247486903581,0.000283105630868,-9.641108936026758e-05
1996-10-18,2810.0,2830.0,2810.0,2830.0,45900.0,2830.0,2806.0,2782.0,2826.0,2767.6,2652.7,False,False,False,True,True,False,True,True,False,True,False,-0.03886925795053,-0.0424028268551236,,,0.0014134275618374,0.0220494699646643,-0.0353356890459364,-0.1837455830388692,0.0002408825938237,-0.1642703091301222,2850.0,2650.0,1.3076923076923077,0.0002830856334041,-0.0001416630569539,9.631821448675129e-05
1996-10-21,2840.0,2870.0,2840.0,2840.0,70400.0,2840.0,2822.0,2787.0,2826.0,2768.5333333333333,2654.05,False,False,False,False,False,False,False,True,False,True,False,-0.0492957746478873,-0.0457746478873239,,,0.0049295774647887,0.0251643192488263,-0.0352112676056338,-0.1830985915492957,0.0003371219418224,-0.1679224973089343,2840.0,2650.0,1.5337690631808278,0.0,-0.0002830856334041,9.623934799869128e-05
1996-10-22,2840.0,2840.0,2820.0,2840.0,54000.0,2840.0,2826.0,2796.0,2824.8,2770.133333333333,2655.6,False,False,False,False,False,False,False,True,False,True,False,-0.0528169014084507,-0.0352112676056338,,,0.0053521126760562,0.0246009389671361,-0.0316901408450704,-0.1901408450704225,0.0005775895263765,-0.1723891273247496,2880.0,2650.0,0.7670454545454546,-0.0004248088360237,-0.0004248088360237,0.0002404675845541
1996-10-23,2760.0,2810.0,2750.0,2760.0,60200.0,2760.0,2816.0,2796.0,2820.4,2770.9333333333334,2656.25,False,False,False,False,False,True,False,True,False,True,False,-0.0253623188405797,-0.0289855072463768,,,-0.0218840579710145,-0.0039613526570048,-0.0108695652173913,-0.1775362318840579,0.0002887113848523,-0.1748927038626609,2850.0,2690.0,1.114814814814815,-0.0015600624024961,-0.0011352535664724,-0.0002888781415242
1996-10-24,2750.0,2750.0,2710.0,2750.0,66100.0,2750.0,2804.0,2796.0,2815.6,2771.866666666667,2656.95,False,False,False,False,False,False,False,True,False,True,False,-0.0072727272727272,-0.0109090909090909,,,-0.0238545454545454,-0.0079515151515151,-0.0109090909090909,-0.1781818181818182,0.0003367165327817,-0.1766809728183118,2830.0,2710.0,1.0980066445182723,-0.0017047876118767,-0.0001447252093806,4.80051479294398e-05
1996-10-25,2740.0,2740.0,2710.0,2720.0,34200.0,2720.0,2782.0,2794.0,2809.6,2772.5333333333333,2657.5,False,False,False,False,False,False,False,True,False,True,False,-0.0036764705882352,-0.0110294117647058,,,-0.0329411764705882,-0.019313725490196,-0.0183823529411764,-0.1691176470588235,0.0002404539771087,-0.1775232641374373,2850.0,2710.0,0.5173978819969742,-0.002135535307517,-0.0004307476956403,-9.626255567305476e-05
1996-10-28,2720.0,2720.0,2680.0,2700.0,100200.0,2700.0,2754.0,2788.0,2803.6,2773.333333333333,2657.95,False,False,False,False,False,False,False,True,False,True,False,0.0037037037037037,0.0074074074074074,,,-0.0383703703703703,-0.0271604938271603,-0.037037037037037,-0.1296296296296296,0.0002884615384614,-0.1736011477761836,2930.0,2690.0,2.929824561403509,-0.0021401055785418,-4.5702710247904656e-06,4.8007561352713394e-05
1996-10-29,2700.0,2700.0,2680.0,2690.0,54200.0,2690.0,2724.0,2775.0,2798.4,2774.266666666667,2658.45,False,False,False,False,False,False,False,True,False,False,False,0.0185873605947955,0.0185873605947955,,,-0.0402973977695167,-0.0313258983890955,-0.0855018587360594,-0.1338289962825278,0.0003364252415054,-0.169009009009009,2920.0,2680.0,0.5409181636726547,-0.0018582046883933,0.0002819008901485,4.796370304400831e-05
1996-10-30,2700.0,2700.0,2690.0,2690.0,55700.0,2690.0,2710.0,2763.0,2792.0,2775.333333333333,2659.4,False,False,False,False,False,False,False,True,False,True,False,-0.0037174721189591,0.0185873605947955,,,-0.0379182156133829,-0.0317224287484509,-0.1078066914498141,-0.1635687732342007,0.0003843382176313,-0.1686572566051393,2890.0,2680.0,1.0276752767527677,-0.0022922636103152,-0.0004340589219219,4.791297612588168e-05
1996-10-31,2680.0,2730.0,2680.0,2730.0,21800.0,2730.0,2706.0,2755.0,2786.8,2776.8,2660.6,False,False,False,False,False,False,False,True,False,False,False,-0.0036630036630036,0.0036630036630036,,,-0.0208058608058608,-0.0171428571428572,-0.1172161172161172,-0.1684981684981685,0.0005281859214445,-0.1680580762250453,2810.0,2670.0,0.3913824057450628,-0.0018659394287354,0.0004263241815798,0.0001438477038131
1996-11-01,2720.0,2750.0,2700.0,2710.0,43900.0,2710.0,2704.0,2743.0,2780.8,2778.133333333333,2661.8,False,False,False,False,False,False,False,True,False,True,False,-0.007380073800738,0.0,,,-0.0261254612546126,-0.0251414514145141,-0.0959409594095941,-0.1623616236162361,0.0004799385678632,-0.1658767772511848,2800.0,2680.0,2.0137614678899083,-0.0021576524741081,-0.0002917130453727,-4.824735358131864e-05
1996-11-05,2750.0,2750.0,2680.0,2710.0,16600.0,2710.0,2706.0,2730.0,2775.2,2779.4666666666667,2662.6,False,False,True,False,False,False,False,True,False,False,False,0.003690036900369,0.003690036900369,,,-0.0240590405904058,-0.0256334563345633,-0.088560885608856,-0.1771217712177121,0.0004797083373309,-0.1652014652014652,2780.0,2680.0,0.378132118451025,-0.0020178725857597,0.0001397798883484,-2.302305322470356e-07
1996-11-06,2670.0,2740.0,2670.0,2740.0,11700.0,2740.0,2716.0,2720.0,2769.6,2780.9333333333334,2663.15,False,False,False,False,False,False,False,True,False,True,False,0.0,-0.010948905109489,,,-0.0108029197080291,-0.0149391727493917,-0.0912408759124087,-0.1861313868613138,0.0005274008726087,-0.1647058823529411,2770.0,2690.0,0.7048192771084337,-0.0020219526285383,-4.080042778667817e-06,4.769253527777003e-05
1996-11-07,2740.0,2740.0,2680.0,2680.0,36600.0,2680.0,2714.0,2712.0,2762.0,2781.2,2662.8,False,False,False,False,False,False,False,True,False,True,False,0.0223880597014925,0.0111940298507462,,,-0.0305970149253731,-0.0377611940298506,-0.0746268656716417,-0.1716417910447761,9.588187353172162e-05,-0.1640855457227138,2800.0,2700.0,3.128205128205128,-0.0027516292541636,-0.0007296766256252,-0.000431518999077
1996-11-08,2680.0,2720.0,2680.0,2720.0,35000.0,2720.0,2712.0,2709.0,2756.4,2782.0,2662.9,False,False,False,False,False,False,False,True,False,False,False,0.0073529411764705,0.0073529411764705,,,-0.0133823529411765,-0.0227941176470588,-0.0919117647058823,-0.1838235294117647,0.0002875629043853,-0.1646363971945367,2780.0,2720.0,0.9562841530054644,-0.0020316354665505,0.000719993787613,0.0001916810308536
1996-11-11,2680.0,2730.0,2680.0,2690.0,54900.0,2690.0,2708.0,2706.0,2751.6,2782.5333333333333,2662.95,False,False,False,False,False,False,False,True,False,False,False,0.0074349442379182,0.0148698884758364,,,-0.022899628252788,-0.0343990086741016,-0.0817843866171003,-0.1710037174721189,0.0001916718577794,-0.1648189209164819,2810.0,2750.0,1.5685714285714285,-0.0017444395987789,0.0002871958677715,-9.589104660592904e-05
1996-11-12,2700.0,2720.0,2690.0,2720.0,18900.0,2720.0,2710.0,2708.0,2748.8,2783.4666666666667,2663.25,False,False,False,False,False,False,False,True,False,False,False,0.0,0.0073529411764705,,,-0.0105882352941177,-0.0233333333333333,-0.0992647058823529,-0.1911764705882352,0.0003353132784058,-0.1709748892171344,2840.0,2870.0,0.3442622950819672,-0.0010186263096622,0.0007258132891166,0.0001436414206263
1996-11-13,2710.0,2760.0,2690.0,2740.0,158600.0,2740.0,2710.0,2713.0,2748.4,2784.6666666666665,2663.8,False,False,False,False,False,False,False,True,False,False,False,-0.010948905109489,0.0036496350364963,,,-0.0030656934306569,-0.0163017031630169,-0.1240875912408759,-0.2445255474452554,0.0004309312903997,-0.1820862513822337,2870.0,2820.0,8.39153439153439,-0.0001455392228205,0.0008730870868417,9.56180119938965e-05
1996-11-14,2740.0,2750.0,2720.0,2740.0,60900.0,2740.0,2722.0,2718.0,2747.6,2785.333333333333,2664.35,False,False,False,False,False,False,False,True,False,True,False,-0.010948905109489,-0.0036496350364963,,,-0.0027737226277371,-0.01654501216545,-0.1423357664233576,-0.2372262773722627,0.0002393489707993,-0.1894775570272259,2870.0,2810.0,0.3839848675914249,-0.0002911631969719,-0.0001456239741513,-0.0001915823196003
1996-11-15,2740.0,2750.0,2720.0,2740.0,10300.0,2740.0,2726.0,2719.0,2747.2,2785.733333333333,2664.8,False,False,False,False,False,False,False,True,False,False,False,0.0,-0.0072992700729927,,,-0.0026277372262773,-0.0166909975669098,-0.1605839416058394,-0.2481751824817518,0.0001435887617862,-0.1974990805443177,2870.0,2830.0,0.1691297208538587,-0.0001456027955737,0.0001455604013982,-9.576020901309433e-05
1996-11-18,2750.0,2750.0,2700.0,2710.0,8400.0,2710.0,2730.0,2719.0,2746.0,2785.733333333333,2665.3,False,False,False,False,False,False,False,False,False,True,False,0.007380073800738,-0.014760147601476,,,-0.0132841328413284,-0.0279458794587945,-0.1586715867158671,-0.2250922509225092,0.0,-0.2037513791835233,2870.0,2850.0,0.8155339805825242,-0.0004369992716678,-0.0002913964760941,-0.0001435887617862
1996-11-19,2710.0,2740.0,2700.0,2720.0,37600.0,2720.0,2730.0,2720.0,2744.4,2786.133333333333,2665.8,False,False,False,False,False,False,False,True,False,True,False,0.0073529411764705,-0.0441176470588235,,,-0.0089705882352941,-0.024313725490196,-0.1433823529411764,-0.2352941176470588,0.0001435681470138,-0.2095588235294117,2850.0,2840.0,4.476190476190476,-0.0005830053927998,-0.000146006121132,0.0001435681470138
1996-11-20,2710.0,2740.0,2700.0,2710.0,30300.0,2710.0,2724.0,2717.0,2740.0,2786.5333333333333,2666.1,False,False,False,False,False,False,False,True,False,True,False,0.014760147601476,-0.092250922509225,,,-0.011070110701107,-0.028241082410824,-0.1143911439114391,-0.2287822878228782,0.0001435475381597,-0.2138387927861612,2820.0,2880.0,0.8058510638297872,-0.0016058394160584,-0.0010228340232585,-2.0608854061992223e-08
1996-11-21,2740.0,2740.0,2710.0,2710.0,18900.0,2710.0,2718.0,2720.0,2736.0,2786.9333333333334,2666.5,False,False,False,False,False,False,False,True,False,False,False,0.007380073800738,-0.1143911439114391,,,-0.0095940959409594,-0.0283886838868388,-0.1254612546125461,-0.2250922509225092,0.0001435269352215,-0.2191176470588235,2850.0,2850.0,0.6237623762376238,-0.0014619883040935,0.0001438511119648,-2.06029382106602e-08
1996-11-22,2710.0,2740.0,2690.0,2740.0,22800.0,2740.0,2718.0,2722.0,2733.2,2787.866666666667,2667.3,False,False,False,False,True,False,False,True,False,False,False,-0.0072992700729927,-0.1204379562043795,,,0.0024817518248175,-0.0174695863746959,-0.156934306569343,-0.2408759124087591,0.0003347840642785,-0.224834680382072,2860.0,2830.0,1.2063492063492065,-0.0010244402165959,0.0004375480874975,0.000191257129057
1996-11-25,2740.0,2760.0,2730.0,2730.0,40800.0,2730.0,2722.0,2726.0,2729.2,2788.5333333333333,2668.0,False,False,False,False,False,False,False,True,False,True,False,-0.0219780219780219,-0.1025641025641025,,,0.0002930402930403,-0.0214407814407814,-0.1575091575091575,-0.238095238095238,0.0002390743042937,-0.231474688187821,2860.0,2850.0,1.7894736842105263,-0.0014656309541257,-0.0004411907375297,-9.570975998484196e-05
1996-11-26,2760.0,2780.0,2740.0,2740.0,94100.0,2740.0,2726.0,2728.0,2725.2,2789.333333333333,2668.45,False,False,False,False,False,False,False,True,False,True,False,-0.0510948905109489,-0.0985401459854014,,,0.0054014598540146,-0.0180048661800485,-0.1642335766423357,-0.2481751824817518,0.0002868068833651,-0.2371700879765396,2850.0,2930.0,2.306372549019608,-0.0014677821811243,-2.151226998570047e-06,4.773257907138284e-05
1996-11-27,2750.0,2770.0,2730.0,2750.0,178700.0,2750.0,2734.0,2729.0,2721.6,2790.133333333333,2669.1,False,False,False,False,False,False,False,True,False,False,False,-0.1054545454545454,-0.0945454545454545,,,0.0103272727272727,-0.0145939393939393,-0.1781818181818182,-0.2872727272727273,0.0002867246487623,-0.2414803957493587,2880.0,2920.0,1.8990435706695008,-0.0013227513227512,0.000145030858373,-8.223460273252148e-08
1996-11-28,2750.0,2750.0,2700.0,2730.0,35600.0,2730.0,2738.0,2728.0,2720.4,2790.5333333333333,2669.85,False,False,False,False,False,False,False,True,False,False,False,-0.1208791208791208,-0.0915750915750915,,,0.0035164835164834,-0.0221733821733821,-0.1648351648351648,-0.2637362637362637,0.0001433417745712,-0.2441348973607038,2870.0,2890.0,0.1992165640738668,-0.000441111601235,0.0008816397215162,-0.0001433828741911
1996-11-29,2710.0,2730.0,2710.0,2720.0,44100.0,2720.0,2734.0,2726.0,2719.2,2790.5333333333333,2670.45,False,False,False,False,False,False,False,False,False,True,False,-0.1139705882352941,-0.0919117647058823,,,0.0002941176470588,-0.0259313725490196,-0.1727941176470588,-0.2536764705882353,0.0,-0.2446808510638297,2860.0,2810.0,1.2387640449438202,-0.000441306266549,-1.946653140397735e-07,-0.0001433417745712
1996-12-02,2710.0,2720.0,2660.0,2670.0,24700.0,2670.0,2722.0,2722.0,2717.2,2789.4666666666667,2670.75,False,False,False,False,False,True,False,False,False,True,False,-0.0823970037453183,-0.0749063670411985,,,-0.0176779026217227,-0.0447440699126092,-0.1273408239700374,-0.2322097378277153,-0.0003823908990965,-0.245407788390889,2810.0,2800.0,0.5600907029478458,-0.0007360518180479,-0.0002947455514989,-0.0003823908990965
1996-12-03,2670.0,2690.0,2510.0,2600.0,96100.0,2600.0,2694.0,2710.0,2713.2,2785.866666666667,2670.75,False,False,False,False,False,False,False,False,False,True,False,-0.05,-0.0576923076923076,,,-0.0435384615384614,-0.0714871794871795,-0.0923076923076923,-0.2038461538461538,-0.0012922370058389,-0.2424354243542435,2790.0,2780.0,3.890688259109312,-0.0014742739200943,-0.0007382221020463,-0.0009098461067423
1996-12-04,2510.0,2530.0,2460.0,2460.0,95900.0,2460.0,2636.0,2685.0,2704.0,2781.0666666666666,2670.3,False,False,False,False,False,False,False,False,False,True,False,0.0121951219512195,-0.024390243902439,,,-0.0991869918699187,-0.1305149051490514,-0.032520325203252,-0.1585365853658536,-0.0017259564675424,-0.2361266294227188,2750.0,2770.0,0.9979188345473464,-0.0034023668639052,-0.0019280929438109,-0.0004337194617035
1996-12-05,2460.0,2460.0,2400.0,2400.0,189700.0,2400.0,2570.0,2654.0,2692.4,2775.6,2669.6,False,False,False,False,False,False,False,False,False,True,False,0.0333333333333333,-0.0208333333333333,,,-0.1218333333333333,-0.1564999999999999,-0.025,-0.1416666666666666,-0.0019695441225921,-0.2287113790504898,2760.0,2800.0,1.9781021897810216,-0.004308423711187,-0.0009060568472817,-0.0002435876550496
1996-12-06,2460.0,2480.0,2400.0,2410.0,80100.0,2410.0,2508.0,2621.0,2679.6,2770.0,2668.95,False,False,False,False,False,False,False,False,False,True,False,0.0248962655601659,-0.0456431535269709,,,-0.1118672199170124,-0.1493775933609958,-0.0207468879668049,-0.1410788381742738,-0.0020216606498194,-0.219381915299504,2750.0,2780.0,0.4222456510279389,-0.0047768323630393,-0.0004684086518523,-5.2116527227338665e-05
1996-12-09,2450.0,2460.0,2420.0,2450.0,17600.0,2450.0,2464.0,2593.0,2669.2,2764.6666666666665,2668.75,False,False,False,False,False,False,False,False,False,False,False,0.0081632653061224,-0.0693877551020408,,,-0.0894693877551019,-0.1284353741496598,-0.0612244897959183,-0.1551020408163265,-0.0019291053773812,-0.2113382182799845,2740.0,2810.0,0.2197253433208489,-0.0038962985164094,0.0008805338466298,9.255527243816754e-05
1996-12-10,2460.0,2500.0,2460.0,2470.0,60800.0,2470.0,2438.0,2566.0,2659.6,2759.733333333333,2668.75,False,False,False,False,False,False,False,False,False,False,False,-0.0080971659919028,-0.0566801619433198,,,-0.0767611336032388,-0.1173009446693656,-0.048582995951417,-0.145748987854251,-0.0017876123296937,-0.201091192517537,2760.0,2840.0,3.4545454545454546,-0.0036095653481726,0.0002867331682368,0.0001414930476875
1996-12-11,2500.0,2510.0,2470.0,2490.0,91800.0,2490.0,2444.0,2540.0,2649.6,2754.5333333333333,2668.7,False,False,False,False,False,False,False,False,False,True,False,-0.036144578313253,-0.036144578313253,,,-0.0640963855421686,-0.1062382864792503,-0.0642570281124498,-0.1285140562248996,-0.0018877970860157,-0.1846456692913385,2820.0,2870.0,1.5098684210526316,-0.0037741545893719,-0.0001645892411993,-0.000100184756322
1996-12-12,2490.0,2490.0,2460.0,2480.0,45500.0,2480.0,2460.0,2515.0,2641.6,2749.6,2668.2,False,False,False,False,False,False,False,False,False,False,False,-0.0524193548387096,-0.0443548387096774,,,-0.0651612903225806,-0.1087096774193548,-0.0604838709677419,-0.1209677419354838,-0.0017942003685384,-0.1697813121272365,2810.0,2870.0,0.4956427015250544,-0.0030284675953967,0.0007456869939752,9.359671747723782e-05
1996-12-13,2450.0,2490.0,2450.0,2470.0,55900.0,2470.0,2472.0,2490.0,2631.6,2744.8,2667.65,False,False,False,False,False,False,False,False,False,True,False,-0.068825910931174,-0.0647773279352226,,,-0.0654251012145748,-0.111255060728745,-0.0728744939271255,-0.117408906882591,-0.0017487612940832,-0.1554216867469879,2810.0,2870.0,1.2285714285714286,-0.0037999696002431,-0.0007715020048464,4.5439074455218015e-05
1996-12-16,2490.0,2490.0,2470.0,2470.0,21600.0,2470.0,2476.0,2470.0,2622.8,2739.733333333333,2667.3,False,False,False,False,False,False,False,False,False,False,False,-0.0769230769230769,-0.068825910931174,,,-0.0618623481781377,-0.1092037786774628,-0.048582995951417,-0.1052631578947368,-0.001849328401791,-0.1421052631578947,2830.0,2870.0,0.3864042933810375,-0.003355192923593,0.0004447766766501,-0.0001005671077078
1996-12-17,2470.0,2480.0,2450.0,2450.0,43900.0,2450.0,2472.0,2455.0,2612.0,2733.333333333333,2667.0,False,False,False,False,False,False,False,False,False,True,False,-0.0489795918367346,-0.0653061224489796,,,-0.0661224489795918,-0.1156462585034012,-0.0285714285714285,-0.0979591836734693,-0.0023414634146341,-0.1311608961303462,2840.0,2850.0,2.0324074074074074,-0.004134762633997,-0.000779569710404,-0.0004921350128431
1996-12-18,2450.0,2450.0,2400.0,2400.0,60300.0,2400.0,2454.0,2449.0,2598.4,2726.4,2665.8,False,False,False,False,False,False,False,False,False,True,False,0.0,-0.0583333333333333,,,-0.0826666666666667,-0.136,-0.0208333333333333,-0.0666666666666666,-0.00254303599374,-0.1220906492445896,2840.0,2820.0,1.373576309794989,-0.0052339901477832,-0.0010992275137862,-0.0002015725791058
1996-12-19,2400.0,2400.0,2310.0,2350.0,96000.0,2350.0,2428.0,2444.0,2582.8,2719.2,2664.7,False,False,False,False,False,False,False,False,False,True,False,0.0085106382978723,-0.0297872340425531,,,-0.0990638297872341,-0.1571063829787233,-0.0042553191489361,-0.0170212765957446,-0.002647837599294,-0.1100654664484451,2760.0,2850.0,1.592039800995025,-0.0060399566362087,-0.0008059664884255,-0.0001048016055539
1996-12-20,2390.0,2390.0,2280.0,2300.0,39600.0,2300.0,2394.0,2433.0,2565.2,2712.4,2663.5,False,False,False,False,False,False,False,False,False,True,False,0.0043478260869565,-0.0217391304347826,,,-0.1153043478260868,-0.179304347826087,0.0043478260869565,0.0565217391304347,-0.0025070048665387,-0.0912453760789149,2750.0,2860.0,0.4125,-0.0068610634648371,-0.0008211068286284,0.0001408327327552
1996-12-24,2280.0,2310.0,2270.0,2280.0,30600.0,2280.0,2356.0,2416.0,2548.0,2705.4666666666667,2662.2,False,False,False,False,False,False,False,False,False,False,False,0.0087719298245614,0.0219298245614035,,,-0.1175438596491228,-0.1866081871345029,0.0087719298245614,0.0307017543859649,-0.0025627125326499,-0.0732615894039735,2720.0,2860.0,0.7727272727272727,-0.0067503924646781,0.000110671000159,-5.570766611120775e-05
1996-12-25,2320.0,2330.0,2290.0,2330.0,35600.0,2330.0,2332.0,2402.0,2532.4,2699.4666666666667,2661.3,False,False,False,False,False,False,False,False,False,False,False,-0.0171673819742489,0.0128755364806866,,,-0.0868669527896996,-0.1585693848354792,-0.0171673819742489,0.0214592274678111,-0.0022226612664229,-0.0566194837635303,2700.0,2850.0,1.1633986928104576,-0.0061601642710471,0.0005902281936309,0.0003400512662269
1996-12-26,2350.0,2400.0,2330.0,2400.0,40700.0,2400.0,2332.0,2393.0,2520.0,2694.5333333333333,2660.7,False,False,False,False,False,False,False,False,False,False,False,-0.0583333333333333,-0.0083333333333333,,,-0.05,-0.1227222222222222,-0.0375,0.0083333333333333,-0.0018308674353011,-0.0426243209360635,2690.0,2880.0,1.1432584269662922,-0.0049206349206349,0.0012395293504122,0.0003917938311218
1996-12-27,2360.0,2430.0,2360.0,2370.0,21600.0,2370.0,2336.0,2382.0,2506.4,2688.8,2660.05,False,False,False,False,False,False,False,False,False,True,False,-0.0379746835443038,-0.0126582278481012,,,-0.0575527426160337,-0.1345147679324895,-0.0126582278481012,0.0168776371308016,-0.0021323018942774,-0.0285474391267842,2690.0,2870.0,0.5307125307125307,-0.0054261091605489,-0.000505474239914,-0.0003014344589762
1996-12-30,2360.0,2390.0,2300.0,2310.0,10500.0,2310.0,2338.0,2366.0,2489.2,2682.5333333333333,2658.95,False,False,False,False,False,False,False,False,False,True,False,-0.0259740259740259,0.0216450216450216,,,-0.0775757575757574,-0.1612698412698412,0.0043290043290043,0.0432900432900432,-0.0023361002037875,-0.0122569737954353,2730.0,2860.0,0.4861111111111111,-0.006909850554395,-0.0014837413938461,-0.0002037983095101
1997-01-06,2330.0,2330.0,2240.0,2300.0,13800.0,2300.0,2342.0,2349.0,2472.0,2675.733333333333,2658.1,False,False,False,False,False,False,False,False,False,True,False,0.0130434782608695,0.0,,,-0.0747826086956521,-0.1633623188405796,0.0043478260869565,0.0304347826086956,-0.0025413593781144,0.0017028522775649,2710.0,2810.0,1.3142857142857145,-0.0069579288025889,-4.807824819382661e-05,-0.0002052591743269
1997-01-07,2330.0,2330.0,2270.0,2290.0,15100.0,2290.0,2334.0,2333.0,2454.0,2668.4,2656.9,False,False,False,False,False,False,False,False,False,True,False,0.0305676855895196,0.0262008733624454,,,-0.0716157205240174,-0.1652401746724891,0.0131004366812227,0.0349344978165938,-0.0027482136611201,0.0154307758251178,2710.0,2790.0,1.0942028985507246,-0.0073349633251833,-0.0003770345225944,-0.0002068542830056
1997-01-08,2300.0,2300.0,2260.0,2260.0,45800.0,2260.0,2306.0,2319.0,2434.4,2660.266666666667,2655.5,False,False,False,False,False,False,False,False,False,True,False,0.0530973451327433,0.0309734513274336,,,-0.0771681415929203,-0.1771091445427729,0.0176991150442477,0.0575221238938053,-0.0030573376102645,0.0280293229840448,2740.0,2750.0,3.033112582781457,-0.0080512651988169,-0.0007163018736335,-0.0003091239491444
1997-01-09,2280.0,2280.0,2270.0,2280.0,40800.0,2280.0,2288.0,2312.0,2416.4,2652.4,2654.15,False,False,False,False,False,False,False,False,False,False,False,0.0263157894736842,0.0219298245614035,,,-0.0598245614035088,-0.1633333333333333,-0.0043859649122807,0.0745614035087719,-0.0029658673905394,0.03719723183391,2680.0,2760.0,0.8908296943231441,-0.0074490978314848,0.000602167367332,9.147021972515797e-05
1997-01-10,2280.0,2280.0,2220.0,2250.0,67100.0,2250.0,2276.0,2307.0,2397.6,2644.133333333333,2652.7,False,False,False,False,False,False,False,False,False,True,False,0.0488888888888888,0.0177777777777777,,,-0.0655999999999999,-0.1751703703703703,0.0044444444444444,0.0844444444444444,-0.003126418234078,0.0398786302557433,2720.0,2750.0,1.6446078431372548,-0.0078411745078412,-0.0003920766763563,-0.0001605508435386
1997-01-13,2250.0,2330.0,2240.0,2330.0,66600.0,2330.0,2282.0,2312.0,2384.0,2636.9333333333334,2651.45,False,False,False,False,False,False,False,False,False,False,True,-0.0128755364806866,0.0085836909871244,,,-0.023175965665236,-0.1317310443490701,-0.0300429184549356,0.03862660944206,-0.0027304444556807,0.0406574394463667,2690.0,2740.0,0.992548435171386,-0.0057046979865771,0.0021364765212641,0.0003959737783972
1997-01-14,2350.0,2380.0,2310.0,2360.0,41600.0,2360.0,2296.0,2315.0,2374.4,2630.4,2650.2,False,False,False,False,False,False,False,False,False,False,False,-0.0042372881355932,0.0084745762711864,,,-0.0061016949152542,-0.1145762711864407,-0.0042372881355932,0.0,-0.0024837793998377,0.0384449244060475,2720.0,2760.0,0.6246246246246246,-0.004043126684636,0.001661571301941,0.0002466650558429
1997-01-16,2360.0,2380.0,2350.0,2380.0,55000.0,2380.0,2320.0,2313.0,2371.2,2624.5333333333333,2649.0,False,False,False,False,True,False,False,False,False,False,False,-0.0210084033613445,-0.0126050420168067,,,0.0036974789915967,-0.1027450980392156,-0.0210084033613445,0.0042016806722689,-0.0022353180247917,0.0380458279290964,2740.0,2820.0,1.3221153846153846,-0.0013495276653172,0.0026935990193188,0.000248461375046
1997-01-17,2380.0,2400.0,2340.0,2340.0,34800.0,2340.0,2332.0,2310.0,2368.8,2617.733333333333,2649.3,False,False,False,False,False,False,False,False,False,False,False,-0.0042735042735042,0.0,,,-0.0123076923076923,-0.1186894586894586,-0.0384615384615384,0.0213675213675213,-0.0025976671929914,0.0385281385281385,2740.0,2810.0,0.6327272727272727,-0.001013171225937,0.0003363564393802,-0.0003623491681997
1997-01-20,2350.0,2370.0,2310.0,2360.0,52700.0,2360.0,2354.0,2315.0,2366.8,2611.0666666666666,2649.65,False,False,False,False,False,False,False,False,False,False,True,-0.0296610169491525,-0.0211864406779661,,,-0.0028813559322034,-0.1063841807909604,-0.0381355932203389,0.0169491525423728,-0.0025532349486799,0.03585313174946,2740.0,2810.0,1.514367816091954,-0.000845022815616,0.000168148410321,4.4432244311542416e-05
1997-01-21,2340.0,2350.0,2300.0,2300.0,35600.0,2300.0,2348.0,2315.0,2360.8,2603.6,2649.55,False,False,False,False,False,False,False,False,False,True,False,0.0217391304347826,0.0,,,-0.0264347826086957,-0.1319999999999999,-0.0130434782608695,0.0695652173913043,-0.0028678240385107,0.0397408207343412,2710.0,2830.0,0.6755218216318786,-0.002541511352084,-0.001696488536468,-0.0003145890898308
1997-01-22,2340.0,2350.0,2300.0,2350.0,37700.0,2350.0,2346.0,2321.0,2356.0,2596.9333333333334,2649.55,False,False,False,False,False,False,False,False,False,False,True,0.0127659574468085,-0.025531914893617,,,-0.0025531914893617,-0.1050780141843971,-0.051063829787234,0.0340425531914893,-0.0025671304615699,0.0396380870314519,2720.0,2840.0,1.0589887640449438,-0.002037351443124,0.00050415990896,0.0003006935769407
1997-01-23,2340.0,2340.0,2310.0,2330.0,36400.0,2330.0,2336.0,2328.0,2349.6,2589.6,2649.2,False,False,False,False,False,False,False,False,False,True,False,0.0085836909871244,-0.0085836909871244,,,-0.0084120171673819,-0.1114163090128755,-0.0429184549356223,0.0600858369098712,-0.0028318401812378,0.0399484536082474,2710.0,2840.0,0.9655172413793104,-0.0027238678924072,-0.0006865164492832,-0.0002647097196678
1997-01-24,2320.0,2350.0,2300.0,2330.0,58800.0,2330.0,2334.0,2333.0,2343.6,2582.4,2648.75,False,False,False,False,False,False,False,False,False,False,False,0.0042918454935622,0.0042918454935622,,,-0.0058369098712445,-0.1083261802575107,-0.0472103004291845,0.0729613733905579,-0.0027881040892192,0.0398628375482211,2710.0,2760.0,1.6153846153846154,-0.0025601638504864,0.0001637040419208,4.37360920185698e-05
1997-01-27,2350.0,2350.0,2290.0,2290.0,9400.0,2290.0,2320.0,2337.0,2336.4,2574.8,2648.0,False,False,False,False,False,False,False,False,False,True,False,0.0087336244541484,0.0131004366812227,,,-0.0202620087336244,-0.1243668122270743,-0.0305676855895196,0.0960698689956331,-0.002951685567811,0.0410783055198973,2740.0,2750.0,0.1598639455782313,-0.0030816640986131,-0.0005215002481267,-0.0001635814785917
1997-01-28,2330.0,2350.0,2290.0,2350.0,13400.0,2350.0,2330.0,2339.0,2331.6,2568.6666666666665,2647.5,False,False,False,False,True,False,False,False,False,False,False,-0.0212765957446808,-0.0170212765957446,,,0.0078297872340425,-0.0930496453900708,-0.051063829787234,0.076595744680851,-0.0023877498053466,0.0448909790508764,2730.0,2720.0,1.425531914893617,-0.0020586721564591,0.001022991942154,0.0005639357624644
1997-01-29,2350.0,2390.0,2340.0,2380.0,25200.0,2380.0,2336.0,2341.0,2328.8,2563.2,2647.05,False,False,False,False,False,False,False,False,False,False,False,-0.0378151260504201,-0.0252100840336134,,,0.0215126050420167,-0.0769747899159663,-0.0756302521008403,0.0546218487394958,-0.0021327507282563,0.0504058094831268,2740.0,2700.0,1.8805970149253728,-0.0012023359670215,0.0008563361894376,0.0002549990770902
1997-01-30,2400.0,2410.0,2350.0,2350.0,55500.0,2350.0,2340.0,2338.0,2326.8,2557.866666666667,2646.5,False,False,False,False,False,False,False,False,False,False,False,-0.0170212765957446,-0.0212765957446808,,,0.0098723404255318,-0.0884539007092199,-0.1191489361702127,0.0425531914893617,-0.0020850708924102,0.0543199315654405,2750.0,2690.0,2.202380952380953,-0.0008595495960116,0.0003427863710098,4.767983584613462e-05
1997-01-31,2390.0,2390.0,2340.0,2340.0,72300.0,2340.0,2342.0,2338.0,2326.4,2552.266666666667,2645.9,False,False,False,False,False,False,False,False,False,False,False,0.0,-0.0299145299145299,,,0.0058119658119657,-0.0907122507122508,-0.1068376068376068,0.0213675213675213,-0.0021941280952878,0.0543199315654405,2730.0,2690.0,1.3027027027027027,-0.000171939477304,0.0006876101187076,-0.0001090572028775
1997-02-03,2310.0,2330.0,2300.0,2310.0,14500.0,2310.0,2346.0,2333.0,2326.8,2546.4,2645.1,False,False,False,False,False,False,True,False,False,False,False,0.0043290043290043,-0.0216450216450216,,,-0.0072727272727273,-0.1023376623376623,-0.1082251082251082,0.0432900432900432,-0.0023039061681851,0.0570081440205743,2720.0,2730.0,0.2005532503457814,0.0001719099192023,0.0003438493965064,-0.0001097780728973
1997-02-04,2320.0,2350.0,2300.0,2300.0,17400.0,2300.0,2336.0,2333.0,2327.6,2540.5333333333333,2644.35,False,False,False,False,False,False,True,False,False,False,False,0.0043478260869565,-0.017391304347826,,,-0.0119999999999999,-0.1045797101449275,-0.0869565217391304,0.0565217391304347,-0.0023092264091529,0.0557222460351478,2670.0,2710.0,1.2,0.0003437016669529,0.0001717917477505,-5.320240967783985e-06
1997-02-05,2300.0,2330.0,2250.0,2290.0,20600.0,2290.0,2318.0,2327.0,2326.0,2534.266666666667,2643.55,False,False,False,False,False,False,False,False,False,True,False,0.0131004366812227,0.0262008733624454,,,-0.0157205240174672,-0.1066666666666667,-0.0917030567685589,0.0480349344978165,-0.002472773188825,0.0571551353674258,2600.0,2710.0,1.1839080459770115,-0.0006878761822871,-0.0010315778492401,-0.000163546779672
1997-02-06,2330.0,2330.0,2300.0,2310.0,15400.0,2310.0,2310.0,2325.0,2322.4,2527.4666666666667,2642.95,False,False,False,False,False,False,False,False,False,True,False,-0.0043290043290043,0.0086580086580086,,,-0.0053679653679654,-0.0941414141414141,-0.0952380952380952,0.0432900432900432,-0.0026904410213125,0.0554838709677419,2460.0,2740.0,0.7475728155339806,-0.0015501205649327,-0.0008622443826456,-0.0002176678324875
1997-02-07,2390.0,2400.0,2330.0,2340.0,18600.0,2340.0,2310.0,2326.0,2321.2,2521.2,2642.6,False,False,False,False,True,False,False,False,False,False,False,-0.0299145299145299,-0.0384615384615384,,,0.0080341880341881,-0.0774358974358973,-0.1025641025641025,0.0213675213675213,-0.0024855888730235,0.0503009458297506,2400.0,2680.0,1.207792207792208,-0.0005169739789765,0.0010331465859562,0.000204852148289
1997-02-10,2310.0,2330.0,2310.0,2320.0,25800.0,2320.0,2312.0,2329.0,2321.6,2514.6666666666665,2642.1,False,False,False,False,False,False,True,False,False,False,False,-0.0258620689655172,-0.021551724137931,,,-0.0006896551724137,-0.0839080459770114,-0.1034482758620689,0.0258620689655172,-0.0025980911983032,0.0433662516101331,2410.0,2720.0,1.3870967741935485,0.0001722949689869,0.0006892689479634,-0.0001125023252797
1997-02-12,2340.0,2350.0,2310.0,2310.0,30700.0,2310.0,2314.0,2325.0,2322.0,2507.733333333333,2641.45,False,False,False,False,False,False,True,False,False,True,False,-0.0216450216450216,-0.0173160173160173,,,-0.0051948051948051,-0.0855988455988455,-0.0995670995670995,0.0346320346320346,-0.002764780944279,0.0391397849462365,2450.0,2690.0,1.189922480620155,0.0001722652885443,-2.9680442547300923e-08,-0.0001666897459757
1997-02-13,2350.0,2350.0,2310.0,2320.0,53400.0,2320.0,2320.0,2319.0,2323.2,2500.8,2640.85,False,False,False,False,False,False,True,False,False,False,False,0.0129310344827586,-0.0387931034482758,,,-0.0013793103448275,-0.0779310344827587,-0.1120689655172413,0.043103448275862,-0.0027724461505649,0.0379473911168607,2470.0,2720.0,1.739413680781759,0.0005165289256197,0.0003442636370753,-7.665206285939734e-06
1997-02-14,2300.0,2320.0,2290.0,2300.0,47800.0,2300.0,2318.0,2314.0,2324.8,2493.6,2640.1,False,False,False,False,False,False,True,False,False,False,False,0.0130434782608695,-0.0304347826086956,,,-0.0107826086956522,-0.0841739130434782,-0.1478260869565217,0.0652173913043478,-0.0028873917228105,0.0401901469317199,2490.0,2740.0,0.8951310861423221,0.0006882312456987,0.0001717023200789,-0.0001149455722455
1997-02-17,2260.0,2270.0,2250.0,2270.0,37100.0,2270.0,2304.0,2307.0,2324.4,2487.0666666666666,2639.05,False,False,False,False,False,False,False,False,False,True,False,-0.0088105726872246,-0.0220264317180616,,,-0.0239647577092511,-0.0956240822320117,-0.1145374449339207,0.0969162995594713,-0.0026269232831179,0.047680970957954,2480.0,2740.0,0.7761506276150628,-0.0001720874204096,-0.0008603186661083,0.0002604684396925
1997-02-18,2270.0,2270.0,2250.0,2260.0,68300.0,2260.0,2292.0,2302.0,2324.8,2480.5333333333333,2637.4,False,False,False,False,False,False,True,False,False,False,False,0.0044247787610619,-0.0176991150442477,,,-0.0286725663716814,-0.0975811209439527,-0.1017699115044247,0.1017699115044247,-0.0026338421844764,0.0534317984361424,2470.0,2740.0,1.840970350404313,0.0001720578114246,0.0003441452318342,-6.918901358459514e-06
1997-02-19,2260.0,2290.0,2250.0,2260.0,47600.0,2260.0,2282.0,2298.0,2322.0,2474.4,2635.25,False,False,False,False,False,False,False,False,False,True,False,0.0044247787610619,-0.0132743362831858,,,-0.027433628318584,-0.0948672566371681,-0.0929203539823008,0.0929203539823008,-0.0024787153788123,0.057006092254134,2470.0,2710.0,0.6969253294289898,-0.0012058570198105,-0.0013779148312352,0.0001551268056641
1997-02-20,2290.0,2360.0,2260.0,2350.0,35100.0,2350.0,2288.0,2304.0,2321.6,2469.733333333333,2633.3,False,False,False,False,True,False,False,False,False,False,True,-0.051063829787234,-0.0638297872340425,,,0.0120851063829787,-0.0509503546099289,-0.1191489361702127,0.0297872340425531,-0.0018895427306593,0.0551215277777777,2450.0,2720.0,0.7373949579831933,-0.0001722949689869,0.0010335620508236,0.000589172648153
1997-02-21,2360.0,2360.0,2330.0,2330.0,70500.0,2330.0,2294.0,2306.0,2319.6,2464.9333333333334,2631.6,False,False,False,False,False,False,False,False,False,True,False,-0.0429184549356223,-0.111587982832618,,,0.0044635193133047,-0.0579113018597997,-0.111587982832618,0.03862660944206,-0.0019473143289878,0.054640069384215,2400.0,2710.0,2.0085470085470085,-0.0008622176237282,-0.0006899226547412,-5.777159832852331e-05
1997-02-24,2320.0,2360.0,2250.0,2250.0,28000.0,2250.0,2290.0,2297.0,2316.0,2459.0666666666666,2629.75,False,False,False,False,False,False,False,False,False,True,False,-0.0133333333333333,-0.0711111111111111,,,-0.0293333333333333,-0.0929185185185185,-0.0844444444444444,0.0622222222222222,-0.0023857290028737,0.0587723117109273,2350.0,2710.0,0.3971631205673759,-0.0015544041450776,-0.0006921865213494,-0.0004384146738859
1997-02-25,2290.0,2290.0,2250.0,2270.0,42700.0,2270.0,2292.0,2292.0,2312.4,2452.9333333333334,2628.0,False,False,False,False,False,False,False,False,False,True,False,-0.0220264317180616,-0.092511013215859,,,-0.0186784140969163,-0.0805873715124816,-0.0881057268722467,0.052863436123348,-0.0025004076751643,0.0615183246073298,2300.0,2740.0,1.525,-0.001556824078879,-2.419933801366342e-06,-0.0001146786722906
1997-02-26,2310.0,2310.0,2250.0,2270.0,64100.0,2270.0,2294.0,2288.0,2311.2,2447.0666666666666,2626.3,False,False,False,False,False,False,False,False,False,False,False,-0.0176211453744493,-0.0748898678414096,,,-0.0181497797356827,-0.0780029368575623,-0.0881057268722467,0.0748898678414096,-0.0023974282133711,0.0655594405594405,2280.0,2730.0,1.5011709601873535,-0.0005192107995847,0.0010376132792942,0.0001029794617932
1997-02-27,2250.0,2250.0,2230.0,2230.0,69400.0,2230.0,2270.0,2279.0,2306.4,2440.6666666666665,2624.35,False,False,False,False,False,False,False,False,False,True,False,-0.0134529147982062,-0.0672645739910313,,,-0.0342600896860986,-0.0944693572496262,-0.0538116591928251,0.0986547085201793,-0.0026222343621961,0.071083808688021,2330.0,2740.0,1.0826833073322932,-0.0020811654526533,-0.0015619546530686,-0.0002248061488249
1997-02-28,2230.0,2230.0,2220.0,2230.0,52600.0,2230.0,2250.0,2272.0,2302.4,2433.866666666667,2622.6,False,False,False,False,False,False,False,False,False,False,False,-0.0717488789237668,-0.0627802690582959,,,-0.0324663677130045,-0.0914200298953662,-0.0269058295964125,0.085201793721973,-0.0027939081845073,0.0730633802816901,2400.0,2750.0,0.7579250720461095,-0.0017373175816539,0.0003438478709994,-0.0001716738223112
1997-03-03,2230.0,2230.0,2220.0,2220.0,32000.0,2220.0,2244.0,2267.0,2298.0,2427.733333333333,2620.75,False,False,False,False,False,False,False,False,False,True,False,-0.0585585585585585,-0.054054054054054,,,-0.0351351351351351,-0.0935735735735734,-0.018018018018018,0.081081081081081,-0.0025263620386644,0.0714600794000882,2370.0,2730.0,0.6083650190114068,-0.0019147084421236,-0.0001773908604696,0.0002675461458429
1997-03-04,2260.0,2260.0,2220.0,2220.0,33500.0,2220.0,2234.0,2263.0,2295.2,2421.0666666666666,2619.0,False,False,False,False,False,False,False,False,False,False,False,-0.072072072072072,-0.063063063063063,,,-0.0338738738738737,-0.0905705705705705,-0.018018018018018,0.0585585585585585,-0.0027536072254652,0.067167476800707,2310.0,2720.0,1.046875,-0.0012199372603695,0.000694771181754,-0.0002272451868008
1997-03-05,2220.0,2230.0,2200.0,2230.0,160000.0,2230.0,2226.0,2260.0,2290.4,2414.9333333333334,2617.6,False,False,False,False,False,False,False,False,False,True,False,-0.0582959641255605,-0.0672645739910313,,,-0.027085201793722,-0.0829297458893871,-0.0089686098654708,0.0627802690582959,-0.0025397526501766,0.0641592920353982,2300.0,2670.0,4.776119402985074,-0.0020957038071951,-0.0008757665468255,0.0002138545752886
1997-03-06,2220.0,2230.0,2200.0,2200.0,169400.0,2200.0,2220.0,2245.0,2283.2,2408.0,2615.6,False,False,False,False,False,False,False,False,False,True,False,-0.0545454545454545,-0.0636363636363636,,,-0.0378181818181817,-0.0945454545454545,0.0045454545454545,0.0863636363636363,-0.0028792912513842,0.0699331848552338,2290.0,2600.0,1.05875,-0.0031534688156973,-0.0010577650085022,-0.0003395386012076
1997-03-07,2130.0,2150.0,2050.0,2070.0,75400.0,2070.0,2188.0,2219.0,2272.0,2399.0666666666666,2612.85,False,False,False,False,False,False,False,False,False,True,False,0.0096618357487922,-0.0531400966183574,,,-0.0975845410628019,-0.1589694041867954,0.0821256038647343,0.1932367149758454,-0.0037236703162341,0.0847228481297882,2260.0,2460.0,0.4451003541912632,-0.0049295774647886,-0.0017761086490912,-0.0008443790648498
1997-03-10,2100.0,2100.0,2060.0,2090.0,39900.0,2090.0,2162.0,2203.0,2262.0,2390.4,2610.3,False,False,False,False,False,False,False,False,False,False,False,0.0047846889952153,-0.0382775119617224,,,-0.0822966507177033,-0.143732057416268,0.1052631578947368,0.1674641148325359,-0.0036256135653725,0.0948706309577848,2280.0,2400.0,0.5291777188328912,-0.004420866489832,0.0005087109749566,9.805675086157822e-05
1997-03-11,2100.0,2110.0,2060.0,2060.0,27900.0,2060.0,2130.0,2182.0,2252.0,2381.333333333333,2607.55,False,False,False,False,False,False,False,False,False,True,False,0.0097087378640776,-0.0145631067961165,,,-0.0932038834951456,-0.155987055016181,0.1796116504854369,0.1699029126213592,-0.0038073908174693,0.1063244729605866,2250.0,2410.0,0.6992481203007519,-0.0044404973357015,-1.9630845869591032e-05,-0.0001817772520968
1997-03-12,2060.0,2100.0,2060.0,2100.0,20300.0,2100.0,2104.0,2165.0,2244.0,2373.2,2605.05,False,False,False,False,False,False,False,False,False,False,False,-0.0095238095238095,-0.0238095238095238,,,-0.0685714285714285,-0.130095238095238,0.119047619047619,0.1333333333333333,-0.0034271588291476,0.1122401847575057,2330.0,2450.0,0.7275985663082437,-0.0035650623885918,0.0008754349471097,0.0003802319883217
1997-03-13,2090.0,2100.0,2080.0,2080.0,28300.0,2080.0,2080.0,2150.0,2235.6,2364.6666666666665,2602.65,False,False,False,False,False,False,False,False,False,True,False,-0.0096153846153846,-0.0048076923076923,,,-0.0748076923076922,-0.1368589743589743,0.1442307692307692,0.1394230769230769,-0.0036086833944178,0.1162790697674418,2360.0,2470.0,1.3940886699507389,-0.0037573805689748,-0.000192318180383,-0.0001815245652701
1997-03-14,2070.0,2100.0,2070.0,2090.0,56600.0,2090.0,2084.0,2136.0,2226.8,2356.4,2600.25,False,False,False,False,False,False,False,False,False,True,False,-0.062200956937799,-0.0095693779904306,,,-0.0654545454545455,-0.1274641148325359,0.1578947368421052,0.1339712918660287,-0.0035081763141514,0.12125468164794,2380.0,2490.0,2.0,-0.0039518591701094,-0.0001944786011346,0.0001005070802663
1997-03-17,2100.0,2100.0,2070.0,2100.0,72800.0,2100.0,2086.0,2124.0,2217.2,2348.266666666667,2597.75,False,False,False,False,False,False,False,False,False,True,False,-0.0428571428571428,-0.019047619047619,,,-0.0558095238095237,-0.1182222222222223,0.1476190476190476,0.1238095238095238,-0.0034635475811945,0.1257062146892655,2340.0,2480.0,1.2862190812720848,-0.0043297853148116,-0.0003779261447021,4.462873295683944e-05
1997-03-18,2100.0,2100.0,2080.0,2080.0,74000.0,2080.0,2090.0,2110.0,2207.6,2339.4666666666667,2595.2,False,False,False,False,False,False,False,False,False,True,False,-0.0240384615384615,-0.0048076923076923,,,-0.0613461538461538,-0.1247435897435897,0.1586538461538461,0.1346153846153846,-0.0037615410919868,0.133649289099526,2360.0,2470.0,1.0164835164835164,-0.0043486138793259,-1.882856451428539e-05,-0.0002979935107922
1997-03-19,2100.0,2100.0,2070.0,2080.0,41500.0,2080.0,2086.0,2095.0,2198.4,2330.8,2592.6,False,False,False,False,False,False,False,False,False,False,False,-0.0144230769230769,-0.0048076923076923,,,-0.0569230769230769,-0.1205769230769231,0.1394230769230769,0.1394230769230769,-0.0037183227504146,0.1417661097852028,2300.0,2470.0,0.5608108108108109,-0.0041848617176127,0.0001637521617131,4.321834157218485e-05
1997-03-21,2100.0,2100.0,2050.0,2060.0,91200.0,2060.0,2082.0,2081.0,2188.0,2321.733333333333,2590.0,False,False,False,False,False,False,False,False,False,True,False,0.0048543689320388,0.0242718446601941,,,-0.062135922330097,-0.1270550161812296,0.1504854368932038,0.1504854368932038,-0.0039051283523805,0.1484863046612205,2350.0,2450.0,2.197590361445783,-0.0047531992687386,-0.0005683375511258,-0.0001868056019659
1997-03-24,2060.0,2060.0,1930.0,1960.0,83900.0,1960.0,2056.0,2070.0,2174.4,2311.2,2586.8,False,False,False,False,False,False,False,False,False,True,False,0.0561224489795918,0.1071428571428571,,,-0.1093877551020408,-0.1791836734693876,0.2193877551020408,0.2142857142857142,-0.0045575170185761,0.1502415458937198,2330.0,2400.0,0.9199561403508772,-0.0062545989698307,-0.0015013997010921,-0.0006523886661956
1997-03-25,1990.0,2040.0,1970.0,2010.0,68200.0,2010.0,2038.0,2062.0,2164.0,2301.6,2583.85,False,False,False,False,False,False,False,False,False,False,False,0.0248756218905472,0.0845771144278607,,,-0.0766169154228855,-0.1450746268656716,0.2189054726368159,0.1840796019900497,-0.0041710114702815,0.1517943743937924,2330.0,2350.0,0.8128724672228844,-0.0048059149722736,0.0014486839975571,0.0003865055482946
1997-03-26,2040.0,2040.0,2010.0,2030.0,54600.0,2030.0,2028.0,2059.0,2154.8,2292.4,2581.0,False,False,False,False,False,False,False,False,False,False,False,0.0197044334975369,0.0738916256157635,,,-0.0614778325123153,-0.1292610837438424,0.2019704433497537,0.1724137931034483,-0.0040132612109578,0.1520155415250121,2290.0,2300.0,0.8005865102639296,-0.0042695377761276,0.0005363771961459,0.0001577502593236
1997-03-27,2030.0,2070.0,2030.0,2050.0,20000.0,2050.0,2022.0,2054.0,2146.4,2284.133333333333,2578.0,False,False,False,False,False,False,False,False,False,False,False,0.0097560975609756,0.0780487804878048,,,-0.0470243902439024,-0.114211382113821,0.1804878048780487,0.1853658536585365,-0.0036191699258654,0.1572541382667965,2350.0,2280.0,0.3663003663003663,-0.0039135296310101,0.0003560081451175,0.0003940912850923
1997-03-28,2050.0,2070.0,2030.0,2070.0,10000.0,2070.0,2024.0,2053.0,2135.2,2277.0666666666666,2575.1,False,False,False,False,False,False,False,False,False,True,False,0.0193236714975845,0.0676328502415458,,,-0.0314975845410627,-0.1000322061191626,0.1400966183574879,0.1690821256038647,-0.0031034078931958,0.1602532878714077,2380.0,2330.0,0.5,-0.0052454102660173,-0.0013318806350072,0.0005157620326695
1997-03-31,2070.0,2070.0,2050.0,2070.0,24200.0,2070.0,2046.0,2051.0,2124.8,2271.866666666667,2572.0,False,False,False,False,False,False,False,False,False,False,False,0.0483091787439613,0.0821256038647343,,,-0.0264734299516909,-0.0975201288244767,0.1545893719806763,0.1739130434782608,-0.0022888667175302,0.1643100926377377,2350.0,2400.0,2.42,-0.0048945783132528,0.0003508319527645,0.0008145411756656
1997-04-01,2050.0,2070.0,2030.0,2060.0,51000.0,2060.0,2056.0,2047.0,2117.2,2267.333333333333,2568.75,False,False,False,False,False,False,False,False,False,False,False,0.058252427184466,0.1213592233009708,,,-0.027766990291262,-0.1006472491909383,0.1601941747572815,0.1796116504854369,-0.0019994119376655,0.1700048851978505,2340.0,2370.0,2.107438016528925,-0.003589646703193,0.0013049316100597,0.0002894547798647
1997-04-02,2060.0,2070.0,2020.0,2070.0,103300.0,2070.0,2064.0,2046.0,2109.2,2262.8,2565.6,False,False,False,False,False,False,False,False,False,True,False,0.0531400966183574,0.1739130434782608,,,-0.0189371980676327,-0.0931400966183575,0.1594202898550724,0.1594202898550724,-0.0020034175947201,0.1725317693059628,2310.0,2310.0,2.025490196078432,-0.0037929072634174,-0.0002032605602243,-4.005657054610874e-06
1997-04-03,2070.0,2090.0,2060.0,2070.0,32900.0,2070.0,2068.0,2045.0,2101.2,2257.733333333333,2562.3,False,False,False,False,False,False,False,False,False,True,False,0.0676328502415458,0.1352657004830917,,,-0.0150724637681158,-0.0906924315619966,0.1884057971014492,0.1545893719806763,-0.0022441386641471,0.174083129584352,2300.0,2300.0,0.3184898354307841,-0.0038073481819912,-1.4440918573833865e-05,-0.0002407210694269
1997-04-04,2050.0,2120.0,2000.0,2110.0,41200.0,2110.0,2076.0,2050.0,2096.4,2252.9333333333334,2559.05,False,False,False,False,True,False,False,False,False,False,True,0.0473933649289099,0.1279620853080568,,,0.0064454976303317,-0.0677409162717219,0.1516587677725118,0.1184834123222748,-0.0021305557199501,0.1707317073170731,2290.0,2290.0,1.2522796352583587,-0.0022896393817972,0.001517708800194,0.0001135829441969
1997-04-07,2110.0,2180.0,2110.0,2170.0,67200.0,2170.0,2096.0,2071.0,2094.0,2248.6666666666665,2556.1,False,False,False,False,False,False,False,False,False,False,False,0.032258064516129,0.1152073732718894,,,0.0350230414746543,-0.0362519201228878,0.1382488479262673,0.0783410138248847,-0.0018974206937445,0.1569290197971994,2310.0,2260.0,1.6310679611650485,-0.0011461318051576,0.0011435075766396,0.0002331350262056
1997-04-08,2170.0,2180.0,2150.0,2180.0,30600.0,2180.0,2120.0,2088.0,2092.4,2244.6666666666665,2552.95,False,False,False,False,False,False,False,False,False,False,False,0.0596330275229357,0.1055045871559633,,,0.040183486238532,-0.029663608562691,0.146788990825688,0.110091743119266,-0.0017820017820017,0.1494252873563218,2340.0,2280.0,0.4553571428571428,-0.000764672146817,0.0003814596583406,0.0001154189117427
1997-04-09,2180.0,2180.0,2130.0,2180.0,34800.0,2180.0,2142.0,2103.0,2090.8,2240.8,2549.9,False,False,False,False,False,False,False,False,False,True,False,0.1146788990825688,0.1055045871559633,,,0.0409174311926604,-0.0278899082568808,0.1513761467889908,0.1192660550458715,-0.0017255741996904,0.1440798858773181,2320.0,2250.0,1.1372549019607845,-0.000765257317773,-5.851709560489001e-07,5.6427582311344496e-05
1997-04-10,2160.0,2220.0,2160.0,2210.0,58000.0,2210.0,2170.0,2119.0,2090.0,2237.333333333333,2547.1,False,False,False,False,False,False,False,False,False,False,False,0.0633484162895927,0.0723981900452488,,,0.0542986425339366,-0.0123680241327298,0.1447963800904977,0.1402714932126696,-0.0015494636471992,0.1396885323265691,2310.0,2330.0,1.6666666666666667,-0.0003827751196173,0.0003824821981557,0.0001761105524911
1997-04-11,2250.0,2260.0,2210.0,2210.0,143000.0,2210.0,2190.0,2133.0,2090.4,2234.133333333333,2544.4,False,False,False,False,False,False,True,False,False,False,False,0.0769230769230769,0.0723981900452488,,,0.0541176470588234,-0.0109200603318249,0.1357466063348416,0.1447963800904977,-0.0014323227500595,0.1373652133145804,2320.0,2360.0,2.4655172413793105,0.0001913509376196,0.0005741260572369,0.0001171408971396
1997-04-14,2170.0,2240.0,2170.0,2240.0,38600.0,2240.0,2204.0,2150.0,2097.2,2232.0,2542.0,False,False,False,False,False,False,True,False,True,False,False,0.0803571428571428,0.0669642857142857,,,0.06375,0.0035714285714285,0.09375,0.1875,-0.0009557945041815,0.1390697674418604,2300.0,2380.0,0.2699300699300699,0.003242418462712,0.0030510675250924,0.000476528245878
1997-04-15,2260.0,2360.0,2260.0,2310.0,187000.0,2310.0,2230.0,2175.0,2106.0,2231.4666666666667,2539.8,False,False,False,False,False,False,True,False,False,False,False,0.0432900432900432,0.0606060606060606,,,0.0883116883116883,0.0339971139971139,0.0346320346320346,0.1818181818181818,-0.0002390057361376,0.1397701149425287,2270.0,2340.0,4.844559585492228,0.0041785375118709,0.0009361190491588,0.0007167887680438
1997-04-16,2380.0,2430.0,2370.0,2430.0,98900.0,2430.0,2280.0,2211.0,2120.8,2233.2,2538.25,False,False,False,False,False,False,True,True,False,False,False,-0.0082304526748971,0.0041152263374485,,,0.1272427983539094,0.0809876543209877,-0.0082304526748971,0.0864197530864197,0.0007761657412381,0.1320669380370873,2260.0,2360.0,0.5288770053475936,0.0069784986797435,0.0027999611678726,0.0010151714773758
1997-04-17,2420.0,2420.0,2350.0,2350.0,34100.0,2350.0,2308.0,2239.0,2130.8,2234.133333333333,2536.35,False,False,False,False,False,False,True,True,False,True,False,0.0085106382978723,0.0297872340425531,,,0.0932765957446807,0.0493049645390071,0.0340425531914893,0.1106382978723404,0.0004177608021007,0.1277355962483251,2260.0,2300.0,0.3447927199191102,0.0046930730242162,-0.0022854256555273,-0.0003584049391374
1997-04-18,2390.0,2390.0,2330.0,2380.0,94700.0,2380.0,2342.0,2266.0,2142.8,2234.8,2534.5,False,False,False,False,False,False,True,True,False,False,False,-0.0042016806722689,-0.0084033613445378,,,0.0996638655462184,0.0610084033613444,0.0084033613445378,0.088235294117647,0.0002983115565898,0.1244483671668137,2350.0,2350.0,2.777126099706745,0.0056001493373156,0.0009070763130994,-0.0001194492455109
1997-04-21,2400.0,2420.0,2380.0,2420.0,49400.0,2420.0,2378.0,2291.0,2156.0,2235.0666666666666,2532.85,False,False,False,False,False,False,True,True,False,False,False,-0.012396694214876,-0.012396694214876,,,0.109090909090909,0.0764187327823691,-0.0041322314049586,0.0330578512396694,0.0001193103859689,0.1191619380183326,2330.0,2330.0,0.5216473072861668,0.0061224489795917,0.000522299642276,-0.0001790011706208
1997-04-22,2420.0,2420.0,2360.0,2410.0,119500.0,2410.0,2398.0,2314.0,2168.4,2235.6,2531.1,False,False,False,False,False,False,True,True,False,True,False,0.0165975103734439,-0.0082987551867219,,,0.1002489626556016,0.0723651452282158,-0.0082987551867219,0.0331950207468879,0.0002385638456491,0.1110630942091616,2250.0,2330.0,2.419028340080972,0.0057185021213798,-0.0004039468582118,0.0001192534596801
1997-04-23,2410.0,2410.0,2390.0,2410.0,84800.0,2410.0,2394.0,2337.0,2181.6,2236.9333333333334,2529.25,False,False,False,False,False,False,True,True,False,False,False,0.0124481327800829,-0.0041493775933609,,,0.0947717842323651,0.0718118948824342,-0.0124481327800829,0.0124481327800829,0.0005960541217143,0.1001283697047496,2270.0,2290.0,0.7096234309623431,0.0060506050605059,0.0003321029391261,0.0003574902760651
1997-04-24,2410.0,2420.0,2370.0,2370.0,22400.0,2370.0,2398.0,2353.0,2193.2,2237.866666666667,2527.2,False,False,False,False,False,False,True,True,False,True,False,0.0210970464135021,0.0379746835443038,,,0.0745991561181435,0.0557524613220815,0.0084388185654008,0.050632911392405,0.0004170638703527,0.0913727156821079,2270.0,2350.0,0.2641509433962264,0.0052890753237278,-0.0007615297367781,-0.0001789902513615
1997-04-25,2420.0,2420.0,2350.0,2370.0,16800.0,2370.0,2396.0,2369.0,2205.6,2238.9333333333334,2525.2,False,False,False,False,False,False,True,True,False,False,False,-0.0042194092827004,0.0253164556962025,,,0.0693670886075949,0.0553023909985935,0.0210970464135021,0.0548523206751054,0.0004764173415912,0.0827353313634444,2230.0,2380.0,0.75,0.0056220529561117,0.0003329776323839,5.935347123846291e-05
1997-04-28,2370.0,2390.0,2340.0,2390.0,11200.0,2390.0,2390.0,2384.0,2222.8,2240.6666666666665,2523.55,False,False,False,False,False,False,True,True,False,False,False,0.0,0.0334728033472803,,,0.0699581589958158,0.0624825662482566,0.0251046025104602,0.0251046025104602,0.0007735792918773,0.0671140939597315,2230.0,2350.0,0.6666666666666666,0.0077379881230881,0.0021159351669763,0.0002971619502861
1997-04-30,2400.0,2460.0,2390.0,2450.0,42500.0,2450.0,2398.0,2398.0,2240.4,2242.9333333333334,2522.3,False,False,False,False,False,False,True,True,False,False,False,-0.0244897959183673,0.0204081632653061,,,0.0855510204081632,0.084517006802721,0.0163265306122449,0.0081632653061224,0.0010105813815242,0.0500417014178482,2220.0,2340.0,3.794642857142857,0.0078557400464202,0.0001177519233321,0.0002370020896469
1997-05-01,2470.0,2470.0,2420.0,2440.0,38000.0,2440.0,2404.0,2399.0,2256.8,2245.4666666666667,2521.1,True,True,False,False,False,False,True,True,False,True,False,-0.0163934426229508,0.0286885245901639,,,0.0750819672131146,0.0797267759562841,0.0204918032786885,0.0040983606557377,0.0011281990380618,0.0416840350145894,2220.0,2310.0,0.8941176470588236,0.0072669266217653,-0.0005888134246548,0.0001176176565375
1997-05-02,2450.0,2450.0,2390.0,2420.0,66800.0,2420.0,2414.0,2406.0,2271.6,2246.6666666666665,2519.85,False,False,False,False,False,False,True,True,False,True,True,0.0165289256198347,0.0454545454545454,,,0.0613223140495868,0.0716253443526171,0.0206611570247933,0.0,0.00053412462908,0.0307564422277639,2230.0,2300.0,1.7578947368421052,0.006515231554851,-0.0007516950669142,-0.0005940744089818
1997-05-06,2450.0,2450.0,2360.0,2360.0,69900.0,2360.0,2412.0,2404.0,2283.2,2246.6666666666665,2518.45,False,False,False,False,False,False,True,False,False,True,False,0.0296610169491525,0.0635593220338983,,,0.032542372881356,0.0480225988700565,0.0254237288135593,0.0466101694915254,0.0,0.0266222961730449,2200.0,2290.0,1.0464071856287425,0.0050805886475122,-0.0014346429073388,-0.00053412462908
1997-05-07,2360.0,2390.0,2360.0,2390.0,43800.0,2390.0,2412.0,2401.0,2296.0,2246.8,2517.3,False,False,False,False,False,False,True,True,False,False,False,0.0334728033472803,0.0251046025104602,,,0.0393305439330543,0.0599163179916317,0.0125523012552301,0.0460251046025104,5.934365913017038e-05,0.0279050395668471,2070.0,2310.0,0.6266094420600858,0.0055749128919861,0.0004943242444739,5.934365913017038e-05
1997-05-08,2360.0,2390.0,2320.0,2390.0,36800.0,2390.0,2400.0,2399.0,2309.2,2247.4666666666667,2516.2,False,False,False,False,False,False,True,True,False,False,False,0.0460251046025104,0.0,,,0.0338075313807532,0.0596373779637377,0.0,0.00836820083682,0.0002966302800189,0.0254272613588995,2090.0,2340.0,0.8401826484018264,0.0057162653732893,0.0001413524813032,0.0002372866208887
1997-05-09,2430.0,2430.0,2400.0,2400.0,54100.0,2400.0,2392.0,2398.0,2322.4,2248.0,2515.1,False,False,False,False,False,False,True,True,False,True,False,0.0458333333333333,0.0041666666666666,,,0.0323333333333333,0.0633333333333333,-0.0041666666666666,-0.0041666666666666,0.0002372479240806,0.0237698081734779,2060.0,2320.0,1.4701086956521738,0.0056837754047538,-3.248996853555224e-05,-5.938235593826608e-05
1997-05-12,2400.0,2470.0,2390.0,2460.0,67300.0,2460.0,2400.0,2407.0,2338.0,2250.133333333333,2514.35,False,False,False,False,False,False,True,True,False,False,True,0.0284552845528455,-0.0121951219512195,,,0.0495934959349593,0.0853116531165312,-0.008130081300813,-0.0203252032520325,0.0009480919649205,0.0166181969256335,2100.0,2310.0,1.243992606284658,0.006672369546621,0.0009885941418671,0.0007108440408398
1997-05-13,2460.0,2500.0,2430.0,2430.0,135600.0,2430.0,2414.0,2413.0,2350.8,2251.2,2513.45,False,False,False,False,False,False,True,True,False,True,False,0.0329218106995884,-0.0123456790123456,,,0.0325925925925925,0.0735802469135803,0.0082304526748971,-0.0123456790123456,0.0004738213693437,0.0099461251554082,2080.0,2320.0,2.014858841010401,0.0054449549089672,-0.0012274146376537,-0.0004742705955768
1997-05-14,2430.0,2500.0,2430.0,2470.0,53900.0,2470.0,2430.0,2421.0,2362.8,2253.0666666666666,2512.65,False,False,False,False,False,False,True,True,False,True,False,-0.0080971659919028,-0.0242914979757085,,,0.0434008097165991,0.0878272604588394,-0.020242914979757,-0.0161943319838056,0.0008285004142502,0.0057827344072697,2090.0,2300.0,0.3974926253687316,0.005078720162519,-0.0003662347464481,0.0003546790449065
1997-05-15,2490.0,2510.0,2480.0,2500.0,65100.0,2500.0,2452.0,2426.0,2375.6,2255.333333333333,2511.85,False,False,False,False,False,False,True,True,False,False,False,-0.044,-0.044,,,0.04976,0.0978666666666667,-0.04,-0.06,0.001005025125628,-0.0012366034624896,2100.0,2270.0,1.207792207792208,0.0053881124768478,0.0003093923143287,0.0001765247113777
1997-05-16,2500.0,2530.0,2490.0,2510.0,74200.0,2510.0,2474.0,2433.0,2388.8,2258.266666666667,2511.1,False,False,False,False,False,False,True,True,False,False,False,-0.0398406374501992,-0.0517928286852589,,,0.0482868525896413,0.1002921646746347,-0.0637450199203187,-0.0836653386454183,0.0012989313337665,-0.0102753801890669,2080.0,2260.0,1.1397849462365592,0.0055257870060282,0.0001376745291804,0.0002939062081385
1997-05-19,2510.0,2550.0,2510.0,2530.0,25900.0,2530.0,2488.0,2444.0,2401.6,2260.6666666666665,2510.5,False,False,False,False,False,False,True,True,False,True,False,-0.0395256916996047,-0.0553359683794466,,,0.0507509881422925,0.1064558629776021,-0.0632411067193675,-0.0948616600790513,0.0010616337363607,-0.0200490998363338,2080.0,2260.0,0.3490566037735849,0.0053297801465688,-0.0001960068594594,-0.0002372975974057
1997-05-20,2520.0,2550.0,2500.0,2510.0,34100.0,2510.0,2504.0,2459.0,2413.6,2262.4,2509.8,False,False,False,False,False,False,True,True,False,True,False,-0.0438247011952191,-0.0358565737051792,,,0.038406374501992,0.0986454183266931,-0.047808764940239,-0.0916334661354581,0.0007661480433758,-0.0337535583570557,2060.0,2350.0,1.3166023166023166,0.0049718263175339,-0.0003579538290348,-0.0002954856929849
1997-05-21,2510.0,2510.0,2400.0,2450.0,81900.0,2450.0,2500.0,2465.0,2422.0,2263.733333333333,2508.8,False,False,False,False,False,False,True,True,False,True,False,-0.0163265306122449,0.0,,,0.0114285714285714,0.0760272108843538,0.0081632653061224,-0.0857142857142857,0.0005889975262102,-0.0466531440162271,1960.0,2330.0,2.401759530791789,0.0034682080924855,-0.0015036182250483,-0.0001771505171656
1997-05-22,2410.0,2450.0,2360.0,2390.0,62000.0,2390.0,2478.0,2465.0,2425.2,2264.4,2507.3,False,False,False,False,False,False,True,True,False,True,False,0.0,0.0418410041841004,,,-0.0147280334728032,0.05255230125523,0.0209205020920502,-0.0585774058577405,0.000294412059118,-0.0531440162271805,2010.0,2250.0,0.757020757020757,0.0013194788058716,-0.0021487292866139,-0.0002945854670921
1997-05-23,2410.0,2440.0,2400.0,2410.0,37900.0,2410.0,2458.0,2466.0,2424.4,2265.733333333333,2505.8,False,False,False,False,False,False,False,True,False,True,False,-0.0124481327800829,0.0331950207468879,,,-0.0059751037344398,0.0598616874135547,0.0,-0.0663900414937759,0.0005884776084268,-0.0592051905920519,2030.0,2270.0,0.6112903225806452,-0.000329978551394,-0.0016494573572656,0.0002940655493087
1997-05-26,2410.0,2430.0,2410.0,2430.0,26400.0,2430.0,2438.0,2463.0,2427.6,2267.4666666666667,2504.4,False,False,False,False,False,False,True,True,True,False,False,-0.0164609053497942,0.0164609053497942,,,0.0009876543209876,0.0668861454046639,-0.0205761316872428,-0.0617283950617283,0.0007644360813831,-0.0633373934226552,2050.0,2270.0,0.6965699208443272,0.0013181743285548,0.0016481528799489,0.0001759584729562
1997-05-27,2400.0,2430.0,2360.0,2400.0,78400.0,2400.0,2416.0,2460.0,2428.4,2268.9333333333334,2502.95,False,False,False,False,False,False,True,True,False,True,False,0.0083333333333333,0.0083333333333333,,,-0.0118333333333333,0.054611111111111,-0.0125,-0.0541666666666666,0.0006464124111183,-0.0674796747967479,2070.0,2230.0,2.9696969696969697,0.0003294350189425,-0.0009887393096122,-0.0001180236702648
1997-05-28,2410.0,2430.0,2380.0,2410.0,76400.0,2410.0,2408.0,2454.0,2428.0,2270.266666666667,2501.6,False,False,False,False,False,False,False,True,False,True,False,0.0165975103734439,0.0041493775933609,,,-0.0074688796680497,0.0579806362378975,-0.0165975103734439,-0.0746887966804979,0.0005873025195278,-0.0733496332518337,2070.0,2230.0,0.9744897959183674,-0.000164744645799,-0.0004941796647416,-5.910989159043127e-05
1997-05-29,2430.0,2430.0,2380.0,2390.0,49000.0,2390.0,2408.0,2443.0,2427.2,2270.9333333333334,2500.15,False,False,False,False,False,False,False,True,False,True,False,0.0418410041841004,0.0,,,-0.0155648535564852,0.0498186889818688,-0.0125523012552301,-0.0878661087866108,0.0002935650540159,-0.0761358984854686,2060.0,2220.0,0.6413612565445026,-0.0003295978905735,-0.0001648532447745,-0.0002937374655119
1997-05-30,2400.0,2400.0,2360.0,2380.0,42200.0,2380.0,2402.0,2430.0,2426.0,2271.733333333333,2498.7,False,False,False,False,False,False,False,True,False,True,False,0.0462184873949579,0.0042016806722689,,,-0.0193277310924369,0.0454901960784314,-0.0084033613445378,-0.1134453781512605,0.0003521540086863,-0.0790123456790123,2070.0,2220.0,0.8612244897959184,-0.0004946413849958,-0.0001650434944222,5.85889546704423e-05
1997-06-02,2390.0,2410.0,2390.0,2390.0,17700.0,2390.0,2394.0,2416.0,2426.8,2272.8,2497.25,False,False,False,False,False,False,True,True,False,False,False,0.0334728033472803,0.0209205020920502,,,-0.015397489539749,0.0490376569037656,-0.00836820083682,-0.1171548117154811,0.0004693183151474,-0.0811258278145695,2070.0,2230.0,0.4194312796208531,0.0003296522169112,0.000824293601907,0.000117164306461
1997-06-03,2390.0,2430.0,2390.0,2420.0,19900.0,2420.0,2398.0,2407.0,2428.8,2274.133333333333,2495.95,False,False,False,False,False,False,True,True,False,False,False,0.0,0.012396694214876,,,-0.0036363636363637,0.0602754820936639,-0.0206611570247933,-0.140495867768595,0.0005863039399623,-0.0859991690901537,2110.0,2200.0,1.1242937853107344,0.0008234519104084,0.0004937996934971,0.0001169856248149
1997-06-04,2420.0,2520.0,2420.0,2450.0,171000.0,2450.0,2406.0,2407.0,2431.2,2276.133333333333,2494.75,False,False,False,True,True,False,True,True,False,False,False,-0.0122448979591836,-0.0122448979591836,,,0.0076734693877551,0.0709659863945578,-0.0285714285714285,-0.1510204081632653,0.0008786831468572,-0.0926464478604071,2170.0,2070.0,8.592964824120603,0.0009871668311943,0.0001637149207858,0.0002923792068949
1997-06-05,2490.0,2500.0,2470.0,2490.0,48800.0,2490.0,2426.0,2417.0,2432.8,2279.0666666666666,2493.7,False,False,False,False,False,False,True,True,False,True,True,-0.0401606425702811,-0.036144578313253,,,0.0229718875502007,0.0847121820615796,-0.0441767068273092,-0.1485943775100401,0.0012870765810565,-0.1017790649565577,2180.0,2090.0,0.2853801169590643,0.0006576783952648,-0.0003294884359294,0.0004083934341993
1997-06-06,2480.0,2500.0,2480.0,2490.0,98600.0,2490.0,2448.0,2425.0,2434.8,2282.133333333333,2492.55,False,False,False,False,False,False,True,True,False,False,False,-0.0401606425702811,-0.0562248995983935,,,0.0221686746987951,0.0834805890227577,-0.0441767068273092,-0.1365461847389558,0.0013437719093245,-0.1088659793814433,2180.0,2060.0,2.0204918032786887,0.0008214227041235,0.0001637443088586,5.669532826798251e-05
1997-06-09,2490.0,2490.0,2420.0,2470.0,23000.0,2470.0,2464.0,2429.0,2436.8,2284.9333333333334,2491.15,False,False,False,False,False,False,True,True,False,True,False,-0.0121457489878542,-0.0404858299595141,,,0.0134412955465586,0.0749257759784075,-0.0161943319838056,-0.1417004048582996,0.0012254186847173,-0.1169205434335117,2210.0,2100.0,0.2332657200811359,0.0008207485226526,-6.741814708827957e-07,-0.0001183532246072
1997-06-10,2430.0,2460.0,2410.0,2420.0,39200.0,2420.0,2464.0,2431.0,2439.2,2285.866666666667,2488.9,False,False,False,False,False,False,True,True,False,False,False,0.012396694214876,-0.012396694214876,,,-0.0079338842975205,0.055426997245179,0.0,-0.1818181818181818,0.0004083061129258,-0.1295763060468942,2210.0,2080.0,1.7043478260869565,0.0009839291571005,0.0001631806344478,-0.0008171125717915
1997-06-11,2400.0,2430.0,2400.0,2420.0,21300.0,2420.0,2458.0,2432.0,2440.4,2287.0666666666666,2486.9,False,False,False,False,False,False,True,True,False,True,False,0.0,0.0206611570247933,,,-0.0084297520661157,0.054931129476584,0.0041322314049586,-0.1983471074380165,0.0005246895586777,-0.1418585526315789,2240.0,2090.0,0.5433673469387755,0.0004917226684151,-0.0004922064886854,0.0001163834457518
1997-06-12,2400.0,2410.0,2380.0,2390.0,41700.0,2390.0,2438.0,2432.0,2440.4,2288.9333333333334,2484.8,False,False,False,False,False,False,False,True,False,True,False,0.00418410041841,0.0209205020920502,,,-0.0210878661087866,0.0422873082287308,0.0167364016736401,-0.205020920502092,0.0008155181452787,-0.1533717105263158,2310.0,2100.0,1.9577464788732395,0.0,-0.0004917226684151,0.000290828586601
1997-06-13,2380.0,2400.0,2380.0,2390.0,21100.0,2390.0,2418.0,2433.0,2440.0,2290.5333333333333,2482.6,False,False,False,False,False,False,False,True,False,True,False,-0.0167364016736401,0.00836820083682,,,-0.0209205020920502,0.0416178521617852,0.00418410041841,-0.205020920502092,0.0006985272716688,-0.1623510069872585,2430.0,2080.0,0.5059952038369304,-0.0001639344262295,-0.0001639344262295,-0.0001169908736099
1997-06-16,2400.0,2440.0,2400.0,2440.0,24800.0,2440.0,2412.0,2438.0,2439.2,2292.8,2480.55,False,False,False,False,True,False,False,True,False,True,True,-0.0286885245901639,-0.0245901639344262,,,0.000327868852459,0.0603278688524589,-0.0204918032786885,-0.25,0.0009886020004653,-0.1755537325676784,2350.0,2080.0,1.1753554502369667,-0.0003279763857003,-0.0001640419594707,0.0002900747287964
1997-06-17,2420.0,2450.0,2420.0,2450.0,31600.0,2450.0,2418.0,2441.0,2440.0,2295.733333333333,2478.6,False,False,False,False,False,False,True,True,False,False,False,-0.0244897959183673,-0.0326530612244898,,,0.0040816326530612,0.0629659863945579,-0.036734693877551,-0.2326530612244897,0.0012777326054127,-0.1847603441212617,2380.0,2060.0,1.2741935483870968,0.000327868852459,0.0006558452381593,0.0002891306049474
1997-06-18,2430.0,2450.0,2420.0,2420.0,17000.0,2420.0,2418.0,2438.0,2438.0,2298.266666666667,2476.3,False,False,False,False,False,False,False,True,False,True,False,0.0206611570247933,-0.0206611570247933,,,-0.0074380165289256,0.0503030303030302,-0.0330578512396694,-0.1942148760330578,0.0011022799791148,-0.1890894175553732,2420.0,1960.0,0.5379746835443038,-0.0008203445447087,-0.0011482133971678,-0.0001754526262978
1997-06-19,2390.0,2420.0,2390.0,2400.0,13500.0,2400.0,2420.0,2429.0,2434.0,2300.6666666666665,2474.05,False,False,False,False,False,False,False,True,False,True,False,0.0166666666666666,-0.0166666666666666,,,-0.0141666666666666,0.0413888888888889,0.0083333333333333,-0.125,0.0010431758910459,-0.1869081926718814,2410.0,2010.0,0.7941176470588235,-0.0016433853738701,-0.0008230408291613,-5.910408806896416e-05
1997-06-20,2400.0,2410.0,2350.0,2350.0,34400.0,2350.0,2412.0,2415.0,2427.6,2302.4,2471.65,False,False,False,False,False,False,False,True,False,True,False,0.025531914893617,0.0042553191489361,,,-0.0330212765957446,0.0202553191489361,0.0382978723404255,-0.076595744680851,0.0007528376187168,-0.1813664596273292,2410.0,2030.0,2.5481481481481483,-0.0026363486571099,-0.0009929632832397,-0.0002903382723291
1997-06-23,2360.0,2390.0,2360.0,2370.0,21000.0,2370.0,2398.0,2405.0,2421.2,2304.266666666667,2469.25,False,False,False,False,False,False,False,True,False,True,False,0.0042194092827004,0.0,,,-0.021603375527426,0.0277355836849506,0.0632911392405063,-0.0928270042194092,0.0008100914246036,-0.1767151767151767,2370.0,2050.0,0.6104651162790697,-0.0026433173632909,-6.968706181027275e-06,5.725380588687964e-05
1997-06-24,2370.0,2390.0,2350.0,2390.0,114900.0,2390.0,2386.0,2402.0,2416.4,2306.8,2466.55,False,False,False,False,False,False,False,True,False,False,False,-0.00836820083682,-0.00836820083682,,,-0.0110460251046025,0.0348117154811714,0.0585774058577405,-0.1297071129707113,0.0010982024160453,-0.1715237302248126,2370.0,2070.0,5.471428571428572,-0.0019864260883958,0.0006568912748951,0.0002881109914416
1997-06-25,2460.0,2470.0,2410.0,2470.0,64800.0,2470.0,2396.0,2407.0,2417.2,2312.133333333333,2464.3,False,False,False,False,True,False,True,True,False,False,True,-0.0404858299595141,-0.0364372469635627,,,0.0213765182186235,0.0639136302294197,0.0769230769230769,-0.1862348178137652,0.0023066720489013,-0.1703365184877441,2390.0,2070.0,0.5639686684073107,0.0003309614429917,0.0023173875313876,0.001208469632856
1997-06-26,2470.0,2470.0,2420.0,2440.0,35200.0,2440.0,2404.0,2412.0,2419.2,2316.8,2462.05,False,False,False,False,False,False,True,True,False,False,False,-0.0327868852459016,-0.0245901639344262,,,0.0085245901639345,0.0504918032786884,0.1188524590163934,-0.1967213114754098,0.0020142725598528,-0.1695688225538971,2450.0,2060.0,0.5432098765432098,0.0008267195767195,0.0004957581337277,-0.0002923994890485
1997-06-27,2430.0,2440.0,2410.0,2410.0,16800.0,2410.0,2416.0,2414.0,2419.2,2321.4666666666667,2460.05,False,False,False,False,False,False,False,True,False,True,False,-0.0207468879668049,-0.0124481327800829,,,-0.003817427385892,0.0367358229598893,0.0954356846473029,-0.1452282157676348,0.0020102234219745,-0.1636288318144159,2440.0,2070.0,0.4772727272727273,0.0,-0.0008267195767195,-4.049137878252545e-06
1997-06-30,2410.0,2430.0,2380.0,2380.0,16500.0,2380.0,2418.0,2408.0,2417.2,2325.2,2457.95,False,False,False,False,False,False,False,True,False,True,False,-0.0042016806722689,0.0210084033613445,,,-0.0156302521008402,0.0230252100840336,0.0966386554621848,-0.1470588235294117,0.001605596651184,-0.1532392026578073,2420.0,2070.0,0.9821428571428572,-0.0008274036074797,-0.0008274036074797,-0.0004046267707905
1997-07-01,2380.0,2390.0,2360.0,2370.0,18000.0,2370.0,2414.0,2400.0,2416.0,2329.0666666666666,2455.9,False,False,False,False,False,False,False,True,False,False,False,0.0,0.0210970464135021,,,-0.0194092827004219,0.0172714486638537,0.0928270042194092,-0.1687763713080168,0.0016601786123197,-0.1466666666666666,2360.0,2110.0,1.0909090909090908,-0.0004966887417217,0.0003307148657579,5.458196113568596e-05
1997-07-02,2380.0,2380.0,2350.0,2370.0,27400.0,2370.0,2394.0,2395.0,2414.4,2332.8,2453.9,False,False,False,False,False,False,False,True,False,True,False,0.0042194092827004,0.0253164556962025,,,-0.0187341772151899,0.0156962025316454,0.0548523206751054,-0.1476793248945147,0.0016003657978967,-0.1419624217118998,2390.0,2170.0,1.522222222222222,-0.0006626905235254,-0.0001660017818036,-5.981281442295639e-05
1997-07-03,2370.0,2370.0,2350.0,2360.0,13700.0,2360.0,2378.0,2391.0,2413.2,2336.266666666667,2451.7,False,False,False,False,False,False,False,True,False,False,False,0.0084745762711864,0.0296610169491525,,,-0.0225423728813558,0.0100564971751411,0.0550847457627118,-0.0254237288135593,0.0014838488756991,-0.1321622751986616,2390.0,2180.0,0.5,-0.0004972650422676,0.0001654254812578,-0.0001165169221976
1997-07-04,2360.0,2370.0,2360.0,2360.0,24200.0,2360.0,2368.0,2392.0,2412.4,2340.0,2449.6,False,False,False,False,False,False,False,True,False,False,False,0.0084745762711864,0.0169491525423728,,,-0.0222033898305085,0.0084745762711864,0.0338983050847457,-0.0847457627118644,0.0015954415954415,-0.132943143812709,2400.0,2180.0,1.7664233576642336,-0.0003316199635216,0.0001656450787459,0.0001115927197423
1997-07-07,2370.0,2370.0,2350.0,2370.0,35500.0,2370.0,2366.0,2392.0,2411.6,2343.866666666667,2447.4,False,False,False,False,False,False,False,True,False,True,False,0.0253164556962025,0.0084388185654008,,,-0.0175527426160337,0.011026722925457,0.050632911392405,-0.0590717299578059,0.0016496956595938,-0.1295986622073578,2460.0,2210.0,1.466942148760331,-0.000331729971803,-1.1000828133693073e-07,5.425406415238056e-05
1997-07-08,2380.0,2380.0,2350.0,2370.0,22000.0,2370.0,2366.0,2390.0,2409.6,2348.0,2445.05,False,False,False,False,False,False,False,True,False,True,False,0.0210970464135021,-0.0042194092827004,,,-0.0167088607594936,0.0092827004219409,0.0548523206751054,-0.0717299578059071,0.0017603634298693,-0.1238493723849372,2430.0,2210.0,0.6197183098591549,-0.0008300132802124,-0.0004982833084094,0.0001106677702754
1997-07-09,2370.0,2380.0,2370.0,2380.0,32400.0,2380.0,2368.0,2381.0,2406.8,2353.6,2442.6,False,False,False,False,False,False,False,True,False,True,False,0.0210084033613445,-0.0168067226890756,,,-0.0112605042016807,0.0110924369747899,0.0294117647058823,-0.134453781512605,0.0023793337865397,-0.118437631247375,2470.0,2240.0,1.4727272727272729,-0.0011633704503904,-0.0003333571701779,0.0006189703566703
1997-07-10,2370.0,2390.0,2360.0,2380.0,62100.0,2380.0,2372.0,2375.0,2402.4,2358.5333333333333,2440.15,False,False,False,False,False,False,False,True,False,True,False,0.0210084033613445,0.0168067226890756,,,-0.0094117647058823,0.0090196078431372,0.0378151260504201,-0.0756302521008403,0.0020916954039233,-0.1061052631578947,2500.0,2310.0,1.9166666666666667,-0.0018315018315018,-0.0006681313811114,-0.0002876383826163
1997-07-11,2380.0,2390.0,2350.0,2380.0,54700.0,2380.0,2376.0,2372.0,2398.0,2363.2,2437.7,False,False,False,False,False,False,False,True,False,True,False,0.0084033613445378,0.0252100840336134,,,-0.007563025210084,0.0070588235294118,0.0294117647058823,-0.1134453781512605,0.0019747235387045,-0.102866779089376,2510.0,2430.0,0.8808373590982287,-0.0018348623853211,-3.360553819269519e-06,-0.0001169718652188
1997-07-14,2390.0,2430.0,2380.0,2430.0,60600.0,2430.0,2388.0,2377.0,2396.4,2368.266666666667,2435.5,False,False,False,False,True,False,False,True,False,False,True,-0.0164609053497942,0.037037037037037,,,0.0138271604938271,0.0254046639231823,-0.0041152263374485,-0.0987654320987654,0.0021393987163609,-0.0980227177114009,2530.0,2350.0,1.1078610603290675,-0.00066766816892,0.0011671942164011,0.0001646751776564
1997-07-15,2450.0,2450.0,2410.0,2420.0,61100.0,2420.0,2398.0,2382.0,2396.4,2372.9333333333334,2433.35,False,False,False,False,False,False,False,True,False,False,False,-0.024793388429752,0.0454545454545454,,,0.0097520661157024,0.0194490358126721,0.0206611570247933,-0.0909090909090909,0.0019666235882451,-0.0902602854743912,2510.0,2380.0,1.0082508250825082,0.0,0.00066766816892,-0.0001727751281157
1997-07-16,2390.0,2450.0,2390.0,2430.0,79000.0,2430.0,2408.0,2388.0,2396.8,2377.733333333333,2431.4,False,False,False,False,False,False,True,True,False,False,False,-0.037037037037037,0.0946502057613168,,,0.0136625514403291,0.0215089163237312,0.0288065843621399,-0.074074074074074,0.0020187293220432,-0.0829145728643216,2450.0,2420.0,1.292962356792144,0.0001668891855808,0.0001668891855808,5.210573379814225e-05
1997-07-17,2430.0,2450.0,2400.0,2430.0,46400.0,2430.0,2418.0,2395.0,2398.4,2382.6666666666665,2429.3,False,False,False,False,False,False,True,True,False,False,False,-0.0041152263374485,0.1234567901234567,,,0.0130041152263374,0.0194787379972565,-0.0082304526748971,-0.0699588477366255,0.002070509233352,-0.0872651356993736,2390.0,2410.0,0.5873417721518988,0.000667111407605,0.0005002222220242,5.177991130872386e-05
1997-07-18,2430.0,2430.0,2400.0,2400.0,15000.0,2400.0,2422.0,2399.0,2398.8,2387.0666666666666,2427.0,False,False,False,False,False,False,True,True,False,True,False,0.0166666666666666,0.1,,,0.0004999999999999,0.0053888888888889,-0.0041666666666666,-0.1041666666666666,0.0018432664916494,-0.0892038349312213,2410.0,2410.0,0.3232758620689655,0.0001667500416875,-0.0005003613659174,-0.0002272427417025
1997-07-22,2430.0,2430.0,2370.0,2390.0,23400.0,2390.0,2414.0,2401.0,2396.8,2391.333333333333,2424.65,False,False,False,False,False,True,False,True,False,True,False,0.0543933054393305,0.0920502092050209,,,-0.0028451882845189,-0.0005578800557878,0.00836820083682,-0.1631799163179916,0.0017842207973235,-0.0995418575593502,2430.0,2370.0,1.56,-0.0008344459279038,-0.0010011959695914,-5.904569432591466e-05
1997-07-23,2380.0,2390.0,2350.0,2360.0,28500.0,2360.0,2402.0,2400.0,2393.2,2394.6666666666665,2422.2,False,False,True,False,False,False,False,True,False,True,False,0.0720338983050847,0.097457627118644,,,-0.0140677966101694,-0.0146892655367231,0.0169491525423728,-0.1525423728813559,0.0013919821826281,-0.1075,2400.0,2370.0,1.2179487179487178,-0.0015042620758818,-0.0006698161479779,-0.0003922386146954
1997-07-24,2350.0,2370.0,2340.0,2340.0,38900.0,2340.0,2384.0,2396.0,2390.0,2396.9333333333334,2419.5,False,False,False,False,False,False,False,True,False,False,False,0.1367521367521367,0.0683760683760683,,,-0.0213675213675213,-0.0243304843304843,0.0384615384615384,-0.1239316239316239,0.0009456527785504,-0.1064273789649415,2410.0,2390.0,1.3649122807017544,-0.0013389121338911,0.0001653499419906,-0.0004463294040776
1997-07-25,2360.0,2430.0,2360.0,2420.0,76000.0,2420.0,2382.0,2400.0,2390.8,2400.133333333333,2417.25,False,False,False,False,True,False,True,True,False,False,False,0.128099173553719,0.0289256198347107,,,0.0120661157024792,0.0082093663911846,-0.0289256198347107,-0.1322314049586777,0.0013332592633741,-0.1120833333333333,2390.0,2450.0,1.9537275064267352,0.0003346160281078,0.0016735281619989,0.0003876064848237
1997-07-28,2440.0,2450.0,2410.0,2440.0,66100.0,2440.0,2390.0,2406.0,2394.4,2403.6,2415.15,False,False,False,False,False,False,True,True,True,False,False,0.081967213114754,0.0,,,0.0186885245901639,0.0149180327868852,-0.0573770491803278,-0.1721311475409836,0.00144228102291,-0.1180382377389858,2380.0,2440.0,0.8697368421052631,0.0015035081857667,0.0011688921576589,0.0001090217595359
1997-07-29,2460.0,2530.0,2460.0,2520.0,194800.0,2520.0,2416.0,2415.0,2400.4,2407.733333333333,2413.7,False,False,False,False,False,False,True,True,False,False,False,0.0357142857142857,-0.0119047619047619,,,0.0474603174603174,0.0445502645502646,-0.0912698412698412,-0.2182539682539682,0.0017166906634178,-0.1304347826086956,2390.0,2420.0,2.9470499243570347,0.0024995834027662,0.0009960752169994,0.0002744096405077
1997-07-30,2500.0,2530.0,2490.0,2530.0,83900.0,2530.0,2450.0,2426.0,2406.0,2412.0,2412.4,False,False,False,False,False,False,True,True,False,True,False,0.0237154150197628,-0.0118577075098814,,,0.0490118577075098,0.0466403162055336,-0.0988142292490118,-0.1778656126482213,0.0017689331122167,-0.1393239901071723,2420.0,2360.0,0.4306981519507187,0.0023275145469658,-0.0001720688558003,5.224244879895664e-05
1997-07-31,2540.0,2690.0,2530.0,2660.0,325800.0,2660.0,2514.0,2449.0,2413.6,2417.6,2411.95,False,False,False,False,False,False,True,True,False,False,False,-0.0601503759398496,-0.0789473684210526,,,0.0926315789473684,0.0911278195488722,-0.1578947368421052,-0.244360902255639,0.0023163467902051,-0.157207023274806,2450.0,2390.0,3.883194278903456,0.0031488233344381,0.0008213087874722,0.0005474136779883
1997-08-01,2740.0,2770.0,2700.0,2730.0,343700.0,2730.0,2576.0,2479.0,2425.2,2423.2,2411.8,True,True,False,False,False,False,True,True,False,False,False,-0.0879120879120879,-0.0952380952380952,,,0.1116483516483517,0.1123809523809524,-0.1758241758241758,-0.2490842490842491,0.0023109937273027,-0.1758773699072206,2490.0,2390.0,1.0549416820135051,0.0047831106712848,0.0016342873368466,-5.353062902422028e-06
1997-08-04,2710.0,2710.0,2600.0,2640.0,96700.0,2640.0,2616.0,2503.0,2434.4,2426.0,2411.25,False,False,False,False,False,False,True,True,False,True,False,-0.0757575757575757,-0.0719696969696969,,,0.0778787878787878,0.081060606060606,-0.1477272727272727,-0.1818181818181818,0.0011541632316571,-0.1833799440671194,2490.0,2400.0,0.2813500145475706,0.0037791652974039,-0.0010039453738808,-0.0011568304956455
1997-08-05,2610.0,2630.0,2540.0,2610.0,51800.0,2610.0,2634.0,2525.0,2443.6,2429.4666666666667,2410.6,False,False,False,False,False,False,True,True,False,True,False,-0.0459770114942528,-0.0727969348659003,,,0.0637547892720306,0.069169859514687,-0.1264367816091954,-0.264367816091954,0.0014269249766752,-0.1936633663366336,2470.0,2460.0,0.5356773526370218,0.0037649369782287,-1.422831917522122e-05,0.0002727617450181
1997-08-06,2600.0,2600.0,2540.0,2590.0,60300.0,2590.0,2646.0,2548.0,2452.4,2432.266666666667,2409.75,False,False,False,False,False,False,True,True,False,True,False,-0.0347490347490347,-0.0463320463320463,,,0.053127413127413,0.0609009009009008,-0.1235521235521235,-0.2316602316602316,0.001151189562548,-0.2013343799058084,2420.0,2430.0,1.164092664092664,0.0035883216441038,-0.0001766153341249,-0.0002757354141272
1997-08-07,2580.0,2580.0,2480.0,2500.0,59700.0,2500.0,2614.0,2564.0,2457.6,2433.333333333333,2408.15,False,False,False,False,False,False,True,True,False,True,False,-0.02,0.0,,,0.01696,0.0266666666666667,-0.108,-0.148,0.0004383561643833,-0.203198127925117,2420.0,2470.0,0.9900497512437813,0.0021158854166665,-0.0014724362274372,-0.0007128333981646
1997-08-08,2420.0,2490.0,2420.0,2490.0,65600.0,2490.0,2566.0,2571.0,2462.8,2434.4,2406.55,False,False,False,False,False,False,True,True,False,True,False,-0.0080321285140562,-0.0321285140562249,,,0.0109236947791163,0.0223293172690762,-0.1244979919678714,-0.1967871485943775,0.0004381640924527,-0.2092570984052897,2390.0,2500.0,1.0988274706867671,0.0021114178983272,-4.467518339374647e-06,-1.9207193056451939e-07
1997-08-11,2450.0,2450.0,2420.0,2440.0,101700.0,2440.0,2526.0,2571.0,2466.0,2434.8,2404.7,False,False,False,False,False,False,True,True,False,True,False,0.0040983606557377,-0.0204918032786885,,,-0.010655737704918,0.0021311475409835,-0.1352459016393442,-0.1311475409836065,0.0001642845408247,-0.20536756126021,2390.0,2510.0,1.5503048780487805,0.0012976480129764,-0.0008137698853508,-0.000273879551628
1997-08-12,2460.0,2490.0,2390.0,2490.0,230100.0,2490.0,2502.0,2568.0,2470.8,2436.4,2403.0,False,False,False,False,False,False,True,True,False,False,False,-0.0281124497991967,-0.0321285140562249,,,0.0077108433734939,0.0215261044176706,-0.1526104417670682,-0.1485943775100401,0.0006567066163191,-0.1985981308411215,2440.0,2530.0,2.262536873156342,0.0019426906265178,0.0006450426135413,0.0004924220754943
1997-08-13,2490.0,2500.0,2450.0,2500.0,21000.0,2500.0,2484.0,2565.0,2476.0,2438.133333333333,2401.3,False,False,False,False,False,False,True,True,False,False,False,-0.012,-0.04,,,0.0096,0.0247466666666667,-0.168,-0.176,0.000710926391775,-0.1984405458089668,2450.0,2510.0,0.0912646675358539,0.0021001615508884,0.0001574709243706,5.421977545591941e-05
1997-08-14,2500.0,2500.0,2450.0,2450.0,43000.0,2450.0,2474.0,2544.0,2478.8,2438.9333333333334,2399.35,False,False,False,False,False,False,True,True,False,True,False,0.0204081632653061,-0.0081632653061224,,,-0.0117551020408164,0.004517006802721,-0.1510204081632653,-0.1918367346938775,0.0003280122457905,-0.193003144654088,2420.0,2450.0,2.0476190476190474,0.0011295788284654,-0.0009705827224229,-0.0003829141459844
1997-08-15,2480.0,2500.0,2450.0,2470.0,18600.0,2470.0,2470.0,2518.0,2482.4,2439.2,2397.9,False,False,False,False,False,False,True,True,False,False,False,-0.0242914979757085,-0.048582995951417,,,-0.0050202429149797,0.0124696356275304,-0.1417004048582996,-0.1781376518218623,0.0001093254618999,-0.1854646544876886,2400.0,2390.0,0.4325581395348837,0.0014502094747018,0.0003206306462364,-0.0002186867838906
1997-08-18,2430.0,2460.0,2410.0,2450.0,14300.0,2450.0,2472.0,2499.0,2485.2,2439.333333333333,2396.4,False,False,False,False,False,False,True,True,False,True,False,-0.0244897959183673,-0.0612244897959183,,,-0.0143673469387754,0.0043537414965987,-0.1224489795918367,-0.1755102040816326,5.465974309915773e-05,-0.1848739495798319,2350.0,2410.0,0.7688172043010753,0.0011266698857233,-0.0003235395889784,-5.4665718800819375e-05
1997-08-19,2460.0,2490.0,2410.0,2420.0,23300.0,2420.0,2458.0,2480.0,2484.8,2439.333333333333,2394.9,False,False,False,False,False,False,False,False,False,True,False,-0.0041322314049586,-0.0537190082644628,,,-0.0267768595041323,-0.0079889807162533,-0.1239669421487603,-0.1859504132231405,0.0,-0.1766129032258064,2370.0,2430.0,1.6293706293706294,-0.0001609787508047,-0.0012876486365281,-5.465974309915773e-05
1997-08-20,2460.0,2470.0,2430.0,2470.0,57900.0,2470.0,2452.0,2468.0,2486.8,2440.8,2393.75,False,False,False,False,False,False,True,True,False,False,False,-0.0283400809716599,-0.0769230769230769,,,-0.0068016194331984,0.011821862348178,-0.1983805668016194,-0.1781376518218623,0.000600895881132,-0.1709886547811993,2390.0,2400.0,2.484978540772532,0.0008042464211034,0.0009652251719081,0.000600895881132
1997-08-21,2470.0,2500.0,2440.0,2500.0,15300.0,2500.0,2462.0,2468.0,2489.6,2442.266666666667,2392.8,False,False,False,True,True,False,True,True,False,False,False,-0.028,-0.104,,,0.00416,0.0230933333333332,-0.224,-0.212,0.0006005350221106,-0.1774716369529984,2470.0,2410.0,0.2642487046632124,0.0011246786632389,0.0003204322421355,-3.608590214479717e-07
1997-08-22,2380.0,2460.0,2380.0,2410.0,31100.0,2410.0,2450.0,2460.0,2488.8,2442.5333333333333,2391.4,False,False,False,False,False,False,False,True,False,True,False,-0.0248962655601659,-0.0663900414937759,,,-0.0326970954356847,-0.0134993084370677,-0.2116182572614107,-0.1701244813278008,0.0001091762650798,-0.1747967479674796,2440.0,2390.0,2.0326797385620914,-0.0003214400514302,-0.0014461187146692,-0.0004913587570307
1997-08-25,2410.0,2410.0,2350.0,2390.0,17000.0,2390.0,2438.0,2455.0,2488.4,2442.4,2389.7,False,False,False,False,False,False,False,False,False,False,False,-0.0376569037656903,-0.0585774058577405,,,-0.0411715481171548,-0.0219246861924686,-0.205020920502092,-0.1631799163179916,-5.459111256682446e-05,-0.1780040733197556,2410.0,2380.0,0.5466237942122186,-0.0001607458607941,0.0001606941906361,-0.0001637673776466
1997-08-26,2430.0,2430.0,2390.0,2410.0,30800.0,2410.0,2436.0,2447.0,2489.2,2441.733333333333,2388.2,False,False,False,False,False,False,True,False,False,False,False,-0.0497925311203319,-0.0539419087136929,,,-0.032863070539419,-0.0131673582295988,-0.2406639004149377,-0.1950207468879668,-0.0002730300879158,-0.1826726604004904,2380.0,2390.0,1.811764705882353,0.0003213883978787,0.0004821342586728,-0.0002184389753489
1997-08-27,2410.0,2430.0,2400.0,2400.0,26500.0,2400.0,2422.0,2437.0,2490.8,2441.333333333333,2386.65,False,False,False,False,False,False,True,False,False,False,False,-0.05,-0.0541666666666666,,,-0.0378333333333334,-0.017222222222222,-0.2166666666666666,-0.1541666666666666,-0.0001638448935008,-0.180549856380796,2370.0,2420.0,0.8603896103896104,0.000642363899149,0.0003209755012702,0.0001091851944149
1997-08-28,2430.0,2460.0,2410.0,2430.0,11500.0,2430.0,2408.0,2435.0,2494.4,2440.8,2385.1,False,False,False,False,False,False,True,False,True,False,False,-0.0781893004115226,-0.0823045267489712,,,-0.0265020576131687,-0.0044444444444445,-0.1975308641975308,-0.1563786008230452,-0.0002185075931386,-0.1770020533880903,2370.0,2450.0,0.4339622641509434,0.001443232841565,0.000800868942416,-5.466269963780635e-05
1997-08-29,2410.0,2410.0,2280.0,2350.0,19700.0,2350.0,2396.0,2423.0,2491.6,2438.8,2383.45,False,False,False,False,False,False,False,False,False,True,False,-0.0425531914893617,-0.0723404255319148,,,-0.0602553191489361,-0.0377872340425532,-0.1063829787234042,-0.1531914893617021,-0.0008200754469411,-0.1745769706974824,2360.0,2490.0,1.7130434782608697,-0.0011237758869803,-0.0025670087285453,-0.0006015678538024
1997-09-01,2340.0,2340.0,2290.0,2300.0,15900.0,2300.0,2378.0,2408.0,2486.0,2436.0,2381.35,False,False,False,False,False,False,False,False,False,True,False,-0.0217391304347826,-0.0826086956521739,,,-0.0808695652173913,-0.0591304347826086,-0.0565217391304347,-0.1695652173913043,-0.0011494252873563,-0.1740033222591362,2360.0,2490.0,0.8071065989847716,-0.0022526146419951,-0.0011288387550148,-0.0003293498404152
1997-09-02,2290.0,2290.0,2280.0,2290.0,27000.0,2290.0,2354.0,2395.0,2476.8,2432.8,2379.35,False,False,False,False,False,False,False,False,False,True,False,-0.0043668122270742,-0.0786026200873362,,,-0.0815720524017468,-0.0623580786026201,-0.0611353711790393,-0.1266375545851528,-0.0013153567905293,-0.1682672233820459,2370.0,2470.0,1.69811320754717,-0.0037144702842376,-0.0014618556422425,-0.0001659315031729
1997-09-03,2260.0,2300.0,2260.0,2280.0,77000.0,2280.0,2330.0,2376.0,2466.8,2429.733333333333,2377.15,False,False,False,False,False,False,False,False,False,True,False,-0.0043859649122807,-0.087719298245614,,,-0.0819298245614035,-0.0656725146198829,-0.087719298245614,-0.1140350877192982,-0.0012621412500687,-0.162037037037037,2370.0,2420.0,2.851851851851852,-0.0040538349278417,-0.000339364643604,5.321554046059936e-05
1997-09-04,2280.0,2290.0,2230.0,2240.0,25600.0,2240.0,2292.0,2350.0,2450.0,2426.9333333333334,2374.65,False,False,False,False,False,False,False,False,False,True,False,-0.0044642857142857,-0.0714285714285714,,,-0.09375,-0.0834523809523809,-0.1026785714285714,-0.1116071428571428,-0.0011537193714975,-0.1519148936170213,2380.0,2420.0,0.3324675324675324,-0.0068571428571429,-0.0028033079293011,0.0001084218785712
1997-09-05,2250.0,2270.0,2230.0,2250.0,14900.0,2250.0,2272.0,2334.0,2430.8,2425.0666666666666,2372.2,False,False,False,False,False,False,False,False,False,True,False,-0.0311111111111111,-0.0577777777777777,,,-0.0803555555555556,-0.0778074074074073,-0.1288888888888889,-0.1155555555555555,-0.0007697382889817,-0.1465295629820051,2380.0,2390.0,0.58203125,-0.0078986341945037,-0.0010414913373608,0.0003839810825157
1997-09-08,2250.0,2310.0,2230.0,2250.0,88700.0,2250.0,2262.0,2320.0,2415.2,2422.9333333333334,2369.75,False,False,True,False,False,False,False,False,False,False,False,-0.0622222222222222,-0.0444444444444444,,,-0.0734222222222221,-0.0768592592592592,-0.0844444444444444,-0.1111111111111111,-0.0008804754567465,-0.1413793103448276,2380.0,2390.0,5.953020134228188,-0.006459092414707,0.0014395417797967,-0.0001107371677647
1997-09-09,2250.0,2280.0,2230.0,2280.0,18600.0,2280.0,2260.0,2307.0,2402.0,2420.9333333333334,2367.6,False,False,False,False,False,False,False,False,False,False,False,-0.0745614035087719,-0.0701754385964912,,,-0.0535087719298245,-0.061812865497076,-0.1096491228070175,-0.1096491228070175,-0.0008261276642617,-0.1326397919375812,2430.0,2440.0,0.209695603156708,-0.0054954204829308,0.0009636719317761,5.4347792484875953e-05
1997-09-10,2250.0,2290.0,2250.0,2270.0,13300.0,2270.0,2258.0,2294.0,2389.2,2419.2,2365.35,False,False,False,False,False,False,False,False,False,False,False,-0.0837004405286343,-0.1277533039647577,,,-0.0525110132158589,-0.0657268722466959,-0.13215859030837,-0.105726872246696,-0.0007164902998237,-0.1277244986922406,2420.0,2450.0,0.7150537634408602,-0.0053574418215302,0.0001379786614005,0.0001096373644379
1997-09-11,2230.0,2240.0,2230.0,2230.0,12400.0,2230.0,2256.0,2274.0,2378.4,2416.8,2362.95,False,False,False,False,False,False,False,False,False,False,False,-0.0672645739910313,-0.1300448430493273,,,-0.0665470852017937,-0.0837668161434978,-0.0941704035874439,-0.1076233183856502,-0.0009930486593841,-0.1226912928759894,2430.0,2420.0,0.9323308270676692,-0.0045408678102925,0.0008165740112377,-0.0002765583595604
1997-09-12,2210.0,2210.0,2160.0,2180.0,59700.0,2180.0,2242.0,2257.0,2366.0,2414.0,2360.3,False,False,False,False,False,False,False,False,False,True,False,-0.0275229357798165,-0.128440366972477,,,-0.0853211009174312,-0.1073394495412844,0.055045871559633,-0.0779816513761468,-0.0011599005799503,-0.1151971643774922,2430.0,2400.0,4.814516129032258,-0.0052409129332206,-0.0007000451229281,-0.0001668519205662
1997-09-16,2150.0,2150.0,2110.0,2110.0,94600.0,2110.0,2214.0,2238.0,2352.8,2410.4,2357.15,False,False,False,False,False,False,False,False,False,True,False,0.0189573459715639,-0.0995260663507109,,,-0.1150710900473934,-0.1423696682464455,0.0236966824644549,-0.0568720379146919,-0.0014935280451376,-0.1041108132260947,2400.0,2350.0,1.5845896147403684,-0.0056103366201971,-0.0003694236869764,-0.0003336274651873
1997-09-17,2110.0,2150.0,2110.0,2110.0,34800.0,2110.0,2180.0,2220.0,2337.6,2406.6666666666665,2354.05,False,False,False,False,False,False,False,False,False,True,False,0.0047393364928909,-0.1327014218009478,,,-0.107867298578199,-0.1406003159557661,0.0568720379146919,-0.0853080568720379,-0.0015512465373962,-0.1,2390.0,2370.0,0.3678646934460888,-0.0065023956194388,-0.0008920589992417,-5.7718492258524096e-05
1997-09-18,2120.0,2130.0,2070.0,2080.0,50800.0,2080.0,2142.0,2200.0,2320.8,2402.133333333333,2350.75,False,False,False,False,False,False,False,False,False,True,False,-0.048076923076923,-0.0961538461538461,,,-0.1157692307692308,-0.1548717948717948,0.0576923076923076,-0.0432692307692307,-0.0018872113676731,-0.0931818181818181,2360.0,2390.0,1.4597701149425288,-0.0072388831437434,-0.0007364875243045,-0.0003359648302769
1997-09-19,2070.0,2100.0,2070.0,2080.0,26500.0,2080.0,2112.0,2184.0,2306.0,2397.2,2347.4,False,False,False,False,False,False,False,False,False,False,False,-0.0673076923076923,-0.0625,,,-0.1086538461538461,-0.1524999999999999,-0.0096153846153846,-0.0240384615384615,-0.0020579565048111,-0.0847069597069597,2340.0,2470.0,0.5216535433070866,-0.0064180398959237,0.0008208432478196,-0.000170745137138
1997-09-22,2150.0,2150.0,2120.0,2120.0,24100.0,2120.0,2100.0,2171.0,2292.0,2392.266666666667,2344.35,False,False,False,False,False,False,False,False,False,False,False,-0.1037735849056603,-0.0094339622641509,,,-0.0811320754716981,-0.1284276729559749,0.0377358490566037,-0.0283018867924528,-0.0020622004235869,-0.0760018424689083,2420.0,2440.0,0.909433962264151,-0.0061082024432809,0.0003098374526427,-4.243918775755258e-06
1997-09-24,2150.0,2200.0,2140.0,2150.0,86900.0,2150.0,2108.0,2161.0,2280.0,2387.733333333333,2341.5,False,False,False,False,False,False,False,False,False,False,False,-0.1162790697674418,0.0093023255813953,,,-0.0604651162790697,-0.1105736434108526,-0.0186046511627906,-0.0232558139534883,-0.0018985928076838,-0.0670985654789449,2440.0,2410.0,3.6058091286307055,-0.0052631578947368,0.0008450445485441,0.000163607615903
1997-09-25,2150.0,2150.0,2120.0,2120.0,9600.0,2120.0,2110.0,2145.0,2268.0,2383.0666666666666,2338.75,False,False,False,False,False,False,False,False,False,True,False,-0.1367924528301886,0.0141509433962264,,,-0.0698113207547169,-0.1240880503144653,0.0330188679245283,-0.0235849056603773,-0.0019582610641749,-0.0582750582750582,2520.0,2380.0,0.1104718066743383,-0.0052910052910052,-2.7847396268448725e-05,-5.9668256491054224e-05
1997-09-26,2100.0,2100.0,1970.0,1980.0,13200.0,1980.0,2090.0,2116.0,2248.4,2377.2,2335.65,False,False,False,False,False,False,False,False,False,True,False,-0.0505050505050505,0.0505050505050505,,,-0.1355555555555556,-0.2006060606060605,0.1111111111111111,0.0959595959595959,-0.0024678893936844,-0.0387523629489603,2530.0,2370.0,1.375,-0.008717310087173,-0.0034263047961677,-0.0005096283295095
1997-09-29,1980.0,1980.0,1940.0,1940.0,27700.0,1940.0,2062.0,2087.0,2226.0,2370.8,2333.05,False,False,False,False,False,False,False,False,False,True,False,0.0051546391752577,0.0360824742268041,,,-0.1474226804123711,-0.2220618556701032,0.1597938144329896,0.1237113402061855,-0.0026995107136829,-0.0162913272640153,2660.0,2370.0,2.0984848484848486,-0.010062893081761,-0.0013455829945879,-0.0002316213199984
1997-09-30,1940.0,1970.0,1900.0,1900.0,62400.0,1900.0,2018.0,2059.0,2205.6,2364.266666666667,2330.55,False,False,False,False,False,False,False,False,False,False,False,0.1052631578947368,0.031578947368421,,,-0.1608421052631578,-0.2443508771929825,0.1894736842105263,0.1736842105263158,-0.0027633656665914,0.0077707625060709,2730.0,2360.0,2.252707581227437,-0.0092491838955386,0.0008137091862223,-6.385495290846862e-05
1997-10-01,1900.0,1900.0,1870.0,1900.0,52200.0,1900.0,1968.0,2038.0,2186.0,2357.733333333333,2328.0,False,False,False,False,False,False,False,False,False,False,False,0.1421052631578947,0.0842105263157894,,,-0.1505263157894736,-0.2409122807017542,0.131578947368421,0.1789473684210526,-0.0027710230164566,0.0304219823356231,2640.0,2360.0,0.8365384615384616,-0.0089661482159194,0.0002830356796192,-7.657349865203972e-06
1997-10-02,1900.0,1900.0,1830.0,1830.0,75400.0,1830.0,1910.0,2010.0,2162.8,2349.6,2324.9,False,False,False,False,False,False,False,False,False,True,False,0.174863387978142,0.1092896174863388,,,-0.1818579234972678,-0.2839344262295081,0.0928961748633879,0.2131147540983606,-0.0034615821132674,0.0592039800995024,2610.0,2370.0,1.4444444444444444,-0.0107268355835027,-0.0017606873675833,-0.0006905590968107
1997-10-03,1800.0,1880.0,1780.0,1880.0,43200.0,1880.0,1890.0,1990.0,2142.0,2342.0,2321.95,False,False,False,False,False,False,False,False,False,False,False,0.1063829787234042,0.0478723404255319,,,-0.1393617021276595,-0.2457446808510638,0.0638297872340425,0.1968085106382978,-0.0032450896669512,0.0829145728643216,2590.0,2370.0,0.5729442970822282,-0.0097105508870215,0.0010162846964812,0.0002164924463161
1997-10-06,1900.0,1990.0,1900.0,1950.0,70700.0,1950.0,1892.0,1977.0,2122.8,2335.733333333333,2319.25,False,False,False,False,False,False,False,False,False,False,False,0.0307692307692307,0.0358974358974358,,,-0.0886153846153847,-0.1978119658119657,0.0512820512820512,0.1487179487179487,-0.0026829546751913,0.1006575619625695,2500.0,2380.0,1.6365740740740742,-0.0090446579988693,0.0006658928881522,0.0005621349917599
1997-10-07,2010.0,2100.0,2000.0,2100.0,30500.0,2100.0,1932.0,1975.0,2112.8,2331.733333333333,2317.35,False,False,False,False,False,False,False,False,False,False,False,-0.0666666666666666,0.0952380952380952,,,-0.0060952380952381,-0.1103492063492062,0.0,0.0142857142857142,-0.001715462031107,0.1053164556962025,2490.0,2380.0,0.4314002828854314,-0.0047330556607345,0.0043116023381347,0.0009674926440842
1997-10-08,2100.0,2200.0,2090.0,2170.0,38200.0,2170.0,1986.0,1977.0,2107.6,2329.333333333333,2315.85,False,False,False,False,True,False,False,False,False,False,False,-0.0506912442396313,-0.0046082949308755,,,0.0287557603686636,-0.0734254992319507,-0.0691244239631336,0.0599078341013824,-0.0010303377218088,0.1143146181082448,2440.0,2380.0,1.2524590163934426,-0.0024672613399128,0.0022657943208217,0.0006851243092981
1997-10-09,2210.0,2210.0,2130.0,2150.0,31800.0,2150.0,2050.0,1980.0,2102.0,2326.4,2314.25,False,False,False,False,False,False,False,False,False,True,False,-0.055813953488372,0.0372093023255813,,,0.0223255813953488,-0.082046511627907,-0.0837209302325581,0.1348837209302325,-0.001260889500229,0.1313131313131313,2490.0,2430.0,0.8324607329842932,-0.0026641294005708,-0.000196868060658,-0.0002305517784202
1997-10-13,2080.0,2090.0,2070.0,2080.0,11200.0,2080.0,2090.0,1990.0,2094.0,2322.266666666667,2312.4,False,False,False,False,False,False,False,False,False,True,False,-0.0528846153846153,0.0576923076923076,,,-0.0067307692307692,-0.116474358974359,0.0,0.1875,-0.0017798702417178,0.1407035175879397,2500.0,2420.0,0.3522012578616352,-0.0038204393505253,-0.0011563099499544,-0.0005189807414887
1997-10-14,2050.0,2060.0,1920.0,2010.0,21800.0,2010.0,2102.0,1997.0,2084.8,2316.133333333333,2310.45,False,False,False,False,False,False,False,False,False,True,False,0.0049751243781094,0.0248756218905472,,,-0.0372139303482587,-0.1523051409618573,0.0,0.2189054726368159,-0.002648091646998,0.1502253380070105,2450.0,2430.0,1.946428571428572,-0.0044128933231004,-0.0005924539725751,-0.0008682214052802
1997-10-15,2010.0,2010.0,1950.0,1960.0,32900.0,1960.0,2074.0,2003.0,2073.2,2309.733333333333,2308.5,False,False,False,False,False,False,False,False,False,True,False,0.173469387755102,0.1224489795918367,,,-0.0577551020408162,-0.1784353741496597,0.0459183673469387,0.2244897959183673,-0.0027708826415748,0.1552670993509735,2470.0,2430.0,1.5091743119266054,-0.0055952151263748,-0.0011823218032744,-0.0001227909945768
1997-10-16,1980.0,2070.0,1960.0,2060.0,15200.0,2060.0,2052.0,2019.0,2065.6,2305.0666666666666,2307.3,False,False,False,False,False,False,False,False,False,False,False,0.0485436893203883,0.0242718446601941,,,-0.0027184466019417,-0.1189644012944983,0.0485436893203883,0.1844660194174757,-0.0020245256825543,0.1560178306092124,2450.0,2400.0,0.4620060790273556,-0.003679318357862,0.0019158967685127,0.0007463569590205
1997-10-17,2050.0,2050.0,1990.0,2030.0,13700.0,2030.0,2028.0,2039.0,2055.6,2300.4,2306.05,False,False,False,False,False,False,False,False,False,True,False,0.0985221674876847,0.0788177339901477,,,-0.0126108374384236,-0.1332019704433498,-0.0541871921182266,0.1822660098522167,-0.002028632701559,0.1535066208925944,2420.0,2390.0,0.9013157894736842,-0.0048647596808717,-0.0011854413230096,-4.1070190047757735e-06
1997-10-20,2050.0,2050.0,1970.0,1970.0,9500.0,1970.0,2006.0,2048.0,2043.6,2295.0666666666666,2304.25,False,False,False,False,False,False,False,False,False,True,False,0.116751269035533,0.116751269035533,,,-0.0373604060913705,-0.1650084602368866,0.0101522842639593,0.2131979695431472,-0.0023238250159763,0.1552734375,2470.0,2360.0,0.6934306569343066,-0.005871990604815,-0.0010072309239432,-0.0002951923144172
1997-10-21,2000.0,2040.0,2000.0,2020.0,30500.0,2020.0,2008.0,2055.0,2035.2,2290.4,2302.35,False,False,False,False,False,False,False,False,False,False,False,0.0198019801980198,0.1138613861386138,,,-0.0075247524752475,-0.1338613861386139,0.0544554455445544,0.1881188118811881,-0.0020374898125508,0.1591240875912409,2500.0,2340.0,3.210526315789474,-0.0041273584905659,0.001744632114249,0.0002863352034254
1997-10-22,2190.0,2320.0,2190.0,2300.0,79200.0,2300.0,2076.0,2075.0,2040.0,2289.6,2302.0,False,False,False,False,True,False,True,False,True,False,False,-0.0434782608695652,-0.017391304347826,,,0.1130434782608695,0.0045217391304348,-0.1304347826086956,0.0217391304347826,-0.0003494060097834,0.1585542168674698,2410.0,2420.0,2.59672131147541,0.0023529411764705,0.0064802996670365,0.0016880838027674
1997-10-23,2200.0,2230.0,2150.0,2160.0,28200.0,2160.0,2096.0,2074.0,2042.0,2286.9333333333334,2301.25,False,False,False,False,False,False,True,False,False,True,False,-0.0231481481481481,-0.0046296296296296,,,0.0546296296296296,-0.0587654320987654,-0.0185185185185185,0.0787037037037037,-0.0011660447761193,0.1605593056894889,2390.0,2440.0,0.3560606060606061,0.0009794319294809,-0.0013735092469896,-0.0008166387663358
1997-10-24,2100.0,2260.0,2050.0,2230.0,28200.0,2230.0,2136.0,2082.0,2046.8,2285.0666666666666,2300.9,False,False,False,False,False,False,True,False,True,False,True,-0.0179372197309417,-0.1031390134529148,,,0.082152466367713,-0.024693572496263,-0.0493273542600896,0.0627802690582959,-0.0008168981211343,0.1527377521613832,2410.0,2520.0,1.0,0.00234512409615,0.0013656921666691,0.0003491466549849
1997-10-27,2190.0,2230.0,2160.0,2200.0,22200.0,2200.0,2182.0,2094.0,2051.6,2282.8,2300.45,False,False,False,False,False,False,True,False,False,True,False,0.0,-0.0909090909090909,,,0.0674545454545454,-0.0376363636363637,-0.0636363636363636,0.0863636363636363,-0.0009929326558027,0.1423113658070678,2400.0,2530.0,0.7872340425531915,0.0023396373562097,-5.486739940300297e-06,-0.0001760345346683
1997-10-28,2080.0,2100.0,2060.0,2060.0,31100.0,2060.0,2190.0,2099.0,2050.8,2278.5333333333333,2299.45,False,False,False,False,False,False,False,False,False,True,False,0.0922330097087378,-0.0048543689320388,,,0.0044660194174756,-0.1060841423948219,-0.0388349514563106,0.1990291262135922,-0.0018725495933057,0.140543115769414,2430.0,2660.0,1.4009009009009008,-0.0003900916715426,-0.0027297290277524,-0.000879616937503
1997-10-29,2200.0,2220.0,2180.0,2200.0,39700.0,2200.0,2170.0,2123.0,2054.0,2276.133333333333,2299.05,False,False,False,False,False,False,True,False,True,False,False,0.0272727272727272,-0.0454545454545454,,,0.0663636363636363,-0.0346060606060605,-0.0772727272727272,0.1,-0.0010544197762287,0.1285916156382477,2350.0,2730.0,1.2765273311897103,0.0015579357351508,0.0019480274066935,0.0008181298170769
1997-10-30,2200.0,2200.0,2100.0,2110.0,7700.0,2110.0,2160.0,2128.0,2052.4,2272.5333333333333,2298.35,False,False,False,False,False,False,False,False,False,True,False,0.0189573459715639,-0.0426540284360189,,,0.027298578199052,-0.0770300157977883,-0.0426540284360189,0.1658767772511848,-0.0015841351795352,0.1268796992481203,2300.0,2640.0,0.1939546599496221,-0.0007795751315532,-0.002337510866704,-0.0005297154033065
1997-10-31,2190.0,2190.0,2120.0,2190.0,8600.0,2190.0,2152.0,2144.0,2055.2,2269.333333333333,2297.65,False,False,False,False,False,False,True,False,True,False,False,-0.0867579908675799,-0.1004566210045662,,,0.0615525114155251,-0.0362252663622525,-0.1004566210045662,0.1324200913242009,-0.0014101057579319,0.1222014925373134,2290.0,2610.0,1.1168831168831168,0.0013623978201633,0.0021419729517166,0.0001740294216033
1997-11-04,2190.0,2250.0,2160.0,2200.0,20300.0,2200.0,2152.0,2167.0,2064.0,2266.4,2296.85,False,False,False,False,False,False,True,False,False,False,False,-0.0909090909090909,-0.0545454545454545,,,0.0618181818181818,-0.0301818181818182,-0.0772727272727272,0.1227272727272727,-0.0012942699141073,0.1139824642362713,2280.0,2590.0,2.36046511627907,0.0042635658914729,0.0029011680713096,0.0001158358438245
1997-11-05,2200.0,2250.0,2150.0,2250.0,82400.0,2250.0,2190.0,2190.0,2076.4,2264.0,2296.2,False,False,False,False,False,False,True,False,False,False,False,-0.0888888888888888,-0.1066666666666666,,,0.0771555555555555,-0.0062222222222222,-0.1244444444444444,0.08,-0.0010600706713781,0.1036529680365296,2240.0,2500.0,4.059113300492611,0.0059718743979965,0.0017083085065236,0.0002341992427292
1997-11-06,2290.0,2290.0,2230.0,2260.0,118500.0,2260.0,2202.0,2186.0,2090.8,2261.733333333333,2295.8,False,False,False,False,False,False,True,False,False,False,False,-0.0707964601769911,-0.0929203539823008,,,0.074867256637168,-0.0007669616519173,-0.1150442477876106,0.084070796460177,-0.001002181217945,0.1102470265324794,2250.0,2490.0,1.4381067961165048,0.0068873158599579,0.0009154414619613,5.7889453433099215e-05
1997-11-07,2250.0,2250.0,2150.0,2150.0,40400.0,2150.0,2210.0,2185.0,2100.8,2258.4,2294.75,False,False,False,False,False,False,True,False,False,True,False,-0.0604651162790697,0.0046511627906976,,,0.0228837209302324,-0.0504186046511628,-0.0697674418604651,0.1255813953488372,-0.0014759711890422,0.1148741418764302,2250.0,2440.0,0.3409282700421941,0.0047600913937547,-0.0021272244662031,-0.0004737899710972
1997-11-10,2080.0,2090.0,2000.0,2000.0,105600.0,2000.0,2172.0,2162.0,2107.6,2253.2,2293.25,False,False,False,False,False,False,True,False,False,True,False,-0.015,-0.04,,,-0.0537999999999999,-0.1265999999999999,-0.03,0.175,-0.0023078288656134,0.125809435707678,2280.0,2490.0,2.613861386138614,0.0032264186752703,-0.0015336727184844,-0.0008318576765712
1997-11-11,1970.0,2050.0,1970.0,2000.0,51200.0,2000.0,2132.0,2142.0,2112.4,2248.4,2291.5,False,False,False,False,False,False,True,False,False,True,False,0.04,-0.005,,,-0.0562,-0.1242,0.015,0.15,-0.0021348514499198,0.1321195144724556,2270.0,2500.0,0.4848484848484848,0.0022722969134634,-0.0009541217618068,0.0001729774156936
1997-11-12,2000.0,2070.0,2000.0,2050.0,12200.0,2050.0,2092.0,2141.0,2116.4,2244.5333333333333,2290.1,False,False,False,False,False,False,True,False,False,True,False,-0.0195121951219512,0.0390243902439024,,,-0.032390243902439,-0.0948943089430894,0.0,0.1658536585365853,-0.0017227040513247,0.1289117234936945,2230.0,2450.0,0.23828125,0.0018900018900018,-0.0003822950234615,0.000412147398595
1997-11-13,1980.0,2100.0,1980.0,2100.0,33400.0,2100.0,2060.0,2131.0,2116.4,2240.266666666667,2288.95,False,False,False,False,False,False,False,False,False,True,False,-0.0238095238095238,-0.0476190476190476,,,-0.0078095238095238,-0.0667936507936508,-0.0523809523809523,0.1,-0.0019045351743838,0.1290473955889254,2180.0,2470.0,2.737704918032787,0.0,-0.0018900018900018,-0.0001818311230591
1997-11-14,2100.0,2100.0,2010.0,2020.0,16300.0,2020.0,2034.0,2122.0,2110.4,2234.6666666666665,2287.6,False,False,False,False,False,False,False,False,False,True,False,0.0693069306930693,0.0495049504950495,,,-0.0447524752475248,-0.1062706270627062,-0.0544554455445544,0.1435643564356435,-0.0025059665871123,0.1267672007540056,2110.0,2450.0,0.4880239520958084,-0.0028430629264594,-0.0028430629264594,-0.0006014314127284
1997-11-17,2000.0,2050.0,1960.0,1970.0,232600.0,1970.0,2028.0,2100.0,2103.2,2227.333333333333,2285.7,False,False,False,False,False,False,False,False,False,True,False,-0.0253807106598984,0.0761421319796954,,,-0.0676142131979694,-0.1306260575296106,0.015228426395939,0.1370558375634517,-0.0032924274169411,0.1271428571428571,2110.0,2420.0,14.269938650306749,-0.0034233548877901,-0.0005802919613307,-0.0007864608298287
1997-11-18,2000.0,2080.0,2000.0,2080.0,56500.0,2080.0,2044.0,2088.0,2103.2,2221.333333333333,2284.2,False,False,False,False,False,False,False,False,False,False,False,-0.0432692307692307,-0.0096153846153846,,,-0.011153846153846,-0.0679487179487178,-0.0288461538461538,0.0865384615384615,-0.0027010804321728,0.1235632183908046,2080.0,2470.0,0.2429062768701633,0.0,0.0034233548877901,0.0005913469847682
1997-11-19,2080.0,2080.0,2000.0,2010.0,13600.0,2010.0,2036.0,2064.0,2103.2,2212.6666666666665,2282.5,False,False,False,False,False,False,False,False,False,False,False,0.0597014925373134,-0.0149253731343283,,,-0.04636815920398,-0.1008291873963515,-0.0099502487562189,0.1343283582089552,-0.0039168424224163,0.129360465116279,2080.0,2500.0,0.2407079646017699,0.0,0.0,-0.0012157619902434
1997-11-20,2000.0,2110.0,2000.0,2050.0,22000.0,2050.0,2026.0,2043.0,2106.8,2203.6,2281.05,False,False,False,False,False,False,True,False,True,False,False,-0.024390243902439,-0.0097560975609756,,,-0.0277073170731708,-0.0749268292682926,-0.0292682926829268,0.0975609756097561,-0.0041144793368427,0.1311796377875673,2120.0,2410.0,1.6176470588235294,0.0017087526105944,0.0017087526105944,-0.0001976369144263
1997-11-21,2060.0,2160.0,2020.0,2160.0,19500.0,2160.0,2054.0,2044.0,2110.8,2197.2,2280.3,False,False,False,True,True,False,True,False,False,False,False,-0.0185185185185185,-0.0648148148148148,,,0.0227777777777776,-0.0172222222222221,-0.074074074074074,0.0509259259259259,-0.0029127981066812,0.1232876712328767,2150.0,2390.0,0.8863636363636364,0.0018950161076369,0.0001862634970424,0.0012016812301614
1997-11-25,1930.0,1970.0,1900.0,1920.0,87100.0,1920.0,2044.0,2036.0,2106.4,2188.0,2278.4,False,False,False,False,False,False,False,False,False,True,False,0.1041666666666666,0.0260416666666666,,,-0.0970833333333333,-0.1395833333333333,0.0572916666666666,0.1979166666666666,-0.0042047531992686,0.1252455795677799,2120.0,2410.0,4.466666666666667,-0.0020888720091151,-0.003983888116752,-0.0012919550925873
1997-11-26,1970.0,2020.0,1950.0,1990.0,64200.0,1990.0,2026.0,2035.0,2107.2,2180.0,2276.9,False,False,False,False,False,False,True,False,False,False,False,0.0351758793969849,0.0201005025125628,,,-0.0588944723618089,-0.0954773869346733,0.0201005025125628,0.1407035175879397,-0.0036697247706422,0.1243243243243243,1980.0,2400.0,0.7370838117106774,0.0003796507213362,0.0024685227304513,0.0005350284286264
1997-11-27,2050.0,2130.0,2050.0,2130.0,22700.0,2130.0,2050.0,2043.0,2111.6,2175.0666666666666,2276.0,False,False,False,False,False,False,True,False,True,False,True,-0.0704225352112676,-0.0751173708920187,,,0.0086384976525822,-0.0211580594679185,-0.0657276995305164,0.0892018779342723,-0.0022681297124992,0.1164953499755261,1940.0,2430.0,0.3535825545171339,0.0020837279787839,0.0017040772574476,0.0014015950581429
1997-11-28,2160.0,2200.0,2000.0,2000.0,16700.0,2000.0,2040.0,2033.0,2099.6,2168.5333333333333,2274.3,False,False,False,False,False,False,False,False,False,True,False,0.015,0.0,,,-0.0497999999999999,-0.0842666666666666,0.005,0.14,-0.0030127889818002,0.1205115592720118,1900.0,2350.0,0.73568281938326,-0.0057153743570203,-0.0077991023358042,-0.000744659269301
1997-12-01,2050.0,2120.0,2050.0,2120.0,16800.0,2120.0,2032.0,2043.0,2098.0,2164.266666666667,2273.3,False,False,False,False,False,False,False,False,False,False,True,-0.0471698113207547,-0.0566037735849056,,,0.010377358490566,-0.0208805031446541,-0.0613207547169811,0.070754716981132,-0.0019714144898963,0.1130690161527166,1900.0,2300.0,1.0059880239520955,-0.0007626310772163,0.004952743279804,0.0010413744919038
1997-12-02,2060.0,2140.0,2060.0,2120.0,13500.0,2120.0,2072.0,2058.0,2093.6,2159.333333333333,2272.35,False,False,False,False,False,False,False,False,False,True,False,-0.070754716981132,-0.0849056603773584,,,0.0124528301886792,-0.0185534591194967,-0.0896226415094339,0.0896226415094339,-0.0022846557579502,0.108357628765792,1830.0,2290.0,0.8035714285714286,-0.0021016431027894,-0.0013390120255731,-0.0003132412680538
1997-12-03,2140.0,2140.0,2050.0,2060.0,27000.0,2060.0,2086.0,2056.0,2088.0,2153.4666666666667,2271.05,False,False,False,False,False,False,False,False,False,True,False,-0.0145631067961165,-0.0145631067961165,,,-0.0135922330097087,-0.0453721682847896,-0.0339805825242718,0.1116504854368932,-0.0027242895176767,0.1108949416342412,1880.0,2280.0,2.0,-0.0026819923371647,-0.0005803492343752,-0.0004396337597265
1997-12-04,2020.0,2040.0,1980.0,1980.0,37900.0,1980.0,2056.0,2053.0,2084.8,2147.2,2269.45,False,False,False,False,False,False,False,False,False,False,False,-0.005050505050505,0.0353535353535353,,,-0.052929292929293,-0.0844444444444443,0.0252525252525252,0.1818181818181818,-0.0029185295578739,0.1154408183146614,1950.0,2240.0,1.4037037037037037,-0.0015349194167305,0.0011470729204341,-0.0001942400401971
1997-12-05,1970.0,2050.0,1970.0,2030.0,9300.0,2030.0,2062.0,2051.0,2078.0,2141.333333333333,2268.25,False,False,False,False,False,False,False,False,False,True,False,-0.0147783251231527,-0.0197044334975369,,,-0.0236453201970443,-0.0548440065681443,0.0147783251231527,0.1182266009852216,-0.0027397260273973,0.1175036567528035,2100.0,2250.0,0.2453825857519788,-0.0032723772858518,-0.0017374578691213,0.0001788035304766
1997-12-08,2070.0,2070.0,2020.0,2020.0,33000.0,2020.0,2042.0,2037.0,2074.4,2135.6,2267.05,False,False,False,False,False,False,False,False,False,False,False,-0.0099009900990099,-0.0544554455445544,,,-0.0269306930693069,-0.0572277227722771,0.0396039603960396,0.1386138613861386,-0.0026846475619653,0.1266568483063328,2170.0,2250.0,3.548387096774193,-0.0017354415734669,0.0015369357123848,5.507846543200464e-05
1997-12-09,2000.0,2050.0,1970.0,1970.0,54600.0,1970.0,2012.0,2042.0,2065.6,2129.6,2265.6,False,False,False,False,False,False,False,False,False,True,True,-0.015228426395939,0.015228426395939,,,-0.0485279187817258,-0.0810152284263959,0.0507614213197969,0.1472081218274111,-0.0028174305033809,0.1219392752203721,2150.0,2280.0,1.6545454545454543,-0.0042602633617351,-0.0025248217882681,-0.0001327829414156
1997-12-10,1990.0,2030.0,1990.0,2030.0,21500.0,2030.0,2006.0,2046.0,2058.8,2123.733333333333,2264.0,False,False,False,False,False,False,False,False,False,False,False,0.0,-0.0049261083743842,,,-0.0141871921182266,-0.0461740558292281,0.0689655172413793,0.083743842364532,-0.0027624309392265,0.1163245356793743,2080.0,2270.0,0.3937728937728937,-0.0033028948902271,0.0009573684715079,5.499956415434002e-05
1997-12-11,2000.0,2000.0,1970.0,1970.0,26500.0,1970.0,2004.0,2030.0,2047.6,2116.6666666666665,2262.2,False,False,False,False,False,False,False,False,False,True,False,0.0406091370558375,0.0101522842639593,,,-0.0393908629441623,-0.0744500846023688,0.1065989847715736,0.1269035532994923,-0.0033385826771653,0.1201970443349753,2010.0,2230.0,1.2325581395348837,-0.0054698183238915,-0.0021669234336643,-0.0005761517379387
1997-12-12,1940.0,2000.0,1900.0,2000.0,145200.0,2000.0,1998.0,2030.0,2037.2,2111.2,2260.95,False,False,False,False,False,False,False,False,False,False,False,-0.005,-0.005,,,-0.0186,-0.0555999999999999,0.115,0.13,-0.0025893646583301,0.1192118226600985,1960.0,2180.0,5.479245283018868,-0.0051050461417631,0.0003647721821283,0.0007492180188351
1997-12-15,1970.0,2000.0,1850.0,2000.0,38100.0,2000.0,1994.0,2018.0,2031.2,2106.0,2259.6,False,False,False,False,False,False,False,False,False,False,False,-0.045,0.0,,,-0.0156,-0.053,0.12,0.13,-0.002469135802469,0.1253716551040634,2060.0,2110.0,0.262396694214876,-0.0029539188656951,0.0021511272760679,0.0001202288558611
1997-12-16,1960.0,1980.0,1920.0,1940.0,10500.0,1940.0,1988.0,2000.0,2028.8,2099.733333333333,2257.95,False,False,False,False,False,False,False,False,False,False,False,0.0309278350515463,0.0463917525773195,,,-0.0457731958762886,-0.08233676975945,0.1443298969072164,0.190721649484536,-0.002984505969012,0.1355,2030.0,2110.0,0.2755905511811024,-0.0011829652996845,0.0017709535660105,-0.0005153701665429
1997-12-17,1970.0,2090.0,1940.0,2030.0,48700.0,2030.0,1988.0,1997.0,2030.0,2094.8,2256.95,False,False,False,False,False,False,True,False,False,False,False,-0.0049261083743842,0.0,,,0.0,-0.0319211822660099,0.1083743842364532,0.1773399014778325,-0.0023550378715547,0.1422133199799699,1970.0,2080.0,4.638095238095239,0.0005911330049261,0.0017740983046107,0.0006294680974572
1997-12-18,2050.0,2060.0,2010.0,2050.0,25900.0,2050.0,2004.0,2004.0,2030.0,2089.733333333333,2256.05,False,False,False,False,True,False,False,False,False,True,True,-0.0292682926829268,-0.0292682926829268,,,0.0097560975609756,-0.0193821138211381,0.0926829268292682,0.224390243902439,-0.0024245517769414,0.1467065868263473,2020.0,2080.0,0.5318275154004107,0.0,-0.0005911330049261,-6.951390538665215e-05
1997-12-19,2020.0,2020.0,1950.0,1990.0,41700.0,1990.0,2002.0,2000.0,2025.6,2084.9333333333334,2254.9,False,False,False,False,False,False,False,False,False,True,False,0.0,0.0100502512562814,,,-0.0178894472361808,-0.0477051926298157,0.0703517587939698,0.2562814070351759,-0.0023022318859114,0.1605,2300.0,2120.0,1.61003861003861,-0.002172195892575,-0.002172195892575,0.0001223198910299
1997-12-22,2000.0,2000.0,1850.0,1910.0,37800.0,1910.0,1984.0,1989.0,2021.2,2079.733333333333,2253.35,False,False,False,False,False,False,False,False,False,True,False,0.0471204188481675,0.0418848167539267,,,-0.0582198952879581,-0.0888656195462477,0.2041884816753926,0.256544502617801,-0.0025003205539173,0.171945701357466,2160.0,2150.0,0.9064748201438848,-0.0021769245992479,-4.728706672819504e-06,-0.0001980886680058
1997-12-24,1900.0,2000.0,1880.0,2000.0,50600.0,2000.0,1996.0,1992.0,2022.4,2075.866666666667,2252.2,False,False,False,False,False,False,True,False,False,False,False,0.015,-0.035,,,-0.0112,-0.0379333333333333,0.22,0.205,-0.0018626758301751,0.1777108433734939,2230.0,2120.0,1.3386243386243386,0.0005933544303797,0.0027702790296276,0.0006376447237421
1997-12-25,1940.0,2070.0,1940.0,2020.0,76900.0,2020.0,1994.0,1991.0,2020.0,2072.4,2251.3,False,False,False,False,False,False,False,False,False,True,False,0.0049504950495049,-0.0148514851485148,,,0.0,-0.0259405940594059,0.2227722772277227,0.1881188118811881,-0.0016727787428424,0.1883475640381717,2200.0,1980.0,1.5197628458498025,-0.0011881188118812,-0.001781473242261,0.0001898970873327
1997-12-26,2000.0,2000.0,1990.0,1990.0,5000.0,1990.0,1982.0,1993.0,2019.2,2069.0666666666666,2250.9,False,False,False,False,False,False,False,False,False,False,False,0.0,0.0201005025125628,,,-0.0146733668341708,-0.0397319932998324,0.2311557788944723,0.1909547738693467,-0.0016110323495296,0.1946813848469643,2060.0,1940.0,0.0650195058517555,-0.0003961965134706,0.0007919222984105,6.174639331279976e-05
1997-12-29,1960.0,1990.0,1950.0,1990.0,24900.0,1990.0,1982.0,1992.0,2016.8,2065.6,2250.4,False,False,False,False,False,False,False,False,False,True,False,0.0100502512562814,0.0351758793969849,,,-0.013467336683417,-0.0379899497487436,0.2060301507537688,0.1909547738693467,-0.0016782855667441,0.2008032128514056,2200.0,1900.0,4.98,-0.0011900039666799,-0.0007938074532092,-6.725321721448899e-05
1997-12-30,1990.0,2020.0,1990.0,2000.0,2100.0,2000.0,2000.0,1992.0,2010.4,2062.266666666667,2250.1,False,False,False,False,False,False,False,False,False,True,False,-0.005,0.05,,,-0.0052,-0.0311333333333334,0.22,0.195,-0.0016163444753344,0.2073293172690763,2110.0,1900.0,0.0843373493975903,-0.0031834460803819,-0.001993442113702,6.194109140970471e-05
1998-01-05,2000.0,2050.0,2000.0,2030.0,2800.0,2030.0,2006.0,2001.0,2014.8,2058.9333333333334,2249.75,False,False,False,False,True,False,True,False,True,False,True,-0.0492610837438423,0.0197044334975369,,,0.007487684729064,-0.0142528735632184,0.1822660098522167,0.1822660098522167,-0.0016189612744463,0.2063968015992004,2190.0,1830.0,1.3333333333333333,0.0021838395870557,0.0053672856674376,-2.6167991119525977e-06
1998-01-06,2070.0,2070.0,1960.0,2030.0,7200.0,2030.0,2008.0,2001.0,2016.4,2055.733333333333,2249.5,False,False,False,False,False,False,True,False,False,True,False,-0.0197044334975369,0.0689655172413793,,,0.0066995073891625,-0.0126765188834153,0.1773399014778325,0.1871921182266009,-0.001556622129978,0.2073963018490754,2200.0,1880.0,2.571428571428572,0.0007934933544932,-0.0013903462325624,6.233914446830799e-05
1998-01-07,1990.0,2000.0,1970.0,1990.0,5400.0,1990.0,2008.0,1995.0,2010.8,2052.5333333333333,2249.0,False,False,False,False,False,False,False,False,False,True,False,0.0201005025125628,0.0954773869346733,,,-0.0104522613065326,-0.0314237855946398,0.2060301507537688,0.2135678391959799,-0.001559048980122,0.206265664160401,2250.0,1950.0,0.75,-0.0027849612094689,-0.0035784545639621,-2.4268501439561347e-06
1998-01-08,1980.0,2040.0,1970.0,2010.0,57700.0,2010.0,2012.0,1997.0,2011.2,2050.266666666667,2248.55,False,False,False,False,False,False,True,False,False,False,False,0.0248756218905472,0.1094527363184079,,,-0.0005970149253731,-0.0200331674958541,0.1691542288557214,0.1940298507462686,-0.0011055472458865,0.200050075112669,2260.0,2100.0,10.685185185185183,0.0001988862370724,0.0029838474465413,0.0004535017342354
1998-01-09,1970.0,2030.0,1970.0,1990.0,5900.0,1990.0,2010.0,2005.0,2006.0,2048.6666666666665,2248.1,False,False,False,False,False,False,False,False,False,True,False,0.0552763819095477,0.1256281407035175,,,-0.0080402010050251,-0.0294807370184253,0.1708542713567839,0.2085427135678391,-0.0007809957696064,0.1955112219451371,2150.0,2170.0,0.1022530329289428,-0.0025922233300099,-0.0027911095670824,0.0003245514762801
1998-01-12,1940.0,1960.0,1930.0,1930.0,13000.0,1930.0,1990.0,1998.0,1998.4,2046.2666666666669,2247.35,False,False,False,False,False,False,False,False,False,True,False,0.0725388601036269,0.1502590673575129,,,-0.035440414507772,-0.0602417962003455,0.2279792746113989,0.1917098445595854,-0.001172867661432,0.1941941941941942,2000.0,2150.0,2.2033898305084745,-0.0038030424339471,-0.0012108191039371,-0.0003918718918255
1998-01-13,1960.0,1990.0,1960.0,1990.0,13200.0,1990.0,1982.0,1995.0,1995.6,2045.0666666666664,2247.0,False,False,False,False,False,False,False,False,False,False,False,0.0904522613065326,0.1306532663316583,,,-0.0028140703517587,-0.0276716917922946,0.2010050251256281,0.1708542713567839,-0.0005867779371498,0.1924812030075188,2000.0,2080.0,1.015384615384615,-0.0014030867909401,0.0023999556430069,0.0005860897242822
1998-01-14,2000.0,2030.0,1970.0,2030.0,7400.0,2030.0,1990.0,1999.0,1997.6,2044.4,2247.35,False,False,False,False,True,False,True,False,True,False,True,0.0738916256157635,0.1034482758620689,,,0.0159605911330049,-0.0070935960591133,0.2167487684729064,0.1625615763546798,-0.0003260940455225,0.1895947973986993,2050.0,2010.0,0.5606060606060606,0.00100120144173,0.0024042882326702,0.0002606838916272
1998-01-16,2070.0,2070.0,1980.0,2060.0,42600.0,2060.0,2000.0,2006.0,1998.8,2043.6,2247.6,False,False,False,False,False,False,True,False,False,True,False,0.0825242718446602,0.0339805825242718,,,0.0297087378640776,0.0079611650485437,0.174757281553398,0.1601941747572815,-0.000391466040321,0.1864406779661017,2100.0,1960.0,5.756756756756757,0.0006003602161297,-0.0004008412256003,-6.537199479854779e-05
1998-01-19,2090.0,2120.0,2050.0,2100.0,64100.0,2100.0,2022.0,2016.0,2002.0,2042.9333333333327,2247.95,False,False,False,False,False,False,True,False,True,False,False,0.0666666666666666,0.0952380952380952,,,0.0466666666666666,0.0271746031746032,0.1714285714285714,0.1523809523809524,-0.0003263281555933,0.1820436507936507,2020.0,2060.0,1.5046948356807512,0.0015984015984016,0.0009980413822719,6.513788472778945e-05
1998-01-20,2100.0,2100.0,2070.0,2070.0,22100.0,2070.0,2050.0,2020.0,2006.0,2042.2666666666669,2248.05,False,False,False,False,False,False,True,False,False,False,False,0.072463768115942,0.178743961352657,,,0.0309178743961352,0.0133977455716585,0.1980676328502415,0.178743961352657,-0.0003264346804202,0.1816831683168316,1970.0,2030.0,0.344773790951638,0.0019940179461615,0.0003956163477598,-1.0652482696057921e-07
1998-01-21,2130.0,2210.0,2110.0,2170.0,79200.0,2170.0,2086.0,2034.0,2011.6,2044.8,2248.55,False,False,False,False,False,False,True,True,False,False,False,0.0368663594470046,0.1382488479262673,,,0.0729953917050691,0.0576958525345622,0.1382488479262673,0.1290322580645161,0.0012389149713092,0.1755162241887905,2080.0,1970.0,3.583710407239819,0.0027838536488367,0.0007898357026751,0.0015653496517294
1998-01-22,2190.0,2200.0,2170.0,2180.0,36400.0,2180.0,2116.0,2053.0,2020.0,2048.0,2249.1,False,False,False,False,False,False,True,True,False,False,False,0.0275229357798165,0.1238532110091743,,,0.073394495412844,0.0605504587155963,0.1146788990825688,0.128440366972477,0.0015625,0.1668290306867998,2010.0,2020.0,0.4595959595959596,0.0041584158415842,0.0013745621927475,0.0003235850286908
1998-01-23,2180.0,2230.0,2150.0,2230.0,111600.0,2230.0,2150.0,2075.0,2029.2,2052.4,2249.95,False,False,False,False,False,False,True,True,False,False,False,-0.0448430493273542,0.0762331838565022,,,0.0900448430493273,0.0796412556053811,0.0986547085201793,0.1098654708520179,0.0021438316117716,0.1580722891566265,2050.0,2300.0,3.065934065934066,0.0045338064261778,0.0003753905845936,0.0005813316117716
1998-01-26,2200.0,2250.0,2180.0,2240.0,115800.0,2240.0,2178.0,2100.0,2038.8,2056.9333333333334,2250.8,False,False,False,False,False,False,True,True,False,False,False,0.0267857142857142,0.0892857142857142,,,0.0898214285714286,0.0817261904761904,0.0803571428571428,0.1071428571428571,0.0022039281778699,0.1478571428571428,2160.0,2160.0,1.0376344086021505,0.0047086521483224,0.0001748457221446,6.009656609832484e-05
1998-01-27,2270.0,2270.0,2220.0,2220.0,35400.0,2220.0,2208.0,2129.0,2050.0,2062.133333333333,2251.55,False,False,False,False,False,False,True,True,False,False,False,0.0990990990990991,0.081081081081081,,,0.0765765765765765,0.0711111111111111,0.0585585585585585,0.1148648648648648,0.0025216604163971,0.14044152184124,1920.0,2230.0,0.3056994818652849,0.0054634146341463,0.0007547624858238,0.0003177322385272
1998-01-28,2240.0,2280.0,2220.0,2250.0,35500.0,2250.0,2224.0,2155.0,2058.8,2067.0666666666666,2252.25,False,False,False,False,False,False,True,True,False,True,False,0.0977777777777777,0.0622222222222222,,,0.0849777777777777,0.0813037037037037,0.0222222222222222,0.1022222222222222,0.0023866348448687,0.1336426914153132,1990.0,2200.0,1.002824858757062,0.0042743345638236,-0.0011890800703226,-0.0001350255715284
1998-01-29,2250.0,2270.0,2240.0,2240.0,70400.0,2240.0,2236.0,2176.0,2066.4,2070.9333333333334,2252.6,False,False,False,False,False,False,True,True,False,True,False,0.09375,0.0714285714285714,,,0.0774999999999999,0.0754761904761904,0.0669642857142857,0.1071428571428571,0.0018671130569148,0.1282169117647058,2130.0,2060.0,1.983098591549296,0.0036778939217963,-0.0005964406420273,-0.0005195217879539
1998-01-30,2270.0,2270.0,2130.0,2130.0,42100.0,2130.0,2216.0,2183.0,2072.0,2071.333333333333,2252.35,True,True,False,False,False,False,True,True,False,True,False,0.1267605633802817,0.1032863849765258,,,0.0272300469483568,0.0275430359937403,0.0845070422535211,0.1478873239436619,0.0001931123270033,0.1271186440677966,2000.0,2200.0,0.5980113636363636,0.0027027027027026,-0.0009751912190936,-0.0016740007299114
1998-02-02,2330.0,2330.0,2250.0,2300.0,93000.0,2300.0,2228.0,2203.0,2087.6,2073.0666666666666,2252.95,False,False,False,False,False,False,True,True,False,False,False,0.0608695652173913,0.0130434782608695,,,0.0923478260869565,0.0986666666666667,0.0043478260869565,0.0608695652173913,0.0008361204013379,0.1177939173853835,2120.0,2110.0,2.209026128266033,0.0074726959187583,0.0047699932160556,0.0006430080743345
1998-02-03,2380.0,2490.0,2340.0,2440.0,225200.0,2440.0,2272.0,2240.0,2105.2,2076.9333333333334,2254.1,False,False,False,False,False,False,True,True,False,False,False,-0.0163934426229508,-0.0286885245901639,,,0.1372131147540984,0.1487978142076502,-0.081967213114754,0.0143442622950819,0.0018617192013867,0.1008928571428571,2120.0,2190.0,2.421505376344086,0.0083602508075241,0.0008875548887658,0.0010255988000488
1998-02-04,2480.0,2480.0,2350.0,2470.0,112600.0,2470.0,2316.0,2270.0,2123.2,2082.133333333333,2255.4,False,False,False,False,False,False,True,True,False,False,False,-0.0323886639676113,-0.0323886639676113,,,0.1404048582995952,0.1570310391363023,-0.0850202429149797,0.0080971659919028,0.00249743852459,0.0881057268722467,2060.0,2200.0,0.5,0.0084777694046721,0.000117518597148,0.0006357193232033
1998-02-05,2450.0,2460.0,2410.0,2450.0,96600.0,2450.0,2358.0,2297.0,2141.6,2088.0,2256.45,False,False,False,False,False,False,True,True,False,False,False,-0.0204081632653061,0.0081632653061224,,,0.1258775510204082,0.1477551020408163,-0.0693877551020408,0.0,0.0028097062579821,0.0748802786242925,1980.0,2250.0,0.8579040852575488,0.0085917071348524,0.0001139377301802,0.0003122677333921
1998-02-06,2420.0,2470.0,2400.0,2400.0,39800.0,2400.0,2412.0,2314.0,2158.0,2093.866666666667,2256.9,False,False,False,False,False,False,True,True,False,True,False,-0.0208333333333333,0.0083333333333333,,,0.1008333333333333,0.1275555555555555,-0.0625,0.0166666666666666,0.0028018339276618,0.0654710458081244,2030.0,2260.0,0.4120082815734989,0.0075996292863763,-0.0009920778484761,-7.872330320378169e-06
1998-02-09,2400.0,2440.0,2400.0,2440.0,21000.0,2440.0,2440.0,2334.0,2175.6,2098.9333333333334,2256.95,False,False,False,False,False,False,True,True,False,False,False,-0.0450819672131147,0.0081967213114754,,,0.1083606557377049,0.1397814207650273,-0.0696721311475409,0.0081967213114754,0.0024139245330961,0.055484147386461,2020.0,2150.0,0.5276381909547738,0.0080897223754366,0.0004900930890603,-0.0003879093945656
1998-02-10,2440.0,2440.0,2360.0,2400.0,45800.0,2400.0,2432.0,2352.0,2190.4,2103.866666666667,2257.2,False,False,False,False,False,False,True,True,False,True,False,-0.0125,0.0333333333333333,,,0.0873333333333332,0.1233888888888888,-0.0416666666666666,-0.0041666666666666,0.0023448887762215,0.0437925170068027,1970.0,2000.0,2.1809523809523808,0.0067567567567568,-0.0013329656186797,-6.903575687455766e-05
1998-02-12,2360.0,2420.0,2360.0,2390.0,27700.0,2390.0,2416.0,2366.0,2204.8,2109.4666666666667,2257.25,False,False,False,False,False,False,True,True,False,True,False,0.0,0.0334728033472803,,,0.0774895397489539,0.1173779637377963,-0.0502092050209205,0.00836820083682,0.0026546994500979,0.0346576500422654,2030.0,2000.0,0.6048034934497817,0.0065312046444122,-0.0002255521123446,0.0003098106738763
1998-02-13,2390.0,2410.0,2380.0,2400.0,33600.0,2400.0,2406.0,2382.0,2221.2,2114.5333333333333,2257.15,False,False,False,False,False,False,True,True,False,False,False,0.0291666666666666,0.0125,,,0.0745,0.1189444444444444,-0.0333333333333333,0.0041666666666666,0.002396115770225,0.024769101595298,1970.0,2050.0,1.212996389891697,0.0073833963623265,0.0008521917179142,-0.0002585836798728
1998-02-16,2390.0,2390.0,2310.0,2350.0,21500.0,2350.0,2396.0,2404.0,2234.8,2115.2,2256.85,False,False,False,False,False,False,True,True,False,True,False,0.0297872340425531,0.0425531914893617,,,0.0490212765957446,0.0999148936170213,-0.0297872340425531,0.0212765957446808,0.0003151790216842,0.0135191347753743,2000.0,2100.0,0.6398809523809523,0.00608555575443,-0.0012978406078964,-0.0020809367485408
1998-02-17,2300.0,2350.0,2300.0,2330.0,24500.0,2330.0,2374.0,2407.0,2248.4,2117.4666666666667,2256.45,False,False,False,False,False,False,True,True,False,True,False,0.055793991416309,0.03862660944206,,,0.0350214592274677,0.0912160228898426,-0.0257510729613733,0.0343347639484978,0.0010704615578365,0.0110095554632322,2000.0,2020.0,1.1395348837209305,0.0060487457747731,-3.680997965695761e-05,0.0007552825361522
1998-02-18,2350.0,2370.0,2340.0,2370.0,6200.0,2370.0,2368.0,2400.0,2266.0,2119.333333333333,2256.45,False,False,False,False,False,False,True,True,False,False,False,0.0464135021097046,-0.0084388185654008,,,0.0438818565400843,0.1057665260196907,-0.0253164556962025,-0.0021097046413502,0.0008807801195342,0.009375,1940.0,1970.0,0.2530612244897959,0.007766990291262,0.0017182445164889,-0.0001896814383022
1998-02-19,2330.0,2400.0,2300.0,2390.0,21600.0,2390.0,2368.0,2392.0,2282.0,2121.866666666667,2256.55,False,False,False,False,False,False,True,True,False,True,False,0.0334728033472803,-0.0376569037656903,,,0.0451882845188284,0.1121896792189678,-0.0418410041841004,0.0,0.0011939173055173,0.0085702341137123,2030.0,2080.0,3.4838709677419355,0.0070113935144609,-0.000755596776801,0.000313137185983
1998-02-20,2390.0,2500.0,2350.0,2470.0,137200.0,2470.0,2382.0,2394.0,2299.6,2127.333333333333,2256.95,False,False,False,False,False,False,True,True,False,False,False,-0.0161943319838056,-0.0323886639676113,,,0.0689878542510121,0.138731443994602,-0.0526315789473684,-0.0404858299595141,0.0025697273581947,0.0043859649122807,2050.0,2010.0,6.351851851851852,0.0076535049573838,0.0006421114429228,0.0013758100526773
1998-02-23,2490.0,2490.0,2410.0,2420.0,56100.0,2420.0,2396.0,2396.0,2314.0,2130.266666666667,2256.8,False,False,False,False,False,False,True,True,False,True,False,0.012396694214876,-0.0454545454545454,,,0.0438016528925619,0.119724517906336,-0.0619834710743801,-0.0537190082644628,0.001376979407899,-0.0027128547579298,1990.0,2050.0,0.4088921282798833,0.0062229904926534,-0.0014305144647304,-0.0011927479502956
1998-02-24,2400.0,2480.0,2380.0,2460.0,98700.0,2460.0,2422.0,2398.0,2328.4,2134.9333333333334,2256.9,False,False,False,False,False,False,True,True,False,True,False,-0.016260162601626,-0.0609756097560975,,,0.0534959349593495,0.132140921409214,-0.065040650406504,-0.0528455284552845,0.0021858606045465,-0.0089658048373644,1910.0,2160.0,1.7593582887700534,0.0061845043806906,-3.848611196281132e-05,0.0008088811966474
1998-02-25,2450.0,2520.0,2400.0,2480.0,116700.0,2480.0,2444.0,2406.0,2344.8,2138.8,2257.2,False,False,False,False,False,False,True,True,False,False,True,-0.0524193548387096,-0.0967741935483871,,,0.0545161290322579,0.1375806451612902,-0.0887096774193548,-0.032258064516129,0.0018078673399414,-0.0118453865336658,2000.0,1920.0,1.182370820668693,0.0069941999317639,0.0008096955510732,-0.000377993264605
1998-02-26,2490.0,2490.0,2430.0,2470.0,34700.0,2470.0,2460.0,2414.0,2356.8,2142.4,2257.75,False,False,False,False,False,False,True,True,False,True,False,-0.068825910931174,-0.0850202429149797,,,0.0458299595141699,0.1326315789473683,-0.1093117408906882,-0.0283400809716599,0.0016803584764749,-0.0155343827671913,2020.0,1990.0,0.2973436161096829,0.005091649694501,-0.0019025502372629,-0.0001275088634665
1998-02-27,2470.0,2470.0,2430.0,2430.0,19700.0,2430.0,2452.0,2417.0,2366.8,2144.8,2257.95,False,False,False,False,False,False,True,True,False,True,False,-0.0164609053497942,-0.0617283950617283,,,0.0260082304526748,0.1173662551440328,-0.0864197530864197,-0.0123456790123456,0.0011189854531891,-0.017170045510964,1990.0,2130.0,0.5677233429394812,0.0042251140780801,-0.0008665356164209,-0.0005613730232857
1998-03-02,2450.0,2450.0,2430.0,2450.0,26600.0,2450.0,2458.0,2427.0,2375.6,2147.333333333333,2258.25,False,False,False,False,False,False,True,True,False,True,False,-0.0571428571428571,-0.0816326530612244,,,0.0303673469387755,0.1235374149659865,-0.0775510204081632,-0.0122448979591836,0.0011797578391801,-0.0203955500618047,1990.0,2000.0,1.350253807106599,0.0037043273278328,-0.0005207867502472,6.077238599100235e-05
1998-03-03,2440.0,2440.0,2400.0,2420.0,23800.0,2420.0,2450.0,2436.0,2382.8,2150.9333333333334,2258.35,False,False,False,False,False,False,True,True,False,True,False,-0.0454545454545454,-0.0619834710743801,,,0.0153719008264462,0.1111845730027547,-0.0661157024793388,-0.006198347107438,0.0016736920406646,-0.0242200328407224,2000.0,2120.0,0.8947368421052632,0.0030216551955683,-0.0006826721322645,0.0004939342014845
1998-03-04,2400.0,2420.0,2330.0,2350.0,20800.0,2350.0,2424.0,2434.0,2388.0,2155.6,2257.8,False,False,False,False,False,False,True,True,False,True,False,-0.0468085106382978,-0.0212765957446808,,,-0.0161702127659574,0.0827234042553191,-0.0170212765957446,0.0425531914893617,0.002164903816416,-0.0199260476581758,2030.0,2120.0,0.8739495798319328,0.0021775544388608,-0.0008441007567074,0.0004912117757513
1998-03-05,2280.0,2330.0,2280.0,2300.0,64300.0,2300.0,2390.0,2425.0,2390.0,2159.6,2257.15,False,False,False,False,False,False,True,True,False,True,False,-0.017391304347826,-0.0130434782608695,,,-0.0391304347826087,0.0610434782608696,0.0391304347826087,0.0543478260869565,0.0018521948508983,-0.0148453608247422,2030.0,2060.0,3.0913461538461537,0.000836820083682,-0.0013407343551788,-0.0003127089655177
1998-03-06,2320.0,2400.0,2310.0,2390.0,39600.0,2390.0,2382.0,2417.0,2396.0,2164.133333333333,2256.75,False,False,False,False,False,False,True,True,True,False,False,-0.0460251046025104,-0.0292887029288702,,,-0.002510460251046,0.0945048814504882,0.0502092050209205,0.00836820083682,0.0020947569465836,-0.0099296648738105,1990.0,1980.0,0.6158631415241057,0.0025041736227045,0.0016673535390224,0.0002425620956853
1998-03-09,2360.0,2390.0,2310.0,2310.0,40700.0,2310.0,2354.0,2406.0,2403.2,2166.9333333333334,2255.8,False,False,False,False,False,False,True,True,False,False,False,-0.0259740259740259,-0.0129870129870129,,,-0.0403463203463202,0.0619336219336219,0.0822510822510822,0.0606060606060606,0.0012921486586267,0.0012468827930174,2010.0,2030.0,1.0277777777777777,0.0029960053262316,0.0004918317035271,-0.0008026082879569
1998-03-10,2340.0,2340.0,2310.0,2310.0,34200.0,2310.0,2332.0,2391.0,2403.6,2170.8,2254.8,False,False,False,False,False,False,True,True,False,True,False,-0.0173160173160173,-0.0173160173160173,,,-0.0405194805194804,0.0602597402597401,0.0389610389610389,0.0606060606060606,0.0017812173699404,0.0125470514429109,1990.0,2020.0,0.8402948402948403,0.000166417041105,-0.0028295882851265,0.0004890687113137
1998-03-11,2330.0,2350.0,2240.0,2240.0,28100.0,2240.0,2310.0,2367.0,2395.6,2174.4,2253.35,False,False,False,False,False,False,False,True,False,True,False,0.0267857142857142,0.03125,,,-0.0694642857142856,0.0292857142857142,0.0758928571428571,0.09375,0.0016556291390728,0.0249260667511618,1930.0,1970.0,0.8216374269005848,-0.0033394556687259,-0.003505872709831,-0.0001255882308676
1998-03-12,2280.0,2300.0,2260.0,2260.0,46200.0,2260.0,2302.0,2346.0,2387.2,2176.8,2252.1,False,False,False,False,False,False,False,True,False,True,False,0.0044247787610619,0.0132743362831858,,,-0.0562831858407078,0.0368141592920353,0.0619469026548672,0.0995575221238938,0.0011025358324145,0.0377237851662404,1990.0,2030.0,1.6441281138790036,-0.0035187667560322,-0.0001793110873062,-0.0005530933066582
1998-03-13,2250.0,2310.0,2250.0,2280.0,46300.0,2280.0,2280.0,2331.0,2380.4,2180.4,2251.25,False,False,False,False,False,False,False,True,False,False,False,0.0175438596491228,0.0263157894736842,,,-0.0440350877192982,0.0436842105263157,0.0394736842105263,0.0833333333333333,0.0016510731975783,0.0474045474045474,2030.0,1970.0,1.0021645021645025,-0.0028566627457569,0.0006621040102753,0.0005485373651637
1998-03-16,2260.0,2320.0,2250.0,2250.0,25100.0,2250.0,2268.0,2311.0,2374.4,2183.0666666666666,2250.55,False,False,False,False,False,False,False,True,False,False,False,0.0133333333333333,0.0088888888888888,,,-0.0552888888888889,0.0297481481481481,0.0533333333333333,0.1044444444444444,0.0012215232394795,0.0592816962353959,2060.0,2000.0,0.5421166306695464,-0.0025269541778975,0.0003297085678593,-0.0004295499580988
1998-03-17,2290.0,2290.0,2270.0,2270.0,38800.0,2270.0,2260.0,2296.0,2367.6,2184.5333333333333,2249.85,False,False,False,False,False,False,False,True,False,True,False,0.0,0.013215859030837,,,-0.0429955947136563,0.0376505139500734,0.052863436123348,0.0903083700440528,0.00067138671875,0.0692508710801393,2100.0,2000.0,1.545816733067729,-0.0028721067747931,-0.0003451525968955,-0.0005501365207295
1998-03-18,2310.0,2320.0,2270.0,2300.0,51700.0,2300.0,2272.0,2291.0,2363.6,2189.6,2249.2,False,False,False,False,False,False,False,True,False,False,False,0.0043478260869565,-0.017391304347826,,,-0.0276521739130434,0.048,0.0434782608695652,0.0652173913043478,0.0023139690658871,0.0715844609340899,2070.0,1940.0,1.3324742268041236,-0.0016923337282112,0.0011797730465819,0.0016425823471371
1998-03-19,2300.0,2330.0,2250.0,2270.0,31200.0,2270.0,2274.0,2288.0,2358.8,2193.333333333333,2248.55,False,False,False,False,False,False,False,True,False,True,False,0.0088105726872246,-0.0308370044052863,,,-0.0391189427312776,0.0337738619676947,0.0616740088105726,0.092511013215859,0.0017021276595743,0.0753933566433566,2170.0,2030.0,0.6034816247582205,-0.002034933016788,-0.0003425992885768,-0.0006118414063128
1998-03-20,2270.0,2380.0,2270.0,2320.0,30800.0,2320.0,2282.0,2281.0,2355.6,2195.866666666667,2248.1,False,False,False,False,False,False,False,True,False,False,False,0.0086206896551724,-0.043103448275862,,,-0.0153448275862068,0.0535057471264367,0.0409482758620689,0.0646551724137931,0.001153682676544,0.0813239807102148,2180.0,2050.0,0.9871794871794872,-0.0013584649346239,0.000676468082164,-0.0005484449830303
1998-03-23,2300.0,2350.0,2270.0,2280.0,34000.0,2280.0,2288.0,2278.0,2352.8,2199.6,2247.55,False,False,False,False,False,False,False,True,False,False,False,-0.0043859649122807,-0.0087719298245614,,,-0.0319298245614035,0.0352631578947368,0.0526315789473684,0.0833333333333333,0.0016972782930228,0.0836259877085162,2230.0,1990.0,1.103896103896104,-0.0011900714042841,0.0001683935303398,0.0005435956164788
1998-03-24,2250.0,2290.0,2250.0,2270.0,25900.0,2270.0,2288.0,2274.0,2350.4,2201.6,2247.0,False,False,False,False,False,False,False,True,False,False,False,0.013215859030837,-0.0044052863436123,,,-0.0354185022026432,0.0301321585903084,0.0594713656387665,0.092511013215859,0.0009084302325581,0.0868513632365875,2240.0,1910.0,0.7617647058823529,-0.0010211027910143,0.0001689686132698,-0.0007888480604647
1998-03-25,2300.0,2330.0,2280.0,2310.0,55700.0,2310.0,2290.0,2281.0,2348.0,2204.133333333333,2246.6,False,False,False,False,False,False,False,True,False,True,True,-0.0216450216450216,0.0,,,-0.0164502164502164,0.0458297258297258,-0.0043290043290043,0.0779220779220779,0.0011493557558526,0.0852696185883384,2220.0,2000.0,2.1505791505791505,-0.0010221465076661,-1.043716651803273e-06,0.0002409255232944
1998-03-26,2270.0,2340.0,2270.0,2290.0,27800.0,2290.0,2294.0,2284.0,2344.0,2207.2,2245.95,False,False,False,False,False,False,False,True,False,True,False,-0.0393013100436681,0.0436681222707423,,,-0.0235807860262008,0.0361572052401747,0.0174672489082969,0.0873362445414847,0.0013893922918931,0.0840630472854641,2250.0,2020.0,0.4991023339317774,-0.0017064846416382,-0.000684338133972,0.0002400365360405
1998-03-27,2310.0,2340.0,2280.0,2340.0,67200.0,2340.0,2298.0,2290.0,2338.8,2212.0,2245.4,False,False,False,False,True,False,False,True,False,True,False,-0.0512820512820512,0.0726495726495726,,,0.0005128205128204,0.0547008547008547,0.0085470085470085,0.0726495726495726,0.0021699819168174,0.0829694323144104,2240.0,1990.0,2.41726618705036,-0.0022233624080724,-0.0005168777664342,0.0007805896249242
1998-03-30,2300.0,2330.0,2270.0,2270.0,28300.0,2270.0,2296.0,2292.0,2332.8,2215.2,2244.3,False,False,False,False,False,False,False,True,False,True,False,-0.0044052863436123,0.1013215859030837,,,-0.0276651982378855,0.0241409691629956,0.052863436123348,0.1079295154185022,0.0014445648248464,0.0833333333333333,2130.0,1990.0,0.4211309523809524,-0.0025720164609053,-0.0003486540528329,-0.000725417091971
1998-03-31,2300.0,2310.0,2250.0,2300.0,51200.0,2300.0,2302.0,2295.0,2326.4,2218.9333333333334,2243.35,False,False,False,False,False,False,False,True,False,True,False,-0.017391304347826,0.0434782608695652,,,-0.0114782608695652,0.0352463768115941,0.0521739130434782,0.1260869565217391,0.0016824900853263,0.0869281045751634,2300.0,2000.0,1.809187279151944,-0.0027510316368638,-0.0001790151759585,0.0002379252604799
1998-04-01,2250.0,2300.0,2250.0,2260.0,38900.0,2260.0,2292.0,2291.0,2317.6,2222.8,2242.3,False,False,False,False,False,False,False,True,False,True,False,0.0221238938053097,0.0663716814159292,,,-0.0254867256637167,0.0164601769911503,0.079646017699115,0.1393805309734513,0.0017395477175934,0.0942819729375818,2440.0,2030.0,0.759765625,-0.0037970314118053,-0.0010459997749415,5.7057632267087975e-05
1998-04-02,2240.0,2240.0,2200.0,2200.0,48200.0,2200.0,2274.0,2284.0,2306.8,2225.0666666666666,2241.2,False,False,False,False,False,False,False,True,False,True,False,0.0863636363636363,0.0909090909090909,,,-0.0485454545454546,-0.0113939393939393,0.1136363636363636,0.1613636363636363,0.0010186960690315,0.1009194395796847,2470.0,2030.0,1.2390745501285347,-0.0046818102999825,-0.0008847788881771,-0.0007208516485619
1998-04-03,2230.0,2260.0,2200.0,2220.0,32600.0,2220.0,2250.0,2274.0,2298.4,2228.4,2240.2,False,False,False,False,False,False,False,True,False,False,False,0.1306306306306306,0.0675675675675675,,,-0.0353153153153153,-0.0037837837837838,0.1081081081081081,0.1396396396396396,0.0014958415604619,0.1083992963940193,2450.0,1990.0,0.6763485477178424,-0.0036547163243996,0.0010270939755829,0.0004771454914304
1998-04-06,2220.0,2300.0,2220.0,2260.0,27900.0,2260.0,2248.0,2272.0,2290.8,2231.866666666667,2239.55,False,False,False,False,False,False,False,True,False,False,False,0.1061946902654867,0.0486725663716814,,,-0.0136283185840708,0.0124483775811208,0.0951327433628318,0.1172566371681416,0.0015532588565625,0.1117957746478873,2400.0,2010.0,0.8558282208588958,-0.003317618299284,0.0003370980251155,5.741729610054831e-05
1998-04-07,2330.0,2330.0,2260.0,2260.0,20400.0,2260.0,2240.0,2271.0,2284.4,2235.333333333333,2238.9,False,False,False,False,False,False,False,True,False,False,False,0.0619469026548672,0.0575221238938053,,,-0.0107964601769911,0.0109144542772862,0.0973451327433628,0.1216814159292035,0.0015508499850877,0.1147071774548657,2440.0,1990.0,0.7311827956989247,-0.0028016109262826,0.0005160073730014,-2.408871474740863e-06
1998-04-08,2250.0,2340.0,2250.0,2310.0,85100.0,2310.0,2250.0,2271.0,2282.8,2240.266666666667,2238.25,False,False,False,False,True,False,False,True,False,False,False,0.0432900432900432,0.0389610389610389,,,0.0117748917748916,0.03018759018759,0.0714285714285714,0.0952380952380952,0.0022021187953817,0.1164685160722148,2400.0,1930.0,4.171568627450981,-0.0007008936393901,0.0021007172868924,0.0006512688102939
1998-04-09,2350.0,2400.0,2340.0,2390.0,92300.0,2390.0,2288.0,2281.0,2286.4,2245.0666666666666,2237.95,False,False,False,False,False,False,True,True,True,False,True,0.00418410041841,0.00836820083682,,,0.043347280334728,0.0606415620641562,0.0376569037656903,0.0669456066945606,0.0021380211426534,0.114204296361245,2390.0,1990.0,1.0846063454759107,0.0015745276417074,0.0022754212810976,-6.409765272833183e-05
1998-04-10,2430.0,2510.0,2410.0,2510.0,282100.0,2510.0,2346.0,2298.0,2291.2,2251.2,2238.4,False,False,False,False,False,False,True,True,False,False,False,-0.0557768924302788,-0.0378486055776892,,,0.0871713147410359,0.1031075697211156,-0.0119521912350597,0.0099601593625498,0.0027244728737265,0.1070496083550913,2400.0,2030.0,3.056338028169014,0.0020949720670389,0.0005204444253315,0.0005864517310731
1998-04-13,2500.0,2520.0,2450.0,2500.0,86300.0,2500.0,2394.0,2321.0,2298.8,2258.0,2238.9,False,False,False,False,False,False,True,True,False,False,False,-0.052,-0.04,,,0.0804799999999999,0.0968,-0.022,0.016,0.0030115146147033,0.0971563981042654,2350.0,2060.0,0.3059198865650478,0.0033060727336002,0.0012111006665613,0.0002870417409768
1998-04-14,2490.0,2500.0,2400.0,2400.0,90700.0,2400.0,2422.0,2331.0,2302.4,2264.5333333333333,2239.15,False,False,False,False,False,False,True,True,False,True,False,-0.0041666666666666,0.0020833333333333,,,0.0406666666666666,0.0564444444444444,0.0166666666666666,0.0479166666666666,0.002885068299576,0.0892320892320892,2330.0,2100.0,1.0509849362688295,0.0015635858234884,-0.0017424869101118,-0.0001264463151272
1998-04-15,2440.0,2460.0,2410.0,2410.0,86700.0,2410.0,2442.0,2346.0,2309.2,2270.0,2239.35,False,False,False,False,False,False,True,True,False,False,False,-0.0041493775933609,-0.0456431535269709,,,0.0418257261410789,0.0580912863070539,0.0269709543568464,0.0580912863070539,0.0024082232011747,0.0812020460358056,2370.0,2070.0,0.955898566703418,0.002944742768058,0.0013811569445695,-0.0004768450984013
1998-04-16,2445.0,2475.0,2400.0,2400.0,161300.0,2400.0,2444.0,2366.0,2314.8,2275.0666666666666,2239.4,False,False,False,False,False,False,True,True,False,True,False,0.0041666666666666,-0.0291666666666666,,,0.0354999999999999,0.0520555555555555,0.0375,0.0645833333333333,0.0022270409658324,0.0720625528317836,2390.0,2170.0,1.8604382929642445,0.0024192154829792,-0.0005255272850788,-0.0001811822353422
1998-04-17,2400.0,2410.0,2370.0,2370.0,48800.0,2370.0,2416.0,2381.0,2318.4,2280.133333333333,2238.9,False,False,False,False,False,False,True,True,False,True,False,0.0189873417721519,-0.0042194092827004,,,0.0217721518987341,0.0379184247538678,0.0337552742616033,0.0654008438818565,0.0022220922753055,0.0650986980260394,2470.0,2180.0,0.3025418474891506,0.0015527950310558,-0.0008664204519233,-4.948690526965314e-06
1998-04-20,2350.0,2385.0,2350.0,2370.0,95300.0,2370.0,2390.0,2392.0,2323.2,2285.2,2238.55,False,False,False,False,False,False,True,True,False,False,False,0.0126582278481012,0.0084388185654008,,,0.019746835443038,0.0357805907172996,0.0295358649789029,0.0654008438818565,0.0022171655289106,0.060200668896321,2420.0,2230.0,1.9528688524590163,0.0020661157024792,0.0005133206714233,-4.926746394865768e-06
1998-04-21,2400.0,2430.0,2380.0,2390.0,11900.0,2390.0,2388.0,2405.0,2328.0,2290.4,2238.45,False,False,False,False,False,False,True,True,False,True,False,0.006276150627615,0.0125523012552301,,,0.0259414225941422,0.0416736401673639,0.0292887029288702,0.0251046025104602,0.0022703457911283,0.0509355509355509,2460.0,2240.0,0.1248688352570829,0.0020618556701031,-4.260032376050479e-06,5.318026221766067e-05
1998-04-22,2400.0,2410.0,2380.0,2400.0,76900.0,2400.0,2386.0,2414.0,2332.0,2295.333333333333,2238.55,False,False,False,False,False,False,True,True,False,True,False,-0.0416666666666666,0.0166666666666666,,,0.0283333333333333,0.0436111111111112,-0.0041666666666666,0.0166666666666666,0.002149288411269,0.0432891466445733,2480.0,2220.0,6.46218487394958,0.0017152658662092,-0.0003465898038939,-0.0001210573798592
1998-04-23,2380.0,2420.0,2380.0,2410.0,59600.0,2410.0,2388.0,2416.0,2337.6,2300.4,2238.75,False,False,False,False,False,False,True,True,False,False,False,-0.0331950207468879,0.0165975103734439,,,0.0300414937759336,0.0454771784232364,0.0,0.0,0.0022025155045501,0.0366307947019867,2470.0,2250.0,0.7750325097529259,0.0023956194387405,0.0006803535725312,5.322709328103425e-05
1998-04-24,2400.0,2425.0,2390.0,2415.0,40700.0,2415.0,2397.0,2406.5,2341.4,2306.0666666666666,2238.975,False,False,False,False,False,False,True,True,False,True,False,-0.0227743271221532,0.0186335403726708,,,0.0304761904761904,0.0451069703243616,-0.0020703933747412,0.0248447204968944,0.0024572865774333,0.0382297943070849,2430.0,2240.0,0.6828859060402684,0.0016229606218502,-0.0007726588168902,0.0002547710728832
1998-04-27,2425.0,2425.0,2380.0,2400.0,41100.0,2400.0,2403.0,2396.5,2346.2,2311.266666666667,2239.175,False,False,False,False,False,False,True,True,False,False,False,-0.0041666666666666,0.03125,,,0.0224166666666667,0.0369722222222221,0.0,0.0166666666666666,0.0022498485678849,0.0383893177550594,2450.0,2130.0,1.00982800982801,0.0020458613928905,0.0004229007710402,-0.0002074380095483
1998-04-28,2400.0,2425.0,2390.0,2405.0,61400.0,2405.0,2406.0,2397.0,2351.6,2316.8,2239.4,False,False,False,False,False,False,True,True,False,False,False,0.0062370062370062,0.0311850311850311,,,0.0222037422037422,0.0366735966735966,0.002079002079002,0.0103950103950103,0.0023883517495395,0.0346266166040884,2420.0,2300.0,1.4939172749391727,0.0022963088960707,0.0002504475031802,0.0001385031816546
1998-04-30,2400.0,2415.0,2300.0,2300.0,53400.0,2300.0,2386.0,2386.0,2351.2,2321.733333333333,2239.05,False,False,False,False,False,False,False,True,False,True,False,0.0608695652173913,0.0760869565217391,,,-0.0222608695652173,-0.0094492753623187,0.0282608695652173,0.0695652173913043,0.0021248492505597,0.0356244761106454,2350.0,2440.0,0.8697068403908795,-0.0001701258931609,-0.0024664347892317,-0.0002635024989798
1998-05-01,2420.0,2420.0,2330.0,2330.0,13000.0,2330.0,2370.0,2379.0,2352.8,2326.266666666667,2238.85,False,False,False,False,False,False,True,True,False,False,False,0.0515021459227467,0.0643776824034334,,,-0.0097854077253219,0.0016022889842631,0.0257510729613733,0.0643776824034334,0.0019487590989856,0.0355191256830601,2300.0,2470.0,0.2434456928838951,0.0006800408024483,0.0008501666956092,-0.000176090151574
1998-05-06,2370.0,2400.0,2350.0,2360.0,14100.0,2360.0,2359.0,2378.0,2353.6,2330.6666666666665,2238.75,False,False,False,False,False,False,True,True,False,True,False,0.0423728813559322,0.0508474576271186,,,0.0027118644067796,0.0124293785310735,0.0042372881355932,0.0233050847457627,0.0018878718535467,0.0313288477712363,2390.0,2450.0,1.0846153846153843,0.0003399048266484,-0.0003401359757998,-6.088724543892648e-05
1998-05-07,2360.0,2425.0,2360.0,2390.0,80600.0,2390.0,2357.0,2380.0,2358.4,2335.0666666666666,2238.8,False,False,False,False,False,False,True,True,True,False,False,0.0355648535564853,0.0230125523012552,,,0.0132217573221756,0.0229846582984658,-0.0418410041841004,-0.0104602510460251,0.0018843145092217,0.0237394957983193,2310.0,2400.0,5.716312056737588,0.0020352781546812,0.0016953733280327,-3.5573443249946844e-06
1998-05-08,2430.0,2450.0,2390.0,2420.0,56300.0,2420.0,2360.0,2383.0,2363.2,2339.333333333333,2239.0,False,False,False,False,False,False,True,True,False,True,False,0.024793388429752,0.0082644628099173,,,0.0234710743801653,0.0333333333333334,-0.0371900826446281,-0.0330578512396694,0.0018238814477057,0.0178346621905161,2310.0,2440.0,0.6985111662531017,0.0020311442112388,-4.133943442334153e-06,-6.043306151596434e-05
1998-05-11,2400.0,2490.0,2400.0,2440.0,121300.0,2440.0,2388.0,2387.0,2370.4,2344.266666666667,2239.05,False,False,False,False,False,False,True,True,False,False,False,0.0143442622950819,0.0143442622950819,,,0.0285245901639343,0.0392349726775955,-0.0163934426229508,-0.0430327868852459,0.0021044249800934,0.0117302052785923,2240.0,2400.0,2.154529307282416,0.0030374620317247,0.0010063178204858,0.0002805435323877
1998-05-12,2465.0,2490.0,2450.0,2450.0,56900.0,2450.0,2412.0,2391.0,2380.4,2348.0,2239.2,False,False,False,False,False,False,True,True,False,False,False,0.0122448979591836,0.0163265306122449,,,0.028408163265306,0.0416326530612244,-0.0204081632653061,-0.0591836734693877,0.0015900056785916,0.0056461731493099,2260.0,2390.0,0.4690849134377576,0.0042009746261132,0.0011635125943885,-0.0005144193015018
1998-05-13,2410.0,2485.0,2410.0,2460.0,56200.0,2460.0,2432.0,2395.5,2390.0,2351.733333333333,2239.35,False,False,False,False,False,False,True,True,False,True,False,0.008130081300813,-0.0040650406504065,,,0.0284552845528455,0.0440108401084011,-0.024390243902439,-0.065040650406504,0.0015874815738744,-0.0035483197662283,2280.0,2400.0,0.9876977152899824,0.0040167364016736,-0.0001842382244396,-2.524104717120017e-06
1998-05-14,2490.0,2490.0,2470.0,2475.0,25900.0,2475.0,2449.0,2403.0,2398.6,2355.0,2239.575,False,False,False,False,False,False,True,True,False,True,False,-0.0121212121212121,-0.0141414141414141,,,0.0308686868686869,0.0484848484848484,-0.0222222222222222,-0.0868686868686868,0.0013871196036802,-0.0141489804411152,2250.0,2350.0,0.4608540925266904,0.0035854248311514,-0.0004313115705221,-0.0002003619701942
1998-05-15,2480.0,2500.0,2440.0,2480.0,103300.0,2480.0,2461.0,2410.5,2407.4,2358.2,2239.975,False,False,False,False,False,False,True,True,False,False,False,-0.0161290322580645,-0.0080645161290322,,,0.029274193548387,0.0491129032258065,-0.0302419354838709,-0.0604838709677419,0.0013569671783562,-0.0213648620618129,2270.0,2330.0,3.988416988416988,0.0036553958627565,6.997103160510899e-05,-3.0152425323906823e-05
1998-05-18,2475.0,2480.0,2395.0,2475.0,13000.0,2475.0,2468.0,2428.0,2414.0,2361.6,2240.4,False,False,False,False,False,False,True,True,False,True,False,0.0,-0.0343434343434343,,,0.0246464646464646,0.0458181818181818,-0.0101010101010101,-0.0303030303030303,0.001439701897019,-0.0308896210873146,2300.0,2370.0,0.1258470474346563,0.0027340513670256,-0.0009213444957309,8.273471866271235e-05
1998-05-19,2465.0,2490.0,2465.0,2480.0,28200.0,2480.0,2474.0,2443.0,2417.6,2364.6666666666665,2241.0,False,False,False,False,False,False,True,True,False,True,False,0.0040322580645161,-0.0282258064516129,,,0.0251612903225806,0.046505376344086,-0.0221774193548387,-0.0282258064516129,0.0012968705948688,-0.0397052803929594,2270.0,2390.0,2.169230769230769,0.0014890800794175,-0.001244971287608,-0.0001428313021501
1998-05-20,2490.0,2490.0,2470.0,2480.0,28000.0,2480.0,2478.0,2455.0,2416.4,2367.866666666667,2241.7,False,False,False,False,False,False,False,True,False,True,False,-0.0120967741935483,-0.0282258064516129,,,0.0256451612903225,0.0452150537634408,-0.0282258064516129,-0.0443548387096774,0.0013514274452391,-0.0462321792260692,2320.0,2470.0,0.9929078014184396,-0.0004966065220989,-0.0019856866015164,5.455685037027104e-05
1998-05-21,2480.0,2480.0,2440.0,2445.0,18900.0,2445.0,2472.0,2460.5,2414.2,2372.0666666666666,2241.825,False,False,False,False,False,False,False,True,False,True,False,-0.0020449897750511,-0.0184049079754601,,,0.012597137014315,0.0298295841854124,0.0020449897750511,-0.0593047034764826,0.0017706079087152,-0.0510058931111562,2280.0,2420.0,0.675,-0.0009112749565074,-0.0004146684344085,0.0004191804634761
1998-05-22,2450.0,2460.0,2430.0,2440.0,22200.0,2440.0,2464.0,2462.5,2415.8,2373.9333333333334,2241.825,False,False,False,False,False,False,True,True,False,False,False,0.0081967213114754,-0.0122950819672131,,,0.0099180327868851,0.0270765027322404,0.0040983606557377,-0.0450819672131147,0.0007863180656576,-0.0521827411167512,2270.0,2460.0,1.1746031746031746,0.0006623064823248,0.0015735814388322,-0.0009842898430576
1998-05-25,2440.0,2480.0,2440.0,2475.0,10800.0,2475.0,2464.0,2466.0,2418.4,2374.4,2241.6,False,False,False,False,False,False,True,True,False,False,False,-0.0343434343434343,-0.0444444444444444,,,0.0228686868686868,0.0406464646464646,-0.0101010101010101,-0.0464646464646464,0.0001965408805031,-0.0525141930251419,2310.0,2480.0,0.4864864864864865,0.0010750909692358,0.0004127844869109,-0.0005897771851544
1998-05-26,2490.0,2510.0,2480.0,2490.0,81300.0,2490.0,2466.0,2470.0,2422.0,2374.6666666666665,2241.4,False,False,False,False,False,False,True,True,False,False,False,-0.0321285140562249,-0.0401606425702811,,,0.0273092369477911,0.0463186077643909,-0.002008032128514,-0.0461847389558232,0.0001122964626613,-0.0512145748987854,2290.0,2470.0,7.527777777777778,0.0014863748967794,0.0004112839275436,-8.424441784183336e-05
1998-05-27,2500.0,2500.0,2420.0,2450.0,73600.0,2450.0,2460.0,2469.0,2425.2,2374.6666666666665,2240.35,False,False,False,False,False,False,True,False,False,True,False,-0.0163265306122449,-0.0326530612244898,,,0.0101224489795919,0.0307482993197279,0.0081632653061224,-0.0612244897959183,0.0,-0.0508302956662616,2340.0,2430.0,0.9052890528905287,0.0013194788058716,-0.0001668960909078,-0.0001122964626613
1998-05-28,2400.0,2440.0,2390.0,2440.0,25700.0,2440.0,2459.0,2465.5,2428.0,2375.2,2238.9,False,False,False,False,False,False,True,True,False,True,False,-0.0163934426229508,-0.0614754098360655,,,0.0049180327868852,0.0265573770491804,0.0184426229508196,-0.0614754098360655,0.0002245424946671,-0.0482660717907118,2270.0,2450.0,0.3491847826086957,0.0011532125205931,-0.0001662662852784,0.0002245424946671
1998-05-29,2490.0,2495.0,2410.0,2460.0,112500.0,2460.0,2463.0,2463.5,2430.8,2375.4666666666667,2238.0,False,False,False,False,False,False,True,True,False,True,False,-0.0203252032520325,-0.0528455284552845,,,0.0118699186991869,0.0343631436314363,0.0060975609756097,-0.0873983739837398,0.0001122586439156,-0.0509437791759691,2300.0,2420.0,4.377431906614786,0.0011518841533652,-1.328367227933702e-06,-0.0001122838507514
1998-06-01,2430.0,2440.0,2390.0,2390.0,11700.0,2390.0,2446.0,2455.0,2430.4,2375.333333333333,2236.9,False,False,False,False,False,False,False,False,False,True,False,-0.0104602510460251,0.00418410041841,,,-0.0169037656903766,0.0061366806136681,0.0251046025104602,-0.0376569037656903,-5.613247263555999e-05,-0.0517311608961303,2260.0,2350.0,0.104,-0.000164581961817,-0.0013164661151822,-0.0001683911165512
1998-06-02,2350.0,2410.0,2350.0,2410.0,10700.0,2410.0,2430.0,2448.0,2430.4,2375.6,2236.0,False,False,False,False,False,False,False,True,False,False,False,-0.0082987551867219,-0.0041493775933609,,,-0.0084647302904564,0.0142738589211618,0.0290456431535269,-0.0456431535269709,0.0001122523432677,-0.0535130718954248,2200.0,2300.0,0.9145299145299144,0.0,0.000164581961817,0.0001683848159033
1998-06-03,2370.0,2410.0,2365.0,2410.0,24700.0,2410.0,2422.0,2441.0,2430.2,2375.733333333333,2235.55,False,False,False,False,False,False,False,True,False,True,False,-0.0165975103734439,-0.0041493775933609,,,-0.0083817427385891,0.0142185338865837,0.0248962655601659,-0.0622406639004149,5.6123021663435326e-05,-0.0553052027857435,2220.0,2390.0,2.308411214953271,-8.229775327144797e-05,-8.229775327144797e-05,-5.612932160431973e-05
1998-06-04,2400.0,2420.0,2400.0,2400.0,10100.0,2400.0,2414.0,2436.5,2430.2,2376.4,2235.1,False,False,False,False,False,False,False,True,False,False,False,-0.0458333333333333,0.0083333333333333,,,-0.0125833333333332,0.0098333333333332,0.0291666666666666,-0.0916666666666666,0.0002805363855693,-0.0584855325261645,2260.0,2310.0,0.4089068825910931,0.0,8.229775327144797e-05,0.0002244133639059
1998-06-05,2440.0,2440.0,2380.0,2410.0,13700.0,2410.0,2404.0,2433.5,2430.4,2377.4666666666667,2234.95,False,False,False,False,False,False,True,True,False,False,False,-0.0331950207468879,-0.0020746887966804,,,-0.0084647302904564,0.0134993084370677,0.0290456431535269,-0.1120331950207468,0.0004486568336043,-0.0651325251695089,2260.0,2310.0,1.3564356435643563,8.22909809086047e-05,8.22909809086047e-05,0.000168120448035
1998-06-08,2370.0,2375.0,2360.0,2365.0,25000.0,2365.0,2399.0,2422.5,2433.0,2377.4,2234.325,False,False,False,False,False,False,True,False,True,False,False,0.014799154334038,0.0359408033826638,,,-0.028752642706131,-0.0052431289640592,0.0528541226215644,-0.0570824524312896,-2.80418384229015e-05,-0.0662538699690402,2310.0,2240.0,1.8248175182481752,0.0010686395396629,0.0009863485587543,-0.0004766986720272
1998-06-09,2355.0,2410.0,2355.0,2390.0,12900.0,2390.0,2395.0,2412.5,2435.4,2377.4,2233.775,False,False,False,False,False,False,True,False,False,True,False,0.00418410041841,0.0146443514644351,,,-0.0189958158995816,0.0052719665271966,0.0418410041841004,-0.1129707112970711,0.0,-0.0729533678756476,2390.0,2260.0,0.516,0.0009854644000985,-8.317513956434641e-05,2.80418384229015e-05
1998-06-10,2390.0,2395.0,2350.0,2370.0,23200.0,2370.0,2387.0,2404.5,2435.8,2376.0666666666666,2233.375,False,False,False,False,False,False,True,False,False,True,False,0.0126582278481012,0.0168776371308016,,,-0.0277637130801688,-0.0025597749648382,0.0590717299578059,-0.1097046413502109,-0.0005611514828428,-0.0777708463297982,2510.0,2280.0,1.7984496124031009,0.0001642170949996,-0.0008212473050989,-0.0005611514828428
1998-06-11,2340.0,2345.0,2280.0,2290.0,24000.0,2290.0,2365.0,2389.5,2431.8,2374.333333333333,2232.475,False,False,False,False,False,False,False,False,False,True,False,0.056768558951965,0.0698689956331877,,,-0.0619213973799127,-0.0368267831149925,0.0982532751091703,-0.1048034934497816,-0.0007300294819599,-0.0820255283532119,2500.0,2250.0,1.0344827586206895,-0.0016448721111933,-0.0018090892061929,-0.000168877999117
1998-06-12,2290.0,2330.0,2250.0,2330.0,54300.0,2330.0,2349.0,2376.5,2428.2,2372.6,2231.875,False,False,False,False,False,False,False,False,False,False,False,0.0321888412017167,0.0515021459227467,,,-0.042145922746781,-0.018283261802575,0.111587982832618,-0.111587982832618,-0.0007305628143526,-0.0843677677256469,2400.0,2270.0,2.2625,-0.0014825796886584,0.0001622924225349,-5.333323927093209e-07
1998-06-15,2330.0,2400.0,2330.0,2400.0,21700.0,2400.0,2356.0,2377.5,2426.6,2371.5333333333333,2231.775,False,False,False,False,False,False,False,False,False,False,False,0.0208333333333333,0.0208333333333333,,,-0.0110833333333332,0.0118611111111111,0.0729166666666666,-0.1541666666666666,-0.0004497793270176,-0.0961093585699263,2410.0,2300.0,0.3996316758747698,-0.0006593587735926,0.0008232209150657,0.000280783487335
1998-06-16,2400.0,2430.0,2375.0,2400.0,56500.0,2400.0,2358.0,2376.5,2424.6,2370.6,2231.425,False,False,False,False,False,False,False,False,False,True,False,0.0104166666666666,0.0354166666666666,,,-0.0102499999999999,0.01225,0.0645833333333333,-0.1583333333333333,-0.0003937118591636,-0.1075110456553755,2400.0,2270.0,2.6036866359447006,-0.0008248783304462,-0.0001655195568536,5.6067467853987245e-05
1998-06-17,2410.0,2420.0,2380.0,2400.0,28300.0,2400.0,2364.0,2375.5,2422.2,2370.2,2230.925,False,False,False,False,False,False,False,False,False,True,False,0.0041666666666666,0.0291666666666666,,,-0.0092499999999999,0.0124166666666667,0.0541666666666666,-0.1583333333333333,-0.0001687621297781,-0.1172384761102925,2370.0,2320.0,0.5008849557522124,-0.0009908347783007,-0.0001659564478544,0.0002249497293855
1998-06-18,2420.0,2440.0,2400.0,2420.0,18800.0,2420.0,2390.0,2377.5,2420.0,2369.8,2230.975,False,False,False,False,False,False,False,False,False,False,False,0.012396694214876,0.0268595041322314,,,0.0,0.0207438016528924,0.0433884297520661,-0.1652892561983471,-0.0001687906152416,-0.1247108307045215,2370.0,2280.0,0.6643109540636042,-0.0009090909090908,8.174386920992204e-05,-2.8485463522849852e-08
1998-06-19,2420.0,2420.0,2405.0,2405.0,8400.0,2405.0,2405.0,2377.0,2417.0,2369.6,2231.05,False,False,False,False,False,False,False,False,False,True,False,0.0187110187110187,0.0291060291060291,,,-0.0049896049896049,0.0147193347193347,0.054054054054054,-0.1288981288981289,-8.44024307901219e-05,-0.1264198569625578,2390.0,2270.0,0.4468085106382978,-0.0012412081092263,-0.0003321172001354,8.438818445151714e-05
1998-06-22,2400.0,2450.0,2390.0,2450.0,8100.0,2450.0,2415.0,2385.5,2416.0,2370.9333333333334,2231.25,False,False,False,False,True,False,False,True,False,False,True,0.0,0.0,,,0.0138775510204081,0.0322721088435373,0.0326530612244898,-0.1632653061224489,0.000562366437971,-0.1370781806749109,2400.0,2310.0,0.9642857142857144,-0.0004139072847682,0.0008273008244581,0.0006467688687611
1998-06-23,2440.0,2460.0,2400.0,2425.0,20000.0,2425.0,2420.0,2389.0,2413.8,2372.6,2231.375,False,False,False,False,False,False,False,True,False,True,False,0.0247422680412371,0.022680412371134,,,0.0046185567010308,0.0216082474226804,0.0515463917525773,-0.1608247422680412,0.0007024642445698,-0.1419003767266638,2410.0,2290.0,2.469135802469136,-0.0009114259673543,-0.000497518682586,0.0001400978065988
1998-06-24,2425.0,2425.0,2395.0,2410.0,8100.0,2410.0,2422.0,2393.0,2411.0,2372.866666666667,2231.275,False,False,False,False,False,False,False,True,False,True,False,0.0248962655601659,0.0248962655601659,,,-0.000414937759336,0.0154080221300137,0.0518672199170124,-0.0995850622406639,0.0001123816480769,-0.1408274132887589,2415.0,2340.0,0.405,-0.00116134384073,-0.0002499178733757,-0.0005900825964929
1998-06-25,2480.0,2480.0,2410.0,2450.0,21100.0,2450.0,2428.0,2409.0,2411.2,2374.733333333333,2231.775,False,False,False,False,False,False,True,True,False,False,False,0.0142857142857142,0.0081632653061224,,,0.0158367346938776,0.0307210884353742,0.036734693877551,-0.1183673469387755,0.0007860531708822,-0.1419676214196762,2400.0,2270.0,2.6049382716049383,8.294625082938707e-05,0.0012442900915594,0.0006736715228052
1998-06-26,2450.0,2450.0,2420.0,2450.0,33000.0,2450.0,2437.0,2421.0,2411.6,2376.6,2232.525,False,False,False,False,False,False,True,True,False,False,False,0.010204081632653,0.0122448979591836,,,0.0156734693877551,0.0299591836734694,0.0265306122448979,-0.1306122448979592,0.0007854357765996,-0.1437422552664188,2405.0,2300.0,1.5639810426540284,0.0001658649859015,8.291873507212683e-05,-6.173942825291089e-07
1998-06-29,2450.0,2480.0,2450.0,2450.0,38000.0,2450.0,2437.0,2426.0,2410.6,2379.4,2233.325,False,False,False,False,False,False,False,True,False,True,False,0.0,0.0163265306122449,,,0.0160816326530612,0.0288163265306122,0.0408163265306122,-0.1591836734693877,0.0011767672522485,-0.1442704039571311,2300.0,2260.0,1.1515151515151516,-0.000414834481042,-0.0005806994669435,0.0003913314756488
1998-06-30,2475.0,2490.0,2460.0,2485.0,25300.0,2485.0,2449.0,2434.5,2410.4,2382.4,2234.35,False,False,False,False,False,False,False,True,False,False,False,-0.0020120724346076,0.0020120724346076,,,0.030020120724346,0.0412877263581488,0.028169014084507,-0.1710261569416499,0.0012592343854936,-0.1456151160402546,2330.0,2200.0,0.6657894736842105,-8.297378028535433e-05,0.0003318607007567,8.246713324507743e-05
1998-07-01,2450.0,2485.0,2440.0,2470.0,13400.0,2470.0,2461.0,2441.5,2411.2,2384.9333333333334,2235.5,False,False,False,False,False,False,True,True,False,False,False,0.0,0.0161943319838056,,,0.0238056680161944,0.0344399460188933,0.0222672064777327,-0.1376518218623481,0.0010622239615362,-0.1435592873233667,2360.0,2220.0,0.5296442687747036,0.0003317850033177,0.000414758783603,-0.0001970104239573
1998-07-02,2490.0,2490.0,2460.0,2485.0,48300.0,2485.0,2468.0,2448.0,2413.0,2388.0666666666666,2236.675,False,False,False,False,False,False,True,True,False,False,False,-0.0060362173038229,0.0120724346076458,,,0.0289738430583501,0.0390073775989269,0.0160965794768611,-0.1066398390342052,0.0013120795064347,-0.1376633986928104,2390.0,2260.0,3.6044776119402986,0.0007459593866556,0.0004141743833379,0.0002498555448984
1998-07-03,2480.0,2485.0,2460.0,2475.0,42000.0,2475.0,2473.0,2455.0,2413.6,2390.8,2237.8,False,False,False,False,False,False,True,True,False,True,False,0.002020202020202,0.0464646464646464,,,0.0248080808080808,0.0340202020202019,-0.0101010101010101,-0.0828282828282828,0.0011432714293682,-0.1329938900203666,2420.0,2260.0,0.8695652173913043,0.0002485913158766,-0.000497368070779,-0.0001688080770664
1998-07-06,2445.0,2480.0,2445.0,2450.0,4000.0,2450.0,2473.0,2455.0,2416.0,2392.8,2238.65,False,False,False,False,False,False,True,True,False,False,False,0.0163265306122449,0.0510204081632653,,,0.0138775510204081,0.0233469387755101,-0.0040816326530612,-0.0285714285714285,0.000835840855901,-0.1195519348268839,2440.0,2310.0,0.0952380952380952,0.0009933774834437,0.000744786167567,-0.0003074305734671
1998-07-07,2480.0,2480.0,2450.0,2480.0,19400.0,2480.0,2472.0,2460.5,2418.8,2395.6,2239.7,False,False,False,False,False,False,True,True,False,False,True,0.0040322580645161,0.0302419354838709,,,0.0246774193548386,0.0340322580645161,-0.0282258064516129,-0.064516129032258,0.0011688094840539,-0.1099370046738467,2450.0,2390.0,4.85,0.001157598809327,0.0001642213258832,0.0003329686281529
1998-07-08,2480.0,2480.0,2450.0,2470.0,31900.0,2470.0,2472.0,2466.5,2421.2,2397.6,2240.9,False,False,False,False,False,False,True,True,False,True,False,0.0161943319838056,0.0242914979757085,,,0.0197570850202429,0.0293117408906882,0.0020242914979757,-0.1295546558704453,0.0008341675008341,-0.1129130346645043,2460.0,2510.0,1.6443298969072164,0.0009912440112339,-0.000166354798093,-0.0003346419832198
1998-07-09,2470.0,2480.0,2470.0,2470.0,38000.0,2470.0,2469.0,2468.5,2424.0,2400.133333333333,2242.35,False,False,False,False,False,False,True,True,False,False,False,0.0182186234817813,0.0222672064777327,,,0.0186234817813765,0.0282860998650472,-0.0121457489878542,-0.1578947368421052,0.0010554969168379,-0.1168725946931334,2475.0,2500.0,1.1912225705329154,0.0011551155115512,0.0001638715003172,0.0002213294160037
1998-07-10,2460.0,2500.0,2460.0,2480.0,71900.0,2480.0,2470.0,2471.5,2426.8,2402.9333333333334,2244.2,False,False,False,False,False,False,True,True,False,True,False,0.0443548387096774,0.0221774193548387,,,0.0214516129032257,0.0310752688172042,-0.0201612903225806,-0.1532258064516129,0.0011652424814116,-0.1191584058264212,2480.0,2400.0,1.8921052631578947,0.0011537827591891,-1.3327523620996432e-06,0.0001097455645737
1998-07-13,2415.0,2490.0,2415.0,2490.0,12200.0,2490.0,2478.0,2475.5,2431.8,2405.333333333333,2246.1,False,False,False,False,False,False,True,True,False,False,False,0.0341365461847389,0.0160642570281124,,,0.0233734939759035,0.0340026773761714,-0.0120481927710843,-0.1586345381526104,0.0009977827050996,-0.1191678448798222,2475.0,2410.0,0.1696801112656467,0.0020560901389916,0.0009023073798025,-0.000167459776312
1998-07-14,2490.0,2510.0,2480.0,2490.0,96300.0,2490.0,2480.0,2476.0,2435.8,2408.0,2248.15,False,False,False,False,False,False,True,True,False,True,False,0.0261044176706827,0.0240963855421686,,,0.0217670682730922,0.0329317269076305,-0.0040160642570281,-0.1767068273092369,0.001107419712071,-0.1197495961227786,2480.0,2400.0,7.89344262295082,0.0016421709499958,-0.0004139191889957,0.0001096370069713
1998-07-15,2500.0,2535.0,2495.0,2510.0,172200.0,2510.0,2488.0,2480.0,2441.4,2410.266666666667,2250.3,False,False,False,False,False,False,True,True,False,False,False,0.0079681274900398,0.0099601593625498,,,0.0273306772908366,0.0397343957503319,-0.0378486055776892,-0.1912350597609561,0.0009404215301212,-0.1252016129032258,2480.0,2370.0,1.7881619937694704,0.0022937658720405,0.0006515949220447,-0.0001669981819497
1998-07-16,2520.0,2530.0,2500.0,2515.0,42900.0,2515.0,2497.0,2483.0,2450.4,2413.5333333333333,2252.275,False,False,False,False,False,False,True,True,False,False,False,0.003976143141153,0.0099403578528827,,,0.0256858846918488,0.0403445990722332,-0.0596421471172962,-0.1451292246520874,0.0013534789934534,-0.1290777285541683,2445.0,2370.0,0.2491289198606271,0.0036728697355533,0.0013791038635127,0.0004130574633322
1998-07-17,2525.0,2590.0,2515.0,2590.0,80800.0,2590.0,2519.0,2494.5,2460.8,2417.4,2254.475,False,False,False,False,False,False,True,True,False,False,False,-0.0212355212355212,-0.0289575289575289,,,0.0498841698841698,0.0666409266409266,-0.0965250965250965,-0.1525096525096525,0.0015995146300433,-0.1360994187211866,2440.0,2390.0,1.883449883449884,0.0042262678803641,0.0005533981448107,0.0002460356365898
1998-07-21,2590.0,2590.0,2565.0,2575.0,39200.0,2575.0,2536.0,2507.0,2467.8,2421.6,2256.75,False,False,False,False,False,False,True,True,False,True,False,-0.0174757281553398,-0.0097087378640776,,,0.0416310679611649,0.0595728155339806,-0.0932038834951456,-0.1631067961165048,0.0017343904856292,-0.1493817311527722,2475.0,2400.0,0.4851485148514851,0.0028365345651997,-0.0013897333151643,0.0001348758555859
1998-07-22,2530.0,2560.0,2505.0,2555.0,46000.0,2555.0,2549.0,2514.5,2474.0,2426.333333333333,2259.625,False,False,False,False,False,False,True,True,False,True,False,-0.0019569471624266,0.0,,,0.0317025440313111,0.050358773646445,-0.0978473581213307,-0.1741682974559686,0.0019508174199751,-0.1602704314973155,2490.0,2410.0,1.173469387755102,0.00250606305578,-0.0003304715094197,0.0002164269343459
1998-07-23,2540.0,2545.0,2530.0,2530.0,45700.0,2530.0,2553.0,2520.5,2479.2,2430.4666666666667,2262.575,False,False,False,False,False,False,True,True,False,True,False,0.0019762845849802,-0.0019762845849802,,,0.0200790513833992,0.0393412384716732,-0.0909090909090909,-0.1699604743083003,0.0017006336231726,-0.1642531243800833,2450.0,2415.0,0.9934782608695653,0.0020974507905775,-0.0004086122652025,-0.0002501837968025
1998-07-24,2525.0,2550.0,2520.0,2525.0,20000.0,2525.0,2555.0,2526.0,2483.4,2434.0,2265.7,False,False,False,False,False,False,True,True,False,True,False,0.0059405940594059,0.0,,,0.0164752475247524,0.036039603960396,-0.1049504950495049,-0.1603960396039604,0.0014516570802519,-0.1644893111638954,2440.0,2400.0,0.437636761487965,0.0016912297656439,-0.0004062210249335,-0.0002489765429206
1998-07-27,2550.0,2550.0,2525.0,2535.0,37300.0,2535.0,2544.0,2531.5,2488.6,2437.6666666666665,2268.875,False,False,False,False,False,False,True,True,False,False,False,-0.0078895463510848,-0.0335305719921104,,,0.0183037475345168,0.0383957922419461,-0.0808678500986193,-0.1676528599605522,0.0015041706549978,-0.1659095397985384,2460.0,2405.0,1.865,0.0020895282488145,0.0003982984831705,5.251357474591353e-05
1998-07-28,2550.0,2550.0,2525.0,2530.0,15500.0,2530.0,2535.0,2535.5,2491.8,2440.6,2272.375,False,False,False,False,False,False,True,True,False,True,False,0.0079051383399209,-0.0355731225296442,,,0.0150988142292489,0.0353359683794466,-0.0513833992094861,-0.1699604743083003,0.001201890245568,-0.1670281995661605,2390.0,2300.0,0.4155495978552279,0.0012842122160688,-0.0008053160327457,-0.0003022804094298
1998-07-29,2520.0,2555.0,2520.0,2550.0,36000.0,2550.0,2534.0,2541.5,2496.8,2442.733333333333,2275.725,False,False,False,False,False,False,True,True,False,False,False,0.0019607843137254,-0.0549019607843137,,,0.0208627450980391,0.0420653594771242,-0.0549019607843137,-0.1529411764705882,0.000873338609754,-0.1646665355105253,2410.0,2330.0,2.3225806451612905,0.0020025632809996,0.0007183510649308,-0.000328551635814
1998-07-30,2530.0,2550.0,2525.0,2535.0,35000.0,2535.0,2535.0,2544.0,2501.8,2443.0666666666666,2278.65,False,False,False,False,False,False,True,True,False,True,False,-0.0039447731755424,-0.0236686390532544,,,0.0130966469428007,0.0362656147271532,-0.0650887573964497,-0.1479289940828402,0.000136440539213,-0.160377358490566,2410.0,2360.0,0.9722222222222222,0.001998561036054,-4.002244945638337e-06,-0.0007368980705409
1998-07-31,2535.0,2560.0,2535.0,2540.0,38300.0,2540.0,2538.0,2546.5,2505.4,2443.6,2280.85,False,False,False,False,False,False,True,True,False,True,False,-0.0059055118110236,-0.0393700787401574,,,0.0136220472440944,0.0379527559055118,-0.0944881889763779,-0.1299212598425196,0.0002182572161291,-0.1588454741802474,2400.0,2390.0,1.0942857142857143,0.0014368963039833,-0.0005616647320706,8.181667691612284e-05
1998-08-03,2515.0,2550.0,2515.0,2515.0,41700.0,2515.0,2534.0,2539.0,2508.0,2445.133333333333,2282.575,False,False,False,False,False,False,True,True,False,True,False,-0.025844930417495,-0.0337972166998011,,,0.0027833001988071,0.0277799867461895,-0.073558648111332,-0.1172962226640159,0.0006270960002181,-0.1553761323355652,2410.0,2420.0,1.0887728459530026,0.0010366826156299,-0.0004002136883534,0.0004088387840889
1998-08-04,2510.0,2550.0,2505.0,2550.0,28700.0,2550.0,2538.0,2536.5,2512.0,2447.0,2284.575,False,False,False,False,False,False,True,True,False,False,False,-0.0431372549019607,-0.0352941176470588,,,0.0149019607843137,0.040392156862745,-0.0745098039215686,-0.1176470588235294,0.0007628388502929,-0.1507983441750443,2365.0,2440.0,0.6882494004796164,0.001592356687898,0.0005556740722681,0.0001357428500748
1998-08-05,2515.0,2555.0,2515.0,2555.0,28200.0,2555.0,2539.0,2536.5,2514.8,2449.0666666666666,2286.95,False,False,False,False,False,False,True,True,False,True,False,-0.0567514677103718,-0.0293542074363992,,,0.0157338551859099,0.0414611872146118,-0.0704500978473581,-0.1135029354207436,0.0008438588850173,-0.1446875616006308,2390.0,2450.0,0.9825783972125436,0.0011134086209639,-0.0004789480669341,8.102003472447168e-05
1998-08-06,2550.0,2550.0,2520.0,2525.0,32200.0,2525.0,2537.0,2536.0,2517.0,2451.133333333333,2289.525,False,False,False,False,False,False,True,True,False,True,False,-0.0198019801980198,-0.0435643564356435,,,0.0031683168316831,0.0292541254125413,-0.0891089108910891,-0.0891089108910891,0.0008431473876029,-0.1366324921135646,2370.0,2460.0,1.1418439716312057,0.0008740564163686,-0.0002393522045953,-7.11497414407976e-07
1998-08-07,2505.0,2525.0,2480.0,2525.0,65500.0,2525.0,2534.0,2536.0,2518.6,2453.2,2292.35,False,False,False,False,False,False,True,True,False,True,False,-0.0336633663366336,-0.0633663366336633,,,0.0025346534653465,0.0284356435643565,-0.093069306930693,-0.1287128712871287,0.0008424370889722,-0.1334779179810725,2290.0,2475.0,2.0341614906832297,0.0006352735646787,-0.0002387828516898,-7.102986307867777e-07
1998-08-10,2445.0,2460.0,2445.0,2450.0,74600.0,2450.0,2521.0,2527.5,2517.6,2454.0,2294.3,False,False,False,False,False,False,False,True,False,True,False,-0.0081632653061224,-0.0448979591836734,,,-0.0275918367346938,-0.0016326530612244,-0.0836734693877551,-0.110204081632653,0.0003259983700082,-0.1277942631058358,2330.0,2480.0,1.1389312977099235,-0.0003972036860502,-0.0010324772507289,-0.0005164387189639
1998-08-11,2430.0,2440.0,2430.0,2440.0,15100.0,2440.0,2499.0,2518.5,2517.2,2454.5333333333333,2296.35,False,False,False,False,False,False,False,True,False,False,False,0.0081967213114754,-0.0430327868852459,,,-0.031639344262295,-0.0059562841530054,-0.0573770491803278,-0.1188524590163934,0.0002172850236297,-0.1226920786182251,2400.0,2475.0,0.2024128686327077,-0.0001589067217543,0.0002382969642958,-0.0001087133463784
1998-08-12,2395.0,2410.0,2395.0,2410.0,22300.0,2410.0,2470.0,2504.5,2514.4,2454.5333333333333,2298.55,False,False,False,False,False,False,False,False,False,True,False,0.0290456431535269,-0.0435684647302904,,,-0.0433195020746888,-0.0184785615491009,-0.0456431535269709,-0.1078838174273859,0.0,-0.1181872629267318,2400.0,2480.0,1.47682119205298,-0.0011135857461023,-0.0009546790243479,-0.0002172850236297
1998-08-13,2420.0,2480.0,2420.0,2475.0,26700.0,2475.0,2460.0,2498.5,2514.6,2455.333333333333,2300.825,False,False,False,False,False,False,True,True,False,False,False,-0.0242424242424242,-0.0707070707070707,,,-0.0159999999999999,0.007946127946128,-0.0868686868686868,-0.1272727272727272,0.0003258213412977,-0.116069641785071,2400.0,2480.0,1.1973094170403586,7.953551260630642e-05,0.0011931212587086,0.0003258213412977
1998-08-14,2470.0,2470.0,2440.0,2440.0,15600.0,2440.0,2443.0,2488.5,2513.4,2455.866666666667,2301.525,False,False,False,False,False,False,False,True,False,True,False,-0.0307377049180327,-0.0737704918032786,,,-0.0300819672131147,-0.0065027322404372,-0.1065573770491803,-0.1352459016393442,0.0002171670557578,-0.1165360659031545,2420.0,2445.0,0.5842696629213483,-0.0004774409166864,-0.0005569764292927,-0.0001086542855399
1998-08-17,2430.0,2430.0,2420.0,2430.0,15200.0,2430.0,2439.0,2480.0,2511.4,2456.2,2302.875,False,False,False,False,False,False,False,True,False,True,False,-0.037037037037037,-0.0411522633744856,,,-0.0334979423868313,-0.0107818930041151,-0.1193415637860082,-0.1440329218106996,0.0001357109898758,-0.1191532258064516,2405.0,2440.0,0.9743589743589745,-0.0007963685593692,-0.0003189276426827,-8.145606588197762e-05
1998-08-18,2470.0,2470.0,2445.0,2460.0,24200.0,2460.0,2443.0,2471.0,2510.2,2458.333333333333,2304.025,False,False,False,False,False,False,False,True,False,False,False,-0.0508130081300813,-0.024390243902439,,,-0.0204065040650405,0.0006775067750678,-0.0934959349593495,-0.1463414634146341,0.0008677966101694,-0.122015378389316,2450.0,2475.0,1.5921052631578947,-0.0004780495578042,0.000318319001565,0.0007320856202936
1998-08-19,2460.0,2500.0,2460.0,2480.0,29300.0,2480.0,2457.0,2463.5,2509.8,2460.333333333333,2305.425,False,False,False,False,False,False,False,True,False,False,False,-0.0705645161290322,-0.0282258064516129,,,-0.0120161290322581,0.0079301075268818,-0.1451612903225806,-0.1391129032258064,0.0008128979813033,-0.1246194438806576,2425.0,2490.0,1.2107438016528926,-0.0001593752490236,0.0003186743087805,-5.489862886609576e-05
1998-08-20,2410.0,2430.0,2410.0,2415.0,17000.0,2415.0,2445.0,2452.5,2506.0,2461.0666666666666,2307.2,False,False,False,False,False,False,False,True,False,True,False,-0.0476190476190476,-0.0186335403726708,,,-0.0376811594202898,-0.0190752242926155,-0.1262939958592132,-0.1387163561076604,0.0002979737783076,-0.1296636085626911,2410.0,2450.0,0.5802047781569966,-0.0015163607342379,-0.0013569854852142,-0.0005149242029957
1998-08-21,2410.0,2415.0,2365.0,2365.0,24700.0,2365.0,2430.0,2436.5,2500.0,2460.733333333333,2308.025,False,False,False,False,False,False,False,False,False,True,False,-0.0443974630021141,-0.0274841437632135,,,-0.0570824524312896,-0.0404792107117687,-0.1331923890063425,-0.1289640591966173,-0.0001354609736935,-0.1296942335317053,2450.0,2440.0,1.4529411764705882,-0.0024,-0.000883639265762,-0.0004334347520011
1998-08-24,2310.0,2340.0,2300.0,2340.0,14300.0,2340.0,2412.0,2425.5,2490.0,2459.6666666666665,2309.175,False,False,False,False,False,False,False,False,False,True,False,-0.0042735042735042,-0.0042735042735042,,,-0.0641025641025641,-0.051139601139601,-0.1153846153846153,-0.1282051282051282,-0.0004336630979807,-0.1315192743764172,2450.0,2460.0,0.5789473684210527,-0.0040160642570281,-0.0016160642570281,-0.0002982021242871
1998-08-25,2320.0,2340.0,2320.0,2335.0,51300.0,2335.0,2387.0,2415.0,2480.4,2458.266666666667,2309.9,False,False,False,False,False,False,False,False,False,False,False,0.0278372591006423,0.0107066381156316,,,-0.0622698072805139,-0.052790863668808,-0.1306209850107066,-0.1263383297644539,-0.0005695069696803,-0.1322981366459627,2450.0,2390.0,3.5874125874125875,-0.0038703434929849,0.0001457207640431,-0.0001358438716996
1998-08-26,2335.0,2335.0,2305.0,2305.0,18700.0,2305.0,2352.0,2404.5,2470.4,2456.333333333333,2310.425,False,False,False,False,False,False,False,False,False,True,False,0.0455531453362256,0.0303687635574837,,,-0.0717570498915401,-0.0656543745480837,-0.123644251626898,-0.0911062906724512,-0.0007870810150633,-0.1307964233728425,2485.0,2410.0,0.3645224171539961,-0.0040479274611398,-0.0001775839681549,-0.0002175740453829
1998-08-27,2300.0,2310.0,2290.0,2300.0,17800.0,2300.0,2329.0,2387.0,2461.2,2454.2,2310.675,False,False,False,False,False,False,False,False,False,False,False,0.0304347826086956,0.0,,,-0.070086956521739,-0.0670434782608694,-0.1217391304347826,-0.0847826086956521,-0.0008692581425039,-0.1267281105990783,2470.0,2410.0,0.9518716577540108,-0.0037380139769219,0.0003099134842179,-8.217712744064529e-05
1998-08-28,2190.0,2260.0,2145.0,2260.0,45800.0,2260.0,2308.0,2369.0,2450.6,2451.333333333333,2310.675,False,False,True,False,False,False,False,False,False,True,False,0.0176991150442477,0.0132743362831858,,,-0.0843362831858406,-0.0846607669616517,-0.1061946902654867,-0.077433628318584,-0.0011694316018493,-0.1211481637821865,2485.0,2400.0,2.5730337078651684,-0.0043254713131477,-0.0005874573362258,-0.0003001734593454
1998-08-31,2260.0,2350.0,2260.0,2330.0,19800.0,2330.0,2306.0,2359.0,2442.4,2449.333333333333,2311.575,False,False,False,False,False,False,False,False,False,False,False,0.0,-0.0364806866952789,,,-0.0482403433476395,-0.0512160228898425,-0.1008583690987124,-0.0922746781115879,-0.0008165487207403,-0.1159389571852479,2475.0,2410.0,0.4323144104803493,-0.0033573534228626,0.000968117890285,0.000352882881109
1998-09-01,2260.0,2400.0,2220.0,2400.0,21700.0,2400.0,2319.0,2353.0,2437.2,2448.333333333333,2313.575,False,False,False,False,False,False,False,False,False,False,False,-0.0166666666666666,-0.0416666666666666,,,-0.0154999999999999,-0.0201388888888887,-0.1458333333333333,-0.1125,-0.0004084411164057,-0.112409689757756,2450.0,2365.0,1.095959595959596,-0.0021335959297555,0.0012237574931071,0.0004081076043346
1998-09-02,2400.0,2420.0,2335.0,2410.0,24700.0,2410.0,2340.0,2346.0,2431.6,2447.4,2315.625,False,False,False,False,False,False,False,False,False,True,False,-0.0145228215767634,-0.0456431535269709,,,-0.0089626556016597,-0.0155186721991701,-0.1556016597510373,-0.1141078838174273,-0.0003813570864316,-0.1097612958226769,2480.0,2390.0,1.1382488479262671,-0.0023030103635465,-0.000169414433791,2.7084029974019604e-05
1998-09-03,2410.0,2450.0,2350.0,2370.0,39900.0,2370.0,2354.0,2341.5,2425.0,2445.9333333333334,2317.225,False,False,False,False,False,False,False,False,False,True,False,-0.0295358649789029,-0.0464135021097046,,,-0.0232067510548523,-0.0320393811533052,-0.0843881856540084,-0.0991561181434599,-0.0005996347679141,-0.1057014734144779,2470.0,2370.0,1.6153846153846154,-0.002721649484536,-0.0004186391209894,-0.0002182776814824
1998-09-04,2290.0,2345.0,2280.0,2300.0,7800.0,2300.0,2362.0,2335.0,2415.4,2444.0,2318.225,False,False,False,False,False,False,False,False,False,True,False,-0.0043478260869565,-0.0521739130434782,,,-0.0501739130434783,-0.0626086956521739,-0.0608695652173913,-0.0565217391304347,-0.0007910529187125,-0.0985010706638115,2470.0,2290.0,0.1954887218045112,-0.0039744969777262,-0.0012528474931901,-0.0001914181507984
1998-09-07,2180.0,2350.0,2180.0,2330.0,16600.0,2330.0,2362.0,2334.0,2408.0,2442.5333333333333,2319.775,False,False,False,False,False,False,False,False,False,False,False,-0.0364806866952789,-0.0815450643776824,,,-0.0334763948497854,-0.0482975679542203,-0.0858369098712446,-0.0665236051502145,-0.0006004694579398,-0.0923307626392459,2480.0,2330.0,2.128205128205128,-0.0030730897009967,0.0009014072767295,0.0001905834607726
1998-09-08,2330.0,2380.0,2330.0,2360.0,14500.0,2360.0,2354.0,2336.5,2400.4,2441.0,2321.725,False,False,False,False,False,False,False,False,False,True,False,-0.0254237288135593,-0.0550847457627118,,,-0.0171186440677966,-0.034322033898305,-0.1271186440677966,-0.0550847457627118,-0.000628157858801,-0.0851701262572223,2490.0,2400.0,0.8734939759036144,-0.0031661389768371,-9.304927584044032e-05,-2.7688400861169016e-05
1998-09-09,2370.0,2390.0,2370.0,2375.0,19100.0,2375.0,2347.0,2343.5,2393.2,2439.4666666666667,2323.2,False,False,False,False,False,False,False,False,False,False,False,-0.031578947368421,-0.1073684210526315,,,-0.0076631578947367,-0.0271438596491228,-0.1326315789473684,-0.0673684210526315,-0.0006285526891123,-0.0827821634307659,2490.0,2400.0,1.3172413793103448,-0.0030085241517634,0.0001576148250737,-3.9483031133652827e-07
1998-09-10,2390.0,2390.0,2300.0,2300.0,16000.0,2300.0,2333.0,2343.5,2384.2,2437.4666666666667,2324.65,False,False,False,False,False,False,False,False,False,True,False,-0.017391304347826,-0.0826086956521739,,,-0.0366086956521738,-0.059768115942029,-0.0739130434782608,-0.0565217391304347,-0.0008205240413544,-0.0800085342436526,2510.0,2400.0,0.837696335078534,-0.0037748511030953,-0.0007663269513319,-0.000191971352242
1998-09-11,2350.0,2350.0,2230.0,2290.0,53000.0,2290.0,2331.0,2346.5,2374.8,2435.4666666666667,2325.85,False,False,False,False,False,False,False,False,False,True,False,-0.0480349344978165,-0.1048034934497816,,,-0.0370305676855896,-0.0635225618631732,-0.0305676855895196,-0.0545851528384279,-0.0008211978539362,-0.0777754101853824,2515.0,2420.0,3.3125,-0.0039582280613102,-0.0001833769582148,-6.738125818634214e-07
1998-09-14,2210.0,2300.0,2210.0,2245.0,36600.0,2245.0,2314.0,2338.0,2366.6,2432.6,2326.275,False,False,False,False,False,False,False,False,False,False,False,-0.0467706013363029,-0.0779510022271715,,,-0.0541648106904231,-0.0835634743875278,0.0111358574610244,-0.0244988864142538,-0.0011784373372797,-0.0712147134302823,2590.0,2405.0,0.690566037735849,-0.0034648863348264,0.0004933417264838,-0.0003572394833435
1998-09-16,2330.0,2330.0,2270.0,2300.0,26100.0,2300.0,2302.0,2328.0,2361.0,2431.4,2328.175,False,False,False,False,False,False,False,False,False,False,False,-0.0304347826086956,-0.117391304347826,,,-0.0265217391304347,-0.0571304347826087,0.0347826086956521,-0.0565217391304347,-0.0004935428148391,-0.0655068728522336,2575.0,2450.0,0.7131147540983607,-0.0023718763235916,0.0010930100112347,0.0006848945224406
1998-09-17,2350.0,2350.0,2270.0,2300.0,38200.0,2300.0,2287.0,2317.0,2356.6,2429.9333333333334,2329.725,False,False,False,False,False,False,False,False,False,False,False,-0.0782608695652174,-0.1217391304347826,,,-0.0246086956521738,-0.0564927536231884,0.008695652173913,-0.058695652173913,-0.0006035830886992,-0.059775571860164,2555.0,2425.0,1.4636015325670495,-0.0018670966646864,0.0005047796589052,-0.0001100402738601
1998-09-18,2295.0,2295.0,2200.0,2260.0,12400.0,2260.0,2279.0,2306.0,2348.0,2427.9333333333334,2330.375,False,False,False,False,False,False,False,False,False,True,False,-0.0663716814159292,-0.1061946902654867,,,-0.0389380530973451,-0.0743067846607669,-0.0486725663716814,-0.0486725663716814,-0.000823745846948,-0.054640069384215,2530.0,2410.0,0.3246073298429319,-0.0036626916524701,-0.0017955949877836,-0.0002201627582487
1998-09-21,2220.0,2240.0,2180.0,2180.0,20100.0,2180.0,2257.0,2294.0,2337.6,2425.0,2331.275,False,False,False,False,False,False,False,False,False,True,False,-0.0596330275229357,-0.073394495412844,,,-0.0722935779816513,-0.1123853211009174,-0.0458715596330275,-0.0114678899082568,-0.0012096219931271,-0.0503487358326068,2525.0,2450.0,1.6209677419354838,-0.0044490075290897,-0.0007863158766195,-0.0003858761461791
1998-09-22,2140.0,2200.0,2140.0,2140.0,27600.0,2140.0,2236.0,2275.0,2326.0,2421.4,2331.375,False,False,False,False,False,False,False,False,False,True,False,-0.0327102803738317,-0.0210280373831775,,,-0.0869158878504672,-0.1314953271028038,-0.0186915887850467,0.0,-0.0014867432064094,-0.0439560439560439,2535.0,2450.0,1.373134328358209,-0.004987102321582,-0.0005380947924923,-0.0002771212132823
1998-09-24,2100.0,2245.0,2100.0,2230.0,57800.0,2230.0,2222.0,2262.0,2316.8,2419.6,2331.925,False,False,False,False,False,False,False,False,False,False,False,-0.0896860986547085,-0.0807174887892376,,,-0.0389237668161435,-0.0850224215246636,-0.0605381165919282,-0.0448430493273542,-0.000743924615639,-0.0428824049513704,2530.0,2450.0,2.0942028985507246,-0.003970994475138,0.001016107846444,0.0007428185907704
1998-09-25,2170.0,2200.0,2030.0,2120.0,83300.0,2120.0,2186.0,2236.5,2302.4,2416.0,2332.225,False,False,False,False,False,False,False,False,False,True,False,-0.0471698113207547,-0.0400943396226415,,,-0.0860377358490566,-0.1396226415094339,-0.0330188679245283,0.0,-0.0014900662251655,-0.0362173038229376,2550.0,2485.0,1.4411764705882353,-0.0062543432939541,-0.0022833488188161,-0.0007461416095265
1998-09-28,2130.0,2150.0,2050.0,2110.0,21500.0,2110.0,2156.0,2217.5,2290.2,2412.5333333333333,2332.875,False,False,False,False,False,False,False,False,False,False,False,-0.0426540284360189,0.0284360189573459,,,-0.0854028436018956,-0.1433807266982622,-0.0379146919431279,0.0094786729857819,-0.0014369404222394,-0.0297632468996617,2535.0,2470.0,0.2581032412965186,-0.0053270456728671,0.000927297621087,5.3125802926096274e-05
1998-09-29,2030.0,2080.0,2030.0,2050.0,63400.0,2050.0,2130.0,2193.5,2277.6,2409.333333333333,2332.975,False,False,False,False,False,False,False,False,False,True,False,-0.0146341463414634,0.0536585365853658,,,-0.1110243902439024,-0.1752845528455283,0.048780487804878,0.0609756097560975,-0.0013281682346431,-0.0186915887850467,2540.0,2485.0,2.9488372093023254,-0.0055321390937828,-0.0002050934209157,0.0001087721875962
1998-09-30,2030.0,2100.0,2030.0,2070.0,37900.0,2070.0,2116.0,2176.0,2266.8,2405.866666666667,2333.225,False,False,False,False,False,False,False,False,False,False,False,0.0120772946859903,0.0289855072463768,,,-0.095072463768116,-0.1622544283413849,0.0603864734299516,0.0410628019323671,-0.0014409221902015,-0.0124080882352941,2515.0,2475.0,0.5977917981072555,-0.0047644256220221,0.0007677134717607,-0.0001127539555583
1998-10-01,2030.0,2040.0,2000.0,2030.0,39500.0,2030.0,2076.0,2149.0,2254.6,2400.9333333333334,2333.525,False,False,False,False,False,False,False,False,False,True,False,0.0098522167487684,0.0147783251231527,,,-0.1106403940886699,-0.1827257799671593,0.0615763546798029,0.0615763546798029,-0.0020547564835897,-0.0006979990693345,2550.0,2450.0,1.04221635883905,-0.0054111594074338,-0.0006467337854116,-0.0006138342933881
1998-10-02,2000.0,2060.0,1990.0,2020.0,33000.0,2020.0,2056.0,2121.0,2243.2,2395.866666666667,2333.475,False,False,False,False,False,False,False,False,False,False,False,0.0074257425742574,0.0198019801980198,,,-0.1104950495049504,-0.1860726072607261,0.0445544554455445,0.0717821782178217,-0.0021147531860426,0.0124941065535124,2555.0,2480.0,0.8354430379746836,-0.0050820256776034,0.0003291337298303,-5.999670245286333e-05
1998-10-05,2020.0,2030.0,2010.0,2020.0,5500.0,2020.0,2038.0,2097.0,2232.0,2390.8,2333.725,False,False,False,False,False,False,False,False,False,False,False,0.0742574257425742,0.0544554455445544,,,-0.1049504950495049,-0.1835643564356436,0.0396039603960396,0.0891089108910891,-0.0021192348446823,0.0264663805436337,2525.0,2470.0,0.1666666666666666,-0.0050179211469533,6.410453065014074e-05,-4.481658639764446e-06
1998-10-06,2030.0,2110.0,2020.0,2020.0,9100.0,2020.0,2032.0,2081.0,2222.4,2385.4666666666667,2333.825,False,False,False,False,False,False,False,False,False,False,False,0.0693069306930693,0.099009900990099,,,-0.1001980198019802,-0.1809240924092409,0.0495049504950495,0.0717821782178217,-0.0022357609971494,0.0348390197020663,2525.0,2470.0,1.6545454545454543,-0.0043196544276457,0.0006982667193075,-0.0001165261524671
1998-10-07,2025.0,2100.0,2025.0,2095.0,16000.0,2095.0,2037.0,2076.5,2213.0,2381.333333333333,2334.3,False,False,False,False,False,False,False,False,False,False,False,0.0167064439140811,0.0835322195704057,,,-0.0563245823389021,-0.1366746221161494,0.0071599045346062,-0.0143198090692124,-0.0017357222844346,0.0334697808812906,2450.0,2480.0,1.7582417582417582,-0.0042476276547673,7.202677287842206e-05,0.0005000387127148
1998-10-08,2100.0,2100.0,2030.0,2050.0,27300.0,2050.0,2041.0,2058.5,2199.0,2376.0,2334.85,False,False,False,False,False,False,False,False,False,True,False,0.0048780487804878,0.1609756097560975,,,-0.0726829268292682,-0.1590243902439024,0.024390243902439,0.048780487804878,-0.0022446689113354,0.0434782608695652,2440.0,2490.0,1.70625,-0.0063665302410186,-0.0021189025862513,-0.0005089466269008
1998-10-09,2020.0,2045.0,2020.0,2035.0,12000.0,2035.0,2044.0,2050.0,2184.0,2370.8,2334.875,False,False,False,False,False,False,False,False,False,True,False,0.0122850122850122,0.14004914004914,,,-0.0732186732186732,-0.1650122850122851,0.0614250614250614,0.0737100737100737,-0.0021933524548674,0.0509756097560975,2410.0,2490.0,0.4395604395604395,-0.0068681318681318,-0.0005016016271132,5.131645646797196e-05
1998-10-12,2030.0,2180.0,2030.0,2170.0,24400.0,2170.0,2074.0,2056.0,2176.0,2367.6,2335.475,False,False,False,False,False,False,False,False,False,False,True,-0.0184331797235023,-0.0092165898617511,,,-0.0027649769585253,-0.0910599078341013,-0.0046082949308755,-0.0046082949308755,-0.0013515796587262,0.0493677042801556,2475.0,2510.0,2.033333333333333,-0.0036764705882352,0.0031916612798965,0.0008417727961412
1998-10-13,2165.0,2180.0,2150.0,2160.0,28800.0,2160.0,2102.0,2067.0,2170.4,2363.733333333333,2336.325,False,False,False,False,False,False,False,False,False,False,False,0.0277777777777777,-0.037037037037037,,,-0.0048148148148148,-0.0943209876543208,0.0231481481481481,-0.0046296296296296,-0.0016358303249097,0.042573778422835,2440.0,2515.0,1.180327868852459,-0.0025801695539992,0.001096301034236,-0.0002842506661835
1998-10-14,2160.0,2175.0,2060.0,2130.0,16000.0,2130.0,2109.0,2073.0,2162.4,2359.4666666666667,2337.425,False,False,False,False,False,False,False,False,False,True,False,0.0657276995305164,-0.0140845070422535,,,-0.0152112676056338,-0.1077308294209702,0.0422535211267605,0.0023474178403755,-0.0018083182640143,0.0385914134105161,2430.0,2590.0,0.5555555555555556,-0.003699593044765,-0.0011194234907658,-0.0001724879391045
1998-10-15,2130.0,2130.0,2050.0,2060.0,11100.0,2060.0,2111.0,2076.0,2150.4,2354.266666666667,2337.725,False,False,False,False,False,False,False,False,False,True,False,0.1553398058252427,0.0169902912621359,,,-0.0438834951456311,-0.1428478964401295,0.0922330097087378,0.0315533980582524,-0.0022087557342696,0.035645472061657,2460.0,2575.0,0.69375,-0.0055803571428571,-0.001880764098092,-0.0004004374702552
1998-10-16,2100.0,2100.0,2050.0,2060.0,20300.0,2060.0,2116.0,2080.0,2137.8,2348.6,2337.925,False,False,False,False,False,False,False,False,False,True,False,0.1262135922330097,-0.0048543689320388,,,-0.0377669902912622,-0.1400970873786407,0.0995145631067961,0.0266990291262135,-0.0024127849215136,0.03125,2480.0,2555.0,1.8288288288288288,-0.005893909626719,-0.0003135524838618,-0.000204029187244
1998-10-19,2080.0,2130.0,2080.0,2130.0,29400.0,2130.0,2108.0,2091.0,2131.0,2344.0666666666666,2338.625,False,False,False,False,False,False,False,False,False,False,False,0.0093896713615023,-0.0469483568075117,,,-0.0004694835680751,-0.1005007824726134,0.0798122065727699,-0.0234741784037558,-0.0019339609226131,0.0200860832137733,2415.0,2530.0,1.4482758620689655,-0.0031909901454716,0.0027029194812473,0.0004788239989005
1998-10-20,2170.0,2220.0,2105.0,2220.0,23400.0,2220.0,2120.0,2111.0,2128.2,2340.5333333333333,2339.775,False,False,False,False,True,False,False,False,False,False,False,-0.063063063063063,-0.0315315315315315,,,0.0413513513513514,-0.0542942942942942,-0.009009009009009,-0.063063063063063,-0.0015096274353423,0.0063950734249171,2365.0,2525.0,0.7959183673469388,-0.0013156658208815,0.0018753243245901,0.0004243334872707
1998-10-21,2230.0,2270.0,2180.0,2270.0,78400.0,2270.0,2148.0,2128.5,2129.2,2337.8,2341.125,False,False,False,False,False,False,True,False,False,False,False,-0.0748898678414096,-0.0330396475770925,,,0.0620264317180617,-0.0298678414096917,-0.039647577092511,-0.0859030837004405,-0.0011691904069352,-0.0014094432699083,2340.0,2535.0,3.3504273504273505,0.0004696599661844,0.001785325787066,0.0003404370284071
1998-10-22,2300.0,2380.0,2270.0,2380.0,63600.0,2380.0,2212.0,2161.5,2132.4,2336.866666666667,2342.875,False,False,False,False,False,False,True,False,True,False,False,-0.1197478991596638,-0.0945378151260504,,,0.1040336134453781,0.0181232492997198,-0.0966386554621848,-0.1176470588235294,-0.0003993952015519,-0.0189683090446449,2335.0,2530.0,0.8112244897959183,0.0015006565372351,0.0010309965710506,0.0007697952053832
1998-10-23,2380.0,2400.0,2300.0,2320.0,45600.0,2320.0,2264.0,2190.0,2133.2,2334.733333333333,2344.325,False,False,False,False,False,False,True,False,False,True,False,-0.1163793103448275,-0.0905172413793103,,,0.0805172413793104,-0.0063505747126435,-0.0732758620689655,-0.1034482758620689,-0.0009137374718027,-0.0365296803652968,2305.0,2550.0,0.7169811320754716,0.0003750234389648,-0.0011256330982703,-0.0005143422702508
1998-10-26,2290.0,2290.0,2100.0,2150.0,31200.0,2150.0,2268.0,2188.0,2128.8,2330.4666666666667,2345.125,False,False,False,False,False,False,False,False,False,True,False,-0.055813953488372,-0.0232558139534883,,,0.0098604651162789,-0.083937984496124,0.0046511627906976,-0.027906976744186,-0.0018308207226019,-0.0388482632541133,2300.0,2535.0,0.6842105263157895,-0.0020668921458096,-0.0024419155847744,-0.0009170832507991
1998-10-27,2150.0,2150.0,2060.0,2080.0,35700.0,2080.0,2240.0,2180.0,2124.8,2325.266666666667,2345.475,False,False,False,False,False,True,False,False,False,False,False,0.0336538461538461,0.0192307692307692,,,-0.0215384615384616,-0.1179166666666667,0.0144230769230769,-0.0096153846153846,-0.0022363026462913,-0.0394495412844036,2260.0,2540.0,1.1442307692307692,-0.0018825301204819,0.0001843620253277,-0.0004054819236894
1998-10-28,2060.0,2100.0,2040.0,2100.0,25100.0,2100.0,2206.0,2177.0,2123.2,2320.2,2346.025,False,False,False,False,False,False,False,False,False,False,False,0.0452380952380952,0.0047619047619047,,,-0.0110476190476189,-0.1048571428571427,-0.0095238095238095,-0.0214285714285714,-0.0021837197942707,-0.0418006430868167,2330.0,2515.0,0.7030812324929971,-0.0007535795026376,0.0011289506178442,5.258285202060752e-05
1998-10-29,2100.0,2100.0,2095.0,2095.0,22800.0,2095.0,2149.0,2180.5,2117.8,2314.9333333333334,2346.85,False,False,False,False,False,False,False,False,False,True,False,0.0286396181384248,0.0023866348448687,,,-0.0108830548926015,-0.1049801113762927,0.0023866348448687,0.0023866348448687,-0.0022750835157238,-0.0444852098142627,2400.0,2550.0,0.9083665338645418,-0.0025498158466331,-0.0017962363439954,-9.136372145311136e-05
1998-10-30,2060.0,2100.0,2050.0,2050.0,39900.0,2050.0,2095.0,2179.5,2115.0,2309.0666666666666,2347.15,False,False,False,False,False,False,False,False,False,False,False,0.0292682926829268,0.0536585365853658,,,-0.0317073170731707,-0.1263739837398373,0.0414634146341463,0.0365853658536585,-0.0025407090888093,-0.0435879788942418,2410.0,2555.0,1.75,-0.001323877068558,0.0012259387780751,-0.0002656255730854
1998-11-02,2060.0,2065.0,2030.0,2030.0,24200.0,2030.0,2071.0,2169.5,2111.8,2302.6666666666665,2347.15,False,False,False,False,False,False,False,False,False,True,False,0.0344827586206896,0.064039408866995,,,-0.0402955665024631,-0.1343185550082101,0.0246305418719211,0.0295566502463054,-0.0027793862188767,-0.0387185987554736,2370.0,2525.0,0.606516290726817,-0.0015152950089969,-0.0001914179404389,-0.0002386771300673
1998-11-04,2040.0,2150.0,2040.0,2150.0,30100.0,2150.0,2085.0,2162.5,2115.8,2297.8,2347.6,False,False,False,False,True,False,True,False,True,False,False,-0.013953488372093,0.027906976744186,,,0.0159069767441859,-0.0687441860465117,-0.041860465116279,-0.0302325581395348,-0.0021179679113353,-0.0353757225433526,2300.0,2525.0,1.243801652892562,0.0018905378580206,0.0034058328670175,0.0006614183075413
1998-11-05,2190.0,2195.0,2070.0,2195.0,25500.0,2195.0,2104.0,2155.0,2120.8,2292.5333333333333,2348.075,False,False,False,False,False,False,True,False,False,False,False,-0.0387243735763098,0.0113895216400911,,,0.0338041002277903,-0.0444343204252087,-0.0706150341685649,-0.0159453302961275,-0.0022973130161685,-0.0280742459396751,2330.0,2450.0,0.8471760797342193,0.0023576009053187,0.0004670630472981,-0.0001793451048331
1998-11-06,2185.0,2185.0,2150.0,2155.0,26000.0,2155.0,2116.0,2132.5,2125.8,2286.9333333333334,2348.5,False,False,False,False,False,False,True,False,False,True,False,-0.025522041763341,0.0440835266821345,,,0.0135498839907191,-0.0612219644238206,-0.0533642691415313,0.0023201856148491,-0.0024486940298507,-0.0150058616647127,2360.0,2440.0,1.0196078431372548,0.0023520556966788,-5.545208639850217e-06,-0.0001513810136821
1998-11-09,2155.0,2160.0,2110.0,2110.0,10600.0,2110.0,2128.0,2111.5,2129.4,2281.0,2348.2,False,False,False,False,False,False,True,False,False,True,False,0.0236966824644549,0.0734597156398104,,,-0.0091943127962085,-0.081042654028436,-0.0071090047393364,-0.0047393364928909,-0.002601198304837,-0.0042623727208145,2375.0,2410.0,0.4076923076923077,0.0016906170752324,-0.0006614386214464,-0.0001525042749863
1998-11-10,2110.0,2120.0,2100.0,2100.0,62500.0,2100.0,2142.0,2106.5,2132.6,2275.266666666667,2347.8,False,False,False,False,False,False,True,False,False,True,False,0.0285714285714285,0.0952380952380952,,,-0.0155238095238094,-0.0834603174603175,0.0023809523809523,-0.0023809523809523,-0.0025198511529783,-0.0016615238547353,2300.0,2475.0,5.89622641509434,0.0015005158023069,-0.0001901012729254,8.134715185877453e-05
1998-11-11,2105.0,2140.0,2100.0,2120.0,65100.0,2120.0,2136.0,2110.5,2136.6,2269.866666666667,2347.25,False,False,False,False,False,False,True,False,False,False,False,0.0424528301886792,0.0377358490566037,,,-0.0078301886792452,-0.0706918238993711,-0.0165094339622641,-0.035377358490566,-0.0023789943609022,-0.0042643923240938,2290.0,2440.0,1.0416,0.0018721332958906,0.0003716174935837,0.000140856792076
1998-11-12,2125.0,2125.0,2100.0,2110.0,40300.0,2110.0,2119.0,2111.5,2137.2,2264.2,2346.6,False,False,False,False,False,False,True,False,False,True,False,0.0521327014218009,0.0331753554502369,,,-0.0128909952606634,-0.073080568720379,0.0023696682464454,0.0236966824644549,-0.0025027235521009,0.0002367984844896,2245.0,2430.0,0.6190476190476191,0.0002807411566535,-0.0015913921392371,-0.0001237291911986
1998-11-13,2110.0,2110.0,2050.0,2100.0,80000.0,2100.0,2108.0,2112.0,2139.2,2258.4666666666667,2346.0,False,False,False,False,False,False,True,False,False,False,False,0.0714285714285714,0.0238095238095238,,,-0.0186666666666665,-0.0754603174603174,0.0142857142857142,0.0404761904761904,-0.0025385955072762,0.0040246212121212,2300.0,2460.0,1.9851116625310168,0.0009349289454001,0.0006541877887466,-3.58719551752794e-05
1998-11-16,2060.0,2160.0,2060.0,2160.0,32100.0,2160.0,2118.0,2123.0,2144.2,2253.266666666667,2345.55,False,False,False,True,True,False,True,False,True,False,True,0.0486111111111111,-0.0046296296296296,,,0.0073148148148148,-0.0431790123456791,-0.011574074074074,-0.0046296296296296,-0.0023077605846326,0.0,2300.0,2480.0,0.40125,0.0023318720268631,0.001396943081463,0.0002308349226436
1998-11-17,2160.0,2170.0,2120.0,2160.0,75500.0,2160.0,2130.0,2136.0,2143.8,2248.266666666667,2345.15,False,False,False,False,False,False,False,False,False,True,False,0.0648148148148148,0.0,,,0.0074999999999999,-0.0408641975308642,-0.011574074074074,-0.0046296296296296,-0.0022239354762187,-0.0032771535580524,2260.0,2415.0,2.35202492211838,-0.0001865845694559,-0.0025184565963191,8.382510841388382e-05
1998-11-18,2170.0,2230.0,2170.0,2210.0,26900.0,2210.0,2148.0,2142.0,2145.8,2243.866666666667,2345.55,False,False,False,False,False,False,True,False,False,False,False,-0.004524886877828,-0.0452488687782805,,,0.029049773755656,-0.0153242835595777,-0.0180995475113122,-0.0588235294117647,-0.0019609008259552,-0.0063025210084033,2180.0,2365.0,0.3562913907284768,0.0009320533134495,0.0011186378829054,0.0002630346502634
1998-11-19,2170.0,2220.0,2170.0,2220.0,27700.0,2220.0,2170.0,2144.5,2149.4,2239.9333333333334,2345.15,False,False,False,False,False,False,True,False,True,False,False,-0.018018018018018,-0.063063063063063,,,0.0318018018018017,-0.008978978978979,-0.0202702702702702,-0.027027027027027,-0.0017560046429953,-0.0074609466076008,2140.0,2340.0,1.029739776951673,0.0016748860147017,0.0007428327012522,0.0002048961829598
1998-11-20,2210.0,2255.0,2210.0,2250.0,42900.0,2250.0,2200.0,2154.0,2157.0,2235.9333333333334,2344.2,False,False,False,False,False,False,True,False,False,False,False,-0.0444444444444444,-0.0666666666666666,,,0.0413333333333333,0.0062518518518518,-0.0088888888888888,-0.0422222222222222,-0.0017889621038194,-0.0120705663881151,2230.0,2335.0,1.5487364620938628,0.0035234121464997,0.0018485261317979,-3.295746082407976e-05
1998-11-24,2230.0,2300.0,2230.0,2265.0,83200.0,2265.0,2221.0,2169.5,2165.2,2232.0666666666666,2343.175,False,False,False,False,False,False,True,False,False,False,False,-0.0507726269315673,-0.0573951434878587,,,0.0440618101545254,0.0145401030169242,-0.0220750551876379,-0.0375275938189845,-0.0017323257967205,-0.0154413459322424,2120.0,2305.0,1.93939393939394,0.0037871790134859,0.0002637668669862,5.6636307098851656e-05
1998-11-25,2265.0,2300.0,2245.0,2300.0,16800.0,2300.0,2249.0,2189.5,2172.0,2229.0666666666666,2342.425,False,False,False,False,False,False,True,False,False,True,False,-0.0608695652173913,-0.0956521739130434,,,0.0556521739130434,0.0308405797101449,-0.0565217391304347,-0.0652173913043478,-0.0013458547673166,-0.0219228134277232,2110.0,2300.0,0.2019230769230769,0.0031307550644568,-0.0006564239490291,0.0003864710294039
1998-11-26,2265.0,2270.0,2170.0,2200.0,94700.0,2200.0,2247.0,2197.5,2171.2,2224.733333333333,2341.425,False,False,False,False,False,False,False,False,False,True,False,-0.0409090909090909,-0.0636363636363636,,,0.0130909090909091,-0.0112424242424241,-0.0159090909090909,-0.0454545454545454,-0.0019477989871445,-0.0229806598407281,2050.0,2260.0,5.636904761904762,-0.0003684598378777,-0.0034992149023345,-0.0006019442198279
1998-11-27,2205.0,2205.0,2170.0,2180.0,8300.0,2180.0,2239.0,2204.5,2167.6,2221.133333333333,2340.125,False,False,False,False,False,False,False,False,False,True,False,-0.0458715596330275,-0.0642201834862385,,,0.0056880733944954,-0.0188685015290519,0.0045871559633027,-0.0114678899082568,-0.0016207941891526,-0.0263098208210478,2070.0,2330.0,0.0876451953537486,-0.0016608230300793,-0.0012923631922015,0.0003270047979919
1998-11-30,2180.0,2190.0,2150.0,2150.0,31900.0,2150.0,2219.0,2209.5,2158.4,2217.266666666667,2338.875,False,False,False,False,False,True,False,False,False,True,False,-0.0232558139534883,-0.0511627906976744,,,-0.003906976744186,-0.0312868217054264,0.0093023255813953,0.0093023255813953,-0.0017438888721848,-0.0291921249151391,2030.0,2400.0,3.843373493975904,-0.0042624166048924,-0.0026015935748131,-0.0001230946830321
1998-12-01,2100.0,2155.0,2100.0,2150.0,36800.0,2150.0,2196.0,2208.5,2151.6,2213.8,2337.675,False,False,False,False,False,False,False,False,False,False,False,-0.0069767441860465,-0.0255813953488372,,,-0.0007441860465115,-0.0296744186046512,0.0069767441860465,0.013953488372093,-0.0015659348932454,-0.0273941589314014,2020.0,2410.0,1.1536050156739812,-0.0031604387432609,0.0011019778616315,0.0001779539789394
1998-12-02,2190.0,2190.0,2150.0,2160.0,32000.0,2160.0,2168.0,2208.5,2152.0,2209.6,2336.475,False,False,False,False,False,False,True,False,False,False,False,-0.037037037037037,-0.0254629629629629,,,0.0037037037037037,-0.0229629629629629,-0.0046296296296296,0.0277777777777777,-0.0019007965242579,-0.0242245868236359,2020.0,2370.0,0.8695652173913043,0.0001858736059479,0.0033463123492089,-0.0003348616310124
1998-12-03,2150.0,2150.0,2105.0,2110.0,80100.0,2110.0,2150.0,2198.5,2153.2,2205.2,2335.275,False,False,False,False,False,False,True,False,False,False,False,-0.0236966824644549,-0.0118483412322274,,,-0.020473933649289,-0.0451184834123221,0.0213270142180094,0.1279620853080568,-0.0019952838744785,-0.0061405503752558,2020.0,2300.0,2.503125,0.0005573100501578,0.0003714364442098,-9.448735022063903e-05
1998-12-04,2080.0,2100.0,2070.0,2080.0,21900.0,2080.0,2130.0,2184.5,2152.4,2200.5333333333333,2334.025,False,False,False,False,False,False,False,False,False,True,False,-0.0192307692307692,0.016826923076923,,,-0.0348076923076923,-0.0579487179487179,0.0288461538461538,0.1298076923076923,-0.0021206980126029,0.0089265278095674,2095.0,2330.0,0.2734082397003745,-0.0003716781267421,-0.0009289881768999,-0.0001254141381243
1998-12-07,2120.0,2120.0,2070.0,2100.0,16400.0,2100.0,2120.0,2169.5,2152.6,2195.733333333333,2332.675,False,False,False,False,False,False,True,False,False,False,False,-0.0285714285714285,0.0142857142857142,,,-0.025047619047619,-0.0455873015873014,0.0142857142857142,0.0904761904761904,-0.0021860578090843,0.0221249135745563,2050.0,2360.0,0.7488584474885844,9.29108984483035e-05,0.0004645890251904,-6.535979648143123e-05
1998-12-08,2100.0,2135.0,2090.0,2135.0,24100.0,2135.0,2117.0,2156.5,2156.0,2191.133333333333,2331.4,False,False,False,False,False,False,True,False,True,False,False,-0.018735362997658,0.0,,,-0.0098360655737704,-0.0262919594067134,-0.0070257611241217,0.081967213114754,-0.0020993701889432,0.0343148620449802,2035.0,2375.0,1.4695121951219512,0.0015769944341373,0.001484083535689,8.668762014109191e-05
1998-12-09,2135.0,2135.0,2060.0,2080.0,45900.0,2080.0,2101.0,2134.5,2158.0,2186.6666666666665,2329.45,False,False,False,False,False,False,True,False,False,True,False,0.0120192307692307,0.0264423076923076,,,-0.0375,-0.0512820512820512,0.0240384615384615,0.1298076923076923,-0.0020426829268292,0.0543452799250409,2170.0,2300.0,1.904564315352697,0.0009267840593141,-0.0006502103748231,5.668726211399341e-05
1998-12-10,2080.0,2095.0,2055.0,2060.0,64600.0,2060.0,2091.0,2120.5,2154.4,2182.6,2327.65,False,False,False,False,False,False,False,False,False,True,False,0.012135922330097,0.0533980582524271,,,-0.0458252427184466,-0.059514563106796,0.0558252427184466,0.1771844660194174,-0.0018632212346131,0.0766328696062249,2160.0,2290.0,1.4074074074074074,-0.0016709988860007,-0.0025977829453148,0.0001794616922161
1998-12-11,2060.0,2075.0,2035.0,2040.0,83000.0,2040.0,2083.0,2106.5,2148.2,2178.6,2325.55,False,False,False,False,False,False,False,False,False,True,False,0.0367647058823529,0.0661764705882353,,,-0.0530392156862744,-0.0679411764705881,0.0563725490196078,0.1887254901960784,-0.0018360414945377,0.0966057441253263,2130.0,2245.0,1.284829721362229,-0.0028861372311704,-0.0012151383451697,2.7179740075348232e-05
1998-12-14,2080.0,2090.0,2020.0,2040.0,48800.0,2040.0,2071.0,2095.5,2143.6,2174.6666666666665,2323.35,False,False,False,False,False,False,False,False,False,False,False,0.0441176470588235,0.0931372549019607,,,-0.0507843137254901,-0.0660130718954247,0.0563725490196078,0.1568627450980392,-0.0018087063151441,0.1114292531615366,2060.0,2300.0,0.5879518072289157,-0.002145922746781,0.0007402144843893,2.7335179393665364e-05
1998-12-15,2080.0,2100.0,2075.0,2095.0,42100.0,2095.0,2063.0,2090.0,2143.0,2171.866666666667,2321.475,False,False,False,False,False,False,False,False,False,False,False,0.0190930787589498,0.0572792362768496,,,-0.0229116945107398,-0.0366905330151154,0.0334128878281622,0.1384248210023866,-0.0012892135797162,0.1241626794258373,2060.0,2300.0,0.8627049180327869,-0.0002799813345776,0.0018659414122034,0.0005194927354278
1998-12-16,2130.0,2130.0,2095.0,2105.0,26400.0,2105.0,2068.0,2084.5,2143.2,2169.266666666667,2319.85,False,False,False,False,False,False,True,False,False,False,False,0.014251781472684,0.0308788598574821,,,-0.0181472684085509,-0.0305304829770389,0.0451306413301662,0.1211401425178147,-0.0011985617259288,0.1338450467738066,2130.0,2260.0,0.6270783847980997,9.331840238886624e-05,0.0003732997369665,9.065185378740404e-05
1998-12-17,2145.0,2145.0,2085.0,2085.0,25700.0,2085.0,2073.0,2082.0,2141.8,2166.9333333333334,2318.025,False,False,False,False,False,False,False,False,False,True,False,0.0407673860911271,0.0383693045563549,,,-0.027242206235012,-0.0392965627498001,0.0383693045563549,0.1270983213429256,-0.0010767905488555,0.1337656099903938,2220.0,2180.0,0.9734848484848484,-0.0006536558035295,-0.0007469742059184,0.0001217711770732
1998-12-18,2110.0,2130.0,2105.0,2115.0,26500.0,2115.0,2088.0,2085.5,2142.0,2164.0666666666666,2316.5,False,False,False,False,False,False,True,False,False,False,False,0.0283687943262411,0.0354609929078014,,,-0.0127659574468085,-0.0231993695823482,-0.0236406619385342,0.1111111111111111,-0.0013246665229044,0.1318628626228722,2270.0,2140.0,1.0311284046692606,9.33706816058908e-05,0.0007470264851354,-0.0002478759740488
1998-12-21,2050.0,2130.0,2050.0,2130.0,11000.0,2130.0,2106.0,2088.5,2143.2,2160.4666666666667,2315.4,False,False,False,False,False,False,True,False,False,False,False,0.0469483568075117,0.0187793427230046,,,-0.0061971830985914,-0.0143035993740219,0.0093896713615023,0.0938967136150234,-0.0016663066621408,0.1321522623892746,2380.0,2230.0,0.4150943396226415,0.0005599104143336,0.0004665397327277,-0.0003416401392363
1998-12-22,2150.0,2180.0,2110.0,2135.0,41800.0,2135.0,2114.0,2088.5,2142.2,2156.8,2314.575,False,False,False,False,False,False,False,False,False,True,False,0.0374707259953161,0.0140515222482435,,,-0.0033723653395783,-0.0102107728337237,0.0234192037470726,0.1007025761124121,-0.0017000494559841,0.1340675125688293,2320.0,2120.0,3.8,-0.0004668098216786,-0.0010267202360122,-3.3742793843250267e-05
1998-12-24,2130.0,2145.0,2115.0,2135.0,22600.0,2135.0,2120.0,2094.0,2141.2,2153.6666666666665,2313.3,False,False,False,False,False,False,False,False,False,True,True,0.0163934426229508,0.0070257611241217,,,-0.0029039812646369,-0.008743169398907,0.0117096018735363,0.1100702576112412,-0.0014548831450241,0.132043935052531,2150.0,2110.0,0.5406698564593302,-0.0004670278348589,-2.180131803095087e-07,0.0002451663109599
1998-12-25,2200.0,2200.0,2135.0,2170.0,32500.0,2170.0,2137.0,2105.0,2139.6,2151.9333333333334,2312.6,False,False,False,False,True,False,False,False,False,True,False,-0.0023041474654377,-0.0069124423963133,,,0.0140092165898617,0.0083256528417818,-0.0092165898617511,0.0599078341013824,-0.0008054772452677,0.1201900237529691,2080.0,2050.0,1.4380530973451326,-0.0007478033277247,-0.0002807754928658,0.0006494058997564
1998-12-28,2170.0,2175.0,2160.0,2175.0,19000.0,2175.0,2149.0,2118.5,2137.8,2149.866666666667,2311.925,False,False,False,False,False,False,False,False,False,True,False,0.0068965517241379,-0.0160919540229885,,,0.0171034482758619,0.0115555555555555,-0.0183908045977011,0.057471264367816,-0.0009612999255767,0.1071512862874675,2100.0,2070.0,0.5846153846153846,-0.0008419870895311,-9.418376180640026e-05,-0.000155822680309
1998-12-29,2170.0,2250.0,2170.0,2230.0,86300.0,2230.0,2169.0,2137.5,2137.0,2148.133333333333,2311.875,False,False,False,False,False,False,False,False,False,False,False,-0.0269058295964125,-0.0448430493273542,,,0.0417040358744394,0.036711509715994,-0.0470852017937219,0.0336322869955156,-0.0008069021165664,0.0947368421052631,2095.0,2030.0,4.542105263157895,-0.0003743565746374,0.0004676305148937,0.0001543978090103
1998-12-30,2245.0,2245.0,2210.0,2215.0,12500.0,2215.0,2185.0,2149.5,2135.0,2146.0,2311.65,False,False,False,False,False,False,False,False,False,True,False,-0.0225733634311512,-0.0428893905191873,,,0.0361173814898419,0.0311512415349887,-0.0451467268623024,0.0474040632054176,-0.0009940975458216,0.0856013026285182,2050.0,2020.0,0.1448435689455388,-0.0009367681498829,-0.0005624115752454,-0.0001871954292551
1999-01-04,2215.0,2215.0,2170.0,2170.0,6500.0,2170.0,2192.0,2156.0,2129.8,2144.266666666667,2311.1,False,False,False,False,False,False,False,False,False,True,False,-0.0092165898617511,-0.0184331797235023,,,0.0185253456221197,0.011858678955453,-0.0414746543778801,0.0691244239631336,-0.0008083571695061,0.0804730983302411,2030.0,2020.0,0.52,-0.0024415438069301,-0.0015047756570472,0.0001857403763154
1999-01-05,2170.0,2170.0,2070.0,2165.0,47400.0,2165.0,2191.0,2164.0,2128.4,2142.6,2310.675,False,False,False,False,False,False,False,False,False,False,False,-0.0046189376443418,0.0046189376443418,,,0.0169053117782909,0.0103464203233256,-0.0392609699769053,0.0554272517321016,-0.0007778711223125,0.0734750462107208,2150.0,2020.0,7.292307692307692,-0.0006577710956587,0.0017837727112713,3.048604719358447e-05
1999-01-06,2200.0,2200.0,2160.0,2190.0,21200.0,2190.0,2194.0,2171.5,2128.8,2141.866666666667,2310.275,False,False,False,False,False,False,True,False,False,False,False,-0.0228310502283105,-0.0159817351598173,,,0.0279452054794519,0.0219786910197868,-0.0525114155251141,0.047945205479452,-0.0003423804780875,0.0672346304397881,2195.0,2095.0,0.4472573839662447,0.0001878992859827,0.0008456703816415,0.000435490644225
1999-01-07,2165.0,2180.0,2165.0,2170.0,150400.0,2170.0,2182.0,2175.5,2129.6,2140.133333333333,2309.625,False,False,False,False,False,False,True,False,False,False,False,-0.0184331797235023,-0.0069124423963133,,,0.0186175115207373,0.0137634408602151,-0.032258064516129,0.0483870967741935,-0.0008099183851474,0.0627441967363824,2155.0,2050.0,7.09433962264151,0.0003756574004506,0.0001877581144679,-0.0004675379070599
1999-01-08,2170.0,2175.0,2160.0,2165.0,17100.0,2165.0,2172.0,2178.5,2130.2,2138.333333333333,2309.1,False,False,False,False,False,False,True,False,False,True,False,-0.0207852193995381,0.0,,,0.0160739030023095,0.0123171670515782,-0.0392609699769053,0.0438799076212471,-0.0008417770849572,0.0571494147349093,2110.0,2035.0,0.1136968085106382,0.0002816636935498,-9.3993706900802e-05,-3.1858699809760656e-05
1999-01-11,2165.0,2170.0,2150.0,2150.0,13200.0,2150.0,2168.0,2180.0,2129.8,2136.866666666667,2308.25,False,False,False,False,False,False,False,False,False,True,False,-0.0093023255813953,0.0232558139534883,,,0.0093953488372092,0.0061085271317828,-0.027906976744186,0.0465116279069767,-0.0006863632109316,0.0509174311926605,2100.0,2170.0,0.7719298245614035,-0.0001878110620713,-0.0004694747556212,0.0001554138740255
1999-01-12,2150.0,2160.0,2140.0,2155.0,14300.0,2155.0,2166.0,2178.5,2131.6,2136.5333333333333,2307.625,False,False,False,False,False,False,True,False,False,False,False,0.0092807424593967,0.0046403712296983,,,0.0108584686774942,0.008569218870843,-0.0440835266821345,0.0672853828306264,-0.000156015976036,0.0516410374110626,2120.0,2160.0,1.0833333333333333,0.0008444361043346,0.001032247166406,0.0005303472348956
1999-01-13,2155.0,2160.0,2140.0,2140.0,16300.0,2140.0,2156.0,2175.0,2134.0,2136.5333333333333,2306.975,False,False,False,False,False,False,True,False,False,False,False,0.0070093457943925,-0.0350467289719626,,,0.002803738317757,0.001619937694704,-0.0397196261682243,0.0420560747663551,0.0,0.0501149425287356,2110.0,2130.0,1.1398601398601398,0.001124648547329,0.0002802124429943,0.000156015976036
1999-01-14,2140.0,2140.0,2095.0,2130.0,45300.0,2130.0,2148.0,2165.0,2135.2,2135.2,2306.075,False,False,False,False,False,False,True,False,False,True,False,0.0117370892018779,0.0093896713615023,,,-0.0024413145539905,-0.0024413145539905,-0.0140845070422535,0.056338028169014,-0.0006244536030973,0.0524249422632794,2100.0,2060.0,2.7791411042944785,0.0005620082427874,-0.0005626403045415,-0.0006244536030973
1999-01-18,2120.0,2120.0,2100.0,2120.0,43800.0,2120.0,2139.0,2155.5,2134.6,2135.2,2305.225,False,False,False,False,False,False,False,False,False,True,False,0.0212264150943396,0.0306603773584905,,,-0.0068867924528301,-0.0071698113207546,0.0023584905660377,0.0495283018867924,0.0,0.0526559962885641,2160.0,2060.0,0.9668874172185432,-0.0002810831069052,-0.0008430913496927,0.0006244536030973
1999-01-19,2120.0,2130.0,2100.0,2130.0,82300.0,2130.0,2135.0,2151.5,2136.6,2135.4666666666667,2304.175,False,True,False,False,False,False,True,True,False,False,False,0.0328638497652582,0.0140845070422535,,,-0.0030985915492957,-0.0025665101721439,-0.0187793427230046,0.0422535211267605,0.0001248751248752,0.0499651405995816,2160.0,2130.0,1.8789954337899544,0.0009360666479453,0.0012171497548505,0.0001248751248752
1999-01-20,2130.0,2175.0,2130.0,2175.0,26900.0,2175.0,2139.0,2152.5,2141.2,2137.133333333333,2303.7,False,False,False,True,True,False,True,True,True,False,False,-0.0045977011494252,-0.0114942528735632,,,0.0155402298850575,0.0174099616858238,-0.0413793103448275,0.0206896551724137,0.0007798608728202,0.0464576074332171,2210.0,2220.0,0.3268529769137303,0.0021483280403511,0.0012122613924058,0.0006549857479449
1999-01-21,2150.0,2165.0,2150.0,2155.0,40500.0,2155.0,2142.0,2149.0,2145.8,2138.266666666667,2302.975,False,False,False,False,False,False,True,True,False,True,False,-0.0417633410672853,-0.0092807424593967,,,0.0042691415313224,0.0077648878576951,0.0023201856148491,0.0440835266821345,0.000530024318763,0.0460679385760819,2220.0,2270.0,1.5055762081784387,0.002143722620934,-4.605419417075696e-06,-0.0002498365540572
1999-01-22,2155.0,2170.0,2150.0,2155.0,42000.0,2155.0,2147.0,2147.5,2150.4,2139.9333333333334,2302.45,False,False,False,False,False,False,True,True,False,True,False,-0.0023201856148491,-0.0139211136890951,,,0.0021345707656612,0.0069914926527455,0.0023201856148491,0.0464037122969837,0.0007788404623196,0.0458672875436554,2250.0,2380.0,1.037037037037037,0.0021391369047618,-4.585716172224481e-06,0.0002488161435566
1999-01-25,2170.0,2170.0,2155.0,2165.0,53900.0,2165.0,2156.0,2147.5,2153.2,2141.866666666667,2302.275,False,False,False,False,False,False,True,True,False,True,False,0.0092378752886836,-0.023094688221709,,,0.0054503464203234,0.0106851424172439,-0.0300230946882217,0.0715935334872979,0.0009026394422311,0.0486612339930151,2265.0,2320.0,1.2833333333333334,0.0013003901170349,-0.0008387467877268,0.0001237989799114
1999-01-26,2195.0,2200.0,2175.0,2200.0,55000.0,2200.0,2170.0,2152.5,2157.0,2144.266666666667,2302.175,False,False,False,False,False,False,True,True,False,False,True,-0.0181818181818181,-0.0545454545454545,,,0.0195454545454545,0.0253333333333332,-0.0477272727272727,0.0363636363636363,0.0011192637731625,0.0476190476190476,2300.0,2150.0,1.020408163265306,0.0017617060732499,0.0004613159562149,0.0002166243309314
1999-01-27,2205.0,2210.0,2160.0,2165.0,87700.0,2165.0,2168.0,2153.5,2160.2,2146.2,2301.7,False,False,False,False,False,False,True,True,False,True,False,-0.0069284064665127,-0.0392609699769053,,,0.0022170900692841,0.0086836027713626,-0.0554272517321016,0.0392609699769053,0.0009008169477834,0.0448107731599721,2200.0,2080.0,1.5945454545454545,0.0014813443199702,-0.0002803617532796,-0.000218446825379
1999-01-28,2165.0,2165.0,2065.0,2065.0,43900.0,2065.0,2150.0,2146.0,2158.2,2145.8,2300.725,False,False,False,False,False,False,False,False,False,True,False,0.0338983050847457,0.0048426150121065,,,-0.0451331719128328,-0.0391283292978209,0.0460048426150121,0.0847457627118644,-0.0001864106626897,0.048928238583411,2180.0,2100.0,0.500570125427594,-0.0009266981744045,-0.0024080424943748,-0.0010872276104732
1999-01-29,2140.0,2150.0,2115.0,2150.0,65400.0,2150.0,2149.0,2148.0,2159.0,2147.133333333333,2299.925,False,False,False,False,False,False,True,True,False,False,False,-0.0116279069767441,-0.0232558139534883,,,-0.0041860465116279,0.0013333333333333,0.0162790697674418,0.0465116279069767,0.0006209830161143,0.0479515828677839,2150.0,2095.0,1.489749430523918,0.0003705419175545,0.0012972400919591,0.0008073936788041
1999-02-01,2200.0,2200.0,2180.0,2185.0,30200.0,2185.0,2153.0,2154.5,2161.0,2149.133333333333,2298.9,False,False,False,False,False,False,True,True,False,False,True,-0.0320366132723112,-0.0480549199084668,,,0.0109839816933638,0.0164149504195271,-0.0160183066361556,0.0091533180778032,0.0009306076868194,0.0438616848456718,2150.0,2050.0,0.4617737003058104,0.0009254974548819,0.0005549555373274,0.0003096246707051
1999-02-02,2185.0,2185.0,2160.0,2160.0,33000.0,2160.0,2145.0,2157.5,2162.0,2149.0,2297.15,False,False,False,False,False,False,True,False,False,True,False,-0.037037037037037,-0.0324074074074074,,,-0.0009259259259259,0.0050925925925925,-0.0046296296296296,-0.0046296296296296,-6.204436171857239e-05,0.0391657010428736,2160.0,2030.0,1.0927152317880795,0.0004625346901017,-0.0004629627647802,-0.000992652048538
1999-02-03,2160.0,2165.0,2145.0,2150.0,65300.0,2150.0,2142.0,2155.0,2161.2,2148.866666666667,2295.4,False,False,False,False,False,False,False,False,False,True,False,-0.0325581395348837,-0.041860465116279,,,-0.0052093023255813,0.0005271317829456,-0.0325581395348837,0.027906976744186,-6.204821146024822e-05,0.039907192575406,2110.0,2150.0,1.9787878787878788,-0.0003701647233019,-0.0008326994134037,-3.849741675833809e-09
1999-02-04,2130.0,2145.0,2120.0,2135.0,7400.0,2135.0,2156.0,2153.0,2159.6,2148.9333333333334,2294.075,False,False,False,False,False,False,False,True,False,True,False,-0.0281030444964871,-0.0374707259953161,,,-0.0115222482435596,-0.0065261514441842,0.0117096018735363,0.0491803278688524,3.1023143264847384e-05,0.0404087320018578,2080.0,2195.0,0.113323124042879,-0.0007408779403592,-0.0003707132170573,9.30713547250956e-05
1999-02-05,2110.0,2130.0,2100.0,2125.0,31600.0,2125.0,2151.0,2150.0,2155.4,2149.8,2292.65,False,False,False,False,False,False,False,True,False,True,False,-0.0117647058823529,-0.0117647058823529,,,-0.0143058823529412,-0.0116705882352942,0.0141176470588235,0.0776470588235294,0.0004031382764288,0.0434883720930232,2100.0,2155.0,4.27027027027027,-0.0019485942284493,-0.0012077162880901,0.000372115133164
1999-02-08,2100.0,2120.0,2100.0,2115.0,16800.0,2115.0,2137.0,2145.0,2151.4,2150.5333333333333,2291.225,False,False,False,False,False,False,False,True,False,False,False,-0.0165484633569739,0.0047281323877068,,,-0.017210401891253,-0.0168006304176516,0.0307328605200945,0.0898345153664302,0.0003410006820012,0.0452214452214452,2135.0,2110.0,0.5316455696202531,-0.0018592544389699,8.933978947941838e-05,-6.213759442760613e-05
1999-02-09,2075.0,2090.0,2070.0,2080.0,24400.0,2080.0,2121.0,2133.0,2147.8,2149.866666666667,2289.775,False,False,True,False,False,False,False,False,False,False,False,0.0048076923076923,0.0048076923076923,,,-0.0325961538461539,-0.0335897435897436,0.0336538461538461,0.110576923076923,-0.0003100967501859,0.0525082044069385,2080.0,2100.0,1.4523809523809523,-0.0016761337182232,0.0001831207207467,-0.0006510974321872
1999-02-10,2070.0,2080.0,2065.0,2080.0,35900.0,2080.0,2107.0,2124.5,2144.4,2148.0,2288.325,False,False,False,False,False,False,False,False,False,False,False,-0.0096153846153846,0.0024038461538461,,,-0.0309615384615385,-0.0326923076923076,0.0096153846153846,0.0961538461538461,-0.000869025450031,0.0581313250176512,2060.0,2120.0,1.471311475409836,-0.0015855250886029,9.060862962034094e-05,-0.0005589286998451
1999-02-12,2080.0,2110.0,2075.0,2075.0,38000.0,2075.0,2095.0,2125.5,2139.8,2145.4,2286.75,False,False,False,False,False,False,False,False,False,True,False,-0.0096385542168674,0.0409638554216867,,,-0.0312289156626506,-0.0339277108433735,0.0385542168674698,0.108433734939759,-0.0012118952176749,0.0604563632086567,2040.0,2110.0,1.0584958217270195,-0.0021497336199644,-0.0005642085313615,-0.0003428697676438
1999-02-15,2070.0,2100.0,2070.0,2100.0,7200.0,2100.0,2090.0,2120.5,2137.0,2141.6666666666665,2285.25,False,False,False,False,False,False,False,False,False,False,False,0.0,0.0285714285714285,,,-0.0176190476190476,-0.0198412698412697,0.0333333333333333,0.0833333333333333,-0.0017431906614787,0.0641358170242867,2040.0,2100.0,0.1894736842105263,-0.0013102480112307,0.0008394856087336,-0.0005312954438037
1999-02-16,2100.0,2115.0,2070.0,2080.0,17200.0,2080.0,2083.0,2110.0,2133.6,2138.4666666666667,2283.6,False,False,False,False,False,False,False,False,False,True,False,0.0216346153846153,0.0096153846153846,,,-0.0257692307692307,-0.0281089743589743,0.048076923076923,0.0985576923076923,-0.0014963992892102,0.0732227488151658,2095.0,2160.0,2.388888888888889,-0.0015935508061492,-0.0002833027949184,0.0002467913722684
1999-02-17,2100.0,2100.0,2070.0,2090.0,15400.0,2090.0,2085.0,2103.0,2131.2,2137.6666666666665,2281.975,False,False,False,False,False,False,False,False,False,False,False,0.0,0.0023923444976076,,,-0.0197129186602869,-0.0228070175438595,0.062200956937799,0.0765550239234449,-0.0003742398253548,0.081550166428911,2105.0,2160.0,0.8953488372093024,-0.0011261261261261,0.0004674246800231,0.0011221594638554
1999-02-18,2070.0,2080.0,2060.0,2060.0,20800.0,2060.0,2081.0,2094.0,2127.4,2137.4,2280.275,False,False,False,False,False,False,False,False,False,True,False,0.012135922330097,-0.0072815533980582,,,-0.0327184466019417,-0.0375728155339806,0.1553398058252427,0.0946601941747572,-0.0001247621721093,0.0883476599808978,2085.0,2210.0,1.3506493506493509,-0.0017862179185859,-0.0006600917924597,0.0002494776532455
1999-02-19,2060.0,2060.0,2055.0,2055.0,22100.0,2055.0,2077.0,2086.0,2124.0,2136.8,2278.525,False,False,False,False,False,False,False,False,False,False,False,0.0510948905109489,0.0510948905109489,,,-0.0335766423357664,-0.0398053527980536,0.1435523114355231,0.1240875912408759,-0.0002807937102208,0.0958772770853307,2115.0,2220.0,1.0625,-0.0016007532956685,0.0001854646229173,-0.0001560315381115
1999-02-22,2065.0,2100.0,2060.0,2100.0,17400.0,2100.0,2077.0,2083.5,2122.8,2136.866666666667,2277.525,False,False,False,False,False,False,False,True,False,False,False,0.0285714285714285,0.0404761904761904,,,-0.0108571428571429,-0.0175555555555556,0.0904761904761904,0.1285714285714285,3.119832776960317e-05,0.1010319174466042,2130.0,2250.0,0.7873303167420814,-0.0005652911249292,0.0010354621707393,0.0003119920379904
1999-02-23,2100.0,2170.0,2100.0,2125.0,20700.0,2125.0,2086.0,2084.5,2123.0,2137.866666666667,2276.5,False,False,False,False,True,False,True,True,False,False,False,-0.0117647058823529,0.0117647058823529,,,0.0009411764705882,-0.0060549019607843,0.0870588235294117,0.1247058823529411,0.0004677560184607,0.1045814343967378,2135.0,2265.0,1.1896551724137931,9.420631182280644e-05,0.000659497436752,0.0004365576906911
1999-02-24,2100.0,2150.0,2090.0,2090.0,7200.0,2090.0,2086.0,2085.5,2121.4,2138.6666666666665,2275.15,False,False,False,False,False,False,False,True,False,True,False,0.0023923444976076,0.0287081339712918,,,-0.0150239234449761,-0.0232854864433811,0.124401913875598,0.1339712918660287,0.0003740648379051,0.1069287940541836,2135.0,2300.0,0.3478260869565217,-0.0007542189120391,-0.0008484252238619,-9.369118055566148e-05
1999-02-25,2055.0,2100.0,2055.0,2085.0,8200.0,2085.0,2091.0,2086.0,2117.8,2137.8,2273.625,False,False,False,False,False,False,False,False,False,True,False,-0.0191846522781774,-0.0023980815347721,,,-0.0157314148681056,-0.0253237410071943,0.1630695443645084,0.1750599520383693,-0.0004054011912556,0.1148130393096836,2170.0,2200.0,1.1388888888888888,-0.0016998772310888,-0.0009456583190496,-0.0007794660291607
1999-02-26,2090.0,2170.0,2080.0,2160.0,27400.0,2160.0,2112.0,2094.5,2118.0,2137.333333333333,2272.325,False,False,False,False,False,False,True,False,False,False,True,0.0,0.0,,,0.0194444444444444,0.0104938271604939,0.1226851851851851,0.1157407407407407,-0.0002183406113539,0.1155407018381475,2175.0,2180.0,3.341463414634146,9.442870632663744e-05,0.0017943059374154,0.0001870605799017
1999-03-01,2160.0,2160.0,2120.0,2160.0,18100.0,2160.0,2124.0,2100.5,2118.2,2137.4,2270.925,False,False,False,False,False,False,True,True,False,True,False,0.011574074074074,-0.0023148148148148,,,0.0193518518518519,0.0104629629629629,0.0925925925925925,0.1412037037037037,3.1190543027538495e-05,0.1213996667460128,2230.0,2150.0,0.6605839416058394,9.441979038797948e-05,-8.915938657958291e-09,0.0002495311543814
1999-03-02,2150.0,2160.0,2100.0,2100.0,14100.0,2100.0,2119.0,2102.5,2115.6,2137.266666666667,2269.175,False,False,False,False,False,False,False,False,False,True,False,0.0238095238095238,0.0380952380952381,,,-0.0074285714285713,-0.0177460317460318,0.1357142857142857,0.1952380952380952,-6.238497769731372e-05,0.1310344827586207,2215.0,2150.0,0.7790055248618785,-0.0012289657780298,-0.0013233855684178,-9.357552072485222e-05
1999-03-03,2070.0,2095.0,2070.0,2095.0,7400.0,2095.0,2120.0,2103.0,2111.4,2137.2,2267.35,False,False,False,False,False,False,False,False,False,True,False,0.026252983293556,0.026252983293556,,,-0.0078281622911694,-0.020143198090692,0.1264916467780429,0.2505966587112171,-3.1193461850580564e-05,0.1483594864479315,2170.0,2160.0,0.524822695035461,-0.0019892014776924,-0.0007602356996626,3.119151584673316e-05
1999-03-04,2095.0,2100.0,2045.0,2045.0,53100.0,2045.0,2112.0,2101.5,2106.6,2136.2,2265.2,False,False,False,False,False,False,False,False,False,True,False,0.0171149144254278,0.0268948655256723,,,-0.030122249388753,-0.0445965770171148,0.1491442542787286,0.3105134474327628,-0.0004681209624566,0.1694028075184392,2165.0,2110.0,7.175675675675675,-0.0022785531187696,-0.0002893516410772,-0.0004369275006061
1999-03-05,2050.0,2160.0,2050.0,2160.0,48100.0,2160.0,2112.0,2112.0,2110.4,2136.866666666667,2263.6,False,False,False,False,True,False,True,True,True,False,True,0.0,-0.0023148148148148,,,0.0229629629629629,0.0107098765432098,0.0879629629629629,0.1851851851851851,0.0003119832776964,0.1754261363636363,2190.0,2080.0,0.9058380414312618,0.001800606520091,0.0040791596388607,0.0007801042401531
1999-03-08,2180.0,2190.0,2150.0,2185.0,49400.0,2185.0,2117.0,2120.5,2111.8,2138.0,2262.15,False,False,False,False,False,False,True,True,False,True,False,-0.0137299771167048,-0.0068649885583524,,,0.0335011441647596,0.0215102974828375,0.0663615560640732,0.1945080091533181,0.0005300904271904,0.182032539495402,2170.0,2100.0,1.027027027027027,0.0006629415664362,-0.0011376649536548,0.000218107149494
1999-03-09,2170.0,2175.0,2105.0,2150.0,6700.0,2150.0,2127.0,2123.0,2110.4,2137.866666666667,2260.5,False,False,False,False,False,False,False,False,False,True,False,0.013953488372093,0.013953488372093,,,0.0184186046511627,0.0056434108527131,0.0930232558139534,0.2325581395348837,-6.236746912804606e-05,0.1928874234573716,2165.0,2135.0,0.1356275303643724,-0.0006633813495072,-0.0013263229159435,-0.0005924578963185
1999-03-10,2145.0,2170.0,2115.0,2150.0,11100.0,2150.0,2138.0,2129.0,2110.0,2137.733333333333,2258.85,False,False,False,False,False,False,False,False,False,False,False,0.0,0.0325581395348837,,,0.0186046511627906,0.0057054263565892,0.1023255813953488,0.2372093023255814,-6.237135907207018e-05,0.2031470173790512,2150.0,2080.0,1.6567164179104477,-0.0001895734597156,0.0004738078897915,-3.889944024120136e-09
1999-03-11,2150.0,2170.0,2080.0,2080.0,25700.0,2080.0,2145.0,2128.5,2107.2,2136.0,2257.025,False,False,False,False,False,True,False,False,False,True,False,0.0096153846153846,0.1442307692307692,,,-0.0130769230769229,-0.0269230769230769,0.1057692307692307,0.2692307692307692,-0.0008114856429462,0.2123561193328635,2155.0,2060.0,2.315315315315315,-0.0013287775246773,-0.0011392040649617,-0.0007491142838741
1999-03-12,2100.0,2165.0,2090.0,2160.0,59500.0,2160.0,2145.0,2128.5,2108.2,2135.2,2255.625,False,False,False,False,False,False,True,False,False,False,False,-0.0023148148148148,0.0879629629629629,,,0.0239814814814815,0.0114814814814815,0.0648148148148148,0.2268518518518518,-0.0003746721618584,0.2236316654921306,2140.0,2040.0,2.315175097276265,0.0004743382980741,0.0018031158227515,0.0004368134810877
1999-03-15,2160.0,2160.0,2115.0,2155.0,11500.0,2155.0,2139.0,2128.0,2109.4,2133.9333333333334,2254.025,False,False,False,False,False,False,True,False,False,False,False,0.0069605568445475,0.062645011600928,,,0.0211600928074245,0.0097757153905645,0.0696055684454756,0.2645011600928074,-0.0005935830547657,0.2361372180451127,2130.0,2040.0,0.1932773109243697,0.000568882146582,9.454384850790922e-05,-0.0002189108929072
1999-03-16,2140.0,2180.0,2115.0,2180.0,27600.0,2180.0,2145.0,2136.0,2112.0,2132.8,2252.475,False,False,False,False,False,False,True,False,True,False,True,0.0,0.0596330275229357,,,0.0311926605504587,0.0216513761467889,0.0642201834862385,0.2293577981651376,-0.0005313828457113,0.2394662921348314,2120.0,2095.0,2.4,0.0012310606060605,0.0006621784594784,6.220020905436247e-05
1999-03-17,2180.0,2180.0,2130.0,2150.0,33300.0,2150.0,2145.0,2141.5,2114.8,2130.8,2250.975,False,False,False,False,False,False,True,False,False,False,False,0.0325581395348837,0.0930232558139534,,,0.0163720930232557,0.0089302325581394,0.0790697674418604,0.2441860465116279,-0.0009386146048432,0.2388512724725659,2130.0,2105.0,1.2065217391304348,0.0013240022697182,9.294166365769956e-05,-0.0004072317591318
1999-03-18,2180.0,2180.0,2100.0,2100.0,31500.0,2100.0,2149.0,2147.0,2115.6,2129.4666666666667,2249.275,False,False,False,False,False,False,True,False,False,True,False,0.1333333333333333,0.1547619047619047,,,-0.0074285714285713,-0.014031746031746,0.0880952380952381,0.2809523809523809,-0.0006261348694509,0.2361434559850954,2175.0,2085.0,0.945945945945946,0.0003781433163167,-0.0009458589534015,0.0003124797353923
1999-03-19,2130.0,2160.0,2130.0,2155.0,37800.0,2155.0,2148.0,2146.5,2118.8,2129.133333333333,2247.75,False,False,False,False,False,False,True,False,True,False,False,0.0904872389791183,0.1252900232018561,,,0.016798143851508,0.0120030935808198,0.0649651972157772,0.2505800464037123,-0.0001565582240035,0.2427207081295131,2155.0,2115.0,1.2,0.0015102888427413,0.0011321455264245,0.0004695766454473
1999-03-23,2180.0,2185.0,2150.0,2170.0,34600.0,2170.0,2151.0,2145.0,2121.6,2129.4,2246.65,False,False,False,False,False,False,True,True,False,True,False,0.0552995391705069,0.0875576036866359,,,0.0223041474654378,0.0187096774193548,0.0483870967741935,0.2304147465437788,0.0001252308944617,0.2463869463869464,2155.0,2130.0,0.9153439153439152,0.0013197586726997,-0.0001905301700415,0.0002817891184653
1999-03-24,2170.0,2180.0,2155.0,2180.0,45600.0,2180.0,2151.0,2148.0,2125.6,2129.8,2245.5,False,False,False,False,False,False,True,True,False,False,False,0.0596330275229357,0.0940366972477064,,,0.024954128440367,0.0230275229357797,0.036697247706422,0.2201834862385321,0.0001878110620715,0.2451117318435754,2165.0,2135.0,1.317919075144509,0.001881821603312,0.0005620629306122,6.258016760983534e-05
1999-03-25,2200.0,2220.0,2190.0,2220.0,69100.0,2220.0,2165.0,2155.0,2130.8,2130.6,2244.55,True,True,False,False,False,False,True,True,False,False,False,0.0585585585585585,0.063063063063063,,,0.04018018018018,0.0402702702702703,0.0135135135135135,0.1936936936936936,0.0003754810851402,0.2406032482598608,2200.0,2135.0,1.5153508771929824,0.0024403979725925,0.0005585763692805,0.0001876700230686
1999-03-26,2295.0,2380.0,2280.0,2380.0,244400.0,2380.0,2221.0,2185.0,2143.6,2134.2,2244.45,False,False,False,False,False,False,True,True,False,False,False,0.01890756302521,-0.0126050420168067,,,0.099327731092437,0.1032773109243698,-0.0336134453781512,0.1176470588235294,0.0016868147315152,0.2244851258581235,2165.0,2170.0,3.536903039073806,0.0059712632953908,0.0035308653227982,0.001311333646375
1999-03-29,2390.0,2390.0,2320.0,2350.0,81100.0,2350.0,2260.0,2204.0,2155.4,2137.8,2244.15,False,False,False,False,False,False,True,True,False,True,False,0.0319148936170212,0.0,,,0.0828085106382978,0.0902978723404254,-0.051063829787234,0.1191489361702127,0.0016839741790627,0.213021778584392,2065.0,2175.0,0.3318330605564648,0.0054746218799295,-0.0004966414154612,-2.8405524525217107e-06
1999-03-30,2320.0,2350.0,2280.0,2290.0,34300.0,2290.0,2284.0,2217.5,2163.0,2140.333333333333,2243.775,False,False,False,False,False,False,True,True,False,True,False,0.0305676855895196,0.0174672489082969,,,0.0554585152838427,0.0653566229985445,-0.0174672489082969,0.131004366812227,0.0011836162591494,0.1995490417136415,2150.0,2230.0,0.4229346485819975,0.0035136384650947,-0.0019609834148348,-0.0005003579199133
1999-03-31,2320.0,2340.0,2310.0,2310.0,106400.0,2310.0,2310.0,2230.5,2170.4,2142.6666666666665,2243.375,False,False,False,False,False,False,True,True,False,True,False,0.0324675324675324,0.0173160173160173,,,0.0604329004329003,0.0724386724386725,-0.0367965367965368,0.1363636363636363,0.0010889856876167,0.190091907644026,2185.0,2215.0,3.1020408163265305,0.0034095097677847,-0.0001041286973099,-9.46305715326908e-05
1999-04-01,2320.0,2380.0,2300.0,2350.0,74600.0,2350.0,2336.0,2250.5,2180.8,2146.266666666667,2243.275,False,False,False,False,False,False,True,True,False,False,False,0.0042553191489361,0.0085106382978723,,,0.0719999999999999,0.0866950354609928,-0.0553191489361702,0.0957446808510638,0.001677331179723,0.1750722061764052,2160.0,2170.0,0.7011278195488722,0.0047688921496698,0.0013593823818851,0.0005883454921063
1999-04-02,2360.0,2435.0,2360.0,2425.0,119300.0,2425.0,2345.0,2283.0,2194.4,2151.133333333333,2243.95,False,False,False,False,False,False,True,True,False,False,False,-0.0309278350515463,-0.0515463917525773,,,0.0950927835051546,0.1129347079037801,-0.0845360824742268,0.0659793814432989,0.0022623733225894,0.1537450722733245,2150.0,2165.0,1.599195710455764,0.0061975938753189,0.001428701725649,0.0005850421428663
1999-04-05,2430.0,2470.0,2400.0,2425.0,76800.0,2425.0,2360.0,2310.0,2205.0,2156.266666666667,2244.425,False,False,False,False,False,False,True,True,False,True,False,-0.0309278350515463,-0.0515463917525773,,,0.090721649484536,0.1108178694158074,-0.0721649484536082,0.0618556701030927,0.0023806579272818,0.135064935064935,2135.0,2190.0,0.6437552388935457,0.0048072562358276,-0.0013903376394913,0.0001182846046923
1999-04-06,2385.0,2400.0,2360.0,2360.0,38100.0,2360.0,2374.0,2329.0,2213.0,2160.5333333333333,2244.225,False,False,False,False,False,False,True,True,False,True,False,-0.0127118644067796,-0.0233050847457627,,,0.0622881355932203,0.0845197740112994,-0.0444915254237288,0.0889830508474576,0.0019748210318438,0.1215113782739373,2125.0,2170.0,0.49609375,0.0036150022593764,-0.0011922539764512,-0.0004058368954379
1999-04-07,2380.0,2400.0,2320.0,2385.0,35200.0,2385.0,2389.0,2349.5,2224.4,2164.4,2244.15,False,False,False,False,False,False,True,True,False,False,False,-0.0146750524109014,-0.0272536687631027,,,0.0673375262054506,0.0924947589098532,-0.0272536687631027,0.0482180293501048,0.00178648432206,0.1049159395616088,2115.0,2165.0,0.9238845144356956,0.0051249775220284,0.001509975262652,-0.0001883367097838
1999-04-08,2395.0,2420.0,2360.0,2360.0,31900.0,2360.0,2391.0,2363.5,2235.0,2167.8,2243.95,False,False,False,False,False,False,True,True,False,True,False,0.0042372881355932,-0.0169491525423728,,,0.0529661016949152,0.0814406779661016,-0.0338983050847457,0.059322033898305,0.0015684103699603,0.0920245398773006,2080.0,2150.0,0.90625,0.0047427293064876,-0.0003822482155407,-0.0002180739520996
1999-04-09,2350.0,2395.0,2345.0,2350.0,21000.0,2350.0,2376.0,2360.5,2247.2,2171.333333333333,2243.6,False,False,False,False,False,False,True,True,False,False,False,-0.0212765957446808,-0.0276595744680851,,,0.0437446808510639,0.0760283687943263,-0.0425531914893617,0.051063829787234,0.0016272643536995,0.0853632704935395,2080.0,2155.0,0.658307210031348,0.0054289782840867,0.0006862489775991,5.885398373913029e-05
1999-04-12,2350.0,2360.0,2345.0,2350.0,19100.0,2350.0,2361.0,2360.5,2254.8,2174.4666666666667,2243.325,False,False,False,False,False,False,True,True,False,True,False,-0.0212765957446808,-0.0234042553191489,,,0.0405106382978722,0.0746950354609928,-0.0468085106382978,0.0595744680851063,0.0014409663672319,0.0794323236602414,2075.0,2140.0,0.9095238095238096,0.0033705871917688,-0.0020583910923179,-0.0001862979864675
1999-04-13,2350.0,2375.0,2320.0,2330.0,14700.0,2330.0,2355.0,2364.5,2260.6,2177.133333333333,2242.725,False,False,False,False,False,False,True,True,False,True,False,-0.0107296137339055,-0.0236051502145922,,,0.0297854077253219,0.0656080114449213,-0.0343347639484978,0.0708154506437768,0.001224852252197,0.0735884965108902,2100.0,2130.0,0.7696335078534031,0.0025656905246393,-0.0008048966671294,-0.0002161141150349
1999-04-14,2330.0,2350.0,2320.0,2350.0,24000.0,2350.0,2348.0,2368.5,2268.6,2180.0,2242.35,False,False,False,False,False,False,True,True,False,False,False,-0.0127659574468085,-0.0382978723404255,,,0.0346382978723404,0.0723404255319148,-0.0617021276595744,0.0340425531914893,0.0013149847094801,0.0635423263668988,2080.0,2120.0,1.6326530612244898,0.0035264039495724,0.000960713424933,9.013245728316873e-05
1999-04-15,2390.0,2395.0,2360.0,2370.0,43200.0,2370.0,2350.0,2370.5,2277.4,2183.133333333333,2242.15,False,False,False,False,False,False,True,True,False,False,False,-0.0210970464135021,-0.050632911392405,,,0.0390717299578058,0.0788466947960619,-0.0928270042194092,0.0232067510548523,0.0014352459767306,0.0563172326513393,2090.0,2130.0,1.8,0.0038640555018881,0.0003376515523157,0.0001202612672504
1999-04-16,2370.0,2370.0,2300.0,2300.0,44300.0,2300.0,2340.0,2358.0,2286.2,2184.866666666667,2241.4,False,False,False,False,False,False,True,True,False,True,False,-0.0065217391304347,0.0,,,0.006,0.0500579710144927,-0.0391304347826087,0.0565217391304347,0.0007933359777867,0.0553435114503816,2060.0,2175.0,1.025462962962963,0.0038491820488145,-1.487345307368956e-05,-0.0006419099989439
1999-04-19,2340.0,2380.0,2300.0,2300.0,29900.0,2300.0,2330.0,2345.5,2291.8,2186.5333333333333,2240.65,False,False,False,False,False,False,True,True,False,True,False,-0.0021739130434782,-0.0304347826086956,,,0.0035652173913042,0.0493333333333333,-0.0260869565217391,0.0652173913043478,0.0007622416000974,0.0556384566190577,2055.0,2155.0,0.6749435665914221,0.0024434941967014,-0.001405687852113,-3.109437768920593e-05
1999-04-20,2300.0,2335.0,2300.0,2305.0,19600.0,2305.0,2325.0,2340.0,2297.8,2187.5333333333333,2239.925,False,False,False,False,False,False,True,True,False,False,False,-0.0130151843817787,-0.0238611713665943,,,0.0031236442516268,0.0509616775126536,-0.0065075921908893,0.0607375271149674,0.0004571358912626,0.0527777777777777,2100.0,2155.0,0.6555183946488294,0.0026111933153451,0.0001676991186436,-0.0003051057088348
1999-04-21,2330.0,2335.0,2300.0,2320.0,18500.0,2320.0,2319.0,2333.5,2303.4,2188.9333333333334,2239.1,False,False,False,False,False,False,True,True,False,True,False,-0.0258620689655172,-0.0409482758620689,,,0.007155172413793,0.0564942528735631,-0.0064655172413793,0.0538793103448275,0.0006395809222148,0.0533533319048639,2125.0,2165.0,0.9438775510204082,0.0024311886776069,-0.0001800046377381,0.0001824450309522
1999-04-22,2285.0,2340.0,2275.0,2320.0,36100.0,2320.0,2309.0,2329.5,2310.2,2190.9333333333334,2238.35,False,False,False,False,False,False,True,True,False,False,False,-0.0301724137931034,-0.043103448275862,,,0.0042241379310345,0.0556321839080459,-0.0043103448275862,0.0603448275862069,0.0009128529698149,0.0534449452672247,2090.0,2200.0,1.951351351351352,0.002943468098,0.000512279420393,0.0002732720476001
1999-04-23,2330.0,2345.0,2275.0,2285.0,23500.0,2285.0,2306.0,2323.0,2317.6,2192.5333333333333,2237.35,False,False,False,False,False,False,True,True,False,False,False,0.0065645514223194,-0.0284463894967177,,,-0.0142669584245076,0.0404668125455871,-0.0021881838074398,0.0765864332603938,0.0007297494526878,0.0559621179509255,2085.0,2165.0,0.6509695290858726,0.0031929582326545,0.0002494901346544,-0.0001831035171271
1999-04-26,2350.0,2350.0,2290.0,2295.0,17500.0,2295.0,2305.0,2317.5,2323.2,2193.9333333333334,2236.45,False,False,False,False,False,False,True,True,False,True,False,-0.0283224400871459,-0.0196078431372549,,,-0.0122875816993463,0.0440377632534495,0.0021786492374727,0.1045751633986928,0.0006381233097329,0.0604099244875943,2160.0,2065.0,0.7446808510638298,0.0024104683195591,-0.0007824899130953,-9.162614295492776e-05
1999-04-27,2275.0,2285.0,2275.0,2275.0,12600.0,2275.0,2299.0,2312.0,2327.4,2195.333333333333,2235.575,False,False,False,False,False,False,True,True,False,True,False,-0.0109890109890109,-0.0087912087912087,,,-0.023032967032967,0.0350183150183151,0.0,0.1076923076923077,0.0006377163680532,0.0640138408304498,2160.0,2150.0,0.72,0.0018045888115494,-0.0006058795080097,-4.0694167966013467e-07
1999-04-28,2275.0,2280.0,2260.0,2260.0,39700.0,2260.0,2287.0,2303.0,2330.6,2196.6,2234.475,False,False,False,False,False,False,True,True,False,True,False,-0.0154867256637168,0.0265486725663716,,,-0.0312389380530973,0.0280530973451327,0.0110619469026548,0.1349557522123893,0.0005766487602052,0.0740338688666956,2100.0,2185.0,3.1507936507936507,0.0013730369861837,-0.0004315518253657,-6.106760784801892e-05
1999-04-30,2260.0,2265.0,2250.0,2250.0,49300.0,2250.0,2273.0,2291.0,2331.8,2197.9333333333334,2233.375,False,False,False,False,False,False,True,True,False,True,False,-0.0133333333333333,0.0133333333333333,,,-0.0363555555555556,0.0231407407407407,0.0,0.1377777777777777,0.0006066304710486,0.0855521606285464,2095.0,2160.0,1.2418136020151134,0.000514623895703,-0.0008584130904807,2.9981710843367563e-05
1999-05-06,2300.0,2310.0,2260.0,2300.0,29700.0,2300.0,2276.0,2291.0,2328.6,2199.866666666667,2232.525,False,False,False,False,False,False,False,True,False,True,False,-0.0347826086956521,-0.0217391304347826,,,-0.0124347826086956,0.0435362318840579,-0.0195652173913043,0.1413043478260869,0.0008788411418874,0.0940637276298559,2045.0,2150.0,0.6024340770791075,-0.0013742162672851,-0.0018888401629881,0.0002722106708387
1999-05-07,2300.0,2325.0,2230.0,2230.0,43500.0,2230.0,2263.0,2284.0,2323.8,2201.0666666666666,2231.275,False,False,False,False,False,False,False,True,False,True,False,0.0089686098654708,0.0044843049327354,,,-0.0420627802690583,0.0129745889387145,0.0358744394618834,0.1591928251121076,0.0005451902108067,0.1033274956217162,2160.0,2135.0,1.4646464646464648,-0.0020655822359926,-0.0006913659687074,-0.0003336509310806
1999-05-10,2245.0,2250.0,2240.0,2250.0,23000.0,2250.0,2258.0,2278.5,2322.2,2202.6666666666665,2230.075,False,False,False,False,False,False,False,True,False,False,False,0.0022222222222222,0.0,,,-0.0320888888888888,0.0210370370370371,0.0533333333333333,0.16,0.0007263922518159,0.1132323897300855,2185.0,2125.0,0.5287356321839081,-0.0006890018086299,0.0013765804273627,0.0001812020410091
1999-05-11,2255.0,2260.0,2225.0,2225.0,35000.0,2225.0,2251.0,2269.0,2318.8,2204.0666666666666,2228.75,False,False,False,False,False,False,False,True,False,True,False,0.0426966292134831,-0.0089887640449438,,,-0.0421573033707865,0.0094082397003745,0.0741573033707865,0.1662921348314607,0.0006351894982003,0.124504186866461,2150.0,2115.0,1.5217391304347827,-0.0014662756598238,-0.0007772738511939,-9.120275361560164e-05
1999-05-12,2230.0,2240.0,2210.0,2220.0,48100.0,2220.0,2245.0,2259.0,2313.6,2205.266666666667,2227.3,False,False,False,False,False,False,False,True,False,True,False,0.027027027027027,-0.0315315315315315,,,-0.0421621621621621,0.0066366366366365,0.0675675675675675,0.1486486486486486,0.0005441518788356,0.1334661354581673,2150.0,2080.0,1.3742857142857143,-0.0022475795297373,-0.0007813038699134,-9.103761936469904e-05
1999-05-13,2210.0,2240.0,2210.0,2220.0,93400.0,2220.0,2229.0,2252.5,2305.4,2205.866666666667,2225.825,False,False,False,False,False,False,False,True,False,True,False,0.0135135135135135,-0.0045045045045045,,,-0.0384684684684685,0.0063663663663663,0.1036036036036036,0.1283783783783783,0.0002720019342359,0.1387347391786903,2080.0,2080.0,1.9417879417879416,-0.0035568664873773,-0.00130928695764,-0.0002721499445997
1999-05-14,2240.0,2270.0,2225.0,2250.0,60100.0,2250.0,2233.0,2248.0,2298.4,2207.133333333333,2224.125,False,False,False,False,False,False,False,True,False,False,False,-0.0044444444444444,-0.0044444444444444,,,-0.0215111111111111,0.0190518518518519,0.0711111111111111,0.1488888888888888,0.0005738967589934,0.143238434163701,2160.0,2075.0,0.6434689507494646,-0.0030455969369996,0.0005112695503777,0.0003018948247575
1999-05-17,2250.0,2270.0,2235.0,2255.0,61000.0,2255.0,2234.0,2246.0,2294.2,2208.4666666666667,2222.525,False,False,False,False,False,False,False,True,False,False,False,-0.0022172949002217,0.0155210643015521,,,-0.0173835920177382,0.0206356245380635,0.0931263858093126,0.1396895787139689,0.0006037371328524,0.1464826357969724,2155.0,2100.0,1.0149750415973378,-0.0018307035132073,0.0012148934237923,2.984037385896825e-05
1999-05-18,2280.0,2340.0,2270.0,2320.0,79500.0,2320.0,2253.0,2252.0,2291.6,2210.5333333333333,2221.35,False,False,False,False,True,False,False,True,False,False,True,-0.0495689655172413,-0.0064655172413793,,,0.0122413793103448,0.047183908045977,0.0818965517241379,0.1163793103448275,0.000934917666928,0.144538188277087,2180.0,2080.0,1.3032786885245902,-0.0011345784604642,0.000696125052743,0.0003311805340755
1999-05-19,2300.0,2300.0,2235.0,2280.0,20000.0,2280.0,2265.0,2255.0,2288.4,2211.6,2220.1,False,False,False,False,False,False,False,True,False,True,False,-0.0570175438596491,0.0131578947368421,,,-0.0036842105263158,0.03,0.1491228070175438,0.1622807017543859,0.0004823054199071,0.1470066518847006,2150.0,2090.0,0.2515723270440251,-0.0013983569306064,-0.0002637784701421,-0.0004526122470208
1999-05-20,2295.0,2295.0,2235.0,2250.0,31800.0,2250.0,2271.0,2250.0,2284.4,2212.733333333333,2218.725,False,False,False,False,False,False,False,True,False,True,False,-0.0177777777777777,0.0133333333333333,,,-0.0152888888888889,0.016562962962963,0.1911111111111111,0.1955555555555555,0.000512187038655,0.1524444444444444,2100.0,2060.0,1.59,-0.0017510068289266,-0.0003526498983201,2.988161874787357e-05
1999-05-21,2275.0,2280.0,2240.0,2240.0,63900.0,2240.0,2269.0,2251.0,2280.0,2215.0666666666666,2217.25,False,False,False,False,False,False,False,True,False,True,False,0.0,0.0267857142857142,,,-0.0178571428571428,0.0111309523809524,0.1428571428571428,0.1696428571428571,0.0010533919219888,0.153487338960462,2155.0,2055.0,2.009433962264151,-0.0019298245614035,-0.0001788177324769,0.0005412048833338
1999-05-24,2260.0,2265.0,2185.0,2250.0,44900.0,2250.0,2268.0,2251.0,2276.8,2216.4,2215.85,False,False,False,False,False,False,False,True,False,False,False,0.0177777777777777,0.0111111111111111,,,-0.0119111111111111,0.0149333333333332,0.16,0.1422222222222222,0.0006015761294592,0.151710350955131,2170.0,2100.0,0.702660406885759,-0.0014054813773716,0.0005243431840318,-0.0004518157925296
1999-05-25,2260.0,2260.0,2180.0,2205.0,35800.0,2205.0,2245.0,2249.0,2271.0,2216.6666666666665,2214.125,False,False,False,False,False,False,False,True,False,True,False,0.0453514739229024,0.0362811791383219,,,-0.0299319727891156,-0.0052910052910052,0.2018140589569161,0.1791383219954648,0.0001203007518795,0.1529568697198755,2180.0,2125.0,0.7973273942093542,-0.0025539409951563,-0.0011484596177847,-0.0004812753775796
1999-05-26,2230.0,2230.0,2150.0,2150.0,32400.0,2150.0,2219.0,2242.0,2262.2,2216.5333333333333,2212.2,False,False,False,False,False,False,False,False,False,True,False,0.0744186046511627,0.0465116279069767,,,-0.0521860465116278,-0.0309457364341085,0.2372093023255814,0.2488372093023255,-6.0153994225161846e-05,0.1625780553077609,2220.0,2090.0,0.905027932960894,-0.0038900185659977,-0.0013360775708413,-0.0001804547461047
1999-05-27,2205.0,2210.0,2170.0,2210.0,17400.0,2210.0,2211.0,2241.0,2258.6,2217.333333333333,2210.55,False,False,False,False,False,False,False,True,False,False,False,0.0316742081447963,0.0203619909502262,,,-0.0219909502262443,-0.0033182503770737,0.1945701357466063,0.2737556561085973,0.0003607937462416,0.1769299419901829,2380.0,2085.0,0.5370370370370371,-0.0015939077304524,0.0022961108355453,0.0004209477404667
1999-05-28,2160.0,2240.0,2160.0,2240.0,28100.0,2240.0,2211.0,2240.0,2256.2,2218.733333333333,2209.175,False,False,False,False,False,False,False,True,False,False,False,0.0267857142857142,0.03125,,,-0.0072321428571427,0.0094940476190477,0.1830357142857142,0.3102678571428571,0.0006309906553289,0.1930803571428571,2350.0,2160.0,1.6149425287356325,-0.0010637354844429,0.0005301722460095,0.0002701969090872
1999-05-31,2280.0,2300.0,2280.0,2290.0,47300.0,2290.0,2219.0,2243.5,2255.6,2220.9333333333334,2207.875,False,False,False,False,True,False,False,True,False,False,False,-0.0065502183406113,0.0349344978165938,,,0.0150218340611354,0.030160116448326,0.1899563318777292,0.2663755458515284,0.0009905745332293,0.2059282371294852,2290.0,2160.0,1.6832740213523132,-0.0002660046107465,0.0007977308736963,0.0003595838779004
1999-06-01,2300.0,2305.0,2280.0,2305.0,40200.0,2305.0,2239.0,2242.0,2255.0,2223.4666666666667,2206.625,False,False,False,False,False,False,False,True,False,True,False,-0.0086767895878524,0.0368763557483731,,,0.0216919739696312,0.0353723788864786,0.1626898047722342,0.2190889370932754,0.0011393619573038,0.2165477252453166,2310.0,2100.0,0.8498942917547568,-0.0002660753880265,-7.07772800212351e-08,0.0001487874240745
1999-06-02,2315.0,2320.0,2275.0,2310.0,25600.0,2310.0,2271.0,2245.0,2254.6,2226.5333333333333,2205.55,False,False,False,False,False,False,False,True,False,False,False,-0.0259740259740259,0.0259740259740259,,,0.023982683982684,0.0361327561327561,0.158008658008658,0.2164502164502164,0.0013773279837115,0.2220489977728285,2350.0,2095.0,0.6368159203980099,-0.0001774150625388,8.866032548771733e-05,0.0002379660264076
1999-06-03,2280.0,2300.0,2260.0,2280.0,28700.0,2280.0,2285.0,2248.0,2254.4,2229.2,2204.325,False,False,False,False,False,False,False,True,False,False,False,-0.0109649122807017,0.0745614035087719,,,0.0112280701754385,0.022280701754386,0.1798245614035087,0.2675438596491228,0.0011962437944852,0.229314946619217,2425.0,2045.0,1.12109375,-8.87154009935318e-05,8.869966154531808e-05,-0.0001810841892263
1999-06-04,2270.0,2300.0,2270.0,2300.0,19800.0,2300.0,2297.0,2254.0,2254.6,2232.2,2203.575,False,False,False,False,False,False,True,True,False,False,False,0.0043478260869565,0.0478260869565217,,,0.0197391304347826,0.0294782608695652,0.1717391304347826,0.2630434782608695,0.0013439655944807,0.2386867790594498,2425.0,2160.0,0.6898954703832753,8.87075312693241e-05,0.0001774229322628,0.0001477217999955
1999-06-07,2300.0,2300.0,2275.0,2275.0,12100.0,2275.0,2294.0,2256.5,2254.6,2234.5333333333333,2202.75,False,False,False,False,False,False,False,True,False,True,False,0.0417582417582417,0.0835164835164835,,,0.008967032967033,0.0177875457875458,0.1736263736263736,0.2483516483516483,0.0010442150486306,0.2492798581874584,2360.0,2185.0,0.6111111111111112,0.0,-8.87075312693241e-05,-0.0002997505458501
1999-06-08,2280.0,2300.0,2270.0,2285.0,51900.0,2285.0,2290.0,2264.5,2255.6,2237.266666666667,2202.125,False,False,False,False,False,False,True,True,False,False,False,0.0459518599562363,0.0984682713347921,,,0.0128665207877462,0.0208898614150254,0.1641137855579868,0.2253829321663019,0.0012217288953783,0.2536983881651579,2385.0,2150.0,4.289256198347108,0.0004433410179109,0.0004433410179109,0.0001775138467477
1999-06-09,2285.0,2295.0,2250.0,2250.0,50100.0,2250.0,2278.0,2274.5,2255.6,2239.4,2201.0,False,False,False,False,False,False,False,True,False,True,False,0.0533333333333333,0.1644444444444444,,,-0.0024888888888888,0.004711111111111,0.1777777777777777,0.2222222222222222,0.0009526361227709,0.2510441855352824,2360.0,2150.0,0.9653179190751444,0.0,-0.0004433410179109,-0.0002690927726074
1999-06-10,2230.0,2275.0,2220.0,2255.0,59300.0,2255.0,2273.0,2279.0,2253.8,2242.0,2200.075,False,False,False,False,False,False,False,True,False,True,False,0.0864745011086474,0.188470066518847,,,0.0005321507760531,0.0057649667405764,0.17960088691796,0.2039911308203991,0.0011596788581623,0.2441860465116279,2350.0,2080.0,1.183632734530938,-0.0007986511669179,-0.0007986511669179,0.0002070427353913
1999-06-11,2295.0,2325.0,2260.0,2310.0,84700.0,2310.0,2275.0,2286.0,2257.0,2245.4,2199.475,False,False,False,False,False,False,True,True,True,False,False,0.0432900432900432,0.1082251082251082,,,0.0229437229437229,0.0279653679653679,0.1385281385281385,0.1926406926406926,0.0015142068228378,0.2325021872265966,2350.0,2160.0,1.428330522765599,0.0014178112538767,0.0022164624207947,0.0003545279646755
1999-06-14,2320.0,2390.0,2305.0,2370.0,137400.0,2370.0,2294.0,2294.0,2261.8,2249.0,2199.025,False,False,False,False,False,False,True,True,False,False,False,0.040084388185654,0.1012658227848101,,,0.0456540084388184,0.0510548523206751,0.0928270042194092,0.1687763713080168,0.0016007114273009,0.2225370531822144,2330.0,2155.0,1.6221959858323494,0.002122203554691,0.0007043923008142,8.650460446313997e-05
1999-06-15,2390.0,2395.0,2350.0,2390.0,172600.0,2390.0,2315.0,2302.5,2268.4,2252.5333333333333,2198.575,False,False,False,False,False,False,True,True,False,False,False,0.0502092050209205,0.1087866108786611,,,0.050878661087866,0.0575174337517433,0.0983263598326359,0.0292887029288702,0.001568604238191,0.2028230184581976,2350.0,2180.0,1.2561863173216885,0.00290953976371,0.000787336209019,-3.210718910992192e-05
1999-06-16,2390.0,2400.0,2365.0,2370.0,70500.0,2370.0,2339.0,2308.5,2274.4,2256.266666666667,2198.35,False,False,False,False,False,False,True,True,False,True,False,0.1054852320675105,0.1223628691983122,,,0.0403375527426159,0.0479887482419127,0.0864978902953586,0.040084388185654,0.0016546507505024,0.1847520034654537,2370.0,2150.0,0.4084588644264195,0.0026380583890256,-0.0002714813746843,8.604651231135176e-05
1999-06-17,2395.0,2450.0,2370.0,2450.0,150100.0,2450.0,2378.0,2325.5,2283.6,2261.133333333333,2198.775,False,False,False,False,False,False,True,True,False,False,False,0.0938775510204081,0.0775510204081632,,,0.0679183673469388,0.0770884353741497,0.0551020408163265,0.0,0.0021523129993806,0.1571705009675338,2300.0,2100.0,2.129078014184397,0.004028726572079,0.0013906681830534,0.0004976622488782
1999-06-18,2460.0,2470.0,2370.0,2410.0,99100.0,2410.0,2398.0,2336.5,2290.0,2264.4666666666667,2199.125,False,False,False,False,False,False,True,True,False,True,False,0.0622406639004149,0.0995850622406639,,,0.0497925311203319,0.060387275242047,0.0684647302904564,-0.0041493775933609,0.0014720169576354,0.1301091375989728,2300.0,2155.0,0.6602265156562291,0.0027947598253275,-0.0012339667467515,-0.0006802960417452
1999-06-21,2410.0,2470.0,2410.0,2465.0,71300.0,2465.0,2417.0,2355.5,2298.4,2268.5333333333333,2199.775,False,False,False,False,False,False,True,True,False,False,False,0.0588235294117647,0.1054766734279918,,,0.0675862068965516,0.0797025016903313,0.0425963488843813,-0.0283975659229208,0.0017926413541788,0.1021014646571853,2305.0,2170.0,0.7194752774974773,0.0036547163243996,0.000859956499072,0.0003206243965434
1999-06-22,2465.0,2550.0,2440.0,2510.0,127200.0,2510.0,2441.0,2378.0,2306.0,2274.0,2200.8,False,False,False,False,False,False,True,True,False,True,False,0.0557768924302788,0.0677290836653386,,,0.0812749003984063,0.0940239043824701,-0.0039840637450199,-0.0756972111553784,0.002403987100557,0.0714886459209419,2320.0,2180.0,1.7840112201963534,0.0032957502168256,-0.0003589661075739,0.0006113457463781
1999-06-23,2550.0,2670.0,2520.0,2620.0,440600.0,2620.0,2491.0,2415.0,2319.6,2281.0,2202.4,False,False,False,False,False,False,True,True,False,False,False,0.015267175572519,0.0209923664122137,,,0.1146564885496183,0.1293893129770992,-0.0458015267175572,-0.1125954198473282,0.0030688294607628,0.0374741200828157,2320.0,2220.0,3.4638364779874213,0.0058630798413519,0.0025673296245262,0.0006648423602057
1999-06-24,2650.0,2725.0,2630.0,2680.0,303800.0,2680.0,2537.0,2457.5,2336.8,2289.4666666666667,2204.5,False,False,False,False,False,False,True,True,False,False,False,-0.0149253731343283,0.003731343283582,,,0.1280597014925372,0.1457213930348258,-0.0783582089552238,-0.1361940298507462,0.0036980956263467,0.0032553407934893,2285.0,2380.0,0.6895142986836132,0.0073604929818556,0.0014974131405037,0.0006292661655839
1999-06-25,2650.0,2670.0,2555.0,2560.0,112800.0,2560.0,2567.0,2482.5,2349.6,2294.8,2205.65,False,False,False,False,False,False,True,True,False,True,False,0.03515625,0.052734375,,,0.0821875,0.1035937499999999,-0.02734375,-0.115234375,0.0023240950554878,-0.0265861027190332,2295.0,2350.0,0.3712969058591178,0.0054477357848143,-0.0019127571970413,-0.0013740005708589
1999-06-28,2520.0,2620.0,2510.0,2610.0,53200.0,2610.0,2596.0,2506.5,2364.0,2300.4666666666667,2206.7,False,False,False,False,False,False,True,True,False,False,False,0.0440613026819923,0.0229885057471264,,,0.0942528735632183,0.1185951468710089,-0.0440613026819923,-0.1455938697318007,0.0024632683223693,-0.0574506283662477,2275.0,2290.0,0.4716312056737589,0.0060913705583756,0.0006436347735613,0.0001391732668814
1999-06-29,2650.0,2650.0,2600.0,2650.0,111900.0,2650.0,2624.0,2532.5,2381.8,2307.133333333333,2207.9,False,False,False,False,False,False,True,True,False,False,False,0.0113207547169811,0.0037735849056603,,,0.1012075471698112,0.1293836477987421,-0.0830188679245283,-0.2075471698113207,0.002889588811512,-0.0813425468904244,2260.0,2310.0,2.1033834586466167,0.0074733394911412,0.0013819689327655,0.0004263204891427
1999-06-30,2680.0,2690.0,2650.0,2660.0,100700.0,2660.0,2632.0,2561.5,2402.2,2313.9333333333334,2209.35,False,False,False,False,False,False,True,True,False,False,False,0.0056390977443609,-0.0037593984962406,,,0.0969172932330827,0.1301002506265663,-0.0883458646616541,-0.225563909774436,0.0029387190642197,-0.1075541674799921,2250.0,2350.0,0.8999106344950849,0.0084922154691531,0.0010188759780118,4.913025270767736e-05
1999-07-01,2620.0,2660.0,2620.0,2640.0,101900.0,2640.0,2624.0,2580.5,2419.4,2321.4,2211.05,False,False,False,False,False,False,True,True,False,True,False,0.0189393939393939,0.0075757575757575,,,0.083560606060606,0.1206818181818181,-0.0795454545454545,-0.2007575757575757,0.0032164498434852,-0.1273009106762255,2300.0,2425.0,1.0119165839126116,0.007109200628255,-0.001383014840898,0.0002777307792655
1999-07-02,2670.0,2690.0,2600.0,2650.0,91600.0,2650.0,2642.0,2604.5,2435.8,2327.9333333333334,2212.65,False,False,False,False,False,False,True,True,False,True,False,0.0169811320754716,-0.0075471698113207,,,0.0808301886792452,0.1215345911949685,-0.0754716981132075,-0.1773584905660377,0.0028064950313582,-0.1437895949318487,2230.0,2425.0,0.8989205103042198,0.0067329008949832,-0.0003762997332718,-0.0004099548121269
1999-07-05,2650.0,2725.0,2640.0,2725.0,190800.0,2725.0,2665.0,2630.5,2453.2,2335.5333333333333,2214.475,False,False,False,False,False,False,True,True,False,False,False,-0.0201834862385321,-0.0495412844036697,,,0.0997431192660551,0.1429235474006116,-0.1027522935779816,-0.1981651376146789,0.0032540747295406,-0.1602356966356206,2250.0,2360.0,2.0829694323144103,0.0070927767813466,0.0003598758863634,0.0004475796981824
1999-07-06,2725.0,2730.0,2670.0,2680.0,240300.0,2680.0,2671.0,2647.5,2468.2,2342.2,2216.0,False,False,False,False,False,False,True,True,False,True,False,-0.0074626865671641,-0.0205223880597014,,,0.0790298507462687,0.126044776119403,-0.0876865671641791,-0.1492537313432835,0.0028463268152448,-0.1671388101983003,2225.0,2385.0,1.259433962264151,0.0060773032979499,-0.0010154734833967,-0.0004077479142958
1999-07-07,2670.0,2705.0,2645.0,2675.0,115300.0,2675.0,2674.0,2653.0,2482.8,2349.2,2217.875,False,False,False,False,False,False,True,True,False,True,False,-0.0093457943925233,-0.0373831775700934,,,0.0718504672897195,0.1217943925233645,-0.0803738317757009,-0.1775700934579439,0.002979737783075,-0.1735770825480588,2220.0,2360.0,0.4798168955472326,0.0058804575479299,-0.00019684575002,0.0001334109678302
1999-07-08,2695.0,2720.0,2680.0,2690.0,100200.0,2690.0,2684.0,2654.0,2499.2,2357.0666666666666,2219.875,False,False,False,False,False,False,True,True,False,False,False,-0.0111524163568773,-0.0390334572490706,,,0.0709293680297398,0.1237670384138785,-0.0855018587360594,-0.2063197026022304,0.0033374816155674,-0.1806706857573474,2220.0,2350.0,0.8690372940156115,0.0065620998719588,0.0006816423240289,0.0003577438324923
1999-07-09,2700.0,2700.0,2660.0,2695.0,76600.0,2695.0,2693.0,2667.5,2515.0,2364.266666666667,2222.125,False,False,False,False,False,False,True,True,False,True,True,-0.0241187384044526,-0.0445269016697588,,,0.0667903525046382,0.122721088435374,-0.059369202226345,-0.2207792207792207,0.0030453417550192,-0.1910028116213683,2250.0,2350.0,0.7644710578842315,0.0062823061630219,-0.0002797937089369,-0.0002921398605481
1999-07-12,2715.0,2755.0,2670.0,2670.0,122700.0,2670.0,2682.0,2673.5,2530.8,2370.9333333333334,2223.975,False,False,False,False,False,False,True,True,False,True,False,-0.0299625468164794,-0.0374531835205992,,,0.052134831460674,0.1120099875156054,-0.0561797752808988,-0.1835205992509363,0.0028118321898548,-0.1946886104357583,2255.0,2330.0,1.6018276762402088,0.0062430851904536,-3.92209725682581e-05,-0.0002335095651644
1999-07-13,2650.0,2660.0,2600.0,2660.0,116700.0,2660.0,2678.0,2674.5,2545.8,2377.333333333333,2225.775,False,False,False,False,False,False,True,True,False,True,False,-0.0131578947368421,-0.0601503759398496,,,0.0429323308270676,0.1062656641604011,-0.0357142857142857,-0.1541353383458646,0.0026920919798091,-0.1893811927463077,2320.0,2350.0,0.9511002444987776,0.0058920575064812,-0.0003510276839724,-0.0001197402100456
1999-07-14,2660.0,2670.0,2645.0,2650.0,70600.0,2650.0,2673.0,2673.5,2561.8,2383.0666666666666,2227.725,False,False,False,False,False,False,True,True,False,False,False,-0.0283018867924528,-0.0566037735849056,,,0.0332830188679244,0.1007295597484276,-0.0339622641509433,-0.1320754716981132,0.0024058635931294,-0.1801009912100243,2280.0,2370.0,0.6049700085689803,0.0062456085564837,0.0003535510500024,-0.0002862283866797
1999-07-15,2690.0,2690.0,2630.0,2660.0,62200.0,2660.0,2667.0,2675.5,2578.0,2386.8,2230.125,False,False,False,False,False,False,True,True,False,False,False,-0.0281954887218045,-0.0714285714285714,,,0.0308270676691729,0.1027067669172931,-0.0131578947368421,-0.112781954887218,0.0015641584269036,-0.1713698374135675,2250.0,2300.0,0.8810198300283286,0.0062839410395654,3.833248308176239e-05,-0.0008417051662257
1999-07-16,2630.0,2690.0,2630.0,2630.0,56900.0,2630.0,2654.0,2673.5,2590.8,2390.5333333333333,2232.575,False,False,False,False,False,False,True,True,False,True,False,-0.0209125475285171,-0.053231939163498,,,0.0149049429657793,0.0910519645120405,-0.0171102661596958,-0.1254752851711026,0.0015617156561993,-0.1662614550215073,2240.0,2300.0,0.914790996784566,0.0049405589007257,-0.0013433821388397,-2.442770704261764e-06
1999-07-19,2620.0,2660.0,2570.0,2590.0,100100.0,2590.0,2638.0,2660.0,2599.6,2394.5333333333333,2234.375,False,False,False,False,False,False,True,True,False,True,False,-0.0077220077220077,-0.0366795366795366,,,-0.0037065637065636,0.0754697554697554,0.0077220077220077,-0.1293436293436293,0.0016704716298234,-0.1593984962406015,2250.0,2305.0,1.7592267135325133,0.003385136174796,-0.0015554227259296,0.0001087559736241
1999-07-21,2590.0,2630.0,2575.0,2625.0,45500.0,2625.0,2631.0,2654.5,2609.0,2398.733333333333,2236.9,False,False,False,False,False,False,True,True,False,False,False,-0.0476190476190476,-0.0742857142857142,,,0.006095238095238,0.0861968253968254,-0.0114285714285714,-0.1352380952380952,0.0017509240988298,-0.1580335279713693,2205.0,2320.0,0.4545454545454545,0.0036029129934841,0.0002177768186881,8.045246900637557e-05
1999-07-22,2600.0,2605.0,2575.0,2575.0,66300.0,2575.0,2616.0,2644.5,2617.2,2401.733333333333,2239.225,False,False,False,False,False,False,True,True,False,True,False,-0.029126213592233,-0.058252427184466,,,-0.016388349514563,0.0672880258899677,-0.0097087378640776,-0.1436893203883495,0.0012490978737578,-0.1546606163736056,2150.0,2320.0,1.457142857142857,0.0031331193642059,-0.0004697936292781,-0.000501826225072
1999-07-23,2575.0,2610.0,2575.0,2585.0,50100.0,2585.0,2601.0,2634.0,2622.6,2403.866666666667,2241.9,False,False,False,False,False,False,True,True,False,True,False,-0.0444874274661508,-0.0599613152804642,,,-0.0145454545454545,0.0700709219858155,-0.0309477756286266,-0.1489361702127659,0.0008874590936825,-0.1488230827638572,2210.0,2285.0,0.755656108597285,0.0020590253946465,-0.0010740939695593,-0.0003616387800753
1999-07-26,2580.0,2600.0,2575.0,2575.0,88600.0,2575.0,2590.0,2622.0,2629.2,2405.866666666667,2244.425,False,False,False,False,False,False,True,True,False,False,False,-0.033009708737864,-0.0485436893203883,,,-0.0210485436893203,0.06568284789644,0.003883495145631,-0.145631067961165,0.0008313012635779,-0.141113653699466,2240.0,2295.0,1.7684630738522955,0.0025102692834321,0.0004512438887856,-5.6157830104618654e-05
1999-07-27,2585.0,2590.0,2565.0,2570.0,37000.0,2570.0,2586.0,2612.0,2633.4,2408.6666666666665,2247.125,False,False,False,False,False,False,True,True,False,True,False,-0.0291828793774319,-0.0486381322957198,,,-0.0246692607003891,0.0627756160830091,0.0,-0.1439688715953307,0.001162468862441,-0.1370597243491577,2290.0,2275.0,0.417607223476298,0.0015948963317385,-0.0009153729516936,0.0003311675988631
1999-07-28,2550.0,2550.0,2475.0,2500.0,38800.0,2500.0,2561.0,2596.0,2633.0,2410.2,2249.525,False,False,False,False,False,False,False,True,False,True,False,-0.028,-0.022,,,-0.0532,0.03592,0.036,-0.12,0.0006361851022045,-0.1336671802773497,2305.0,2260.0,1.0486486486486486,-0.0001519179642993,-0.0017468142960378,-0.0005262837602365
1999-07-29,2525.0,2550.0,2485.0,2500.0,60200.0,2500.0,2546.0,2581.0,2628.2,2412.0666666666666,2251.925,False,False,False,False,False,False,False,True,False,True,False,-0.03,-0.016,,,-0.0512799999999999,0.0351733333333333,0.06,-0.136,0.0007738868466875,-0.1340565672220069,2310.0,2250.0,1.5515463917525774,-0.0018263450270147,-0.0016744270627154,0.000137701744483
1999-07-30,2460.0,2500.0,2410.0,2470.0,38500.0,2470.0,2523.0,2562.0,2619.8,2413.6666666666665,2254.175,False,False,False,False,False,False,False,True,False,True,False,-0.0161943319838056,-0.0040485829959514,,,-0.0606477732793523,0.0228070175438597,0.0890688259109311,-0.1153846153846153,0.0006628918657643,-0.1344652615144418,2280.0,2300.0,0.6395348837209303,-0.0032063516298952,-0.0013800066028805,-0.0001109949809231
1999-08-02,2500.0,2520.0,2470.0,2490.0,49900.0,2490.0,2506.0,2548.0,2617.0,2415.5333333333333,2256.15,False,False,False,False,False,False,False,True,False,False,False,-0.0160642570281124,0.0180722891566265,,,-0.051004016064257,0.0299062918340026,0.0522088353413654,-0.1204819277108433,0.0007727761984931,-0.1340266875981161,2300.0,2230.0,1.2961038961038962,-0.0010699273977837,0.0021364242321114,0.0001098843327287
1999-08-03,2490.0,2500.0,2475.0,2495.0,43200.0,2495.0,2491.0,2538.5,2612.4,2417.733333333333,2258.375,False,False,False,False,False,False,False,True,False,True,False,-0.0200400801603206,0.0100200400801603,,,-0.0470541082164329,0.0309686038744155,0.0300601202404809,-0.1462925851703407,0.0009099431974851,-0.1357100649990151,2275.0,2250.0,0.8657314629258517,-0.0017608329505435,-0.0006909055527597,0.000137166998992
1999-08-04,2480.0,2495.0,2405.0,2430.0,71300.0,2430.0,2477.0,2519.0,2603.6,2418.8,2260.35,False,False,False,False,False,False,False,True,False,True,False,0.0061728395061728,0.0555555555555555,,,-0.0714403292181069,0.0046090534979423,0.0699588477366255,-0.1111111111111111,0.0004409900226009,-0.1333862643906312,2285.0,2225.0,1.650462962962963,-0.0033799354739592,-0.0016191025234156,-0.0004689531748842
1999-08-05,2430.0,2440.0,2420.0,2425.0,37900.0,2425.0,2462.0,2504.0,2594.2,2419.5333333333333,2261.625,False,False,False,False,False,False,False,True,False,True,False,0.0144329896907216,0.0556701030927835,,,-0.0697731958762885,0.002254295532646,0.1072164948453608,-0.1298969072164948,0.0003030887498965,-0.1319888178913738,2250.0,2220.0,0.5315568022440392,-0.0036234677357181,-0.0002435322617589,-0.0001379012727043
1999-08-06,2430.0,2440.0,2420.0,2430.0,46400.0,2430.0,2454.0,2488.5,2585.8,2421.266666666667,2262.975,False,False,False,False,False,False,False,True,False,False,False,0.0123456790123456,0.0802469135802469,,,-0.0641152263374486,0.0035939643347049,0.1584362139917695,-0.1152263374485596,0.0007158787411548,-0.1285915209965842,2255.0,2220.0,1.2242744063324538,-0.0032485110990794,0.0003749566366387,0.0004127899912582
1999-08-09,2450.0,2450.0,2430.0,2450.0,58500.0,2450.0,2446.0,2476.0,2577.8,2423.266666666667,2264.575,False,False,False,False,False,False,False,True,False,False,False,0.0346938775510204,0.0551020408163265,,,-0.0521632653061225,0.0109115646258502,0.1979591836734693,-0.1306122448979592,0.0008253321962089,-0.1270193861066235,2310.0,2250.0,1.2607758620689655,-0.0031034215222282,0.0001450895768511,0.0001094534550541
1999-08-10,2440.0,2445.0,2430.0,2445.0,27000.0,2445.0,2436.0,2463.5,2566.6,2425.133333333333,2266.5,False,False,False,False,False,False,False,True,False,True,False,0.0306748466257668,0.0674846625766871,,,-0.0497341513292433,0.0081254260395365,0.1860940695296523,-0.1533742331288343,0.0007697171289549,-0.127866856099046,2370.0,2255.0,0.4615384615384615,-0.0043637497077847,-0.0012603281855564,-5.561506725400246e-05
1999-08-11,2445.0,2470.0,2445.0,2445.0,51500.0,2445.0,2439.0,2458.0,2557.2,2426.8,2268.425,False,False,False,False,False,False,False,True,False,False,False,0.0490797546012269,0.0613496932515337,,,-0.0458895705521471,0.007443762781186,0.1492842535787321,-0.1411042944785276,0.0006867754518983,-0.1299837266069975,2390.0,2320.0,1.907407407407408,-0.0036758955107148,0.0006878541970698,-8.294167705659927e-05
1999-08-12,2455.0,2460.0,2450.0,2460.0,37200.0,2460.0,2446.0,2454.0,2548.6,2428.6666666666665,2270.075,False,False,False,False,False,False,False,True,False,False,False,0.040650406504065,0.0365853658536585,,,-0.0360162601626015,0.0127371273712737,0.1422764227642276,-0.1585365853658536,0.0007685973099092,-0.1322330888345558,2370.0,2280.0,0.7223300970873786,-0.0033744016322686,0.0003014938784462,8.182185801090575e-05
1999-08-13,2470.0,2470.0,2445.0,2460.0,41000.0,2460.0,2452.0,2453.0,2539.4,2431.0,2271.275,False,False,False,False,False,False,False,True,False,True,False,0.0670731707317073,0.0182926829268292,,,-0.0322764227642276,0.0117886178861788,0.1747967479674796,-0.1605691056910569,0.0009598244892363,-0.1367713004484305,2450.0,2250.0,1.1021505376344083,-0.003622903047964,-0.0002485014156953,0.000191227179327
1999-08-16,2475.0,2540.0,2450.0,2535.0,106700.0,2535.0,2469.0,2457.5,2533.0,2434.2,2272.6,False,False,False,False,True,False,False,True,False,False,False,0.019723865877712,0.019723865877712,,,0.0007889546351084,0.0397633136094675,0.145956607495069,-0.1794871794871795,0.0013146002793524,-0.1428280773143438,2410.0,2240.0,2.602439024390244,-0.0025266482431899,0.001096254804774,0.0003547757901161
1999-08-17,2550.0,2550.0,2430.0,2520.0,36400.0,2520.0,2484.0,2460.0,2527.0,2437.4666666666667,2273.3,False,False,False,False,False,False,False,True,False,False,False,0.0357142857142857,0.0198412698412698,,,-0.0027777777777777,0.0327513227513227,0.1269841269841269,-0.1269841269841269,0.0013401892675456,-0.1408536585365853,2465.0,2250.0,0.3411433926897844,-0.002374356944994,0.0001522912981958,2.5588988193141465e-05
1999-08-18,2535.0,2590.0,2510.0,2565.0,113300.0,2565.0,2508.0,2473.5,2523.2,2441.5333333333333,2274.525,False,False,False,False,False,False,False,True,False,False,False,0.0116959064327485,0.0097465886939571,,,0.0162962962962963,0.0481351526965562,0.0916179337231968,-0.1442495126705653,0.0016656199655953,-0.1441277541944612,2510.0,2205.0,3.1126373626373627,-0.0015060240963856,0.0008683328486084,0.0003254306980497
1999-08-19,2525.0,2565.0,2510.0,2560.0,26300.0,2560.0,2528.0,2487.0,2519.6,2445.6666666666665,2276.575,False,False,False,False,False,False,False,True,False,False,False,-0.00390625,0.03515625,,,0.01578125,0.0446614583333333,0.07421875,-0.15234375,0.0016900640588796,-0.1463610776035384,2620.0,2150.0,0.2321270962047661,-0.0014287982219399,7.722587444565997e-05,2.444409328423536e-05
1999-08-20,2560.0,2625.0,2560.0,2625.0,97300.0,2625.0,2561.0,2506.5,2518.2,2450.0,2279.3,False,False,False,False,False,False,False,True,False,False,False,-0.0457142857142857,0.0247619047619047,,,0.0406857142857143,0.0666666666666666,0.0342857142857142,-0.1809523809523809,0.0017687074829932,-0.1530021942948334,2680.0,2210.0,3.699619771863118,-0.0005559526646017,0.0008728455573382,7.864342411365759e-05
1999-08-23,2625.0,2625.0,2520.0,2585.0,34500.0,2585.0,2571.0,2520.0,2516.4,2454.733333333333,2281.725,False,False,False,False,False,False,False,True,False,True,False,0.0,0.0135396518375241,,,0.0265377176015473,0.0503932946486138,0.0657640232108317,-0.1798839458413926,0.0019282474674777,-0.1579365079365079,2560.0,2240.0,0.3545734840698869,-0.0007153075822602,-0.0001593549176585,0.0001595399844844
1999-08-24,2585.0,2610.0,2550.0,2610.0,59500.0,2610.0,2589.0,2536.5,2517.2,2459.5333333333333,2284.3,False,False,False,False,False,False,True,True,False,False,False,-0.0153256704980842,-0.0153256704980842,,,0.0355555555555556,0.0576500638569604,0.0613026819923371,-0.1762452107279693,0.0019515897324696,-0.1602602010644589,2610.0,2290.0,1.7246376811594204,0.0003178134435085,0.0010331210257688,2.334226499193657e-05
1999-08-25,2580.0,2610.0,2510.0,2595.0,55900.0,2595.0,2595.0,2551.5,2516.0,2464.4666666666667,2287.025,False,False,False,False,False,False,False,True,False,True,False,-0.001926782273603,0.001926782273603,,,0.0304431599229287,0.0503018625561978,-0.0520231213872832,-0.1907514450867052,0.0020017853761463,-0.1651969429747207,2650.0,2305.0,0.9394957983193276,-0.0004769475357709,-0.0007947609792795,5.019564367666888e-05
1999-08-26,2585.0,2585.0,2470.0,2550.0,59000.0,2550.0,2593.0,2560.5,2515.0,2468.866666666667,2289.625,False,False,False,False,False,False,False,True,False,False,False,0.0392156862745098,0.0529411764705882,,,0.0137254901960784,0.0318169934640522,-0.0333333333333333,-0.1901960784313725,0.0017821942591742,-0.1683264987307166,2660.0,2310.0,1.0554561717352415,-0.0003976143141153,7.93332216556847e-05,-0.000219591116972
1999-08-27,2550.0,2585.0,2490.0,2505.0,21100.0,2505.0,2569.0,2565.0,2511.8,2472.6666666666665,2291.4,False,False,False,False,False,True,False,True,False,True,False,0.0738522954091816,0.12375249500998,,,-0.0027145708582835,0.0129075182967399,-0.0219560878243512,-0.1736526946107784,0.001536802372607,-0.1695906432748538,2640.0,2280.0,0.3576271186440678,-0.001273986782387,-0.0008763724682717,-0.0002453918865672
1999-08-30,2490.0,2585.0,2490.0,2585.0,41000.0,2585.0,2569.0,2570.0,2512.2,2477.133333333333,2293.35,False,False,False,False,False,False,True,True,False,False,False,0.0135396518375241,0.1353965183752417,,,0.0281624758220503,0.0417279174725983,-0.0715667311411992,-0.2050290135396518,0.0018031595661652,-0.1721789883268482,2650.0,2300.0,1.943127962085308,0.0001592229917998,0.0014332097741869,0.0002663571935581
1999-08-31,2545.0,2585.0,2530.0,2570.0,20500.0,2570.0,2561.0,2575.0,2512.2,2481.333333333333,2295.425,False,False,False,False,False,False,False,True,False,True,False,0.0,0.1284046692607003,,,0.0224902723735409,0.0345006485084307,-0.0680933852140077,-0.2140077821011673,0.0016926383664695,-0.1807766990291262,2725.0,2275.0,0.5,0.0,-0.0001592229917998,-0.0001105211996956
1999-09-01,2540.0,2595.0,2535.0,2590.0,44900.0,2590.0,2560.0,2577.5,2515.8,2484.9333333333334,2297.825,False,False,False,False,False,False,True,True,True,False,False,0.0038610038610038,0.0849420849420849,,,0.0286486486486485,0.0405662805662805,-0.1042471042471042,-0.2413127413127413,0.0014487310189409,-0.1904946653734238,2680.0,2285.0,2.190243902439025,0.0014309563558312,0.0014309563558312,-0.0002439073475286
1999-09-02,2600.0,2695.0,2585.0,2650.0,311500.0,2650.0,2580.0,2586.5,2521.8,2489.866666666667,2300.575,False,False,False,False,False,False,True,True,False,False,True,0.0132075471698113,0.060377358490566,,,0.0483773584905659,0.0604276729559747,-0.1226415094339622,-0.2822641509433962,0.0019813644639606,-0.2036729170693988,2675.0,2250.0,6.937639198218263,0.0023792529145848,0.0009482965587535,0.0005326334450196
1999-09-03,2650.0,2695.0,2640.0,2690.0,310300.0,2690.0,2617.0,2593.0,2530.6,2495.733333333333,2303.425,False,False,False,False,False,False,True,True,False,False,False,0.0464684014869888,0.0743494423791821,,,0.0592565055762082,0.0722180916976456,-0.1394052044609665,-0.2825278810408922,0.0023506784912916,-0.214153490165831,2690.0,2255.0,0.996147672552167,0.0034774361811427,0.0010981832665578,0.000369314027331
1999-09-06,2700.0,2705.0,2610.0,2620.0,60200.0,2620.0,2624.0,2596.5,2535.8,2500.8,2305.975,False,False,False,False,False,False,True,True,False,True,False,0.1202290076335877,0.1087786259541984,,,0.0321374045801526,0.0454961832061068,-0.1354961832061068,-0.2671755725190839,0.0020260183407977,-0.2229154631234353,2695.0,2310.0,0.1940058008378988,0.0020506349081158,-0.0014268012730268,-0.0003246601504939
1999-09-07,2630.0,2650.0,2565.0,2570.0,57700.0,2570.0,2624.0,2592.5,2538.8,2505.0666666666666,2308.325,False,False,False,False,False,False,True,True,False,True,False,0.1284046692607003,0.1050583657587548,,,0.0121400778210116,0.0252658884565499,-0.1322957198443579,-0.2544747081712062,0.0017032148179688,-0.2307425265188042,2670.0,2370.0,0.9584717607973422,0.0011816606270679,-0.0008689742810479,-0.0003228035228289
1999-09-08,2570.0,2600.0,2505.0,2600.0,57000.0,2600.0,2626.0,2593.0,2545.6,2510.333333333333,2310.525,False,False,False,False,False,False,True,True,False,False,False,0.0807692307692307,0.0769230769230769,,,0.0209230769230769,0.0344871794871796,-0.1923076923076923,-0.2576923076923076,0.0020979949541892,-0.2374469726185885,2660.0,2390.0,0.9878682842287696,0.0026712759270897,0.0014896153000218,0.0003947801362204
1999-09-09,2680.0,2695.0,2620.0,2685.0,115800.0,2685.0,2633.0,2606.5,2556.0,2517.4666666666667,2313.15,False,False,False,False,False,False,True,True,False,False,True,0.0465549348230912,0.0242085661080074,,,0.0480446927374301,0.0623960273122284,-0.2327746741154562,-0.292364990689013,0.0028335363593031,-0.2477268367542681,2650.0,2370.0,2.031578947368421,0.0040688575899843,0.0013975816628946,0.0007355414051138
1999-09-10,2700.0,2900.0,2690.0,2815.0,346800.0,2815.0,2658.0,2637.5,2571.4,2525.5333333333333,2316.175,False,False,False,False,False,False,True,True,False,False,False,0.0266429840142095,-0.0355239786856127,,,0.0865364120781527,0.1028300769686205,-0.2504440497335701,-0.3285968028419183,0.0031940448222157,-0.2633933649289099,2660.0,2450.0,2.994818652849741,0.0059889554328381,0.0019200978428537,0.0003605084629126
1999-09-13,2850.0,2935.0,2825.0,2935.0,400100.0,2935.0,2721.0,2672.5,2590.8,2534.8,2319.75,False,False,False,False,False,False,True,True,False,False,False,-0.0102214650766609,-0.0613287904599659,,,0.117274275979557,0.1363543441226575,-0.2572402044293015,-0.3662691652470187,0.0036557782336542,-0.2803367633302152,2630.0,2410.0,1.153690888119954,0.0074880345839123,0.0014990791510741,0.0004617334114385
1999-09-14,2915.0,2980.0,2880.0,2900.0,483100.0,2900.0,2787.0,2705.5,2609.0,2542.9333333333334,2323.0,False,False,False,False,False,False,True,True,False,True,False,-0.0206896551724137,-0.0448275862068965,,,0.1003448275862069,0.1231264367816091,-0.246551724137931,-0.3517241379310344,0.0031984060402684,-0.2942894104601737,2590.0,2465.0,1.2074481379655086,0.0069758528171712,-0.000512181766741,-0.0004573721933858
1999-09-16,2740.0,2830.0,2740.0,2810.0,119800.0,2810.0,2829.0,2727.5,2623.6,2549.6666666666665,2325.725,False,False,False,False,False,False,True,True,False,True,False,-0.0035587188612099,-0.1245551601423487,,,0.0663345195729537,0.0926453143534994,-0.1886120996441281,-0.3202846975088968,0.0026408680873315,-0.3019981668194317,2625.0,2510.0,0.2479817843096667,0.0055648726940081,-0.001410980123163,-0.0005575379529368
1999-09-17,2810.0,2810.0,2740.0,2810.0,54100.0,2810.0,2854.0,2743.5,2637.6,2556.333333333333,2328.275,False,False,False,False,False,False,True,True,False,True,False,-0.0213523131672597,-0.1227758007117437,,,0.0613523131672598,0.0902728351126928,-0.2170818505338078,-0.3306049822064057,0.0026079019428868,-0.3068343357025697,2575.0,2620.0,0.4515859766277129,0.0053078556263269,-0.0002570170676812,-3.296614444470592e-05
1999-09-20,2890.0,2910.0,2815.0,2890.0,89900.0,2890.0,2869.0,2763.5,2654.8,2564.4666666666667,2331.725,False,False,False,False,False,False,True,True,False,False,False,-0.060553633217993,-0.1522491349480969,,,0.0813840830449826,0.1126412918108419,-0.2612456747404844,-0.3467128027681661,0.0031715496399512,-0.3133707255292202,2585.0,2680.0,1.6617375231053604,0.0064788307970469,0.0011709751707199,0.0005636476970643
1999-09-21,2880.0,2910.0,2820.0,2905.0,65400.0,2905.0,2863.0,2792.0,2669.6,2572.5333333333333,2335.35,False,False,False,False,False,False,True,True,False,True,False,-0.0516351118760757,-0.1738382099827883,,,0.0810327022375215,0.1144463568559954,-0.2771084337349397,-0.3535283993115318,0.0031356898517673,-0.3218839541547278,2575.0,2560.0,0.7274749721913237,0.0055439017081209,-0.0009349290889259,-3.585978818389148e-05
1999-09-22,2850.0,2880.0,2780.0,2840.0,81800.0,2840.0,2851.0,2819.0,2682.4,2580.0666666666666,2338.8,False,False,False,False,False,False,True,True,False,True,False,-0.0246478873239436,-0.1566901408450704,,,0.0554929577464788,0.0915258215962441,-0.2323943661971831,-0.3327464788732394,0.0029198211932508,-0.3291238027669386,2570.0,2610.0,1.2507645259938838,0.004771846107963,-0.0007720556001578,-0.0002158686585165
1999-09-24,2840.0,2840.0,2655.0,2800.0,32100.0,2800.0,2849.0,2839.0,2691.8,2586.9333333333334,2342.05,False,False,False,False,False,False,True,True,False,True,False,-0.1214285714285714,-0.1714285714285714,,,0.038642857142857,0.076095238095238,-0.1964285714285714,-0.3182142857142857,0.0026543655293269,-0.3345896442409299,2500.0,2650.0,0.3924205378973105,0.0034920870792778,-0.0012797590286852,-0.0002654556639238
1999-09-27,2800.0,2800.0,2655.0,2750.0,27200.0,2750.0,2837.0,2845.5,2699.4,2593.6,2345.0,False,False,False,False,False,False,True,True,False,True,False,-0.1036363636363636,-0.1545454545454545,,,0.0183999999999999,0.0568727272727273,-0.1636363636363636,-0.2763636363636363,0.0025704297758584,-0.3329467580390089,2500.0,2660.0,0.8473520249221184,0.0028154404682521,-0.0006766466110256,-8.393575346845542e-05
1999-09-28,2750.0,2800.0,2710.0,2715.0,28700.0,2715.0,2802.0,2835.5,2703.0,2599.733333333333,2348.025,False,False,False,False,False,False,True,True,False,True,False,-0.0976058931860036,-0.147329650092081,,,0.0044198895027624,0.0424554941682014,-0.1307550644567219,-0.281767955801105,0.0023592163298799,-0.328478222535708,2470.0,2640.0,1.0551470588235294,0.0013318534961153,-0.0014835869721367,-0.0002112134459785
1999-09-29,2750.0,2800.0,2720.0,2755.0,43900.0,2755.0,2772.0,2817.5,2709.8,2605.6666666666665,2351.4,False,False,False,False,False,False,True,True,False,False,False,-0.1288566243194192,-0.1778584392014519,,,0.0164065335753175,0.0542044767090139,-0.1651542649727767,-0.2954627949183303,0.0022770883970833,-0.3213132209405501,2490.0,2650.0,1.529616724738676,0.0025094102885822,0.0011775567924668,-8.212793279663809e-05
1999-09-30,2720.0,2775.0,2715.0,2770.0,58800.0,2770.0,2758.0,2804.5,2716.2,2611.0,2354.75,False,False,False,False,False,False,True,True,False,True,False,-0.1353790613718411,-0.1949458483754512,,,0.0194223826714802,0.0574007220216606,-0.1859205776173285,-0.2851985559566787,0.0020426401123452,-0.3146015332501337,2495.0,2725.0,1.3394077448747153,0.002356232972535,-0.0001531773160472,-0.000234448284738
1999-10-01,2370.0,2480.0,2370.0,2460.0,410700.0,2460.0,2690.0,2769.5,2710.8,2611.9333333333334,2356.375,False,False,False,False,False,False,False,True,False,True,False,-0.056910569105691,-0.1463414634146341,,,-0.1019512195121952,-0.0617615176151761,-0.0772357723577235,-0.1890243902439024,0.0003573342862247,-0.30287055425167,2430.0,2680.0,6.98469387755102,-0.0019920318725098,-0.0043482648450448,-0.0016853058261204
1999-10-04,2470.0,2515.0,2430.0,2465.0,142600.0,2465.0,2633.0,2735.0,2707.4,2613.2,2358.3,False,False,False,False,False,False,False,True,False,False,False,-0.0567951318458417,-0.1643002028397566,,,-0.0983367139959432,-0.0601217038539553,-0.1054766734279918,-0.1764705882352941,0.0004847186080921,-0.2886288848263254,2425.0,2675.0,0.3472120769418066,-0.0012558173893772,0.0007362144831325,0.0001273843218673
1999-10-05,2465.0,2500.0,2450.0,2450.0,91400.0,2450.0,2580.0,2691.0,2705.2,2613.2,2360.25,False,False,False,False,False,False,False,False,False,False,False,-0.0551020408163265,-0.1387755102040816,,,-0.1041632653061223,-0.0666122448979591,-0.1020408163265306,-0.1755102040816326,0.0,-0.2720921590486808,2430.0,2690.0,0.6409537166900421,-0.0008132485583322,0.000442568831045,-0.0004847186080921
1999-10-06,2370.0,2450.0,2370.0,2400.0,78800.0,2400.0,2509.0,2640.5,2697.8,2613.0666666666666,2362.05,False,False,False,False,False,False,False,False,False,True,False,-0.05625,-0.0916666666666666,,,-0.1240833333333334,-0.0887777777777777,-0.0833333333333333,-0.1666666666666666,-5.102561485861264e-05,-0.2535504639272865,2450.0,2695.0,0.862144420131291,-0.0027429757580249,-0.0019297271996927,-5.102561485861264e-05
1999-10-07,2410.0,2480.0,2395.0,2395.0,57600.0,2395.0,2434.0,2596.0,2690.8,2612.133333333333,2363.825,False,False,False,False,False,False,False,False,False,False,False,-0.068893528183716,-0.0876826722338204,,,-0.1235073068893529,-0.0906610995128739,-0.081419624217119,-0.1691022964509394,-0.00035730692665,-0.237095531587057,2445.0,2670.0,0.7309644670050761,-0.0026014568158168,0.000141518942208,-0.0003062813117914
1999-10-08,2395.0,2415.0,2310.0,2320.0,75900.0,2320.0,2406.0,2548.0,2680.0,2609.6,2364.95,False,False,False,False,False,False,False,False,False,True,False,-0.0948275862068965,-0.0172413793103448,,,-0.1551724137931034,-0.1248275862068965,-0.0517241379310344,-0.1400862068965517,-0.0009707745759247,-0.2193485086342229,2445.0,2660.0,1.3177083333333333,-0.0040298507462687,-0.0014283939304518,-0.0006134676492747
1999-10-12,2360.0,2360.0,2300.0,2325.0,159400.0,2325.0,2378.0,2505.5,2667.0,2605.6666666666665,2366.05,False,False,False,False,False,False,False,False,False,True,False,-0.1139784946236559,-0.053763440860215,,,-0.1470967741935483,-0.1207168458781361,-0.0709677419354838,-0.170752688172043,-0.001509530510426,-0.2085811215326281,2460.0,2650.0,2.100131752305665,-0.0048743907011623,-0.0008445399548936,-0.0005387559345012
1999-10-13,2330.0,2360.0,2310.0,2315.0,77100.0,2315.0,2351.0,2465.5,2652.0,2600.8,2367.2,False,False,False,False,False,False,False,False,False,True,False,-0.0885529157667386,-0.0777537796976241,,,-0.145572354211663,-0.1234557235421167,-0.0561555075593952,-0.170194384449244,-0.0018712191120679,-0.1969174609612654,2460.0,2660.0,0.4836888331242158,-0.005656108597285,-0.0007817178961227,-0.0003616886016419
1999-10-14,2320.0,2335.0,2260.0,2265.0,114700.0,2265.0,2324.0,2416.5,2637.8,2596.866666666667,2367.95,False,False,False,False,False,False,False,False,False,False,False,-0.0375275938189845,-0.0728476821192053,,,-0.1645916114790288,-0.1465194996320824,-0.0331125827814569,-0.1615894039735099,-0.0015146458552614,-0.1823711980136561,2535.0,2630.0,1.4876783398184177,-0.0053832739404048,0.0002728346568802,0.0003565732568064
1999-10-15,2260.0,2260.0,2210.0,2230.0,47800.0,2230.0,2291.0,2362.5,2624.2,2591.8,2368.45,False,False,False,False,False,False,False,False,False,False,False,-0.0201793721973094,-0.0224215246636771,,,-0.1767713004484304,-0.1622421524663678,-0.0448430493273542,-0.147982062780269,-0.0019548833500527,-0.1670687830687831,2520.0,2590.0,0.4167393199651264,-0.0051825318192212,0.0002007421211835,-0.0004402374947912
1999-10-18,2205.0,2205.0,2100.0,2100.0,82400.0,2100.0,2247.0,2326.5,2604.2,2584.4666666666667,2368.275,False,False,False,False,False,False,False,False,False,True,False,0.0857142857142857,0.0714285714285714,,,-0.240095238095238,-0.2306984126984127,0.0285714285714285,-0.1166666666666666,-0.0028374648541285,-0.1601977218998495,2565.0,2625.0,1.7238493723849373,-0.0076799016972582,-0.002497369878037,-0.0008825815040758
1999-10-19,2060.0,2095.0,2050.0,2060.0,157800.0,2060.0,2194.0,2286.0,2579.2,2576.4666666666667,2367.9,False,False,False,False,False,False,False,False,False,True,False,0.0679611650485436,0.116504854368932,,,-0.2520388349514562,-0.2507119741100324,0.0242718446601941,-0.0781553398058252,-0.0031050275571195,-0.1510498687664041,2560.0,2575.0,1.9150485436893203,-0.0096929280397022,-0.0020130263424439,-0.0002675627029909
1999-10-20,2140.0,2180.0,2095.0,2110.0,123700.0,2110.0,2153.0,2252.0,2551.0,2569.4,2367.6,False,False,True,False,False,False,False,False,False,True,False,0.0118483412322274,0.1184834123222748,,,-0.2090047393364928,-0.2177251184834123,0.0189573459715639,-0.1208530805687203,-0.0027503178433356,-0.1455595026642983,2625.0,2585.0,0.7839036755386565,-0.0110544884359074,-0.0013615603962051,0.0003547097137839
1999-10-21,2180.0,2240.0,2175.0,2180.0,66600.0,2180.0,2136.0,2230.0,2520.8,2563.133333333333,2367.625,False,False,False,False,False,False,False,False,False,True,False,-0.036697247706422,0.055045871559633,,,-0.1563302752293578,-0.175749235474006,-0.0229357798165137,-0.1490825688073394,-0.0024449241813406,-0.1436322869955156,2585.0,2575.0,0.5383993532740501,-0.0119803237067596,-0.0009258352708522,0.000305393661995
1999-10-22,2185.0,2215.0,2180.0,2185.0,43800.0,2185.0,2127.0,2209.0,2492.2,2555.9333333333334,2367.4,False,False,False,False,False,False,False,False,False,False,False,-0.0022883295194508,0.0320366132723112,,,-0.1405949656750571,-0.1697635392829901,-0.0526315789473684,-0.1620137299771167,-0.0028169748819738,-0.1426889995473065,2610.0,2570.0,0.6576576576576577,-0.0114758045100715,0.0005045191966881,-0.0003720507006332
1999-10-25,2230.0,2300.0,2190.0,2280.0,55500.0,2280.0,2163.0,2205.0,2471.0,2550.6,2367.725,False,False,False,False,False,False,False,False,False,False,False,-0.0131578947368421,-0.0043859649122807,,,-0.0837719298245614,-0.1186842105263157,-0.0789473684210526,-0.2197368421052631,-0.0020910112653232,-0.1509297052154194,2595.0,2500.0,1.2671232876712328,-0.0085795224605422,0.0028962820495293,0.0007259636166506
1999-10-26,2270.0,2280.0,2195.0,2200.0,79200.0,2200.0,2191.0,2192.5,2446.6,2544.266666666667,2367.875,False,False,False,False,False,False,False,False,False,True,False,0.0454545454545454,0.0022727272727272,,,-0.112090909090909,-0.1564848484848486,-0.059090909090909,-0.1954545454545454,-0.002489256891311,-0.1532953249714936,2550.0,2500.0,1.427027027027027,-0.0099730237881141,-0.0013935013275719,-0.0003982456259878
1999-10-27,2180.0,2180.0,2085.0,2135.0,92300.0,2135.0,2196.0,2174.5,2416.4,2536.866666666667,2367.725,False,False,False,False,False,False,False,False,False,True,False,0.1053864168618267,0.0304449648711943,,,-0.1318032786885246,-0.1882279469164715,-0.0327868852459016,-0.1728337236533957,-0.0029169842062387,-0.1534145780639227,2505.0,2470.0,1.1654040404040404,-0.0124979308061578,-0.0025249070180436,-0.0004277273149276
1999-10-28,2110.0,2120.0,2085.0,2100.0,56400.0,2100.0,2180.0,2158.0,2384.2,2528.9333333333334,2367.275,False,False,False,False,False,False,False,False,False,True,False,0.0952380952380952,0.0476190476190476,,,-0.1353333333333332,-0.2042539682539682,-0.0095238095238095,-0.1852380952380952,-0.0031370274687615,-0.1556533827618165,2585.0,2490.0,0.6110509209100758,-0.0135055783910746,-0.0010076475849168,-0.0002200432625228
1999-10-29,2130.0,2240.0,2130.0,2180.0,49400.0,2180.0,2179.0,2153.0,2357.8,2522.4,2367.325,False,False,False,False,False,False,False,False,False,False,False,0.0344036697247706,0.0091743119266055,,,-0.081559633027523,-0.1570642201834862,0.0091743119266055,-0.215137614678899,-0.0025901258061105,-0.1624709707385044,2570.0,2495.0,0.875886524822695,-0.0111968784460088,0.0023086999450658,0.0005469016626509
1999-11-01,2250.0,2250.0,2210.0,2250.0,37900.0,2250.0,2173.0,2168.0,2335.8,2516.9333333333334,2367.75,False,False,False,False,False,False,False,False,False,False,True,0.0088888888888888,-0.0222222222222222,,,-0.0381333333333334,-0.118637037037037,-0.0244444444444444,-0.2044444444444444,-0.0021719552895057,-0.1712638376383763,2590.0,2430.0,0.7672064777327935,-0.009418614607415,0.0017782638385938,0.0004181705166048
1999-11-02,2235.0,2300.0,2210.0,2300.0,101500.0,2300.0,2193.0,2192.0,2317.8,2512.266666666667,2368.5,False,False,False,False,False,False,False,False,False,False,False,-0.0413043478260869,-0.0608695652173913,,,-0.0077391304347826,-0.0922898550724638,-0.0565217391304347,-0.2043478260869565,-0.0018575522768283,-0.183485401459854,2650.0,2425.0,2.678100263852243,-0.0077659849857623,0.0016526296216526,0.0003144030126774
1999-11-04,2300.0,2385.0,2300.0,2360.0,128000.0,2360.0,2238.0,2217.0,2303.6,2508.266666666667,2369.525,False,False,False,False,True,False,False,False,False,False,False,-0.0677966101694915,-0.0741525423728813,,,0.0238983050847458,-0.0628248587570622,-0.0889830508474576,-0.2283898305084745,-0.0015947267701467,-0.1942264321154713,2690.0,2430.0,1.2610837438423643,-0.006164264629276,0.0016017203564863,0.0002628255066815
1999-11-05,2325.0,2325.0,2250.0,2300.0,23000.0,2300.0,2278.0,2229.0,2285.4,2503.866666666667,2370.325,False,False,False,False,False,False,False,False,False,True,False,-0.0434782608695652,-0.0478260869565217,,,0.0063478260869564,-0.0886376811594203,-0.0782608695652174,-0.2260869565217391,-0.0017572820703978,-0.2019291161956033,2620.0,2450.0,0.1796875,-0.0079635949943116,-0.0017993303650356,-0.0001625553002511
1999-11-08,2300.0,2305.0,2255.0,2255.0,52100.0,2255.0,2293.0,2236.0,2264.8,2499.4,2370.95,False,False,False,False,False,False,False,False,False,True,False,-0.024390243902439,-0.0554323725055432,,,-0.0043458980044346,-0.1083813747228381,-0.0465631929046563,-0.2323725055432372,-0.0017870955696033,-0.2088998211091234,2570.0,2445.0,2.265217391304348,-0.0090957258919109,-0.0011321308975993,-2.9813499205562583e-05
1999-11-09,2270.0,2290.0,2220.0,2270.0,97100.0,2270.0,2297.0,2235.0,2257.2,2494.6666666666665,2371.7,False,False,False,False,False,False,False,False,False,False,False,-0.0308370044052863,-0.0484581497797356,,,0.0056387665198238,-0.098972099853157,-0.0748898678414096,-0.2466960352422907,-0.0018973810796366,-0.2116331096196868,2600.0,2445.0,1.8637236084452973,-0.0033670033670035,0.0057287225249074,-0.0001102855100332
1999-11-10,2280.0,2290.0,2190.0,2205.0,74700.0,2205.0,2278.0,2235.5,2246.8,2489.733333333333,2372.075,False,False,False,False,False,False,False,False,False,True,False,-0.0204081632653061,-0.0430839002267573,,,-0.0189569160997733,-0.1291307634164776,-0.0634920634920634,-0.2235827664399093,-0.0019814705724843,-0.2144039364795347,2685.0,2460.0,0.7693099897013388,-0.0046288054121415,-0.001261802045138,-8.408949284770479e-05
1999-11-11,2205.0,2215.0,2200.0,2200.0,78500.0,2200.0,2246.0,2242.0,2236.8,2484.6,2372.2,False,False,False,False,False,False,False,False,False,False,True,-0.0068181818181818,-0.0227272727272727,,,-0.0167272727272728,-0.1293636363636363,-0.059090909090909,-0.2395454545454545,-0.0020660602645629,-0.2208296164139161,2815.0,2460.0,1.0508701472556894,-0.0044706723891273,0.0001581330230142,-8.458969207863262e-05
1999-11-12,2205.0,2220.0,2200.0,2200.0,48100.0,2200.0,2226.0,2252.0,2228.8,2479.6,2372.425,False,False,False,False,False,False,False,False,False,False,False,-0.0045454545454545,-0.0318181818181818,,,-0.0130909090909091,-0.127090909090909,-0.0659090909090909,-0.2590909090909091,-0.0020164542668172,-0.227886323268206,2935.0,2535.0,0.6127388535031847,-0.0035893754486719,0.0008812969404553,4.960599774576436e-05
1999-11-15,2200.0,2230.0,2200.0,2200.0,35400.0,2200.0,2215.0,2254.0,2221.0,2474.6666666666665,2372.65,False,False,False,False,False,False,False,False,False,False,False,-0.0318181818181818,-0.059090909090909,,,-0.0095454545454545,-0.1248484848484847,-0.0818181818181818,-0.2727272727272727,-0.0019935344827586,-0.2334960070984915,2900.0,2520.0,0.735966735966736,-0.0035119315623593,7.744388631255152e-05,2.2919784058582967e-05
1999-11-16,2200.0,2220.0,2200.0,2200.0,57800.0,2200.0,2201.0,2249.0,2216.2,2470.6666666666665,2372.825,False,False,False,False,False,False,False,False,False,False,False,-0.0181818181818181,-0.0454545454545454,,,-0.0073636363636362,-0.1230303030303029,-0.1068181818181818,-0.2840909090909091,-0.0016189962223421,-0.241351711871943,2810.0,2565.0,1.6327683615819208,-0.0021658695063623,0.001346062055997,0.0003745382604164
1999-11-17,2200.0,2230.0,2150.0,2160.0,110500.0,2160.0,2192.0,2235.0,2209.6,2466.133333333333,2372.625,False,False,False,False,False,False,False,False,False,True,False,-0.0231481481481481,-0.0416666666666666,,,-0.0229629629629629,-0.1417283950617283,-0.1194444444444444,-0.2824074074074074,-0.0018382352941176,-0.2491275167785234,2810.0,2560.0,1.911764705882353,-0.0029869659666907,-0.0008210964603284,-0.0002192390717754
1999-11-18,2180.0,2200.0,2160.0,2185.0,41600.0,2185.0,2189.0,2217.5,2204.4,2462.333333333333,2372.725,False,False,False,False,False,False,False,False,False,False,False,-0.0160183066361556,-0.0549199084668192,,,-0.0088787185354691,-0.1269260106788709,-0.1167048054919908,-0.3135011441647597,-0.0015432516583187,-0.2576775648252537,2890.0,2625.0,0.3764705882352941,-0.0023589185265831,0.0006280474401076,0.0002949836357988
1999-11-19,2200.0,2250.0,2190.0,2190.0,24600.0,2190.0,2187.0,2206.5,2201.4,2458.333333333333,2373.35,False,False,False,False,False,False,False,False,False,False,False,-0.0273972602739726,-0.0502283105022831,,,-0.0052054794520548,-0.1225266362252662,-0.1232876712328767,-0.3333333333333333,-0.0016271186440677,-0.2684794924087922,2905.0,2585.0,0.5913461538461539,-0.0013627691469065,0.0009961493796766,-8.38669857490548e-05
1999-11-22,2230.0,2240.0,2130.0,2130.0,30700.0,2130.0,2173.0,2194.0,2197.4,2453.4666666666667,2373.25,False,False,False,False,False,False,False,False,False,True,False,-0.028169014084507,0.0328638497652582,,,-0.0316431924882629,-0.1518622848200313,-0.1004694835680751,-0.3051643192488263,-0.0019835878484863,-0.2757520510483136,2840.0,2610.0,1.2479674796747968,-0.0018203331209611,-0.0004575639740546,-0.0003564692044185
1999-11-24,2290.0,2290.0,2160.0,2160.0,45000.0,2160.0,2165.0,2183.0,2199.8,2449.866666666667,2373.125,False,False,False,False,False,False,True,False,True,False,False,-0.0277777777777777,0.0162037037037037,,,-0.018425925925926,-0.1341975308641975,-0.1064814814814814,-0.3194444444444444,-0.0014694677261347,-0.2830966559780119,2800.0,2595.0,1.4657980456026058,0.0010910082734794,0.0029113413944405,0.0005141201223516
1999-11-25,2185.0,2185.0,2060.0,2110.0,65200.0,2110.0,2155.0,2173.5,2201.8,2445.6666666666665,2372.875,False,False,False,False,False,False,True,False,False,True,False,-0.0189573459715639,0.0284360189573459,,,-0.0435071090047394,-0.159083728278041,-0.0995260663507109,-0.2843601895734597,-0.0017173231566036,-0.2892569588221762,2750.0,2550.0,1.448888888888889,0.0009083477155054,-0.0001826605579739,-0.0002478554304689
1999-11-26,2115.0,2150.0,2070.0,2150.0,79500.0,2150.0,2148.0,2168.5,2203.4,2441.9333333333334,2372.875,False,False,False,False,False,False,True,False,False,True,False,-0.0395348837209302,0.0,,,-0.0248372093023256,-0.1357829457364341,-0.1209302325581395,-0.213953488372093,-0.0015288432662643,-0.2868342172008301,2715.0,2505.0,1.219325153374233,0.0007261504946899,-0.0001821972208155,0.0001884798903392
1999-11-29,2170.0,2170.0,2130.0,2130.0,17700.0,2130.0,2136.0,2161.5,2201.4,2437.6666666666665,2372.85,False,False,False,False,False,False,False,False,False,True,False,-0.0234741784037558,-0.0046948356807511,,,-0.0335211267605634,-0.1444444444444443,-0.1267605633802817,-0.1793427230046948,-0.0017503076712704,-0.2790654637982882,2755.0,2585.0,0.2226415094339622,-0.0009085127646043,-0.0016346632592943,-0.000221464405006
1999-11-30,2135.0,2135.0,2070.0,2070.0,22800.0,2070.0,2124.0,2148.5,2196.8,2432.6666666666665,2372.575,False,False,False,False,False,False,False,False,False,True,False,0.0628019323671497,0.038647342995169,,,-0.061256038647343,-0.1752012882447664,-0.0917874396135265,-0.1884057971014492,-0.002055357632228,-0.2709797533162671,2770.0,2570.0,1.2881355932203389,-0.0020939548434085,-0.0011854420788042,-0.0003050499609575
1999-12-01,2070.0,2100.0,2070.0,2100.0,62000.0,2100.0,2112.0,2138.5,2189.6,2428.0666666666666,2372.5,False,False,False,False,False,False,False,False,False,True,False,0.0452380952380952,0.0,,,-0.0426666666666666,-0.1562222222222222,-0.0904761904761904,-0.2166666666666666,-0.0018945114082534,-0.2642974047229366,2460.0,2590.0,2.719298245614035,-0.0032882718304714,-0.0011943169870628,0.0001608462239745
1999-12-02,2100.0,2125.0,2070.0,2070.0,65500.0,2070.0,2104.0,2129.5,2184.4,2422.866666666667,2372.45,False,False,False,False,False,False,False,False,False,False,False,0.0483091787439613,-0.002415458937198,,,-0.0552657004830918,-0.1704669887278583,-0.0913043478260869,-0.1908212560386473,-0.0021462179787028,-0.2553181498004226,2465.0,2650.0,1.0564516129032258,-0.0023805163889396,0.0009077554415317,-0.0002517065704493
1999-12-03,2070.0,2100.0,2050.0,2065.0,43900.0,2065.0,2087.0,2117.5,2181.6,2417.6,2372.375,False,False,False,False,False,False,False,False,False,False,False,0.0411622276029055,0.0024213075060532,,,-0.0564648910411621,-0.1707506053268764,-0.0857142857142857,-0.1883777239709443,-0.0021784690050739,-0.2427863046044863,2450.0,2690.0,0.6702290076335878,-0.0012834616795013,0.0010970547094383,-3.225102637115186e-05
1999-12-06,2070.0,2090.0,2070.0,2080.0,27100.0,2080.0,2077.0,2106.5,2180.8,2411.5333333333333,2372.4,False,False,False,False,False,False,False,False,False,False,False,0.0192307692307692,-0.0120192307692307,,,-0.0484615384615385,-0.1593910256410256,-0.0971153846153846,-0.1346153846153846,-0.0025156884969452,-0.2226916686446712,2400.0,2620.0,0.6173120728929385,-0.0003668378576667,0.0009166238218345,-0.0003372194918712
1999-12-07,2070.0,2200.0,2070.0,2200.0,55900.0,2200.0,2103.0,2113.5,2181.6,2407.266666666667,2372.9,False,False,False,False,True,False,True,False,False,False,True,-0.0227272727272727,-0.0818181818181818,,,0.0083636363636364,-0.0942121212121213,-0.1386363636363636,-0.1227272727272727,-0.0017724113101995,-0.2039744499645138,2395.0,2570.0,2.062730627306273,0.0003667033370002,0.000733541194667,0.0007432771867456
1999-12-08,2240.0,2240.0,2150.0,2195.0,98900.0,2195.0,2122.0,2117.0,2179.4,2402.333333333333,2373.475,False,False,False,False,False,False,False,False,False,True,False,-0.0432801822323462,-0.1047835990888382,,,0.0071070615034168,-0.0944570994684888,-0.1302961275626423,-0.164009111617312,-0.0020535590398226,-0.1880491261218705,2320.0,2600.0,1.7692307692307692,-0.0010094521427915,-0.0013761554797917,-0.000281147729623
1999-12-09,2205.0,2220.0,2150.0,2170.0,91000.0,2170.0,2142.0,2123.0,2174.2,2397.133333333333,2373.875,False,False,False,False,False,False,False,False,False,True,False,-0.0483870967741935,-0.1235023041474654,,,-0.0019354838709676,-0.1046697388632871,-0.0829493087557603,-0.1428571428571428,-0.0021692577245041,-0.1738577484691474,2325.0,2685.0,0.9201213346814964,-0.0023916842976728,-0.0013822321548813,-0.0001156986846815
1999-12-10,2155.0,2210.0,2150.0,2150.0,69900.0,2150.0,2159.0,2123.0,2165.8,2390.8,2374.325,False,False,False,False,False,False,False,False,False,True,False,-0.0372093023255813,-0.1023255813953488,,,-0.0073488372093024,-0.112,-0.0930232558139534,-0.1255813953488372,-0.0026490435558528,-0.1649081488459726,2315.0,2815.0,0.7681318681318682,-0.0038784744667095,-0.0014867901690367,-0.0004797858313486
1999-12-13,2110.0,2150.0,2100.0,2120.0,20300.0,2120.0,2167.0,2122.0,2158.6,2384.6,2374.65,False,False,False,False,False,False,False,False,False,False,False,-0.0306603773584905,-0.0943396226415094,,,-0.0182075471698112,-0.1248113207547169,-0.0844339622641509,-0.1438679245283018,-0.0026000167743018,-0.1613572101790764,2265.0,2935.0,0.290414878397711,-0.0033354952283888,0.0005429792383206,4.902678155098081e-05
1999-12-14,2200.0,2200.0,2130.0,2150.0,25300.0,2150.0,2157.0,2130.0,2154.4,2378.4666666666667,2374.9,False,False,False,False,False,False,False,False,False,False,True,-0.0604651162790697,-0.1088372093023255,,,-0.002046511627907,-0.1062635658914728,-0.0790697674418604,-0.1725581395348837,-0.0025786921546093,-0.1598591549295774,2230.0,2900.0,1.2463054187192115,-0.0019494987003341,0.0013859965280547,2.132461969252264e-05
1999-12-15,2150.0,2150.0,2100.0,2100.0,25100.0,2100.0,2138.0,2130.0,2147.6,2371.866666666667,2374.775,False,False,False,False,False,False,False,False,False,True,False,-0.0642857142857142,-0.0809523809523809,,,-0.0226666666666666,-0.1294603174603175,-0.05,-0.1533333333333333,-0.0027826184720894,-0.1536150234741784,2100.0,2810.0,0.9920948616600792,-0.0031663252002235,-0.0012168264998894,-0.00020392631748
1999-12-16,2100.0,2100.0,2065.0,2065.0,44800.0,2065.0,2117.0,2129.5,2142.0,2365.4,2374.65,False,False,False,False,False,False,False,False,False,False,False,-0.0789346246973365,-0.0799031476997578,,,-0.0372881355932203,-0.1454721549636804,-0.0169491525423728,-0.1433414043583535,-0.002733857557566,-0.1490021131721061,2060.0,2810.0,1.7848605577689245,-0.0026143790849672,0.0005519461152563,4.876091452342109e-05
1999-12-17,2065.0,2070.0,2060.0,2070.0,56800.0,2070.0,2101.0,2130.0,2136.8,2359.6,2374.575,False,False,False,False,False,False,False,False,False,False,False,-0.0676328502415458,-0.0869565217391304,,,-0.0322705314009662,-0.139903381642512,-0.0241545893719806,-0.1415458937198067,-0.0024580437362265,-0.1444600938967136,2110.0,2890.0,1.2678571428571428,-0.0024335454885809,0.0001808335963863,0.0002758138213394
1999-12-20,2070.0,2075.0,2055.0,2055.0,42300.0,2055.0,2088.0,2127.5,2131.0,2352.5333333333333,2374.05,False,False,False,False,False,False,False,False,False,True,False,-0.0656934306569343,-0.0948905109489051,,,-0.0369829683698296,-0.1447850770478507,-0.0267639902676399,-0.1313868613138686,-0.0030038540013602,-0.1441598119858989,2180.0,2905.0,0.7447183098591549,-0.0027217268887846,-0.0002881814002037,-0.0005458102651336
1999-12-21,2060.0,2060.0,2010.0,2020.0,38700.0,2020.0,2062.0,2109.5,2123.8,2345.2,2373.35,False,False,False,False,False,False,False,False,False,True,False,-0.0514851485148514,-0.0693069306930693,,,-0.0513861386138614,-0.1609900990099009,-0.0148514851485148,-0.145049504950495,-0.0031269543464666,-0.1464802085802322,2185.0,2840.0,0.9148936170212766,-0.003390149731613,-0.0006684228428283,-0.0001231003451063
1999-12-22,2010.0,2020.0,1960.0,1965.0,57600.0,1965.0,2035.0,2086.5,2114.4,2336.866666666667,2372.675,False,False,False,False,False,False,False,False,False,True,False,-0.0178117048346055,-0.0279898218829516,,,-0.076030534351145,-0.189245122985581,0.015267175572519,-0.1272264631043257,-0.003566028585285,-0.1428229091780493,2280.0,2800.0,1.4883720930232558,-0.0044457056375331,-0.00105555590592,-0.0004390742388184
1999-12-24,1960.0,1990.0,1900.0,1902.0,52700.0,1902.0,2002.4,2059.7,2104.08,2326.893333333333,2371.71,False,False,False,False,False,False,False,False,False,True,False,-0.0010515247108307,-0.0110410094637223,,,-0.1062460567823343,-0.2233929197336135,0.0136698212407991,-0.1114616193480546,-0.0042861153927699,-0.1399232897994853,2200.0,2750.0,0.9149305555555556,-0.0049047564731379,-0.0004590508356048,-0.0007200868074849
1999-12-27,1962.0,1962.0,1915.0,1930.0,49400.0,1930.0,1974.4,2037.7,2093.88,2316.76,2371.135,False,False,False,False,False,False,False,False,False,False,False,-0.0207253886010362,-0.021761658031088,,,-0.0849119170984456,-0.2003937823834198,-0.0046632124352331,-0.1295336787564766,-0.0043739245037607,-0.1404524709230996,2135.0,2715.0,0.937381404174573,-0.0048713393317667,3.3417141371205536e-05,-8.780911099078546e-05
1999-12-28,1940.0,1948.0,1906.0,1920.0,22400.0,1920.0,1947.4,2017.7,2083.08,2307.4266666666667,2369.935,False,False,False,False,False,False,False,False,False,True,False,-0.03125,-0.021875,,,-0.0849374999999999,-0.2017847222222222,-0.0109375,-0.1510416666666666,-0.0040449100585356,-0.1411012539029588,2100.0,2755.0,0.4534412955465587,-0.0051846304510629,-0.0003132911192961,0.000329014445225
1999-12-29,1910.0,1941.0,1900.0,1916.0,18300.0,1916.0,1926.6,1994.3,2074.52,2298.7066666666665,2368.59,False,False,False,False,False,False,False,False,False,False,False,-0.0187891440501043,-0.0109603340292275,,,-0.0827348643006262,-0.199742519137091,-0.0083507306889352,-0.1492693110647181,-0.0037934374691856,-0.1384947099232814,2180.0,2770.0,0.8169642857142857,-0.0041262557121647,0.0010583747388982,0.00025147258935
1999-12-30,1900.0,1950.0,1900.0,1930.0,9800.0,1930.0,1919.6,1977.3,2065.32,2289.773333333333,2367.49,False,False,False,False,False,False,False,False,False,True,False,-0.0103626943005181,-0.010880829015544,,,-0.0701139896373057,-0.1864110535405871,-0.038860103626943,-0.1715025906735751,-0.003901405088131,-0.1401405957618975,2250.0,2460.0,0.5355191256830601,-0.0044545155230181,-0.0003282598108534,-0.0001079676189453
2000-01-04,1980.0,1990.0,1900.0,1900.0,13800.0,1900.0,1919.2,1960.8,2056.92,2279.306666666667,2366.24,False,False,False,False,False,False,False,False,False,False,False,-0.01,0.0473684210526315,,,-0.0825894736842105,-0.1996350877192983,-0.0005263157894736,-0.1578947368421052,-0.0045920396845822,-0.1415238678090575,2300.0,2465.0,1.4081632653061225,-0.0040837757423721,0.000370739780646,-0.0006906345964512
2000-01-05,1900.0,1920.0,1860.0,1890.0,31000.0,1890.0,1911.2,1942.8,2046.52,2266.9733333333334,2365.29,False,False,False,False,False,False,False,False,False,True,False,-0.001058201058201,0.0317460317460317,,,-0.0828148148148148,-0.1994567901234568,-0.0185185185185185,-0.1005291005291005,-0.0054404404110032,-0.1375334568663784,2360.0,2450.0,2.246376811594203,-0.005081797392647,-0.0009980216502749,-0.000848400726421
2000-01-06,1850.0,1880.0,1845.0,1860.0,32900.0,1860.0,1899.2,1923.3,2035.72,2252.64,2363.79,False,False,False,False,False,False,False,False,False,True,False,0.0096774193548387,0.0435483870967741,,,-0.0944731182795699,-0.2110967741935483,-0.0026881720430107,-0.1290322580645161,-0.0063629045623506,-0.1373680653044247,2300.0,2400.0,1.0612903225806452,-0.0053052482659697,-0.0002234508733226,-0.0009224641513473
2000-01-07,1850.0,1900.0,1850.0,1880.0,16000.0,1880.0,1892.0,1909.3,2028.12,2239.04,2362.415,False,False,False,False,False,False,False,False,False,False,False,0.0079787234042553,0.0531914893617021,,,-0.0787872340425531,-0.1909787234042553,-0.026063829787234,-0.1223404255319148,-0.0060740317278833,-0.1350756821871889,2255.0,2395.0,0.486322188449848,-0.0037473127822811,0.0015579354836885,0.0002888728344672
2000-01-11,1900.0,1930.0,1890.0,1910.0,23500.0,1910.0,1888.0,1903.8,2020.52,2227.04,2361.065,False,False,False,False,False,False,False,False,False,True,False,-0.000523560209424,0.0445026178010471,,,-0.0578638743455497,-0.1659895287958115,-0.0685863874345549,-0.1623036649214659,-0.0053883181263021,-0.1386175018384283,2270.0,2320.0,1.46875,-0.0037614079543879,-1.4095172106739443e-05,0.0006857136015811
2000-01-12,1930.0,1940.0,1880.0,1881.0,36300.0,1881.0,1884.2,1901.7,2012.96,2214.653333333333,2359.72,False,False,False,False,False,False,False,False,False,False,False,0.0579479000531632,0.0792131844763423,,,-0.070154173312068,-0.1773808258018783,-0.0590111642743221,-0.1547049441786284,-0.005593049928055,-0.1429247515380974,2205.0,2325.0,1.5446808510638297,-0.0037556633018042,5.7446525836531495e-06,-0.0002047318017528
2000-01-13,1909.0,1909.0,1851.0,1888.0,32900.0,1888.0,1883.8,1897.5,2005.88,2201.293333333333,2358.66,False,False,False,False,False,False,False,False,False,False,False,0.0328389830508474,0.0699152542372881,,,-0.0624364406779661,-0.165939265536723,-0.0646186440677966,-0.1054025423728813,-0.0060691593426895,-0.1405533596837944,2200.0,2315.0,0.90633608815427,-0.0035296229086485,0.0002260403931557,-0.0004761094146345
2000-01-14,1860.0,1906.0,1860.0,1878.0,32700.0,1878.0,1887.4,1893.3,1997.8,2187.6,2357.275,False,False,False,False,False,False,False,False,False,True,False,0.0335463258785942,0.0649627263045793,,,-0.0637912673056442,-0.1648562300319488,-0.0889243876464323,-0.068157614483493,-0.0062595233741694,-0.1323086674061163,2200.0,2265.0,0.993920972644377,-0.0040444488937832,-0.0005148259851347,-0.0001903640314799
2000-01-17,1908.0,1920.0,1885.0,1895.0,59300.0,1895.0,1890.4,1891.2,1985.6,2175.0,2355.9,False,False,False,False,False,False,False,False,False,True,False,0.0448548812664907,0.050131926121372,,,-0.0478100263852242,-0.1477572559366754,-0.0970976253298153,-0.0897097625329815,-0.0057931034482758,-0.1263219120135364,2200.0,2230.0,1.8134556574923548,-0.0061442385173247,-0.0020997896235415,0.0004664199258936
2000-01-18,1950.0,1950.0,1880.0,1909.0,92500.0,1909.0,1890.2,1889.1,1974.16,2163.12,2354.545,False,False,False,False,False,False,False,False,False,False,False,0.0450497642744892,0.0450497642744892,,,-0.0341330539549502,-0.1331168150864326,-0.0623363017286537,-0.0859088528025144,-0.0054920670143127,-0.1176221481128578,2200.0,2100.0,1.5598650927487352,-0.0057948697167401,0.0003493688005845,0.0003010364339631
2000-01-19,1909.0,1990.0,1905.0,1990.0,53400.0,1990.0,1912.0,1898.1,1966.96,2152.9866666666667,2353.395,False,False,False,False,True,False,False,False,False,False,True,0.0201005025125628,-0.0311557788944723,,,0.0115778894472361,-0.0819028475711892,-0.0804020100502512,-0.1231155778894472,-0.0047066400782788,-0.1141667983773246,2160.0,2060.0,0.5772972972972973,-0.0036604709805995,0.0021343987361406,0.0007854269360339
2000-01-20,1974.0,1985.0,1932.0,1950.0,15300.0,1950.0,1924.4,1904.1,1958.96,2142.786666666667,2351.245,False,False,False,False,False,False,False,False,False,True,False,0.0358974358974358,-0.0148717948717948,,,-0.0045948717948718,-0.0988649572649573,-0.0661538461538461,-0.1276923076923077,-0.0047601565562599,-0.1169056247045848,2185.0,2110.0,0.2865168539325842,-0.0040837995671172,-0.0004233285865177,-5.35164779811876e-05
2000-01-21,1940.0,1949.0,1920.0,1941.0,39100.0,1941.0,1937.0,1912.2,1951.8,2131.9333333333334,2349.2,False,False,False,False,False,False,False,False,False,False,False,0.0303967027305512,-0.0216383307573415,,,-0.0055641421947449,-0.09836853855401,-0.0829469345698093,-0.1138588356517259,-0.0050908408643172,-0.115416797406129,2190.0,2180.0,2.555555555555556,-0.0036684086484271,0.0004153909186901,-0.0003306843080572
2000-01-24,1941.0,1998.0,1941.0,1980.0,16100.0,1980.0,1954.0,1922.2,1945.0,2121.4,2347.65,False,False,False,False,False,False,False,False,False,False,False,0.005050505050505,-0.0404040404040404,,,0.0176767676767676,-0.0714141414141414,-0.1257575757575757,-0.1303030303030303,-0.0049652745042581,-0.1162730204973468,2130.0,2185.0,0.4117647058823529,-0.0034961439588688,0.0001722646895582,0.000125566360059
2000-01-25,1970.0,1995.0,1955.0,1995.0,28500.0,1995.0,1971.2,1930.7,1940.8,2115.2,2346.075,False,False,False,False,False,False,False,False,False,False,False,0.0,-0.0701754385964912,,,0.0271679197994987,-0.0602506265664159,-0.1428571428571428,-0.1453634085213032,-0.0029311649016642,-0.1147252291914849,2160.0,2280.0,1.7701863354037266,-0.0021640560593569,0.0013320878995118,0.0020341096025939
2000-01-26,2065.0,2065.0,1976.0,2030.0,29800.0,2030.0,1979.2,1945.6,1939.4,2109.4,2344.475,False,False,False,False,False,False,False,False,False,False,False,-0.0502463054187192,-0.0645320197044335,,,0.0446305418719211,-0.0391133004926108,-0.1566502463054187,-0.1591133004926108,-0.0027495970418127,-0.1154913651315788,2110.0,2200.0,1.0456140350877192,-0.0007218727441476,0.0014421833152093,0.0001815678598515
2000-01-27,2050.0,2050.0,2020.0,2020.0,20300.0,2020.0,1993.2,1958.8,1937.4,2103.6666666666665,2342.45,False,False,False,False,False,False,False,False,False,True,False,-0.049009900990099,-0.0816831683168316,,,0.0408910891089108,-0.0414191419141913,-0.1717821782178218,-0.1445544554455445,-0.0027254000950722,-0.1194608944251582,2150.0,2135.0,0.6812080536912751,-0.0010323113451016,-0.000310438600954,2.419694674049609e-05
2000-01-28,2000.0,2020.0,2000.0,2000.0,15900.0,2000.0,2005.0,1971.0,1935.2,2098.333333333333,2340.325,False,False,False,False,False,False,False,False,False,True,False,-0.0505,-0.0725,,,0.0323999999999999,-0.0491666666666665,-0.185,-0.115,-0.0025416997617157,-0.123896499238965,2130.0,2100.0,0.7832512315270936,-0.0011368334022323,-0.0001045220571306,0.0001837003333564
2000-01-31,2010.0,2020.0,1980.0,1990.0,40000.0,1990.0,2007.0,1980.5,1934.0,2092.9333333333334,2338.475,False,False,False,False,False,False,False,False,False,False,False,-0.0452261306532663,-0.0798994974874371,,,0.0281407035175879,-0.0517252931323283,-0.1959798994974874,-0.1055276381909547,-0.0025801108492066,-0.1253218884120172,2070.0,2180.0,2.5157232704402515,-0.0006204756980351,0.0005163577041971,-3.841108749096057e-05
2000-02-01,1995.0,2010.0,1994.0,1995.0,28700.0,1995.0,2007.0,1989.1,1935.2,2088.6,2336.525,False,False,False,False,False,False,True,False,False,False,False,-0.0701754385964912,-0.1082706766917293,,,0.0299749373433583,-0.0469172932330826,-0.2105263157894736,-0.1087719298245614,-0.0020747550193112,-0.1274445729224272,2100.0,2250.0,0.7175,0.0006200909466722,0.0012405666447073,0.0005053558298954
2000-02-02,1990.0,2020.0,1921.0,1928.0,26700.0,1928.0,1986.6,1982.9,1936.24,2083.306666666667,2334.365,False,False,False,False,False,False,True,False,False,True,False,-0.0150414937759336,-0.0819502074688796,,,-0.0042738589211618,-0.0805532503457815,-0.196058091286307,-0.0601659751037344,-0.0025408325226561,-0.1213374350698472,2070.0,2300.0,0.9303135888501742,0.0005371234970871,-8.29674495850829e-05,-0.0004660775033449
2000-02-03,1957.0,1957.0,1899.0,1921.0,65300.0,1921.0,1966.8,1980.0,1935.88,2078.0533333333333,2332.22,False,False,False,False,False,False,False,False,False,True,False,-0.034357105674128,-0.0806871421134825,,,-0.0077459656428943,-0.0817560298455665,-0.2191566892243623,-0.0655908381051535,-0.0025280069808924,-0.1153030303030302,2065.0,2360.0,2.445692883895131,-0.0001859619397896,-0.0007230854368767,1.2825541763680087e-05
2000-02-04,1891.0,1931.0,1891.0,1899.0,35500.0,1899.0,1946.6,1975.8,1935.04,2073.173333333333,2329.965,False,False,False,False,False,False,False,False,False,True,False,-0.0231700895208004,-0.0989994734070563,,,-0.0189784096893101,-0.0917184483061259,-0.2311743022643496,-0.072143233280674,-0.0023538793990533,-0.1112966899483752,2080.0,2300.0,0.5436447166921899,-0.0004340995534976,-0.000248137613708,0.0001741275818391
2000-02-07,1900.0,1901.0,1898.0,1900.0,40700.0,1900.0,1928.6,1967.8,1934.4,2068.773333333333,2327.815,False,False,False,False,False,False,False,False,False,False,False,-0.0363157894736842,-0.0994736842105263,,,-0.0181052631578947,-0.0888280701754384,-0.2210526315789473,-0.0631578947368421,-0.0021268642287217,-0.1047362536843174,2200.0,2255.0,1.1464788732394366,-0.0003308519437551,0.0001032476097425,0.0002270151703316
2000-02-08,1890.0,1899.0,1852.0,1855.0,49800.0,1855.0,1900.6,1953.8,1931.4,2065.5066666666667,2325.34,False,False,False,False,False,False,False,False,False,True,False,-0.0409703504043126,-0.0350404312668463,,,-0.0411859838274933,-0.1134806828391734,-0.2075471698113207,-0.0393530997304582,-0.0015815328603795,-0.0943801822090285,2195.0,2270.0,1.2235872235872236,-0.0015532774153463,-0.0012224254715912,0.0005453313683421
2000-02-09,1855.0,1900.0,1855.0,1899.0,50400.0,1899.0,1894.8,1940.7,1931.36,2063.36,2322.985,False,False,False,False,False,False,False,False,False,False,False,-0.0679304897314376,-0.0363349131121642,,,-0.0170405476566613,-0.0865508162190627,-0.2048446550816219,-0.0452869931542917,-0.0010403742762613,-0.0828051733910444,2170.0,2205.0,1.0120481927710845,-2.071079446617461e-05,0.0015325666208802,0.0005411585841182
2000-02-10,1898.0,1899.0,1851.0,1855.0,63000.0,1855.0,1881.6,1924.2,1929.96,2059.96,2320.76,False,False,False,False,False,False,False,False,False,True,False,-0.0479784366576819,-0.0183288409703504,,,-0.0404097035040431,-0.1104905660377358,-0.0889487870619946,-0.0566037735849056,-0.0016505174857764,-0.0737969026088764,2150.0,2200.0,1.25,-0.0007254036353084,-0.0007046928408422,-0.0006101432095151
2000-02-14,1855.0,1865.0,1846.0,1855.0,75100.0,1855.0,1872.8,1909.7,1929.76,2055.6266666666666,2318.535,False,False,False,False,False,False,False,False,False,False,False,-0.0776280323450134,-0.0404312668463611,,,-0.0403018867924528,-0.1081545372866127,-0.0576819407008086,-0.0690026954177897,-0.0021080351814856,-0.0690160758234277,2120.0,2200.0,1.192063492063492,-0.0001036398308598,0.0006217638044486,-0.0004575176957092
2000-02-15,1855.0,1865.0,1830.0,1831.0,87800.0,1831.0,1859.0,1893.8,1927.8,2050.9066666666668,2316.165,False,False,False,False,False,False,False,False,False,True,False,-0.0655379574003277,-0.054614964500273,,,-0.0528672856362643,-0.1201019479337339,-0.0824685963954123,-0.085199344620426,-0.0023014211600721,-0.0667441123666701,2150.0,2200.0,1.1691078561917445,-0.0010167029774873,-0.0009130631466274,-0.0001933859785865
2000-02-16,1830.0,1830.0,1769.0,1779.0,50600.0,1779.0,1843.8,1872.2,1922.56,2044.2266666666667,2313.46,False,False,False,False,False,False,False,False,False,True,False,0.0061832490163012,-0.0387858347386172,,,-0.0806970207982012,-0.1490875023421398,-0.0753232152894884,-0.0640809443507588,-0.0032677393896306,-0.0620126054908664,2100.0,2200.0,0.5763097949886105,-0.0027255326231691,-0.0017088296456818,-0.0009663182295584
2000-02-17,1780.0,1780.0,1760.0,1770.0,82100.0,1770.0,1818.0,1856.4,1918.12,2038.493333333333,2310.71,False,False,False,False,False,False,False,False,False,False,False,0.0338983050847457,-0.0327683615819209,,,-0.0836836158192089,-0.1516911487758944,-0.0536723163841807,0.0169491525423728,-0.0028125347478858,-0.0546757164404223,2065.0,2160.0,1.6225296442687749,-0.0023147665422393,0.0004107660809298,0.0004552046417448
2000-02-18,1765.0,1771.0,1760.0,1766.0,15000.0,1766.0,1800.2,1840.9,1913.24,2033.5733333333333,2308.115,False,False,False,False,False,False,False,False,False,True,False,0.0311438278595696,-0.0526613816534541,,,-0.0833748584371461,-0.1515137787844469,-0.0509626274065685,0.0192525481313703,-0.0024193865642087,-0.0464446738008582,2070.0,2185.0,0.1827040194884287,-0.0025506470698918,-0.0002358805276525,0.000393148183677
2000-02-21,1766.0,1766.0,1698.0,1711.0,62500.0,1711.0,1771.4,1822.1,1906.56,2028.3866666666668,2305.195,False,False,False,False,False,False,False,False,False,True,False,0.0403272939801285,-0.0473407364114552,,,-0.1142957334891875,-0.1854977595947789,0.0520163646990064,0.0900058445353594,-0.002557040406497,-0.0309532956478787,2055.0,2190.0,4.166666666666667,-0.0035036925142665,-0.0009530454443747,-0.0001376538422882
2000-02-22,1700.0,1720.0,1700.0,1711.0,21000.0,1711.0,1747.4,1803.2,1899.2,2022.1333333333328,2302.375,False,False,False,False,False,False,False,False,False,True,False,0.0116890707188778,-0.064874342489772,,,-0.1099941554646405,-0.1818429768166763,0.1279953243717124,0.108708357685564,-0.0030924436238956,-0.0143078970718722,2020.0,2130.0,0.336,-0.0038753159224936,-0.000371623408227,-0.0005354032173986
2000-02-23,1801.0,1801.0,1711.0,1790.0,50400.0,1790.0,1749.6,1796.7,1894.44,2016.0,2300.025,False,False,False,False,False,False,False,False,False,False,False,-0.0446927374301676,-0.1201117318435754,,,-0.0583463687150838,-0.1262569832402234,0.0251396648044692,0.0586592178770949,-0.0030423280423279,-0.0044526075583013,1965.0,2160.0,2.4,-0.0025126158653744,0.0013627000571191,5.011558156768495e-05
2000-02-24,1850.0,1889.0,1820.0,1830.0,32100.0,1830.0,1761.6,1789.8,1888.04,2009.733333333333,2297.925,False,False,False,False,False,False,False,False,False,True,False,-0.0644808743169398,-0.1530054644808743,,,-0.0317158469945355,-0.098214936247723,0.0163934426229508,0.087431693989071,-0.0031181582962914,0.0092747793049503,1902.0,2110.0,0.6369047619047619,-0.0033897586915531,-0.0008771428261787,-7.583025396350543e-05
2000-02-25,1830.0,1865.0,1800.0,1821.0,25700.0,1821.0,1772.6,1786.4,1882.88,2002.5466666666664,2295.53,False,False,False,False,False,False,False,False,False,False,False,-0.0812740252608456,-0.1762767710049423,,,-0.0339813289401428,-0.0996961376533039,0.0323997803404722,0.114772103239978,-0.0035887636409638,0.0268696820420958,1930.0,2150.0,0.8006230529595015,-0.0027404826648537,0.0006492760266994,-0.0004706053446723
2000-02-28,1800.0,1800.0,1769.0,1780.0,7100.0,1780.0,1786.4,1778.9,1876.44,1995.6133333333328,2293.28,False,False,False,False,False,False,False,False,False,True,False,-0.0842696629213483,-0.1797752808988764,,,-0.0541797752808989,-0.1211310861423217,0.0196629213483146,0.1219101123595505,-0.0034742869360131,0.0463769745348248,1920.0,2130.0,0.2762645914396887,-0.0034320308669608,-0.0006915482021071,0.0001144767049507
2000-02-29,1779.0,1779.0,1729.0,1731.0,43500.0,1731.0,1790.4,1768.9,1866.48,1988.6266666666668,2290.685,False,False,False,False,False,False,False,False,False,True,False,-0.0756787983824378,-0.145002888503755,,,-0.078266897746967,-0.1488311188137878,0.0277296360485268,0.2073945696129405,-0.0035133123696752,0.0757532930069534,1916.0,2070.0,6.126760563380282,-0.0053362479105053,-0.0019042170435444,-3.902543366208393e-05
2000-03-01,1720.0,1745.0,1680.0,1710.0,40100.0,1710.0,1774.4,1762.0,1855.08,1981.16,2288.11,False,False,False,False,False,False,False,False,False,True,False,-0.0789473684210526,-0.1403508771929824,,,-0.0848421052631578,-0.1585730994152047,0.039766081871345,0.2368421052631578,-0.0037688357662514,0.1055051078320091,1930.0,2100.0,0.92183908045977,-0.0061452875347694,-0.000809039624264,-0.0002555233965762
2000-03-02,1720.0,1720.0,1710.0,1712.0,36200.0,1712.0,1750.8,1756.2,1842.36,1974.5866666666664,2285.57,False,False,False,False,False,False,False,False,False,True,False,-0.094626168224299,-0.1179906542056074,,,-0.076144859813084,-0.1533800623052957,0.0332943925233644,0.2529205607476635,-0.0033289667373426,0.1288008199521695,1900.0,2070.0,0.9027431421446384,-0.0069041881065589,-0.0007589005717895,0.0004398690289087
2000-03-03,1700.0,1712.0,1666.0,1673.0,61500.0,1673.0,1721.2,1746.9,1828.48,1967.56,2282.835,False,False,False,False,False,False,False,False,False,True,False,-0.1034070531978481,0.0101613867304243,,,-0.092934847579199,-0.1760669456066945,0.0621637776449491,0.228332337118948,-0.0035712591568574,0.1494075218959299,1890.0,2065.0,1.698895027624309,-0.0075910045502274,-0.0006868164436684,-0.0002422924195147
2000-03-06,1673.0,1675.0,1597.0,1630.0,72200.0,1630.0,1691.2,1738.8,1813.68,1959.96,2279.735,False,False,False,False,False,False,False,False,False,True,False,-0.1042944785276073,0.0723926380368098,,,-0.1126871165644172,-0.2024294478527607,0.0950920245398773,0.2668711656441718,-0.0038776301557174,0.1662640901771337,1860.0,2080.0,1.1739837398373985,-0.0081602046667548,-0.0005692001165274,-0.0003063709988599
2000-03-07,1610.0,1630.0,1598.0,1600.0,65900.0,1600.0,1665.0,1727.7,1798.08,1951.96,2276.46,False,False,False,False,False,False,False,False,False,True,False,-0.075,0.05,,,-0.1237999999999999,-0.219975,0.079375,0.303125,-0.004098444640259,0.1846385367830063,1880.0,2200.0,0.912742382271468,-0.0086759209823812,-0.0005157163156264,-0.0002208144845416
2000-03-08,1590.0,1590.0,1551.0,1575.0,51600.0,1575.0,1638.0,1706.2,1781.28,1943.6266666666668,2272.735,False,False,False,False,False,False,False,False,False,True,False,-0.0666666666666666,0.0444444444444444,,,-0.1309714285714285,-0.2340486772486773,0.0888888888888888,0.365079365079365,-0.0042875174930713,0.2145117805649981,1910.0,2195.0,0.7830045523520486,-0.0094314201023982,-0.0007554991200169,-0.0001890728528123
2000-03-09,1550.0,1570.0,1510.0,1550.0,70100.0,1550.0,1605.6,1678.2,1766.16,1935.493333333333,2269.085,False,False,False,False,False,False,False,False,False,False,False,-0.0258064516129032,0.0806451612903225,,,-0.139458064516129,-0.2487053763440858,0.0903225806451612,0.4225806451612903,-0.0042022016781253,0.2475867000357524,1881.0,2170.0,1.3585271317829457,-0.0085609457806766,0.0008704743217215,8.531581494603067e-05
2000-03-10,1510.0,1520.0,1490.0,1500.0,189100.0,1500.0,1571.0,1646.1,1749.32,1926.36,2265.335,False,False,False,False,False,False,False,False,False,True,False,0.1266666666666666,0.1173333333333333,,,-0.1662133333333333,-0.2842399999999999,0.12,0.4833333333333333,-0.0047412390899588,0.2837616183706943,1888.0,2150.0,2.697574893009986,-0.0096265977637025,-0.0010656519830258,-0.0005390374118335
2000-03-13,1495.0,1496.0,1450.0,1460.0,97200.0,1460.0,1537.0,1614.1,1731.76,1916.6266666666668,2261.435,False,False,False,False,False,False,False,False,False,True,False,0.1972602739726027,0.2328767123287671,,,-0.1861369863013698,-0.31275799086758,0.1164383561643835,0.5342465753424658,-0.0050783668528733,0.3242673935939533,1878.0,2120.0,0.514013749338974,-0.0101399732064489,-0.0005133754427463,-0.0003371277629144
2000-03-14,1455.0,1599.0,1455.0,1480.0,82700.0,1480.0,1513.0,1589.0,1714.96,1907.96,2257.585,False,False,False,False,False,False,False,False,False,False,False,0.1351351351351351,0.304054054054054,,,-0.1587567567567568,-0.2891621621621622,0.1013513513513513,0.5,-0.0045423733551367,0.3533668974197608,1895.0,2150.0,0.8508230452674898,-0.009796146848906,0.0003438263575428,0.0005359934977365
2000-03-15,1499.0,1499.0,1460.0,1470.0,83900.0,1470.0,1492.0,1565.0,1699.56,1898.76,2253.91,False,False,False,False,False,False,False,False,False,False,False,0.119047619047619,0.2482993197278911,,,-0.1561632653061224,-0.291673469387755,0.0877551020408163,0.4659863945578231,-0.0048452674376962,0.3766773162939297,1909.0,2100.0,1.014510278113664,-0.0090611687730942,0.0007349780758118,-0.0003028940825594
2000-03-16,1480.0,1510.0,1475.0,1510.0,107000.0,1510.0,1484.0,1544.8,1684.0,1890.76,2250.71,False,False,False,False,False,False,False,False,False,True,False,0.1092715231788079,0.2317880794701986,,,-0.1152317880794702,-0.252158940397351,0.0596026490066225,0.390728476821192,-0.0042311028369544,0.391765924391507,1990.0,2065.0,1.2753277711561382,-0.0092399049881234,-0.0001787362150292,0.0006141646007417
2000-03-17,1650.0,1690.0,1590.0,1690.0,162500.0,1690.0,1522.0,1546.5,1677.4,1884.6266666666668,2248.11,False,False,False,False,True,False,False,False,False,False,False,-0.008284023668639,0.1124260355029585,,,0.007455621301775,-0.115163708086785,0.0059171597633136,0.2603550295857988,-0.0032544022865712,0.3950856773359198,1950.0,2070.0,1.5186915887850467,-0.0039346607845474,0.005305244203576,0.0009767005503831
2000-03-21,1753.0,1760.0,1720.0,1748.0,86700.0,1748.0,1579.6,1558.3,1673.12,1879.5333333333333,2245.65,False,False,False,False,False,False,False,False,False,False,False,0.0297482837528604,0.0383295194508009,,,0.042837528604119,-0.0752479023646071,-0.0732265446224256,0.2585812356979405,-0.0027098925265137,0.3931848809600206,1941.0,2055.0,0.5335384615384615,-0.0025580950559435,0.0013765657286039,0.0005445097600575
2000-03-22,1750.0,1760.0,1650.0,1680.0,58400.0,1680.0,1619.6,1566.3,1667.08,1874.3333333333333,2242.6,False,False,False,False,False,False,False,False,False,True,False,0.1488095238095238,0.0589285714285714,,,0.0076904761904762,-0.1156746031746031,-0.0178571428571428,0.2797619047619047,-0.0027743197581362,0.3902189874225883,1980.0,2020.0,0.6735870818915801,-0.0036231014708352,-0.0010650064148917,-6.442723162250127e-05
2000-03-23,1651.0,1671.0,1626.0,1645.0,57700.0,1645.0,1654.6,1573.3,1661.72,1868.2666666666669,2239.3,False,False,False,False,False,True,False,False,False,False,False,0.1155015197568389,0.0808510638297872,,,-0.0101641337386018,-0.1357244174265452,-0.0273556231003039,0.3161094224924012,-0.0032472166714243,0.3849869700629251,1995.0,1965.0,0.988013698630137,-0.0032255735021543,0.0003975279686808,-0.000472896913288
2000-03-24,1675.0,1680.0,1645.0,1675.0,60800.0,1675.0,1687.6,1585.8,1657.92,1863.0,2236.125,False,False,False,False,False,False,False,False,False,False,False,0.1104477611940298,0.0561194029850746,,,0.010197014925373,-0.1122388059701492,-0.0507462686567164,0.2955223880597015,-0.002826981570943,0.3718627821919536,2030.0,1902.0,1.0537261698440208,-0.0022920285659138,0.0009335449362404,0.0004202351004813
2000-03-27,1790.0,1801.0,1676.0,1676.0,84600.0,1676.0,1684.8,1603.4,1654.32,1857.8133333333333,2233.105,False,False,False,False,False,False,False,False,False,False,False,0.1217183770883054,0.0602625298329355,,,0.0129355608591885,-0.1084805091487668,0.0077565632458233,0.211217183770883,-0.0027918125968881,0.3446426344018959,2020.0,1930.0,1.3914473684210529,-0.0021761207021616,0.0001159078637521,3.5168974054908264e-05
2000-03-28,1780.0,1830.0,1760.0,1800.0,70900.0,1800.0,1695.2,1637.4,1657.88,1854.08,2230.605,False,False,False,False,False,False,True,False,True,False,False,0.0083333333333333,-0.0083333333333333,,,0.0789555555555555,-0.0300444444444444,-0.0277777777777777,0.1611111111111111,-0.0020135772638361,0.3075607670697446,2000.0,1920.0,0.8380614657210402,0.0021473206745965,0.0043234413767582,0.0007782353330519
2000-03-29,1800.0,1930.0,1800.0,1930.0,88500.0,1930.0,1745.2,1682.4,1666.64,1850.48,2228.88,False,False,False,False,False,False,True,False,False,False,False,-0.0782383419689119,-0.105181347150259,,,0.1364559585492227,0.04120207253886,-0.1062176165803108,0.1062176165803108,-0.0019454411828281,0.2675344745601521,1990.0,1916.0,1.2482369534555713,0.0052560840973455,0.0031087634227489,6.813608100797062e-05
2000-03-30,1900.0,1900.0,1830.0,1835.0,52300.0,1835.0,1783.2,1718.9,1668.44,1845.68,2226.63,False,False,False,False,False,False,True,False,False,True,False,-0.0310626702997275,-0.0653950953678474,,,0.0907683923705721,-0.0058201634877384,-0.0490463215258855,0.1553133514986376,-0.0026006675046595,0.2385828145907265,1995.0,1930.0,0.5909604519774011,0.0010788521013641,-0.0041772319959814,-0.0006552263218313
2000-03-31,1815.0,1876.0,1810.0,1860.0,12200.0,1860.0,1820.2,1753.9,1669.64,1841.5466666666664,2224.68,False,False,False,False,False,False,True,False,False,True,False,-0.0489247311827957,-0.0913978494623656,,,0.1023440860215053,0.0099211469534051,-0.0618279569892473,0.1317204301075268,-0.0022444901387241,0.2141513199156165,1928.0,1900.0,0.2332695984703633,0.0007187178074315,-0.0003601342939325,0.0003561773659353
2000-04-03,1870.0,1885.0,1860.0,1880.0,54400.0,1880.0,1861.0,1772.9,1672.0,1837.9466666666667,2222.805,False,False,False,False,False,False,True,False,True,False,False,-0.0547872340425531,-0.1063829787234042,,,0.1106382978723404,0.0223687943262411,-0.0952127659574468,0.0930851063829787,-0.0019587075432002,0.1969090191212137,1921.0,1890.0,4.459016393442623,0.0014114832535884,0.0006927654461568,0.0002857825955239
2000-04-04,1860.0,1879.0,1815.0,1815.0,72300.0,1815.0,1864.0,1779.6,1673.4,1833.88,2220.33,False,False,False,False,False,False,True,False,False,True,False,-0.0165289256198347,-0.1019283746556473,,,0.0780165289256197,-0.0104022038567493,-0.0523415977961432,0.1845730027548209,-0.0022175205938592,0.1895931670038211,1899.0,1860.0,1.3290441176470589,0.0008366200549779,-0.0005748631986105,-0.000258813050659
2000-04-05,1814.0,1814.0,1779.0,1779.0,59400.0,1779.0,1833.8,1789.5,1675.32,1828.9333333333327,2217.375,False,False,False,False,False,False,True,False,False,False,False,-0.029229904440697,-0.0837549184935357,,,0.0582799325463744,-0.0280682031103615,-0.0320404721753794,0.2591343451377178,-0.0027046730334622,0.1880413523330539,1900.0,1880.0,0.8215767634854771,0.001146049709906,0.0003094296549281,-0.000487152439603
2000-04-06,1770.0,1801.0,1770.0,1778.0,46500.0,1778.0,1822.4,1802.8,1678.04,1824.64,2214.315,False,False,False,False,False,False,True,False,False,False,False,-0.0354330708661417,-0.1006749156355455,,,0.0562204724409449,-0.0262317210348706,-0.0410573678290213,0.2289088863892013,-0.0023529755641293,0.1803860661193699,1855.0,1910.0,0.7828282828282829,0.0016209387142142,0.0004748890043081,0.0003516974693328
2000-04-07,1770.0,1770.0,1761.0,1769.0,65700.0,1769.0,1804.2,1812.2,1680.32,1820.6933333333327,2211.31,False,False,False,False,False,False,True,False,False,True,False,-0.0446579988694177,-0.0955342001130582,,,0.0501300169587337,-0.0292217825513471,-0.0350480497456189,0.2040700960994912,-0.0021676723885407,0.1720560644520472,1899.0,1881.0,1.4129032258064516,0.0013568844029708,-0.0002640543112433,0.0001853031755886
2000-04-10,1762.0,1781.0,1761.0,1777.0,45900.0,1777.0,1783.6,1822.3,1684.48,1816.7866666666664,2207.945,False,False,False,False,False,False,True,False,False,False,False,-0.0545863815419245,-0.0433314575126617,,,0.0520652785593697,-0.0223897955355466,-0.0275745638716938,0.193021947101857,-0.0021503166763296,0.1704988201723097,1855.0,1888.0,0.6986301369863014,0.0024696048632219,0.001112720460251,1.7355712211097104e-05
2000-04-11,1780.0,1795.0,1777.0,1785.0,66400.0,1785.0,1777.6,1820.8,1690.68,1813.1866666666667,2204.82,False,False,False,False,False,False,True,False,False,False,False,-0.0868347338935574,-0.0924369747899159,,,0.0528403361344537,-0.0157908496732026,-0.0084033613445378,0.1764705882352941,-0.0019854547058951,0.17201230228471,1855.0,1878.0,1.446623093681917,0.0036671635081742,0.0011975586449523,0.0001648619704345
2000-04-12,1785.0,1785.0,1698.0,1727.0,59700.0,1727.0,1767.2,1800.5,1695.76,1809.28,2201.13,False,False,False,False,False,False,True,False,False,True,False,-0.0561667631731326,-0.0445859872611464,,,0.0180891719745222,-0.0476433121019108,0.0306890561667631,0.2159814707585408,-0.0021592382973706,0.1832824215495695,1831.0,1895.0,0.8990963855421686,0.0029957069396612,-0.000671456568513,-0.0001737835914754
2000-04-13,1762.0,1762.0,1712.0,1715.0,54600.0,1715.0,1754.6,1788.5,1701.36,1805.9466666666667,2197.155,False,False,False,False,False,False,True,False,False,False,False,-0.0676384839650145,-0.0670553935860058,,,0.0079533527696793,-0.0530301263362488,0.036734693877551,0.282798833819242,-0.0018457540274352,0.1956947162426614,1779.0,1909.0,0.914572864321608,0.0032914844594911,0.0002957775198299,0.0003134842699353
2000-04-14,1710.0,1715.0,1670.0,1690.0,51700.0,1690.0,1738.8,1771.5,1706.96,1803.12,2192.505,False,False,False,False,False,False,True,False,False,True,False,-0.0532544378698224,-0.059171597633136,,,-0.0100355029585799,-0.0669349112426034,0.072189349112426,0.301775147928994,-0.0015676531049884,0.2125317527519051,1770.0,1990.0,0.9468864468864469,0.0032806861320711,-1.0798327420047035e-05,0.0002781009224467
2000-04-17,1540.0,1680.0,1540.0,1680.0,62800.0,1680.0,1719.4,1751.5,1714.16,1799.7866666666666,2187.505,False,False,False,False,False,False,True,False,False,False,False,0.0119047619047619,0.0053571428571428,,,-0.0203333333333333,-0.0713015873015872,0.0684523809523809,0.2976190476190476,-0.0018520713566051,0.2335141307450756,1766.0,1950.0,1.2147001934235977,0.0042003080225883,0.0009196218905172,-0.0002844182516167
2000-04-18,1680.0,1680.0,1590.0,1630.0,97100.0,1630.0,1688.4,1733.0,1720.96,1795.92,2182.855,False,False,False,False,False,False,True,False,False,True,False,-0.0061349693251533,0.0736196319018405,,,-0.0558036809815951,-0.1017914110429448,0.0809815950920245,0.3282208588957055,-0.0021530283457317,0.2475476053087132,1711.0,1941.0,1.5461783439490446,0.0039512830048344,-0.0002490250177538,-0.0003009569891265
2000-04-19,1630.0,1650.0,1613.0,1630.0,50800.0,1630.0,1669.0,1718.1,1726.96,1792.1066666666666,2177.955,False,False,False,False,False,False,True,False,False,True,False,0.0122699386503067,0.058282208588957,,,-0.0594846625766871,-0.0994519427402862,0.0920245398773006,0.3435582822085889,-0.002127849532766,0.2554566090448752,1711.0,1980.0,0.5231719876416066,0.003474313244082,-0.0004769697607523,2.5178812965746204e-05
2000-04-20,1642.0,1642.0,1580.0,1599.0,77900.0,1599.0,1645.8,1700.2,1732.12,1787.6933333333334,2172.7,False,False,False,False,False,False,True,False,False,True,False,0.0006253908692933,0.091307066916823,,,-0.0832520325203251,-0.1180070877631853,0.1144465290806754,0.3883677298311445,-0.0024687306547729,0.2707328549582402,1790.0,1995.0,1.5334645669291338,0.0029790083827909,-0.0004953048612911,-0.0003408811220069
2000-04-21,1595.0,1600.0,1588.0,1600.0,178600.0,1600.0,1627.8,1683.3,1735.72,1783.6933333333334,2167.4,False,False,False,False,False,False,True,False,False,True,False,-0.00625,0.090625,,,-0.084825,-0.1148083333333333,0.133125,0.4,-0.0022425379549548,0.2900255450602982,1830.0,2030.0,2.292682926829268,0.0020740672458692,-0.0009049411369217,0.000226192699818
2000-04-24,1700.0,1725.0,1650.0,1700.0,58700.0,1700.0,1631.8,1675.6,1736.12,1781.16,2162.7,False,False,False,False,False,False,True,False,False,True,False,-0.0064705882352941,0.0005882352941176,,,-0.0212470588235293,-0.0477411764705882,0.0294117647058823,0.3176470588235294,-0.0014222940855023,0.3031153019813798,1821.0,2020.0,0.3286674132138857,0.0002303988203579,-0.0018436684255112,0.0008202438694525
2000-04-25,1700.0,1700.0,1615.0,1620.0,25200.0,1620.0,1629.8,1659.1,1731.0,1777.96,2157.55,False,False,False,False,False,False,False,False,False,True,False,0.0802469135802469,0.0617283950617283,,,-0.0685185185185185,-0.0975061728395061,0.0660493827160493,0.3981481481481481,-0.0017998155189093,0.3260201313965403,1780.0,2000.0,0.4293015332197615,-0.0029578278451761,-0.003188226665534,-0.000377521433407
2000-04-26,1636.0,1656.0,1621.0,1650.0,56300.0,1650.0,1633.8,1651.4,1729.8,1774.8933333333334,2152.175,False,False,False,False,False,False,False,False,False,False,False,0.0454545454545454,0.0436363636363636,,,-0.0483636363636363,-0.0756929292929293,0.0151515151515151,0.3727272727272727,-0.0017278033609531,0.3421945016349763,1731.0,1990.0,2.234126984126984,-0.0006937218175511,0.0022641060276249,7.201215795622513e-05
2000-04-27,1650.0,1650.0,1595.0,1600.0,113100.0,1600.0,1634.0,1639.9,1728.0,1770.76,2146.775,False,False,False,False,False,False,False,False,False,True,False,0.090625,0.065625,,,-0.08,-0.106725,0.040625,0.3875,-0.0023342143109927,0.3528263918531617,1710.0,1995.0,2.008880994671403,-0.0010416666666666,-0.0003479448491154,-0.0006064109500395
2000-04-28,1600.0,1612.0,1585.0,1590.0,76800.0,1590.0,1632.0,1629.9,1724.6,1766.88,2141.35,False,False,False,False,False,False,False,False,False,True,False,0.0974842767295597,0.0735849056603773,,,-0.0846540880503144,-0.1112452830188679,0.1320754716981132,0.3773584905660377,-0.0021959612424159,0.3605129149027547,1712.0,1928.0,0.6790450928381963,-0.001971471645599,-0.0009298049789323,0.0001382530685767
2000-05-01,1619.0,1699.0,1619.0,1689.0,47700.0,1689.0,1629.8,1630.8,1725.12,1764.2266666666667,2136.345,False,False,False,False,False,False,True,False,False,False,False,0.0071047957371225,0.0230905861456483,,,-0.0213854351687388,-0.0445391750542727,0.0657193605683836,0.3262285375962108,-0.0015039639653257,0.3634412558253618,1673.0,1921.0,0.62109375,0.0003014283064366,0.0022728999520356,0.0006919972770901
2000-05-02,1700.0,1750.0,1695.0,1750.0,153500.0,1750.0,1655.8,1642.8,1723.12,1762.52,2131.62,False,False,False,False,True,False,False,False,False,True,True,-0.0171428571428571,0.0114285714285714,,,0.01536,-0.0071542857142857,0.0657142857142857,0.2742857142857143,-0.0009683105250815,0.3574385196006818,1630.0,1899.0,3.2180293501048216,-0.0011606852685825,-0.0014621135750192,0.0005356534402442
2000-05-08,1750.0,1750.0,1720.0,1725.0,63100.0,1725.0,1670.8,1652.3,1714.92,1760.253333333333,2126.895,False,False,False,False,False,False,False,False,False,True,False,-0.0017391304347826,0.0318840579710144,,,0.0058434782608695,-0.0204367149758452,0.0997101449275362,0.3217391304347826,-0.0012876934380658,0.3550807964655329,1600.0,1900.0,0.4110749185667752,-0.004781564154596,-0.0036208788860134,-0.0003193829129843
2000-05-09,1740.0,1750.0,1725.0,1745.0,80500.0,1745.0,1699.8,1666.9,1711.32,1758.0666666666666,2122.32,False,False,False,False,False,False,False,False,False,False,False,-0.0229226361031518,0.0189111747851002,,,0.0193008595988539,-0.0074880611270295,0.0859598853868194,0.2979942693409742,-0.0012437905274732,0.3459115723798667,1575.0,1855.0,1.2757527733755942,-0.0021036392959821,0.0026779248586138,4.390291059258936e-05
2000-05-10,1740.0,1747.0,1736.0,1745.0,64600.0,1745.0,1730.8,1681.4,1706.72,1754.8,2117.795,False,False,False,False,False,False,False,False,False,True,False,-0.0217765042979942,0.0383954154727793,,,0.0219369627507163,-0.0056160458452721,0.1404011461318051,0.2979942693409742,-0.0018615606716814,0.3357916022362316,1550.0,1899.0,0.8024844720496894,-0.0026952282741163,-0.0005915889781342,-0.0006177701442082
2000-05-11,1740.0,1740.0,1650.0,1701.0,27400.0,1701.0,1733.2,1681.5,1699.56,1751.48,2113.0,False,False,False,False,False,False,False,False,False,True,False,0.0158730158730158,0.0552616108171663,,,0.0008465608465608,-0.0296766607877719,0.1934156378600823,0.352145796590241,-0.0018955397720784,0.3392804044008325,1500.0,1855.0,0.4241486068111455,-0.0042128550919061,-0.0015176268177898,-3.3979100396960013e-05
2000-05-12,1724.0,1730.0,1710.0,1720.0,12000.0,1720.0,1727.2,1691.5,1695.76,1748.5333333333333,2108.45,False,False,False,False,False,False,False,False,False,False,True,0.0290697674418604,0.0244186046511627,,,0.0140930232558139,-0.0165891472868216,0.1610465116279069,0.3372093023255814,-0.0016852219002592,0.3334318652083949,1460.0,1855.0,0.437956204379562,-0.002240883143841,0.0019719719480651,0.0002103178718191
2000-05-15,1700.0,1729.0,1690.0,1722.0,29200.0,1722.0,1726.6,1698.7,1693.48,1745.0933333333332,2104.11,False,False,False,False,False,False,False,False,False,False,False,0.0336817653890824,0.0336817653890824,,,0.0165621370499419,-0.0134107626790553,0.213704994192799,0.3240418118466899,-0.001971241270763,0.3286630953081768,1480.0,1831.0,2.433333333333333,-0.0013463400807803,0.0008945430630606,-0.0002860193705037
2000-05-16,1731.0,1731.0,1690.0,1705.0,29000.0,1705.0,1718.6,1709.2,1690.56,1741.2266666666667,2099.51,False,False,False,False,False,False,False,False,False,True,False,0.0428152492668621,0.0451612903225806,,,0.0084692082111437,-0.021247311827957,0.2404692082111437,0.3313782991202346,-0.0022206567017887,0.3234261642873858,1470.0,1779.0,0.9931506849315068,-0.0017272383115654,-0.000380898230785,-0.0002494154310257
2000-05-17,1720.0,1720.0,1702.0,1707.0,47100.0,1707.0,1711.0,1720.9,1688.08,1736.92,2095.17,False,False,False,False,False,False,False,False,False,False,False,0.0615114235500878,0.0620972466315172,,,0.0110837727006444,-0.0175278265963679,0.2565905096660808,0.3005272407732864,-0.0024794847584613,0.3161717705851589,1510.0,1770.0,1.6241379310344828,-0.0014691246860338,0.0002581136255315,-0.0002588280566725
2000-05-18,1732.0,1732.0,1710.0,1728.0,44200.0,1728.0,1716.4,1724.8,1686.12,1733.0266666666666,2090.885,False,False,False,False,False,False,False,False,False,False,False,0.0387731481481481,0.0127314814814814,,,0.0242361111111111,-0.0029089506172839,0.1892361111111111,0.255787037037037,-0.0022465513129246,0.3091372912801484,1690.0,1766.0,0.9384288747346072,-0.001162432092615,0.0003066925934188,0.0002329334455366
2000-05-19,1727.0,1770.0,1710.0,1770.0,84800.0,1770.0,1726.4,1726.8,1685.52,1729.96,2086.86,False,False,False,False,False,False,False,False,False,False,False,-0.0045197740112994,-0.0242937853107344,,,0.047728813559322,0.0226214689265536,0.1666666666666666,0.2401129943502825,-0.0017726806785512,0.3055941626129256,1748.0,1711.0,1.918552036199095,-0.0003559732308129,0.000806458861802,0.0004738706343733
2000-05-22,1790.0,1800.0,1761.0,1780.0,64200.0,1780.0,1738.0,1732.3,1687.64,1727.16,2082.91,False,False,False,False,False,False,True,False,True,False,False,0.0,-0.0589887640449438,,,0.0518876404494381,0.0296853932584269,0.1713483146067415,0.2331460674157303,-0.0016211584334977,0.2965421693702015,1680.0,1711.0,0.7570754716981132,0.0012561920788794,0.0016121653096924,0.0001515222450535
2000-05-23,1780.0,1781.0,1775.0,1778.0,59900.0,1778.0,1752.6,1735.6,1690.16,1724.2666666666669,2079.3,False,False,False,False,False,False,True,False,False,False,False,0.0022497187851518,-0.0635545556805399,,,0.0494038245219347,0.0302212223472064,0.2092238470191226,0.2035995500562429,-0.0016780080420661,0.286874855957594,1645.0,1790.0,0.9330218068535826,0.0014909831021914,0.000234791023312,-5.684960856837786e-05
2000-05-24,1800.0,1813.0,1779.0,1812.0,50500.0,1812.0,1773.6,1742.3,1695.04,1722.72,2075.86,False,False,False,False,False,False,True,False,False,False,False,0.0005518763796909,-0.0066225165562913,,,0.0645474613686534,0.0492715231788079,0.216887417218543,0.1782560706401766,-0.0008978050215164,0.2744647879240085,1675.0,1830.0,0.8430717863105175,0.0028789881064752,0.0013880050042837,0.0007802030205496
2000-05-25,1812.0,1812.0,1791.0,1795.0,28100.0,1795.0,1787.0,1751.7,1699.64,1721.04,2072.485,False,False,False,False,False,False,True,False,False,True,False,-0.0250696378830083,0.0027855153203342,,,0.0531253481894149,0.0412033426183844,0.2395543175487465,0.192200557103064,-0.0009761539534235,0.2584917508705828,1676.0,1821.0,0.5564356435643565,0.0027064554846909,-0.0001725326217843,-7.834893190707929e-05
2000-05-26,1789.0,1789.0,1750.0,1762.0,18600.0,1762.0,1785.4,1755.9,1704.92,1719.2133333333334,2068.845,False,False,False,False,False,False,True,False,False,False,False,-0.0198637911464245,0.0584562996594778,,,0.0323950056753688,0.0242830117290957,0.2712826333711691,0.1776390465380249,-0.0010625014541534,0.2426675778802892,1800.0,1780.0,0.6619217081850534,0.0030969195035544,0.0003904640188634,-8.634750072986119e-05
2000-05-29,1750.0,1782.0,1750.0,1780.0,58600.0,1780.0,1785.4,1761.7,1710.92,1717.6133333333332,2065.27,False,False,False,False,False,False,True,False,False,False,False,-0.0589887640449438,0.0657303370786516,,,0.0388089887640449,0.0350486891385768,0.247191011235955,0.1797752808988764,-0.0009315251395347,0.2283589714480331,1930.0,1731.0,3.150537634408602,0.003506885184579,0.0004099656810246,0.0001309763146186
2000-05-30,1780.0,1799.0,1751.0,1782.0,40200.0,1782.0,1786.2,1769.4,1718.24,1716.64,2062.03,False,True,False,False,False,False,True,False,False,False,False,-0.0656565656565656,0.06341189674523,,,0.0357800224466891,0.0366778900112232,0.2093153759820426,0.1672278338945005,-0.000566999099015,0.2122753475754492,1835.0,1710.0,0.6860068259385665,0.0042601732004841,0.0007532880159051,0.0003645260405197
2000-05-31,1790.0,1813.0,1790.0,1813.0,94700.0,1813.0,1786.4,1780.0,1726.76,1715.493333333333,2058.97,False,False,False,False,False,False,True,False,False,False,False,-0.0071704357418643,0.0976282404853833,,,0.0475675675675675,0.0537819452105167,0.1583011583011583,0.1583011583011583,-0.0006684180255244,0.198314606741573,1860.0,1712.0,2.355721393034826,0.0049340962264587,0.0006739230259746,-0.0001014189265094
2000-06-01,1795.0,1795.0,1749.0,1750.0,82700.0,1750.0,1777.4,1782.2,1728.76,1714.0933333333332,2055.57,False,False,False,False,False,False,True,False,False,True,False,0.0285714285714285,0.16,,,0.0121371428571428,0.0205180952380952,0.2171428571428571,0.1885714285714285,-0.0008167583251008,0.1917854337335876,1880.0,1673.0,0.8732840549102429,0.0011568985862699,-0.0037771976401888,-0.0001483402995764
2000-06-02,1750.0,1770.0,1712.0,1727.0,69400.0,1727.0,1770.4,1777.9,1733.04,1712.3866666666668,2051.955,False,False,False,False,False,False,True,False,False,False,False,0.0799073537927041,0.1563404748118124,,,-0.0034973943254197,0.0084616869330244,0.2738853503184713,0.2044006948465547,-0.0009966596329488,0.1881995612801619,1815.0,1630.0,0.8391777509068924,0.0024696487097816,0.0013127501235117,-0.0001799013078479
2000-06-05,1727.0,1727.0,1659.0,1675.0,110600.0,1675.0,1749.4,1767.4,1734.04,1710.3066666666666,2048.105,False,False,False,False,False,False,True,False,False,True,False,0.1325373134328358,0.2477611940298507,,,-0.0352477611940298,-0.0210786069651741,0.2835820895522388,0.2895522388059701,-0.0012161561669253,0.1932782618535701,1779.0,1600.0,1.5936599423631124,0.0005766879656755,-0.0018929607441061,-0.0002194965339764
2000-06-06,1688.0,1689.0,1659.0,1665.0,71200.0,1665.0,1726.0,1756.1,1736.64,1708.7866666666666,2044.205,False,False,False,False,False,False,True,False,True,False,False,0.1381381381381381,0.2702702702702703,,,-0.043027027027027,-0.0262982982982982,0.3003003003003003,0.3033033033033033,-0.0008895200493137,0.2026649962986163,1778.0,1575.0,0.64376130198915,0.0014971439100793,0.0009204559444037,0.0003266361176115
2000-06-07,1695.0,1805.0,1687.0,1800.0,334700.0,1800.0,1723.4,1754.9,1745.04,1709.1866666666667,2040.905,False,False,False,True,True,False,True,True,False,False,False,0.1055555555555555,0.1916666666666666,,,0.0305333333333333,0.0504518518518518,0.2055555555555555,0.2055555555555555,0.0002340294409037,0.2054817938344064,1769.0,1550.0,4.700842696629214,0.0048136432402694,0.0033164993301901,0.0011235494902174
2000-06-08,1799.0,1825.0,1785.0,1800.0,154500.0,1800.0,1733.4,1755.4,1749.48,1709.64,2037.605,False,False,False,False,False,False,True,True,False,True,False,0.1277777777777777,0.1416666666666666,,,0.0280666666666666,0.0501999999999999,0.1277777777777777,0.1888888888888888,0.0002651630362727,0.2051384299874671,1777.0,1500.0,0.4616074096205557,0.0025378969751012,-0.0022757462651682,3.11335953690495e-05
2000-06-09,1800.0,1869.0,1800.0,1865.0,158100.0,1865.0,1761.0,1765.7,1754.08,1711.6933333333334,2034.255,False,False,False,False,False,False,True,True,False,False,True,0.0707774798927614,0.1072386058981233,,,0.0594745308310992,0.0822019660411081,0.1206434316353887,0.128686327077748,0.0011995918271964,0.1998074418077816,1785.0,1460.0,1.0233009708737864,0.0026224573565629,8.456038146172854e-05,0.0009344287909236
2000-06-12,1895.0,1897.0,1880.0,1897.0,101900.0,1897.0,1805.4,1777.4,1760.96,1714.1733333333334,2031.14,False,False,False,False,False,False,True,True,False,False,False,0.1017395888244596,0.0991038481813389,,,0.0717132314180284,0.0963767351959233,0.1254612546125461,0.1043753294675804,0.0014467615099212,0.1916282209969618,1727.0,1480.0,0.6445287792536369,0.0039069598400872,0.0012845024835243,0.0002471696827247
2000-06-13,1899.0,1915.0,1890.0,1895.0,197300.0,1895.0,1851.4,1788.7,1766.96,1715.5733333333333,2027.79,False,False,False,False,False,False,True,True,False,True,False,0.1160949868073878,0.1345646437994723,,,0.0675672823218997,0.0946842568161829,0.1187335092348284,0.1160949868073878,0.0008160537196504,0.1860569128417286,1715.0,1470.0,1.9362119725220803,0.0033956626069633,-0.0005112972331239,-0.0006307077902707
2000-06-14,1925.0,1995.0,1900.0,1990.0,393600.0,1990.0,1889.4,1806.4,1776.76,1717.7066666666667,2024.94,False,False,False,False,False,False,True,True,False,False,False,0.0778894472361809,0.1080402010050251,,,0.1071557788944723,0.1368308207705192,0.057788944723618,0.0628140703517587,0.001241966032229,0.1752657218777678,1690.0,1510.0,1.994931576279777,0.0055156577140412,0.0021199951070778,0.0004259123125785
2000-06-15,1985.0,2055.0,1980.0,2030.0,273700.0,2030.0,1935.4,1834.4,1789.92,1720.493333333333,2021.965,False,False,False,False,False,False,True,True,False,False,False,0.0123152709359605,0.0960591133004926,,,0.1182660098522167,0.1524663382594418,0.0123152709359605,0.0467980295566502,0.0016196904763748,0.1597797645006541,1680.0,1690.0,0.6953760162601627,0.0073522839009565,0.0018366261869152,0.0003777244441457
2000-06-16,2000.0,2010.0,1980.0,1997.0,77700.0,1997.0,1961.8,1861.4,1801.0,1723.3866666666668,2019.025,False,False,False,False,False,False,True,True,False,True,False,0.0340510766149223,0.1216825237856785,,,0.0981472208312468,0.1370121849440827,0.0766149223835753,0.0565848773159739,0.0016788648707198,0.144568604276351,1630.0,1748.0,0.2838874680306905,0.006152137701277,-0.0012001461996794,5.917439434501449e-05
2000-06-19,2020.0,2100.0,2020.0,2090.0,147700.0,2090.0,2000.4,1902.9,1815.72,1728.1733333333334,2016.425,False,False,False,False,False,False,True,True,False,False,False,-0.0023923444976076,0.062200956937799,,,0.1312344497607655,0.1731228070175438,0.0717703349282296,0.0,0.0027697838951339,0.1159283199327342,1630.0,1680.0,1.9009009009009008,0.0081069768466503,0.0019548391453733,0.001090919024414
2000-06-20,2090.0,2145.0,2060.0,2115.0,226900.0,2115.0,2044.4,1947.9,1832.12,1733.5733333333333,2014.025,False,False,False,False,False,False,True,True,False,False,False,0.0165484633569739,0.0189125295508274,,,0.1337494089834515,0.1803435776201734,0.0330969267139479,-0.0070921985815602,0.0031149533141564,0.086554751270599,1599.0,1645.0,1.5362220717670954,0.0089513787306507,0.0008444018840003,0.0003451694190224
2000-06-21,2150.0,2155.0,2120.0,2145.0,132300.0,2145.0,2075.4,1982.4,1849.64,1739.3466666666666,2012.0,False,False,False,False,False,False,True,True,False,False,False,0.0279720279720279,-0.0209790209790209,,,0.1376969696969696,0.1891157731157731,-0.0069930069930069,-0.0209790209790209,0.003319253972756,0.0641142050040354,1600.0,1675.0,0.5830762450418686,0.0094721134923553,0.0005207347617046,0.0002043006585996
2000-06-22,2145.0,2150.0,2055.0,2055.0,91600.0,2055.0,2080.4,2007.9,1862.72,1744.44,2009.75,False,False,False,False,False,False,True,True,False,True,False,0.0827250608272506,0.0364963503649635,,,0.093566909975669,0.1511240875912408,0.0316301703163017,0.0194647201946472,0.0029197526617903,0.0483589820210169,1700.0,1676.0,0.6923658352229781,0.007021989348909,-0.0024501241434462,-0.0003995013109657
2000-06-23,2095.0,2095.0,2050.0,2065.0,170600.0,2065.0,2094.0,2027.9,1874.52,1750.24,2007.15,False,False,False,False,False,False,True,True,False,True,False,0.0847457627118644,0.0653753026634382,,,0.0922421307506053,0.1524261501210653,0.0169491525423728,0.0072639225181598,0.0033138312460005,0.03678682380788,1620.0,1800.0,1.8624454148471616,0.0062949448392121,-0.0007270445096969,0.0003940785842102
2000-06-26,2060.0,2100.0,2060.0,2085.0,57200.0,2085.0,2093.0,2046.7,1886.72,1756.7066666666667,2004.725,False,False,False,False,False,False,True,True,False,False,False,0.0647482014388489,0.0311750599520383,,,0.0950983213429256,0.1574548361310951,0.0071942446043165,-0.0119904076738609,0.0036811306004417,0.0255533297503297,1650.0,1930.0,0.3352872215709261,0.0064662483039348,0.0001713034647227,0.0003672993544412
2000-06-27,2110.0,2155.0,2095.0,2150.0,141100.0,2150.0,2100.0,2072.2,1901.6,1764.3733333333332,2002.525,False,False,False,False,False,False,True,True,False,False,False,0.0023255813953488,0.0069767441860465,,,0.1155348837209302,0.1793612403100775,0.0232558139534883,-0.027906976744186,0.00434526328517,0.0117266673101052,1600.0,1835.0,2.4667832167832167,0.0078249894825409,0.001358741178606,0.0006641326847283
2000-06-28,2140.0,2230.0,2105.0,2205.0,241700.0,2205.0,2112.0,2093.7,1917.32,1773.1066666666666,2000.3,False,False,False,False,False,False,True,True,False,False,False,-0.0476190476190476,-0.0158730158730158,,,0.1304671201814059,0.195869992441421,-0.0022675736961451,-0.0702947845804988,0.0049254415977982,-0.0017672063810478,1590.0,1860.0,1.7129695251594614,0.0081989443598356,0.0003739548772946,0.0005801783126281
2000-06-29,2245.0,2245.0,2190.0,2225.0,194700.0,2225.0,2146.0,2113.2,1934.52,1782.7733333333333,1997.975,False,False,False,False,False,False,True,True,False,False,False,-0.0426966292134831,-0.0876404494382022,,,0.130552808988764,0.1987535580524344,-0.0202247191011235,-0.0831460674157303,0.0054222634397343,-0.0150009464319514,1689.0,1880.0,0.8055440628878775,0.0088910944316936,0.000692150071858,0.0004968218419361
2000-06-30,2215.0,2245.0,2215.0,2240.0,55600.0,2240.0,2181.0,2137.5,1953.64,1793.1733333333334,1996.075,False,False,False,False,False,False,True,True,False,False,False,-0.0178571428571428,-0.0669642857142857,,,0.1278392857142856,0.1994761904761904,-0.0334821428571428,-0.1071428571428571,0.0057997739575278,-0.031345029239766,1750.0,1815.0,0.2855675398048279,0.0097868594009132,0.0008957649692195,0.0003775105177934
2000-07-03,2240.0,2300.0,2220.0,2220.0,156100.0,2220.0,2208.0,2150.5,1971.24,1803.04,1994.325,False,False,False,False,False,False,True,True,False,True,False,-0.0315315315315315,-0.0382882882882882,,,0.112054054054054,0.1878198198198198,-0.0135135135135135,-0.081081081081081,0.0054722394770313,-0.0395256916996047,1725.0,1779.0,2.8075539568345325,0.0089283902518211,-0.000858469149092,-0.0003275344804965
2000-07-04,2250.0,2300.0,2155.0,2155.0,111800.0,2155.0,2209.0,2154.5,1986.16,1812.1733333333327,1992.1,False,False,False,False,False,False,True,True,False,True,False,0.0046403712296983,-0.0162412993039443,,,0.0783480278422273,0.1590843000773396,0.0301624129930394,-0.0533642691415313,0.0050399888163751,-0.0440937572522627,1745.0,1778.0,0.7162075592568866,0.007511982921819,-0.0014164073300021,-0.0004322506606562
2000-07-05,2100.0,2180.0,2085.0,2100.0,126700.0,2100.0,2188.0,2150.0,1997.64,1820.04,1989.175,False,False,False,False,False,False,True,True,False,True,False,0.0333333333333333,0.0023809523809523,,,0.048742857142857,0.1333142857142857,0.0666666666666666,-0.0238095238095238,0.0043222493278536,-0.0444186046511627,1745.0,1769.0,1.1332737030411448,0.0057467812018181,-0.0017652017200008,-0.0007177394885214
2000-07-06,2100.0,2145.0,2100.0,2130.0,46500.0,2130.0,2169.0,2157.5,2012.84,1825.9066666666668,1985.75,False,False,False,False,False,False,True,True,False,False,True,-0.0469483568075117,-0.0352112676056338,,,0.0550046948356807,0.1427668231611893,0.0516431924882629,-0.0422535211267605,0.003213015634242,-0.050289687137891,1701.0,1777.0,0.367008681925809,0.0075515192464377,0.0018047380446196,-0.0011092336936116
2000-07-07,2150.0,2240.0,2135.0,2200.0,75300.0,2200.0,2161.0,2171.0,2031.76,1831.9333333333327,1982.075,False,False,False,False,False,False,True,True,False,False,False,-0.05,-0.0227272727272727,,,0.0764727272727272,0.1673030303030303,0.0295454545454545,-0.0818181818181818,0.0032897849266711,-0.0589590050667895,1720.0,1785.0,1.6193548387096774,0.0093121234791511,0.0017606042327133,7.676929242908916e-05
2000-07-10,2200.0,2200.0,2130.0,2150.0,39900.0,2150.0,2147.0,2177.5,2050.76,1838.2,1978.325,False,False,False,False,False,False,True,True,False,True,False,-0.0069767441860465,0.041860465116279,,,0.0461581395348836,0.1450232558139534,0.0534883720930232,-0.0767441860465116,0.0034091321220035,-0.0652123995407577,1722.0,1727.0,0.5298804780876494,0.0092648579063372,-4.726557281384443e-05,0.0001193471953323
2000-07-11,2120.0,2200.0,2120.0,2165.0,56100.0,2165.0,2149.0,2179.0,2070.76,1845.1333333333328,1975.1,False,False,False,False,False,False,True,True,False,False,False,-0.0207852193995381,0.0092378752886836,,,0.043528868360277,0.1477444187836798,0.0254041570438799,-0.0785219399538106,0.0037576326914043,-0.070215695273061,1705.0,1715.0,1.406015037593985,0.0096582897100581,0.0003934318037208,0.0003485005694008
2000-07-12,2190.0,2190.0,2160.0,2170.0,66400.0,2170.0,2163.0,2175.5,2085.56,1851.733333333333,1971.9,False,False,False,False,False,False,True,True,False,True,False,-0.0299539170506912,-0.0184331797235023,,,0.0389124423963133,0.1466666666666667,0.0092165898617511,-0.0460829493087557,0.003564228110599,-0.0678005056308894,1707.0,1690.0,1.1836007130124775,0.0070964153512724,-0.0025618743587857,-0.0001934045808052
2000-07-13,2180.0,2180.0,2030.0,2030.0,99200.0,2030.0,2143.0,2156.0,2094.76,1856.4533333333327,1967.6,False,False,False,False,False,False,True,True,False,True,False,0.0123152709359605,0.0443349753694581,,,-0.0319014778325124,0.0854909688013137,0.1034482758620689,-0.0270935960591133,0.002542482439634,-0.0623840445269016,1728.0,1680.0,1.4939759036144578,0.0043919112452024,-0.0027045041060699,-0.001021745670965
2000-07-14,2080.0,2135.0,2080.0,2090.0,34800.0,2090.0,2121.0,2141.0,2103.76,1860.32,1963.525,False,False,False,False,False,False,True,True,False,True,False,0.0287081339712918,0.0047846889952153,,,-0.0065837320574163,0.1098947368421053,0.0669856459330143,-0.0430622009569378,0.0020784954559789,-0.0558150397010742,1770.0,1630.0,0.3508064516129032,0.004278054530935,-0.0001138567142673,-0.000463986983655
2000-07-17,2160.0,2160.0,2100.0,2135.0,38800.0,2135.0,2118.0,2132.5,2113.28,1863.0533333333333,1960.0,False,False,False,False,False,False,True,True,False,False,False,0.0491803278688524,-0.0163934426229508,,,0.0101733021077282,0.127375487900078,0.0679156908665105,-0.0491803278688524,0.001467125650366,-0.0525205158264947,1780.0,1630.0,1.1149425287356325,0.0045048455481526,0.0002267910172175,-0.0006113698056128
2000-07-18,2130.0,2130.0,2050.0,2120.0,36400.0,2120.0,2109.0,2129.0,2122.28,1866.8533333333328,1956.6,False,False,False,False,False,False,True,True,False,True,False,0.0306603773584905,0.0377358490566037,,,-0.0010754716981133,0.1194088050314468,0.0683962264150943,-0.0330188679245283,0.0020355107346405,-0.0504931892907468,1778.0,1599.0,0.9381443298969072,0.0042407222421169,-0.0002641233060356,0.0005683850842744
2000-07-19,2050.0,2120.0,2030.0,2105.0,31000.0,2105.0,2096.0,2129.5,2126.88,1870.12,1953.375,False,False,False,False,False,False,True,True,False,True,False,0.01187648456057,0.0451306413301662,,,-0.0103942992874109,0.1115819477434679,0.0760095011876484,-0.0541567695961995,0.0017467684783153,-0.0534867339751115,1812.0,1600.0,0.8516483516483516,0.0021627924471525,-0.0020779297949643,-0.0002887422563252
2000-07-21,2080.0,2095.0,2050.0,2055.0,17400.0,2055.0,2101.0,2122.0,2127.88,1872.4533333333327,1950.075,False,False,False,False,False,False,True,True,False,True,False,0.0316301703163017,0.0608272506082725,,,-0.0354647201946472,0.088830494728305,0.1192214111922141,-0.0145985401459854,0.0012461369753762,-0.0508482563619227,1795.0,1700.0,0.5612903225806452,0.0004699513130439,-0.0016928411341086,-0.000500631502939
2000-07-24,2055.0,2150.0,2040.0,2150.0,64200.0,2150.0,2113.0,2117.0,2134.0,1876.92,1947.05,False,False,False,True,True,False,True,True,True,False,False,-0.0232558139534883,0.0069767441860465,,,0.0074418604651162,0.127013953488372,0.0697674418604651,-0.0581395348837209,0.0023797853220525,-0.0483703353802551,1762.0,1620.0,3.689655172413793,0.0028678537956887,0.0023979024826448,0.0011336483466762
2000-07-25,2190.0,2270.0,2140.0,2240.0,310400.0,2240.0,2134.0,2126.0,2140.0,1883.0666666666664,1944.4,False,False,False,False,False,False,True,True,False,True,True,-0.0625,-0.0223214285714285,,,0.0446428571428571,0.1593452380952382,0.0178571428571428,-0.0558035714285714,0.003264178998796,-0.0462841015992474,1780.0,1650.0,4.834890965732087,0.002803738317757,-6.411547793178703e-05,0.0008843936767435
2000-07-26,2220.0,2220.0,2170.0,2185.0,71000.0,2185.0,2147.0,2128.0,2142.8,1888.493333333333,1943.025,False,False,False,False,False,False,True,True,False,True,False,0.0068649885583524,0.0160183066361556,,,0.0193135011441646,0.1357009916094585,0.0389016018306636,-0.0297482837528604,0.0028735429301665,-0.0413063909774436,1782.0,1600.0,0.2287371134020618,0.0013067015120404,-0.0014970368057166,-0.0003906360686295
2000-07-27,2150.0,2180.0,2120.0,2130.0,23700.0,2130.0,2152.0,2124.0,2142.2,1893.3066666666664,1941.35,False,False,False,False,False,False,False,True,False,True,False,0.0328638497652582,0.0516431924882629,,,-0.0057276995305163,0.1111236306729265,0.0422535211267605,-0.0140845070422535,0.0025422893280186,-0.0380885122410546,1813.0,1590.0,0.3338028169014084,-0.0002800858930073,-0.0015867874050477,-0.0003312536021479
2000-07-28,2125.0,2130.0,2100.0,2120.0,30500.0,2120.0,2165.0,2133.0,2144.8,1897.88,1939.7,False,False,False,False,False,False,True,True,True,False,True,0.0283018867924528,0.0566037735849056,,,-0.0116981132075472,0.1047735849056603,0.0235849056603773,-0.0094339622641509,0.0024097062687491,-0.0362869198312236,1750.0,1689.0,1.2869198312236287,0.001212234240955,0.0014923201339623,-0.0001325830592694
2000-07-31,2100.0,2170.0,2020.0,2100.0,47100.0,2100.0,2155.0,2134.0,2146.2,1902.08,1938.2,False,False,False,False,False,False,True,True,False,True,False,0.0309523809523809,0.0785714285714285,,,-0.0219999999999999,0.094247619047619,0.0452380952380952,-0.0214285714285714,0.0022081090174965,-0.0341611996251171,1727.0,1750.0,1.544262295081967,0.0006523157208087,-0.0005599185201463,-0.0002015972512526
2000-08-01,2100.0,2175.0,2070.0,2100.0,112800.0,2100.0,2127.0,2130.5,2146.8,1907.0533333333333,1936.725,False,False,False,False,False,False,True,True,False,True,False,0.0428571428571428,0.0785714285714285,,,-0.0222857142857143,0.0918793650793651,0.0452380952380952,0.0071428571428571,0.0026078627411224,-0.0285848392396151,1675.0,1725.0,2.394904458598726,0.0002794857462271,-0.0003728299745815,0.0003997537236259
2000-08-02,2180.0,2200.0,2120.0,2200.0,95800.0,2200.0,2130.0,2138.5,2148.8,1913.52,1936.125,False,False,False,True,True,False,True,True,False,False,True,0.009090909090909,0.009090909090909,,,0.0232727272727271,0.1302181818181818,-0.0272727272727272,-0.0409090909090909,0.0033794612372312,-0.0294131400514379,1665.0,1745.0,0.849290780141844,0.0009307520476545,0.0006512663014273,0.0007715984961087
2000-08-03,2200.0,2200.0,2140.0,2200.0,101000.0,2200.0,2144.0,2148.0,2148.6,1920.32,1935.5,False,False,False,False,False,False,False,True,False,True,False,0.0181818181818181,-0.0045454545454545,,,0.0233636363636364,0.1271272727272727,-0.0295454545454545,-0.0454545454545454,0.0035410764872521,-0.0286312849162011,1800.0,1745.0,1.0542797494780791,-9.308386856570458e-05,-0.0010238359162202,0.0001616152500208
2000-08-04,2125.0,2230.0,2125.0,2180.0,94500.0,2180.0,2156.0,2160.5,2146.8,1926.986666666667,1934.825,False,False,False,False,False,False,False,True,False,True,False,0.0275229357798165,0.0275229357798165,,,0.015229357798165,0.1160611620795105,-0.018348623853211,-0.0137614678899082,0.0034596330021312,-0.0284656329553344,1800.0,1701.0,0.9356435643564356,-0.0008384572386807,-0.0007453733701149,-8.144348512081033e-05
2000-08-07,2145.0,2190.0,2145.0,2165.0,27600.0,2165.0,2169.0,2162.0,2143.8,1934.12,1934.325,False,False,False,False,False,False,False,True,False,True,False,0.046189376443418,0.0300230946882217,,,0.0097921478060045,0.1066420323325635,-0.0415704387990762,0.0092378752886836,0.0036881544750754,-0.0217391304347826,1865.0,1720.0,0.2920634920634921,-0.0013993842709207,-0.00056092703224,0.0002285214729441
2000-08-08,2200.0,2210.0,2155.0,2190.0,42300.0,2190.0,2187.0,2157.0,2142.6,1941.5866666666664,1934.125,False,False,False,False,False,False,False,True,False,False,False,0.0342465753424657,0.0410958904109589,,,0.0216438356164383,0.1134307458143076,-0.0410958904109589,-0.002283105022831,0.0038456520096964,-0.0162262401483541,1897.0,1722.0,1.5326086956521738,-0.000560067208065,0.0008393170628556,0.0001574975346209
2000-08-09,2230.0,2230.0,2165.0,2220.0,36400.0,2220.0,2191.0,2160.5,2145.2,1949.8666666666663,1934.725,False,False,False,False,False,False,True,True,True,False,False,0.0,0.0202702702702702,,,0.0336936936936937,0.1216816816816818,-0.063063063063063,-0.0675675675675675,0.0042464442013128,-0.0201342281879194,1895.0,1705.0,0.8605200945626478,0.0012120082043631,0.0017720754124282,0.0004007921916164
2000-08-10,2230.0,2245.0,2190.0,2240.0,124100.0,2240.0,2199.0,2171.5,2150.8,1958.4,1935.625,False,False,False,False,False,False,True,True,False,False,False,-0.0223214285714285,0.0111607142857142,,,0.0398214285714284,0.1257142857142856,-0.0625,-0.0602678571428571,0.0043572984749457,-0.0248676030393737,1990.0,1707.0,3.409340659340659,0.0026036823507533,0.0013916741463901,0.0001108542736328
2000-08-11,2240.0,2250.0,2200.0,2240.0,59400.0,2240.0,2211.0,2183.5,2155.2,1965.6,1936.275,False,False,False,False,False,False,True,True,False,True,False,0.0,0.0267857142857142,,,0.0378571428571429,0.1225,-0.0714285714285714,-0.0446428571428571,0.0036630036630035,-0.0283947790245019,2030.0,1728.0,0.4786462530217567,0.0020415738678543,-0.000562108482899,-0.0006942948119421
2000-08-14,2265.0,2270.0,2245.0,2265.0,63300.0,2265.0,2231.0,2200.0,2157.8,1974.2,1936.7,False,False,False,False,False,False,True,True,False,True,False,-0.0154525386313465,0.0154525386313465,,,0.0473289183222957,0.1283885209713024,-0.0816777041942604,-0.0066225165562913,0.0043561949143957,-0.0268181818181818,1997.0,1770.0,1.0656565656565655,0.0012049309481881,-0.0008366429196661,0.0006931912513922
2000-08-15,2290.0,2290.0,2255.0,2265.0,39200.0,2265.0,2246.0,2216.5,2162.4,1982.4,1937.1,False,False,False,False,False,False,True,True,False,False,False,0.0066225165562913,0.0066225165562913,,,0.045298013245033,0.1247682119205297,-0.0463576158940397,-0.0022075055187637,0.004136400322841,-0.0275208662305436,2090.0,1780.0,0.6192733017377567,0.0021272660007398,0.0009223350525517,-0.0002197945915547
2000-08-16,2270.0,2270.0,2205.0,2220.0,47100.0,2220.0,2246.0,2218.5,2164.6,1990.6666666666667,1936.8,False,False,False,False,False,False,True,True,False,True,False,0.0202702702702702,0.0225225225225225,,,0.0249549549549549,0.1033033033033032,-0.0225225225225225,0.0247747747747747,0.0041527126590756,-0.0209601081812035,2115.0,1778.0,1.201530612244898,0.0010163540607963,-0.0011109119399435,1.6312336234655667e-05
2000-08-17,2190.0,2225.0,2185.0,2190.0,48700.0,2190.0,2236.0,2217.5,2165.4,1998.6666666666667,1936.75,False,False,False,False,False,False,True,True,False,True,False,0.0342465753424657,0.0136986301369863,,,0.0112328767123287,0.0873668188736681,-0.0091324200913242,0.0502283105022831,0.0040026684456304,-0.011499436302142,2145.0,1812.0,1.0339702760084926,0.0003694467534867,-0.0006469073073096,-0.0001500442134452
2000-08-18,2220.0,2240.0,2205.0,2240.0,40600.0,2240.0,2236.0,2223.5,2173.8,2006.013333333333,1937.275,False,False,False,False,False,False,True,True,True,False,True,0.0267857142857142,-0.03125,,,0.0295535714285713,0.1044583333333334,-0.0446428571428571,0.0178571428571428,0.0036623219519975,-0.0083202158758713,2055.0,1795.0,0.8336755646817249,0.0038642009384488,0.0034947541849621,-0.0003403464936329
2000-08-21,2225.0,2240.0,2205.0,2230.0,27100.0,2230.0,2229.0,2230.0,2179.4,2012.4133333333327,1937.925,False,False,False,False,False,False,True,True,False,True,False,0.0313901345291479,-0.0156950672645739,,,0.0226905829596412,0.0975724962630792,-0.0560538116591928,0.0493273542600896,0.0031802611789493,-0.0042600896860986,2065.0,1762.0,0.6674876847290641,0.0025695145452876,-0.0012946863931611,-0.0004820607730481
2000-08-22,2220.0,2280.0,2200.0,2280.0,348500.0,2280.0,2232.0,2239.0,2185.2,2019.8133333333333,1938.425,False,False,False,False,False,False,True,True,False,False,False,0.0,-0.0372807017543859,,,0.0415789473684211,0.1141169590643275,-0.0811403508771929,0.0263157894736842,0.0036637048968221,-0.0013398838767306,2085.0,1780.0,12.859778597785978,0.0026542192934283,8.470474814074262e-05,0.0004834437178728
2000-08-23,2285.0,2285.0,2240.0,2265.0,44100.0,2265.0,2241.0,2243.5,2191.0,2026.746666666667,1938.5,False,False,False,False,False,False,True,True,False,True,False,0.0022075055187637,-0.0551876379690949,,,0.0326710816777041,0.1051891096394406,-0.0662251655629139,0.0419426048565121,0.0034209175953582,0.009583240472476,2150.0,1782.0,0.1265423242467719,0.0026471930625286,-7.026230899785657e-06,-0.0002427873014639
2000-08-24,2270.0,2295.0,2265.0,2265.0,74200.0,2265.0,2256.0,2246.0,2197.4,2033.68,1938.325,False,False,False,False,False,False,True,True,False,False,False,-0.0198675496688741,-0.0573951434878587,,,0.0298454746136864,0.1021280353200882,-0.0662251655629139,0.0529801324503311,0.0034092548155723,0.0209260908281389,2205.0,1813.0,1.6825396825396826,0.0029125329935378,0.0002653399310092,-1.1662779785874718e-05
2000-08-25,2290.0,2300.0,2270.0,2300.0,81700.0,2300.0,2268.0,2252.0,2207.2,2041.6666666666667,1938.025,False,False,False,False,False,False,True,True,False,False,False,-0.0565217391304347,-0.0695652173913043,,,0.0403478260869566,0.1123188405797101,-0.0760869565217391,0.0521739130434782,0.0039118367346938,0.030639431616341,2225.0,1750.0,1.101078167115903,0.0044400144980064,0.0015274815044685,0.0005025819191215
2000-08-28,2300.0,2300.0,2280.0,2300.0,51600.0,2300.0,2282.0,2255.5,2213.2,2049.4,1938.025,False,False,False,False,False,False,True,True,False,True,False,-0.0456521739130434,-0.0978260869565217,,,0.0377391304347826,0.1089565217391304,-0.0826086956521739,0.0434782608695652,0.003773462151524,0.035690534249612,2240.0,1727.0,0.631578947368421,0.0027110066871498,-0.0017290078108565,-0.0001383745831698
2000-08-29,2300.0,2300.0,2240.0,2280.0,24900.0,2280.0,2282.0,2257.0,2214.8,2056.84,1938.15,False,False,False,False,False,False,True,True,False,True,False,-0.0372807017543859,-0.0789473684210526,,,0.02859649122807,0.097877192982456,-0.0833333333333333,0.0614035087719298,0.0036171991987709,0.0420912715994683,2220.0,1675.0,0.4825581395348837,0.000722412858949,-0.0019885938282007,-0.000156262952753
2000-08-30,2290.0,2295.0,2240.0,2270.0,44800.0,2270.0,2283.0,2262.0,2218.2,2064.373333333333,1938.15,False,False,False,False,False,False,True,True,True,False,True,-0.0572687224669603,-0.0837004405286343,,,0.0228193832599119,0.0905844346549193,-0.0748898678414096,0.0,0.0036492107370757,0.0395667550839964,2155.0,1665.0,1.7991967871485943,0.0015327743215217,0.0008103614625727,3.201153830479026e-05
2000-08-31,2240.0,2250.0,2160.0,2220.0,71400.0,2220.0,2274.0,2265.0,2221.8,2071.213333333333,1938.225,False,False,False,False,False,False,True,True,False,False,False,-0.0382882882882882,-0.054054054054054,,,-0.0008108108108108,0.0670210210210211,-0.054054054054054,0.036036036036036,0.0033024121127069,0.0381898454746136,2100.0,1800.0,1.59375,0.0016203078584932,8.753353697148625e-05,-0.0003467986243687
2000-09-01,2220.0,2230.0,2155.0,2170.0,68900.0,2170.0,2248.0,2258.0,2223.8,2077.1066666666666,1938.075,False,False,False,False,False,False,True,True,False,True,False,-0.0138248847926267,-0.0414746543778801,,,-0.0247926267281106,0.0428079877112135,-0.0345622119815668,0.0138248847926267,0.0028372800626512,0.0378653675819309,2130.0,1800.0,0.9649859943977592,0.0008993614533681,-0.0007209464051251,-0.0004651320500556
2000-09-04,2190.0,2200.0,2160.0,2195.0,122400.0,2195.0,2227.0,2254.5,2227.6,2082.773333333333,1938.05,False,False,False,False,False,False,True,True,True,False,False,-0.0546697038724373,-0.0523917995444191,,,-0.0148519362186787,0.0511283219438118,-0.0523917995444191,0.0318906605922551,0.0027207313325821,0.0361499223774672,2200.0,1865.0,1.776487663280116,0.0017058717902674,0.0008065103368993,-0.0001165487300691
2000-09-05,2200.0,2200.0,2180.0,2195.0,20900.0,2195.0,2210.0,2246.0,2231.4,2088.306666666667,1938.025,False,False,False,False,False,False,True,True,False,True,False,-0.0432801822323462,-0.0159453302961275,,,-0.0165831435079727,0.0486074411541381,-0.061503416856492,0.0569476082004555,0.0026496746965645,0.0391807658058771,2150.0,1897.0,0.1707516339869281,0.0017029667473335,-2.905042933836052e-06,-7.1056636017561e-05
2000-09-06,2170.0,2205.0,2140.0,2140.0,57800.0,2140.0,2184.0,2233.5,2229.0,2093.133333333333,1937.725,False,False,False,False,False,False,False,True,False,True,False,-0.02803738317757,0.014018691588785,,,-0.0415887850467289,0.0219003115264798,-0.0233644859813084,0.1214953271028037,0.0023059527980378,0.046787553167674,2165.0,1895.0,2.7655502392344498,-0.0010767160161507,-0.0027796827634843,-0.0003437218985266
2000-09-07,2155.0,2175.0,2100.0,2135.0,59800.0,2135.0,2167.0,2220.5,2226.4,2097.44,1937.6,False,False,False,False,False,False,False,True,False,True,False,-0.0163934426229508,0.0163934426229508,,,-0.0428103044496487,0.0175925058548009,-0.0398126463700234,0.1007025761124121,0.0020532967172681,0.0513397883359603,2170.0,1990.0,1.0346020761245676,-0.0011678045274882,-9.108851133749992e-05,-0.0002526560807697
2000-09-08,2115.0,2140.0,2090.0,2140.0,46500.0,2140.0,2161.0,2204.5,2224.8,2102.04,1937.375,False,False,False,False,False,False,False,True,False,False,False,-0.02803738317757,0.0,,,-0.0396261682242991,0.0177383177570093,-0.0467289719626168,0.1098130841121495,0.0021883503644078,0.0569290088455432,2030.0,2030.0,0.7775919732441472,-0.0007191657677094,0.0004486387597788,0.0001350536471397
2000-09-11,2095.0,2100.0,2070.0,2075.0,39800.0,2075.0,2137.0,2182.0,2221.2,2106.213333333333,1936.8,False,False,False,False,False,False,False,True,False,True,False,0.0024096385542168,0.0144578313253012,,,-0.0704578313253011,-0.0150425702811244,-0.036144578313253,0.1349397590361445,0.0019814390438448,0.0657653528872593,2090.0,1997.0,0.8559139784946237,-0.0016207455429499,-0.0009015797752405,-0.000206911320563
2000-09-12,2110.0,2115.0,2070.0,2100.0,21600.0,2100.0,2118.0,2164.0,2217.6,2110.48,1936.65,False,False,False,False,False,False,False,True,False,True,False,0.0285714285714285,-0.0023809523809523,,,-0.0559999999999999,-0.0049904761904761,-0.0285714285714285,0.1,0.0020216570006192,0.069547134935305,2135.0,2090.0,0.542713567839196,-0.0016233766233765,-2.631080426661759e-06,4.021795677442959e-05
2000-09-13,2080.0,2095.0,2075.0,2080.0,32600.0,2080.0,2106.0,2145.0,2212.0,2114.4533333333334,1936.25,False,False,False,False,False,False,False,True,False,True,False,0.0432692307692307,0.016826923076923,,,-0.0634615384615384,-0.0165641025641025,-0.0192307692307692,0.110576923076923,0.0018791303031831,0.0808857808857808,2120.0,2115.0,1.5092592592592593,-0.0025316455696202,-0.0009082689462436,-0.000142526697436
2000-09-14,2080.0,2100.0,2075.0,2100.0,42600.0,2100.0,2099.0,2133.0,2206.4,2118.28,1936.2,False,False,False,False,False,False,False,True,False,True,False,0.0333333333333333,0.0071428571428571,,,-0.0506666666666667,-0.008704761904762,-0.0238095238095238,0.0857142857142857,0.0018064970951275,0.0860290670417252,2105.0,2145.0,1.3067484662576687,-0.0025380710659898,-6.425496369594306e-06,-7.263320805561474e-05
2000-09-18,2090.0,2105.0,2070.0,2080.0,26300.0,2080.0,2087.0,2124.0,2200.0,2122.68,1935.85,False,False,False,False,False,False,False,True,False,True,False,0.0288461538461538,0.0216346153846153,,,-0.0576923076923076,-0.0205192307692306,-0.0192307692307692,0.0649038461538461,0.0020728513011851,0.091337099811676,2055.0,2055.0,0.6173708920187794,-0.0029090909090909,-0.0003710198431011,0.0002663542060575
2000-09-19,2060.0,2095.0,2060.0,2080.0,108200.0,2080.0,2088.0,2112.5,2192.6,2127.3866666666668,1935.6,False,False,False,False,False,False,False,True,False,True,False,0.0120192307692307,0.0144230769230769,,,-0.0541346153846153,-0.0227820512820513,-0.0288461538461538,0.0817307692307692,0.0022124171127017,0.0965680473372781,2150.0,2065.0,4.114068441064639,-0.0033749885980115,-0.0004658976889205,0.0001395658115166
2000-09-20,2090.0,2160.0,2090.0,2160.0,35500.0,2160.0,2100.0,2109.0,2188.4,2133.853333333333,1936.05,False,False,False,False,False,False,False,True,False,False,False,-0.0300925925925925,-0.0324074074074074,,,-0.0131481481481481,0.012104938271605,-0.0810185185185185,0.0555555555555555,0.0030305113128672,0.0964912280701754,2240.0,2085.0,0.3280961182994454,-0.0019192103820141,0.0014557782159973,0.0008180942001655
2000-09-21,2150.0,2170.0,2120.0,2170.0,31700.0,2170.0,2118.0,2112.0,2186.4,2140.5866666666666,1936.4,False,False,False,False,False,False,False,True,False,False,False,-0.0253456221198156,-0.032258064516129,,,-0.0075576036866359,0.0135545314900153,-0.0806451612903225,0.0138248847926267,0.0031455551126172,0.0854640151515151,2185.0,2150.0,0.8929577464788733,-0.0009147457006952,0.0010044646813189,0.0001150437997499
2000-09-22,2145.0,2170.0,2100.0,2170.0,35900.0,2170.0,2132.0,2115.5,2185.6,2145.52,1936.9,False,False,False,False,False,False,False,True,False,False,False,-0.0253456221198156,-0.032258064516129,,,-0.0071889400921658,0.0112811059907834,-0.0460829493087557,0.0138248847926267,0.0022993648781336,0.0765776412195698,2130.0,2205.0,1.1324921135646688,-0.0003660322108346,0.0005487134898605,-0.0008461902344835
2000-09-25,2170.0,2175.0,2110.0,2140.0,39700.0,2140.0,2144.0,2115.5,2181.6,2150.0533333333333,1937.275,False,False,False,False,False,False,False,True,False,True,False,-0.0070093457943925,-0.0210280373831775,,,-0.0194392523364485,-0.0046978193146417,-0.0771028037383177,-0.0116822429906542,0.0021084748285313,0.0642874025053178,2120.0,2225.0,1.105849582172702,-0.0018335166850018,-0.0014674844741671,-0.0001908900496023
2000-09-26,2100.0,2120.0,2090.0,2105.0,26300.0,2105.0,2149.0,2118.5,2176.6,2153.2533333333336,1937.4,False,False,False,False,False,False,False,True,False,True,False,0.002375296912114,-0.01187648456057,,,-0.0340142517814726,-0.022923198733175,-0.0498812351543943,0.0356294536817102,0.0014861233234672,0.0545197073400991,2100.0,2240.0,0.6624685138539043,-0.0022971607093632,-0.0004636440243613,-0.0006223515050641
2000-09-27,2115.0,2115.0,2080.0,2095.0,13900.0,2095.0,2136.0,2118.0,2169.2,2155.893333333333,1936.875,False,False,False,False,False,False,False,True,False,True,False,-0.0023866348448687,-0.0167064439140811,,,-0.0354176610978519,-0.0290660302307078,-0.0310262529832935,0.0739856801909307,0.001224550379734,0.0519357884796978,2100.0,2220.0,0.5285171102661597,-0.0034113959063249,-0.0011142351969617,-0.0002615729437332
2000-09-28,2090.0,2115.0,2080.0,2115.0,18900.0,2115.0,2125.0,2121.5,2163.2,2158.826666666667,1936.475,False,False,False,False,False,False,False,True,False,False,False,-0.0070921985815602,-0.0118203309692671,,,-0.0227895981087469,-0.0207218282111899,-0.0307328605200945,0.0070921985815602,0.0013587627847228,0.0417157671458873,2200.0,2155.0,1.359712230215827,-0.0027736686390532,0.0006377272672716,0.0001342124049887
2000-09-29,2055.0,2115.0,2055.0,2115.0,32000.0,2115.0,2114.0,2123.0,2157.2,2160.4933333333333,1936.2,False,False,True,False,False,False,False,True,False,True,False,-0.0070921985815602,-0.0307328605200945,,,-0.0199527186761228,-0.0215098502758077,-0.058628841607565,0.0094562647754137,0.000771428747755,0.0341497880357984,2200.0,2100.0,1.693121693121693,-0.0027813832746152,-7.714635561987399e-06,-0.0005873340369677
2000-10-02,2150.0,2150.0,2070.0,2125.0,37100.0,2125.0,2111.0,2127.5,2150.2,2161.76,1936.075,False,False,False,False,False,False,False,True,False,True,True,-0.0141176470588235,-0.04,,,-0.0118588235294116,-0.0172988235294118,-0.0470588235294117,-0.0070588235294117,0.0005859423186046,0.027027027027027,2180.0,2130.0,1.159375,-0.003255511115245,-0.0004741278406298,-0.0001854864291503
2000-10-03,2140.0,2140.0,2070.0,2110.0,34800.0,2110.0,2112.0,2130.5,2142.6,2163.266666666667,1936.025,False,False,False,False,False,False,False,True,False,True,False,-0.0142180094786729,-0.0521327014218009,,,-0.0154502369668246,-0.0252448657187994,-0.0402843601895734,0.0023696682464454,0.0006964775493851,0.0192443088476883,2165.0,2200.0,0.9380053908355797,-0.0035470923177447,-0.0002915812024996,0.0001105352307804
2000-10-04,2110.0,2110.0,2060.0,2090.0,34800.0,2090.0,2111.0,2123.5,2135.0,2163.266666666667,1935.725,False,False,False,False,False,False,False,False,False,True,False,-0.0143540669856459,-0.0239234449760765,,,-0.0215311004784689,-0.0350558213716109,0.0119617224880382,-0.0047846889952153,0.0,0.0131857781963739,2190.0,2150.0,1.0,-0.0035597189695549,-1.2626651810238986e-05,-0.0006964775493851
2000-10-05,2110.0,2110.0,2070.0,2100.0,33300.0,2100.0,2108.0,2116.5,2128.2,2163.0666666666666,1935.725,False,False,False,False,False,False,False,False,False,False,False,-0.0047619047619047,-0.0285714285714285,,,-0.0134285714285713,-0.030031746031746,0.0095238095238095,-0.0095238095238095,-9.246132034778071e-05,0.0108669974013701,2220.0,2165.0,0.956896551724138,-0.0031951884221408,0.0003645305474141,-9.246132034778071e-05
2000-10-06,2100.0,2100.0,2090.0,2100.0,22500.0,2100.0,2105.0,2109.5,2123.4,2162.4666666666667,1935.9,False,False,False,False,False,False,False,False,False,False,False,-0.0238095238095238,-0.0238095238095238,,,-0.0111428571428571,-0.0297460317460317,0.0,0.0285714285714285,-0.0002774609242531,0.0123251955439677,2240.0,2170.0,0.6756756756756757,-0.0022605255721954,0.0009346628499454,-0.0001849996039053
2000-10-10,2060.0,2095.0,2035.0,2095.0,32400.0,2095.0,2099.0,2105.0,2120.4,2163.0,1936.025,False,False,False,False,False,False,False,True,False,False,False,-0.026252983293556,-0.026252983293556,,,-0.0121241050119332,-0.0324582338902147,0.0023866348448687,0.0405727923627685,0.0002465711203575,0.0175771971496437,2240.0,2030.0,1.44,-0.0014148273910582,0.0008456981811371,0.0005240320446106
2000-10-11,2080.0,2080.0,2035.0,2080.0,30800.0,2080.0,2093.0,2102.5,2115.8,2163.2,1936.15,False,False,False,False,False,False,False,True,False,True,False,-0.0384615384615384,-0.0288461538461538,,,-0.0172115384615385,-0.0399999999999999,-0.0120192307692307,0.0432692307692307,9.245562130169108e-05,0.0183115338882283,2265.0,2090.0,0.9506172839506172,-0.0021741185367236,-0.0007592911456653,-0.0001541154990558
2000-10-12,2040.0,2060.0,2030.0,2060.0,55000.0,2060.0,2087.0,2099.0,2110.4,2162.866666666667,1936.35,False,False,False,False,False,False,False,False,False,True,False,-0.0097087378640776,-0.0364077669902912,,,-0.0244660194174757,-0.0499352750809062,0.0266990291262135,0.0558252427184466,-0.0001541164503897,0.0164363982848975,2265.0,2135.0,1.7857142857142858,-0.0025587566338135,-0.0003846380970898,-0.0002465720716914
2000-10-13,2070.0,2095.0,2070.0,2090.0,31700.0,2090.0,2085.0,2096.5,2108.4,2162.0666666666666,1936.975,False,False,False,False,False,False,False,False,False,False,False,-0.0239234449760765,-0.0454545454545454,,,-0.0088038277511962,-0.0344816586921849,0.0095693779904306,0.0263157894736842,-0.0003700163423885,0.018363939899833,2220.0,2120.0,0.5763636363636364,-0.0009485866059571,0.0016101700278564,-0.0002158998919987
2000-10-16,2090.0,2090.0,2050.0,2050.0,36400.0,2050.0,2075.0,2090.0,2105.0,2160.0,1937.715,False,False,False,False,False,False,False,False,False,True,False,0.0,0.0097560975609756,,,-0.0268292682926829,-0.0536585365853658,0.024390243902439,0.048780487804878,-0.0009567901234567,0.0222488038277511,2190.0,2105.0,1.1482649842271293,-0.0016152019002375,-0.0006666152942804,-0.0005867737810682
2000-10-17,2040.0,2050.0,2035.0,2040.0,32700.0,2040.0,2064.0,2081.5,2101.0,2157.5333333333333,1938.265,False,False,False,False,False,False,False,False,False,True,False,0.0,-0.0318627450980392,,,-0.0299019607843137,-0.0576143790849673,0.0539215686274509,0.0661764705882353,-0.0011432809072088,0.0295460004804227,2240.0,2055.0,0.8983516483516484,-0.0019038553069966,-0.000288653406759,-0.0001864907837521
2000-10-18,2040.0,2040.0,2000.0,2000.0,29900.0,2000.0,2048.0,2070.5,2098.0,2154.333333333333,1938.665,False,False,False,False,False,False,False,False,False,False,False,0.01,0.0,,,-0.049,-0.0771666666666665,0.0925,0.105,-0.0014853783072877,0.0396039603960396,2230.0,2150.0,0.9143730886850152,-0.0014299332697807,0.0004739220372159,-0.0003420974000789
2000-10-19,2000.0,2040.0,1990.0,2040.0,46200.0,2040.0,2044.0,2065.5,2095.6,2151.9333333333334,1939.285,False,False,False,False,False,False,False,False,False,False,False,-0.0269607843137254,-0.0049019607843137,,,-0.0272549019607842,-0.0548692810457516,0.071078431372549,0.1078431372549019,-0.0011152761857552,0.0508351488743645,2280.0,2240.0,1.5451505016722409,-0.0011452567283833,0.0002846765413974,0.0003701021215324
2000-10-20,2050.0,2080.0,2040.0,2040.0,19400.0,2040.0,2034.0,2059.5,2094.0,2150.4,1939.835,False,False,False,False,False,False,False,False,False,False,False,-0.0220588235294117,0.0049019607843137,,,-0.0264705882352941,-0.0541176470588235,0.0147058823529411,0.1078431372549019,-0.0007130456349206,0.0626365622723962,2265.0,2185.0,0.4199134199134199,-0.000764087870105,0.0003811688582783,0.0004022305508346
2000-10-23,2040.0,2070.0,2040.0,2050.0,17400.0,2050.0,2034.0,2054.5,2092.0,2149.733333333333,1940.585,False,False,False,False,False,False,False,False,False,True,False,0.0097560975609756,-0.028780487804878,,,-0.0204878048780487,-0.0486504065040649,0.0268292682926829,0.1024390243902439,-0.0003101159833779,0.070090046239961,2265.0,2130.0,0.8969072164948454,-0.0009560229445506,-0.0001919350744456,0.0004029296515426
2000-10-24,2050.0,2050.0,2020.0,2040.0,34700.0,2040.0,2034.0,2049.0,2090.4,2148.5333333333333,1941.335,False,False,False,False,False,False,False,False,False,False,False,-0.0318627450980392,-0.0073529411764705,,,-0.0247058823529412,-0.0532026143790849,0.0490196078431372,0.1200980392156862,-0.0005585205411442,0.0780868716447047,2300.0,2120.0,1.9942528735632183,-0.0007654037504783,0.0001906191940723,-0.0002484045577663
2000-10-25,2020.0,2025.0,2000.0,2020.0,30300.0,2020.0,2038.0,2043.0,2088.0,2146.133333333333,1942.135,False,False,False,False,False,False,False,False,False,True,False,-0.0099009900990099,0.0024752475247524,,,-0.0336633663366336,-0.0624422442244223,0.1138613861386138,0.1386138613861386,-0.0011182902584493,0.0876162506118453,2300.0,2100.0,0.8731988472622478,-0.0011494252873563,-0.000384021536878,-0.000559769717305
2000-10-26,2000.0,2000.0,1958.0,1985.0,36800.0,1985.0,2027.0,2035.5,2081.0,2143.9333333333334,1942.66,False,False,False,False,False,False,False,False,False,True,False,0.0226700251889168,0.0654911838790932,,,-0.0483627204030226,-0.0800671704450042,0.1385390428211587,0.1486146095717884,-0.0010261513106749,0.0967821174158683,2280.0,2100.0,1.2145214521452146,-0.0033637674195098,-0.0022143421321534,9.213894777434844e-05
2000-10-27,1985.0,2000.0,1983.0,1995.0,70900.0,1995.0,2018.0,2026.0,2074.0,2141.6666666666665,1943.085,False,False,False,False,False,False,False,False,False,True,False,0.0275689223057644,0.06265664160401,,,-0.0395989974937343,-0.073517126148705,0.1403508771929824,0.162907268170426,-0.0010583657587549,0.1105626850937808,2270.0,2200.0,1.9266304347826089,-0.0033751205400192,-1.13531205094353e-05,-3.221444807996487e-05
2000-10-30,2010.0,2080.0,2000.0,2070.0,137400.0,2070.0,2022.0,2028.0,2070.0,2140.333333333333,1944.03,False,False,False,False,False,False,False,False,False,False,False,-0.0381642512077294,0.0144927536231884,,,0.0,-0.033977455716586,0.1111111111111111,0.1135265700483091,-0.0006229559258683,0.1171104536489151,2220.0,2200.0,1.9379407616361075,-0.0019323671497584,0.0014427533902608,0.0004354098328866
2000-10-31,2005.0,2005.0,1950.0,1975.0,50500.0,1975.0,2009.0,2021.5,2063.4,2139.6,1944.465,False,False,False,False,False,False,False,False,False,True,False,0.0253164556962025,0.0632911392405063,,,-0.0447594936708861,-0.0833417721518986,0.1544303797468354,0.1265822784810126,-0.0003427431918737,0.1231758595102646,2170.0,2180.0,0.3675400291120815,-0.0031986042454201,-0.0012662370956616,0.0002802127339945
2000-11-01,1976.0,2015.0,1976.0,2000.0,29600.0,2000.0,2005.0,2021.5,2059.2,2138.4,1945.075,False,False,False,False,False,False,False,False,False,False,False,0.0125,0.0275,,,-0.0295999999999999,-0.0692,0.17,0.14,-0.0005611672278338,0.1266386346772199,2195.0,2165.0,0.5861386138613861,-0.0020396270396271,0.0011589772057929,-0.00021842403596
2000-11-02,2000.0,2040.0,1998.0,2030.0,38200.0,2030.0,2014.0,2020.5,2056.6,2137.0,1945.75,False,False,False,False,False,False,False,False,False,False,False,0.041871921182266,0.041871921182266,,,-0.013103448275862,-0.0527093596059113,0.1527093596059113,0.125615763546798,-0.0006551240056153,0.1284335560504825,2195.0,2190.0,1.2905405405405406,-0.0012642225031605,0.0007754045364666,-9.395677778158171e-05
2000-11-06,2050.0,2060.0,2020.0,2050.0,41700.0,2050.0,2025.0,2021.5,2054.0,2136.0666666666666,1946.455,False,False,False,False,False,False,False,False,False,True,False,0.0341463414634146,0.0292682926829268,,,-0.0019512195121951,-0.0419837398373983,0.1512195121951219,0.0951219512195122,-0.0004369401704066,0.1271333168439277,2140.0,2220.0,1.0916230366492146,-0.00126582278481,-1.6002816495702416e-06,0.0002181838352086
2000-11-07,2050.0,2050.0,1990.0,1991.0,33800.0,1991.0,2009.2,2015.6,2049.04,2134.5466666666666,1946.46,False,False,False,False,False,False,False,False,False,True,False,0.0547463586137619,0.0547463586137619,,,-0.0291511803114012,-0.0720977733132429,0.1978905072827724,0.1099949773982923,-0.000712094995971,0.1279519745981346,2135.0,2240.0,0.8105515587529976,-0.002420645765822,-0.0011548229810119,-0.0002751548255643
2000-11-08,2000.0,2035.0,1998.0,2025.0,14400.0,2025.0,2019.2,2014.1,2045.04,2134.1466666666665,1946.835,False,False,False,False,False,False,False,False,False,False,False,0.037037037037037,0.0617283950617283,,,-0.0098962962962962,-0.0538995884773661,0.1950617283950617,0.1160493827160493,-0.000187428542868,0.1275507670920014,2140.0,2240.0,0.4260355029585799,-0.0019559519618198,0.0004646938040022,0.0005246664531029
2000-11-09,2020.0,2030.0,2005.0,2025.0,15200.0,2025.0,2024.2,2014.6,2041.64,2132.48,1947.255,False,False,False,False,False,False,False,False,False,False,False,0.0148148148148148,0.0790123456790123,,,-0.0082172839506173,-0.0530765432098765,0.1851851851851851,0.0962962962962963,-0.0007815626250499,0.1232999106522387,2075.0,2265.0,1.0555555555555556,-0.0016653278736701,0.0002906240881496,-0.0005941340821818
2000-11-10,2050.0,2120.0,2000.0,2115.0,63800.0,2115.0,2041.2,2027.6,2042.64,2130.813333333333,1947.93,False,False,False,False,True,False,True,False,False,False,True,0.0,0.0330969267139479,,,0.0342127659574467,-0.0074767533490936,0.1442080378250591,0.0378250591016548,-0.0007821739429702,0.1119057013217597,2100.0,2265.0,4.197368421052632,0.0004895625269259,0.002154890400596,-6.113179203268626e-07
2000-11-13,2080.0,2150.0,2060.0,2120.0,140300.0,2120.0,2055.2,2040.1,2043.44,2129.9466666666667,1948.555,False,False,False,False,False,False,True,False,False,True,False,-0.0047169811320754,-0.0235849056603773,,,0.0361132075471697,-0.004691823899371,0.070754716981132,0.0377358490566037,-0.0004068959473162,0.0992108229988726,2080.0,2220.0,2.199059561128527,0.0003914966918529,-9.806583507300742e-05,0.000375277995654
2000-11-14,2060.0,2110.0,2060.0,2100.0,15000.0,2100.0,2077.0,2043.1,2043.44,2129.5466666666666,1948.905,False,False,False,False,False,False,False,False,False,True,False,0.0,0.0023809523809523,,,0.0269333333333333,-0.0140698412698412,0.0952380952380952,0.0571428571428571,-0.0001878334042926,0.0934364446184719,2100.0,2190.0,0.1069137562366357,0.0,-0.0003914966918529,0.0002190625430235
2000-11-15,2075.0,2145.0,2060.0,2100.0,70100.0,2100.0,2092.0,2055.6,2043.64,2129.28,1949.305,False,False,False,False,False,False,True,False,False,False,False,0.0238095238095238,0.019047619047619,,,0.0268380952380951,-0.0139428571428572,0.0476190476190476,0.0714285714285714,-0.0001252379521088,0.0880035026269702,2080.0,2240.0,4.673333333333333,9.786459454700704e-05,9.786459454700704e-05,6.25954521837689e-05
2000-11-16,2130.0,2145.0,2050.0,2055.0,43600.0,2055.0,2098.0,2061.1,2042.64,2128.68,1949.58,False,False,False,False,False,False,False,False,False,True,False,0.0632603406326034,0.0948905109489051,,,0.0060145985401459,-0.03585401459854,0.1021897810218978,0.0754257907542579,-0.0002818648176336,0.0817039444956577,2080.0,2230.0,0.6219686162624821,-0.0004895625269259,-0.0005874271214729,-0.0001566268655247
2000-11-17,2055.0,2145.0,2050.0,2115.0,54200.0,2115.0,2098.0,2069.6,2044.84,2128.88,1950.205,False,False,False,False,False,False,True,True,True,False,False,0.0330969267139479,0.0685579196217494,,,0.0331725768321513,-0.0065626477541371,0.0969267139479905,0.0165484633569739,9.39461125099925e-05,0.0707383069192114,2160.0,2280.0,1.243119266055046,0.001075878797363,0.0015654413242889,0.0003758109301436
2000-11-20,2100.0,2160.0,2080.0,2110.0,39200.0,2110.0,2096.0,2075.6,2045.64,2127.68,1950.78,False,False,False,False,False,False,True,False,False,True,False,-0.0189573459715639,0.0781990521327014,,,0.0305023696682463,-0.0083791469194312,0.1374407582938388,-0.0071090047393364,-0.0005639945856521,0.0604162651763346,2170.0,2265.0,0.7232472324723247,0.0003910756535852,-0.0006848031437777,-0.000657940698162
2000-11-21,2145.0,2145.0,2090.0,2100.0,26100.0,2100.0,2096.0,2086.5,2047.64,2126.346666666667,1951.64,False,False,False,False,False,False,True,False,False,False,False,0.0023809523809523,0.0952380952380952,,,0.0249333333333332,-0.0125460317460318,0.119047619047619,-0.0142857142857142,-0.0006270536005416,0.0481667864845434,2170.0,2265.0,0.6658163265306123,0.0009767341915571,0.0005856585379718,-6.305901488952567e-05
2000-11-22,2135.0,2150.0,2110.0,2150.0,39100.0,2150.0,2106.0,2099.0,2052.04,2125.9466666666667,1952.785,False,False,False,False,False,False,True,False,True,False,False,-0.0046511627906976,0.0604651162790697,,,0.0455627906976744,0.0111875968992247,0.1046511627906976,-0.0627906976744186,-0.0001881514744804,0.0302525011910433,2140.0,2300.0,1.4980842911877394,0.0021442077152491,0.001167473523692,0.0004389021260612
2000-11-24,2150.0,2185.0,2130.0,2185.0,54200.0,2185.0,2132.0,2115.0,2059.44,2126.213333333333,1954.215,False,False,False,False,False,False,True,True,False,False,False,0.0297482837528604,0.0709382151029748,,,0.0574645308924484,0.0269046529366896,0.0778032036613272,-0.0709382151029748,0.0001254185845257,0.0134751773049645,2105.0,2300.0,1.3861892583120206,0.0035932098046071,0.0014490020893579,0.0003135700590061
2000-11-27,2155.0,2185.0,2155.0,2185.0,26400.0,2185.0,2146.0,2122.0,2065.24,2126.1466666666665,1955.64,False,False,False,False,False,False,True,False,False,True,False,0.034324942791762,0.0709382151029748,,,0.0548100686498856,0.0269351639969489,0.05720823798627,-0.0503432494279176,-3.1355629276095425e-05,0.0044769085768143,2095.0,2280.0,0.4870848708487085,0.002808390308148,-0.000784819496459,-0.0001567742138018
2000-11-28,2160.0,2175.0,2060.0,2070.0,31200.0,2070.0,2138.0,2117.0,2066.44,2124.1466666666665,1956.715,False,False,False,False,False,False,True,False,False,True,False,0.0990338164251207,0.1400966183574879,,,0.0017198067632849,-0.0261578099838968,0.1159420289855072,0.0289855072463768,-0.0009415545693643,0.0035427491733585,2115.0,2270.0,1.181818181818182,0.0005807088519387,-0.0022276814562093,-0.0009101989400882
2000-11-29,2070.0,2145.0,2070.0,2105.0,8500.0,2105.0,2139.0,2117.5,2068.64,2122.346666666667,1957.745,False,False,False,False,False,False,True,False,False,False,False,0.0926365795724465,0.1330166270783848,,,0.0172731591448931,-0.0082406967537609,0.0831353919239905,0.0593824228028503,-0.0008481178067043,0.0037780401416765,2115.0,2220.0,0.2724358974358974,0.0010635006574366,0.0004827918054979,9.343676265992548e-05
2000-11-30,2100.0,2150.0,2100.0,2140.0,53100.0,2140.0,2137.0,2121.5,2072.64,2121.0133333333333,1959.17,False,False,False,False,False,False,True,False,False,False,False,0.0654205607476635,0.1308411214953271,,,0.0314766355140187,0.0088722741433021,0.0350467289719626,0.0654205607476635,-0.0006286303402148,0.0032995522036295,2125.0,2170.0,6.247058823529412,0.0019299058205959,0.0008664051631592,0.0002194874664895
2000-12-01,2130.0,2270.0,2100.0,2250.0,132900.0,2250.0,2150.0,2141.0,2081.84,2120.813333333333,1961.145,False,False,False,False,False,False,True,False,False,False,False,0.04,0.0666666666666666,,,0.0747377777777777,0.0574162962962964,0.0,0.0622222222222222,-9.430344333318956e-05,0.0025688930406352,2110.0,2195.0,2.5028248587570623,0.0044191676593783,0.0024892618387824,0.0005343268968816
2000-12-04,2210.0,2280.0,2180.0,2260.0,116700.0,2260.0,2165.0,2155.5,2092.84,2120.7466666666664,1963.29,False,False,False,False,False,False,True,False,False,False,False,0.0353982300884955,0.0707964601769911,,,0.0739646017699114,0.0616165191740413,0.0088495575221238,0.0353982300884955,-3.1435469268656655e-05,0.0046392948271862,2090.0,2195.0,0.8781038374717833,0.0052560157489344,0.000836848089556,6.286797406453292e-05
2000-12-05,2280.0,2300.0,2270.0,2275.0,119300.0,2275.0,2206.0,2172.0,2104.04,2121.48,1965.77,False,False,False,False,False,False,True,True,False,False,False,0.0373626373626373,-0.0021978021978021,,,0.0751472527472527,0.0674813186813186,-0.0329670329670329,0.0175824175824175,0.0003456706324516,0.0071362799263351,2100.0,2140.0,1.022279348757498,0.0053230927168684,6.707696793395272e-05,0.0003771061017203
2000-12-06,2275.0,2300.0,2250.0,2300.0,104500.0,2300.0,2245.0,2192.0,2113.24,2122.9466666666667,1968.42,False,False,False,False,False,False,True,True,False,True,False,0.0369565217391304,0.0,,,0.0812,0.0769797101449275,-0.0434782608695652,-0.0347826086956521,0.0006908636423587,0.0047901459854014,2100.0,2135.0,0.875943000838223,0.0043535045711797,-0.0009695881456887,0.000345193009907
2000-12-07,2260.0,2280.0,2240.0,2280.0,28900.0,2280.0,2273.0,2205.0,2125.44,2123.48,1970.99,True,True,False,False,False,False,True,True,False,False,False,0.0614035087719298,-0.0350877192982456,,,0.0677894736842105,0.0686491228070175,-0.0723684210526315,-0.0131578947368421,0.0002511600454599,0.0095238095238095,2095.0,2140.0,0.276555023923445,0.0057399879554352,0.0013864833842555,-0.0004397035968987
2000-12-08,2270.0,2410.0,2270.0,2340.0,329500.0,2340.0,2291.0,2220.5,2139.04,2124.9466666666667,1974.135,False,False,False,False,False,False,True,True,False,False,False,0.0256410256410256,-0.032051282051282,,,0.0858803418803419,0.0919031339031338,-0.0683760683760683,-0.0448717948717948,0.0006902134014344,0.0117090745327628,2080.0,2075.0,11.401384083044984,0.0063579923704091,0.0006180044149738,0.0004390533559744
2000-12-11,2375.0,2375.0,2320.0,2340.0,212000.0,2340.0,2307.0,2236.0,2151.44,2125.7466666666664,1977.28,False,False,False,False,False,False,True,True,False,True,False,0.0341880341880341,-0.0085470085470085,,,0.0805811965811965,0.0915612535612536,-0.0384615384615384,-0.0256410256410256,0.0003763383532686,0.0138640429338103,2060.0,2100.0,0.6433990895295902,0.0057635816011601,-0.0005944107692489,-0.0003138750481657
2000-12-12,2380.0,2380.0,2320.0,2360.0,56500.0,2360.0,2324.0,2265.0,2163.84,2127.0133333333333,1980.13,False,False,False,False,False,False,True,True,False,True,False,-0.0381355932203389,0.0169491525423728,,,0.0831186440677965,0.0987231638418079,-0.097457627118644,-0.0254237288135593,0.0005955142108497,0.0083885209713024,2090.0,2080.0,0.2665094339622642,0.0057305530908015,-3.302851035861566e-05,0.000219175857581
2000-12-13,2380.0,2400.0,2350.0,2385.0,89000.0,2385.0,2341.0,2293.0,2179.6,2128.613333333333,1982.905,False,False,False,False,False,False,True,True,False,False,False,-0.0356394129979035,-0.0146750524109014,,,0.0861215932914046,0.1074996505939904,-0.1048218029350104,-0.0356394129979035,0.0007516630545078,-0.0008722197993894,2050.0,2100.0,1.575221238938053,0.0072306845292713,0.0015001314384697,0.0001561488436581
2000-12-14,2390.0,2440.0,2380.0,2420.0,215500.0,2420.0,2369.0,2321.0,2195.4,2130.213333333333,1985.9,False,False,False,False,False,False,True,True,False,True,False,-0.0909090909090909,-0.018595041322314,,,0.0928099173553718,0.1197465564738292,-0.128099173553719,-0.0392561983471074,0.0007510984815294,-0.0109866436880654,2040.0,2080.0,2.4213483146067416,0.007196866174729,-3.381835454225636e-05,-5.645729784356296e-07
2000-12-15,2400.0,2420.0,2370.0,2400.0,129200.0,2400.0,2381.0,2336.0,2210.4,2131.5466666666666,1989.0,False,False,False,False,False,False,True,True,False,True,False,-0.05625,-0.01875,,,0.0789999999999999,0.1118555555555555,-0.11875,-0.0395833333333333,0.0006255238762464,-0.0209760273972602,2000.0,2080.0,0.5995359628770301,0.006786102062975,-0.000410764111754,-0.0001255746052829
2000-12-18,2385.0,2420.0,2375.0,2420.0,89100.0,2420.0,2397.0,2352.0,2222.6,2133.4133333333334,1992.445,False,False,False,False,False,False,True,True,False,True,False,-0.0413223140495867,-0.0454545454545454,,,0.0815702479338843,0.1184242424242423,-0.140495867768595,-0.0495867768595041,0.0008749671887304,-0.0293367346938775,2040.0,2160.0,0.6896284829721362,0.0054890668586339,-0.001297035204341,0.000249443312484
2000-12-19,2395.0,2395.0,2265.0,2270.0,91300.0,2270.0,2379.0,2351.5,2228.6,2133.4133333333334,1995.245,False,False,False,False,False,False,True,False,False,True,False,0.0572687224669603,0.0176211453744493,,,0.0182378854625551,0.0601703377386196,-0.0837004405286343,0.0176211453744493,0.0,-0.0293429725706995,2040.0,2170.0,1.0246913580246917,0.0026922731759849,-0.002796793682649,-0.0008749671887304
2000-12-20,2270.0,2315.0,2270.0,2300.0,68500.0,2300.0,2362.0,2351.5,2236.6,2134.48,1998.185,False,False,False,False,False,False,True,True,False,False,False,0.0217391304347826,-0.008695652173913,,,0.0275652173913043,0.0719652173913043,-0.0608695652173913,0.0021739130434782,0.0004997313943754,-0.025728258558367,2050.0,2170.0,0.7502738225629791,0.0035768577304837,0.0008845845544988,0.0004997313943754
2000-12-21,2220.0,2240.0,2200.0,2200.0,55800.0,2200.0,2318.0,2343.5,2240.6,2134.88,2000.82,False,False,False,False,False,False,True,True,False,True,False,0.0795454545454545,0.0068181818181818,,,-0.0184545454545454,0.0295999999999999,-0.009090909090909,0.0818181818181818,0.0001873641609833,-0.0168551312139961,2040.0,2140.0,0.8145985401459854,0.0017852360974738,-0.0017916216330098,-0.0003123672333921
2000-12-22,2230.0,2345.0,2220.0,2265.0,83600.0,2265.0,2291.0,2336.0,2249.0,2135.813333333333,2003.995,False,False,False,False,False,False,True,True,False,False,False,0.0397350993377483,-0.0066225165562913,,,0.0070640176600441,0.0570360559234732,-0.0419426048565121,0.0419426048565121,0.0004369919968035,-0.008347602739726,2020.0,2105.0,1.4982078853046594,0.003734993330369,0.0019497572328952,0.0002496278358202
2000-12-25,2350.0,2350.0,2310.0,2320.0,67800.0,2320.0,2271.0,2334.0,2257.2,2137.48,2007.595,False,False,False,False,False,False,True,True,False,True,False,-0.0043103448275862,-0.0172413793103448,,,0.0270689655172414,0.0786724137931034,-0.0625,-0.0172413793103448,0.000779734391277,-0.0074978577549271,1985.0,2095.0,0.8110047846889952,0.003632819422293,-0.000102173908076,0.0003427423944735
2000-12-26,2280.0,2400.0,2280.0,2400.0,91800.0,2400.0,2297.0,2338.0,2268.8,2140.9466666666667,2011.72,False,False,False,False,False,False,True,True,False,False,False,-0.0375,-0.0833333333333333,,,0.0546666666666665,0.1079388888888888,-0.10625,-0.04375,0.0016192214036158,-0.0094097519247219,1995.0,2115.0,1.353982300884956,0.0051128349788436,0.0014800155565505,0.0008394870123387
2000-12-27,2350.0,2385.0,2350.0,2350.0,26300.0,2350.0,2307.0,2334.5,2278.8,2143.813333333333,2015.72,False,False,False,False,False,False,True,True,False,True,False,-0.0297872340425531,-0.0638297872340425,,,0.0302978723404254,0.0877390070921987,-0.0851063829787234,0.002127659574468,0.0013371810978566,-0.0055686442493039,2070.0,2115.0,0.2864923747276688,0.0043882745304546,-0.0007245604483889,-0.0002820403057592
2000-12-28,2310.0,2375.0,2310.0,2375.0,26500.0,2375.0,2342.0,2330.0,2287.8,2146.9466666666667,2020.095,False,False,False,False,False,False,True,True,False,True,False,-0.0673684210526315,-0.1094736842105263,,,0.0367157894736841,0.0960224561403508,-0.0842105263157894,-0.0042105263157894,0.001459436967849,-0.001931330472103,1975.0,2125.0,1.0076045627376429,0.003933910306845,-0.0004543642236096,0.0001222558699924
2000-12-29,2360.0,2360.0,2340.0,2355.0,21500.0,2355.0,2360.0,2325.5,2294.6,2150.68,2024.57,False,False,False,False,False,False,True,True,False,True,False,-0.0445859872611464,-0.0743099787685774,,,0.0256475583864119,0.0867600849256901,-0.0615711252653927,-0.0148619957537154,0.0017358850844073,0.0006450225757901,2000.0,2110.0,0.8113207547169812,0.0029634794735464,-0.0009704308332985,0.0002764481165582
2001-01-04,2340.0,2350.0,2300.0,2310.0,29000.0,2310.0,2358.0,2314.5,2299.6,2153.48,2028.72,False,False,False,False,False,False,True,True,False,True,False,-0.0129870129870129,-0.0259740259740259,,,0.0045021645021645,0.0677575757575757,-0.0216450216450216,0.0216450216450216,0.0013002210375764,0.0079930870598401,2030.0,2090.0,1.3488372093023255,0.0021742911810749,-0.0007891882924714,-0.0004356640468308
2001-01-05,2340.0,2340.0,2280.0,2310.0,35300.0,2310.0,2340.0,2318.5,2309.2,2156.5466666666666,2032.92,False,False,False,False,False,False,True,True,False,False,False,-0.0476190476190476,-0.0779220779220779,,,0.0003463203463204,0.0664300144300144,-0.0216450216450216,0.0216450216450216,0.0014220265733487,0.008410610308389,2050.0,2100.0,1.217241379310345,0.0041572839078468,0.0019829927267718,0.0001218055357722
2001-01-09,2250.0,2295.0,2250.0,2280.0,43600.0,2280.0,2326.0,2316.5,2316.2,2158.9466666666667,2036.77,False,False,False,False,False,False,True,True,False,True,False,-0.0350877192982456,-0.0635964912280701,,,-0.015877192982456,0.0530935672514619,-0.0087719298245614,0.0285087719298245,0.0011116532136042,0.0110079861860565,1991.0,2100.0,1.2351274787535411,0.003022191520594,-0.0011350923872527,-0.0003103733597445
2001-01-10,2270.0,2270.0,2215.0,2215.0,58400.0,2215.0,2294.0,2318.0,2319.2,2160.7466666666664,2039.395,False,False,False,False,False,False,True,True,False,True,False,-0.0451467268623024,-0.0474040632054176,,,-0.0470428893905191,0.0244936042136946,0.0316027088036117,0.0767494356659142,0.0008330453670334,0.0105694564279551,2025.0,2095.0,1.3394495412844036,0.0012935494998275,-0.0017286420207665,-0.0002786078465707
2001-01-11,2255.0,2260.0,2210.0,2250.0,44700.0,2250.0,2273.0,2316.5,2319.2,2163.0133333333333,2041.905,False,False,False,False,False,False,False,True,False,True,False,-0.0311111111111111,-0.06,,,-0.0307555555555554,0.0386607407407407,0.0222222222222222,0.0777777777777777,0.0010479208018444,0.0140297863155622,2025.0,2080.0,0.7654109589041096,0.0,-0.0012935494998275,0.0002148754348109
2001-01-12,2210.0,2295.0,2200.0,2280.0,104900.0,2280.0,2267.0,2312.5,2320.0,2164.613333333333,2044.905,False,False,False,False,False,False,True,True,False,False,False,-0.0131578947368421,-0.087719298245614,,,-0.0175438596491228,0.0506081871345031,0.0,0.0460526315789473,0.0007391620366375,0.0203243243243243,2115.0,2060.0,2.3467561521252795,0.0003448275862069,0.0003448275862069,-0.0003087587652068
2001-01-15,2205.0,2245.0,2155.0,2200.0,150400.0,2200.0,2245.0,2292.5,2317.0,2165.0133333333333,2047.68,False,False,False,False,False,False,False,True,False,True,False,-0.0318181818181818,-0.0545454545454545,,,-0.0531818181818181,0.0159030303030303,0.0545454545454545,0.0863636363636363,0.0001847563679364,0.0333696837513631,2120.0,2090.0,1.4337464251668257,-0.001294777729823,-0.00163960531603,-0.0005544056687011
2001-01-16,2200.0,2220.0,2180.0,2200.0,34900.0,2200.0,2229.0,2277.5,2313.0,2165.4133333333334,2050.305,False,False,False,False,False,False,False,True,False,True,False,-0.0295454545454545,-0.0181818181818181,,,-0.0513636363636363,0.015721212121212,0.0477272727272727,0.0886363636363636,0.0001847222393261,0.0419319429198682,2100.0,2050.0,0.2320478723404255,-0.0017293558149589,-0.0004345780851358,-3.412861022500206e-08
2001-01-17,2165.0,2165.0,2110.0,2115.0,104400.0,2115.0,2209.0,2251.5,2306.4,2165.08,2052.5,False,False,False,False,False,False,False,False,False,True,False,-0.0023640661938534,0.0307328605200945,,,-0.0904964539007092,-0.0236784869976359,0.0520094562647754,0.1182033096926714,-0.0001539588991323,0.0539640239840106,2100.0,2040.0,2.991404011461318,-0.0028616024973985,-0.0011322466824395,-0.0003386811384585
2001-01-18,2130.0,2190.0,2120.0,2180.0,30800.0,2180.0,2195.0,2234.0,2300.0,2166.08,2054.4,False,False,False,False,False,False,False,True,False,False,False,-0.0298165137614678,-0.0045871559633027,,,-0.055045871559633,0.0063853211009174,0.0458715596330275,0.0711009174311926,0.0004616634657999,0.0628916741271262,2055.0,2000.0,0.2950191570881226,-0.0027826086956522,7.899380174628988e-05,0.0006156223649323
2001-01-19,2120.0,2290.0,2120.0,2250.0,144500.0,2250.0,2189.0,2228.0,2296.4,2168.1466666666665,2056.0,False,False,False,False,False,False,False,True,False,False,False,-0.0755555555555555,-0.0333333333333333,,,-0.0206222222222222,0.0363792592592593,0.0155555555555555,0.0288888888888888,0.0009531950483054,0.0637342908438061,2115.0,2040.0,4.691558441558442,-0.0015676711374324,0.0012149375582197,0.0004915315825054
2001-01-22,2205.0,2215.0,2130.0,2130.0,101000.0,2130.0,2175.0,2210.0,2287.2,2168.346666666667,2057.475,False,False,False,False,False,False,False,True,False,True,False,-0.0234741784037558,0.0070422535211267,,,-0.0738028169014083,-0.0180031298904539,0.0539906103286385,0.0845070422535211,9.223617379767358e-05,0.0701357466063348,2110.0,2040.0,0.698961937716263,-0.0040223854494579,-0.0024547143120255,-0.0008609588745077
2001-01-23,2175.0,2215.0,2135.0,2135.0,48400.0,2135.0,2162.0,2195.5,2277.2,2168.613333333333,2058.85,False,False,False,False,False,False,False,True,False,True,False,0.0117096018735363,0.0070257611241217,,,-0.0666042154566743,-0.0157439500390317,0.0351288056206089,0.0913348946135831,0.0001229664424575,0.0765201548622181,2100.0,2050.0,0.4792079207920792,-0.0043913578078341,-0.0003689723583762,3.073026865985818e-05
2001-01-24,2140.0,2170.0,2105.0,2110.0,79100.0,2110.0,2161.0,2185.0,2264.8,2168.4133333333334,2060.0,False,False,False,False,False,False,False,False,False,True,False,0.0331753554502369,0.0308056872037914,,,-0.0733649289099526,-0.0276840442338073,0.0710900473933649,0.0900473933649289,-9.223333804718812e-05,0.0778032036613272,2150.0,2040.0,1.634297520661157,-0.00547509713882,-0.0010837393309858,-0.0002151997805047
2001-01-25,2150.0,2240.0,2110.0,2115.0,83900.0,2115.0,2148.0,2171.5,2253.4,2168.48,2061.5,False,False,False,False,False,False,False,True,False,False,False,0.0260047281323877,0.0449172576832151,,,-0.0654373522458629,-0.0252860520094562,0.0496453900709219,0.0874704491725768,3.074350082389786e-05,0.0787474096246833,2185.0,2020.0,1.0606826801517066,-0.0050590219224283,0.0004160752163916,0.000122976838871
2001-01-26,2100.0,2100.0,2050.0,2080.0,107400.0,2080.0,2114.0,2151.5,2239.8,2168.346666666667,2063.005,False,False,False,False,False,False,False,False,False,True,False,0.0456730769230769,0.0865384615384615,,,-0.0768269230769231,-0.042474358974359,0.0552884615384615,0.1033653846153846,-6.149078253164258e-05,0.0845921450151057,2185.0,1985.0,1.2800953516090583,-0.0060719707116706,-0.0010129487892422,-9.223428335554045e-05
2001-01-29,2120.0,2125.0,2070.0,2080.0,142600.0,2080.0,2104.0,2139.5,2232.2,2168.08,2064.515,False,False,False,False,False,False,False,False,False,False,False,0.03125,0.0865384615384615,,,-0.0731730769230768,-0.0423461538461538,0.0576923076923076,0.0841346153846153,-0.000122996691389,0.0843655059593363,2070.0,1995.0,1.3277467411545625,-0.0034047128393514,0.0026672578723191,-6.150590885745693e-05
2001-01-30,2100.0,2165.0,2090.0,2160.0,68000.0,2160.0,2109.0,2135.5,2226.6,2168.88,2066.47,False,False,False,False,False,False,False,True,False,False,False,-0.0046296296296296,0.0462962962962962,,,-0.0308333333333332,-0.0041111111111111,0.0277777777777777,0.0648148148148148,0.000368853970713,0.0819480215406228,2105.0,2070.0,0.4768583450210378,-0.0025150453606394,0.0008896674787119,0.0004918506621021
2001-01-31,2120.0,2185.0,2120.0,2180.0,67100.0,2180.0,2123.0,2142.0,2225.8,2170.0133333333333,2068.485,False,False,False,False,False,False,False,True,False,False,True,-0.0022935779816513,0.0481651376146789,,,-0.0210091743119266,0.0045810397553516,0.0321100917431192,0.0688073394495412,0.0005222702164655,0.0770308123249299,2140.0,1975.0,0.986764705882353,-0.0003594213316559,0.0021556240289835,0.0001534162457525
2001-02-01,2140.0,2180.0,2140.0,2170.0,23400.0,2170.0,2134.0,2141.0,2222.0,2171.213333333333,2070.41,False,False,False,False,False,False,False,True,False,True,False,0.0184331797235023,0.0599078341013824,,,-0.0239631336405529,-0.0005591397849461,0.0184331797235023,0.0737327188940092,0.0005526863627709,0.0773003269500233,2250.0,2000.0,0.3487332339791356,-0.0017101710171017,-0.0013507496854458,3.041614630537484e-05
2001-02-02,2150.0,2175.0,2150.0,2175.0,27300.0,2175.0,2153.0,2133.5,2216.2,2172.7466666666664,2072.65,False,False,False,False,False,False,False,True,False,True,False,0.0390804597701149,0.0482758620689655,,,-0.0189425287356321,0.0010360153256706,-0.0114942528735632,0.1103448275862069,0.0007057119713296,0.08577454886337,2260.0,2030.0,1.1666666666666667,-0.0026170923201877,-0.0009069213030859,0.0001530256085587
2001-02-05,2130.0,2170.0,2100.0,2145.0,44200.0,2145.0,2166.0,2135.0,2206.0,2173.48,2074.8,False,False,False,False,False,False,False,True,False,True,False,0.0536130536130536,0.0815850815850815,,,-0.0284382284382284,-0.0132773892773892,-0.0233100233100233,0.1212121212121212,0.0003374005435217,0.0894613583138173,2275.0,2050.0,1.619047619047619,-0.0046237533998185,-0.0020066610796308,-0.0003683114278079
2001-02-06,2145.0,2170.0,2145.0,2150.0,16200.0,2150.0,2164.0,2136.5,2198.0,2174.813333333333,2077.1,False,False,False,False,False,False,False,True,False,False,False,0.0511627906976744,0.0720930232558139,,,-0.0223255813953488,-0.0115410852713176,-0.0372093023255813,0.1325581395348837,0.0006130794367024,0.0936110461034402,2300.0,1991.0,0.3665158371040724,-0.0036396724294813,0.0009840809703372,0.0002756788931807
2001-02-07,2140.0,2200.0,2130.0,2175.0,56200.0,2175.0,2163.0,2143.0,2190.0,2176.613333333333,2079.575,False,False,False,False,False,False,False,True,False,True,True,0.0505747126436781,0.0229885057471264,,,-0.0068965517241379,-0.000741762452107,-0.0735632183908046,0.0896551724137931,0.0008269727895322,0.093560429304713,2280.0,2025.0,3.469135802469136,-0.0036529680365296,-1.329560704833345e-05,0.0002138933528297
2001-02-08,2175.0,2250.0,2175.0,2210.0,150800.0,2210.0,2171.0,2152.5,2184.2,2179.4133333333334,2082.475,False,False,False,False,True,False,False,True,False,False,False,0.0407239819004524,0.0316742081447963,,,0.0116742081447964,0.01384012066365,-0.0814479638009049,0.085972850678733,0.0012847494126862,0.0933797909407665,2340.0,2025.0,2.683274021352313,-0.0026554344840216,0.0009975335525079,0.000457776623154
2001-02-09,2200.0,2260.0,2200.0,2260.0,102300.0,2260.0,2188.0,2170.5,2182.2,2182.346666666667,2085.625,False,False,True,False,False,False,False,True,False,False,False,0.0088495575221238,0.0110619469026548,,,0.034424778761062,0.0343598820058996,-0.081858407079646,0.0663716814159292,0.001344118868985,0.0896106887813867,2340.0,2115.0,0.6783819628647215,-0.000916506278068,0.0017389282059536,5.936945629882087e-05
2001-02-13,2280.0,2280.0,2240.0,2260.0,68100.0,2260.0,2211.0,2188.5,2180.2,2185.28,2088.93,False,False,False,False,False,False,False,True,False,True,False,0.0265486725663716,-0.0066371681415929,,,0.0353097345132744,0.0330619469026547,-0.0575221238938053,0.0398230088495575,0.0013423146385513,0.0849897189856065,2360.0,2120.0,0.6656891495601173,-0.0009173470323823,-8.40754314345468e-07,-1.804230433791621e-06
2001-02-14,2240.0,2280.0,2220.0,2260.0,93100.0,2260.0,2233.0,2198.5,2179.4,2188.08,2092.23,False,False,False,False,False,False,False,True,False,False,False,0.0199115044247787,-0.0221238938053097,,,0.0356637168141592,0.0318230088495575,-0.0132743362831858,0.0442477876106194,0.0012796607071038,0.0827837161701159,2385.0,2100.0,1.367107195301028,-0.0003670735064695,0.0005502735259128,-6.265393144748378e-05
2001-02-15,2275.0,2285.0,2260.0,2285.0,56200.0,2285.0,2255.0,2209.0,2182.2,2191.346666666667,2095.155,False,False,False,False,False,False,True,True,True,False,False,-0.0262582056892779,-0.0109409190371991,,,0.0449890590809628,0.0409861415025528,-0.0021881838074398,0.0350109409190372,0.0014907119518592,0.0792213671344499,2420.0,2100.0,0.6036519871106337,0.001283108789295,0.0016501822957646,0.0002110512447554
2001-02-16,2290.0,2330.0,2275.0,2300.0,105400.0,2300.0,2273.0,2222.0,2184.2,2195.08,2098.555,False,False,False,False,False,False,True,True,False,True,False,-0.008695652173913,-0.0347826086956521,,,0.0503478260869566,0.0456173913043478,0.0391304347826087,0.0152173913043478,0.001700773244407,0.0731323132313231,2400.0,2055.0,1.8754448398576515,0.0009156670634557,-0.0003674417258393,0.0002100612925478
2001-02-19,2305.0,2305.0,2250.0,2280.0,52300.0,2280.0,2277.0,2232.5,2184.2,2199.0133333333333,2101.705,False,False,False,False,False,False,False,True,False,True,False,0.0021929824561403,-0.0372807017543859,,,0.0420175438596492,0.0355204678362573,0.0263157894736842,0.0219298245614035,0.001788680984199,0.0642777155655095,2420.0,2115.0,0.4962049335863377,0.0,-0.0009156670634557,8.790773979190907e-05
2001-02-20,2250.0,2320.0,2250.0,2320.0,46100.0,2320.0,2289.0,2250.0,2189.0,2203.346666666667,2105.305,False,False,False,False,False,False,True,True,True,False,False,-0.0323275862068965,-0.0517241379310344,,,0.0564655172413793,0.0502816091954022,-0.0021551724137931,0.0172413793103448,0.0019667051939172,0.054,2270.0,2110.0,0.8814531548757171,0.0021927820922796,0.0021927820922796,0.0001780242097181
2001-02-21,2240.0,2305.0,2240.0,2305.0,34400.0,2305.0,2298.0,2265.5,2193.2,2206.48,2108.88,False,False,False,False,False,False,True,True,False,True,False,-0.0412147505422993,-0.0368763557483731,,,0.0485032537960955,0.0427418655097613,-0.0368763557483731,0.0347071583514099,0.0014200597029355,0.0445817700286912,2300.0,2100.0,0.7462039045553145,0.0019150100310048,-0.0002777720612748,-0.0005466454909816
2001-02-22,2270.0,2285.0,2225.0,2225.0,30000.0,2225.0,2286.0,2270.5,2197.6,2209.813333333333,2111.56,False,False,False,False,False,False,True,True,False,False,False,0.0157303370786516,0.0112359550561797,,,0.012314606741573,0.0068254681647941,0.0112359550561797,0.0382022471910112,0.0015084230342229,0.0396388460691477,2200.0,2150.0,0.872093023255814,0.0020021842009465,8.717416994168722e-05,8.836333128742408e-05
2001-02-23,2265.0,2290.0,2220.0,2280.0,46300.0,2280.0,2282.0,2277.5,2201.6,2213.5466666666666,2114.21,False,False,False,False,False,False,True,True,False,True,False,-0.0263157894736842,-0.0307017543859649,,,0.0343859649122807,0.0291461988304093,-0.0197368421052631,0.0241228070175438,0.0016865844255976,0.0335894621295279,2265.0,2185.0,1.5433333333333332,0.0018168604651162,-0.0001853237358302,0.0001781613913746
2001-02-26,2280.0,2300.0,2250.0,2285.0,18300.0,2285.0,2283.0,2280.0,2203.0,2216.9466666666667,2117.01,False,False,False,False,False,False,True,True,False,True,False,-0.0393873085339168,-0.0590809628008752,,,0.0358862144420131,0.0297826404084609,-0.0021881838074398,0.0065645514223194,0.0015336408634097,0.0276315789473684,2320.0,2185.0,0.3952483801295896,0.000635497049478,-0.0011813634156382,-0.0001529435621878
2001-02-27,2300.0,2300.0,2230.0,2245.0,31600.0,2245.0,2268.0,2278.5,2207.6,2219.5466666666666,2119.51,False,False,False,False,False,False,True,True,True,False,False,-0.0200445434298441,-0.066815144766147,,,0.0166592427616926,0.0113377876763177,0.0244988864142538,0.0066815144766146,0.0011714103780951,0.0243581303489137,2400.0,2070.0,1.726775956284153,0.0020837108171769,0.0014482137676989,-0.0003622304853145
2001-02-28,2225.0,2265.0,2210.0,2210.0,37200.0,2210.0,2249.0,2273.5,2210.6,2222.4666666666667,2121.835,False,False,False,False,False,False,True,True,False,True,False,0.004524886877828,-0.0633484162895927,,,-0.0002714932126696,-0.0056410256410256,0.0407239819004524,0.0361990950226244,0.0013138554758976,0.0235319991202991,2350.0,2105.0,1.1772151898734178,0.0013570976205555,-0.0007266131966214,0.0001424450978024
2001-03-01,2210.0,2280.0,2210.0,2260.0,67300.0,2260.0,2256.0,2271.0,2216.6,2225.6,2124.63,False,False,False,False,False,False,True,True,False,False,False,-0.0044247787610619,-0.1084070796460177,,,0.0192035398230088,0.0152212389380531,0.0287610619469026,-0.0110619469026548,0.0014078600527198,0.0189343901365037,2375.0,2140.0,1.8091397849462365,0.0027068483262654,0.0013497507057099,9.400457682212737e-05
2001-03-02,2270.0,2270.0,2220.0,2220.0,16100.0,2220.0,2244.0,2263.0,2220.8,2228.2,2127.13,False,False,False,False,False,False,True,True,False,True,False,-0.0045045045045045,-0.0855855855855855,,,-0.0003603603603604,-0.0036936936936936,0.0382882882882882,0.036036036036036,0.0011668611435238,0.0209898365002209,2355.0,2250.0,0.2392273402674591,0.0018912103746398,-0.0008156379516255,-0.0002409989091959
2001-03-05,2210.0,2220.0,2160.0,2195.0,56300.0,2195.0,2226.0,2254.5,2225.4,2229.266666666667,2129.495,False,False,False,False,False,False,True,True,False,False,False,-0.020501138952164,-0.0546697038724373,,,-0.0138496583143508,-0.0156112376613516,0.0478359908883826,0.0842824601366742,0.00047848320823,0.0270569971168773,2310.0,2260.0,3.496894409937888,0.0020670441268984,0.0001758337522586,-0.0006883779352937
2001-03-06,2250.0,2250.0,2165.0,2200.0,79700.0,2200.0,2217.0,2242.5,2230.2,2230.333333333333,2131.97,False,False,False,False,False,False,True,True,False,False,False,-0.0477272727272727,-0.0318181818181818,,,-0.0137272727272726,-0.0137878787878786,0.05,0.084090909090909,0.0004782543715436,0.0336677814938684,2310.0,2275.0,1.4156305506216695,0.0021522733387138,8.522921181540076e-05,-2.288366864540729e-07
2001-03-07,2210.0,2230.0,2195.0,2220.0,73300.0,2220.0,2219.0,2234.0,2232.6,2231.9333333333334,2134.535,True,True,False,False,False,False,True,True,False,True,False,-0.0675675675675675,0.0045045045045045,,,-0.0056756756756756,-0.0053753753753754,0.0382882882882882,0.081081081081081,0.0007168672899431,0.038272157564906,2280.0,2300.0,0.9196988707653702,0.0010749798441279,-0.0010772934945859,0.0002386129183994
2001-03-08,2205.0,2250.0,2205.0,2250.0,78100.0,2250.0,2217.0,2236.5,2235.4,2233.9333333333334,2137.145,False,False,False,True,True,False,True,True,False,False,False,-0.1044444444444444,0.0133333333333333,,,0.0064888888888888,0.0071407407407407,0.0577777777777777,0.0377777777777777,0.0008952818645736,0.0382293762575452,2215.0,2280.0,1.0654843110504777,0.0012525722465778,0.0001775924024499,0.0001784145746305
2001-03-09,2205.0,2240.0,2190.0,2210.0,82200.0,2210.0,2215.0,2229.5,2237.0,2236.0,2139.345,False,False,False,False,False,False,True,True,False,True,False,-0.0814479638009049,0.0814479638009049,,,-0.0122171945701357,-0.0117647058823529,0.0678733031674208,0.0814479638009049,0.0009242695289206,0.0439560439560439,2250.0,2340.0,1.0524967989756722,0.0007152436298613,-0.0005373286167164,2.898766434696792e-05
2001-03-12,2220.0,2220.0,2130.0,2150.0,66100.0,2150.0,2206.0,2216.0,2236.0,2236.4666666666667,2141.195,False,False,False,False,False,False,False,True,False,True,False,-0.0348837209302325,0.0883720930232558,,,-0.04,-0.0402170542635659,0.0604651162790697,0.113953488372093,0.0002086624735445,0.0546028880866426,2280.0,2340.0,0.8041362530413625,-0.0004472271914132,-0.0011624708212746,-0.000715607055376
2001-03-13,2100.0,2115.0,2070.0,2095.0,58800.0,2095.0,2185.0,2201.0,2234.0,2236.266666666667,2142.78,False,False,False,False,False,False,False,False,False,True,False,0.0167064439140811,0.1050119331742243,,,-0.0663484486873508,-0.0674303898170247,0.0954653937947494,0.1312649164677804,-8.943477223936535e-05,0.0667878237164925,2200.0,2360.0,0.8895612708018155,-0.000895255147717,-0.0004480279563038,-0.0002980972457839
2001-03-14,2090.0,2095.0,2060.0,2070.0,68600.0,2070.0,2155.0,2187.0,2230.8,2235.866666666667,2144.07,False,False,False,False,False,False,False,False,False,True,False,0.0772946859903381,0.072463768115942,,,-0.0776811594202899,-0.0801288244766506,0.1376811594202898,0.1328502415458937,-0.0001789015445167,0.0761316872427983,2200.0,2385.0,1.1666666666666667,-0.0014344629729244,-0.0005392078252073,-8.946677227734299e-05
2001-03-15,2040.0,2060.0,2010.0,2015.0,134500.0,2015.0,2108.0,2162.5,2224.4,2234.0666666666666,2145.17,False,False,False,False,False,False,False,False,False,True,False,0.1315136476426799,0.1166253101736972,,,-0.1039205955334988,-0.1087179487179486,0.173697270471464,0.1513647642679901,-0.0008057055892095,0.0922543352601156,2115.0,2420.0,1.9606413994169096,-0.002877180363244,-0.0014427173903196,-0.0006268040446928
2001-03-16,2010.0,2045.0,2010.0,2030.0,152200.0,2030.0,2072.0,2143.5,2217.2,2232.0,2146.51,False,False,False,False,False,False,False,False,False,True,False,0.1773399014778325,0.1009852216748768,,,-0.0922167487684728,-0.0995073891625615,0.1428571428571428,0.1231527093596059,-0.0009259259259258,0.1010030324236062,2180.0,2400.0,1.1315985130111523,-0.0032473389861087,-0.0003701586228646,-0.0001202203367163
2001-03-19,2070.0,2090.0,2050.0,2075.0,38600.0,2075.0,2057.0,2131.5,2209.8,2230.5333333333333,2147.985,False,False,False,False,False,False,False,False,False,True,False,0.1277108433734939,0.0987951807228915,,,-0.0649638554216868,-0.0749558232931726,0.1373493975903614,0.0939759036144578,-0.0006575407974176,0.1020408163265306,2250.0,2420.0,0.2536136662286465,-0.0033487193411166,-0.0001013803550079,0.0002683851285082
2001-03-21,2095.0,2165.0,2090.0,2130.0,208000.0,2130.0,2064.0,2124.5,2204.6,2231.333333333333,2149.725,False,False,False,False,False,False,False,True,False,False,False,0.0868544600938967,0.0798122065727699,,,-0.0350234741784037,-0.0475743348982784,0.107981220657277,0.0492957746478873,0.0003585300268896,0.0986114379854083,2130.0,2270.0,5.38860103626943,-0.0023587045268984,0.0009900148142182,0.0010160708243073
2001-03-22,2180.0,2245.0,2150.0,2230.0,173800.0,2230.0,2096.0,2125.5,2203.4,2233.0,2151.81,False,False,False,False,True,False,False,True,False,False,False,-0.0044843049327354,0.0313901345291479,,,0.0119282511210761,-0.0013452914798206,0.0515695067264574,-0.0358744394618834,0.000746380056725,0.0863326276170312,2135.0,2300.0,0.8355769230769231,-0.0005446128710174,0.0018140916558809,0.0003878500298353
2001-03-23,2270.0,2290.0,2255.0,2280.0,87800.0,2280.0,2149.0,2128.5,2203.2,2234.866666666667,2154.46,False,False,False,False,False,False,False,True,False,False,False,-0.0131578947368421,0.0197368421052631,,,0.0336842105263158,0.0197953216374268,0.0460526315789473,-0.0526315789473684,0.0008352474420547,0.0765797509983556,2110.0,2200.0,0.5051783659378596,-9.077705156148912e-05,0.0004538358194559,8.886738532974279e-05
2001-03-26,2275.0,2390.0,2260.0,2390.0,243700.0,2390.0,2221.0,2146.5,2206.8,2236.733333333333,2157.775,False,False,False,False,False,False,True,True,True,False,False,-0.0648535564853556,-0.0355648535564853,,,0.0766527196652718,0.0641283124128313,0.0146443514644351,-0.0543933054393305,0.0008345503859794,0.0614954577218728,2115.0,2265.0,2.775626423690205,0.0016313213703101,0.0017220984218716,-6.970560753584648e-07
2001-03-27,2350.0,2380.0,2310.0,2340.0,41400.0,2340.0,2274.0,2165.5,2209.2,2237.8,2161.1,False,False,False,False,False,False,True,True,False,True,False,-0.0256410256410256,-0.017094017094017,,,0.0558974358974359,0.0436752136752136,0.0192307692307692,-0.032051282051282,0.0004766586230525,0.0461787116139459,2080.0,2320.0,0.1698810012310217,0.0010863661053773,-0.0005449552649327,-0.0003578917629268
2001-03-28,2275.0,2340.0,2275.0,2315.0,16400.0,2315.0,2311.0,2187.5,2209.0,2238.333333333333,2164.35,False,False,False,False,False,False,False,True,False,True,False,-0.0064794816414686,-0.0021598272138228,,,0.0457883369330453,0.0331173506119511,0.0323974082073434,-0.0323974082073434,0.0002382725241993,0.0297142857142857,2080.0,2400.0,0.3961352657004831,-9.053870529643191e-05,-0.0011769048106737,-0.0002383860988532
2001-03-29,2300.0,2330.0,2220.0,2220.0,46600.0,2220.0,2309.0,2202.5,2205.6,2237.266666666667,2166.45,False,False,False,False,False,False,False,False,False,True,False,0.036036036036036,0.0382882882882882,,,0.0064864864864865,-0.0077777777777778,0.0788288288288288,-0.0045045045045045,-0.0004767722518547,0.016572077185017,2160.0,2350.0,2.841463414634146,-0.0015415306492564,-0.00145099194396,-0.000715044776054
2001-03-30,2260.0,2295.0,2250.0,2250.0,30300.0,2250.0,2303.0,2226.0,2206.6,2236.866666666667,2168.7,False,False,False,False,False,False,True,False,False,False,False,0.0333333333333333,0.0577777777777777,,,0.0192888888888889,0.0058370370370369,0.0511111111111111,-0.0355555555555555,-0.0001788215658808,-0.0008984725965858,2180.0,2375.0,0.6502145922746781,0.0004531858968548,0.0019947165461113,0.0002979506859738
2001-04-02,2250.0,2250.0,2220.0,2235.0,19800.0,2235.0,2272.0,2246.5,2204.8,2235.4666666666667,2170.55,False,False,False,False,False,False,False,False,False,True,False,0.0313199105145413,0.0559284116331096,,,0.0135123042505592,-0.0002087994034302,0.0447427293064877,-0.017897091722595,-0.0006262674460217,-0.0137992432673046,2170.0,2355.0,0.6534653465346535,-0.0008164005805514,-0.0012695864774062,-0.0004474458801408
2001-04-03,2220.0,2290.0,2220.0,2280.0,44500.0,2280.0,2260.0,2267.0,2204.6,2234.6666666666665,2172.465,False,False,False,False,False,False,False,False,False,False,False,0.0087719298245614,0.0,,,0.0330701754385965,0.0198830409356725,0.0153508771929824,-0.0482456140350877,-0.0003579952267303,-0.0271283634759594,2175.0,2310.0,2.2474747474747474,-9.071940488082775e-05,0.0007256811756705,0.0002682722192913
2001-04-04,2280.0,2335.0,2250.0,2300.0,51000.0,2300.0,2257.0,2284.0,2206.8,2233.866666666667,2174.49,False,False,False,False,False,False,True,False,False,False,False,0.0043478260869565,-0.0021739130434782,,,0.0405217391304347,0.0287536231884057,0.0043478260869565,-0.0043478260869565,-0.0003581234332098,-0.0319614711033275,2145.0,2310.0,1.146067415730337,0.0009969186151895,0.0010876380200703,-1.28206479465859e-07
2001-04-05,2305.0,2310.0,2225.0,2300.0,34300.0,2300.0,2273.0,2291.0,2210.4,2232.733333333333,2176.04,False,False,False,False,False,False,True,False,True,False,False,0.0021739130434782,0.0239130434782608,,,0.0389565217391304,0.0292463768115942,0.0130434782608695,-0.0608695652173913,-0.000507599056463,-0.0344827586206896,2150.0,2280.0,0.6725490196078432,0.0016286644951139,0.0006317458799244,-0.0001494756232532
2001-04-06,2350.0,2420.0,2325.0,2325.0,165700.0,2325.0,2288.0,2295.5,2213.0,2231.4666666666667,2177.515,False,False,False,False,False,False,True,False,False,True,False,0.0236559139784946,0.0172043010752688,,,0.0481720430107526,0.0402293906810035,-0.010752688172043,-0.0516129032258064,-0.0005676386233268,-0.0344151600958396,2175.0,2215.0,4.830903790087463,0.0011748757342972,-0.0004537887608166,-6.003956686377143e-05
2001-04-09,2330.0,2335.0,2305.0,2305.0,23600.0,2305.0,2302.0,2287.0,2216.4,2230.2,2179.055,False,False,False,False,False,False,True,False,False,False,False,0.0238611713665943,0.0065075921908893,,,0.0384381778741865,0.0324511930585684,-0.0021691973969631,-0.0477223427331887,-0.0005679610199385,-0.0336685614341932,2210.0,2250.0,0.1424260712130356,0.0015340191301209,0.0003591433958236,-3.223966116651421e-07
2001-04-10,2305.0,2335.0,2300.0,2300.0,23900.0,2300.0,2306.0,2283.0,2220.6,2228.6,2180.105,False,False,False,False,False,False,True,False,False,False,False,-0.008695652173913,0.0260869565217391,,,0.0345217391304348,0.0310434782608696,-0.0021739130434782,-0.05,-0.0007179395135959,-0.0354796320630749,2260.0,2280.0,1.0127118644067796,0.0018913807079166,0.0003573615777957,-0.0001499784936574
2001-04-11,2335.0,2335.0,2280.0,2310.0,53700.0,2310.0,2308.0,2282.5,2225.0,2229.133333333333,2181.08,False,False,False,False,False,False,True,True,False,False,False,-0.0064935064935064,0.0216450216450216,,,0.0367965367965368,0.035007215007215,-0.0238095238095238,-0.0454545454545454,0.0002392559141071,-0.036801752464403,2260.0,2200.0,2.2468619246861925,0.0019775280898876,8.614738197098367e-05,0.000957195427703
2001-04-12,2315.0,2365.0,2275.0,2305.0,40200.0,2305.0,2309.0,2291.0,2228.4,2229.2,2181.88,False,False,False,False,False,False,True,True,False,True,True,0.0216919739696312,0.0173535791757049,,,0.033232104121475,0.032885032537961,-0.0021691973969631,-0.0347071583514099,2.9906094862105707e-05,-0.0397206460061108,2260.0,2200.0,0.7486033519553073,0.0015257583916711,-0.0004517696982164,-0.000209349819245
2001-04-13,2310.0,2380.0,2280.0,2380.0,28700.0,2380.0,2320.0,2304.0,2233.6,2231.6,2183.505,True,True,False,False,False,False,True,True,False,False,False,-0.0063025210084033,0.0021008403361344,,,0.0615126050420168,0.0623529411764706,-0.0210084033613445,-0.0462184873949579,0.0010754615522495,-0.0407986111111111,2285.0,2115.0,0.7139303482587065,0.0023280802292262,0.000802321837555,0.0010455554573874
2001-04-16,2355.0,2380.0,2300.0,2360.0,22400.0,2360.0,2331.0,2316.5,2239.6,2232.866666666667,2184.98,False,False,False,False,False,False,True,True,False,False,False,-0.0169491525423728,0.0275423728813559,,,0.0510169491525424,0.053870056497175,-0.0127118644067796,-0.0466101694915254,0.0005672827157914,-0.0436002590114396,2300.0,2180.0,0.7804878048780488,0.0026790498303268,0.0003509696011005,-0.000508178836458
2001-04-17,2305.0,2315.0,2255.0,2280.0,75200.0,2280.0,2327.0,2316.5,2244.8,2232.333333333333,2185.955,False,False,False,False,False,False,True,False,False,True,False,0.0350877192982456,0.0460526315789473,,,0.0154385964912279,0.0209064327485381,0.0592105263157894,0.0087719298245614,-0.0002389129460954,-0.0379883444852147,2280.0,2250.0,3.357142857142857,0.0023164647184605,-0.0003625851118662,-0.0008061956618869
2001-04-18,2350.0,2360.0,2295.0,2295.0,48500.0,2295.0,2324.0,2316.0,2252.8,2230.9333333333334,2186.68,False,False,False,False,False,False,True,False,False,False,False,0.0283224400871459,0.0413943355119825,,,0.01838779956427,0.027915758896151,0.0479302832244008,0.0043572984749455,-0.0006275400430311,-0.0371329879101899,2320.0,2130.0,0.6449468085106383,0.0035511363636363,0.0012346716451758,-0.0003886270969356
2001-04-19,2370.0,2380.0,2340.0,2355.0,46000.0,2355.0,2334.0,2321.5,2264.2,2231.0,2187.43,False,False,False,False,False,False,True,True,False,False,True,-0.0042462845010615,0.0169851380042462,,,0.0385562632696391,0.0526539278131634,0.0339702760084925,-0.0318471337579617,2.988196623335098e-05,-0.0342451001507645,2305.0,2135.0,0.9484536082474226,0.0050348909106967,0.0014837545470604,0.0006574220092645
2001-04-20,2355.0,2370.0,2345.0,2365.0,55100.0,2365.0,2331.0,2325.5,2278.2,2230.866666666667,2188.13,False,False,False,False,False,False,True,False,False,False,False,0.0084566596194503,0.0,,,0.0367019027484144,0.0567159971811134,0.0021141649048625,-0.0528541226215644,-5.976750440779909e-05,-0.0344012040421414,2225.0,2110.0,1.1978260869565218,0.0061452023527346,0.0011103114420378,-8.964947064115007e-05
2001-04-23,2350.0,2375.0,2320.0,2320.0,13800.0,2320.0,2323.0,2327.0,2289.8,2230.4,2188.53,False,False,False,False,False,False,True,False,False,True,False,0.0452586206896551,0.0064655172413793,,,0.0130172413793102,0.0386206896551723,0.0344827586206896,-0.0280172413793103,-0.0002092300334768,-0.032445208422862,2280.0,2115.0,0.2504537205081669,0.0050659446239847,-0.0010792577287498,-0.000149462529069
2001-04-24,2310.0,2360.0,2300.0,2360.0,17700.0,2360.0,2339.0,2333.0,2301.2,2231.0666666666666,2189.23,False,False,False,False,False,False,True,True,False,True,True,0.010593220338983,-0.0190677966101694,,,0.0249152542372882,0.0546327683615819,0.0211864406779661,-0.0677966101694915,0.0002988107332814,-0.0342906129447063,2285.0,2080.0,1.2826086956521738,0.0049539370763078,-0.0001120075476769,0.0005080407667582
2001-04-25,2380.0,2380.0,2360.0,2360.0,55200.0,2360.0,2352.0,2338.0,2310.4,2231.733333333333,2190.255,False,False,False,False,False,False,True,True,False,True,False,0.0127118644067796,-0.0211864406779661,,,0.0210169491525423,0.0543502824858758,-0.0042372881355932,-0.0889830508474576,0.0002987214720993,-0.0387082976903336,2245.0,2080.0,3.1186440677966103,0.0039819944598339,-0.0009719426164739,-8.926118212496464e-08
2001-04-26,2370.0,2380.0,2345.0,2345.0,68700.0,2345.0,2350.0,2342.0,2315.0,2232.6,2191.48,False,False,False,False,False,False,True,True,False,True,False,0.021321961620469,-0.0063965884861407,,,0.0127931769722814,0.0479317697228145,0.0063965884861407,-0.0852878464818763,0.0003881871659351,-0.0437660119555935,2210.0,2160.0,1.2445652173913044,0.001987041036717,-0.0019949534231168,8.94656938357909e-05
2001-04-27,2350.0,2390.0,2345.0,2385.0,47900.0,2385.0,2354.0,2342.5,2319.2,2234.866666666667,2192.755,False,False,False,False,False,False,True,True,False,True,False,-0.0083857442348008,-0.0356394129979035,,,0.0275890985324948,0.0629489867225715,-0.0083857442348008,-0.1111111111111111,0.0010142290367808,-0.0503735325506937,2260.0,2180.0,0.6972343522561864,0.0018109692997584,-0.0001760717369585,0.0006260418708456
2001-05-01,2390.0,2425.0,2385.0,2425.0,144300.0,2425.0,2375.0,2349.0,2320.6,2237.2,2193.88,False,False,False,False,False,False,True,True,False,True,True,-0.0371134020618556,-0.0515463917525773,,,0.0430515463917526,0.0774432989690722,-0.0371134020618556,-0.1216494845360824,0.001042970379641,-0.0581098339719029,2220.0,2170.0,3.012526096033403,0.0006032922520038,-0.0012076770477546,2.874134286027e-05
2001-05-02,2415.0,2415.0,2380.0,2385.0,150400.0,2385.0,2380.0,2359.5,2322.4,2238.6,2195.055,False,False,False,False,False,False,True,True,False,False,False,-0.0293501048218029,-0.0377358490566037,,,0.0262473794549265,0.0613836477987421,-0.0230607966457023,-0.1090146750524109,0.0006253908692933,-0.0697181606272515,2195.0,2175.0,1.0422730422730422,0.0007750602824664,0.0001717680304626,-0.0004175795103477
2001-05-07,2405.0,2405.0,2375.0,2390.0,42500.0,2390.0,2386.0,2369.0,2325.4,2241.133333333333,2196.18,False,False,False,False,False,False,True,True,True,False,False,-0.0334728033472803,-0.0564853556485355,,,0.0270292887029288,0.0622873082287308,-0.0125523012552301,-0.1213389121338912,0.0011303804622661,-0.0821021528070916,2200.0,2145.0,0.2825797872340425,0.0012901006278489,0.0005150403453824,0.0005049895929727
2001-05-08,2350.0,2400.0,2330.0,2395.0,27200.0,2395.0,2396.0,2373.0,2332.4,2243.733333333333,2197.305,False,False,False,False,False,False,True,True,False,False,False,-0.0271398747390396,-0.0396659707724425,,,0.0261377870563673,0.0631593597773139,-0.0041753653444676,-0.1377870563674321,0.0011587829807463,-0.0927096502317741,2220.0,2150.0,0.64,0.003001200480192,0.0017110998523431,2.8402518480232777e-05
2001-05-09,2335.0,2370.0,2330.0,2365.0,34200.0,2365.0,2392.0,2373.0,2337.0,2247.0666666666666,2198.98,False,False,False,False,False,False,True,True,False,True,False,-0.0274841437632135,-0.014799154334038,,,0.0118393234672304,0.0498661028893587,-0.0232558139534883,-0.1416490486257928,0.001483415415653,-0.101559207753898,2250.0,2175.0,1.2573529411764706,0.0019683354728283,-0.0010328650073637,0.0003246324349067
2001-05-10,2320.0,2360.0,2300.0,2335.0,52100.0,2335.0,2374.0,2374.5,2341.0,2249.133333333333,2200.205,False,False,False,False,False,False,True,True,False,True,False,-0.0149892933618843,-0.0021413276231263,,,-0.0025695931477516,0.036773733047823,0.0,-0.1370449678800856,0.000918872454575,-0.1122341545588545,2210.0,2210.0,1.523391812865497,0.0017086715079026,-0.0002596639649257,-0.0005645429610779
2001-05-11,2310.0,2365.0,2310.0,2315.0,22800.0,2315.0,2360.0,2370.0,2342.4,2250.0,2201.105,False,False,False,False,False,False,True,True,False,True,False,-0.0086393088552915,0.0431965442764578,,,-0.0118358531317494,0.0280777537796976,-0.0064794816414686,-0.1576673866090712,0.0003851851851852,-0.1210970464135021,2150.0,2260.0,0.437619961612284,0.0005976775956284,-0.0011109939122741,-0.0005336872693898
2001-05-14,2315.0,2325.0,2280.0,2310.0,53700.0,2310.0,2344.0,2365.0,2342.8,2252.4,2202.055,False,False,False,False,False,False,True,True,False,True,False,-0.0238095238095238,0.0411255411255411,,,-0.0141991341991342,0.0249350649350648,-0.0216450216450216,-0.170995670995671,0.0010655301012253,-0.1291754756871035,2095.0,2260.0,2.3552631578947367,0.0001707358716066,-0.0004269417240217,0.0006803449160401
2001-05-15,2310.0,2330.0,2285.0,2330.0,13000.0,2330.0,2331.0,2363.5,2344.0,2255.0,2203.18,False,False,False,False,False,False,True,True,False,False,False,-0.0128755364806866,0.0450643776824034,,,-0.0060085836909871,0.0321888412017167,-0.0171673819742489,-0.2248927038626609,0.0011529933481152,-0.1429659403427121,2070.0,2260.0,0.2420856610800744,0.0005119453924913,0.0003412095208847,8.746324688985911e-05
2001-05-16,2290.0,2310.0,2285.0,2300.0,32100.0,2300.0,2318.0,2355.0,2343.0,2257.5333333333333,2204.405,False,False,False,False,False,False,False,True,False,True,False,0.0130434782608695,0.0304347826086956,,,-0.018695652173913,0.018463768115942,-0.0282608695652173,-0.2260869565217391,0.0011221687387413,-0.1543099787685775,2015.0,2285.0,2.4692307692307693,-0.0004268032437046,-0.000938748636196,-3.082460937387324e-05
2001-05-17,2290.0,2300.0,2220.0,2300.0,34000.0,2300.0,2311.0,2342.5,2342.8,2260.0,2205.155,False,False,False,False,False,False,False,True,False,False,False,0.0130434782608695,0.0434782608695652,,,-0.0186086956521739,0.017391304347826,0.0,-0.2217391304347826,0.0010914454277286,-0.1643116328708645,2030.0,2300.0,1.059190031152648,-8.536793580323462e-05,0.0003414353079014,-3.072331101275881e-05
2001-05-18,2235.0,2295.0,2230.0,2295.0,81900.0,2295.0,2307.0,2333.5,2342.6,2262.866666666667,2205.43,False,False,False,False,False,False,False,True,False,True,False,0.0522875816993464,0.0501089324618736,,,-0.0207407407407407,0.0140014524328249,0.037037037037037,-0.2361655773420479,0.0012668296850603,-0.1770302121277051,2075.0,2280.0,2.4088235294117646,-8.537522411007977e-05,-7.288306845142003e-09,0.0001753842573316
2001-05-21,2250.0,2305.0,2250.0,2255.0,122800.0,2255.0,2296.0,2320.0,2340.4,2265.2,2205.78,False,False,False,False,False,False,False,True,False,True,False,0.0665188470066518,0.0421286031042128,,,-0.0378713968957871,-0.0045232815964522,0.0576496674057649,-0.2239467849223946,0.0010300782859495,-0.1873275862068965,2130.0,2320.0,1.4993894993894994,-0.0009400102546572,-0.0008546350305471,-0.0002367513991107
2001-05-22,2300.0,2310.0,2290.0,2300.0,63400.0,2300.0,2290.0,2310.5,2340.2,2267.0666666666666,2206.63,False,False,False,False,False,False,False,True,False,False,False,0.058695652173913,0.0260869565217391,,,-0.0174782608695651,0.0143188405797101,0.0434782608695652,-0.2434782608695652,0.0008233841086867,-0.1980523696169659,2230.0,2305.0,0.5162866449511401,-8.5462780959009e-05,0.0008545474736982,-0.0002066941772628
2001-05-23,2310.0,2340.0,2280.0,2330.0,58800.0,2330.0,2296.0,2307.0,2338.2,2269.0666666666666,2207.68,False,False,False,False,False,False,False,True,False,True,False,0.0171673819742489,0.0150214592274678,,,-0.0035193133047209,0.0261516452074392,0.0021459227467811,-0.2510729613733906,0.0008814196732871,-0.2091894234937147,2280.0,2225.0,0.9274447949526814,-0.0008553588230262,-0.0007698960420672,5.803556460035194e-05
2001-05-24,2330.0,2335.0,2290.0,2330.0,62400.0,2330.0,2302.0,2306.5,2337.0,2271.2,2208.83,False,False,False,False,False,False,False,True,False,False,False,0.0300429184549356,0.0021459227467811,,,-0.0030042918454935,0.025236051502146,0.0257510729613733,-0.263519313304721,0.0009392978748385,-0.2219813570344678,2390.0,2280.0,1.0612244897959184,-0.0005134788189986,0.0003418800040276,5.787820155139713e-05
2001-05-25,2370.0,2415.0,2360.0,2415.0,97200.0,2415.0,2326.0,2316.5,2342.4,2274.4,2210.405,False,False,False,True,True,False,True,True,True,False,True,-0.0020703933747412,-0.0351966873706004,,,0.0300621118012422,0.0582194616977225,-0.0082815734989648,-0.3006211180124223,0.0014069644741471,-0.2366069501402978,2340.0,2285.0,1.5576923076923077,0.0023053278688524,0.0028188066878511,0.0004676665993086
2001-05-28,2390.0,2415.0,2390.0,2405.0,102300.0,2405.0,2356.0,2326.0,2346.8,2277.866666666667,2211.43,False,False,False,False,False,False,True,True,False,True,False,-0.0228690228690228,-0.0187110187110187,,,0.0241995841995841,0.0528620928620928,-0.0145530145530145,-0.2997920997920998,0.0015218918286115,-0.2496560619088564,2315.0,2245.0,1.0524691358024691,0.0018748934719618,-0.0004304343968906,0.0001149273544644
2001-05-29,2395.0,2480.0,2390.0,2435.0,108700.0,2435.0,2383.0,2336.5,2350.0,2281.6666666666665,2212.605,False,False,False,False,False,False,True,True,False,True,False,-0.0308008213552361,-0.0205338809034907,,,0.0349075975359342,0.0629705681040384,-0.0369609856262833,-0.3367556468172484,0.0016654492330166,-0.2612026535416221,2220.0,2210.0,1.0625610948191593,0.0013617021276594,-0.0005131913443023,0.0001435574044051
2001-05-30,2400.0,2430.0,2370.0,2370.0,20100.0,2370.0,2391.0,2343.5,2350.2,2284.266666666667,2213.555,False,False,False,False,False,False,True,True,False,True,False,-0.0021097046413502,-0.0253164556962025,,,0.0083544303797469,0.0361744022503515,-0.0210970464135021,-0.2995780590717299,0.0011382208732198,-0.2685299765308299,2250.0,2260.0,0.1849126034958601,8.509914049860358e-05,-0.0012766029871608,-0.0005272283597968
2001-05-31,2330.0,2400.0,2330.0,2400.0,47900.0,2400.0,2405.0,2353.5,2353.4,2286.8,2214.73,False,False,False,False,False,False,True,True,True,False,False,-0.0270833333333333,-0.0270833333333333,,,0.0194166666666666,0.0471666666666665,-0.05,-0.2875,0.0011078071249489,-0.2750371786700658,2235.0,2220.0,2.383084577114428,0.001359734851704,0.0012746357112054,-3.041374827089573e-05
2001-06-01,2450.0,2450.0,2395.0,2410.0,97000.0,2410.0,2404.0,2365.0,2355.4,2288.8,2215.83,False,False,False,False,False,False,True,True,False,True,False,-0.0331950207468879,-0.0456431535269709,,,0.022655601659751,0.0502904564315351,-0.0580912863070539,-0.31701244813278,0.0008738203425375,-0.2830866807610994,2280.0,2195.0,2.0250521920668056,0.0008491126772522,-0.0005106221744517,-0.0002339867824113
2001-06-04,2410.0,2410.0,2305.0,2350.0,85200.0,2350.0,2393.0,2374.5,2355.0,2290.0,2216.48,False,False,False,False,False,False,False,True,False,True,False,0.0042553191489361,-0.0382978723404255,,,-0.002127659574468,0.025531914893617,-0.0489361702127659,-0.2991489361702127,0.0005240174672488,-0.2902926931985681,2300.0,2200.0,0.8783505154639175,-0.0001698513800425,-0.0010189640572947,-0.0003498028752887
2001-06-05,2355.0,2365.0,2320.0,2360.0,113000.0,2360.0,2378.0,2380.5,2355.6,2291.333333333333,2217.08,False,False,False,False,False,False,True,True,False,False,False,0.010593220338983,-0.0296610169491525,,,0.001864406779661,0.0290960451977402,-0.0889830508474576,-0.2923728813559322,0.0005819028222285,-0.2950220541902961,2300.0,2220.0,1.3262910798122065,0.0002547121752419,0.0004245635552844,5.788535497972674e-05
2001-06-06,2380.0,2390.0,2360.0,2365.0,22200.0,2365.0,2377.0,2384.0,2354.8,2292.4,2217.705,False,False,False,False,False,False,False,True,False,True,False,-0.0232558139534883,-0.054968287526427,,,0.0043128964059195,0.0306976744186046,-0.0866807610993657,-0.2959830866807611,0.0004653056476474,-0.2994127516778523,2325.0,2250.0,0.1964601769911504,-0.0003397316120263,-0.0005944437872683,-0.000116597174581
2001-06-07,2355.0,2380.0,2300.0,2335.0,68800.0,2335.0,2364.0,2384.5,2351.2,2292.866666666667,2218.055,False,False,False,False,False,False,False,True,False,True,False,0.0,-0.0149892933618843,,,-0.0069379014989292,0.0180442541042112,-0.032119914346895,-0.2933618843683083,0.0002035297880382,-0.3023275319773538,2305.0,2210.0,3.099099099099099,-0.0015311330384486,-0.0011914014264222,-0.0002617758596091
2001-06-08,2315.0,2365.0,2315.0,2330.0,67200.0,2330.0,2348.0,2376.0,2349.0,2293.5333333333333,2218.38,False,False,False,False,False,False,False,True,False,False,False,-0.0128755364806866,0.0214592274678111,,,-0.0081545064377682,0.0156509298998569,-0.0278969957081545,-0.2763948497854077,0.0002906723250878,-0.2999579124579125,2300.0,2150.0,0.9767441860465116,-0.0009365687526606,0.0005945642857879,8.714253704958548e-05
2001-06-11,2370.0,2380.0,2330.0,2360.0,32000.0,2360.0,2350.0,2371.5,2347.8,2294.0666666666666,2219.08,False,False,False,False,False,False,False,True,False,False,False,-0.0423728813559322,0.010593220338983,,,0.0051694915254236,0.0279378531073446,-0.0508474576271186,-0.2983050847457627,0.0002324837987852,-0.2998102466793169,2310.0,2095.0,0.4761904761904761,-0.0005111167901864,0.0004254519624741,-5.8188526302603366e-05
2001-06-12,2345.0,2385.0,2270.0,2385.0,57600.0,2385.0,2355.0,2366.5,2347.4,2295.133333333333,2220.055,False,False,False,False,False,False,False,True,False,False,False,-0.0398322851153039,0.0062893081761006,,,0.0157651991614255,0.0376799440950384,-0.0733752620545073,-0.29979035639413,0.0004647515031806,-0.2960067610395098,2305.0,2070.0,1.8,-0.0001704012950498,0.0003407154951365,0.0002322677043953
2001-06-13,2370.0,2370.0,2300.0,2310.0,45100.0,2310.0,2344.0,2360.5,2345.2,2296.266666666667,2220.405,False,False,False,False,False,False,False,True,False,True,False,-0.0324675324675324,0.0108225108225108,,,-0.0152380952380951,0.0059451659451658,-0.0606060606060606,-0.2935064935064935,0.0004935547555453,-0.295403516204194,2380.0,2015.0,0.7829861111111112,-0.00093808630394,-0.0007676850088901,2.880325236476129e-05
2001-06-14,2300.0,2335.0,2300.0,2335.0,48100.0,2335.0,2344.0,2354.0,2345.2,2297.0,2220.93,False,False,False,False,False,False,False,True,False,False,False,-0.0149892933618843,0.0235546038543897,,,-0.0043683083511776,0.0162740899357601,-0.0599571734475374,-0.2809421841541756,0.0003192570018864,-0.2947748513169074,2360.0,2030.0,1.0665188470066518,0.0,0.00093808630394,-0.0001742977536589
2001-06-15,2280.0,2330.0,2270.0,2300.0,31100.0,2300.0,2338.0,2343.0,2344.6,2297.2,2221.03,False,False,False,False,False,False,False,True,False,True,False,0.0347826086956521,0.0413043478260869,,,-0.019391304347826,0.0012173913043479,-0.0565217391304347,-0.271304347826087,8.706251088273469e-05,-0.290183525394793,2280.0,2075.0,0.6465696465696466,-0.000255907190992,-0.000255907190992,-0.0002321944910036
2001-06-18,2275.0,2300.0,2260.0,2260.0,34800.0,2260.0,2318.0,2334.0,2342.6,2297.4,2221.005,False,False,False,False,False,False,False,True,False,True,False,0.0553097345132743,0.0486725663716814,,,-0.0365486725663716,-0.0165486725663717,0.0132743362831858,-0.25,8.705493166199741e-05,-0.2853898886032561,2295.0,2130.0,1.1189710610932475,-0.0008537522410996,-0.0005978450501076,-7.579220737279654e-09
2001-06-19,2275.0,2310.0,2265.0,2290.0,36000.0,2290.0,2299.0,2327.0,2341.0,2298.4666666666667,2221.13,False,False,False,False,False,False,False,True,False,False,False,0.0480349344978165,0.0240174672489082,,,-0.0222707423580786,-0.0036972343522561,-0.056768558951965,-0.2423580786026201,0.0004640775009426,-0.2804469273743016,2355.0,2230.0,1.0344827586206895,-0.000683468603161,0.0001702836379386,0.0003770225692806
2001-06-20,2360.0,2360.0,2230.0,2235.0,66800.0,2235.0,2284.0,2314.0,2338.4,2298.133333333333,2220.805,False,False,False,False,False,False,False,False,False,True,False,0.0447427293064877,0.0380313199105145,,,-0.0462639821029083,-0.0282475764354958,-0.0134228187919463,-0.2286353467561521,-0.0001450452541193,-0.2738547968885048,2365.0,2280.0,1.855555555555556,-0.0011118713650358,-0.0004284027618748,-0.0006091227550619
2001-06-21,2290.0,2300.0,2265.0,2300.0,19200.0,2300.0,2277.0,2310.5,2338.4,2299.2,2220.805,False,False,False,False,False,False,False,True,False,False,False,0.0391304347826087,-0.008695652173913,,,-0.016695652173913,0.0003478260869566,-0.0456521739130434,-0.2595652173913043,0.0004639294827186,-0.2704609391906514,2320.0,2390.0,0.2874251497005988,0.0,0.0011118713650358,0.0006089747368379
2001-06-22,2300.0,2380.0,2300.0,2380.0,45200.0,2380.0,2293.0,2315.5,2341.8,2301.6666666666665,2221.305,False,False,False,True,True,False,True,True,True,False,True,0.0063025210084033,-0.0462184873949579,,,0.0160504201680671,0.0329131652661065,-0.0819327731092437,-0.2857142857142857,0.0010716871832005,-0.271431656229756,2360.0,2340.0,2.3541666666666665,0.0014518746263558,0.0014518746263558,0.0006077577004819
2001-06-25,2380.0,2400.0,2350.0,2385.0,75000.0,2385.0,2318.0,2318.0,2347.0,2304.133333333333,2221.88,False,False,False,False,False,False,True,True,False,False,False,-0.0062893081761006,-0.0628930817610062,,,0.0159329140461215,0.0339063591893781,-0.0754716981132075,-0.2750524109014675,0.0010705398993113,-0.2690681622088007,2360.0,2315.0,1.65929203539823,0.0022155943757988,0.0007637197494429,-1.1472838891968262e-06
2001-06-26,2380.0,2400.0,2340.0,2400.0,22200.0,2400.0,2340.0,2319.5,2351.0,2306.5333333333333,2222.78,False,False,False,False,False,False,True,True,False,True,False,-0.0229166666666666,-0.1041666666666666,,,0.0204166666666666,0.0389444444444444,-0.0729166666666666,-0.28125,0.0010405225735592,-0.2671696486311705,2345.0,2220.0,0.296,0.0017014036580178,-0.0005141907177809,-3.0017325752190868e-05
2001-06-27,2380.0,2400.0,2315.0,2335.0,24200.0,2335.0,2360.0,2322.0,2351.2,2307.6666666666665,2223.605,False,False,False,False,False,False,True,True,False,True,False,-0.006423982869379,-0.0749464668094218,,,-0.0069379014989292,0.0117059243397573,-0.0278372591006423,-0.2719486081370449,0.0004911165679618,-0.2650301464254953,2385.0,2250.0,1.09009009009009,8.506294658039219e-05,-0.0016163407114374,-0.0005494060055973
2001-06-28,2370.0,2400.0,2340.0,2390.0,19400.0,2390.0,2378.0,2327.5,2353.6,2310.0666666666666,2224.58,False,False,False,False,False,False,True,True,True,False,False,-0.0460251046025104,-0.0543933054393305,,,0.0152301255230125,0.0334449093444909,-0.0585774058577405,-0.2782426778242677,0.0010389310553808,-0.2647905477980666,2425.0,2235.0,0.8016528925619835,0.0010197144799456,0.0009346515333652,0.000547814487419
2001-06-29,2350.0,2400.0,2350.0,2395.0,27400.0,2395.0,2381.0,2337.0,2352.8,2313.333333333333,2225.58,False,False,False,False,False,False,False,True,False,True,False,-0.0521920668058455,-0.0542797494780793,,,0.0176200417536533,0.0340988169798191,-0.0396659707724425,-0.290187891440501,0.0014121037463975,-0.2667522464698331,2385.0,2280.0,1.4123711340206186,-0.0003400204012239,-0.0013597348811696,0.0003731726910167
2001-07-02,2380.0,2390.0,2360.0,2370.0,28800.0,2370.0,2378.0,2348.0,2351.4,2317.0,2226.73,False,False,False,False,False,False,False,True,False,True,False,-0.0569620253164556,-0.0548523206751054,,,0.0078481012658227,0.0223628691983122,-0.0274261603375527,-0.3025316455696202,0.0015825061142282,-0.2719761499148211,2390.0,2300.0,1.051094890510949,-0.0005953899804372,-0.0002553695792132,0.0001704023678307
2001-07-03,2340.0,2350.0,2305.0,2345.0,28500.0,2345.0,2367.0,2353.5,2347.8,2320.6666666666665,2227.78,False,False,False,False,False,True,False,True,False,True,False,-0.0831556503198294,-0.0575692963752665,,,-0.0011940298507463,0.0103766879886283,-0.0277185501066098,-0.2963752665245202,0.0015800057454753,-0.2772891438283407,2395.0,2300.0,0.9895833333333334,-0.0015333503705596,-0.0009379603901224,-2.500368752926529e-06
2001-07-04,2340.0,2340.0,2310.0,2320.0,14500.0,2320.0,2364.0,2362.0,2345.8,2324.733333333333,2228.68,False,False,False,False,False,False,False,True,False,False,False,-0.0689655172413793,-0.0646551724137931,,,-0.0111206896551724,-0.0020402298850573,-0.0344827586206896,-0.2995689655172414,0.0017493045797367,-0.2840812870448772,2365.0,2325.0,0.5087719298245614,-0.0008525876033762,0.0006807627671833,0.0001692988342613
2001-07-05,2300.0,2310.0,2255.0,2280.0,82700.0,2280.0,2342.0,2360.0,2341.0,2328.0666666666666,2229.705,False,False,False,False,False,False,False,True,False,True,False,-0.0087719298245614,-0.0372807017543859,,,-0.0267543859649122,-0.0210818713450292,-0.0109649122807017,-0.2872807017543859,0.0014318032129664,-0.2867796610169491,2335.0,2305.0,5.703448275862069,-0.0020504058094832,-0.0011978182061069,-0.0003175013667702
2001-07-06,2280.0,2280.0,2260.0,2270.0,40300.0,2270.0,2317.0,2349.0,2335.4,2330.6666666666665,2230.555,False,False,False,False,False,False,False,True,False,True,False,-0.0022026431718061,-0.0440528634361233,,,-0.0288105726872247,-0.0267254038179147,-0.0308370044052863,-0.2691629955947137,0.0011155606407322,-0.2851851851851852,2315.0,2300.0,0.4873035066505441,-0.0023978761668236,-0.0003474703573404,-0.0003162425722342
2001-07-09,2240.0,2260.0,2230.0,2235.0,16400.0,2235.0,2290.0,2334.0,2330.8,2332.0666666666666,2231.33,False,False,True,False,False,False,False,True,False,False,False,0.0022371364653243,0.0246085011185682,,,-0.0428635346756152,-0.0434302759134973,-0.0380313199105145,-0.2590604026845637,0.0006003258911981,-0.2837189374464439,2310.0,2310.0,0.4069478908188585,-0.0019735713059893,0.0004243048608343,-0.0005152347495341
2001-07-10,2210.0,2220.0,2125.0,2150.0,115100.0,2150.0,2251.0,2309.0,2322.4,2331.0,2231.58,False,False,False,False,False,False,False,False,False,True,False,0.027906976744186,0.0046511627906976,,,-0.0801860465116279,-0.0841860465116279,-0.0023255813953488,-0.2251162790697674,-0.0004576004576004,-0.2785188393243828,2330.0,2305.0,7.0182926829268295,-0.0036169479848433,-0.0016433766788539,-0.0010579263487985
2001-07-11,2145.0,2175.0,2120.0,2160.0,50200.0,2160.0,2219.0,2291.5,2314.2,2329.4,2231.98,False,False,False,False,False,False,False,False,False,False,False,0.0046296296296296,0.0208333333333333,,,-0.0713888888888888,-0.0784259259259259,-0.0185185185185185,-0.2472222222222222,-0.0006868721559199,-0.2762382718743181,2300.0,2380.0,0.4361424847958297,-0.0035433411113993,7.360687344399892e-05,-0.0002292716983195
2001-07-12,2140.0,2265.0,2140.0,2260.0,93800.0,2260.0,2215.0,2278.5,2311.2,2327.6666666666665,2232.88,False,False,False,False,False,False,False,False,False,False,False,-0.0287610619469026,-0.0287610619469026,,,-0.022654867256637,-0.0299410029498524,-0.0575221238938053,-0.3084070796460177,-0.0007446656164973,-0.2792187842879087,2300.0,2360.0,1.8685258964143423,-0.0012980269989615,0.0022453141124377,-5.779346057737148e-05
2001-07-13,2250.0,2280.0,2210.0,2265.0,76400.0,2265.0,2214.0,2265.5,2308.6,2326.6666666666665,2233.405,False,False,False,False,False,False,False,False,False,False,False,-0.0419426048565121,-0.0353200883002207,,,-0.0192494481236202,-0.0272259013980867,-0.0618101545253863,-0.3200883002207506,-0.000429799426934,-0.282145221805341,2295.0,2280.0,0.814498933901919,-0.0011262236853503,0.0001718033136111,0.0003148661895632
2001-07-16,2205.0,2265.0,2205.0,2240.0,14200.0,2240.0,2215.0,2252.5,2303.8,2325.6666666666665,2233.755,False,False,False,False,False,False,False,False,False,True,False,0.0223214285714285,-0.015625,,,-0.0284821428571429,-0.0382440476190475,-0.0625,-0.3174107142857142,-0.0004299842339114,-0.2835072142064372,2255.0,2295.0,0.1858638743455497,-0.0020835141939403,-0.0009572905085899,-1.848069773258067e-07
2001-07-17,2240.0,2245.0,2210.0,2210.0,6400.0,2210.0,2227.0,2239.0,2296.8,2325.5333333333333,2233.955,False,False,False,False,False,False,False,False,False,True,False,-0.0226244343891402,0.006787330316742,,,-0.0392760180995475,-0.0522775263951734,-0.0656108597285067,-0.3122171945701357,-5.7334518246658285e-05,-0.2849933005806163,2300.0,2355.0,0.4507042253521127,-0.0030477185649599,-0.0009642043710196,0.0003726497156647
2001-07-18,2210.0,2255.0,2170.0,2170.0,30200.0,2170.0,2229.0,2224.0,2291.2,2324.4666666666667,2234.105,False,False,False,False,False,False,False,False,False,False,False,0.0161290322580645,0.0460829493087557,,,-0.0558525345622119,-0.0711827956989247,-0.064516129032258,-0.2995391705069124,-0.0004588866263228,-0.2848920863309352,2330.0,2365.0,4.71875,-0.0024441340782124,0.0006035844867474,-0.0004015521080761
2001-07-19,2170.0,2195.0,2150.0,2195.0,10200.0,2195.0,2216.0,2215.5,2285.6,2323.9333333333334,2234.555,False,False,False,False,False,False,False,False,False,True,False,0.0,0.0250569476082004,,,-0.0412756264236901,-0.0587395596051632,-0.082004555808656,-0.316628701594533,-0.000229495969477,-0.2877905664635522,2330.0,2320.0,0.3377483443708609,-0.0024501225061252,-5.9884279128169e-06,0.0002293906568458
2001-07-23,2155.0,2170.0,2130.0,2170.0,38600.0,2170.0,2197.0,2205.5,2280.4,2322.4666666666667,2234.93,False,False,False,False,False,False,False,False,False,False,False,0.0069124423963133,0.0599078341013824,,,-0.0508755760368664,-0.0702611367127496,-0.1013824884792626,-0.312442396313364,-0.0006315124723713,-0.2921333031058716,2415.0,2360.0,3.784313725490196,-0.0022803017014558,0.0001698208046694,-0.0004020165028943
2001-07-24,2140.0,2290.0,2140.0,2290.0,95700.0,2290.0,2207.0,2211.0,2281.6,2322.333333333333,2235.805,False,False,False,False,True,False,True,False,False,False,True,-0.037117903930131,0.0065502183406113,,,0.0036681222707423,-0.0141193595342065,-0.1637554585152838,-0.3585152838427947,-5.741352088431183e-05,-0.3023518769787426,2405.0,2360.0,2.479274611398964,0.0005259467040672,0.002806248405523,0.000574098951487
2001-07-25,2250.0,2260.0,2160.0,2160.0,45200.0,2160.0,2197.0,2212.0,2276.4,2320.4666666666667,2236.03,False,False,False,False,False,False,False,False,False,True,False,0.0300925925925925,0.0555555555555555,,,-0.0538888888888889,-0.0742901234567901,-0.1638888888888889,-0.3481481481481481,-0.0008044358893324,-0.3143309222423146,2435.0,2345.0,0.4723092998955068,-0.0022843085573712,-0.0028102552614384,-0.0007470223684481
2001-07-26,2200.0,2230.0,2165.0,2205.0,84700.0,2205.0,2204.0,2216.5,2275.2,2318.866666666667,2236.43,False,False,False,False,False,False,False,False,False,False,True,0.0294784580498866,0.0158730158730158,,,-0.0318367346938774,-0.0516402116402116,-0.1927437641723356,-0.3877551020408163,-0.0006899922375872,-0.328175050755696,2370.0,2385.0,1.8738938053097345,-0.0005274261603376,0.0017568823970335,0.0001144436517451
2001-07-27,2250.0,2250.0,2160.0,2195.0,34000.0,2195.0,2204.0,2210.0,2271.0,2317.4,2236.855,False,False,False,False,False,False,False,False,False,True,False,0.0250569476082004,0.0273348519362186,,,-0.0346241457858769,-0.0557630979498861,-0.1845102505694761,-0.3849658314350797,-0.0006328931848911,-0.3358371040723982,2400.0,2425.0,0.4014167650531287,-0.0018494055482165,-0.0013219793878788,5.709905269616125e-05
2001-07-30,2190.0,2190.0,2165.0,2185.0,30000.0,2185.0,2207.0,2202.0,2263.2,2315.866666666667,2237.33,False,False,False,False,False,False,False,False,False,True,False,0.0526315789473684,0.0068649885583524,,,-0.0357894736842104,-0.0598932112890923,-0.1977116704805492,-0.4,-0.0006620991421497,-0.3438237965485921,2410.0,2385.0,0.8823529411764706,-0.0034464475079534,-0.0015970419597368,-2.9205957258667328e-05
2001-07-31,2180.0,2220.0,2150.0,2205.0,99700.0,2205.0,2190.0,2198.5,2256.0,2314.4666666666667,2237.855,False,False,False,False,False,False,False,False,False,False,False,0.0453514739229024,-0.0249433106575963,,,-0.0231292517006802,-0.0496447467876039,-0.2063492063492063,-0.4113378684807256,-0.0006048909756027,-0.3532863315897203,2350.0,2390.0,3.3233333333333333,-0.003191489361702,0.0002549581462513,5.7208166547024e-05
2001-08-01,2240.0,2250.0,2220.0,2225.0,39000.0,2225.0,2203.0,2200.0,2249.0,2313.4,2238.48,False,False,False,False,False,False,False,False,False,False,False,0.0247191011235955,-0.0359550561797752,,,-0.0107865168539325,-0.0397303370786517,-0.2179775280898876,-0.3959550561797753,-0.0004610818132042,-0.3617272727272727,2360.0,2395.0,0.391173520561685,-0.0031124944419742,7.899491972783619e-05,0.0001438091623985
2001-08-02,2245.0,2290.0,2230.0,2270.0,67000.0,2270.0,2216.0,2210.0,2246.4,2311.9333333333334,2239.355,False,False,False,False,True,False,False,False,False,False,True,-0.013215859030837,-0.066079295154185,,,0.010396475770925,-0.0184728340675477,-0.2312775330396475,-0.3700440528634361,-0.0006343896882839,-0.3686877828054298,2365.0,2365.0,1.7179487179487178,-0.0011574074074073,0.0019550870345668,-0.0001733078750797
2001-08-03,2265.0,2290.0,2240.0,2250.0,43200.0,2250.0,2227.0,2215.5,2240.8,2310.4666666666667,2240.205,False,False,False,False,False,False,False,False,False,True,False,0.0022222222222222,-0.0533333333333333,,,0.0040888888888888,-0.026874074074074,-0.2373333333333333,-0.3555555555555555,-0.0006347923940329,-0.3725118483412322,2335.0,2335.0,0.6447761194029851,-0.0024991074616208,-0.0013417000542134,-4.027057489755776e-07
2001-08-06,2300.0,2300.0,2260.0,2300.0,32700.0,2300.0,2250.0,2228.5,2237.0,2310.733333333333,2241.405,False,False,False,False,False,False,False,True,False,False,False,-0.0434782608695652,-0.0760869565217391,,,0.027391304347826,-0.0046666666666665,-0.2656521739130434,-0.3747826086956521,0.0001154034794147,-0.3785954678034552,2330.0,2315.0,0.7569444444444444,-0.0016987036209209,0.0008004038406998,0.0007501958734477
2001-08-07,2245.0,2320.0,2215.0,2305.0,36100.0,2305.0,2270.0,2230.0,2234.4,2310.866666666667,2242.48,False,False,False,False,False,False,False,True,False,False,False,-0.0672451193058568,-0.088937093275488,,,0.0306290672451192,-0.0025451916124367,-0.2694143167028199,-0.3665943600867679,5.769841040893754e-05,-0.3794170403587443,2360.0,2310.0,1.1039755351681957,-0.0011636233440744,0.0005350802768465,-5.770506900586187e-05
2001-08-08,2310.0,2320.0,2280.0,2280.0,58100.0,2280.0,2281.0,2242.0,2231.8,2309.866666666667,2243.63,False,False,False,False,False,False,False,False,False,True,True,-0.0592105263157894,-0.094298245614035,,,0.0211403508771929,-0.0130994152046784,-0.2916666666666667,-0.3421052631578947,-0.0004329254213807,-0.3786351471900089,2385.0,2330.0,1.6094182825484764,-0.0011649789407652,-1.3555966908295348e-06,-0.0004906238317896
2001-08-09,2300.0,2300.0,2240.0,2240.0,23300.0,2240.0,2275.0,2245.5,2228.6,2308.2,2244.63,False,False,False,False,False,False,False,False,False,True,False,-0.0535714285714285,-0.09375,,,0.0050892857142857,-0.0304464285714284,-0.2589285714285714,-0.3303571428571428,-0.0007220633682813,-0.3729236250278335,2310.0,2300.0,0.4010327022375215,-0.001435879027192,-0.0002709000864268,-0.0002891379469005
2001-08-10,2280.0,2280.0,2160.0,2255.0,19200.0,2255.0,2276.0,2251.5,2227.6,2307.333333333333,2245.905,False,False,False,False,False,False,False,False,False,False,False,-0.0554323725055432,-0.106430155210643,,,0.0121507760532151,-0.0232076866223206,-0.2416851441241685,-0.3450110864745011,-0.0003756139843976,-0.3689540306462359,2335.0,2300.0,0.8240343347639485,-0.0004489136290177,0.0009869653981743,0.0003464493838837
2001-08-13,2195.0,2225.0,2195.0,2200.0,15700.0,2200.0,2256.0,2253.0,2224.8,2305.2,2246.705,False,False,False,False,False,True,False,False,False,True,False,-0.034090909090909,-0.1136363636363636,,,-0.0112727272727273,-0.0478181818181817,-0.2518181818181818,-0.3418181818181818,-0.0009254439238821,-0.3632933865956502,2300.0,2295.0,0.8177083333333334,-0.0012585400934914,-0.0008096264644736,-0.0005498299394845
2001-08-14,2180.0,2220.0,2145.0,2150.0,70400.0,2150.0,2225.0,2247.5,2221.4,2302.4,2247.255,False,False,False,False,False,False,False,False,False,True,False,-0.0232558139534883,-0.1093023255813953,,,-0.0332093023255814,-0.0708837209302326,-0.233953488372093,-0.3255813953488372,-0.0012161223071576,-0.3549721913236929,2260.0,2255.0,4.484076433121019,-0.0015305663095345,-0.0002720262160431,-0.0002906783832754
2001-08-15,2180.0,2215.0,2130.0,2145.0,138900.0,2145.0,2198.0,2239.5,2221.2,2299.733333333333,2247.73,False,False,False,False,False,False,False,False,False,False,False,-0.0372960372960372,-0.158041958041958,,,-0.0355244755244754,-0.072136752136752,-0.2214452214452214,-0.3566433566433566,-0.0011595547309834,-0.3510605045769145,2290.0,2300.0,1.9730113636363635,-9.004141905288712e-05,0.0014405248904816,5.656757617419558e-05
2001-08-16,2130.0,2160.0,2100.0,2120.0,117000.0,2120.0,2174.0,2224.5,2219.6,2296.2,2248.13,False,False,False,False,False,False,False,False,False,True,False,-0.0424528301886792,-0.160377358490566,,,-0.0469811320754716,-0.0831132075471697,-0.2146226415094339,-0.3070754716981132,-0.0015387742066602,-0.3449314452685996,2235.0,2330.0,0.8423326133909287,-0.0007208506037123,-0.0006308091846594,-0.0003792194756768
2001-08-17,2120.0,2170.0,2100.0,2130.0,52800.0,2130.0,2149.0,2212.5,2214.4,2292.266666666667,2248.68,False,False,False,False,False,False,False,False,False,True,False,-0.0539906103286385,-0.1596244131455399,,,-0.0396244131455399,-0.0761815336463224,-0.2253521126760563,-0.3169014084507042,-0.0017159143787806,-0.3411525423728813,2300.0,2330.0,0.4512820512820513,-0.0023482658959536,-0.0016274152922413,-0.0001771401721203
2001-08-20,2150.0,2160.0,2125.0,2125.0,38300.0,2125.0,2134.0,2195.0,2208.8,2288.8,2249.38,False,False,False,False,False,False,False,False,False,True,False,-0.0823529411764705,-0.1750588235294117,,,-0.0394352941176471,-0.0770823529411765,-0.2065882352941176,-0.3011764705882352,-0.0015146219270651,-0.33375854214123,2380.0,2415.0,0.7253787878787878,-0.0025353132922853,-0.0001870473963316,0.0002012924517155
2001-08-21,2190.0,2190.0,2090.0,2100.0,54700.0,2100.0,2124.0,2174.5,2203.2,2284.9333333333334,2249.905,False,False,False,False,False,False,False,False,False,True,False,-0.0880952380952381,-0.1666666666666666,,,-0.049142857142857,-0.0880634920634921,-0.2114285714285714,-0.3095238095238095,-0.0016922448503239,-0.3279374568866405,2385.0,2405.0,1.4281984334203657,-0.0025417574437183,-6.444151433030593e-06,-0.0001776229232587
2001-08-22,2100.0,2100.0,2055.0,2065.0,32200.0,2065.0,2108.0,2153.0,2197.4,2280.5333333333333,2249.88,False,False,False,False,False,False,False,False,False,True,False,-0.1254237288135593,-0.1573849878934624,,,-0.0641162227602906,-0.1043744955609362,-0.1912832929782082,-0.3147699757869249,-0.0019293732460243,-0.3251741755689735,2400.0,2435.0,0.5886654478976234,-0.0026394830253935,-9.77255816751294e-05,-0.0002371283957004
2001-08-23,2050.0,2080.0,2015.0,2030.0,50300.0,2030.0,2090.0,2132.0,2191.8,2276.0666666666666,2250.155,False,False,False,False,False,False,False,False,False,False,False,-0.1231527093596059,-0.1403940886699507,,,-0.079704433497537,-0.121215106732348,-0.1960591133004926,-0.334975369458128,-0.0019624498403678,-0.3255628517823639,2335.0,2370.0,1.562111801242236,-0.0025549776439455,8.450538144794866e-05,-3.3076594343537866e-05
2001-08-24,2050.0,2050.0,1980.0,2015.0,98200.0,2015.0,2067.0,2108.0,2184.6,2271.8,2250.23,False,False,False,False,False,False,False,False,False,True,False,-0.1116625310173697,-0.1483870967741935,,,-0.0841687344913151,-0.1274441687344914,-0.1667493796526054,-0.3384615384615385,-0.0018780995979691,-0.3247153700189753,2390.0,2400.0,1.952286282306163,-0.0032957978577315,-0.0007408202137859,8.435024239870177e-05
2001-08-27,1975.0,1990.0,1950.0,1950.0,155500.0,1950.0,2032.0,2083.0,2175.8,2266.9333333333334,2249.83,False,False,False,False,False,False,False,False,False,True,False,-0.101025641025641,-0.1338461538461538,,,-0.1157948717948718,-0.1625299145299145,-0.1405128205128205,-0.3179487179487179,-0.0021468062580873,-0.3222755640902544,2395.0,2410.0,1.5835030549898168,-0.0040444893832152,-0.0007486915254837,-0.0002687066601181
2001-08-28,1960.0,1975.0,1905.0,1915.0,194400.0,1915.0,1995.0,2059.5,2160.8,2261.6666666666665,2249.155,False,False,False,False,False,False,False,False,False,True,False,-0.0861618798955613,-0.1206266318537859,,,-0.1283550913838121,-0.1810269799825934,-0.1148825065274151,-0.3211488250652741,-0.0023286661753869,-0.3218256858460791,2370.0,2350.0,1.25016077170418,-0.0069418733802295,-0.0028973839970143,-0.0001818599172996
2001-08-29,1945.0,1945.0,1806.0,1806.0,308600.0,1806.0,1943.2,2025.6,2146.64,2254.68,2248.23,False,False,False,False,False,False,False,False,False,False,False,-0.0365448504983388,-0.1057585825027685,,,-0.1886157253599113,-0.2484385382059799,-0.039313399778516,-0.2940199335548172,-0.0030987398063879,-0.3156595576619272,2345.0,2360.0,1.587448559670782,-0.0065963552342266,0.0003455181460028,-0.0007700736310009
2001-08-30,1805.0,1835.0,1755.0,1780.0,258600.0,1780.0,1893.2,1991.6,2129.64,2247.7466666666664,2247.005,False,False,False,False,False,False,False,False,False,True,False,-0.0196629213483146,-0.0674157303370786,,,-0.1964269662921347,-0.2627790262172283,-0.0314606741573033,-0.300561797752809,-0.0030845706218376,-0.3152239405503113,2320.0,2365.0,0.8379779650032404,-0.0079825698240078,-0.0013862145897811,1.4169184550303063e-05
2001-08-31,1780.0,1800.0,1761.0,1790.0,79300.0,1790.0,1848.2,1957.6,2113.44,2240.9466666666667,2245.83,False,False,False,False,False,False,False,False,False,False,False,-0.041340782122905,-0.0446927374301676,,,-0.1806927374301676,-0.2519255121042831,-0.0486033519553072,-0.3139664804469274,-0.0030344318770042,-0.3149264405394361,2280.0,2335.0,0.3066511987625677,-0.0076652282534634,0.0003173415705443,5.013874483336157e-05
2001-09-03,1780.0,1780.0,1752.0,1753.0,53200.0,1753.0,1808.8,1920.4,2096.16,2233.72,2244.02,False,False,False,False,False,False,False,False,False,True,False,-0.0365088419851682,-0.0610382201939532,,,-0.1957558471192241,-0.2742270393610951,-0.0302338847689674,-0.2584141471762692,-0.0032352607608236,-0.3112893147260988,2270.0,2330.0,0.6708701134930644,-0.0082436455232425,-0.0005784172697791,-0.0002008288838193
2001-09-04,1751.0,1755.0,1705.0,1750.0,88000.0,1750.0,1775.8,1885.4,2077.96,2226.9866666666667,2242.17,False,False,False,False,False,False,False,False,False,True,False,-0.0377142857142857,-0.0588571428571428,,,-0.1874057142857143,-0.2725638095238095,-0.012,-0.2314285714285714,-0.003023517578312,-0.3040734061737563,2235.0,2360.0,1.6541353383458646,-0.0087585901557295,-0.0005149446324869,0.0002117431825116
2001-09-05,1740.0,1743.0,1715.0,1740.0,84200.0,1740.0,1762.6,1852.9,2058.56,2219.52,2240.37,False,False,False,False,False,False,False,False,False,True,False,-0.0718390804597701,-0.0402298850574712,,,-0.1830804597701149,-0.2755862068965517,-0.0086206896551724,-0.2356321839080459,-0.0033640907343329,-0.296454206918884,2150.0,2385.0,0.9568181818181818,-0.0094240634229753,-0.0006654732672457,-0.0003405731560209
2001-09-06,1740.0,1745.0,1728.0,1745.0,57300.0,1745.0,1755.6,1824.4,2037.56,2211.72,2238.595,False,False,False,False,False,False,False,False,False,True,False,-0.0487106017191977,-0.0458452722063037,,,-0.1676561604584527,-0.2674613180515758,-0.0257879656160458,-0.2435530085959885,-0.0035266670283761,-0.2871080903310678,2160.0,2310.0,0.6805225653206651,-0.0103064449635838,-0.0008823815406085,-0.0001625762940432
2001-09-07,1730.0,1730.0,1706.0,1716.0,153900.0,1716.0,1740.8,1794.5,2016.2,2203.5333333333333,2236.9,False,False,False,False,False,False,False,False,False,True,False,-0.0034965034965034,-0.0384615384615384,,,-0.1749417249417249,-0.2841103341103341,0.0052447552447552,-0.2249417249417249,-0.0037152452122348,-0.2753970465310671,2260.0,2335.0,2.6858638743455496,-0.0105941870846145,-0.0002877421210306,-0.0001885781838586
2001-09-10,1665.0,1689.0,1665.0,1689.0,54400.0,1689.0,1728.0,1768.4,1991.76,2193.853333333333,2234.77,False,False,False,False,False,False,False,False,False,True,False,-0.0254588513913558,-0.0017761989342806,,,-0.1792539964476021,-0.2989066508782315,0.0065127294256956,-0.2125518058022498,-0.0044123277763935,-0.2647025559828094,2265.0,2300.0,0.3534762833008447,-0.0122705546853034,-0.0016763676006889,-0.0006970825641587
2001-09-11,1655.0,1689.0,1655.0,1684.0,71300.0,1684.0,1714.8,1745.3,1966.92,2184.24,2232.64,False,False,False,False,False,False,False,False,False,True,False,-0.0219714964370546,-0.0166270783847981,,,-0.1680047505938242,-0.2970546318289785,-0.0184085510688836,-0.2131828978622327,-0.0044012257505279,-0.2535380736836074,2240.0,2260.0,1.3106617647058822,-0.0126288817033737,-0.0003583270180702,1.1102025865593336e-05
2001-09-12,1650.0,1653.0,1580.0,1615.0,78100.0,1615.0,1689.8,1726.2,1940.32,2173.306666666667,2230.215,False,False,False,False,False,False,False,False,False,True,False,0.0340557275541795,0.0340557275541795,,,-0.2014365325077399,-0.3457007223942209,0.0216718266253869,-0.1913312693498452,-0.0050307365734547,-0.243482794577685,2210.0,2290.0,1.0953716690042077,-0.0137090789148182,-0.0010801972114444,-0.0006295108229267
2001-09-13,1645.0,1660.0,1630.0,1660.0,45800.0,1660.0,1672.8,1714.2,1917.12,2163.84,2227.765,False,False,False,False,False,False,False,False,False,False,False,0.003012048192771,-0.016867469879518,,,-0.1548915662650601,-0.3035180722891567,-0.0210843373493975,-0.2162650602409638,-0.0043749383811495,-0.2349200793373002,2170.0,2235.0,0.586427656850192,-0.0121014855616758,0.0016075933531423,0.0006557981923051
2001-09-14,1710.0,1710.0,1671.0,1710.0,84800.0,1710.0,1671.6,1706.2,1895.32,2154.64,2225.39,False,False,False,False,False,False,False,False,False,False,False,-0.0350877192982456,-0.0181286549707602,,,-0.1083742690058479,-0.2600233918128654,-0.0497076023391812,-0.2690058479532163,-0.004269854824936,-0.2300433712343219,2195.0,2300.0,1.851528384279476,-0.0115020154907878,0.000599470070888,0.0001050835562134
2001-09-17,1670.0,1670.0,1630.0,1646.0,66600.0,1646.0,1663.0,1695.5,1873.16,2144.4533333333334,2222.695,False,False,False,False,False,False,False,False,False,True,False,0.0243013365735115,0.0182260024301336,,,-0.1380072904009721,-0.3028270554880519,0.0078979343863912,-0.2831105710814094,-0.004750239377246,-0.232261869654969,2170.0,2380.0,0.785377358490566,-0.0118302761109568,-0.0003282606201689,-0.0004803845523099
2001-09-18,1646.0,1695.0,1645.0,1647.0,53600.0,1647.0,1655.6,1685.2,1853.04,2135.08,2220.58,False,False,False,False,False,False,False,False,False,False,False,0.0054644808743169,0.029143897996357,,,-0.1251001821493624,-0.2963448694596235,0.0054644808743169,-0.2950819672131147,-0.0043901555601351,-0.2384880132921908,2290.0,2385.0,0.8048048048048048,-0.0108578336139533,0.0009724424970034,0.0003600838171108
2001-09-19,1630.0,1670.0,1630.0,1670.0,61000.0,1670.0,1666.6,1678.2,1834.04,2125.88,2218.405,False,False,False,False,False,False,False,False,False,False,False,0.0,0.0389221556886227,,,-0.0982275449101796,-0.2729820359281438,-0.0023952095808383,-0.3233532934131736,-0.0043276196210509,-0.2472291741151234,2160.0,2400.0,1.138059701492537,-0.0103596431920786,0.0004981904218746,6.25359390842321e-05
2001-09-20,1650.0,1665.0,1630.0,1665.0,40600.0,1665.0,1667.6,1670.2,1815.84,2116.5466666666666,2216.03,False,False,False,False,False,False,False,False,False,False,False,-0.0198198198198198,0.0354354354354354,,,-0.0905945945945945,-0.2711991991991991,-0.0234234234234234,-0.3111111111111111,-0.0044096988175708,-0.2539815590947192,2205.0,2335.0,0.6655737704918033,-0.0100229095074456,0.000336733684633,-8.207919651987035e-05
2001-09-21,1636.0,1650.0,1630.0,1650.0,61700.0,1650.0,1655.6,1663.6,1796.64,2107.4133333333334,2213.03,False,False,False,False,False,False,False,False,False,True,False,0.0175757575757575,0.0321212121212121,,,-0.0888727272727273,-0.2772202020202021,-0.0527272727272727,-0.3054545454545455,-0.0043339069696815,-0.2620822313056023,2195.0,2390.0,1.519704433497537,-0.0106866150146939,-0.0006637055072483,7.579184788925747e-05
2001-09-25,1673.0,1686.0,1660.0,1686.0,54100.0,1686.0,1663.6,1663.3,1779.08,2098.826666666667,2210.16,False,False,False,False,False,False,False,False,False,False,False,-0.0059311981020166,0.0083036773428232,,,-0.0552075919335705,-0.2448556741795177,-0.0865954922894424,-0.2941874258600237,-0.0040911747516072,-0.270366139601996,2185.0,2395.0,0.8768233387358185,-0.0098702700272051,0.0008163449874888,0.0002427322180743
2001-09-26,1656.0,1669.0,1650.0,1656.0,63200.0,1656.0,1665.4,1660.5,1761.32,2089.44,2207.065,False,False,False,False,False,False,False,False,False,True,False,0.0235507246376811,0.0440821256038647,,,-0.063599033816425,-0.2617391304347826,-0.0766908212560386,-0.2989130434782608,-0.0044924317839549,-0.2790123456790123,2205.0,2370.0,1.1682070240295748,-0.0100833465809733,-0.0002130765537681,-0.0004012570323477
2001-09-27,1640.0,1670.0,1631.0,1670.0,42400.0,1670.0,1665.4,1666.0,1745.52,2079.9066666666668,2203.915,False,False,False,False,False,False,False,False,False,False,True,0.0389221556886227,0.0329341317365269,,,-0.0452215568862275,-0.2454530938123753,-0.0898203592814371,-0.3017964071856287,-0.0045835390049553,-0.2897959183673469,2225.0,2345.0,0.6708860759493671,-0.0090517438929373,0.001031602688036,-9.1107221000415e-05
2001-09-28,1632.0,1690.0,1632.0,1632.0,60000.0,1632.0,1658.8,1663.2,1729.6,2070.866666666667,2200.675,False,False,False,False,False,False,False,False,False,True,False,0.0563725490196078,0.0416666666666666,,,-0.0598039215686274,-0.2689133986928105,-0.0686274509803921,-0.2935049019607843,-0.0043653220873708,-0.2974987974987975,2270.0,2320.0,1.4150943396226414,-0.009204440333025,-0.0001526964400876,0.0002182169175845
2001-10-01,1680.0,1680.0,1635.0,1679.0,47300.0,1679.0,1664.6,1660.1,1716.16,2062.12,2197.37,False,False,False,False,False,False,False,False,False,False,False,0.0142942227516378,0.0273972602739726,,,-0.0221322215604527,-0.2281834425253126,-0.1066110780226325,-0.3180464562239428,-0.0042415895615516,-0.3025118968736822,2250.0,2280.0,0.7883333333333333,-0.007831437628193,0.0013730027048319,0.0001237325258191
2001-10-02,1679.0,1730.0,1651.0,1676.0,36800.0,1676.0,1662.6,1663.1,1705.2,2053.8,2194.05,False,False,False,False,False,False,False,False,False,False,False,0.0143198090692124,0.0143198090692124,,,-0.0174224343675417,-0.2254176610978521,-0.1097852028639618,-0.3078758949880668,-0.0040510273639106,-0.3049726414527087,2300.0,2270.0,0.7780126849894292,-0.0064273985456251,0.0014040390825679,0.0001905621976409
2001-10-03,1706.0,1706.0,1676.0,1695.0,83500.0,1695.0,1670.4,1667.9,1696.4,2046.2666666666669,2190.725,False,False,False,False,False,False,False,False,False,False,False,0.0200589970501474,-0.0247787610619469,,,-0.0008259587020649,-0.2072369714847592,-0.1333333333333333,-0.303834808259587,-0.0036815012706066,-0.3058336830745249,2305.0,2235.0,2.2690217391304346,-0.005187455788729,0.0012399427568961,0.000369526093304
2001-10-04,1709.0,1745.0,1708.0,1735.0,80500.0,1735.0,1683.4,1674.4,1693.56,2038.8666666666663,2187.475,False,False,False,False,True,False,False,False,False,False,False,-0.0057636887608069,-0.0489913544668587,,,0.0238847262247838,-0.1751392891450526,-0.1884726224783861,-0.3302593659942363,-0.003629467351143,-0.3066172957477305,2280.0,2150.0,0.9640718562874252,-0.0016769408819292,0.0035105149067997,5.203391946355818e-05
2001-10-05,1764.0,1764.0,1702.0,1724.0,33100.0,1724.0,1701.8,1680.3,1691.32,2032.0533333333333,2183.995,False,False,False,False,False,False,False,False,False,False,False,-0.0139211136890951,-0.0574245939675174,,,0.0189559164733179,-0.1786852281515854,-0.216937354988399,-0.3271461716937355,-0.0033529303692815,-0.3082782836398262,2240.0,2160.0,0.4111801242236025,-0.0013244093370858,0.0003525315448434,0.0002765369818615
2001-10-09,1688.0,1713.0,1688.0,1703.0,50700.0,1703.0,1706.6,1685.6,1687.84,2024.0933333333328,2180.51,False,False,False,False,False,False,False,False,False,True,False,0.012918379330593,-0.0458015267175572,,,0.0089019377568996,-0.1885457036602071,-0.2072812683499706,-0.3253082795067528,-0.003932624977768,-0.3102752728998576,2255.0,2260.0,1.5317220543806649,-0.0020618068063323,-0.0007373974692465,-0.0005796946084865
2001-10-10,1700.0,1743.0,1700.0,1700.0,49000.0,1700.0,1711.4,1687.0,1685.72,2015.0266666666664,2176.91,False,False,False,False,False,False,False,False,False,False,False,0.0,-0.0241176470588235,,,0.0083999999999999,-0.1853098039215684,-0.2288235294117647,-0.3470588235294117,-0.0044995268879814,-0.3155898043864849,2200.0,2265.0,0.9664694280078896,-0.0012576228555156,0.0008041839508166,-0.0005669019102134
2001-10-11,1730.0,1730.0,1649.0,1729.0,118500.0,1729.0,1718.2,1694.3,1684.88,2006.28,2174.205,False,False,False,False,False,False,False,False,False,False,True,-0.0439560439560439,-0.042220936957779,,,0.0255176402544822,-0.1603701561596298,-0.2492770387507229,-0.3956043956043956,-0.004359644051013,-0.3253851147966711,2150.0,2240.0,2.4183673469387754,-0.0004985518256492,0.0007590710298664,0.0001398828369684
2001-10-12,1724.0,1725.0,1680.0,1725.0,112200.0,1725.0,1716.2,1699.8,1684.28,1997.28,2171.33,False,False,False,False,False,False,False,False,False,False,False,-0.0434782608695652,-0.0342028985507246,,,0.0236057971014492,-0.1578434782608695,-0.2208695652173913,-0.4115942028985507,-0.0045061283345349,-0.3364513472173196,2145.0,2210.0,0.9468354430379748,-0.0003562353052937,0.0001423165203555,-0.0001464842835219
2001-10-15,1665.0,1700.0,1665.0,1700.0,39000.0,1700.0,1711.4,1706.6,1682.48,1988.8133333333333,2168.83,False,False,False,False,False,False,False,False,False,True,False,-0.0441176470588235,-0.0435294117647058,,,0.0103058823529411,-0.1698901960784313,-0.1588235294117647,-0.4052941176470588,-0.0042571449641662,-0.3474159146841672,2120.0,2170.0,0.3475935828877005,-0.001069849270125,-0.0007136139648312,0.0002489833703687
2001-10-16,1722.0,1725.0,1665.0,1725.0,52100.0,1725.0,1715.8,1711.2,1682.84,1979.9466666666667,2166.13,False,False,False,False,False,False,True,False,False,False,False,-0.0579710144927536,-0.0939130434782608,,,0.0244405797101449,-0.1477951690821256,-0.1594202898550724,-0.4202898550724637,-0.0044782351039758,-0.3576437587657784,2130.0,2195.0,1.3358974358974358,0.0002139240807206,0.0012837733508456,-0.0002210901398095
2001-10-17,1723.0,1723.0,1680.0,1700.0,47300.0,1700.0,1715.8,1713.6,1683.28,1970.68,2163.03,False,False,False,False,False,False,True,False,False,False,False,-0.0241176470588235,-0.0941176470588235,,,0.009835294117647,-0.1592235294117647,-0.1541176470588235,-0.4117647058823529,-0.0047022685908755,-0.3678804855275442,2125.0,2170.0,0.9078694817658348,0.0002613944204173,4.747033969668596e-05,-0.0002240334868997
2001-10-18,1700.0,1700.0,1650.0,1653.0,35000.0,1653.0,1700.6,1709.4,1682.04,1961.12,2159.295,False,False,False,False,False,True,False,False,False,True,False,0.0018148820326678,-0.0750151240169389,,,-0.017568058076225,-0.1864004839685419,-0.1167574107683,-0.38173018753781,-0.0048747654401567,-0.3755703755703755,2100.0,2290.0,0.7399577167019028,-0.0007372000665858,-0.0009985944870031,-0.0001724968492811
2001-10-19,1650.0,1653.0,1630.0,1650.0,38900.0,1650.0,1685.6,1700.9,1683.44,1951.8533333333328,2155.795,False,False,False,False,False,False,True,False,False,False,False,0.0096969696969696,-0.0787878787878787,,,-0.0202666666666667,-0.1829414141414138,-0.0909090909090909,-0.3933333333333333,-0.0047476244799816,-0.3819154565230173,2065.0,2160.0,1.1114285714285714,0.0008316304709405,0.0015688305375263,0.000127140960175
2001-10-22,1630.0,1647.0,1620.0,1625.0,66100.0,1625.0,1670.6,1691.0,1682.04,1942.5866666666664,2152.045,False,False,False,False,False,False,False,False,False,True,False,0.0006153846153846,-0.0646153846153846,,,-0.0351015384615384,-0.1954379487179485,-0.0769230769230769,-0.3698461538461538,-0.0047702719398189,-0.3863394441159077,2030.0,2205.0,1.699228791773779,-0.0008323226558227,-0.0016639531267632,-2.2647459837302555e-05
2001-10-23,1650.0,1656.0,1623.0,1625.0,102800.0,1625.0,1650.6,1683.2,1678.64,1933.8533333333328,2148.395,False,False,False,False,False,False,False,False,False,True,False,-0.0381538461538461,-0.0769230769230769,,,-0.0330092307692308,-0.1900635897435894,-0.091076923076923,-0.3723076923076923,-0.0045160267238468,-0.3911596958174905,2015.0,2195.0,1.5552193645990924,-0.00202544917314,-0.0011931265173173,0.0002542452159721
2001-10-24,1635.0,1670.0,1625.0,1659.0,154800.0,1659.0,1642.4,1679.1,1679.16,1925.7066666666667,2145.14,False,False,False,False,False,False,True,False,False,False,False,-0.0717299578059071,-0.1006630500301386,,,-0.0121518987341772,-0.1607635121559172,-0.1271850512356841,-0.3851717902350813,-0.0042304816240615,-0.3950330534214757,1950.0,2185.0,1.5058365758754864,0.0003096786488482,0.0023351278219883,0.0002855450997853
2001-10-25,1660.0,1700.0,1625.0,1656.0,113600.0,1656.0,1643.0,1671.8,1679.52,1917.986666666667,2141.87,False,False,False,False,False,False,True,False,False,True,False,-0.0766908212560386,-0.1129227053140096,,,-0.0142028985507246,-0.1582045088566829,-0.1243961352657004,-0.4051932367149758,-0.0040250540497326,-0.3959803804282809,1915.0,2205.0,0.7338501291989664,0.0002143469562731,-9.533169257506144e-05,0.0002054275743289
2001-10-26,1663.0,1700.0,1637.0,1666.0,77700.0,1666.0,1646.2,1665.9,1679.36,1911.5333333333333,2138.8,False,False,False,False,False,False,False,False,False,True,False,-0.0876350540216086,-0.1548619447779111,,,-0.0080192076830731,-0.1473789515806322,-0.1716686674669868,-0.4141656662665066,-0.0033759983259513,-0.3961822438321628,1806.0,2225.0,0.6839788732394366,-9.52743902439512e-05,-0.0003096213465171,0.0006490557237812
2001-10-29,1696.0,1696.0,1625.0,1626.0,37800.0,1626.0,1646.4,1658.5,1677.8,1904.4133333333327,2135.855,False,False,False,False,False,False,False,False,False,True,False,-0.065190651906519,-0.1697416974169741,,,-0.0318573185731857,-0.1712259122591225,-0.0965559655596556,-0.4163591635916359,-0.0037386841792048,-0.3972264094060898,1780.0,2270.0,0.4864864864864865,-0.000929789009417,-0.0008345146191731,-0.0003626858532534
2001-10-30,1615.0,1615.0,1555.0,1563.0,198100.0,1563.0,1634.0,1642.3,1674.32,1895.12,2132.42,False,False,False,False,False,False,False,False,False,True,False,-0.0403071017274472,-0.1362763915547025,,,-0.0712220089571336,-0.2124888035828534,-0.0690978886756238,-0.3953934740882917,-0.0049038231527994,-0.394629483042075,1790.0,2250.0,5.2407407407407405,-0.0020784557312819,-0.0011486667218649,-0.0011651389735945
2001-10-31,1556.0,1564.0,1530.0,1540.0,154900.0,1540.0,1610.2,1626.3,1668.48,1885.4533333333327,2128.72,False,False,False,False,False,False,False,False,False,True,False,-0.0311688311688311,-0.1487012987012987,,,-0.0834285714285714,-0.2243203463203462,-0.0357142857142857,-0.3974025974025974,-0.0051269721163434,-0.3931009038922707,1753.0,2300.0,0.7819283190307925,-0.0035001917913309,-0.001421736060049,-0.0002231489635439
2001-11-01,1552.0,1560.0,1525.0,1529.0,68900.0,1529.0,1584.8,1613.9,1663.4,1875.973333333333,2125.365,False,False,False,False,False,False,False,False,False,False,False,-0.0392413342053629,-0.1510791366906475,,,-0.0879005886200131,-0.2269282755613689,-0.0516677567037279,-0.3996075866579464,-0.0050533767359877,-0.3948819629468988,1750.0,2305.0,0.4448030987734022,-0.0030539858121918,0.0004462059791391,7.35953803556854e-05
2001-11-02,1559.0,1559.0,1505.0,1520.0,36000.0,1520.0,1555.6,1600.9,1657.4,1866.7733333333333,2121.965,False,False,False,False,False,False,False,False,False,True,False,-0.0736842105263157,-0.1157894736842105,,,-0.0903947368421053,-0.2281403508771929,-0.069078947368421,-0.3723684210526315,-0.0049282898120106,-0.3929039915047786,1740.0,2280.0,0.5224963715529753,-0.0036201279111861,-0.0005661420989943,0.000125086923977
2001-11-05,1508.0,1520.0,1503.0,1520.0,54700.0,1520.0,1534.4,1590.4,1652.92,1858.1066666666663,2118.99,False,False,False,False,False,False,False,False,False,False,False,-0.1118421052631579,-0.0592105263157894,,,-0.0874473684210526,-0.2224385964912278,-0.1118421052631579,-0.3605263157894737,-0.0046642460425667,-0.3921654929577465,1745.0,2240.0,1.5194444444444444,-0.0027103550081068,0.0009097729030793,0.0002640437694438
2001-11-06,1520.0,1521.0,1500.0,1500.0,31100.0,1500.0,1521.8,1577.9,1645.76,1848.84,2115.59,False,False,False,False,False,False,False,False,False,True,False,-0.1,-0.0333333333333333,,,-0.0971733333333333,-0.2325599999999999,-0.1113333333333333,-0.36,-0.0050121517636282,-0.3911527980226884,1716.0,2255.0,0.5685557586837294,-0.0043505735951779,-0.001640218587071,-0.0003479057210614
2001-11-07,1520.0,1520.0,1489.0,1492.0,52900.0,1492.0,1512.2,1561.2,1638.4,1839.8,2111.8,False,False,False,False,False,False,False,False,False,True,False,-0.121313672922252,-0.0361930294906166,,,-0.0981233243967829,-0.2331099195710455,-0.1085790884718498,-0.3331099195710456,-0.0049135775627785,-0.3862413528055342,1689.0,2200.0,1.7009646302250805,-0.0044921874999999,-0.0001416139048219,9.857420084969076e-05
2001-11-08,1486.0,1498.0,1451.0,1469.0,35400.0,1469.0,1500.2,1542.5,1629.36,1828.8533333333328,2108.495,False,False,False,False,False,False,False,False,False,True,False,-0.1164057181756296,-0.0061266167460857,,,-0.1091626957113682,-0.2449648286816424,-0.1150442477876106,-0.3226684819605173,-0.0059855355632676,-0.3781523500810372,1684.0,2150.0,0.6691871455576559,-0.0055481907006433,-0.0010560032006433,-0.001071958000489
2001-11-09,1432.0,1449.0,1394.0,1408.0,131000.0,1408.0,1477.8,1516.7,1616.28,1818.8266666666664,2104.86,False,False,False,False,False,False,False,False,False,True,False,-0.0454545454545454,0.065340909090909,,,-0.1479261363636363,-0.2917803030303028,-0.0944602272727272,-0.2684659090909091,-0.0055127114916574,-0.3640139777147755,1615.0,2145.0,3.7005649717514126,-0.0080926572128591,-0.0025444665122157,0.0004728240716101
2001-11-12,1400.0,1408.0,1331.0,1350.0,95000.0,1350.0,1443.8,1489.1,1601.32,1807.4266666666667,2101.06,False,False,False,False,False,False,False,False,False,True,False,0.0592592592592592,0.1111111111111111,,,-0.1861629629629629,-0.3388345679012346,-0.0777777777777777,-0.2222222222222222,-0.0063073098401408,-0.3454435565106439,1660.0,2120.0,0.7251908396946565,-0.0093422926085979,-0.0012496353957388,-0.0007945983484833
2001-11-13,1340.0,1354.0,1330.0,1350.0,81400.0,1350.0,1413.8,1467.8,1587.2,1796.16,2097.235,False,False,False,False,False,False,False,False,False,False,False,0.074074074074074,0.094074074074074,,,-0.1757037037037037,-0.3304888888888889,-0.0903703703703703,-0.2355555555555555,-0.0062726408931646,-0.3300177135849571,1710.0,2130.0,0.8568421052631578,-0.0088961693548386,0.0004461232537592,3.466894697617788e-05
2001-11-14,1350.0,1359.0,1311.0,1311.0,105000.0,1311.0,1377.6,1444.9,1571.64,1784.506666666667,2093.39,False,False,False,False,False,False,False,False,False,True,False,0.0968726163234172,0.1045003813882532,,,-0.1988100686498856,-0.3611797609966948,-0.0083905415713196,-0.1037376048817696,-0.0065302828793017,-0.3023046577617828,1646.0,2125.0,1.28992628992629,-0.0099004861164133,-0.0010043167615747,-0.000257641986137
2001-11-15,1251.0,1300.0,1251.0,1298.0,98700.0,1298.0,1343.4,1421.8,1554.4,1772.4133333333334,2089.48,False,False,False,False,False,False,False,False,False,True,False,0.1248073959938366,0.1171032357473035,,,-0.1975346687211094,-0.3654956343091937,0.0362095531587057,-0.1633281972265023,-0.0068230886700619,-0.279153186102124,1647.0,2100.0,0.94,-0.0110910962429233,-0.0011906101265099,-0.0002928057907602
2001-11-16,1338.0,1349.0,1317.0,1344.0,160000.0,1344.0,1330.6,1404.2,1539.16,1760.6666666666667,2085.4,False,False,False,False,False,False,False,False,False,False,False,0.1160714285714285,0.0267857142857142,,,-0.1452083333333333,-0.3100198412698413,-0.0104166666666666,-0.25,-0.0066717152593714,-0.266272610739211,1670.0,2065.0,1.6210739614994931,-0.0099015047168585,0.0011895915260647,0.0001513734106905
2001-11-19,1395.0,1440.0,1380.0,1430.0,125000.0,1430.0,1346.6,1395.2,1528.36,1749.4666666666667,2081.65,False,False,False,False,False,False,False,False,False,False,False,0.0489510489510489,0.0272727272727272,,,-0.0687832167832167,-0.2234032634032634,-0.0769230769230769,-0.3111888111888112,-0.0064019510708025,-0.2606077981651377,1665.0,2030.0,0.78125,-0.0070663979690649,0.0028351067477935,0.0002697641885688
2001-11-20,1470.0,1475.0,1430.0,1450.0,81900.0,1450.0,1366.6,1390.2,1517.36,1738.8,2078.05,False,False,False,False,False,False,False,False,False,True,False,0.0186206896551724,0.0034482758620689,,,-0.046455172413793,-0.1991724137931034,-0.0827586206896551,-0.2751724137931034,-0.0061344988881221,-0.2514026758739749,1650.0,2015.0,0.6552,-0.0072494332261295,-0.0001830352570645,0.0002674521826804
2001-11-21,1440.0,1448.0,1420.0,1438.0,38300.0,1438.0,1392.0,1384.8,1506.88,1727.3066666666666,2074.365,False,False,False,False,False,False,False,False,False,False,False,0.0069541029207232,0.0326842837273991,,,-0.0478998609179416,-0.2011868335651367,-0.0751043115438108,-0.2573018080667594,-0.0066539043443356,-0.243212016175621,1686.0,1950.0,0.4676434676434676,-0.0069547674665532,0.0002946657595763,-0.0005194054562135
2001-11-22,1458.0,1460.0,1430.0,1460.0,90400.0,1460.0,1424.4,1383.9,1499.16,1716.04,2070.94,False,False,False,False,False,False,False,False,False,False,False,-0.0068493150684931,-0.0068493150684931,,,-0.0268219178082192,-0.1753698630136986,-0.0924657534246575,-0.2643835616438356,-0.0065655035236163,-0.2370113447503432,1656.0,1915.0,2.3603133159268928,-0.005149550414899,0.0018052170516542,8.840082071931432e-05
2001-11-26,1467.0,1500.0,1467.0,1500.0,59300.0,1500.0,1455.6,1393.1,1493.16,1705.64,2067.69,False,False,False,False,True,False,False,False,False,False,True,-0.08,-0.0566666666666666,,,0.0045599999999999,-0.1370933333333334,-0.1293333333333333,-0.2853333333333333,-0.0060974179780023,-0.2390352451367454,1670.0,1806.0,0.6559734513274337,-0.0040183235554126,0.0011312268594863,0.000468085545614
2001-11-27,1490.0,1500.0,1475.0,1500.0,43800.0,1500.0,1469.6,1408.1,1488.16,1695.7733333333333,2064.315,False,False,False,False,False,False,False,False,False,False,False,-0.0206666666666666,-0.1,,,0.0078933333333332,-0.1305155555555555,-0.1326666666666666,-0.3073333333333333,-0.0058183876775984,-0.2479227327604573,1632.0,1780.0,0.7386172006745363,-0.0033598537791635,0.0006584697762491,0.0002790303004038
2001-11-28,1490.0,1490.0,1469.0,1477.0,31500.0,1477.0,1475.0,1420.8,1482.24,1685.4,2060.65,False,False,False,False,False,False,False,False,False,True,False,-0.0148950575490859,-0.0974949221394719,,,-0.0035477318889641,-0.1410968178740691,-0.1536899119837508,-0.3141503046716317,-0.006154819825165,-0.2559825450450451,1679.0,1790.0,0.7191780821917808,-0.0039939550949914,-0.0006341013158278,-0.0003364321475665
2001-11-29,1450.0,1456.0,1431.0,1448.0,20700.0,1448.0,1477.0,1434.5,1473.8,1675.3733333333332,2056.59,False,False,False,False,False,False,False,False,False,True,False,0.0255524861878453,-0.0814917127071823,,,-0.017817679558011,-0.157025782688766,-0.1850828729281768,-0.3197513812154696,-0.0059847357404917,-0.2763332171488324,1676.0,1753.0,0.6571428571428571,-0.0057266929027005,-0.0017327378077091,0.0001700840846732
2001-11-30,1450.0,1452.0,1407.0,1450.0,30800.0,1450.0,1475.0,1449.7,1465.56,1666.04,2052.54,False,False,False,False,False,False,False,False,False,False,False,0.0,-0.1034482758620689,,,-0.0107310344827585,-0.1489931034482758,-0.1993103448275862,-0.3048275862068965,-0.0056021063920033,-0.2893012347382218,1695.0,1750.0,1.4879227053140096,-0.0056224241928,0.0001042687099005,0.0003826293484884
2001-12-03,1450.0,1450.0,1380.0,1380.0,53100.0,1380.0,1451.0,1453.3,1454.12,1655.84,2048.14,False,False,False,False,False,False,False,False,False,True,False,0.0253623188405797,-0.0760869565217391,,,-0.0537101449275361,-0.1998840579710144,-0.181159420289855,-0.2840579710144927,-0.0061600154604309,-0.2924378999518338,1735.0,1740.0,1.724025974025974,-0.0078673011855968,-0.0022448769927967,-0.0005579090684276
2001-12-04,1340.0,1469.0,1311.0,1469.0,61700.0,1469.0,1444.8,1457.2,1447.84,1647.16,2044.06,False,False,False,False,True,False,False,False,False,False,False,-0.0810074880871341,-0.1524846834581348,,,0.0144043567052417,-0.1212797821647379,-0.2191967324710687,-0.3328795098706603,-0.0052696762913134,-0.2946747186384848,1724.0,1745.0,1.1619585687382297,-0.0043374958558956,0.0035298053297011,0.0008903391691175
2001-12-05,1450.0,1455.0,1411.0,1455.0,36200.0,1455.0,1440.4,1457.7,1443.52,1638.16,2039.835,False,False,False,False,False,False,False,False,False,False,False,-0.0838487972508591,-0.1560137457044673,,,0.0078900343642611,-0.1258831615120275,-0.2123711340206185,-0.3298969072164948,-0.0054939688430922,-0.3001303423200933,1703.0,1716.0,0.586709886547812,-0.0029926845488804,0.0013448113070151,-0.0002242925517788
2001-12-06,1455.0,1490.0,1455.0,1485.0,65000.0,1485.0,1447.8,1462.4,1441.32,1629.6266666666668,2035.86,False,False,False,False,False,False,False,False,False,False,True,-0.1043771043771043,-0.1245791245791245,,,0.0294141414141414,-0.0973916947250281,-0.1986531986531986,-0.3542087542087542,-0.005236373157042,-0.3098331509846828,1700.0,1689.0,1.7955801104972375,-0.0015263785973968,0.0014663059514836,0.0002575956860501
2001-12-07,1465.0,1489.0,1405.0,1450.0,38400.0,1450.0,1447.8,1461.4,1438.16,1620.96,2031.51,False,False,False,False,False,False,False,False,False,True,False,-0.1034482758620689,-0.0724137931034482,,,0.0081655172413792,-0.117903448275862,-0.1993103448275862,-0.3344827586206896,-0.0053466258677985,-0.3168194881620365,1729.0,1684.0,0.5907692307692308,-0.0021972520442786,-0.0006708734468818,-0.0001102527107564
2001-12-10,1470.0,1470.0,1414.0,1415.0,34700.0,1415.0,1454.8,1452.9,1433.96,1612.2933333333333,2027.06,False,False,False,False,False,True,False,False,False,True,False,-0.0989399293286219,-0.0600706713780918,,,-0.0133992932862191,-0.1394299175500588,-0.1759717314487632,-0.3060070671378092,-0.0053753659383735,-0.3190171381375181,1725.0,1615.0,0.9036458333333334,-0.0029289519930821,-0.0007316999488034,-2.874007057499136e-05
2001-12-11,1395.0,1403.0,1350.0,1350.0,25800.0,1350.0,1431.0,1437.9,1427.16,1603.2266666666667,2022.685,False,False,False,False,False,False,False,False,False,True,False,-0.0777777777777777,-0.0222222222222222,,,-0.0571555555555556,-0.1875753086419753,-0.1459259259259259,-0.2614814814814815,-0.0056552618885247,-0.3148341331107865,1700.0,1660.0,0.7435158501440923,-0.0047647075310406,-0.0018357555379585,-0.0002798959501512
2001-12-12,1340.0,1340.0,1309.0,1333.0,50700.0,1333.0,1406.6,1423.5,1420.48,1594.1333333333334,2017.95,False,False,False,False,False,False,False,False,False,False,False,-0.0787696924231057,-0.0022505626406601,,,-0.0656264066016504,-0.195898974743686,-0.1410352588147036,-0.2445611402850712,-0.0057042489126797,-0.3083245521601686,1725.0,1710.0,1.965116279069768,-0.0047026357287677,6.207180227285093e-05,-4.898702415500212e-05
2001-12-13,1348.0,1349.0,1320.0,1330.0,30100.0,1330.0,1375.6,1411.7,1414.0,1585.8666666666666,2013.175,False,False,False,False,False,False,False,False,False,False,False,-0.0225563909774436,0.0,,,-0.0631578947368421,-0.1923809523809523,-0.1278195488721804,-0.2609022556390977,-0.005212712291912,-0.3026847063823759,1700.0,1646.0,0.5936883629191322,-0.0045827439886845,0.0001198917400831,0.0004915366207677
2001-12-14,1303.0,1311.0,1292.0,1300.0,96800.0,1300.0,1345.6,1396.7,1407.24,1577.6666666666667,2008.45,False,False,False,False,False,False,False,False,False,True,False,0.0346153846153846,0.0192307692307692,,,-0.0824923076923077,-0.2135897435897436,-0.0923076923076923,-0.2053846153846154,-0.0051975491231775,-0.2934058853010668,1653.0,1647.0,3.215946843853821,-0.0048037292856939,-0.0002209852970093,1.5163168734449483e-05
2001-12-17,1300.0,1302.0,1260.0,1275.0,46500.0,1275.0,1317.6,1386.2,1401.92,1570.5866666666666,2003.775,False,False,False,False,False,False,False,False,False,False,False,0.0431372549019607,0.024313725490196,,,-0.0995450980392157,-0.231832679738562,-0.0886274509803921,-0.1992156862745098,-0.0045078696707812,-0.2856730630500649,1650.0,1670.0,0.4803719008264462,-0.0037947957087422,0.0010089335769517,0.0006896794523962
2001-12-18,1250.0,1261.0,1200.0,1245.0,50200.0,1245.0,1296.6,1363.8,1397.72,1563.4533333333334,1998.7,False,False,False,False,False,False,False,False,False,False,False,0.0602409638554216,0.0449799196787148,,,-0.1226666666666666,-0.2557858099062918,-0.0682730923694779,-0.2112449799196787,-0.0045625495697557,-0.2737938114092975,1625.0,1665.0,1.0795698924731183,-0.0030048936839996,0.0007899020247425,-5.467989897446884e-05
2001-12-19,1210.0,1250.0,1210.0,1228.0,22700.0,1228.0,1275.6,1341.1,1392.84,1555.96,1993.74,False,False,False,False,False,False,False,False,False,True,False,0.0830618892508143,0.017915309446254,,,-0.1342345276872963,-0.2670684039087948,-0.0643322475570032,-0.1897394136807817,-0.0048158907255542,-0.2600104391917082,1625.0,1650.0,0.4521912350597609,-0.003503632865225,-0.0004987391812253,-0.0002533411557984
2001-12-20,1288.0,1310.0,1278.0,1300.0,46300.0,1300.0,1269.6,1322.6,1392.4,1549.92,1989.265,False,False,False,False,False,False,False,False,False,False,False,0.023076923076923,-0.0923076923076923,,,-0.0710769230769231,-0.1922461538461539,-0.1461538461538461,-0.2269230769230769,-0.0038969753277588,-0.2461817631937093,1659.0,1686.0,2.039647577092511,-0.0003160011490949,0.0031876317161301,0.0009189153977953
2001-12-21,1320.0,1351.0,1320.0,1345.0,69800.0,1345.0,1278.6,1312.1,1394.28,1544.52,1984.99,False,False,False,False,False,False,True,False,True,False,False,-0.0148698884758364,-0.1368029739776951,,,-0.0366394052044609,-0.1483420074349442,-0.2230483271375464,-0.2453531598513011,-0.003496231839018,-0.2363386936971266,1656.0,1656.0,1.50755939524838,0.0013483661818285,0.0016643673309234,0.0004007434887408
2001-12-25,1385.0,1385.0,1330.0,1330.0,35000.0,1330.0,1289.6,1303.6,1393.72,1539.0533333333333,1980.54,False,False,False,False,False,False,False,False,False,True,False,-0.0180451127819548,-0.150375939849624,,,-0.0479097744360902,-0.1571829573934836,-0.2368421052631578,-0.2368421052631578,-0.0035519670100234,-0.2288278613071494,1666.0,1670.0,0.501432664756447,-0.0004018023706339,-0.0017501685524624,-5.573517100549092e-05
2001-12-26,1330.0,1337.0,1302.0,1320.0,24000.0,1320.0,1304.6,1300.6,1389.32,1533.3866666666668,1975.89,False,False,False,False,False,False,False,False,False,True,False,-0.0143939393939393,-0.131060606060606,,,-0.0525151515151514,-0.1616565656565657,-0.2340909090909091,-0.2424242424242424,-0.0036955236339604,-0.2268183915116099,1626.0,1632.0,0.6857142857142857,-0.0031670169579363,-0.0027652145873023,-0.0001435566239369
2001-12-27,1335.0,1340.0,1300.0,1330.0,26800.0,1330.0,1325.0,1300.3,1384.52,1528.24,1971.49,False,False,False,False,False,False,False,False,False,True,False,-0.0601503759398496,-0.1383458646616541,,,-0.0409924812030075,-0.1490526315789473,-0.2481203007518796,-0.2383458646616541,-0.0033677083878623,-0.2261785741751902,1563.0,1679.0,1.1166666666666667,-0.0034669054979342,-0.0002998885399979,0.0003278152460981
2001-12-28,1335.0,1348.0,1323.0,1330.0,15500.0,1330.0,1331.0,1300.3,1380.2,1523.4533333333334,1967.39,False,False,False,False,False,False,False,False,False,False,False,-0.112781954887218,-0.1052631578947368,,,-0.0377443609022556,-0.145453634085213,-0.2481203007518796,-0.2300751879699248,-0.0031419844388625,-0.2230254556640775,1540.0,1676.0,0.5783582089552238,-0.0031299811621503,0.0003369243357839,0.0002257239489997
2002-01-04,1301.0,1325.0,1280.0,1325.0,6000.0,1325.0,1327.0,1302.8,1374.8,1518.6666666666667,1963.54,False,False,False,False,False,False,False,False,False,True,False,-0.1237735849056603,-0.1237735849056603,,,-0.0375849056603773,-0.1461635220125786,-0.2286792452830188,-0.2052830188679245,-0.0031518876207199,-0.2229812711083819,1529.0,1695.0,0.3870967741935484,-0.0039278440500437,-0.0007978628878933,-9.903181857345495e-06
2002-01-07,1345.0,1345.0,1306.0,1306.0,17100.0,1306.0,1322.2,1305.9,1367.04,1514.5466666666666,1959.72,False,False,False,False,False,False,False,False,False,True,False,-0.1347626339969372,-0.1071975497702909,,,-0.0467381316998468,-0.1596835119959162,-0.2335375191424196,-0.1883614088820827,-0.0027202859381465,-0.2218393445133624,1520.0,1735.0,2.85,-0.0056764981273408,-0.0017486540772971,0.0004316016825733
2002-01-08,1306.0,1322.0,1300.0,1301.0,57900.0,1301.0,1318.4,1311.5,1359.08,1509.76,1956.15,False,False,False,False,False,False,False,False,False,True,False,-0.11837048424289,-0.1137586471944658,,,-0.044642582628747,-0.1604611837048424,-0.212913143735588,-0.1721752498078401,-0.0031704818425886,-0.2179184140297369,1520.0,1724.0,3.3859649122807016,-0.005856903199223,-0.0001804050718822,-0.000450195904442
2002-01-09,1290.0,1290.0,1250.0,1250.0,18900.0,1250.0,1302.4,1313.7,1350.0,1503.6266666666668,1952.25,False,False,False,False,False,False,False,False,False,True,False,-0.0832,-0.084,,,-0.08,-0.2029013333333334,-0.184,-0.1336,-0.0040790267087574,-0.2125294968409835,1500.0,1703.0,0.3264248704663212,-0.0067259259259258,-0.0008690227267028,-0.0009085448661687
2002-01-10,1260.0,1260.0,1180.0,1180.0,85700.0,1180.0,1272.4,1301.7,1339.28,1497.4133333333334,1947.775,False,False,False,False,False,False,False,False,False,True,False,0.0084745762711864,-0.0169491525423728,,,-0.1349830508474576,-0.2689943502824859,-0.135593220338983,-0.0830508474576271,-0.004149377593361,-0.1993546900207421,1492.0,1700.0,4.534391534391534,-0.0080043008183501,-0.0012783748924243,-7.035088460360592e-05
2002-01-11,1180.0,1200.0,1161.0,1161.0,65500.0,1161.0,1239.6,1283.3,1327.72,1490.9333333333334,1942.93,False,False,False,False,False,False,False,False,False,True,False,0.0,0.016365202411714,,,-0.1436003445305771,-0.2841803043353431,-0.1515934539190353,-0.0775193798449612,-0.0043462707923448,-0.1835112600327281,1469.0,1729.0,0.764294049008168,-0.0087066550176241,-0.0007023541992739,-0.0001968931989838
2002-01-15,1155.0,1155.0,1130.0,1130.0,36300.0,1130.0,1204.4,1263.3,1317.72,1483.7333333333331,1937.43,False,False,False,False,False,False,False,False,False,False,False,0.031858407079646,0.0283185840707964,,,-0.1661238938053097,-0.3130383480825957,-0.1362831858407079,-0.0530973451327433,-0.0048526240115027,-0.1662312989788648,1408.0,1725.0,0.5541984732824428,-0.0075888656163676,0.0011177894012564,-0.0005063532191578
2002-01-16,1130.0,1147.0,1124.0,1147.0,58900.0,1147.0,1173.6,1246.0,1304.84,1476.8266666666666,1931.765,False,False,False,False,False,False,False,False,False,True,False,0.005231037489102,0.011333914559721,,,-0.1376111595466433,-0.2875559430398139,-0.1726242371403661,-0.075850043591979,-0.0046766941730917,-0.1498394863563403,1350.0,1700.0,1.6225895316804408,-0.0098709420312069,-0.0022820764148393,0.0001759298384109
2002-01-17,1157.0,1157.0,1146.0,1146.0,15500.0,1146.0,1152.8,1227.6,1292.48,1470.1066666666666,1925.545,False,False,False,False,False,False,False,False,False,False,False,-0.0008726003490401,0.0026178010471204,,,-0.1278184991273996,-0.2828155904595694,-0.175392670157068,-0.075043630017452,-0.0045710968818589,-0.1332681655262299,1350.0,1725.0,0.2631578947368421,-0.0095630106461994,0.0003079313850074,0.0001055972912328
2002-01-18,1166.0,1190.0,1155.0,1190.0,26200.0,1190.0,1154.8,1213.6,1280.68,1463.493333333333,1919.795,False,False,False,False,False,False,False,False,False,False,False,-0.0252100840336134,-0.0672268907563025,,,-0.0762016806722689,-0.2298263305322126,-0.2201680672268907,-0.1092436974789916,-0.0045188680964269,-0.1203032300593276,1311.0,1700.0,1.6903225806451614,-0.0092138551394571,0.0003491555067423,5.222878543203156e-05
2002-01-21,1190.0,1227.0,1150.0,1161.0,52900.0,1161.0,1154.8,1197.2,1269.12,1456.8933333333334,1914.025,False,False,False,False,False,False,False,False,False,False,False,0.016365202411714,-0.0999138673557278,,,-0.09312661498708,-0.2548607522250934,-0.2093023255813953,-0.1024978466838932,-0.0045301875223075,-0.1091713999331774,1298.0,1653.0,2.019083969465649,-0.0091086737266768,0.0001051814127802,-1.131942588062252e-05
2002-01-22,1180.0,1200.0,1166.0,1166.0,28100.0,1166.0,1162.0,1183.2,1259.16,1450.1733333333334,1908.755,False,False,False,False,False,False,False,False,False,False,False,-0.0034305317324185,-0.1295025728987993,,,-0.0798970840480275,-0.2437164093767868,-0.1818181818181818,-0.0986277873070325,-0.0046339288177045,-0.0993914807302232,1344.0,1650.0,0.5311909262759924,-0.0079100352616028,0.001198638465074,-0.000103741295397
2002-01-23,1160.0,1166.0,1151.0,1153.0,18400.0,1153.0,1163.2,1168.4,1251.28,1443.7866666666666,1903.27,False,False,False,False,False,False,False,False,False,False,False,0.0060711188204683,-0.1231569817866435,,,-0.0852385082393755,-0.2522000578201792,-0.1569817866435386,-0.0962705984388551,-0.0044235528794651,-0.0909791167408423,1430.0,1625.0,0.6548042704626335,-0.0062975513074612,0.0016124839541415,0.0002103759382393
2002-01-24,1140.0,1145.0,1130.0,1145.0,32100.0,1145.0,1163.0,1157.9,1243.76,1436.6666666666667,1897.82,False,False,False,False,False,False,False,False,False,False,False,0.0034934497816593,-0.1266375545851528,,,-0.0862532751091703,-0.2547307132459971,-0.1615720524017467,-0.0436681222707423,-0.0049559164733177,-0.0816996286380517,1450.0,1625.0,1.7445652173913044,-0.0060461825432559,0.0002513687642053,-0.0005323635938526
2002-01-25,1180.0,1198.0,1152.0,1160.0,47000.0,1160.0,1157.0,1155.9,1236.96,1429.7866666666666,1892.22,False,False,False,False,False,False,False,False,False,False,False,-0.043103448275862,-0.1379310344827586,,,-0.0663448275862069,-0.2325747126436781,-0.1422413793103448,-0.0172413793103448,-0.0048119066713916,-0.0750930011246649,1438.0,1659.0,1.4641744548286604,-0.0054973483378605,0.0005488342053953,0.0001440098019261
2002-01-28,1155.0,1180.0,1150.0,1180.0,28700.0,1180.0,1160.8,1157.8,1232.16,1422.92,1886.62,False,False,False,False,False,False,False,False,False,False,False,-0.1144067796610169,-0.1338983050847457,,,-0.0442033898305085,-0.205864406779661,-0.1567796610169491,0.0033898305084745,-0.0048257573627938,-0.0668509241665226,1460.0,1656.0,0.6106382978723405,-0.003895597974289,0.0016017503635715,-1.3850691402191724e-05
2002-01-29,1165.0,1181.0,1160.0,1162.0,16600.0,1162.0,1160.0,1161.0,1227.64,1415.28,1880.93,False,False,False,False,False,False,False,False,False,False,False,-0.1265060240963855,-0.1385542168674698,,,-0.0564888123924269,-0.2179690189328743,-0.1135972461273666,0.0585197934595524,-0.005398225086202,-0.0556416881998276,1500.0,1666.0,0.578397212543554,-0.0036818611319279,0.0002137368423611,-0.0005724677234082
2002-01-30,1150.0,1165.0,1140.0,1160.0,96800.0,1160.0,1161.4,1162.3,1224.24,1407.76,1875.105,False,False,False,False,False,False,False,False,False,False,False,-0.1284482758620689,-0.1172413793103448,,,-0.0553793103448275,-0.2135862068965517,-0.0948275862068965,0.0525862068965517,-0.0053418196283457,-0.0428460810462014,1500.0,1626.0,5.831325301204819,-0.002777233222244,0.0009046279096838,5.640545785636636e-05
2002-01-31,1135.0,1149.0,1125.0,1149.0,41300.0,1149.0,1162.2,1162.6,1221.08,1400.3733333333332,1869.325,False,False,False,False,False,False,False,False,False,False,False,-0.1296779808529155,-0.1122715404699739,,,-0.0627328111401217,-0.2187757470263996,-0.1018276762402088,0.0765883376849434,-0.0052747838671593,-0.0278685704455529,1477.0,1563.0,0.4266528925619834,-0.0025878730304321,0.0001893601918119,6.703576118642033e-05
2002-02-01,1150.0,1170.0,1079.0,1110.0,56100.0,1110.0,1152.2,1154.6,1213.48,1392.506666666667,1863.375,False,False,False,False,False,False,False,False,False,True,False,-0.0990990990990991,-0.081081081081081,,,-0.0932252252252252,-0.2545105105105107,0.0585585585585585,0.1504504504504504,-0.0056492847431009,-0.0023384721981637,1448.0,1540.0,1.3583535108958835,-0.0062629792003163,-0.0036751061698842,-0.0003745008759416
2002-02-04,1090.0,1091.0,1028.0,1045.0,37900.0,1045.0,1125.2,1143.0,1201.48,1383.3866666666668,1857.05,False,False,False,False,False,False,False,False,False,True,False,-0.0220095693779904,-0.0574162679425837,,,-0.1497416267942584,-0.3238149920255184,0.0392344497607655,0.2516746411483254,-0.0065925169150105,0.0310586176727909,1450.0,1529.0,0.6755793226381461,-0.0099876818590405,-0.0037247026587241,-0.0009432321719096
2002-02-05,1035.0,1045.0,1011.0,1015.0,35000.0,1015.0,1095.8,1127.9,1188.88,1373.92,1850.6,False,False,False,False,False,False,False,False,False,True,False,-0.0137931034482758,-0.038423645320197,,,-0.1713103448275863,-0.3536157635467981,-0.0068965517241379,0.2748768472906404,-0.006890260471255,0.0664065963294617,1380.0,1520.0,0.9234828496042216,-0.0105982100800752,-0.0006105282210347,-0.0002977435562444
2002-02-06,1000.0,1012.0,960.0,1011.0,104900.0,1011.0,1066.0,1113.7,1176.52,1364.7333333333331,1843.755,False,False,False,False,False,False,False,False,False,False,False,0.0128585558852621,-0.0613254203758654,,,-0.1637190900098911,-0.3498846027035936,-0.0257171117705242,0.2660731948565776,-0.006731473792194,0.1013737990482175,1469.0,1520.0,2.9971428571428573,-0.0105055587665319,9.265131354337272e-05,0.0001587866790609
2002-02-07,1000.0,1001.0,979.0,1000.0,92700.0,1000.0,1036.2,1099.2,1163.32,1355.0666666666666,1836.955,False,False,False,False,False,False,False,False,False,True,False,0.02,-0.055,,,-0.1633199999999999,-0.3550666666666666,0.051,0.305,-0.0071337203581618,0.1350072780203783,1455.0,1500.0,0.8836987607244995,-0.0113468349207441,-0.0008412761542122,-0.0004022465659678
2002-02-08,1020.0,1032.0,982.0,1000.0,71700.0,1000.0,1014.2,1083.2,1150.12,1345.7333333333331,1830.555,False,False,False,False,False,False,False,False,False,True,False,0.02,-0.072,,,-0.1501199999999999,-0.3457333333333331,0.068,0.296,-0.0069354998513822,0.1661742983751846,1485.0,1492.0,0.7734627831715211,-0.0114770632629639,-0.0001302283422197,0.0001982205067795
2002-02-12,1020.0,1022.0,1009.0,1022.0,42900.0,1022.0,1009.6,1067.4,1138.0,1337.32,1824.19,False,False,False,False,False,False,False,False,False,False,False,-0.0362035225048923,-0.1017612524461839,,,-0.1135029354207436,-0.3085322896281799,0.0508806262230919,0.2622309197651663,-0.0062911893438617,0.1933670601461493,1450.0,1469.0,0.5983263598326359,-0.0106502636203865,0.0008267996425773,0.0006443105075205
2002-02-13,1029.0,1030.0,1001.0,1001.0,102900.0,1001.0,1006.8,1051.3,1125.8,1328.6666666666667,1817.42,False,False,False,False,False,False,False,False,False,True,False,-0.0249750249750249,-0.0469530469530469,,,-0.1246753246753246,-0.3273393273393274,0.0709290709290709,0.2617382617382617,-0.0065127947817359,0.214781698849044,1415.0,1408.0,2.3986013986013988,-0.0108367383194173,-0.0001864746990307,-0.0002216054378742
2002-02-14,1029.0,1030.0,1020.0,1024.0,73600.0,1024.0,1009.4,1037.7,1114.72,1320.6533333333334,1810.715,False,False,False,False,False,False,False,False,False,False,False,-0.0732421875,-0.05078125,,,-0.08859375,-0.2897005208333334,0.0146484375,0.2314453125,-0.0060677038637441,0.2345571937939672,1350.0,1350.0,0.7152575315840622,-0.0099397158030715,0.0008970225163457,0.0004450909179917
2002-02-15,1024.0,1029.0,1020.0,1020.0,29600.0,1020.0,1013.4,1024.8,1105.52,1312.5866666666666,1804.215,False,False,False,False,False,False,False,False,False,False,False,-0.0735294117647058,-0.0588235294117647,,,-0.0838431372549019,-0.2868496732026143,-0.0068627450980392,0.2058823529411764,-0.0061456259396206,0.2494145199063233,1333.0,1350.0,0.4021739130434782,-0.0083218756784138,0.0016178401246577,-7.792207587642517e-05
2002-02-18,1015.0,1027.0,1015.0,1020.0,55300.0,1020.0,1017.4,1015.8,1099.12,1304.0666666666666,1797.515,False,False,False,False,False,False,False,False,False,False,False,-0.0901960784313725,-0.0245098039215686,,,-0.0775686274509802,-0.2784967320261437,-0.034313725490196,0.1901960784313725,-0.0065334083124584,0.2542823390431187,1330.0,1311.0,1.8682432432432432,-0.0058228400902541,0.0024990355881597,-0.0003877823728378
2002-02-19,1019.0,1019.0,980.0,985.0,48600.0,985.0,1010.0,1009.8,1092.08,1295.12,1790.64,False,False,False,False,False,False,False,False,False,True,False,-0.0680203045685279,0.0101522842639593,,,-0.108710659898477,-0.3148426395939085,0.0233502538071065,0.2578680203045685,-0.0069079827866658,0.2549019607843138,1300.0,1298.0,0.8788426763110307,-0.0064464141821111,-0.000623574091857,-0.0003745744742074
2002-02-20,985.0,995.0,974.0,976.0,194800.0,976.0,1005.0,1005.9,1085.92,1285.92,1783.795,False,False,False,False,False,False,False,False,False,False,False,-0.0225409836065573,0.055327868852459,,,-0.1126229508196722,-0.3175409836065574,0.0122950819672131,0.2807377049180328,-0.0071544108498194,0.255393180236604,1275.0,1344.0,4.008230452674897,-0.005672609400324,0.0007738047817871,-0.0002464280631535
2002-02-21,959.0,960.0,926.0,949.0,146800.0,949.0,990.0,999.7,1078.0,1276.8933333333334,1776.615,False,False,False,False,False,False,False,False,False,True,False,0.024236037934668,0.1064278187565858,,,-0.1359325605900948,-0.3455145767474535,0.0326659641728134,0.3108535300316122,-0.0070692409702715,0.2595778733620086,1245.0,1430.0,0.7535934291581109,-0.0073469387755102,-0.0016743293751862,8.516987954786462e-05
2002-02-22,959.0,959.0,918.0,945.0,136300.0,945.0,975.0,994.2,1069.96,1268.6533333333334,1769.215,False,False,False,False,False,False,False,False,False,True,False,0.0158730158730158,0.092063492063492,,,-0.1322328042328042,-0.3424902998236332,0.0317460317460317,0.291005291005291,-0.0064950761437324,0.2579963789981895,1228.0,1450.0,0.9284741144414168,-0.007514299599985,-0.0001673608244747,0.0005741648265391
2002-02-25,955.0,955.0,922.0,928.0,58000.0,928.0,956.6,987.0,1059.48,1260.493333333333,1761.93,False,False,False,False,False,False,False,False,False,True,False,0.0721982758620689,0.2661637931034483,,,-0.1416810344827586,-0.3582902298850572,0.0334051724137931,0.2963362068965517,-0.0064736558172992,0.2577507598784195,1300.0,1438.0,0.425531914893617,-0.0098916449579038,-0.0023773453579188,2.142032643317505e-05
2002-02-26,938.0,941.0,916.0,918.0,49000.0,918.0,943.2,976.6,1049.76,1252.3466666666666,1754.57,False,False,False,False,False,False,False,False,False,False,False,0.0838779956427015,0.1830065359477124,,,-0.1435294117647058,-0.3642120551924472,0.05119825708061,0.2581699346405229,-0.0065051210527435,0.2573213188613558,1345.0,1460.0,0.8448275862068966,-0.0092592592592592,0.0006323856986446,-3.146523544424965e-05
2002-02-27,928.0,954.0,925.0,954.0,63900.0,954.0,938.8,971.9,1041.28,1244.8,1747.365,False,False,False,False,False,False,False,False,False,False,False,0.0796645702306079,0.0566037735849056,,,-0.0914884696016771,-0.3048218029350104,0.0293501048218029,0.20020964360587,-0.0060625535561267,0.2512604177384503,1330.0,1500.0,1.304081632653061,-0.0081438229870928,0.0011154362721664,0.0004425674966167
2002-02-28,955.0,986.0,955.0,972.0,125200.0,972.0,943.4,966.7,1034.04,1237.493333333333,1740.4,False,False,False,False,False,False,False,False,False,False,False,0.0802469135802469,0.0133744855967078,,,-0.0638271604938271,-0.2731412894375855,0.0257201646090535,0.1676954732510288,-0.0059044089126407,0.2449570704458466,1320.0,1500.0,1.9593114241001568,-0.0070016633785927,0.0011421596085001,0.000158144643486
2002-03-01,992.0,1000.0,955.0,960.0,133300.0,960.0,946.4,960.7,1026.64,1230.2933333333333,1733.525,False,False,False,False,False,False,False,False,False,True,False,0.075,0.0947916666666666,,,-0.0694166666666667,-0.2815555555555555,0.0489583333333333,0.2020833333333333,-0.0058522628749781,0.2448214843343396,1330.0,1477.0,1.0646964856230032,-0.0072079794280369,-0.0002063160494442,5.2146037662573023e-05
2002-03-04,1000.0,1010.0,992.0,995.0,132400.0,995.0,959.8,958.2,1020.04,1223.6666666666667,1726.925,False,False,False,False,False,False,False,False,False,False,False,0.1809045226130653,0.0733668341708542,,,-0.0251658291457286,-0.2298157453936349,-0.0120603015075376,0.1628140703517588,-0.0054154181421954,0.2421206428720517,1330.0,1448.0,0.9932483120780196,-0.0064703344966865,0.0007376449313504,0.0004368447327826
2002-03-05,1045.0,1060.0,980.0,995.0,196700.0,995.0,975.2,959.2,1012.64,1217.3466666666666,1720.35,False,False,False,False,False,False,False,False,False,True,False,0.0914572864321608,0.0793969849246231,,,-0.0177286432160803,-0.2234639865996649,0.0381909547738693,0.1557788944723618,-0.0051916189307895,0.2315471226021683,1325.0,1450.0,1.4856495468277946,-0.0073076315373676,-0.0008372970406811,0.0002237992114059
2002-03-06,1003.0,1048.0,1000.0,1030.0,96400.0,1030.0,990.4,964.6,1007.36,1212.3066666666666,1713.85,False,False,False,False,True,False,False,False,False,False,False,-0.0213592233009708,0.0407766990291262,,,0.0219805825242718,-0.1769967637540452,-0.0087378640776699,0.1184466019417475,-0.0041573639233197,0.2144930541156956,1306.0,1380.0,0.4900864260294865,-0.0052414231257941,0.0020662084115735,0.0010342550074697
2002-03-07,1050.0,1067.0,1034.0,1050.0,120400.0,1050.0,1006.0,974.7,1002.96,1208.3066666666666,1707.6,False,False,False,False,False,False,False,False,False,False,False,-0.0619047619047619,-0.0104761904761904,,,0.0447999999999999,-0.1507682539682539,-0.0647619047619047,0.0952380952380952,-0.0033104178850843,0.1922642864471117,1301.0,1469.0,1.2489626556016598,-0.0043870144372656,0.0008544086885284,0.0008469460382353
2002-03-08,1030.0,1045.0,1015.0,1032.0,256100.0,1032.0,1020.4,983.4,998.28,1204.0666666666666,1701.26,False,False,False,False,False,False,False,False,False,True,False,0.0184108527131782,-0.0184108527131782,,,0.0326744186046511,-0.1667312661498707,-0.0358527131782945,0.0968992248062015,-0.0035213997010132,0.1727679479357331,1250.0,1455.0,2.127076411960133,-0.004688063469167,-0.0003010490319013,-0.0002109818159288
2002-03-11,1172.0,1178.0,1100.0,1175.0,241500.0,1175.0,1056.4,1008.1,1000.88,1202.253333333333,1695.66,False,False,False,False,False,False,True,False,True,False,False,-0.091063829787234,-0.1617021276595744,,,0.1481872340425531,-0.0231943262411345,-0.1446808510638297,-0.0102127659574468,-0.0015082788985129,0.1400654696954666,1180.0,1485.0,0.9429910191331512,0.0025977140116697,0.0072857774808367,0.0020131208025003
2002-03-12,1195.0,1198.0,1080.0,1086.0,286100.0,1086.0,1074.6,1024.9,1002.52,1199.4266666666667,1689.815,False,False,False,False,False,False,True,False,False,True,False,-0.011049723756906,-0.0718232044198895,,,0.0768692449355433,-0.1044444444444445,-0.0653775322283609,0.0985267034990791,-0.0023566815256175,0.1250853741828469,1161.0,1450.0,1.1846790890269152,0.001635877588477,-0.0009618364231927,-0.0008484026271046
2002-03-13,1086.0,1088.0,1005.0,1008.0,350500.0,1008.0,1070.2,1030.3,1002.24,1194.9466666666667,1683.355,False,False,False,False,False,False,False,False,False,True,False,0.0634920634920634,-0.0198412698412698,,,0.0057142857142857,-0.185462962962963,0.0069444444444444,0.1706349206349206,-0.0037491212996953,0.1225856546636901,1130.0,1415.0,1.225096120237679,-0.0002793742017879,-0.0019152517902649,-0.0013924397740778
2002-03-14,1010.0,1023.0,975.0,985.0,261600.0,985.0,1057.2,1031.6,1001.2,1189.013333333333,1676.63,False,False,False,False,False,False,False,False,False,True,False,0.0548223350253807,-0.0050761421319796,,,-0.0164467005076142,-0.2071201353637899,0.015228426395939,0.2375634517766497,-0.004990131874047,0.1293136874757659,1147.0,1350.0,0.7463623395149787,-0.0010387534958049,-0.000759379294017,-0.0012410105743516
2002-03-15,1005.0,1051.0,1005.0,1051.0,248000.0,1051.0,1061.0,1040.7,1003.24,1183.6933333333334,1670.235,False,False,False,False,False,False,True,False,True,False,False,-0.0361560418648905,-0.0723120837297811,,,0.0454424357754519,-0.1262543609261021,-0.0361560418648905,0.1398667935299714,-0.0044944073352329,0.1236667627558374,1146.0,1333.0,0.9480122324159022,0.0020334117459431,0.0030721652417481,0.000495724538814
2002-03-18,1091.0,1099.0,1065.0,1068.0,130600.0,1068.0,1039.6,1048.0,1005.96,1178.76,1663.5,False,False,False,False,False,False,True,False,False,False,False,-0.0777153558052434,-0.1020599250936329,,,0.0580898876404494,-0.1037078651685393,-0.0411985018726591,0.1273408239700374,-0.0041851889556257,0.1203244274809159,1190.0,1330.0,0.5266129032258065,0.0027038848463159,0.0006704731003728,0.0003092183796072
2002-03-19,1068.0,1078.0,1064.0,1074.0,78700.0,1074.0,1037.2,1055.9,1008.04,1173.6133333333332,1656.845,False,False,False,False,False,False,True,False,False,True,False,-0.0614525139664804,-0.1014897579143389,,,0.061415270018622,-0.0927498448168838,-0.0195530726256983,0.1368715083798882,-0.0043853171402279,0.1186665403920825,1161.0,1300.0,0.6026033690658499,0.0020634101821355,-0.0006404746641804,-0.0002001281846022
2002-03-20,1071.0,1080.0,1048.0,1072.0,117600.0,1072.0,1050.0,1060.1,1010.88,1167.9066666666668,1650.03,False,False,False,False,False,False,True,False,False,False,False,-0.0783582089552238,-0.083955223880597,,,0.0570149253731343,-0.0894651741293533,-0.0111940298507462,0.169776119402985,-0.0048862352014428,0.1238562399773608,1166.0,1275.0,1.49428208386277,0.0028094333649889,0.0007460231828533,-0.0005009180612148
2002-03-22,1072.0,1072.0,1036.0,1039.0,128200.0,1039.0,1060.8,1059.0,1011.48,1161.76,1643.375,False,False,False,False,False,False,True,False,False,True,False,-0.0567853705486044,-0.0404234841193455,,,0.0264870067372473,-0.1181520692974013,0.0365736284889316,0.1934552454282964,-0.005290823118946,0.1335221907459868,1153.0,1245.0,1.0901360544217686,0.0005931901767706,-0.0022162431882182,-0.0004045879175031
2002-03-25,1040.0,1050.0,1010.0,1013.0,89600.0,1013.0,1053.2,1057.1,1011.2,1155.5733333333333,1636.44,False,False,False,False,False,False,False,False,False,True,False,-0.0375123395853899,-0.0059230009871668,,,0.00177690029615,-0.1407436656794997,0.069101678183613,0.1865745310957551,-0.0053537637882494,0.1421814397880997,1145.0,1228.0,0.6989079563182528,-0.0002768987341771,-0.0008700889109478,-6.294066930341308e-05
2002-03-26,1000.0,1010.0,985.0,985.0,87500.0,985.0,1036.6,1038.1,1009.8,1149.4,1629.315,False,False,False,False,False,True,False,False,False,True,False,-0.0263959390862944,-0.0020304568527918,,,-0.0251776649746192,-0.1669035532994924,0.098477157360406,0.2192893401015228,-0.0053709181601993,0.1667469415277913,1160.0,1300.0,0.9765625,-0.0013864131511191,-0.0011095144169419,-1.715437194992498e-05
2002-03-27,994.0,1010.0,994.0,1008.0,57500.0,1008.0,1023.4,1030.3,1010.72,1143.506666666667,1622.605,False,False,False,False,False,False,True,False,False,False,False,-0.0426587301587301,0.0248015873015873,,,-0.0026984126984127,-0.1344312169312171,0.0625,0.1706349206349206,-0.0051537376257825,0.1743181597592935,1180.0,1345.0,0.6571428571428571,0.0009102422035777,0.0022966553546968,0.0002171805344168
2002-03-28,1009.0,1009.0,980.0,988.0,110700.0,988.0,1006.6,1028.3,1011.2,1138.28,1615.745,False,False,False,False,False,False,True,False,False,True,False,-0.0060728744939271,0.0334008097165991,,,-0.0234817813765182,-0.1521052631578947,0.082995951417004,0.1639676113360323,-0.0045917231846882,0.1736847223572888,1162.0,1330.0,1.925217391304348,0.0004746835443038,-0.0004355586592739,0.0005620144410943
2002-03-29,990.0,999.0,980.0,980.0,64700.0,980.0,994.8,1027.8,1012.44,1131.76,1608.82,False,False,False,False,False,False,True,False,True,False,False,0.0173469387755102,0.0020408163265306,,,-0.0331020408163265,-0.1548571428571428,0.0816326530612244,0.173469387755102,-0.0057609387149218,0.1675423234092236,1160.0,1320.0,0.5844625112917796,0.0012247639366283,0.0007500803923245,-0.0011692155302336
2002-04-01,1010.0,1010.0,970.0,975.0,62100.0,975.0,987.2,1020.2,1013.64,1125.36,1602.02,False,False,False,False,False,False,True,False,False,True,False,0.0328205128205128,0.0205128205128205,,,-0.0396307692307692,-0.1542153846153845,0.0871794871794871,0.1897435897435897,-0.0056870690268003,0.1725151930993922,1149.0,1330.0,0.9598145285935084,0.0011838522552384,-4.091168138987337e-05,7.386968812148152e-05
2002-04-02,965.0,974.0,956.0,959.0,80100.0,959.0,982.0,1009.3,1014.88,1118.3466666666666,1595.165,False,False,False,False,False,False,True,False,False,False,False,0.0250260688216892,0.0479666319082377,,,-0.0582690302398331,-0.1661591936044489,0.1053180396246089,0.2085505735140771,-0.0062711621918069,0.1807193104131577,1110.0,1330.0,1.289855072463768,0.0012218193283935,3.796707315503463e-05,-0.0005840931650065
2002-04-03,957.0,982.0,957.0,965.0,70700.0,965.0,973.4,998.4,1016.76,1111.88,1588.19,False,False,False,False,False,False,True,False,False,False,False,0.0704663212435233,0.0518134715025906,,,-0.0536373056994818,-0.1522072538860104,0.0797927461139896,0.1927461139896373,-0.005815975345061,0.1865985576923077,1045.0,1325.0,0.8826466916354557,0.001849010582635,0.0006271912542415,0.0004551868467459
2002-04-04,965.0,990.0,960.0,982.0,139500.0,982.0,972.2,989.4,1017.88,1106.1066666666666,1581.175,False,False,False,False,False,False,True,False,False,True,False,0.0397148676171079,0.0336048879837067,,,-0.0365376782077393,-0.1263815342837745,0.070264765784114,0.1405295315682281,-0.0052195086670365,0.1838487972508591,1015.0,1306.0,1.9731258840169728,0.0011003261681141,-0.0007486844145209,0.0005964666780245
2002-04-05,985.0,1004.0,985.0,997.0,120600.0,997.0,975.6,985.2,1018.88,1101.4,1574.61,False,False,False,False,False,False,True,False,False,True,False,-0.0150451354062186,0.0030090270812437,,,-0.0219458375125376,-0.1047141424272819,0.0451354062186559,0.2006018054162487,-0.0042733490708793,0.184531059683313,1011.0,1301.0,0.864516129032258,0.0009814698492462,-0.0001188563188678,0.0009461595961572
2002-04-08,1007.0,1018.0,998.0,1007.0,88200.0,1007.0,982.0,984.6,1020.76,1097.0533333333333,1567.97,False,False,False,False,False,False,True,False,True,False,False,-0.0119165839126117,0.0059582919563058,,,-0.013664349553128,-0.089427341939755,0.0873882820258192,0.1420059582919563,-0.0039621288542642,0.179971562055657,1000.0,1250.0,0.7313432835820896,0.0018417649594419,0.0008602951101957,0.000311220216615
2002-04-09,1007.0,1015.0,980.0,983.0,127000.0,983.0,986.8,984.4,1020.28,1092.4266666666667,1561.385,False,False,False,False,False,False,False,False,False,True,False,0.022380467955239,0.0417090539165818,,,-0.0379247202441505,-0.1113190912173618,0.1597151576805696,0.1495422177009155,-0.0042352194502757,0.1729987809833401,1000.0,1180.0,1.439909297052154,-0.0004704590896616,-0.0023122240491036,-0.0002730905960114
2002-04-10,1003.0,1033.0,1002.0,1033.0,137100.0,1033.0,1000.4,986.9,1021.8,1088.8666666666666,1555.25,False,False,False,True,True,False,True,False,True,False,True,-0.0174249757986447,0.0193610842207163,,,0.0108422071636012,-0.0540819619232009,0.1461761858664085,0.0648596321393998,-0.0032694544786629,0.1619211672915189,1022.0,1161.0,1.079527559055118,0.0014875709532197,0.0019580300428814,0.0009657649716127
2002-04-11,1049.0,1050.0,1011.0,1021.0,99700.0,1021.0,1008.2,990.2,1021.44,1085.48,1548.905,False,False,False,False,False,False,False,False,False,True,False,-0.0058765915768854,0.0381978452497551,,,-0.0004309500489716,-0.0631537708129285,0.2047012732615083,0.118511263467189,-0.0031199715026223,0.157240961421935,1001.0,1130.0,0.7272064186725018,-0.0003524436090224,-0.0018400145622422,0.0001494829760406
2002-04-12,1020.0,1020.0,982.0,982.0,78600.0,982.0,1005.2,990.4,1018.72,1081.9733333333334,1542.64,False,False,False,False,False,False,False,False,False,True,False,0.0183299389002036,0.0967413441955193,,,-0.0373930753564155,-0.101805838424983,0.2433808553971486,0.1384928716904277,-0.0032409917681273,0.1537762520193862,1024.0,1147.0,0.7883650952858575,-0.0026700172765824,-0.0023175736675599,-0.0001210202655049
2002-04-15,1002.0,1007.0,987.0,995.0,82500.0,995.0,1002.8,992.4,1017.24,1078.8666666666666,1536.115,False,False,False,False,False,False,False,False,False,False,True,0.0180904522613065,0.0884422110552763,,,-0.0223517587939698,-0.0842881072026799,0.24321608040201,0.1065326633165829,-0.0028795649755917,0.1455058444175735,1020.0,1146.0,1.049618320610687,-0.0014549172270064,0.0012151000495759,0.0003614267925355
2002-04-16,1010.0,1010.0,994.0,1005.0,69300.0,1005.0,1007.2,997.0,1010.44,1074.9333333333334,1529.24,False,False,False,False,False,False,False,False,False,True,False,0.0189054726368159,0.0766169154228855,,,-0.0054129353233831,-0.0695854063018242,0.2706467661691542,0.0945273631840796,-0.0036591416521953,0.1343029087261786,1020.0,1190.0,0.84,-0.0067297414987529,-0.0052748242717465,-0.0007795766766035
2002-04-17,1005.0,1015.0,1005.0,1015.0,111000.0,1015.0,1003.6,1002.0,1007.6,1070.5333333333333,1522.39,False,False,False,False,True,False,False,False,False,False,False,0.0374384236453202,0.0551724137931034,,,0.0072906403940886,-0.0547126436781608,0.2886699507389162,0.0541871921182266,-0.0041101008842945,0.1205588822355289,985.0,1161.0,1.6017316017316017,-0.0028185788011115,0.0039111626976413,-0.0004509592320991
2002-04-18,1015.0,1028.0,1010.0,1015.0,114200.0,1015.0,1002.4,1005.3,1007.88,1066.3333333333333,1515.465,False,False,False,False,False,False,True,False,False,False,False,0.0443349753694581,0.0541871921182266,,,0.0070147783251231,-0.050574712643678,0.2748768472906404,0.0088669950738916,-0.0039387308533917,0.1073311449318612,976.0,1166.0,1.0288288288288288,0.000277810850498,0.0030963896516096,0.0001713700309027
2002-04-19,1010.0,1014.0,995.0,1000.0,88600.0,1000.0,1006.0,1005.6,1008.48,1062.0666666666666,1508.79,False,False,False,False,False,False,True,False,False,False,False,0.077,0.06,,,-0.00848,-0.0620666666666666,0.28,0.035,-0.004017324712824,0.0908910103420843,949.0,1153.0,0.7758318739054291,0.0005949547834364,0.0003171439329384,-7.859385943231184e-05
2002-04-22,1001.0,1020.0,997.0,1013.0,61700.0,1013.0,1009.6,1006.2,1006.96,1057.84,1501.905,False,False,False,False,False,False,False,False,False,True,False,0.069101678183613,0.0463968410661401,,,0.0059624876604145,-0.04426456071076,0.2882527147087858,0.0414610069101678,-0.0039955632861932,0.0807990459153249,945.0,1145.0,0.6963882618510158,-0.0015094939223007,-0.0021044487057372,2.1761426630770124e-05
2002-04-23,1015.0,1024.0,1005.0,1024.0,57900.0,1024.0,1013.4,1010.3,1005.2,1053.76,1495.05,False,False,False,False,False,False,False,False,False,True,True,0.056640625,0.03515625,,,0.0183593749999999,-0.0290624999999999,0.265625,0.072265625,-0.0038718493774672,0.0732455706225873,928.0,1160.0,0.9384116693679092,-0.00175089534421,-0.0002414014219093,0.0001237139087259
2002-04-24,1030.0,1055.0,1027.0,1053.0,162700.0,1053.0,1021.0,1012.3,1004.36,1050.1333333333334,1488.465,False,False,False,False,False,False,False,False,False,False,False,0.017094017094017,-0.0104463437796771,,,0.0461918328584995,0.0027223805001581,0.225071225071225,-0.0474833808167141,-0.0034535297105128,0.0615430208436233,918.0,1180.0,2.810017271157168,-0.0008363534987455,0.0009145418454645,0.0004183196669544
2002-04-25,1069.0,1080.0,1050.0,1060.0,108500.0,1060.0,1030.0,1016.2,1003.88,1046.8533333333332,1482.04,False,False,False,False,False,False,False,False,False,False,False,0.0094339622641509,-0.0084905660377358,,,0.0529433962264151,0.0124025157232705,0.1915094339622641,-0.0396226415094339,-0.0031331991746696,0.0452666797874434,954.0,1162.0,0.6668715427166564,-0.000478144798183,0.0003582087005624,0.0003203305358431
2002-04-26,1080.0,1081.0,1050.0,1077.0,172400.0,1077.0,1045.4,1025.7,1005.4,1043.8666666666666,1475.825,False,False,False,False,False,False,True,False,True,False,False,-0.0157845868152274,-0.032497678737233,,,0.066480965645311,0.0307644692045807,0.170844939647168,-0.0761374187558031,-0.0028611572359177,0.0235936433655065,972.0,1160.0,1.5889400921658987,0.0015118360851402,0.0019899808833232,0.0002720419387519
2002-04-30,1081.0,1088.0,1060.0,1083.0,140900.0,1083.0,1059.4,1034.5,1008.2,1041.64,1469.84,False,False,False,False,False,False,True,False,False,False,False,-0.0212373037857802,0.0110803324099723,,,0.0690674053554939,0.0381902123730377,0.1357340720221606,-0.0637119113573407,-0.0021376547239607,0.0064765587240213,960.0,1149.0,0.8172853828306265,0.0027772267407261,0.0012653906555858,0.000723502511957
2002-05-01,1087.0,1090.0,1077.0,1082.0,83800.0,1082.0,1071.0,1042.2,1012.08,1040.3333333333333,1463.9,False,False,False,False,False,False,True,False,False,False,False,-0.0203327171903881,0.0536044362292051,,,0.0646210720887245,0.0385089340727049,0.121996303142329,-0.066543438077634,-0.0012560076898431,-0.0095950873152945,995.0,1110.0,0.5947480482611781,0.0038336890364398,0.0010564622957136,0.0008816470341175
2002-05-02,1065.0,1077.0,1065.0,1071.0,70500.0,1071.0,1074.6,1047.8,1014.6,1039.1333333333334,1458.08,False,False,False,False,False,False,True,False,False,True,False,-0.0270774976657329,0.1055088702147525,,,0.0526610644257702,0.0297541238717708,0.1568627450980392,-0.0662931839402427,-0.0011548084942578,-0.021569001717885,995.0,1045.0,0.8412887828162291,0.0024837374334713,-0.0013499516029685,0.0001011991955853
2002-05-07,1077.0,1077.0,1050.0,1070.0,59700.0,1070.0,1076.6,1053.3,1017.88,1038.3333333333333,1452.68,False,False,False,False,False,False,True,False,False,False,False,-0.0177570093457943,0.1495327102803738,,,0.0487102803738317,0.029595015576324,0.1682242990654205,-0.0607476635514018,-0.0007704654895667,-0.0284819139846197,1030.0,1015.0,0.8468085106382979,0.0032223837780484,0.0007386463445771,0.000384343004691
2002-05-08,1059.0,1065.0,1058.0,1060.0,38300.0,1060.0,1073.2,1059.3,1021.08,1037.1733333333334,1447.18,False,False,False,False,False,False,True,False,False,True,False,-0.0169811320754716,0.1518867924528301,,,0.0367169811320754,0.0215345911949684,0.1735849056603773,-0.0660377358490566,-0.0011184244356454,-0.038232795242141,1050.0,1011.0,0.6415410385259631,0.0031339366161319,-8.8447161916483e-05,-0.0003479589460786
2002-05-09,1079.0,1079.0,1060.0,1060.0,61900.0,1060.0,1068.6,1064.0,1024.48,1036.0266666666666,1441.18,False,False,False,False,False,False,True,False,False,False,False,0.0330188679245283,0.1669811320754717,,,0.0335094339622641,0.0226163522012578,0.1509433962264151,-0.0226415094339622,-0.0011067926179507,-0.0442669172932331,1032.0,1000.0,1.6161879895561355,0.0033187568327346,0.0001848202166026,1.1631817694737886e-05
2002-05-10,1060.0,1073.0,1050.0,1060.0,52400.0,1060.0,1064.2,1067.6,1028.52,1034.2933333333333,1435.155,False,False,False,False,False,False,True,False,False,False,False,0.0754716981132075,0.2047169811320754,,,0.0296981132075471,0.024251572327044,0.1349056603773585,-0.0566037735849056,-0.0016758624245862,-0.0566691644810789,1175.0,1000.0,0.8465266558966075,0.0039279741764865,0.0006092173437519,-0.0005690698066354
2002-05-13,1060.0,1070.0,1040.0,1042.0,35300.0,1042.0,1058.4,1066.5,1031.6,1032.7066666666667,1429.165,False,False,False,False,False,False,True,False,False,True,False,0.1362763915547025,0.255278310940499,,,0.0099808061420346,0.0089187460012795,0.1084452975047984,-0.027831094049904,-0.0015364156327062,-0.0547585560243787,1086.0,1022.0,0.6736641221374046,0.0029856533540131,-0.0009423208224734,0.0001394467918799
2002-05-14,1052.0,1056.0,1041.0,1051.0,34700.0,1051.0,1054.6,1065.6,1034.36,1031.1733333333334,1423.37,False,True,False,False,False,False,True,False,False,True,False,0.170313986679353,0.231208372978116,,,0.0158325404376784,0.0188645734221375,0.0894386298763082,-0.0409134157944814,-0.0014869792340117,-0.0548986486486485,1008.0,1001.0,0.9830028328611898,0.0026683166402413,-0.0003173367137718,4.9436398694499e-05
2002-05-15,1048.0,1059.0,1041.0,1042.0,84400.0,1042.0,1051.0,1062.1,1036.16,1029.6933333333334,1417.73,False,False,False,False,False,False,True,False,False,True,False,0.1717850287907869,0.2284069097888675,,,0.0056046065259116,0.0118106206014075,0.0892514395393474,-0.0422264875239923,-0.0014373211441594,-0.0515017418322191,985.0,1024.0,2.4322766570605188,0.0017371834465721,-0.0009311331936691,4.965808985226729e-05
2002-05-16,1042.0,1099.0,1042.0,1095.0,103800.0,1095.0,1058.0,1063.3,1039.68,1029.0266666666666,1412.23,False,False,False,False,False,False,True,False,False,False,False,0.1296803652968036,0.1917808219178082,,,0.0505205479452054,0.0602496194824962,0.0538812785388127,-0.1178082191780822,-0.0006478614094873,-0.0570864290416626,1051.0,1020.0,1.2298578199052133,0.0033856571252692,0.0016484736786971,0.000789459734672
2002-05-17,1149.0,1180.0,1111.0,1140.0,301900.0,1140.0,1074.0,1069.1,1045.96,1028.76,1407.08,False,False,False,False,False,False,True,False,False,False,False,0.1201754385964912,0.1368421052631579,,,0.0824912280701754,0.097578947368421,0.0149122807017543,-0.1473684210526315,-0.0002592117371074,-0.0657562435693573,1068.0,1020.0,2.9084778420038537,0.0060040536923017,0.0026183965670324,0.0003886496723799
2002-05-20,1167.0,1188.0,1157.0,1184.0,170400.0,1184.0,1102.4,1080.4,1052.0,1028.8133333333333,1401.55,False,False,False,False,False,False,True,True,False,True,False,0.1047297297297297,0.089527027027027,,,0.1114864864864864,0.1310698198198198,-0.0287162162162162,-0.1655405405405405,5.18396599317837e-05,-0.0766382821177342,1074.0,985.0,0.5644253063928453,0.0057414448669201,-0.0002626088253816,0.0003110513970392
2002-05-21,1180.0,1234.0,1172.0,1230.0,247000.0,1230.0,1138.2,1096.4,1060.36,1029.72,1396.9,False,False,False,False,False,False,True,True,False,False,False,0.0520325203252032,0.0268292682926829,,,0.1379186991869919,0.1628292682926829,-0.0634146341463414,-0.2154471544715447,0.0008804982584263,-0.0937614009485589,1072.0,976.0,1.449530516431925,0.0078841148289259,0.0021426699620058,0.0008286585984945
2002-05-22,1219.0,1234.0,1219.0,1221.0,141500.0,1221.0,1174.0,1112.5,1069.92,1030.5333333333333,1391.98,False,False,False,False,False,False,True,True,False,False,False,0.0483210483210483,0.0327600327600327,,,0.1237346437346436,0.155992355992356,-0.0581490581490581,-0.2227682227682227,0.0007892353473928,-0.1105617977528089,1039.0,949.0,0.5728744939271255,0.0089352474951399,0.001051132666214,-9.126291103344134e-05
2002-05-23,1228.0,1250.0,1228.0,1237.0,149500.0,1237.0,1202.4,1130.2,1079.6,1031.7066666666667,1387.19,False,False,False,False,False,False,True,True,False,False,False,0.0549717057396928,-0.0056588520614389,,,0.1272433306386419,0.1659606575047156,-0.0848827809215844,-0.2400970088924818,0.0011372741606141,-0.1329853123341002,1013.0,945.0,1.0565371024734982,0.0089662838088179,3.103631367794464e-05,0.0003480388132213
2002-05-24,1269.0,1280.0,1250.0,1277.0,194300.0,1277.0,1229.8,1151.9,1090.48,1033.9333333333334,1382.65,False,False,False,False,False,False,True,True,False,False,False,0.0148786217697729,-0.0493343774471417,,,0.1460610806577917,0.1903419472722526,-0.0892717306186374,-0.2826938136256852,0.002153588239087,-0.1566108169111902,985.0,928.0,1.2996655518394649,0.0099772577213705,0.0010109739125525,0.0010163140784728
2002-05-27,1277.0,1330.0,1277.0,1308.0,310000.0,1308.0,1254.6,1178.5,1102.2,1037.44,1378.165,False,False,False,False,False,False,True,True,False,False,False,-0.0137614678899082,-0.0527522935779816,,,0.1573394495412843,0.2068501529051987,-0.087920489296636,-0.2775229357798165,0.0033801151552539,-0.1814170555791259,1008.0,918.0,1.59547092125579,0.0106332788967519,0.0006560211753814,0.0012265269161669
2002-05-28,1300.0,1300.0,1288.0,1294.0,294000.0,1294.0,1267.4,1202.8,1113.36,1041.16,1373.51,False,False,False,False,False,False,True,True,False,True,False,-0.0239567233384853,-0.0340030911901081,,,0.1395981452859351,0.1953941267387943,-0.0880989180834621,-0.2735703245749614,0.0035729378769833,-0.2036082474226804,988.0,954.0,0.9483870967741936,0.0100237120068979,-0.000609566889854,0.0001928227217294
2002-05-29,1288.0,1290.0,1278.0,1280.0,167600.0,1280.0,1279.2,1226.6,1124.56,1044.746666666667,1368.56,False,False,False,False,False,False,True,True,False,True,False,-0.01484375,-0.028125,,,0.1214375,0.1837916666666665,-0.04765625,-0.26796875,0.0034330491602431,-0.2240339148866786,980.0,972.0,0.5700680272108843,0.0099594508074269,-6.42611994709618e-05,-0.0001398887167402
2002-05-30,1280.0,1319.0,1280.0,1305.0,112000.0,1305.0,1292.8,1247.6,1136.24,1048.8133333333333,1363.835,False,False,False,False,False,False,True,True,False,False,False,-0.057471264367816,-0.0651340996168582,,,0.1293180076628352,0.1963116219667944,-0.0819923371647509,-0.2873563218390804,0.003877397948157,-0.2399807630650848,975.0,960.0,0.6682577565632458,0.0102795184116032,0.0003200676041762,0.0004443487879138
2002-05-31,1290.0,1307.0,1290.0,1296.0,119400.0,1296.0,1296.6,1263.2,1147.12,1052.76,1358.815,False,False,False,False,False,False,True,True,False,True,False,-0.0632716049382716,-0.0717592592592592,,,0.1148765432098766,0.1876851851851852,-0.0709876543209876,-0.2885802469135802,0.0037488759704649,-0.253324889170361,959.0,995.0,1.0660714285714286,0.0094846223586023,-0.0007948960530009,-0.000128521977692
2002-06-03,1316.0,1316.0,1281.0,1290.0,37800.0,1290.0,1293.0,1273.8,1156.6,1056.3333333333333,1353.74,False,False,False,False,False,False,True,True,False,True,False,-0.0395348837209302,-0.1046511627906976,,,0.1034108527131783,0.1811369509043928,-0.0534883720930232,-0.2751937984496124,0.0033827705900914,-0.2636991678442456,965.0,995.0,0.3165829145728643,0.0081964378350337,-0.0012881845235685,-0.0003661053803735
2002-06-04,1290.0,1300.0,1251.0,1263.0,59200.0,1263.0,1286.8,1277.1,1164.72,1059.8266666666666,1348.655,False,False,False,False,False,False,True,True,False,True,False,-0.0102929532858273,-0.0934283452098179,,,0.077814726840855,0.160865663763526,-0.007125890736342,-0.281076801266825,0.0032961364751468,-0.2700649909952234,982.0,1030.0,1.566137566137566,0.0069716326670788,-0.0012248051679548,-8.663411494456335e-05
2002-06-05,1263.0,1271.0,1260.0,1261.0,62000.0,1261.0,1283.0,1281.1,1172.08,1062.986666666667,1343.76,False,False,False,False,False,False,True,True,False,True,False,-0.0134813639968279,-0.0999206978588422,,,0.0705154639175258,0.1570288131112871,-0.0166534496431403,-0.2712133227597145,0.0029727560082286,-0.274685816876122,997.0,1050.0,1.0472972972972974,0.0062794348508633,-0.0006921978162155,-0.0003233804669182
2002-06-06,1261.0,1269.0,1220.0,1230.0,113700.0,1230.0,1268.0,1280.4,1177.96,1065.7866666666666,1338.635,False,False,False,False,False,False,True,True,False,True,False,-0.008130081300813,-0.0617886178861788,,,0.0423089430894308,0.1335067750677507,-0.0227642276422764,-0.2560975609756097,0.0026271674131155,-0.2762417994376757,1007.0,1032.0,1.833870967741936,0.004991680532446,-0.0012877543184173,-0.0003455885951131
2002-06-07,1205.0,1215.0,1200.0,1214.0,104400.0,1214.0,1251.6,1274.1,1183.24,1068.3733333333332,1333.705,False,False,False,False,False,False,True,True,False,True,False,-0.0090609555189456,-0.0469522240527182,,,0.0253377265238879,0.1199560680944537,-0.0107084019769357,-0.2545304777594728,0.0024211261980829,-0.2735264107997802,983.0,1175.0,0.9182058047493404,0.0044623237889185,-0.0005293567435274,-0.0002060412150325
2002-06-10,1214.0,1279.0,1214.0,1239.0,57300.0,1239.0,1241.4,1267.2,1189.96,1071.76,1329.15,False,False,False,False,False,False,True,True,False,False,False,-0.0677966101694915,-0.0718321226795803,,,0.0395803066989507,0.1349798224374495,-0.0476190476190476,-0.2744148506860371,0.0031599114229554,-0.2732007575757576,1033.0,1086.0,0.5488505747126436,0.0056472486470133,0.0011849248580948,0.0007387852248724
2002-06-11,1259.0,1260.0,1230.0,1250.0,65500.0,1250.0,1238.8,1262.8,1197.16,1075.4133333333334,1324.675,False,False,False,False,False,False,True,True,False,False,False,-0.084,-0.0784,,,0.0422719999999999,0.1396693333333332,-0.08,-0.264,0.0033971434239239,-0.2722521381057966,1021.0,1008.0,1.1431064572425829,0.0060142336863911,0.0003669850393777,0.0002372320009684
2002-06-12,1250.0,1255.0,1243.0,1244.0,45300.0,1244.0,1235.4,1259.2,1204.52,1079.3466666666666,1320.295,False,False,False,False,False,False,True,True,False,False,False,-0.087620578778135,-0.0755627009646302,,,0.0317363344051447,0.132357984994641,-0.0755627009646302,-0.2588424437299035,0.003644179812479,-0.2713627700127065,982.0,985.0,0.6916030534351145,0.0061103178029421,9.608411655100472e-05,0.000247036388555
2002-06-13,1238.0,1245.0,1210.0,1220.0,49300.0,1220.0,1233.4,1250.7,1210.92,1083.013333333333,1315.745,False,False,False,False,False,False,True,True,False,True,False,-0.0540983606557377,-0.0721311475409836,,,0.0074426229508196,0.1122841530054646,-0.0491803278688524,-0.251639344262295,0.0033856154433308,-0.2677700487726873,995.0,1051.0,1.088300220750552,0.0052852376705315,-0.0008250801324105,-0.0002585643691481
2002-06-14,1215.0,1220.0,1194.0,1203.0,145100.0,1203.0,1231.2,1241.4,1216.64,1086.68,1311.135,False,False,False,False,False,False,True,True,False,True,False,-0.0382377389858686,-0.0332502078137988,,,-0.0113383208645054,0.0966916043225269,-0.0365752285951787,-0.2593516209476309,0.0033741917277091,-0.2647816980828097,1005.0,1068.0,2.943204868154158,0.0047014729089952,-0.0005837647615362,-1.142371562167302e-05
2002-06-17,1180.0,1185.0,1119.0,1155.0,87600.0,1155.0,1214.4,1227.9,1221.16,1089.84,1306.41,False,False,False,False,False,False,True,True,False,True,False,-0.0043290043290043,0.0329004329004329,,,-0.0572813852813853,0.0564155844155844,-0.0034632034632034,-0.2268398268398268,0.0028995081846875,-0.2601189021907322,1015.0,1074.0,0.6037215713301172,0.0037013986701169,-0.0010000742388783,-0.0004746835430216
2002-06-18,1150.0,1168.0,1145.0,1145.0,67100.0,1145.0,1193.4,1216.1,1224.92,1092.3866666666668,1301.81,False,False,False,False,False,False,True,True,False,True,False,0.0061135371179039,0.0305676855895196,,,-0.0697991266375546,0.0459505094614264,-0.0218340611353711,-0.2471615720524017,0.0023312868459277,-0.2567223090206397,1015.0,1072.0,0.7659817351598174,0.003069588218006,-0.0006318104521108,-0.0005682213387597
2002-06-19,1160.0,1160.0,1131.0,1135.0,69100.0,1135.0,1171.6,1203.5,1228.64,1094.56,1297.335,False,False,False,False,False,False,True,True,False,True,False,0.013215859030837,0.0740088105726872,,,-0.0825022026431718,0.0356299559471366,0.0546255506607929,-0.3286343612334801,0.0019855771573355,-0.2619858745326132,1000.0,1039.0,1.029806259314456,0.003027737986717,-4.185023128902392e-05,-0.0003457096885922
2002-06-20,1180.0,1180.0,1150.0,1154.0,70100.0,1154.0,1158.4,1195.9,1231.0,1097.1466666666668,1293.03,False,False,False,False,False,False,True,True,False,True,False,-0.0190641247833622,0.0381282495667244,,,-0.0667244367417677,0.0492663200462159,-0.0034662045060658,-0.3648180242634315,0.0023576307026713,-0.2725144242829668,1013.0,1013.0,1.0144717800289436,0.0019171405361493,-0.0011105974505676,0.0003720535453357
2002-06-21,1142.0,1200.0,1142.0,1157.0,74400.0,1157.0,1149.2,1190.2,1231.68,1099.3066666666666,1289.065,False,False,False,False,False,False,True,True,False,True,False,0.0051858254105445,0.0406222990492653,,,-0.0645462402765774,0.0498645923365024,-0.0233362143474503,-0.3275713050993949,0.0019648748301958,-0.2797008906066208,1024.0,985.0,1.0613409415121255,0.0005520914523253,-0.001365049083824,-0.0003927558724754
2002-06-24,1147.0,1156.0,1135.0,1150.0,55700.0,1150.0,1148.2,1181.3,1230.32,1101.3733333333332,1285.24,False,False,False,False,False,False,False,True,False,True,False,0.037391304347826,0.0617391304347826,,,-0.0698434782608695,0.0422840579710145,-0.0434782608695652,-0.3617391304347826,0.0018764451654297,-0.2882417675442309,1053.0,1008.0,0.7486559139784946,-0.0011054034722674,-0.0016574949245928,-8.842966476609797e-05
2002-06-25,1156.0,1188.0,1142.0,1152.0,46300.0,1152.0,1149.6,1171.5,1227.2,1103.0,1281.97,False,False,False,False,False,False,False,True,False,True,False,0.0243055555555555,0.0885416666666666,,,-0.0652777777777778,0.0425347222222222,-0.0086805555555555,-0.3880208333333333,0.001474765790269,-0.300640204865557,1060.0,988.0,0.8312387791741472,-0.0025423728813558,-0.0014369694090883,-0.0004016793751607
2002-06-26,1152.0,1174.0,1145.0,1150.0,56000.0,1150.0,1152.6,1162.1,1224.36,1104.3333333333333,1278.82,False,False,False,False,False,False,False,True,False,False,False,0.06,0.0782608695652174,,,-0.0646608695652173,0.0397101449275363,-0.0278260869565217,-0.3478260869565217,0.0012073649260488,-0.3097840117029515,1077.0,980.0,1.2095032397408207,-0.0023195792087295,0.0002227936726262,-0.0002674008642202
2002-06-27,1140.0,1150.0,1115.0,1132.0,32900.0,1132.0,1148.2,1153.3,1220.16,1105.6666666666667,1275.53,False,False,False,False,False,False,False,True,False,True,False,0.058303886925795,0.0618374558303886,,,-0.0778798586572439,0.0232626619552413,-0.0273851590106007,-0.3348056537102473,0.0012059089538741,-0.3183907049336685,1083.0,975.0,0.5875,-0.0034421715184892,-0.0011225923097596,-1.4559721747101249e-06
2002-06-28,1150.0,1167.0,1146.0,1163.0,71800.0,1163.0,1149.4,1149.3,1215.6,1105.506666666667,1272.58,False,False,False,False,False,False,False,False,False,True,False,0.0352536543422184,0.0326741186586414,,,-0.0452278589853825,0.0494353683003724,-0.054170249355116,-0.3568357695614789,-0.0001447300182117,-0.3284608022274428,1082.0,959.0,2.182370820668693,-0.0037512339585391,-0.0003090624400499,-0.0013506389720858
2002-07-01,1185.0,1193.0,1168.0,1193.0,27400.0,1193.0,1158.0,1153.1,1211.0,1106.9333333333334,1269.795,False,False,False,False,False,False,False,True,False,True,True,0.0234702430846605,-0.0108968985750209,,,-0.0150880134115674,0.072143056719754,-0.1031014249790444,-0.3847443419949706,0.0012888460611899,-0.3444627525800017,1071.0,965.0,0.3816155988857939,-0.0037985136251031,-4.7279666564009615e-05,0.0014335760794016
2002-07-02,1193.0,1193.0,1151.0,1180.0,33000.0,1180.0,1163.6,1156.6,1206.44,1109.2266666666667,1266.995,False,False,False,False,False,False,False,True,False,False,False,0.0627118644067796,-0.0254237288135593,,,-0.0224067796610169,0.0599774011299434,-0.1322033898305084,-0.3720338983050847,0.0020675064910087,-0.356908179145772,1070.0,982.0,1.2043795620437956,-0.0037797155266734,1.879809842967196e-05,0.0007786604298187
2002-07-03,1175.0,1223.0,1175.0,1219.0,44300.0,1219.0,1177.4,1165.0,1204.0,1112.3466666666666,1264.365,False,False,False,False,True,False,False,True,False,False,False,0.0172272354388843,-0.0566037735849056,,,0.0123051681706316,0.0874924801750069,-0.1509433962264151,-0.3863822805578343,0.0028048809723586,-0.3627467811158798,1060.0,997.0,1.3424242424242423,-0.0020265780730897,0.0017531374535837,0.0007373744813499
2002-07-04,1200.0,1216.0,1171.0,1198.0,53700.0,1198.0,1190.6,1169.4,1199.72,1114.3066666666666,1261.775,False,False,False,False,False,False,False,True,False,True,False,0.003338898163606,-0.031719532554257,,,-0.0014357262103506,0.0698608792431831,-0.1193656093489148,-0.3989983305509182,0.0017589412848647,-0.366256199760561,1060.0,1007.0,1.2121896162528216,-0.0035674990831193,-0.0015409210100296,-0.0010459396874938
2002-07-05,1165.0,1204.0,1165.0,1204.0,29000.0,1204.0,1198.8,1174.1,1196.04,1116.12,1259.35,False,False,False,False,False,False,False,True,False,False,False,-0.0024916943521594,-0.037375415282392,,,0.0066112956810631,0.0729900332225914,-0.0880398671096345,-0.4186046511627907,0.0016246759607688,-0.3754365045566817,1060.0,983.0,0.5400372439478585,-0.0030768201732384,0.0004906789098809,-0.0001342653240959
2002-07-08,1248.0,1248.0,1221.0,1221.0,49500.0,1221.0,1204.4,1181.2,1193.28,1118.08,1257.035,False,False,False,False,False,False,False,True,False,False,False,-0.0335790335790335,-0.0573300573300573,,,0.0227027027027027,0.0842915642915643,-0.1785421785421785,-0.4266994266994267,0.0017530051516886,-0.3820690822891974,1042.0,1033.0,1.706896551724138,-0.0023129525341914,0.0007638676390469,0.0001283291909198
2002-07-09,1205.0,1254.0,1195.0,1254.0,70600.0,1254.0,1219.2,1191.4,1192.92,1120.506666666667,1255.23,False,False,False,False,False,False,False,True,False,False,False,-0.0829346092503987,-0.1068580542264752,,,0.0487081339712918,0.1064540138224347,-0.1881977671451355,-0.4019138755980861,0.0021656869511414,-0.3835823401040793,1051.0,1021.0,1.4262626262626263,-0.0003017805049792,0.0020111720292121,0.0004126817994527
2002-07-10,1240.0,1249.0,1230.0,1240.0,53200.0,1240.0,1223.4,1200.4,1192.08,1123.1866666666667,1253.13,False,False,False,False,False,False,False,True,False,True,False,-0.0725806451612903,-0.0346774193548387,,,0.0386451612903226,0.0942043010752687,-0.1975806451612903,-0.4217741935483871,0.0023860682106861,-0.3909530156614462,1042.0,982.0,0.7535410764872521,-0.0007046506945843,-0.000402870189605,0.0002203812595447
2002-07-11,1190.0,1227.0,1180.0,1202.0,35000.0,1202.0,1224.2,1207.4,1190.96,1125.7066666666667,1250.59,False,False,False,False,False,False,False,True,False,True,False,-0.0349417637271214,-0.043261231281198,,,0.0091846921797004,0.0634719911259012,-0.1564059900166389,-0.4259567387687188,0.0022385938314303,-0.399701838661587,1095.0,995.0,0.6578947368421053,-0.0009404178142002,-0.0002357671196158,-0.0001474743792558
2002-07-12,1208.0,1226.0,1201.0,1201.0,32100.0,1201.0,1223.6,1211.2,1190.44,1128.5866666666666,1248.365,False,False,False,False,False,False,False,True,False,False,False,-0.0349708576186511,-0.0591174021648626,,,0.0087926727726893,0.0602941992783791,-0.1590341382181515,-0.3905079100749375,0.0025518642786256,-0.4029062087186261,1140.0,1005.0,0.9171428571428571,-0.0004368132791236,0.0005036045350765,0.0003132704471953
2002-07-15,1189.0,1201.0,1161.0,1180.0,54300.0,1180.0,1215.4,1209.9,1188.08,1130.88,1246.03,False,False,False,False,False,True,False,True,False,True,False,-0.0245762711864406,-0.0677966101694915,,,-0.0068474576271185,0.0416271186440677,-0.1525423728813559,-0.3957627118644067,0.002027919260517,-0.4040003306058352,1184.0,1015.0,1.691588785046729,-0.001986398222342,-0.0015495849432183,-0.0005239450181086
2002-07-16,1150.0,1195.0,1150.0,1150.0,50000.0,1150.0,1194.6,1206.9,1184.08,1133.04,1243.43,False,False,False,False,False,False,False,True,False,True,False,-0.0260869565217391,-0.0069565217391304,,,-0.0296347826086955,0.0147478260869565,-0.1260869565217391,-0.4,0.0019063757678456,-0.4067445521584224,1230.0,1015.0,0.9208103130755064,-0.0033781501249915,-0.0013917519026495,-0.0001215434926713
2002-07-17,1150.0,1156.0,1141.0,1150.0,41600.0,1150.0,1176.6,1200.0,1180.32,1135.3066666666666,1240.855,False,False,False,False,False,False,False,True,False,False,False,0.0408695652173913,-0.0278260869565217,,,-0.0263652173913042,0.0127768115942029,-0.1391304347826087,-0.3739130434782609,0.0019965236999107,-0.4056666666666666,1221.0,1000.0,0.832,-0.0031855767927341,0.0001925733322573,9.014793206506364e-05
2002-07-18,1172.0,1172.0,1153.0,1160.0,37600.0,1160.0,1168.2,1196.2,1177.92,1137.7733333333333,1238.405,False,False,False,False,False,False,False,True,False,False,False,-0.0086206896551724,-0.0508620689655172,,,-0.015448275862069,0.0191609195402299,-0.1068965517241379,-0.3793103448275862,0.002167977218661,-0.4037786323357298,1237.0,1013.0,0.903846153846154,-0.0020374898125508,0.0011480869801833,0.0001714535187503
2002-07-19,1170.0,1170.0,1109.0,1159.0,55300.0,1159.0,1159.8,1191.7,1176.16,1140.44,1235.77,False,False,False,False,False,False,False,True,False,False,False,-0.0250215703192407,-0.0509059534081104,,,-0.0148058671268335,0.016013805004314,-0.1371872303710095,-0.3779119930974978,0.0023382787929805,-0.3997650415372997,1277.0,1024.0,1.4707446808510638,-0.0014963950482927,0.000541094764258,0.0001703015743195
2002-07-22,1100.0,1153.0,1100.0,1151.0,42600.0,1151.0,1154.0,1184.7,1176.0,1142.92,1233.245,False,False,False,False,False,False,False,True,False,False,False,-0.0443092962641181,-0.0703735881841876,,,-0.0217202432667245,0.0070199826238053,-0.1198957428323197,-0.3744569939183318,0.0021698806565639,-0.3945302608255255,1308.0,1053.0,0.7703435804701627,-0.0001360544217687,0.0013603406265239,-0.0001683981364166
2002-07-23,1151.0,1151.0,1103.0,1120.0,64900.0,1120.0,1148.0,1171.3,1175.0,1144.76,1230.495,False,False,False,False,False,False,False,True,False,True,False,0.0196428571428571,-0.0857142857142857,,,-0.0491071428571428,-0.0221071428571428,-0.1,-0.3714285714285714,0.0016073238058631,-0.3915307777682916,1294.0,1060.0,1.5234741784037558,-0.0008510638297872,-0.0007150094080184,-0.0005625568507007
2002-07-24,1120.0,1197.0,1120.0,1197.0,89000.0,1197.0,1157.4,1167.0,1177.48,1147.4266666666667,1228.32,False,False,False,True,True,False,True,True,True,False,False,-0.0659983291562238,-0.1353383458646616,,,0.0163074352548036,0.0414146477304371,-0.1662489557226399,-0.3943191311612364,0.0023240410425648,-0.3886032562125107,1280.0,1077.0,1.3713405238828968,0.0021061928865033,0.0029572567162906,0.0007167172367017
2002-07-25,1209.0,1209.0,1150.0,1150.0,62000.0,1150.0,1155.4,1161.8,1177.32,1149.3333333333333,1225.675,False,False,False,False,False,False,False,True,False,True,False,-0.0426086956521739,-0.0826086956521739,,,-0.0237565217391303,0.0005797101449276,-0.16,-0.3739130434782609,0.001658932714617,-0.3832845584437941,1305.0,1083.0,0.6966292134831461,-0.0001359018788435,-0.0022420947653469,-0.0006651083279478
2002-07-26,1150.0,1159.0,1119.0,1130.0,60600.0,1130.0,1149.6,1154.7,1176.24,1151.2933333333333,1222.945,False,False,False,False,False,False,False,True,False,True,False,-0.0265486725663716,-0.0283185840707964,,,-0.0409203539823008,-0.0188436578171091,-0.1398230088495575,-0.3778761061946902,0.0017024332055543,-0.3820039837187148,1296.0,1082.0,0.9774193548387096,-0.0009181799632727,-0.0007822780844291,4.3500490937319145e-05
2002-07-29,1170.0,1170.0,1100.0,1100.0,35100.0,1100.0,1139.4,1146.7,1174.24,1152.1866666666667,1219.97,False,False,False,False,False,False,False,True,False,True,False,-0.0272727272727272,-0.0881818181818181,,,-0.0674909090909091,-0.0474424242424242,-0.1018181818181818,-0.3681818181818181,0.0007753373295994,-0.3792622307491062,1290.0,1071.0,0.5792079207920792,-0.001703229322796,-0.0007850493595232,-0.0009270958759549
2002-07-30,1150.0,1159.0,1125.0,1142.0,34900.0,1142.0,1143.8,1145.9,1173.84,1153.8,1217.005,False,False,False,False,False,False,False,True,False,False,False,-0.1033274956217162,-0.1085814360770578,,,-0.0278809106830121,-0.0103327495621715,-0.1549912434325744,-0.393169877408056,0.0013982781533482,-0.3785670651889345,1263.0,1070.0,0.9943019943019944,-0.0003407619437062,0.0013624673790898,0.0006229408237488
2002-07-31,1118.0,1144.0,1116.0,1118.0,41900.0,1118.0,1128.0,1142.7,1172.56,1155.6133333333332,1213.975,False,False,False,False,False,False,False,True,False,True,False,-0.0742397137745975,-0.1100178890876565,,,-0.0488014311270124,-0.033643410852713,-0.1511627906976744,-0.387298747763864,0.0015691523116151,-0.3798897348385403,1261.0,1060.0,1.2005730659025788,-0.0010916285733778,-0.0007508666296716,0.0001708741582668
2002-08-01,1103.0,1110.0,1100.0,1101.0,34600.0,1101.0,1118.2,1136.8,1171.32,1157.0266666666666,1210.965,False,False,False,False,False,False,False,True,False,False,False,-0.0417801998183469,-0.0790190735694822,,,-0.0638692098092642,-0.0508870723584619,-0.1462306993642143,-0.366030881017257,0.0012215218318218,-0.378606615059817,1230.0,1060.0,0.8257756563245824,-0.0010586347027285,3.2993870649331535e-05,-0.0003476304797932
2002-08-02,1100.0,1119.0,1100.0,1100.0,23400.0,1100.0,1112.2,1130.9,1168.8,1158.2933333333333,1207.965,False,False,False,False,False,False,False,True,False,True,False,-0.0018181818181818,-0.0818181818181818,,,-0.0625454545454545,-0.0529939393939393,-0.1672727272727272,-0.3545454545454545,0.0010935629431807,-0.3763374303651959,1214.0,1060.0,0.6763005780346821,-0.0021560574948665,-0.0010974227921379,-0.0001279588886411
2002-08-05,1060.0,1079.0,1060.0,1070.0,19900.0,1070.0,1106.2,1122.8,1163.88,1159.0266666666666,1204.67,False,False,False,False,False,False,False,True,False,True,False,-0.0626168224299065,-0.0654205607476635,,,-0.0877383177570094,-0.0832024922118379,-0.116822429906542,-0.3186915887850467,0.0006327148066768,-0.3710366939793373,1239.0,1042.0,0.8504273504273504,-0.0042272399216412,-0.0020711824267747,-0.0004608481365038
2002-08-06,1009.0,1029.0,1001.0,1024.0,52200.0,1024.0,1082.6,1113.2,1157.64,1159.1466666666668,1201.165,False,False,True,False,False,False,False,True,False,True,False,-0.005859375,-0.0185546875,,,-0.1305078125000001,-0.1319791666666667,-0.08203125,-0.2666015625,0.0001035244317659,-0.3613905856988861,1250.0,1051.0,2.623115577889448,-0.0053902767699803,-0.001163036848339,-0.0005291903749108
2002-08-07,1043.0,1053.0,1030.0,1035.0,35900.0,1035.0,1066.0,1097.0,1150.28,1159.6133333333332,1197.84,False,False,False,False,False,False,False,True,False,True,False,-0.038647342995169,-0.0434782608695652,,,-0.1113816425120772,-0.1203993558776166,-0.0946859903381642,-0.2550724637681159,0.0004024329949061,-0.3477666362807657,1244.0,1042.0,0.6877394636015326,-0.0063984421184408,-0.0010081653484605,0.0002989085631401
2002-08-08,1055.0,1062.0,1041.0,1055.0,25500.0,1055.0,1056.8,1087.5,1144.56,1160.1733333333334,1194.49,False,False,False,False,False,False,False,True,False,False,False,-0.0388625592417061,-0.0180094786729857,,,-0.0848909952606634,-0.0996903633491311,-0.1184834123222748,-0.2682464454976303,0.0004826864951215,-0.337287356321839,1220.0,1095.0,0.7103064066852368,-0.0049975536450688,0.0014008884733719,8.025350021538937e-05
2002-08-09,1095.0,1120.0,1075.0,1098.0,46000.0,1098.0,1056.4,1084.3,1140.32,1161.16,1191.48,False,False,False,False,False,False,False,True,False,False,False,-0.0801457194899817,-0.0892531876138433,,,-0.038542805100182,-0.0575227686703097,-0.1602914389799635,-0.2741347905282331,0.000849724987656,-0.3266623628147191,1203.0,1140.0,1.803921568627451,-0.0037182545250456,0.0012792991200232,0.0003670384925344
2002-08-12,1051.0,1052.0,1003.0,1003.0,55800.0,1003.0,1043.0,1074.6,1131.6,1160.493333333333,1188.23,False,False,False,False,False,False,False,False,False,True,False,-0.0029910269192422,0.0099700897308075,,,-0.1282153539381853,-0.1570222665337319,-0.0677966101694915,-0.1814556331006979,-0.0005744683295612,-0.308859110366648,1155.0,1184.0,1.2130434782608697,-0.007705903145988,-0.0039876486209423,-0.0014241933172172
2002-08-13,1011.0,1026.0,1010.0,1018.0,33600.0,1018.0,1041.8,1062.2,1122.16,1159.9333333333334,1185.07,False,False,False,False,False,False,False,False,False,True,False,-0.0127701375245579,-0.0098231827111984,,,-0.1023182711198429,-0.1394237066142764,-0.1080550098231827,-0.1984282907662082,-0.0004827863670323,-0.2892110713613255,1145.0,1230.0,0.6021505376344086,-0.0084123476153131,-0.0007064444693251,9.168196252890764e-05
2002-08-14,1010.0,1010.0,995.0,995.0,156600.0,995.0,1033.8,1049.9,1112.36,1158.84,1181.92,False,False,False,False,False,False,False,False,False,True,False,-0.0050251256281407,0.0030150753768844,,,-0.1179497487437185,-0.1646633165829145,-0.0763819095477387,-0.1939698492462311,-0.0009434722078401,-0.2697399752357368,1135.0,1221.0,4.660714285714286,-0.0088100974504658,-0.0003977498351526,-0.0004606858408078
2002-08-15,1005.0,1029.0,1005.0,1014.0,38100.0,1014.0,1025.6,1041.2,1104.84,1157.92,1178.865,False,False,False,False,False,False,False,False,False,False,False,0.0216962524654832,-0.0473372781065088,,,-0.0895857988165679,-0.1419329388560158,-0.0976331360946745,-0.2061143984220907,-0.0007945281193863,-0.2533615059546677,1154.0,1237.0,0.2432950191570881,-0.0068064154085659,0.0020036820418999,0.0001489440884537
2002-08-16,1034.0,1034.0,1002.0,1010.0,20600.0,1010.0,1008.0,1032.2,1097.2,1156.96,1175.62,False,False,False,False,False,False,False,False,False,True,False,-0.0099009900990099,-0.0376237623762376,,,-0.0863366336633663,-0.1455049504950495,-0.1039603960396039,-0.2168316831683168,-0.0008297607523164,-0.2390040689788801,1157.0,1277.0,0.5406824146981627,-0.0069631790010935,-0.0001567635925276,-3.523263293009435e-05
2002-08-19,1003.0,1010.0,994.0,1000.0,42300.0,1000.0,1007.4,1025.2,1090.0,1156.013333333333,1172.34,False,False,False,False,False,False,False,False,False,False,False,0.013,-0.012,,,-0.09,-0.1560133333333331,-0.101,-0.204,-0.0008189063563283,-0.2272727272727272,1150.0,1308.0,2.0533980582524274,-0.006605504587156,0.0003576744139375,1.0854395988138032e-05
2002-08-20,1000.0,1005.0,993.0,1005.0,29200.0,1005.0,1004.8,1023.3,1084.2,1155.1466666666668,1169.035,False,False,False,False,False,False,False,False,False,False,False,0.0029850746268656,-0.0398009950248756,,,-0.0788059701492537,-0.1493996683250415,-0.0845771144278607,-0.1930348258706467,-0.0007502654785536,-0.2199745920062542,1152.0,1294.0,0.6903073286052009,-0.0053495665006455,0.0012559380865104,6.86408777746478e-05
2002-08-21,990.0,997.0,988.0,990.0,28700.0,990.0,1003.8,1018.8,1077.8,1154.2133333333334,1165.855,False,False,False,False,False,False,False,False,False,True,False,0.008080808080808,-0.0414141414141414,,,-0.0886868686868686,-0.1658720538720539,-0.0686868686868686,-0.1595959595959596,-0.0008086315643555,-0.2105418138987043,1150.0,1280.0,0.9828767123287672,-0.0059380218964558,-0.0005884553958102,-5.836608580191203e-05
2002-08-22,990.0,1036.0,981.0,1036.0,56300.0,1036.0,1008.2,1016.9,1072.84,1153.8933333333334,1163.22,False,False,False,False,False,False,False,False,False,False,False,-0.0675675675675675,-0.0926640926640926,,,-0.0355598455598454,-0.1137966537966539,-0.1187258687258687,-0.1978764478764478,-0.000277321993945,-0.2032648244665158,1132.0,1305.0,1.961672473867596,-0.004623242981246,0.0013147789152097,0.0005313095704104
2002-08-23,1039.0,1045.0,995.0,1000.0,54600.0,1000.0,1006.2,1007.1,1066.48,1153.0933333333332,1160.52,False,False,False,False,False,False,False,False,False,True,False,-0.028,-0.084,,,-0.06648,-0.1530933333333332,-0.109,-0.182,-0.0006937859901483,-0.1934266706384669,1163.0,1296.0,0.9698046181172292,-0.0059635436201334,-0.0013403006388873,-0.0004164639962033
2002-08-26,1000.0,1025.0,999.0,1013.0,56300.0,1013.0,1008.8,1008.1,1060.96,1152.7066666666667,1157.94,False,False,False,False,False,False,False,False,False,False,False,-0.0246791707798617,-0.067127344521224,,,-0.0473445212240869,-0.1379137874300757,-0.1184600197433366,-0.2122408687068114,-0.000335442379096,-0.1965082829084416,1193.0,1290.0,1.031135531135531,-0.0052028351681495,0.0007607084519838,0.0003583436110523
2002-08-27,1010.0,1011.0,984.0,1008.0,45100.0,1008.0,1009.4,1007.1,1056.48,1152.1333333333334,1155.38,False,False,False,False,False,False,False,False,False,False,False,-0.0426587301587301,-0.0674603174603174,,,-0.0480952380952381,-0.142989417989418,-0.1448412698412698,-0.1884920634920635,-0.0004976275893993,-0.1955118657531526,1180.0,1263.0,0.8010657193605684,-0.0042404967439043,0.0009623384242452,-0.0001621852103032
2002-08-28,1000.0,1000.0,980.0,998.0,41600.0,998.0,1011.0,1007.4,1048.52,1151.5466666666666,1152.77,False,False,False,False,False,False,False,False,False,True,False,-0.0490981963927855,-0.0611222444889779,,,-0.0506212424849699,-0.1538543754175016,-0.2364729458917835,-0.1843687374749499,-0.0005094597411019,-0.1945602541195155,1219.0,1261.0,0.9223946784922394,-0.0075916529966047,-0.0033511562527004,-1.183215170263432e-05
2002-08-29,978.0,980.0,962.0,966.0,49700.0,966.0,997.0,1002.6,1041.16,1149.8266666666666,1150.1,False,False,False,False,False,False,False,False,False,False,False,-0.0269151138716356,-0.0372670807453416,,,-0.0778053830227744,-0.1902967563837128,-0.2412008281573499,-0.1645962732919254,-0.0014958776395283,-0.1905046878116896,1198.0,1230.0,1.1947115384615383,-0.007069038380268,0.0005226146163367,-0.0009864178984263
2002-08-30,986.0,986.0,968.0,972.0,49800.0,972.0,991.4,998.8,1034.84,1147.5866666666666,1147.5,False,False,False,False,False,False,False,False,False,False,False,-0.0576131687242798,-0.051440329218107,,,-0.0646502057613167,-0.1806447187928668,-0.1995884773662551,-0.1563786008230452,-0.0019519222949029,-0.1845214257108529,1204.0,1214.0,1.0020120724346075,-0.0061072243052067,0.0009618140750613,-0.0004560446553746
2002-09-02,986.0,997.0,972.0,988.0,59800.0,988.0,986.4,997.6,1030.36,1144.9733333333334,1145.095,False,False,False,False,False,False,False,False,False,False,False,-0.0435222672064777,-0.0536437246963562,,,-0.0428744939271254,-0.1588798920377868,-0.2570850202429149,-0.1862348178137652,-0.0022824403479556,-0.182738572574178,1221.0,1239.0,1.2008032128514057,-0.0043479948755774,0.0017592294296292,-0.0003305180530526
2002-09-03,980.0,990.0,955.0,965.0,96400.0,965.0,977.8,993.6,1023.28,1141.44,1142.88,False,False,False,False,False,False,False,False,False,True,False,-0.0259067357512953,-0.0590673575129533,,,-0.0603937823834196,-0.182839378238342,-0.2694300518134715,-0.1709844559585492,-0.0030955050929819,-0.1805555555555555,1254.0,1250.0,1.6120401337792645,-0.0069189273708075,-0.00257093249523,-0.0008130647450263
2002-09-04,950.0,957.0,930.0,949.0,50100.0,949.0,968.0,989.5,1016.52,1137.8133333333333,1140.875,False,False,False,False,False,False,False,False,False,False,False,-0.0126448893572181,-0.0316122233930453,,,-0.0711485774499472,-0.1989603090972953,-0.2096944151738672,-0.1296101159114857,-0.0031874003937377,-0.177766548762001,1240.0,1244.0,0.5197095435684648,-0.0066501396922834,0.000268787678524,-9.189530075585712e-05
2002-09-05,959.0,961.0,939.0,940.0,63600.0,940.0,962.8,979.9,1010.08,1133.8533333333332,1138.825,False,False,False,False,False,False,False,False,False,False,False,-0.0106382978723404,-0.026595744680851,,,-0.0745531914893617,-0.2062269503546098,-0.1989361702127659,-0.1063829787234042,-0.0034925151989087,-0.1687927339524441,1202.0,1220.0,1.2694610778443114,-0.0063757326152383,0.0002744070770451,-0.0003051148051709
2002-09-06,938.0,938.0,916.0,916.0,50600.0,916.0,951.6,971.5,1002.72,1129.04,1136.85,False,False,False,False,False,False,False,False,False,True,False,0.0065502183406113,-0.0120087336244541,,,-0.0946724890829694,-0.2325764192139737,-0.1834061135371179,-0.0982532751091703,-0.0042632088618058,-0.1607822954194545,1201.0,1203.0,0.7955974842767296,-0.0073400351045157,-0.0009643024892773,-0.000770693662897
2002-09-09,917.0,947.0,917.0,945.0,16800.0,945.0,943.0,964.7,997.72,1124.2,1135.085,False,False,False,False,False,False,False,False,False,False,False,-0.0105820105820105,-0.0486772486772486,,,-0.0557883597883598,-0.1896296296296296,-0.2232804232804232,-0.1481481481481481,-0.0043052837573384,-0.154141183787706,1180.0,1155.0,0.3320158102766798,-0.0050114260513971,0.0023286090531185,-4.2074895532630274e-05
2002-09-10,946.0,960.0,940.0,940.0,25300.0,940.0,938.0,957.9,994.36,1119.48,1133.065,False,False,False,False,False,False,False,False,False,False,False,-0.0340425531914893,-0.0212765957446808,,,-0.0578297872340425,-0.190936170212766,-0.2117021276595744,-0.1170212765957446,-0.0042162432557973,-0.1468838083307234,1150.0,1145.0,1.505952380952381,-0.0033790578864797,0.0016323681649174,8.904050154112057e-05
2002-09-11,930.0,949.0,930.0,937.0,15200.0,937.0,935.6,951.8,990.44,1114.9066666666668,1130.6,False,False,False,False,False,False,False,False,False,True,False,-0.0192102454642476,-0.016008537886873,,,-0.0570330843116329,-0.1898683742440413,-0.2017075773745998,-0.1237993596584845,-0.004101987610323,-0.1406808152973313,1150.0,1135.0,0.6007905138339921,-0.0039578369209643,-0.0005787790344846,0.0001142556454742
2002-09-12,920.0,930.0,916.0,930.0,65700.0,930.0,933.6,948.2,985.44,1109.9066666666668,1128.0,False,False,False,False,False,False,False,False,False,True,False,-0.0161290322580645,-0.0182795698924731,,,-0.0596129032258065,-0.1934480286738352,-0.2258064516129032,-0.1129032258064516,-0.0045048832934901,-0.1355199325036912,1160.0,1154.0,4.322368421052632,-0.0050738756291605,-0.0011160387081961,-0.000402895683167
2002-09-13,940.0,940.0,916.0,922.0,81500.0,922.0,934.8,943.2,978.4,1104.92,1125.42,False,False,False,False,False,False,False,False,False,True,False,-0.0184381778741865,-0.0336225596529284,,,-0.06117136659436,-0.1983947939262473,-0.2407809110629067,-0.1399132321041215,-0.0045131472565133,-0.1337998303647159,1159.0,1157.0,1.2404870624048707,-0.0071954210956664,-0.0021215454665058,-8.263963023160022e-06
2002-09-17,932.0,935.0,916.0,935.0,103400.0,935.0,932.8,937.9,975.68,1100.1866666666667,1122.795,False,False,False,False,False,False,False,False,False,False,False,-0.0385026737967914,-0.0449197860962566,,,-0.0435080213903742,-0.1766702317290553,-0.2513368983957219,-0.1497326203208556,-0.0043023002157209,-0.1298645911077939,1151.0,1150.0,1.2687116564417178,-0.0027877992784519,0.0044076218172144,0.0002108470407923
2002-09-18,916.0,920.0,907.0,908.0,68100.0,908.0,926.4,932.2,971.28,1095.4533333333334,1119.835,False,False,False,False,False,False,False,False,False,True,False,0.013215859030837,-0.0506607929515418,,,-0.0696916299559471,-0.2064464023494861,-0.1740088105726872,-0.0969162995594713,-0.004320889981621,-0.1223986269040978,1120.0,1152.0,0.6586073500967118,-0.0045301046042335,-0.0017423053257815,-1.8589765900034645e-05
2002-09-19,919.0,940.0,906.0,919.0,67800.0,919.0,922.8,929.2,968.24,1090.8933333333334,1116.93,False,False,False,False,False,False,False,False,False,False,False,0.0032644178454842,-0.1708378672470076,,,-0.0535799782372143,-0.1870438882843671,-0.2198041349292709,-0.0979325353645266,-0.0041800603786498,-0.1192423590185106,1197.0,1150.0,0.9955947136563876,-0.0031397174254316,0.0013903871788018,0.0001408296029711
2002-09-20,909.0,929.0,902.0,915.0,59300.0,915.0,919.8,926.7,964.28,1086.6933333333334,1114.12,False,False,False,False,False,False,False,False,False,True,False,-0.0021857923497267,-0.1989071038251366,,,-0.0538579234972677,-0.1876429872495446,-0.2459016393442623,-0.1005464480874317,-0.0038649358297956,-0.1187007661594906,1150.0,1132.0,0.8746312684365781,-0.0041066910026133,-0.0009669735771817,0.0003151245488542
2002-09-24,918.0,918.0,888.0,905.0,52400.0,905.0,916.4,925.6,960.08,1082.5733333333333,1111.405,False,False,False,False,False,False,False,False,False,True,False,-0.0154696132596685,-0.1403314917127071,,,-0.0608618784530387,-0.1962136279926334,-0.1911602209944751,-0.087292817679558,-0.0038057468008326,-0.1176534140017285,1130.0,1163.0,0.8836424957841484,-0.004374635447046,-0.0002679444444326,5.918902896293607e-05
2002-09-25,890.0,908.0,890.0,899.0,22600.0,899.0,909.2,921.0,956.04,1078.04,1108.65,False,False,False,False,False,False,False,False,False,False,False,-0.0066740823136818,-0.1835372636262514,,,-0.0634482758620689,-0.1991546162402669,-0.2068965517241379,-0.0545050055617352,-0.0042051624553201,-0.1083604777415851,1100.0,1193.0,0.4312977099236641,-0.0042257646123593,0.0001488708346866,-0.0003994156544874
2002-09-26,899.0,921.0,894.0,920.0,58700.0,920.0,911.6,919.0,952.64,1073.64,1106.35,False,False,False,False,False,False,False,False,False,False,False,-0.0630434782608695,-0.233695652173913,,,-0.0354782608695652,-0.1670000000000001,-0.25,-0.0565217391304347,-0.0040982079654259,-0.1022850924918389,1142.0,1180.0,2.5973451327433628,-0.003569029224051,0.0006567353883083,0.0001069544898942
2002-09-27,925.0,925.0,908.0,922.0,58200.0,922.0,912.2,917.5,949.92,1069.3466666666666,1103.615,False,False,False,False,False,False,False,False,False,False,False,-0.1735357917570499,-0.1865509761388286,,,-0.0302819956616051,-0.1598120028922631,-0.2190889370932754,-0.079175704989154,-0.0040149125322628,-0.0977656675749319,1118.0,1219.0,0.9914821124361158,-0.0028633990230756,0.0007056302009753,8.329543316303381e-05
2002-09-30,910.0,918.0,901.0,913.0,27300.0,913.0,911.8,915.8,945.0,1065.253333333333,1100.905,False,False,False,False,False,False,False,False,False,True,False,-0.1971522453450164,-0.1752464403066812,,,-0.0350492880613362,-0.1667615918218325,-0.2113910186199342,-0.0536692223439211,-0.0038425914336497,-0.0918322777899103,1101.0,1198.0,0.4690721649484536,-0.0052063492063491,-0.0023429501832735,0.0001723210986131
2002-10-01,908.0,908.0,882.0,891.0,38900.0,891.0,909.0,912.7,940.64,1061.0933333333332,1097.935,False,False,False,False,False,False,False,False,False,False,False,-0.1268237934904601,-0.1604938271604938,,,-0.055712682379349,-0.1909016086793863,-0.1907968574635241,0.0078563411896745,-0.0039204845316778,-0.0772433439246192,1100.0,1204.0,1.424908424908425,-0.0046351420309576,0.0005712071753915,-7.789309802816056e-05
2002-10-02,885.0,897.0,885.0,893.0,36900.0,893.0,907.8,908.5,935.84,1057.6,1095.15,False,False,False,False,False,False,False,False,False,True,False,-0.1780515117581187,-0.1780515117581187,,,-0.047973124300112,-0.1843225083986561,-0.1937290033594625,-0.0414333706606942,-0.0033030761472516,-0.0662630709961475,1070.0,1221.0,0.948586118251928,-0.0051290818943408,-0.0004939398633832,0.0006174083844262
2002-10-03,904.0,904.0,862.0,862.0,32000.0,862.0,896.2,903.9,930.0,1053.8266666666666,1092.385,False,False,False,False,False,False,False,False,False,True,False,-0.1821345707656612,-0.1403712296983758,,,-0.0788863109048723,-0.222536736272235,-0.1832946635730858,0.0324825986078886,-0.0035806014904411,-0.0537670096249585,1024.0,1254.0,0.8672086720867209,-0.0062795698924731,-0.0011504879981322,-0.0002775253431895
2002-10-04,832.0,832.0,762.0,762.0,276100.0,762.0,864.2,888.2,920.56,1048.8533333333332,1089.445,False,False,False,False,False,False,False,False,False,True,False,-0.0157480314960629,-0.0183727034120734,,,-0.2080839895013122,-0.376447944006999,-0.0485564304461942,0.1194225721784777,-0.0047416861588528,-0.0343391128124296,1035.0,1240.0,8.628125,-0.0102546276179717,-0.0039750577254985,-0.0011610846684116
2002-10-07,750.0,755.0,732.0,733.0,94200.0,733.0,828.2,870.0,911.24,1043.24,1086.445,False,False,False,False,False,False,False,False,False,False,False,0.0272851296043656,-0.0177353342428376,,,-0.2431650750341064,-0.4232469304229195,-0.0177353342428376,0.1500682128240109,-0.0053806730314531,-0.01183908045977,1055.0,1202.0,0.3411807316189786,-0.010227821430139,2.680618783264949e-05,-0.0006389868726003
2002-10-08,733.0,783.0,733.0,778.0,100700.0,778.0,805.6,857.3,903.48,1038.1866666666667,1083.685,False,False,False,False,False,False,False,False,False,False,False,-0.0385604113110539,-0.1002570694087403,,,-0.1612853470437018,-0.3344301628106256,-0.0964010282776349,0.0539845758354755,-0.0048674612144251,0.0020996150705704,1098.0,1201.0,1.0690021231422506,-0.0085890113782264,0.0016388100519126,0.000513211817028
2002-10-09,774.0,774.0,734.0,734.0,63700.0,734.0,773.8,840.8,893.32,1032.64,1080.855,False,False,False,False,False,False,False,False,False,True,False,0.0,-0.0463215258855585,,,-0.2170572207084469,-0.4068664850136241,-0.053133514986376,0.1580381471389645,-0.0053713459353372,0.0217649857278782,1003.0,1180.0,0.6325719960278053,-0.0113733040791653,-0.0027842927009389,-0.0005038847209121
2002-10-10,734.0,739.0,693.0,705.0,128400.0,705.0,742.4,819.3,882.92,1026.68,1078.005,False,False,False,False,False,False,False,False,False,True,False,0.051063829787234,0.0638297872340425,,,-0.2523687943262411,-0.4562836879432625,-0.0170212765957446,0.1971631205673759,-0.0058051194140336,0.0456487245209326,1018.0,1150.0,2.0156985871271584,-0.0117790966338967,-0.0004057925547313,-0.0004337734786964
2002-10-11,734.0,754.0,725.0,750.0,117300.0,750.0,740.0,802.1,874.96,1021.3466666666668,1075.53,False,False,False,False,False,False,False,False,False,False,False,-0.0026666666666666,-0.044,,,-0.1666133333333334,-0.3617955555555557,-0.0866666666666666,0.12,-0.0052218639443348,0.0669492581972321,995.0,1150.0,0.9135514018691588,-0.0090975587455425,0.0026815378883541,0.0005832554696987
2002-10-15,740.0,765.0,740.0,753.0,124200.0,753.0,744.0,786.1,867.48,1016.2933333333332,1073.155,False,False,False,False,False,False,False,False,False,False,False,-0.0438247011952191,-0.0836653386454183,,,-0.1520318725099601,-0.3496591412129258,-0.0730411686586985,0.0889774236387782,-0.0049723177035504,0.083068311919603,1014.0,1160.0,1.0588235294117647,-0.0086226771798773,0.0004748815656651,0.0002495462407844
2002-10-16,765.0,765.0,748.0,748.0,46700.0,748.0,738.0,771.8,860.76,1010.76,1070.395,False,False,False,False,False,False,False,False,False,False,False,-0.0641711229946524,-0.0213903743315508,,,-0.1507486631016042,-0.351283422459893,-0.0508021390374331,0.0922459893048128,-0.0054744284828576,0.0926405804612594,1010.0,1159.0,0.3760064412238325,-0.0078070542311446,0.0008156229487327,-0.0005021107793071
2002-10-17,738.0,750.0,733.0,734.0,34300.0,734.0,738.0,755.9,852.32,1004.64,1067.34,False,False,False,False,False,False,False,False,False,True,False,-0.0463215258855585,-0.0286103542234332,,,-0.1611989100817439,-0.3687193460490463,-0.0068119891008174,0.0899182561307901,-0.0060917343526039,0.1082153724037572,1000.0,1151.0,0.734475374732334,-0.0099023840810962,-0.0020953298499516,-0.0006173058697462
2002-10-18,751.0,761.0,741.0,741.0,77500.0,741.0,745.2,743.8,844.36,998.7866666666666,1064.395,False,False,False,False,False,False,False,False,False,False,False,0.0121457489878542,-0.068825910931174,,,-0.1394871794871795,-0.3478902384165541,0.0134952766531713,0.0863697705802968,-0.0058604440053932,0.1148158107018016,1005.0,1120.0,2.259475218658892,-0.0094272585153252,0.0004751255657709,0.0002312903472106
2002-10-21,751.0,755.0,745.0,748.0,46600.0,748.0,744.8,742.4,836.8,992.5066666666668,1061.535,False,False,False,False,False,False,False,False,False,False,False,-0.0414438502673796,-0.0374331550802139,,,-0.1187165775401069,-0.3268805704099823,0.0307486631016042,0.0975935828877005,-0.0063274134178778,0.1126077586206896,990.0,1197.0,0.6012903225806452,-0.0090344168260038,0.0003928416893213,-0.0004669694124845
2002-10-22,740.0,749.0,705.0,720.0,52400.0,720.0,738.2,741.1,828.4,986.1333333333332,1058.485,False,False,False,False,False,False,False,False,False,True,False,-0.0416666666666666,0.0,,,-0.1505555555555555,-0.3696296296296295,0.0722222222222222,0.1319444444444444,-0.0064629529475394,0.1107812710835245,1036.0,1150.0,1.1244635193133048,-0.0101400289715113,-0.0011056121455074,-0.0001355395296616
2002-10-23,710.0,711.0,690.0,700.0,60800.0,700.0,728.6,733.3,819.52,979.4133333333332,1055.335,False,False,False,False,False,False,False,False,False,True,False,0.0457142857142857,0.03,,,-0.1707428571428571,-0.3991619047619045,0.1385714285714285,0.1785714285714285,-0.0068612502722718,0.1232783308332198,1000.0,1130.0,1.1603053435114503,-0.0108356110894181,-0.0006955821179068,-0.0003982973247324
2002-10-24,710.0,710.0,693.0,700.0,38600.0,700.0,721.8,729.9,810.12,972.4666666666668,1052.21,False,False,False,False,False,False,False,False,False,True,False,0.0185714285714285,0.0285714285714285,,,-0.1573142857142857,-0.3892380952380954,0.1728571428571428,0.1614285714285714,-0.0071433468156574,0.1234415673379915,1013.0,1100.0,0.6348684210526315,-0.0116032192761565,-0.0007676081867384,-0.0002820965433856
2002-10-25,710.0,750.0,691.0,750.0,72200.0,750.0,723.6,734.4,803.8,965.7466666666668,1049.43,False,False,False,False,False,False,False,False,False,False,True,-0.08,-0.0613333333333333,,,-0.0717333333333332,-0.2876622222222224,0.088,0.08,-0.0069583465643164,0.1119281045751634,1008.0,1142.0,1.8704663212435235,-0.0078626524010948,0.0037405668750617,0.000185000251341
2002-10-28,710.0,717.0,695.0,717.0,74400.0,717.0,717.4,731.1,795.72,958.7733333333332,1046.51,False,False,False,False,False,False,False,False,False,True,False,0.00418410041841,0.0111576011157601,,,-0.1097907949790795,-0.3372013017201299,0.1185495118549511,0.105997210599721,-0.0072731823997332,0.1105183969361235,998.0,1118.0,1.0304709141274238,-0.0101543256421856,-0.0022916732410907,-0.0003148358354168
2002-10-29,727.0,727.0,690.0,690.0,88500.0,690.0,711.4,724.8,786.72,951.9466666666668,1043.71,False,False,False,False,False,False,False,False,False,True,False,0.0434782608695652,0.0434782608695652,,,-0.1401739130434783,-0.3796328502415461,0.1666666666666666,0.136231884057971,-0.0071712700991649,0.1152041942604856,966.0,1101.0,1.189516129032258,-0.0114399023794996,-0.001285576737314,0.0001019123005683
2002-10-30,693.0,732.0,693.0,732.0,86500.0,732.0,717.8,723.2,779.8,945.6933333333334,1041.47,False,False,False,False,False,False,False,False,False,False,False,-0.0150273224043715,-0.0396174863387978,,,-0.0653005464480873,-0.2919307832422587,0.0806010928961748,0.064207650273224,-0.0066124325010222,0.11241703539823,972.0,1100.0,0.9774011299435028,-0.0088740702744294,0.0025658321050702,0.0005588375981426
2002-10-31,740.0,740.0,711.0,713.0,22000.0,713.0,720.4,721.1,772.36,939.4666666666668,1039.23,False,False,False,False,False,False,False,False,False,True,False,0.0098176718092566,-0.0252454417952314,,,-0.0832538569424965,-0.3176250584385229,0.1164095371669004,0.1023842917251051,-0.0066278739710473,0.113715157398419,988.0,1070.0,0.2543352601156069,-0.0096328137138121,-0.0007587434393826,-1.5441470025009084e-05
2002-11-01,703.0,714.0,685.0,690.0,48000.0,690.0,708.4,716.0,763.16,933.3333333333334,1037.03,False,False,False,False,False,False,False,False,False,True,False,0.0202898550724637,0.0043478260869565,,,-0.1060289855072463,-0.3526570048309179,0.1753623188405797,0.1260869565217391,-0.0065714285714286,0.1177374301675977,965.0,1024.0,2.1818181818181817,-0.0120551391582368,-0.0024223254444247,5.644539961861903e-05
2002-11-05,704.0,720.0,698.0,720.0,99700.0,720.0,709.0,713.2,755.08,927.6,1034.895,False,False,False,False,False,False,False,False,False,False,False,0.0069444444444444,-0.0486111111111111,,,-0.0487222222222222,-0.2883333333333334,0.1555555555555555,0.0833333333333333,-0.0061808250682765,0.1163768928771733,949.0,1035.0,2.0770833333333334,-0.0107008528897599,0.0013542862684769,0.0003906035031521
2002-11-06,720.0,730.0,715.0,720.0,53700.0,720.0,715.0,713.2,747.36,921.7333333333332,1032.765,False,False,False,False,False,False,False,False,False,False,False,0.0,-0.0305555555555555,,,-0.038,-0.280185185185185,0.1541666666666666,0.0861111111111111,-0.0063648199045278,0.1117498597868759,940.0,1055.0,0.5386158475426279,-0.0103296938557054,0.0003711590340544,-0.0001839948362512
2002-11-07,722.0,734.0,720.0,721.0,52200.0,721.0,712.8,715.3,740.56,915.8933333333332,1030.42,False,False,False,False,False,False,False,False,False,False,True,-0.0249653259361997,-0.015256588072122,,,-0.0271289875173369,-0.2703097549699489,0.1345353675450762,0.0679611650485436,-0.0063762883596343,0.1007968684468055,916.0,1098.0,0.9720670391061452,-0.0091822404666739,0.0011474533890314,-1.1468455106512092e-05
2002-11-08,731.0,731.0,717.0,720.0,71100.0,720.0,714.2,717.3,733.64,910.1466666666666,1028.215,False,False,False,False,False,False,False,False,False,True,False,-0.0347222222222222,0.0125,,,-0.0189444444444444,-0.2640925925925925,0.1083333333333333,0.0819444444444444,-0.0063140006738839,0.0929875923602398,945.0,1003.0,1.362068965517241,-0.0094324191701651,-0.0002501787034911,6.228768575040466e-05
2002-11-11,700.0,720.0,686.0,704.0,71800.0,704.0,717.0,712.7,727.32,904.6,1025.905,False,False,False,False,False,False,False,False,False,False,False,-0.015625,0.0667613636363636,,,-0.033125,-0.2849431818181818,0.1619318181818181,0.0894886363636363,-0.0061316235536885,0.0940086993124736,940.0,1018.0,1.009845288326301,-0.0086894351867127,0.0007429839834523,0.0001823771201954
2002-11-12,700.0,728.0,699.0,725.0,62600.0,725.0,718.0,713.5,725.84,898.3066666666666,1023.765,False,False,False,False,False,False,False,False,False,False,False,-0.0551724137931034,0.0634482758620689,,,-0.0011586206896552,-0.2390436781609194,0.1227586206896551,0.0413793103448275,-0.0070057738263103,0.0874562018220041,937.0,995.0,0.871866295264624,-0.0020390168632205,0.0066504183234922,-0.0008741502726218
2002-11-13,723.0,728.0,717.0,720.0,85000.0,720.0,718.0,716.5,725.32,892.5733333333334,1021.64,False,False,False,False,False,False,False,False,False,False,False,-0.0305555555555555,0.0722222222222222,,,-0.0073888888888889,-0.2396851851851852,0.1208333333333333,0.0013888888888888,-0.0064233751101682,0.0741102581995813,930.0,1014.0,1.3578274760383386,-0.0007169249434732,0.0013220919197473,0.000582398716142
2002-11-14,710.0,720.0,680.0,703.0,67200.0,703.0,714.4,713.6,722.32,886.88,1019.355,False,False,False,False,False,False,False,False,False,True,False,0.0099573257467994,0.1337126600284495,,,-0.0274822190611665,-0.2615647226173542,0.166429587482219,-0.0184921763869132,-0.0064195080882795,0.0660033632286995,922.0,1010.0,0.7905882352941176,-0.0041532838631077,-0.0034363589196345,3.867021888670844e-06
2002-11-15,708.0,708.0,694.0,695.0,71400.0,695.0,709.4,711.8,720.76,881.48,1016.93,False,False,False,False,False,False,False,False,False,False,False,0.0489208633093525,0.1812949640287769,,,-0.0370647482014388,-0.26831654676259,0.1568345323741007,-0.0287769784172661,-0.0061260607160684,0.0531048047204271,935.0,1000.0,1.0625,-0.0021643820411788,0.0019889018219289,0.0002934473722111
2002-11-18,695.0,699.0,691.0,693.0,73800.0,693.0,707.2,712.1,720.28,875.4933333333333,1014.585,False,False,False,False,False,False,False,False,False,False,False,0.0836940836940837,0.1774891774891775,,,-0.0393650793650793,-0.2633381433381433,0.1544011544011544,-0.023088023088023,-0.0068380494045262,0.0386181716051116,908.0,1005.0,1.0336134453781514,-0.0006664075081912,0.0014979745329875,-0.0007119886884578
2002-11-19,691.0,695.0,671.0,685.0,82500.0,685.0,699.2,708.6,717.68,869.72,1012.21,False,False,False,False,False,False,False,False,False,True,False,0.1255474452554744,0.1708029197080292,,,-0.0477080291970802,-0.2696642335766424,0.2058394160583941,0.0014598540145985,-0.0066381517423231,0.0304826418289585,919.0,990.0,1.1178861788617886,-0.0036227845279233,-0.002956377019732,0.000199897662203
2002-11-20,685.0,713.0,685.0,698.0,51500.0,698.0,694.8,706.4,715.48,864.3466666666667,1009.955,False,False,False,False,False,False,False,False,False,False,False,0.1060171919770773,0.153295128939828,,,-0.0250429799426934,-0.2383190066857689,0.2034383954154728,-0.0257879656160458,-0.0062166414710147,0.0192525481313703,915.0,1036.0,0.6242424242424243,-0.003074858836026,0.0005479256918972,0.0004215102713084
2002-11-21,705.0,713.0,699.0,710.0,45900.0,710.0,696.2,705.3,713.96,859.1466666666666,1007.955,False,False,False,False,False,False,False,False,False,False,False,0.1225352112676056,0.1140845070422535,,,-0.0055774647887324,-0.2100657276995305,0.1633802816901408,-0.0633802816901408,-0.0060525172263952,0.0059549128030625,905.0,1000.0,0.8912621359223301,-0.0021289708106896,0.0009458880253364,0.0001641242446194
2002-11-22,722.0,730.0,701.0,729.0,54800.0,729.0,703.0,706.2,713.76,854.6,1006.375,False,False,False,False,True,False,False,False,False,False,False,0.1262002743484225,0.0919067215363511,,,0.0209053497942386,-0.1722908093278464,0.1042524005486968,-0.1179698216735253,-0.0053202277868788,-0.0145851033701501,899.0,1013.0,1.1938997821350763,-0.0002802062317866,0.0018487645789029,0.0007322894395164
2002-11-25,748.0,755.0,737.0,751.0,90800.0,751.0,714.6,710.9,714.16,850.96,1005.055,False,False,False,False,False,False,True,False,False,False,False,0.0865512649800266,0.0798934753661784,,,0.0490545938748335,-0.1331025299600533,0.1051930758988016,-0.1784287616511318,-0.0042775218576666,-0.042200028133352,920.0,1008.0,1.6569343065693432,0.0005600985773495,0.0008403048091362,0.0010427059292121
2002-11-26,761.0,780.0,761.0,771.0,86000.0,771.0,731.8,715.5,715.08,847.44,1003.855,False,False,False,False,False,False,True,False,True,False,False,0.040207522697795,0.0791180285343709,,,0.0725291828793773,-0.0991439688715954,0.0648508430609598,-0.1284046692607003,-0.004153686396677,-0.0599580712788259,922.0,998.0,0.947136563876652,0.0012865693348996,0.0007264707575501,0.0001238354609895
2002-11-27,771.0,789.0,770.0,772.0,103200.0,772.0,746.6,720.7,717.16,843.6666666666666,1002.715,False,False,False,False,False,False,True,False,False,False,False,0.0427461139896373,0.0764248704663212,,,0.0710362694300518,-0.0928324697754749,0.0686528497409326,-0.099740932642487,-0.004472540497827,-0.0703482725128348,913.0,966.0,1.2,0.0029003290757988,0.0016137597408991,-0.00031885410115
2002-11-28,800.0,803.0,790.0,797.0,103200.0,797.0,764.0,730.1,721.04,839.6533333333333,1001.7,False,False,False,False,False,False,True,False,False,False,False,-0.0075282308657465,0.0263488080301129,,,0.0953074027603513,-0.0535173567544959,-0.0050188205771643,-0.1154328732747804,-0.0047797503731698,-0.0802629776742912,891.0,972.0,1.0,0.0053811161655386,0.0024807870897397,-0.0003072098753428
2002-11-29,807.0,828.0,807.0,821.0,87300.0,821.0,782.4,742.7,725.88,837.2266666666667,1000.695,False,False,False,False,False,False,True,False,False,False,False,-0.0304506699147381,-0.028014616321559,,,0.1158587088915956,-0.019764514819326,-0.0316686967113276,-0.1498172959805115,-0.0028984584023441,-0.0927696243436112,893.0,988.0,0.8459302325581395,0.0066677687772083,0.0012866526116697,0.0018812919708256
2002-12-02,821.0,835.0,811.0,816.0,57000.0,816.0,795.4,755.0,728.52,834.5333333333333,999.77,False,False,False,False,False,False,True,False,False,True,False,-0.0061274509803921,0.0024509803921568,,,0.1072058823529411,-0.0227124183006535,0.0049019607843137,-0.1446078431372549,-0.0032273526122384,-0.1047682119205298,862.0,965.0,0.6529209621993127,0.0036237852083676,-0.0030439835688407,-0.0003288942098942
2002-12-03,809.0,816.0,800.0,802.0,55800.0,802.0,801.6,766.7,731.92,831.96,998.66,False,False,False,False,False,False,True,False,False,False,False,0.0374064837905236,0.0149625935162094,,,0.0873815461346634,-0.037356608478803,0.0336658354114713,-0.1197007481296758,-0.0030930974245555,-0.115821051258641,762.0,949.0,0.9789473684210528,0.0046453164280248,0.0010215312196572,0.0001342551876828
2002-12-04,797.0,805.0,794.0,805.0,47600.0,805.0,808.2,777.4,736.52,829.1733333333333,997.585,False,False,False,False,False,False,True,False,False,False,False,0.0322981366459627,0.0024844720496894,,,0.0850683229813664,-0.0300289855072463,0.0223602484472049,-0.1726708074534161,-0.0033607769987779,-0.129791613069205,733.0,940.0,0.8530465949820788,0.0062455873567588,0.0016002709287339,-0.0002676795742224
2002-12-05,785.0,797.0,785.0,791.0,40900.0,791.0,807.0,785.5,738.88,826.2533333333333,996.44,False,False,False,False,False,False,True,False,False,True,False,0.034134007585335,0.0366624525916561,,,0.0658912768647282,-0.0445680573114201,0.0442477876106194,-0.1428571428571428,-0.0035340250770546,-0.1371101209420751,778.0,916.0,0.8592436974789915,0.0031940233867475,-0.0030515639700113,-0.0001732480782766
2002-12-06,785.0,797.0,781.0,796.0,75800.0,796.0,802.0,792.2,742.2,823.5333333333333,995.495,False,False,False,False,False,False,True,False,False,False,False,0.0025125628140703,0.0100502512562814,,,0.0675879396984924,-0.0345896147403684,0.0678391959798995,-0.1206030150753768,-0.0033028414150409,-0.1372128250441808,734.0,945.0,1.8533007334963325,0.0044731878199946,0.0012791644332471,0.0002311836620136
2002-12-09,790.0,812.0,790.0,811.0,37700.0,811.0,801.0,798.2,747.04,820.9466666666667,994.67,False,False,False,False,False,False,True,False,False,False,False,0.0086313193588162,-0.0135635018495684,,,0.078865598027127,-0.0122646937936704,0.0702836004932182,-0.1454993834771886,-0.0031508339965242,-0.1341768980205462,705.0,940.0,0.4973614775725594,0.00647890340544,0.0020057155854453,0.0001520074185166
2002-12-10,821.0,832.0,819.0,832.0,74800.0,832.0,807.0,804.3,751.52,818.84,994.085,False,False,False,False,False,False,True,False,False,True,False,-0.0216346153846153,-0.0072115384615384,,,0.0967307692307692,0.0158173076923076,0.0204326923076923,-0.1586538461538461,-0.0025727451842443,-0.1372622155911973,750.0,937.0,1.9840848806366047,0.0059612518628912,-0.0005176515425487,0.0005780888122798
2002-12-11,831.0,840.0,830.0,831.0,53600.0,831.0,812.2,810.2,755.96,816.1066666666667,993.515,False,False,False,False,False,False,True,False,False,True,False,-0.0288808664259927,0.0108303249097472,,,0.090300842358604,0.0179221821099077,0.03971119133574,-0.1492178098676293,-0.0033492353940661,-0.1420636879782769,753.0,930.0,0.7165775401069518,0.0058733266310387,-8.79252318524799e-05,-0.0007764902098217
2002-12-12,821.0,821.0,802.0,818.0,11400.0,818.0,817.6,812.3,759.84,813.68,992.965,False,False,False,False,False,False,True,False,False,True,False,0.0024449877750611,0.0097799511002444,,,0.0711002444987774,0.005281173594132,0.097799511002445,-0.1601466992665036,-0.0029823353980271,-0.1464975994090853,748.0,922.0,0.2126865671641791,0.0051063381764581,-0.0007669884545805,0.000366899996039
2002-12-13,812.0,828.0,795.0,798.0,77600.0,798.0,818.0,810.0,762.96,810.8133333333334,992.365,False,False,False,False,False,False,True,False,False,True,False,0.0075187969924812,0.0087719298245614,,,0.0439097744360901,-0.0160568086883877,0.0726817042606516,-0.1228070175438596,-0.0035355445560834,-0.1438271604938271,734.0,935.0,6.807017543859649,0.004089336269267,-0.0010170019071911,-0.0005532091580563
2002-12-16,799.0,818.0,797.0,818.0,47100.0,818.0,819.4,810.2,767.52,808.28,991.685,False,False,False,False,False,False,True,False,False,False,False,-0.0220048899755501,0.0146699266503667,,,0.0617114914425428,0.011882640586797,0.0880195599022004,-0.1625916870415648,-0.0031342274129428,-0.1456430510984941,741.0,908.0,0.6069587628865979,0.0059412132582863,0.0018518769890192,0.0004013171431406
2002-12-17,820.0,827.0,810.0,814.0,44900.0,814.0,815.8,811.4,771.08,805.8266666666667,990.895,False,False,False,False,False,False,True,False,False,True,False,0.0147420147420147,0.0085995085995086,,,0.0527272727272726,0.0100409500409499,0.0479115479115479,-0.1941031941031941,-0.0030444926121414,-0.1530687700271135,748.0,919.0,0.9532908704883228,0.004616900970068,-0.0013243122882183,8.973480080133253e-05
2002-12-18,815.0,823.0,801.0,807.0,38900.0,807.0,811.0,811.6,774.56,803.7066666666667,990.13,False,False,False,False,False,False,True,False,False,True,False,0.0408921933085501,0.0223048327137546,,,0.0401982651796778,0.0040809582817017,0.0446096654275092,-0.218091697645601,-0.0026377782939049,-0.1575899457861015,720.0,915.0,0.8663697104677061,0.0044928733732698,-0.0001240275967981,0.0004067143182365
2002-12-19,787.0,820.0,780.0,820.0,31600.0,820.0,811.4,814.5,779.24,801.68,989.255,False,False,False,False,False,False,True,False,False,False,True,0.0073170731707317,-0.0329268292682926,,,0.0497073170731707,0.0223414634146342,0.0,-0.1817073170731707,-0.0025280244819214,-0.1614487415592388,700.0,905.0,0.8123393316195373,0.0060058518556543,0.0015129784823844,0.0001097538119835
2002-12-20,819.0,820.0,804.0,804.0,23600.0,804.0,812.6,815.3,783.6,799.2266666666667,988.3,False,False,False,False,False,False,True,False,False,True,False,0.0012437810945273,-0.0111940298507462,,,0.0253731343283581,0.0059369817578772,0.0572139303482587,-0.1430348258706467,-0.0030696339795134,-0.1636207530970194,700.0,899.0,0.7468354430379747,0.0055640632976008,-0.0004417885580534,-0.000541609497592
2002-12-24,796.0,805.0,777.0,800.0,37500.0,800.0,809.0,814.2,787.88,797.0266666666666,987.15,False,False,False,False,False,False,True,False,False,True,False,0.0375,0.025,,,0.01515,0.0037166666666666,0.055,-0.0975,-0.0027602589624772,-0.1589290100712356,750.0,920.0,1.5889830508474576,0.005432299334924,-0.0001317639626767,0.0003093750170361
2002-12-25,820.0,840.0,811.0,826.0,40300.0,826.0,811.4,813.6,793.52,795.3866666666667,986.03,False,False,False,False,False,False,True,False,False,False,False,-0.0060532687651331,0.0036319612590799,,,0.0393220338983051,0.0370621468926553,0.0169491525423728,-0.1283292978208232,-0.0020618902336808,-0.1558505408062931,717.0,922.0,1.0746666666666669,0.0071075713277547,0.0016752719928307,0.0006983687287963
2002-12-26,820.0,840.0,820.0,840.0,18300.0,840.0,818.0,814.5,799.2,794.0533333333333,985.07,False,True,False,False,False,False,True,False,False,True,False,-0.0178571428571428,-0.0202380952380952,,,0.0485714285714285,0.0546984126984127,-0.0238095238095238,-0.1785714285714285,-0.001679148335964,-0.1588704726826273,690.0,913.0,0.4540942928039702,0.0071071071071071,-4.642206476107927e-07,0.0003827418977168
2002-12-27,840.0,840.0,812.0,826.0,35200.0,826.0,819.2,815.3,803.84,792.8533333333334,983.325,False,False,False,False,False,False,True,False,False,True,False,-0.0399515738498789,0.0,,,0.0268280871670701,0.0401291364003228,-0.0108958837772397,-0.1815980629539951,-0.0015135207856853,-0.1610450141052372,732.0,891.0,1.9234972677595628,0.0057722929936305,-0.0013348141134766,0.0001656275502786
2002-12-30,820.0,820.0,805.0,805.0,12100.0,805.0,819.4,816.0,806.88,790.9866666666667,981.92,False,False,False,False,False,False,True,False,False,True,False,-0.0124223602484472,0.0559006211180124,,,-0.002335403726708,0.017407867494824,-0.0062111801242236,-0.1577639751552795,-0.0023599217854494,-0.1644607843137255,713.0,893.0,0.34375,0.0037675986515962,-0.0020046943420343,-0.000846400999764
2003-01-06,790.0,830.0,789.0,830.0,13500.0,830.0,825.4,817.2,810.04,789.52,981.03,False,False,False,False,False,False,True,False,False,False,False,-0.0120481927710843,0.0457831325301204,,,0.0240481927710843,0.0487710843373494,-0.0301204819277108,-0.1578313253012048,-0.0018576687945418,-0.1639745472344591,690.0,862.0,1.115702479338843,0.0039010419238555,0.0001334432722593,0.0005022529909075
2003-01-07,847.0,847.0,818.0,821.0,9200.0,821.0,824.4,817.9,812.04,787.9733333333334,980.21,False,False,False,False,False,False,True,False,False,True,False,0.0097442143727162,0.0341047503045067,,,0.0109135200974421,0.04022736500203,0.0,-0.1705237515225335,-0.001962841382111,-0.1616334515221908,720.0,762.0,0.6814814814814815,0.0024629328604502,-0.0014381090634053,-0.0001051725875691
2003-01-08,821.0,826.0,807.0,825.0,20700.0,825.0,821.4,819.7,814.16,786.5733333333334,979.08,False,False,False,False,False,False,True,False,False,False,True,-0.0024242424242424,0.0472727272727272,,,0.0131393939393939,0.0465777777777777,-0.0121212121212121,-0.2012121212121212,-0.0017798721882256,-0.1600585580090277,720.0,733.0,2.25,0.002603910779208,0.0001409779187577,0.0001829691938853
2003-01-09,795.0,825.0,781.0,793.0,18700.0,793.0,814.8,817.0,814.0,784.8533333333334,977.705,False,False,False,False,False,False,False,False,False,True,False,0.0416141235813367,0.1324085750315258,,,-0.0264817150063051,0.0102732240437158,0.0403530895334174,-0.1361916771752837,-0.0021914922533297,-0.1555691554467564,721.0,778.0,0.9033816425120772,-0.0001965601965601,-0.0028004709757681,-0.000411620065104
2003-01-10,800.0,807.0,785.0,795.0,27300.0,795.0,812.8,816.1,812.96,782.9866666666667,976.31,False,False,False,False,False,False,False,False,False,True,False,0.0691823899371069,0.0767295597484276,,,-0.0225911949685535,0.015111111111111,0.0226415094339622,-0.1471698113207547,-0.0023840337851645,-0.1559857860556305,720.0,734.0,1.4598930481283423,-0.0012792757331233,-0.0010827155365631,-0.0001925415318347
2003-01-14,819.0,820.0,805.0,820.0,26800.0,820.0,810.8,818.1,813.12,781.8133333333334,975.05,False,False,False,False,False,False,True,False,False,False,True,0.0585365853658536,0.0853658536585365,,,0.008390243902439,0.0465691056910568,-0.0121951219512195,-0.1585365853658536,-0.001500784500989,-0.1619606405084953,704.0,705.0,0.9816849816849816,0.0001967729240456,0.0014760486571689,0.0008832492841754
2003-01-15,830.0,830.0,815.0,829.0,32300.0,829.0,812.4,818.4,814.2,780.6133333333333,974.0,False,False,False,False,False,False,True,False,True,False,False,0.0241254523522316,0.0289505428226779,,,0.0178528347406513,0.0583675110574989,-0.0434258142340168,-0.1652593486127865,-0.0015372527585147,-0.1656891495601173,725.0,750.0,1.205223880597015,0.0013264554163596,0.001129682492314,-3.646825752563342e-05
2003-01-16,819.0,829.0,819.0,823.0,18400.0,823.0,812.0,816.7,814.92,779.3866666666667,973.05,False,False,False,False,False,False,True,False,False,True,False,0.0498177399756986,0.0243013365735115,,,0.0098177399756987,0.0529931146213041,-0.0473876063183475,-0.1676792223572296,-0.0015738871591337,-0.1645647116444227,720.0,753.0,0.5696594427244582,0.0008835223089381,-0.0004429331074214,-3.663440061897464e-05
2003-01-17,817.0,843.0,817.0,826.0,30100.0,826.0,818.6,816.7,816.32,778.3333333333334,972.255,False,False,False,False,False,False,True,False,True,False,False,0.0871670702179176,-0.0072639225181598,,,0.0117191283292977,0.0577078288942695,-0.0569007263922518,-0.1779661016949152,-0.0013533190578157,-0.1641973796987878,703.0,748.0,1.6358695652173914,0.0017150137201098,0.0008314914111716,0.0002205681013179
2003-01-20,822.0,850.0,820.0,850.0,27500.0,850.0,829.6,821.2,818.48,777.68,971.465,False,False,False,False,False,False,True,False,False,False,True,0.0070588235294117,0.0,,,0.0370823529411764,0.0850823529411765,-0.0752941176470588,-0.188235294117647,-0.0008401056132772,-0.1673161227471993,695.0,734.0,0.9136212624584718,0.002639038217183,0.0009240244970731,0.0005132134445385
2003-01-21,850.0,890.0,850.0,868.0,40500.0,868.0,839.2,825.0,820.76,776.9866666666667,970.865,False,False,False,False,False,False,True,False,False,False,False,0.0253456221198156,-0.0276497695852534,,,0.0544239631336405,0.1048540706605222,-0.1048387096774193,-0.1935483870967742,-0.0008923362048253,-0.171030303030303,693.0,741.0,1.4727272727272729,0.0027779131536624,0.0001388749364793,-5.223059154818891e-05
2003-01-22,867.0,867.0,841.0,849.0,34600.0,849.0,843.2,827.8,821.44,776.0133333333333,970.21,False,False,False,False,False,False,True,False,False,True,False,0.0047114252061248,-0.0106007067137809,,,0.0324617196702001,0.0859678052610914,-0.0812720848056537,-0.1484098939929328,-0.0012542739815467,-0.1687605701860352,685.0,748.0,0.854320987654321,0.0008278145695365,-0.0019500985841259,-0.0003619377767213
2003-01-23,848.0,873.0,846.0,864.0,24600.0,864.0,851.4,831.7,822.76,775.36,969.655,False,False,False,False,False,False,True,False,True,False,False,-0.0243055555555555,-0.0509259259259259,,,0.0477314814814814,0.1025925925925925,-0.0949074074074074,-0.1400462962962963,-0.0008426193424129,-0.1625586148851749,698.0,720.0,0.7109826589595376,0.0016043560698137,0.0007765415002772,0.0004116546391337
2003-01-24,880.0,909.0,875.0,898.0,57000.0,898.0,865.8,842.2,825.96,775.4533333333334,969.35,False,False,False,False,False,False,True,True,False,False,False,-0.086859688195991,-0.0902004454342984,,,0.0802227171492204,0.1364662212323681,-0.1425389755011135,-0.1703786191536748,0.0001203597035712,-0.1658750890524816,710.0,700.0,2.317073170731707,0.003874279626132,0.0022699235563183,0.0009629790459842
2003-01-27,891.0,891.0,856.0,856.0,43500.0,856.0,867.0,848.3,828.28,774.96,968.805,False,False,False,False,False,False,True,False,False,True,False,-0.0070093457943925,-0.0654205607476635,,,0.0323831775700934,0.0946728971962616,-0.0899532710280373,-0.0957943925233644,-0.000636591996146,-0.16055640693151,729.0,700.0,0.7631578947368421,0.0028009851740956,-0.0010732944520364,-0.0007569516997173
2003-01-28,846.0,895.0,845.0,890.0,53800.0,890.0,871.4,855.3,831.16,775.3333333333334,968.345,False,False,False,False,False,False,True,True,False,False,False,-0.0516853932584269,-0.095505617977528,,,0.0661123595505618,0.1288389513108613,-0.1382022471910112,-0.1393258426966292,0.000481513327601,-0.1585408628551384,751.0,750.0,1.2367816091954025,0.0034650368160161,0.0006640516419205,0.001118105323747
2003-01-29,880.0,880.0,846.0,853.0,30000.0,853.0,872.2,857.7,832.72,776.5466666666666,967.625,False,False,False,False,False,False,True,True,False,True,False,-0.0152403282532239,-0.0375146541617819,,,0.0237749120750292,0.0896287612348574,-0.1148886283704572,-0.082063305978898,0.0015624731718204,-0.1502856476623529,771.0,717.0,0.5576208178438662,0.0018733788068018,-0.0015916580092142,0.0010809598442194
2003-01-30,843.0,851.0,836.0,843.0,25200.0,843.0,868.0,859.7,834.16,778.0133333333333,966.805,False,False,False,False,False,False,True,True,False,True,False,-0.0272835112692763,-0.033214709371293,,,0.0104863582443653,0.0770897587979438,-0.1447212336892052,-0.0842230130486358,0.0018851433565834,-0.142142607886472,772.0,690.0,0.84,0.0017262875227773,-0.0001470912840245,0.000322670184763
2003-01-31,839.0,840.0,820.0,820.0,33700.0,820.0,852.4,859.1,834.16,778.5733333333334,965.99,False,False,False,False,False,False,False,True,False,True,False,-0.0036585365853658,0.0060975609756097,,,-0.0172682926829267,0.0505203252032519,-0.1585365853658536,-0.0414634146341463,0.0007192642953779,-0.1290885810732161,797.0,732.0,1.3373015873015872,0.0,-0.0017262875227773,-0.0011658790612055
2003-02-03,820.0,850.0,820.0,850.0,45300.0,850.0,851.2,859.1,836.0,780.12,965.075,False,False,False,False,False,False,True,True,True,False,False,-0.0588235294117647,-0.0435294117647058,,,0.0164705882352941,0.0822117647058823,-0.2058823529411764,-0.0764705882352941,0.0019826009673724,-0.1180304970317774,821.0,713.0,1.344213649851632,0.002200956937799,0.002200956937799,0.0012633366719945
2003-02-04,870.0,875.0,843.0,844.0,30900.0,844.0,842.0,856.7,837.76,781.9733333333334,964.19,False,False,False,False,False,False,True,True,False,True,False,-0.0462085308056872,-0.0402843601895734,,,0.0073933649289099,0.0734913112164296,-0.197867298578199,-0.0817535545023696,0.0023700722957304,-0.1068051826777168,816.0,690.0,0.6821192052980133,0.0021008403361344,-0.0001001166016646,0.0003874713283579
2003-02-05,844.0,851.0,837.0,840.0,42700.0,840.0,839.4,855.8,838.32,783.1733333333333,963.48,False,False,False,False,False,False,True,True,False,True,False,-0.0226190476190476,-0.0559523809523809,,,0.0019999999999999,0.0676507936507937,-0.1833333333333333,-0.1511904761904761,0.0015322278593073,-0.1070343538209861,802.0,720.0,1.3818770226537216,0.0006680026720107,-0.0014328376641236,-0.0008378444364231
2003-02-06,841.0,841.0,820.0,820.0,22700.0,820.0,834.8,851.4,837.52,784.0666666666667,962.605,False,False,False,False,False,False,False,True,False,True,False,-0.0060975609756097,-0.0439024390243902,,,-0.0213658536585365,0.043821138211382,-0.1707317073170731,-0.0768292682926829,0.001139358898053,-0.1007751937984495,805.0,720.0,0.531615925058548,-0.0009552010698252,-0.001623203741836,-0.0003928689612543
2003-02-07,826.0,826.0,806.0,817.0,22600.0,817.0,834.2,843.3,837.16,784.9866666666667,961.665,False,False,False,False,False,False,False,True,False,False,False,0.0097919216646266,-0.0465116279069767,,,-0.0246756425948592,0.0391840065279477,-0.1860465116279069,-0.0758873929008567,0.00117199442878,-0.0909522115498635,791.0,721.0,0.9955947136563876,-0.0004300253237135,0.0005251757461117,3.263553072704417e-05
2003-02-10,817.0,817.0,790.0,800.0,27100.0,800.0,824.2,837.7,836.96,785.8666666666667,960.59,False,False,False,False,False,False,False,True,False,False,False,0.01625,-0.0175,,,-0.0462,0.0176666666666666,-0.19625,-0.0675,0.0011197828299966,-0.0882177390473917,796.0,720.0,1.1991150442477876,-0.0002389600458802,0.0001910652778332,-5.221159878345352e-05
2003-02-12,800.0,818.0,800.0,805.0,52900.0,805.0,816.4,829.2,835.96,786.72,959.54,False,False,False,False,False,False,False,True,False,True,False,0.0062111801242236,-0.0347826086956521,,,-0.0384596273291925,0.0227080745341614,-0.2335403726708074,-0.0534161490683229,0.0010846722256118,-0.0793535938253739,811.0,704.0,1.952029520295203,-0.0011962294846643,-0.000957269438784,-3.5110604384753054e-05
2003-02-13,800.0,822.0,800.0,821.0,25100.0,821.0,812.6,826.0,835.96,787.6933333333334,958.645,False,False,False,False,False,False,False,True,False,False,False,-0.0341047503045067,-0.0499390986601705,,,-0.0182216808769793,0.040568412505075,-0.1814859926918392,-0.0560292326431181,0.0012356754743809,-0.0767554479418885,832.0,725.0,0.4744801512287334,0.0,0.0011962294846643,0.000151003248769
2003-02-14,820.0,830.0,812.0,815.0,103400.0,815.0,811.6,823.2,835.56,788.96,957.655,False,False,False,False,False,False,False,True,False,True,False,-0.0380368098159509,-0.0404907975460122,,,-0.0252269938650306,0.0319509202453987,-0.147239263803681,-0.0613496932515337,0.0016054890826742,-0.0744655004859087,831.0,720.0,4.1195219123505975,-0.0004787208578678,-0.0004787208578678,0.0003698136082932
2003-02-17,825.0,838.0,824.0,825.0,47600.0,825.0,813.2,823.7,836.84,790.6266666666667,956.66,False,False,False,False,False,False,True,True,True,False,False,-0.0557575757575757,-0.0666666666666666,,,-0.0143515151515151,0.0416646464646464,-0.1454545454545454,-0.0739393939393939,0.0021080324468353,-0.0776981910889887,818.0,703.0,0.460348162475822,0.0015295635963865,0.0020082844542543,0.0005025433641611
2003-02-18,825.0,830.0,805.0,813.0,25800.0,813.0,815.8,820.0,837.56,792.1333333333333,955.46,False,False,False,False,False,False,True,True,False,True,False,-0.033210332103321,-0.041820418204182,,,-0.0302091020910208,0.0256662566625666,-0.1414514145141451,-0.046740467404674,0.0019020366941592,-0.0747560975609755,798.0,695.0,0.542016806722689,0.0008596399063946,-0.0006699236899918,-0.0002059957526761
2003-02-19,810.0,816.0,809.0,810.0,40500.0,810.0,816.8,816.6,837.16,792.9333333333333,954.21,False,False,False,False,False,False,False,True,False,True,False,-0.0407407407407407,-0.0530864197530864,,,-0.0335308641975308,0.0210699588477366,-0.1382716049382716,-0.0407407407407407,0.001008912056499,-0.0706588292921871,818.0,693.0,1.569767441860465,-0.0004778059152372,-0.0013374458216318,-0.0008931246376602
2003-02-20,810.0,810.0,793.0,793.0,9500.0,793.0,811.2,811.9,835.72,793.9466666666667,952.79,False,False,False,False,False,False,False,True,False,True,False,-0.0163934426229508,-0.0479192938209331,,,-0.0538713745271122,-0.0011937788986969,-0.1097099621689785,-0.0353089533417402,0.0012763241863434,-0.0588742455967483,814.0,685.0,0.2345679012345679,-0.0017230651414348,-0.0012452592261976,0.0002674121298444
2003-02-21,808.0,808.0,782.0,784.0,24100.0,784.0,805.0,808.3,834.16,795.2,951.295,False,False,False,False,False,False,False,True,False,True,False,-0.0025510204081632,-0.0803571428571428,,,-0.0639795918367346,-0.0142857142857143,-0.1505102040816326,-0.0089285714285714,0.0015761234071093,-0.052208338488185,807.0,698.0,2.536842105263158,-0.0018701448163422,-0.0001470796749073,0.0002997992207658
2003-02-24,784.0,784.0,775.0,779.0,24500.0,779.0,795.8,804.5,832.28,795.8266666666667,949.78,False,False,False,False,False,False,False,True,False,True,False,-0.0115532734274711,-0.1142490372272143,,,-0.0683953786906289,-0.0216003423192127,-0.1296534017971758,-0.0166880616174582,0.0007874411513394,-0.0463642013673088,820.0,710.0,1.016597510373444,-0.0022588551929639,-0.0003887103766216,-0.0007886822557698
2003-02-25,783.0,789.0,778.0,786.0,45200.0,786.0,790.4,803.1,829.72,796.8,948.355,False,False,False,False,False,False,False,True,False,True,False,-0.0089058524173027,-0.1412213740458015,,,-0.0556234096692112,-0.0137404580152671,-0.1094147582697201,-0.0089058524173027,0.0012215528781792,-0.0405927032748101,804.0,729.0,1.8448979591836727,-0.0030853781998745,-0.0008265230069106,0.0004341117268397
2003-02-26,780.0,786.0,777.0,777.0,46300.0,777.0,783.8,800.3,826.08,797.96,946.89,False,False,False,False,False,False,False,True,False,True,False,-0.0128700128700128,-0.1287001287001287,,,-0.0631660231660232,-0.026975546975547,-0.1081081081081081,-0.0064350064350064,0.0014537069527295,-0.0359865050606022,800.0,751.0,1.0243362831858407,-0.0044063528956033,-0.0013209746957287,0.0002321540745502
2003-02-27,778.0,795.0,774.0,780.0,52200.0,780.0,781.2,796.2,823.32,798.76,945.49,False,False,False,False,False,False,False,True,False,False,False,-0.032051282051282,-0.1205128205128205,,,-0.0555384615384616,-0.024051282051282,-0.1025641025641025,-0.0076923076923076,0.0010015524062295,-0.0311479527756845,826.0,771.0,1.1274298056155507,-0.0033522810085993,0.0010540718870039,-0.0004521545464999
2003-02-28,780.0,785.0,779.0,782.0,64500.0,782.0,780.8,792.9,820.04,799.5866666666667,944.1,False,False,False,False,False,False,False,True,False,True,False,-0.078005115089514,-0.1304347826086956,,,-0.0486445012787723,-0.0224893435635124,-0.0959079283887468,-0.0025575447570332,0.0010338674982074,-0.0252238617732374,840.0,772.0,1.235632183908046,-0.0039998048875665,-0.0006475238789672,3.2315091977863034e-05
2003-03-03,775.0,783.0,752.0,770.0,14700.0,770.0,779.0,787.4,814.92,800.24,942.65,False,False,False,False,False,False,False,True,False,True,False,-0.1038961038961039,-0.1363636363636363,,,-0.0583376623376622,-0.0392727272727272,-0.1077922077922077,0.0649350649350649,0.0008164217401445,-0.0113030226060451,826.0,797.0,0.227906976744186,-0.0062828253080057,-0.0022830204204391,-0.0002174457580628
2003-03-04,780.0,790.0,777.0,779.0,21600.0,779.0,777.6,784.0,811.84,801.0266666666666,941.335,False,False,False,False,False,False,False,True,False,False,False,-0.1335044929396662,-0.1745827984595635,,,-0.0421566110397946,-0.0282755669661959,-0.1014120667522464,0.0539152759948652,0.0009820730063085,-0.0011479591836734,805.0,821.0,1.469387755102041,-0.003793851005124,0.0024889743028816,0.0001656512661639
2003-03-05,779.0,781.0,759.0,767.0,27100.0,767.0,775.6,779.7,806.92,801.8666666666667,939.915,False,False,False,False,False,False,False,True,False,True,False,-0.1173402868318122,-0.195567144719687,,,-0.0520469361147326,-0.0454584963059539,-0.1069100391134289,0.0704041720990873,0.0010475557033588,0.0100038476337052,830.0,816.0,1.2546296296296295,-0.00609725871214,-0.002303407707016,6.548269705034014e-05
2003-03-06,760.0,767.0,755.0,755.0,40100.0,755.0,770.6,775.9,803.0,802.2666666666667,938.48,False,False,False,False,False,False,False,True,False,False,False,-0.0913907284768212,-0.109933774834437,,,-0.0635761589403973,-0.0626048565121412,-0.1311258278145695,0.0821192052980132,0.0004985873358816,0.0216522747776776,821.0,802.0,1.4797047970479704,-0.0048816936488168,0.0012155650633231,-0.0005489683674772
2003-03-07,750.0,755.0,721.0,721.0,17600.0,721.0,758.4,769.6,798.12,802.28,936.61,False,False,True,False,False,False,False,True,False,True,False,-0.0568654646324549,-0.0360610263522884,,,-0.1069625520110957,-0.1127323162274618,-0.1248266296809986,0.1511789181692094,1.661930165692926e-05,0.0369022869022868,825.0,805.0,0.4389027431421446,-0.0061143687666015,-0.0012326751177846,-0.0004819680342247
2003-03-10,711.0,717.0,689.0,690.0,19000.0,690.0,742.4,760.7,792.92,802.1066666666667,934.36,False,False,False,False,False,False,False,False,False,True,False,-0.036231884057971,0.0217391304347826,,,-0.149159420289855,-0.1624734299516908,-0.0275362318840579,0.1826086956521739,-0.0002160976096279,0.0556066780596818,793.0,791.0,1.0795454545454546,-0.0065580386419815,-0.00044366987538,-0.0002327169112848
2003-03-11,680.0,700.0,670.0,675.0,24500.0,675.0,721.6,749.6,785.92,801.84,931.815,False,False,False,False,False,False,False,False,False,True,False,-0.0474074074074074,0.034074074074074,,,-0.1643259259259258,-0.1879111111111111,0.0207407407407407,0.2222222222222222,-0.0003325684259536,0.0773745997865528,795.0,796.0,1.2894736842105263,-0.0089067589576547,-0.0023487203156731,-0.0001164708163256
2003-03-12,680.0,680.0,675.0,677.0,49300.0,677.0,703.6,739.6,779.24,801.6266666666667,929.05,False,False,False,False,False,False,False,False,False,False,False,-0.0886262924667651,0.0310192023633678,,,-0.1510192023633678,-0.1840866568193008,0.0664697193500738,0.2156573116691285,-0.0002661255447257,0.0988372093023256,820.0,811.0,2.012244897959184,-0.0085724552127713,0.0003343037448833,6.644288122785512e-05
2003-03-13,678.0,690.0,678.0,686.0,26400.0,686.0,689.8,730.2,773.08,801.64,926.375,False,False,False,False,False,False,False,True,False,False,False,-0.0204081632653061,0.0291545189504373,,,-0.1269387755102041,-0.1685714285714285,0.0495626822157434,0.2157434402332361,1.663256989835987e-05,0.1211996713229252,829.0,832.0,0.5354969574036511,-0.0079681274900397,0.0006043277227315,0.0002827581146241
2003-03-14,680.0,686.0,679.0,680.0,106000.0,680.0,681.6,720.0,767.48,801.4,923.59,False,False,False,False,False,False,False,False,False,False,False,0.0220588235294117,-0.0205882352941176,,,-0.1286470588235294,-0.1785294117647058,0.0147058823529411,0.3014705882352941,-0.000299475917145,0.1516666666666667,823.0,831.0,4.015151515151516,-0.0072966070777088,0.0006715204123309,-0.0003161084870433
2003-03-17,680.0,682.0,665.0,665.0,49900.0,665.0,676.6,709.5,761.4,800.8,920.53,False,False,False,False,False,False,False,False,False,True,False,0.0601503759398496,0.0195488721804511,,,-0.1449624060150375,-0.2042105263157894,0.0165413533834586,0.3338345864661654,-0.0007492507492507,0.1781536293164199,826.0,818.0,0.4707547169811321,-0.0079852902547938,-0.0006886831770849,-0.0004497748321057
2003-03-18,675.0,695.0,643.0,643.0,53400.0,643.0,670.2,695.9,755.12,799.6533333333333,917.205,False,False,False,False,False,False,False,False,False,True,False,0.0855365474339035,0.0886469673405909,,,-0.1743701399688958,-0.2436288232244686,0.0544323483670295,0.3608087091757387,-0.0014339547137092,0.2089380658140537,850.0,798.0,1.0701402805611222,-0.0083165589575166,-0.0003312687027227,-0.0006847039644584
2003-03-19,640.0,640.0,601.0,617.0,61300.0,617.0,658.2,680.9,747.6,797.8666666666667,913.82,False,False,False,False,False,False,False,False,False,True,False,0.1312803889789303,0.1231766612641815,,,-0.2116693679092383,-0.2931388438681794,0.13290113452188,0.4100486223662885,-0.0022393048128341,0.2427669261271847,868.0,818.0,1.147940074906367,-0.0100588550026752,-0.0017422960451585,-0.0008053500991249
2003-03-20,630.0,685.0,628.0,672.0,43900.0,672.0,655.4,672.6,741.64,796.5466666666666,910.78,False,False,False,False,False,False,False,False,False,False,False,0.050595238095238,0.0416666666666666,,,-0.1036309523809523,-0.1853373015873015,0.0133928571428571,0.2886904761904761,-0.0016571533787516,0.2653880463871543,849.0,814.0,0.7161500815660685,-0.0080362439997843,0.0020226110028908,0.0005821514340825
2003-03-24,682.0,705.0,672.0,695.0,65600.0,695.0,658.4,670.0,736.84,795.52,907.73,False,False,False,False,False,False,False,False,False,False,False,-0.0417266187050359,0.0172661870503597,,,-0.0602014388489209,-0.1446330935251798,-0.0517985611510791,0.2503597122302158,-0.0012905604719763,0.2761194029850746,864.0,807.0,1.4943052391799545,-0.0065143043265837,0.0015219396732005,0.0003665929067753
2003-03-25,698.0,724.0,694.0,705.0,51600.0,705.0,666.4,671.5,732.04,794.2933333333333,904.775,False,False,False,False,False,False,False,False,False,True,True,-0.0382978723404255,-0.025531914893617,,,-0.0383546099290779,-0.1266572104018912,-0.0283687943262411,0.2553191489361702,-0.0015443496944873,0.2835443037974683,898.0,820.0,0.7865853658536586,-0.0065570187421453,-4.271441556160348e-05,-0.0002537892225109
2003-03-26,700.0,709.0,687.0,698.0,20700.0,698.0,677.4,673.8,727.44,792.6533333333333,901.815,False,False,False,False,False,False,False,False,False,False,False,0.0028653295128939,0.0028653295128939,,,-0.0421776504297995,-0.1356064947468958,-0.0286532951289398,0.2277936962750716,-0.0020690003196016,0.2839121401009202,856.0,804.0,0.4011627906976744,-0.0063235455845154,0.0002334731576298,-0.0005246506251142
2003-03-27,698.0,700.0,692.0,698.0,21200.0,698.0,693.6,675.9,722.96,791.08,898.99,False,False,False,False,False,False,False,False,False,False,False,-0.0071633237822349,-0.0186246418338108,,,-0.0357593123209169,-0.133352435530086,-0.0114613180515759,0.2564469914040114,-0.0019888422578415,0.2879124130788578,890.0,800.0,1.0241545893719808,-0.0061967467079783,0.000126798876537,8.015806176014202e-05
2003-03-28,700.0,710.0,699.0,706.0,45500.0,706.0,700.4,677.9,719.48,789.8,896.215,False,False,False,False,False,False,False,False,False,False,False,-0.0084985835694051,-0.0708215297450425,,,-0.0190934844192634,-0.1186968838526911,-0.0198300283286118,0.301699716713881,-0.0016206634591036,0.2966514235137926,853.0,826.0,2.14622641509434,-0.0048368265969867,0.0013599201109915,0.0003681787987378
2003-03-31,700.0,700.0,666.0,666.0,26500.0,666.0,694.6,676.5,714.76,787.9466666666667,893.395,False,False,False,False,False,False,False,False,False,True,False,0.0615615615615615,-0.0525525525525525,,,-0.0732132132132132,-0.1831031031031031,0.0285285285285285,0.3693693693693693,-0.002352105049411,0.3033259423503326,843.0,840.0,0.5824175824175825,-0.0066036151995075,-0.0017667886025208,-0.0007314415903073
2003-04-01,666.0,689.0,663.0,678.0,19200.0,678.0,689.2,677.8,710.72,786.44,890.715,False,False,False,False,False,False,False,False,False,False,False,0.0132743362831858,-0.0103244837758112,,,-0.048259587020649,-0.1599410029498525,0.0014749262536873,0.2831858407079646,-0.0019158062492582,0.2983180879315433,820.0,826.0,0.7245283018867924,-0.0056843764070238,0.0009192387924837,0.0004362988001527
2003-04-02,689.0,700.0,683.0,700.0,28000.0,700.0,689.6,683.5,707.28,785.16,888.02,False,False,False,False,False,False,False,False,False,False,False,0.0,-0.0157142857142857,,,-0.0103999999999999,-0.1216571428571428,-0.0142857142857142,0.2528571428571428,-0.0016302409699934,0.2877834674469642,850.0,805.0,1.4583333333333333,-0.0048637032009954,0.0008206732060283,0.0002855652792647
2003-04-03,720.0,730.0,691.0,693.0,37200.0,693.0,688.6,691.1,703.92,783.5866666666667,885.235,False,False,False,False,False,False,False,False,False,False,False,-0.0115440115440115,0.0418470418470418,,,-0.0157575757575757,-0.1307166907166907,0.0101010101010101,0.2424242424242424,-0.0020078612874133,0.2723194906670524,844.0,830.0,1.3285714285714283,-0.0047732696897374,9.043351125795004e-05,-0.0003776203174198
2003-04-04,700.0,702.0,693.0,700.0,56200.0,700.0,687.4,693.9,700.72,781.8266666666667,882.515,False,False,False,False,False,False,False,False,False,False,False,-0.0628571428571428,0.0285714285714285,,,-0.0010285714285714,-0.1168952380952381,0.0328571428571428,0.2357142857142857,-0.0022511383597387,0.2670413604265745,840.0,821.0,1.510752688172043,-0.0045667313620275,0.0002065383277099,-0.0002432770723253
2003-04-07,700.0,720.0,700.0,707.0,25500.0,707.0,695.6,695.1,697.72,780.1733333333333,879.95,False,False,False,False,True,False,False,False,False,False,False,-0.1074964639321075,-0.024045261669024,,,0.013125884016973,-0.1034983498349834,0.0509193776520509,0.1966053748231966,-0.0021191871891717,0.2615451014242554,820.0,825.0,0.4537366548042704,-0.0042997190850197,0.0002670122770077,0.0001319511705669
2003-04-08,710.0,710.0,687.0,687.0,35900.0,687.0,697.4,693.3,694.4,778.4266666666666,877.37,False,False,False,False,False,False,False,False,False,True,False,-0.0232896652110625,-0.0160116448326055,,,-0.0107714701601164,-0.1330810286268801,0.0844250363901018,0.2066957787481805,-0.0022438422801548,0.2567431126496466,817.0,793.0,1.407843137254902,-0.0047811059907834,-0.0004813869057637,-0.000124655090983
2003-04-09,687.0,706.0,687.0,700.0,28700.0,700.0,697.4,693.5,691.24,777.12,875.095,False,False,False,False,False,False,False,False,False,False,False,-0.0157142857142857,-0.0314285714285714,,,0.0125142857142857,-0.1101714285714285,0.1057142857142857,0.2128571428571428,-0.0016814220026078,0.2552271088680605,800.0,795.0,0.7994428969359332,-0.0045714947051674,0.000209611285616,0.0005624202775469
2003-04-10,700.0,700.0,685.0,685.0,22700.0,685.0,695.8,692.2,687.96,775.3466666666667,872.795,False,False,False,False,False,False,False,False,False,True,False,0.0540145985401459,0.0204379562043795,,,-0.0043211678832117,-0.1318929440389294,0.1182481751824817,0.2408759124087591,-0.0022871489742222,0.2536839063854376,805.0,820.0,0.7909407665505227,-0.0047677190534333,-0.0001962243482658,-0.0006057269716144
2003-04-11,699.0,703.0,652.0,656.0,80900.0,656.0,687.0,687.2,684.0,773.24,870.4,False,False,False,False,False,False,False,False,False,True,False,0.0975609756097561,0.0381097560975609,,,-0.0426829268292682,-0.1787195121951219,0.1935975609756097,0.2957317073170731,-0.0027244667459866,0.2527648428405121,821.0,829.0,3.563876651982379,-0.0057894736842105,-0.0010217546307772,-0.0004373177717643
2003-04-14,656.0,676.0,630.0,631.0,32000.0,631.0,671.8,683.7,680.4,770.8933333333333,867.785,False,False,False,False,False,False,False,False,False,False,False,0.0935023771790808,0.0443740095087163,,,-0.0782884310618066,-0.2217010036978341,0.2234548335974643,0.3343898573692551,-0.0030440873791445,0.2489395933889131,815.0,823.0,0.3955500618046971,-0.0052910052910053,0.0004984683932052,-0.0003196206331579
2003-04-15,638.0,698.0,635.0,671.0,35900.0,671.0,668.6,683.0,679.64,768.9066666666666,865.355,False,False,False,False,False,False,False,False,False,False,False,0.007451564828614,0.0208643815201192,,,-0.0128763040238449,-0.1459115747640337,0.1713859910581222,0.2429210134128167,-0.002583755288895,0.2449487554904831,825.0,826.0,1.121875,-0.0011182390677417,0.0041727662232635,0.0004603320902495
2003-04-16,681.0,697.0,672.0,689.0,62800.0,689.0,666.4,681.9,680.2,767.3733333333333,863.05,False,False,False,False,True,False,True,False,False,False,False,-0.0159651669085631,-0.0159651669085631,,,0.0127721335268504,-0.1137493952588292,0.13933236574746,0.1988388969521045,-0.0019981582193803,0.2394779293151489,813.0,850.0,1.7493036211699164,0.0008232872684505,0.0019415263361922,0.0005855970695147
2003-04-17,691.0,728.0,691.0,722.0,44500.0,722.0,673.8,684.8,682.0,766.3333333333334,860.9,False,False,False,False,False,False,True,False,True,False,True,-0.0318559556786703,-0.0443213296398892,,,0.0554016620498614,-0.0614035087719298,0.0734072022160664,0.1246537396121883,-0.0013571117877337,0.2270735981308411,810.0,868.0,0.7085987261146497,0.0026392961876832,0.0018160089192326,0.0006410464316466
2003-04-18,721.0,722.0,704.0,720.0,43800.0,720.0,686.6,686.8,683.36,764.92,858.75,False,False,False,False,False,False,True,False,False,True,False,-0.0541666666666666,-0.0388888888888888,,,0.0508888888888888,-0.0623888888888888,-0.0097222222222222,0.1444444444444444,-0.001847687775628,0.2175305765870706,793.0,849.0,0.9842696629213484,0.0019901662374151,-0.000649129950268,-0.0004905759878943
2003-04-21,719.0,719.0,682.0,690.0,51400.0,690.0,698.4,685.1,683.76,762.92,856.54,False,False,False,False,False,False,True,False,False,True,False,-0.044927536231884,-0.0072463768115942,,,0.0090434782608695,-0.1056811594202898,0.0971014492753623,0.2231884057971014,-0.0026215068421328,0.2202598160852429,784.0,864.0,1.17351598173516,0.0005850005850005,-0.0014051656524145,-0.0007738190665048
2003-04-22,700.0,700.0,676.0,676.0,45300.0,676.0,699.4,684.0,684.2,760.92,854.105,False,False,False,False,False,False,True,False,False,False,False,0.0133136094674556,0.0044378698224852,,,-0.0121301775147929,-0.1256213017751478,0.1168639053254437,0.2144970414201183,-0.0026283972033853,0.2210526315789474,779.0,898.0,0.8813229571984436,0.0006430868167203,5.808623171978523e-05,-6.890361252517331e-06
2003-04-23,677.0,684.0,676.0,678.0,33300.0,678.0,697.2,681.8,685.6,759.2266666666667,851.53,False,False,False,False,False,False,True,False,True,False,False,0.0,0.0176991150442477,,,-0.0112094395280236,-0.119803343166175,0.1002949852507374,0.2168141592920354,-0.002230339643848,0.221472572601936,786.0,856.0,0.7350993377483444,0.0020420070011668,0.0013989201844464,0.0003980575595373
2003-04-24,695.0,705.0,678.0,699.0,40800.0,699.0,692.6,683.2,688.88,757.48,849.125,False,False,False,False,False,False,True,False,False,False,True,-0.0128755364806866,0.0014306151645207,,,0.0144778254649499,-0.0836623748211731,0.0901287553648068,0.1802575107296137,-0.0023058914646811,0.2153103044496485,777.0,890.0,1.2252252252252251,0.0047613517593775,0.0027193447582106,-7.555182083309516e-05
2003-04-25,699.0,699.0,681.0,681.0,31300.0,681.0,684.8,685.7,689.24,755.6133333333333,846.435,False,False,False,False,False,False,True,False,False,True,False,0.0161527165932452,0.0616740088105726,,,-0.0120998531571218,-0.1095643661282428,0.1380323054331864,0.2173274596182085,-0.0024703993224047,0.2078168295172816,780.0,853.0,0.7671568627450981,0.0005223144332888,-0.0042390373260886,-0.0001645078577236
2003-04-28,681.0,681.0,657.0,659.0,19000.0,659.0,678.6,688.5,687.8,753.4,843.74,False,False,False,False,False,False,False,False,False,True,False,0.0394537177541729,0.1274658573596358,,,-0.0437025796661607,-0.1432473444613049,0.1608497723823975,0.298937784522003,-0.0029377931156535,0.2049382716049383,782.0,843.0,0.6070287539936102,-0.0020936318697296,-0.0026159463030185,-0.0004673937932487
2003-04-30,699.0,699.0,684.0,685.0,35400.0,685.0,680.4,689.9,687.0,751.96,841.145,False,False,False,False,False,False,False,False,False,False,False,-0.0087591240875912,0.0875912408759124,,,-0.002919708029197,-0.0977518248175183,0.1153284671532846,0.2992700729927007,-0.0019149954784828,0.2106102333671547,770.0,820.0,1.863157894736842,-0.001164483260553,0.0009291486091765,0.0010227976371707
2003-05-01,680.0,683.0,670.0,678.0,22100.0,678.0,680.4,688.8,686.2,750.4,838.43,False,False,False,False,False,False,False,False,False,True,False,0.0176991150442477,0.1415929203539823,,,-0.012094395280236,-0.1067846607669616,0.1430678466076696,0.3274336283185841,-0.0020788912579958,0.2232868757259002,779.0,850.0,0.6242937853107344,-0.0011658408627221,-1.3576021691088548e-06,-0.0001638957795129
2003-05-02,680.0,692.0,680.0,690.0,22300.0,690.0,678.6,685.6,685.88,748.6666666666666,835.61,False,False,False,False,True,False,False,False,False,False,False,0.0144927536231884,0.1101449275362318,,,0.0059710144927536,-0.0850241545893719,0.1260869565217391,0.2855072463768116,-0.0023152270703473,0.2399358226371061,767.0,844.0,1.009049773755656,-0.000466553916137,0.0006992869465851,-0.0002363358123514
2003-05-06,690.0,701.0,690.0,692.0,34400.0,692.0,680.8,682.8,685.32,746.84,832.87,False,False,False,False,False,False,False,False,False,True,False,0.0447976878612716,0.1315028901734104,,,0.0096531791907513,-0.0792485549132948,0.1054913294797687,0.3121387283236994,-0.0024458607823182,0.2573227885178676,755.0,840.0,1.5426008968609866,-0.0008171365201656,-0.0003505826040286,-0.0001306337119709
2003-05-07,692.0,693.0,672.0,685.0,63500.0,685.0,686.0,682.3,686.08,745.0,830.285,False,False,False,False,False,False,True,False,True,False,False,0.0846715328467153,0.1270072992700729,,,-0.0015766423357664,-0.0875912408759124,0.1343065693430657,0.310948905109489,-0.0024697986577181,0.2661585812692364,721.0,820.0,1.84593023255814,0.0011077425373134,0.0019248790574791,-2.393787539986666e-05
2003-05-08,690.0,690.0,679.0,679.0,43100.0,679.0,684.8,682.6,686.12,743.04,827.675,False,False,False,False,False,False,True,False,False,True,False,0.09720176730486,0.1575846833578792,,,-0.0104860088365243,-0.0943151693667157,0.1281296023564064,0.321060382916053,-0.0026378122308355,0.2767360093759156,690.0,817.0,0.6787401574803149,5.82988398530339e-05,-0.0010494436974603,-0.0001680135731173
2003-05-09,679.0,690.0,672.0,690.0,50700.0,690.0,687.2,683.8,685.72,740.9066666666666,825.225,False,False,False,False,False,False,False,False,False,True,False,0.1217391304347826,0.1376811594202898,,,0.0062028985507245,-0.0737777777777777,0.1289855072463768,0.3115942028985507,-0.0028793550244745,0.2861947937993566,675.0,800.0,1.1763341067285382,-0.0005833284722626,-0.0006416273121157,-0.0002415427936389
2003-05-12,700.0,700.0,691.0,700.0,27100.0,700.0,689.2,683.9,686.0,738.6666666666666,822.975,False,False,False,False,False,False,True,False,False,False,False,0.0942857142857142,0.1071428571428571,,,0.02,-0.0552380952380951,0.1028571428571428,0.3071428571428571,-0.0030324909747292,0.2991665448164937,677.0,805.0,0.534516765285996,0.000408163265306,0.0009914917375687,-0.0001531359502547
2003-05-13,710.0,732.0,707.0,723.0,63200.0,723.0,695.4,688.1,686.92,736.9866666666667,820.84,False,False,False,False,False,False,True,False,True,False,True,0.0829875518672199,-0.0138312586445366,,,0.0499031811894883,-0.0193453204241586,0.0705394190871369,0.2448132780082987,-0.0022795527734558,0.3015550065397471,686.0,821.0,2.3321033210332103,0.0013393117102427,0.0009311484449366,0.0007529382012734
2003-05-14,723.0,750.0,723.0,743.0,86000.0,743.0,707.0,696.5,688.36,735.3733333333333,818.755,False,False,False,False,False,False,True,False,False,False,False,0.0390309555854643,0.0188425302826379,,,0.0735397039030955,0.0102646926873037,0.0497981157469717,0.2005383580080753,-0.0021938969774989,0.2910265613783202,680.0,815.0,1.360759493670886,0.0020919286419897,0.0007526169317469,8.565579595683475e-05
2003-05-15,747.0,747.0,735.0,745.0,111200.0,745.0,720.2,702.5,690.68,733.3333333333334,816.685,False,False,False,False,False,False,True,False,False,False,False,0.0550335570469798,0.0134228187919463,,,0.0729127516778524,0.0156599552572706,0.1006711409395973,0.1946308724832214,-0.0027818181818181,0.2800000000000001,665.0,825.0,1.2930232558139534,0.003359008513349,0.0012670798713593,-0.0005879212043191
2003-05-16,741.0,775.0,741.0,774.0,63200.0,774.0,737.0,712.1,693.64,732.24,814.8,False,False,False,False,False,False,True,False,False,False,False,0.0142118863049095,-0.0361757105943152,,,0.1038242894056847,0.053953488372093,0.0607235142118863,0.1757105943152454,-0.0014931352197822,0.2641482937789636,643.0,813.0,0.5683453237410072,0.0042673432904677,0.0009083347771186,0.0012886829620358
2003-05-19,770.0,775.0,731.0,766.0,36100.0,766.0,750.2,719.7,696.88,730.5866666666667,813.03,False,False,False,False,False,False,True,False,False,False,False,0.0117493472584856,-0.0052219321148825,,,0.0902349869451697,0.046231505657093,0.0718015665796344,0.2075718015665796,-0.0022630214987042,0.2560789217729609,617.0,810.0,0.5712025316455697,0.0046492939960969,0.0003819507056291,-0.0007698862789219
2003-05-20,756.0,786.0,754.0,783.0,37100.0,783.0,762.2,728.8,701.96,729.6533333333333,810.96,False,False,False,False,False,False,True,False,False,False,False,-0.0893997445721583,-0.0102171136653895,,,0.1034993614303958,0.0681311196253725,0.0434227330779054,0.2132822477650063,-0.0012791462612382,0.2461580680570802,672.0,793.0,1.0277008310249307,0.0072368795942789,0.002587585598182,0.0009838752374659
2003-05-21,784.0,784.0,761.0,772.0,35200.0,772.0,768.0,737.5,707.6,728.7066666666667,809.07,False,False,False,False,False,False,True,False,False,False,False,-0.0194300518134715,-0.0090673575129533,,,0.0834196891191709,0.0560794473229705,0.0751295336787564,0.2564766839378238,-0.0012991052641208,0.2412203389830508,695.0,784.0,0.9487870619946092,0.0079706048615036,0.0007337252672247,-1.995900288252208e-05
2003-05-22,780.0,786.0,773.0,786.0,37100.0,786.0,776.2,748.2,712.2,728.2533333333333,807.35,False,False,False,False,False,False,True,False,False,True,False,-0.0394402035623409,-0.0279898218829516,,,0.0938931297709923,0.0734690415606446,0.0381679389312977,0.2391857506361323,-0.0006224940039181,0.2337610264635123,705.0,779.0,1.0539772727272727,0.0064588598708228,-0.0015117449906808,0.0006766112602027
2003-05-23,789.0,793.0,768.0,785.0,51800.0,785.0,778.4,757.7,716.04,727.3866666666667,805.775,False,False,False,False,False,False,True,False,False,True,False,-0.0496815286624203,-0.0127388535031847,,,0.0878471337579618,0.0733927813163482,0.0509554140127388,0.1872611464968152,-0.0011914800014664,0.2218556156790285,698.0,786.0,1.3962264150943395,0.0053628288922405,-0.0010960309785822,-0.0005689859975483
2003-05-26,786.0,786.0,769.0,775.0,32600.0,775.0,780.2,765.2,718.16,726.4666666666667,803.94,False,False,False,False,False,False,True,False,False,True,False,-0.016774193548387,0.0025806451612903,,,0.073341935483871,0.0626236559139784,0.0619354838709677,0.2283870967741935,-0.0012664035973203,0.2147151071615263,698.0,777.0,0.6293436293436293,0.0029519884148379,-0.0024108404774026,-7.49235958538597e-05
2003-05-27,745.0,755.0,713.0,713.0,81100.0,713.0,766.2,764.2,717.88,724.7733333333333,801.915,False,False,False,False,False,False,False,False,False,True,False,0.0869565217391304,0.0729312762973352,,,-0.006844319775596,-0.0165123889668068,0.1697054698457223,0.332398316970547,-0.0023363626329151,0.2228474221408007,706.0,780.0,2.4877300613496933,-0.0003900373321446,-0.0033420257469825,-0.0010699590355948
2003-05-28,749.0,779.0,715.0,757.0,56200.0,757.0,763.2,765.6,720.56,723.9333333333333,800.195,False,False,False,False,False,False,True,False,True,False,False,0.0105680317040951,0.0264200792602377,,,0.0481373844121533,0.0436811977102598,0.1690885072655218,0.2153236459709379,-0.0011603278386592,0.2242685475444095,666.0,782.0,0.6929716399506781,0.0037193294104584,0.004109366742603,0.0011760347942559
2003-05-29,767.0,771.0,749.0,755.0,32000.0,755.0,757.0,766.6,723.72,723.1066666666667,798.47,False,True,False,False,False,False,True,False,False,False,False,0.0119205298013245,0.014569536423841,,,0.0414304635761589,0.0422428256070639,0.1748344370860927,0.247682119205298,-0.0011432153854663,0.2294547351943646,678.0,770.0,0.5693950177935944,0.0043663295197038,0.0006470001092454,1.7112453192903677e-05
2003-05-30,745.0,772.0,730.0,746.0,49000.0,746.0,749.2,763.8,726.44,722.3866666666667,796.85,False,False,False,False,False,False,True,False,False,True,False,0.0388739946380697,0.0442359249329758,,,0.026219839142091,0.0316532618409294,0.1729222520107238,0.274798927613941,-0.0009966961368796,0.2393296674522127,700.0,779.0,1.53125,0.0037442872088541,-0.0006220423108496,0.0001465192485866
2003-06-02,742.0,777.0,741.0,762.0,22900.0,762.0,746.6,763.4,728.96,721.8133333333334,795.54,False,False,False,False,False,False,True,False,False,True,False,0.0196850393700787,0.0131233595800524,,,0.0433595800524933,0.0527384076990375,0.1417322834645669,0.2860892388451443,-0.0007942958474951,0.2471836520827875,693.0,767.0,0.4673469387755102,0.003456979806848,-0.000287307402006,0.0002024002893845
2003-06-03,762.0,775.0,754.0,775.0,20800.0,775.0,759.0,762.6,732.72,721.2,794.24,False,False,False,False,False,False,True,False,False,False,False,-0.0129032258064516,-0.0012903225806451,,,0.0545548387096773,0.0694193548387096,0.1174193548387096,0.2554838709677419,-0.0008504344610833,0.2515079989509571,700.0,755.0,0.9082969432314412,0.0051315645812861,0.001674584774438,-5.61386135882894e-05
2003-06-04,775.0,775.0,753.0,765.0,71500.0,765.0,760.6,761.9,736.96,720.5333333333333,792.79,False,False,False,False,False,False,True,False,False,False,False,0.0156862745098039,0.0196078431372549,,,0.0366535947712417,0.0581263616557734,0.1359477124183006,0.2705882352941176,-0.0009252405625463,0.2529203307520672,707.0,721.0,3.4375,0.0057533651758575,0.0006218005945714,-7.480610146297308e-05
2003-06-05,765.0,765.0,753.0,764.0,17400.0,764.0,762.4,759.7,740.12,719.72,791.12,False,False,False,False,False,False,True,False,False,True,False,0.0026178010471204,0.0732984293193717,,,0.0312565445026177,0.057958115183246,0.1583769633507853,0.281413612565445,-0.0011300691009465,0.2572067921547979,687.0,690.0,0.2433566433566433,0.0042695779062854,-0.0014837872695721,-0.0002048285384002
2003-06-06,761.0,775.0,760.0,775.0,26000.0,775.0,768.2,758.7,744.0,719.2133333333334,789.98,False,False,False,False,False,False,True,False,False,False,False,0.0051612903225806,0.0593548387096774,,,0.04,0.0719827956989246,0.1058064516129032,0.2903225806451613,-0.0007044734061289,0.2678265454066165,700.0,675.0,1.4942528735632183,0.0052150537634408,0.0009454758571554,0.0004255956948176
2003-06-09,761.0,781.0,761.0,777.0,16000.0,777.0,771.2,758.9,747.48,718.7733333333333,788.775,False,False,False,False,False,False,True,False,False,True,False,-0.0064350064350064,0.0566280566280566,,,0.0379922779922779,0.0749377949377949,0.1287001287001287,0.3243243243243243,-0.0006121540402167,0.2776386875741205,685.0,677.0,0.6153846153846154,0.0046556429603467,-0.000559410803094,9.231936591216885e-05
2003-06-10,766.0,775.0,761.0,765.0,28600.0,765.0,769.2,764.1,750.4,718.4,787.625,False,False,False,False,False,False,True,False,False,True,True,0.0117647058823529,0.0679738562091503,,,0.0190849673202614,0.0609150326797385,0.2013071895424836,0.3725490196078431,-0.0005196733481811,0.2820311477555294,656.0,686.0,1.7875,0.0038912579957355,-0.0007643849646112,9.248069203559597e-05
2003-06-11,763.0,820.0,763.0,777.0,35800.0,777.0,771.6,766.1,754.08,718.3066666666666,786.44,False,False,False,False,False,False,True,False,False,False,False,0.0038610038610038,0.0682110682110682,,,0.0294980694980694,0.0755383955383956,0.1737451737451737,0.323037323037323,-0.0001299352180127,0.2927816211982769,631.0,680.0,1.2517482517482517,0.0048801188202844,0.0009888608245488,0.0003897381301683
2003-06-12,785.0,795.0,766.0,766.0,28000.0,766.0,772.0,767.2,757.56,718.1333333333333,785.22,False,False,False,False,False,False,True,False,False,True,False,0.0704960835509138,0.0652741514360313,,,0.0110182767624021,0.0624891209747606,0.1357702349869451,0.3342036553524804,-0.0002413665057556,0.3013555787278414,671.0,665.0,0.7821229050279329,0.0045936955488672,-0.0002864232714171,-0.0001114312877428
2003-06-13,769.0,788.0,768.0,779.0,96600.0,779.0,772.8,770.5,761.12,718.04,784.115,False,False,False,False,False,False,True,False,False,False,False,0.0539152759948652,0.0590500641848523,,,0.0229525032092426,0.0782541720154044,0.1258023106546855,0.2567394094993581,-0.0001299834735298,0.2994159636599611,689.0,643.0,3.45,0.0046773176371663,8.362208829906792e-05,0.0001113830322257
2003-06-16,779.0,780.0,769.0,772.0,17500.0,772.0,771.8,771.5,764.0,717.9733333333334,782.95,False,False,False,False,False,False,True,False,False,True,False,0.0634715025906735,0.0660621761658031,,,0.0103626943005181,0.0699827288428324,0.1152849740932642,0.2759067357512953,-9.28539592927398e-05,0.2983797796500325,722.0,617.0,0.181159420289855,0.0037696335078533,-0.0009076841293129,3.7129514237094384e-05
2003-06-17,770.0,785.0,768.0,774.0,36600.0,774.0,773.6,771.4,766.04,717.8933333333333,781.87,False,False,False,False,False,False,True,False,False,True,False,0.0555555555555555,0.0775193798449612,,,0.0102842377260982,0.072489233419466,0.1175710594315245,0.2428940568475452,-0.0001114371680101,0.2971221156339124,720.0,672.0,2.091428571428572,0.0026630463161192,-0.0011065871917341,-1.858320871742085e-05
2003-06-18,775.0,788.0,765.0,780.0,47900.0,780.0,774.2,772.9,767.52,717.8666666666667,780.59,False,False,False,False,False,False,True,False,False,True,False,0.0641025641025641,0.1346153846153846,,,0.016,0.0796581196581196,0.0846153846153846,0.132051282051282,-3.714710252596919e-05,0.2830896623107777,690.0,695.0,1.3087431693989071,0.0019282885136543,-0.0007347578024648,7.429006548419146e-05
2003-06-19,795.0,825.0,793.0,820.0,59100.0,820.0,785.0,778.5,770.52,718.5333333333333,779.69,False,False,False,False,False,False,True,True,False,False,False,-0.0048780487804878,0.0817073170731707,,,0.0603414634146341,0.123739837398374,0.0109756097560975,0.0902439024390243,0.0009278159213211,0.2629415542710341,676.0,705.0,1.2338204592901878,0.0038934745366765,0.0019651860230221,0.0009649630238471
2003-06-20,821.0,829.0,816.0,821.0,76800.0,821.0,793.4,783.1,772.4,719.0933333333334,778.73,False,False,False,False,False,False,True,True,False,True,False,0.0048721071863581,0.0657734470158343,,,0.0591961023142509,0.1241250507511164,0.0341047503045067,0.0864799025578562,0.0007787584365498,0.241731579619461,678.0,698.0,1.299492385786802,0.0024339720352149,-0.0014595025014616,-0.0001490574847713
2003-06-23,822.0,844.0,820.0,821.0,32000.0,821.0,803.2,787.5,774.6,719.8133333333334,777.795,False,False,False,False,False,False,True,True,False,False,False,0.002436053593179,0.0596833130328867,,,0.0565164433617539,0.123248071457572,0.0353227771010962,0.0791717417783191,0.001000259326492,0.2166349206349206,699.0,698.0,0.4166666666666667,0.0028401755744901,0.0004062035392752,0.0002215008899422
2003-06-24,822.0,840.0,816.0,817.0,31300.0,817.0,811.8,792.7,775.96,720.64,776.89,False,False,False,False,False,False,True,True,False,True,False,0.0208078335373317,0.0599755201958384,,,0.0502325581395348,0.1179436964504284,0.040391676866585,0.0709914320685434,0.0011471284783894,0.1865775198688027,681.0,706.0,0.978125,0.0017526676632816,-0.0010875079112084,0.0001468691518973
2003-06-25,820.0,835.0,816.0,830.0,38800.0,830.0,821.8,798.0,778.28,722.0933333333334,776.21,False,False,False,False,False,False,True,True,False,False,False,0.0662650602409638,0.0469879518072289,,,0.0623132530120482,0.130008032128514,0.0144578313253012,0.0409638554216867,0.0020126668759348,0.1581453634085213,659.0,666.0,1.2396166134185302,0.0029809323122782,0.0012282646489966,0.0008655383975453
2003-06-26,801.0,816.0,786.0,816.0,87100.0,816.0,821.0,803.0,779.48,723.7733333333333,775.43,False,False,False,False,False,False,True,True,False,True,False,0.0870098039215686,0.0845588235294117,,,0.0447549019607842,0.1130228758169935,0.0220588235294117,0.0845588235294117,0.0023211686900133,0.1338729763387297,685.0,678.0,2.2448453608247423,0.001539487863704,-0.0014414444485742,0.0003085018140785
2003-06-27,816.0,829.0,802.0,825.0,29000.0,825.0,821.8,807.6,781.08,725.7733333333333,774.615,False,False,False,False,False,False,True,True,False,False,False,0.0606060606060606,0.0387878787878787,,,0.0532363636363635,0.1202747474747475,0.0012121212121212,0.0751515151515151,0.0027556812962724,0.1160227835562158,678.0,700.0,0.3329506314580941,0.0020484457417934,0.0005089578780893,0.0004345126062591
2003-06-30,820.0,826.0,814.0,823.0,23800.0,823.0,822.2,812.7,783.0,727.72,773.905,False,False,False,False,False,False,True,True,False,False,False,0.0571081409477521,0.0656136087484811,,,0.048602673147023,0.1157715674362089,-0.0133657351154313,0.0741190765492102,0.0026750215284267,0.0965916082195152,690.0,693.0,0.8206896551724138,0.0024521072796934,0.0004036615378999,-8.065976784573086e-05
2003-07-01,815.0,844.0,815.0,834.0,38400.0,834.0,825.6,818.7,787.84,729.6933333333334,773.33,False,False,False,False,False,False,True,True,False,False,False,0.0383693045563549,0.1019184652278177,,,0.0553477218225419,0.1250679456434851,-0.0119904076738609,0.0431654676258992,0.0027043324136167,0.0773176987907657,692.0,700.0,1.6134453781512603,0.0061433793663688,0.0036912720866754,2.931088518996153e-05
2003-07-02,844.0,885.0,840.0,885.0,59200.0,885.0,836.6,829.2,792.96,732.4266666666666,773.055,False,False,False,False,False,False,True,True,False,False,False,-0.0180790960451977,0.0305084745762711,,,0.1039999999999999,0.1723992467043315,-0.0463276836158192,-0.031638418079096,0.0037318866962789,0.0605402797877471,685.0,707.0,1.5416666666666667,0.006456820016142,0.0003134406497732,0.0010275542826621
2003-07-03,900.0,907.0,860.0,887.0,57100.0,887.0,850.8,835.9,798.24,735.3866666666667,772.91,False,False,False,False,False,False,True,True,False,False,False,-0.0022547914317925,-0.0191657271702367,,,0.1000676437429537,0.1709282224727546,-0.0744081172491544,-0.0529875986471251,0.0040250933749139,0.0455796147864577,679.0,687.0,0.964527027027027,0.0066145520144317,0.0001577319982896,0.000293206678635
2003-07-04,853.0,900.0,853.0,875.0,38800.0,875.0,860.8,841.3,803.4,738.48,772.56,False,False,False,False,False,False,True,True,False,True,False,-0.0205714285714285,0.0022857142857142,,,0.0818285714285714,0.1560228571428571,-0.0571428571428571,-0.0948571428571428,0.0041887841692846,0.0269820515868299,690.0,700.0,0.6795096322241682,0.0064227035100821,-0.0001918485043496,0.0001636907943707
2003-07-07,861.0,874.0,861.0,870.0,40700.0,870.0,870.2,846.2,807.72,741.8533333333334,772.21,False,False,False,False,False,False,True,True,False,True,False,0.0080459770114942,-0.0103448275862068,,,0.0715862068965517,0.1472950191570881,-0.0517241379310344,-0.0770114942528735,0.004547170150434,0.0112266603639801,700.0,685.0,1.0489690721649485,0.0053483880552667,-0.0010743154548153,0.0003583859811493
2003-07-08,871.0,885.0,861.0,866.0,78600.0,866.0,876.6,851.1,811.36,744.44,771.855,False,False,False,False,False,False,True,True,False,True,False,0.0612009237875288,-0.0011547344110854,,,0.063094688221709,0.1403695150115473,-0.0427251732101616,-0.0704387990762124,0.0034746476098365,-0.0028198801550933,723.0,656.0,1.9312039312039315,0.0044862946164464,-0.0008620934388202,-0.0010725225405975
2003-07-09,876.0,880.0,861.0,869.0,38800.0,869.0,873.4,855.0,815.52,746.76,771.55,False,False,False,False,False,False,True,True,False,False,False,0.049482163406214,-0.0264672036823935,,,0.0615420023014959,0.1406674338319908,-0.0149597238204833,-0.0609896432681242,0.0031067545128286,-0.0129824561403509,743.0,631.0,0.4936386768447837,0.0051010398273493,0.0006147452109029,-0.0003678930970078
2003-07-10,872.0,900.0,872.0,885.0,67000.0,885.0,873.0,861.9,820.36,749.16,771.365,False,False,False,False,False,False,True,True,False,False,False,-0.0169491525423728,-0.063276836158192,,,0.0730395480225988,0.1534915254237288,0.0056497175141242,-0.0677966101694915,0.0032035880185807,-0.0278454577097111,745.0,671.0,1.7268041237113405,0.0058998488468477,0.0007988090194983,9.683350575211224e-05
2003-07-11,888.0,895.0,857.0,857.0,55000.0,857.0,869.4,865.1,823.64,751.28,770.975,False,False,False,False,False,False,True,True,False,True,False,0.0233372228704784,-0.0093348891481913,,,0.038926487747958,0.1233605600933489,0.0501750291715285,-0.029171528588098,0.0028218507081248,-0.0377990983701306,774.0,689.0,0.8208955223880597,0.0039823223738526,-0.0019175264729951,-0.0003817373104559
2003-07-14,864.0,887.0,864.0,877.0,37000.0,877.0,870.8,870.5,827.64,753.6666666666666,770.82,False,False,False,False,False,False,True,True,False,False,False,-0.0182440136830102,-0.0307867730900798,,,0.0562827822120866,0.1406309388065375,0.0114025085518814,-0.0638540478905359,0.0031667403803626,-0.0510051694428489,766.0,722.0,0.6727272727272727,0.0048330191870861,0.0008506968132335,0.0003448896722378
2003-07-15,899.0,938.0,893.0,919.0,101400.0,919.0,881.4,879.0,833.8,756.5066666666667,770.82,False,False,False,False,False,False,True,True,False,False,False,-0.058759521218716,-0.0750816104461371,,,0.0927094668117519,0.1768153790351831,-0.0119695321001088,-0.103373231773667,0.0037540977827911,-0.0654152445961319,783.0,720.0,2.7405405405405405,0.0073878627968337,0.0025548436097475,0.0005873574024284
2003-07-16,889.0,912.0,889.0,912.0,52700.0,912.0,890.0,881.7,839.2,759.7866666666666,770.805,False,False,False,False,False,False,True,True,False,True,False,-0.0723684210526315,-0.0767543859649122,,,0.0798245614035087,0.1669005847953216,-0.0153508771929824,-0.0964912280701754,0.0043170012635125,-0.0720199614381308,772.0,690.0,0.519723865877712,0.0064346997140134,-0.0009531630828202,0.0005629034807214
2003-07-17,882.0,885.0,850.0,870.0,43800.0,870.0,887.0,880.0,843.36,762.3466666666667,770.63,False,False,False,False,False,False,True,True,False,True,False,-0.0471264367816091,-0.0413793103448275,,,0.0306206896551724,0.1237394636015325,0.0310344827586206,-0.0666666666666666,0.0033580523296488,-0.0734090909090909,786.0,676.0,0.8311195445920304,0.004932650350977,-0.0015020493630364,-0.0009589489338636
2003-07-18,840.0,890.0,840.0,877.0,48600.0,877.0,891.0,880.2,847.28,764.7066666666667,770.52,False,False,False,False,False,False,True,True,False,True,False,-0.0319270239452679,-0.0581527936145952,,,0.0338882554161915,0.1280425693652603,0.0319270239452679,-0.0775370581527936,0.0030861506808711,-0.0716882526698477,785.0,678.0,1.1095890410958904,0.0046265697290151,-0.0003060806219618,-0.0002719016487777
2003-07-22,857.0,865.0,856.0,861.0,48300.0,861.0,887.8,879.3,850.84,766.9466666666667,770.225,False,False,False,False,False,False,True,True,False,True,False,-0.0127758420441347,-0.056910569105691,,,0.0118002322880371,0.1092373209446379,0.0627177700348432,-0.073170731707317,0.0029206724500617,-0.0713067212555441,775.0,699.0,0.9938271604938272,0.0041841004184101,-0.000442469310605,-0.0001654782308093
2003-07-23,865.0,871.0,850.0,865.0,63700.0,865.0,877.0,879.2,854.48,769.1466666666666,769.94,False,False,False,False,False,False,True,True,False,False,False,-0.0173410404624277,-0.0473988439306358,,,0.0121618497109826,0.1108131021194605,0.0404624277456647,-0.0867052023121387,0.0028603127275247,-0.0729071883530482,713.0,681.0,1.318840579710145,0.0042599007583559,7.58003399458319e-05,-6.035972253694072e-05
2003-07-24,855.0,865.0,846.0,846.0,33900.0,846.0,863.8,876.9,857.12,771.0,769.605,False,False,False,False,False,False,True,True,False,True,False,-0.0047281323877068,-0.0023640661938534,,,-0.013144208037825,0.0886524822695035,0.0543735224586288,-0.0721040189125295,0.0024038045827929,-0.0740107195803398,757.0,659.0,0.5321821036106751,0.0030800821355235,-0.0011798186228323,-0.0004565081447318
2003-07-25,846.0,846.0,829.0,829.0,53800.0,829.0,855.6,871.3,857.48,772.8933333333333,769.295,False,False,False,False,False,False,True,True,False,True,False,0.0060313630880579,-0.0096501809408926,,,-0.0343546441495778,0.0676799356654604,0.0735826296743064,-0.0542822677925211,0.0024496696396225,-0.072764834155859,755.0,685.0,1.5870206489675516,0.0004198348649531,-0.0026602472705704,4.586505682958701e-05
2003-07-28,840.0,859.0,840.0,849.0,39900.0,849.0,850.0,870.5,858.6,774.88,769.075,False,False,False,False,False,False,True,True,True,False,False,-0.0270906949352179,-0.0282685512367491,,,-0.0113074204946996,0.0873027090694935,0.071849234393404,-0.0753828032979976,0.0025638378415582,-0.0773118897185525,746.0,678.0,0.741635687732342,0.0013044491031912,0.0008846142382381,0.0001141682019357
2003-07-29,846.0,857.0,845.0,850.0,37800.0,850.0,847.8,867.8,859.76,777.08,769.015,False,False,False,False,False,False,True,True,False,False,False,-0.0447058823529411,-0.0294117647058823,,,-0.0114823529411764,0.0857882352941176,0.088235294117647,-0.0729411764705882,0.0028311113398878,-0.0782438349850195,762.0,690.0,0.9473684210526316,0.0013492137340652,4.476463087403669e-05,0.0002672734983295
2003-07-30,846.0,860.0,846.0,850.0,35500.0,850.0,844.8,860.9,861.08,779.6666666666666,769.455,False,False,False,False,False,False,True,True,False,False,False,-0.0305882352941176,-0.0247058823529411,,,-0.0130352941176471,0.0827450980392157,0.1176470588235294,-0.0988235294117647,0.0033176571184265,-0.0775932164014403,775.0,692.0,0.9391534391534392,0.0015329586101175,0.0001837448760523,0.0004865457785387
2003-07-31,840.0,853.0,840.0,842.0,27600.0,842.0,844.0,853.9,861.56,782.48,770.0,False,False,False,False,False,False,True,True,False,True,False,0.002375296912114,0.0166270783847981,,,-0.0232304038004749,0.070688836104513,0.1520190023752969,-0.0522565320665083,0.0035954060593668,-0.0730764726548776,765.0,685.0,0.7774647887323943,0.0005571289289195,-0.000975829681198,0.0002777489409402
2003-08-01,840.0,840.0,829.0,834.0,51800.0,834.0,845.0,850.3,862.28,784.6533333333333,770.28,False,False,False,False,False,False,True,True,False,False,False,-0.0155875299760191,0.0671462829736211,,,-0.0339088729016786,0.0591686650679456,0.1678657074340527,-0.0419664268585131,0.0027698006763071,-0.0706809361401857,764.0,679.0,1.8768115942028984,0.0008349955930788,0.0002778666641593,-0.0008256053830597
2003-08-04,824.0,830.0,812.0,826.0,61000.0,826.0,840.4,845.2,862.32,786.48,770.74,False,False,False,False,False,False,True,True,False,True,False,-0.0012106537530266,0.0895883777239709,,,-0.0439709443099274,0.0478450363196125,0.1283292978208232,-0.0169491525423728,0.0023225850201743,-0.064718409843824,775.0,690.0,1.1776061776061777,4.638649225354544e-05,-0.0007886091008253,-0.0004472156561327
2003-08-05,826.0,826.0,812.0,812.0,48700.0,812.0,832.8,840.3,861.88,787.68,771.275,False,False,False,False,False,False,False,True,False,True,False,0.0160098522167487,0.0923645320197044,,,-0.0614285714285714,0.0299507389162562,0.1724137931034483,-0.0086206896551724,0.0015234613040827,-0.0584315125550397,777.0,700.0,0.7983606557377049,-0.0005105119042094,-0.000556898396463,-0.0007991237160915
2003-08-06,818.0,834.0,818.0,824.0,33100.0,824.0,827.6,836.2,861.48,789.0666666666667,771.645,False,False,False,False,False,False,False,True,False,False,False,0.0060679611650485,0.1019417475728155,,,-0.0454854368932039,0.0423948220064724,0.1529126213592233,0.0036407766990291,0.0017573504562353,-0.0493900980626645,765.0,723.0,0.6796714579055442,-0.0004643172215257,4.619468268374607e-05,0.0002338891521525
2003-08-07,844.0,850.0,836.0,844.0,43200.0,844.0,828.0,836.0,859.84,791.12,772.1,False,False,False,False,False,False,False,True,False,True,False,0.0142180094786729,0.0639810426540284,,,-0.0187677725118483,0.0626540284360189,0.0900473933649289,-0.0142180094786729,0.0025954764553206,-0.0435406698564593,777.0,743.0,1.3051359516616314,-0.001907331596576,-0.0014430143750503,0.0008381259990853
2003-08-08,840.0,840.0,817.0,821.0,23500.0,821.0,825.4,835.2,857.2,793.0533333333333,772.465,False,False,False,False,False,False,False,True,False,True,False,0.0840438489646772,0.0925700365408039,,,-0.0440925700365408,0.0340397888753553,0.1473812423873325,-0.002436053593179,0.0024378352023402,-0.038433908045977,766.0,745.0,0.5439814814814815,-0.0030797946803546,-0.0011724630837785,-0.0001576412529804
2003-08-11,812.0,840.0,812.0,825.0,20100.0,825.0,825.2,832.8,855.2,795.0133333333333,772.92,False,False,False,False,False,False,False,True,False,False,False,0.0909090909090909,0.0969696969696969,,,-0.0366060606060606,0.0363474747474747,0.1527272727272727,0.0181818181818181,0.0024653674571496,-0.0290585975024014,779.0,774.0,0.8553191489361702,-0.0023386342376052,0.0007411604427493,2.753225480935659e-05
2003-08-12,825.0,837.0,822.0,825.0,21800.0,825.0,827.8,830.3,853.4,796.6933333333334,773.34,False,False,False,False,False,False,False,True,False,False,False,0.0751515151515151,0.109090909090909,,,-0.0344242424242424,0.034311111111111,0.1878787878787878,0.0109090909090909,0.0021087160262418,-0.0205949656750571,772.0,766.0,1.0845771144278606,-0.0021092102179518,0.0002294240196534,-0.0003566514309077
2003-08-13,825.0,834.0,825.0,829.0,14600.0,829.0,828.8,828.2,851.92,798.6666666666666,773.745,False,False,False,False,False,False,False,True,False,False,False,0.0952955367913148,0.0856453558504222,,,-0.0276477683956573,0.0365902694008846,0.1737032569360675,-0.0024125452352231,0.0024707846410683,-0.0107461965708767,774.0,783.0,0.6697247706422018,-0.0017372523241619,0.0003719578937898,0.0003620686148264
2003-08-14,835.0,867.0,829.0,856.0,49600.0,856.0,831.2,829.6,851.4,801.2933333333333,774.425,False,False,False,False,True,False,False,True,False,False,False,0.0490654205607476,0.0420560747663551,,,0.0053738317757009,0.0639096573208723,0.1355140186915887,-0.0292056074766355,0.0032780338452834,-0.0084378013500482,780.0,772.0,3.3972602739726026,-0.0006107587502936,0.0011264935738683,0.0008072492042151
2003-08-15,898.0,898.0,885.0,890.0,69900.0,890.0,845.0,835.2,851.6,804.0266666666666,775.375,False,False,False,False,False,False,True,True,False,False,False,0.0078651685393258,0.0,,,0.0431460674157303,0.0965992509363296,0.1,-0.0595505617977528,0.0033995555702961,-0.010536398467433,820.0,786.0,1.409274193548387,0.0002348520432128,0.0008456107935064,0.0001215217250127
2003-08-18,910.0,910.0,880.0,900.0,28900.0,900.0,860.0,842.6,853.32,806.9866666666667,776.375,False,False,False,False,False,False,True,True,True,False,False,0.0055555555555555,0.0111111111111111,,,0.0518666666666666,0.1033481481481481,0.1111111111111111,-0.12,0.0036679664265415,-0.0215998101115595,821.0,785.0,0.413447782546495,0.0020156564946327,0.0017808044514199,0.0002684108562453
2003-08-19,910.0,911.0,886.0,887.0,64300.0,887.0,872.4,850.1,853.72,809.6133333333333,777.06,False,False,False,False,False,False,True,True,False,True,False,0.0315670800450958,0.0428410372040586,,,0.0375197294250281,0.0872453964674934,0.1600901916572717,-0.1116121758737316,0.0032443470957329,-0.0322315021762145,821.0,775.0,2.2249134948096887,0.0004685376938574,-0.0015471188007753,-0.0004236193308086
2003-08-20,887.0,908.0,878.0,908.0,61600.0,908.0,888.2,858.5,853.28,812.4933333333333,778.015,False,False,False,False,False,False,False,True,False,True,False,-0.0088105726872246,0.0462555066079295,,,0.0602643171806167,0.1051835535976505,0.1563876651982378,-0.1442731277533039,0.0035446444688776,-0.0475247524752474,817.0,713.0,0.95800933125972,-0.0005156572285768,-0.0009841949224342,0.0003002973731447
2003-08-21,900.0,912.0,895.0,898.0,24000.0,898.0,896.6,863.9,852.72,815.3333333333334,779.055,False,False,False,False,False,False,False,True,False,True,False,-0.0066815144766146,0.0801781737193764,,,0.0504231625835189,0.0920564216778024,0.1447661469933185,-0.1425389755011135,0.003483237939493,-0.060655168422271,830.0,757.0,0.3896103896103896,-0.000656722018951,-0.0001410647903742,-6.140652938459862e-05
2003-08-22,912.0,912.0,885.0,897.0,18200.0,897.0,898.0,871.5,853.8,818.24,779.88,False,False,False,False,False,False,True,True,True,False,False,-0.007803790412486,0.0858416945373467,,,0.0481605351170569,0.087803790412486,0.1393534002229654,-0.1337792642140468,0.0035523399817494,-0.0736660929432014,816.0,755.0,0.7583333333333333,0.0012649332396344,0.0019216552585855,6.910204225632184e-05
2003-08-25,908.0,920.0,905.0,905.0,41100.0,905.0,899.0,879.5,854.92,821.1066666666667,780.84,False,False,False,False,False,False,True,True,False,False,False,0.005524861878453,0.0298342541436464,,,0.0553370165745856,0.0926998158379373,0.0817679558011049,-0.1370165745856353,0.0034912232271893,-0.0888004548038658,825.0,746.0,2.258241758241758,0.0013100640995648,4.513085993038709e-05,-6.111675456007973e-05
2003-08-26,925.0,925.0,905.0,915.0,38000.0,915.0,904.6,888.5,857.08,823.9733333333334,781.965,False,False,False,False,False,False,True,True,False,False,False,0.0109289617486338,0.0404371584699453,,,0.0633005464480873,0.0994826958105646,0.0765027322404371,-0.1683060109289617,0.0034790769927829,-0.1062464828362408,823.0,762.0,0.924574209245742,0.002520184813553,0.0012101207139882,-1.2146234406383832e-05
2003-08-27,925.0,925.0,900.0,900.0,19800.0,900.0,903.0,895.6,858.48,826.3333333333334,782.865,False,False,False,False,False,False,True,True,False,True,False,0.0555555555555555,0.0555555555555555,,,0.0461333333333333,0.0818518518518518,0.0688888888888888,-0.1411111111111111,0.0028559903186769,-0.1193613220187583,834.0,775.0,0.5210526315789473,0.0016307893020221,-0.0008893955115309,-0.000623086674106
2003-08-28,901.0,901.0,890.0,892.0,16900.0,892.0,901.8,899.2,860.32,828.32,783.725,False,False,False,False,False,False,True,True,False,False,False,0.0874439461883408,0.0313901345291479,,,0.0355156950672645,0.0713901345291479,-0.0100896860986547,-0.1154708520179372,0.0023984289485545,-0.1275578291814947,885.0,765.0,0.8535353535353535,0.002138739073833,0.0005079497718108,-0.0004575613701223
2003-08-29,882.0,896.0,880.0,890.0,55700.0,890.0,900.4,899.2,862.76,830.2533333333333,784.57,False,False,False,False,False,False,True,True,False,False,False,0.0943820224719101,0.0584269662921348,,,0.0306067415730337,0.0671310861423221,0.0044943820224719,-0.097752808988764,0.0023286065297338,-0.1313389679715302,887.0,764.0,3.2958579881656807,0.0028281329686122,0.0006893938947792,-6.98224188206858e-05
2003-09-01,910.0,915.0,899.0,910.0,26300.0,910.0,901.4,900.2,865.2,832.0666666666667,785.52,False,False,False,False,False,False,True,True,False,True,False,0.0241758241758241,0.045054945054945,,,0.0492307692307691,0.0856410256410255,-0.0197802197802197,-0.1087912087912088,0.0021793125550837,-0.1301932903799156,875.0,775.0,0.4721723518850987,0.0028201571890892,-7.975779523000746e-06,-0.00014929397465
2003-09-02,925.0,939.0,915.0,925.0,96600.0,925.0,903.4,904.0,868.2,834.1866666666666,786.625,False,False,False,False,False,False,True,True,False,False,False,0.0291891891891891,0.0594594594594594,,,0.0614054054054053,0.0981765765765766,-0.0421621621621621,-0.121081081081081,0.0025413976088484,-0.1310840707964601,870.0,777.0,3.673003802281369,0.0034554250172771,0.0006352678281878,0.0003620850537646
2003-09-03,945.0,950.0,928.0,950.0,67800.0,950.0,913.4,908.2,872.2,836.4133333333333,787.75,False,False,False,False,False,False,True,True,False,False,False,0.0,0.0242105263157894,,,0.0818947368421052,0.1195649122807017,-0.0789473684210526,-0.1505263157894736,0.002662160654222,-0.1317991631799163,866.0,765.0,0.7018633540372671,0.0045861041045631,0.001130679087286,0.0001207630453736
2003-09-04,964.0,998.0,932.0,970.0,73900.0,970.0,929.0,915.4,877.32,839.0533333333333,789.0,False,False,False,False,False,False,True,True,False,False,False,-0.0515463917525773,0.002061855670103,,,0.0955463917525772,0.1349965635738832,-0.1092783505154639,-0.1659793814432989,0.0031464030891957,-0.1343674896220231,869.0,777.0,1.0899705014749264,0.0058359549537227,0.0012498508491595,0.0004842424349737
2003-09-05,961.0,990.0,960.0,974.0,78800.0,974.0,945.8,923.1,882.92,841.56,790.355,False,False,False,False,False,False,True,True,False,False,False,-0.0328542094455852,0.0051334702258726,,,0.0935112936344969,0.1359753593429158,-0.0913757700205338,-0.1611909650924024,0.002978595307128,-0.1372549019607843,885.0,766.0,1.0663058186738836,0.0063425904951749,0.0005066355414522,-0.0001678077820677
2003-09-08,944.0,970.0,926.0,932.0,84700.0,932.0,950.2,925.8,887.16,843.52,791.54,False,False,False,False,False,False,True,True,False,True,False,0.0203862660944206,0.0729613733905579,,,0.0481115879828326,0.0949356223175965,-0.0482832618025751,-0.1030042918454935,0.0023235963581184,-0.1338302009073233,857.0,779.0,1.0748730964467006,0.0047792957301952,-0.0015632947649797,-0.0006549989490096
2003-09-09,939.0,953.0,939.0,952.0,34000.0,952.0,955.6,929.5,892.76,845.88,792.835,False,False,False,False,False,False,True,True,False,False,False,0.0294117647058823,0.0808823529411764,,,0.0622268907563025,0.1114705882352941,-0.0714285714285714,-0.1029411764705882,0.0027899938525559,-0.1272727272727272,877.0,772.0,0.4014167650531287,0.0062726824678525,0.0014933867376572,0.0004663974944375
2003-09-10,961.0,961.0,945.0,950.0,39000.0,950.0,955.6,934.5,897.8,849.04,794.16,False,False,False,False,False,False,True,True,False,True,False,0.0242105263157894,0.1052631578947368,,,0.0549473684210526,0.1062736842105263,-0.0842105263157894,-0.1210526315789473,0.0037218505606331,-0.1253076511503478,919.0,774.0,1.1470588235294117,0.005613722432613,-0.0006589600352395,0.0009318567080772
2003-09-11,920.0,932.0,917.0,920.0,45700.0,920.0,945.6,937.3,900.84,851.2133333333334,795.27,False,False,False,False,False,False,True,True,False,True,False,0.0565217391304347,0.117391304347826,,,0.0208260869565217,0.0747681159420289,-0.0684782608695652,-0.1021739130434782,0.0025532181513448,-0.1239731142643763,912.0,780.0,1.171794871794872,0.0033746281248613,-0.0022390943077516,-0.0011686324092883
2003-09-12,960.0,968.0,938.0,942.0,91400.0,942.0,939.2,942.5,905.68,853.7066666666667,796.43,False,False,False,False,False,False,True,True,False,False,False,0.0392781316348195,0.0849256900212314,,,0.0385562632696391,0.093729653220099,-0.10828025477707,-0.1157112526539278,0.002920597238708,-0.1256233421750663,870.0,820.0,2.0,0.0053440508788975,0.0019694227540362,0.0003673790873632
2003-09-16,946.0,959.0,935.0,951.0,46700.0,951.0,943.0,946.6,910.72,856.44,797.54,False,False,False,False,False,False,True,True,False,False,False,0.0515247108307045,0.0294426919032597,,,0.0423554153522607,0.0994321766561513,-0.167192429022082,-0.1293375394321766,0.0031915059237463,-0.12761462074794,877.0,821.0,0.5109409190371991,0.0055340829234013,0.0001900320445038,0.0002709086850383
2003-09-17,971.0,990.0,967.0,980.0,80600.0,980.0,948.6,952.1,916.92,859.3466666666667,798.685,False,False,False,False,False,False,True,True,False,False,False,0.05,0.0051020408163265,,,0.0643673469387755,0.1231156462585033,-0.1806122448979591,-0.1479591836734693,0.0033824145474856,-0.1303434513181388,861.0,821.0,1.7259100642398286,0.0067617676569383,0.001227684733537,0.0001909086237392
2003-09-18,970.0,981.0,952.0,973.0,58100.0,973.0,953.2,954.4,922.68,861.9866666666667,799.695,False,False,False,False,False,False,True,True,False,True,False,0.079136690647482,-0.0113052415210688,,,0.0517163412127441,0.1140938677629325,-0.1726618705035971,-0.1418293936279547,0.003062692385033,-0.1295054484492875,865.0,817.0,0.7208436724565757,0.0062426843542723,-0.000519083302666,-0.0003197221624526
2003-09-19,974.0,979.0,962.0,972.0,189800.0,972.0,963.6,954.6,927.32,864.7466666666667,800.695,False,False,False,False,False,False,True,True,False,True,False,0.0576131687242798,-0.0915637860082304,,,0.0459670781893003,0.1103429355281207,-0.1604938271604938,-0.1368312757201646,0.0031916861971135,-0.1265451498009638,846.0,830.0,3.2667814113597244,0.0050036664797481,-0.0012390178745241,0.0001289938120805
2003-09-22,966.0,979.0,960.0,979.0,48200.0,979.0,971.0,955.1,930.88,867.6133333333333,801.605,False,False,False,False,False,False,True,True,False,True,False,0.0439223697650663,-0.08682328907048,,,0.0491521961184882,0.1137759618658495,-0.1573033707865168,-0.1430030643513789,0.0033040832321618,-0.1246989843995393,829.0,816.0,0.2539515279241306,0.0038243382605705,-0.0011793282191776,0.0001123970350482
2003-09-24,999.0,1020.0,989.0,1000.0,127800.0,1000.0,980.8,961.9,934.88,870.6133333333333,802.5,False,False,False,False,False,False,True,True,False,False,True,-0.021,-0.108,,,0.06512,0.1293866666666666,-0.168,-0.136,0.0034458466062239,-0.1279758810687181,849.0,825.0,2.6514522821576763,0.0042786239945233,0.0004542857339527,0.0001417633740621
2003-09-25,1011.0,1044.0,1011.0,1029.0,237900.0,1029.0,990.6,969.6,940.56,873.9733333333334,803.565,False,False,False,False,False,False,True,True,False,False,False,-0.042759961127308,-0.1389698736637512,,,0.0859475218658892,0.150657596371882,-0.2021379980563654,-0.1564625850340136,0.0038445108927808,-0.1334570957095709,850.0,823.0,1.8615023474178405,0.0060389555158628,0.0017603315213394,0.0003986642865569
2003-09-26,1027.0,1050.0,1000.0,1050.0,417700.0,1050.0,1006.0,979.6,946.24,877.7733333333333,804.805,False,False,False,False,False,False,True,True,False,True,False,-0.0838095238095238,-0.1666666666666666,,,0.0988190476190476,0.1640253968253968,-0.2152380952380952,-0.1571428571428571,0.0043291358437257,-0.1371988566761943,850.0,834.0,1.7557797393862968,0.0060027054447075,-3.625007115529589e-05,0.0004846249509448
2003-09-29,1030.0,1059.0,1004.0,1028.0,130800.0,1028.0,1017.2,990.4,951.44,881.12,805.92,False,False,False,False,False,False,True,True,False,True,False,-0.1410505836575875,-0.159533073929961,,,0.0744747081712061,0.1428793774319066,-0.1984435797665369,-0.1361867704280155,0.0037981962350947,-0.1403473344103392,842.0,885.0,0.3131434043571942,0.0054653998150172,-0.0005373056296902,-0.0005309396086309
2003-09-30,1030.0,1042.0,1008.0,1022.0,66000.0,1022.0,1025.8,998.4,956.44,884.5333333333333,807.075,False,False,False,False,False,False,True,True,False,True,False,-0.1252446183953033,-0.134050880626223,,,0.0641487279843443,0.1345075016307893,-0.2054794520547945,-0.0900195694716242,0.0038589086523967,-0.137520032051282,834.0,887.0,0.5045871559633027,0.0052277194596629,-0.0002376803553543,6.071241730194743e-05
2003-10-01,1006.0,1010.0,979.0,979.0,196700.0,979.0,1021.6,1001.2,959.4,887.2,807.99,False,False,False,False,False,False,True,True,False,True,False,-0.0888661899897855,-0.093973442288049,,,0.020020429009193,0.0937691521961184,-0.1736465781409601,-0.0551583248212461,0.0030057108506162,-0.1302437075509389,826.0,875.0,2.9803030303030305,0.0030852616218469,-0.002142457837816,-0.0008531978017804
2003-10-02,980.0,1000.0,980.0,985.0,108300.0,985.0,1012.8,1001.7,962.2,890.04,808.86,False,False,False,False,False,False,True,True,False,True,False,-0.1005076142131979,-0.1025380710659898,,,0.0231472081218273,0.0964060913705584,-0.1898477157360406,-0.0619289340101522,0.003190867826165,-0.1217929519816312,812.0,870.0,0.5505846466700559,0.0029099979214301,-0.0001752637004167,0.0001851569755487
2003-10-03,985.0,995.0,961.0,962.0,119600.0,962.0,995.2,1000.6,964.68,892.5466666666666,809.51,False,False,False,False,False,False,True,True,False,True,False,-0.0904365904365904,-0.0956340956340956,,,-0.0027858627858627,0.0721968121968122,-0.1787941787941788,-0.0446985446985447,0.0028084432560015,-0.1124325404757145,824.0,866.0,1.1043397968605724,0.0025708006800181,-0.0003391972414119,-0.0003824245701634
2003-10-06,892.0,892.0,877.0,883.0,370800.0,883.0,966.2,991.7,964.32,893.92,809.77,False,False,False,False,False,False,False,True,False,True,False,-0.0215175537938844,-0.029445073612684,,,-0.0920951302378256,-0.0123669309173272,-0.1109852774631936,0.0215175537938844,0.0015363045164369,-0.0981143490975093,844.0,869.0,3.100334448160535,-0.0003733200597311,-0.0029441207397492,-0.0012721387395645
2003-10-07,889.0,908.0,885.0,894.0,219000.0,894.0,940.6,983.2,964.48,894.9066666666666,810.15,False,False,False,False,False,False,True,True,False,False,False,-0.0100671140939597,-0.0604026845637583,,,-0.0788366890380313,-0.001014168530947,-0.1230425055928411,0.0022371364653243,0.0011025358324145,-0.084519934906428,821.0,885.0,0.5906148867313916,0.0001658925016588,0.0005392125613899,-0.0004337686840224
2003-10-08,896.0,902.0,888.0,892.0,69000.0,892.0,923.2,972.4,963.76,895.8533333333334,810.62,False,False,False,False,False,False,False,True,False,True,False,-0.0056053811659192,-0.1121076233183856,,,-0.0804484304932735,-0.0043198804185351,-0.1199551569506726,0.0257847533632287,0.0010567205941449,-0.0691073632250102,825.0,857.0,0.3150684931506849,-0.0007470739603221,-0.0009129664619809,-4.581523826963823e-05
2003-10-09,893.0,900.0,886.0,886.0,53300.0,886.0,903.4,958.1,962.2,896.72,810.96,False,False,False,False,False,False,False,True,False,True,False,-0.0022573363431151,-0.0936794582392776,,,-0.0860045146726862,-0.012099322799097,-0.110609480812641,0.0519187358916478,0.0009664852648169,-0.0485335559962425,825.0,877.0,0.7724637681159421,-0.0016212845562252,-0.0008742105959031,-9.023532932795796e-05
2003-10-10,889.0,895.0,875.0,875.0,93400.0,875.0,886.0,940.6,959.2,897.4933333333333,811.265,False,False,False,False,False,False,False,True,False,True,False,-0.0057142857142857,-0.08,,,-0.0962285714285714,-0.0257066666666666,-0.1245714285714285,0.1245714285714285,0.0008616591395293,-0.0203061875398681,829.0,919.0,1.7523452157598498,-0.0031276063386155,-0.0015063217823902,-0.0001048261252876
2003-10-14,880.0,889.0,864.0,864.0,84000.0,864.0,882.2,924.2,954.96,897.9466666666667,811.55,False,False,False,False,False,False,False,True,False,True,False,-0.0081018518518518,-0.0555555555555555,,,-0.1052777777777778,-0.0392901234567901,-0.0763888888888889,0.1875,0.0005048555222285,0.0120103873620427,856.0,912.0,0.8993576017130621,-0.0044399765435201,-0.0013123702049046,-0.0003568036173007
2003-10-15,868.0,894.0,867.0,885.0,102800.0,885.0,880.4,910.5,951.4,898.8666666666667,811.875,False,False,False,False,False,False,False,True,False,False,False,-0.0508474576271186,-0.0677966101694915,,,-0.0750282485875706,-0.015668549905838,-0.0971751412429378,0.1265536723163841,0.0010235110880367,0.0345963756177924,890.0,870.0,1.223809523809524,-0.003741854109733,0.000698122433787,0.0005186555658082
2003-10-16,897.0,897.0,882.0,887.0,36400.0,887.0,879.4,901.3,949.6,899.6933333333334,812.29,False,False,False,False,False,False,False,True,False,False,False,-0.1071025930101465,-0.0620067643742953,,,-0.0705749718151071,-0.0143104096204435,-0.0845546786922209,0.117249154453213,0.0009188316018792,0.0524797514700988,900.0,877.0,0.3540856031128405,-0.0018955349620892,0.0018463191476438,-0.0001046794861575
2003-10-17,885.0,886.0,874.0,884.0,46500.0,884.0,879.0,891.2,946.88,900.5066666666667,812.71,False,False,False,False,False,False,False,True,False,True,False,-0.0916289592760181,-0.0712669683257918,,,-0.071131221719457,-0.0186726998491704,-0.089366515837104,0.1221719457013574,0.0009031952382361,0.0720377019748652,887.0,861.0,1.2774725274725274,-0.0028725920919229,-0.0009770571298337,-1.563636364301942e-05
2003-10-20,885.0,885.0,870.0,870.0,73600.0,870.0,878.0,882.0,943.68,900.9866666666668,812.93,False,False,False,False,False,False,False,True,False,True,False,-0.0747126436781609,-0.0528735632183908,,,-0.0846896551724137,-0.035616858237548,-0.0494252873563218,0.1988505747126436,0.0005327492822684,0.0972789115646258,908.0,865.0,1.5827956989247312,-0.003390979993218,-0.0005183879012951,-0.0003704459559677
2003-10-21,875.0,875.0,855.0,857.0,87700.0,857.0,876.6,879.4,941.16,900.6133333333333,813.015,False,False,False,False,False,False,False,False,False,False,False,-0.0478413068844807,-0.0385064177362893,,,-0.0982030338389731,-0.0508907040062232,-0.029171528588098,0.2112018669778296,-0.0004145323187162,0.1159881737548328,898.0,846.0,1.1915760869565215,-0.0026775468570699,0.0007134331361481,-0.0009472816009847
2003-10-22,850.0,854.0,837.0,840.0,79300.0,840.0,867.6,874.0,937.08,899.9866666666667,813.085,False,False,False,False,False,False,False,False,False,True,False,-0.0178571428571428,-0.0333333333333333,,,-0.1155714285714286,-0.0714126984126984,-0.025,0.2797619047619047,-0.0006963066119498,0.1433638443935926,897.0,829.0,0.904218928164196,-0.0043539505698552,-0.0016764037127852,-0.0002817742932335
2003-10-23,825.0,825.0,792.0,792.0,83800.0,792.0,848.6,864.0,930.72,898.88,813.02,False,False,False,False,False,False,False,False,False,True,False,0.0505050505050505,0.0214646464646464,,,-0.1751515151515152,-0.1349494949494949,0.0606060606060606,0.3623737373737373,-0.0012311617420197,0.1755787037037037,905.0,849.0,1.0567465321563685,-0.0068334192882929,-0.0024794687184377,-0.0005348551300699
2003-10-24,825.0,828.0,800.0,803.0,62500.0,803.0,832.4,855.7,923.64,897.9866666666667,812.885,False,False,False,False,False,False,False,False,False,True,False,0.0224159402241594,-0.0062266500622665,,,-0.1502366127023661,-0.1182897467828974,0.0386052303860523,0.3312577833125778,-0.0009948180373873,0.2029917026995442,915.0,850.0,0.7458233890214797,-0.0076653241522671,-0.0008319048639742,0.0002363437046323
2003-10-27,805.0,840.0,805.0,805.0,70700.0,805.0,819.4,848.7,916.92,897.1733333333333,812.805,False,False,False,False,False,False,False,False,False,False,False,0.0236024844720496,-0.0186335403726708,,,-0.139031055900621,-0.1145010351966873,0.0273291925465838,0.3391304347826087,-0.0009065509451908,0.2239896312006597,900.0,850.0,1.1312,-0.007328883653972,0.0003364404982951,8.826709219643782e-05
2003-10-28,820.0,826.0,810.0,816.0,26400.0,816.0,811.2,843.9,910.68,896.4666666666667,812.76,False,False,False,False,False,False,False,False,False,False,False,0.0098039215686274,-0.0379901960784313,,,-0.1160294117647058,-0.0986111111111111,0.0183823529411764,0.346813725490196,-0.0007882799137353,0.2396018485602558,892.0,842.0,0.3734087694483734,-0.0068520226643826,0.0004768609895893,0.0001182710314555
2003-10-29,826.0,829.0,820.0,825.0,75000.0,825.0,808.2,837.9,904.52,895.6666666666666,812.92,False,False,False,False,False,False,False,False,False,False,False,-0.0157575757575757,-0.0496969696969697,,,-0.0963878787878787,-0.0856565656565656,0.0145454545454545,0.3345454545454545,-0.0008931894305918,0.260890321040697,890.0,834.0,2.840909090909091,-0.0068102418962543,4.178076812833779e-05,-0.0001049095168564
2003-10-30,815.0,837.0,810.0,832.0,62000.0,832.0,816.2,832.4,897.8,895.3333333333334,813.105,False,False,False,False,False,False,False,False,False,True,False,-0.0276442307692307,-0.0564903846153846,,,-0.0790865384615384,-0.0761217948717949,-0.048076923076923,0.3353365384615384,-0.0003723008190617,0.2836376741950985,910.0,826.0,0.8266666666666667,-0.0074849632434841,-0.0006747213472297,0.00052088861153
2003-10-31,839.0,839.0,815.0,821.0,45300.0,821.0,819.8,826.1,889.48,894.5866666666667,813.11,False,False,True,False,False,False,False,False,False,True,False,-0.028014616321559,-0.0401948842874543,,,-0.0834104750304507,-0.0896305318717012,-0.0401948842874543,0.3373934226552984,-0.0008346498941783,0.3062583222370171,925.0,812.0,0.7306451612903225,-0.0093537797364751,-0.001868816492991,-0.0004623490751166
2003-11-04,823.0,833.0,815.0,824.0,72000.0,824.0,823.6,821.5,880.44,893.32,813.085,False,False,False,False,False,False,False,False,False,True,False,-0.0412621359223301,-0.0703883495145631,,,-0.068495145631068,-0.084126213592233,-0.0570388349514563,0.3179611650485437,-0.0014179316109195,0.31880706025563,950.0,824.0,1.5894039735099337,-0.0102675934759892,-0.000913813739514,-0.0005832817167412
2003-11-05,824.0,830.0,812.0,824.0,93800.0,824.0,825.2,818.2,872.28,892.1466666666666,813.09,False,False,False,False,False,False,False,False,False,False,False,-0.0473300970873786,-0.0315533980582524,,,-0.0585922330097087,-0.0827022653721682,-0.0655339805825242,0.3118932038834951,-0.0013151798657919,0.32938156929846,970.0,844.0,1.3027777777777778,-0.0093547943320952,0.0009127991438939,0.0001027517451275
2003-11-06,819.0,830.0,807.0,812.0,78300.0,812.0,822.6,815.4,863.88,891.3733333333333,813.02,False,False,False,False,False,False,False,False,False,True,False,-0.0344827586206896,-0.0160098522167487,,,-0.0638916256157635,-0.0977504105090312,-0.043103448275862,0.3460591133004926,-0.0008675751275185,0.3361540348295315,974.0,821.0,0.8347547974413646,-0.009723572718433,-0.0003687783863377,0.0004476047382733
2003-11-07,805.0,820.0,805.0,809.0,47200.0,809.0,818.0,817.1,857.08,890.4666666666667,812.815,False,False,False,False,False,False,False,False,False,False,True,-0.0296662546353522,0.003708281829419,,,-0.0594313967861558,-0.1007004532344458,-0.034610630407911,0.3053152039555006,-0.0010181927079433,0.3305592950679231,932.0,825.0,0.6028097062579821,-0.0079339151537778,0.0017896575646551,-0.0001506175804248
2003-11-10,808.0,808.0,780.0,798.0,97500.0,798.0,813.4,816.6,849.6,889.6266666666667,812.465,False,False,False,False,False,False,False,False,False,True,False,-0.012531328320802,0.0087719298245614,,,-0.0646616541353383,-0.1148203842940685,-0.0463659147869674,0.2807017543859649,-0.0009442163004706,0.3256184178300269,952.0,825.0,2.065677966101695,-0.008804143126177,-0.0008702279723991,7.397640747272278e-05
2003-11-11,800.0,800.0,773.0,790.0,96400.0,790.0,806.6,815.1,842.72,888.6266666666667,812.17,False,False,False,False,False,False,False,False,False,False,False,-0.030379746835443,0.0468354430379746,,,-0.0667341772151899,-0.12484388185654,-0.0215189873417721,0.2936708860759494,-0.001125331972932,0.3211875843454791,950.0,829.0,0.9887179487179488,-0.008164040250617,0.00064010287556,-0.0001811156724613
2003-11-12,781.0,795.0,781.0,785.0,41500.0,785.0,798.8,812.0,838.8,887.8133333333334,811.775,False,False,False,False,False,False,False,False,False,False,False,0.0165605095541401,0.0598726114649681,,,-0.0685350318471337,-0.1309723991507431,0.0050955414012738,0.2713375796178344,-0.0009161084912743,0.3137931034482758,920.0,856.0,0.4304979253112033,-0.0046733428707678,0.0034906973798491,0.0002092234816576
2003-11-13,785.0,791.0,770.0,784.0,137100.0,784.0,793.2,807.9,834.4,887.2133333333334,811.205,False,False,False,False,False,False,False,False,False,True,False,0.0191326530612244,0.0446428571428571,,,-0.0642857142857142,-0.1316496598639456,0.024234693877551,0.288265306122449,-0.0006762747779564,0.3091966827577671,942.0,890.0,3.3036144578313253,-0.0052732502396931,-0.0005999073689253,0.0002398337133179
2003-11-14,783.0,791.0,778.0,785.0,84600.0,785.0,788.4,803.2,830.12,886.36,810.85,False,False,False,False,False,False,False,False,False,False,False,0.0343949044585987,0.0700636942675159,,,-0.0574777070063694,-0.1291210191082802,0.0331210191082802,0.2917197452229299,-0.0009627389924334,0.3047808764940238,951.0,900.0,0.6170678336980306,-0.0051558810774345,0.0001173691622586,-0.000286464214477
2003-11-17,790.0,797.0,784.0,788.0,98300.0,788.0,786.4,799.9,826.2,885.5333333333333,810.34,False,False,False,False,False,False,False,False,False,False,False,0.0215736040609137,0.0583756345177665,,,-0.0484771573604061,-0.1237732656514382,0.031725888324873,0.2817258883248731,-0.0009335240533012,0.2991623952994125,980.0,887.0,1.16193853427896,-0.0047446138949406,0.0004112671824939,2.921493913223374e-05
2003-11-18,785.0,785.0,758.0,766.0,47500.0,766.0,781.6,794.1,821.84,884.4133333333333,809.905,False,False,False,False,False,False,False,False,False,True,False,0.0796344647519582,0.0796344647519582,,,-0.0728981723237598,-0.154586597040905,0.0535248041775456,0.3381201044386423,-0.001266376204188,0.3009696511774334,973.0,908.0,0.4832146490335707,-0.0053051688893215,-0.0005605549943808,-0.0003328521508868
2003-11-19,766.0,799.0,766.0,798.0,62300.0,798.0,784.2,791.5,819.2,883.8266666666667,809.68,False,False,False,False,False,False,False,False,False,False,False,0.0426065162907268,0.0413533834586466,,,-0.0265664160401003,-0.1075522138680034,0.0137844611528822,0.3208020050125313,-0.0006637802284006,0.3018319646241315,972.0,898.0,1.311578947368421,-0.0032226562499999,0.0020825126393215,0.0006025959757874
2003-11-20,796.0,811.0,782.0,799.0,63600.0,799.0,787.2,790.2,815.76,883.36,809.575,False,False,False,False,False,False,False,False,False,True,False,0.0250312891113892,0.0475594493116395,,,-0.0209762202753441,-0.1055819774718398,0.0225281602002503,0.3178973717146433,-0.0005282859385377,0.2989116679321691,979.0,897.0,1.0208667736757624,-0.0042169265470237,-0.0009942702970237,0.0001354942898629
2003-11-21,800.0,815.0,800.0,812.0,47100.0,812.0,792.6,790.5,812.76,883.1733333333333,809.385,False,False,False,False,False,False,False,False,False,False,False,0.0344827586206896,-0.0246305418719211,,,-0.0009359605911329,-0.0876518883415434,0.0295566502463054,0.3017241379310345,-0.0002113590386183,0.2985452245414294,1000.0,905.0,0.7405660377358491,-0.0036911265318175,0.0005258000152061,0.0003169268999193
2003-11-25,820.0,823.0,798.0,805.0,80300.0,805.0,796.0,791.2,809.6,883.08,809.19,False,False,False,False,False,False,False,False,False,True,False,0.0360248447204968,-0.0211180124223602,,,-0.0057142857142857,-0.0969937888198758,0.0608695652173913,0.3267080745341615,-0.0001056906886502,0.303210313447927,1029.0,915.0,1.7048832271762209,-0.0039031620553359,-0.0002120355235184,0.0001056683499681
2003-11-26,807.0,838.0,807.0,827.0,69100.0,827.0,808.2,794.9,807.88,883.12,809.125,False,False,False,False,True,False,False,True,False,False,True,0.0,-0.060459492140266,,,0.0231197097944377,-0.0678597339782345,0.0096735187424425,0.3288996372430471,4.529395778599015e-05,0.3068310479305572,1050.0,900.0,0.8605230386052304,-0.0021290290637223,0.0017741329916135,0.0001509846464362
2003-11-27,830.0,837.0,828.0,832.0,75600.0,832.0,815.0,799.6,806.88,882.96,809.185,False,False,False,False,False,False,False,False,False,False,False,-0.001201923076923,-0.0745192307692307,,,0.0301923076923077,-0.06125,-0.0072115384615384,0.3040865384615384,-0.0001812086617739,0.3100300150075037,1028.0,892.0,1.0940665701881331,-0.0012393416617093,0.000889687402013,-0.0002265026195599
2003-11-28,830.0,830.0,815.0,819.0,68900.0,819.0,819.0,803.1,806.04,882.9333333333333,809.195,False,False,False,False,False,False,False,False,False,False,False,0.0219780219780219,-0.0512820512820512,,,0.0158241758241758,-0.078062678062678,0.017094017094017,0.3076923076923077,-3.0202355783852425e-05,0.3119163242435561,1022.0,890.0,0.9113756613756614,-0.0010421319041239,0.0001972097575853,0.0001510063059901
2003-12-01,829.0,840.0,820.0,840.0,107900.0,840.0,824.6,808.6,807.96,883.1333333333333,809.395,False,False,False,False,False,False,True,True,True,False,False,-0.0571428571428571,-0.0702380952380952,,,0.038142857142857,-0.0513492063492063,-0.0142857142857142,0.2666666666666666,0.0002264663697441,0.3091763541924312,979.0,910.0,1.5660377358490567,0.0023763552651122,0.0034184871692361,0.0002566687255279
2003-12-02,840.0,841.0,826.0,834.0,98900.0,834.0,830.4,813.2,809.2,883.2533333333333,809.54,False,False,False,False,False,False,True,True,False,True,False,-0.0551558752997601,-0.0875299760191846,,,0.029736211031175,-0.0590567545963229,0.001199040767386,0.2913669064748201,0.0001358613610289,0.3100098376783078,985.0,925.0,0.9165894346617238,0.0015323776569451,-0.000843977608167,-9.060500871521596e-05
2003-12-03,834.0,835.0,827.0,827.0,43000.0,827.0,830.4,819.3,810.08,883.2266666666667,809.57,False,False,False,False,False,False,True,False,False,True,False,-0.060459492140266,-0.0652962515114873,,,0.0204594921402659,-0.0679887142281338,0.0096735187424425,0.2986698911729141,-3.0192325110929333e-05,0.3062370316123521,962.0,950.0,0.4347826086956521,0.0010863124629666,-0.0004460651939785,-0.0001660536861398
2003-12-04,828.0,836.0,827.0,831.0,78800.0,831.0,830.2,822.6,810.68,882.8933333333333,809.65,False,False,False,False,False,False,True,False,False,True,False,-0.0734055354993983,-0.0505415162454873,,,0.0244524669073406,-0.0624468511833132,0.0096269554753309,0.2851985559566787,-0.0003775465514898,0.3026987600291756,883.0,970.0,1.832558139534884,0.0007401194059307,-0.0003461930570359,-0.0003473542263789
2003-12-05,841.0,858.0,837.0,837.0,113900.0,837.0,833.8,826.4,811.16,882.1866666666666,809.71,False,False,False,False,False,False,True,False,False,True,False,-0.07168458781362,-0.040621266427718,,,0.0308721624850657,-0.0539864595778573,0.002389486260454,0.2819593787335723,-0.0008010398403966,0.2991287512100677,894.0,974.0,1.4454314720812182,0.0005917451550865,-0.0001483742508441,-0.0004234932889067
2003-12-08,837.0,842.0,775.0,792.0,102100.0,792.0,824.2,824.4,809.56,880.7466666666667,809.605,False,False,False,False,False,True,False,False,False,True,False,-0.0138888888888888,0.0239898989898989,,,-0.0221717171717171,-0.112053872053872,0.0909090909090909,0.369949494949495,-0.0016349763836743,0.3056768558951966,892.0,932.0,0.8964003511852502,-0.0019763822323237,-0.0025681273874103,-0.0008339365432777
2003-12-09,812.0,812.0,782.0,788.0,101500.0,788.0,815.0,822.7,808.24,879.4266666666666,809.495,False,False,False,False,False,False,False,False,False,False,False,-0.0342639593908629,0.031725888324873,,,-0.0256852791878172,-0.1160236886632825,0.1015228426395939,0.3934010152284264,-0.0015009779098504,0.3120213929743528,886.0,952.0,0.9941234084231146,-0.0016331782638819,0.0003432039684418,0.0001339984738239
2003-12-10,798.0,798.0,737.0,777.0,140800.0,777.0,805.0,817.7,806.36,877.68,809.415,False,False,False,False,False,False,False,False,False,True,False,-0.0051480051480051,0.0386100386100386,,,-0.0377863577863578,-0.1295752895752895,0.138996138996139,0.3912483912483912,-0.0019900950992009,0.3178427296074353,875.0,950.0,1.387192118226601,-0.0023314648544074,-0.0006982865905255,-0.0004891171893505
2003-12-11,777.0,782.0,760.0,770.0,117100.0,770.0,792.8,811.5,804.2,875.9733333333334,809.345,False,False,False,False,False,False,False,False,False,True,False,0.0246753246753246,0.0506493506493506,,,-0.0444155844155844,-0.1376277056277056,0.1532467532467532,0.4038961038961039,-0.0019483089287344,0.3274183610597659,864.0,920.0,0.8316761363636364,-0.0026858990300919,-0.0003544341756845,4.178617046649968e-05
2003-12-12,775.0,795.0,775.0,777.0,146500.0,777.0,780.8,807.3,802.8,874.3733333333333,809.335,False,False,False,False,False,False,False,False,False,False,False,0.0334620334620334,0.0514800514800514,,,-0.0332046332046331,-0.1253196053196053,0.1969111969111969,0.3873873873873873,-0.0018298819726127,0.3351913786696397,885.0,942.0,1.251067463706234,-0.0017438963627305,0.0009420026673614,0.0001184269561216
2003-12-15,780.0,793.0,780.0,781.0,129200.0,781.0,778.6,801.4,801.68,872.72,809.31,False,False,False,False,False,False,False,False,False,False,False,0.0384122919334186,0.0704225352112676,,,-0.0264788732394365,-0.1174391805377721,0.1843790012804097,0.3713188220230474,-0.001894460231613,0.3458946843024706,887.0,951.0,0.8819112627986349,-0.0013970661610617,0.0003468302016687,-6.45782590002193e-05
2003-12-16,782.0,782.0,761.0,761.0,83000.0,761.0,773.2,794.1,800.2,870.6666666666666,809.23,False,False,False,False,False,False,False,False,False,True,False,0.0683311432325887,0.1222076215505913,,,-0.0515111695137976,-0.1441086289969338,0.2141918528252299,0.4139290407358738,-0.0023583460949464,0.3581412920287117,884.0,980.0,0.6424148606811145,-0.0018495376155959,-0.0004524714545342,-0.0004638858633334
2003-12-17,777.0,786.0,762.0,773.0,85000.0,773.0,772.4,788.7,799.52,868.9733333333334,809.195,False,False,False,False,False,False,False,False,False,False,False,0.0439844760672703,0.0802069857697283,,,-0.0343078913324708,-0.1241569642087106,0.1888745148771022,0.4463130659767141,-0.00194865972105,0.3730188918473437,870.0,973.0,1.0240963855421688,-0.0008505103061837,0.0009990273094121,0.0004096863738964
2003-12-18,773.0,793.0,773.0,789.0,74700.0,789.0,776.2,784.5,799.68,867.6,809.23,False,False,False,False,False,False,True,False,False,False,False,0.0253485424588086,0.0468948035487959,,,-0.0135361216730037,-0.0996197718631179,0.1432192648922687,0.4702154626108998,-0.0015829107115414,0.3920968769917143,857.0,972.0,0.8788235294117647,0.0002000800320127,0.0010505903381965,0.0003657490095086
2003-12-19,799.0,807.0,797.0,803.0,94000.0,803.0,781.4,781.1,800.44,866.44,809.395,False,False,False,True,True,False,True,False,False,False,False,0.0174346201743462,0.037359900373599,,,0.0031880448318803,-0.0790037359900374,0.1158156911581569,0.526774595267746,-0.0013388116892109,0.4177442068877225,840.0,979.0,1.2583668005354751,0.0009494777872171,0.0007493977552043,0.0002440990223304
2003-12-22,803.0,812.0,803.0,811.0,57600.0,811.0,787.4,783.0,801.48,865.12,809.555,False,False,False,False,False,False,True,False,False,False,True,0.0308261405672009,0.0209617755856966,,,0.0117385943279901,-0.0667324290998767,0.1282367447595561,0.5536374845869297,-0.0015257998890327,0.436653895274585,792.0,1000.0,0.6127659574468085,0.001297599441034,0.0003481216538168,-0.0001869881998218
2003-12-24,813.0,815.0,805.0,813.0,159900.0,813.0,797.8,785.5,802.48,863.6266666666667,809.785,False,False,False,False,False,False,True,False,False,True,False,0.050430504305043,0.027060270602706,,,0.0129397293972939,-0.0622714227142271,0.1463714637146371,0.5424354243542435,-0.0017291422219477,0.4519414385741566,803.0,1029.0,2.7760416666666665,0.0012461369753763,-5.146246565770809e-05,-0.0002033423329149
2003-12-25,813.0,813.0,773.0,807.0,40400.0,807.0,804.6,788.5,804.12,861.72,810.045,False,False,False,False,False,False,True,False,False,False,False,0.0346964064436183,0.0346964064436183,,,0.0035687732342007,-0.0678066914498141,0.2193308550185873,0.4907063197026022,-0.0022126290055547,0.4618896639188333,805.0,1050.0,0.2526579111944965,0.0020394965925483,0.000793359617172,-0.0004834867836069
2003-12-26,808.0,810.0,784.0,809.0,28900.0,809.0,808.6,792.4,804.56,859.5733333333334,810.485,False,False,False,False,False,False,True,False,False,True,False,0.0210135970333745,0.0370828182941903,,,0.0054882571075402,-0.0625133910177174,0.2682323856613102,0.4684796044499382,-0.0024973630328224,0.4681978798586574,816.0,1028.0,0.7153465346534653,0.000546882768221,-0.0014926138243272,-0.0002847340272677
2003-12-29,809.0,823.0,807.0,817.0,41300.0,817.0,811.4,796.4,805.28,857.48,811.12,False,False,False,False,False,False,True,False,False,False,False,0.0195838433292533,0.0269277845777233,,,0.0143451652386781,-0.049547123623011,0.2203182374541003,0.4186046511627907,-0.0024412619925052,0.4709944751381216,825.0,1022.0,1.4290657439446366,0.0008940989469501,0.000347216178729,5.610104031725889e-05
2003-12-30,823.0,840.0,820.0,836.0,26700.0,836.0,816.4,801.9,806.24,856.2,811.925,False,False,False,False,False,False,True,False,False,False,False,-0.0095693779904306,0.0334928229665071,,,0.0355980861244019,-0.0241626794258373,0.1854066985645933,0.3863636363636363,-0.0014949778089231,0.4718792866941015,832.0,979.0,0.6464891041162227,0.001190712442945,0.0002966134959949,0.000946284183582
2004-01-05,856.0,856.0,836.0,854.0,26600.0,854.0,824.6,811.2,808.2,854.8933333333333,812.81,False,False,False,False,False,False,True,False,False,False,False,-0.0222482435597189,0.0163934426229508,,,0.0536299765807962,-0.0010460577673692,0.1615925058548009,0.3641686182669789,-0.0015284557917557,0.4659763313609467,821.0,985.0,0.99625468164794,0.002425142291512,0.0012344298485669,-3.3477982832652575e-05
2004-01-06,845.0,847.0,820.0,835.0,49100.0,835.0,830.2,817.4,808.52,853.36,813.555,False,False,False,False,False,False,True,False,False,True,False,0.0,0.059880239520958,,,0.0317125748502994,-0.0219880239520958,0.2491017964071856,0.4,-0.0017968188494109,0.4610961585515047,824.0,962.0,1.845864661654136,0.0003957848909117,-0.0020293574006003,-0.0002683630576551
2004-01-07,828.0,845.0,825.0,826.0,26900.0,826.0,833.6,821.1,808.28,852.1066666666667,814.285,False,False,False,False,False,False,False,False,False,True,False,0.0157384987893462,0.0750605326876513,,,0.0214527845036319,-0.0316061339790153,0.2566585956416465,0.3958837772397094,-0.0014708643675283,0.4536597247594688,824.0,883.0,0.5478615071283096,-0.0002969268075419,-0.0006927116984536,0.0003259544818826
2004-01-08,830.0,839.0,825.0,833.0,83400.0,833.0,836.8,824.1,808.84,850.6533333333333,815.125,False,False,False,False,False,False,True,False,False,False,False,0.0072028811524609,0.1164465786314525,,,0.0290036014405761,-0.0211924769907962,0.290516206482593,0.3433373349339736,-0.0017084907286948,0.4353840553330907,812.0,894.0,3.100371747211896,0.0006923495376094,0.0009892763451514,-0.0002376263611665
2004-01-09,840.0,840.0,828.0,828.0,59200.0,828.0,835.2,825.8,808.36,849.0133333333333,816.05,False,False,False,False,False,False,False,False,False,True,False,0.0434782608695652,0.1171497584541062,,,0.023719806763285,-0.025378421900161,0.3031400966183575,0.2934782608695652,-0.0019316539983667,0.4095422620489223,809.0,892.0,0.709832134292566,-0.0005937948438814,-0.0012861443814909,-0.0002231632696718
2004-01-13,828.0,840.0,828.0,835.0,87500.0,835.0,831.4,828.0,808.4,847.08,817.14,False,False,False,False,False,False,True,False,False,False,False,0.0395209580838323,0.1065868263473053,,,0.0318562874251497,-0.0144670658682635,0.2802395209580838,0.3005988023952096,-0.0022823503486486,0.3855072463768116,798.0,886.0,1.4780405405405406,4.948045522014303e-05,0.0006432752991016,-0.0003506963502819
2004-01-14,836.0,846.0,831.0,835.0,120700.0,835.0,831.4,830.8,808.72,845.24,817.955,False,False,False,False,False,False,True,False,False,False,False,0.059880239520958,0.1005988023952095,,,0.0314730538922155,-0.0122634730538922,0.2910179640718562,0.2502994011976048,-0.0021768965027684,0.3616995666827154,790.0,875.0,1.3794285714285714,0.0003956870115739,0.0003462065563537,0.0001054538458801
2004-01-15,850.0,850.0,837.0,839.0,89700.0,839.0,834.0,833.8,809.04,843.4666666666667,818.675,False,False,False,False,False,False,True,False,False,True,False,0.0584028605482717,0.0750893921334922,,,0.0357091775923719,-0.0053237981724275,0.3098927294398093,0.2073897497020262,-0.0021024343977236,0.3358119453106261,785.0,864.0,0.7431648715824358,0.0003955305052901,-1.5650628376509114e-07,7.44621050448274e-05
2004-01-16,829.0,843.0,829.0,839.0,102800.0,839.0,835.2,836.0,809.12,841.6,819.345,False,False,False,False,False,False,True,False,False,True,False,0.1084624553039332,0.067938021454112,,,0.0356138259833134,-0.0030989272943981,0.3122765196662693,0.2097735399284863,-0.0022179974651457,0.3150717703349283,784.0,885.0,1.1460423634336678,9.887284951557362e-05,-0.0002966576557745,-0.0001155630674221
2004-01-19,840.0,865.0,840.0,864.0,116600.0,864.0,842.4,838.8,812.0,839.7866666666666,820.175,False,False,False,False,False,False,True,False,True,False,False,0.0706018518518518,0.0590277777777777,,,0.0601851851851851,0.0280246913580247,0.2858796296296296,0.09375,-0.0021592785469326,0.285169289461135,785.0,887.0,1.1342412451361867,0.0035467980295566,0.003447925180041,5.871891821314194e-05
2004-01-20,870.0,893.0,857.0,868.0,165600.0,868.0,849.0,840.2,815.2,837.64,821.025,False,False,False,False,False,False,True,False,False,False,False,0.064516129032258,0.0737327188940092,,,0.0608294930875575,0.0349769585253456,0.2649769585253456,0.0921658986175115,-0.0025627556786526,0.2572006665079742,788.0,884.0,1.4202401372212694,0.0039254170755643,0.0003786190460076,-0.00040347713172
2004-01-21,888.0,893.0,870.0,885.0,129400.0,885.0,859.0,845.2,819.52,835.44,821.92,False,False,False,False,False,False,True,False,False,False,False,0.0384180790960452,0.111864406779661,,,0.0739887005649717,0.0559999999999999,0.2271186440677966,0.0542372881355932,-0.0026333429091256,0.2218409843823947,766.0,870.0,0.7814009661835749,0.0052713783678249,0.0013459612922606,-7.058723047294931e-05
2004-01-22,892.0,892.0,876.0,888.0,149200.0,888.0,868.8,851.4,824.24,833.5733333333334,823.03,False,False,False,False,False,False,True,False,False,False,False,0.0157657657657657,0.1554054054054054,,,0.0718018018018017,0.0612912912912912,0.2173423423423423,0.054054054054054,-0.002239355065741,0.1874559548978153,798.0,857.0,1.1530139103554868,0.0057264874308454,0.0004551090630204,0.0003939878433845
2004-01-23,889.0,948.0,884.0,930.0,202400.0,930.0,887.0,861.1,830.36,832.3466666666667,824.29,False,False,False,False,False,False,True,False,False,False,False,-0.0365591397849462,0.0720430107526881,,,0.1071397849462365,0.1050035842293906,0.175268817204301,-0.0021505376344086,-0.0014737449139781,0.1518987341772151,799.0,840.0,1.35656836461126,0.0073702972204826,0.0016438097896372,0.0007656101517628
2004-01-26,915.0,935.0,905.0,925.0,82200.0,925.0,899.2,870.8,836.12,831.6266666666667,825.415,False,True,False,False,False,False,True,False,False,True,False,-0.0108108108108108,0.0713513513513513,,,0.0960864864864864,0.1009441441441441,0.1416216216216216,-0.0313513513513513,-0.0008657731033156,0.1189710610932476,812.0,792.0,0.4061264822134387,0.0068889633067023,-0.0004813339137803,0.0006079718106625
2004-01-27,930.0,939.0,924.0,924.0,67200.0,924.0,910.4,879.7,842.64,830.8133333333334,826.57,False,False,False,False,False,False,True,False,False,False,False,0.0086580086580086,0.0735930735930736,,,0.088051948051948,0.1008513708513707,0.106060606060606,-0.0119047619047619,-0.0009789603761774,0.0879845401841536,805.0,803.0,0.8175182481751825,0.0077375866324883,0.0008486233257859,-0.0001131872728618
2004-01-28,904.0,933.0,904.0,919.0,81000.0,919.0,917.2,888.1,848.48,830.24,827.665,False,False,False,False,False,False,True,False,False,True,False,0.0707290533188248,0.1349292709466811,,,0.0767355821545157,0.0965832426550598,0.1120783460282916,0.0054406964091403,-0.000690563371234,0.0641819614908231,827.0,805.0,1.2053571428571428,0.0068828964736941,-0.0008546901587941,0.0002883970049434
2004-01-29,899.0,939.0,883.0,902.0,125600.0,902.0,920.0,894.4,853.0,830.4933333333333,828.64,False,False,False,False,False,False,True,True,False,True,False,0.1374722838137472,0.1507760532150776,,,0.0543237250554323,0.0792756836659275,0.106430155210643,0.0509977827050997,0.0003050395748711,0.0494186046511628,832.0,816.0,1.5506172839506174,0.0052989449003516,-0.0015839515733424,0.0009956029461052
2004-01-30,903.0,906.0,881.0,896.0,64100.0,896.0,913.2,900.1,856.72,830.52,829.685,False,False,False,False,False,False,True,True,False,True,False,0.1127232142857142,0.1997767857142857,,,0.0438392857142856,0.0730803571428571,0.1272321428571428,0.0636160714285714,3.210839795145501e-05,0.0358849016775913,819.0,825.0,0.5103503184713376,0.0043421421234476,-0.000956802776904,-0.0002729311769197
2004-02-02,896.0,925.0,882.0,915.0,40200.0,915.0,911.2,905.2,860.88,830.8266666666667,830.76,False,False,False,False,False,False,True,True,False,False,False,0.0830601092896174,0.1792349726775956,,,0.0591475409836065,0.0919927140255008,0.1081967213114754,0.0546448087431694,0.0003691102837335,0.0322580645161289,840.0,832.0,0.6271450858034321,0.0048322646594182,0.0004901225359706,0.000337001885782
2004-02-03,925.0,942.0,898.0,932.0,93600.0,932.0,912.8,911.6,865.64,831.44,831.995,False,False,False,False,False,False,True,True,False,False,False,0.0643776824034334,0.1469957081545064,,,0.0712017167381974,0.1078969957081544,0.0836909871244635,0.0118025751072961,0.0007376759998717,0.0244624835454146,834.0,821.0,2.328358208955224,0.0054988216810683,0.00066655702165,0.0003685657161381
2004-02-04,950.0,985.0,946.0,984.0,354500.0,984.0,925.8,921.5,872.72,832.8933333333333,833.635,False,False,False,False,False,False,True,True,False,False,False,0.0599593495934959,0.0955284552845528,,,0.1130894308943089,0.1535636856368563,0.0416666666666666,-0.0416666666666666,0.001744921318456,0.0145415084102007,827.0,824.0,3.787393162393162,0.00811256760473,0.0026137459236617,0.0010072453185843
2004-02-05,985.0,1044.0,978.0,1026.0,369600.0,1026.0,950.6,935.3,881.4,835.0533333333333,835.61,False,False,False,False,False,False,True,True,False,False,False,0.0116959064327485,0.0711500974658869,,,0.1409356725146199,0.1861078622482131,0.0272904483430799,-0.0964912280701754,0.0025866611314247,-0.0013899283652303,831.0,824.0,1.042595204513399,0.0098479691400044,0.0017354015352743,0.0008417398129686
2004-02-06,1020.0,1026.0,996.0,997.0,169900.0,997.0,970.8,942.0,888.6,836.5466666666666,837.24,False,False,False,False,False,False,True,True,False,True,False,0.078234704112337,0.1043129388164493,,,0.1087261785356068,0.1609361417586092,0.0561685055165496,-0.037111334002006,0.0017851165904273,-0.0050955414012738,837.0,812.0,0.4596861471861472,0.0081026333558406,-0.0017453357841637,-0.0008015445409973
2004-02-09,1000.0,1003.0,970.0,991.0,169200.0,991.0,986.0,948.6,894.8,837.9333333333333,838.75,False,False,False,False,False,False,True,True,False,True,False,0.0887991927346115,0.1210898082744702,,,0.0970736629667003,0.1544567776656576,0.0665993945509586,-0.0050454086781029,0.0016548651444028,-0.0025300442757748,792.0,809.0,0.9958799293702176,0.0069289226642824,-0.0011737106915582,-0.0001302514460244
2004-02-10,981.0,995.0,981.0,992.0,102400.0,992.0,998.0,955.4,900.32,839.3733333333333,840.1,False,False,False,False,False,False,True,True,False,True,False,0.0776209677419354,0.1068548387096774,,,0.0924193548387096,0.1538575268817204,0.0766129032258064,0.001008064516129,0.0017155655806713,-0.0012560184216034,788.0,798.0,0.6052009456264775,0.0061311533676915,-0.0007977692965908,6.070043626847589e-05
2004-02-12,1000.0,1050.0,1000.0,1043.0,170600.0,1043.0,1009.8,967.8,908.64,841.68,841.715,False,False,False,False,False,False,True,True,False,False,False,0.0335570469798657,0.0412272291466922,,,0.1288207094918504,0.1930201342281879,0.0536912751677852,-0.0431447746883988,0.0027405506447422,-0.0064062822897292,777.0,790.0,1.666015625,0.0091565416446556,0.003025388276964,0.0010249850640708
2004-02-13,1023.0,1043.0,1020.0,1038.0,243100.0,1038.0,1012.2,981.4,917.12,844.0933333333334,843.455,False,False,False,False,False,False,True,True,False,False,False,0.058766859344894,0.0414258188824662,,,0.1164547206165703,0.1868079640333975,0.0452793834296724,-0.0443159922928709,0.0028590835136715,-0.0156918687589158,770.0,785.0,1.4249706916764362,0.0092463363572924,8.979471263673502e-05,0.0001185328689293
2004-02-16,1036.0,1077.0,1017.0,1075.0,141500.0,1075.0,1027.8,999.3,926.8,847.2266666666667,845.45,False,False,False,False,False,False,True,True,False,False,False,0.0241860465116279,0.0167441860465116,,,0.1378604651162791,0.2118821705426356,-0.0037209302325581,-0.0762790697674418,0.0036983412546032,-0.0293205243670568,777.0,784.0,0.5820649938296997,0.0104445403539058,0.0011982039966134,0.0008392577409316
2004-02-17,1100.0,1115.0,1075.0,1079.0,160400.0,1079.0,1045.4,1015.7,936.84,851.0533333333333,847.455,False,False,False,False,False,False,True,True,False,False,False,0.0296570898980537,-0.0213160333642261,,,0.1317516218721037,0.2112573370404696,-0.0139017608897126,-0.0750695088044485,0.0044963887887949,-0.0417446096288275,781.0,785.0,1.1335689045936397,0.0107168780154562,0.0002723376615504,0.0007980475341917
2004-02-18,1080.0,1090.0,1040.0,1069.0,149100.0,1069.0,1060.8,1029.4,946.2,854.6,849.305,False,False,False,False,False,False,True,True,False,True,False,0.0271281571562207,-0.0439663236669784,,,0.1148737137511692,0.2005612722170252,0.0074836295603367,-0.0654817586529466,0.0041500897105859,-0.0490577035166117,761.0,788.0,0.9295511221945136,0.0098922003804692,-0.000824677634987,-0.000346299078209
2004-02-19,1049.0,1095.0,1049.0,1078.0,67700.0,1078.0,1067.8,1038.8,955.92,858.24,851.29,False,False,False,False,False,False,True,True,False,False,False,0.0074211502782931,-0.0519480519480519,,,0.1132467532467532,0.2038589981447124,-0.0037105751391465,-0.0714285714285714,0.0042412378821774,-0.0520793222949556,773.0,766.0,0.4540576794097921,0.0101682149133817,0.0002760145329125,9.1148171591531e-05
2004-02-20,1079.0,1100.0,1079.0,1099.0,71000.0,1099.0,1080.0,1046.1,966.32,862.0133333333333,853.49,False,False,False,False,False,False,True,True,False,False,False,-0.016378525932666,-0.091901728844404,,,0.1207279344858962,0.2156384592053382,-0.0282074613284804,-0.0555050045495905,0.0043773491515985,-0.0480833572316221,789.0,798.0,1.048744460856721,0.0107624803377764,0.0005942654243946,0.000136111269421
2004-02-23,1099.0,1110.0,1090.0,1101.0,101300.0,1101.0,1085.2,1056.5,976.8,865.6933333333334,855.57,False,False,False,False,False,False,True,True,False,True,False,-0.0072661217075386,-0.0826521344232515,,,0.1128065395095368,0.213720859824402,-0.0254314259763851,-0.0326975476839237,0.0042509279652533,-0.0475153809749172,803.0,799.0,1.4267605633802818,0.0107289107289106,-3.356960886576922e-05,-0.0001264211863452
2004-02-24,1106.0,1132.0,1094.0,1111.0,59200.0,1111.0,1091.6,1068.5,986.68,869.4133333333333,857.735,False,False,False,False,False,False,True,True,False,True,False,-0.0495049504950495,-0.0873087308730873,,,0.1118991899189919,0.2174497449744974,-0.0234023402340234,-0.0405040504050405,0.0042787473545378,-0.0507253158633598,811.0,812.0,0.5844027640671273,0.0100133781975919,-0.0007155325313187,2.7819389284468483e-05
2004-02-25,1110.0,1110.0,1080.0,1098.0,79400.0,1098.0,1097.4,1079.1,995.88,873.1066666666667,859.775,False,False,False,False,False,False,True,True,False,True,False,-0.0692167577413479,-0.0801457194899817,,,0.0930054644808743,0.2048208864602307,0.0,-0.0400728597449908,0.004230105523571,-0.0543971828375497,813.0,805.0,1.3412162162162162,0.0092380608105394,-0.0007753173870524,-4.864183096676446e-05
2004-02-26,1067.0,1088.0,1060.0,1086.0,120400.0,1086.0,1099.0,1083.4,1003.92,876.6,861.745,False,False,False,False,False,False,True,True,False,True,False,-0.0589318600368324,-0.0561694290976058,,,0.0755801104972376,0.192817679558011,-0.0046040515653775,-0.0349907918968692,0.0039850939234922,-0.053535167066642,807.0,827.0,1.5163727959697733,0.0080086062634472,-0.0012294545470922,-0.0002450116000787
2004-02-27,1057.0,1085.0,1040.0,1081.0,84900.0,1081.0,1095.4,1087.7,1011.64,880.0266666666666,863.725,False,False,False,False,False,False,True,True,False,True,False,-0.0767807585568917,-0.0249768732654949,,,0.0641628122109158,0.1859142769041011,0.0,-0.0397779833487511,0.0038938213993514,-0.0530477153626919,809.0,832.0,0.7051495016611296,0.0076311731445969,-0.0003774331188503,-9.127252414080573e-05
2004-03-01,1083.0,1098.0,1058.0,1093.0,119000.0,1093.0,1093.8,1089.5,1018.16,883.7733333333333,865.795,False,False,False,False,False,False,True,True,False,True,False,-0.0759377859103385,-0.0365965233302836,,,0.0684720951509606,0.1914242146996035,-0.0137236962488563,-0.0375114364135407,0.0042393977339589,-0.0491968793024322,817.0,819.0,1.4016489988221437,0.0064037086508996,-0.0012274644936972,0.0003455763346074
2004-03-02,1080.0,1084.0,1053.0,1056.0,156800.0,1056.0,1082.8,1087.2,1023.4,887.0666666666667,867.625,False,False,False,False,False,False,True,True,False,True,False,-0.0397727272727272,0.0009469696969696,,,0.0308712121212121,0.1599747474747474,0.0142045454545454,0.0132575757575757,0.0037126108522471,-0.0405629139072848,836.0,840.0,1.3176470588235294,0.0051201876099277,-0.0012835210409719,-0.0005267868817117
2004-03-03,1036.0,1055.0,1019.0,1022.0,200200.0,1022.0,1067.6,1082.5,1027.32,890.0533333333333,869.235,False,False,False,False,False,False,True,True,False,True,False,-0.0117416829745596,0.0450097847358121,,,-0.0052054794520547,0.1291063274624919,0.0528375733855185,0.0567514677103718,0.0033556041585521,-0.0289145496535796,854.0,834.0,1.2767857142857142,0.0038157536113381,-0.0013044339985895,-0.000357006693695
2004-03-04,1025.0,1048.0,1001.0,1022.0,144300.0,1022.0,1054.8,1076.9,1031.44,893.1466666666666,870.73,False,False,False,False,False,False,True,True,False,False,False,0.0029354207436399,0.0753424657534246,,,-0.0092367906066536,0.1260795825179387,0.0939334637964774,0.0489236790606653,0.0034634102648314,-0.0172717986814004,835.0,827.0,0.7207792207792207,0.0039944155743427,0.0001786619630045,0.0001078061062793
2004-03-05,1002.0,1019.0,995.0,998.0,126300.0,998.0,1038.2,1066.8,1035.28,895.9866666666667,872.005,False,False,False,False,False,False,True,True,False,True,False,0.0561122244488977,0.0871743486973948,,,-0.0373547094188376,0.1022177688710754,0.1623246492985972,0.0791583166332665,0.0031696900251492,-0.0043119610048743,826.0,831.0,0.8752598752598753,0.0037091414882929,-0.0002852740860498,-0.0002937202396822
2004-03-08,979.0,1019.0,979.0,1010.0,124200.0,1010.0,1021.6,1057.7,1039.84,899.0,873.33,False,False,False,False,False,False,True,True,False,False,False,0.0425742574257425,0.0603960396039603,,,-0.0295445544554454,0.1099009900990099,0.2138613861386138,0.0534653465346534,0.0033518724508713,0.0041599697456744,833.0,837.0,0.9833729216152018,0.0043852900446221,0.0006761485563292,0.0001821824257221
2004-03-09,1005.0,1019.0,1005.0,1014.0,93400.0,1014.0,1013.2,1048.0,1043.8,902.0533333333332,874.53,False,False,False,False,False,False,True,True,False,True,False,0.0424063116370808,0.04930966469428,,,-0.0293885601577908,0.1104010519395136,0.2426035502958579,0.0601577909270217,0.0033848700742009,0.0143129770992366,828.0,792.0,0.7520128824476651,0.0037938302356773,-0.0005914598089448,3.299762332957751e-05
2004-03-10,1022.0,1038.0,1005.0,1010.0,98300.0,1010.0,1010.8,1039.2,1046.92,905.0133333333332,875.75,False,False,False,False,False,False,True,True,False,True,False,0.0574257425742574,0.0663366336633663,,,-0.0365544554455446,0.103947194719472,0.2415841584158415,0.0673267326732673,0.0032706700453769,0.025211701308699,835.0,788.0,1.0524625267665952,0.0029801704046155,-0.0008136598310618,-0.0001142000288239
2004-03-11,1018.0,1031.0,1006.0,1025.0,125900.0,1025.0,1011.4,1033.1,1048.56,908.4666666666668,876.96,False,False,False,False,False,False,True,True,False,True,False,0.0721951219512195,0.0478048780487804,,,-0.0229853658536584,0.1136910569105689,0.1736585365853658,0.0595121951219512,0.003801276876789,0.0349433743103282,835.0,777.0,1.2807731434384535,0.0015640497444112,-0.0014161206602042,0.0005306068314121
2004-03-12,1029.0,1060.0,1025.0,1054.0,237200.0,1054.0,1022.6,1030.4,1049.68,911.88,878.37,False,False,False,True,True,False,True,True,False,True,False,0.0294117647058823,0.0132827324478178,,,0.0040986717267551,0.1348387096774193,0.127134724857685,0.0275142314990512,0.0037431825825033,0.0420225155279502,839.0,770.0,1.884034948371724,0.0010669918451338,-0.0004970578992773,-5.809429428564172e-05
2004-03-15,1061.0,1070.0,1046.0,1053.0,117700.0,1053.0,1031.2,1026.4,1051.92,915.2666666666668,879.705,False,False,False,False,False,False,True,True,False,False,False,0.017094017094017,0.0189933523266856,,,0.0010256410256409,0.1308008863564418,0.100664767331434,0.0208926875593542,0.003700196663996,0.0483242400623537,839.0,777.0,0.4962057335581787,0.0021294395011027,0.0010624476559688,-4.298591850734976e-05
2004-03-16,1050.0,1057.0,1030.0,1057.0,223500.0,1057.0,1039.8,1026.5,1054.56,918.5333333333332,881.065,False,False,False,False,False,False,True,True,False,False,False,0.0066225165562913,0.0264900662251655,,,0.0023084200567644,0.1309996846420688,0.0964995269631031,0.0009460737937559,0.0035563942517053,0.0470530930345834,864.0,781.0,1.898895497026338,0.0025034137460171,0.0003739742449144,-0.0001438024122906
2004-03-17,1057.0,1077.0,1050.0,1068.0,97400.0,1068.0,1051.4,1031.1,1057.6,922.04,882.53,False,False,False,False,False,False,True,True,False,False,True,0.0084269662921348,0.0280898876404494,,,0.0097378277153558,0.1366666666666667,0.0908239700374531,-0.0131086142322097,0.003803161106532,0.0398603433226652,868.0,761.0,0.4357941834451901,0.0028744326777609,0.0003710189317437,0.0002467668548266
2004-03-18,1080.0,1100.0,1071.0,1099.0,139000.0,1099.0,1066.2,1038.8,1059.84,925.6666666666666,884.46,False,False,False,False,False,False,True,True,False,True,False,-0.0227479526842584,-0.016378525932666,,,0.0356323930846224,0.1577191386108584,0.0636942675159235,-0.0418562329390354,0.0039178970111631,0.0303234501347708,885.0,773.0,1.4271047227926077,0.0021135265700483,-0.0007609061077126,0.0001147359046311
2004-03-19,1087.0,1095.0,1061.0,1085.0,112000.0,1085.0,1072.4,1047.5,1061.72,929.04,886.1,False,False,False,False,False,False,True,True,False,True,False,-0.0156682027649769,-0.0036866359447004,,,0.0214562211981566,0.143741935483871,0.0626728110599078,-0.0304147465437788,0.003630988260283,0.019379474940334,888.0,789.0,0.8057553956834532,0.0017707116753947,-0.0003428148946535,-0.0002869087508801
2004-03-22,1085.0,1092.0,1063.0,1071.0,102400.0,1071.0,1076.0,1053.6,1061.56,932.4,887.68,False,False,False,False,False,False,False,True,False,True,False,0.0018674136321195,0.0065359477124183,,,0.0088141923436041,0.1294117647058823,0.0448179271708683,-0.011204481792717,0.0036036036036036,0.0130030372057707,930.0,803.0,0.9142857142857144,-0.0001507215795622,-0.0019214332549569,-2.7384656679399315e-05
2004-03-23,1070.0,1070.0,1054.0,1064.0,40300.0,1064.0,1077.4,1058.6,1060.96,935.3866666666668,889.27,False,False,False,False,False,False,False,True,False,True,False,0.0197368421052631,0.006578947368421,,,0.0028571428571428,0.120877192982456,0.006578947368421,0.0056390977443609,0.0031929754540013,0.0077460797279426,925.0,811.0,0.3935546875,-0.0005655255617553,-0.000414803982193,-0.0004106281496022
2004-03-24,1061.0,1085.0,1055.0,1077.0,76100.0,1077.0,1079.2,1065.3,1061.28,938.6266666666668,890.845,False,False,False,False,False,False,True,True,False,False,False,0.0194986072423398,-0.000928505106778,,,0.0145961002785515,0.1284803466419064,0.0083565459610027,-0.0334261838440111,0.0034518516414051,-0.0020651459682718,924.0,813.0,1.8883374689826304,0.0003015226895823,0.0008670482513376,0.0002588761874038
2004-03-25,1070.0,1085.0,1069.0,1074.0,107500.0,1074.0,1074.2,1070.2,1061.12,941.92,892.34,False,False,False,False,False,False,False,True,False,True,False,0.0065176908752327,0.0409683426443202,,,0.0119925512104284,0.1229795158286778,-0.0279329608938547,-0.0772811918063314,0.0034964045071058,-0.0155111194169315,919.0,807.0,1.4126149802890933,-0.0001507840772015,-0.0004523067667838,4.4552865700707954e-05
2004-03-26,1089.0,1089.0,1055.0,1068.0,89600.0,1068.0,1070.8,1071.6,1059.88,945.08,893.855,False,False,False,False,False,False,False,True,False,True,False,0.0121722846441947,0.0861423220973782,,,0.0076029962546815,0.1150936329588014,-0.0514981273408239,-0.0861423220973782,0.0033436322850976,-0.0267823814856288,902.0,809.0,0.8334883720930233,-0.0011699437672187,-0.0010191596900171,-0.0001527722220082
2004-03-29,1070.0,1088.0,1069.0,1073.0,98600.0,1073.0,1071.2,1073.6,1058.76,948.2266666666668,895.4,False,False,False,False,False,False,False,True,False,False,False,0.0046598322460391,0.1425908667287977,,,0.0132712022367194,0.1162845604224913,-0.054054054054054,-0.0838769804287045,0.0033184751887735,-0.0371646795827122,896.0,817.0,1.1004464285714286,-0.0010578412482527,0.0001121025189659,-2.5157096324115828e-05
2004-03-30,1090.0,1090.0,1079.0,1085.0,123900.0,1085.0,1075.4,1076.4,1057.72,952.1333333333332,896.95,False,False,False,False,False,False,False,True,False,False,False,-0.0129032258064516,0.1612903225806451,,,0.0251428571428571,0.122457757296467,-0.1290322580645161,-0.0967741935483871,0.004103066797367,-0.0469156447417316,915.0,836.0,1.2565922920892494,-0.0009832469840789,7.459426417385671e-05,0.0007845916085935
2004-03-31,1055.0,1099.0,1055.0,1098.0,107400.0,1098.0,1079.6,1079.4,1057.72,956.2666666666668,898.555,False,False,False,False,False,False,False,True,False,False,False,-0.0200364298724954,0.1420765027322404,,,0.0366848816029143,0.1290831815421978,-0.1366120218579235,-0.1138433515482695,0.0043223647518128,-0.0570687418936447,932.0,854.0,0.8668280871670703,0.0,0.0009832469840789,0.0002192979544457
2004-04-01,1100.0,1100.0,1077.0,1081.0,41000.0,1081.0,1081.0,1077.6,1057.52,960.32,900.135,False,False,False,False,False,False,False,True,False,True,False,0.03422756706753,0.1128584643848288,,,0.0217206290471785,0.1116373728029601,-0.1369102682701202,-0.1165587419056429,0.0042208152837942,-0.064587973273942,984.0,835.0,0.3817504655493482,-0.0001891217187382,-0.0001891217187382,-0.0001015494680185
2004-04-02,1097.0,1097.0,1075.0,1081.0,124800.0,1081.0,1083.6,1077.2,1057.52,964.4666666666668,901.655,False,False,False,False,False,False,False,True,False,False,False,0.0730804810360777,0.0989824236817761,,,0.0217206290471785,0.1078014184397161,-0.1341350601295097,-0.1406105457909343,0.0042994401050668,-0.0756591162272558,1026.0,826.0,3.0439024390243903,0.0,0.0001891217187382,7.86248212725606e-05
2004-04-05,1099.0,1099.0,1076.0,1078.0,107900.0,1078.0,1084.6,1077.9,1056.92,968.48,903.215,False,False,False,False,False,False,False,True,False,True,False,0.137291280148423,0.075139146567718,,,0.0195547309833023,0.101595547309833,-0.1391465677179963,-0.1400742115027829,0.0041439506580757,-0.0885054272195937,997.0,833.0,0.8645833333333334,-0.0005676872421752,-0.0005676872421752,-0.000155489446991
2004-04-06,1080.0,1087.0,1059.0,1071.0,109100.0,1071.0,1081.8,1078.6,1057.52,972.3466666666668,904.675,False,False,False,False,False,False,True,True,False,False,False,0.1764705882352941,0.0821661998132586,,,0.0125863678804855,0.0921132897603484,-0.1633986928104575,-0.1400560224089636,0.0039766338480104,-0.1029111811607638,991.0,828.0,1.01112140871177,0.0005673651562144,0.0011350523983897,-0.0001673168100653
2004-04-07,1075.0,1081.0,1068.0,1076.0,160800.0,1076.0,1077.4,1078.5,1059.68,976.5466666666666,906.195,False,False,False,False,False,False,True,True,True,False,False,0.1654275092936803,0.0827137546468401,,,0.0151672862453531,0.0924287484510533,-0.1514869888475836,-0.1459107806691449,0.0043008697314343,-0.1141400092721372,992.0,835.0,1.4738771769019248,0.0020383512003624,0.0014709860441479,0.0003242358834239
2004-04-08,1095.0,1129.0,1095.0,1118.0,222100.0,1118.0,1084.8,1082.9,1063.52,981.1466666666666,907.915,False,False,False,False,False,False,True,True,False,False,True,0.0760286225402504,0.0456171735241502,,,0.0487298747763864,0.1224090638044126,-0.1735241502683363,-0.1797853309481216,0.0046883918136602,-0.1245729060855112,1043.0,835.0,1.381218905472637,0.0036106514216939,0.0015723002213314,0.0003875220822258
2004-04-09,1118.0,1187.0,1100.0,1160.0,281600.0,1160.0,1100.6,1092.1,1070.0,986.0933333333334,909.815,False,False,False,False,False,False,True,True,False,False,False,0.0241379310344827,-0.0060344827586206,,,0.0775862068965517,0.149919540229885,-0.1827586206896551,-0.1775862068965517,0.0050164284651892,-0.1339620913835729,1038.0,839.0,1.2678973435389465,0.0060560747663551,0.0024454233446612,0.000328036651529
2004-04-12,1190.0,1249.0,1190.0,1226.0,244800.0,1226.0,1130.2,1107.4,1078.64,991.7333333333332,911.845,False,False,False,False,False,False,True,True,False,False,False,-0.0546492659053833,-0.0872756933115823,,,0.1201957585644371,0.1910821098423056,-0.2226753670473083,-0.2292006525285481,0.0056870126378057,-0.1493588585876829,1075.0,839.0,0.8693181818181818,0.0080100867759401,0.001954012009585,0.0006705841726164
2004-04-13,1249.0,1290.0,1242.0,1260.0,191500.0,1260.0,1168.0,1124.9,1088.48,997.72,914.04,False,False,False,False,False,False,True,True,False,False,False,-0.0801587301587301,-0.15,,,0.1361269841269841,0.2081587301587301,-0.2341269841269841,-0.2626984126984127,0.006000347458873,-0.1671259667526003,1079.0,864.0,0.7822712418300654,0.0090401293546963,0.0010300425787562,0.0003133348210672
2004-04-14,1260.0,1270.0,1240.0,1254.0,113600.0,1254.0,1203.6,1140.5,1098.24,1003.6,916.205,False,False,False,False,False,False,True,True,False,True,False,-0.0709728867623604,-0.1339712918660287,,,0.1242105263157894,0.1996810207336523,-0.2480063795853269,-0.2647527910685805,0.0058589079314467,-0.1829899167032004,1069.0,868.0,0.5932114882506527,0.0088869463869463,-0.00015318296775,-0.0001414395274262
2004-04-15,1220.0,1234.0,1164.0,1203.0,109300.0,1203.0,1220.6,1152.7,1105.36,1008.88,918.135,False,False,False,False,False,False,True,True,False,True,False,-0.028262676641729,-0.1321695760598503,,,0.081163757273483,0.1613632585203657,-0.2161263507896924,-0.2344139650872818,0.0052335262865751,-0.1945866227118938,1078.0,885.0,0.9621478873239436,0.0064413403777953,-0.002445606009151,-0.0006253816448716
2004-04-16,1171.0,1220.0,1165.0,1188.0,154900.0,1188.0,1226.2,1163.4,1110.72,1013.9333333333332,919.925,False,False,False,False,False,False,True,True,False,True,False,-0.0294612794612794,-0.1473063973063973,,,0.065050505050505,0.14652076318743,-0.2196969696969697,-0.2289562289562289,0.0049838911171015,-0.2031115695375623,1099.0,888.0,1.4172003659652332,0.0048256986459234,-0.0016156417318718,-0.0002496351694736
2004-04-19,1154.0,1166.0,1141.0,1159.0,99000.0,1159.0,1212.8,1171.5,1114.96,1018.4933333333332,921.64,False,False,False,False,False,False,True,True,False,True,False,-0.0345125107851596,-0.1242450388265746,,,0.0379982743744607,0.1212309462180041,-0.1716997411561691,-0.2243313201035375,0.0044772016180764,-0.21101152368758,1101.0,930.0,0.6391220142027114,0.0038028270072469,-0.0010228716386765,-0.0005066894990251
2004-04-20,1139.0,1165.0,1136.0,1159.0,113400.0,1159.0,1192.6,1180.3,1119.04,1022.8,923.31,False,False,False,False,False,False,True,True,False,True,False,-0.0759275237273511,-0.1846419327006039,,,0.0344779982743744,0.1175150992234685,-0.1492666091458153,-0.2157031924072476,0.0042106635380003,-0.2179107006693213,1111.0,925.0,1.1454545454545455,0.0036459822705175,-0.0001568447367293,-0.0002665380800761
2004-04-21,1160.0,1184.0,1152.0,1165.0,101600.0,1165.0,1174.8,1189.2,1122.92,1026.9466666666667,925.02,False,False,False,False,False,False,True,True,False,True,False,-0.0678111587982832,-0.1862660944206008,,,0.0361201716738196,0.1185007153075822,-0.1476394849785407,-0.2197424892703862,0.004037859804469,-0.2246047763202152,1098.0,924.0,0.8959435626102292,0.0034552773127205,-0.000190704957797,-0.0001728037335313
2004-04-22,1170.0,1193.0,1165.0,1169.0,80400.0,1169.0,1168.0,1194.3,1125.72,1031.4,926.695,False,False,False,False,False,False,True,True,False,True,False,-0.106928999144568,-0.2018819503849444,,,0.0370230966638152,0.1177074422583403,-0.146278870829769,-0.2224123182207014,0.0043177558011764,-0.2285857824667169,1086.0,919.0,0.7913385826771654,0.0024872970187968,-0.0009679802939236,0.0002798959967074
2004-04-23,1168.0,1170.0,1145.0,1153.0,113700.0,1153.0,1161.0,1193.6,1128.44,1035.76,928.035,False,False,False,False,False,False,True,True,False,True,False,-0.1214223764093668,-0.1882046834345186,,,0.0213009540329574,0.1016825672159583,-0.1396357328707719,-0.2272333044232437,0.0042094693751447,-0.233411528150134,1081.0,902.0,1.414179104477612,0.0024104072879373,-7.688973085946509e-05,-0.0001082864260317
2004-04-26,1120.0,1142.0,1111.0,1119.0,178500.0,1119.0,1153.0,1182.9,1130.36,1039.5733333333333,929.195,False,False,False,False,False,False,True,True,False,True,False,-0.0929401251117068,-0.1706881143878462,,,-0.0101519213583555,0.0709800417039023,-0.1126005361930295,-0.2100089365504915,0.003668171557562,-0.2316341195367318,1093.0,896.0,1.5699208443271768,0.0016985739056582,-0.0007118333822791,-0.0005412978175827
2004-04-27,1094.0,1095.0,1065.0,1071.0,216500.0,1071.0,1135.4,1164.0,1130.64,1042.8133333333333,930.175,False,False,False,False,False,False,True,True,False,True,False,-0.1176470588235294,-0.1633986928104575,,,-0.055686274509804,0.026318082788671,-0.0681605975723622,-0.1718020541549953,0.0031069798365958,-0.2227663230240549,1056.0,915.0,1.2128851540616246,0.0002476473501735,-0.0014509265554847,-0.0005611917209661
2004-04-28,1071.0,1103.0,1071.0,1086.0,159700.0,1086.0,1119.6,1147.2,1131.0,1046.16,931.255,False,False,False,False,False,False,True,True,False,False,False,-0.1270718232044199,-0.1593001841620626,,,-0.0414364640883977,0.0366850828729281,-0.080110497237569,-0.1813996316758747,0.0031990007901915,-0.2142608089260809,1022.0,932.0,0.7376443418013857,0.0003183023872678,7.065503709428596e-05,9.202095359567892e-05
2004-04-30,1060.0,1060.0,1032.0,1044.0,86900.0,1044.0,1094.6,1131.3,1129.8,1048.9466666666667,932.145,False,False,False,False,False,False,False,True,False,True,False,-0.1063218390804597,-0.1149425287356321,,,-0.0821839080459769,-0.0047381864623244,-0.0411877394636015,-0.1522988505747126,0.0026566333210458,-0.2063997171395739,1022.0,984.0,0.5441452723857232,-0.0010621348911312,-0.001380437278399,-0.0005423674691457
2004-05-06,1010.0,1030.0,1008.0,1013.0,90800.0,1013.0,1066.6,1113.8,1127.6,1051.2666666666669,932.865,False,False,False,False,False,False,False,True,False,True,False,-0.0760118460019743,-0.0641658440276406,,,-0.1131293188548863,-0.0377755840737086,0.0246791707798617,-0.1283316880552813,0.0022068615638279,-0.1968935176871969,998.0,1026.0,1.04487917146145,-0.0019510464703796,-0.0008889115792483,-0.0004497717572179
2004-05-07,995.0,1025.0,987.0,1015.0,85200.0,1015.0,1045.8,1099.4,1125.28,1053.6133333333332,933.515,False,False,False,False,False,False,False,True,False,True,False,-0.0857142857142857,-0.0610837438423645,,,-0.1086502463054187,-0.0380426929392445,0.0492610837438423,-0.129064039408867,0.0022272560458609,-0.1877387665999637,1010.0,997.0,0.9383259911894272,-0.0020617090857386,-0.0001106626153589,2.03944820330094e-05
2004-05-10,987.0,1010.0,920.0,945.0,103600.0,945.0,1020.6,1078.0,1119.68,1054.6933333333334,933.955,False,False,False,False,False,False,False,True,False,True,False,-0.0518518518518518,0.0211640211640211,,,-0.1848465608465609,-0.1160776014109348,0.128042328042328,-0.0582010582010582,0.0010239943364265,-0.1733766233766233,1014.0,991.0,1.215962441314554,-0.0050014289797084,-0.0029397198939698,-0.0012032617094343
2004-05-11,946.0,980.0,921.0,948.0,97500.0,948.0,993.0,1056.3,1113.68,1055.76,934.31,False,False,False,False,False,False,False,True,False,True,False,-0.0369198312236286,-0.0052742616033755,,,-0.1747679324894515,-0.1136708860759493,0.1118143459915611,-0.0516877637130801,0.0010103306306988,-0.1573416642999147,1010.0,992.0,0.9411196911196912,-0.0053875439982759,-0.0003861150185675,-1.3663705727693862e-05
2004-05-12,940.0,950.0,924.0,933.0,192700.0,933.0,970.8,1032.7,1107.76,1056.4,934.38,False,False,False,False,False,False,False,True,False,False,False,-0.0096463022508038,0.0107181136120042,,,-0.1873097534833869,-0.132261521972133,0.1232583065380493,-0.022508038585209,0.0006058311245741,-0.1377941318872858,1025.0,1043.0,1.9764102564102564,-0.0053441178594642,4.342613881177637e-05,-0.0004044995061247
2004-05-13,933.0,965.0,926.0,936.0,94200.0,936.0,955.4,1011.0,1101.96,1057.04,934.5,False,False,False,False,False,False,False,True,False,False,False,0.0128205128205128,-0.0096153846153846,,,-0.1773076923076923,-0.1293162393162392,0.1089743589743589,-0.0288461538461538,0.0006054643154467,-0.117507418397626,1054.0,1038.0,0.4888427607680332,-0.0052633489418853,8.076891757888283e-05,-3.6680912733166697e-07
2004-05-14,936.0,947.0,922.0,928.0,68200.0,928.0,938.0,991.9,1095.96,1057.013333333333,934.79,False,False,False,False,False,False,False,False,False,True,False,0.0269396551724137,0.0344827586206896,,,-0.1809913793103448,-0.1390229885057468,0.1336206896551724,-0.0010775862068965,-2.522831626236484e-05,-0.0961790503074906,1053.0,1075.0,0.7239915074309978,-0.0054746523595751,-0.0002113034176898,-0.0006306926317091
2004-05-17,910.0,912.0,883.0,896.0,56300.0,896.0,928.2,974.4,1088.96,1056.6266666666668,934.885,False,False,False,False,False,False,False,False,False,True,False,0.0770089285714285,0.1004464285714285,,,-0.2153571428571428,-0.1792708333333334,0.1941964285714285,0.0256696428571428,-0.0003659444521555,-0.0766625615763546,1057.0,1079.0,0.8255131964809385,-0.0064281516309138,-0.0009534992713387,-0.0003407161358932
2004-05-18,876.0,919.0,876.0,913.0,67800.0,913.0,921.2,957.1,1082.44,1056.48,935.145,False,False,False,False,False,False,False,False,False,False,False,0.0328587075575027,0.0876232201533406,,,-0.1855859802847755,-0.1571522453450164,0.1829134720700986,0.0054764512595837,-0.0001388257862588,-0.0569428481872322,1068.0,1069.0,1.2042628774422734,-0.0060234285503122,0.0004047230806016,0.0002271186658967
2004-05-19,930.0,930.0,890.0,924.0,48800.0,924.0,919.4,945.1,1074.68,1056.5466666666666,935.44,False,False,False,False,False,False,False,True,False,True,False,0.0205627705627705,0.08008658008658,,,-0.1630735930735931,-0.1434487734487734,0.1601731601731601,-0.0054112554112554,6.309864842689331e-05,-0.0413712834620675,1099.0,1078.0,0.7197640117994101,-0.0072207540849369,-0.0011973255346246,0.0002019244346857
2004-05-20,923.0,950.0,911.0,948.0,79600.0,948.0,921.8,938.6,1066.2,1057.16,935.95,False,False,False,False,False,False,False,True,False,True,False,-0.0221518987341772,0.0464135021097046,,,-0.1246835443037975,-0.1151476793248946,0.1360759493670886,-0.0432489451476793,0.0005801707720056,-0.0321755806520349,1085.0,1099.0,1.6311475409836065,-0.0079534796473457,-0.0007327255624088,0.0005170721235787
2004-05-21,948.0,956.0,934.0,953.0,49300.0,953.0,926.8,932.4,1055.28,1057.92,936.57,False,False,True,False,False,False,False,True,False,True,False,0.0073452256033578,0.0419727177334732,,,-0.107324239244491,-0.1100944386149004,0.1164742917103882,-0.0283315844700944,0.0007183908045976,-0.0212355212355211,1071.0,1101.0,0.6193467336683417,-0.0103479645212645,-0.0023944848739188,0.000138220032592
2004-05-24,955.0,980.0,954.0,965.0,129100.0,965.0,940.6,934.4,1043.48,1058.5866666666666,937.15,False,False,False,False,False,False,False,True,False,True,True,0.021761658031088,0.0341968911917098,,,-0.0813264248704663,-0.0969810017271156,0.1139896373056994,-0.0404145077720207,0.0006297705116254,-0.0194777397260273,1064.0,1111.0,2.6186612576064907,-0.0113083144861424,-0.0009603499648779,-8.862029297227196e-05
2004-05-25,961.0,962.0,939.0,943.0,52200.0,943.0,946.6,933.9,1031.04,1058.7333333333331,937.615,False,False,False,False,False,False,False,True,False,True,False,0.0530222693531283,0.0593849416755037,,,-0.0933616118769883,-0.1227288794627074,0.1431601272534464,-0.0275715800636267,0.0001385303192492,-0.0170253774494056,1077.0,1098.0,0.4043377226955848,-0.0120654872749845,-0.000757172788842,-0.0004912401923761
2004-05-26,943.0,952.0,939.0,943.0,64200.0,943.0,950.4,934.9,1020.64,1058.1866666666667,938.08,False,False,False,False,False,False,False,False,False,False,False,0.0583244962884411,0.0615058324496288,,,-0.0823329798515376,-0.1221491693177801,0.1516436903499469,-0.0360551431601272,-0.0005166070258552,-0.0183976895924697,1074.0,1086.0,1.2298850574712643,-0.0101896849035898,0.0018758023713946,-0.0006551373451045
2004-05-27,919.0,938.0,917.0,927.0,98000.0,927.0,946.2,934.0,1010.2,1056.8666666666666,938.505,False,False,False,False,False,False,False,False,False,True,False,0.070118662351672,0.1197411003236245,,,-0.0897518878101402,-0.1400934915498021,0.1682847896440129,-0.0420711974110032,-0.0012489749574214,-0.0197002141327622,1068.0,1081.0,1.526479750778816,-0.0103345872104533,-0.0001449023068634,-0.0007323679315661
2004-05-28,940.0,960.0,927.0,960.0,85700.0,960.0,947.6,937.2,1002.24,1056.3733333333332,939.135,False,False,False,False,False,False,False,False,False,False,True,0.034375,0.109375,,,-0.044,-0.1003888888888887,0.1197916666666666,-0.0666666666666666,-0.0004670066138234,-0.0263551002987623,1073.0,1093.0,0.8744897959183674,-0.0079422094508301,0.0023923777596231,0.000781968343598
2004-05-31,969.0,1006.0,968.0,986.0,256300.0,986.0,951.8,946.2,995.32,1056.3066666666666,939.935,False,False,False,False,False,False,False,False,False,False,False,0.0121703853955375,0.0811359026369168,,,-0.0094523326572008,-0.0713049357674103,0.0730223123732251,-0.0801217038539553,-6.311298486544883e-05,-0.0368843796237582,1085.0,1056.0,2.9906651108518085,-0.0069525378772655,0.0009896715735646,0.0004038936289579
2004-06-01,1005.0,1005.0,986.0,993.0,161200.0,993.0,961.8,954.2,988.44,1056.32,940.84,False,False,False,False,True,False,False,True,False,True,False,0.0060422960725075,0.0614300100704934,,,0.0045921450151056,-0.0637663645518629,0.0614300100704934,-0.1037260825780463,1.2622437645146552e-05,-0.0478935233703626,1098.0,1022.0,0.6289504486929379,-0.0069604629517219,-7.925074456339304e-06,7.573542251059538e-05
2004-06-02,1005.0,1008.0,980.0,998.0,104300.0,998.0,972.8,961.6,981.6,1055.72,941.71,False,False,False,False,False,False,False,False,False,True,False,0.003006012024048,0.0501002004008016,,,0.0164328657314629,-0.0578356713426854,0.0551102204408817,-0.0981963927855711,-0.0005683325124085,-0.0571963394342762,1081.0,1022.0,0.6470223325062034,-0.0069682151589242,-7.752207202336645e-06,-0.0005809549500536
2004-06-03,1000.0,1012.0,987.0,992.0,133800.0,992.0,985.8,966.0,975.16,1055.1066666666666,942.45,False,False,False,False,False,False,False,False,False,False,False,0.0463709677419354,0.0463709677419354,,,0.0169758064516129,-0.0636155913978493,0.0604838709677419,-0.1008064516129032,-0.0005812998369834,-0.0630434782608695,1081.0,998.0,1.2828379674017258,-0.0066040444644981,0.000364170694426,-1.2967324574917412e-05
2004-06-04,985.0,1002.0,980.0,993.0,104900.0,993.0,992.4,970.0,970.12,1054.013333333333,943.31,False,False,False,False,False,False,False,False,False,False,False,0.0725075528700906,0.0594159113796576,,,0.0230412890231621,-0.0614434373950987,0.066465256797583,-0.1017119838872104,-0.0010373050309295,-0.0704123711340205,1078.0,1010.0,0.7840059790732437,-0.0051952335793509,0.0014088108851472,-0.0004560051939461
2004-06-07,1000.0,1009.0,995.0,998.0,146300.0,998.0,994.8,973.3,967.2,1052.9333333333334,944.175,False,False,False,False,False,False,False,False,False,False,False,0.0681362725450901,0.0721442885771543,,,0.0308617234468937,-0.0550434201736807,0.0721442885771543,-0.0971943887775551,-0.0010257059642899,-0.076132744272064,1071.0,1014.0,1.3946615824594852,-0.0030190239867658,0.002176209592585,1.1599066639583766e-05
2004-06-08,1000.0,1010.0,980.0,999.0,123300.0,999.0,996.0,978.9,963.72,1052.0,945.045,False,False,False,False,False,False,False,False,False,True,False,0.055055055055055,0.081081081081081,,,0.0353153153153152,-0.053053053053053,0.042042042042042,-0.1071071071071071,-0.0008871989860583,-0.0839718050873428,1076.0,1010.0,0.8427887901572112,-0.0036110073465322,-0.0005919833597663,0.0001385069782315
2004-06-09,1000.0,1005.0,989.0,1001.0,87600.0,1001.0,996.6,984.7,962.0,1050.9733333333334,945.905,False,False,False,False,False,False,False,False,False,False,False,0.0469530469530469,0.0709290709290709,,,0.0389610389610389,-0.0499234099234099,-0.0099900099900099,-0.1138861138861138,-0.0009768722327239,-0.0916015029958363,1118.0,1025.0,0.7104622871046229,-0.0017879417879418,0.0018230655585903,-8.967324666556869e-05
2004-06-10,1005.0,1048.0,995.0,1038.0,72700.0,1038.0,1005.8,995.8,963.0,1050.16,946.815,False,False,False,False,False,False,True,False,True,False,False,0.0,0.0375722543352601,,,0.0722543352601156,-0.0117148362235068,-0.0597302504816955,-0.1483622350674373,-0.0007744851578171,-0.1021289415545289,1160.0,1054.0,0.8299086757990868,0.0010384215991692,0.002826363387111,0.0002023870749067
2004-06-11,1074.0,1074.0,1040.0,1065.0,189400.0,1065.0,1020.2,1006.3,965.0,1049.68,947.69,False,False,False,False,False,False,True,False,False,False,False,-0.012206572769953,-0.0009389671361502,,,0.0938967136150234,0.0143849765258215,-0.0769953051643192,-0.1765258215962441,-0.000457282219343,-0.1133856702772532,1226.0,1053.0,2.6052269601100413,0.0020725388601036,0.0010341172609343,0.0003172029384741
2004-06-14,1046.0,1074.0,1046.0,1066.0,89700.0,1066.0,1033.8,1014.3,969.84,1049.08,948.52,False,False,False,False,False,False,True,False,False,False,False,0.0037523452157598,0.0084427767354596,,,0.0902063789868667,0.0158724202626642,-0.0806754221388367,-0.1838649155722326,-0.0005719296907768,-0.124026422163068,1260.0,1057.0,0.4736008447729672,0.0049905138991999,0.0029179750390962,-0.0001146474714337
2004-06-15,1056.0,1063.0,1039.0,1054.0,230300.0,1054.0,1044.8,1020.4,974.08,1048.493333333333,949.355,False,False,False,False,False,False,True,False,False,True,False,0.0246679316888045,0.0227703984819734,,,0.0758254269449714,0.0052245414294752,-0.0768500948766603,-0.1555977229601518,-0.0005595330442414,-0.1292630341042728,1254.0,1068.0,2.567447045707916,0.0043528252299605,-0.0006376886692393,1.2396646535408349e-05
2004-06-16,1034.0,1064.0,1034.0,1048.0,71700.0,1048.0,1054.2,1025.4,978.68,1047.986666666667,950.055,False,False,False,False,False,False,True,False,False,False,False,0.0229007633587786,0.0362595419847328,,,0.0661450381679389,1.272264631020404e-05,-0.0887404580152671,-0.1393129770992366,-0.0004834667107719,-0.1333138287497562,1203.0,1099.0,0.3113330438558402,0.0047002084440265,0.0003473832140659,7.606633346944044e-05
2004-06-17,1030.0,1043.0,1021.0,1038.0,86900.0,1038.0,1054.2,1030.0,982.76,1047.4133333333334,950.755,False,False,False,False,False,False,True,False,False,True,False,0.0375722543352601,0.0433526011560693,,,0.0532177263969171,-0.0090687219010919,-0.105009633911368,-0.1184971098265895,-0.0005473802128419,-0.1349514563106796,1188.0,1085.0,1.2119944211994422,0.0041515731205991,-0.0005486353234273,-6.391350206998587e-05
2004-06-18,1058.0,1058.0,1038.0,1052.0,135000.0,1052.0,1051.6,1035.9,987.72,1046.8666666666666,951.53,False,False,False,False,False,False,True,False,False,False,False,0.0114068441064638,0.0218631178707224,,,0.0611026615969581,0.0048795944233207,-0.1188212927756654,-0.1425855513307984,-0.0005221932114884,-0.1389130224925186,1159.0,1071.0,1.5535097813578826,0.005021666059207,0.0008700929386079,2.518700135352035e-05
2004-06-21,1069.0,1099.0,1069.0,1070.0,92800.0,1070.0,1052.4,1043.1,994.68,1047.0533333333333,952.355,False,False,False,False,False,False,True,True,False,False,False,0.0046728971962616,-0.011214953271028,,,0.070392523364486,0.0214454828660436,-0.1392523364485981,-0.1495327102803738,0.0001782780883495,-0.143993864442527,1159.0,1064.0,0.6874074074074074,0.0069972252382675,0.0019755591790604,0.000700471299838
2004-06-22,1080.0,1081.0,1057.0,1080.0,43300.0,1080.0,1057.6,1051.2,1001.36,1047.8266666666666,953.18,False,False,False,False,False,False,True,True,False,True,False,-0.0018518518518518,-0.024074074074074,,,0.0728148148148148,0.0297901234567901,-0.149074074074074,-0.1768518518518518,0.000738035552954,-0.1508751902587519,1165.0,1077.0,0.4665948275862069,0.0066709275385476,-0.0003262976997198,0.0005597574646044
2004-06-23,1065.0,1078.0,1063.0,1072.0,59600.0,1072.0,1062.4,1058.3,1007.28,1048.493333333333,954.04,False,False,False,False,False,False,True,True,False,True,False,0.0130597014925373,-0.0177238805970149,,,0.0603731343283582,0.0219278606965176,-0.1445895522388059,-0.169776119402985,0.0006358330048194,-0.1562883870358121,1169.0,1074.0,1.3764434180138567,0.0058772138829322,-0.0007937136556154,-0.0001022025481345
2004-06-24,1075.0,1079.0,1064.0,1077.0,80500.0,1077.0,1070.2,1062.2,1012.44,1049.5466666666666,954.965,False,False,False,False,False,False,True,True,False,True,False,0.0055710306406685,-0.0232126276694521,,,0.0599442896935932,0.0254905601980811,-0.1142061281337047,-0.1717734447539461,0.001003607906906,-0.1586330257955187,1153.0,1068.0,1.3506711409395973,0.0050965983169373,-0.0007806155659948,0.0003677749020865
2004-06-25,1077.0,1077.0,1064.0,1064.0,47700.0,1064.0,1072.6,1062.1,1016.88,1050.2666666666669,955.835,False,False,False,False,False,False,True,True,False,True,False,0.0103383458646616,-0.0046992481203007,,,0.0442857142857142,0.0129072681704258,-0.1118421052631579,-0.1597744360902255,0.0006855401802719,-0.1569532059128142,1119.0,1073.0,0.5925465838509317,0.0043662969081896,-0.0007303014087476,-0.000318067726634
2004-06-28,1055.0,1075.0,1050.0,1075.0,108200.0,1075.0,1073.6,1063.0,1021.28,1051.08,956.66,False,False,False,False,False,False,True,True,False,True,False,-0.015813953488372,-0.0046511627906976,,,0.0499720930232558,0.0222511627906977,-0.135813953488372,-0.1813953488372093,0.0007738072585655,-0.1567262464722483,1071.0,1085.0,2.268343815513626,0.00430831897227,-5.797793591962898e-05,8.826707829360223e-05
2004-06-29,1078.0,1083.0,1072.0,1078.0,56100.0,1078.0,1073.2,1065.4,1026.68,1051.986666666667,957.425,False,False,False,False,False,False,True,True,False,False,True,-0.0222634508348794,-0.0343228200371057,,,0.0476066790352504,0.0241311069882496,-0.1447124304267161,-0.1920222634508348,0.0008618613670645,-0.1604092359677117,1086.0,1098.0,0.5184842883548983,0.0052596719523123,0.0009513529800423,8.805410849899642e-05
2004-06-30,1070.0,1087.0,1063.0,1086.0,44900.0,1086.0,1076.0,1069.2,1032.4,1052.8,958.105,False,False,False,False,False,False,True,True,False,False,False,-0.0303867403314917,-0.0874769797421731,,,0.049355432780847,0.0305709023941068,-0.1519337016574585,-0.1869244935543278,0.0007725430597768,-0.1651702207257763,1044.0,1081.0,0.8003565062388592,0.0055404881828748,0.0002808162305624,-8.93183072876863e-05
2004-07-01,1071.0,1085.0,1071.0,1083.0,28300.0,1083.0,1077.2,1073.7,1038.64,1053.1866666666667,958.67,False,False,False,False,False,False,True,True,False,False,False,-0.0286241920590951,-0.0987996306555863,,,0.0409602954755308,0.0275284702985533,-0.1542012927054478,-0.2077562326869806,0.0003671397283166,-0.173977833659309,1013.0,1081.0,0.6302895322939867,0.0060078564276361,0.0004673682447612,-0.0004054033314601
2004-07-02,1075.0,1080.0,1062.0,1075.0,41000.0,1075.0,1079.4,1076.0,1043.24,1053.48,959.175,False,False,False,False,False,False,True,True,False,True,False,-0.0148837209302325,-0.0855813953488372,,,0.0295441860465116,0.0200186046511627,-0.1637209302325581,-0.2065116279069767,0.0002784422422194,-0.1802973977695167,1015.0,1078.0,1.4487632508833923,0.0044093401326635,-0.0015985162949726,-8.869748609729848e-05
2004-07-05,1070.0,1070.0,1055.0,1058.0,43500.0,1058.0,1076.0,1074.8,1046.12,1053.493333333333,959.805,False,False,False,False,False,False,True,True,False,True,False,0.0113421550094517,-0.0737240075614366,,,0.0112287334593573,0.0042596093257721,-0.1408317580340264,-0.1956521739130435,1.2656305371108665e-05,-0.1848716040193523,945.0,1071.0,1.0609756097560976,0.002753030245096,-0.0016563098875674,-0.0002657859368482
2004-07-06,1052.0,1059.0,1052.0,1054.0,25900.0,1054.0,1071.2,1072.2,1048.56,1053.3066666666666,960.315,False,False,False,False,False,False,True,False,False,True,False,-0.0123339658444022,-0.0768500948766603,,,0.0051612903225806,0.0006578115117015,-0.1375711574952561,-0.2077798861480076,-0.0001772196764473,-0.1879313560902816,948.0,1076.0,0.5954022988505747,0.0023270008392462,-0.0004260294058497,-0.0001898759818184
2004-07-07,1046.0,1059.0,1041.0,1053.0,33900.0,1053.0,1064.6,1070.3,1050.76,1052.6933333333334,960.83,False,False,False,False,False,False,True,False,False,True,False,-0.0588793922127255,-0.0930674264007597,,,0.0021272554605888,0.0002912314023424,-0.1367521367521367,-0.2079772079772079,-0.0005826324855607,-0.1917219471176305,933.0,1118.0,1.308880308880309,0.0020937226388519,-0.0002332782003943,-0.0004054128091134
2004-07-08,1084.0,1084.0,1047.0,1052.0,56100.0,1052.0,1058.4,1067.8,1053.16,1052.253333333333,961.49,False,True,False,False,False,False,True,False,False,False,False,-0.0722433460076045,-0.1169201520912547,,,-0.0011026615969582,-0.0002408111533584,-0.153041825095057,-0.1967680608365019,-0.0004181502553253,-0.1942311294249859,936.0,1160.0,1.654867256637168,0.0022788560142809,0.0001851333754289,0.0001644822302354
2004-07-09,1051.0,1065.0,1050.0,1059.0,38900.0,1059.0,1055.2,1067.3,1055.8,1052.0933333333332,962.075,False,False,False,False,False,False,True,False,False,False,False,-0.0717658168083097,-0.1246458923512747,,,0.0030217186024551,0.0065218759836324,-0.1652502360717658,-0.2049102927289896,-0.000152077762429,-0.1987257565820293,928.0,1226.0,0.6934046345811051,0.0025004735745405,0.0002216175602595,0.0002660724928962
2004-07-12,1079.0,1079.0,1058.0,1070.0,25100.0,1070.0,1057.6,1066.8,1058.68,1052.1733333333334,962.67,False,False,False,False,False,False,True,True,False,False,False,-0.0841121495327102,-0.1392523364485981,,,0.0105794392523363,0.0166604361370715,-0.1710280373831775,-0.205607476635514,7.603309974290162e-05,-0.2011623547056617,896.0,1260.0,0.6452442159383034,0.0027203687610988,0.0002198951865583,0.0002281108621719
2004-07-13,1063.0,1063.0,1032.0,1041.0,105700.0,1041.0,1055.0,1063.1,1060.36,1051.6933333333334,962.975,False,False,False,False,False,False,True,False,False,True,False,-0.0653218059558117,-0.1171950048030739,,,-0.0185975024015368,-0.0102721741914825,-0.1460134486071085,-0.18059558117195,-0.0004564068106038,-0.200075251622613,913.0,1254.0,4.211155378486056,0.0015843675732768,-0.0011360011878219,-0.0005324399103467
2004-07-14,1036.0,1052.0,991.0,991.0,71500.0,991.0,1042.6,1053.6,1059.96,1050.5866666666666,963.065,False,False,False,False,False,False,False,False,False,True,False,-0.036326942482341,-0.0746720484359233,,,-0.0695862764883955,-0.0601278170198451,-0.106962663975782,-0.1412714429868819,-0.0010533796989619,-0.195899772209567,924.0,1203.0,0.6764427625354777,-0.0003773727310463,-0.0019617403043231,-0.0005969728883581
2004-07-15,1001.0,1024.0,974.0,976.0,131500.0,976.0,1027.4,1042.9,1057.48,1049.36,963.085,False,False,False,False,False,False,False,False,False,True,False,-0.048155737704918,-0.0225409836065573,,,-0.083483606557377,-0.0751639344262294,-0.0952868852459016,-0.103483606557377,-0.0011689664811567,-0.1860197526129064,948.0,1188.0,1.8391608391608392,-0.0023451980179294,-0.0019678252868831,-0.0001155867821948
2004-07-16,970.0,1008.0,951.0,983.0,35500.0,983.0,1012.2,1033.7,1054.2,1048.16,963.105,False,False,False,False,False,False,False,False,False,True,False,-0.056968463886063,-0.0386571719226856,,,-0.0724313326551373,-0.0662868769074263,-0.1007121057985757,-0.1078331637843336,-0.0011448633796365,-0.1764535164941473,953.0,1159.0,0.2699619771863117,-0.0031113640675393,-0.0007661660496099,2.4103101520265863e-05
2004-07-20,963.0,993.0,962.0,980.0,44200.0,980.0,994.2,1025.9,1050.76,1046.76,963.005,False,False,False,False,False,False,False,False,False,True,False,-0.060204081632653,-0.0520408163265306,,,-0.072204081632653,-0.0681224489795918,-0.0918367346938775,-0.1091836734693877,-0.0013374603538538,-0.1680475679890828,965.0,1159.0,1.2450704225352112,-0.0032738208534775,-0.0001624567859381,-0.0001925969742173
2004-07-21,980.0,994.0,973.0,973.0,36100.0,973.0,980.6,1017.8,1047.52,1045.0933333333332,962.725,False,False,False,False,False,False,False,False,False,False,False,-0.0554984583761562,-0.0524152106885919,,,-0.0765878725590955,-0.0740938677629324,-0.0760534429599177,-0.0986639260020555,-0.0015947538975785,-0.1573000589506778,943.0,1165.0,0.8167420814479638,-0.003093019703681,0.0001808011497964,-0.0002572935437247
2004-07-22,973.0,973.0,941.0,955.0,59100.0,955.0,973.4,1008.0,1043.8,1043.4133333333334,962.25,False,False,False,False,False,False,False,False,False,True,False,-0.0397905759162303,-0.0356020942408377,,,-0.0929842931937172,-0.0925794066317627,-0.0450261780104712,-0.0837696335078534,-0.0016101001840112,-0.1450396825396825,943.0,1169.0,1.6371191135734071,-0.0035639011304847,-0.0004708814268037,-1.5346286432694036e-05
2004-07-23,965.0,965.0,926.0,929.0,101100.0,929.0,964.0,995.7,1039.44,1041.3866666666668,961.755,False,False,True,False,False,False,False,False,False,True,False,0.0269106566200215,-0.0139935414424111,,,-0.1188805166846071,-0.1209759598134195,-0.0215285252960172,-0.0699677072120559,-0.001946123117894,-0.132570051220247,927.0,1153.0,1.7106598984771573,-0.0041945663049333,-0.0006306651744485,-0.0003360229338827
2004-07-26,925.0,944.0,908.0,927.0,58600.0,927.0,952.8,982.5,1034.44,1039.3733333333332,961.28,False,False,False,False,False,False,False,False,False,True,False,0.0194174757281553,-0.0302049622437971,,,-0.1159007551240561,-0.1212225818051059,0.0,-0.0722761596548004,-0.0019370646415149,-0.1190839694656488,960.0,1119.0,0.579624134520277,-0.0048335331193689,-0.0006389668144356,9.058476379100167e-06
2004-07-27,929.0,931.0,920.0,921.0,43000.0,921.0,941.0,967.6,1028.48,1037.3733333333332,960.99,False,False,False,False,False,False,False,False,False,True,False,0.008686210640608,-0.013029315960912,,,-0.1166992399565689,-0.1263554107853781,-0.002171552660152,-0.0542888165038002,-0.0019279462231533,-0.1033484911120297,986.0,1071.0,0.7337883959044369,-0.0057949595519602,-0.0009614264325912,9.118418361617068e-06
2004-07-28,922.0,935.0,918.0,919.0,51300.0,919.0,930.2,955.4,1022.04,1035.28,960.66,False,False,False,False,False,False,False,False,False,True,False,0.0032644178454842,-0.0108813928182807,,,-0.1121218715995647,-0.1265288356909684,-0.001088139281828,-0.0718171926006528,-0.0020219972696596,-0.0918986811806572,993.0,1086.0,1.1930232558139535,-0.0063011232437087,-0.0005061636917485,-9.405104650630678e-05
2004-07-29,910.0,924.0,910.0,917.0,97500.0,917.0,922.6,948.0,1015.84,1032.6,960.435,False,False,False,False,False,False,False,False,False,False,False,0.0043620501635768,-0.0087241003271537,,,-0.1077862595419847,-0.1260632497273717,0.0021810250817884,-0.0806979280261723,-0.0025953902769708,-0.0856540084388186,998.0,1044.0,1.9005847953216373,-0.006103323358009,0.0001977998856996,-0.0005733930073111
2004-07-30,922.0,962.0,922.0,954.0,62900.0,954.0,927.6,945.8,1010.92,1029.8533333333332,960.79,False,False,False,False,False,False,False,False,False,False,False,-0.0398322851153039,-0.0660377358490566,,,-0.0596645702306079,-0.0795108315863031,-0.0492662473794549,-0.1163522012578616,-0.0026670464402698,-0.0869105519137237,992.0,1013.0,0.6451282051282051,-0.0048668539548135,0.0012364694031955,-7.1656163299e-05
2004-08-02,952.0,955.0,932.0,945.0,54500.0,945.0,931.2,942.0,1006.16,1026.1066666666666,961.045,False,False,False,False,False,False,False,False,False,False,False,-0.0486772486772486,-0.0645502645502645,,,-0.0647195767195766,-0.085827160493827,-0.0201058201058201,-0.1047619047619047,-0.0036513422906,-0.0865180467091295,993.0,1015.0,0.8664546899841018,-0.0047308579152421,0.0001359960395714,-0.0009842958503302
2004-08-03,940.0,944.0,915.0,929.0,61300.0,929.0,932.8,936.9,1000.32,1021.6933333333334,961.23,False,False,False,False,False,False,False,False,False,True,False,-0.0215285252960172,-0.0452099031216361,,,-0.0767707212055974,-0.0997775385719412,-0.0032292787944025,-0.1044133476856835,-0.004319626241403,-0.0859216565268438,998.0,945.0,1.1247706422018349,-0.0058381317978246,-0.0011072738825825,-0.0006682839508029
2004-08-04,939.0,943.0,912.0,922.0,75600.0,922.0,933.4,931.8,994.08,1017.2666666666668,961.41,False,False,False,False,False,False,False,False,False,True,False,-0.0140997830802603,-0.0357917570498915,,,-0.078177874186551,-0.1033261026753435,-0.0054229934924078,-0.0845986984815618,-0.0043515302444458,-0.0844601845889675,999.0,948.0,1.233278955954323,-0.0062771607918879,-0.0004390289940633,-3.190400304283955e-05
2004-08-05,945.0,948.0,911.0,921.0,40200.0,921.0,934.2,928.4,987.48,1013.5066666666668,961.64,False,False,False,False,False,False,False,False,False,True,False,-0.013029315960912,-0.0390879478827361,,,-0.0721824104234527,-0.1004415490408976,-0.013029315960912,-0.0836047774158523,-0.0037098917290463,-0.0844463593278758,1001.0,933.0,0.5317460317460317,-0.0066836796694616,-0.0004065188775736,0.0006416385153995
2004-08-06,915.0,930.0,915.0,916.0,23700.0,916.0,926.6,927.1,980.8,1009.88,961.9,False,False,False,False,False,False,False,False,False,True,False,-0.0272925764192139,-0.0360262008733624,,,-0.0707423580786025,-0.1024890829694323,-0.0305676855895196,-0.074235807860262,-0.0035911857514425,-0.084888361557545,1038.0,936.0,0.5895522388059702,-0.0068107667210441,-0.0001270870515824,0.0001187059776038
2004-08-09,911.0,911.0,878.0,899.0,60900.0,899.0,917.4,924.3,973.76,1006.4133333333332,961.97,False,False,False,False,False,False,False,False,False,True,False,-0.0166852057842046,-0.0166852057842046,,,-0.083159065628476,-0.1194809047089356,-0.0033370411568409,-0.0556173526140155,-0.0034445754560751,-0.0833062858379314,1065.0,928.0,2.569620253164557,-0.0072297075254682,-0.0004189408044241,0.0001466102953673
2004-08-10,890.0,909.0,886.0,909.0,32900.0,909.0,913.4,923.1,967.8,1003.08,962.08,False,False,False,False,False,False,False,False,False,False,False,-0.0242024202420242,-0.0209020902090209,,,-0.0646864686468646,-0.1034983498349835,-0.0022002200220022,-0.0616061606160616,-0.0033230981909051,-0.0840645650525403,1066.0,896.0,0.5402298850574713,-0.0061582971688365,0.0010714103566316,0.00012147726517
2004-08-11,910.0,911.0,893.0,909.0,82000.0,909.0,910.8,922.1,962.0,999.6666666666666,962.205,False,False,False,False,False,False,False,False,False,False,False,-0.022002200220022,-0.011001100110011,,,-0.0583058305830583,-0.0997433076640997,-0.0209020902090209,-0.0682068206820682,-0.0034144714904969,-0.0837219390521635,1054.0,913.0,2.492401215805471,-0.0060291060291059,0.0001291911397305,-9.137329959175556e-05
2004-08-12,900.0,915.0,896.0,909.0,38900.0,909.0,908.4,921.3,956.24,996.2,962.4,False,False,False,False,False,False,False,False,False,False,False,-0.0264026402640264,0.0033003300330033,,,-0.0519691969196919,-0.0959295929592959,-0.0099009900990099,-0.0561056105610561,-0.0034798902496151,-0.081298165635515,1048.0,924.0,0.474390243902439,-0.0060235924035806,5.513625525300353e-06,-6.541875911820908e-05
2004-08-13,900.0,900.0,890.0,891.0,41600.0,891.0,903.4,915.0,949.8,992.7066666666668,962.57,False,False,False,False,False,False,False,False,False,True,False,-0.0089786756453423,0.0202020202020202,,,-0.0659932659932659,-0.1141488963711187,0.0011223344556677,-0.0246913580246913,-0.0035189985628516,-0.0721311475409836,1038.0,948.0,1.069408740359897,-0.0067803748157507,-0.00075678241217,-3.9108313236502646e-05
2004-08-16,881.0,889.0,881.0,884.0,26000.0,884.0,900.4,908.9,942.8,989.5733333333334,962.79,False,False,False,False,False,False,False,False,False,True,False,0.0,0.0486425339366515,,,-0.0665158371040723,-0.1194268476621418,0.0090497737556561,-0.0147058823529411,-0.0031663477862514,-0.0631532621850588,1052.0,953.0,0.625,-0.0074246924056003,-0.0006443175898495,0.0003526507766002
2004-08-17,884.0,906.0,882.0,887.0,32200.0,887.0,896.0,904.7,935.48,987.12,963.265,False,False,False,False,False,False,False,False,False,True,False,0.0033821871476888,0.0360766629086809,,,-0.0546561443066516,-0.1128748590755355,0.0157835400225479,-0.0394588500563697,-0.0024853445714131,-0.0565933458605062,1070.0,965.0,1.2384615384615385,-0.0078248599649377,-0.0004001675593373,0.0006810032148382
2004-08-18,890.0,899.0,885.0,889.0,32700.0,889.0,892.0,901.4,929.4,984.4933333333332,963.695,False,False,False,False,False,False,False,False,False,False,False,0.0112485939257592,0.0326209223847019,,,-0.0454443194600674,-0.1074165729283838,0.0033745781777277,-0.03037120359955,-0.0026680390590084,-0.0511426669625028,1080.0,943.0,1.015527950310559,-0.0065418549601894,0.0012830050047483,-0.0001826944875952
2004-08-19,891.0,891.0,885.0,885.0,22500.0,885.0,887.2,897.8,925.16,982.3733333333332,964.095,False,False,False,False,False,False,False,False,False,False,False,0.0305084745762711,0.0384180790960452,,,-0.0453785310734462,-0.1100263653483991,0.0022598870056497,-0.0327683615819209,-0.0021580390347186,-0.0460013366005791,1072.0,943.0,0.6880733944954128,-0.0045829910501967,0.0019588639099926,0.0005100000242898
2004-08-20,887.0,893.0,883.0,883.0,58900.0,883.0,885.6,894.5,921.44,980.64,964.43,False,False,False,False,False,False,False,False,False,False,False,0.029445073612684,0.0271800679501698,,,-0.0435334088335221,-0.110577576443941,0.001132502831257,-0.0396375990939977,-0.0017675531625604,-0.0424818334264952,1077.0,927.0,2.617777777777778,-0.0040371592290327,0.000545831821164,0.0003904858721582
2004-08-23,893.0,909.0,883.0,884.0,28100.0,884.0,885.6,893.0,917.48,978.8933333333332,964.725,False,False,False,False,False,False,False,False,False,True,False,0.0486425339366515,0.0475113122171945,,,-0.0378733031674208,-0.1073453996983407,-0.007918552036199,-0.0373303167420814,-0.0017843278804637,-0.040649496080627,1064.0,960.0,0.4770797962648557,-0.0043161703797358,-0.0002790111507031,-1.6774717903368045e-05
2004-08-24,904.0,904.0,888.0,890.0,33300.0,890.0,886.2,891.1,913.88,978.16,965.015,False,False,False,False,False,False,False,False,False,False,False,0.0325842696629213,0.0404494382022471,,,-0.0268314606741572,-0.0990561797752808,-0.0224719101123595,-0.0426966292134831,-0.0007497069327443,-0.0387161934687464,1075.0,986.0,1.1850533807829182,-0.0039392480413183,0.0003769223384174,0.0010346209477194
2004-08-25,910.0,913.0,891.0,899.0,39700.0,899.0,888.2,890.1,910.92,977.5066666666668,965.405,False,False,False,False,False,False,False,False,False,False,False,0.0211345939933259,0.0200222469410456,,,-0.0132591768631812,-0.0873266592510197,-0.0100111234705228,-0.0533926585094549,-0.0006683671381608,-0.0371868329401191,1078.0,993.0,1.1921921921921923,-0.0032494620822904,0.0006897859590278,8.133979458347913e-05
2004-08-26,911.0,935.0,910.0,912.0,45900.0,912.0,893.6,890.4,909.2,977.2266666666668,965.845,False,False,False,False,True,False,False,False,False,False,False,0.0076754385964912,-0.0032894736842105,,,0.0030701754385964,-0.0715204678362574,-0.0109649122807017,-0.0657894736842105,-0.0002865251323472,-0.0381850853548966,1086.0,998.0,1.1561712846347607,-0.0018917729872414,0.001357689095049,0.0003818420058135
2004-08-27,928.0,928.0,909.0,909.0,43800.0,909.0,898.8,892.2,908.4,976.8666666666668,966.27,False,False,False,False,False,False,False,False,False,False,True,-0.0022002200220022,-0.0231023102310231,,,0.0006600660066006,-0.0746607994132747,0.0066006600660066,-0.0418041804180418,-0.0003685252166791,-0.0399013674064111,1083.0,992.0,0.954248366013072,-0.0008806693086746,0.0010111036785667,-8.200008433189719e-05
2004-08-30,919.0,932.0,915.0,927.0,39500.0,927.0,907.4,896.5,908.4,976.8533333333334,966.845,False,False,False,False,False,False,False,False,False,False,False,-0.0010787486515641,-0.0334412081984897,,,0.0200647249190938,-0.0537792161093132,-0.0269687162891046,-0.0593311758360302,-1.3649268399317768e-05,-0.0443948689347461,1075.0,993.0,0.9018264840182648,0.0,0.0008806693086746,0.0003548759482798
2004-08-31,910.0,931.0,909.0,919.0,50900.0,919.0,913.2,899.7,908.32,977.16,967.395,False,False,False,False,False,False,False,True,False,True,False,0.0076169749727965,-0.0130576713819368,,,0.0116213275299237,-0.0632861806311207,-0.0097932535364526,-0.0282916213275299,0.0003138346500743,-0.0432366344337002,1058.0,998.0,1.2886075949367088,-8.807468733477986e-05,-8.807468733477986e-05,0.0003274839184736
2004-09-01,929.0,929.0,910.0,918.0,37000.0,918.0,917.0,902.6,908.28,977.2266666666668,967.995,False,False,False,False,False,False,False,True,False,False,False,-0.0010893246187363,-0.0305010893246187,,,0.0105882352941176,-0.0645170660856936,-0.0315904139433551,-0.0272331154684095,6.82202696066761e-05,-0.0428761356082429,1054.0,999.0,0.7269155206286837,-4.4039283040557215e-05,4.403540429422264e-05,-0.0002456143804676
2004-09-02,916.0,924.0,913.0,919.0,33900.0,919.0,918.4,906.0,908.36,977.16,968.64,False,False,False,False,False,False,True,False,False,False,False,-0.0108813928182807,-0.0206746463547334,,,0.0115778019586506,-0.0632861806311207,-0.0315560391730141,-0.0217627856365614,-6.822492392938046e-05,-0.0417218543046357,1053.0,1001.0,0.9162162162162162,8.807080893042507e-05,0.0001321100919709,-0.000136445193536
2004-09-03,921.0,926.0,906.0,907.0,34700.0,907.0,918.0,908.4,906.48,976.6133333333332,969.25,False,False,False,False,False,False,False,False,False,True,False,-0.0209481808158765,-0.0165380374862183,,,0.0005733186328555,-0.0767511944138183,-0.0165380374862183,-0.0066152149944873,-0.0005597575294214,-0.038419198590929,1052.0,1038.0,1.0235988200589972,-0.0020739564027888,-0.0021620272117192,-0.000491532605492
2004-09-06,912.0,929.0,911.0,926.0,39500.0,926.0,917.8,912.6,905.72,976.2533333333332,969.96,False,False,False,False,False,False,False,False,False,False,False,-0.0323974082073434,-0.0367170626349892,,,0.0219006479481641,-0.0542692584593231,-0.0345572354211663,-0.0010799136069114,-0.0003687567434682,-0.034735919351304,1059.0,1065.0,1.138328530259366,-0.0008391114251645,0.0012348449776243,0.0001910007859532
2004-09-07,928.0,932.0,915.0,926.0,36400.0,926.0,919.2,916.2,905.6,975.7333333333332,970.665,False,False,False,False,False,False,False,False,False,False,False,-0.0205183585313174,-0.0269978401727861,,,0.0220302375809934,-0.0537077033837292,-0.0496760259179265,-0.0064794816414686,-0.0005329324952172,-0.0311067452521283,1070.0,1066.0,0.9215189873417722,-0.0001325088339222,0.0007066025912422,-0.000164175751749
2004-09-08,926.0,927.0,914.0,917.0,18900.0,917.0,919.0,918.0,905.4,975.3866666666668,971.31,False,False,False,False,False,False,False,False,False,True,False,-0.0294438386041439,-0.0272628135223555,,,0.0126499454743729,-0.0636713922210106,-0.0501635768811341,0.0087241003271537,-0.000355414604806,-0.0249455337690631,1041.0,1054.0,0.5192307692307693,-0.0002208968411752,-8.838800725295492e-05,0.0001775178904111
2004-09-09,916.0,934.0,909.0,909.0,19100.0,909.0,917.0,917.7,904.92,974.9333333333332,972.025,False,False,False,False,False,False,False,False,False,True,False,-0.0099009900990099,-0.0242024202420242,,,0.0044884488448845,-0.0725339200586723,-0.0286028602860286,0.0286028602860286,-0.0004649890590812,-0.0155824343467364,991.0,1048.0,1.0105820105820107,-0.0005304336294921,-0.0003095367883169,-0.0001095744542751
2004-09-10,902.0,906.0,878.0,888.0,119700.0,888.0,913.2,915.6,903.8,974.4133333333332,972.475,False,False,False,False,False,True,False,False,False,True,False,0.0045045045045045,-0.0045045045045045,,,-0.0177927927927927,-0.0973123123123121,-0.0337837837837837,0.0337837837837837,-0.000533654438226,-0.0081913499344692,976.0,1038.0,6.267015706806283,-0.0012392122150918,-0.0007087785855997,-6.866537914481969e-05
2004-09-13,891.0,907.0,891.0,896.0,45000.0,896.0,907.2,912.5,903.68,973.56,972.96,False,False,False,False,False,False,False,False,False,False,False,-0.0044642857142857,-0.0212053571428571,,,-0.0085714285714285,-0.0865624999999999,-0.0479910714285714,0.0546875,-0.0008765082104166,0.0031780821917807,983.0,1052.0,0.3759398496240601,-0.0001327903682719,0.0011064218468198,-0.0003428537721905
2004-09-14,916.0,920.0,890.0,907.0,30000.0,907.0,903.4,911.3,903.6,972.5066666666668,973.435,False,False,False,False,False,False,False,False,False,False,False,-0.0066152149944873,-0.0407938257993384,,,0.0037486218302094,-0.0722234472620361,-0.0617420066152149,0.0606394707828004,-0.0010831116838957,0.0120706682760891,980.0,1070.0,0.6666666666666666,-8.853474988925104e-05,4.425561838270866e-05,-0.000206603473479
2004-09-15,908.0,910.0,890.0,890.0,27300.0,890.0,898.0,908.5,902.84,971.1333333333332,973.86,False,False,False,False,False,False,False,False,False,True,False,0.0022471910112359,0.0,,,-0.0144269662921348,-0.0911610486891384,-0.0617977528089887,0.1269662921348314,-0.001414155282488,0.0272977435332965,973.0,1080.0,0.91,-0.0008417881352177,-0.0007532533853284,-0.0003310435985923
2004-09-16,900.0,909.0,883.0,900.0,42600.0,900.0,896.2,906.6,902.48,969.8266666666668,974.225,False,False,False,False,False,False,False,False,False,False,False,-0.0144444444444444,0.0022222222222222,,,-0.0027555555555555,-0.0775851851851853,-0.0733333333333333,0.1044444444444444,-0.001347319795977,0.0399294065740127,955.0,1072.0,1.5604395604395604,-0.000398900806666,0.0004428873285516,6.683548651105053e-05
2004-09-17,901.0,907.0,889.0,892.0,21300.0,892.0,897.0,905.1,902.52,968.4933333333332,974.525,False,False,False,False,False,False,True,False,False,False,False,-0.0089686098654708,0.0257847533632287,,,-0.0117937219730941,-0.0857548579970103,-0.0526905829596412,0.1177130044843049,-0.0013767088398477,0.0522594188487459,929.0,1077.0,0.5,4.4320347471483866e-05,0.0004432211541375,-2.938904387073441e-05
2004-09-21,912.0,912.0,892.0,892.0,20100.0,892.0,896.2,901.7,902.84,967.1466666666666,974.89,False,False,False,False,False,False,True,False,False,False,False,-0.0168161434977578,0.0112107623318385,,,-0.012152466367713,-0.0842451420029895,-0.0560538116591928,0.1289237668161435,-0.0013924120436747,0.0653210602195852,927.0,1064.0,0.943661971830986,0.0003544371095654,0.0003101167620939,-1.570320382703939e-05
2004-09-22,900.0,904.0,882.0,901.0,56500.0,901.0,895.0,899.2,903.4,965.8533333333334,975.195,False,False,False,False,False,False,True,False,False,False,False,-0.0344062153163152,0.0099889012208657,,,-0.0026637069922308,-0.0719792822789493,-0.0566037735849056,0.0954495005549389,-0.0013390576899183,0.0757339857651244,921.0,1075.0,2.810945273631841,0.0006198804516271,0.0002654433420616,5.335435375640072e-05
2004-09-24,899.0,899.0,888.0,892.0,37000.0,892.0,895.4,896.7,903.52,964.4266666666666,975.485,False,False,False,False,False,False,True,False,False,True,False,-0.0022421524663677,-0.0033632286995515,,,-0.012914798206278,-0.0811958146487294,-0.0437219730941704,0.1065022421524663,-0.0014792899408284,0.0856473737035797,919.0,1078.0,0.6548672566371682,0.0001328138834779,-0.0004870665681491,-0.00014023225091
2004-09-27,888.0,900.0,876.0,887.0,24600.0,887.0,892.8,894.5,903.6,962.9066666666666,975.785,False,False,False,False,False,False,True,False,False,True,False,0.0169109357384441,0.0033821871476888,,,-0.0187147688838782,-0.0855768508079669,-0.040586245772266,0.0913190529875986,-0.0015785538231465,0.0920067076579094,917.0,1086.0,0.6648648648648648,8.853474988937685e-05,-4.427913358858109e-05,-9.926388231809364e-05
2004-09-28,897.0,897.0,882.0,884.0,18000.0,884.0,891.2,894.1,903.64,960.8533333333334,976.05,False,False,False,False,False,False,True,False,False,True,False,0.0350678733031674,0.0090497737556561,,,-0.0222171945701357,-0.0869381598793363,-0.0101809954751131,0.0950226244343891,-0.0021369893428063,0.0980874622525443,954.0,1083.0,0.7317073170731707,4.426541543088356e-05,-4.426933445849329e-05,-0.0005584355196597
2004-09-29,893.0,893.0,865.0,877.0,23400.0,877.0,888.2,892.2,903.36,958.3466666666668,976.25,False,False,False,False,False,False,False,False,False,True,False,0.0285062713797035,0.0193842645381984,,,-0.0300570125427594,-0.0927556062333715,0.0,0.104903078677309,-0.0026156157827368,0.1031158932974669,945.0,1075.0,1.3,-0.0003099539496988,-0.0003542193651297,-0.0004786264399304
2004-09-30,867.0,893.0,867.0,870.0,18000.0,870.0,882.0,888.5,902.56,955.7333333333332,976.64,False,False,False,False,False,False,False,False,False,True,False,0.0459770114942528,0.0114942528735632,,,-0.0374252873563217,-0.0985440613026818,0.0034482758620689,0.1471264367816092,-0.0027343750000002,0.1117613956105795,929.0,1058.0,0.7692307692307693,-0.0008863676653076,-0.0005764137156087,-0.0001187592172634
2004-10-01,871.0,899.0,871.0,890.0,24800.0,890.0,881.6,888.5,902.2,953.5466666666666,977.15,False,False,False,False,False,False,False,False,False,False,False,-0.0011235955056179,-0.0213483146067415,,,-0.0137078651685393,-0.0714007490636703,-0.0146067415730337,0.0865168539325842,-0.0022931931316068,0.107709622960045,922.0,1054.0,1.3777777777777778,-0.0003990246065172,0.0004873430587903,0.0004411818683933
2004-10-04,900.0,912.0,892.0,902.0,36400.0,902.0,884.6,888.7,901.8,951.6,977.775,False,False,False,False,True,False,False,False,False,True,False,-0.0133037694013303,-0.0210643015521064,,,0.0002217294900222,-0.0549889135254989,-0.0299334811529933,0.0942350332594235,-0.0020456774555134,0.1066726679419376,921.0,1053.0,1.467741935483871,-0.0004435573297849,-4.453272326768458e-05,0.0002475156760934
2004-10-05,902.0,915.0,902.0,915.0,46400.0,915.0,890.8,891.0,902.04,949.96,978.5,False,False,False,False,False,False,True,False,False,False,True,-0.0251366120218579,-0.0622950819672131,,,0.0141639344262295,-0.038207650273224,-0.0557377049180327,0.073224043715847,-0.0017263884795149,0.1021324354657687,916.0,1052.0,1.2747252747252746,0.0002660635891978,0.0007096209189828,0.0003192889759985
2004-10-06,898.0,908.0,890.0,902.0,45200.0,902.0,895.8,892.0,901.04,947.96,979.125,False,False,False,False,False,False,False,False,False,True,False,-0.0088691796008869,-0.0543237250554323,,,0.0010643015521064,-0.0509534368070953,-0.0465631929046563,0.065410199556541,-0.0021097936621798,0.0957399103139013,899.0,1059.0,0.9741379310344828,-0.0011098286424576,-0.0013758922316554,-0.0003834051826649
2004-10-07,902.0,914.0,892.0,910.0,44500.0,910.0,903.8,892.9,900.68,945.8266666666668,979.77,False,False,False,False,False,False,False,False,False,False,False,-0.0329670329670329,-0.0648351648351648,,,0.0102417582417582,-0.0393699633699635,-0.0428571428571428,0.0681318681318681,-0.0022555225058853,0.0929555381341695,909.0,1070.0,0.9845132743362832,-0.000399698005951,0.0007101306365065,-0.0001457288437055
2004-10-08,894.0,900.0,888.0,889.0,23900.0,889.0,903.6,892.6,899.52,943.28,980.41,False,False,False,False,False,True,False,False,False,True,False,-0.0202474690663667,-0.0607424071991001,,,-0.0118335208098987,-0.0610573678290213,-0.0404949381327334,0.0809898762654668,-0.0026997992819383,0.0904100380909701,909.0,1041.0,0.5370786516853933,-0.0012895766631091,-0.0008898786571581,-0.000444276776053
2004-10-12,893.0,900.0,880.0,890.0,49000.0,890.0,901.2,892.9,898.36,940.8533333333334,980.995,False,False,False,False,False,False,False,False,False,True,False,-0.0078651685393258,-0.0629213483146067,,,-0.0093932584269663,-0.0571385767790262,-0.0528089887640449,0.0887640449438202,-0.0025792188651436,0.0901556725277186,909.0,991.0,2.0502092050209204,-0.0012912418184246,-1.6651553154710744e-06,0.0001205804167947
2004-10-13,887.0,898.0,880.0,892.0,64000.0,892.0,896.6,893.7,897.76,938.3866666666668,981.51,False,False,False,False,False,False,False,False,False,False,False,-0.0381165919282511,-0.0526905829596412,,,-0.006457399103139,-0.0520029895366219,-0.0549327354260089,0.0908071748878923,-0.0026286250159847,0.0897392861139083,891.0,976.0,1.3061224489795915,-0.0006683300659419,0.0006229117524827,-4.94061508411435e-05
2004-10-14,891.0,905.0,881.0,894.0,58300.0,894.0,895.0,895.4,896.48,936.12,981.965,False,False,False,False,False,False,False,False,False,True,False,-0.0458612975391498,-0.058165548098434,,,-0.0027740492170022,-0.0471140939597315,-0.0536912751677852,0.0659955257270693,-0.0024213419931918,0.0858834040652222,884.0,983.0,0.9109375,-0.0014278065322148,-0.0007594764662729,0.0002072830227929
2004-10-15,881.0,887.0,876.0,880.0,24800.0,880.0,889.0,896.4,894.64,933.52,982.31,False,False,False,False,False,False,False,False,False,True,False,-0.0329545454545454,-0.034090909090909,,,-0.0166363636363636,-0.0608181818181818,-0.0545454545454545,0.0954545454545454,-0.0027851572542634,0.0808790718429272,887.0,980.0,0.425385934819897,-0.0020566931950282,-0.0006288866628133,-0.0003638152610715
2004-10-18,871.0,888.0,863.0,871.0,30300.0,871.0,885.4,894.5,892.8,930.76,982.6,False,False,False,False,False,False,False,False,False,True,False,-0.0413318025258323,-0.0206659012629161,,,-0.0250287026406428,-0.0686107921928817,-0.0309988518943742,0.0597014925373134,-0.0029653186643173,0.0782560089435438,889.0,973.0,1.221774193548387,-0.0020609318996416,-4.238704613409444e-06,-0.0001801614100538
2004-10-19,880.0,889.0,870.0,883.0,50000.0,883.0,884.0,892.6,891.76,928.0533333333332,982.98,False,False,False,False,False,False,False,False,False,False,False,-0.0554926387315968,-0.0362400906002265,,,-0.0099207248018119,-0.0510230275575687,-0.044167610419026,0.0532276330690826,-0.0029164990517787,0.0741653596235715,885.0,955.0,1.6501650165016502,-0.0011662330671929,0.0008946988324486,4.881961253852324e-05
2004-10-20,865.0,867.0,857.0,858.0,50300.0,858.0,877.2,886.9,890.56,925.0533333333332,983.225,False,False,False,False,False,False,False,False,False,True,False,-0.0151515151515151,0.0198135198135198,,,-0.0379487179487178,-0.0781507381507379,-0.0116550116550116,0.0606060606060606,-0.0032430562562158,0.0729507272522269,883.0,929.0,1.006,-0.0013474667624865,-0.0001812336952936,-0.000326557204437
2004-10-21,860.0,873.0,845.0,853.0,45900.0,853.0,869.0,882.0,888.84,922.0933333333334,983.405,False,False,False,False,False,False,False,False,False,True,False,-0.0128956623681125,0.0281359906213364,,,-0.0420164126611958,-0.0810003907776475,-0.0046893317702227,0.0679953106682297,-0.0032100871929086,0.0732426303854875,884.0,927.0,0.9125248508946322,-0.0019351064308535,-0.000587639668367,3.296906330717709e-05
2004-10-22,843.0,854.0,843.0,851.0,44800.0,851.0,863.2,876.1,886.6,919.3333333333334,983.48,False,False,False,False,False,False,False,False,False,True,False,-0.0011750881316098,0.0258519388954171,,,-0.0418331374853114,-0.0802976889933412,0.0023501762632197,0.0799059929494712,-0.0030021754894851,0.0744207282273712,890.0,921.0,0.9760348583877996,-0.0025265057523122,-0.0005913993214586,0.0002079117034235
2004-10-25,843.0,856.0,835.0,835.0,78700.0,835.0,856.0,870.7,884.4,916.4133333333332,983.385,False,False,False,False,False,False,False,False,False,False,False,0.0215568862275449,0.0502994011976047,,,-0.0591616766467065,-0.0975009980039918,0.0143712574850299,0.1017964071856287,-0.0031863351326186,0.0763753301940967,899.0,919.0,1.7566964285714286,-0.0024875621890547,3.89435632574364e-05,-0.0001841596431335
2004-10-26,835.0,846.0,830.0,834.0,34300.0,834.0,846.2,865.1,881.76,913.4933333333332,983.38,False,False,False,False,False,False,False,False,False,True,False,0.0203836930455635,0.0491606714628297,,,-0.0572661870503597,-0.0953157474020782,0.0287769784172661,0.1091127098321343,-0.0031965203176085,0.0782568489192,912.0,917.0,0.4358322744599746,-0.0029940119760478,-0.0005064497869931,-1.018518498987651e-05
2004-10-27,854.0,860.0,838.0,845.0,48000.0,845.0,843.6,860.4,879.88,910.7333333333332,983.475,False,False,False,False,False,False,False,False,False,False,False,0.0355029585798816,0.0224852071005917,,,-0.0412781065088757,-0.0777909270216961,0.0284023668639053,0.1254437869822485,-0.0030305248517677,0.0815899581589958,909.0,954.0,1.3994169096209912,-0.0021366549984088,0.000857356977639,0.0001659954658407
2004-10-28,845.0,856.0,835.0,842.0,50800.0,842.0,841.4,855.2,877.88,907.84,983.52,False,False,False,False,False,False,False,False,False,True,False,0.0415676959619952,0.0213776722090261,,,-0.0426128266033254,-0.0781947743467933,0.0344418052256532,0.1294536817102137,-0.0031870520502877,0.0879326473339568,927.0,945.0,1.0583333333333331,-0.0022782157014626,-0.0001415607030537,-0.0001565271985199
2004-10-29,840.0,854.0,839.0,850.0,57900.0,850.0,841.2,852.2,875.84,904.9066666666666,983.63,False,False,False,False,False,False,False,False,False,True,False,0.0270588235294117,0.0247058823529411,,,-0.0304,-0.0645960784313725,0.0023529411764705,0.1352941176470588,-0.0032415866093004,0.0918798404130485,919.0,929.0,1.139763779527559,-0.0023291925465838,-5.09768451211947e-05,-5.453455901275467e-05
2004-11-01,840.0,859.0,840.0,853.0,23700.0,853.0,844.8,850.4,874.28,902.4,983.72,False,False,False,False,False,False,False,False,False,False,False,0.0281359906213364,0.0,,,-0.0249472450175849,-0.0579132473622508,0.0105509964830011,0.1559202813599062,-0.0027777777777777,0.1015992474129821,918.0,922.0,0.4093264248704663,-0.0017843253877477,0.0005448671588361,0.0004638088315227
2004-11-02,860.0,869.0,842.0,851.0,38100.0,851.0,848.2,847.2,872.84,900.5333333333333,983.8,False,False,False,False,False,False,False,False,False,False,False,0.0282021151586369,-0.0094007050528789,,,-0.0256639247943596,-0.0582060321190755,0.0058754406580493,0.1421856639247943,-0.0020728457210541,0.110717658168083,919.0,921.0,1.6075949367088609,-0.001649786902525,0.0001345384852226,0.0007049320567235
2004-11-04,870.0,880.0,856.0,875.0,84800.0,875.0,854.2,848.9,872.48,899.1866666666666,983.98,False,False,False,False,True,False,False,False,False,False,True,-0.0125714285714285,-0.0365714285714285,,,0.0028799999999999,-0.0276419047619046,-0.0308571428571428,0.1257142857142857,-0.0014976497279022,0.1173283072211097,907.0,916.0,2.225721784776903,-0.0004126169081239,0.001237169994401,0.0005751959931519
2004-11-05,875.0,884.0,867.0,877.0,23600.0,877.0,861.2,851.3,872.48,897.7733333333333,984.17,False,False,False,False,False,False,False,False,False,False,False,-0.0193842645381984,-0.0353477765108323,,,0.0051539338654503,-0.0236868110984416,-0.0296465222348916,0.1197263397947548,-0.0015742652191347,0.1225185011159404,926.0,899.0,0.2783018867924528,0.0,0.0004126169081239,-7.661549123242815e-05
2004-11-08,873.0,879.0,873.0,873.0,28300.0,873.0,865.8,853.5,872.6,896.3466666666667,984.215,False,False,False,False,False,False,True,False,False,False,False,-0.0022909507445589,-0.0469644902634593,,,0.0004581901489117,-0.0267430316914853,-0.0240549828178694,0.134020618556701,-0.0015916460893106,0.1279437609841828,926.0,909.0,1.1991525423728813,0.000137520055008,0.000137520055008,-1.7380870175921553e-05
2004-11-09,875.0,883.0,873.0,877.0,19700.0,877.0,870.6,857.7,872.08,895.0666666666667,984.26,False,False,False,False,False,False,False,False,False,True,False,-0.0273660205245153,-0.0376282782212086,,,0.0056100342075256,-0.0206005321170658,-0.0296465222348916,0.1345496009122007,-0.001430061075525,0.1311647429171038,917.0,909.0,0.696113074204947,-0.0005962755710485,-0.0007337956260565,0.0001615850137855
2004-11-10,867.0,878.0,867.0,875.0,28000.0,875.0,875.4,861.8,871.0,894.0,984.21,False,False,False,False,False,False,False,False,False,True,False,-0.0365714285714285,-0.0354285714285714,,,0.0045714285714285,-0.0217142857142857,-0.0262857142857142,0.1382857142857143,-0.001193139448173,0.1340218148062195,909.0,909.0,1.4213197969543148,-0.001239954075775,-0.0006436785047265,0.000236921627352
2004-11-11,875.0,879.0,862.0,864.0,23700.0,864.0,873.2,863.7,868.96,893.1333333333333,984.09,False,False,False,False,False,True,False,False,False,True,False,-0.0243055555555555,-0.0185185185185185,,,-0.0057407407407407,-0.0337191358024691,0.0081018518518518,0.162037037037037,-0.0009703664999626,0.1376635405812203,888.0,891.0,0.8464285714285714,-0.0023476339532314,-0.0011076798774563,0.0002227729482103
2004-11-12,842.0,860.0,841.0,860.0,33100.0,860.0,869.8,865.5,867.28,892.24,983.74,False,False,False,False,False,False,False,False,False,False,False,-0.0162790697674418,-0.0127906976744186,,,-0.0084651162790697,-0.0374883720930232,0.013953488372093,0.1837209302325581,-0.0010012253803161,0.1430387059503176,896.0,884.0,1.3966244725738397,-0.0019370906742921,0.0004105432789392,-3.085888035350259e-05
2004-11-15,862.0,873.0,862.0,871.0,60500.0,871.0,869.4,867.6,865.72,891.5733333333334,983.47,False,False,False,False,False,False,False,False,False,False,False,-0.044776119402985,-0.0206659012629161,,,0.0060619977037887,-0.0236203597397627,0.0252583237657864,0.1687715269804822,-0.0007477418197044,0.1463808206546795,907.0,887.0,1.8277945619335347,-0.0018019683038395,0.0001351223704525,0.0002534835606117
2004-11-16,862.0,870.0,846.0,853.0,90700.0,853.0,864.6,867.6,864.28,890.6933333333334,983.115,False,False,False,False,False,False,False,False,False,False,False,-0.0105509964830011,-0.0070339976553341,,,-0.0132239155920281,-0.044189136381399,0.0468933177022274,0.1817116060961313,-0.000987994371426,0.1489165514061778,890.0,889.0,1.4991735537190083,-0.0016661267181932,0.0001358415856462,-0.0002402525517215
2004-11-17,845.0,851.0,841.0,843.0,63600.0,843.0,858.2,866.8,862.4,889.7066666666667,982.735,False,False,False,False,False,False,False,False,False,True,False,0.0011862396204033,0.0177935943060498,,,-0.0230130486358244,-0.0554052985369711,0.066429418742586,0.2016607354685646,-0.0011089797386404,0.1547069681587448,900.0,885.0,0.701212789415656,-0.0021799628942486,-0.0005138361760553,-0.0001209853672144
2004-11-18,843.0,859.0,843.0,843.0,30700.0,843.0,854.0,863.6,860.44,888.2266666666667,982.44,False,False,False,False,False,False,False,False,False,True,False,0.0059311981020166,0.0308422301304863,,,-0.0206880189798339,-0.0536496638987742,0.0688018979833926,0.2396204033214709,-0.0016662413498056,0.1659333024548401,892.0,883.0,0.4827044025157233,-0.0022779043280181,-9.79414337695301e-05,-0.0005572616111651
2004-11-19,846.0,850.0,844.0,846.0,43200.0,846.0,851.2,860.5,858.52,886.9066666666666,982.19,False,False,False,False,False,False,False,False,False,False,False,0.0035460992907801,0.0295508274231678,,,-0.0147990543735224,-0.0483530338849487,0.0933806146572104,0.243498817966903,-0.0014883189512613,0.178268448576409,892.0,884.0,1.4071661237785016,-0.0022364068396776,4.14974883404637e-05,0.0001779223985442
2004-11-22,838.0,838.0,831.0,832.0,43600.0,832.0,843.4,856.4,856.6,885.6133333333333,981.775,False,False,False,False,False,False,False,False,False,True,False,0.0252403846153846,0.0240384615384615,,,-0.0295673076923077,-0.0644391025641025,0.1057692307692307,0.2740384615384615,-0.001460381505849,0.1920831387202242,901.0,890.0,1.0092592592592593,-0.0022414195657249,-5.0127260472418445e-06,2.7937445412359787e-05
2004-11-24,842.0,851.0,835.0,844.0,45200.0,844.0,841.6,853.1,855.52,884.5733333333334,981.335,False,False,False,False,False,False,False,False,False,False,False,0.0035545023696682,0.0213270142180094,,,-0.013649289099526,-0.0480726698262243,0.0959715639810426,0.2511848341232227,-0.001175708062644,0.2038448013128589,892.0,899.0,1.036697247706422,-0.0012623901253039,0.0009790294404209,0.0002846734432049
2004-11-25,845.0,850.0,835.0,844.0,29600.0,844.0,841.8,850.0,853.96,883.5466666666666,980.635,False,False,False,False,False,False,False,False,False,True,False,0.0165876777251184,0.0142180094786729,,,-0.0118009478672986,-0.0468562401263822,0.1078199052132701,0.2322274881516587,-0.001161983520961,0.2134117647058824,887.0,912.0,0.6548672566371682,-0.0018267834558995,-0.0005643933305955,1.37245416830193e-05
2004-11-26,844.0,852.0,843.0,848.0,47300.0,848.0,842.8,848.4,853.56,882.64,979.745,False,False,False,False,False,False,False,False,False,False,False,0.0247641509433962,0.0,,,-0.0065566037735848,-0.0408490566037735,0.0825471698113207,0.2264150943396226,-0.0010272213662043,0.21994342291372,884.0,909.0,1.597972972972973,-0.0004686255213459,0.0013581579345535,0.0001347621547566
2004-11-29,848.0,851.0,836.0,849.0,75000.0,849.0,843.4,847.3,853.4,881.9733333333334,979.005,False,False,False,False,False,False,False,False,False,False,False,0.0259128386336866,0.0023557126030624,,,-0.0051825677267373,-0.0388378484491559,0.1130742049469964,0.2190812720848056,-0.0007558807522524,0.2235335772453677,877.0,927.0,1.5856236786469344,-0.0001874853527067,0.0002811401686392,0.0002713406139519
2004-11-30,849.0,861.0,845.0,853.0,67100.0,853.0,847.6,845.5,853.48,881.2266666666667,978.315,False,False,False,False,False,False,True,False,False,False,False,-0.0011723329425556,-0.0011723329425556,,,-0.0005627198124267,-0.0330910511918718,0.1277842907385697,0.1922626025791324,-0.0008473037583973,0.2260201064458899,870.0,919.0,0.8946666666666667,9.373388948779224e-05,0.0002812192421945,-9.142300614490726e-05
2004-12-01,861.0,861.0,840.0,847.0,34100.0,847.0,848.2,844.9,853.96,880.4,977.59,False,False,False,False,False,False,True,False,False,False,False,0.0177095631641086,0.0047225501770956,,,-0.0082172373081464,-0.0394332939787485,0.1841794569067296,0.2184179456906729,-0.0009389671361502,0.2297313291513789,890.0,918.0,0.5081967213114754,0.0005620872171998,0.000468353327712,-9.166337775289576e-05
2004-12-02,860.0,860.0,854.0,858.0,43100.0,858.0,851.0,846.4,854.92,879.72,976.665,False,False,False,True,True,False,True,False,True,False,False,-0.0023310023310023,-0.0069930069930069,,,0.0035897435897436,-0.0253146853146853,0.1585081585081585,0.2156177156177156,-0.0007729732187513,0.2310964083175803,902.0,919.0,1.2639296187683284,0.0011229120853412,0.0005608248681413,0.0001659939173989
2004-12-03,862.0,872.0,859.0,869.0,71600.0,869.0,855.2,849.0,855.88,879.4266666666666,975.82,False,False,False,False,False,False,True,False,False,True,False,-0.0241657077100115,0.002301495972382,,,0.0150978135788262,-0.0119984656693516,0.1472957422324511,0.2059838895281933,-0.0003335506466334,0.2276796230859834,915.0,907.0,1.6612529002320189,0.001121652568117,-1.2595172241597517e-06,0.0004394225721178
2004-12-06,885.0,887.0,871.0,871.0,68600.0,871.0,859.6,851.5,857.04,879.2533333333333,974.8,False,False,False,False,False,False,True,False,False,False,False,-0.0229621125143513,0.0011481056257175,,,0.0160275545350172,-0.0094756984309223,0.1561423650975889,0.1894374282433984,-0.0001971369646972,0.2221961244862008,902.0,926.0,0.9581005586592178,0.0013534957528236,0.0002318431847065,0.0001364136819362
2004-12-07,874.0,876.0,848.0,852.0,54900.0,852.0,859.4,853.5,857.12,878.7866666666666,973.665,False,False,False,False,False,False,True,False,False,True,False,0.0,0.0481220657276995,,,-0.0060093896713615,-0.0314397496087636,0.1584507042253521,0.2323943661971831,-0.000531035215221,0.2181605155243117,910.0,926.0,0.8002915451895044,9.333582228864213e-05,-0.0012601599305349,-0.0003338982505237
2004-12-08,851.0,869.0,850.0,862.0,66200.0,862.0,862.4,855.3,857.48,878.4266666666666,972.63,False,False,False,False,False,False,True,False,False,False,False,-0.0127610208816705,0.0359628770301624,,,0.0052436194895591,-0.0190564578499612,0.1450116009280742,0.2296983758700696,-0.0004098236240551,0.2160645387583303,889.0,917.0,1.2058287795992717,0.0004198348649531,0.0003264990426644,0.0001212115911658
2004-12-09,853.0,865.0,849.0,856.0,174000.0,856.0,862.0,856.5,857.68,878.04,971.52,False,False,False,False,False,False,True,False,False,True,False,-0.0046728971962616,0.050233644859813,,,-0.0019626168224298,-0.0257476635514018,0.1308411214953271,0.2441588785046729,-0.000440374774118,0.2172796263864564,890.0,909.0,2.6283987915407856,0.0002331872026862,-0.0001866476622668,-3.055115006295504e-05
2004-12-10,851.0,852.0,845.0,848.0,84000.0,848.0,857.8,856.5,856.6,877.5733333333334,970.265,False,False,False,False,False,False,False,False,False,True,False,0.0271226415094339,0.0625,,,-0.0101415094339622,-0.034874213836478,0.1415094339622641,0.2665094339622642,-0.0005317694247773,0.2212492702860478,892.0,888.0,0.4827586206896552,-0.0012607985057202,-0.0014939857084064,-9.1394650659222e-05
2004-12-13,848.0,859.0,848.0,851.0,26800.0,851.0,853.8,856.7,855.56,877.1333333333333,969.015,False,False,False,False,False,False,False,False,False,False,False,0.0246768507638072,0.0869565217391304,,,-0.0053584018801409,-0.0307089698394046,0.1386603995299647,0.2608695652173913,-0.0005016341111196,0.2253997898914438,894.0,896.0,0.319047619047619,-0.001215578100893,4.5220404827131565e-05,3.0135313657703145e-05
2004-12-14,857.0,857.0,841.0,852.0,50600.0,852.0,853.8,856.6,854.72,876.6266666666667,967.72,False,False,False,False,False,False,False,False,False,False,False,0.0481220657276995,0.0798122065727699,,,-0.0031924882629108,-0.028904538341158,0.1713615023474178,0.2652582159624413,-0.0005779731394588,0.2326640205463461,880.0,907.0,1.888059701492537,-0.000982777985773,0.00023280011512,-7.633902833920937e-05
2004-12-15,843.0,855.0,843.0,851.0,30800.0,851.0,851.6,857.0,853.68,875.9866666666667,966.485,False,False,False,False,False,False,False,False,False,True,False,0.0493537015276145,0.0869565217391304,,,-0.0031492361927143,-0.0293615354484919,0.136310223266745,0.2573443008225617,-0.0007306047276214,0.2365227537922987,871.0,890.0,0.6086956521739131,-0.0012182550838722,-0.0002354770980992,-0.0001526315881625
2004-12-16,848.0,858.0,848.0,852.0,59500.0,852.0,850.8,856.4,852.76,875.1866666666666,965.315,False,False,False,False,False,False,False,False,False,False,False,0.0551643192488262,0.0974178403755868,,,-0.0008920187793427,-0.0272143974960875,0.1584507042253521,0.2617370892018779,-0.000914090708268,0.2411256422232603,883.0,900.0,1.9318181818181817,-0.0010788498522444,0.0001394052316278,-0.0001834859806466
2004-12-17,851.0,889.0,848.0,871.0,144900.0,871.0,855.4,856.6,853.04,874.68,964.265,False,False,False,False,True,False,True,False,False,False,False,0.0344431687715269,0.0539609644087256,,,0.0206199770378875,-0.0042250287026405,0.1274397244546498,0.2181400688863375,-0.0005792594625081,0.2423534905440112,858.0,892.0,2.4352941176470586,0.0003282378317546,0.001407087683999,0.0003348312457598
2004-12-20,872.0,881.0,862.0,872.0,54000.0,872.0,859.6,856.7,853.52,873.9466666666667,963.16,False,False,False,False,False,False,True,False,False,False,False,0.0607798165137614,0.0837155963302752,,,0.0211926605504587,-0.0022324159021407,0.1020642201834862,0.1915137614678899,-0.0008391053611203,0.2425586553052409,853.0,892.0,0.3726708074534161,0.0005623769800356,0.000234139148281,-0.0002598458986121
2004-12-21,882.0,899.0,878.0,893.0,105000.0,893.0,867.8,860.8,854.4,873.6,962.345,False,False,False,False,False,False,True,False,False,False,True,0.0302351623740201,0.0772676371780515,,,0.0432250839865621,0.0217245240761477,0.0884658454647256,0.173572228443449,-0.0003968253968254,0.2364079925650557,851.0,901.0,1.9444444444444444,0.0010299625468164,0.0004675855667808,0.0004422799642948
2004-12-22,891.0,904.0,888.0,893.0,92900.0,893.0,876.2,863.9,856.0,873.2666666666667,961.7,False,False,False,False,False,False,True,False,False,False,False,0.0358342665173572,0.1231802911534154,,,0.0414333706606942,0.0220977976857036,0.0761478163493841,0.1578947368421052,-0.0003817085273685,0.2289616853802524,835.0,892.0,0.8847619047619047,0.0018691588785046,0.0008391963316882,1.5116869456881514e-05
2004-12-24,900.0,903.0,893.0,899.0,83400.0,899.0,885.6,868.2,858.24,873.0,961.085,False,False,False,False,False,False,True,False,False,False,False,0.0400444938820912,0.1056729699666295,,,0.0453392658509454,0.028921023359288,0.0778642936596218,0.1245828698553948,-0.0003054600992745,0.2166551485832756,834.0,887.0,0.8977395048439182,0.0026099925428784,0.0007408336643737,7.62484280940299e-05
2004-12-27,902.0,906.0,895.0,901.0,57500.0,901.0,891.6,873.5,860.56,872.92,960.6,False,False,False,False,False,False,True,False,False,False,False,0.0188679245283018,0.1065482796892341,,,0.0448834628190899,0.031165371809101,0.0799112097669256,0.0688124306326304,-9.164642808051244e-05,0.196565540927304,845.0,884.0,0.6894484412470024,0.0026959189365063,8.592639362792762e-05,0.000213813671194
2004-12-28,901.0,925.0,901.0,925.0,88900.0,925.0,902.2,880.9,863.72,872.9066666666666,960.175,False,False,False,False,False,False,True,False,False,False,False,0.0216216216216216,0.0886486486486486,,,0.0662486486486486,0.0563171171171171,0.0302702702702702,0.0702702702702702,-1.527463799106572e-05,0.1770916108525373,842.0,877.0,1.5460869565217392,0.0036585930625666,0.0009626741260602,7.637179008944674e-05
2004-12-29,940.0,941.0,912.0,920.0,75600.0,920.0,907.6,887.7,867.24,872.8266666666667,959.705,False,False,False,False,False,False,True,False,False,False,False,0.0456521739130434,0.0728260869565217,,,0.0573478260869565,0.0512753623188405,0.0478260869565217,0.0771739130434782,-9.1656228040612e-05,0.1582741917314408,850.0,870.0,0.8503937007874016,0.0040588533739218,0.0004002603113551,-7.638159004954629e-05
2004-12-30,930.0,936.0,925.0,925.0,29500.0,925.0,914.0,895.1,870.48,872.9333333333333,959.28,False,False,False,False,False,False,True,True,False,True,False,0.0843243243243243,0.067027027027027,,,0.0589405405405405,0.0562882882882883,-0.0021621621621621,0.0475675675675675,0.0001221933710095,0.137414813987264,853.0,890.0,0.3902116402116402,0.0037220843672456,-0.0003367690066761,0.0002138495990501
2005-01-04,929.0,935.0,926.0,935.0,21200.0,935.0,921.2,903.4,874.12,873.28,958.83,True,True,False,False,False,False,True,True,False,False,False,0.0631016042780748,0.0352941176470588,,,0.0651122994652406,0.0660106951871658,-0.0053475935828877,0.0577540106951871,0.0003969708073775,0.1174452069957937,851.0,902.0,0.7186440677966102,0.0041641879833432,0.0004421036160975,0.000274777436368
2005-01-05,930.0,933.0,913.0,918.0,63400.0,918.0,924.6,908.1,876.92,873.68,958.15,False,False,False,False,False,False,True,True,False,True,False,0.0860566448801743,0.0544662309368191,,,0.0447494553376906,0.0482788671023965,-0.008714596949891,0.0664488017429194,0.0004578335317278,0.1026318687369231,875.0,915.0,2.990566037735849,0.0031929936596268,-0.0009711943237164,6.0862724350258446e-05
2005-01-06,918.0,946.0,918.0,945.0,80000.0,945.0,928.6,915.4,880.76,874.3333333333334,957.61,False,False,False,False,False,False,True,True,False,False,False,0.0656084656084656,0.0253968253968253,,,0.0679788359788359,0.074779541446208,-0.0359788359788359,0.0380952380952381,0.0007472359893253,0.087502731046537,877.0,902.0,1.2618296529968454,0.0043598710204823,0.0011668773608555,0.0002894024575974
2005-01-07,950.0,965.0,950.0,962.0,91400.0,962.0,937.0,922.3,885.12,875.0666666666667,957.135,False,False,False,False,False,False,True,True,False,False,False,0.0259875259875259,0.0374220374220374,,,0.0799168399168399,0.0903672903672903,-0.0446985446985447,0.0322245322245322,0.0008380313880847,0.0734034479019842,873.0,910.0,1.1425,0.0049258857556037,0.0005660147351214,9.079539875943396e-05
2005-01-11,980.0,1005.0,972.0,1003.0,130400.0,1003.0,952.6,933.3,891.36,876.5733333333334,956.81,False,False,False,False,False,False,True,True,False,False,False,-0.0159521435692921,-0.0358923230309072,,,0.1113060817547357,0.1260485211033565,-0.0827517447657028,-0.0129611166500498,0.0017188141703299,0.0560377156327012,877.0,889.0,1.426695842450766,0.0070005385029617,0.002074652747358,0.0008807827822451
2005-01-12,1000.0,1005.0,986.0,994.0,123000.0,994.0,964.4,942.8,896.8,877.8266666666667,956.285,False,False,False,False,False,False,True,True,False,True,False,-0.0261569416498993,-0.0070422535211267,,,0.0977867203219316,0.1168745808182427,-0.0694164989939637,-0.0150905432595573,0.0014277685799778,0.0420025456088248,875.0,890.0,0.9432515337423312,0.0060660124888491,-0.0009345260141125,-0.000291045590352
2005-01-13,995.0,999.0,988.0,997.0,180500.0,997.0,980.2,952.4,901.92,879.2266666666667,955.845,False,False,False,False,False,False,True,True,False,True,False,-0.029087261785356,-0.0150451354062186,,,0.0953660982948847,0.1181277164827816,-0.0461384152457372,-0.0030090270812437,0.0015923083922234,0.0347543049139017,864.0,892.0,1.467479674796748,0.0056767784282419,-0.0003892340606071,0.0001645398122456
2005-01-14,1000.0,1030.0,993.0,1007.0,220500.0,1007.0,992.6,960.6,907.36,880.76,955.525,False,False,False,False,False,False,True,True,False,False,False,-0.0377358490566037,-0.0456802383316782,,,0.0989473684210526,0.1253624627606752,-0.0556107249255213,-0.0148957298907646,0.0017409207199842,0.0261295023943368,860.0,894.0,1.221606648199446,0.0059954152706754,0.0003186368424334,0.0001486123277607
2005-01-17,1000.0,1001.0,970.0,987.0,96600.0,987.0,997.6,967.3,912.76,881.9066666666666,955.14,False,False,False,False,False,False,True,True,False,True,False,0.011144883485309,-0.0151975683890577,,,0.0752178318135765,0.1064775413711584,-0.022289766970618,0.0030395136778115,0.0013002131744855,0.0189186395120439,871.0,880.0,0.4380952380952381,0.005916122529471,-7.929274120439637e-05,-0.0004407075454986
2005-01-18,985.0,992.0,980.0,987.0,94800.0,987.0,994.4,973.5,917.76,883.1733333333333,954.69,False,False,False,False,False,False,True,True,False,True,False,-0.0202634245187436,-0.0263424518743667,,,0.0701519756838905,0.105194191151638,-0.0010131712259371,-0.0141843971631205,0.0014342220477671,0.0128402670775552,853.0,871.0,0.9813664596273292,0.0054480474198047,-0.0004680751096662,0.0001340088732815
2005-01-19,980.0,986.0,968.0,968.0,40000.0,968.0,989.2,976.8,922.24,884.2533333333333,954.16,False,False,False,False,False,False,True,True,False,True,False,0.0196280991735537,0.0010330578512396,,,0.0472727272727272,0.0865151515151515,0.0041322314049586,-0.0072314049586776,0.0012213694416381,0.0065520065520066,843.0,883.0,0.4219409282700422,0.0048577376821651,-0.0005903097376395,-0.0002128526061289
2005-01-20,947.0,990.0,945.0,968.0,82200.0,968.0,983.4,981.8,927.04,885.3733333333333,953.66,False,False,False,False,False,False,True,True,False,False,False,0.0144628099173553,0.0051652892561983,,,0.0423140495867769,0.085358126721763,0.0175619834710743,-0.012396694214876,0.0012650030872099,-0.0009166836422896,843.0,858.0,2.055,0.0051777701070072,0.000320032424842,4.363364557173101e-05
2005-01-21,958.0,984.0,958.0,969.0,36400.0,969.0,975.8,984.2,931.76,886.6,953.14,False,False,False,False,False,False,True,True,False,True,False,-0.0082559339525283,-0.0165118679050567,,,0.0384313725490196,0.0850361197110422,0.0134158926728586,-0.0165118679050567,0.0013835626738852,-0.0061979272505588,846.0,853.0,0.4428223844282238,0.0050656821499098,-0.0001120879570973,0.0001185595866753
2005-01-24,967.0,998.0,967.0,998.0,42500.0,998.0,978.0,987.8,937.6,888.3066666666666,952.705,False,False,False,False,False,False,True,True,False,False,False,-0.0260521042084168,-0.034068136272545,,,0.0605210420841683,0.1099131596526386,-0.0080160320641282,-0.0811623246492986,0.0019212584242678,-0.0175136667341566,832.0,851.0,1.1675824175824177,0.0062286689419795,0.0011629867920696,0.0005376957503825
2005-01-25,989.0,994.0,967.0,967.0,96500.0,967.0,974.0,984.2,942.24,889.3333333333334,952.05,False,False,False,False,False,False,True,True,False,True,False,-0.0062047569803516,-0.045501551189245,,,0.0256049638055842,0.0803171320234401,0.0289555325749741,-0.0475698035160289,0.0011544227886057,-0.0209307051412314,844.0,835.0,2.2705882352941176,0.0049244353880115,-0.001304233553968,-0.000766835635662
2005-01-26,967.0,992.0,967.0,987.0,36200.0,987.0,977.8,983.5,947.64,890.4666666666667,951.58,False,False,False,False,False,False,True,True,False,False,False,-0.0182370820668693,-0.0577507598784194,,,0.0398784194528875,0.097804795677136,0.0091185410334346,-0.0364741641337386,0.0012727408849292,-0.0230808337569903,844.0,834.0,0.3751295336787564,0.005698366468279,0.0007739310802675,0.0001183180963234
2005-01-27,985.0,987.0,972.0,982.0,71600.0,982.0,980.6,982.0,952.08,891.36,951.085,False,False,False,False,False,False,True,True,False,True,False,-0.0091649694501018,-0.0733197556008146,,,0.030468431771894,0.0923014256619144,0.0224032586558044,-0.0132382892057026,0.0010022138455094,-0.0241344195519348,848.0,845.0,1.977900552486188,0.0046634736576758,-0.0010348928106031,-0.0002705270394197
2005-01-28,970.0,975.0,960.0,961.0,116300.0,961.0,979.0,977.4,955.64,892.1466666666666,950.5,False,False,False,False,False,False,True,True,False,True,False,-0.0083246618106139,-0.0520291363163371,,,0.0055775234131113,0.071647589316684,0.0593132154006243,0.0135275754422476,0.0008817683191104,-0.0213832617147534,849.0,842.0,1.6243016759776536,0.0037252521870159,-0.0009382214706599,-0.000120445526399
2005-01-31,960.0,989.0,954.0,972.0,83400.0,972.0,973.8,975.9,958.8,892.9733333333334,950.005,False,False,False,False,False,False,True,True,False,True,False,-0.0082304526748971,-0.0545267489711934,,,0.0135802469135802,0.0813031550068586,0.0473251028806584,0.0092592592592592,0.0009257461962283,-0.020801311609796,853.0,850.0,0.7171109200343938,0.0032957863996662,-0.0004294657873497,4.397787711795721e-05
2005-02-01,981.0,981.0,960.0,961.0,65000.0,961.0,972.6,973.3,961.52,893.9333333333333,949.43,False,False,False,False,False,False,True,True,False,True,False,-0.0395421436004162,-0.0426638917793964,,,-0.0005411030176898,0.0697884148456469,0.0489073881373569,0.0145681581685744,0.0010739055858004,-0.0179800678105414,847.0,853.0,0.7793764988009593,0.0028288543140028,-0.0004669320856633,0.0001481593895721
2005-02-02,969.0,972.0,961.0,969.0,82500.0,969.0,969.0,973.4,964.32,894.9866666666667,948.685,False,False,False,False,False,False,True,True,False,False,False,-0.0402476780185758,-0.045407636738906,,,0.004829721362229,0.0763811489508083,0.045407636738906,-0.0103199174406604,0.0011769262856803,-0.0182864187384425,858.0,851.0,1.2692307692307692,0.0029036004645761,7.474615057328788e-05,0.0001030206998798
2005-02-03,977.0,977.0,962.0,973.0,70300.0,973.0,967.2,973.9,967.2,896.0666666666667,947.75,False,False,False,False,False,False,True,True,False,False,False,-0.0647482014388489,-0.0226104830421377,,,0.0059609455292908,0.0790681740322027,0.0739979445015416,-0.0246659815005138,0.0012052674652184,-0.0195091898552212,869.0,875.0,0.8521212121212122,0.0029776674937965,7.406702922037626e-05,2.834117953810084e-05
2005-02-04,963.0,971.0,953.0,953.0,78800.0,953.0,965.6,972.3,968.32,896.8533333333334,946.385,False,False,False,False,False,False,True,True,False,True,False,-0.0440713536201469,-0.0020986358866736,,,-0.0160755508919203,0.0589157047918852,0.1038824763903462,-0.0041972717733473,0.0008771408182682,-0.0183071068600225,871.0,877.0,1.1209103840682788,0.0011566424322538,-0.0018210250615427,-0.0003281266469501
2005-02-07,956.0,980.0,955.0,964.0,53600.0,964.0,964.0,968.9,970.08,897.9733333333334,944.905,False,False,False,False,False,False,True,True,False,False,False,-0.0466804979253112,0.0010373443983402,,,-0.0063070539419087,0.0684923928077454,0.0995850622406639,0.0145228215767634,0.0012472530735879,-0.0085664155227577,852.0,873.0,0.6802030456852792,0.0018142833580735,0.0006576409258197,0.0003701122553196
2005-02-08,956.0,961.0,923.0,923.0,209000.0,923.0,956.4,964.5,970.0,898.6666666666666,943.25,False,False,False,False,False,False,False,True,False,True,False,-0.0032502708559046,0.0682556879739978,,,-0.0509209100758396,0.0263633080534489,0.1440953412784398,0.0725893824485373,0.0007715133531156,0.0031104199066874,862.0,877.0,3.899253731343284,-8.24742268041659e-05,-0.0018967575848777,-0.0004757397204722
2005-02-09,933.0,945.0,930.0,930.0,75000.0,930.0,948.6,958.8,969.8,899.2933333333333,941.885,False,False,False,False,False,False,False,True,False,True,False,-0.0053763440860215,0.0451612903225806,,,-0.0427956989247311,0.0330179211469534,0.1182795698924731,0.0677419354838709,0.0006968434474476,0.0134543178973718,856.0,875.0,0.3588516746411483,-0.0002062280882656,-0.0001237538614615,-7.466990566803392e-05
2005-02-10,940.0,940.0,906.0,910.0,126100.0,910.0,936.0,951.6,969.48,899.9866666666667,940.495,False,False,False,False,False,False,False,True,False,True,False,0.045054945054945,0.0824175824175824,,,-0.0653626373626373,0.0110036630036629,0.1428571428571428,0.0571428571428571,0.0007703817834338,0.0203867171080285,848.0,864.0,1.6813333333333331,-0.0003300738540247,-0.0001238457657591,7.353833598626198e-05
2005-02-14,937.0,937.0,911.0,911.0,68000.0,911.0,927.6,946.6,968.12,900.76,939.255,False,False,False,False,False,False,False,True,False,True,False,0.0439077936333699,0.0779363336992316,,,-0.0627003293084522,0.0112403951701427,0.1361141602634467,0.0482985729967069,0.0008585342747605,0.0237692795267272,851.0,860.0,0.5392545598731165,-0.0014047845308432,-0.0010747106768185,8.815249132666314e-05
2005-02-15,932.0,932.0,917.0,919.0,72100.0,919.0,918.6,941.3,966.4,901.6666666666666,938.055,False,False,False,False,False,False,False,True,False,True,False,0.0500544069640914,0.0772578890097932,,,-0.0515778019586506,0.0188610808850199,0.1066376496191512,0.0348204570184983,0.0010055452865064,0.0263465420163604,852.0,871.0,1.0602941176470588,-0.0017798013245033,-0.00037501679366,0.0001470110117458
2005-02-16,929.0,930.0,919.0,920.0,61500.0,920.0,918.0,937.2,963.08,902.8,936.83,False,False,False,False,False,False,False,True,False,True,False,0.0717391304347826,0.0815217391304347,,,-0.0468260869565217,0.018695652173913,0.1217391304347826,0.0315217391304347,0.00125535371437,0.0280623132735808,851.0,853.0,0.8529819694868238,-0.003447273331395,-0.0016674720068917,0.0002498084278636
2005-02-17,915.0,932.0,915.0,925.0,57500.0,925.0,917.0,932.8,960.32,904.0133333333332,935.61,False,False,False,False,False,False,False,True,False,False,False,0.0508108108108108,0.0767567567567567,,,-0.0381837837837838,0.0226882882882884,0.1275675675675675,0.0162162162162162,0.0013421630949395,0.0308747855917667,852.0,843.0,0.934959349593496,-0.0028740419860046,0.0005732313453903,8.68093805694145e-05
2005-02-18,917.0,958.0,917.0,951.0,174100.0,951.0,925.2,930.6,958.48,905.4266666666666,934.6,False,False,False,False,False,False,False,True,False,False,False,0.0357518401682439,0.0557308096740273,,,-0.0078654048370136,0.0479214861549246,0.1019978969505783,-0.0157728706624605,0.0015609583695348,0.0319148936170212,871.0,843.0,3.0278260869565217,-0.0019197062014857,0.0009543357845189,0.0002187952745953
2005-02-21,968.0,971.0,933.0,951.0,150600.0,951.0,933.2,930.4,956.24,906.88,933.76,False,False,False,False,False,False,False,True,False,True,False,0.0325972660357518,0.0704521556256572,,,-0.0055099894847529,0.0463932702418506,0.0893796004206098,-0.0157728706624605,0.0016025641025641,0.0307394668959587,872.0,846.0,0.8650201033888569,-0.002342508156948,-0.0004228019554623,4.16057330292572e-05
2005-02-22,961.0,978.0,959.0,965.0,128600.0,965.0,942.4,930.5,955.36,908.4133333333332,933.23,False,False,False,False,True,False,False,True,False,False,False,0.0259067357512953,0.0549222797927461,,,0.0099896373056994,0.0586390328151987,0.0880829015544041,-0.0414507772020725,0.0016879247332343,0.0249328318108544,893.0,832.0,0.8539176626826029,-0.0009211187405794,0.0014213894163685,8.536063067019644e-05
2005-02-23,962.0,1004.0,954.0,986.0,138700.0,986.0,955.6,936.8,955.32,910.1866666666666,932.73,False,False,False,False,False,False,False,True,False,False,True,0.0091277890466531,0.0223123732251521,,,0.0311156186612575,0.0768897903989182,0.075050709939148,-0.0628803245436105,0.0019483182936834,0.0109948761742101,893.0,844.0,1.078538102643857,-4.1870786752044986e-05,0.0008792479538274,0.0002603935604491
2005-02-24,978.0,985.0,948.0,972.0,142200.0,972.0,965.0,941.0,955.48,911.8,932.37,False,False,False,False,False,False,True,True,False,False,False,0.0246913580246913,0.0421810699588477,,,0.0169958847736625,0.0619341563786008,0.095679012345679,-0.0452674897119341,0.0017693938729253,-0.0004250797024441,899.0,844.0,1.025234318673396,0.0001674551011009,0.000209325887853,-0.000178924420758
2005-02-25,992.0,993.0,975.0,985.0,100600.0,985.0,971.8,948.5,956.16,913.2666666666668,932.23,False,False,False,False,False,False,True,True,False,False,False,0.0192893401015228,0.0609137055837563,,,0.0292791878172589,0.0728257191201352,0.0903553299492385,-0.0507614213197969,0.0016059566391709,-0.0111755403268318,901.0,848.0,0.7074542897327707,0.0007111780455153,0.0005437229444143,-0.0001634372337544
2005-02-28,980.0,1000.0,978.0,982.0,202100.0,982.0,978.0,955.6,956.68,914.6666666666666,932.065,False,False,False,False,False,False,True,True,False,True,False,0.0366598778004073,0.0712830957230142,,,0.0257841140529532,0.0685675492192804,0.0926680244399185,-0.0274949083503055,0.0015306122448978,-0.0185223943072415,925.0,849.0,2.0089463220675943,0.0005435464314086,-0.0001676316141067,-7.534439427308985e-05
2005-03-01,983.0,991.0,983.0,990.0,63600.0,990.0,983.0,962.7,956.36,916.2266666666668,932.29,False,False,False,False,False,False,False,True,False,True,False,0.0282828282828282,0.0707070707070707,,,0.0339797979797979,0.0745185185185183,0.0888888888888888,-0.0393939393939393,0.0017026354468328,-0.0257608808559261,920.0,853.0,0.3146956952003958,-0.0003346020327072,-0.0008781484641158,0.000172023201935
2005-03-02,990.0,1002.0,986.0,995.0,121000.0,995.0,984.8,970.2,957.48,917.8,932.525,False,False,False,False,False,False,True,True,True,False,False,0.0130653266331658,0.0613065326633165,,,0.0377085427135678,0.0775879396984925,0.0753768844221105,-0.036180904522613,0.0017142442071618,-0.0322613894042466,925.0,847.0,1.90251572327044,0.0011697372268872,0.0015043392595945,1.1608760329007844e-05
2005-03-03,993.0,1003.0,991.0,996.0,113300.0,996.0,989.6,977.3,957.84,919.4133333333332,932.84,False,False,False,False,False,False,True,True,False,True,False,0.0170682730923694,0.0441767068273092,,,0.0383132530120481,0.0768942436412317,0.0793172690763052,-0.0261044176706827,0.0017547421544171,-0.0362222449606057,935.0,858.0,0.9363636363636364,0.0003758456527186,-0.0007938915741686,4.049794725533994e-05
2005-03-04,998.0,1019.0,985.0,1004.0,103700.0,1004.0,993.4,982.6,958.72,921.28,933.18,False,False,False,False,False,False,True,True,False,False,False,0.0408366533864541,0.0358565737051792,,,0.0450996015936254,0.0823904382470119,0.0567729083665338,-0.0298804780876494,0.0020261664929953,-0.0375534296763687,918.0,869.0,0.9152691968225948,0.0009178905206942,0.0005420448679756,0.0002714243385781
2005-03-07,1004.0,1021.0,1004.0,1018.0,69100.0,1018.0,1000.6,989.3,961.0,923.3866666666668,933.63,False,False,False,False,False,False,True,True,True,False,False,0.0333988212180746,0.0166994106090373,,,0.055992141453831,0.0929404060248852,0.0206286836935167,-0.0383104125736738,0.002281456666763,-0.0397250581219043,945.0,871.0,0.6663452266152362,0.0023725286160249,0.0014546380953306,0.0002552901737676
2005-03-08,1019.0,1025.0,1015.0,1018.0,78900.0,1018.0,1006.2,994.6,962.84,925.3466666666668,934.24,False,False,False,False,False,False,True,True,False,True,False,0.0412573673870334,-0.0009823182711198,,,0.0541846758349705,0.0910150622134903,0.0294695481335952,-0.0235756385068762,0.002118125099062,-0.0379046853006234,962.0,852.0,1.1418234442836468,0.0019110132524615,-0.0004615153635634,-0.000163331567701
2005-03-09,1018.0,1019.0,1006.0,1008.0,44900.0,1008.0,1008.8,996.8,964.72,927.4133333333332,934.715,False,False,False,False,False,False,True,True,False,False,False,0.0476190476190476,0.0238095238095238,,,0.0429365079365079,0.0799470899470901,0.0257936507936507,0.0029761904761904,0.0022284202656848,-0.0313001605136435,1003.0,862.0,0.5690747782002535,0.0019487519694833,3.7738717021867495e-05,0.0001102951666228
2005-03-10,1008.0,1019.0,1005.0,1013.0,44100.0,1013.0,1012.2,1000.9,966.48,929.68,935.16,False,False,False,False,False,False,True,True,False,True,False,0.0266535044422507,0.0296150049358341,,,0.0459230009871668,0.0822507403751234,-0.0019743336623889,-0.014807502467917,0.0024381149069214,-0.0282745529023878,994.0,856.0,0.9821826280623608,0.0018210413045277,-0.0001277106649556,0.0002096946412365
2005-03-11,1023.0,1055.0,1023.0,1045.0,164300.0,1045.0,1020.4,1006.9,969.36,932.3733333333332,935.645,False,False,False,False,False,False,True,True,False,False,False,-0.0047846889952153,0.0028708133971291,,,0.0723827751196172,0.1077767145135567,-0.0784688995215311,-0.0306220095693779,0.0028886855050908,-0.0263184030191677,997.0,848.0,3.72562358276644,0.0029710324337707,0.0011499911292429,0.0004505705981694
2005-03-14,1035.0,1064.0,1035.0,1052.0,116600.0,1052.0,1027.2,1013.9,973.32,935.12,936.14,False,False,False,False,False,False,True,True,False,False,False,-0.0161596958174904,-0.0152091254752851,,,0.0747908745247147,0.1111026615969581,-0.05893536121673,-0.0370722433460076,0.0029372344369351,-0.0273202485452213,1007.0,851.0,0.7096774193548387,0.0040685488842313,0.0010975164504605,4.854893184425045e-05
2005-03-15,1056.0,1070.0,1056.0,1060.0,73600.0,1060.0,1035.6,1020.9,977.16,938.16,936.615,False,False,False,False,False,False,True,True,False,True,False,-0.040566037735849,-0.0094339622641509,,,0.0781509433962264,0.1149433962264151,-0.0650943396226415,-0.0518867924528301,0.0032403854353201,-0.0287001665197374,987.0,852.0,0.6312178387650086,0.0039297556183224,-0.0001387932659089,0.000303150998385
2005-03-16,1050.0,1057.0,1040.0,1056.0,42700.0,1056.0,1045.2,1027.0,982.48,940.9866666666668,937.18,False,False,False,False,False,False,True,True,False,False,False,-0.0227272727272727,0.0037878787878787,,,0.0696212121212121,0.1089141414141413,-0.0823863636363636,-0.053030303030303,0.0030039391277242,-0.0304771178188899,987.0,851.0,0.5801630434782609,0.0054148684960508,0.0014851128777284,-0.0002364463075959
2005-03-17,1036.0,1050.0,1035.0,1040.0,65000.0,1040.0,1050.6,1031.4,986.88,943.6,937.665,False,False,False,False,False,False,True,True,False,True,False,0.0028846153846153,0.0240384615384615,,,0.051076923076923,0.0926923076923076,-0.0490384615384615,-0.0326923076923076,0.0027695351137486,-0.0311227457824317,968.0,852.0,1.5222482435597189,0.0044584954604409,-0.0009563730356098,-0.0002344040139756
2005-03-18,1040.0,1068.0,1006.0,1040.0,151900.0,1040.0,1049.6,1035.0,992.08,946.16,938.23,False,False,False,False,False,False,True,True,False,False,False,0.0076923076923076,0.0326923076923076,,,0.046076923076923,0.0902307692307692,-0.0586538461538461,-0.0365384615384615,0.0027056734590343,-0.0317874396135265,968.0,871.0,2.336923076923077,0.0052415127812273,0.0007830173207864,-6.386165471429896e-05
2005-03-22,1030.0,1045.0,1029.0,1035.0,88400.0,1035.0,1046.2,1036.7,997.04,948.64,938.605,False,False,False,False,False,False,True,True,False,True,False,0.0009661835748792,0.0367149758454106,,,0.0366763285024154,0.08343961352657,-0.0521739130434782,-0.0289855072463768,0.0026142688480351,-0.0308671746889167,969.0,872.0,0.5819618169848585,0.0049747251865521,-0.0002667875946752,-9.140461099925402e-05
2005-03-23,1020.0,1035.0,1000.0,1017.0,77900.0,1017.0,1037.6,1036.6,1000.96,950.8266666666668,938.76,False,False,False,False,False,False,True,True,False,True,False,0.0324483775811209,0.0599803343166175,,,0.0157718780727629,0.06506719108489,-0.023598820058997,-0.0147492625368731,0.002299753197218,-0.0300019293845262,998.0,893.0,0.8812217194570136,0.0039162404092072,-0.0010584847773448,-0.000314515650817
2005-03-24,1017.0,1049.0,1000.0,1032.0,101400.0,1032.0,1032.8,1039.0,1005.44,953.2933333333332,938.955,False,False,False,False,False,False,True,True,False,False,True,0.0271317829457364,0.0368217054263565,,,0.025736434108527,0.0762661498708011,-0.0406976744186046,-0.0213178294573643,0.0025875211547334,-0.0323387872954764,967.0,893.0,1.301668806161746,0.0044557606619987,0.0005395202527915,0.0002877679575153
2005-03-25,1050.0,1050.0,1029.0,1043.0,85000.0,1043.0,1033.4,1042.0,1010.16,955.76,939.18,False,False,False,False,False,False,True,True,False,False,False,0.0210930009587727,0.0306807286673058,,,0.0314860977948226,0.0836433365292425,-0.0613614573346116,-0.0297219558964525,0.0025808431684385,-0.0337811900191939,987.0,899.0,0.8382642998027613,0.0046725271244158,0.0002167664624171,-6.67798629490823e-06
2005-03-28,1041.0,1050.0,1023.0,1048.0,76500.0,1048.0,1035.0,1042.3,1014.04,958.1466666666666,939.46,False,False,False,False,False,False,True,True,False,True,False,0.0248091603053435,0.0124045801526717,,,0.0324045801526717,0.0857379134860051,-0.0515267175572519,-0.0190839694656488,0.0024909199704985,-0.0326201669385013,982.0,901.0,0.9,0.0038262790422468,-0.0008462480821689,-8.992319793994048e-05
2005-03-29,1048.0,1050.0,1032.0,1036.0,96700.0,1036.0,1035.2,1040.7,1017.44,960.3466666666668,939.675,False,False,False,False,False,False,True,True,False,True,False,0.0357142857142857,0.0028957528957528,,,0.0179150579150578,0.0730244530244528,-0.0424710424710424,-0.0212355212355212,0.0022908394190988,-0.0310368021523974,961.0,925.0,1.2640522875816993,0.0033417203962888,-0.000484558645958,-0.0002000805513997
2005-03-30,1036.0,1055.0,1011.0,1050.0,138800.0,1050.0,1041.8,1039.7,1020.84,962.9866666666668,939.935,False,False,False,False,False,False,True,True,False,True,False,0.0266666666666666,-0.0019047619047619,,,0.0277714285714285,0.0828698412698411,-0.0571428571428571,-0.0352380952380952,0.0027414709791758,-0.0293353852072713,972.0,920.0,1.435367114788004,0.0033305904941028,-1.1129902185940453e-05,0.000450631560077
2005-03-31,1033.0,1060.0,1033.0,1060.0,78900.0,1060.0,1047.4,1040.1,1023.8,965.6266666666668,940.24,False,False,False,False,False,False,True,True,False,True,False,0.0094339622641509,-0.0245283018867924,,,0.0341509433962264,0.0890314465408804,-0.0820754716981132,-0.0424528301886792,0.0027339758636878,-0.0282665128353041,961.0,925.0,0.5684438040345822,0.0028911896854853,-0.0004394008086175,-7.495115488067184e-06
2005-04-01,1056.0,1070.0,1044.0,1065.0,76700.0,1065.0,1051.8,1042.6,1027.52,968.4133333333332,940.56,False,False,False,False,False,False,True,True,False,False,True,0.0093896713615023,-0.0507042253521126,,,0.0351924882629108,0.0906917057902974,-0.0976525821596244,-0.0572769953051643,0.0028775591689496,-0.0307884135814309,969.0,935.0,0.9721166032953104,0.0036203674867642,0.0007291778012789,0.0001435833052618
2005-04-04,1064.0,1088.0,1049.0,1074.0,83500.0,1074.0,1057.0,1046.0,1031.08,971.4266666666666,940.74,False,False,False,False,False,False,True,True,False,True,False,-0.0121042830540037,-0.1033519553072625,,,0.0399627560521415,0.0955058969584109,-0.1098696461824953,-0.0614525139664804,0.0031019668666018,-0.0333652007648183,973.0,918.0,1.0886571056062582,0.0034526903828994,-0.0001676771038648,0.0002244076976521
2005-04-05,1080.0,1082.0,1047.0,1073.0,107300.0,1073.0,1064.4,1049.8,1034.72,974.3866666666668,940.78,False,False,False,False,False,False,True,True,False,False,False,-0.0316868592730661,-0.0773532152842497,,,0.0356756756756756,0.0919043181112145,-0.1118359739049394,-0.0643056849953401,0.0030378083991298,-0.0369594208420651,953.0,945.0,1.2850299401197605,0.0035178599041287,6.516952122931829e-05,-6.415846747194129e-05
2005-04-06,1075.0,1078.0,1062.0,1078.0,54600.0,1078.0,1070.0,1055.9,1038.24,977.4,940.84,False,False,False,False,False,False,True,True,False,True,False,-0.0278293135435992,-0.0807050092764378,,,0.0368831168831168,0.0933209647495362,-0.1493506493506493,-0.0667903525046382,0.0030830093445193,-0.0421441424377309,964.0,962.0,0.5088536812674743,0.0033903529049159,-0.0001275069992127,4.520094538948199e-05
2005-04-07,1062.0,1078.0,1061.0,1070.0,50400.0,1070.0,1072.0,1059.7,1041.24,980.32,940.92,False,False,False,False,False,False,True,True,False,True,False,-0.0336448598130841,-0.0943925233644859,,,0.0268785046728971,0.0838130841121494,-0.1392523364485981,-0.0532710280373831,0.0029786192263751,-0.0452958384448428,923.0,1003.0,0.9230769230769232,0.0028811801313818,-0.0005091727735341,-0.0001043901181442
2005-04-08,1055.0,1075.0,1055.0,1075.0,56400.0,1075.0,1074.0,1062.9,1044.4,983.2933333333332,941.055,False,False,False,False,False,False,True,True,False,False,False,-0.0595348837209302,-0.08,,,0.0284651162790696,0.0853085271317831,-0.1153488372093023,-0.0260465116279069,0.0030238518177008,-0.0448772226926334,930.0,994.0,1.119047619047619,0.0030256606664114,0.0001444805350296,4.523259132571764e-05
2005-04-11,1067.0,1072.0,1034.0,1061.0,76500.0,1061.0,1071.4,1064.2,1046.68,985.8266666666668,941.17,False,False,False,False,False,False,True,True,False,True,False,-0.0923656927426955,-0.0772855796418473,,,0.0134967012252591,0.0708513980521519,-0.0867106503298774,0.005655042412818,0.0025697553322426,-0.0423792520202969,910.0,997.0,1.3563829787234043,0.0021783161997936,-0.0008473444666178,-0.0004540964854582
2005-04-12,1066.0,1069.0,1038.0,1039.0,35400.0,1039.0,1064.6,1064.5,1047.52,988.0533333333332,941.105,False,False,False,False,False,False,True,True,False,True,False,-0.0471607314725697,-0.0558229066410009,,,-0.0082001924927815,0.0490343278793713,-0.0625601539942252,0.0163618864292589,0.0022535895498215,-0.0387036167214655,911.0,1007.0,0.4627450980392157,0.0008018939972505,-0.001376422202543,-0.000316165782421
2005-04-13,1039.0,1056.0,1001.0,1048.0,71900.0,1048.0,1058.6,1064.3,1048.72,990.12,940.995,False,False,False,False,False,False,True,True,False,False,False,-0.0543893129770992,-0.0524809160305343,,,-0.0006870229007633,0.0552290076335877,-0.0639312977099236,0.0028625954198473,0.0020872890828049,-0.0349525509724702,919.0,987.0,2.031073446327684,0.0011442520405828,0.0003423580433322,-0.0001663004670166
2005-04-14,1028.0,1034.0,1019.0,1034.0,26500.0,1034.0,1051.4,1061.7,1049.76,992.0,940.765,False,False,False,False,False,False,True,True,False,True,False,-0.0628626692456479,-0.0425531914893617,,,-0.0152417794970986,0.0406189555125725,-0.0570599613152804,0.0077369439071566,0.0018951612903225,-0.030046152397099,920.0,987.0,0.368567454798331,0.0009907026367931,-0.0001535494037897,-0.0001921277924823
2005-04-15,1014.0,1029.0,1002.0,1011.0,46600.0,1011.0,1038.6,1056.3,1049.68,993.4933333333332,940.46,False,False,False,False,False,False,False,True,False,True,False,-0.0217606330365974,-0.0316518298714144,,,-0.0382591493570722,0.017316188592153,-0.0514342235410484,0.0336300692383778,0.0015031135924413,-0.0212060967528163,925.0,968.0,1.758490566037736,-7.621370322377032e-05,-0.0010669163400169,-0.0003920476978811
2005-04-18,961.0,994.0,961.0,963.0,55400.0,963.0,1019.0,1045.2,1046.4,994.32,939.89,False,False,False,False,False,False,False,True,False,True,False,0.0166147455867082,0.0321910695742471,,,-0.0866043613707166,-0.0325233644859813,-0.0145379023883696,0.1007268951194184,0.0008313889559365,-0.0058362035973977,951.0,968.0,1.1888412017167382,-0.0031345565749235,-0.0030583428716997,-0.0006717246365048
2005-04-19,972.0,997.0,961.0,990.0,53100.0,990.0,1009.2,1036.9,1043.92,995.1866666666666,939.52,False,False,False,False,False,False,False,True,False,False,False,-0.009090909090909,0.002020202020202,,,-0.0544646464646465,-0.0052390572390571,-0.0414141414141414,0.0888888888888888,0.0008708583984243,0.009258366284116,951.0,969.0,0.9584837545126352,-0.0023756609701893,0.0007588956047342,3.9469442487765705e-05
2005-04-20,995.0,1003.0,985.0,991.0,36100.0,991.0,997.8,1028.2,1041.16,996.1333333333332,939.1,False,False,False,False,False,False,False,True,False,True,False,0.0020181634712411,-0.0010090817356205,,,-0.0506155398587286,-0.0051799529095188,-0.0131180625630676,0.124117053481332,0.0009503413197697,0.0283018867924527,965.0,998.0,0.67984934086629,-0.0026508893926005,-0.0002752284224112,7.948292134540163e-05
2005-04-21,951.0,979.0,951.0,969.0,102200.0,969.0,984.8,1018.1,1037.68,996.72,938.555,False,False,False,False,False,False,False,True,False,True,False,0.0216718266253869,0.0041279669762641,,,-0.0708771929824562,-0.0286068111455108,0.0216718266253869,0.1403508771929824,0.0005885972656983,0.0475395344268735,986.0,967.0,2.8310249307479225,-0.0033536350319944,-0.0007027456393939,-0.0003617440540714
2005-04-22,989.0,990.0,972.0,989.0,37900.0,989.0,980.4,1009.5,1035.64,997.44,938.07,False,False,False,False,False,False,False,True,False,False,False,-0.0101112234580384,-0.0283114256825075,,,-0.0471587462082913,-0.0085338725985844,0.0040444893832153,0.1162790697674418,0.0007218479307026,0.062109955423477,972.0,987.0,0.3708414872798434,-0.0019697964543663,0.0013838385776281,0.0001332506650043
2005-04-25,990.0,990.0,969.0,979.0,30500.0,979.0,983.6,1001.3,1033.2,998.2533333333332,937.55,False,False,False,False,False,False,False,True,False,True,False,0.0153217568947906,-0.0234933605720122,,,-0.0553626149131767,-0.0196663261831799,-0.017364657814096,0.1235955056179775,0.0008147564412505,0.0741036652351943,985.0,982.0,0.8047493403693932,-0.0023615950445219,-0.0003917985901555,9.290851054792052e-05
2005-04-26,979.0,990.0,978.0,981.0,21900.0,981.0,981.8,995.5,1031.04,998.7333333333332,937.08,False,False,False,False,False,False,False,True,False,False,False,0.0112130479102956,-0.0285423037716615,,,-0.0510091743119265,-0.0180767923887188,-0.0265035677879714,0.1396534148827727,0.00048060877111,0.0865896534404822,982.0,961.0,0.7180327868852459,-0.0020949720670391,0.0002666229774827,-0.0003341476701404
2005-04-27,980.0,995.0,980.0,993.0,43300.0,993.0,982.2,990.0,1030.08,999.1466666666666,936.755,False,False,False,False,False,False,False,True,False,False,False,-0.0030211480362537,-0.0765357502517623,,,-0.0373413897280966,-0.0061899966431688,-0.0422960725075528,0.1178247734138972,0.0004136863456817,0.0985858585858585,990.0,972.0,1.9771689497716896,-0.0009319664492078,0.0011630056178313,-6.692242542836378e-05
2005-04-28,978.0,999.0,978.0,990.0,34500.0,990.0,986.4,985.6,1028.4,998.9733333333334,936.435,False,False,False,False,False,False,False,False,False,True,False,-0.0171717171717171,-0.0696969696969697,,,-0.0387878787878788,-0.009063973063973,-0.0414141414141414,0.1242424242424242,-0.0001735114717776,0.1106939935064935,995.0,961.0,0.7967667436489607,-0.0016336056009333,-0.0007016391517254,-0.0005871978174593
2005-05-02,990.0,994.0,974.0,979.0,33500.0,979.0,984.4,982.4,1025.84,998.7733333333332,936.065,False,False,False,False,False,False,False,False,False,True,False,-0.0183861082737487,-0.0286006128702757,,,-0.0478447395301327,-0.0201974804221993,-0.0398365679264555,0.1276813074565883,-0.0002002456346453,0.1203175895765471,996.0,969.0,0.9710144927536232,-0.0024955158699214,-0.000861910268988,-2.673416286767637e-05
2005-05-06,988.0,999.0,975.0,994.0,25000.0,994.0,987.4,985.5,1023.68,998.7333333333332,935.775,False,False,False,False,False,False,False,False,False,False,True,-0.0382293762575452,-0.0251509054325955,,,-0.0298591549295774,-0.0047619047619046,-0.0583501006036217,0.1126760563380281,-4.0050730925802974e-05,0.1214611872146119,1004.0,973.0,0.746268656716418,-0.0021100343857455,0.0003854814841758,0.0001601949037195
2005-05-09,999.0,1022.0,983.0,992.0,60800.0,992.0,989.6,985.7,1021.92,998.5333333333332,935.44,False,False,False,False,False,False,False,False,False,False,False,-0.0393145161290322,-0.0181451612903225,,,-0.0301612903225806,-0.0065860215053761,-0.0564516129032258,0.1300403225806451,-0.0002002937641875,0.1255960231307699,1018.0,953.0,2.432,-0.0017222483168936,0.0003877860688518,-0.0001602430332617
2005-05-10,990.0,996.0,980.0,990.0,46200.0,990.0,989.0,985.6,1019.52,998.5733333333334,935.04,False,False,False,False,False,False,False,True,False,True,False,-0.0737373737373737,-0.009090909090909,,,-0.0298181818181818,-0.0086599326599327,-0.0656565656565656,0.1171717171717171,4.005714819828721e-05,0.1248985389610389,1018.0,964.0,0.7598684210526315,-0.0023540489642184,-0.0006318006473247,0.0002403509123858
2005-05-11,979.0,988.0,962.0,973.0,34900.0,973.0,985.6,986.0,1016.04,998.3866666666668,934.7,False,False,False,False,False,False,False,False,False,True,False,-0.05344295991778,0.0020554984583761,,,-0.0442343268242548,-0.0260911270983214,-0.0503597122302158,0.1408016443987667,-0.0001869683088715,0.1249492900608519,1008.0,923.0,0.7554112554112554,-0.0034250620054328,-0.0010710130412144,-0.0002270254570698
2005-05-12,963.0,973.0,955.0,961.0,70700.0,961.0,982.0,983.2,1011.88,998.2933333333332,934.55,False,False,False,False,False,False,False,False,False,True,False,-0.0104058272632674,-0.0020811654526534,,,-0.0529448491155046,-0.0388067984738118,-0.0343392299687825,0.1227887617065556,-9.34928945402716e-05,0.1256102522375915,1013.0,930.0,2.025787965616046,-0.0041111594260188,-0.0006860974205859,9.347541433131848e-05
2005-05-13,961.0,970.0,954.0,956.0,54500.0,956.0,974.4,980.9,1007.16,998.1333333333332,934.45,False,False,False,False,False,False,False,False,False,True,False,0.0135983263598326,-0.0073221757322175,,,-0.0535146443514644,-0.0440725244072523,-0.0219665271966527,0.1192468619246862,-0.0001602992252203,0.1251911509837904,1045.0,910.0,0.7708628005657708,-0.0046864450534175,-0.0005752856273986,-6.680633068010798e-05
2005-05-16,956.0,960.0,950.0,953.0,38900.0,953.0,966.6,978.1,1002.36,997.92,934.3,False,False,False,False,False,False,False,False,False,True,False,0.0220356768100734,-0.0041972717733473,,,-0.0517943336831059,-0.0471353620146904,0.0020986358866736,0.1269674711437565,-0.0002137779915556,0.1239137102545751,1052.0,911.0,0.7137614678899082,-0.004788698671136,-0.0001022536177185,-5.347876633530926e-05
2005-05-17,950.0,951.0,916.0,917.0,70200.0,917.0,952.0,970.5,995.92,996.84,933.985,False,False,True,False,False,False,False,False,False,True,False,0.0697928026172301,0.0665212649945474,,,-0.0860632497273718,-0.0870665212649945,0.0370774263904034,0.1646673936750272,-0.0010834236186348,0.1283874291602266,1060.0,919.0,1.8046272493573263,-0.0064663828419953,-0.0016776841708593,-0.0008696456270791
2005-05-18,912.0,930.0,892.0,921.0,77400.0,921.0,941.6,963.6,989.96,996.2266666666668,933.725,False,False,False,False,False,False,False,False,False,False,False,0.0586319218241042,0.0749185667752443,,,-0.0748751357220413,-0.0816793340571843,0.0412595005428881,0.2432138979370249,-0.0006156564101876,0.1397882938978828,1056.0,920.0,1.1025641025641026,-0.0060204452705159,0.0004459375714794,0.0004677672084471
2005-05-19,951.0,960.0,946.0,951.0,81300.0,951.0,939.6,960.8,985.0,995.7466666666668,933.705,False,False,False,False,False,False,False,False,False,False,False,0.0084121976866456,0.0441640378548895,,,-0.0357518401682439,-0.0470522257273047,0.0199789695057833,0.2323869610935857,-0.0004820503206973,0.1501873438800998,1040.0,925.0,1.050387596899225,-0.0050355329949238,0.000984912275592,0.0001336060894902
2005-05-20,960.0,977.0,957.0,969.0,61100.0,969.0,942.2,958.3,981.32,995.5733333333334,933.905,False,False,False,False,False,False,False,False,False,False,False,-0.0206398348813209,-0.0072239422084623,,,-0.0127141382868937,-0.0274234606123151,0.0051599587203302,0.2053663570691434,-0.0001741040338566,0.1596577272252948,1040.0,951.0,0.7515375153751538,-0.0037500509517791,0.0012854820431447,0.0003079462868407
2005-05-23,969.0,979.0,967.0,974.0,42200.0,974.0,946.4,956.5,978.72,995.7466666666668,934.14,False,False,False,False,False,False,False,True,False,False,False,-0.0256673511293634,-0.0195071868583162,,,-0.0048459958932238,-0.0223271731690624,0.0051334702258726,0.2002053388090349,0.0001740737269185,0.1668583376894928,1035.0,951.0,0.690671031096563,-0.0026565309792382,0.0010935199725409,0.0003481777607751
2005-05-24,980.0,984.0,976.0,981.0,49300.0,981.0,959.2,955.6,976.04,995.8666666666668,934.44,False,False,False,False,True,False,False,True,False,True,False,-0.0030581039755351,-0.0305810397553516,,,0.0050560652395515,-0.0151546041454299,0.0132517838939857,0.1957186544342507,0.0001204980586423,0.1749686061113435,1017.0,965.0,1.1682464454976302,-0.0027457891070038,-8.925812776566485e-05,-5.357566827617024e-05
2005-05-25,982.0,984.0,975.0,975.0,70500.0,975.0,970.0,955.8,973.68,996.0533333333332,934.72,False,False,False,False,False,False,False,True,False,False,False,0.0153846153846153,-0.0266666666666666,,,0.0013538461538462,-0.0215931623931622,0.0369230769230769,0.203076923076923,0.0001874062968512,0.1813140824440259,1032.0,986.0,1.4300202839756593,-0.0024237942650562,0.0003219948419475,6.690823820889657e-05
2005-05-26,976.0,978.0,956.0,959.0,47900.0,959.0,971.6,955.6,971.6,995.92,934.93,False,False,False,False,False,False,False,False,False,False,False,0.0354535974973931,-0.0198123044838373,,,-0.0131386861313868,-0.0384984358706986,0.040667361835245,0.2095933263816475,-0.0001338795619459,0.1900376726663876,1043.0,972.0,0.6794326241134752,-0.0021407986825853,0.0002829955824709,-0.0003212858587972
2005-05-27,959.0,968.0,942.0,949.0,32500.0,949.0,967.6,954.9,971.04,995.6,934.905,False,False,False,False,False,False,False,False,False,False,False,0.0136986301369863,-0.0136986301369863,,,-0.0232244467860905,-0.049104320337197,0.0674394099051633,0.2255005268703898,-0.0003214142225792,0.2006492826473976,1048.0,985.0,0.6784968684759917,-0.0005767012687428,0.0015640974138424,-0.0001875346606333
2005-05-30,940.0,966.0,940.0,949.0,74800.0,949.0,962.6,954.5,969.4,995.5466666666666,934.925,False,False,False,False,False,False,False,False,False,True,False,0.006322444678609,-0.0136986301369863,,,-0.0214963119072707,-0.0490481208289427,0.0674394099051633,0.2297154899894626,-5.3571906892091296e-05,0.2108957569408066,1036.0,982.0,2.301538461538461,-0.0016917681039818,-0.0011150668352389,0.0002678423156871
2005-05-31,940.0,979.0,930.0,978.0,69900.0,978.0,962.0,960.6,968.88,995.7333333333332,935.17,False,False,False,False,True,False,False,True,False,False,True,-0.0276073619631901,-0.0541922290388548,,,0.0093251533742331,-0.0181322426721198,0.0276073619631901,0.1809815950920245,0.0001874665238349,0.2122631688528003,1050.0,990.0,0.9344919786096256,-0.0005367021715795,0.0011550659324022,0.000241038430727
2005-06-01,982.0,993.0,973.0,990.0,82200.0,990.0,965.0,967.5,969.72,996.6266666666668,935.51,False,False,False,False,False,False,True,True,False,False,False,-0.0414141414141414,-0.0666666666666666,,,0.0204848484848484,-0.0066936026936028,0.0101010101010101,0.1606060606060606,0.00089635704443,0.204031007751938,1060.0,995.0,1.1759656652360515,0.0008662294270511,0.0014029315986306,0.0007088905205951
2005-06-02,999.0,999.0,988.0,993.0,91200.0,993.0,971.8,971.7,969.88,997.4666666666668,935.87,False,False,False,False,False,False,True,True,False,True,False,-0.05337361530715,-0.0654582074521651,,,0.0232829808660624,-0.0044981537428668,0.013091641490433,0.161127895266868,0.000842133404625,0.1968714623855098,1065.0,996.0,1.1094890510948905,0.0001649688621272,-0.0007012605649238,-5.422363980500612e-05
2005-06-03,988.0,988.0,956.0,962.0,95500.0,962.0,974.4,971.0,969.2,998.16,936.1,False,False,False,False,False,False,False,True,False,True,False,-0.027027027027027,-0.028066528066528,,,-0.0074844074844075,-0.0375883575883575,0.0415800415800415,0.2276507276507276,0.0006946114183429,0.1990731204943356,1074.0,1004.0,1.0471491228070176,-0.000701609574907,-0.0008665784370343,-0.0001475219862821
2005-06-06,960.0,966.0,948.0,955.0,53000.0,955.0,975.6,969.1,968.16,998.7466666666668,936.38,False,False,False,False,False,False,False,True,False,True,False,-0.0198952879581151,0.0,,,-0.0137801047120418,-0.0458080279232112,0.0523560209424083,0.225130890052356,0.0005874028782742,0.2015271901764524,1073.0,1018.0,0.5549738219895288,-0.0010742026111387,-0.0003725930362316,-0.0001072085400686
2005-06-07,950.0,956.0,943.0,951.0,62400.0,951.0,970.2,966.1,966.48,999.1733333333332,936.59,False,False,False,False,False,False,False,True,False,True,False,-0.0273396424815983,0.0,,,-0.0162776025236593,-0.0506554504030843,0.0536277602523659,0.2407991587802313,0.0004270196695932,0.2059828175137148,1078.0,1018.0,1.1773584905660377,-0.0017382666997764,-0.0006640640886377,-0.0001603832086809
2005-06-08,945.0,959.0,936.0,949.0,73400.0,949.0,962.0,963.5,964.84,999.56,936.79,False,False,False,False,False,False,False,True,False,False,False,-0.0263435194942044,0.0105374077976817,,,-0.0166912539515279,-0.0532771338250789,0.0642781875658588,0.2950474183350896,0.0003868368748917,0.2150492994291645,1070.0,1008.0,1.176282051282051,-0.0016997636913892,3.850300838722522e-05,-4.0182794701534006e-05
2005-06-09,945.0,957.0,935.0,940.0,75900.0,940.0,951.4,961.6,963.28,999.76,936.945,False,False,False,False,False,False,False,True,False,False,False,-0.0127659574468085,0.0319148936170212,,,-0.0247659574468084,-0.0635744680851063,0.076595744680851,0.2797872340425532,0.0002000480115228,0.2219217970049916,1075.0,1013.0,1.034059945504087,-0.0016194668216926,8.029686969661973e-05,-0.0001867888633689
2005-06-10,940.0,949.0,932.0,936.0,147400.0,936.0,946.2,960.3,960.96,999.56,937.17,False,False,False,False,False,False,False,False,False,True,False,-0.001068376068376,0.0405982905982906,,,-0.0266666666666667,-0.0679059829059828,0.0982905982905982,0.2553418803418803,-0.000200088038737,0.2248255753410393,1061.0,1045.0,1.9420289855072463,-0.0024142524142523,-0.0007947855925597,-0.0004001360502599
2005-06-13,941.0,951.0,932.0,936.0,139000.0,936.0,942.4,959.0,958.72,999.36,937.43,False,False,False,False,False,False,False,False,False,False,False,0.0202991452991453,0.0459401709401709,,,-0.0242735042735043,-0.0676923076923077,0.0833333333333333,0.2489316239316239,-0.0002001280819723,0.2266944734098019,1039.0,1052.0,0.943012211668928,-0.0023364485981308,7.780381612149763e-05,-4.0043235304313383e-08
2005-06-14,935.0,938.0,925.0,925.0,56600.0,925.0,937.2,953.7,956.12,998.8266666666668,937.62,False,False,False,False,False,False,False,False,False,True,False,0.0281081081081081,0.0745945945945946,,,-0.0336432432432432,-0.0798126126126127,0.0951351351351351,0.2464864864864865,-0.0005339598462194,0.2333018769004928,1048.0,1060.0,0.4071942446043165,-0.0027193239342342,-0.0003828753361033,-0.000333831764247
2005-06-15,930.0,933.0,924.0,924.0,93500.0,924.0,932.2,947.1,954.16,998.0,937.795,False,False,False,False,False,False,False,False,False,False,False,0.0378787878787878,0.0941558441558441,,,-0.0326406926406926,-0.08008658008658,0.0984848484848484,0.2424242424242424,-0.0008283233132934,0.2417907295956075,1034.0,1056.0,1.6519434628975265,-0.002054162823845,0.0006651611103891,-0.0002943634670739
2005-06-16,924.0,935.0,924.0,928.0,139100.0,928.0,929.8,940.6,952.84,997.4133333333332,938.01,False,False,False,False,False,False,False,False,False,False,False,0.0452586206896551,0.0754310344827586,,,-0.0267672413793103,-0.0747988505747124,0.0818965517241379,0.2252155172413793,-0.000588188113253,0.2486710610248777,1011.0,1040.0,1.4877005347593584,-0.0013853322698458,0.0006688305539992,0.0002401352000403
2005-06-17,930.0,938.0,930.0,935.0,113000.0,935.0,929.6,937.9,952.0,996.7466666666668,938.27,False,False,False,False,False,False,False,False,False,False,False,0.041711229946524,0.0834224598930481,,,-0.0181818181818181,-0.0660392156862746,0.0780748663101604,0.1925133689839572,-0.0006688426347046,0.2452287024203008,963.0,1040.0,0.8123652048885693,-0.0008823529411765,0.0005029793286693,-8.065452145154372e-05
2005-06-20,955.0,958.0,940.0,955.0,85600.0,955.0,933.4,937.9,952.08,996.3866666666668,938.625,False,False,False,False,True,False,True,False,False,False,False,0.025130890052356,0.0607329842931937,,,0.0030575916230366,-0.0433368237347296,0.0513089005235602,0.1183246073298429,-0.000361305517269,0.2343533425738352,990.0,1035.0,0.7575221238938054,8.40265523905984e-05,0.0009663794935671,0.0003075371174355
2005-06-21,955.0,958.0,947.0,951.0,56100.0,951.0,938.6,937.9,953.44,995.8666666666668,938.93,False,False,False,False,False,False,True,False,True,False,False,0.0452155625657203,0.056782334384858,,,-0.0025657202944269,-0.0471784086926044,0.0578338590956887,0.138801261829653,-0.0005221582541169,0.2240110886021964,991.0,1017.0,0.655373831775701,0.0014264138278234,0.0013423872754328,-0.0001608527368479
2005-06-22,951.0,963.0,946.0,959.0,69800.0,959.0,945.6,938.9,954.96,995.3866666666668,939.23,False,False,False,False,False,False,True,False,False,False,False,0.05422314911366,0.0427528675703858,,,0.0042127215849843,-0.0379423010079945,0.0563086548488008,0.1616266944734098,-0.0004822246631125,0.2104590478219193,969.0,1032.0,1.2442067736185385,0.0015916897042807,0.0001652758764573,3.993359100448821e-05
2005-06-23,960.0,975.0,956.0,970.0,108600.0,970.0,954.0,941.9,955.72,995.04,939.52,False,False,False,False,False,False,True,False,False,True,False,0.0288659793814433,0.0371134020618556,,,0.014721649484536,-0.0258144329896906,0.079381443298969,0.145360824742268,-0.0003483947044006,0.1968361821849453,989.0,1043.0,1.5558739255014329,0.0007952119867743,-0.0007964777175064,0.0001338299587118
2005-06-24,970.0,974.0,969.0,974.0,64400.0,974.0,961.8,945.7,955.92,994.64,939.845,False,False,False,False,False,False,True,False,False,True,False,0.0400410677618069,0.028747433264887,,,0.0185626283367556,-0.0211909650924024,0.095482546201232,0.1468172484599589,-0.0004021555537681,0.185894046737866,979.0,1048.0,0.5930018416206262,0.0002092225290818,-0.0005859894576924,-5.376084936754139e-05
2005-06-27,974.0,990.0,973.0,979.0,70200.0,979.0,966.6,950.0,956.12,994.12,940.105,False,False,False,False,False,False,True,False,False,True,False,0.034729315628192,0.0265577119509703,,,0.0233707865168539,-0.0154443309499489,0.0786516853932584,0.1593462717058222,-0.0005230756850279,0.1769473684210525,981.0,1036.0,1.090062111801242,0.0002091787641719,-4.3764909951377225e-08,-0.0001209201312597
2005-06-28,980.0,994.0,980.0,994.0,71000.0,994.0,975.2,956.9,956.64,993.8,940.48,False,False,False,False,False,False,True,False,False,False,False,0.011066398390342,0.0080482897384305,,,0.0375855130784708,0.0002012072434608,0.0573440643863179,0.1277665995975855,-0.0003219963775408,0.1651165221026231,993.0,1050.0,1.0113960113960114,0.0005435691587221,0.0003343903945502,0.0002010793074871
2005-06-29,999.0,1013.0,998.0,1011.0,111700.0,1011.0,985.6,965.6,958.08,993.84,940.945,False,False,False,False,False,False,True,True,True,False,False,-0.0108803165182987,-0.0009891196834817,,,0.0523442136498515,0.0169732937685459,0.0306627101879327,0.0999010880316518,4.024792723182535e-05,0.1508906379453189,990.0,1060.0,1.5732394366197182,0.0015030060120241,0.0009594368533019,0.0003622443047726
2005-06-30,1010.0,1011.0,980.0,998.0,118700.0,998.0,991.2,972.6,959.64,993.64,941.34,False,False,False,False,False,False,True,False,False,False,False,0.0080160320641282,0.0140280561122244,,,0.038436873747495,0.0043687374749499,0.0470941883767535,0.1052104208416833,-0.0002012801417012,0.1391116594694633,979.0,1065.0,1.062667860340197,0.0016256096036012,0.0001226035915771,-0.000241528068933
2005-07-01,999.0,1015.0,995.0,1013.0,65100.0,1013.0,999.0,980.4,962.2,993.2133333333334,941.87,False,False,False,False,False,False,True,False,False,False,False,-0.0108588351431391,0.014807502467917,,,0.0501480750246791,0.0195327410332345,0.0463968410661401,0.0977295162882527,-0.000429582097166,0.1297429620563034,994.0,1074.0,0.548441449031171,0.0026605695281646,0.0010349599245633,-0.0002283019554647
2005-07-04,1018.0,1018.0,999.0,1013.0,59800.0,1013.0,1005.8,986.2,964.76,992.6933333333334,942.305,False,False,False,False,False,False,True,False,False,True,False,-0.0078973346495557,0.0009871668311944,,,0.0476209279368213,0.0200460677854556,0.0641658440276406,0.0809476801579466,-0.0005238274324396,0.1258365443114985,992.0,1073.0,0.9185867895545314,0.0026535096811641,-7.059847000513361e-06,-9.424533527362112e-05
2005-07-05,1002.0,1012.0,1000.0,1005.0,63500.0,1005.0,1008.0,991.6,965.84,991.96,942.7,False,False,False,False,False,False,True,False,False,True,False,-0.0029850746268656,0.0079601990049751,,,0.0389651741293532,0.0129751243781094,0.108457711442786,0.0945273631840796,-0.0007392771213893,0.1214199273900766,990.0,1078.0,1.0618729096989967,0.0011181976310776,-0.0015353120500865,-0.0002154496889496
2005-07-06,1000.0,1005.0,1000.0,1000.0,50200.0,1000.0,1005.8,995.7,966.24,991.2133333333334,943.115,False,False,False,False,False,False,True,False,False,True,False,0.01,0.015,,,0.0337599999999999,0.0087866666666666,0.105,0.106,-0.0007532855355725,0.1159987948177161,973.0,1070.0,0.7905511811023622,0.0004139758238118,-0.0007042218072657,-1.4008414183248712e-05
2005-07-07,1000.0,1010.0,987.0,1006.0,104900.0,1006.0,1007.4,999.3,966.76,990.76,943.6,False,False,False,False,False,False,True,False,False,False,False,0.0059642147117296,-0.0019880715705765,,,0.0390059642147117,0.0151491053677932,0.0974155069582504,0.1312127236580517,-0.0004575611988103,0.1146802761933354,961.0,1075.0,2.089641434262948,0.0005378791013281,0.0001239032775162,0.0002957243367621
2005-07-08,1001.0,1005.0,999.0,1002.0,121700.0,1002.0,1005.2,1002.1,968.36,990.2533333333332,944.17,False,False,False,False,False,False,True,False,True,False,False,0.0259481037924151,0.0059880239520958,,,0.0335728542914171,0.0117232202262143,0.0978043912175648,0.1626746506986028,-0.0005116535835948,0.1163556531284303,956.0,1061.0,1.1601525262154433,0.0016522780784006,0.0011143989770724,-5.409238478449533e-05
2005-07-11,1002.0,1015.0,1002.0,1005.0,50000.0,1005.0,1003.6,1004.7,970.36,989.8533333333334,944.715,False,False,False,False,False,False,True,False,False,False,False,0.008955223880597,-0.0009950248756218,,,0.0344676616915422,0.0150713101160862,0.1124378109452736,0.2039800995024875,-0.000404100270747,0.1209316213795162,953.0,1039.0,0.4108463434675431,0.0020610907292139,0.0004088126508132,0.0001075533128478
2005-07-12,1005.0,1009.0,1001.0,1002.0,80600.0,1002.0,1003.0,1005.5,972.4,989.6533333333332,945.19,False,False,False,False,False,False,True,False,False,False,False,0.0109780439121756,0.0039920159680638,,,0.0295409181636726,0.0123220226214239,0.1077844311377245,0.2734530938123752,-0.0002020909678811,0.1354549975136748,917.0,1048.0,1.612,0.002097902097902,3.6811368688160605e-05,0.0002020093028658
2005-07-13,1016.0,1016.0,1007.0,1010.0,77100.0,1010.0,1005.0,1005.4,974.84,989.36,945.79,False,False,False,False,False,False,True,False,False,False,False,0.0049504950495049,0.0029702970297029,,,0.0348118811881187,0.0204356435643564,0.1019801980198019,0.3049504950495049,-0.0002964879652837,0.1560572906305947,921.0,1034.0,0.956575682382134,0.0025029748471544,0.0004050727492523,-9.439699740263014e-05
2005-07-14,1009.0,1019.0,1005.0,1012.0,97600.0,1012.0,1006.2,1006.8,977.72,988.9466666666668,946.35,False,False,False,False,False,False,True,False,False,False,False,-0.0079051383399209,0.0345849802371541,,,0.0338735177865612,0.0227799736495387,0.0909090909090909,0.3181818181818182,-0.0004179531083575,0.1773937226857371,951.0,1011.0,1.265888456549935,0.0029456286053266,0.0004426537581722,-0.0001214651430737
2005-07-15,1021.0,1043.0,1016.0,1028.0,85100.0,1028.0,1011.4,1008.3,981.4,988.68,947.03,False,False,False,False,False,False,True,False,False,False,False,-0.0194552529182879,0.0379377431906614,,,0.0453307392996109,0.0382490272373541,0.0758754863813229,0.2928015564202335,-0.0002697198958883,0.1971635425964494,969.0,963.0,0.8719262295081968,0.0037497452618707,0.000804116656544,0.0001482332124692
2005-07-19,1027.0,1029.0,1004.0,1014.0,79200.0,1014.0,1013.2,1008.4,984.52,988.3866666666668,947.64,False,False,False,False,False,False,True,False,False,True,False,-0.009861932938856,0.0414201183431952,,,0.0290729783037475,0.0252596975673897,0.1055226824457593,0.3560157790927021,-0.000296779937676,0.2248115827052756,974.0,990.0,0.9306698002350176,0.0031690570023971,-0.0005806882594736,-2.706004178772332e-05
2005-07-20,1009.0,1019.0,1002.0,1013.0,54600.0,1013.0,1015.4,1009.2,988.04,987.8933333333332,948.2,False,True,False,False,False,False,True,False,False,False,False,-0.0069101678183613,0.0375123395853899,,,0.024639684106614,0.0247844685751893,0.0918065153010858,0.40177690029615,-0.0004993791502458,0.2555489496630993,981.0,991.0,0.6893939393939394,0.003562608801263,0.0003935517988659,-0.0002025992125698
2005-07-21,1015.0,1027.0,1011.0,1015.0,65200.0,1015.0,1016.4,1010.7,991.68,987.2933333333332,948.815,False,False,False,False,False,False,True,False,False,False,False,-0.0019704433497536,0.0266009852216748,,,0.0229753694581281,0.027297208538588,0.0935960591133004,0.4068965517241379,-0.0006077221224357,0.2855446720094983,975.0,969.0,1.194139194139194,0.0036705388835107,0.0001079300822477,-0.0001083429721898
2005-07-22,1015.0,1015.0,1002.0,1004.0,72400.0,1004.0,1014.8,1010.5,994.72,986.48,949.4,False,False,False,False,False,False,True,False,False,True,False,0.0428286852589641,0.0408366533864541,,,0.0092430278884461,0.0174501992031872,0.0747011952191235,0.4691235059760956,-0.0008244803070849,0.3191489361702128,959.0,989.0,1.1104294478527608,0.003056136400193,-0.0006144024833176,-0.0002167581846491
2005-07-25,1013.0,1013.0,1000.0,1008.0,59300.0,1008.0,1010.8,1011.1,997.64,985.6,950.02,False,False,False,False,False,False,True,False,False,True,False,0.058531746031746,0.0515873015873015,,,0.0102777777777777,0.0222222222222222,0.0615079365079365,0.4613095238095238,-0.0008928571428571,0.348828009099001,949.0,979.0,0.819060773480663,0.0029269075017039,-0.0001292288984891,-6.837683577218766e-05
2005-07-26,1004.0,1007.0,999.0,1004.0,20000.0,1004.0,1008.8,1011.0,999.6,984.68,950.655,False,False,False,False,False,False,True,False,False,True,False,0.0517928286852589,0.0737051792828685,,,0.0043824701195218,0.0192430278884462,0.0697211155378486,0.4073705179282869,-0.0009343136856644,0.3690405539070227,949.0,981.0,0.3372681281618887,0.0019607843137255,-0.0009661231879784,-4.14565428073139e-05
2005-07-27,991.0,1009.0,991.0,1006.0,44700.0,1006.0,1007.4,1011.4,1001.8,983.72,951.335,False,False,False,False,False,False,True,False,False,False,False,0.0447316103379721,0.1073558648111332,,,0.0041749502982107,0.0221471172962226,0.0616302186878727,0.3707753479125248,-0.0009758874476476,0.3786830136444533,978.0,993.0,2.235,0.0021960471151925,0.000235262801467,-4.157376198317387e-05
2005-07-28,1010.0,1030.0,1005.0,1013.0,102600.0,1013.0,1007.0,1011.7,1003.96,982.96,951.95,False,False,False,False,False,False,True,False,False,True,False,0.0286278381046396,0.0908193484698914,,,0.0089239881539979,0.0296544916090818,0.1303060217176702,0.3464955577492596,-0.0007731749003011,0.3828209943659187,990.0,990.0,2.295302013422819,0.002151480138651,-4.456697654156138e-05,0.0002027125473465
2005-07-29,1035.0,1047.0,1033.0,1047.0,166600.0,1047.0,1015.6,1015.2,1007.04,982.5866666666668,952.675,False,False,False,False,False,False,True,False,False,False,True,-0.0019102196752626,0.0544412607449856,,,0.0381661891117478,0.0615218083412924,0.1193887297039159,0.3218720152817574,-0.000379949520992,0.3829787234042552,993.0,979.0,1.623781676413255,0.0030584683825865,0.0009069882439354,0.000393225379309
2005-08-01,1048.0,1075.0,1048.0,1067.0,123200.0,1067.0,1027.4,1019.1,1010.76,982.6666666666666,953.435,False,False,False,False,False,False,True,True,False,False,False,-0.0065604498594189,0.0309278350515463,,,0.0527085285848172,0.0790378006872852,0.0946579194001874,0.3233364573570759,8.141112618705586e-05,0.3858306348739083,962.0,994.0,0.7394957983193278,0.0036803989077526,0.000621930525166,0.0004613606471791
2005-08-02,1068.0,1068.0,1055.0,1056.0,132100.0,1056.0,1037.8,1023.3,1013.84,982.8933333333332,954.205,False,False,False,False,False,False,True,True,False,True,False,0.0208333333333333,0.0587121212121212,,,0.0399242424242424,0.0692297979797981,0.1070075757575757,0.3390151515151515,0.0002306116635239,0.3839538747190463,955.0,992.0,1.0722402597402598,0.0030379547068571,-0.0006424442008954,0.0001492005373368
2005-08-03,1057.0,1065.0,1051.0,1051.0,77500.0,1051.0,1046.8,1027.1,1016.12,982.9333333333332,954.91,False,False,False,False,False,False,True,True,False,True,False,0.0599429115128449,0.0561370123691722,,,0.0331874405328258,0.0647637170948304,0.1160799238820171,0.3311132254995242,4.06945198046293e-05,0.3767890176224321,951.0,990.0,0.5866767600302801,0.0022438294689603,-0.0007941252378968,-0.0001899171437192
2005-08-04,1052.0,1068.0,1042.0,1042.0,106500.0,1042.0,1052.6,1029.8,1017.36,983.04,955.675,False,False,False,False,False,False,True,True,False,True,False,0.0604606525911708,0.0681381957773512,,,0.0236468330134356,0.0565834932821497,0.1257197696737044,0.3464491362763915,0.0001085069444445,0.3707516022528646,949.0,973.0,1.3741935483870968,0.001218840921601,-0.0010249885473593,6.781242463994776e-05
2005-08-05,1042.0,1055.0,1042.0,1045.0,88200.0,1045.0,1052.2,1033.9,1019.24,983.4933333333332,956.45,False,False,False,False,False,False,True,True,False,False,False,0.0564593301435406,0.0564593301435406,,,0.0246507177033492,0.0588580542264753,0.1100478468899521,0.3655502392344497,0.0004609419484286,0.3606731792242962,940.0,961.0,0.828169014084507,0.001844511596876,0.000625670675275,0.000352435003984
2005-08-08,1046.0,1060.0,1034.0,1060.0,119000.0,1060.0,1050.8,1039.1,1021.12,984.7866666666666,957.29,False,False,False,False,False,False,True,True,False,True,False,0.0377358490566037,0.0433962264150943,,,0.0366792452830188,0.0709559748427673,0.0971698113207547,0.3462264150943396,0.0013133132048904,0.3494370127995382,936.0,956.0,1.3492063492063493,0.0018411156377311,-3.3959591449847937e-06,0.0008523712564618
2005-08-09,1060.0,1085.0,1055.0,1078.0,76900.0,1078.0,1055.2,1046.5,1023.72,985.96,958.21,False,False,False,False,False,False,True,True,False,False,False,0.0371057513914656,0.0398886827458256,,,0.0503525046382189,0.0853803339517624,0.0825602968460111,0.3348794063079777,0.0011900415162211,0.3423793597706641,936.0,953.0,0.646218487394958,0.002539756964795,0.0006986413270639,-0.0001232716886693
2005-08-10,1083.0,1119.0,1079.0,1114.0,127400.0,1114.0,1067.8,1057.3,1028.08,987.6,959.38,False,False,False,False,False,False,True,True,False,False,False,-0.0035906642728904,-0.0071813285457809,,,0.0771274685816876,0.1134649910233393,0.0368043087971274,0.3052064631956912,0.0016605913325232,0.3357609004066963,925.0,917.0,1.6566970091027309,0.0042409151038828,0.0017011581390877,0.0004705498163021
2005-08-11,1117.0,1117.0,1081.0,1105.0,96900.0,1105.0,1080.4,1066.5,1032.28,989.4133333333332,960.55,False,False,False,False,False,False,True,True,False,True,False,0.0072398190045248,0.004524886877828,,,0.0658099547511312,0.1046033182503772,0.0398190045248868,0.3556561085972851,0.0018327358973666,0.3368026254102204,924.0,921.0,0.7605965463108321,0.0040686635408998,-0.000172251562983,0.0001721445648433
2005-08-12,1114.0,1116.0,1093.0,1104.0,56900.0,1104.0,1092.2,1072.2,1036.2,990.9466666666668,961.655,False,False,False,False,False,False,True,True,False,True,False,0.0,-0.0226449275362318,,,0.0614130434782608,0.1024033816425119,0.0443840579710144,0.4583333333333333,0.0015473419356577,0.3507741093079648,928.0,951.0,0.587203302373581,0.0037830534645821,-0.0002856100763176,-0.0002853939617088
2005-08-15,1099.0,1111.0,1094.0,1100.0,48200.0,1100.0,1100.2,1075.5,1040.12,992.56,962.865,False,False,False,False,False,False,True,True,False,True,False,0.0054545454545454,-0.0272727272727272,,,0.0544363636363637,0.0976727272727273,0.0736363636363636,0.4245454545454545,0.0016254265065417,0.3610413761041375,935.0,969.0,0.8471001757469244,0.0037687959081642,-1.4257556417902797e-05,7.808457088398849e-05
2005-08-16,1101.0,1119.0,1101.0,1118.0,91000.0,1118.0,1108.2,1081.7,1044.64,994.3866666666668,964.19,False,False,False,False,False,False,True,True,False,False,False,0.0026833631484794,-0.0393559928443649,,,0.0656171735241501,0.11056648777579,0.0465116279069767,0.4159212880143113,0.0018369782378419,0.3688638254599242,955.0,974.0,1.887966804979253,0.0043268494409559,0.0005580535327916,0.0002115517313001
2005-08-17,1113.0,1125.0,1110.0,1110.0,70400.0,1110.0,1107.4,1087.6,1048.96,995.9466666666668,965.485,False,False,False,False,False,False,True,True,False,True,False,-0.0036036036036036,-0.0378378378378378,,,0.0549909909909909,0.1027507507507506,0.063063063063063,0.4045045045045045,0.0015663489343472,0.3761493196027953,951.0,981.0,0.7736263736263737,0.0041183648566198,-0.0002084845843361,-0.0002706293034946
2005-08-18,1105.0,1120.0,1105.0,1113.0,45500.0,1113.0,1109.0,1094.7,1053.08,997.5866666666668,966.875,False,False,False,False,False,False,True,True,False,True,False,-0.0026954177897574,0.0287511230907457,,,0.0538364779874214,0.1036957172806228,0.1042228212039532,0.4186882300089847,0.0016439674414252,0.3833013611034985,959.0,975.0,0.6463068181818182,0.0039123333459945,-0.0002060315106253,7.761850707801261e-05
2005-08-19,1110.0,1110.0,1100.0,1104.0,28900.0,1104.0,1109.0,1100.6,1056.76,999.2533333333332,968.225,False,False,False,False,False,False,True,True,False,True,False,-0.0226449275362318,0.0615942028985507,,,0.0427898550724637,0.0948792270531402,0.0896739130434782,0.4121376811594203,0.0016679120409903,0.3878793385426132,970.0,959.0,0.6351648351648351,0.0034823422536811,-0.0004299910923133,2.394459956504857e-05
2005-08-22,1105.0,1115.0,1092.0,1106.0,85300.0,1106.0,1110.2,1105.2,1059.88,1000.7466666666668,969.53,False,False,False,False,False,False,True,True,False,True,False,-0.0325497287522604,0.0560578661844484,,,0.0416998191681735,0.0951657625075345,0.062386980108499,0.4204339963833635,0.00149221914304,0.3951321027868259,974.0,949.0,2.9515570934256057,0.002943729478809,-0.000538612774872,-0.0001756928979502
2005-08-23,1117.0,1135.0,1082.0,1121.0,121100.0,1121.0,1110.8,1109.5,1064.16,1002.4666666666668,970.925,False,False,False,False,False,False,True,True,False,False,False,-0.0419268510258697,0.0428189116859946,,,0.0507047279214985,0.1057389235801366,0.0428189116859946,0.3809099018733274,0.001715767772827,0.3995493465525011,979.0,949.0,1.4196951934349356,0.0040219515862276,0.0010782221074185,0.0002235486297869
2005-08-24,1120.0,1124.0,1103.0,1106.0,74500.0,1106.0,1110.0,1108.7,1067.88,1004.0133333333332,972.205,False,False,False,False,False,False,True,True,False,True,False,-0.0343580470162748,0.0605786618444846,,,0.0344665461121156,0.0922121760096444,0.0424954792043399,0.3652802893309222,0.0015404841901167,0.4056101740777487,994.0,978.0,0.6151940545004129,0.0034835374761209,-0.0005384141101066,-0.0001752835827103
2005-08-25,1107.0,1115.0,1103.0,1110.0,95000.0,1110.0,1109.4,1109.2,1071.68,1005.84,973.49,False,False,False,False,False,False,True,True,False,False,False,0.0315315315315315,0.0567567567567567,,,0.0345225225225224,0.0938378378378378,0.0342342342342342,0.3846846846846847,0.0018160608711791,0.4084926072845293,1011.0,990.0,1.2751677852348993,0.0035458345774857,6.229710136483645e-05,0.0002755766810624
2005-08-26,1110.0,1110.0,1051.0,1079.0,88300.0,1079.0,1104.4,1106.7,1074.68,1007.4133333333332,974.63,False,False,False,False,False,False,True,True,False,True,False,0.0861909175162187,0.0750695088044485,,,0.0040037071362371,0.0663453815261045,0.0537534754402224,0.4430027803521779,0.001561755519085,0.4068853347790728,998.0,993.0,0.9294736842105265,0.0027915286410838,-0.0007543059364019,-0.0002543053520941
2005-08-29,1079.0,1079.0,1056.0,1070.0,64400.0,1070.0,1097.2,1103.7,1077.16,1008.9333333333332,975.605,False,False,False,False,False,False,True,True,False,True,False,0.0915887850467289,0.0869158878504672,,,-0.0066915887850468,0.0570716510903428,0.0420560747663551,0.4429906542056074,0.0015065415620457,0.4086255323004439,1013.0,962.0,0.7293318233295584,0.0023023506257195,-0.0004891780153643,-5.521395703929604e-05
2005-08-30,1075.0,1080.0,1064.0,1074.0,46600.0,1074.0,1087.8,1099.3,1079.96,1010.5466666666666,976.59,False,False,False,False,False,False,True,True,False,False,False,0.0884543761638733,0.0865921787709497,,,-0.0055493482309125,0.0590813159528243,-0.0055865921787709,0.4506517690875233,0.0015964956261298,0.4119894478304376,1013.0,955.0,0.7236024844720497,0.0025926886180969,0.0002903379923774,8.99540640841676e-05
2005-08-31,1071.0,1085.0,1064.0,1068.0,47800.0,1068.0,1080.2,1095.1,1082.44,1012.56,977.565,False,False,False,False,False,False,True,True,False,True,False,0.098314606741573,0.0814606741573033,,,-0.0135205992509363,0.0519101123595506,0.0140449438202247,0.4541198501872659,0.0019883595375417,0.4168569080449274,1005.0,951.0,1.0257510729613737,0.0022911200620819,-0.0003015685560149,0.0003918639114119
2005-09-01,1088.0,1156.0,1074.0,1145.0,255400.0,1145.0,1087.2,1098.3,1087.72,1015.5466666666666,978.905,False,False,False,True,True,False,True,True,False,False,True,0.0244541484716157,0.0034934497816593,,,0.0500262008733624,0.1130596797671033,-0.0270742358078602,0.3746724890829694,0.0029409447785101,0.4122735136119457,1000.0,949.0,5.343096234309623,0.0048541904166513,0.0025630703545693,0.0009525852409683
2005-09-02,1140.0,1207.0,1138.0,1172.0,177500.0,1172.0,1105.8,1105.1,1092.72,1018.4933333333332,980.39,False,False,False,False,False,False,True,True,False,True,False,-0.0102389078498293,-0.0162116040955631,,,0.0676450511945392,0.1309783845278726,-0.0520477815699658,0.3575085324232082,0.0028931624491077,0.4064790516695322,1006.0,940.0,0.6949882537196554,0.0045757376089025,-0.0002784528077487,-4.7782329402339726e-05
2005-09-05,1168.0,1170.0,1153.0,1168.0,87400.0,1168.0,1125.4,1111.3,1096.76,1021.1466666666666,981.91,False,False,False,False,False,False,True,True,False,True,False,-0.0042808219178082,0.0111301369863013,,,0.0609931506849315,0.1257305936073059,-0.0436643835616438,0.3407534246575342,0.002598386128013,0.3981823090074687,1002.0,936.0,0.4923943661971831,0.0036835770815857,-0.0008921605273168,-0.0002947763210947
2005-09-06,1168.0,1195.0,1164.0,1169.0,105700.0,1169.0,1144.4,1116.1,1101.28,1023.7466666666668,983.455,False,False,False,False,False,False,True,True,False,False,False,-0.001710863986313,0.0008554319931565,,,0.0579298545765611,0.1242543484459651,-0.0290846877673225,0.3686911890504705,0.0025396908089242,0.3968282411970255,1005.0,936.0,1.2093821510297482,0.0041043149789335,0.0004207378973478,-5.869531908882317e-05
2005-09-07,1173.0,1190.0,1169.0,1173.0,130600.0,1173.0,1165.4,1122.8,1106.16,1026.3066666666666,984.965,False,False,False,False,False,False,True,True,False,False,False,-0.0153452685421994,0.0059676044330775,,,0.0569820971867007,0.1250582551861324,-0.0443307757885763,0.340153452685422,0.0024943811466356,0.3940149625935163,1002.0,925.0,1.2355723746452223,0.0044116583496059,0.0003073433706723,-4.530966228854594e-05
2005-09-08,1155.0,1175.0,1155.0,1173.0,111800.0,1173.0,1171.0,1129.1,1111.4,1028.9466666666667,986.565,False,False,False,False,False,False,True,True,False,False,False,-0.0204603580562659,0.0477408354646206,,,0.0525149190110826,0.1228076157999431,-0.052003410059676,0.3427109974424552,0.0025657306501147,0.3896023381454256,1010.0,924.0,0.8560490045941807,0.0047147741587187,0.0003031158091127,7.134950347910786e-05
2005-09-09,1183.0,1184.0,1157.0,1160.0,145100.0,1160.0,1168.6,1137.2,1116.0,1031.6266666666668,988.15,False,False,False,False,False,False,True,True,False,True,False,-0.0060344827586206,0.0370689655172413,,,0.0379310344827586,0.1106666666666665,-0.0491379310344827,0.4043103448275862,0.0025978390115287,0.3860358775940907,1012.0,928.0,1.2978533094812164,0.004121863799283,-0.0005929103594356,3.2108361414002334e-05
2005-09-12,1166.0,1193.0,1162.0,1163.0,50200.0,1163.0,1167.6,1146.5,1120.12,1034.48,989.75,False,False,False,False,False,False,True,True,False,True,False,0.0154772141014617,0.0103181427343078,,,0.0368701633705933,0.1105073086844367,-0.0438521066208082,0.3929492691315563,0.002758229577501,0.3814217182730047,1028.0,935.0,0.3459682977257064,0.0036781773381422,-0.0004436864611408,0.0001603905659722
2005-09-13,1164.0,1175.0,1160.0,1167.0,47900.0,1167.0,1167.2,1155.8,1123.68,1037.3866666666668,991.355,False,False,False,False,False,False,True,True,False,True,False,0.0025706940874035,0.001713796058269,,,0.0371208226221079,0.1110654098828905,-0.0616966580976863,0.3933161953727506,0.0028019124980721,0.37618965218896,1014.0,955.0,0.954183266932271,0.0031681617542362,-0.000510015583906,4.368292057115551e-05
2005-09-14,1155.0,1168.0,1150.0,1155.0,100700.0,1155.0,1163.6,1164.5,1125.32,1039.746666666667,992.97,False,False,False,False,False,False,True,True,False,True,False,0.0216450216450216,-0.0017316017316017,,,0.0256969696969697,0.0997864357864355,-0.0476190476190476,0.4025974025974026,0.0022697836652519,0.3716616573636753,1013.0,951.0,2.1022964509394573,0.0014573632389008,-0.0017107985153354,-0.0005321288328202
2005-09-15,1150.0,1162.0,1125.0,1149.0,109700.0,1149.0,1158.8,1164.9,1127.08,1041.8666666666666,994.495,False,False,False,False,False,False,True,True,False,False,False,0.0696257615317667,-0.000870322019147,,,0.0190774586597041,0.0932404989846244,-0.0374238468233246,0.4012184508268059,0.0020348093166108,0.3742810541677397,1015.0,959.0,1.0893743793445878,0.0015615572985058,0.000104194059605,-0.000234974348641
2005-09-16,1150.0,1160.0,1140.0,1153.0,47600.0,1153.0,1157.4,1163.0,1129.04,1044.0,996.04,False,False,False,False,False,False,True,True,False,False,False,0.0433651344319167,-0.0138768430182133,,,0.0207805724197745,0.0945359930615784,-0.013009540329575,0.396357328707719,0.002043422733078,0.3781599312123817,1004.0,970.0,0.4339106654512306,0.0017359880960816,0.0001744307975757,8.613416467119234e-06
2005-09-20,1158.0,1186.0,1158.0,1181.0,61900.0,1181.0,1161.0,1164.3,1132.28,1046.92,997.705,False,False,False,False,False,False,True,True,False,False,False,-0.0050804403048264,-0.0558848433530906,,,0.0412531752751905,0.1135309060118543,-0.0135478408128704,0.3412362404741744,0.002789133840217,0.3781671390535085,1008.0,974.0,1.300420168067227,0.0028614830254,0.0011254949293184,0.000745711107139
2005-09-21,1184.0,1184.0,1167.0,1170.0,47800.0,1170.0,1161.6,1164.4,1134.36,1049.7866666666666,999.31,False,False,False,False,False,False,True,True,False,True,False,-0.0008547008547008,-0.0871794871794871,,,0.0304615384615385,0.1027464387464387,0.0341880341880341,0.3931623931623931,0.0027307135417988,0.380625214702851,1004.0,979.0,0.7722132471728594,0.0018336330618145,-0.0010278499635855,-5.842029841821939e-05
2005-09-22,1182.0,1185.0,1172.0,1180.0,47900.0,1180.0,1166.6,1165.1,1137.16,1052.84,1000.945,False,False,False,False,False,False,True,True,False,False,False,-0.0228813559322033,-0.0822033898305084,,,0.0363050847457626,0.1077627118644068,0.0813559322033898,0.3016949152542373,0.0029000924483618,0.3767058621577548,1006.0,994.0,1.002092050209205,0.0024622744380739,0.0006286413762594,0.0001693789065629
2005-09-26,1195.0,1235.0,1193.0,1229.0,85400.0,1229.0,1182.6,1170.7,1141.8,1056.5733333333333,1002.855,False,False,False,False,False,False,True,True,False,False,True,-0.065907241659886,-0.0935720097640358,,,0.0709519934906428,0.1402983455383781,0.0724165988608624,0.1716842961757526,0.0035334351299168,0.3585888784487913,1013.0,1011.0,1.7828810020876826,0.0040637589770536,0.0016014845389797,0.000633342681555
2005-09-27,1220.0,1225.0,1200.0,1203.0,59200.0,1203.0,1192.6,1175.0,1145.76,1060.08,1004.58,False,False,False,False,False,False,True,True,False,True,False,-0.054862842892768,-0.0764754779717373,,,0.0475810473815461,0.1188029925187033,0.1088944305901911,0.2684954280964256,0.0033079264458028,0.3448510638297872,1047.0,998.0,0.6932084309133489,0.0034562211981567,-0.0006075377788969,-0.000225508684114
2005-09-28,1203.0,1203.0,1166.0,1175.0,103300.0,1175.0,1191.4,1176.2,1148.52,1063.2666666666669,1006.11,False,False,False,False,False,False,True,True,False,True,False,-0.051063829787234,-0.0493617021276595,,,0.0225361702127659,0.0950921985815601,0.131063829787234,0.2570212765957447,0.0029970531067781,0.3313212038768917,1067.0,1013.0,1.7449324324324325,0.0024030926757914,-0.0010531285223652,-0.0003108733390247
2005-09-29,1195.0,1196.0,1144.0,1169.0,156500.0,1169.0,1191.2,1176.4,1150.44,1066.3733333333332,1007.6,False,False,False,False,False,False,True,True,False,True,False,-0.0863986313088109,-0.0290846877673225,,,0.0158768177929854,0.087790134017679,0.176218990590248,0.1933276304533789,0.002913301157818,0.3114586875212511,1056.0,1013.0,1.5150048402710552,0.0016689266715344,-0.000734166004257,-8.375194896002554e-05
2005-09-30,1174.0,1175.0,1144.0,1153.0,103600.0,1153.0,1185.8,1176.2,1152.32,1069.4133333333334,1009.105,False,False,False,False,False,False,True,True,False,True,False,-0.0607111882046834,-0.0277536860364267,,,0.0005897658282741,0.0724949407343162,0.2315698178664353,0.2445793581960104,0.0028426800987459,0.2959530692059173,1051.0,1005.0,0.6619808306709265,0.0016314912524297,-3.743541910465457e-05,-7.062105907218843e-05
2005-10-03,1135.0,1149.0,1117.0,1148.0,70700.0,1148.0,1169.6,1176.1,1153.84,1072.4,1010.535,False,False,False,False,False,False,True,True,False,True,False,-0.0296167247386759,-0.0313588850174216,,,-0.0050871080139372,0.0658536585365852,0.2439024390243902,0.2613240418118467,0.0027850304612706,0.2822889210101182,1042.0,1000.0,0.6824324324324325,0.0013173403591485,-0.0003141508932812,-5.764963747522658e-05
2005-10-04,1160.0,1170.0,1125.0,1137.0,84500.0,1137.0,1156.4,1174.5,1156.16,1075.1866666666667,1011.94,False,False,False,False,False,False,True,True,False,False,False,-0.0228671943711521,-0.0299032541776605,,,-0.0168513632365875,0.0543652887716211,0.297273526824978,0.297273526824978,0.0025917980133681,0.2725415070242655,1045.0,1006.0,1.1951909476661953,0.002006642679214,0.0006893023200655,-0.0001932324479024
2005-10-05,1137.0,1159.0,1100.0,1115.0,225500.0,1115.0,1144.4,1167.9,1157.96,1077.5866666666666,1013.275,False,False,False,False,False,False,True,True,False,True,False,0.0017937219730941,-0.0026905829596412,,,-0.0385291479820628,0.0335545590433483,0.3210762331838565,0.358744394618834,0.0022271990497282,0.273824813768302,1060.0,1002.0,2.668639053254438,0.0015544578396489,-0.000452184839565,-0.0003645989636399
2005-10-06,1116.0,1116.0,1068.0,1068.0,151500.0,1068.0,1124.2,1157.7,1157.72,1079.0933333333332,1014.36,False,False,False,False,False,False,False,True,False,True,False,0.0627340823970037,0.0252808988764044,,,-0.0840074906367041,-0.0103870162297127,0.3230337078651685,0.4222846441947565,0.0013962338753521,0.2754599637211711,1078.0,1005.0,0.6718403547671841,-0.0002073040113326,-0.0017617618509816,-0.0008309651743761
2005-10-07,1088.0,1108.0,1083.0,1083.0,51000.0,1083.0,1110.2,1148.0,1158.32,1080.8533333333332,1015.515,False,False,False,False,False,False,True,True,False,False,False,0.0350877192982456,0.015697137580794,,,-0.0695475530932594,0.0019821483533395,0.27331486611265,0.3822714681440443,0.0016283430375999,0.2828397212543554,1114.0,1002.0,0.3366336633663366,0.0005179915740036,0.0007252955853362,0.0002321091622477
2005-10-11,1089.0,1116.0,1086.0,1114.0,106000.0,1114.0,1103.4,1136.5,1157.08,1082.92,1016.83,False,False,False,False,False,False,False,True,False,True,False,-0.0017953321364452,-0.0071813285457809,,,-0.0386714542190304,0.027899461400359,0.2244165170556553,0.31508078994614,0.0019084204434924,0.2980202375714915,1105.0,1010.0,2.07843137254902,-0.0010716631520724,-0.0015896547260761,0.0002800774058925
2005-10-12,1129.0,1129.0,1102.0,1111.0,73200.0,1111.0,1098.2,1127.3,1154.64,1084.8,1018.125,False,False,False,False,False,False,False,True,False,True,False,-0.0072007200720072,0.0243024302430243,,,-0.0392799279927993,0.0235823582358236,0.2457245724572457,0.3141314131413141,0.0017330383480824,0.3027588042224785,1104.0,1012.0,0.690566037735849,-0.0021132127762764,-0.0010415496242039,-0.0001753820954099
2005-10-13,1111.0,1131.0,1072.0,1117.0,132300.0,1117.0,1098.6,1121.5,1152.6,1086.7066666666667,1019.355,False,False,False,False,False,False,False,True,False,False,False,-0.0044762757385854,0.0429722470904207,,,-0.0318710832587286,0.0271202626081766,0.2641002685765443,0.3124440465532677,0.001754536642823,0.3085153811859117,1100.0,1028.0,1.807377049180328,-0.0017699115044249,0.0003433012718514,2.1498294740554666e-05
2005-10-14,1120.0,1149.0,1120.0,1135.0,138800.0,1135.0,1112.0,1118.1,1151.24,1088.7866666666666,1020.67,False,False,False,False,False,False,False,True,False,False,False,-0.0352422907488986,0.066079295154185,,,-0.0143083700440528,0.0407165932452276,0.2458149779735682,0.2969162995594713,0.0019103834237499,0.3193810929254987,1118.0,1014.0,1.0491307634164777,-0.0011813349084464,0.0005885765959784,0.0001558467809268
2005-10-17,1154.0,1154.0,1120.0,1121.0,90000.0,1121.0,1119.6,1114.9,1149.16,1090.48,1021.81,False,False,False,False,False,False,False,True,False,True,False,-0.0187332738626226,0.1382694023193577,,,-0.0251204281891169,0.0272256913470115,0.247992863514719,0.3238180196253345,0.0015528330032035,0.327563010135438,1110.0,1013.0,0.6484149855907781,-0.0018100177520971,-0.0006286828436506,-0.0003575504205463
2005-10-18,1121.0,1125.0,1096.0,1112.0,79000.0,1112.0,1119.2,1111.3,1146.72,1091.8266666666666,1022.905,False,False,False,False,False,False,False,True,False,True,False,-0.0053956834532374,0.185251798561151,,,-0.0312230215827338,0.0181414868105516,0.2616906474820143,0.3201438848920863,0.0012334070121019,0.3336632772428687,1113.0,1015.0,0.8777777777777778,-0.0021278080089298,-0.0003177902568327,-0.0003194259911015
2005-10-19,1112.0,1125.0,1102.0,1103.0,58800.0,1103.0,1117.6,1107.9,1144.44,1093.2266666666667,1023.925,False,False,False,False,False,False,False,True,False,False,False,0.0317316409791477,0.2094288304623753,,,-0.037570262919311,0.0088606829857962,0.2937443336355394,0.3481414324569356,0.0012806127427066,0.3388392454192615,1104.0,1004.0,0.7443037974683544,-0.0019922407465659,0.0001355672623638,4.720573060472606e-05
2005-10-20,1121.0,1121.0,1107.0,1112.0,43200.0,1112.0,1116.6,1107.6,1142.4,1094.5466666666666,1024.98,False,False,False,False,False,False,False,True,False,False,False,0.0476618705035971,0.1951438848920863,,,-0.0273381294964029,0.0156954436450839,0.283273381294964,0.3929856115107913,0.0012059787309205,0.3422715781870713,1106.0,1008.0,0.7346938775510204,-0.0017857142857142,0.0002065264608517,-7.4634011786183e-05
2005-10-21,1109.0,1121.0,1083.0,1095.0,57900.0,1095.0,1108.6,1110.3,1139.52,1095.64,1025.83,False,False,False,False,False,False,False,True,False,True,True,0.1050228310502283,0.2557077625570776,,,-0.0406575342465753,-0.0005844748858448,0.3141552511415525,0.3360730593607306,0.0009978946856024,0.3339637935693055,1121.0,1004.0,1.3402777777777777,-0.0025273799494524,-0.0007416656637382,-0.000208084045318
2005-10-24,1095.0,1110.0,1090.0,1100.0,65200.0,1100.0,1104.4,1112.0,1137.32,1096.9066666666668,1026.73,False,False,False,False,False,False,False,True,False,False,False,0.16,0.2909090909090909,,,-0.0339272727272726,0.0028121212121211,0.3218181818181818,0.3672727272727272,0.0011547624835902,0.3325539568345323,1106.0,1006.0,1.1260794473229707,-0.0019343720324974,0.000593007916955,0.0001568677979877
2005-10-25,1108.0,1115.0,1103.0,1106.0,130100.0,1106.0,1103.2,1111.2,1135.6,1098.32,1027.635,False,False,False,False,False,False,False,True,False,False,False,0.1916817359855334,0.2911392405063291,,,-0.026763110307414,0.0069439421338156,0.3544303797468354,0.3345388788426763,0.0012868138004708,0.3345032397408207,1110.0,1013.0,1.9953987730061349,-0.0015146178231771,0.0004197542093202,0.0001320513168806
2005-10-26,1119.0,1145.0,1114.0,1138.0,137700.0,1138.0,1110.2,1113.9,1135.0,1100.08,1028.65,False,False,False,False,True,False,False,True,False,False,True,0.172231985940246,0.2961335676625659,,,0.0026362038664323,0.0333216168717048,0.4147627416520211,0.2627416520210896,0.0015998836448258,0.329203698716222,1079.0,1047.0,1.0584166026133743,-0.0005286343612334,0.0009859834619437,0.0003130698443549
2005-10-27,1140.0,1169.0,1138.0,1165.0,97100.0,1165.0,1120.8,1118.7,1134.36,1102.253333333333,1029.885,False,False,False,False,False,False,False,True,False,True,False,0.1407725321888412,0.2643776824034334,,,0.0263004291845494,0.0538597997138771,0.3450643776824034,0.2145922746781116,0.0019717185402023,0.3189416286761419,1070.0,1067.0,0.7051561365286856,-0.0005641947882507,-3.556042701733178e-05,0.0003718348953765
2005-10-28,1170.0,1219.0,1168.0,1210.0,281900.0,1210.0,1143.8,1126.2,1135.96,1104.986666666667,1031.21,False,False,False,False,False,False,True,True,True,False,False,0.1363636363636363,0.1677685950413223,,,0.061190082644628,0.0867878787878786,0.3082644628099174,0.1082644628099173,0.0024736346743253,0.298526016693305,1074.0,1056.0,2.903192584963955,0.0014085002993064,0.0019726950875571,0.0005019161341229
2005-10-31,1210.0,1334.0,1210.0,1276.0,342600.0,1276.0,1179.0,1141.7,1139.8,1108.64,1032.78,False,False,False,False,False,False,True,True,False,False,False,0.1128526645768025,0.0807210031347962,,,0.1067398119122257,0.1311598746081504,0.2217868338557993,0.0626959247648902,0.0032953288112761,0.2696855566260838,1068.0,1051.0,1.2153245831855268,0.0033690121073871,0.0019605118080807,0.0008216941369508
2005-11-01,1290.0,1330.0,1290.0,1318.0,141200.0,1318.0,1221.4,1162.3,1143.36,1112.746666666667,1034.355,False,False,False,False,False,False,True,True,False,True,False,0.0834597875569044,0.0349013657056145,,,0.1325037936267072,0.1557309054122406,0.1980273141122913,0.0204855842185129,0.0036905674846626,0.2365998451346468,1145.0,1042.0,0.4121424401634559,0.0031136300027987,-0.0002553821045884,0.0003952386733865
2005-11-02,1335.0,1340.0,1320.0,1334.0,159900.0,1334.0,1260.6,1185.4,1148.6,1117.04,1036.055,False,False,False,False,False,False,True,True,False,False,False,0.1056971514242878,0.0374812593703148,,,0.1389805097451275,0.1626386806596702,0.1686656671664168,0.0337331334332833,0.003843491131323,0.2033912603340643,1172.0,1045.0,1.1324362606232294,0.0045620755702594,0.0014484455674607,0.0001529236466603
2005-11-04,1340.0,1355.0,1300.0,1329.0,182900.0,1329.0,1293.4,1207.1,1154.76,1121.0533333333333,1037.715,False,False,False,False,False,False,True,True,False,False,False,0.1083521444695259,0.0624529721595184,,,0.1311060948081264,0.156468522698771,0.18209179834462,0.1173814898419864,0.0035799664601148,0.1764559688509651,1168.0,1060.0,1.1438398999374608,0.00533444178877,0.0007723662185105,-0.0002635246712081
2005-11-07,1312.0,1405.0,1312.0,1375.0,271100.0,1375.0,1326.4,1235.1,1163.0,1125.8666666666666,1039.555,False,False,False,False,False,False,True,True,False,False,False,0.0276363636363636,0.0283636363636363,,,0.1541818181818181,0.1811878787878788,0.1258181818181818,0.0603636363636363,0.0042752250118426,0.1493806169540928,1169.0,1078.0,1.4822307271733188,0.007085124677558,0.001750682888788,0.0006952585517277
2005-11-08,1395.0,1430.0,1369.0,1420.0,152100.0,1420.0,1355.2,1267.1,1173.68,1131.2933333333333,1041.72,False,False,False,False,False,False,True,True,False,False,False,-0.0288732394366197,-0.0147887323943661,,,0.1734647887323943,0.2033145539906103,0.0633802816901408,0.0478873239436619,0.0047968696595048,0.1190908373451188,1173.0,1114.0,0.5610475839173736,0.009099584213755,0.002014459536197,0.0005216446476621
2005-11-09,1450.0,1450.0,1394.0,1428.0,178600.0,1428.0,1377.2,1299.3,1184.88,1136.8,1043.925,False,False,False,False,False,False,True,True,False,False,False,-0.0448179271708683,-0.0175070028011204,,,0.170252100840336,0.203921568627451,0.0763305322128851,0.0133053221288515,0.0048440065681444,0.0891249134149156,1173.0,1105.0,1.1742274819197895,0.0094524340017554,0.0003528497880004,4.713690863967883e-05
2005-11-10,1440.0,1495.0,1428.0,1475.0,277400.0,1475.0,1405.4,1333.0,1198.4,1143.08,1046.46,False,False,False,False,False,False,True,True,False,False,False,-0.0616949152542372,-0.0325423728813559,,,0.1875254237288135,0.2250305084745763,0.055593220338983,-0.0515254237288135,0.0054939286839066,0.0587396849212302,1160.0,1104.0,1.553191489361702,0.0112817089452603,0.0018292749435048,0.0006499221157621
2005-11-11,1480.0,1480.0,1456.0,1473.0,159400.0,1473.0,1434.2,1363.8,1212.72,1149.28,1048.985,False,False,False,False,False,False,True,True,False,False,False,-0.0414120841819416,-0.0312287847929395,,,0.1767006109979633,0.2197691785471826,0.0482009504412763,-0.0298710115410726,0.0053946818877906,0.0358556973163221,1163.0,1100.0,0.5746214852198991,0.0118081667656177,0.0005264578203574,-9.924679611595864e-05
2005-11-14,1473.0,1473.0,1390.0,1413.0,75900.0,1413.0,1441.8,1384.1,1226.52,1154.7333333333331,1051.205,False,False,False,False,False,False,True,True,False,True,False,0.0007077140835102,0.0184005661712668,,,0.1319745222929936,0.1827789573012504,0.1026185421089879,0.0141542816702052,0.0047225910744181,0.0273101654504733,1167.0,1118.0,0.4761606022584692,0.011251345269543,-0.0005568214960746,-0.0006720908133724
2005-11-15,1380.0,1400.0,1379.0,1379.0,47600.0,1379.0,1433.6,1394.4,1238.36,1159.7066666666667,1053.11,False,False,False,False,False,False,True,True,False,True,False,0.0145032632342277,0.0543872371283538,,,0.1019869470630892,0.1590234469422286,0.126178390137781,0.0253807106598984,0.0042884407551336,0.0238812392426849,1155.0,1110.0,0.6271409749670619,0.0095610323330856,-0.0016903129364574,-0.0004341503192844
2005-11-16,1349.0,1392.0,1335.0,1364.0,99500.0,1364.0,1420.8,1399.0,1248.36,1164.3866666666668,1055.095,False,False,False,False,False,False,True,True,False,True,False,0.0285923753665689,0.0982404692082111,,,0.0847800586510264,0.1463440860215053,0.1539589442815249,0.0527859237536656,0.004019283399558,0.0270192994996425,1149.0,1113.0,2.0903361344537816,0.0080105097888429,-0.0015505225442426,-0.0002691573555756
2005-11-17,1383.0,1440.0,1368.0,1384.0,114200.0,1384.0,1402.6,1404.0,1259.28,1168.88,1057.08,False,False,False,False,False,False,True,True,False,False,False,0.0310693641618497,0.1632947976878612,,,0.0901156069364162,0.1554335260115606,0.1495664739884393,0.051300578034682,0.0038441356968494,0.0287749287749288,1153.0,1104.0,1.1477386934673366,0.0086716218791691,0.0006611120903261,-0.0001751477027086
2005-11-18,1435.0,1435.0,1384.0,1412.0,105200.0,1412.0,1390.4,1412.3,1271.08,1173.48,1059.23,False,False,False,False,False,False,True,True,False,False,False,0.0106232294617563,0.1097733711048158,,,0.0998016997167139,0.1689235127478753,0.1090651558073654,0.0453257790368272,0.0039199645498857,0.0220916235927211,1181.0,1106.0,0.9211908931698776,0.0092834440003775,0.0006118221212084,7.582885303632171e-05
2005-11-21,1440.0,1450.0,1414.0,1414.0,183500.0,1414.0,1390.6,1416.2,1282.24,1178.253333333333,1061.495,False,False,False,False,False,False,True,True,False,True,False,0.0176803394625176,0.1195190947666195,,,0.0931824611032531,0.1667232437529469,0.1315417256011315,0.0579915134370579,0.0040511944233835,0.0219601751165089,1170.0,1121.0,1.744296577946768,0.0087035188420265,-0.000579925158351,0.0001312298734978
2005-11-22,1448.0,1449.0,1385.0,1399.0,121000.0,1399.0,1394.6,1414.1,1293.36,1182.8933333333334,1063.63,False,False,False,False,False,False,True,True,False,True,False,0.039313795568263,0.1143674052894924,,,0.0755110793423874,0.1544722420776744,0.1236597569692637,0.0757684060042887,0.0039225852993228,0.0246800084859628,1180.0,1106.0,0.659400544959128,0.0085977608709097,-0.0001057579711167,-0.0001286091240607
2005-11-24,1410.0,1427.0,1403.0,1403.0,86600.0,1403.0,1402.4,1411.6,1305.0,1187.7066666666667,1065.84,False,False,False,False,False,False,True,True,False,False,False,0.0677120456165359,0.1254454739843193,,,0.0698503207412687,0.1534521263958184,0.1225944404846757,0.0591589451176051,0.0040526280338579,0.029257580051006,1229.0,1110.0,0.715702479338843,0.0089195402298851,0.0003217793589753,0.000130042734535
2005-11-25,1414.0,1427.0,1411.0,1427.0,82700.0,1427.0,1411.0,1406.8,1317.96,1192.8,1068.13,False,False,False,False,False,False,True,True,False,False,False,0.1282410651716888,0.0925017519271198,,,0.0764120532585844,0.1641205325858444,0.1415557112824106,0.0315346881569726,0.004270064833445,0.0379584873471709,1203.0,1079.0,0.9549653579676676,0.0098333788582354,0.0009138386283503,0.0002174367995871
2005-11-28,1451.0,1451.0,1420.0,1427.0,88800.0,1427.0,1414.0,1402.2,1330.56,1197.6933333333334,1070.4,False,False,False,False,False,False,True,True,False,True,False,0.0981079187105816,0.1009110021023125,,,0.0675823405746321,0.1606914272366269,0.1352487736510161,0.0497547302032235,0.0040856312689949,0.046284410212523,1175.0,1070.0,1.0737605804111243,0.0094696969696969,-0.0003636818885385,-0.0001844335644501
2005-11-29,1442.0,1449.0,1425.0,1439.0,85000.0,1439.0,1419.0,1404.8,1344.32,1202.506666666667,1072.83,False,False,False,False,False,False,True,True,False,False,False,0.1000694927032661,0.0757470465601111,,,0.0657956914523975,0.1643456103775768,0.1299513551077137,0.0444753300903405,0.0040027498115049,0.0493308656036446,1169.0,1074.0,0.9572072072072072,0.0102356581766246,0.0007659612069277,-8.288145748992955e-05
2005-11-30,1439.0,1480.0,1439.0,1454.0,77100.0,1454.0,1430.0,1412.3,1358.48,1207.04,1075.28,False,False,False,False,False,False,True,True,False,False,False,0.0722145804676753,0.0385144429160935,,,0.0656946354883081,0.1698486932599725,0.1141678129298486,0.0295735900962861,0.0037557440791797,0.0496353465977484,1153.0,1068.0,0.9070588235294118,0.0104234144043343,0.0001877562277097,-0.0002470057323252
2005-12-01,1455.0,1500.0,1455.0,1498.0,183100.0,1498.0,1449.0,1425.7,1374.16,1212.28,1078.155,False,False,False,False,False,False,True,True,False,False,False,0.0540720961281709,0.0260347129506008,,,0.0826702269692923,0.1907343124165554,0.0747663551401869,-0.0113484646194926,0.0043224337611772,0.0429262818264712,1148.0,1145.0,2.374837872892348,0.0114106072073121,0.0009871928029778,0.0005666896819975
2005-12-02,1548.0,1651.0,1523.0,1610.0,365200.0,1610.0,1485.6,1448.3,1393.04,1219.0266666666666,1081.555,False,False,False,False,False,False,True,True,False,False,False,-0.0316770186335403,-0.032919254658385,,,0.1347577639751553,0.2428405797101449,0.0,-0.0894409937888198,0.0055344701237052,0.0274114479044397,1137.0,1172.0,1.9945385035499728,0.0135530925170848,0.0021424853097727,0.0012120363625279
2005-12-05,1611.0,1625.0,1552.0,1567.0,364400.0,1567.0,1513.6,1463.8,1409.12,1225.253333333333,1084.84,False,False,False,False,False,False,True,True,False,True,False,0.0025526483726866,-0.0146777281429483,,,0.1007530312699426,0.2180897681344396,0.0108487555839183,-0.0612635609444799,0.0050819422377955,0.0161907364394043,1115.0,1168.0,0.9978094194961664,0.0114113773135005,-0.0021417152035842,-0.0004525278859097
2005-12-06,1579.0,1622.0,1562.0,1583.0,226100.0,1583.0,1542.4,1480.7,1424.04,1231.4533333333334,1088.2,False,False,False,False,False,False,True,True,False,True,False,-0.0221099178774478,-0.0157927984838913,,,0.1004169298799747,0.2220762265740155,0.0296904611497157,-0.0663297536323436,0.005034701545058,0.0033767812521104,1068.0,1169.0,0.6204720087815587,0.0104772337855678,-0.0009341435279327,-4.724069273746075e-05
2005-12-07,1584.0,1594.0,1551.0,1559.0,74700.0,1559.0,1563.4,1496.7,1435.36,1237.44,1091.4,False,False,False,False,False,False,True,True,False,True,False,-0.0314304041051956,-0.0038486209108402,,,0.0793072482360488,0.2062604233483001,-0.0147530468248877,-0.0160359204618345,0.0048379450047409,-0.005411906193626,1083.0,1173.0,0.3303847854931446,0.007886523241556,-0.0025907105440117,-0.0001967565403171
2005-12-08,1589.0,1595.0,1558.0,1579.0,130300.0,1579.0,1579.6,1514.3,1445.8,1243.6533333333334,1094.695,False,False,False,False,False,False,True,True,False,True,False,-0.0265991133628879,-0.0031665611146295,,,0.0843571880937302,0.2123791429174582,-0.0880303989867004,-0.0310322989233692,0.0049960331925295,-0.0140659050386316,1114.0,1173.0,1.7443105756358768,0.0072209157559828,-0.0006656074855731,0.0001580881877885
2005-12-09,1594.0,1594.0,1553.0,1559.0,143500.0,1559.0,1569.4,1527.5,1454.8,1249.72,1097.865,False,False,False,False,False,False,True,True,False,True,False,-0.0012828736369467,0.0205259781911481,,,0.0668377164849262,0.198383579217447,-0.0211674150096215,-0.0160359204618345,0.0048544207235753,-0.0185270049099836,1111.0,1160.0,1.1013046815042211,0.006186417376959,-0.0010344983790238,-0.0001416124689541
2005-12-12,1559.0,1585.0,1558.0,1571.0,86800.0,1571.0,1570.2,1541.9,1464.48,1255.92,1100.965,False,False,False,False,False,False,True,True,False,False,False,-0.0171865054105665,-0.0031826861871419,,,0.067803946530872,0.2005601527689369,-0.0598345003182686,0.022915340547422,0.0049366201668896,-0.0206239055710488,1117.0,1163.0,0.6048780487804878,0.0066098546924506,0.0004234373154915,8.21994433142818e-05
2005-12-13,1552.0,1560.0,1520.0,1548.0,128900.0,1548.0,1563.2,1552.8,1471.4,1261.6133333333332,1103.95,False,False,False,False,False,False,True,True,False,True,False,0.0064599483204134,0.0335917312661498,,,0.0494832041343668,0.1850043066322136,-0.0988372093023255,0.0064599483204134,0.0045127403007787,-0.0239567233384853,1135.0,1167.0,1.4850230414746544,0.0047030039418241,-0.0019068507506264,-0.0004238798661108
2005-12-14,1548.0,1556.0,1510.0,1510.0,76600.0,1510.0,1553.4,1558.4,1475.0,1267.0,1106.675,False,False,False,False,False,False,True,True,False,True,False,0.0284768211920529,0.0410596026490066,,,0.0231788079470198,0.1609271523178808,-0.0496688741721854,0.0225165562913907,0.0042515127598001,-0.0244481519507187,1121.0,1155.0,0.5942591155934833,0.0024406779661016,-0.0022623259757225,-0.0002612275409786
2005-12-15,1506.0,1548.0,1504.0,1537.0,101600.0,1537.0,1545.0,1562.3,1479.36,1272.6933333333334,1109.43,False,False,False,False,False,False,True,True,False,False,False,0.0240728692257644,0.0247234873129473,,,0.037501626545218,0.1719626978963348,-0.0579050097592713,0.0123617436564736,0.0044734526254033,-0.022082826601805,1112.0,1149.0,1.3263707571801566,0.0029472204196408,0.0005065424535392,0.0002219398656032
2005-12-16,1555.0,1590.0,1538.0,1557.0,171700.0,1557.0,1544.6,1557.0,1482.64,1279.0666666666666,1112.355,False,False,False,False,False,False,True,True,False,True,False,0.0218368657675016,0.0462427745664739,,,0.0477585099550416,0.1785056733033612,-0.0526653821451509,0.0025690430314707,0.0049827999583028,-0.0126525369299936,1103.0,1153.0,1.68996062992126,0.0022122700048563,-0.0007349504147845,0.0005093473328994
2005-12-19,1587.0,1587.0,1529.0,1544.0,68900.0,1544.0,1539.2,1554.7,1485.48,1285.3866666666668,1115.15,False,False,False,False,False,False,True,True,False,True,False,0.0142487046632124,0.0492227979274611,,,0.037901554404145,0.167495682210708,-0.0187823834196891,0.0103626943005181,0.0049168084311855,-0.0054672927252846,1112.0,1181.0,0.4012813046010483,0.0019118399439911,-0.0003004300608652,-6.599152711728694e-05
2005-12-20,1530.0,1577.0,1530.0,1558.0,109200.0,1558.0,1541.2,1552.2,1491.28,1291.84,1118.03,False,False,False,False,False,False,True,True,False,False,False,0.0269576379974326,0.0436456996148908,,,0.0428241335044929,0.1708344030808729,-0.0250320924261874,-0.0134788189987163,0.0049954586739326,-6.442468754035332e-05,1095.0,1170.0,1.5849056603773586,0.0038892763263773,0.0019774363823861,7.865024274709021e-05
2005-12-21,1557.0,1573.0,1541.0,1553.0,67000.0,1553.0,1549.8,1551.6,1498.24,1298.3066666666666,1120.845,False,False,False,False,False,False,True,True,False,False,False,0.0122343850611719,0.0431423052157115,,,0.0352607855763039,0.1640008585533376,-0.0360592401802962,-0.0367031551835157,0.0049808468466618,-0.0021268368136117,1100.0,1180.0,0.6135531135531136,0.0046454506621102,0.0007561743357329,-1.4611827270816398e-05
2005-12-22,1583.0,1588.0,1550.0,1574.0,104600.0,1574.0,1557.2,1551.1,1506.64,1304.0266666666666,1123.74,False,False,False,False,False,False,True,True,False,False,False,0.0006353240152477,0.0228716645489199,,,0.0427954256670901,0.1715205421431597,-0.0692503176620076,-0.0412960609911054,0.0043864133657798,-0.0031590484172521,1106.0,1229.0,1.5611940298507463,0.0055753199171667,0.0009298692550565,-0.0005944334808819
2005-12-26,1588.0,1613.0,1572.0,1591.0,83200.0,1591.0,1564.0,1554.3,1514.92,1309.6133333333332,1126.715,False,False,False,False,False,False,True,True,False,True,True,0.0238843494657448,0.0119421747328724,,,0.0478189817724701,0.1768615126754662,-0.0823381521055939,-0.0452545568824638,0.0042658901864162,-0.0061764138197258,1138.0,1203.0,0.7954110898661568,0.0054656351490507,-0.0001096847681159,-0.0001205231793635
2005-12-27,1591.0,1608.0,1563.0,1566.0,78000.0,1566.0,1568.4,1553.8,1521.08,1314.92,1129.525,False,False,False,False,False,False,True,True,False,True,False,0.0344827586206896,0.0114942528735632,,,0.0286845466155811,0.1603320561941251,-0.0638569604086845,-0.0549169859514687,0.0040357334793499,-0.0140301197065259,1165.0,1175.0,0.9375,0.004049754122071,-0.0014158810269796,-0.0002301567070663
2005-12-28,1566.0,1600.0,1566.0,1600.0,35500.0,1600.0,1576.8,1559.0,1528.52,1320.6666666666667,1132.435,False,False,False,False,False,False,True,True,False,False,True,0.01625,0.01875,,,0.044675,0.1745833333333332,-0.08,-0.06125,0.0043513377082281,-0.0209108402822321,1210.0,1169.0,0.4551282051282051,0.0048674534844163,0.0008176993623452,0.0003156042288782
2005-12-29,1580.0,1599.0,1570.0,1572.0,42400.0,1572.0,1580.6,1565.2,1535.44,1325.986666666667,1135.205,False,False,False,False,False,False,True,True,False,True,False,0.0305343511450381,-0.0229007633587786,,,0.0232569974554707,0.1564970313825274,-0.0559796437659033,-0.0451653944020356,0.0040121067079609,-0.0275364170713008,1276.0,1153.0,1.1943661971830986,0.0045068514562601,-0.0003606020281561,-0.0003392310002671
2005-12-30,1580.0,1610.0,1559.0,1575.0,71100.0,1575.0,1580.8,1569.0,1542.32,1331.3466666666666,1138.04,False,False,False,False,False,False,True,True,False,True,False,0.0222222222222222,-0.0857142857142857,,,0.0207492063492063,0.1547005291005291,-0.0679365079365079,-0.073015873015873,0.0040259987381195,-0.0360101975780752,1318.0,1148.0,1.67688679245283,0.0044608122827946,-4.603917346546714e-05,1.3892030158565471e-05
2006-01-04,1624.0,1643.0,1604.0,1629.0,50600.0,1629.0,1588.4,1576.2,1550.4,1337.6,1141.12,False,False,False,False,False,False,True,True,False,False,False,-0.0116635972989564,-0.0632289748311847,,,0.0482504604051564,0.1788827501534684,-0.0871700429711479,-0.0896255371393492,0.0046750398724082,-0.0453622636721228,1334.0,1137.0,0.7116736990154712,0.0052115583075336,0.0007507460247389,0.0006490411342887
2006-01-05,1631.0,1635.0,1615.0,1620.0,51200.0,1620.0,1599.2,1583.8,1558.12,1343.6933333333334,1143.995,False,False,False,False,False,False,True,True,False,True,False,-0.0222222222222222,-0.0882716049382716,,,0.0381975308641975,0.1705596707818929,-0.0438271604938271,-0.128395061728395,0.0045347648769065,-0.05928778886223,1329.0,1115.0,1.0118577075098814,0.0049546889841602,-0.0002568693233733,-0.0001402749955017
2006-01-06,1621.0,1640.0,1616.0,1626.0,54500.0,1626.0,1604.4,1590.6,1565.6,1349.8133333333333,1146.865,False,False,False,False,False,False,True,True,False,True,False,0.002460024600246,-0.1420664206642066,,,0.0371463714637146,0.1698564985649857,-0.1002460024600246,-0.1285362853628536,0.0045339602512939,-0.0708537658745126,1375.0,1068.0,1.064453125,0.0047777210015329,-0.0001769679826272,-8.04625612617349e-07
2006-01-10,1639.0,1642.0,1619.0,1620.0,80200.0,1620.0,1614.0,1597.3,1572.24,1356.013333333333,1149.665,False,False,False,False,False,False,True,True,False,True,False,-0.0518518518518518,-0.1141975308641975,,,0.0294814814814814,0.1629547325102882,-0.0716049382716049,-0.15,0.0045722264284518,-0.0822012145495523,1420.0,1083.0,1.471559633027523,0.0042232738004376,-0.0005544472010953,3.8266177157971794e-05
2006-01-11,1620.0,1633.0,1580.0,1610.0,84200.0,1610.0,1621.0,1600.9,1576.72,1362.16,1152.435,False,False,False,False,False,False,True,True,False,True,False,-0.1055900621118012,-0.1006211180124223,,,0.0206708074534161,0.1539378881987577,-0.0832298136645962,-0.0788819875776397,0.0045124410250389,-0.0858891873321256,1428.0,1114.0,1.0498753117206985,0.0028413415191029,-0.0013819322813346,-5.978540341299802e-05
2006-01-12,1600.0,1618.0,1595.0,1610.0,43600.0,1610.0,1617.2,1602.8,1576.72,1368.253333333333,1155.285,False,False,False,False,False,False,False,True,False,True,False,-0.0521739130434782,-0.0838509316770186,,,0.0206708074534161,0.1501532091097309,-0.1074534161490683,-0.0378881987577639,0.0044533663356686,-0.0851010731220363,1475.0,1111.0,0.517814726840855,0.0,-0.0028413415191029,-5.90746893702936e-05
2006-01-13,1580.0,1610.0,1571.0,1584.0,107800.0,1584.0,1610.0,1604.6,1577.4,1373.6266666666668,1158.005,False,False,False,False,False,False,True,True,False,False,False,-0.067550505050505,-0.043560606060606,,,0.0041666666666666,0.1328114478114477,-0.1066919191919191,-0.0296717171717171,0.0039117858321526,-0.0825750965972828,1473.0,1117.0,2.4724770642201834,0.000431089134018,0.000431089134018,-0.000541580503516
2006-01-16,1585.0,1680.0,1581.0,1630.0,120500.0,1630.0,1610.8,1607.6,1579.28,1379.76,1160.98,False,False,False,False,False,False,True,True,True,False,False,-0.1441717791411043,-0.0680981595092024,,,0.0311165644171779,0.153521472392638,-0.1773006134969325,-0.0552147239263803,0.0044452175257531,-0.0819233640209006,1413.0,1135.0,1.1178107606679035,0.00119041588572,0.0007593267517019,0.0005334316936005
2006-01-17,1600.0,1620.0,1527.0,1536.0,69300.0,1536.0,1594.0,1604.0,1578.36,1384.506666666667,1163.575,False,False,False,False,False,False,False,True,False,True,False,-0.0657552083333333,-0.025390625,,,-0.0275781249999999,0.098628472222222,-0.1171875,0.0286458333333333,0.0034284173423989,-0.0749376558603491,1379.0,1121.0,0.575103734439834,-0.0005828834993284,-0.0017732993850484,-0.0010168001833542
2006-01-18,1536.0,1550.0,1358.0,1440.0,159600.0,1440.0,1560.0,1590.5,1572.8,1387.32,1165.615,False,False,False,False,False,False,False,True,False,True,False,0.0055555555555555,0.0173611111111111,,,-0.0922222222222221,0.0365833333333333,-0.0659722222222222,0.0972222222222222,0.0020278907053405,-0.0595410248349575,1364.0,1112.0,2.303030303030303,-0.0035350966429297,-0.0029522131436013,-0.0014005266370583
2006-01-19,1400.0,1549.0,1391.0,1526.0,136900.0,1526.0,1543.2,1580.2,1571.48,1391.6266666666668,1168.03,False,False,False,False,False,False,False,True,False,False,False,-0.0334207077326343,-0.0432503276539973,,,-0.0298034076015727,0.0880559196155525,-0.0963302752293578,0.0209698558322411,0.0030946997278964,-0.0486647259840527,1384.0,1103.0,0.8577694235588973,-0.0008399725099905,0.0026951241329392,0.0010668090225559
2006-01-20,1526.0,1550.0,1450.0,1477.0,101700.0,1477.0,1521.8,1565.9,1567.72,1395.6533333333334,1170.175,False,False,False,False,False,False,False,True,False,True,False,0.0257278266756939,-0.0074475287745429,,,-0.0614218009478673,0.055075603701196,0.0054163845633039,0.0392687880839539,0.0028851481743317,-0.0321221023053836,1412.0,1112.0,0.7428780131482834,-0.0023983874671497,-0.0015584149571591,-0.0002095515535647
2006-01-23,1417.0,1447.0,1392.0,1395.0,128400.0,1395.0,1474.8,1542.8,1561.6,1398.6666666666667,1171.97,False,False,False,False,False,False,False,True,False,True,False,0.0888888888888888,0.0551971326164874,,,-0.1194265232974909,-0.0026284348864994,0.0451612903225806,0.1197132616487455,0.0021544327931363,-0.0082317863624578,1414.0,1095.0,1.2625368731563422,-0.0039190573770492,-0.0015206699098995,-0.0007307153811954
2006-01-24,1420.0,1457.0,1410.0,1435.0,131200.0,1435.0,1454.6,1524.3,1558.6,1402.4266666666667,1173.895,False,False,False,False,False,False,False,True,False,False,False,0.0432055749128919,0.0341463414634146,,,-0.0861324041811846,0.0226991869918698,0.0369337979094076,0.0717770034843205,0.0026810671027362,0.0143672505412321,1399.0,1100.0,1.0218068535825544,-0.0019248043115616,0.0019942530654875,0.0005266343095998
2006-01-25,1448.0,1480.0,1429.0,1448.0,145500.0,1448.0,1456.2,1508.1,1555.04,1406.4266666666667,1175.835,False,False,False,False,False,False,False,True,False,True,False,0.0117403314917127,0.0138121546961325,,,-0.0739226519337016,0.0287108655616942,-0.0006906077348066,0.0545580110497237,0.00284408714283,0.0281811550958159,1403.0,1106.0,1.1089939024390243,-0.0022893301780018,-0.0003645258664401,0.0001630200400938
2006-01-26,1456.0,1503.0,1452.0,1475.0,104200.0,1475.0,1446.0,1494.6,1551.76,1410.9333333333334,1177.885,False,False,False,False,False,False,False,True,False,False,False,-0.0101694915254237,0.0081355932203389,,,-0.0520406779661016,0.0434350282485875,-0.0515254237288135,0.0352542372881355,0.0031941031941031,0.0359962531781079,1427.0,1138.0,0.7161512027491409,-0.0021137289271536,0.0001756012508481,0.0003500160512731
2006-01-27,1490.0,1520.0,1490.0,1515.0,100800.0,1515.0,1453.6,1487.7,1550.6,1416.2666666666669,1180.09,False,False,False,False,False,False,False,True,False,False,False,-0.0323432343234323,0.0224422442244224,,,-0.0234983498349834,0.065170517051705,-0.0567656765676567,-0.0178217821782178,0.0037657691583506,0.0375075620084694,1427.0,1165.0,0.9673704414587332,-0.000748097510641,0.0013656314165125,0.0005716659642475
2006-01-30,1545.0,1558.0,1515.0,1519.0,128600.0,1519.0,1478.4,1476.6,1549.04,1422.28,1182.32,False,False,False,False,False,False,False,True,False,True,False,-0.0309414088215931,-0.0368663594470046,,,-0.0197761685319288,0.0636734693877551,-0.0566161948650427,-0.0078999341672152,0.0042279532393994,0.0430719219829338,1439.0,1210.0,1.2757936507936507,-0.001007075349894,-0.0002589778392529,0.0004621840810487
2006-01-31,1469.0,1530.0,1452.0,1497.0,180500.0,1497.0,1490.8,1472.7,1546.8,1427.8,1184.415,False,False,False,False,False,False,False,True,False,True,False,-0.0086840347361389,0.0046760187040748,,,-0.0332665330661322,0.0462257849031396,-0.0554442217768871,-0.0160320641282565,0.0038660876873511,0.0385686154681876,1454.0,1276.0,1.4035769828926905,-0.0014481510214636,-0.0004410756715695,-0.0003618655520483
2006-02-01,1498.0,1509.0,1454.0,1465.0,105700.0,1465.0,1494.2,1475.2,1542.44,1432.48,1186.39,False,False,False,False,False,False,False,True,False,True,False,0.0020477815699658,0.0075085324232081,,,-0.0528600682593857,0.02219795221843,-0.0197952218430034,-0.0088737201365187,0.0032670613202279,0.0281317787418655,1498.0,1318.0,0.585595567867036,-0.0028266901791965,-0.0013785391577328,-0.0005990263671232
2006-02-02,1466.0,1488.0,1432.0,1460.0,150700.0,1460.0,1491.2,1468.6,1537.2,1437.1333333333334,1188.315,False,False,False,False,False,False,False,True,False,True,False,0.0184931506849315,-0.0157534246575342,,,-0.0528767123287671,0.0156621004566209,-0.0034246575342465,-0.0027397260273972,0.0032379273553834,0.0258068909165191,1610.0,1334.0,1.4257332071901607,-0.0034087952120739,-0.0005821050328773,-2.913396484443805e-05
2006-02-03,1431.0,1480.0,1431.0,1466.0,58800.0,1466.0,1481.4,1467.5,1533.2,1441.7866666666666,1190.34,False,False,False,False,False,False,False,True,False,False,False,0.0566166439290586,-0.0347885402455661,,,-0.0458390177353342,0.0165165984538426,0.0068212824010914,0.0013642564802182,0.0032274770192537,0.0220102214650766,1567.0,1329.0,0.3901791639017916,-0.0026089225150013,0.0007998726970726,-1.0450336129670928e-05
2006-02-06,1471.0,1480.0,1446.0,1472.0,78800.0,1472.0,1472.0,1475.2,1528.08,1446.28,1192.505,False,False,False,False,False,False,False,True,False,True,True,-0.0061141304347826,-0.0889945652173913,,,-0.0380978260869564,0.0174728260869565,0.0163043478260869,0.0027173913043478,0.0031068211780107,0.0108459869848156,1583.0,1375.0,1.3401360544217686,-0.0033506099157112,-0.0007416874007099,-0.000120655841243
2006-02-07,1484.0,1514.0,1471.0,1484.0,73100.0,1484.0,1469.4,1480.1,1524.56,1451.12,1194.685,False,False,False,False,False,False,False,True,False,False,False,0.013477088948787,-0.0862533692722372,,,-0.0273315363881401,0.022156334231806,0.0141509433962264,-0.0141509433962264,0.0033353547604608,0.002432268089994,1559.0,1420.0,0.9276649746192892,-0.0023088628850291,0.0010417470306821,0.0002285335824501
2006-02-08,1484.0,1510.0,1466.0,1468.0,106200.0,1468.0,1470.0,1482.1,1520.28,1455.8666666666666,1196.855,False,False,False,False,False,False,False,True,False,True,False,0.0054495912806539,-0.0837874659400545,,,-0.0356130790190735,0.0082652134423252,0.0122615803814713,0.0006811989100817,0.003260371828922,-0.0028338168814518,1579.0,1428.0,1.4528043775649797,-0.0028152708711552,-0.0005064079861261,-7.498293153876444e-05
2006-02-09,1500.0,1530.0,1481.0,1487.0,121100.0,1487.0,1475.4,1483.3,1514.6,1460.986666666667,1199.235,False,False,False,False,False,False,False,True,False,True,False,-0.0336247478143913,-0.0726294552790854,,,-0.0185608607935439,0.0174938354629005,-0.0100874243443174,-0.0470746469401479,0.0035044809900161,-0.0110564282343422,1559.0,1475.0,1.14030131826742,-0.0037501650600819,-0.0009348941889266,0.000244109161094
2006-02-10,1567.0,1567.0,1508.0,1549.0,320000.0,1549.0,1492.0,1486.7,1511.76,1466.8133333333333,1202.165,False,False,False,False,True,False,False,True,False,False,True,-0.0865074241446094,-0.0413169786959328,,,0.0240413169786959,0.0530578868086938,-0.0329244673983215,-0.0826339573918657,0.003972330039723,-0.0178247124503934,1571.0,1473.0,2.642444260941371,-0.0018786050695877,0.0018715599904942,0.0004678490497069
2006-02-13,1469.0,1512.0,1400.0,1463.0,158400.0,1463.0,1490.2,1481.1,1505.24,1471.72,1204.53,False,False,False,False,False,False,False,True,False,True,False,-0.0833902939166097,-0.0034176349965823,,,-0.0288721804511278,-0.0059603554340396,0.0273410799726589,-0.0225563909774436,0.0033339675119362,-0.0193099723178717,1548.0,1413.0,0.495,-0.0043315351704711,-0.0024529301008834,-0.0006383625277868
2006-02-14,1440.0,1525.0,1440.0,1504.0,136000.0,1504.0,1494.2,1481.8,1500.6,1477.1066666666666,1207.095,False,False,False,False,False,False,False,True,False,False,False,-0.0984042553191489,-0.0106382978723404,,,0.0022606382978724,0.0178812056737589,-0.0046542553191489,-0.0598404255319149,0.0036467689085869,-0.0237548926980699,1510.0,1379.0,0.8585858585858586,-0.0030920964947355,0.0012394386757356,0.0003128013966507
2006-02-15,1499.0,1503.0,1449.0,1476.0,145200.0,1476.0,1495.8,1482.9,1495.24,1482.04,1209.63,False,False,False,False,False,False,False,True,False,True,False,-0.0887533875338753,-0.0196476964769647,,,-0.0130352303523035,-0.0040921409214091,0.0033875338753387,-0.0745257452574525,0.0033287450631112,-0.0302785083282757,1537.0,1364.0,1.0676470588235294,-0.003584708809288,-0.0004926123145525,-0.0003180238454757
2006-02-16,1459.0,1475.0,1422.0,1437.0,112800.0,1437.0,1485.8,1480.6,1488.32,1486.0266666666666,1211.87,False,False,False,False,False,False,False,True,False,True,False,-0.0403618649965205,-0.0264439805149617,,,-0.0357132915796798,-0.0341173741591277,0.0201809324982602,-0.0723729993041057,0.0026827692638983,-0.0370795623395919,1557.0,1384.0,0.7768595041322314,-0.0046495377338207,-0.0010648289245326,-0.0006459757992128
2006-02-17,1437.0,1460.0,1411.0,1415.0,107000.0,1415.0,1459.0,1475.5,1481.56,1489.36,1214.05,False,False,True,False,False,False,False,True,False,False,False,0.0494699646643109,0.0098939929328621,,,-0.0470388692579504,-0.0525512367491165,0.0395759717314487,-0.0770318021201413,0.0022380977959212,-0.044730599796679,1544.0,1412.0,0.948581560283688,-0.0045627581738167,8.677956000395157e-05,-0.0004446714679771
2006-02-20,1370.0,1385.0,1329.0,1341.0,104800.0,1341.0,1434.6,1462.4,1470.0,1491.1066666666666,1215.85,False,False,False,False,False,False,False,True,False,True,False,0.087248322147651,0.0686055182699478,,,-0.0961968680089485,-0.1119363658960973,0.1021625652498135,-0.0134228187919463,0.0011713894825319,-0.0466356673960613,1558.0,1414.0,0.9794392523364486,-0.0078639455782312,-0.0033011874044144,-0.0010667083133892
2006-02-21,1301.0,1377.0,1301.0,1356.0,109400.0,1356.0,1405.0,1449.6,1462.8,1492.1733333333334,1217.665,False,False,False,False,False,False,False,True,False,False,False,0.0973451327433628,0.0427728613569321,,,-0.0787610619469026,-0.1004228121927237,0.131268436578171,0.0221238938053097,0.0007148409925568,-0.0435292494481235,1553.0,1399.0,1.0438931297709924,-0.0049220672682526,0.0029418783099785,-0.0004565484899751
2006-02-22,1365.0,1378.0,1331.0,1345.0,93500.0,1345.0,1378.8,1437.3,1459.0,1492.5333333333333,1219.44,False,False,False,False,False,False,False,True,False,False,False,0.0758364312267658,0.0676579925650557,,,-0.0847583643122676,-0.1096902106567533,0.137546468401487,0.0,0.0002412006432016,-0.0439713351422807,1574.0,1403.0,0.8546617915904936,-0.002604523646333,0.0023175436219196,-0.0004736403493551
2006-02-23,1325.0,1400.0,1312.0,1379.0,221600.0,1379.0,1367.2,1426.5,1453.12,1493.1333333333334,1221.44,False,False,False,False,False,False,False,True,False,True,False,0.0145032632342277,0.0551124002900652,,,-0.0537490935460477,-0.0827652888566594,0.1124002900652646,-0.0384336475707034,0.0004018395320802,-0.0431125131440588,1591.0,1427.0,2.370053475935829,-0.0040464655362255,-0.0014419418898925,0.0001606388888786
2006-02-24,1399.0,1514.0,1359.0,1485.0,259200.0,1485.0,1381.2,1420.1,1453.44,1495.2133333333334,1223.895,False,False,False,False,True,False,True,True,False,False,False,-0.0377104377104377,-0.006060606060606,,,0.0212525252525252,-0.0068776655443322,0.0821548821548821,-0.0983164983164983,0.0013911058399692,-0.0445743257517076,1566.0,1427.0,1.1696750902527075,0.0002201673271687,0.0042666328633943,0.0009892663078889
2006-02-27,1480.0,1500.0,1435.0,1458.0,172900.0,1458.0,1404.6,1419.6,1455.96,1496.32,1226.225,False,False,False,False,False,False,True,True,True,False,False,-0.0171467764060356,0.0260631001371742,,,0.0013991769547324,-0.0262825788751714,0.0685871056241426,-0.0603566529492455,0.0007395922440831,-0.0484643561566638,1600.0,1439.0,0.6670524691358025,0.0017308167806807,0.001510649453512,-0.000651513595886
2006-02-28,1459.0,1510.0,1428.0,1488.0,172500.0,1488.0,1431.0,1418.0,1458.08,1497.2266666666667,1228.715,False,False,False,False,False,False,True,True,False,True,False,-0.0497311827956989,0.0114247311827957,,,0.0201075268817204,-0.0062007168458781,0.0376344086021505,-0.0961021505376344,0.000605564065116,-0.0522566995768687,1572.0,1454.0,0.9976865240023136,0.0014539668605288,-0.0002768499201519,-0.0001340281789671
2006-03-01,1440.0,1467.0,1417.0,1447.0,136300.0,1447.0,1451.4,1415.1,1458.04,1497.48,1231.085,False,False,False,False,False,False,False,True,False,True,False,-0.0076019350380096,0.0269523151347615,,,-0.0076295784381478,-0.0348859709744298,0.0753282653766413,-0.0463026952315134,0.0001691730996963,-0.0493251360327891,1575.0,1498.0,0.7901449275362319,-2.743408959971168e-05,-0.0014814009501285,-0.0004363909654196
2006-03-02,1427.0,1450.0,1370.0,1399.0,120000.0,1399.0,1455.4,1411.3,1455.0,1496.4666666666667,1233.275,False,False,False,False,False,False,False,False,False,True,False,0.0400285918513223,0.0521801286633309,,,-0.0400285918513223,-0.0696688110555158,0.1157969978556111,-0.0114367405289492,-0.0006771506214638,-0.0432225607595833,1629.0,1610.0,0.880410858400587,-0.0020893470790377,-0.002061912989438,-0.0008463237211602
2006-03-03,1388.0,1434.0,1380.0,1429.0,84100.0,1429.0,1444.2,1412.7,1451.56,1495.88,1235.64,False,False,False,False,False,False,False,False,False,True,False,0.0328901329601119,0.0482855143456962,,,-0.0157872638208537,-0.0468019594121764,0.0916724982505248,-0.0034989503149055,-0.0003921883217013,-0.0358179372832166,1620.0,1567.0,0.7008333333333333,-0.00236986414616,-0.0002805170671222,0.0002849622997625
2006-03-06,1430.0,1445.0,1409.0,1433.0,89400.0,1433.0,1439.2,1421.9,1448.12,1496.1466666666668,1238.04,False,False,False,False,False,False,False,True,False,True,True,0.043963712491277,0.0488485694347522,,,-0.0105512909979064,-0.0440660618748546,0.0725750174459176,-0.0404745289602233,0.0001782356453467,-0.0383993248470357,1626.0,1583.0,1.0630202140309155,-0.0023754937436124,-5.629597452414849e-06,0.000570423967048
2006-03-07,1413.0,1448.0,1411.0,1414.0,77800.0,1414.0,1424.4,1427.7,1444.8,1496.6133333333332,1240.525,False,False,False,False,False,False,False,True,False,False,False,0.0643564356435643,0.0586987270155587,,,-0.0217821782178217,-0.0584252710985383,0.0579915134370579,-0.0318246110325318,0.0003118151203605,-0.0434965328850599,1620.0,1559.0,0.8702460850111857,-0.002297895902547,7.759784106542433e-05,0.0001335794750138
2006-03-08,1414.0,1458.0,1405.0,1436.0,89600.0,1436.0,1422.2,1436.8,1443.64,1497.5733333333333,1243.1,False,False,False,False,False,False,False,True,False,False,False,0.0348189415041782,0.0313370473537604,,,-0.0053203342618385,-0.042878365831012,0.0508356545961002,-0.0633704735376044,0.0006410370555031,-0.049554565701559,1610.0,1579.0,1.1516709511568124,-0.0008035244243716,0.0014943714781753,0.0003292219351426
2006-03-09,1436.0,1459.0,1424.0,1455.0,128100.0,1455.0,1433.4,1444.4,1443.44,1498.52,1245.62,False,False,False,False,True,False,False,True,False,False,False,0.0116838487972508,0.0075601374570446,,,0.0079450171821305,-0.0299106529209621,0.0439862542955326,-0.0934707903780068,0.0006317344224079,-0.0550401550816948,1610.0,1559.0,1.4296875,-0.0001385578894862,0.0006649665348853,-9.30263309523009e-06
2006-03-10,1435.0,1483.0,1422.0,1476.0,135400.0,1476.0,1442.8,1443.5,1443.84,1499.3733333333332,1248.155,False,False,False,False,False,False,True,True,False,False,False,0.0149051490514905,-0.0033875338753387,,,0.0217886178861789,-0.0158355916892501,0.002710027100271,-0.0772357723577235,0.000569126657359,-0.0528576376861793,1584.0,1571.0,1.0569867291178767,0.0002770390070921,0.0004155968965783,-6.260776504890748e-05
2006-03-13,1505.0,1520.0,1478.0,1496.0,159900.0,1496.0,1455.4,1447.3,1444.8,1500.4666666666667,1250.765,False,False,False,False,False,False,True,True,False,False,True,0.0046791443850267,-0.0120320855614973,,,0.0342245989304813,-0.0029857397504456,0.0040106951871657,-0.0608288770053475,0.0007286621939841,-0.052926138326539,1630.0,1548.0,1.1809453471196456,0.0006644518272425,0.0003874128201504,0.0001595355366251
2006-03-14,1476.0,1511.0,1460.0,1505.0,108700.0,1505.0,1473.6,1449.0,1445.64,1501.88,1253.385,False,False,False,False,False,False,True,True,False,True,False,-0.0053156146179402,0.0192691029900332,,,0.0394418604651162,0.0020730897009966,-0.0026578073089701,-0.0777408637873754,0.0009410427819355,-0.0510697032436162,1536.0,1510.0,0.6797998749218261,0.000581057524695,-8.339430254750472e-05,0.0002123805879513
2006-03-15,1490.0,1503.0,1475.0,1486.0,85600.0,1486.0,1483.6,1452.9,1446.36,1502.986666666667,1255.94,False,False,False,False,False,False,True,True,False,True,False,-0.003364737550471,0.0296096904441453,,,0.0266756393001346,-0.0114311350381338,-0.0174966352624495,-0.0296096904441453,0.000736311699372,-0.0493495767086516,1440.0,1537.0,0.7874885004599816,0.0004978013772503,-8.32561474447066e-05,-0.0002047310825635
2006-03-16,1471.0,1492.0,1453.0,1472.0,50300.0,1472.0,1487.0,1460.2,1445.76,1503.5866666666666,1258.505,False,False,False,False,False,False,False,True,False,True,False,-0.0040760869565217,0.0421195652173913,,,0.0178260869565217,-0.0214583333333332,0.0074728260869565,-0.0360054347826086,0.0003990458370649,-0.0516367620873853,1526.0,1557.0,0.5876168224299065,-0.0004150066401061,-0.0009128080173565,-0.000337265862307
2006-03-17,1467.0,1500.0,1431.0,1498.0,69100.0,1498.0,1491.4,1467.1,1443.72,1504.5333333333333,1261.25,False,False,False,False,False,False,False,True,False,True,False,-0.0180240320427236,0.0727636849132176,,,0.0362349799732977,-0.0043613707165108,-0.0574098798397863,-0.0801068090787717,0.0006292095001772,-0.0592324994887873,1477.0,1544.0,1.3737574552683898,-0.0014130163743661,-0.00099800973426,0.0002301636631123
2006-03-20,1478.0,1517.0,1460.0,1503.0,115800.0,1503.0,1492.8,1474.1,1445.32,1505.3866666666668,1264.02,False,False,False,False,False,False,True,True,True,False,False,-0.0166333998669328,0.0365934797072521,,,0.0383765801729874,-0.0015879352406299,-0.0572188955422488,-0.0871590153027278,0.0005668532558634,-0.0639033986839426,1395.0,1558.0,1.6758321273516643,0.001107021282484,0.0025200376568502,-6.235624431379734e-05
2006-03-22,1488.0,1521.0,1480.0,1497.0,173800.0,1497.0,1491.2,1482.4,1445.04,1505.96,1266.615,False,False,False,False,False,False,False,True,False,True,False,0.0247160988643954,0.0313961255845023,,,0.0347094188376753,-0.0059853039412157,-0.0801603206412825,-0.0935203740814963,0.0003807095363311,-0.069954128440367,1435.0,1553.0,1.5008635578583764,-0.0001937662625255,-0.0013007875450096,-0.0001861437195323
2006-03-23,1517.0,1529.0,1481.0,1481.0,95000.0,1481.0,1490.2,1486.9,1445.24,1505.7333333333331,1269.07,False,False,False,False,False,False,True,False,False,False,False,0.0330857528696826,0.050641458474004,,,0.0241458474004051,-0.0167004276389825,0.0013504388926401,-0.1033085752869682,-0.0001505357300984,-0.0739121662519336,1448.0,1574.0,0.5466052934407365,0.0001383853200852,0.0003321515826108,-0.0005312452664296
2006-03-24,1497.0,1508.0,1461.0,1466.0,69600.0,1466.0,1489.0,1488.0,1446.4,1503.8133333333333,1271.435,False,False,False,False,False,False,True,False,False,False,False,0.0463847203274215,0.0648021828103683,,,0.013369713506139,-0.0257935425193269,0.0566166439290586,-0.0961800818553888,-0.0012767542070823,-0.0741935483870968,1475.0,1591.0,0.7326315789473684,0.0008019911504425,0.0006636058303572,-0.0011262184769838
2006-03-27,1480.0,1488.0,1461.0,1471.0,91600.0,1471.0,1483.6,1487.5,1448.64,1502.5333333333333,1273.98,False,False,False,False,False,False,True,False,True,False,False,0.0924541128484024,0.0605030591434398,,,0.0152005438477225,-0.0214366644006344,0.044867437117607,-0.1148878314072059,-0.0008518945780459,-0.0779159663865546,1515.0,1566.0,1.3160919540229885,0.0015462778882262,0.0007442867377836,0.0004248596290363
2006-03-28,1471.0,1484.0,1463.0,1478.0,54300.0,1478.0,1478.6,1485.7,1454.12,1501.1333333333334,1276.595,False,False,False,False,False,False,True,False,False,False,False,0.054127198917456,0.0399188092016238,,,0.0161569688768606,-0.0156517816869644,0.0419485791610284,-0.1305818673883626,-0.0009326286805523,-0.0848758161136165,1519.0,1600.0,0.5927947598253275,0.0037686023161773,0.0022223244279511,-8.07341025064319e-05
2006-03-29,1496.0,1550.0,1483.0,1534.0,103500.0,1534.0,1486.0,1488.6,1461.24,1500.8,1279.51,False,False,False,False,False,False,True,False,False,False,False,0.0065189048239895,-0.0247718383311603,,,0.0474315514993481,0.0216427640156454,0.029986962190352,-0.1916558018252933,-0.0002221037668799,-0.0966008329974472,1497.0,1572.0,1.9060773480662985,0.0048725739782651,0.0011039716620877,0.0007105249136723
2006-03-30,1519.0,1549.0,1513.0,1530.0,82600.0,1530.0,1495.8,1493.0,1468.64,1500.1466666666668,1282.415,False,False,False,False,False,False,True,False,False,False,False,0.0169934640522875,-0.0137254901960784,,,0.0401045751633986,0.019511982570806,0.0326797385620915,-0.2065359477124183,-0.0004355129720648,-0.1145344943067649,1465.0,1575.0,0.7980676328502415,0.0050386752369539,0.0001661012586888,-0.0002134092051848
2006-03-31,1550.0,1555.0,1522.0,1534.0,92100.0,1534.0,1509.4,1499.2,1474.84,1499.8133333333333,1285.385,False,False,False,False,False,False,True,False,False,True,False,0.0176010430247718,-0.0097783572359843,,,0.0385658409387223,0.0222859626249457,0.0156453715775749,-0.1642764015645371,-0.0002222498799851,-0.1273345784418357,1460.0,1629.0,1.1150121065375302,0.0042038458409046,-0.0008348293960493,0.0002132630920796
2006-04-03,1571.0,1629.0,1571.0,1607.0,189500.0,1607.0,1536.6,1510.1,1479.72,1500.2933333333333,1288.74,False,False,False,False,False,False,True,True,False,True,False,-0.029247044181705,-0.0790292470441817,,,0.0792034847542003,0.0664011615847334,-0.044803982576229,-0.1835718730553827,0.0003199374344572,-0.1380041056883649,1466.0,1620.0,2.0575461454940283,0.0032979212283405,-0.000905924612564,0.0005421873144424
2006-04-04,1588.0,1599.0,1553.0,1558.0,132400.0,1558.0,1552.6,1515.6,1483.72,1500.4266666666667,1291.85,False,False,False,False,False,False,True,True,False,True,False,-0.0134788189987163,-0.0359435173299101,,,0.0476765083440307,0.0369533590072742,0.0025673940949935,-0.1437740693196405,8.88636121281765e-05,-0.1436394827131168,1472.0,1626.0,0.6986807387862797,0.0026959264551263,-0.0006019947732142,-0.000231073822329
2006-04-05,1550.0,1584.0,1536.0,1544.0,79500.0,1544.0,1554.6,1520.3,1485.96,1500.88,1294.945,False,False,False,False,False,False,True,True,False,True,False,-0.0310880829015544,-0.0278497409326424,,,0.0375906735751295,0.0279274611398963,-0.0038860103626943,-0.1534974093264248,0.0003020450224757,-0.1495757416299413,1484.0,1620.0,0.600453172205438,0.0015074429998115,-0.0011884834553147,0.0002131814103475
2006-04-06,1575.0,1598.0,1552.0,1556.0,94000.0,1556.0,1559.8,1527.8,1490.32,1501.1333333333334,1298.105,False,False,False,False,False,False,True,True,False,False,False,-0.0302056555269922,-0.0616966580976863,,,0.0422107969151671,0.0352613538988859,-0.018637532133676,-0.1690231362467866,0.0001687613802904,-0.1560413666710301,1468.0,1610.0,1.1823899371069182,0.0029255461914219,0.0014181031916103,-0.0001332836421852
2006-04-07,1586.0,1592.0,1540.0,1561.0,119100.0,1561.0,1565.2,1537.3,1496.8,1501.1866666666667,1301.27,False,False,False,False,False,False,True,True,False,False,False,-0.0269058295964125,-0.0499679692504804,,,0.0411274823830877,0.0383173179585735,-0.0217809096732863,-0.1684817424727738,3.5527449395556955e-05,-0.1630130748715279,1487.0,1610.0,1.2670212765957447,0.0043292357028327,0.0014036895114108,-0.0001332339308948
2006-04-10,1538.0,1578.0,1538.0,1560.0,95500.0,1560.0,1555.8,1546.2,1502.04,1501.4,1304.395,True,True,False,False,False,False,True,True,False,True,False,-0.0512820512820512,-0.0948717948717948,,,0.0371538461538461,0.0375641025641025,-0.0461538461538461,-0.1705128205128205,0.0001420896052573,-0.1683482085111886,1549.0,1584.0,0.8018471872376155,0.0034885888524939,-0.0008406468503387,0.0001065621558617
2006-04-11,1561.0,1565.0,1515.0,1537.0,59100.0,1537.0,1551.6,1552.1,1506.2,1501.12,1307.305,False,False,False,False,False,False,True,False,False,True,False,-0.0227716330513988,-0.0780741704619388,,,0.0200390370852309,0.0233441769681197,-0.0195185426154847,-0.1541964866623292,-0.0001865273928801,-0.1705431351072739,1463.0,1630.0,0.618848167539267,0.0027619174080467,-0.0007266714444471,-0.0003286169981374
2006-04-12,1535.0,1540.0,1483.0,1496.0,57400.0,1496.0,1542.0,1548.3,1509.48,1500.36,1310.03,False,False,False,False,False,False,True,False,False,True,False,0.0033422459893048,-0.0795454545454545,,,-0.0090106951871657,-0.0029144385026737,-0.0153743315508021,-0.1524064171122994,-0.0005065450958436,-0.1666989601498417,1504.0,1536.0,0.9712351945854484,0.0021729337255213,-0.0005889836825254,-0.0003200177029635
2006-04-13,1516.0,1524.0,1493.0,1509.0,46300.0,1509.0,1532.6,1546.2,1512.4,1499.493333333333,1312.78,False,False,False,False,False,False,True,False,False,True,False,-0.0324718356527501,-0.0172299536116633,,,-0.0022531477799868,0.006299977910316,-0.0377733598409542,-0.1636845593108018,-0.0005779730042148,-0.1624628120553615,1476.0,1440.0,0.8066202090592335,0.0019307061623909,-0.0002422275631304,-7.142790837117981e-05
2006-04-14,1524.0,1524.0,1491.0,1519.0,48000.0,1519.0,1524.2,1544.7,1514.96,1498.5333333333333,1315.525,False,False,False,False,False,False,True,False,False,True,False,-0.0236998025016458,0.0197498354180381,,,0.0026596445029624,0.0134737766074171,-0.0414746543778801,-0.173798551678736,-0.0006406263902481,-0.1633974234479187,1437.0,1526.0,1.0367170626349893,0.001689813592438,-0.0002408925699529,-6.265338603327736e-05
2006-04-17,1519.0,1519.0,1477.0,1480.0,45400.0,1480.0,1508.2,1532.0,1515.12,1497.3866666666668,1318.055,False,False,False,False,False,False,True,False,False,True,False,-0.0459459459459459,0.0385135135135135,,,-0.0237297297297296,-0.0117477477477478,-0.0081081081081081,-0.1344594594594594,-0.0007657786009402,-0.158485639686684,1415.0,1477.0,0.9458333333333332,0.0001056021965255,-0.0015842113959124,-0.0001251522106921
2006-04-18,1462.0,1510.0,1443.0,1502.0,65800.0,1502.0,1501.2,1526.4,1515.36,1496.08,1320.67,False,False,False,False,False,False,True,False,False,False,False,-0.0565912117177097,0.0252996005326231,,,-0.0088948069241011,0.0039414114513981,-0.0173102529960053,-0.1764314247669773,-0.000873393579666,-0.1617531446540881,1341.0,1395.0,1.449339207048458,0.0001583782071587,5.2776010633109286e-05,-0.0001076149787258
2006-04-19,1515.0,1516.0,1491.0,1501.0,95100.0,1501.0,1502.2,1522.1,1515.2,1495.1333333333334,1323.205,False,False,False,False,False,False,False,False,False,True,False,-0.0826115922718187,0.0526315789473684,,,-0.0094603597601599,0.0039085054408171,-0.0253164556962025,-0.1665556295802798,-0.0006331653810138,-0.1630641876355034,1356.0,1435.0,1.445288753799392,-0.000105596620908,-0.0002639748280667,0.0002402281986522
2006-04-20,1472.0,1489.0,1450.0,1460.0,135400.0,1460.0,1492.4,1512.5,1514.16,1493.6,1325.45,False,False,False,False,False,False,False,False,False,True,False,0.0157534246575342,0.0821917808219178,,,-0.0370958904109589,-0.0230136986301369,0.0061643835616438,-0.1438356164383561,-0.00102660239243,-0.1605950413223141,1345.0,1448.0,1.423764458464774,-0.0006868494742959,-0.0005812528533879,-0.0003934370114162
2006-04-21,1456.0,1499.0,1456.0,1483.0,128000.0,1483.0,1485.2,1504.7,1514.6,1491.6533333333334,1327.875,False,False,False,False,False,False,True,False,False,False,False,0.0445043830074173,0.0505731625084288,,,-0.0213081591368846,-0.005835019105417,-0.0445043830074173,-0.1409305461901551,-0.0013050395981191,-0.1578387718482089,1379.0,1475.0,0.9453471196454948,0.0002905057440907,0.0009773552183866,-0.0002784372056891
2006-04-24,1475.0,1477.0,1409.0,1412.0,174600.0,1412.0,1471.6,1489.9,1511.16,1488.88,1329.87,False,False,False,False,False,False,False,False,False,True,False,0.0885269121813031,0.0871104815864022,,,-0.0702266288951841,-0.0544475920679887,0.0063739376770538,-0.103399433427762,-0.0018626976877473,-0.1513524397610577,1485.0,1515.0,1.3640625,-0.0022763969400988,-0.0025669026841896,-0.0005576580896281
2006-04-25,1422.0,1431.0,1408.0,1417.0,108400.0,1417.0,1454.6,1477.9,1507.72,1486.0933333333332,1331.89,False,False,False,False,False,False,False,False,False,True,False,0.086803105151729,0.1023288637967537,,,-0.0640225829216655,-0.0487602916960714,0.0091743119266055,-0.096683133380381,-0.0018751626187679,-0.1458150077813113,1458.0,1519.0,0.6208476517754868,-0.0022815907462924,-5.193806193568625e-06,-1.246493102053151e-05
2006-04-26,1403.0,1405.0,1360.0,1377.0,218800.0,1377.0,1429.8,1466.0,1502.92,1482.8533333333332,1333.75,False,False,False,False,False,False,False,False,False,True,False,0.1474219317356572,0.1169208424110384,,,-0.0914451706608569,-0.076872427983539,0.0268700072621641,-0.0849673202614379,-0.002184976711565,-0.1394270122783084,1488.0,1497.0,2.018450184501845,-0.0031937827695419,-0.0009121920232494,-0.0003098140927971
2006-04-27,1517.0,1530.0,1479.0,1483.0,524000.0,1483.0,1434.4,1463.4,1503.0,1481.16,1336.165,False,False,False,False,False,False,True,False,False,False,False,0.0654079568442346,0.0296695886716115,,,-0.0134861766689143,0.00124072825354,-0.078894133513149,-0.1287929871881321,-0.0011432480848342,-0.1358480251469182,1447.0,1465.0,2.394881170018281,5.322687957413656e-05,0.003247009649116,0.0010417286267308
2006-04-28,1499.0,1585.0,1488.0,1549.0,808600.0,1549.0,1447.6,1466.4,1506.32,1480.3466666666666,1338.88,False,False,False,False,True,False,True,False,True,False,True,0.0058102001291155,-0.0142027114267269,,,0.0275532601678502,0.044321067355283,-0.1394448030987734,-0.1652679147837314,-0.000549420856376,-0.1350245499181669,1399.0,1460.0,1.5431297709923664,0.0022040469488554,0.0021508200692813,0.0005938272284581
2006-05-01,1519.0,1572.0,1519.0,1537.0,291900.0,1537.0,1472.6,1472.1,1508.96,1479.72,1341.555,False,False,False,False,False,False,True,False,False,True,False,-0.0013012361743656,-0.0318802862719583,,,0.0182433311646063,0.0372674040338321,-0.1502927781392322,-0.1476903057905009,-0.0004235035457157,-0.1364037769173289,1429.0,1466.0,0.3609943111550828,0.0017495493584986,-0.0004544975903568,0.0001259173106603
2006-05-02,1528.0,1550.0,1510.0,1540.0,293300.0,1540.0,1497.2,1475.9,1511.44,1478.52,1344.23,False,False,False,False,False,False,True,False,False,True,False,0.0142857142857142,-0.0214285714285714,,,0.0185454545454545,0.0399220779220779,-0.1409090909090909,-0.1538961038961039,-0.000811622433244,-0.1341554305847279,1433.0,1472.0,1.0047961630695443,0.0016408193510824,-0.0001087300074162,-0.0003881188875283
2006-05-08,1540.0,1582.0,1532.0,1580.0,211800.0,1580.0,1537.8,1483.8,1513.28,1479.1066666666666,1347.12,False,False,False,False,False,False,True,True,False,True,False,-0.0265822784810126,-0.0677215189873417,,,0.0422278481012658,0.0638565400843882,-0.1227848101265822,-0.180379746835443,0.0003966358071988,-0.1357999730421889,1414.0,1484.0,0.722127514490283,0.0012159018820045,-0.0004249174690778,0.0012082582404429
2006-05-09,1578.0,1592.0,1565.0,1580.0,199400.0,1580.0,1557.2,1495.8,1515.28,1480.9733333333334,1349.97,False,False,False,False,False,False,True,True,False,False,False,-0.0335443037974683,-0.0810126582278481,,,0.0409620253164557,0.062675105485232,-0.1487341772151898,-0.1892405063291139,0.0012604323282886,-0.1406605161117795,1436.0,1468.0,0.9414542020774316,0.0013198880734913,0.0001039861914867,0.0008637965210897
2006-05-10,1521.0,1578.0,1521.0,1558.0,250900.0,1558.0,1559.0,1503.3,1516.24,1481.4,1352.7,False,False,False,False,False,False,True,True,False,True,False,-0.0198973042362002,-0.0654685494223363,,,0.0268035943517329,0.049165596919127,-0.1489088575096277,-0.1758664955070603,0.0002880158408712,-0.144282578327679,1455.0,1487.0,1.2582748244734203,0.0006331451485253,-0.000686742924966,-0.0009724164874173
2006-05-11,1542.0,1555.0,1530.0,1535.0,102200.0,1535.0,1558.6,1515.6,1513.36,1482.1733333333334,1355.235,False,False,False,False,False,False,False,True,False,True,False,-0.0306188925081433,-0.0436482084690553,,,0.0140977198697069,0.0344147665580889,-0.1276872964169381,-0.1713355048859934,0.0005217563397893,-0.1508313539192398,1476.0,1549.0,0.4073335990434436,-0.0019030501665169,-0.0025361953150422,0.000233740498918
2006-05-12,1505.0,1577.0,1490.0,1562.0,201300.0,1562.0,1563.0,1530.1,1513.52,1484.4,1357.975,False,False,False,False,False,False,True,True,False,False,False,-0.0352112676056338,-0.0550576184379001,,,0.0310371318822023,0.0496798975672214,-0.1229193341869398,-0.2074263764404609,0.0015000449115243,-0.1616234233056662,1496.0,1463.0,1.969667318982388,0.000105713832655,0.002008763999172,0.000978288571735
2006-05-15,1544.0,1557.0,1522.0,1538.0,155100.0,1538.0,1554.6,1546.2,1513.28,1485.7733333333333,1360.6,False,False,False,False,False,False,False,True,False,True,False,-0.042262678803641,-0.0487646293888166,,,0.0160728218465539,0.0339575205895102,-0.1254876462938881,-0.1872561768530559,0.000924322238475,-0.1709998706506274,1505.0,1504.0,0.7704918032786885,-0.0001585958976527,-0.0002643097303078,-0.0005757226730492
2006-05-16,1550.0,1568.0,1527.0,1527.0,201800.0,1527.0,1544.0,1550.6,1512.12,1486.8266666666666,1363.16,False,False,False,False,False,False,False,True,False,True,False,-0.0491159135559921,-0.0379829731499672,,,0.0097445972495089,0.0263086662300808,-0.0962671905697446,-0.1859855926653569,0.000708443934285,-0.1765123178124595,1486.0,1476.0,1.301096067053514,-0.0007671348834749,-0.0006085389858221,-0.0002158783041899
2006-05-17,1525.0,1540.0,1509.0,1527.0,183500.0,1527.0,1537.8,1548.4,1510.76,1487.52,1365.775,False,False,False,False,False,False,False,True,False,True,False,-0.0464963981663392,-0.0720366732154551,,,0.0106352324819908,0.0258546168958742,-0.0943025540275049,-0.1781270464963981,0.0004661001756839,-0.1777964350297081,1472.0,1437.0,0.9093161546085232,-0.0009002091662473,-0.0001330742827724,-0.0002423437586011
2006-05-18,1477.0,1505.0,1477.0,1488.0,211900.0,1488.0,1528.4,1543.5,1507.88,1487.16,1368.175,False,False,False,False,False,True,False,False,False,True,False,-0.0134408602150537,-0.0450268817204301,,,-0.0133602150537635,0.0005645161290322,-0.043010752688172,-0.1713709677419354,-0.0002420721374969,-0.1801749271137025,1498.0,1415.0,1.1547683923705725,-0.0019099663103163,-0.001009757144069,-0.0007081723131808
2006-05-19,1502.0,1514.0,1473.0,1507.0,151200.0,1507.0,1517.4,1540.2,1506.68,1487.0,1370.69,False,False,False,False,False,False,False,False,False,False,False,-0.0205706702057067,-0.0510948905109489,,,0.0002123424021233,0.013271400132714,-0.0875912408759124,-0.1685467816854678,-0.0001075991930061,-0.1816647188676795,1503.0,1341.0,0.7135441245870694,-0.0007964531287334,0.0011135131815829,0.0001344729444907
2006-05-22,1500.0,1510.0,1465.0,1473.0,107600.0,1473.0,1504.4,1529.5,1505.76,1486.68,1373.025,False,False,False,False,False,False,False,False,False,False,False,-0.0067888662593346,-0.0400543109300746,,,-0.0222403258655804,-0.0092871690427699,-0.0706042090970807,-0.1479972844534962,-0.0002152447063254,-0.1785550833605753,1497.0,1356.0,0.7116402116402116,-0.0006109871427053,0.000185465986028,-0.0001076455133193
2006-05-23,1459.0,1473.0,1452.0,1452.0,97400.0,1452.0,1489.4,1516.7,1503.48,1486.506666666667,1375.22,False,False,False,False,False,False,False,False,False,True,False,0.0117079889807162,-0.059228650137741,,,-0.0354545454545454,-0.0237649219467402,-0.0736914600550964,-0.1129476584022038,-0.0001166044776118,-0.1711610733830026,1481.0,1345.0,0.9052044609665428,-0.0015164817623114,-0.000905494619606,9.864022871362674e-05
2006-05-24,1432.0,1463.0,1425.0,1456.0,145700.0,1456.0,1475.2,1506.5,1500.96,1486.4533333333334,1377.265,False,False,False,False,False,False,False,False,False,True,False,-0.0267857142857142,-0.0844780219780219,,,-0.0308791208791209,-0.0209157509157509,-0.0940934065934065,-0.1153846153846153,-3.5879588102448914e-05,-0.1652837703285761,1466.0,1379.0,1.495893223819302,-0.0016789254876878,-0.0001624437253764,8.072488950938532e-05
2006-05-25,1452.0,1468.0,1436.0,1468.0,91200.0,1468.0,1471.2,1499.8,1500.48,1486.48,1379.27,False,False,False,False,False,False,False,True,False,False,False,-0.0320163487738419,-0.1103542234332425,,,-0.022125340599455,-0.0125885558583106,-0.0722070844686648,-0.1294277929155313,1.793947222071095e-05,-0.1611548206427524,1471.0,1485.0,0.6259437199725463,-0.0003198976327575,0.0013590278549303,5.3819060323159866e-05
2006-05-26,1479.0,1523.0,1460.0,1476.0,98600.0,1476.0,1465.0,1491.2,1499.44,1486.5333333333333,1381.37,False,False,False,False,False,False,False,True,False,True,False,-0.0311653116531165,-0.1036585365853658,,,-0.0158807588075881,-0.0071364046973802,-0.0481029810298102,-0.1497289972899729,3.587765718895293e-05,-0.1551770386266095,1478.0,1458.0,1.081140350877193,-0.0006935922744491,-0.0003736946416915,1.793818496824198e-05
2006-05-29,1480.0,1495.0,1456.0,1463.0,78700.0,1463.0,1463.0,1483.7,1497.92,1486.253333333333,1383.43,False,False,False,False,False,False,False,False,False,True,False,-0.0334928229665071,-0.0526315789473684,,,-0.0238687628161312,-0.0158942811574388,-0.0512645249487354,-0.1585782638414217,-0.0001883931855494,-0.1521870998180224,1534.0,1488.0,0.7981744421906694,-0.0010147404400768,-0.0003211481656277,-0.0002242708427384
2006-05-30,1473.0,1484.0,1455.0,1469.0,124200.0,1469.0,1466.4,1477.9,1498.28,1486.2666666666669,1385.565,False,False,False,False,False,False,True,True,False,False,False,-0.0701157249829816,-0.0844111640571817,,,-0.019931926480599,-0.0117540276832313,-0.0183798502382573,-0.1776718856364874,8.971023594089858e-06,-0.1512280939170444,1530.0,1447.0,1.5781448538754763,0.0002402755159248,0.0012550159560017,0.0001973642091435
2006-05-31,1450.0,1455.0,1410.0,1417.0,84300.0,1417.0,1458.6,1466.9,1495.64,1485.3333333333333,1387.425,False,False,False,False,False,False,False,False,False,True,False,-0.0592801693719124,-0.0642201834862385,,,-0.0554975299929429,-0.048223947306516,0.0014114326040931,-0.1347918136908962,-0.000628366247756,-0.1468402754107301,1534.0,1399.0,0.678743961352657,-0.0017651306464121,-0.002005406162337,-0.0006373372713501
2006-06-01,1448.0,1460.0,1418.0,1421.0,62600.0,1421.0,1449.2,1460.2,1496.0,1483.6266666666668,1389.23,False,False,False,False,False,False,True,False,False,False,False,-0.0809289232934553,-0.0577058409570724,,,-0.0527797325826882,-0.044072249589491,-0.0302603800140745,-0.1372273047149894,-0.0011503343159104,-0.1434050130119162,1607.0,1429.0,0.7425860023724793,0.0002406417112298,0.002005772357642,-0.0005219680681544
2006-06-02,1417.0,1435.0,1380.0,1430.0,117800.0,1430.0,1440.0,1452.5,1496.52,1483.1866666666667,1390.99,False,False,False,False,False,False,True,False,False,False,False,-0.0748251748251748,-0.0419580419580419,,,-0.0465174825174825,-0.0371934731934732,-0.0405594405594405,-0.144055944055944,-0.0002966585460135,-0.1408605851979345,1558.0,1433.0,1.881789137380192,0.0003474728035709,0.000106831092341,0.0008536757698968
2006-06-05,1420.0,1424.0,1389.0,1414.0,143500.0,1414.0,1430.2,1446.6,1498.0,1481.986666666667,1392.49,False,False,False,False,False,False,True,False,False,False,False,-0.0198019801980198,-0.0487977369165487,,,-0.0594059405940594,-0.0480810938236682,-0.0403111739745403,-0.144978783592645,-0.0008097238841553,-0.1405364302502419,1544.0,1414.0,1.2181663837011885,0.0009879839786381,0.0006405111750672,-0.0005130653381418
2006-06-06,1365.0,1399.0,1363.0,1366.0,228700.0,1366.0,1409.6,1438.0,1493.32,1480.52,1393.795,False,False,False,False,False,False,False,False,False,True,False,-0.0153733528550512,0.0102489019033674,,,-0.0932064421669106,-0.0838360175695461,-0.027818448023426,-0.1054172767203514,-0.0009906429272599,-0.1399860917941585,1556.0,1436.0,1.5937282229965155,-0.0031339565531835,-0.0041219405318217,-0.0001809190431045
2006-06-07,1366.0,1368.0,1325.0,1333.0,161000.0,1333.0,1392.8,1425.7,1484.68,1479.1333333333334,1394.94,False,False,False,False,False,False,False,False,False,True,False,-0.005251312828207,0.037509377344336,,,-0.1137884471117779,-0.109627406851713,-0.0060015003750937,-0.0922730682670667,-0.0009374859151754,-0.138037455285123,1561.0,1455.0,0.7039790118058592,-0.0058194358380256,-0.002685479284842,5.315701208449667e-05
2006-06-08,1300.0,1320.0,1281.0,1306.0,189200.0,1306.0,1369.8,1409.5,1475.44,1477.68,1395.97,False,False,True,False,False,False,False,False,False,True,False,0.0252679938744257,0.0903522205206738,,,-0.129739663093415,-0.1314548238897397,-0.003062787136294,-0.0834609494640122,-0.0009835237218703,-0.133877261440227,1560.0,1476.0,1.1751552795031055,-0.0062625386325435,-0.0004431027945179,-4.603780669487872e-05
2006-06-09,1298.0,1340.0,1270.0,1323.0,224600.0,1323.0,1348.4,1394.2,1466.76,1477.44,1396.995,False,False,False,False,False,False,False,False,False,False,False,0.0355253212396069,0.0393046107331821,,,-0.1086621315192743,-0.116734693877551,-0.0287226001511715,-0.0997732426303854,-0.0001624431448992,-0.128962846076603,1537.0,1496.0,1.1871035940803385,-0.0059178052305762,0.0003447334019672,0.000821080576971
2006-06-12,1363.0,1406.0,1343.0,1386.0,235700.0,1386.0,1342.8,1386.5,1459.0,1477.84,1398.375,False,False,False,False,False,False,False,True,False,False,False,-0.0295815295815295,-0.0122655122655122,,,-0.0526695526695526,-0.0662626262626262,-0.1053391053391053,-0.1096681096681096,0.0002706652952957,-0.1239091236927515,1496.0,1505.0,1.0494211932324131,-0.005318711446196,0.0005990937843802,0.000433108440195
2006-06-13,1382.0,1394.0,1342.0,1345.0,108600.0,1345.0,1338.6,1374.1,1449.6,1477.84,1399.535,False,False,False,False,False,False,False,False,False,True,False,0.0260223048327137,0.0,,,-0.0777695167286244,-0.0987657992565055,-0.0973977695167286,-0.0646840148698884,0.0,-0.1123644567353175,1509.0,1486.0,0.4607551972846839,-0.0064845474613687,-0.0011658360151726,-0.0002706652952957
2006-06-14,1305.0,1375.0,1305.0,1326.0,83600.0,1326.0,1337.2,1365.0,1440.32,1477.1333333333334,1400.645,False,False,False,False,False,False,False,False,False,False,False,0.0429864253393665,-0.0052790346907993,,,-0.0862141779788838,-0.1139768728004022,-0.033182503770739,-0.0580693815987933,-0.0004784041160805,-0.1047619047619047,1519.0,1472.0,0.7697974217311234,-0.0064430126638524,4.153479751625808e-05,-0.0004784041160805
2006-06-15,1331.0,1351.0,1307.0,1339.0,110000.0,1339.0,1343.8,1356.8,1432.48,1475.1866666666667,1401.81,False,False,False,False,False,False,False,False,False,False,False,0.063480209111277,0.017176997759522,,,-0.0698132935026139,-0.1017077420960916,-0.0201643017176997,-0.0597460791635548,-0.0013196070101863,-0.0969192216981132,1480.0,1498.0,1.3157894736842106,-0.0054730258014072,0.0009699868624451,-0.0008412028941057
2006-06-16,1395.0,1395.0,1359.0,1370.0,90800.0,1370.0,1353.2,1350.8,1424.8,1474.013333333333,1403.055,False,False,False,False,False,False,False,False,False,False,False,0.0036496350364963,0.0255474452554744,,,-0.0399999999999999,-0.0759221411192212,-0.0262773722627737,-0.0766423357664233,-0.000796012700021,-0.0898726680485637,1502.0,1503.0,0.8254545454545454,-0.0053902302077485,8.279559365879149e-05,0.0005235943101653
2006-06-19,1356.0,1371.0,1339.0,1345.0,87300.0,1345.0,1345.0,1343.9,1417.08,1472.1066666666666,1404.25,False,False,False,False,False,False,False,False,False,True,False,0.0178438661710037,0.0319702602230483,,,-0.0535910780669144,-0.0945030978934323,-0.0282527881040892,-0.0921933085501858,-0.0012951960002897,-0.0843068680705411,1501.0,1497.0,0.961453744493392,-0.0054478222824399,-5.7592074691465225e-05,-0.0004991833002687
2006-06-20,1350.0,1385.0,1346.0,1380.0,134300.0,1380.0,1352.0,1345.3,1411.2,1471.2133333333334,1405.6,False,False,False,False,False,False,False,False,False,False,False,-0.0253623188405797,0.044927536231884,,,-0.0226086956521739,-0.0660966183574879,-0.0630434782608695,-0.1057971014492753,-0.0006072085625469,-0.0843677990039396,1460.0,1481.0,1.5383734249713632,-0.0041666666666665,0.0012811556157733,0.0006879874377428
2006-06-21,1354.0,1384.0,1326.0,1383.0,149400.0,1383.0,1363.4,1350.3,1405.44,1471.0,1407.12,False,False,False,False,False,False,False,False,False,False,False,-0.0462762111352133,0.0260303687635574,,,-0.0162255965292842,-0.0636297903109183,-0.0614605929139551,-0.128705712219812,-0.00014502605937,-0.0881285640228097,1483.0,1466.0,1.112434847356664,-0.0040983606557376,6.830601092888428e-05,0.0004621825031768
2006-06-22,1373.0,1424.0,1355.0,1424.0,112900.0,1424.0,1380.4,1362.1,1402.88,1470.9333333333334,1408.89,False,False,False,False,True,False,False,False,False,False,False,-0.0435393258426966,-0.0323033707865168,,,0.0148314606741572,-0.0329588014981273,-0.0912921348314606,-0.148876404494382,-4.532269760692034e-05,-0.0949269510314954,1412.0,1471.0,0.7556894243641231,-0.0018248175182481,0.0022735431374895,9.970336176314538e-05
2006-06-23,1404.0,1404.0,1356.0,1375.0,94700.0,1375.0,1381.4,1367.3,1397.6,1470.16,1410.395,False,False,False,False,False,False,False,False,False,True,False,0.0218181818181818,-0.0021818181818181,,,-0.0164363636363635,-0.0692072727272727,-0.0545454545454545,-0.1432727272727272,-0.0005260198436451,-0.0993198273970598,1417.0,1478.0,0.8387953941541186,-0.0037779049799657,-0.0019530874617176,-0.0004806971460382
2006-06-26,1355.0,1379.0,1348.0,1369.0,74700.0,1369.0,1386.2,1365.6,1393.44,1469.56,1411.9,False,False,False,False,False,False,False,False,False,False,False,0.0138787436084733,-0.0087655222790357,,,-0.0178524470416362,-0.0734550766983199,-0.0737764791818845,-0.1453615777940102,-0.0004082854732029,-0.1028851786760398,1377.0,1534.0,0.7888067581837381,-0.0029854173843149,0.0007924875956508,0.0001177343704421
2006-06-27,1352.0,1360.0,1341.0,1345.0,74800.0,1345.0,1379.2,1365.6,1389.16,1468.3466666666666,1412.9,False,False,False,False,False,False,False,False,False,True,False,0.0721189591078066,-0.0126394052044609,,,-0.0328327137546469,-0.0917075588599751,-0.0617100371747211,-0.1271375464684014,-0.0008263262081615,-0.1090363210310485,1483.0,1530.0,1.001338688085676,-0.0030809985890753,-9.558120476042082e-05,-0.0004180407349586
2006-06-28,1325.0,1348.0,1316.0,1319.0,113700.0,1319.0,1366.4,1364.9,1383.68,1466.5333333333333,1413.635,False,False,False,False,False,False,False,False,False,True,False,0.0758150113722517,0.0045489006823351,,,-0.0490371493555724,-0.1118524134445286,-0.048521607278241,-0.1015921152388172,-0.0012364760432766,-0.1132683713092535,1549.0,1534.0,1.5200534759358288,-0.0039604532839963,-0.0008794546949209,-0.000410149835115
2006-06-29,1299.0,1387.0,1295.0,1362.0,297200.0,1362.0,1354.0,1367.2,1379.44,1465.013333333333,1414.605,False,False,False,False,False,False,False,False,False,False,False,0.0117474302496328,-0.0440528634361233,,,-0.0128046989720998,-0.0756338717572196,-0.0594713656387665,-0.1395007342143906,-0.0010375332192654,-0.1211234640140433,1537.0,1607.0,2.613896218117854,-0.0030737110711593,0.0008867422128369,0.0001989428240111
2006-06-30,1343.0,1413.0,1339.0,1405.0,240600.0,1405.0,1360.0,1370.7,1376.6,1463.8,1415.785,False,False,False,False,True,False,False,False,False,False,False,-0.0234875444839857,-0.0854092526690391,,,0.0202135231316726,-0.0418505338078291,-0.1195729537366548,-0.1637010676156583,-0.0008288928359974,-0.1299336105639455,1540.0,1558.0,0.8095558546433378,-0.0020630539009154,0.0010106571702439,0.0002086403832679
2006-07-03,1399.0,1402.0,1383.0,1388.0,56500.0,1388.0,1363.8,1375.0,1373.6,1462.24,1416.86,False,False,False,False,False,False,False,False,False,True,False,-0.0223342939481268,-0.1066282420749279,,,0.0103746397694525,-0.0534870317002881,-0.0987031700288184,-0.154178674351585,-0.0010668563300141,-0.1360727272727272,1580.0,1544.0,0.2348295926849543,-0.0021840419336051,-0.0001209880326897,-0.0002379634940166
2006-07-04,1377.0,1447.0,1377.0,1442.0,176000.0,1442.0,1383.2,1381.2,1372.52,1461.6533333333334,1418.205,False,False,False,False,False,False,False,False,False,False,False,-0.0790568654646324,-0.1581137309292649,,,0.0481830790568654,-0.0136292186777624,-0.1331484049930651,-0.1941747572815534,-0.0004013719623439,-0.1451636258326093,1580.0,1556.0,3.1150442477876106,-0.000786873779617,0.0013971681539881,0.0006654843676702
2006-07-05,1430.0,1430.0,1393.0,1419.0,151500.0,1419.0,1403.2,1384.8,1372.6,1460.9466666666667,1419.5,False,False,False,False,False,False,True,False,False,False,False,-0.0662438336856941,-0.0965468639887244,,,0.0326990838618746,-0.0295607235142119,-0.102184637068358,-0.1599718111346018,-0.0004837046298747,-0.148324667822068,1558.0,1561.0,0.8607954545454546,5.828354946810961e-05,0.0008451573290851,-8.23326675307618e-05
2006-07-06,1400.0,1400.0,1357.0,1378.0,172300.0,1378.0,1406.4,1380.2,1370.88,1459.3466666666666,1420.575,False,False,False,False,False,False,False,False,False,True,False,-0.0551523947750362,-0.0478955007256894,,,0.0051669085631348,-0.0590324141267536,-0.081277213352685,-0.1313497822931785,-0.0010963810289536,-0.1465729604405158,1535.0,1560.0,1.1372937293729373,-0.0012546685340801,-0.0013129520835482,-0.0006126763990789
2006-07-07,1370.0,1391.0,1360.0,1372.0,85700.0,1372.0,1399.8,1379.9,1368.56,1457.6,1421.6,False,False,False,False,False,False,False,False,False,True,False,-0.0634110787172011,-0.0276967930029154,,,0.0025072886297376,-0.0623906705539357,-0.0670553935860058,-0.1399416909620991,-0.0011983168679107,-0.1462424813392276,1562.0,1537.0,0.4973882762623331,-0.0016952124861169,-0.0004405439520367,-0.000101935838957
2006-07-10,1332.0,1358.0,1323.0,1357.0,101600.0,1357.0,1393.6,1378.7,1366.28,1455.7333333333331,1422.61,False,False,False,False,False,True,False,False,False,False,False,-0.086219602063375,-0.0368459837877671,,,-0.0068386145910095,-0.072758535986244,-0.0714812085482682,-0.0935887988209285,-0.0012822861329914,-0.1411474577500545,1538.0,1496.0,1.1855309218203034,-0.0016687648212664,2.644766485042924e-05,-8.39692650807509e-05
2006-07-11,1340.0,1344.0,1317.0,1328.0,84600.0,1328.0,1370.8,1377.0,1364.76,1453.6933333333334,1423.505,False,False,False,False,False,False,False,False,False,False,False,-0.0858433734939759,-0.0263554216867469,,,-0.0276807228915662,-0.09464859437751,-0.0271084337349397,-0.0436746987951807,-0.0014033221128709,-0.133115468409586,1527.0,1509.0,0.8326771653543307,-0.0011137489375421,0.0005550158837243,-0.0001210359798794
2006-07-12,1328.0,1367.0,1301.0,1325.0,112200.0,1325.0,1352.0,1377.6,1364.44,1451.8133333333333,1424.365,False,False,False,False,False,False,False,False,False,False,False,-0.0324528301886792,-0.020377358490566,,,-0.0297660377358491,-0.0957081761006288,-0.0241509433962264,-0.0671698113207547,-0.0012949323145308,-0.1297909407665505,1527.0,1519.0,1.326241134751773,-0.0002345284512326,0.0008792204863094,0.00010838979834
2006-07-13,1301.0,1313.0,1293.0,1302.0,60700.0,1302.0,1336.8,1371.6,1364.28,1449.56,1424.97,False,False,False,False,False,False,False,False,False,False,False,0.0076804915514592,-0.0061443932411674,,,-0.0478341013824884,-0.1133333333333332,0.0061443932411674,-0.0122887864823348,-0.0015544946972414,-0.1176727909011372,1488.0,1480.0,0.5409982174688057,-0.0001172779781277,0.0001172504731049,-0.0002595623827105
2006-07-14,1299.0,1300.0,1281.0,1285.0,85800.0,1285.0,1319.4,1359.6,1362.76,1446.986666666667,1425.545,False,False,False,False,False,False,False,False,False,True,False,0.0381322957198443,0.0116731517509727,,,-0.0605136186770427,-0.1260596627756162,0.0140077821011673,0.0583657587548638,-0.001778408462644,-0.0962783171521034,1507.0,1502.0,1.413509060955519,-0.0011153834864539,-0.0009981055083262,-0.0002239137654025
2006-07-18,1284.0,1284.0,1233.0,1240.0,102400.0,1240.0,1296.0,1344.8,1356.92,1443.0666666666666,1425.845,False,False,False,False,False,False,False,False,False,True,False,0.0540322580645161,0.0225806451612903,,,-0.0942903225806452,-0.163763440860215,0.0443548387096774,0.1120967741935483,-0.0027164372170379,-0.0710886377156453,1473.0,1501.0,1.1934731934731937,-0.0043038646346136,-0.0031884811481596,-0.0009380287543939
2006-07-19,1236.0,1261.0,1192.0,1214.0,114800.0,1214.0,1273.2,1322.0,1351.68,1438.8533333333332,1425.77,False,False,False,False,False,False,False,False,False,False,False,0.0650741350906095,0.0395387149917627,,,-0.1134102141680395,-0.1852169137836352,0.0551894563426688,0.1087314662273476,-0.0029282576866764,-0.0411497730711044,1452.0,1460.0,1.12109375,-0.0038766571969697,0.0004272074376439,-0.0002118204696384
2006-07-20,1250.0,1286.0,1250.0,1282.0,94600.0,1282.0,1264.6,1308.3,1349.92,1435.493333333333,1426.165,False,False,False,False,False,False,False,False,False,False,False,0.0124804992199688,-0.0210608424336973,,,-0.0529797191887676,-0.1197295891835671,0.0015600624024961,0.0343213728549142,-0.0023406587282421,-0.0208667736757624,1456.0,1483.0,0.8240418118466899,-0.0013037809647979,0.0025728762321717,0.0005875989584342
2006-07-21,1302.0,1330.0,1298.0,1312.0,159700.0,1312.0,1266.6,1301.7,1348.84,1431.56,1426.85,False,False,False,False,False,False,False,False,False,False,False,-0.0137195121951219,-0.0236280487804878,,,-0.0280792682926828,-0.0911280487804877,-0.0304878048780487,-0.0060975609756097,-0.0027475853847084,-0.007682261657832,1468.0,1412.0,1.6881606765327697,-0.0008006879985766,0.0005030929662212,-0.0004069266564662
2006-07-24,1312.0,1341.0,1299.0,1334.0,192300.0,1334.0,1276.4,1297.9,1347.4,1428.5733333333333,1427.675,False,False,False,False,False,False,False,False,False,True,False,-0.025487256371814,-0.0727136431784108,,,-0.0100449775112444,-0.0708945527236381,-0.0719640179910044,-0.0194902548725637,-0.0020906638791148,0.0050851375298558,1476.0,1417.0,1.2041327489041953,-0.0010687249517588,-0.0002680369531821,0.0006569215055935
2006-07-25,1349.0,1349.0,1291.0,1307.0,85800.0,1307.0,1289.8,1292.9,1345.88,1425.4133333333334,1428.445,False,False,False,False,False,False,False,False,False,True,False,-0.0298393267023718,-0.0428462127008416,,,-0.0297475133894415,-0.0905993369038511,-0.043611323641928,-0.016832440703902,-0.0022169008287653,0.0132260809033953,1463.0,1377.0,0.4461778471138845,-0.0011293726037982,-6.064765203942987e-05,-0.0001262369496505
2006-07-26,1317.0,1322.0,1290.0,1293.0,43700.0,1293.0,1305.6,1289.4,1342.4,1421.9066666666668,1429.17,False,False,False,False,False,False,False,False,False,True,False,-0.0239752513534416,-0.0332559938128383,,,-0.0382057231245167,-0.0996957978860531,-0.0386697602474864,-0.034029389017788,-0.0024661721819528,0.0143477586474329,1469.0,1483.0,0.5093240093240093,-0.0025923718712753,-0.001462999267477,-0.0002492713531875
2006-07-27,1281.0,1313.0,1281.0,1298.0,50500.0,1298.0,1308.8,1286.7,1339.0,1418.4,1429.975,False,False,False,False,False,False,False,False,False,False,False,-0.0331278890600924,-0.0184899845916795,,,-0.0315870570107858,-0.0927580893682589,-0.0331278890600924,-0.0023112480739599,-0.0024722692235382,0.0210616305277064,1417.0,1549.0,1.1556064073226544,-0.0025392083644511,5.316350682418999e-05,-6.097041585388392e-06
2006-07-28,1288.0,1300.0,1267.0,1294.0,79000.0,1294.0,1305.2,1285.9,1333.8,1414.8533333333332,1430.87,False,False,False,False,False,False,False,False,False,True,False,-0.0100463678516228,-0.0216383307573415,,,-0.0307573415765069,-0.093395157135497,-0.0471406491499227,-0.0154559505409582,-0.0025067380364514,0.0207636674702541,1421.0,1537.0,1.5643564356435644,-0.0038986354775828,-0.0013594271131317,-3.446881291323993e-05
2006-07-31,1276.0,1306.0,1276.0,1300.0,95900.0,1300.0,1298.4,1287.4,1330.8,1411.6933333333334,1432.03,False,False,False,False,False,False,False,False,False,False,False,-0.0484615384615384,-0.0153846153846153,,,-0.0236923076923076,-0.0859179487179487,-0.0361538461538461,-0.0138461538461538,-0.0022384464992395,0.0135156128631348,1430.0,1540.0,1.2139240506329114,-0.0022542831379621,0.0016443523396207,0.0002682915372119
2006-08-01,1294.0,1294.0,1261.0,1268.0,122900.0,1268.0,1290.6,1290.2,1326.76,1408.6533333333334,1432.955,False,False,False,False,False,False,False,False,False,True,False,-0.0134069400630914,-0.0063091482649842,,,-0.0463406940063091,-0.110925341745531,-0.0102523659305993,-0.0189274447949526,-0.0021580895228539,0.0008525809951944,1414.0,1580.0,1.2815432742440045,-0.0030450119087099,-0.0007907287707477,8.035697638562791e-05
2006-08-02,1258.0,1264.0,1236.0,1262.0,127800.0,1262.0,1284.4,1295.0,1323.44,1405.36,1433.695,False,False,False,False,False,False,False,False,False,False,False,-0.0095087163232963,0.0237717908082408,,,-0.0486846275752773,-0.1135974643423137,0.0206022187004754,-0.0507131537242472,-0.0023434090434717,-0.0142857142857142,1366.0,1580.0,1.0398698128559805,-0.0025086139152511,0.0005363979934587,-0.0001853195206178
2006-08-03,1262.0,1272.0,1244.0,1255.0,101000.0,1255.0,1275.8,1292.3,1320.88,1401.84,1434.415,False,False,False,False,False,False,False,False,False,False,False,0.0151394422310756,0.0302788844621513,,,-0.0524940239043825,-0.1170039840637449,0.0262948207171314,-0.050199203187251,-0.002510985561833,-0.0225953725915035,1333.0,1558.0,0.7902973395931142,-0.0019381018714795,0.0005705120437715,-0.0001675765183612
2006-08-04,1248.0,1294.0,1248.0,1281.0,116200.0,1281.0,1273.2,1289.2,1317.64,1399.1866666666667,1435.235,False,False,False,False,False,False,False,False,False,True,False,-0.0117096018735363,0.0226385636221701,,,-0.0286026541764247,-0.0922612542284673,-0.0023419203747072,-0.0429352068696331,-0.0018963397783473,-0.0262953769779709,1306.0,1535.0,1.1504950495049504,-0.0024589417443307,-0.0005208398728512,0.0006146457834856
2006-08-07,1264.0,1276.0,1236.0,1237.0,127200.0,1237.0,1260.6,1279.5,1310.92,1395.6533333333334,1435.745,False,False,False,False,False,False,False,False,False,True,False,0.0347615198059822,0.0533548908649959,,,-0.0597574777687955,-0.1282565346267853,0.0145513338722716,-0.0161681487469684,-0.0025316697556221,-0.0260257913247361,1323.0,1562.0,1.0946643717728055,-0.0051261709333903,-0.0026672291890595,-0.0006353299772748
2006-08-08,1232.0,1267.0,1230.0,1251.0,97400.0,1251.0,1257.2,1273.9,1305.44,1392.32,1436.395,False,False,False,False,False,False,False,False,False,False,False,0.0071942446043165,0.035171862509992,,,-0.0435171862509992,-0.1129656274980015,-0.0159872102318145,-0.0127897681854516,-0.0023940856508083,-0.0256692048041447,1386.0,1538.0,0.7657232704402516,-0.0041978183600931,0.0009283525732971,0.0001375841048138
2006-08-09,1260.0,1260.0,1215.0,1250.0,97500.0,1250.0,1254.8,1269.6,1297.76,1389.52,1437.085,False,False,False,False,False,False,False,False,False,True,False,0.0336,0.0248,,,-0.0382079999999999,-0.1116159999999999,-0.0336,0.0,-0.0020150843456732,-0.0222904851921864,1345.0,1527.0,1.0010266940451746,-0.0059178892861546,-0.0017200709260614,0.000379001305135
2006-08-10,1249.0,1292.0,1245.0,1274.0,251400.0,1274.0,1258.6,1267.2,1291.96,1386.7333333333331,1437.94,False,False,False,False,False,False,False,False,False,False,False,0.0149136577708006,0.0078492935635792,,,-0.0140973312401884,-0.0884877027734168,-0.0376766091051805,0.0086342229199372,-0.002009518773136,-0.0212279040404041,1326.0,1527.0,2.5784615384615384,-0.0044893030743985,0.0014285862117561,5.565572537246256e-06
2006-08-11,1254.0,1285.0,1254.0,1266.0,107900.0,1266.0,1255.6,1264.4,1287.48,1384.7866666666666,1438.71,False,False,False,False,False,False,False,False,False,False,False,0.0347551342812006,0.0047393364928909,,,-0.0169668246445497,-0.0938283307003685,-0.0315955766192733,0.0608214849921011,-0.0014057520291932,-0.0136032900980702,1339.0,1488.0,0.4291964996022275,-0.0034796657035449,0.0010096373708536,0.0006037667439427
2006-08-14,1271.0,1285.0,1261.0,1280.0,41000.0,1280.0,1264.2,1262.4,1283.8,1382.96,1439.635,False,False,False,False,False,False,False,False,False,False,False,0.01796875,-0.0328125,,,-0.0029687499999999,-0.0804375,-0.04375,0.0546875,-0.0013208383949402,-0.0066539923954373,1370.0,1507.0,0.3799814643188137,-0.0028664901074934,0.0006131755960514,8.49136342530258e-05
2006-08-15,1270.0,1282.0,1258.0,1260.0,113300.0,1260.0,1266.0,1261.6,1279.92,1381.4,1440.435,False,False,False,False,False,False,False,False,False,True,False,0.0277777777777777,-0.0079365079365079,,,-0.0158095238095238,-0.0963492063492064,-0.0404761904761904,0.0619047619047619,-0.0011292891269725,0.0014267596702601,1345.0,1473.0,2.7634146341463413,-0.0030314394649664,-0.000164949357473,0.0001915492679676
2006-08-16,1280.0,1298.0,1272.0,1292.0,188800.0,1292.0,1274.4,1264.6,1278.48,1378.8533333333332,1441.365,False,False,False,False,True,False,False,False,False,False,True,-0.0085139318885448,-0.0379256965944272,,,0.0104643962848297,-0.0672239422084622,-0.0541795665634674,0.054953560371517,-0.0018469452878721,0.0120986873319628,1380.0,1452.0,1.6663724624889673,-0.0011263375258119,0.0019051019391545,-0.0007176561608995
2006-08-17,1300.0,1314.0,1285.0,1293.0,59300.0,1293.0,1278.2,1268.4,1277.2,1375.44,1442.14,False,False,False,False,False,False,False,False,False,False,False,-0.0069605568445475,-0.0293890177880897,,,0.0122196442382056,-0.0637587006960557,-0.0641918020108275,0.0448569218870843,-0.0024816301207854,0.0216020182907599,1383.0,1456.0,0.3140889830508475,-0.0010021922956467,0.0001241452301652,-0.0006346848329133
2006-08-18,1290.0,1320.0,1275.0,1310.0,129100.0,1310.0,1287.0,1271.3,1277.52,1372.4133333333334,1442.865,False,False,False,False,False,False,True,False,False,False,False,-0.0290076335877862,-0.0587786259541984,,,0.024793893129771,-0.0476437659033079,-0.0862595419847328,0.0396946564885496,-0.0022053608728176,0.0299693227405019,1424.0,1468.0,2.177065767284992,0.0002504853152983,0.001252677610945,0.0002762692479677
2006-08-21,1310.0,1314.0,1290.0,1303.0,60700.0,1303.0,1291.6,1277.9,1278.24,1369.253333333333,1443.33,False,False,False,False,False,False,True,False,False,False,False,-0.0498848810437452,-0.0383729854182655,,,0.019002302379125,-0.0508467638782295,-0.0859554873369148,0.0621642363775901,-0.0023078271369313,0.0377181313091789,1375.0,1476.0,0.4701781564678544,0.0005632745024408,0.0003127891871425,-0.0001024662641136
2006-08-22,1307.0,1307.0,1280.0,1295.0,58200.0,1295.0,1298.6,1282.3,1280.44,1365.4533333333334,1443.425,False,False,False,False,False,False,True,False,True,False,False,-0.0347490347490347,-0.0308880308880308,,,0.0112432432432432,-0.0544041184041184,-0.0471042471042471,0.0818532818532818,-0.0027829585290353,0.0471028620447633,1369.0,1463.0,0.9588138385502472,0.0017181593827122,0.0011548848802713,-0.000475131392104
2006-08-23,1285.0,1300.0,1277.0,1281.0,63200.0,1281.0,1296.4,1285.4,1283.12,1361.4666666666667,1443.24,False,False,False,False,False,False,True,False,False,False,False,-0.0296643247462919,0.0054644808743169,,,-0.001654957064793,-0.062815508717148,-0.0179547228727556,0.087431693989071,-0.0029282146704534,0.0557025050567915,1345.0,1469.0,1.085910652920962,0.0020886588939458,0.0003704995112336,-0.0001452561414181
2006-08-24,1281.0,1288.0,1263.0,1284.0,47900.0,1284.0,1294.6,1286.4,1283.2,1357.8133333333333,1442.99,False,False,False,False,False,False,True,False,False,True,False,-0.0225856697819314,0.0031152647975077,,,0.0006230529595015,-0.0574870197300103,-0.0272585669781931,0.0926791277258567,-0.0026906005734711,0.064054726368159,1319.0,1417.0,0.7579113924050633,6.234413965099331e-05,-0.0020263147542948,0.0002376140969823
2006-08-25,1264.0,1289.0,1264.0,1272.0,47100.0,1272.0,1287.0,1287.0,1281.6,1354.3066666666666,1442.705,False,False,False,False,False,False,False,False,False,True,False,-0.0306603773584905,0.0047169811320754,,,-0.0075471698113206,-0.0647064989517819,-0.0102201257861635,0.0959119496855346,-0.0025892707707756,0.0675213675213675,1362.0,1421.0,0.9832985386221296,-0.0012484394506867,-0.0013107835903377,0.0001013298026954
2006-08-28,1273.0,1281.0,1236.0,1238.0,84900.0,1238.0,1274.0,1282.8,1277.76,1349.986666666667,1442.02,False,False,False,False,False,False,False,False,False,True,False,0.0121163166397415,0.0137318255250403,,,-0.0321163166397415,-0.0904577275175015,0.0218093699515347,0.1308562197092084,-0.0032000316052502,0.0749142500779545,1405.0,1430.0,1.802547770700637,-0.0030052592036062,-0.0017568197529194,-0.0006107608344745
2006-08-29,1262.0,1271.0,1245.0,1250.0,60900.0,1250.0,1265.0,1281.8,1275.48,1346.1466666666668,1441.17,False,False,False,False,False,False,False,False,False,False,False,0.004,-0.0152,,,-0.020384,-0.0769173333333334,-0.0232,0.1152,-0.0028525866423669,0.0801217038539554,1388.0,1414.0,0.7173144876325088,-0.0017875623294759,0.0012176968741303,0.0003474449628832
2006-08-30,1261.0,1268.0,1238.0,1243.0,47500.0,1243.0,1257.4,1276.9,1273.48,1342.36,1440.245,False,False,False,False,False,False,False,False,False,False,False,0.0362027353177795,-0.0281576830249396,,,-0.024521319388576,-0.0799356395816572,-0.0072405470635559,0.0917135961383749,-0.0028209024901418,0.0837966951209961,1442.0,1366.0,0.7799671592775042,-0.001570499733015,0.0002170625964608,3.16841522250773e-05
2006-08-31,1240.0,1263.0,1231.0,1255.0,65300.0,1255.0,1251.6,1273.1,1271.76,1338.7333333333331,1439.145,False,False,False,False,False,False,False,False,False,False,False,0.0262948207171314,-0.0231075697211155,,,-0.0133545816733067,-0.0667197875166001,-0.0398406374501992,0.1067729083665338,-0.0027090284348389,0.0900164951692719,1419.0,1333.0,1.3747368421052633,-0.0013524564383217,0.0002180432946933,0.0001118740553028
2006-09-01,1240.0,1250.0,1231.0,1233.0,85600.0,1233.0,1243.8,1265.4,1269.32,1335.3333333333333,1437.945,False,False,False,False,False,False,False,False,False,True,False,0.0364963503649635,-0.0056772100567721,,,-0.029456609894566,-0.0829954041632873,-0.0170316301703163,0.1305758313057583,-0.0025461807289065,0.0991781254939149,1378.0,1306.0,1.310872894333844,-0.0019222890996754,-0.0005698326613537,0.0001628477059324
2006-09-04,1249.0,1259.0,1245.0,1253.0,103800.0,1253.0,1246.8,1260.4,1267.44,1331.9466666666667,1437.145,False,False,False,False,False,False,False,False,False,False,False,0.0015961691939345,-0.023144453312051,,,-0.0115243415802075,-0.0630061186485767,-0.0598563447725458,0.140462889066241,-0.002542644350124,0.1071088543319581,1372.0,1323.0,1.2126168224299063,-0.0014833049296218,0.0004389841700536,3.536378782502056e-06
2006-09-05,1255.0,1268.0,1242.0,1255.0,57100.0,1255.0,1247.8,1256.4,1266.92,1329.04,1436.525,False,False,False,False,False,False,False,False,False,False,False,-0.0191235059760956,-0.0366533864541832,,,-0.0094980079681275,-0.0589960159362549,-0.0677290836653386,0.1195219123505976,-0.0021870422761292,0.1109519261381724,1357.0,1386.0,0.5500963391136802,-0.000410444226944,0.0010728607026777,0.0003556020739948
2006-09-06,1250.0,1291.0,1250.0,1288.0,162700.0,1288.0,1256.8,1257.1,1267.96,1326.8533333333332,1436.145,False,False,False,False,True,False,True,False,False,False,False,-0.062111801242236,-0.0512422360248447,,,0.01555900621118,-0.0301656314699792,-0.0885093167701863,0.1017080745341614,-0.0016480093253211,0.1124015591440618,1328.0,1345.0,2.84938704028021,0.0008202151487428,0.0012306593756869,0.000539032950808
2006-09-07,1328.0,1328.0,1275.0,1288.0,198500.0,1288.0,1263.4,1257.5,1269.28,1324.6133333333332,1435.665,False,False,False,False,False,False,True,False,False,False,False,-0.0481366459627329,-0.0605590062111801,,,0.0145341614906832,-0.0284265010351966,-0.0799689440993788,0.093167701863354,-0.0016910595293217,0.1124453280318092,1325.0,1326.0,1.2200368776889985,0.0010399596621706,0.0002197445134277,-4.305020400066748e-05
2006-09-08,1280.0,1285.0,1266.0,1278.0,155600.0,1278.0,1272.4,1258.1,1269.16,1322.08,1434.995,False,False,False,False,False,False,False,False,False,True,False,-0.0406885758998435,-0.0633802816901408,,,0.0069170579029733,-0.0344913928012519,-0.082942097026604,0.1118935837245696,-0.001916172495865,0.1140608854622049,1302.0,1339.0,0.7838790931989924,-9.455072646466232e-05,-0.0011345103886352,-0.0002251129665433
2006-09-11,1279.0,1288.0,1255.0,1255.0,77700.0,1255.0,1272.8,1259.8,1269.88,1319.1333333333334,1434.2,False,False,False,False,False,False,True,False,False,False,False,-0.0247011952191235,-0.0509960159362549,,,-0.0118565737051793,-0.0511022576361222,-0.0637450199203187,0.1290836653386454,-0.0022337898620304,0.1139069693602159,1285.0,1370.0,0.4993573264781491,0.0005669827070274,0.0006615334334921,-0.0003176173661654
2006-09-12,1255.0,1257.0,1221.0,1231.0,131200.0,1231.0,1268.0,1257.9,1269.08,1316.04,1433.36,False,False,False,False,False,False,False,False,False,True,False,-0.0178716490658001,0.0024370430544272,,,-0.0309341998375304,-0.0690820471161657,-0.0463038180341186,0.1649065800162469,-0.0023504858008369,0.1187693775339851,1240.0,1345.0,1.6885456885456886,-0.0006303779115581,-0.0011973606185855,-0.0001166959388064
2006-09-13,1249.0,1249.0,1208.0,1208.0,68000.0,1208.0,1252.0,1254.4,1267.4,1312.56,1432.385,False,False,False,False,False,False,False,False,False,True,False,0.0115894039735099,0.0413907284768211,,,-0.0491721854304636,-0.0865562913907284,-0.0380794701986755,0.1771523178807947,-0.002651307368806,0.1270727040816325,1214.0,1380.0,0.5182926829268293,-0.0013255483667349,-0.0006951704551767,-0.000300821567969
2006-09-14,1228.0,1234.0,1217.0,1226.0,53600.0,1226.0,1239.6,1251.5,1265.48,1310.013333333333,1431.38,False,False,False,False,False,False,False,False,False,True,False,-0.0130505709624796,0.0187601957585644,,,-0.0322022838499184,-0.0685263730288198,-0.0277324632952691,0.16557911908646,-0.0019440005699688,0.1328805433479823,1282.0,1383.0,0.788235294117647,-0.0015172108607011,-0.0001916624939662,0.0007073067988371
2006-09-15,1233.0,1240.0,1214.0,1226.0,64600.0,1226.0,1229.2,1250.8,1263.88,1307.4133333333334,1430.375,False,False,False,False,False,False,False,False,False,False,False,-0.0236541598694942,0.0269168026101141,,,-0.0308972267536705,-0.0664056552474171,-0.0236541598694942,0.1476345840130505,-0.0019886595414862,0.1345538855132714,1312.0,1424.0,1.205223880597015,-0.0012659429692691,0.0002512678914319,-4.465897151735912e-05
2006-09-19,1231.0,1232.0,1215.0,1224.0,83900.0,1224.0,1223.0,1247.9,1261.64,1304.6666666666667,1429.3,False,False,False,False,False,False,False,False,False,True,False,-0.0269607843137254,0.0334967320261437,,,-0.0307516339869281,-0.0659041394335512,-0.0359477124183006,0.136437908496732,-0.0021052631578947,0.1341453642118758,1334.0,1375.0,1.2987616099071206,-0.0017754668526679,-0.0005095238833988,-0.0001166036164084
2006-09-20,1210.0,1218.0,1204.0,1209.0,96000.0,1209.0,1218.6,1243.3,1259.6,1301.9333333333334,1428.075,False,False,False,False,False,False,False,False,False,False,False,0.0206782464846981,0.009925558312655,,,-0.0418527708850288,-0.0768679349324511,0.0173697270471464,0.1397849462365591,-0.0020994418557017,0.1361698705059116,1307.0,1369.0,1.1442193087008343,-0.00161956176564,0.0001559050870279,5.821302192950389e-06
2006-09-21,1209.0,1236.0,1201.0,1222.0,94000.0,1222.0,1221.4,1236.7,1256.8,1300.013333333333,1426.695,False,False,False,False,False,False,False,False,False,True,False,0.0294599018003273,0.0098199672667757,,,-0.0284779050736497,-0.0638406983087832,0.0392798690671031,0.1685761047463175,-0.0014769079291496,0.1429611061696449,1293.0,1345.0,0.9791666666666666,-0.0022278803309993,-0.0006083185653592,0.0006225339265521
2006-09-22,1205.0,1219.0,1204.0,1210.0,62900.0,1210.0,1218.2,1228.9,1253.48,1298.3733333333332,1424.695,False,False,False,False,False,False,False,False,False,True,False,0.0322314049586776,-0.0041322314049586,,,-0.0359338842975206,-0.0730358126721762,0.0214876033057851,0.1933884297520661,-0.0012631189796462,0.1531450891040766,1298.0,1319.0,0.6691489361702128,-0.0026486262245906,-0.0004207458935913,0.0002137889495034
2006-09-25,1200.0,1209.0,1160.0,1197.0,125500.0,1197.0,1212.4,1220.8,1248.96,1296.92,1422.845,False,False,False,False,False,False,False,False,False,True,False,0.0517961570593149,0.012531328320802,,,-0.0434085213032581,-0.0834753550543024,0.0743525480367585,0.2063492063492063,-0.0011206036866831,0.1626802096985584,1294.0,1362.0,1.9952305246422888,-0.0036190110171662,-0.0009703847925755,0.000142515292963
2006-09-26,1200.0,1202.0,1125.0,1191.0,97700.0,1191.0,1205.8,1214.4,1244.48,1295.16,1420.885,False,False,False,False,False,False,False,False,False,False,False,0.0621326616288832,-0.0109151973131822,,,-0.0449034424853064,-0.087455919395466,0.1418975650713686,0.2048698572628043,-0.0013589054634176,0.1702898550724637,1300.0,1405.0,0.7784860557768924,-0.0035998971457958,1.911387137041881e-05,-0.0002383017767344
2006-09-27,1196.0,1237.0,1195.0,1234.0,109600.0,1234.0,1210.8,1214.7,1242.04,1293.1333333333334,1419.26,False,False,False,False,False,False,False,False,False,False,False,-0.0105348460291734,-0.0518638573743922,,,-0.0065153970826579,-0.0479200432198812,0.1175040518638573,0.1636952998379254,-0.0015672526679383,0.1701654729562855,1268.0,1388.0,1.1218014329580348,-0.0019645099996779,0.0016353871461178,-0.0002083472045206
2006-09-28,1240.0,1266.0,1223.0,1258.0,125200.0,1258.0,1218.0,1219.7,1241.12,1291.9733333333334,1417.655,False,False,False,False,True,False,False,False,False,False,True,-0.0190779014308426,-0.0667726550079491,,,0.0134181240063593,-0.0270058293587705,0.0699523052464228,0.1422893481717011,-0.0008978513488411,0.1665983438550463,1262.0,1442.0,1.1423357664233578,-0.0007412659533325,0.0012232440463454,0.0006694013190972
2006-09-29,1259.0,1267.0,1238.0,1249.0,67600.0,1249.0,1225.8,1222.0,1239.72,1290.9466666666667,1416.105,False,False,False,False,False,False,False,False,False,True,False,-0.0352281825460368,-0.0512409927942353,,,0.0074299439551641,-0.0335842006938884,0.0616493194555644,0.1345076060848679,-0.0007952820152652,0.1634206219312602,1255.0,1419.0,0.5399361022364217,-0.001129287258413,-0.0003880213050805,0.0001025693335758
2006-10-02,1266.0,1268.0,1247.0,1259.0,46900.0,1259.0,1238.2,1225.3,1239.2,1289.88,1414.545,False,False,False,False,False,False,False,False,False,False,False,-0.0373312152501985,-0.0691024622716441,,,0.0157267672756155,-0.024527402700556,0.0357426528991262,0.1318506751389992,-0.0008269503106231,0.1617563045784706,1281.0,1378.0,0.6937869822485208,-0.0004196255648805,0.0007096616935325,-3.166829535789883e-05
2006-10-03,1246.0,1269.0,1227.0,1265.0,77100.0,1265.0,1253.0,1229.4,1240.28,1288.48,1413.13,False,False,False,False,False,False,True,False,False,False,False,-0.0687747035573122,-0.0711462450592885,,,0.0195415019762846,-0.0185612648221344,0.03399209486166,0.1438735177865612,-0.0010865515956786,0.162436961119245,1237.0,1372.0,1.6439232409381663,0.0008707711161995,0.00129039668108,-0.0002596012850555
2006-10-04,1253.0,1264.0,1213.0,1221.0,100600.0,1221.0,1250.4,1230.6,1239.12,1286.8266666666666,1411.685,False,False,False,False,False,True,False,False,False,True,False,-0.0417690417690417,-0.0384930384930384,,,-0.0148402948402947,-0.0539120939120938,0.0524160524160524,0.1924651924651924,-0.0012848143236074,0.1676418007476029,1251.0,1357.0,1.304798962386511,-0.0009361482342308,-0.0018069193504303,-0.0001982627279287
2006-10-05,1229.0,1243.0,1224.0,1234.0,45100.0,1234.0,1245.6,1231.8,1238.76,1284.88,1410.17,False,False,False,False,False,False,False,False,False,False,False,-0.0486223662884927,-0.0583468395461912,,,-0.0038573743922204,-0.0412317666126419,0.0121555915721231,0.1823338735818476,-0.0015150571778426,0.1690209449585972,1250.0,1328.0,0.4483101391650099,-0.0002906131938389,0.0006455350403918,-0.0002302428542351
2006-10-06,1230.0,1230.0,1203.0,1205.0,116900.0,1205.0,1236.8,1231.3,1236.76,1282.506666666667,1408.41,False,False,False,False,False,False,False,False,False,True,False,-0.0165975103734439,-0.0107883817427385,,,-0.026356846473029,-0.0643208852005534,0.0746887966804979,0.2307053941908713,-0.0018505426872374,0.1726630390644035,1274.0,1325.0,2.5920177383592016,-0.0016171286264109,-0.001326515432572,-0.0003354855093947
2006-10-10,1185.0,1225.0,1185.0,1212.0,86700.0,1212.0,1227.4,1232.8,1235.92,1279.68,1406.75,False,False,False,False,False,False,False,False,False,False,False,-0.033003300330033,-0.0123762376237623,,,-0.0197359735973597,-0.0558415841584158,0.0511551155115511,0.2161716171617161,-0.0022088855547221,0.1736696950032447,1266.0,1302.0,0.7416595380667237,-0.0006796556411417,0.0009374729852691,-0.0003583428674847
2006-10-11,1212.0,1218.0,1178.0,1178.0,72100.0,1178.0,1210.0,1231.5,1232.92,1277.0533333333333,1404.85,False,False,False,False,False,False,False,False,False,True,False,-0.0025466893039049,0.0016977928692699,,,-0.0466213921901528,-0.0840860215053763,0.0882852292020373,0.2546689303904924,-0.0020568183004626,0.1784003248071458,1280.0,1285.0,0.831603229527105,-0.0024332478992959,-0.0017535922581542,0.0001520672542595
2006-10-12,1161.0,1171.0,1150.0,1170.0,109300.0,1170.0,1199.8,1225.1,1229.52,1274.4,1402.935,False,False,False,False,False,False,False,False,False,True,False,0.0034188034188034,0.0512820512820512,,,-0.0508717948717948,-0.0892307692307693,0.0632478632478632,0.2803418803418803,-0.0020820255283531,0.1896171741082362,1260.0,1240.0,1.5159500693481276,-0.0027653067863882,-0.0003320588870922,-2.520722789049138e-05
2006-10-13,1171.0,1180.0,1165.0,1174.0,76100.0,1174.0,1187.8,1216.7,1224.96,1272.12,1400.935,False,False,False,False,False,False,False,False,False,True,False,-0.0102214650766609,0.0817717206132879,,,-0.0434071550255536,-0.0835775127768312,0.0204429301533219,0.2589437819420783,-0.0017922837468164,0.2011999671241883,1292.0,1214.0,0.696248856358646,-0.0037225705329153,-0.000957263746527,0.0002897417815366
2006-10-16,1175.0,1190.0,1170.0,1185.0,151800.0,1185.0,1183.8,1210.3,1220.84,1270.3333333333333,1398.905,False,False,False,False,False,False,False,False,False,False,False,0.0059071729957805,0.0430379746835443,,,-0.0302447257383965,-0.0720112517580871,0.0059071729957805,0.2531645569620253,-0.0014064549986879,0.2131702883582583,1293.0,1282.0,1.9947437582128773,-0.0033747255987681,0.0003478449341471,0.0003858287481285
2006-10-17,1181.0,1185.0,1169.0,1172.0,57900.0,1172.0,1175.8,1201.6,1216.6,1267.8,1396.935,False,False,False,False,False,False,False,False,False,True,False,0.0213310580204778,0.0972696245733788,,,-0.0380546075085323,-0.0817406143344709,0.046075085324232,0.2397610921501706,-0.0019982121259925,0.2242842876165113,1310.0,1312.0,0.3814229249011858,-0.0034851224724642,-0.000110396873696,-0.0005917571273045
2006-10-18,1170.0,1179.0,1166.0,1175.0,80300.0,1175.0,1175.2,1192.6,1213.4,1264.7333333333331,1394.81,False,False,False,False,False,False,False,False,False,False,False,0.0042553191489361,0.1574468085106383,,,-0.0326808510638298,-0.0763687943262409,0.0357446808510638,0.2034042553191489,-0.0024247535712404,0.2307563307060205,1303.0,1334.0,1.386873920552677,-0.0026372177352891,0.0008479047371751,-0.0004265414452479
2006-10-19,1176.0,1185.0,1161.0,1174.0,102000.0,1174.0,1176.0,1187.9,1211.12,1261.88,1392.82,False,False,False,False,False,False,False,False,False,False,False,0.0477001703577512,0.1746166950596252,,,-0.0316183986371379,-0.074855195911414,0.0519591141396933,0.2325383304940374,-0.0022611764457262,0.2348682549036114,1295.0,1307.0,1.270236612702366,-0.0018825549904222,0.0007546627448668,0.0001635771255142
2006-10-20,1174.0,1180.0,1162.0,1162.0,99700.0,1162.0,1173.6,1180.7,1209.28,1258.1466666666668,1390.755,False,False,False,False,False,False,False,False,False,False,False,0.0929432013769363,0.1583476764199655,,,-0.0406884681583476,-0.0827423981640849,0.0757314974182444,0.2641996557659208,-0.002967327603565,0.2432455323113407,1281.0,1293.0,0.9774509803921568,-0.0015215665519978,0.0003609884384244,-0.0007061511578388
2006-10-23,1170.0,1200.0,1170.0,1192.0,148500.0,1192.0,1175.0,1179.4,1207.92,1255.12,1388.57,False,False,False,False,False,False,False,False,False,False,False,0.0369127516778523,0.1124161073825503,,,-0.0133557046979866,-0.0529530201342281,0.0780201342281879,0.2432885906040268,-0.0024114560095185,0.2445311175173815,1284.0,1298.0,1.489468405215647,-0.0011259023776408,0.0003956641743569,0.0005558715940465
2006-10-24,1199.0,1211.0,1194.0,1197.0,92500.0,1197.0,1180.0,1177.9,1206.76,1252.7066666666667,1386.455,False,False,False,False,False,False,False,False,False,False,False,0.0743525480367585,0.0893901420217209,,,-0.0081537176274018,-0.0465385686438318,0.1219715956558061,0.2289055973266499,-0.0019264951624747,0.2458612785465658,1272.0,1294.0,0.622895622895623,-0.0009612516158971,0.0001646507617436,0.0004849608470437
2006-10-25,1197.0,1203.0,1179.0,1180.0,76200.0,1180.0,1181.0,1178.1,1205.0,1250.1466666666668,1384.225,False,False,False,False,False,False,False,False,False,True,False,0.1525423728813559,0.1084745762711864,,,-0.0211864406779661,-0.0594463276836159,0.1440677966101695,0.2983050847457627,-0.002047759729525,0.2502334267040151,1238.0,1300.0,0.8237837837837838,-0.001460580912863,-0.0004993292969658,-0.0001212645670502
2006-10-26,1182.0,1237.0,1153.0,1230.0,358600.0,1230.0,1192.2,1184.1,1205.84,1248.4533333333334,1382.275,False,False,False,False,True,False,True,False,False,False,True,0.1211382113821138,0.0447154471544715,,,0.0196422764227642,-0.0150027100271003,0.0878048780487804,0.2430894308943089,-0.0013563449174445,0.2465163415252091,1250.0,1268.0,4.706036745406824,0.0006966098321501,0.0021571907450131,0.0006914148120804
2006-10-27,1235.0,1273.0,1230.0,1270.0,378500.0,1270.0,1213.8,1193.7,1207.76,1247.68,1380.575,False,False,False,False,False,False,True,False,True,False,False,0.0598425196850393,-0.0165354330708661,,,0.049007874015748,0.0175748031496062,0.0732283464566929,0.1929133858267716,-0.000619817047106,0.2395911870654268,1243.0,1262.0,1.0554935861684327,0.0015897198118832,0.000893109979733,0.0007365278703384
2006-10-30,1252.0,1266.0,1236.0,1236.0,205600.0,1236.0,1222.6,1198.8,1208.8,1246.493333333333,1378.705,False,False,False,False,False,False,True,False,False,True,False,0.0728155339805825,0.0477346278317152,,,0.0220064724919094,-0.0084897518878099,0.093042071197411,0.2273462783171521,-0.0009520040219498,0.2369869869869871,1255.0,1255.0,0.5431968295904888,0.000860357379219,-0.0007293624326641,-0.0003321869748437
2006-10-31,1238.0,1291.0,1238.0,1286.0,281500.0,1286.0,1240.4,1210.2,1212.36,1246.28,1377.215,False,False,False,False,False,False,True,False,True,False,False,0.0139968895800933,-0.0093312597200622,,,0.0572628304821151,0.0308864696734059,0.0590979782270606,0.2122861586314152,-0.0001711760867005,0.2340935382581391,1233.0,1281.0,1.3691634241245136,0.0029364215249595,0.0020760641457405,0.0007808279352492
2006-11-01,1280.0,1416.0,1270.0,1360.0,825600.0,1360.0,1276.4,1228.7,1219.12,1247.28,1375.865,False,False,False,False,False,False,True,True,False,False,False,-0.038235294117647,-0.0573529411764705,,,0.1035882352941177,0.0828823529411764,0.0176470588235294,0.1404411764705882,0.0008017445962414,0.2266623260356474,1253.0,1237.0,2.932859680284192,0.0055449832666185,0.0026085617416589,0.0009729206829419
2006-11-02,1340.0,1388.0,1332.0,1379.0,314000.0,1379.0,1306.2,1249.2,1224.92,1249.1333333333334,1375.08,False,False,False,False,False,False,True,True,False,True,False,-0.0681653372008702,-0.0978970268310369,,,0.1117331399564901,0.0941745226009184,0.0159535895576504,0.1203770848440899,0.0014836953621178,0.2143772014089016,1255.0,1251.0,0.3803294573643411,0.0047350031022435,-0.0008099801643749,0.0006819507658764
2006-11-06,1354.0,1364.0,1328.0,1346.0,168200.0,1346.0,1321.4,1267.6,1228.44,1250.8933333333334,1374.61,False,False,False,False,False,False,True,True,False,True,False,-0.0720653789004457,-0.1099554234769688,,,0.0873402674591381,0.070658741951461,0.0349182763744427,0.1210995542347696,0.0014069944679535,0.1999053329125908,1288.0,1250.0,0.5356687898089172,0.0028654228126729,-0.0018695802895705,-7.670089416428002e-05
2006-11-07,1353.0,1358.0,1324.0,1326.0,183200.0,1326.0,1339.4,1281.0,1231.52,1251.48,1373.61,False,False,False,False,False,False,True,True,False,True,False,-0.0233785822021116,-0.1010558069381598,,,0.0712518853695324,0.0561990950226244,0.0580693815987933,0.0874811463046757,0.0004687782998262,0.1842310694769711,1288.0,1274.0,1.089179548156956,0.0025009744056125,-0.0003644484070604,-0.0009382161681272
2006-11-08,1326.0,1326.0,1280.0,1304.0,226200.0,1304.0,1343.0,1291.7,1233.32,1251.3733333333332,1372.745,False,False,False,False,False,False,True,False,False,True,False,-0.0230061349693251,-0.0598159509202454,,,0.0542024539877301,0.040357873210634,0.0690184049079754,0.1104294478527607,-8.523968333468059e-05,0.1726407060462955,1278.0,1266.0,1.23471615720524,0.00145947523757,-0.0010414991680424,-0.0005540179831609
2006-11-09,1307.0,1328.0,1300.0,1308.0,120100.0,1308.0,1332.6,1304.5,1235.04,1251.0266666666666,1372.31,False,False,False,False,False,False,True,False,False,True,False,-0.0198776758409785,-0.069571865443425,,,0.0557798165137614,0.0435575942915392,0.0703363914373088,0.1016819571865443,-0.0002771057371544,0.1541586814871597,1255.0,1280.0,0.530946065428824,0.0013926674439694,-6.68077936006508e-05,-0.0001918660538197
2006-11-10,1281.0,1298.0,1281.0,1285.0,84200.0,1285.0,1313.8,1310.0,1237.6,1250.7333333333331,1371.56,False,False,False,False,False,False,True,False,False,False,False,-0.0319066147859922,-0.0389105058365758,,,0.036887159533074,0.0266666666666668,0.0848249027237354,0.0684824902723735,-0.0002345290762754,0.1374045801526717,1231.0,1260.0,0.701082431307244,0.0020685197155784,0.000675852271609,4.257666087907795e-05
2006-11-13,1280.0,1280.0,1240.0,1249.0,184500.0,1249.0,1294.4,1307.9,1238.2,1250.1466666666668,1370.565,False,False,False,False,False,False,True,False,False,True,False,-0.0408326661329063,0.0008006405124099,,,0.0086469175340271,-0.0009180677875634,0.0864691753402722,0.1032826261008807,-0.0004692782713492,0.1287560211025306,1208.0,1292.0,2.191211401425178,0.0004845743821677,-0.0015839453334107,-0.0002347491950738
2006-11-14,1275.0,1298.0,1260.0,1295.0,144600.0,1295.0,1288.2,1313.8,1241.8,1250.1066666666666,1369.665,False,False,False,False,False,False,True,False,True,False,True,-0.0795366795366795,-0.0077220077220077,,,0.0410810810810811,0.0346666666666667,0.0725868725868725,0.0393822393822393,-3.199726956648313e-05,0.1106713350586086,1226.0,1293.0,0.7837398373983739,0.0028990175551617,0.002414443172994,0.0004372810017827
2006-11-15,1310.0,1317.0,1273.0,1274.0,94200.0,1274.0,1282.2,1312.6,1244.28,1249.84,1368.46,False,False,False,False,False,False,True,False,False,True,False,-0.0376766091051805,0.054160125588697,,,0.0233281004709576,0.0189638932496076,0.0941915227629513,0.1020408163265306,-0.0002133606434956,0.0998781045253696,1226.0,1310.0,0.6514522821576764,0.0019931205194972,-0.0009058970356645,-0.0001813633739292
2006-11-16,1292.0,1299.0,1277.0,1282.0,76800.0,1282.0,1277.0,1304.8,1248.44,1249.6,1367.275,False,False,False,False,False,False,True,False,False,False,False,-0.0507020280811232,0.0530421216848674,,,0.0261778471138845,0.0252730109204368,0.1146645865834633,0.0811232449297972,-0.0001920614596671,0.0938074800735745,1224.0,1303.0,0.8152866242038217,0.0033321585338503,0.001339038014353,2.129918382858792e-05
2006-11-17,1282.0,1289.0,1241.0,1244.0,136600.0,1244.0,1268.8,1291.3,1251.4,1249.28,1366.01,False,True,False,False,False,False,True,False,False,True,False,-0.0072347266881028,0.0755627009646302,,,-0.0059485530546624,-0.0042443729903536,0.1294212218649517,0.1294212218649517,-0.0002561475409835,0.0944009912491288,1209.0,1295.0,1.7786458333333333,0.002365350807096,-0.0009668077267542,-6.408608131645485e-05
2006-11-20,1240.0,1240.0,1198.0,1198.0,100400.0,1198.0,1258.6,1276.5,1252.36,1248.4266666666667,1364.675,False,False,False,False,False,False,True,False,False,True,False,0.0434056761268781,0.1377295492487479,,,-0.0453756260434055,-0.0420923761825264,0.184474123539232,0.1544240400667779,-0.0006835269993163,0.0972189580885232,1222.0,1281.0,0.7349926793557833,0.0007665527484108,-0.0015987980586852,-0.0004273794583328
2006-11-21,1200.0,1218.0,1185.0,1192.0,94800.0,1192.0,1238.0,1263.1,1252.64,1247.5866666666666,1363.335,False,False,False,False,False,False,True,False,False,True,False,0.0780201342281879,0.1333892617449664,,,-0.0508724832214766,-0.0466331096196867,0.1812080536912751,0.1342281879194631,-0.0006732999177079,0.1017338294671839,1210.0,1284.0,0.9442231075697212,0.0002235279090562,-0.0005430248393546,1.0227081608493206e-05
2006-11-22,1193.0,1233.0,1182.0,1226.0,113100.0,1226.0,1228.4,1255.3,1254.8,1246.8533333333332,1362.135,False,False,False,False,False,False,True,False,True,False,False,0.0954323001631321,0.1109298531810766,,,-0.0234910277324632,-0.0170092441544316,0.1590538336052202,0.1239804241435562,-0.0005881472292918,0.1030032661515175,1197.0,1272.0,1.1930379746835442,0.0017213898629262,0.00149786195387,8.515268841602158e-05
2006-11-24,1235.0,1235.0,1203.0,1217.0,68400.0,1217.0,1215.4,1246.2,1256.48,1246.5866666666666,1360.86,False,False,False,False,False,False,True,False,False,True,False,0.1092851273623664,0.1372226787181594,,,-0.0324404272801972,-0.024311147630786,0.1643385373870172,0.1331142152834839,-0.0002139174706398,0.1060824907719467,1191.0,1238.0,0.6047745358090185,0.00133706863619,-0.0003843212267362,0.000374229758652
2006-11-27,1230.0,1244.0,1216.0,1235.0,122200.0,1235.0,1213.6,1241.2,1258.92,1246.3733333333332,1359.615,False,False,False,False,False,False,True,False,False,False,False,0.0834008097165991,0.134412955465587,,,-0.0193684210526316,-0.009209176788124,0.1611336032388663,0.1336032388663967,-0.0001711632683626,0.1127135030615532,1234.0,1250.0,1.786549707602339,0.0019381692244146,0.0006011005882245,4.275420227717886e-05
2006-11-28,1233.0,1254.0,1224.0,1250.0,130400.0,1250.0,1224.0,1241.3,1262.44,1246.3733333333332,1358.525,False,False,False,False,False,False,True,False,False,False,False,0.0904,0.1144,,,-0.009952,0.0029013333333334,0.1376,0.1352,0.0,0.1159268508821397,1258.0,1243.0,1.067103109656301,0.0027882513228351,0.0008500820984205,0.0001711632683626
2006-11-29,1270.0,1285.0,1256.0,1285.0,118600.0,1285.0,1242.6,1240.3,1266.16,1246.52,1357.515,False,False,False,True,True,False,True,True,False,False,False,0.0513618677042801,0.091828793774319,,,0.0146614785992217,0.0299455252918288,0.1120622568093385,0.1525291828793774,0.0001176609012825,0.127711037652181,1249.0,1255.0,0.9095092024539876,0.002938017312188,0.0001497659893529,0.0001176609012825
2006-11-30,1365.0,1369.0,1331.0,1343.0,332800.0,1343.0,1266.0,1247.2,1272.0,1247.5466666666666,1356.485,False,False,False,False,False,False,True,True,False,False,True,0.0141474311243484,0.0379746835443038,,,0.0528667163067758,0.0710747083643584,0.0476545048399106,0.0886075949367088,0.0008229485069362,0.1261225144323284,1259.0,1233.0,2.806070826306914,0.0045911949685533,0.0016531776563653,0.0007052876056536
2006-12-01,1340.0,1353.0,1326.0,1350.0,136200.0,1350.0,1292.6,1254.0,1278.8,1248.48,1355.92,False,False,False,False,False,False,True,True,False,False,False,0.0251851851851851,0.037037037037037,,,0.0527407407407407,0.0751999999999999,0.0303703703703703,0.094074074074074,0.0007475757187407,0.1272727272727272,1265.0,1253.0,0.4092548076923077,0.0053174851423208,0.0007262901737674,-7.537278819555698e-05
2006-12-04,1330.0,1345.0,1318.0,1338.0,119000.0,1338.0,1313.2,1263.4,1283.12,1249.52,1355.09,False,False,False,False,False,False,True,True,False,True,False,0.0470852017937219,0.0418535127055306,,,0.0410164424514201,0.0661285500747384,0.0298953662182361,0.0687593423019432,0.0008323196107304,0.1208643343359188,1221.0,1255.0,0.8737151248164464,0.0033667934409875,-0.0019506917013333,8.474389198978756e-05
2006-12-05,1349.0,1369.0,1343.0,1363.0,199900.0,1363.0,1335.8,1279.9,1286.84,1250.4666666666667,1354.525,False,False,False,False,False,False,True,True,False,True,False,0.0220102714600146,-0.0044020542920029,,,0.0558767424798239,0.0825629738322328,0.0476889214966984,0.0315480557593543,0.0007570507010716,0.1082115790296116,1234.0,1288.0,1.6798319327731093,0.0028908022753411,-0.0004759911656463,-7.526890965885277e-05
2006-12-06,1365.0,1366.0,1332.0,1351.0,106800.0,1351.0,1349.0,1295.8,1291.44,1251.24,1354.095,False,False,False,False,False,False,True,True,False,False,False,0.0384900074019245,0.0281273131014063,,,0.0440858623242042,0.073841598815692,0.0688378978534419,0.0606957809030347,0.0006180535575375,0.1008643309152647,1205.0,1288.0,0.5342671335667833,0.0035619153812799,0.0006711131059387,-0.000138997143534
2006-12-07,1351.0,1368.0,1342.0,1362.0,113800.0,1362.0,1352.8,1309.4,1294.48,1251.9333333333334,1353.83,False,False,False,False,False,False,True,True,False,True,False,0.0234948604992657,0.0234948604992657,,,0.0495741556534507,0.0808125305922662,0.0602055800293685,0.0947136563876652,0.0005538101070344,0.0980601802352221,1212.0,1278.0,1.0655430711610487,0.0023484333477535,-0.0012134820335264,-6.424345050307795e-05
2006-12-08,1376.0,1389.0,1366.0,1384.0,177200.0,1384.0,1359.6,1326.1,1295.44,1253.013333333333,1354.045,False,False,False,False,False,False,True,True,False,True,False,0.0115606936416184,0.032514450867052,,,0.0639884393063583,0.0946435452793836,0.0368497109826589,0.0043352601156069,0.0008619221929,0.0850614584118846,1178.0,1255.0,1.5571177504393674,0.0007410609522633,-0.0016073723954901,0.0003081120858655
2006-12-11,1387.0,1414.0,1386.0,1401.0,129200.0,1401.0,1372.2,1342.7,1296.32,1254.4266666666667,1354.27,False,False,False,False,False,False,True,True,False,True,False,-0.0049964311206281,0.0028551034975017,,,0.0747180585296217,0.1046205091601236,0.0249821556031406,0.0099928622412562,0.0011266767288112,0.0727638340656885,1170.0,1231.0,0.7291196388261851,0.0006788447296962,-6.221622256707157e-05,0.0002647545359112
2006-12-12,1408.0,1411.0,1386.0,1393.0,90000.0,1393.0,1378.2,1357.0,1298.2,1255.92,1354.51,False,False,False,False,False,False,True,True,True,False,False,-0.0258435032304379,0.018664752333094,,,0.0680545585068197,0.0984063173007896,0.0315865039483129,0.0301507537688442,0.0011890353950357,0.0626381724392041,1174.0,1208.0,0.6965944272445821,0.0014481589893699,0.0007693142596737,6.23586662245009e-05
2006-12-13,1394.0,1408.0,1391.0,1403.0,111200.0,1403.0,1388.6,1368.8,1301.28,1257.506666666667,1354.63,False,False,False,False,False,False,True,True,False,False,False,-0.0099786172487526,0.0035637918745545,,,0.0725017818959373,0.1037015918270371,0.0099786172487526,0.0099786172487526,0.0012617560675623,0.0488018702513149,1185.0,1226.0,1.2355555555555555,0.0023669002827984,0.0009187412934284,7.272067252660198e-05
2006-12-14,1395.0,1402.0,1385.0,1394.0,80200.0,1394.0,1395.0,1373.9,1304.88,1259.1333333333334,1354.175,False,False,False,False,False,False,True,True,False,False,False,0.0,0.0193687230989956,,,0.0639311334289812,0.0967479674796747,0.0222381635581061,0.018651362984218,0.0012918938952717,0.0418516631487007,1172.0,1226.0,0.7212230215827338,0.0027588743792533,0.0003919740964549,3.0137827709404447e-05
2006-12-15,1400.0,1404.0,1390.0,1400.0,91700.0,1400.0,1398.2,1378.9,1308.56,1261.2933333333333,1353.885,False,False,False,False,False,False,True,True,False,False,False,0.0207142857142857,0.0121428571428571,,,0.0653142857142857,0.0990761904761905,0.0335714285714285,0.0328571428571428,0.0017125278814337,0.0358256581332945,1175.0,1224.0,1.1433915211970074,0.0028122516353853,5.337725613196792e-05,0.0004206339861619
2006-12-18,1396.0,1405.0,1385.0,1394.0,63100.0,1394.0,1396.8,1384.5,1312.92,1263.2133333333334,1353.415,False,False,False,False,False,False,True,True,False,False,False,0.0078909612625538,0.0286944045911047,,,0.0581635581061692,0.093821138211382,0.0444763271162123,0.0294117647058823,0.0015199332918166,0.0319971108703502,1174.0,1209.0,0.688113413304253,0.0033208420924352,0.0005085904570499,-0.000192594589617
2006-12-19,1376.0,1384.0,1356.0,1357.0,75300.0,1357.0,1389.6,1383.9,1317.24,1264.7333333333331,1352.965,False,False,False,False,False,False,True,True,False,True,False,0.0456890198968312,0.0478997789240972,,,0.0292999263080324,0.0679931220830264,0.0751658069270449,0.0501105379513633,0.0012018343787884,0.0338174723607196,1162.0,1222.0,1.1933438985736926,0.0032795845859523,-4.125750648288195e-05,-0.0003180989130282
2006-12-20,1350.0,1396.0,1350.0,1389.0,88800.0,1389.0,1386.8,1387.7,1321.0,1266.52,1352.915,False,False,False,False,False,False,True,True,False,True,True,0.0136789056875449,0.0287976961843052,,,0.0489560835133189,0.0881785457163427,0.0676745860331173,0.0359971202303815,0.0014106896588027,0.031418894573755,1192.0,1210.0,1.1792828685258965,0.0028463285389856,-0.0004332560469667,0.0002088552800142
2006-12-21,1390.0,1400.0,1382.0,1394.0,76700.0,1394.0,1386.8,1390.9,1325.8,1268.6666666666667,1352.74,False,False,False,False,False,False,True,True,False,False,False,0.0193687230989956,0.009325681492109,,,0.0489239598278336,0.0899091343854614,0.0573888091822094,0.0043041606886657,0.0016920651602733,0.0225034150550003,1197.0,1197.0,0.8637387387387387,0.003620455573993,0.0007741270350074,0.0002813755014705
2006-12-22,1400.0,1434.0,1395.0,1429.0,161200.0,1429.0,1392.6,1395.4,1331.68,1271.013333333333,1352.72,False,False,False,False,False,False,True,True,False,False,False,-0.0083974807557732,-0.026592022393282,,,0.0681035689293211,0.1105574994168417,0.0342897130860741,-0.020293911826452,0.0018462958689127,0.0199226028378959,1180.0,1191.0,2.101694915254237,0.0044154751892347,0.0007950196152417,0.0001542307086394
2006-12-25,1434.0,1448.0,1398.0,1405.0,115700.0,1405.0,1394.8,1395.8,1338.12,1273.013333333333,1352.675,False,False,False,False,False,False,True,True,False,False,False,0.0206405693950177,-0.0192170818505338,,,0.0476014234875445,0.09394068801898,0.0661921708185053,-0.0256227758007117,0.0015710754535171,0.0163347184410373,1230.0,1234.0,0.717741935483871,0.0048127223268464,0.0003972471376117,-0.0002752204153956
2006-12-26,1389.0,1419.0,1383.0,1419.0,50000.0,1419.0,1407.2,1398.4,1346.96,1274.76,1352.59,False,False,False,False,False,False,True,True,False,False,False,0.0021141649048625,0.0063424947145877,,,0.0507681465821,0.1016490486257928,0.0415785764622973,-0.0140944326990838,0.0013701925591224,0.0118707093821509,1270.0,1258.0,0.4321521175453759,0.0065629268872127,0.0017502045603663,-0.0002008828943946
2006-12-27,1405.0,1422.0,1405.0,1408.0,40600.0,1408.0,1411.0,1398.9,1355.6,1276.36,1352.355,False,False,False,False,False,False,True,True,False,True,False,0.0149147727272727,0.0255681818181818,,,0.0372159090909091,0.0934943181818182,0.0546875,-0.0071022727272727,0.0012535648249709,0.0101508327971976,1236.0,1249.0,0.812,0.0063735615225729,-0.0001893653646398,-0.0001166277341514
2006-12-28,1410.0,1435.0,1407.0,1421.0,65400.0,1421.0,1416.4,1401.6,1363.4,1278.2666666666669,1352.08,False,False,False,False,False,False,True,True,False,True,False,-0.0098522167487684,0.016185784658691,,,0.0405348346235045,0.100445695519587,0.0225193525686136,0.0014074595355383,0.001491603212684,0.0084189497716896,1286.0,1259.0,1.6108374384236452,0.0057209916385508,-0.0006525698840221,0.0002380383877131
2006-12-29,1405.0,1426.0,1395.0,1417.0,49800.0,1417.0,1414.0,1403.3,1371.4,1280.4266666666667,1351.685,False,False,False,False,False,False,True,True,False,False,False,-0.018348623853211,0.0127028934368383,,,0.0321806633733238,0.0963820277581745,-0.0021171489061397,-0.0028228652081863,0.0016869376874374,0.0048457208009691,1360.0,1265.0,0.7614678899082569,0.0058334548636429,0.0001124632250921,0.0001953344747533
2007-01-04,1433.0,1440.0,1419.0,1434.0,42600.0,1434.0,1419.8,1407.3,1379.36,1283.1333333333334,1351.33,False,False,False,False,False,False,True,True,False,True,False,-0.0390516039051603,0.00139470013947,,,0.0381032078103208,0.1052068805206879,0.009065550906555,-0.0251046025104602,0.0021094196498155,-0.0006395224898741,1379.0,1221.0,0.8554216867469879,0.0057707922514788,-6.266261216418371e-05,0.0004224819623781
2007-01-05,1433.0,1442.0,1418.0,1422.0,74700.0,1422.0,1420.4,1413.8,1386.24,1285.986666666667,1351.01,False,False,False,False,False,False,True,True,False,True,False,0.0042194092827004,0.010548523206751,,,0.0251476793248945,0.095649320206282,0.0330520393811533,-0.0344585091420534,0.0022187892046574,-0.0089121516480406,1346.0,1234.0,1.7535211267605637,0.0049630655586335,-0.0008077266928453,0.0001093695548419
2007-01-09,1406.0,1437.0,1400.0,1429.0,73000.0,1429.0,1424.6,1417.8,1392.0,1288.6933333333334,1350.795,False,False,False,False,False,False,True,True,False,True,False,0.0104968509447165,-0.0083974807557732,,,0.0258922323303009,0.0981852111033356,0.0370888733379986,-0.0272918124562631,0.0021003186690392,-0.0151643391169417,1326.0,1205.0,0.9772423025435074,0.0041379310344827,-0.0008251345241507,-0.0001184705356181
2007-01-10,1438.0,1438.0,1396.0,1407.0,78200.0,1407.0,1421.8,1419.1,1394.56,1291.1066666666666,1350.34,False,False,False,False,False,False,True,True,False,True,False,0.0262970859985785,0.0127931769722814,,,0.0088415067519545,0.0823691068467188,0.0454868514570007,-0.0049751243781094,0.0018691974843285,-0.0160665210344584,1304.0,1212.0,1.0712328767123287,0.0018357044515832,-0.0023022265828994,-0.0002311211847107
2007-01-11,1408.0,1423.0,1379.0,1391.0,135700.0,1391.0,1416.6,1415.3,1396.2,1293.3333333333333,1349.78,False,False,False,False,False,False,True,True,False,True,False,0.0316319194823867,0.0402588066139468,,,-0.0037383177570093,0.0702132758207525,0.1013659237958303,-0.0035945363048166,0.001721649484536,-0.0144139051791138,1308.0,1178.0,1.7352941176470589,0.0011746168170749,-0.0006610876345082,-0.0001475479997924
2007-01-12,1392.0,1404.0,1365.0,1378.0,157100.0,1378.0,1405.4,1412.6,1397.8,1295.5866666666666,1349.185,False,False,False,False,False,False,True,True,False,True,False,0.0420899854862119,0.0566037735849056,,,-0.0143686502177067,0.0598064828253508,0.1095791001451378,-0.0007256894049346,0.0017392378227624,-0.0119637547784226,1285.0,1170.0,1.157700810611643,0.0011446558878236,-2.9960929251331364e-05,1.7588338226302456e-05
2007-01-15,1370.0,1428.0,1370.0,1428.0,130500.0,1428.0,1406.6,1413.5,1400.4,1298.3333333333333,1348.92,False,False,False,False,False,False,True,True,False,False,False,0.0063025210084033,0.0217086834733893,,,0.0193277310924369,0.0908029878618114,0.0609243697478991,-0.0259103641456582,0.0021155327342747,-0.0131588256101874,1249.0,1174.0,0.8306810948440484,0.0018566123964582,0.0007119565086345,0.0003762949115123
2007-01-16,1427.0,1448.0,1426.0,1444.0,126300.0,1444.0,1409.6,1417.1,1404.12,1301.4533333333334,1348.81,False,False,False,False,False,False,True,True,False,False,True,-0.0186980609418282,0.0270083102493074,,,0.027617728531856,0.0987165281625115,0.0505540166204986,-0.0540166204986149,0.0023973199192698,-0.0179239291510831,1295.0,1185.0,0.967816091954023,0.0026493462097255,0.0007927338132672,0.0002817871849951
2007-01-17,1449.0,1449.0,1428.0,1444.0,76500.0,1444.0,1417.0,1419.4,1407.4,1304.746666666667,1348.675,False,False,False,False,False,False,True,True,False,True,False,-0.0131578947368421,0.020775623268698,,,0.0253462603878115,0.0964358264081254,0.0796398891966759,-0.0637119113573407,0.0025241170699805,-0.0245174017190363,1274.0,1172.0,0.6057007125890737,0.0023305385817821,-0.0003188076279433,0.0001267971507106
2007-01-18,1425.0,1448.0,1425.0,1435.0,43900.0,1435.0,1425.8,1421.2,1409.44,1308.0,1348.46,False,False,False,False,False,False,True,True,False,True,False,0.008362369337979,0.029965156794425,,,0.0178118466898954,0.0885017421602787,0.0808362369337979,-0.0550522648083623,0.0024872579001017,-0.0297635800731775,1282.0,1175.0,0.5738562091503268,0.0014473833579293,-0.0008831552238527,-3.6859169878762296e-05
2007-01-19,1443.0,1443.0,1420.0,1436.0,58000.0,1436.0,1437.4,1421.4,1410.84,1310.6933333333334,1347.97,False,False,False,False,False,False,True,True,False,True,False,0.0139275766016713,0.043175487465181,,,0.0175208913649025,0.0872609099350046,0.0759052924791086,-0.0529247910863509,0.0020548920673028,-0.0325735190657099,1244.0,1174.0,1.3211845102505697,0.0009923166340618,-0.0004550667238674,-0.0004323658327989
2007-01-22,1448.0,1448.0,1433.0,1437.0,77100.0,1437.0,1439.2,1422.9,1412.6,1313.08,1347.505,False,False,False,False,False,False,True,True,False,False,False,0.0153096729297146,0.0285316631871955,,,0.0169798190675018,0.0862352122477383,0.0501043841336116,-0.0723729993041057,0.0018176094881245,-0.0364045259680934,1198.0,1162.0,1.3293103448275865,0.0012459294917173,0.0002536128576555,-0.0002372825791783
2007-01-23,1434.0,1435.0,1414.0,1417.0,83000.0,1417.0,1433.8,1421.7,1413.16,1315.32,1346.92,False,False,False,False,False,False,True,True,False,True,False,0.0465772759350741,0.0479887085391672,,,0.0027099505998587,0.071757233592096,0.0176429075511644,-0.0896259703599153,0.0017030076331235,-0.0426250263768728,1192.0,1192.0,1.0765239948119325,0.0003962750148604,-0.0008496544768569,-0.000114601855001
2007-01-24,1437.0,1445.0,1425.0,1425.0,118500.0,1425.0,1430.0,1423.5,1414.4,1317.5333333333333,1346.01,False,False,False,False,False,False,True,True,False,False,False,0.0343859649122807,0.0196491228070175,,,0.007438596491228,0.0754152046783625,0.0161403508771929,-0.0687719298245614,0.0016799068967262,-0.0489638215665613,1226.0,1197.0,1.427710843373494,0.0008766968325791,0.0004804218177187,-2.3100736397274613e-05
2007-01-25,1440.0,1456.0,1431.0,1447.0,251100.0,1447.0,1432.4,1429.1,1416.28,1319.96,1345.455,False,False,False,False,False,False,True,True,False,False,False,0.0214236351071181,-0.022805805114029,,,0.0212301313061506,0.0877954388389771,-0.0041465100207325,-0.0939875604699378,0.0018384395486732,-0.0579385627317892,1217.0,1180.0,2.118987341772152,0.0013274211314146,0.0004507242988354,0.000158532651947
2007-01-26,1407.0,1459.0,1406.0,1456.0,201800.0,1456.0,1436.4,1436.9,1418.76,1323.0933333333332,1345.015,False,False,False,False,False,False,True,True,False,False,False,0.0288461538461538,-0.0061813186813186,,,0.025576923076923,0.0912820512820513,-0.0570054945054945,-0.0796703296703296,0.002368187681393,-0.0656273923028743,1235.0,1230.0,0.8036638789326961,0.0017480053004031,0.0004205841689885,0.0005297481327197
2007-01-29,1455.0,1471.0,1442.0,1459.0,166200.0,1459.0,1440.8,1440.0,1422.84,1326.0933333333332,1344.53,False,False,False,False,False,False,True,True,False,False,False,0.0130226182316655,0.0068540095956134,,,0.0247840986977382,0.091094356865433,-0.0555174777244688,-0.0664838930774503,0.0022622842032235,-0.0696527777777777,1250.0,1270.0,0.8235877106045589,0.0028675044277641,0.0011194991273609,-0.0001059034781695
2007-01-30,1469.0,1491.0,1465.0,1483.0,197500.0,1483.0,1454.0,1443.9,1426.6,1329.8,1344.14,False,False,False,False,False,False,True,True,False,True,False,0.0013486176668914,-0.0006743088334457,,,0.0380310182063385,0.103304113283884,-0.0923803101820633,-0.0761968981793661,0.0027873865744222,-0.0718886349470186,1285.0,1236.0,1.1883273164861612,0.0026356371793074,-0.0002318672484567,0.0005251023711987
2007-01-31,1484.0,1484.0,1452.0,1474.0,171600.0,1474.0,1463.8,1446.9,1429.8,1333.2933333333333,1343.71,False,False,False,False,False,False,True,True,False,True,False,-0.0142469470827679,-0.0020352781546811,,,0.0299864314789688,0.0954590682948892,-0.0474898236092265,-0.0746268656716417,0.002620078602358,-0.0729836201534315,1343.0,1286.0,0.8688607594936709,0.0022380752552804,-0.0003975619240269,-0.0001673079720641
2007-02-01,1479.0,1485.0,1460.0,1478.0,98500.0,1478.0,1470.0,1451.2,1431.76,1337.2933333333333,1343.415,False,False,False,False,False,False,True,True,False,True,False,-0.0433017591339648,0.0365358592692828,,,0.0312855209742895,0.0952007216959855,-0.0622462787550744,-0.0832205683355886,0.0029911163843385,-0.0757993384785005,1350.0,1360.0,0.574009324009324,0.0013689445158406,-0.0008691307394398,0.0003710377819804
2007-02-02,1478.0,1506.0,1471.0,1498.0,159900.0,1498.0,1478.4,1457.4,1435.48,1341.6666666666667,1343.425,False,False,False,False,False,False,True,True,False,False,False,-0.0340453938584779,0.020694259012016,,,0.04173564753004,0.1043613707165108,-0.062082777036048,-0.1014686248331108,0.0032596273291926,-0.0806916426512969,1338.0,1379.0,1.6233502538071063,0.0025914676623847,0.001222523146544,0.0002685109448541
2007-02-05,1502.0,1506.0,1462.0,1478.0,140200.0,1478.0,1482.2,1461.5,1437.84,1345.72,1343.27,False,False,False,False,False,False,True,True,False,True,False,-0.0060893098782138,0.0250338294993234,,,0.0271718538565629,0.0894993234100135,-0.064276048714479,-0.0730717185385656,0.0030120183495328,-0.0807389668149161,1363.0,1346.0,0.8767979987492183,0.0016413509152617,-0.000950116747123,-0.0002476089796598
2007-02-06,1490.0,1490.0,1471.0,1485.0,66300.0,1485.0,1482.6,1468.3,1440.92,1349.72,1343.1,False,False,False,False,False,False,True,True,False,False,False,-0.002020202020202,0.0215488215488215,,,0.0296835016835016,0.091097643097643,-0.0895622895622895,-0.0895622895622895,0.002963577630916,-0.0807736838520737,1351.0,1326.0,0.4728958630527817,0.0021375232490354,0.0004961723337737,-4.844071861676187e-05
2007-02-07,1473.0,1475.0,1450.0,1453.0,115000.0,1453.0,1478.4,1471.1,1442.2,1353.4666666666667,1342.965,False,False,False,False,False,False,True,True,False,True,False,0.0123881624225739,0.0729525120440468,,,0.0074328974535443,0.0685019499885294,-0.0516173434273916,-0.0529938059187887,0.0027682001773224,-0.0791924410305213,1362.0,1304.0,1.7345399698340875,0.0008875329357925,-0.0012499903132429,-0.0001953774535936
2007-02-08,1463.0,1464.0,1405.0,1414.0,157400.0,1414.0,1465.6,1467.8,1442.08,1356.6533333333334,1342.525,False,False,False,False,False,False,False,True,False,True,False,0.0834512022630834,0.0968882602545968,,,-0.0198585572842998,0.0405563413484205,-0.0247524752475247,-0.0084865629420084,0.002348917434078,-0.0709224690012262,1384.0,1308.0,1.368695652173913,-8.321313658057684e-05,-0.000970746072373,-0.0004192827432444
2007-02-09,1394.0,1454.0,1380.0,1447.0,220400.0,1447.0,1455.4,1466.9,1442.6,1360.2933333333333,1342.255,False,False,False,False,False,False,True,True,False,False,False,0.0566689702833448,0.0677263303386316,,,0.0030407740152039,0.0599216770329417,-0.0324809951624049,-0.0490670352453351,0.0026758934347492,-0.0678982889085828,1401.0,1285.0,1.400254129606099,0.0003604602800498,0.0004436734166304,0.0003269760006712
2007-02-13,1448.0,1477.0,1427.0,1469.0,163700.0,1469.0,1453.6,1467.9,1444.48,1364.3866666666668,1342.3,False,False,False,False,False,False,True,True,True,False,False,0.0313138189244383,0.0272294077603812,,,0.0166916269571136,0.0712139777626502,-0.0340367597004765,-0.0599046970728386,0.0030001270412103,-0.067238912732475,1393.0,1249.0,0.7427404718693285,0.0013015064244573,0.0009410461444074,0.000324233606461
2007-02-14,1475.0,1490.0,1470.0,1482.0,202900.0,1482.0,1453.0,1467.8,1446.6,1368.253333333333,1342.295,False,False,False,False,False,False,True,True,False,False,False,0.0236167341430499,-0.0269905533063427,,,0.0238866396761134,0.0767521367521369,-0.0006747638326585,-0.0647773279352226,0.0028259873902491,-0.0660852977244856,1403.0,1295.0,1.2394624312767255,0.0014655053228258,0.0001639988983685,-0.0001741396509611
2007-02-15,1482.0,1484.0,1451.0,1471.0,165500.0,1471.0,1456.6,1467.5,1449.16,1371.9066666666668,1342.59,False,False,False,False,False,False,True,True,False,False,False,0.0598232494901427,-0.0156356220258327,,,0.0148470428280081,0.0673646045773849,-0.0061182868796736,-0.0435078178110129,0.0026629605512525,-0.0629642248722317,1394.0,1274.0,0.8156727451946771,0.0017665406166332,0.0003010352938073,-0.0001630268389966
2007-02-16,1464.0,1550.0,1455.0,1532.0,279200.0,1532.0,1480.2,1472.9,1454.8,1376.6,1343.165,False,False,False,False,False,False,True,True,False,False,True,0.0124020887728459,-0.0593994778067885,,,0.0503916449086162,0.1014360313315927,-0.0359007832898172,-0.0907310704960835,0.003409366070996,-0.0638196754701609,1400.0,1282.0,1.6870090634441088,0.0038768215562275,0.0021102809395943,0.0007464055197435
2007-02-19,1532.0,1565.0,1513.0,1529.0,224300.0,1529.0,1496.6,1476.0,1460.84,1380.5866666666666,1343.925,False,False,False,False,False,False,True,True,False,False,False,0.0104643557880967,-0.1020274689339437,,,0.0445781556572924,0.0970656202310879,-0.0647482014388489,-0.0941792020928711,0.0028876612840917,-0.0631436314363143,1394.0,1244.0,0.8033667621776505,0.0041346074861038,0.0002577859298762,-0.0005217047869042
2007-02-20,1521.0,1523.0,1502.0,1515.0,73600.0,1515.0,1505.8,1479.7,1464.32,1383.8533333333332,1344.085,False,False,False,False,False,False,True,True,False,True,False,-0.0039603960396039,-0.0904290429042904,,,0.0334521452145214,0.0865654565456546,-0.0719471947194719,-0.1029702970297029,0.0023605584406825,-0.066229641143475,1357.0,1198.0,0.3281319661168078,0.0023765297202797,-0.0017580777658241,-0.0005271028434092
2007-02-21,1505.0,1529.0,1504.0,1517.0,122600.0,1517.0,1512.8,1482.9,1467.24,1387.6,1343.925,False,False,False,False,False,False,True,True,False,True,False,-0.049439683586025,-0.1127224785761371,,,0.0328015820698747,0.0852999340804219,-0.055372445616348,-0.1179960448253131,0.0027001056980878,-0.0691887517701801,1389.0,1192.0,1.6657608695652173,0.0019901311305581,-0.0003863985897216,0.0003395472574053
2007-02-22,1527.0,1559.0,1520.0,1559.0,142800.0,1559.0,1530.4,1493.5,1471.84,1391.24,1344.035,False,False,False,False,False,False,True,True,False,False,False,-0.0711994868505452,-0.0994227068633739,,,0.0559076330981398,0.1076074406670942,-0.0436177036561898,-0.1411161000641436,0.0026163710071591,-0.0782725142283227,1394.0,1226.0,1.1647634584013051,0.003125339710838,0.0011352085802799,-8.373469092867476e-05
2007-02-23,1550.0,1554.0,1536.0,1551.0,121700.0,1551.0,1534.2,1507.2,1476.48,1393.7866666666666,1344.09,False,False,False,False,False,False,True,True,False,False,False,-0.0709219858156028,-0.1063829787234042,,,0.0480464216634429,0.1013625617880937,-0.1038039974210187,-0.1237911025145067,0.0018271567145617,-0.0895037154989384,1429.0,1217.0,0.8522408963585434,0.0031426094495015,1.726973866351218e-05,-0.0007892142925974
2007-02-26,1529.0,1546.0,1523.0,1545.0,132100.0,1545.0,1537.4,1517.0,1480.84,1396.0,1343.915,False,False,False,False,False,False,True,True,False,True,False,-0.1113268608414239,-0.0906148867313915,,,0.0415275080906149,0.0964401294498382,-0.0841423948220064,-0.1223300970873786,0.001585482330468,-0.096704021094265,1405.0,1235.0,1.085456039441249,0.002944274871019,-0.0001983345784825,-0.0002416743840937
2007-02-27,1530.0,1542.0,1495.0,1509.0,126000.0,1509.0,1536.2,1521.0,1483.72,1398.1733333333334,1343.56,False,False,False,False,False,False,True,True,False,True,False,-0.0868124585818422,-0.0834990059642147,,,0.0167528164347249,0.0734437817539208,-0.049039098740888,-0.100728959575878,0.001554409086141,-0.1006574621959236,1419.0,1250.0,0.9538228614685844,0.001941067047691,-0.001003207823328,-3.1073244327013e-05
2007-02-28,1359.0,1450.0,1359.0,1442.0,231400.0,1442.0,1521.2,1517.0,1484.72,1399.72,1342.98,False,False,False,False,False,False,True,True,False,True,False,-0.0665742024965325,-0.0624133148404993,,,-0.029625520110957,0.0293203883495145,-0.0173370319001386,-0.0631067961165048,0.0011049829013421,-0.1005932762030322,1408.0,1285.0,1.8365079365079364,0.0006735276685166,-0.0012675393791743,-0.0004494261847988
2007-03-01,1427.0,1464.0,1423.0,1448.0,194700.0,1448.0,1499.0,1514.7,1485.64,1401.64,1342.545,False,False,False,False,False,False,True,True,False,True,False,-0.0303867403314917,-0.048342541436464,,,-0.0259944751381216,0.0320165745856352,-0.0193370165745856,-0.066988950276243,0.0013698239205502,-0.1029246715521225,1421.0,1343.0,0.841400172860847,0.0006192617323174,-5.426593619918866e-05,0.0002648410192081
2007-03-02,1440.0,1450.0,1424.0,1441.0,165800.0,1441.0,1477.0,1505.6,1485.4,1403.4133333333334,1341.94,False,False,False,False,False,False,False,True,False,True,False,-0.0381679389312977,-0.0430256766134628,,,-0.0308119361554476,0.0260837381448067,0.0034698126301179,-0.0624566273421235,0.0012635859238428,-0.1002922422954304,1417.0,1350.0,0.8515665125834617,-0.0001615726403662,-0.0007808343726836,-0.0001062379967074
2007-03-05,1429.0,1430.0,1373.0,1373.0,132800.0,1373.0,1442.6,1490.0,1482.08,1404.5866666666666,1341.115,False,False,False,False,False,False,False,True,False,True,False,0.0233066278222869,0.0196649672250546,,,-0.0794464675892206,-0.0230055838795823,0.0451565914056809,-0.0298616168973051,0.0008353584447143,-0.0944295302013423,1434.0,1338.0,0.8009650180940893,-0.0022400950016194,-0.0020785223612532,-0.0004282274791284
2007-03-06,1355.0,1385.0,1352.0,1378.0,163800.0,1378.0,1416.4,1476.3,1478.84,1406.3066666666666,1340.37,False,False,False,False,False,False,False,True,False,False,False,0.0036284470246734,0.0297532656023222,,,-0.0731785195936138,-0.0205418480890178,0.0341074020319303,-0.0500725689404934,0.0012230618262493,-0.0894127209916683,1422.0,1363.0,1.233433734939759,-0.0021909063860863,4.918861553305804e-05,0.000387703381535
2007-03-07,1377.0,1388.0,1343.0,1346.0,258700.0,1346.0,1397.2,1459.2,1473.36,1406.986666666667,1339.465,False,False,False,False,False,False,False,True,False,True,False,0.0044576523031203,0.100297176820208,,,-0.0946210995542347,-0.0453095591877168,0.0690936106983655,-0.025260029717682,0.0004833023767107,-0.0805235745614035,1429.0,1351.0,1.5793650793650793,-0.0037193896943041,-0.0015284833082177,-0.0007397594495386
2007-03-08,1353.0,1415.0,1353.0,1404.0,125800.0,1404.0,1388.4,1443.7,1470.56,1408.72,1339.045,False,False,False,False,False,False,False,True,False,False,False,-0.0185185185185185,0.0413105413105413,,,-0.0474074074074073,-0.0033618233618233,-0.0028490028490028,-0.0811965811965812,0.0012304314081812,-0.0740458544018841,1407.0,1362.0,0.4862775415539234,-0.0019040365575018,0.0018153531368023,0.0007471290314705
2007-03-09,1405.0,1408.0,1372.0,1386.0,220600.0,1386.0,1377.4,1427.2,1466.88,1410.1066666666666,1338.44,False,False,False,False,False,False,False,True,False,True,False,-0.005050505050505,0.0656565656565656,,,-0.0583549783549784,-0.0173929773929773,0.0101010101010101,-0.075036075036075,0.0009833771440457,-0.0687359865470852,1391.0,1384.0,1.753577106518283,-0.0025087260034902,-0.0006046894459884,-0.0002470542641355
2007-03-12,1395.0,1410.0,1390.0,1405.0,128100.0,1405.0,1383.8,1413.2,1463.16,1412.253333333333,1338.1,False,False,False,False,False,False,False,True,False,True,False,-0.0035587188612099,0.0177935943060498,,,-0.0413950177935943,-0.005162514827995,-0.0256227758007117,-0.0790035587188612,0.0015200294564713,-0.063897537503538,1378.0,1401.0,0.5806890299184043,-0.002542442384975,-3.371638148471495e-05,0.0005366523124256
2007-03-13,1400.0,1407.0,1377.0,1383.0,166300.0,1383.0,1384.8,1400.6,1459.36,1414.72,1337.755,False,False,False,False,False,False,False,True,False,True,False,0.0260303687635574,0.0166305133767172,,,-0.0552133044107013,-0.0229356471438901,0.0115690527838033,-0.0477223427331887,0.0017435723441153,-0.0583321433671282,1428.0,1393.0,1.2982045277127243,-0.0026038811533824,-6.143876840742496e-05,0.000223542887644
2007-03-14,1363.0,1369.0,1351.0,1352.0,142400.0,1352.0,1386.0,1391.6,1454.04,1416.8533333333332,1337.235,False,False,False,False,False,False,False,True,False,True,False,0.0954142011834319,0.0599112426035502,,,-0.075473372781065,-0.0479684418145955,0.0340236686390532,-0.0266272189349112,0.0015056839569373,-0.0547571141132508,1444.0,1403.0,0.8562838244137102,-0.0036587714230694,-0.001054890269687,-0.000237888387178
2007-03-15,1355.0,1385.0,1355.0,1378.0,169300.0,1378.0,1380.8,1384.6,1451.04,1418.88,1336.785,False,False,False,False,False,False,False,True,False,False,False,0.0609579100145137,0.0820029027576197,,,-0.0530043541364295,-0.0296661828737301,0.0326560232220609,-0.0413642960812772,0.0014283566380996,-0.052145023833598,1444.0,1394.0,1.1889044943820224,-0.0020674826331458,0.0015912887899235,-7.73273188376764e-05
2007-03-16,1394.0,1395.0,1360.0,1379.0,195100.0,1379.0,1379.4,1378.4,1449.64,1421.04,1336.3,False,False,False,False,False,False,False,True,False,False,False,0.0710659898477157,0.0079767947788252,,,-0.0512255257432923,-0.0304858593183466,0.024655547498187,-0.0500362581580855,0.0015200135112311,-0.050856065002902,1435.0,1400.0,1.1523922031896043,-0.0009657570155347,0.001101725617611,9.16568731314316e-05
2007-03-19,1380.0,1409.0,1368.0,1400.0,164800.0,1400.0,1378.4,1381.1,1447.76,1423.24,1335.985,False,False,False,False,False,False,False,True,False,True,False,0.0214285714285714,0.0107142857142857,,,-0.0341142857142857,-0.0166,-0.0014285714285714,-0.0592857142857142,0.0015457688091959,-0.0537976974875099,1436.0,1394.0,0.8446950281906714,-0.0012985577720064,-0.0003328007564716,2.5755297964842388e-05
2007-03-20,1401.0,1425.0,1398.0,1419.0,140800.0,1419.0,1385.6,1385.2,1445.76,1425.493333333333,1335.735,False,False,False,False,False,False,False,True,False,True,False,-0.0091613812544045,0.011275546159267,,,-0.0188583509513742,-0.004575992482969,-0.0324171952078928,-0.0634249471458773,0.0015807392996107,-0.0551544903263067,1437.0,1357.0,0.8543689320388349,-0.0013833554670208,-8.479769501432035e-05,3.497049041478262e-05
2007-03-22,1450.0,1489.0,1431.0,1481.0,301500.0,1481.0,1411.4,1398.7,1445.72,1428.1066666666666,1336.055,False,False,False,False,True,False,False,True,False,False,False,-0.0324105334233625,-0.0432140445644834,,,0.0238217420661714,0.0357146072473554,-0.0614449696151249,-0.1181634031060094,0.0018299286701274,-0.0647029384428397,1417.0,1389.0,2.141335227272727,-2.7667874830509105e-05,0.0013556875921902,0.0002491893705167
2007-03-23,1472.0,1472.0,1426.0,1462.0,259800.0,1462.0,1428.2,1404.5,1445.36,1429.6933333333334,1336.26,False,False,False,False,False,False,False,True,False,True,False,0.0198358413132694,-0.0287277701778385,,,0.0113816689466484,0.0220975832193342,-0.042407660738714,-0.1121751025991792,0.0011097951075756,-0.0679957280170879,1425.0,1394.0,0.8616915422885573,-0.0002490728953341,-0.0002214050205036,-0.0007201335625518
2007-03-26,1443.0,1483.0,1435.0,1477.0,212700.0,1477.0,1447.8,1413.6,1443.16,1431.3866666666668,1336.495,False,False,False,False,False,False,False,True,False,True,False,-0.0589031821259309,-0.0209884901828029,,,0.0229113067027758,0.0308824193184382,-0.0616113744075829,-0.1137440758293838,0.0011830020306649,-0.0720854555744198,1447.0,1429.0,0.8187066974595842,-0.0015244324953572,-0.0012753596000231,7.32069230893178e-05
2007-03-27,1463.0,1463.0,1418.0,1430.0,229400.0,1430.0,1453.8,1416.1,1439.2,1432.6133333333332,1336.575,False,False,False,False,False,True,False,True,False,True,False,-0.0104895104895104,0.0034965034965034,,,-0.0064335664335664,-0.0018275058275057,-0.037062937062937,-0.0825174825174825,0.0008562440667868,-0.072452510415931,1456.0,1405.0,1.078514339445228,-0.002751528627015,-0.0012270961316577,-0.000326757963878
2007-03-28,1415.0,1430.0,1388.0,1406.0,315300.0,1406.0,1451.2,1418.4,1434.84,1433.1866666666667,1336.775,False,False,False,False,False,False,False,True,False,True,False,0.0206258890469416,0.0135135135135135,,,-0.0205120910384067,-0.0193361782835467,-0.0106685633001422,-0.0668563300142247,0.0004000409344213,-0.0743090806542583,1459.0,1419.0,1.374455100261552,-0.0030386663321346,-0.0002871377051196,-0.0004562031323655
2007-03-29,1376.0,1439.0,1355.0,1433.0,301000.0,1433.0,1441.6,1426.5,1431.48,1434.28,1337.275,False,False,True,False,False,False,False,True,False,False,False,-0.0111653872993719,0.0041870202372644,,,0.0010607117934403,-0.0008932309839497,-0.04675505931612,-0.1032798325191905,0.000762287233548,-0.08173852085524,1483.0,1408.0,0.9546463685379004,-0.0023472210579259,0.0006914452742086,0.0003622462991267
2007-03-30,1434.0,1493.0,1404.0,1491.0,427200.0,1491.0,1447.4,1437.8,1428.76,1436.0,1338.2,False,False,False,False,False,False,False,True,False,False,False,-0.0476190476190476,-0.0610328638497652,,,0.0417437961099933,0.0368879946344735,-0.0932260228034875,-0.1287726358148893,0.0011977715877437,-0.0904854639031853,1474.0,1421.0,1.4192691029900333,-0.0019037487051709,0.000443472352755,0.0004354843541957
2007-04-02,1471.0,1473.0,1386.0,1390.0,323500.0,1390.0,1430.0,1438.9,1422.32,1436.08,1338.535,False,False,False,False,False,False,False,True,False,True,False,0.0402877697841726,0.0071942446043165,,,-0.023251798561151,-0.0331510791366905,-0.0244604316546762,-0.0856115107913669,5.5707202941289655e-05,-0.0938911668635764,1478.0,1417.0,0.7572565543071161,-0.0045278137128072,-0.0026240650076363,-0.0011420643848024
2007-04-03,1400.0,1418.0,1392.0,1415.0,307000.0,1415.0,1427.0,1440.4,1417.12,1436.2666666666669,1338.68,False,False,False,False,False,False,False,True,False,False,False,0.0141342756183745,-0.0325088339222614,,,-0.0014982332155476,-0.0150294464075384,-0.03886925795053,-0.119434628975265,0.0001299665800224,-0.0997639544570952,1498.0,1434.0,0.9489953632148376,-0.0036694140228068,0.0008583996900004,7.425937708118874e-05
2007-04-04,1416.0,1440.0,1416.0,1435.0,124400.0,1435.0,1432.8,1442.0,1414.16,1436.8266666666666,1339.13,False,False,False,False,False,False,False,True,False,False,False,-0.0069686411149825,-0.0250871080139372,,,0.0145226480836236,-0.0012729384436701,-0.0710801393728223,-0.1331010452961672,0.0003897477775095,-0.1066574202496532,1478.0,1422.0,0.4052117263843648,-0.0020931153476267,0.0015762986751801,0.000259781197487
2007-04-05,1430.0,1430.0,1415.0,1417.0,175400.0,1417.0,1429.6,1435.6,1413.16,1437.013333333333,1339.585,False,False,False,False,False,False,False,True,False,False,False,0.0155257586450247,-0.0134086097388849,,,0.0027099505998587,-0.0141237355916253,-0.0896259703599153,-0.1376146788990825,0.0001298990498811,-0.1085260518250208,1485.0,1429.0,1.409967845659164,-0.0007076339551077,0.001385481392519,-0.0002598487276283
2007-04-06,1429.0,1440.0,1412.0,1420.0,138600.0,1420.0,1415.4,1431.4,1412.04,1437.36,1339.99,False,False,False,False,False,False,False,True,False,True,False,-0.0140845070422535,0.002112676056338,,,0.0056056338028169,-0.0122253521126759,-0.0654929577464788,-0.1612676056338028,0.000241182909408,-0.1133854967165014,1453.0,1407.0,0.790193842645382,-0.000793178663494,-8.554470838633386e-05,0.0001112838595269
2007-04-09,1424.0,1446.0,1424.0,1446.0,106500.0,1446.0,1426.6,1428.3,1412.24,1437.9733333333334,1340.37,False,False,False,False,False,False,True,True,False,False,False,-0.0318118948824343,-0.0228215767634854,,,0.0233471645919778,0.0055509451360073,-0.0933609958506224,-0.2040110650069156,0.0004265262220904,-0.1225232794230904,1414.0,1391.0,0.7683982683982684,0.0001416189882739,0.000934797651768,0.0001853433126823
2007-04-10,1453.0,1453.0,1430.0,1435.0,137600.0,1435.0,1430.6,1428.8,1414.72,1438.52,1340.82,False,False,False,False,False,False,True,True,True,False,False,-0.045993031358885,-0.0257839721254355,,,0.0141324041811846,-0.0024529616724738,-0.0662020905923344,-0.2111498257839721,0.0003800202059523,-0.1354283314669652,1447.0,1378.0,1.292018779342723,0.0017529970594888,0.0016113780712148,-4.650601613805127e-05
2007-04-11,1431.0,1445.0,1417.0,1425.0,116000.0,1425.0,1428.6,1430.7,1416.6,1439.4266666666667,1341.045,False,False,False,False,False,False,True,True,False,True,False,-0.0182456140350877,-0.0364912280701754,,,0.0058947368421053,-0.0101239766081871,-0.0442105263157894,-0.191578947368421,0.0006298804153506,-0.147759837841616,1469.0,1428.0,0.8430232558139535,0.0013271212762952,-0.0004258757831935,0.0002498602093982
2007-04-12,1444.0,1444.0,1421.0,1439.0,183900.0,1439.0,1433.0,1431.3,1420.32,1440.0933333333332,1341.325,False,False,False,False,False,False,True,True,False,False,False,-0.0284920083391243,-0.0340514246004169,,,0.0129812369701181,-0.0007597868890432,-0.0479499652536483,-0.2077831827658096,0.0004629329580489,-0.1582477468036051,1482.0,1444.0,1.585344827586207,0.0026191280838121,0.0012920068075168,-0.0001669474573017
2007-04-13,1433.0,1438.0,1394.0,1400.0,163300.0,1400.0,1429.0,1422.2,1420.16,1440.1733333333334,1341.205,False,False,False,False,False,False,False,True,False,True,False,0.0164285714285714,0.0,,,-0.0144,-0.0286952380952381,-0.0257142857142857,-0.1507142857142857,5.554886911771357e-05,-0.1605962593165519,1471.0,1444.0,0.8879825992387167,-0.0001126633618746,-0.0027317914456867,-0.0004073840889311
2007-04-16,1420.0,1423.0,1397.0,1400.0,151700.0,1400.0,1419.8,1423.2,1420.72,1439.7866666666666,1341.33,False,False,False,False,False,False,True,False,False,False,False,0.0092857142857142,-0.01,,,-0.0148,-0.0284190476190475,-0.0321428571428571,-0.1307142857142857,-0.0002685583049341,-0.1649803260258572,1532.0,1435.0,0.92896509491733,0.0003941663381946,0.0005068297000692,-0.0003241071740518
2007-04-17,1388.0,1400.0,1362.0,1369.0,220900.0,1369.0,1406.6,1418.6,1419.28,1439.3066666666666,1341.33,False,False,False,False,False,False,False,False,False,True,False,0.0211833455076698,0.0058436815193571,,,-0.0367275383491599,-0.0513562210859507,-0.0168005843681519,-0.0927684441197954,-0.0003334939044725,-0.16255463132666,1529.0,1436.0,1.4561634805537245,-0.0010145989515811,-0.0014087652897758,-6.493559953840055e-05
2007-04-18,1360.0,1407.0,1360.0,1399.0,278600.0,1399.0,1401.4,1415.0,1419.92,1439.04,1341.6,False,False,False,False,False,False,True,False,False,False,False,-0.0185847033595425,-0.0057183702644746,,,-0.0149535382416011,-0.0286204431736954,-0.0207290922087205,-0.132952108649035,-0.0001853087243347,-0.1626148409893992,1515.0,1437.0,1.2612041647804435,0.0004507296185701,0.0014653285701512,0.0001481851801378
2007-04-19,1401.0,1409.0,1390.0,1398.0,164400.0,1398.0,1393.2,1413.1,1421.76,1438.9066666666668,1341.995,False,False,False,False,False,False,True,False,True,False,False,-0.0057224606580829,-0.0228898426323319,,,-0.0169957081545064,-0.0292608488316643,-0.0329041487839771,-0.1452074391988555,-9.266294779361092e-05,-0.1633996178614393,1517.0,1417.0,0.5900933237616655,0.0012941706054467,0.0008434409868765,9.264577654112024e-05
2007-04-20,1408.0,1429.0,1398.0,1423.0,276600.0,1423.0,1397.8,1413.4,1423.56,1438.9333333333334,1342.3,False,False,False,False,False,False,True,True,False,True,False,-0.0161630358397751,-0.0498945888966971,,,-0.000393534785664,-0.0111970016397283,-0.0330288123682361,-0.2508784258608573,1.8532246108211465e-05,-0.1724211122116881,1559.0,1425.0,1.6824817518248176,0.0012644356402258,-2.973496522083209e-05,0.0001111951939018
2007-04-23,1403.0,1416.0,1398.0,1413.0,194800.0,1413.0,1400.4,1410.1,1424.92,1438.88,1342.34,False,False,False,False,False,False,True,False,False,True,False,-0.019108280254777,-0.0403397027600849,,,-0.0084359518754423,-0.0183156404812456,-0.0077848549186128,-0.267515923566879,-3.70658660439264e-05,-0.1787107297354797,1551.0,1447.0,0.7042660882140275,0.0009544395474834,-0.0003099960927424,-5.559811215213787e-05
2007-04-24,1393.0,1401.0,1375.0,1398.0,132800.0,1398.0,1406.2,1406.4,1424.84,1438.4,1342.39,False,False,False,False,False,False,False,False,False,True,False,-0.0150214592274678,-0.0271816881258941,,,-0.0191988555078683,-0.028898426323319,-0.0157367668097281,-0.1573676680972818,-0.0003337041156841,-0.1732792946530148,1545.0,1456.0,0.6817248459958932,-5.614665506313314e-05,-0.0010105862025465,-0.0002966382496401
2007-04-25,1378.0,1397.0,1364.0,1373.0,138600.0,1373.0,1401.0,1401.2,1423.0,1437.746666666667,1342.045,False,False,False,False,False,False,False,False,False,True,False,0.0131099781500364,-0.0291332847778587,,,-0.0364166059723233,-0.0471570769604274,0.0058266569555717,-0.1056081573197378,-0.0004544147786813,-0.1647873251498716,1509.0,1459.0,1.0436746987951808,-0.0012930428671819,-0.0012368962121188,-0.0001207106629972
2007-04-26,1390.0,1394.0,1376.0,1390.0,86500.0,1390.0,1399.4,1396.3,1419.36,1437.2266666666667,1341.9,False,False,False,False,False,False,False,False,False,True,False,-0.0172661870503597,-0.0719424460431654,,,-0.0211223021582733,-0.0339760191846523,-0.0028776978417266,-0.1244604316546762,-0.0003618079263768,-0.1563417603666833,1442.0,1483.0,0.6240981240981242,-0.0025645361289596,-0.0012714932617776,9.260685230448708e-05
2007-04-27,1396.0,1408.0,1385.0,1400.0,121900.0,1400.0,1394.8,1396.3,1416.88,1437.1333333333334,1342.01,False,False,False,False,False,False,False,False,False,False,False,-0.0342857142857142,-0.0521428571428571,,,-0.0120571428571429,-0.0265238095238096,0.005,-0.1714285714285714,-6.494410168384871e-05,-0.1584186779345413,1448.0,1474.0,1.4092485549132947,-0.0017503246569926,0.0008142114719669,0.000296863824693
2007-05-01,1409.0,1410.0,1382.0,1386.0,118600.0,1386.0,1389.4,1394.9,1413.24,1437.0666666666666,1342.08,False,False,False,False,False,False,False,False,False,True,False,-0.0216450216450216,-0.0541125541125541,,,-0.0196536796536796,-0.0368446368446368,0.005050505050505,-0.2308802308802308,-4.639079606617652e-05,-0.1683991683991684,1441.0,1478.0,0.9729286300246104,-0.0025756417876652,-0.0008253171306726,1.855330561767219e-05
2007-05-02,1366.0,1382.0,1364.0,1377.0,107100.0,1377.0,1385.2,1395.7,1411.12,1437.0533333333333,1342.18,False,False,False,False,False,False,False,False,False,False,False,-0.0123456790123456,-0.0268700072621641,,,-0.0247785039941901,-0.0436117162914548,0.0058097312999273,-0.2156862745098039,-9.278245298240757e-06,-0.1804829118005302,1373.0,1498.0,0.903035413153457,-0.0015023527410851,0.0010732890465801,3.711255076793577e-05
2007-05-07,1385.0,1398.0,1381.0,1391.0,127100.0,1391.0,1388.8,1394.9,1410.52,1436.56,1342.495,False,False,False,False,False,False,False,False,False,False,False,-0.0416966211358734,-0.0208483105679367,,,-0.0140330697340043,-0.0327534148094895,-0.0230050323508267,-0.1833213515456506,-0.0003434129680161,-0.1855330131192201,1378.0,1478.0,1.1867413632119514,-0.0004253750389926,0.0010769777020925,-0.0003341347227179
2007-05-08,1394.0,1394.0,1361.0,1366.0,139800.0,1366.0,1384.0,1391.7,1407.84,1435.52,1342.7,False,False,False,False,False,False,False,False,False,True,False,-0.0556368960468521,0.0029282576866764,,,-0.0306295754026353,-0.0508931185944363,-0.0204978038067349,-0.1969253294289897,-0.000724476148016,-0.1907020191133147,1346.0,1485.0,1.099921321793863,-0.0019036254119786,-0.001478250372986,-0.0003810631799998
2007-05-09,1362.0,1370.0,1337.0,1352.0,198300.0,1352.0,1374.4,1384.6,1402.28,1434.2933333333333,1342.95,False,False,False,False,False,False,False,False,False,True,False,-0.018491124260355,0.0088757396449704,,,-0.037189349112426,-0.0608678500986193,-0.0096153846153846,-0.1331360946745562,-0.0008552411408173,-0.1788964321825797,1404.0,1453.0,1.4184549356223175,-0.0039649713324014,-0.0020613459204227,-0.0001307649928013
2007-05-10,1354.0,1373.0,1350.0,1356.0,185500.0,1356.0,1368.4,1378.9,1400.92,1433.24,1343.305,False,False,False,False,False,False,False,False,False,False,False,-0.0331858407079646,-0.0007374631268436,,,-0.0331268436578171,-0.0569616519174041,0.0022123893805309,-0.1275811209439528,-0.0007349315769398,-0.164769018783088,1386.0,1414.0,0.935451336359052,-0.0009707906233046,0.0029941807090968,0.0001203095638774
2007-05-11,1353.0,1367.0,1345.0,1360.0,140400.0,1360.0,1365.0,1375.1,1398.72,1432.2266666666667,1343.905,False,False,False,False,False,False,False,False,False,True,False,-0.0147058823529411,-0.0102941176470588,,,-0.0284705882352941,-0.0531078431372549,-0.0029411764705882,-0.1279411764705882,-0.0007075230177718,-0.1618791360628317,1405.0,1447.0,0.7568733153638814,-0.0015728666209105,-0.0006020759976059,2.740855916800729e-05
2007-05-14,1375.0,1380.0,1329.0,1333.0,151000.0,1333.0,1353.4,1371.1,1394.64,1430.84,1344.5,False,False,False,False,False,False,False,False,False,True,False,0.0217554388597149,0.0277569392348087,,,-0.0462415603900976,-0.0733983495873967,0.0180045011252813,-0.1380345086271568,-0.000969127691892,-0.165195828167165,1383.0,1469.0,1.0754985754985755,-0.0029254861469626,-0.001352619526052,-0.0002616046741201
2007-05-15,1293.0,1336.0,1230.0,1290.0,474700.0,1290.0,1338.2,1361.1,1389.56,1429.1466666666668,1344.54,False,False,False,False,False,False,False,False,False,True,False,0.0620155038759689,0.0480620155038759,,,-0.0771782945736433,-0.1078656330749354,0.0472868217054263,-0.0930232558139534,-0.0011848562312241,-0.1625156123723457,1352.0,1482.0,3.143708609271523,-0.0036558335012523,-0.0007303473542897,-0.000215728539332
2007-05-16,1320.0,1336.0,1283.0,1327.0,336700.0,1327.0,1333.2,1353.8,1385.84,1427.84,1344.615,False,False,False,False,False,False,False,False,False,False,False,0.0278824415975885,0.0369253956292388,,,-0.0443406179351921,-0.0759909570459682,0.0180859080633006,-0.0896759608138658,-0.0009151352158973,-0.154454129118038,1378.0,1471.0,0.7092900779439646,-0.0026842925590255,0.0009715409422267,0.0002697210153267
2007-05-17,1307.0,1321.0,1284.0,1311.0,359200.0,1311.0,1324.2,1346.3,1380.44,1426.0266666666666,1344.5,False,False,False,False,False,False,False,False,False,True,False,0.0335621662852784,0.0694126620900076,,,-0.0529672006102212,-0.0877396389524535,0.030511060259344,-0.0465293668954996,-0.0012715984740817,-0.1360766545346505,1379.0,1532.0,1.0668250668250667,-0.0039117962388802,-0.0012275036798546,-0.0003564632581844
2007-05-18,1312.0,1350.0,1293.0,1340.0,352200.0,1340.0,1320.2,1342.6,1376.64,1424.48,1344.665,False,False,False,False,False,False,False,False,False,False,False,0.0044776119402985,0.026865671641791,,,-0.0273432835820896,-0.063044776119403,-0.0059701492537313,-0.0626865671641791,-0.0010857763300759,-0.1205869208997466,1400.0,1529.0,0.9805122494432073,-0.0027603440260343,0.0011514522128458,0.0001858221440058
2007-05-21,1325.0,1368.0,1295.0,1362.0,452700.0,1362.0,1326.0,1339.7,1374.12,1423.1866666666667,1345.01,False,False,False,False,False,False,False,False,False,False,False,0.0058737151248164,0.013950073421439,,,-0.0088986784140968,-0.0449241311796378,-0.0389133627019089,-0.0814977973568281,-0.000908758747974,-0.1100992759573038,1419.0,1515.0,1.2853492333901193,-0.0018339009693478,0.0009264430566865,0.0001770175821019
2007-05-22,1322.0,1378.0,1316.0,1370.0,397700.0,1370.0,1342.0,1340.1,1371.36,1421.68,1345.37,False,False,False,False,False,False,False,False,False,True,False,-0.0131386861313868,0.0116788321167883,,,-0.0009927007299269,-0.0377226277372263,-0.0423357664233576,-0.1197080291970802,-0.0010597790407592,-0.1022311767778524,1481.0,1517.0,0.8785067373536558,-0.0020126006300314,-0.0001786996606836,-0.0001510202927852
2007-05-23,1371.0,1382.0,1361.0,1364.0,208800.0,1364.0,1349.4,1341.3,1369.92,1420.2133333333334,1345.72,False,False,False,False,False,False,False,False,False,False,False,0.0087976539589442,0.031524926686217,,,-0.0043401759530792,-0.0412121212121212,-0.0542521994134897,-0.1011730205278592,-0.0010327087010402,-0.0990084246626406,1462.0,1559.0,0.525018858436007,-0.0010511562718989,0.0009614443581325,2.707033971904448e-05
2007-05-24,1350.0,1365.0,1331.0,1355.0,204000.0,1355.0,1358.2,1341.2,1368.12,1418.5733333333333,1345.995,False,False,False,False,False,False,False,False,False,True,False,0.0346863468634686,0.0280442804428044,,,-0.0096826568265681,-0.0469175891758917,-0.0538745387453874,-0.1011070110701107,-0.0011560910962188,-0.0963316433045034,1477.0,1551.0,0.9770114942528736,-0.0013156740636787,-0.0002645177917797,-0.0001233823951785
2007-05-25,1350.0,1352.0,1325.0,1346.0,242300.0,1346.0,1359.4,1339.8,1367.2,1416.5466666666666,1346.385,False,False,False,False,False,False,False,False,False,False,False,0.0222882615156017,0.0289747399702823,,,-0.0157503714710252,-0.0524120851906884,-0.038632986627043,-0.1210995542347696,-0.0014307094247983,-0.0956112852664576,1430.0,1545.0,1.1877450980392157,-0.0006729081334112,0.0006427659302675,-0.0002746183285795
2007-05-28,1366.0,1376.0,1352.0,1370.0,179700.0,1370.0,1361.0,1343.5,1366.04,1415.1066666666666,1346.925,False,False,False,False,True,False,False,False,False,True,True,0.0080291970802919,-0.0080291970802919,,,0.0028905109489051,-0.0329245742092456,-0.0386861313868613,-0.1284671532846715,-0.0010175911356505,-0.0947525120952735,1406.0,1509.0,0.741642591828312,-0.0008491698632544,-0.0001762617298431,0.0004131182891477
2007-05-29,1353.0,1362.0,1336.0,1352.0,166400.0,1352.0,1357.4,1349.7,1364.2,1413.3333333333333,1347.41,False,False,False,False,False,False,False,False,False,True,False,0.0251479289940828,-0.0103550295857988,,,-0.0090236686390532,-0.0453648915187376,-0.0266272189349112,-0.1146449704142011,-0.001254716981132,-0.0969104245387863,1433.0,1442.0,0.9259877573734,-0.0013487758393196,-0.0004996059760652,-0.0002371258454814
2007-05-30,1360.0,1378.0,1345.0,1376.0,266300.0,1376.0,1359.8,1354.6,1362.32,1412.3066666666666,1347.885,False,False,False,False,False,False,False,False,False,True,False,0.0225290697674418,-0.0268895348837209,,,0.0099418604651163,-0.0263856589147286,-0.0399709302325581,-0.1518895348837209,-0.0007269431568214,-0.1032038978296175,1491.0,1448.0,1.6003605769230769,-0.0013799988255329,-3.122298621330679e-05,0.0005277738243106
2007-05-31,1365.0,1405.0,1354.0,1402.0,314500.0,1402.0,1369.2,1363.7,1361.88,1412.1466666666668,1348.71,False,False,False,False,False,False,False,False,False,False,False,-0.0064194008559201,-0.0306704707560627,,,0.0286162624821682,-0.0072372800760818,-0.0656205420827389,-0.1604850213980028,-0.000113302678664,-0.1145413214050011,1390.0,1441.0,1.180998873450995,-0.0003230827973094,0.0010569160282235,0.0006136404781573
2007-06-01,1405.0,1408.0,1375.0,1376.0,205500.0,1376.0,1375.2,1367.3,1361.0,1411.2,1349.335,False,False,False,False,False,False,False,False,False,True,False,0.0065406976744186,-0.0145348837209302,,,0.0109011627906976,-0.0255813953488372,-0.0428779069767441,-0.1417151162790697,-0.0006708238851096,-0.1223579316901923,1415.0,1373.0,0.6534181240063593,-0.0006465833945629,-0.0003235005972534,-0.0005575212064455
2007-06-04,1398.0,1398.0,1373.0,1381.0,131200.0,1381.0,1377.4,1369.2,1361.32,1410.0266666666666,1349.99,False,False,False,False,False,False,True,False,False,False,False,-0.0159304851556842,-0.0173787110789283,,,0.0142505430847212,-0.0210185855660149,-0.0376538740043446,-0.1223750905141202,-0.000832135562448,-0.1264241893076249,1435.0,1378.0,0.6384428223844282,0.0002350659653864,0.0008816493599493,-0.0001613116773384
2007-06-05,1370.0,1386.0,1365.0,1386.0,109200.0,1386.0,1384.2,1370.8,1361.16,1408.746666666667,1350.55,False,False,False,False,False,False,False,False,False,True,False,-0.0346320346320346,-0.0252525252525252,,,0.0179220779220778,-0.0164117364117365,-0.0577200577200577,-0.1406926406926407,-0.000908609070947,-0.1285380799533119,1417.0,1346.0,0.8323170731707317,-0.0001175467983189,-0.0003526127637054,-7.647350849900307e-05
2007-06-06,1387.0,1417.0,1383.0,1407.0,208800.0,1407.0,1390.4,1375.1,1361.44,1407.8933333333334,1351.255,False,False,False,False,False,False,True,False,False,False,False,-0.0483297796730632,-0.0398009950248756,,,0.0323809523809523,-0.0006349206349207,-0.0774697938877043,-0.1570717839374555,-0.0006061065232215,-0.1341720602138026,1420.0,1404.0,1.912087912087912,0.0002056645904336,0.0003232113887526,0.0003025025477254
2007-06-07,1387.0,1400.0,1381.0,1393.0,167800.0,1393.0,1388.6,1378.9,1361.72,1406.04,1351.82,False,False,False,False,False,False,True,False,False,True,False,-0.0244077530509691,-0.0301507537688442,,,0.0224551328068915,-0.0093610911701363,-0.0603015075376884,-0.1392677674084709,-0.0013181227655923,-0.1379360359707013,1446.0,1386.0,0.803639846743295,0.0002056223012072,-4.2289226361838176e-08,-0.0007120162423707
2007-06-08,1370.0,1390.0,1354.0,1385.0,179100.0,1385.0,1390.4,1382.8,1362.04,1404.12,1352.445,False,False,False,False,False,False,True,False,False,False,False,-0.0209386281588447,-0.0382671480144404,,,0.0165776173285198,-0.0138050541516244,-0.0527075812274368,-0.1018050541516245,-0.0013674044953423,-0.1359560312409603,1435.0,1405.0,1.067342073897497,0.0002349417050893,2.9319403882101355e-05,-4.928172974998112e-05
2007-06-11,1384.0,1390.0,1344.0,1359.0,199700.0,1359.0,1386.0,1381.7,1360.76,1402.04,1352.78,False,False,False,False,False,True,False,False,False,True,False,-0.0014716703458425,-0.0367917586460632,,,-0.0012950699043414,-0.0316703458425312,-0.0345842531272994,-0.0816777041942604,-0.0014835525377306,-0.1313599189404357,1425.0,1383.0,1.1150195421552205,-0.000940650812781,-0.0011755925178704,-0.0001161480423883
2007-06-12,1353.0,1359.0,1328.0,1338.0,124600.0,1338.0,1376.4,1380.3,1359.64,1399.6533333333334,1353.005,False,False,False,False,False,False,False,False,False,False,False,0.0097159940209267,-0.0194319880418535,,,-0.0161733931240658,-0.0460787244643747,-0.0396113602391629,-0.0530642750373692,-0.0017051841408347,-0.1254075201043251,1439.0,1352.0,0.6239359038557837,-0.0008237474625635,0.0001169033502175,-0.0002216316031041
2007-06-13,1341.0,1342.0,1323.0,1339.0,161500.0,1339.0,1362.8,1376.6,1359.12,1396.72,1353.15,False,False,False,False,False,False,False,False,False,False,False,0.0089619118745332,-0.0365944734876773,,,-0.0150261389096339,-0.0431067961165048,-0.0298730395817774,-0.0619865571321882,-0.0021001584665025,-0.1165916024989103,1400.0,1378.0,1.296147672552167,-0.00038260050621,0.0004411469563534,-0.0003949743256677
2007-06-14,1342.0,1364.0,1342.0,1359.0,119500.0,1359.0,1356.0,1372.3,1359.24,1394.16,1353.43,False,False,False,False,False,False,True,False,False,False,False,-0.0058866813833701,-0.0566593083149374,,,-0.0001766004415011,-0.0258719646799117,-0.0647534952170713,-0.0787343635025754,-0.0018362311355941,-0.1083582307075712,1400.0,1379.0,0.739938080495356,8.828462964606562e-05,0.0004708851358561,0.0002639273309083
2007-06-15,1342.0,1361.0,1341.0,1356.0,129700.0,1356.0,1350.2,1370.3,1359.08,1391.64,1353.735,False,False,False,False,False,False,False,False,False,True,False,-0.0176991150442477,-0.0457227138643067,,,-0.0022713864306784,-0.026283185840708,-0.0811209439528023,-0.053834808259587,-0.0018108131413296,-0.0996132233817412,1369.0,1400.0,1.0853556485355649,-0.0001177266974718,-0.0002060113271179,2.541799426451276e-05
2007-06-18,1361.0,1363.0,1348.0,1357.0,205300.0,1357.0,1349.8,1367.9,1360.04,1389.6133333333332,1354.115,False,False,False,False,False,False,True,False,False,False,False,-0.0353721444362564,-0.0294767870302137,,,-0.0022402358142962,-0.0240334070253008,-0.0832719233603537,-0.0545320560058953,-0.0014584392780727,-0.0928430440821697,1399.0,1419.0,1.582883577486507,0.0007058615923061,0.000823588289778,0.0003523738632569
2007-06-19,1357.0,1361.0,1344.0,1351.0,87000.0,1351.0,1352.4,1364.4,1362.48,1388.4,1354.45,False,False,False,False,False,False,True,False,True,False,False,-0.0288675055514433,-0.0259067357512953,,,-0.0084974093264248,-0.0276831976313842,-0.0954848260547742,-0.0629163582531458,-0.0008739076154805,-0.0850190559953092,1398.0,1481.0,0.4237700925474915,0.0017908519758088,0.0010849903835027,0.0005845316625921
2007-06-20,1362.0,1368.0,1345.0,1351.0,145500.0,1351.0,1354.8,1358.8,1363.44,1387.1066666666666,1354.845,False,False,False,False,False,False,True,False,False,True,False,-0.0451517394522575,-0.0222057735011102,,,-0.0092079940784604,-0.0267258820626695,-0.1184307920059215,-0.0555144337527757,-0.0009323964511262,-0.0746246688254341,1423.0,1462.0,1.6724137931034482,0.0007041013906002,-0.0010867505852085,-5.848883564571114e-05
2007-06-21,1351.0,1357.0,1346.0,1351.0,88900.0,1351.0,1353.2,1354.6,1365.04,1385.9066666666668,1355.41,False,False,False,False,False,False,True,False,False,False,False,-0.0510732790525536,-0.0303478904515173,,,-0.0103923019985195,-0.0258376511226252,-0.1480384900074019,-0.0651369356032568,-0.0008658591728157,-0.0670308578178059,1413.0,1477.0,0.6109965635738832,0.0011721268241223,0.000468025433522,6.653727831048162e-05
2007-06-22,1332.0,1335.0,1321.0,1332.0,148700.0,1332.0,1348.4,1349.3,1364.72,1385.36,1355.82,False,False,False,False,False,False,False,False,False,True,False,-0.0285285285285285,-0.0112612612612612,,,-0.0245645645645645,-0.0400600600600599,-0.1501501501501501,-0.0435435435435435,-0.0003946026063022,-0.0611428147928555,1398.0,1430.0,1.672665916760405,-0.000234480332962,-0.0014066071570843,0.0004712565665135
2007-06-25,1323.0,1328.0,1306.0,1309.0,135000.0,1309.0,1338.8,1344.3,1362.6,1384.44,1356.15,False,False,False,False,False,False,False,False,False,True,False,0.0061115355233002,0.0152788388082505,,,-0.0409472880061114,-0.0576317799847212,-0.119938884644767,-0.0511841100076394,-0.0006645286180692,-0.0580971509335713,1373.0,1406.0,0.9078681909885676,-0.0015558491119918,-0.0013213687790298,-0.000269926011767
2007-06-26,1301.0,1313.0,1279.0,1312.0,150500.0,1312.0,1331.0,1341.7,1360.28,1383.986666666667,1356.435,False,False,False,False,False,False,False,False,False,True,False,0.0030487804878048,-0.0045731707317073,,,-0.0367987804878048,-0.0548678861788619,-0.1310975609756097,-0.0434451219512195,-0.0003275561421592,-0.0571662815830662,1390.0,1433.0,1.114814814814815,-0.0017055312141617,-0.0001496821021698,0.00033697247591
2007-06-27,1312.0,1316.0,1287.0,1290.0,183500.0,1290.0,1318.8,1336.8,1357.32,1382.4666666666667,1356.72,False,False,False,False,False,False,False,False,False,True,False,0.0240310077519379,0.0062015503875968,,,-0.0521860465116278,-0.0716795865633075,-0.0782945736434108,-0.0488372093023255,-0.0010994840140812,-0.0558797127468582,1400.0,1491.0,1.219269102990033,-0.0021807679839684,-0.0004752367698066,-0.000771927871922
2007-06-28,1289.0,1294.0,1273.0,1282.0,234400.0,1282.0,1305.0,1329.1,1354.4,1381.08,1356.865,False,False,False,False,False,False,False,False,False,False,False,0.0218408736349454,0.0210608424336973,,,-0.0564742589703588,-0.0772854914196567,-0.0507020280811232,-0.0444617784711388,-0.0010040451434144,-0.0524415017681136,1386.0,1390.0,1.277384196185286,-0.0021559362079148,2.483177605360539e-05,9.5438870666855e-05
2007-06-29,1277.0,1300.0,1274.0,1294.0,160200.0,1294.0,1297.4,1322.9,1352.32,1379.6,1357.06,False,False,False,False,False,False,False,False,False,False,False,0.017774343122102,0.0139103554868624,,,-0.0450695517774342,-0.0661514683153013,-0.0401854714064915,-0.044049459041731,-0.0010727747173093,-0.0514778138937184,1377.0,1415.0,0.6834470989761092,-0.001538097491718,0.0006178387161967,-6.872957389497084e-05
2007-07-02,1297.0,1325.0,1297.0,1317.0,220900.0,1317.0,1299.0,1318.9,1350.2,1378.72,1357.205,False,False,False,False,False,False,False,False,False,True,False,0.0091116173120728,-0.0037965072133637,,,-0.025208807896735,-0.0468640850417616,-0.078967350037965,-0.0759301442672741,-0.0006382731809213,-0.0536052771248768,1391.0,1435.0,1.3789013732833957,-0.0015701377573691,-3.20402656511468e-05,0.000434501536388
2007-07-03,1323.0,1342.0,1311.0,1316.0,186800.0,1316.0,1299.8,1315.4,1348.76,1378.24,1357.345,False,False,False,False,False,False,False,False,False,False,False,-0.0075987841945288,-0.0235562310030395,,,-0.0248936170212765,-0.0472948328267477,-0.0919452887537994,-0.1063829787234042,-0.00034827025772,-0.0579291470275201,1366.0,1417.0,0.8456315074694432,-0.0010676473205018,0.0005024904368673,0.0002900029232013
2007-07-04,1335.0,1335.0,1318.0,1321.0,174500.0,1321.0,1306.0,1312.4,1346.56,1377.48,1357.56,False,False,False,False,False,False,False,False,False,True,False,-0.0174110522331567,-0.0166540499621498,,,-0.0193489780469341,-0.0427554882664648,-0.1930355791067373,-0.1059803179409538,-0.0005517321485611,-0.0630143249009448,1352.0,1420.0,0.934154175588865,-0.0016337927756654,-0.0005661454551635,-0.0002034618908411
2007-07-05,1301.0,1323.0,1300.0,1310.0,98100.0,1310.0,1311.6,1308.3,1342.88,1376.56,1357.835,False,False,False,False,False,False,False,False,False,True,False,-0.0007633587786259,-0.0297709923664122,,,-0.0250992366412214,-0.0508091603053434,-0.2099236641221374,-0.083206106870229,-0.0006683326553147,-0.0648169380111594,1356.0,1446.0,0.5621776504297994,-0.0027403788871677,-0.0011065861115023,-0.0001166005067536
2007-07-06,1305.0,1323.0,1304.0,1317.0,124200.0,1317.0,1316.2,1306.8,1340.52,1375.4533333333334,1358.265,False,False,False,False,False,False,False,False,False,False,False,-0.0037965072133637,-0.0539104024297646,,,-0.0178587699316628,-0.0443837003290306,-0.105542900531511,-0.082004555808656,-0.0008045832162001,-0.0687174778083868,1360.0,1435.0,1.2660550458715596,-0.0017605108465372,0.0009798680406304,-0.0001362505608854
2007-07-09,1317.0,1337.0,1312.0,1329.0,165300.0,1329.0,1318.6,1308.8,1338.44,1374.253333333333,1358.87,False,False,False,False,False,False,False,False,False,False,False,-0.0127915726109857,-0.0639578630549285,,,-0.0071030850263356,-0.0340506646601453,-0.0759969902182091,-0.1038374717832957,-0.0008732014475741,-0.0740372860635695,1333.0,1425.0,1.3309178743961352,-0.0015540479961745,0.0002064628503626,-6.861823137399006e-05
2007-07-10,1318.0,1320.0,1295.0,1306.0,154000.0,1306.0,1316.6,1308.2,1335.24,1371.92,1359.27,False,False,False,False,False,False,False,False,False,True,False,-0.0160796324655436,-0.0643185298621745,,,-0.0223889739663093,-0.0504747320061256,-0.0681470137825421,-0.0941807044410413,-0.0017007794429216,-0.0791163430668093,1290.0,1439.0,0.9316394434361768,-0.0023965729007519,-0.0008425249045773,-0.0008275779953474
2007-07-11,1303.0,1313.0,1292.0,1298.0,114700.0,1298.0,1312.0,1309.0,1330.88,1369.7333333333331,1359.63,False,False,False,False,False,False,False,False,False,True,False,0.0007704160246533,-0.0824345146379044,,,-0.025331278890601,-0.0552645095017974,-0.1063174114021571,-0.0677966101694915,-0.001596417794218,-0.080977845683728,1327.0,1400.0,0.7448051948051948,-0.0032760278913199,-0.0008794549905679,0.0001043616487035
2007-07-12,1318.0,1335.0,1303.0,1309.0,149500.0,1309.0,1311.8,1311.7,1327.52,1367.493333333333,1360.055,False,False,False,False,False,False,False,False,False,False,True,-0.029029793735676,-0.1207028265851795,,,-0.01414820473644,-0.0446855105678633,-0.1856378915202444,-0.0473644003055767,-0.0016380335796883,-0.0811923458107799,1311.0,1400.0,1.3034001743679162,-0.002531035313969,0.0007449925773509,-4.161578547032968e-05
2007-07-13,1317.0,1325.0,1308.0,1312.0,98600.0,1312.0,1310.8,1313.5,1324.6,1365.92,1360.57,False,False,False,False,False,False,False,False,False,False,False,-0.0503048780487804,-0.1371951219512195,,,-0.0096036585365852,-0.0410975609756098,-0.1768292682926829,-0.0571646341463414,-0.0011518488149621,-0.082451465550057,1340.0,1369.0,0.6595317725752509,-0.0022044390759475,0.0003265962380214,0.0004861847647262
2007-07-17,1315.0,1325.0,1305.0,1312.0,124700.0,1312.0,1307.4,1313.0,1322.72,1364.6666666666667,1361.02,False,False,False,False,False,False,False,False,False,False,False,-0.0518292682926829,-0.1219512195121951,,,-0.008170731707317,-0.0401422764227642,-0.1341463414634146,-0.0640243902439024,-0.0009184171958964,-0.0812642802741813,1362.0,1399.0,1.2647058823529411,-0.0014213136567073,0.0007831254192402,0.0002334316190656
2007-07-18,1302.0,1315.0,1279.0,1285.0,117600.0,1285.0,1303.2,1309.9,1320.6,1362.6933333333334,1361.395,False,False,False,False,False,False,False,False,False,True,False,-0.0490272373540856,-0.11284046692607,,,-0.0277042801556419,-0.060461738002594,-0.1463035019455253,-0.0879377431906614,-0.001448112561398,-0.0793953736926482,1370.0,1398.0,0.9430633520449078,-0.0016053309101924,-0.0001840172534851,-0.0005296953655016
2007-07-19,1287.0,1300.0,1287.0,1299.0,67000.0,1299.0,1303.4,1307.7,1319.0,1360.1333333333334,1361.905,False,False,False,False,False,False,False,False,False,False,False,-0.0831408775981524,-0.0846805234795996,,,-0.0153964588144726,-0.0470618424429048,-0.0977675134719014,-0.100846805234796,-0.0018821684148612,-0.07884071270169,1364.0,1423.0,0.5697278911564626,-0.0012130401819559,0.0003922907282364,-0.0004340558534632
2007-07-20,1297.0,1297.0,1268.0,1271.0,168400.0,1271.0,1295.8,1303.8,1315.48,1358.5466666666666,1362.305,False,False,False,False,False,False,False,False,False,True,False,-0.0944138473642801,-0.042486231313926,,,-0.0349960660896931,-0.0688801468659847,-0.069236821400472,-0.087332808811959,-0.0011679147324102,-0.0792299432428286,1355.0,1413.0,2.5134328358208955,-0.0026758293550642,-0.0014627891731083,0.000714253682451
2007-07-23,1251.0,1268.0,1238.0,1246.0,124200.0,1246.0,1282.6,1296.7,1311.08,1356.2933333333333,1362.365,False,False,False,False,False,False,False,False,False,True,False,-0.0914927768860353,-0.0032102728731942,,,-0.0522311396468699,-0.0885179240235419,-0.0481540930979133,-0.0914927768860353,-0.0016613908495703,-0.0801264748978176,1346.0,1398.0,0.7375296912114014,-0.003356011837569,-0.0006801824825047,-0.0004934761171601
2007-07-24,1235.0,1245.0,1230.0,1244.0,162300.0,1244.0,1269.0,1288.2,1306.56,1353.746666666667,1362.295,False,False,False,False,False,False,False,False,False,True,False,-0.0739549839228295,-0.0249196141479099,,,-0.050289389067524,-0.0882207931404074,-0.0763665594855305,-0.0683279742765273,-0.0018811988456725,-0.0765409097966155,1370.0,1373.0,1.3067632850241546,-0.0034594660788635,-0.0001034542412944,-0.0002198079961021
2007-07-25,1231.0,1233.0,1213.0,1222.0,120200.0,1222.0,1256.4,1279.8,1301.4,1351.1466666666668,1362.16,False,False,False,False,False,False,False,False,False,True,False,-0.0671031096563011,-0.0220949263502455,,,-0.0649754500818331,-0.1056846699399891,-0.0425531914893617,-0.0711947626841243,-0.0019242914660141,-0.0742303484919518,1352.0,1390.0,0.74060382008626,-0.0039649608114337,-0.0005054947325701,-4.309262034160252e-05
2007-07-26,1210.0,1222.0,1190.0,1191.0,236400.0,1191.0,1234.8,1269.1,1295.0,1348.0933333333332,1361.82,False,False,False,False,False,False,False,False,False,True,False,-0.0016792611251049,-0.1049538203190596,,,-0.0873215785054576,-0.1319003638399103,0.0142737195633921,-0.0629722921914357,-0.0022649272552841,-0.0738318493420532,1376.0,1400.0,1.9667221297836937,-0.004942084942085,-0.0009771241306512,-0.0003406357892699
2007-07-27,1161.0,1168.0,1129.0,1151.0,232200.0,1151.0,1210.8,1253.3,1287.0,1344.16,1361.25,False,False,False,False,False,False,False,False,False,True,False,0.0573414422241529,-0.100781928757602,,,-0.1181581233709817,-0.1678192875760209,0.0860121633362293,-0.0112945264986967,-0.0029262389398086,-0.0708529482167078,1402.0,1386.0,0.9822335025380712,-0.0062160062160062,-0.0012739212739212,-0.0006613116845244
2007-07-30,1140.0,1154.0,1112.0,1132.0,336100.0,1132.0,1188.0,1235.3,1279.0,1340.12,1360.805,False,False,False,False,False,False,False,False,False,True,False,0.097173144876325,0.0406360424028268,,,-0.1298586572438162,-0.1838515901060069,0.1095406360424028,0.0503533568904593,-0.0030146554039938,-0.0611997085728162,1376.0,1377.0,1.4474590869939707,-0.0062548866301798,-3.888041417361189e-05,-8.84164641851864e-05
2007-07-31,1141.0,1162.0,1122.0,1152.0,262700.0,1152.0,1169.6,1219.3,1272.72,1336.48,1360.395,False,False,False,False,False,False,False,False,False,False,False,0.0529513888888888,0.0659722222222222,,,-0.1047916666666666,-0.1601388888888889,0.0859375,0.0225694444444444,-0.0027235723692085,-0.0529812187320593,1381.0,1391.0,0.7816126152930676,-0.0049343139103651,0.0013205727198146,0.0002910830347852
2007-08-01,1168.0,1169.0,1134.0,1140.0,296800.0,1140.0,1153.2,1204.8,1265.84,1332.493333333333,1360.07,False,False,False,False,False,False,False,False,False,True,False,0.0482456140350877,0.0675438596491228,,,-0.1103859649122806,-0.1688538011695904,0.0578947368421052,0.0166666666666666,-0.0029918848874792,-0.0426626826029215,1386.0,1366.0,1.1298058622002285,-0.0054351260822853,-0.0005008121719201,-0.0002683125182707
2007-08-02,1157.0,1198.0,1156.0,1189.0,437600.0,1189.0,1152.8,1193.8,1261.8,1329.68,1359.955,False,False,False,False,False,False,False,False,False,False,False,-0.1034482758620689,-0.024390243902439,,,-0.0612279226240537,-0.1183179142136249,0.0311185870479394,-0.0126156433978132,-0.0021157972845594,-0.0333389177416652,1407.0,1352.0,1.4743935309973046,-0.0032017752417181,0.0022333508405672,0.0008760876029198
2007-08-03,1225.0,1276.0,1200.0,1217.0,540000.0,1217.0,1166.0,1188.4,1259.2,1327.24,1360.15,False,False,False,False,False,False,False,False,False,False,False,-0.1495480690221857,-0.124075595727198,,,-0.0346754313886606,-0.0905834018077239,0.000821692686935,-0.0443714050944946,-0.0018384014948314,-0.028694042409963,1393.0,1356.0,1.2340036563071295,-0.0020648030495552,0.0011369721921629,0.000277395789728
2007-08-06,1210.0,1255.0,1210.0,1242.0,299000.0,1242.0,1188.0,1188.0,1257.12,1325.5466666666666,1360.51,False,False,False,False,False,False,False,False,False,False,False,-0.0515297906602254,-0.1304347826086956,,,-0.0121739130434781,-0.0672678475577026,-0.0475040257648953,-0.0161030595813204,-0.0012774603685523,-0.0207912457912458,1385.0,1360.0,0.5537037037037037,-0.0016545755377371,0.000410227511818,0.000560941126279
2007-08-07,1262.0,1264.0,1210.0,1213.0,298000.0,1213.0,1200.2,1184.9,1252.96,1323.0666666666666,1360.705,False,False,False,False,False,False,False,False,False,True,False,0.0123660346248969,-0.0634789777411376,,,-0.0329431162407255,-0.0907392140697993,-0.0156636438582028,0.0239076669414674,-0.0018744331351405,-0.0112245759135793,1359.0,1333.0,0.9966555183946488,-0.0033201379134209,-0.0016655623756837,-0.0005969727665882
2007-08-08,1215.0,1237.0,1182.0,1195.0,305000.0,1195.0,1211.2,1182.2,1248.12,1320.36,1360.755,False,False,False,False,False,False,False,False,False,True,False,0.0184100418410041,-0.0820083682008368,,,-0.0444518828451881,-0.1049037656903764,0.001673640167364,0.0635983263598326,-0.0020499459743302,0.002537641684994,1338.0,1290.0,1.023489932885906,-0.0038778322597187,-0.0005576943462978,-0.0001755128391896
2007-08-09,1170.0,1179.0,1060.0,1066.0,901600.0,1066.0,1186.6,1169.7,1237.92,1315.6,1360.225,False,False,False,False,False,False,False,False,False,True,False,0.0881801125703564,0.099437148217636,,,-0.1612757973733584,-0.2341463414634145,0.0947467166979362,0.1791744840525328,-0.0036181210094253,0.0253056339232281,1339.0,1327.0,2.956065573770492,-0.0082396277626985,-0.0043617955029798,-0.001568175035095
2007-08-10,1079.0,1080.0,1024.0,1035.0,482400.0,1035.0,1150.2,1158.1,1226.92,1310.56,1359.525,False,False,False,False,False,False,False,False,False,True,False,0.029951690821256,0.1429951690821256,,,-0.1854299516908213,-0.2662415458937197,0.1371980676328502,0.2454106280193236,-0.0038456842876327,0.0486141093169848,1359.0,1311.0,0.5350488021295474,-0.0089655397254914,-0.0007259119627929,-0.0002275632782073
2007-08-13,1155.0,1219.0,1152.0,1178.0,915900.0,1178.0,1137.4,1162.7,1221.36,1307.6266666666668,1359.545,False,False,False,False,False,False,False,False,False,False,True,-0.0831918505942275,0.0067911714770797,,,-0.0368081494057724,-0.1100396151669497,0.0025466893039049,0.1196943972835314,-0.0022432498572476,0.0556463404145523,1356.0,1340.0,1.89863184079602,-0.0045523023514771,0.0044132373740142,0.0016024344303851
2007-08-14,1160.0,1248.0,1159.0,1228.0,727000.0,1228.0,1140.4,1170.3,1217.32,1305.6933333333334,1359.875,False,False,False,False,True,False,False,False,False,False,False,-0.0749185667752443,-0.0643322475570032,,,0.0086970684039088,-0.0632681867535288,-0.013029315960912,0.0936482084690553,-0.0014806948032718,0.0628898573015467,1357.0,1362.0,0.7937547767223496,-0.0033187658134261,0.0012335365380509,0.0007625550539757
2007-08-15,1220.0,1240.0,1206.0,1217.0,341600.0,1217.0,1144.8,1178.0,1213.76,1303.3866666666668,1360.0,False,False,False,False,False,False,False,False,False,False,False,-0.0986031224322103,-0.038619556285949,,,0.0026622843056696,-0.070983292248699,-0.0213640098603122,0.0829909613804437,-0.0017697485524888,0.0694397283531408,1351.0,1370.0,0.4698762035763411,-0.0029330345373055,0.0003857312761206,-0.0002890537492169
2007-08-16,1197.0,1206.0,1100.0,1160.0,569400.0,1160.0,1163.6,1175.1,1208.24,1300.1866666666667,1359.815,False,False,False,False,False,False,False,False,False,True,False,0.0103448275862068,0.0413793103448275,,,-0.0415862068965517,-0.1208505747126437,0.0224137931034482,0.193103448275862,-0.0024611850606067,0.0899497915071058,1351.0,1364.0,1.6668618266978923,-0.0045686287492551,-0.0016355942119495,-0.0006914365081178
2007-08-17,1132.0,1145.0,1051.0,1066.0,691200.0,1066.0,1169.8,1160.0,1198.52,1295.92,1359.245,False,False,False,False,False,False,False,False,False,True,False,0.1097560975609756,0.1726078799249531,,,-0.1243151969981238,-0.2156848030018762,0.124765478424015,0.3020637898686679,-0.0032923843035578,0.1235344827586206,1351.0,1355.0,1.21390937829294,-0.0081100023362146,-0.0035413735869595,-0.0008311992429511
2007-08-20,1086.0,1125.0,1071.0,1080.0,597200.0,1080.0,1150.2,1143.8,1189.24,1291.96,1358.495,False,False,False,False,False,False,False,False,False,False,False,0.0981481481481481,0.1629629629629629,,,-0.1011481481481481,-0.1962592592592593,0.1518518518518518,0.2675925925925926,-0.0030651103749342,0.1522993530337472,1332.0,1346.0,0.8640046296296297,-0.007803302949783,0.0003066993864316,0.0002272739286235
2007-08-21,1120.0,1156.0,1109.0,1136.0,453900.0,1136.0,1131.8,1136.1,1182.2,1288.56,1357.825,False,False,False,False,False,False,False,False,False,False,False,0.0114436619718309,0.1012323943661971,,,-0.040669014084507,-0.1342957746478872,0.0985915492957746,0.2112676056338028,-0.0026386043335196,0.1719038817005547,1309.0,1370.0,0.7600468854655057,-0.0059549991541194,0.0018483037956636,0.0004265060414145
2007-08-22,1135.0,1135.0,1093.0,1097.0,513600.0,1097.0,1107.8,1126.3,1174.68,1284.9733333333334,1357.13,False,False,False,False,False,False,False,False,False,True,False,0.0665451230628988,0.0993618960802187,,,-0.0708113035551504,-0.1713521725919173,0.1549680948040109,0.2689152233363719,-0.0027912382098719,0.1928438249134334,1312.0,1352.0,1.131526768010575,-0.0064017434535362,-0.0004467442994168,-0.0001526338763523
2007-08-23,1103.0,1173.0,1103.0,1172.0,416600.0,1172.0,1110.2,1136.9,1169.6,1282.5733333333333,1356.56,False,False,False,False,True,False,False,False,False,False,True,0.030716723549488,0.046075085324232,,,0.0020477815699659,-0.0943458475540386,0.0716723549488054,0.1825938566552901,-0.0018712380318734,0.1930688714926554,1290.0,1376.0,0.8111370716510904,-0.0043433652530781,0.0020583782004581,0.0009200001779985
2007-08-24,1175.0,1195.0,1162.0,1183.0,228000.0,1183.0,1133.6,1151.7,1166.08,1280.2666666666669,1355.675,False,False,False,False,False,False,False,False,False,False,False,0.0566356720202874,0.029585798816568,,,0.0143026204564666,-0.0822203437588054,0.0583262890955198,0.1394759087066779,-0.0018017079775044,0.1828601198228704,1282.0,1402.0,0.5472875660105617,-0.0030186608122941,0.0013247044407839,6.953005436902376e-05
2007-08-27,1183.0,1199.0,1175.0,1186.0,158400.0,1186.0,1154.8,1152.5,1163.68,1277.9466666666667,1354.71,False,False,False,False,False,False,False,False,False,False,False,0.0590219224283305,-0.0025295109612141,,,0.0188195615514333,-0.0775267003934795,0.081787521079258,0.1214165261382799,-0.0018154122237757,0.1829934924078091,1294.0,1376.0,0.6947368421052632,-0.0020624226591501,0.000956238153144,-1.3704246271299594e-05
2007-08-28,1170.0,1179.0,1140.0,1149.0,256600.0,1149.0,1157.4,1144.6,1159.88,1275.493333333333,1353.725,False,False,False,False,False,True,False,False,False,True,False,0.0887728459530026,0.0391644908616188,,,-0.0094691035683203,-0.1100899332753116,0.1166231505657093,0.1427328111401218,-0.001923438774017,0.1885374803424779,1317.0,1381.0,1.619949494949495,-0.0032762009863088,-0.0012137783271587,-0.0001080265502412
2007-08-29,1138.0,1179.0,1122.0,1170.0,313800.0,1170.0,1172.0,1139.9,1157.8,1273.8933333333334,1352.945,False,False,False,False,False,False,False,False,False,False,False,0.0307692307692307,0.023076923076923,,,0.0104273504273504,-0.0887977207977208,0.082051282051282,0.1222222222222222,-0.0012559921291157,0.1929993859110448,1316.0,1386.0,1.2229150428682776,-0.0017965106235966,0.0014796903627122,0.0006674466449013
2007-08-30,1174.0,1213.0,1174.0,1208.0,327900.0,1208.0,1179.2,1144.7,1158.48,1272.3066666666666,1352.465,False,False,False,False,False,False,True,False,False,False,True,0.0149006622516556,-0.0339403973509933,,,0.0409933774834436,-0.0532339955849889,0.0562913907284768,0.0811258278145695,-0.0012470787965166,0.1811828426662006,1321.0,1407.0,1.0449330783938815,0.0005869760375665,0.0023834866611631,8.913332599061073e-06
2007-08-31,1220.0,1250.0,1217.0,1250.0,330100.0,1250.0,1192.6,1163.1,1162.44,1271.493333333333,1352.175,False,False,False,False,False,False,True,False,True,False,False,-0.0256,-0.0584,,,0.0700479999999999,-0.0171946666666664,0.0104,0.0784,-0.0006396677922024,0.1590576906542859,1310.0,1393.0,1.006709362610552,0.0034066274388355,0.002819651401269,0.0006074110043142
2007-09-03,1262.0,1262.0,1234.0,1256.0,121600.0,1256.0,1206.6,1180.7,1167.4,1270.3733333333332,1352.03,False,False,False,False,False,False,True,False,False,False,False,-0.0581210191082802,-0.0597133757961783,,,0.0705414012738852,-0.0114437367303608,0.0143312101910828,0.0947452229299363,-0.0008816305967798,0.1422884729397814,1317.0,1385.0,0.368373220236292,0.0042487579235909,0.0008421304847553,-0.0002419628045773
2007-09-04,1259.0,1259.0,1238.0,1251.0,89200.0,1251.0,1227.0,1192.2,1171.36,1268.8933333333334,1352.04,False,False,False,False,False,False,True,False,False,True,False,-0.0455635491606714,-0.0311750599520383,,,0.0636610711430856,-0.0143032240873968,-0.0071942446043165,0.1159072741806554,-0.0011663706957241,0.1329474920315383,1329.0,1359.0,0.7335526315789473,0.0033806856986748,-0.000868072224916,-0.0002847400989443
2007-09-05,1232.0,1242.0,1198.0,1206.0,326300.0,1206.0,1234.2,1203.1,1174.0,1266.7066666666667,1351.595,False,False,False,False,False,False,True,False,False,True,False,-0.0074626865671641,-0.0124378109452736,,,0.0265339966832504,-0.0503372028745163,0.0406301824212272,0.1981757877280265,-0.0017262612759597,0.1270883550827031,1306.0,1338.0,3.658071748878924,0.0022487223168655,-0.0011319633818093,-0.0005598905802355
2007-09-06,1186.0,1244.0,1174.0,1226.0,270800.0,1226.0,1237.8,1208.5,1175.48,1264.8666666666666,1351.355,False,False,False,False,False,False,True,False,False,True,False,-0.0481239804241435,-0.032626427406199,,,0.0412071778140293,-0.0317020119630232,0.0008156606851549,0.1745513866231647,-0.0014546987824804,0.1265204799338023,1298.0,1339.0,0.8299111247318418,0.0012590601286283,-0.0009896621882371,0.0002715624934792
2007-09-07,1213.0,1233.0,1206.0,1218.0,164200.0,1218.0,1231.4,1212.0,1175.52,1263.04,1351.035,False,False,False,False,False,False,True,False,False,True,False,-0.0336617405582922,-0.01559934318555,,,0.0348768472906404,-0.0369786535303776,0.0057471264367816,0.1625615763546798,-0.0014462460940798,0.1288778877887789,1309.0,1359.0,0.6063515509601182,3.402749421529504e-05,-0.001225032634413,8.452688400645237e-06
2007-09-10,1198.0,1205.0,1161.0,1183.0,216500.0,1183.0,1216.8,1211.7,1173.16,1260.8666666666666,1350.73,False,False,False,False,False,False,False,False,False,True,False,-0.0016906170752324,0.05156382079459,,,0.0083178360101436,-0.0658213581290503,0.0456466610312764,0.1673710904480135,-0.0017236821234072,0.1333663448048196,1312.0,1356.0,1.3185140073081607,-0.0020116608135291,-0.0020456883077444,-0.0002774360293273
2007-09-11,1206.0,1210.0,1168.0,1194.0,243800.0,1194.0,1205.4,1216.2,1172.4,1258.52,1350.71,False,False,False,False,False,False,False,False,False,False,True,0.0150753768844221,0.0452261306532663,,,0.0180904522613064,-0.054036850921273,0.0192629815745393,0.1298157453936348,-0.0018646240557691,0.1321328728827495,1312.0,1357.0,1.1260969976905313,-0.0006482429205049,0.0013634178930242,-0.0001409419323619
2007-09-12,1209.0,1215.0,1192.0,1197.0,134400.0,1197.0,1203.6,1218.9,1172.48,1256.4533333333334,1350.735,False,False,False,False,False,False,True,False,False,False,False,-0.0050125313283208,0.0584795321637426,,,0.0204845446950709,-0.0496686159844054,-0.0175438596491228,0.1186299081035923,-0.0016448415646156,0.1317581425875788,1285.0,1351.0,0.5512715340442986,6.823144104797287e-05,0.0007164743615529,0.0002197824911534
2007-09-13,1180.0,1181.0,1164.0,1167.0,163300.0,1167.0,1191.8,1214.8,1176.52,1253.6666666666667,1350.44,False,False,False,False,False,False,True,False,True,False,False,0.0162810625535561,0.0762639245929734,,,-0.0081576692373607,-0.0742644958583262,0.0119965724078834,0.1662382176520994,-0.0022228130816272,0.1401053671386236,1299.0,1351.0,1.215029761904762,0.0034338557780572,0.0033656243370093,-0.0005779715170115
2007-09-14,1158.0,1189.0,1154.0,1177.0,174400.0,1177.0,1183.6,1207.5,1182.2,1250.6666666666667,1350.24,False,False,False,False,False,False,True,False,False,False,False,0.0186915887850467,0.0637213254035684,,,-0.0044180118946474,-0.0625885018408383,0.0203908241291418,0.1257434154630416,-0.0023987206823027,0.1450931677018634,1271.0,1351.0,1.0679730557256584,0.0048046015902555,0.0013707458121982,-0.0001759076006755
2007-09-18,1165.0,1198.0,1159.0,1181.0,186800.0,1181.0,1183.2,1200.0,1182.32,1248.0666666666666,1349.97,False,False,False,False,False,False,True,False,False,True,False,0.0533446232006773,0.0863674851820491,,,-0.0011176968670617,-0.0567880327406152,0.0237087214225232,0.1109229466553768,-0.0020832220501042,0.147,1246.0,1332.0,1.0711009174311927,0.0001014953650449,-0.0047031062252106,0.0003154986321985
2007-09-19,1209.0,1215.0,1198.0,1212.0,125600.0,1212.0,1186.8,1196.1,1181.68,1245.8133333333333,1349.78,False,False,False,False,True,False,False,False,False,True,False,0.0297029702970297,0.0585808580858085,,,0.0250165016501649,-0.0278987898789878,-0.0173267326732673,0.0503300330033003,-0.0018087246885568,0.1404564835716077,1244.0,1309.0,0.6723768736616702,-0.0005416017872857,-0.0006430971523306,0.0002744973615473
2007-09-20,1214.0,1214.0,1184.0,1191.0,120800.0,1191.0,1185.6,1194.6,1180.64,1243.2133333333334,1349.31,False,False,False,False,False,False,False,False,False,True,False,0.0638119227539882,0.0629722921914357,,,0.0086985726280435,-0.0438399104394066,-0.0067170445004198,0.0377833753148614,-0.0020913546615758,0.1243931022936549,1222.0,1312.0,0.961783439490446,-0.0008808781677733,-0.0003392763804875,-0.0002826299730189
2007-09-21,1191.0,1191.0,1161.0,1186.0,129400.0,1186.0,1189.4,1190.6,1181.68,1240.2666666666669,1348.525,False,False,False,False,False,False,True,False,False,False,False,0.0590219224283305,0.0758853288364249,,,0.0036424957841483,-0.0457560427206297,0.0202360876897133,0.0522765598650927,-0.0023758331541602,0.1120443473878717,1191.0,1290.0,1.0711920529801324,0.0008801029043395,0.0017609810721129,-0.0002844784925844
2007-09-25,1202.0,1215.0,1177.0,1199.0,148900.0,1199.0,1193.8,1188.7,1187.0,1237.68,1347.77,False,False,False,False,False,False,True,False,True,False,False,0.0442035029190992,0.0533778148457047,,,0.0100083402835696,-0.0322602168473728,0.0400333611342785,0.0525437864887406,-0.0020899317001703,0.1008664928072683,1151.0,1282.0,1.1506955177743432,0.0044818871103622,0.0036017842060226,0.0002859014539899
2007-09-26,1219.0,1244.0,1207.0,1244.0,144400.0,1244.0,1206.4,1194.8,1193.56,1235.8,1347.3,False,False,False,False,False,False,True,False,False,False,True,0.0313504823151125,0.0241157556270096,,,0.0405466237942122,0.0065916398713826,-0.0056270096463022,-0.0418006430868167,-0.0015212817608028,0.0794275192500837,1132.0,1294.0,0.9697783747481532,0.0054961627400381,0.0010142756296759,0.0005686499393675
2007-09-27,1245.0,1259.0,1236.0,1248.0,148600.0,1248.0,1213.6,1200.2,1198.04,1234.32,1346.725,False,False,False,False,False,False,True,False,False,True,False,0.0280448717948717,-0.0048076923076923,,,0.0400320512820513,0.0109615384615385,-0.016025641025641,-0.0608974358974358,-0.0011990407673861,0.0598233627728711,1152.0,1317.0,1.0290858725761771,0.0037394410871089,-0.0017567216529292,0.0003222409934167
2007-09-28,1242.0,1267.0,1224.0,1267.0,136200.0,1267.0,1228.8,1207.2,1204.84,1233.3733333333332,1346.305,False,False,False,False,False,False,True,False,False,False,False,-0.0007892659826361,-0.0094711917916337,,,0.049060773480663,0.0265403841094449,-0.0749802683504341,-0.0473559589581689,-0.0007675426742916,0.0427435387673955,1140.0,1316.0,0.9165545087483176,0.0056439029248696,0.0019044618377606,0.0004314980930944
2007-10-01,1269.0,1283.0,1246.0,1256.0,129700.0,1256.0,1242.8,1216.1,1208.2,1232.2666666666669,1345.775,False,False,False,False,False,False,True,False,False,True,False,0.0159235668789808,-0.0230891719745222,,,0.0380573248407642,0.0188959660297238,-0.0700636942675159,0.0684713375796178,-0.0008980740099542,0.0335498725433765,1189.0,1321.0,0.9522760646108664,0.0027809965237544,-0.0028629064011152,-0.0001305313356626
2007-10-02,1255.0,1268.0,1249.0,1252.0,114200.0,1252.0,1253.4,1223.6,1210.96,1230.84,1345.115,False,False,False,False,False,False,True,False,False,True,False,0.0087859424920127,-0.0215654952076677,,,0.0327795527156549,0.0169009584664537,-0.0734824281150159,0.0726837060702875,-0.0011591000184158,0.0286858450474012,1217.0,1310.0,0.8804934464148034,0.0022791834577525,-0.0005018130660019,-0.0002610260084615
2007-10-03,1269.0,1287.0,1266.0,1283.0,175100.0,1283.0,1261.2,1233.8,1214.84,1229.8666666666666,1344.525,False,False,False,False,False,False,True,False,False,False,False,-0.0070148090413094,-0.0358534684333593,,,0.0531254871395168,0.0414133541179528,-0.117692907248636,0.0233826968043647,-0.0007914137033825,0.020262603339277,1242.0,1317.0,1.5332749562171628,0.0031938362253464,0.0009146527675939,0.0003676863150333
2007-10-04,1265.0,1293.0,1259.0,1283.0,88400.0,1283.0,1268.2,1240.9,1220.2,1228.88,1343.975,False,False,False,False,False,False,True,False,False,False,False,-0.0319563522992985,-0.0514419329696024,,,0.0489477786438035,0.0421823850350739,-0.0966484801247077,0.0545596258768511,-0.0008028991168107,0.0208719477798371,1213.0,1329.0,0.5048543689320388,0.0043927225045075,0.0011988862791611,-1.1485413428296036e-05
2007-10-05,1283.0,1283.0,1260.0,1266.0,122000.0,1266.0,1268.0,1248.4,1224.04,1227.746666666667,1343.29,False,False,False,False,False,False,True,False,False,True,False,-0.0086887835703001,-0.0710900473933649,,,0.0331437598736177,0.0302159031068981,-0.10347551342812,0.0837282780410742,-0.000923100313854,0.0256328099967958,1195.0,1306.0,1.3800904977375563,0.003137152380641,-0.0012555701238664,-0.0001202011970432
2007-10-09,1269.0,1294.0,1268.0,1276.0,137200.0,1276.0,1272.0,1257.4,1226.76,1226.746666666667,1342.7,False,True,False,False,False,False,True,False,False,True,False,-0.0384012539184953,-0.0744514106583072,,,0.0385893416927899,0.0385997910135839,-0.1253918495297805,0.1340125391849529,-0.0008151642284198,0.034118021313822,1066.0,1298.0,1.1245901639344262,0.002217222602628,-0.000919929778013,0.0001079360854341
2007-10-10,1274.0,1294.0,1259.0,1263.0,174100.0,1263.0,1274.2,1263.8,1227.28,1225.5733333333333,1342.015,False,False,False,False,False,False,True,False,False,True,False,-0.0300870942201108,-0.0490894695170229,,,0.0282818685669042,0.029633148588018,-0.0989707046714172,0.0997624703087886,-0.0009573750516767,0.0389302104763412,1035.0,1309.0,1.2689504373177842,0.0004237011928818,-0.0017935214097462,-0.0001422108232568
2007-10-11,1263.0,1277.0,1252.0,1274.0,74100.0,1274.0,1272.4,1266.8,1228.0,1224.8,1341.415,False,False,False,False,False,False,True,False,False,False,False,-0.0290423861852433,-0.0510204081632653,,,0.0361067503924646,0.03861852433281,-0.0667189952904238,0.108320251177394,-0.000631395602003,0.0538364382696558,1178.0,1312.0,0.4256174612291786,0.000586319218241,0.0001626180253592,0.0003259794496737
2007-10-12,1254.0,1274.0,1241.0,1242.0,171300.0,1242.0,1264.2,1266.2,1227.64,1223.9066666666668,1340.84,False,False,False,False,False,False,False,False,False,True,False,-0.0201288244766505,-0.0410628019323671,,,0.011561996779388,0.0145679012345678,-0.0515297906602254,0.144122383252818,-0.0007299031516563,0.0740009477175802,1228.0,1312.0,2.311740890688259,-0.0002932455768791,-0.0008795647951201,-9.850754965330698e-05
2007-10-15,1258.0,1277.0,1248.0,1255.0,136000.0,1255.0,1262.0,1265.0,1229.6,1223.1466666666668,1340.17,False,False,False,False,False,False,True,False,True,False,False,-0.0629482071713147,-0.0573705179282868,,,0.0202390438247012,0.0253811420982734,-0.0764940239043824,0.0804780876494024,-0.0006213482166216,0.0867984189723319,1217.0,1285.0,0.793928779918272,0.0015940143135977,0.0018872598904768,0.0001085549350347
2007-10-16,1251.0,1266.0,1224.0,1227.0,212700.0,1227.0,1252.2,1262.1,1229.64,1222.3066666666666,1339.335,False,False,False,False,False,False,True,False,False,True,False,-0.0374898125509372,-0.0138549307253463,,,-0.0021515892420538,0.003825047541429,-0.0431947840260798,0.0994295028524857,-0.0006872252462558,0.0898502495840267,1160.0,1299.0,1.563970588235294,3.252984613398311e-05,-0.0015614844674637,-6.587702963422996e-05
2007-10-17,1225.0,1251.0,1201.0,1225.0,226700.0,1225.0,1244.6,1259.4,1229.92,1221.5466666666666,1338.315,False,False,False,False,False,False,True,False,False,False,False,-0.0195918367346938,0.0179591836734693,,,-0.0040163265306123,0.0028190476190476,-0.0506122448979591,0.1265306122448979,-0.000622162067761,0.0951246625377163,1066.0,1271.0,1.0658204043253408,0.0002276570833875,0.0001951272372535,6.506317849474998e-05
2007-10-18,1232.0,1241.0,1204.0,1237.0,254400.0,1237.0,1237.2,1254.8,1232.08,1220.7866666666666,1337.475,False,False,False,False,False,False,True,False,True,False,False,-0.0226354082457558,0.0,,,0.0039773645917543,0.0131069792508758,-0.0121261115602263,0.0986257073565076,-0.0006225493943795,0.1028052279247688,1080.0,1246.0,1.1221879135421262,0.001753132913447,0.0015254758300595,-3.873266184906306e-07
2007-10-19,1237.0,1254.0,1216.0,1217.0,201400.0,1217.0,1232.2,1248.2,1233.0,1219.4533333333334,1336.465,False,False,False,False,False,False,True,False,False,True,False,-0.0213640098603122,0.0090386195562859,,,-0.0131470829909613,-0.0020158860586141,0.0205423171733771,0.1002465078060805,-0.001093386107436,0.1075148213427335,1136.0,1244.0,0.7916666666666666,0.0007461476074615,-0.0010069853059855,-0.0004708367130564
2007-10-22,1186.0,1193.0,1171.0,1176.0,170200.0,1176.0,1216.4,1239.2,1232.16,1217.5866666666666,1335.305,False,False,False,False,False,False,False,False,False,True,False,0.0059523809523809,-0.0034013605442176,,,-0.0477551020408164,-0.0353628117913831,0.08078231292517,0.1887755102040816,-0.0015330873093223,0.11765655261459,1097.0,1222.0,0.8450844091360477,-0.0006817296455005,-0.001427877252962,-0.0004397012018863
2007-10-23,1199.0,1201.0,1171.0,1181.0,122100.0,1181.0,1207.2,1229.7,1232.72,1215.72,1334.105,False,False,False,False,False,False,True,False,False,False,False,0.0245554614733276,-0.0110076206604572,,,-0.0437933954276037,-0.0293988145639288,0.0643522438611346,0.1685012701100762,-0.0015354412748548,0.1208424819061558,1172.0,1191.0,0.717391304347826,0.0004542799662534,0.0011360096117539,-2.353965532502769e-06
2007-10-24,1187.0,1259.0,1180.0,1201.0,279400.0,1201.0,1202.4,1223.5,1233.68,1214.2666666666669,1333.025,False,False,False,False,False,False,True,False,False,False,False,0.038301415487094,-0.0341382181515403,,,-0.027210657785179,-0.0110463502636693,0.0732722731057452,0.1340549542048293,-0.0011968815197099,0.1243154883530853,1183.0,1151.0,2.2882882882882885,0.000778159652422,0.0003238796861686,0.0003385597551449
2007-10-25,1185.0,1217.0,1158.0,1209.0,334600.0,1209.0,1196.8,1217.0,1234.8,1212.8266666666666,1331.9,False,False,False,False,False,False,True,False,False,False,False,0.0231596360628618,-0.0636889991728701,,,-0.0213399503722084,-0.0031651502619243,0.0909842845326716,0.1464019851116625,-0.0011873089861702,0.1281840591618734,1186.0,1132.0,1.1975662133142448,0.0009070294784579,0.0001288698260359,9.572533539679028e-06
2007-10-26,1210.0,1210.0,1176.0,1191.0,216700.0,1191.0,1191.6,1211.9,1233.96,1210.986666666667,1330.745,False,False,False,False,False,False,False,False,False,True,False,0.0310663308144416,-0.0268681780016792,,,-0.0360705289672544,-0.0167814161768823,0.1276238455079764,0.1460957178841309,-0.0015194221791594,0.1283109167423054,1149.0,1152.0,0.6476389719067543,-0.0006807351940094,-0.0015877646724674,-0.0003321131929891
2007-10-29,1195.0,1201.0,1180.0,1183.0,92700.0,1183.0,1193.0,1204.7,1233.64,1209.3466666666666,1329.515,False,False,False,False,False,False,False,False,False,False,False,-0.0092983939137785,-0.040574809805579,,,-0.0428064243448859,-0.0222710622710621,0.114116652578191,0.1555367709213863,-0.0013561041223362,0.135967460778617,1170.0,1140.0,0.4277803414859252,-0.0002593949612528,0.0004213402327566,0.0001633180568231
2007-10-30,1183.0,1216.0,1182.0,1210.0,176200.0,1210.0,1198.8,1203.0,1234.6,1208.1733333333334,1328.53,False,False,False,False,False,False,True,False,False,False,False,-0.0347107438016528,-0.0776859504132231,,,-0.0203305785123966,0.0015096418732781,0.1438016528925619,0.1140495867768595,-0.0009711630781453,0.1374896093100582,1208.0,1189.0,1.900755124056095,0.0007775797829254,0.0010369747441783,0.0003849410441909
2007-10-31,1199.0,1247.0,1192.0,1247.0,179500.0,1247.0,1208.0,1205.2,1236.52,1207.3466666666666,1327.81,False,False,False,True,True,False,True,False,True,False,False,-0.0697674418604651,-0.0874097834803528,,,0.0084041700080192,0.0317989842288158,0.1130713712910986,0.1170809943865276,-0.000684697021568,0.136491868569532,1250.0,1217.0,1.0187287173666288,0.0015527447999224,0.0007751650169969,0.0002864660565773
2007-11-01,1246.0,1265.0,1227.0,1237.0,108600.0,1237.0,1213.6,1205.2,1236.24,1206.3466666666666,1327.105,False,False,False,False,False,False,False,False,False,True,False,-0.0848827809215844,-0.0388035569927243,,,0.0006143896523847,0.024780382646187,0.1067097817299919,0.0994341147938561,-0.000828949113577,0.1365748423498173,1256.0,1242.0,0.6050139275766017,-0.000226493237559,-0.0017792380374814,-0.0001442520920089
2007-11-02,1219.0,1239.0,1207.0,1228.0,110900.0,1228.0,1221.0,1206.3,1235.44,1205.2266666666667,1326.105,False,False,False,False,False,False,False,False,False,True,False,-0.0561889250814332,-0.0407166123778501,,,-0.0060586319218241,0.0185450597176981,0.1205211726384364,0.1245928338762215,-0.0009292857775023,0.1390201442427257,1251.0,1213.0,1.0211786372007363,-0.0006475425759243,-0.0004210493383653,-0.0001003366639252
2007-11-05,1219.0,1219.0,1163.0,1172.0,262100.0,1172.0,1218.8,1205.9,1231.64,1203.72,1324.745,False,False,False,False,False,False,False,False,False,True,False,-0.0315699658703071,-0.0110921501706484,,,-0.0508873720136519,-0.0270648464163822,0.1877133105802047,0.1834470989761092,-0.0012516753619335,0.1384857782569035,1206.0,1195.0,2.363390441839495,-0.0030853171381247,-0.0024377745622004,-0.0003223895844312
2007-11-06,1153.0,1178.0,1152.0,1168.0,153200.0,1168.0,1210.4,1204.6,1228.12,1201.9733333333334,1323.365,False,False,False,False,False,False,False,False,False,False,False,-0.0445205479452054,0.0051369863013698,,,-0.0514726027397259,-0.0290867579908676,0.1866438356164383,0.1566780821917808,-0.0014531659049562,0.1373069898721568,1226.0,1066.0,0.5845097291110263,-0.0028661694296975,0.0002191477084271,-0.0002014905430227
2007-11-07,1174.0,1179.0,1156.0,1160.0,194300.0,1160.0,1193.0,1200.5,1224.44,1200.493333333333,1321.99,False,False,False,False,False,False,False,False,False,True,False,-0.0189655172413793,0.0025862068965517,,,-0.055551724137931,-0.0349080459770113,0.1620689655172413,0.1232758620689655,-0.0012328265046594,0.1362765514369012,1218.0,1035.0,1.2682767624020888,-0.0030054555551924,-0.0001392861254948,0.0002203394002968
2007-11-08,1140.0,1147.0,1121.0,1132.0,130600.0,1132.0,1172.0,1192.8,1218.4,1198.9733333333334,1320.47,False,False,False,False,False,False,False,False,False,True,False,0.0503533568904593,0.0795053003533568,,,-0.0763250883392226,-0.0591637220259128,0.1749116607773851,0.1554770318021201,-0.0012677512983328,0.1370724346076458,1183.0,1178.0,0.6721564590838909,-0.004957321076822,-0.0019518655216295,-3.4924793673412995e-05
2007-11-09,1179.0,1191.0,1156.0,1159.0,302300.0,1159.0,1158.2,1189.6,1213.44,1197.84,1319.08,False,False,False,False,False,False,False,False,False,False,False,0.0163934426229508,0.0716134598792062,,,-0.0469715271786022,-0.0335116479723899,0.1328731665228645,0.1518550474547023,-0.0009461475099624,0.1376092804303968,1194.0,1228.0,2.3147013782542114,-0.004087552742616,0.0008697683342059,0.0003216037883703
2007-11-12,1124.0,1148.0,1121.0,1135.0,163100.0,1135.0,1150.8,1184.8,1208.2,1196.68,1317.67,False,False,False,False,False,False,False,False,False,True,False,0.0211453744493392,0.1198237885462555,,,-0.0644933920704846,-0.0543436123348018,0.1568281938325991,0.211453744493392,-0.0009693485309354,0.1428933153274814,1197.0,1217.0,0.5395302679457492,-0.0043370302929978,-0.0002494775503817,-2.3201020973001368e-05
2007-11-13,1130.0,1140.0,1103.0,1116.0,187000.0,1116.0,1140.4,1175.4,1201.8,1195.68,1316.125,False,False,False,False,False,False,False,False,False,True,False,0.0519713261648745,0.1263440860215053,,,-0.0768817204301074,-0.0713978494623656,0.1702508960573476,0.2150537634408602,-0.0008363441723538,0.1527139697124383,1167.0,1160.0,1.1465358675659103,-0.0053253453153603,-0.0009883150223625,0.0001330043585816
2007-11-14,1156.0,1156.0,1122.0,1138.0,216000.0,1138.0,1136.0,1164.5,1196.8,1195.506666666667,1314.58,False,False,False,False,False,False,False,False,False,False,False,0.0219683655536028,0.1326889279437609,,,-0.0516695957820737,-0.0505330990041009,0.1845342706502636,0.1915641476274165,-0.0001449873414896,0.1603263203091456,1177.0,1066.0,1.1550802139037433,-0.004177807486631,0.0011475378287293,0.0006913568308641
2007-11-15,1152.0,1192.0,1145.0,1189.0,287200.0,1189.0,1147.4,1159.7,1193.4,1196.2666666666669,1313.245,False,False,True,False,False,False,False,True,False,False,False,0.0277544154751892,0.1093355761143818,,,-0.0037005887300253,-0.006111578357163,0.1564339781328848,0.1623212783851976,0.0006353098528756,0.1670259549883591,1181.0,1080.0,1.3296296296296295,-0.0028490028490027,0.0013288046376282,0.0007802971943652
2007-11-16,1179.0,1188.0,1151.0,1178.0,265100.0,1178.0,1151.2,1154.7,1190.84,1196.6133333333332,1311.84,False,False,False,False,False,False,False,True,False,False,False,0.0543293718166383,0.1400679117147708,,,-0.010899830220713,-0.0158007923033389,0.1850594227504244,0.1884550084889643,0.000289706505025,0.1737247769983544,1212.0,1136.0,0.923050139275766,-0.0021497430385275,0.0006992598104751,-0.0003456033478505
2007-11-19,1162.0,1193.0,1155.0,1159.0,150900.0,1159.0,1156.0,1153.4,1187.0,1196.8666666666666,1310.22,False,False,False,False,False,False,False,True,False,True,False,0.0966350301984469,0.1371872303710095,,,-0.0241587575496117,-0.0326718435432843,0.2467644521138912,0.2027610008628127,0.0002116637887818,0.17565458644009,1191.0,1097.0,0.5692191625801585,-0.003235046335299,-0.0010853032967714,-7.804271624321346e-05
2007-11-20,1150.0,1178.0,1130.0,1174.0,206400.0,1174.0,1167.6,1154.0,1184.88,1196.6666666666667,1308.72,False,False,False,False,False,False,False,False,False,False,False,0.0706984667802385,0.1788756388415673,,,-0.009267461669506,-0.0193072118114708,0.2265758091993185,0.1533219761499148,-0.0001671309192199,0.1753032928942807,1186.0,1172.0,1.36779324055666,-0.0017892107217607,0.0014458356135382,-0.0003787947080017
2007-11-21,1175.0,1193.0,1160.0,1163.0,214400.0,1163.0,1172.6,1154.3,1182.4,1195.9466666666667,1307.145,False,False,False,False,False,False,False,False,False,True,False,0.1083404987102321,0.1934651762682717,,,-0.0166809974204643,-0.028329034107194,0.2175408426483233,0.1289767841788478,-0.0006020335354977,0.1758641600970285,1199.0,1183.0,1.0387596899224807,-0.0020974289580514,-0.0003082182362906,-0.0004349026162778
2007-11-22,1184.0,1247.0,1184.0,1222.0,444500.0,1222.0,1179.2,1163.3,1181.8,1195.68,1305.765,False,False,False,False,True,False,False,False,False,False,True,0.0793780687397708,0.1202945990180032,,,0.0328968903436988,0.0215384615384614,0.130114566284779,0.1006546644844517,-0.0002230251126276,0.1699475629674203,1244.0,1186.0,2.0732276119402986,-0.0005077001184634,0.0015897288395879,0.00037900842287
2007-11-26,1202.0,1260.0,1201.0,1242.0,208100.0,1242.0,1192.0,1171.6,1182.8,1196.0666666666666,1304.585,False,False,False,False,False,False,True,True,False,False,False,0.0813204508856682,0.107890499194847,,,0.0476650563607085,0.036983360171766,0.0861513687600644,0.109500805152979,0.0003232818683461,0.1653294639808809,1248.0,1149.0,0.4681664791901012,0.0008454514710855,0.001353151589549,0.0005463069809738
2007-11-27,1235.0,1276.0,1223.0,1271.0,215100.0,1271.0,1214.4,1185.2,1186.6,1197.08,1303.515,False,False,False,False,False,False,True,True,True,False,False,0.036978756884343,0.0952006294256491,,,0.0664044059795437,0.0581589299763965,0.053501180173092,0.1408339889850511,0.000846504271505,0.158285521430982,1267.0,1170.0,1.0336376741950986,0.0032024271026461,0.0023569756315606,0.0005232224031589
2007-11-28,1265.0,1272.0,1239.0,1257.0,189400.0,1257.0,1231.0,1199.3,1189.64,1199.6266666666668,1302.535,False,False,False,False,False,False,True,True,False,True,False,0.1010342084327764,0.1026252983293556,,,0.0535879077167859,0.0456430654998673,0.0827366746221161,0.1272871917263325,0.00212288267461,0.1497540231801885,1256.0,1208.0,0.8805206880520688,0.0025553949093845,-0.0006470321932616,0.0012763784031049
2007-11-29,1277.0,1295.0,1273.0,1289.0,224400.0,1289.0,1256.2,1214.4,1193.16,1203.013333333333,1301.91,False,False,False,False,False,False,True,True,False,False,False,0.0768037238169123,0.0457719162141194,,,0.0743522110162916,0.0667080424101372,0.0279286268425135,0.0799069045771916,0.0028151530600932,0.1384222661396573,1252.0,1250.0,1.1847940865892292,0.0029501491836802,0.0003947542742957,0.0006922703854832
2007-11-30,1285.0,1319.0,1285.0,1319.0,208500.0,1319.0,1275.6,1227.4,1197.56,1204.8933333333334,1301.27,False,False,False,False,False,False,True,True,False,False,False,0.0379075056861258,0.0083396512509476,,,0.0920697498104625,0.0865099823098306,-0.0053070507960576,0.0932524639878696,0.0015603040933086,0.1312530552387159,1283.0,1256.0,0.929144385026738,0.0036741374127391,0.0007239882290588,-0.0012548489667845
2007-12-03,1321.0,1346.0,1300.0,1343.0,190100.0,1343.0,1295.8,1243.9,1203.64,1206.4266666666667,1300.64,False,False,False,False,False,False,True,True,False,False,False,0.0245718540580789,-0.0223380491437081,,,0.1037676842889053,0.1016927277240009,-0.0521221146686522,0.0647803425167535,0.0012709710218606,0.1186590561942277,1283.0,1251.0,0.9117505995203836,0.0050513442557576,0.0013772068430185,-0.000289333071448
2007-12-04,1328.0,1341.0,1316.0,1318.0,143600.0,1318.0,1305.2,1259.8,1209.04,1207.7733333333333,1299.82,True,True,False,False,False,False,True,True,False,True,False,0.0561456752655538,-0.003793626707132,,,0.0826707132018209,0.083631765300961,-0.0622154779969651,0.1949924127465857,0.0011149995032179,0.1189077631370058,1266.0,1206.0,0.7553918990005261,0.0044663534705219,-0.0005849907852357,-0.0001559715186427
2007-12-05,1324.0,1390.0,1324.0,1384.0,337800.0,1384.0,1330.6,1280.8,1216.0,1210.76,1299.385,False,False,False,False,False,False,True,True,False,False,False,0.0014450867052023,-0.0563583815028901,,,0.1213872832369942,0.1251734104046243,-0.0982658959537572,0.2297687861271676,0.0024667701829154,0.1277326670830731,1276.0,1226.0,2.352367688022284,0.0057236842105263,0.0012573307400043,0.0013517706796974
2007-12-06,1385.0,1388.0,1354.0,1388.0,264400.0,1388.0,1350.4,1303.3,1221.64,1215.0533333333333,1298.665,False,False,False,False,False,False,True,True,False,True,False,-0.0288184438040345,-0.0288184438040345,,,0.1198559077809797,0.1246013448607109,-0.0907780979827089,0.1974063400576368,0.0035334525782132,0.1350418169262641,1263.0,1218.0,0.7827116637063352,0.0046167447038408,-0.0011069395066855,0.0010666823952978
2007-12-07,1348.0,1378.0,1343.0,1369.0,222100.0,1369.0,1360.4,1318.0,1226.92,1218.9066666666668,1297.865,False,False,False,False,False,False,True,True,False,True,False,-0.0284879474068663,0.0043827611395178,,,0.1037837837837837,0.1096372047723398,-0.1292914536157779,0.183345507669832,0.0031613030256624,0.1432473444613049,1274.0,1183.0,0.8400151285930408,0.0043034590682358,-0.0003132856356049,-0.0003721495525508
2007-12-10,1389.0,1407.0,1376.0,1376.0,205600.0,1376.0,1367.0,1331.4,1232.84,1222.1066666666666,1297.17,False,False,False,False,False,False,True,True,False,False,False,-0.0457848837209302,0.0145348837209302,,,0.1040406976744186,0.1118410852713179,-0.1482558139534883,0.1656976744186046,0.0026184293787774,0.1487156376746282,1242.0,1194.0,0.9257091400270148,0.0048019207683071,0.0004984617000713,-0.0005428736468849
2007-12-11,1400.0,1407.0,1387.0,1392.0,191100.0,1392.0,1381.8,1343.5,1241.64,1226.04,1296.545,False,False,False,False,False,False,True,True,False,False,False,-0.0567528735632183,0.0380747126436781,,,0.1080172413793102,0.1192241379310345,-0.1329022988505747,0.1386494252873563,0.0032081606907877,0.1484183103833272,1255.0,1197.0,0.9294747081712064,0.0070874005347767,0.0022854797664695,0.0005897313120102
2007-12-12,1356.0,1387.0,1356.0,1386.0,158800.0,1386.0,1382.2,1356.4,1250.36,1228.8933333333334,1295.68,False,False,False,False,False,False,True,True,False,True,False,-0.0577200577200577,0.0389610389610389,,,0.0978643578643579,0.1133525733525732,-0.0317460317460317,0.1551226551226551,0.0023218722536266,0.1510616337363608,1227.0,1167.0,0.8309785452642595,0.0069739914904505,-0.0001134090443261,-0.000886288437161
2007-12-13,1377.0,1383.0,1347.0,1348.0,158800.0,1348.0,1374.2,1362.3,1257.88,1231.0933333333332,1294.665,False,False,False,False,False,False,True,True,False,True,False,0.0,0.0504451038575667,,,0.0668545994065281,0.0867260138476756,-0.0037091988130563,0.172106824925816,0.001787029415587,0.1598766791455626,1225.0,1177.0,1.0,0.0059783127166345,-0.000995678773816,-0.0005348428380395
2007-12-14,1347.0,1376.0,1329.0,1330.0,201700.0,1330.0,1366.4,1363.4,1265.8,1233.013333333333,1293.59,False,False,False,False,False,False,True,True,False,False,False,0.0338345864661654,0.0383458646616541,,,0.0482706766917293,0.0729223057644112,-0.012781954887218,0.1533834586466165,0.00155716077685,0.1656887193780254,1237.0,1181.0,1.2701511335012594,0.0062569126244271,0.0002785999077926,-0.0002298686387369
2007-12-17,1331.0,1344.0,1313.0,1313.0,128600.0,1313.0,1353.8,1360.4,1271.96,1235.2,1292.61,False,False,False,False,False,False,True,True,False,True,False,0.0632140137090632,0.0274181264280274,,,0.0312566641279512,0.0592536176694592,0.0304645849200304,0.1546077684691546,0.001770293609672,0.1745810055865921,1217.0,1212.0,0.6375805651958354,0.0048429195886663,-0.0014139930357607,0.0002131328328219
2007-12-18,1293.0,1327.0,1283.0,1313.0,166400.0,1313.0,1338.0,1359.9,1279.08,1237.1066666666666,1291.965,False,False,False,False,False,False,True,True,False,False,False,0.1005331302361005,0.0198019801980198,,,0.0258339680121858,0.0578014724549378,0.0449352627570449,0.1926884996191926,0.0015412306133665,0.1743510552246488,1176.0,1191.0,1.2939346811819596,0.0055665009225379,0.0007235813338716,-0.0002290629963055
2007-12-19,1314.0,1328.0,1305.0,1306.0,106200.0,1306.0,1322.0,1352.1,1286.68,1238.4133333333334,1291.255,False,False,False,False,False,False,True,True,False,False,False,0.1026033690658499,0.0421133231240428,,,0.0147932618683001,0.0517508933129146,0.1079632465543644,0.1531393568147013,0.0010551135323695,0.1666296871533172,1181.0,1186.0,0.6382211538461539,0.0059066745422328,0.0003401736196948,-0.000486117080997
2007-12-20,1341.0,1360.0,1326.0,1348.0,269000.0,1348.0,1322.0,1348.1,1295.08,1239.72,1290.79,False,False,False,False,False,False,True,True,False,False,False,0.0504451038575667,-0.0170623145400593,,,0.0392581602373887,0.0803264094955489,0.0304154302670623,0.0986646884272997,0.0010540014411856,0.1566649358356205,1201.0,1199.0,2.5329566854990584,0.0064860858016492,0.0005794112594163,-1.1120911839151808e-06
2007-12-21,1361.0,1377.0,1346.0,1375.0,237400.0,1375.0,1331.0,1348.7,1302.52,1241.3066666666666,1290.8,False,False,False,False,False,False,True,True,False,True,False,0.0043636363636363,-0.0458181818181818,,,0.0527127272727272,0.0972315151515152,0.0269090909090909,0.0894545454545454,0.0012782229478613,0.1471046192629939,1209.0,1244.0,0.8825278810408922,0.005712004422197,-0.0007740813794521,0.0002242215066757
2007-12-25,1395.0,1400.0,1375.0,1396.0,161400.0,1396.0,1347.6,1350.7,1311.24,1243.24,1290.89,False,False,False,False,False,False,True,True,False,False,False,-0.0336676217765043,-0.0881088825214899,,,0.0607163323782234,0.1094269340974212,0.0179083094555873,0.0787965616045845,0.0015550765204895,0.1381505885836972,1191.0,1248.0,0.6798652064026959,0.0066501937097709,0.0009381892875739,0.0002768535726281
2007-12-26,1398.0,1450.0,1391.0,1445.0,229500.0,1445.0,1374.0,1356.0,1322.68,1246.4266666666667,1291.385,False,False,False,False,False,False,True,True,False,False,False,-0.073356401384083,-0.144636678200692,,,0.0846505190311418,0.1374209919261821,-0.0615916955017301,0.015916955017301,0.0025566419203697,0.1250737463126843,1183.0,1267.0,1.4219330855018588,0.0086491063598149,0.001998912650044,0.0010015653998802
2007-12-27,1449.0,1450.0,1426.0,1440.0,120300.0,1440.0,1400.8,1361.4,1333.32,1249.28,1291.565,False,False,False,False,False,False,True,True,False,True,False,-0.0548611111111111,-0.1333333333333333,,,0.0740833333333333,0.1324444444444444,-0.0631944444444444,-0.0076388888888888,0.002283982240437,0.1079770824151608,1210.0,1256.0,0.5241830065359477,0.0079800798007979,-0.000669026559017,-0.0002726596799326
2007-12-28,1434.0,1434.0,1413.0,1416.0,67300.0,1416.0,1414.4,1368.2,1343.44,1251.92,1291.715,False,False,False,False,False,False,True,True,False,True,False,-0.0642655367231638,-0.1087570621468926,,,0.0512429378531073,0.1158757062146892,-0.0254237288135593,0.0127118644067796,0.0021087609431913,0.091799444525654,1247.0,1252.0,0.5594347464671654,0.0075329006133508,-0.000447179187447,-0.0001752212972457
2008-01-04,1376.0,1396.0,1376.0,1381.0,126600.0,1381.0,1415.6,1373.3,1349.8,1254.56,1291.595,False,False,False,False,False,False,True,True,False,True,False,-0.0499637943519189,-0.1368573497465604,,,0.0225923244026068,0.0915568428674873,-0.0159304851556842,0.0535843591600289,0.002104323428134,0.0819922813660526,1237.0,1283.0,1.8811292719167905,0.004711809156912,-0.0028210914564388,-4.437515057272804e-06
2008-01-07,1351.0,1363.0,1319.0,1349.0,260400.0,1349.0,1406.2,1376.9,1354.08,1256.6266666666668,1291.425,False,False,False,False,False,False,True,True,False,True,False,-0.056338028169014,-0.1312083024462564,,,-0.0037657524091919,0.0684754138868296,-0.0074128984432913,0.0459599703484062,0.0016446146826956,0.0715375118018737,1228.0,1283.0,2.056872037914692,0.0031608176769466,-0.0015509914799653,-0.0004597087454384
2008-01-08,1329.0,1350.0,1309.0,1339.0,197000.0,1339.0,1385.0,1379.5,1356.8,1258.52,1291.36,False,False,False,False,False,False,True,True,False,True,False,-0.0769230769230769,-0.0985810306198655,,,-0.0132935026138909,0.0601045556385362,0.0440627333831217,0.0627333831217326,0.00150441259045,0.0591518666183399,1172.0,1266.0,0.7565284178187404,0.002004716981132,-0.0011561006958145,-0.0001402020922455
2008-01-09,1290.0,1375.0,1287.0,1361.0,145400.0,1361.0,1369.2,1385.0,1360.96,1261.1066666666666,1291.275,False,False,False,False,False,False,True,True,False,False,False,-0.0830271858927259,-0.0139603232916972,,,2.9390154298283336e-05,0.0733970120009797,0.0139603232916972,0.0404114621601763,0.0020511085501622,0.0484476534296028,1168.0,1276.0,0.7380710659898477,0.0030566658829062,0.0010519489017741,0.0005466959597121
2008-01-10,1344.0,1352.0,1321.0,1325.0,182100.0,1325.0,1351.0,1382.7,1362.4,1263.08,1291.005,False,False,False,False,False,False,True,True,False,True,False,-0.0475471698113207,0.0135849056603773,,,-0.0282264150943396,0.0467320754716981,0.0279245283018867,0.1011320754716981,0.0015623185652004,0.0486005641136906,1160.0,1263.0,1.2524071526822558,0.0010569583088667,-0.0019997075740394,-0.0004887899849618
2008-01-11,1345.0,1352.0,1311.0,1312.0,152400.0,1312.0,1337.2,1376.4,1362.12,1264.8266666666666,1290.565,False,False,False,False,False,False,False,True,False,True,False,-0.0914634146341463,0.0007621951219512,,,-0.038201219512195,0.0359552845528455,0.0564024390243902,0.0884146341463414,0.001380953384917,0.0483144434757338,1132.0,1274.0,0.8369028006589786,-0.0002055619181865,-0.0012625202270532,-0.0001813651802833
2008-01-15,1310.0,1331.0,1273.0,1273.0,177600.0,1273.0,1322.0,1364.1,1359.32,1265.64,1289.835,False,False,False,False,False,False,False,True,False,True,False,-0.0793401413982718,0.0628436763550667,,,-0.067808326787117,0.005781618224666,0.0722702278083267,0.1563236449332286,0.0006426261285464,0.0552745399897368,1159.0,1242.0,1.1653543307086611,-0.0020598534561398,-0.0018542915379532,-0.0007383272563706
2008-01-16,1213.0,1262.0,1205.0,1236.0,161000.0,1236.0,1301.4,1343.2,1356.04,1266.24,1288.61,False,False,False,False,False,False,False,True,False,True,False,-0.023462783171521,0.1100323624595469,,,-0.0971197411003235,-0.0244660194174757,0.1059870550161812,0.1618122977346278,0.0004738438210765,0.0693120905300773,1135.0,1255.0,0.9065315315315317,-0.0024188077047874,-0.0003589542486476,-0.0001687823074699
2008-01-17,1218.0,1254.0,1201.0,1248.0,186300.0,1248.0,1278.8,1324.0,1350.6,1267.0666666666666,1287.54,False,False,False,False,False,False,False,True,False,True,False,0.0753205128205128,0.1594551282051282,,,-0.0822115384615383,-0.0152777777777777,0.0801282051282051,0.1594551282051282,0.0006524255498263,0.0861782477341389,1116.0,1227.0,1.1571428571428573,-0.0040278394787502,-0.0016090317739627,0.0001785817287498
2008-01-18,1168.0,1267.0,1168.0,1262.0,202400.0,1262.0,1266.2,1308.6,1345.56,1267.9066666666668,1286.465,False,False,False,False,False,False,False,True,False,False,False,0.0641838351822503,0.100633914421553,,,-0.0662123613312202,-0.0046804014791337,0.1038034865293185,0.1347068145800317,0.0006625093329688,0.0988078862906925,1138.0,1225.0,1.0864197530864197,-0.0037456523677873,0.0002821871109628,1.008378314257697e-05
2008-01-21,1242.0,1250.0,1192.0,1192.0,155400.0,1192.0,1242.2,1289.7,1338.48,1267.2133333333334,1285.275,False,False,False,False,False,False,False,False,False,True,False,0.1015100671140939,0.1845637583892617,,,-0.1228859060402684,-0.0630984340044743,0.1409395973154362,0.2021812080536912,-0.0005471322902747,0.1132046212297433,1189.0,1237.0,0.7677865612648221,-0.005289582212659,-0.0015439298448717,-0.0012096416232436
2008-01-22,1145.0,1198.0,1142.0,1172.0,229100.0,1172.0,1222.0,1272.0,1330.32,1266.2,1284.105,False,False,False,False,False,False,False,False,False,True,False,0.1544368600682593,0.212457337883959,,,-0.1350853242320818,-0.0803754266211604,0.1783276450511945,0.2474402730375426,-0.0008002948454693,0.1327044025157232,1178.0,1217.0,1.4742599742599742,-0.0061338625293163,-0.0008442803166572,-0.0002531625551946
2008-01-23,1187.0,1228.0,1174.0,1207.0,273900.0,1207.0,1216.2,1258.8,1322.92,1265.4,1282.975,False,False,False,False,False,False,False,False,False,False,False,0.1367025683512841,0.1234465617232808,,,-0.096039768019884,-0.0483844241922121,0.1491300745650373,0.2228666114333057,-0.0006322111585269,0.1487925007944073,1159.0,1176.0,1.195547795722392,-0.0055936866930727,0.0005401758362435,0.0001680836869424
2008-01-24,1276.0,1345.0,1268.0,1342.0,442500.0,1342.0,1235.0,1256.9,1321.16,1266.5466666666666,1282.23,False,False,False,False,True,False,False,True,False,False,False,0.078241430700447,0.0052160953800298,,,0.0155290611028315,0.0562245404868356,0.0067064083457526,0.1028315946348733,0.000905348927793,0.1556209722332722,1174.0,1181.0,1.615553121577218,-0.0013321626449483,0.0042615240481244,0.0015375600863199
2008-01-25,1362.0,1394.0,1314.0,1343.0,377500.0,1343.0,1251.2,1258.7,1320.96,1267.76,1281.995,False,False,False,False,False,False,False,True,False,False,False,0.0342516753536857,0.0275502606105733,,,0.0164110201042442,0.0560238272524199,-0.0297840655249441,0.0871183916604616,0.0009570686354936,0.1540478271232222,1163.0,1201.0,0.8531073446327684,-0.0001514050387597,0.0011807576061886,5.171970770054626e-05
2008-01-28,1340.0,1340.0,1310.0,1313.0,100400.0,1313.0,1275.4,1258.8,1320.28,1268.16,1281.485,False,False,False,False,False,False,False,True,False,True,False,0.0753998476770754,0.035034272658035,,,-0.0055445544554455,0.034150799695354,-0.0038080731150038,0.07006854531607,0.0003154176129195,0.1521290117572291,1222.0,1209.0,0.2659602649006622,-0.0005150422637622,-0.0003636372250025,-0.000641651022574
2008-01-29,1373.0,1394.0,1335.0,1353.0,355200.0,1353.0,1311.6,1266.8,1321.88,1269.0933333333332,1281.075,False,False,False,False,False,False,True,True,True,False,True,0.0502586844050258,-0.0103473762010347,,,0.0230007390982999,0.0620152746982015,-0.0133037694013303,0.0591278640059127,0.000735433170137,0.1417745500473635,1242.0,1191.0,3.537848605577689,0.001210397312918,0.0017254395766803,0.0004200155572175
2008-01-30,1373.0,1424.0,1356.0,1372.0,265900.0,1372.0,1344.6,1280.4,1324.24,1270.506666666667,1280.85,False,False,False,False,False,False,True,True,False,False,False,-0.0116618075801749,0.0189504373177842,,,0.0348104956268221,0.0739747327502428,0.0021865889212827,0.0510204081632653,0.0011124170934432,0.1301155888784754,1271.0,1183.0,0.7485923423423423,0.0017821542922732,0.0005717569793551,0.0003769839233061
2008-01-31,1349.0,1449.0,1342.0,1447.0,273000.0,1447.0,1365.6,1300.3,1329.88,1272.7866666666666,1280.985,False,False,False,False,False,False,True,True,False,False,False,-0.0677263303386316,-0.0463026952315134,,,0.0809398756046993,0.1203962220686478,-0.0628887353144436,-0.0082930200414651,0.0017913449753295,0.1118972544797354,1257.0,1210.0,1.0267017675817978,0.0042409841489458,0.0024588298566726,0.0006789278818862
2008-02-01,1428.0,1444.0,1385.0,1389.0,192100.0,1389.0,1374.8,1313.0,1331.52,1274.4666666666667,1280.7,False,False,False,False,False,False,True,True,False,True,False,-0.0064794816414686,-0.019438444924406,,,0.0413822894168466,0.0824574034077273,-0.0237580993520518,0.033117350611951,0.0013181984621018,0.1013709063214013,1289.0,1247.0,0.7036630036630037,0.0012316750781061,-0.0030093090708397,-0.0004731465132276
2008-02-04,1390.0,1438.0,1390.0,1412.0,157500.0,1412.0,1394.6,1335.0,1333.0,1276.3066666666666,1280.585,False,False,False,False,False,False,True,True,False,True,False,-0.0375354107648725,-0.018413597733711,,,0.0559490084985835,0.0961000944287063,-0.0212464589235127,0.0828611898016997,0.0014416597891833,0.0904119850187266,1319.0,1237.0,0.8198854763144195,0.0011102775693923,-0.0001213975087137,0.0001234613270814
2008-02-05,1392.0,1429.0,1392.0,1421.0,174500.0,1421.0,1408.2,1359.9,1334.0,1278.6933333333334,1280.565,False,False,False,False,False,False,True,True,False,True,False,-0.0577058409570724,-0.0394088669950738,,,0.0612244897959183,0.1001454374853389,-0.0147783251231527,0.0788177339901477,0.001866488707222,0.0756673284800352,1343.0,1228.0,1.107936507936508,0.0007496251874062,-0.000360652381986,0.0004248289180387
2008-02-06,1407.0,1412.0,1347.0,1356.0,240000.0,1356.0,1405.0,1374.8,1330.44,1280.04,1280.15,False,False,False,False,False,False,False,True,False,True,False,0.0309734513274336,0.0081120943952802,,,0.0188495575221238,0.0560176991150442,0.0280235988200589,0.0951327433628318,0.0010520504567564,0.064663951120163,1318.0,1172.0,1.3753581661891117,-0.0026758065001051,-0.0034254316875114,-0.0008144382504655
2008-02-07,1368.0,1380.0,1319.0,1349.0,265800.0,1349.0,1385.4,1375.5,1326.8,1281.6666666666667,1279.895,False,False,False,False,False,False,False,True,False,True,False,0.0229799851742031,-0.0007412898443291,,,0.0164566345441067,0.0499135161848282,0.0037064492216456,0.0882134914751667,0.0012691807542263,0.0632497273718647,1384.0,1168.0,1.1075,-0.0027434428700633,-6.763636995819845e-05,0.0002171302974698
2008-02-08,1369.0,1416.0,1369.0,1380.0,255600.0,1380.0,1383.6,1379.2,1325.36,1283.7333333333331,1279.795,False,False,False,False,False,False,False,True,False,False,True,-0.0130434782608695,0.0094202898550724,,,0.0395942028985508,0.0697584541062803,-0.0485507246376811,0.0869565217391304,0.0016098878271705,0.0632975638051043,1388.0,1160.0,0.9616252821670428,-0.0010864972535764,0.0016569456164869,0.0003407070729441
2008-02-12,1385.0,1385.0,1343.0,1359.0,336900.0,1359.0,1373.0,1383.8,1324.48,1285.36,1279.745,False,False,False,False,False,False,False,True,False,False,False,0.0198675496688741,0.0007358351729212,,,0.025401030169242,0.054186902133922,-0.0103016924208977,0.097130242825607,0.0012655339100849,0.0659777424483306,1369.0,1132.0,1.318075117370892,-0.0006644116936457,0.0004220855599307,-0.0003443539170855
2008-02-13,1379.0,1393.0,1329.0,1339.0,280200.0,1339.0,1356.6,1382.4,1324.08,1286.986666666667,1279.445,False,False,False,False,False,False,False,True,False,False,False,0.0194174757281553,0.0313666915608663,,,0.011142643764003,0.038844909136171,0.029126213592233,0.0858849887976101,0.0012639343582945,0.0685763888888888,1376.0,1159.0,0.8317008014247551,-0.0003020965500574,0.0003623151435882,-1.5995517903665685e-06
2008-02-14,1370.0,1398.0,1359.0,1398.0,196400.0,1398.0,1365.0,1385.0,1326.44,1289.9466666666667,1279.445,False,False,False,False,False,False,True,True,True,False,False,-0.0221745350500715,-0.007868383404864,,,0.0511874105865521,0.0772913686218406,0.0371959942775393,0.0357653791130186,0.0022946685134267,0.0670036101083032,1392.0,1135.0,0.7009279086366881,0.0017791984560177,0.0020812950060751,0.0010307341551321
2008-02-15,1367.0,1386.0,1326.0,1380.0,277900.0,1380.0,1371.2,1378.3,1327.2,1292.6,1279.23,False,False,False,False,False,False,True,True,False,True,False,-0.0231884057971014,-0.0210144927536231,,,0.0382608695652173,0.0633333333333334,0.0268115942028985,0.0521739130434782,0.0020527102996543,0.0734237829209896,1386.0,1116.0,1.414969450101833,0.0005726341169379,-0.0012065643390797,-0.0002419582137724
2008-02-18,1366.0,1390.0,1342.0,1362.0,195700.0,1362.0,1367.6,1375.6,1328.68,1294.746666666667,1278.975,False,False,False,False,False,False,True,True,True,False,False,0.0227606461086637,-0.0433186490455212,,,0.0244640234948604,0.04937836514929,0.0220264317180616,0.052863436123348,0.0016579819990528,0.0754579819715034,1348.0,1138.0,0.7042101475350846,0.0011138874672607,0.0005412533503228,-0.0003947283006015
2008-02-19,1363.0,1387.0,1363.0,1386.0,369700.0,1386.0,1373.0,1373.0,1331.64,1297.1066666666666,1278.915,False,False,False,False,False,False,True,True,False,False,False,-0.0187590187590187,-0.0562770562770562,,,0.0392207792207791,0.0641366041366042,0.0404040404040404,0.0259740259740259,0.001819434022388,0.0697013838310269,1330.0,1189.0,1.8891159938681656,0.0022228229851912,0.0011089355179304,0.0001614520233352
2008-02-20,1398.0,1398.0,1361.0,1365.0,233900.0,1365.0,1378.2,1367.4,1335.32,1299.4266666666667,1278.875,False,False,False,False,False,False,True,True,False,False,False,0.0117216117216117,-0.0219780219780219,,,0.0217435897435897,0.0480390720390719,0.0476190476190476,0.0065934065934065,0.0017854027930267,0.0624542928184875,1313.0,1178.0,0.6326751420070327,0.0027558937183595,0.0005330707331683,-3.4031229361243445e-05
2008-02-21,1366.0,1398.0,1346.0,1367.0,290800.0,1367.0,1372.0,1368.5,1340.56,1301.88,1278.76,False,False,False,False,False,False,True,True,False,False,False,0.0146305779078273,0.0058522311631309,,,0.0193416239941478,0.0476371616678858,0.1521580102414045,0.0036576444769568,0.0018844542763798,0.0533430763609791,1313.0,1159.0,1.2432663531423684,0.0039088142268902,0.0011529205085307,9.905148335303769e-05
2008-02-22,1364.0,1377.0,1337.0,1348.0,253300.0,1348.0,1365.6,1368.4,1344.56,1303.72,1278.5,False,False,False,False,False,False,True,True,False,True,False,0.0022255192878338,0.0059347181008902,,,0.0025519287833828,0.0328486646884272,0.2626112759643917,-0.0074183976261127,0.0014113459945386,0.0439199064600993,1306.0,1174.0,0.8710453920220083,0.0029749509133099,-0.0009338633135803,-0.0004731082818411
2008-02-25,1368.0,1410.0,1368.0,1393.0,231600.0,1393.0,1371.8,1369.7,1349.8,1305.6666666666667,1278.535,False,False,False,False,False,False,True,True,False,False,False,-0.0646087580760947,-0.0265613783201722,,,0.0310122038765255,0.0626944245034696,0.1931083991385498,-0.0366116295764537,0.0014909369415369,0.0313937358545666,1348.0,1163.0,0.9143308330043428,0.0038820566009779,0.0009071056876679,7.959094699828582e-05
2008-02-26,1413.0,1420.0,1357.0,1360.0,216500.0,1360.0,1366.6,1369.8,1356.52,1307.3066666666666,1278.45,False,False,False,False,False,False,True,True,False,False,False,-0.038235294117647,0.0161764705882352,,,0.0025588235294117,0.0387450980392157,0.1911764705882352,0.0036764705882352,0.0012544875979111,0.0221200175208059,1375.0,1222.0,0.9348013816925734,0.0049538525049391,0.0010717959039612,-0.0002364493436257
2008-02-27,1394.0,1403.0,1352.0,1381.0,332400.0,1381.0,1369.8,1374.0,1364.88,1309.3466666666666,1278.4,False,False,False,False,False,False,True,True,False,False,True,-0.0333091962346126,0.0137581462708182,,,0.0116727009413467,0.0518851074100893,0.1614771904417089,-0.0412744388124547,0.0015580289406421,0.0095342066957786,1396.0,1242.0,1.535334872979215,0.0061250805931657,0.0011712280882266,0.0003035413427309
2008-02-28,1382.0,1390.0,1363.0,1387.0,90400.0,1387.0,1373.8,1372.9,1372.08,1312.2133333333334,1278.505,False,False,False,False,False,False,True,True,False,True,False,-0.0086517664023071,0.0050468637346791,,,0.0107570295602019,0.0539197308339341,0.1427541456380677,-0.0288392213410237,0.0021846041294099,0.0029863791973194,1445.0,1271.0,0.2719614921780987,0.0052475074339687,-0.000877573159197,0.0006265751887678
2008-02-29,1351.0,1369.0,1330.0,1351.0,240500.0,1351.0,1374.4,1370.0,1372.44,1314.6533333333334,1278.5,False,False,False,False,False,False,True,True,False,True,False,0.003700962250185,0.002220577350111,,,-0.0158697261287935,0.0269035282506784,0.1850481125092524,-0.0259067357512953,0.0018560025963752,-0.0048175182481751,1440.0,1257.0,2.660398230088496,0.0002623065489202,-0.0049852008850484,-0.0003286015330346
2008-03-03,1330.0,1335.0,1298.0,1303.0,250700.0,1303.0,1356.4,1364.1,1370.84,1316.56,1278.235,False,False,False,False,False,False,False,True,False,True,False,0.0406753645433614,0.0076745970836531,,,-0.0520644666155026,-0.0104067536454335,0.212586339217191,-0.0015349194167306,0.0014482185898603,-0.0102631771864232,1416.0,1289.0,1.0424116424116423,-0.0011671675760848,-0.0014294741250051,-0.0004077840065149
2008-03-04,1310.0,1327.0,1293.0,1308.0,198300.0,1308.0,1346.0,1356.3,1370.64,1318.9066666666668,1277.975,False,False,False,False,False,False,False,True,False,False,False,0.0565749235474006,0.0282874617737003,,,-0.0478899082568808,-0.0083384301732926,0.172782874617737,0.0030581039755351,0.0017792515012435,-0.0126815601268156,1381.0,1319.0,0.7909852413242919,-0.0001459172357437,0.001021250340341,0.0003310329113832
2008-03-05,1323.0,1350.0,1302.0,1335.0,295200.0,1335.0,1336.8,1353.3,1369.92,1321.253333333333,1277.985,False,False,False,False,False,False,False,True,False,True,False,0.048689138576779,0.0322097378277153,,,-0.0261573033707865,0.0102971285892635,0.1355805243445693,-0.0127340823970037,0.0017760913879748,-0.0146309022389713,1349.0,1343.0,1.4886535552193645,-0.0005255781359495,-0.0003796609002058,-3.160113268744092e-06
2008-03-06,1335.0,1385.0,1324.0,1375.0,210700.0,1375.0,1334.4,1354.1,1370.04,1324.4533333333334,1278.41,False,False,False,False,True,False,True,True,False,False,False,0.0138181818181818,0.0545454545454545,,,0.0036072727272727,0.036761212121212,0.1389090909090909,-0.0029090909090909,0.0024160911671735,-0.0152869064323165,1339.0,1318.0,0.7137533875338753,8.75886835420067e-05,0.0006131668194915,0.0006399997791987
2008-03-07,1340.0,1371.0,1330.0,1356.0,223200.0,1356.0,1335.4,1354.9,1366.4,1327.6533333333334,1278.555,False,False,False,False,False,False,False,True,False,True,False,-0.0014749262536873,0.0449852507374631,,,-0.0076696165191741,0.0209046214355948,0.1106194690265486,-0.0117994100294985,0.0024102677405748,-0.0157207173961179,1361.0,1384.0,1.059326056003797,-0.0026639344262294,-0.0027515231097714,-5.823426598697626e-06
2008-03-10,1336.0,1364.0,1321.0,1356.0,223000.0,1356.0,1346.0,1351.2,1365.08,1330.56,1278.78,False,False,False,False,False,False,False,True,False,False,False,-0.0317109144542772,0.0265486725663716,,,-0.0066961651917403,0.0187610619469026,0.0921828908554572,-0.0280235988200589,0.0021845438512104,-0.0148016577856719,1325.0,1388.0,0.9991039426523296,-0.0009669762944297,0.0016969581317996,-0.0002257238893644
2008-03-11,1354.0,1393.0,1342.0,1382.0,234700.0,1382.0,1360.8,1353.4,1363.88,1333.1333333333334,1278.99,False,False,False,False,False,False,False,True,False,False,False,-0.0267727930535455,0.0434153400868306,,,0.0131114327062227,0.0353593825373853,0.0839363241678726,-0.0303907380607814,0.0019302895434316,-0.0182503324959361,1312.0,1369.0,1.0524663677130044,-0.0008798428014193,8.713349301040418e-05,-0.0002542543077787
2008-03-12,1402.0,1409.0,1384.0,1400.0,142900.0,1400.0,1373.8,1355.3,1363.04,1336.0933333333332,1279.18,False,False,False,False,False,False,False,True,False,False,False,-0.0157142857142857,0.0214285714285714,,,0.0264,0.0456476190476191,0.0757142857142857,-0.0571428571428571,0.0022154140928277,-0.0199217885339039,1273.0,1376.0,0.6088623775031956,-0.0006162695152014,0.0002635732862179,0.000285124549396
2008-03-13,1399.0,1423.0,1393.0,1394.0,202700.0,1394.0,1377.6,1356.0,1364.56,1339.2266666666667,1279.3,False,False,False,False,False,False,True,True,True,False,False,0.0401721664275466,0.1298421807747489,,,0.0211190817790531,0.0392922046867527,0.0530846484935437,-0.0717360114777618,0.0023396587085084,-0.0243362831858407,1236.0,1392.0,1.418474457662701,0.0011139121768188,0.0017301816920203,0.0001242446156807
2008-03-14,1407.0,1409.0,1354.0,1354.0,134100.0,1354.0,1377.2,1356.3,1364.76,1341.6266666666668,1279.25,False,False,False,False,False,False,True,True,False,True,False,0.0465288035450517,0.2570162481536189,,,-0.0079468242245199,0.0091383554899063,0.0553914327917282,-0.0716395864106351,0.0017888732086423,-0.0289021602890216,1248.0,1386.0,0.6615688209176123,0.0001465459128345,-0.0009673662639843,-0.0005507854998661
2008-03-17,1340.0,1340.0,1282.0,1313.0,101800.0,1313.0,1368.6,1357.3,1362.08,1343.6266666666668,1279.04,False,False,False,False,False,False,False,True,False,True,False,0.0601675552170601,0.2658035034272658,,,-0.0373800456968773,-0.0233257171871034,0.0921553693830921,-0.0517897943640517,0.0014885087127376,-0.0337434612834303,1262.0,1348.0,0.7591349739000746,-0.0019675789968284,-0.0021141249096629,-0.0003003644959046
2008-03-18,1320.0,1349.0,1305.0,1345.0,161400.0,1345.0,1361.2,1361.0,1361.52,1345.2666666666669,1279.035,False,False,False,False,False,False,False,True,False,False,True,0.0721189591078066,0.2044609665427509,,,-0.0122825278810408,-0.0001982651796779,0.0817843866171003,-0.0513011152416356,0.0012190891520888,-0.0390154298310065,1192.0,1330.0,1.5854616895874265,-0.0004113050120453,0.0015562739847831,-0.0002694195606487
2008-03-19,1365.0,1378.0,1352.0,1378.0,118900.0,1378.0,1356.8,1365.3,1363.08,1347.08,1279.075,False,False,False,False,True,False,True,True,True,False,False,0.0377358490566037,0.1640058055152394,,,0.0108272859216255,0.0224383164005806,0.0239477503628447,-0.1204644412191582,0.001346121487464,-0.04980590346444,1172.0,1313.0,0.7366790582403965,0.0011444669425125,0.0015557719545578,0.0001270323353751
2008-03-21,1388.0,1454.0,1382.0,1450.0,161900.0,1450.0,1368.0,1372.8,1365.16,1349.4666666666667,1279.565,False,False,False,False,False,False,True,True,False,False,False,0.0862068965517241,0.093103448275862,,,0.0585103448275861,0.0693333333333333,-0.0186206896551724,-0.1558620689655172,0.0017685999407173,-0.0657051282051282,1207.0,1313.0,1.3616484440706476,0.0015236309297079,0.0003791639871954,0.0004224784532533
2008-03-24,1407.0,1430.0,1407.0,1417.0,128000.0,1417.0,1380.6,1378.9,1366.64,1351.6,1279.77,False,False,False,False,False,False,True,True,False,True,False,0.2011291460832745,0.1298517995765702,,,0.0355398729710655,0.0461538461538462,-0.0007057163020465,-0.1178546224417784,0.0015783762454374,-0.0763652186525492,1342.0,1306.0,0.7906114885731933,0.0010829479599602,-0.0004406829697477,-0.0001902236952799
2008-03-25,1424.0,1425.0,1382.0,1392.0,223300.0,1392.0,1396.4,1382.5,1367.84,1352.9733333333334,1279.72,False,False,False,False,False,False,True,True,False,True,False,0.1939655172413793,0.1350574712643678,,,0.0173563218390805,0.0280363984674329,0.0481321839080459,-0.1113505747126436,0.0010150483379816,-0.084629294755877,1343.0,1348.0,1.74453125,0.0008772955901273,-0.0002056523698328,-0.0005633279074557
2008-03-26,1399.0,1444.0,1390.0,1442.0,164100.0,1442.0,1415.8,1388.5,1370.08,1354.6133333333332,1280.05,False,False,False,False,False,False,True,True,True,False,False,0.1234396671289875,0.0638002773925104,,,0.049875173370319,0.0606010171058715,-0.0097087378640776,-0.1449375866851595,0.0012106775857316,-0.0962909614692114,1313.0,1375.0,0.7348858038513211,0.0016349410253415,0.0007576454352142,0.00019562924775
2008-03-27,1432.0,1438.0,1413.0,1430.0,145400.0,1430.0,1426.2,1391.5,1372.68,1355.7733333333333,1280.295,False,False,False,False,False,False,True,True,False,False,False,0.1216783216783216,0.0601398601398601,,,0.040083916083916,0.0519067599067599,0.0293706293706293,-0.1433566433566433,0.000855600247829,-0.1050664750269493,1353.0,1396.0,0.8860450944546009,0.0018941049625551,0.0002591639372135,-0.0003550773379025
2008-03-28,1460.0,1585.0,1433.0,1575.0,576800.0,1575.0,1451.2,1409.6,1381.0,1359.2,1281.24,False,False,False,False,False,False,True,True,False,False,False,0.0063492063492063,-0.0057142857142857,,,0.1231746031746031,0.1370158730158729,-0.0882539682539682,-0.2311111111111111,0.0025210908377477,-0.1224460839954596,1372.0,1445.0,3.966987620357634,0.0060246198406951,0.00413051487814,0.0016654905899186
2008-03-31,1560.0,1748.0,1548.0,1702.0,525100.0,1702.0,1508.2,1444.4,1395.16,1363.44,1282.715,False,False,False,False,False,False,True,True,False,False,False,-0.0593419506462984,-0.1151586368977673,,,0.1802820211515863,0.1989189189189188,-0.1498237367802585,-0.2867215041128084,0.0031097811418177,-0.146566048186098,1447.0,1440.0,0.9103675450762828,0.0101493735485536,0.0041247537078585,0.00058869030407
2008-04-01,1672.0,1676.0,1612.0,1662.0,443600.0,1662.0,1562.2,1479.3,1405.92,1367.0933333333332,1284.06,False,False,False,False,False,False,True,True,False,True,False,-0.049338146811071,-0.1089049338146811,,,0.1540794223826714,0.1774408343361412,-0.138387484957882,-0.2972322503008424,0.002672336441306,-0.1719056310417089,1389.0,1416.0,0.844791468291754,0.0076533515420507,-0.0024960220065028,-0.0004374447005117
2008-04-02,1662.0,1673.0,1615.0,1620.0,244900.0,1620.0,1597.8,1506.8,1416.32,1370.44,1285.235,False,False,False,False,False,False,True,True,False,True,False,-0.0530864197530864,-0.0753086419753086,,,0.1257283950617284,0.1540493827160493,-0.1154320987654321,-0.2660493827160494,0.0024420380802273,-0.1927926732147597,1412.0,1381.0,0.5520739404869252,0.0073429733393582,-0.0003103782026925,-0.0002302983610786
2008-04-03,1605.0,1637.0,1578.0,1604.0,367800.0,1604.0,1632.6,1529.4,1425.24,1373.48,1286.46,False,False,False,False,False,False,True,True,False,True,False,-0.054862842892768,-0.0610972568578553,,,0.1114463840399002,0.143715710723192,-0.0885286783042394,-0.2612219451371571,0.0022133558551999,-0.2064862037400288,1421.0,1349.0,1.5018374846876277,0.0062585950436418,-0.0010843782957164,-0.0002286822250274
2008-04-04,1574.0,1586.0,1562.0,1585.0,326300.0,1585.0,1634.6,1542.9,1433.16,1376.0533333333333,1287.695,False,False,False,False,False,False,True,True,False,True,False,-0.01198738170347,-0.0738170347003154,,,0.0957981072555204,0.1318275499474238,-0.068769716088328,-0.2479495268138801,0.0018700825549396,-0.2155032730572298,1356.0,1339.0,0.8871669385535618,0.0055262496860085,-0.0007323453576332,-0.0003432733002602
2008-04-07,1610.0,1615.0,1580.0,1601.0,156700.0,1601.0,1614.4,1561.3,1443.16,1378.92,1289.005,False,False,False,False,False,False,True,True,False,False,False,-0.0593379138038725,-0.1074328544659587,,,0.0985883822610867,0.1387133041848844,-0.075577763897564,-0.2667083073079325,0.0020789216681655,-0.2296163453532312,1349.0,1361.0,0.4802329144958627,0.0069292386152609,0.0014029889292523,0.0002088391132258
2008-04-08,1623.0,1641.0,1572.0,1580.0,344200.0,1580.0,1598.0,1580.1,1454.24,1382.013333333333,1290.11,False,False,False,False,False,False,True,True,False,False,False,-0.0626582278481012,-0.0924050632911392,,,0.0795949367088607,0.1253080168776373,-0.0759493670886076,-0.2348101265822784,0.0022382803832088,-0.2405543952914372,1380.0,1325.0,2.196553924696873,0.0076191000110022,0.0006898613957413,0.0001593587150433
2008-04-09,1611.0,1622.0,1527.0,1534.0,248900.0,1534.0,1580.8,1589.3,1463.28,1384.7333333333331,1291.0,False,False,False,False,False,False,True,True,False,True,False,-0.0234680573663624,-0.0514993481095176,,,0.0461016949152542,0.0973055193394177,-0.0840938722294654,-0.2138200782268579,0.0019642771171344,-0.2466494683193859,1359.0,1312.0,0.7231260894828588,0.0061779017002897,-0.0014411983107125,-0.0002740032660743
2008-04-10,1557.0,1576.0,1507.0,1516.0,154500.0,1516.0,1563.2,1597.9,1470.52,1387.44,1291.795,False,False,False,False,False,False,True,True,False,True,False,-0.0065963060686015,-0.0692612137203166,,,0.03,0.0848021108179419,-0.0547493403693931,-0.1754617414248021,0.0019508351111881,-0.2491394955879592,1339.0,1273.0,0.620731217356368,0.0049234284470799,-0.0012544732532097,-1.3442005946302925e-05
2008-04-11,1529.0,1567.0,1522.0,1566.0,72600.0,1566.0,1559.4,1597.0,1478.16,1390.8133333333333,1292.87,False,False,False,False,False,False,True,True,False,False,False,-0.0625798212005108,-0.0913154533844189,,,0.0560919540229884,0.1118688803746275,-0.0791826309067688,-0.1679438058748403,0.0024254393112901,-0.2429555416405761,1398.0,1236.0,0.4699029126213592,0.0051685879742383,0.0002451595271583,0.000474604200102
2008-04-14,1508.0,1519.0,1490.0,1506.0,152500.0,1506.0,1540.4,1577.4,1484.16,1393.48,1293.645,False,False,False,False,False,False,True,True,False,True,False,-0.0511288180610889,-0.0597609561752988,,,0.0145019920318724,0.0747144754316068,-0.047144754316069,-0.1699867197875166,0.001913674158701,-0.2312666413084824,1380.0,1248.0,2.100550964187328,0.0040426908150064,-0.0011258971592318,-0.0005117651525891
2008-04-15,1491.0,1502.0,1459.0,1481.0,222100.0,1481.0,1520.6,1559.3,1489.16,1395.253333333333,1294.295,False,False,False,False,False,False,True,True,False,True,False,-0.0317353139770425,-0.0148548278190411,,,-0.0055097906819716,0.057897816790457,-0.0310600945307224,-0.1249155975692099,0.0012709758801267,-0.2141345475533892,1362.0,1262.0,1.4563934426229508,0.0033575975717854,-0.000685093243221,-0.0006426982785743
2008-04-16,1485.0,1527.0,1477.0,1498.0,238800.0,1498.0,1513.4,1547.1,1493.8,1396.8933333333334,1295.125,False,False,False,False,False,False,True,True,False,True,False,-0.0287049399198931,-0.0467289719626168,,,0.002803738317757,0.0674944370271472,0.020694259012016,-0.123497997329773,0.0011740338083559,-0.1999224355245297,1386.0,1192.0,1.075191355245385,0.003106172178337,-0.0002514253934483,-9.694207177080982e-05
2008-04-17,1541.0,1549.0,1501.0,1506.0,180400.0,1506.0,1511.4,1537.3,1498.04,1398.36,1296.11,False,False,False,False,False,False,True,True,False,True,False,-0.0630810092961487,-0.0225763612217795,,,0.0052855245683931,0.0714741035856574,0.0179282868525896,-0.1142098273572377,0.0010488476977791,-0.1851297729785987,1365.0,1172.0,0.7554438860971524,0.0028303650102801,-0.0002758071680569,-0.0001251861105767
2008-04-18,1507.0,1511.0,1450.0,1468.0,224900.0,1468.0,1491.8,1525.6,1501.0,1398.6666666666667,1296.89,False,False,False,False,False,False,True,True,False,True,False,-0.0306539509536784,-0.0217983651226158,,,-0.0224795640326975,0.0472297910990008,0.0115803814713896,-0.0919618528610354,0.0002192564346998,-0.1696381751442055,1367.0,1207.0,1.246674057649667,0.0019720186542305,-0.0008583463560495,-0.0008295912630793
2008-04-21,1470.0,1488.0,1410.0,1429.0,236100.0,1429.0,1476.4,1508.4,1504.0,1398.52,1297.585,False,False,False,False,False,False,True,False,False,False,False,-0.0090972708187543,0.0125962211336599,,,-0.0524842547235829,0.0213296011196641,0.0272918124562631,-0.0671798460461861,-0.0001048727702619,-0.1496287456907982,1348.0,1342.0,1.0497999110715874,0.0019946808510638,2.2662196833292403e-05,-0.0003241292049618
2008-04-22,1444.0,1446.0,1422.0,1434.0,69400.0,1434.0,1467.0,1493.8,1508.84,1398.76,1298.345,False,False,False,False,False,False,True,True,False,False,False,0.0174337517433751,-0.00139470013947,,,-0.0521896792189678,0.0245746164574616,0.0460251046025104,-0.0488145048814504,0.0001715805427664,-0.1309412237247288,1393.0,1343.0,0.2939432443879712,0.003207762254447,0.0012130814033832,0.0002764533130284
2008-04-23,1430.0,1470.0,1430.0,1455.0,99600.0,1455.0,1458.4,1485.9,1513.24,1399.746666666667,1299.15,False,False,False,False,False,False,True,True,False,True,False,-0.0185567010309278,-0.0151202749140893,,,-0.0400274914089347,0.0379747995418096,0.0247422680412371,-0.111340206185567,0.0007048894561874,-0.1204657110168921,1360.0,1313.0,1.4351585014409225,0.0029076683143454,-0.0003000939401016,0.000533308913421
2008-04-24,1456.0,1456.0,1407.0,1411.0,169800.0,1411.0,1439.4,1475.4,1514.56,1400.5733333333333,1299.62,False,False,False,False,False,False,True,True,False,True,False,0.0432317505315379,0.036144578313253,,,-0.0733947554925584,0.0073895582329317,0.030474840538625,-0.0290574060949681,0.000590234475405,-0.1060729293750847,1381.0,1353.0,1.7048192771084338,0.0008715402493132,-0.0020361280650321,-0.0001146549807823
2008-04-25,1428.0,1439.0,1412.0,1423.0,116000.0,1423.0,1430.4,1461.1,1513.48,1401.6933333333334,1300.155,False,False,False,False,False,False,False,True,False,True,False,0.0091356289529163,0.0372452565003513,,,-0.0635839775122979,0.0149730616069336,0.0175685172171468,-0.0590302178496134,0.0007990335498968,-0.0948600369584559,1387.0,1372.0,0.6831566548881036,-0.0007135872294314,-0.0015851274787447,0.0002087990744917
2008-04-28,1432.0,1450.0,1403.0,1416.0,104000.0,1416.0,1427.8,1452.1,1513.44,1402.4266666666667,1300.63,False,False,False,False,False,False,False,True,False,False,False,0.0218926553672316,0.0451977401129943,,,-0.0688135593220339,0.0095856873822975,0.0254237288135593,-0.0346045197740113,0.000522903158335,-0.0811927553198814,1351.0,1447.0,0.896551724137931,-2.642985516436966e-05,0.000687157374267,-0.0002761303915617
2008-04-30,1436.0,1465.0,1416.0,1459.0,173600.0,1459.0,1432.8,1449.9,1516.12,1404.2133333333334,1301.375,False,False,False,False,False,False,True,True,True,False,False,-0.0185058259081562,0.0006854009595613,,,-0.0391501028101438,0.0375508339045007,-0.0171350239890335,-0.0657984921178889,0.0012723612746401,-0.0751775984550658,1303.0,1389.0,1.6692307692307693,0.0017676701052686,0.0017940999604329,0.000749458116305
2008-05-01,1460.0,1461.0,1423.0,1428.0,106300.0,1428.0,1427.4,1442.9,1515.56,1405.76,1301.93,False,False,False,False,False,False,False,True,False,True,False,0.003501400560224,-0.0161064425770308,,,-0.0613165266106442,0.0155742296918767,-0.0042016806722689,-0.0546218487394958,0.0011002352227027,-0.0681266893062583,1308.0,1412.0,0.6123271889400922,-0.0003695003826967,-0.0021371704879653,-0.0001721260519373
2008-05-02,1473.0,1484.0,1451.0,1472.0,131300.0,1472.0,1439.6,1439.5,1517.24,1408.4133333333334,1302.645,False,False,False,False,False,False,True,True,True,False,False,-0.0067934782608695,-0.0264945652173913,,,-0.0307336956521739,0.0431974637681158,-0.0665760869565217,-0.0828804347826086,0.0018839166532552,-0.0648141715873567,1335.0,1421.0,1.2351834430856068,0.0011072737338852,0.001476774116582,0.0007836814305525
2008-05-07,1470.0,1470.0,1430.0,1436.0,141400.0,1436.0,1442.2,1436.3,1511.68,1411.08,1303.295,False,False,False,False,False,False,False,True,False,True,False,0.0278551532033426,0.0041782729805013,,,-0.0527019498607242,0.0173537604456825,-0.0445682451253481,-0.0564066852367688,0.0018898054445293,-0.0611989138759311,1375.0,1356.0,1.0769230769230769,-0.0036780270956815,-0.0047853008295668,5.888791274116442e-06
2008-05-08,1435.0,1449.0,1427.0,1447.0,78400.0,1447.0,1448.4,1438.1,1501.48,1413.7333333333331,1304.04,False,False,False,False,False,False,False,True,False,True,False,0.022805805114029,-0.0082930200414651,,,-0.0376503109882515,0.0229900944482839,-0.0753282653766413,-0.0691085003455425,0.0018768273130245,-0.0614004589388776,1356.0,1349.0,0.5544554455445545,-0.006793297280017,-0.0031152701843354,-1.2978131504861117e-05
2008-05-09,1467.0,1467.0,1431.0,1432.0,81000.0,1432.0,1443.0,1437.9,1492.28,1416.0,1304.655,False,False,False,False,False,False,False,True,False,False,False,0.0195530726256983,0.0020949720670391,,,-0.042094972067039,0.0111731843575419,-0.0628491620111731,-0.0467877094972067,0.0016007532956686,-0.0612003616385005,1356.0,1380.0,1.0331632653061225,-0.0061650628568365,0.0006282344231805,-0.0002760740173558
2008-05-12,1432.0,1443.0,1401.0,1433.0,84800.0,1433.0,1444.0,1435.7,1484.8,1419.2133333333334,1305.26,False,False,False,False,False,False,False,True,False,False,False,-0.0195394277739009,0.0669923237962316,,,-0.0361479413817166,0.0096208420562921,-0.0474528960223307,-0.0279134682484298,0.0022641651243412,-0.052796545239256,1382.0,1359.0,1.0469135802469136,-0.0050377155172413,0.0011273473395951,0.0006634118286725
2008-05-13,1413.0,1462.0,1413.0,1462.0,105000.0,1462.0,1442.0,1440.8,1479.12,1423.08,1306.01,False,False,False,False,False,False,False,True,False,False,True,-0.0198358413132694,0.048563611491108,,,-0.0117099863201093,0.0266210670314638,-0.094391244870041,-0.0403556771545827,0.0027171112422819,-0.0538589672404219,1400.0,1339.0,1.2382075471698113,-0.0038401211531181,0.0011975943641232,0.0004529461179407
2008-05-14,1468.0,1500.0,1456.0,1476.0,171000.0,1476.0,1450.0,1446.1,1474.76,1426.6666666666667,1306.965,False,False,False,False,True,False,False,True,False,False,False,-0.0230352303523035,0.0060975609756097,,,0.000840108401084,0.0334236675700089,-0.0873983739837398,-0.0535230352303523,0.0025140186915888,-0.0533158149505566,1394.0,1398.0,1.6285714285714286,-0.0029564132469011,0.0008837079062169,-0.000203092550693
2008-05-15,1501.0,1505.0,1465.0,1480.0,189000.0,1480.0,1456.6,1452.5,1469.92,1428.506666666667,1307.87,False,False,False,False,False,False,False,True,False,True,False,-0.0304054054054054,-0.0081081081081081,,,0.0068108108108107,0.0347927927927926,-0.1108108108108108,-0.0351351351351351,0.0012880583919805,-0.0532874354561102,1354.0,1380.0,1.105263157894737,-0.0032926962011537,-0.0003362829542526,-0.0012259602996083
2008-05-16,1480.0,1480.0,1450.0,1460.0,113400.0,1460.0,1462.2,1452.6,1465.12,1430.0666666666666,1308.815,False,False,False,False,False,False,False,True,False,False,False,-0.0171232876712328,0.0273972602739726,,,-0.0035068493150684,0.0205022831050228,-0.108904109589041,-0.0506849315068493,0.0010908582350471,-0.0517692413603193,1313.0,1362.0,0.6,-0.0032761821557279,1.6514045425765605e-05,-0.0001972001569334
2008-05-19,1420.0,1427.0,1402.0,1405.0,170600.0,1405.0,1456.6,1450.3,1459.96,1431.2933333333333,1309.61,False,False,False,False,False,False,False,True,False,True,False,0.0882562277580071,0.0612099644128113,,,-0.0391174377224199,-0.0187141162514827,-0.0661921708185053,-0.0177935943060498,0.0008570337317298,-0.0481969247741845,1345.0,1386.0,1.5044091710758378,-0.0035343434066685,-0.0002581612509405,-0.0002338245033172
2008-05-20,1411.0,1448.0,1409.0,1433.0,155000.0,1433.0,1450.8,1446.4,1456.64,1432.36,1310.555,False,False,False,False,False,False,False,True,False,False,False,0.0697836706210746,0.0146545708304256,,,-0.0164968597348221,0.0004466154919749,-0.0802512212142358,-0.0244242847173761,0.0007446917441611,-0.0423119469026549,1378.0,1365.0,0.9085580304806564,-0.0022792179261862,0.0012551254804823,-0.0001123419875687
2008-05-21,1430.0,1463.0,1428.0,1442.0,161400.0,1442.0,1444.0,1447.0,1451.68,1433.2933333333333,1311.655,False,False,False,False,False,False,False,True,False,True,False,0.0298196948682385,0.0041608876560332,,,-0.0067128987517337,0.0060379103097549,-0.0492371705963938,-0.0540915395284327,0.0006511809631897,-0.0420870767104354,1450.0,1367.0,1.0412903225806451,-0.0034167309599912,-0.0011375130338049,-9.351078097139638e-05
2008-05-22,1428.0,1438.0,1414.0,1435.0,80700.0,1435.0,1435.0,1445.8,1448.84,1433.1333333333334,1312.875,False,False,False,False,False,False,False,False,False,False,False,0.0229965156794425,0.0118466898954703,,,-0.0096445993031358,0.00130081300813,-0.0662020905923344,-0.0724738675958188,-0.0001116434851373,-0.0423986720154931,1417.0,1348.0,0.5,-0.0019601888407278,0.0014565421192633,-0.000762824448327
2008-05-23,1434.0,1447.0,1425.0,1435.0,78200.0,1435.0,1430.0,1446.1,1447.0,1433.746666666667,1314.295,False,False,False,False,False,False,False,True,False,False,False,0.0452961672473867,-0.0006968641114982,,,-0.008362369337979,0.0008734030197443,-0.0815331010452961,-0.0550522648083623,0.0004277836158875,-0.0432196943503215,1392.0,1393.0,0.9690210656753409,-0.0012715964063579,0.0006885924343699,0.0005394271010249
2008-05-26,1445.0,1529.0,1430.0,1529.0,409400.0,1529.0,1454.8,1455.7,1448.24,1435.3066666666666,1316.28,False,False,False,False,True,False,True,True,False,False,True,-0.0248528449967298,-0.0699803793328973,,,0.0528188358404185,0.0612775234357968,-0.1236102027468934,-0.1484630477436233,0.0010868757431627,-0.0557807240502851,1442.0,1360.0,5.235294117647059,0.0008562116776224,0.0021278080839804,0.0006590921272751
2008-05-27,1525.0,1567.0,1494.0,1533.0,254500.0,1533.0,1474.8,1462.8,1449.32,1436.8,1318.185,False,False,False,False,False,False,True,True,False,True,False,-0.0515329419439008,-0.1037181996086105,,,0.0545857795172864,0.0627527723418134,-0.1389432485322896,-0.1415525114155251,0.0010393466963622,-0.0663111840306262,1430.0,1381.0,0.6216414264777723,0.0007451770485468,-0.0001110346290756,-4.752904680041417e-05
2008-05-28,1533.0,1550.0,1479.0,1485.0,191500.0,1485.0,1483.4,1463.7,1450.0,1438.52,1319.91,False,False,False,False,False,False,True,True,False,True,False,-0.0249158249158249,-0.076094276094276,,,0.0235690235690235,0.0312996632996633,-0.1286195286195286,-0.1292929292929293,0.0011956733309234,-0.0739905718384914,1575.0,1387.0,0.7524557956777996,0.0004689655172414,-0.0002762115313054,0.0001563266345611
2008-05-29,1465.0,1479.0,1442.0,1468.0,158300.0,1468.0,1490.0,1462.5,1451.56,1440.1066666666666,1321.305,False,False,False,False,False,False,True,True,True,False,False,-0.0108991825613079,-0.0885558583106267,,,0.0111989100817439,0.0190009082652135,-0.1437329700272479,-0.0912806539509536,0.0011017702392414,-0.0796581196581196,1702.0,1351.0,0.8266318537859008,0.0010747058337236,0.0006057403164822,-9.390309168198514e-05
2008-05-30,1488.0,1510.0,1480.0,1500.0,295000.0,1500.0,1503.0,1466.5,1454.2,1441.7066666666667,1322.72,False,False,False,False,False,False,True,True,False,False,True,-0.044,-0.1053333333333333,,,0.0305333333333333,0.0388622222222221,-0.17,-0.098,0.0011097957975733,-0.0844186839413569,1662.0,1303.0,1.8635502210991788,0.0018154311649017,0.000740725331178,8.025558331858224e-06
2008-06-02,1500.0,1514.0,1460.0,1491.0,151800.0,1491.0,1495.4,1475.1,1455.64,1443.4666666666667,1323.965,False,False,False,False,False,False,True,True,False,True,False,-0.0462776659959758,-0.0845070422535211,,,0.0237156270959087,0.0318801699083389,-0.1441985244802146,-0.0684104627766599,0.0012192869019028,-0.0891464985424717,1620.0,1308.0,0.5145762711864407,0.0009892555851721,-0.0008261755797295,0.0001094911043294
2008-06-03,1500.0,1500.0,1454.0,1454.0,186600.0,1454.0,1479.6,1477.2,1457.36,1445.0,1325.17,False,False,False,False,False,False,True,True,False,False,False,-0.0550206327372764,-0.0894085281980742,,,-0.0023108665749655,0.0061898211829436,-0.1664374140302613,-0.0529573590096286,0.0010611303344867,-0.0918629840238288,1604.0,1335.0,1.2292490118577075,0.0011802162814951,0.0001909606963229,-0.0001581565674161
2008-06-04,1454.0,1469.0,1446.0,1448.0,203100.0,1448.0,1472.2,1477.8,1458.36,1445.6666666666667,1326.435,False,False,False,False,False,False,True,True,False,True,False,-0.0524861878453038,-0.0697513812154696,,,-0.0071546961325966,0.001611418047882,-0.154696132596685,-0.0808011049723756,0.0004611482591653,-0.0944647448910542,1585.0,1375.0,1.0884244372990353,0.000685701747168,-0.0004945145343271,-0.0005999820753213
2008-06-05,1441.0,1459.0,1417.0,1452.0,132600.0,1452.0,1469.0,1479.5,1459.8,1446.6266666666668,1328.365,False,False,False,False,False,False,True,True,False,False,False,-0.0785123966942148,-0.09366391184573,,,-0.0053719008264462,0.0037006427915518,-0.1391184573002754,-0.0702479338842975,0.0006636128187876,-0.0942210206150727,1601.0,1356.0,0.6528803545051699,0.0009864364981504,0.0003007347509824,0.0002024645596222
2008-06-06,1473.0,1477.0,1420.0,1434.0,210700.0,1434.0,1455.8,1479.4,1458.8,1447.5866666666666,1330.36,False,False,False,False,False,False,False,True,False,True,False,-0.0641562064156206,-0.0927475592747559,,,-0.0172942817294281,-0.0094746629474662,-0.1373779637377963,-0.0460251046025104,0.0006631727288635,-0.0933486548600785,1580.0,1356.0,1.5889894419306183,-0.0006854949273375,-0.001671931425488,-4.400899241013574e-07
2008-06-09,1430.0,1435.0,1420.0,1422.0,119200.0,1422.0,1442.0,1468.7,1458.56,1448.0666666666666,1331.58,False,False,False,False,False,False,False,True,False,False,False,-0.040084388185654,-0.0773558368495077,,,-0.0257102672292545,-0.0183309892170651,-0.1329113924050632,-0.0126582278481012,0.0003314764513604,-0.0797984612242119,1534.0,1382.0,0.565733270052207,-0.0001645458534444,0.000520949073893,-0.000331696277503
2008-06-10,1422.0,1434.0,1374.0,1374.0,142800.0,1374.0,1426.0,1452.8,1454.64,1448.1866666666667,1332.31,False,False,False,False,False,False,False,True,False,True,False,-0.0363901018922852,-0.0407569141193595,,,-0.0586899563318778,-0.0539932071809801,-0.1084425036390101,0.0021834061135371,8.286224611936644e-05,-0.0655286343612335,1516.0,1400.0,1.1979865771812082,-0.0026948248363855,-0.002530278982941,-0.000248614205241
2008-06-11,1371.0,1381.0,1350.0,1372.0,208800.0,1372.0,1410.8,1441.5,1452.08,1448.253333333333,1333.085,False,False,False,False,False,False,False,True,False,False,False,-0.0182215743440233,-0.0007288629737609,,,-0.0583673469387754,-0.0555782312925168,-0.1173469387755102,0.0145772594752186,4.603246209206861e-05,-0.0513354144987859,1566.0,1394.0,1.4621848739495795,-0.0017629882651094,0.000931836571276,-3.682978402729783e-05
2008-06-12,1350.0,1368.0,1335.0,1338.0,140600.0,1338.0,1388.0,1428.5,1447.72,1448.12,1333.975,False,False,True,False,False,False,False,False,False,True,False,-0.0164424514200298,0.0014947683109118,,,-0.0820029895366218,-0.0823019431988041,-0.0926756352765321,-0.0082212257100149,-9.207340091512588e-05,-0.0431921596079804,1506.0,1354.0,0.6733716475095786,-0.0030116320835519,-0.0012486438184425,-0.0001381058630071
2008-06-13,1337.0,1362.0,1337.0,1342.0,150300.0,1342.0,1369.6,1412.7,1444.12,1447.44,1335.355,False,False,False,False,False,False,False,False,False,False,False,-0.0305514157973174,-0.0178837555886736,,,-0.0760953800298061,-0.0785692995529061,-0.1296572280178837,-0.0380029806259314,-0.0004697949483224,-0.0368797338429957,1481.0,1313.0,1.0689900426742531,-0.002492867628729,0.0005187644548229,-0.0003777215474073
2008-06-16,1353.0,1382.0,1352.0,1365.0,112100.0,1365.0,1358.2,1400.1,1441.4,1447.506666666667,1336.78,False,False,False,False,False,False,False,True,False,False,False,-0.0388278388278388,-0.0183150183150183,,,-0.055970695970696,-0.0604444444444446,-0.1289377289377289,-0.0871794871794871,4.605620699513191e-05,-0.0384258267266623,1498.0,1345.0,0.7458416500332667,-0.0018870542528096,0.0006058133759193,0.0005158511553175
2008-06-17,1352.0,1360.0,1321.0,1324.0,224100.0,1324.0,1348.2,1387.1,1435.88,1446.746666666667,1337.72,False,False,False,False,False,False,False,False,False,True,False,-0.0045317220543806,-0.0030211480362537,,,-0.0845015105740182,-0.0927089627391744,-0.1049848942598187,-0.0709969788519637,-0.0005253165723554,-0.0400115348568956,1506.0,1378.0,1.9991079393398752,-0.0038443323954647,-0.0019572781426551,-0.0005713727793505
2008-06-18,1327.0,1357.0,1327.0,1347.0,187500.0,1347.0,1343.2,1377.0,1430.72,1446.2133333333334,1338.97,False,False,False,False,False,False,False,False,False,False,False,0.0178173719376391,-0.0393466963622865,,,-0.0621529324424647,-0.0736550358822074,-0.1150705270972531,-0.1135857461024498,-0.0003687791566022,-0.0429193899782134,1468.0,1450.0,0.8366800535475234,-0.003606575710132,0.0002377566853327,0.0001565374157532
2008-06-19,1332.0,1341.0,1304.0,1316.0,167300.0,1316.0,1338.8,1363.4,1424.16,1445.746666666667,1339.69,False,False,False,False,False,False,False,False,False,True,False,0.0182370820668693,-0.0448328267477203,,,-0.0821884498480243,-0.0985916919959474,-0.10790273556231,-0.1337386018237082,-0.0003227859191558,-0.0487751210209769,1429.0,1417.0,0.8922666666666667,-0.004606224019773,-0.000999648309641,4.599323744638052e-05
2008-06-20,1335.0,1344.0,1298.0,1301.0,117800.0,1301.0,1330.6,1350.1,1417.8,1445.72,1340.28,False,False,False,False,False,False,False,False,False,False,False,0.0130668716372021,-0.04304381245196,,,-0.0897770945426594,-0.1112375096079938,-0.0707148347425057,-0.1591083781706379,-1.844524988716334e-05,-0.059699281534701,1434.0,1392.0,0.7041243275552899,-0.0044858231062209,0.000120400913552,0.0003043406692686
2008-06-23,1290.0,1324.0,1277.0,1312.0,149700.0,1312.0,1320.0,1339.1,1414.08,1445.7733333333333,1340.91,False,False,False,False,False,False,False,True,False,False,False,0.0213414634146341,-0.0274390243902439,,,-0.0778048780487804,-0.1019613821138211,-0.0807926829268292,-0.1387195121951219,3.688913891524132e-05,-0.0724367112239564,1455.0,1442.0,1.2707979626485568,-0.0026306856754922,0.0018551374307287,5.533438880240466e-05
2008-06-24,1302.0,1318.0,1295.0,1318.0,51400.0,1318.0,1318.8,1333.5,1409.48,1445.5466666666666,1341.755,False,False,False,False,False,False,False,False,False,True,False,0.0015174506828528,-0.0804248861911987,,,-0.0694081942336874,-0.0967728882144663,-0.0515933232169954,-0.216236722306525,-0.0001568034238488,-0.0943382077240344,1411.0,1430.0,0.3433533734134936,-0.0032636149501943,-0.0006329292747021,-0.0001936925627641
2008-06-25,1337.0,1377.0,1325.0,1371.0,286000.0,1371.0,1323.6,1333.4,1406.64,1445.493333333333,1342.76,False,False,False,False,False,False,False,False,False,False,False,-0.0561633843909555,-0.1072210065645514,,,-0.0259956236323851,-0.0543350352540722,-0.049598832968636,-0.1611962071480671,-3.689628454427015e-05,-0.1124193790310485,1423.0,1575.0,5.56420233463035,-0.00201899562077,0.0012446193294243,0.0001199071393046
2008-06-26,1351.0,1367.0,1332.0,1340.0,219200.0,1340.0,1328.4,1333.6,1402.84,1445.28,1343.42,False,False,False,False,False,False,False,False,False,True,False,-0.0619402985074626,-0.0671641791044776,,,-0.0468955223880596,-0.0785671641791044,-0.0671641791044776,-0.0791044776119403,-0.0001476069227645,-0.1195260947810437,1416.0,1702.0,0.7664335664335664,-0.0027087907387871,-0.0006897951180171,-0.0001107106382202
2008-06-27,1300.0,1340.0,1297.0,1318.0,154600.0,1318.0,1331.8,1331.2,1398.16,1444.7733333333333,1343.76,False,False,False,False,False,False,False,False,False,True,False,-0.0553869499241274,-0.0614567526555386,,,-0.0608194233687405,-0.0961861406170966,-0.0166919575113808,-0.1274658573596358,-0.0003506893814946,-0.1285306490384616,1459.0,1662.0,0.7052919708029197,-0.0033472563941178,-0.0006384656553307,-0.0002030824587301
2008-06-30,1319.0,1349.0,1305.0,1340.0,257700.0,1340.0,1337.4,1328.7,1390.6,1444.2133333333334,1344.18,False,False,False,False,False,False,False,False,False,True,False,-0.0477611940298507,-0.0798507462686567,,,-0.0377611940298506,-0.0777711442786069,-0.0201492537313432,-0.0791044776119403,-0.000387754348388,-0.1277940844434409,1428.0,1620.0,1.666882276843467,-0.0054365022292536,-0.0020892458351358,-3.706496689334112e-05
2008-07-01,1320.0,1333.0,1309.0,1320.0,160500.0,1320.0,1337.8,1328.3,1382.08,1443.1466666666668,1344.525,False,False,False,False,False,False,False,False,False,True,False,-0.0818181818181818,-0.0719696969696969,,,-0.0470303030303029,-0.0932929292929293,0.0106060606060606,-0.0863636363636363,-0.0007391256143981,-0.1293382519009259,1472.0,1604.0,0.6228172293364377,-0.0061646214401481,-0.0007281192108944,-0.0003513712660101
2008-07-02,1310.0,1311.0,1280.0,1294.0,190600.0,1294.0,1322.4,1323.0,1374.44,1441.8133333333333,1344.965,False,False,False,False,False,False,False,False,False,False,False,-0.0540958268933539,-0.0641421947449768,,,-0.0621638330757342,-0.1142297784647088,0.0301391035548686,-0.0517774343122102,-0.0009247614115559,-0.1233560090702948,1436.0,1585.0,1.1875389408099688,-0.0055586275137509,0.0006059939263972,-0.0001856357971577
2008-07-03,1275.0,1275.0,1230.0,1257.0,210300.0,1257.0,1305.8,1317.1,1366.0,1440.52,1345.12,False,False,False,False,False,False,False,False,False,True,False,-0.005568814638027,-0.0342084327764518,,,-0.086714399363564,-0.1459984089101034,0.0604614160700079,-0.0883054892601432,-0.0008978239339497,-0.1189735023916178,1447.0,1601.0,1.1033578174186778,-0.0061786237188873,-0.0006199962051363,2.6937477606173675e-05
2008-07-04,1271.0,1276.0,1237.0,1245.0,113800.0,1245.0,1291.2,1311.5,1355.8,1439.6133333333332,1345.255,False,False,False,False,False,False,False,False,False,True,False,-0.0064257028112449,-0.0618473895582329,,,-0.0889959839357429,-0.1563159303882194,0.095582329317269,-0.1566265060240964,-0.0006297987422549,-0.118566526877621,1432.0,1580.0,0.54113171659534,-0.0075232335152677,-0.0013446097963804,0.0002680251916948
2008-07-07,1265.0,1281.0,1246.0,1276.0,96600.0,1276.0,1278.4,1307.9,1347.2,1438.6933333333334,1345.72,False,False,False,False,False,False,False,False,False,False,False,-0.0336990595611285,-0.0681818181818181,,,-0.0557993730407523,-0.1275026123301985,0.0133228840125391,-0.1536050156739812,-0.0006394691479304,-0.1199632999464791,1433.0,1534.0,0.8488576449912126,-0.0063836104513063,0.0011396230639614,-9.670405675498328e-06
2008-07-08,1250.0,1252.0,1201.0,1212.0,189900.0,1212.0,1256.8,1297.3,1337.52,1436.48,1345.81,False,False,False,False,False,False,False,False,False,True,False,0.0107260726072607,-0.0222772277227722,,,-0.1035643564356435,-0.1852145214521452,0.1303630363036303,-0.1988448844884488,-0.0015408034454592,-0.1175518384336699,1462.0,1516.0,1.9658385093167705,-0.0072372749566362,-0.0008536645053298,-0.0009013342975288
2008-07-09,1234.0,1253.0,1218.0,1224.0,109400.0,1224.0,1242.8,1282.6,1328.56,1433.4666666666667,1345.945,False,False,False,False,False,False,False,False,False,False,False,-0.0106209150326797,-0.0261437908496732,,,-0.0854248366013071,-0.1711328976034858,0.093954248366013,-0.125,-0.0021021300344153,-0.1135973803212223,1476.0,1566.0,0.5760926803580833,-0.0067441440356476,0.0004931309209885,-0.0005613265889561
2008-07-10,1220.0,1257.0,1220.0,1250.0,116600.0,1250.0,1241.4,1273.6,1320.48,1431.24,1346.36,False,False,False,False,False,False,False,False,False,False,False,-0.0288,-0.0608,,,-0.056384,-0.144992,0.0936,-0.0176,-0.0015557605060413,-0.107804648241206,1480.0,1506.0,1.0658135283363803,-0.0061189870350175,0.0006251570006301,0.0005463695283739
2008-07-11,1231.0,1254.0,1224.0,1237.0,143900.0,1237.0,1239.8,1265.5,1312.6,1429.1733333333334,1346.66,False,False,False,False,False,False,False,False,False,False,False,-0.0557801131770412,-0.0226354082457558,,,-0.0611156022635407,-0.1553543519267044,0.1018593371059013,-0.0048504446240905,-0.0014460573944844,-0.0956934018174633,1460.0,1481.0,1.2341337907375642,-0.0060033521255524,0.000115634909465,0.0001097031115569
2008-07-14,1244.0,1260.0,1222.0,1233.0,141800.0,1233.0,1231.2,1254.8,1305.04,1426.3866666666668,1346.92,False,False,False,False,False,False,False,False,False,False,False,-0.0356853203568532,-0.0218978102189781,,,-0.0584266017842659,-0.1568423898350906,0.0948905109489051,-0.1070559610705596,-0.0019536544555473,-0.0985814472425885,1405.0,1498.0,0.985406532314107,-0.005792925887329,0.0002104262382233,-0.0005075970610629
2008-07-15,1240.0,1246.0,1220.0,1225.0,87600.0,1225.0,1233.8,1245.3,1299.08,1423.6533333333334,1346.985,False,False,False,False,False,False,False,False,False,False,False,-0.0326530612244898,0.0204081632653061,,,-0.060473469387755,-0.1621659863945579,0.1020408163265306,-0.04,-0.0019199430572986,-0.0941138681442223,1433.0,1506.0,0.6177715091678421,-0.0045878621793885,0.0012050637079405,3.371139824872292e-05
2008-07-16,1216.0,1217.0,1194.0,1211.0,119700.0,1211.0,1231.2,1237.0,1292.64,1418.8,1347.085,False,False,False,False,False,False,False,False,False,True,False,-0.0156895127993393,0.0759702725020644,,,-0.0674153592072668,-0.1715937241948802,0.1189099917423616,0.0396366639141205,-0.0034207311342919,-0.0854486661277284,1442.0,1468.0,1.3664383561643836,-0.0049820522341872,-0.0003941900547987,-0.0015007880769933
2008-07-17,1216.0,1221.0,1204.0,1214.0,92500.0,1214.0,1224.0,1232.7,1287.68,1412.2933333333333,1347.225,False,False,False,False,False,False,False,False,False,False,False,-0.0329489291598023,0.029654036243822,,,-0.0606919275123559,-0.1633388248215266,0.1095551894563426,-0.0032948929159802,-0.0046071637620135,-0.0770666017684757,1435.0,1429.0,0.772765246449457,-0.003851888667992,0.0011301635661951,-0.0011864326277215
2008-07-18,1226.0,1226.0,1165.0,1168.0,200800.0,1168.0,1210.2,1225.0,1280.72,1405.7066666666667,1347.07,False,False,False,False,False,False,False,False,False,True,False,0.0351027397260274,0.1095890410958904,,,-0.0965068493150685,-0.2035159817351598,0.1686643835616438,0.0470890410958904,-0.0046856622529118,-0.0571428571428571,1435.0,1434.0,2.170810810810811,-0.0054344431257417,-0.0015825544577497,-7.849849089833043e-05
2008-07-22,1176.0,1191.0,1174.0,1189.0,125100.0,1189.0,1201.4,1216.3,1273.68,1399.96,1346.795,False,False,False,False,False,False,False,False,False,True,False,0.0142977291841883,0.1042893187552565,,,-0.071219512195122,-0.1774264087468461,0.1715727502102607,-0.0109335576114381,-0.0041048791870243,-0.0425059607004851,1529.0,1455.0,0.62300796812749,-0.005527290999309,-9.284787356726112e-05,0.0005807830658874
2008-07-23,1185.0,1192.0,1174.0,1185.0,169900.0,1185.0,1193.4,1213.6,1268.12,1394.3733333333332,1346.48,False,False,False,False,False,False,False,False,False,False,False,0.0548523206751054,0.1257383966244726,,,-0.0701434599156117,-0.1766863572433192,0.1839662447257384,-0.0658227848101265,-0.0040065788215495,-0.0291694133157546,1533.0,1411.0,1.358113509192646,-0.0043844431126393,0.0011428478866697,9.83003654748205e-05
2008-07-24,1187.0,1193.0,1181.0,1192.0,213200.0,1192.0,1189.6,1210.4,1261.92,1389.1333333333334,1346.105,False,False,False,False,False,False,False,False,False,True,False,0.0931208053691275,0.1182885906040268,,,-0.0586577181208054,-0.1653803131991052,0.171979865771812,-0.1182885906040268,-0.0037721361040455,-0.0282551222736285,1485.0,1423.0,1.2548557975279575,-0.0049131482185874,-0.000528705105948,0.000234442717504
2008-07-25,1189.0,1189.0,1163.0,1174.0,177600.0,1174.0,1181.6,1202.8,1256.24,1383.44,1345.695,False,False,False,False,False,False,False,False,False,False,False,0.0647359454855195,0.1354344122657581,,,-0.0700511073253833,-0.1783986371379898,0.2163543441226575,-0.1567291311754685,-0.0041153453227703,-0.041902228134353,1468.0,1416.0,0.8330206378986866,-0.0045214290263007,0.0003917191922866,-0.0003432092187247
2008-07-28,1196.0,1209.0,1190.0,1209.0,118400.0,1209.0,1189.8,1200.0,1252.56,1378.493333333333,1345.48,False,False,False,False,False,False,False,False,False,False,False,0.0719602977667493,0.1282051282051282,,,-0.0360297766749379,-0.1401929969671903,0.1464019851116625,-0.1902398676592225,-0.0035884588971536,-0.0606666666666666,1500.0,1459.0,0.6666666666666666,-0.0029379830107939,0.0015834460155068,0.0005268864256167
2008-07-29,1200.0,1216.0,1189.0,1206.0,165500.0,1206.0,1193.2,1197.3,1248.32,1374.12,1345.095,False,False,False,False,False,False,False,False,False,True,False,0.0887230514096185,0.072139303482587,,,-0.0350912106135986,-0.1394029850746267,0.1442786069651741,-0.1683250414593698,-0.0031826429520953,-0.0667334836715943,1491.0,1428.0,1.397804054054054,-0.0033965649833376,-0.0004585819725436,0.0004058159450582
2008-07-30,1250.0,1278.0,1237.0,1250.0,366900.0,1250.0,1206.2,1199.8,1245.6,1370.5733333333333,1344.93,False,False,False,False,True,False,False,False,False,False,True,0.0672,0.096,,,0.00352,-0.0964586666666666,0.1184,-0.2008,-0.0025877248450769,-0.0834305717619602,1454.0,1472.0,2.2169184290030213,-0.0021836865767501,0.0012128784065874,0.0005949181070183
2008-07-31,1270.0,1312.0,1270.0,1303.0,269700.0,1303.0,1228.4,1209.0,1242.88,1367.0666666666666,1345.115,False,False,False,False,False,False,False,False,False,True,False,0.0230237912509593,0.0276285495011511,,,0.0461396776669224,-0.0491685853159375,0.0468150422102839,-0.2264006139677667,-0.0025651028967131,-0.111166253101737,1448.0,1436.0,0.7350776778413737,-0.0021884654994849,-4.778922734723252e-06,2.262194836381588e-05
2008-08-01,1301.0,1301.0,1229.0,1250.0,262300.0,1250.0,1243.6,1212.6,1239.28,1363.6533333333334,1344.985,False,False,False,False,False,False,False,False,False,True,False,0.0664,0.0936,,,0.008576,-0.0909226666666667,0.0648,-0.2296,-0.0025030799616714,-0.1341745010720764,1452.0,1447.0,0.9725621060437524,-0.0029049125298561,-0.0007164470303712,6.202293504167355e-05
2008-08-04,1288.0,1302.0,1263.0,1296.0,208600.0,1296.0,1261.0,1225.4,1238.4,1361.1866666666667,1345.15,False,False,False,False,False,False,False,False,False,False,False,0.0524691358024691,0.0516975308641975,,,0.0444444444444443,-0.050298353909465,0.0462962962962962,-0.2484567901234567,-0.0018121443054589,-0.1635384364289212,1434.0,1432.0,0.795272588638963,-0.0007105943152453,0.0021943182146107,0.0006909356562124
2008-08-05,1290.0,1319.0,1268.0,1313.0,199600.0,1313.0,1282.4,1237.8,1237.32,1358.72,1345.345,False,False,False,False,False,False,False,False,False,True,False,-0.0152322924600152,0.0281797410510281,,,0.0576389946686976,-0.0348210205635948,-0.0083777608530083,-0.217060167555217,-0.001815434134087,-0.1838746162546452,1422.0,1433.0,0.9568552253116012,-0.0008728542333431,-0.0001622599180977,-3.289828628021737e-06
2008-08-06,1349.0,1349.0,1301.0,1334.0,242200.0,1334.0,1299.2,1252.7,1237.88,1356.4266666666667,1345.805,False,False,False,False,False,False,True,False,False,False,False,0.0269865067466266,0.0119940029985007,,,0.0720539730134931,-0.0168115942028986,-0.0134932533733133,-0.2076461769115442,-0.0016907167852789,-0.1975732417977169,1374.0,1462.0,1.2134268537074149,0.0004523863379327,0.0013252405712758,0.000124717348808
2008-08-07,1334.0,1335.0,1309.0,1333.0,110000.0,1333.0,1305.2,1266.8,1239.44,1354.6266666666668,1346.195,False,False,False,False,False,False,True,False,True,False,False,0.0045011252813203,0.0165041260315078,,,0.0701875468867216,-0.0162240560140035,-0.0300075018754688,-0.1905476369092273,-0.0013287793930922,-0.204294284812125,1372.0,1476.0,0.4541701073492981,0.001258632931001,0.0008062465930683,0.0003619373921866
2008-08-08,1328.0,1347.0,1313.0,1333.0,169200.0,1333.0,1321.8,1282.7,1242.48,1353.3466666666666,1346.725,False,False,False,False,False,False,True,False,False,False,False,0.0255063765941485,0.0105026256564141,,,0.067906976744186,-0.0152638159539884,0.0007501875468867,-0.1852963240810202,-0.0009458034896209,-0.2066734232478366,1338.0,1480.0,1.538181818181818,0.0024467194642971,0.0011880865332961,0.0003829759034713
2008-08-11,1347.0,1369.0,1315.0,1364.0,116800.0,1364.0,1335.4,1298.2,1247.24,1352.4133333333334,1347.42,False,False,False,False,False,False,True,False,False,False,False,-0.000733137829912,0.000733137829912,,,0.0856011730205278,0.0084946236559139,-0.0080645161290322,-0.2390029325513196,-0.0006901243209668,-0.2116006778616546,1342.0,1460.0,0.6903073286052009,0.0038164266700875,0.0013697072057903,0.0002556791686541
2008-08-12,1360.0,1360.0,1287.0,1293.0,486500.0,1293.0,1331.4,1306.9,1247.92,1350.253333333333,1347.7,False,False,False,False,False,False,True,False,False,True,False,0.0440835266821345,0.0773395204949729,,,0.0348646558391337,-0.0442794534673883,0.074245939675174,-0.2188708430007734,-0.0015996998094187,-0.2163134134210728,1365.0,1405.0,4.165239726027397,0.0005449067247901,-0.0032715199452974,-0.0009095754884518
2008-08-13,1313.0,1410.0,1292.0,1370.0,462000.0,1370.0,1338.6,1318.9,1254.24,1349.7066666666667,1348.465,False,False,False,False,False,False,True,False,True,False,False,-0.0145985401459854,0.0240875912408759,,,0.0844963503649635,0.0148126520681264,0.0051094890510948,-0.2532846715328467,-0.0004050262773143,-0.2216240806732884,1324.0,1433.0,0.9496402877697842,0.0050389080239826,0.0044940012991924,0.0011946735321043
2008-08-14,1371.0,1379.0,1328.0,1339.0,244100.0,1339.0,1339.8,1322.5,1258.84,1348.5866666666666,1349.28,False,False,False,False,False,False,True,False,False,True,False,0.0119492158327109,0.0433159073935772,,,0.059865571321882,-0.0071595718197659,-0.0059746079163554,-0.227781926811053,-0.0008304990904058,-0.2217769376181474,1347.0,1442.0,0.5283549783549784,0.0036541577960661,-0.0013847502279164,-0.0004254728130914
2008-08-15,1359.0,1382.0,1350.0,1367.0,155900.0,1367.0,1346.6,1334.2,1263.52,1347.9333333333334,1350.21,False,False,False,False,False,False,True,False,False,False,False,-0.0146305779078273,0.0446232626188734,,,0.0756986100950987,0.013947817605462,-0.0124359912216532,-0.246525237746891,-0.0004846926158562,-0.2235796732124119,1316.0,1435.0,0.6386726751331422,0.0037039382043814,4.978040831531312e-05,0.0003458064745495
2008-08-18,1368.0,1381.0,1355.0,1363.0,140200.0,1363.0,1346.4,1340.9,1268.56,1346.6533333333334,1351.02,False,False,False,False,False,False,True,False,False,False,False,0.0014673514306676,0.0168745414526779,,,0.0692883345561262,0.0119931523599901,0.0036683785766691,-0.2245047688921496,-0.0009505044604401,-0.2212692967409948,1301.0,1435.0,0.8992944194996793,0.0039730087658447,0.0002690705614632,-0.0004658118445839
2008-08-19,1343.0,1370.0,1299.0,1350.0,226200.0,1350.0,1357.8,1344.6,1273.24,1345.6133333333332,1351.725,False,False,False,False,False,False,True,False,False,True,False,0.0318518518518518,0.0222222222222222,,,0.0568592592592592,0.0032493827160494,0.04,-0.1896296296296296,-0.0007728817589997,-0.2185036442064554,1312.0,1529.0,1.6134094151212552,0.003675662090415,-0.0002973466754296,0.0001776227014404
2008-08-20,1310.0,1356.0,1310.0,1350.0,154300.0,1350.0,1353.8,1346.2,1278.24,1343.986666666667,1352.52,False,False,False,False,False,False,True,False,False,False,False,0.0392592592592592,0.0355555555555555,,,0.0531555555555555,0.0044543209876541,0.02,-0.1444444444444444,-0.0012103294675539,-0.2121527261922449,1318.0,1533.0,0.6821396993810787,0.0039116284891726,0.0002359663987575,-0.0004374477085542
2008-08-21,1347.0,1356.0,1328.0,1355.0,80600.0,1355.0,1357.0,1348.4,1284.0,1342.9066666666668,1353.38,False,False,False,False,False,False,True,False,False,False,False,0.0309963099630996,0.0066420664206642,,,0.0523985239852398,0.0089249692496924,0.0273062730627306,-0.1867158671586715,-0.000804225659763,-0.2117324236131711,1371.0,1485.0,0.5223590408295529,0.0044859813084112,0.0005743528192385,0.0004061038077909
2008-08-22,1351.0,1355.0,1331.0,1347.0,119600.0,1347.0,1353.0,1349.8,1289.32,1341.5733333333333,1354.065,False,False,False,False,False,False,True,False,False,True,False,0.0601336302895322,-0.0118782479584261,,,0.0428210838901262,0.0040287057658995,-0.0148478099480326,-0.1863400148478099,-0.0009938579578207,-0.211809156912135,1340.0,1468.0,1.4838709677419355,0.0041262060621102,-0.0003597752463009,-0.0001896322980577
2008-08-25,1367.0,1378.0,1351.0,1365.0,87200.0,1365.0,1353.4,1349.9,1297.2,1340.68,1354.655,False,False,False,False,False,False,True,False,False,False,False,0.0153846153846153,-0.0065934065934065,,,0.0496703296703296,0.0178168498168497,-0.0542124542124542,-0.1978021978021978,-0.0006663285298007,-0.2076450107415365,1318.0,1500.0,0.7290969899665551,0.0060746222633365,0.0019484162012262,0.00032752942802
2008-08-26,1355.0,1395.0,1343.0,1393.0,129700.0,1393.0,1362.0,1359.9,1305.36,1340.1466666666668,1355.435,False,False,False,False,False,False,True,False,False,False,True,-0.009332376166547,-0.0653266331658291,,,0.0629145728643216,0.037942091409428,-0.1055276381909547,-0.2124910265613783,-0.0003979663917381,-0.2070740495624679,1340.0,1491.0,1.4873853211009174,0.0062511491082918,0.0001765268449553,0.0002683621380625
2008-08-27,1397.0,1409.0,1380.0,1403.0,184100.0,1403.0,1372.6,1363.2,1314.08,1339.36,1356.31,False,False,False,False,False,False,True,False,False,False,False,-0.0035637918745545,-0.0620099786172487,,,0.0633784746970777,0.04535994297933,-0.1233071988595866,-0.2230933713471133,-0.0005873451996975,-0.2040786384976526,1320.0,1454.0,1.4194294525828837,0.0066358212589796,0.0003846721506878,-0.0001893788079593
2008-08-28,1400.0,1408.0,1391.0,1397.0,160600.0,1397.0,1381.0,1369.0,1322.28,1338.3066666666666,1357.435,False,False,False,False,False,False,True,False,False,True,False,-0.0236220472440944,-0.0744452397995705,,,0.0534860415175376,0.0420138391791935,-0.1453113815318539,-0.2054402290622763,-0.0007870642503461,-0.2018991964937911,1294.0,1448.0,0.8723519826181423,0.0062014096862994,-0.0004344115726802,-0.0001997190506486
2008-08-29,1417.0,1430.0,1412.0,1428.0,95800.0,1428.0,1397.2,1375.1,1332.44,1337.6133333333332,1358.735,False,False,False,False,False,False,True,False,False,False,False,-0.0679271708683473,-0.0658263305322128,,,0.0669187675070027,0.063295985060691,-0.2016806722689075,-0.2605042016806723,-0.0005183361409874,-0.203548832812159,1257.0,1452.0,0.5965130759651308,0.0076251088229114,0.0014236991366119,0.0002687281093587
2008-09-01,1399.0,1404.0,1385.0,1386.0,100200.0,1386.0,1401.4,1377.4,1339.52,1336.6266666666668,1359.865,False,True,False,False,False,False,True,False,False,True,False,-0.0216450216450216,-0.0238095238095238,,,0.0335353535353535,0.0356228956228955,-0.2106782106782107,-0.2395382395382395,-0.000738176703542,-0.2050965587338463,1245.0,1434.0,1.045929018789144,0.0052854753941709,-0.0023396334287404,-0.0002198405625546
2008-09-02,1397.0,1410.0,1371.0,1380.0,107600.0,1380.0,1398.8,1380.4,1346.48,1336.2933333333333,1361.105,False,False,False,False,False,False,True,False,False,True,False,-0.0565217391304347,0.0065217391304347,,,0.0242898550724637,0.031671497584541,-0.181159420289855,-0.2369565217391304,-0.0002494462293709,-0.2097942625325993,1276.0,1422.0,1.0738522954091816,0.0051690333313528,-0.0001164420628181,0.0004887304741711
2008-09-03,1391.0,1398.0,1378.0,1398.0,70500.0,1398.0,1397.8,1385.2,1352.4,1335.8266666666666,1362.3,False,False,False,False,False,False,True,False,False,True,False,-0.0586552217453505,-0.0150214592274678,,,0.0326180257510728,0.0444730567477349,-0.2610872675250357,-0.2203147353361945,-0.0003493467216305,-0.2172249494657811,1212.0,1374.0,0.6552044609665427,0.0043774031351671,-0.0007916301961857,-9.99004922596633e-05
2008-09-04,1378.0,1389.0,1361.0,1364.0,128300.0,1364.0,1391.2,1386.1,1354.84,1334.7866666666666,1363.445,False,False,False,False,False,False,True,False,False,True,False,-0.0520527859237536,-0.0241935483870967,,,0.0067155425219941,0.0214173998044966,-0.156891495601173,-0.2104105571847507,-0.0007791507257089,-0.2195368299545487,1224.0,1372.0,1.8198581560283689,0.0018009506657611,-0.002576452469406,-0.0004298040040783
2008-09-05,1305.0,1344.0,1305.0,1331.0,52500.0,1331.0,1371.8,1384.5,1358.08,1333.4,1364.52,False,False,False,False,False,False,True,False,False,False,False,0.0022539444027047,0.0142749812171299,,,-0.0203456048084146,-0.0018031555221638,-0.072877535687453,-0.1908339594290007,-0.0010399480025997,-0.2200072228241241,1250.0,1338.0,0.4091971940763835,0.0023857210179076,0.0005847703521464,-0.0002607972768908
2008-09-08,1323.0,1367.0,1323.0,1356.0,80600.0,1356.0,1365.8,1383.6,1360.48,1332.3466666666666,1365.61,False,False,False,False,False,False,True,False,False,True,False,-0.0022123893805309,0.0088495575221238,,,-0.0033038348082596,0.0174434611602753,-0.1519174041297935,-0.1961651917404129,-0.0007905850329244,-0.2198612315698177,1237.0,1342.0,1.5352380952380953,0.0017640832647301,-0.0006216377531774,0.0002493629696752
2008-09-09,1336.0,1337.0,1281.0,1302.0,109900.0,1302.0,1350.2,1374.5,1360.04,1329.32,1366.175,False,False,False,False,False,False,False,False,False,True,False,0.0668202764976958,0.0783410138248847,,,-0.0445775729646697,-0.0209831029185867,-0.0522273425499231,-0.17357910906298,-0.0022768533285188,-0.2162240814841761,1233.0,1365.0,1.3635235732009925,-0.0003235198964736,-0.0020876031612038,-0.0014862682955943
2008-09-10,1295.0,1326.0,1271.0,1316.0,97200.0,1316.0,1333.8,1365.8,1359.32,1326.4266666666667,1366.865,False,False,False,False,False,False,False,False,False,True,False,0.0463525835866261,0.0463525835866261,,,-0.032917933130699,-0.0079229989868288,-0.0835866261398176,-0.1800911854103343,-0.0021812991294906,-0.2120369014496997,1225.0,1324.0,0.8844404003639672,-0.0005296766030074,-0.0002061567065337,9.55541990281597e-05
2008-09-11,1296.0,1315.0,1292.0,1293.0,81100.0,1293.0,1319.6,1355.4,1357.72,1323.8666666666666,1367.535,False,False,False,False,False,False,False,False,False,True,False,0.0293890177880897,0.0765661252900232,,,-0.0500541376643465,-0.0238721319927815,-0.0510440835266821,-0.1887084300077339,-0.0019337294793031,-0.2104913678618859,1211.0,1347.0,0.8343621399176955,-0.0011784462186606,-0.0006487696156532,0.0002475696501874
2008-09-12,1341.0,1344.0,1301.0,1334.0,100900.0,1334.0,1320.2,1346.0,1357.76,1322.08,1368.335,False,False,False,False,False,False,True,False,False,False,False,0.0119940029985007,-0.005247376311844,,,-0.0178110944527736,0.0089355322338831,-0.1409295352323838,-0.2511244377811094,-0.0013514058655048,-0.2092124814264486,1214.0,1316.0,1.244143033292232,2.9460287532379524e-05,0.001207906506193,0.0005823236137983
2008-09-16,1270.0,1365.0,1261.0,1353.0,155900.0,1353.0,1319.6,1342.7,1357.32,1320.12,1369.285,False,False,False,False,False,False,False,False,False,True,False,0.0110864745011086,-0.0458240946045824,,,-0.0031929046563192,0.0243015521064302,-0.2239467849223946,-0.2712490761271249,-0.0014847135108929,-0.2123333581589336,1168.0,1301.0,1.5450941526263626,-0.0003241682138331,-0.0003536285013655,-0.0001333076453881
2008-09-17,1433.0,1446.0,1375.0,1389.0,164500.0,1389.0,1337.0,1343.6,1361.16,1318.76,1370.12,False,False,False,True,True,False,True,False,True,False,False,0.0107991360691144,-0.1029517638588913,,,0.0200431965442763,0.05056875449964,-0.2224622030237581,-0.326133909287257,-0.0010312718007824,-0.2215689193212264,1189.0,1312.0,1.055163566388711,0.002821123159658,0.0031452913734912,0.0004534417101104
2008-09-18,1371.0,1408.0,1309.0,1377.0,163600.0,1377.0,1349.2,1341.5,1361.44,1317.7333333333331,1370.795,False,False,False,False,False,False,True,False,False,True,False,0.0,-0.1067538126361655,,,0.0112999273783587,0.0430404260469621,-0.2948438634713144,-0.3144517066085693,-0.0007791156531419,-0.2312336936265374,1185.0,1318.0,0.9945288753799392,0.0002056645904336,-0.0026154585692244,0.0002521561476405
2008-09-19,1337.0,1344.0,1272.0,1331.0,271000.0,1331.0,1356.8,1338.2,1361.12,1316.1733333333334,1371.095,False,False,False,False,False,False,False,False,False,True,False,0.0458302028549962,-0.1029301277235161,,,-0.0226296018031554,0.0111394941147006,-0.1953418482344102,-0.2967693463561232,-0.0011852542218348,-0.2398744582274697,1192.0,1371.0,1.656479217603912,-0.0002351005054662,-0.0004407650958998,-0.0004061385686928
2008-09-22,1351.0,1365.0,1335.0,1350.0,118900.0,1350.0,1360.0,1340.1,1360.44,1314.8133333333333,1371.56,False,False,False,False,False,False,False,False,False,True,False,-0.017037037037037,-0.1555555555555555,,,-0.0077333333333333,0.0260641975308642,-0.0903703703703703,-0.2925925925925925,-0.0010343673626675,-0.2500559659726885,1174.0,1340.0,0.4387453874538745,-0.0004998382876127,-0.0002647377821465,0.0001508868591672
2008-09-24,1302.0,1388.0,1297.0,1368.0,179100.0,1368.0,1363.0,1341.3,1360.64,1313.9333333333334,1371.955,False,False,False,False,False,False,True,False,False,False,False,-0.0562865497076023,-0.2002923976608187,,,0.0053801169590642,0.039522417153996,-0.1001461988304093,-0.3011695906432748,-0.0006697447866456,-0.2607172146425109,1209.0,1318.0,1.5063078216989063,0.0001469896519285,0.0006468279395412,0.0003646225760219
2008-09-25,1361.0,1415.0,1332.0,1404.0,121600.0,1404.0,1366.0,1351.5,1362.8,1313.6933333333334,1372.38,False,False,False,False,False,False,True,False,True,False,True,-0.1125356125356125,-0.1951566951566951,,,0.0293447293447293,0.0643209876543209,-0.2158119658119658,-0.3176638176638177,-0.0001826910390045,-0.2750277469478357,1206.0,1340.0,0.6789503070910106,0.0015849721162311,0.0014379824643026,0.000487053747641
2008-09-26,1384.0,1408.0,1352.0,1377.0,80800.0,1377.0,1366.0,1357.6,1363.88,1313.7333333333331,1372.55,False,False,False,False,False,False,True,True,False,True,False,-0.1067538126361655,-0.2498184458968772,,,0.0095279593318808,0.0459452916969258,-0.1459694989106753,-0.3050108932461873,3.044757941723556e-05,-0.287271655863288,1250.0,1320.0,0.6644736842105263,0.0007918585212776,-0.0007931135949535,0.0002131386184217
2008-09-29,1397.0,1413.0,1368.0,1392.0,69800.0,1392.0,1378.2,1367.5,1365.36,1314.0,1372.92,False,False,False,False,False,False,True,True,False,False,False,-0.1422413793103448,-0.1738505747126436,,,0.0191379310344828,0.0560344827586206,-0.0955459770114942,-0.2966954022988505,0.0002029426686962,-0.2975502742230347,1303.0,1294.0,0.8638613861386139,0.0010839632038435,0.0002921046825658,0.000172495089279
2008-09-30,1272.0,1343.0,1272.0,1327.0,177800.0,1327.0,1373.6,1366.8,1364.56,1313.8533333333332,1372.635,False,False,False,False,False,False,False,False,False,True,False,-0.1409193669932177,-0.0700828937452901,,,-0.0283044461190655,0.0099070585280081,-0.0881688018085908,-0.2908816880180859,-0.000111630927856,-0.3014340064383962,1250.0,1257.0,2.5472779369627507,-0.0005862695667467,-0.0016702327705902,-0.0003145735965523
2008-10-01,1327.0,1334.0,1287.0,1291.0,74700.0,1291.0,1358.2,1360.6,1361.6,1313.1733333333334,1372.15,False,False,False,False,False,False,False,False,False,True,False,-0.1525948876839659,-0.1092176607281177,,,-0.0546862896979085,-0.0171753162922799,-0.0526723470178156,-0.254841208365608,-0.0005178295832993,-0.3000146993973246,1296.0,1245.0,0.4201349831271091,-0.0021739130434782,-0.0015876434767315,-0.0004061986554433
2008-10-02,1294.0,1296.0,1243.0,1246.0,52600.0,1246.0,1326.6,1346.3,1355.72,1311.5866666666666,1371.535,False,False,False,False,False,False,False,False,False,True,False,-0.0930979133226324,-0.0096308186195826,,,-0.0880577849117175,-0.0526377742108078,-0.0561797752808988,-0.1813804173354735,-0.001209730707845,-0.2863403401916363,1313.0,1276.0,0.7041499330655957,-0.0043371787684771,-0.0021632657249988,-0.0006919011245457
2008-10-03,1211.0,1253.0,1208.0,1230.0,45100.0,1230.0,1297.2,1331.6,1348.8,1310.3333333333333,1370.805,False,False,False,False,False,False,False,False,False,True,False,-0.1601626016260162,-0.0195121951219512,,,-0.0965853658536585,-0.0653116531165311,-0.1,-0.2178861788617886,-0.0009564996184177,-0.2771102433163111,1334.0,1212.0,0.8574144486692015,-0.0051304863582444,-0.0007933075897672,0.0002532310894273
2008-10-06,1230.0,1231.0,1190.0,1194.0,72600.0,1194.0,1257.6,1317.9,1340.68,1308.2933333333333,1369.815,False,False,False,False,False,False,False,False,False,True,False,-0.0368509212730318,0.0276381909547738,,,-0.1228475711892797,-0.0957230597431602,-0.1197654941373534,-0.169179229480737,-0.0015592833411467,-0.2653463843994233,1333.0,1224.0,1.6097560975609757,-0.006056627979831,-0.0009261416215866,-0.000602783722729
2008-10-07,1114.0,1178.0,1082.0,1140.0,167500.0,1140.0,1220.2,1296.9,1329.16,1305.9466666666667,1368.585,False,False,False,False,False,False,False,False,False,True,False,0.0824561403508772,0.0052631578947368,,,-0.1659298245614036,-0.1455672514619883,-0.131578947368421,-0.1447368421052631,-0.0017969085006023,-0.2519083969465649,1333.0,1250.0,2.3071625344352618,-0.0086671281109873,-0.0026105001311563,-0.0002376251594555
2008-10-08,1122.0,1138.0,1084.0,1094.0,81600.0,1094.0,1180.8,1269.5,1317.48,1303.1866666666667,1367.315,False,False,False,False,False,False,False,False,False,True,False,0.0511882998171846,-0.0402193784277879,,,-0.2042778793418647,-0.19121267519805,-0.1051188299817184,-0.1215722120658135,-0.002117885388637,-0.2353682552185899,1364.0,1237.0,0.4871641791044776,-0.0088654097215897,-0.0001982816106023,-0.0003209768880347
2008-10-09,1061.0,1144.0,1061.0,1130.0,106200.0,1130.0,1157.6,1242.1,1307.48,1300.76,1366.315,False,False,False,False,False,False,False,False,False,False,False,0.0920353982300885,-0.0442477876106194,,,-0.1570619469026548,-0.1511150442477876,-0.1123893805309734,-0.1787610619469026,-0.0018655760222229,-0.2209161903228402,1293.0,1233.0,1.3014705882352942,-0.0076483005476183,0.0012171091739714,0.0002523093664141
2008-10-10,1098.0,1099.0,1032.0,1033.0,103900.0,1033.0,1118.2,1207.7,1292.88,1296.96,1364.915,False,False,True,False,False,False,False,False,False,True,False,0.1674733785091965,-0.0600193610842207,,,-0.2515779283639885,-0.2555275895450145,-0.0329138431752178,-0.0658276863504356,-0.0029299284480631,-0.1980624327233584,1370.0,1225.0,0.9783427495291902,-0.0112926180310623,-0.003644317483444,-0.0010643524258401
2008-10-14,1074.0,1177.0,1070.0,1150.0,86900.0,1150.0,1109.4,1183.5,1284.32,1294.013333333333,1364.1,False,False,False,False,False,False,False,False,False,False,False,0.0669565217391304,-0.068695652173913,,,-0.1167999999999999,-0.1252289855072461,-0.1234782608695652,-0.1756521739130434,-0.0022771532493227,-0.1842839036755386,1339.0,1211.0,0.836381135707411,-0.0066650056060796,0.0046276124249827,0.0006527751987403
2008-10-15,1116.0,1266.0,1116.0,1234.0,120000.0,1234.0,1128.2,1174.2,1280.44,1292.6,1363.74,False,False,False,False,False,False,False,False,False,False,False,-0.0713128038897893,-0.0048622366288492,,,-0.0376337115072934,-0.0474878444084278,-0.219611021069692,-0.2512155591572123,-0.0010934034761977,-0.1792709930165218,1367.0,1214.0,1.380897583429229,-0.0030302083658741,0.0036347972402054,0.001183749773125
2008-10-16,1200.0,1227.0,1141.0,1150.0,96100.0,1150.0,1139.4,1160.1,1272.2,1290.36,1362.75,False,False,False,False,False,False,False,False,False,True,False,-0.0869565217391304,0.0704347826086956,,,-0.1062608695652174,-0.1220521739130433,-0.1530434782608695,-0.2278260869565217,-0.0017359496574599,-0.1756745108180329,1363.0,1168.0,0.8008333333333333,-0.0064769690300267,-0.0034467606641525,-0.0006425461812622
2008-10-17,1170.0,1249.0,1161.0,1234.0,101800.0,1234.0,1160.2,1158.9,1269.48,1288.9466666666667,1362.045,False,False,False,False,False,False,False,False,False,False,False,-0.1247974068071312,-0.1077795786061588,,,-0.0287520259319287,-0.044527282549973,-0.1669367909238249,-0.299837925445705,-0.0010965025705743,-0.1882819915437052,1350.0,1189.0,1.0593132154006244,-0.0021426095724233,0.0043343594576033,0.0006394470868856
2008-10-20,1253.0,1253.0,1166.0,1206.0,94000.0,1206.0,1194.8,1156.5,1265.08,1287.4266666666667,1361.095,False,False,False,False,False,False,False,False,False,True,False,-0.1948590381426202,-0.0248756218905472,,,-0.048988391376451,-0.067517965726921,-0.1235489220563847,-0.2711442786069651,-0.0011806497716374,-0.1937743190661479,1350.0,1185.0,0.9233791748526524,-0.0034780409144086,-0.0013354313419852,-8.414720106315692e-05
2008-10-21,1226.0,1238.0,1194.0,1227.0,75400.0,1227.0,1210.2,1159.8,1262.44,1286.5333333333333,1360.005,False,False,False,False,False,False,False,False,False,False,True,-0.1271393643031785,0.0260798696006519,,,-0.0288834555827221,-0.0485194240695462,-0.1206193969030154,-0.2534637326813366,-0.0006943724738315,-0.2026211415761338,1355.0,1192.0,0.8021276595744681,-0.0020911884921262,0.0013868524222823,0.0004862772978059
2008-10-22,1176.0,1189.0,1141.0,1146.0,51800.0,1146.0,1192.6,1160.4,1254.92,1285.0533333333333,1358.535,False,False,False,False,False,False,False,False,False,True,False,0.0715532286212914,0.0558464223385689,,,-0.095043630017452,-0.1213379872018615,-0.0523560209424083,-0.175392670157068,-0.0011517031718528,-0.2056187521544296,1347.0,1174.0,0.6870026525198939,-0.0059924138590507,-0.0039012253669245,-0.0004573306980212
2008-10-23,1026.0,1050.0,998.0,1050.0,163700.0,1050.0,1172.6,1156.0,1242.8,1282.4533333333334,1356.705,False,False,False,False,False,False,False,False,False,True,False,0.1723809523809523,0.1647619047619047,,,-0.1836190476190475,-0.221384126984127,-0.0114285714285714,-0.0866666666666666,-0.0020273642185809,-0.2027681660899653,1365.0,1209.0,3.16023166023166,-0.0097521725136788,-0.0037597586546281,-0.0008756610467281
2008-10-24,1064.0,1105.0,1028.0,1080.0,168800.0,1080.0,1141.8,1151.0,1230.44,1279.84,1355.2,False,False,False,False,False,False,False,False,False,True,False,0.0194444444444444,0.0888888888888888,,,-0.1392962962962963,-0.1850370370370369,-0.0648148148148148,-0.1472222222222222,-0.0020419219069051,-0.1999131190269331,1393.0,1206.0,1.0311545510079414,-0.0100451870875458,-0.0002930145738669,-1.4557688324144755e-05
2008-10-27,1081.0,1099.0,968.0,971.0,71900.0,971.0,1094.8,1144.8,1214.2,1276.6266666666668,1353.31,False,False,False,False,False,False,False,False,False,True,False,0.2111225540679711,0.1400617919670443,,,-0.2504634397528322,-0.314754548575352,0.0535530381050463,-0.0185375901132852,-0.002517050142563,-0.1966282320055904,1403.0,1250.0,0.4259478672985782,-0.013375061769066,-0.0033298746815202,-0.0004751282356579
2008-10-28,961.0,1071.0,955.0,1071.0,69600.0,1071.0,1063.6,1136.9,1203.8,1274.5866666666666,1351.97,False,False,False,False,False,False,False,False,False,False,False,0.1755368814192343,-0.0186741363211951,,,-0.1239962651727357,-0.1900902583255523,-0.034547152194211,-0.1157796451914099,-0.0016005188610165,-0.1911337848535491,1397.0,1303.0,0.9680111265646733,-0.0086393088552916,0.0047357529137744,0.0009165312815465
2008-10-29,1211.0,1241.0,1175.0,1228.0,150400.0,1228.0,1080.0,1136.3,1198.92,1274.2933333333333,1351.305,False,False,False,False,True,False,False,False,False,False,False,-0.014657980456026,-0.1938110749185667,,,0.0236807817589575,-0.0376981541802388,-0.1612377850162866,-0.2394136807817589,-0.0002301929435399,-0.1898266302912962,1428.0,1250.0,2.160919540229885,-0.0040703299636338,0.0045689788916578,0.0013703259174766
2008-10-30,1218.0,1237.0,1172.0,1231.0,156300.0,1231.0,1116.2,1144.4,1193.44,1274.2133333333334,1350.835,False,False,False,False,False,False,False,False,False,True,True,-0.0064987814784727,-0.2047116165718927,,,0.0305117790414296,-0.0351042512862171,-0.1413484971567831,-0.2696994313566206,-6.278383525515918e-05,-0.1945997902831178,1386.0,1296.0,1.0392287234042554,-0.0045917683335567,-0.0005214383699229,0.0001674091082847
2008-10-31,1268.0,1268.0,1100.0,1101.0,117300.0,1101.0,1120.4,1131.1,1181.32,1272.4533333333334,1349.78,False,False,False,False,False,False,False,False,False,True,False,0.0681198910081744,-0.0890099909173478,,,-0.0729518619436875,-0.1557250983953981,-0.0063578564940962,-0.1616712079927338,-0.0013831548504725,-0.1799133586773936,1380.0,1313.0,0.7504798464491362,-0.0102597094775337,-0.0056679411439769,-0.0013203710152174
2008-11-04,1126.0,1197.0,1117.0,1176.0,148900.0,1176.0,1161.4,1128.1,1173.28,1271.8,1349.295,False,False,False,False,False,False,False,False,False,False,False,-0.0586734693877551,-0.1505102040816326,,,0.002312925170068,-0.0814625850340135,-0.0178571428571428,-0.2372448979591837,-0.0005137076060177,-0.1761368672989982,1398.0,1334.0,1.2693947144075022,-0.006852584208373,0.0034071252691606,0.0008694472444547
2008-11-05,1236.0,1270.0,1217.0,1259.0,98300.0,1259.0,1199.0,1131.3,1167.96,1272.44,1349.41,False,False,False,False,False,False,False,True,False,False,True,-0.165210484511517,-0.1993645750595711,,,0.0723113582208101,-0.0106751389992057,-0.1247021445591739,-0.3113582208101668,0.0005029706705228,-0.1827985503403164,1364.0,1333.0,0.6601746138347885,-0.0045549505120037,0.0022976336963692,0.0010166782765406
2008-11-06,1239.0,1240.0,1181.0,1210.0,76600.0,1210.0,1195.4,1137.7,1163.28,1272.3866666666668,1349.22,False,False,False,False,False,False,False,False,False,False,False,-0.1818181818181818,-0.2041322314049586,,,0.0386115702479339,-0.0515592286501378,-0.0942148760330578,-0.2950413223140496,-4.191597941921598e-05,-0.1954821130350708,1331.0,1333.0,0.7792472024415056,-0.0040231070765422,0.0005318434354615,-0.000544886649942
2008-11-07,1189.0,1271.0,1158.0,1223.0,137300.0,1223.0,1193.8,1155.0,1160.56,1273.12,1349.025,False,False,False,False,False,False,False,True,False,False,False,-0.1995094031071136,-0.2035977105478332,,,0.0510547833197056,-0.0409811937857726,-0.1046606704824202,-0.3025347506132461,0.0005760127351177,-0.2167099567099566,1356.0,1364.0,1.7924281984334205,-0.0023436961466878,0.0016794109298544,0.0006179287145369
2008-11-10,1229.0,1252.0,1165.0,1176.0,114500.0,1176.0,1208.8,1164.6,1157.76,1272.9466666666667,1348.945,False,False,False,False,False,False,False,False,False,True,False,-0.1471088435374149,-0.1258503401360544,,,0.0155102040816326,-0.082437641723356,-0.0671768707482993,-0.2627551020408163,-0.0001361670035925,-0.227803537695346,1302.0,1293.0,0.8339402767662054,-0.0024184632393587,-7.476709267089298e-05,-0.0007121797387103
2008-11-11,1150.0,1176.0,1107.0,1107.0,130800.0,1107.0,1195.0,1178.2,1152.84,1271.9066666666668,1348.62,False,False,False,False,False,True,False,False,False,True,False,-0.0975609756097561,-0.04516711833785,,,-0.0414092140921408,-0.1489671785606745,-0.015356820234869,-0.2213188798554652,-0.0008176700596479,-0.2444406722118485,1316.0,1370.0,1.1423580786026202,-0.0042677214531071,-0.0018492582137484,-0.0006815030560553
2008-11-12,1070.0,1098.0,1043.0,1051.0,175900.0,1051.0,1153.4,1176.2,1147.12,1270.0266666666666,1347.84,False,False,False,False,False,False,False,False,False,True,False,-0.0409134157944814,0.0266412940057088,,,-0.0914557564224547,-0.2083983507770377,0.0561370123691722,-0.1988582302568982,-0.0014802838785538,-0.2520829790851895,1293.0,1339.0,1.3448012232415902,-0.0049864007252946,-0.0007186792721875,-0.0006626138189058
2008-11-13,1030.0,1037.0,985.0,990.0,162600.0,990.0,1109.4,1152.4,1141.12,1267.5733333333333,1346.08,False,False,False,False,False,False,False,False,False,True,False,-0.0272727272727272,0.0969696969696969,,,-0.1526464646464645,-0.2803771043771043,0.0666666666666666,-0.1777777777777777,-0.0019354567257121,-0.2470496355432141,1334.0,1367.0,0.9243888573052872,-0.005257992148065,-0.0002715914227703,-0.0004551728471583
2008-11-14,1011.0,1019.0,950.0,979.0,206600.0,979.0,1060.6,1127.2,1136.52,1264.506666666667,1344.26,False,False,False,False,False,False,False,False,False,False,False,-0.0051072522982635,0.0602655771195097,,,-0.1608988764044943,-0.291630915900579,0.076608784473953,-0.1991828396322778,-0.0024251882156939,-0.2404187366926898,1353.0,1363.0,1.2706027060270604,-0.0040474430718332,0.0012105490762318,-0.0004897314899817
2008-11-17,979.0,1044.0,974.0,1003.0,152700.0,1003.0,1026.0,1117.4,1131.44,1261.8,1342.71,False,False,False,False,False,False,False,False,False,True,False,0.0249252243270189,0.0069790628115653,,,-0.1280558325024925,-0.2580259222333,0.0498504486540378,-0.2462612163509471,-0.0021450837428015,-0.2487023447288348,1389.0,1350.0,0.7391093901258471,-0.0044898536378419,-0.0004424105660087,0.0002801044728924
2008-11-18,992.0,1020.0,988.0,999.0,94400.0,999.0,1004.4,1099.7,1130.08,1258.4533333333334,1340.94,False,False,False,False,False,False,False,False,False,False,False,0.058058058058058,0.024024024024024,,,-0.1312112112112111,-0.2597130463797131,0.091091091091091,-0.2592592592592592,-0.0026593490422104,-0.2508866054378467,1377.0,1350.0,0.6182056319580878,-0.0012034546226816,0.0032863990151602,-0.0005142652994089
2008-11-19,1009.0,1031.0,1000.0,1008.0,80400.0,1008.0,995.8,1074.6,1124.4,1254.52,1339.12,False,False,False,False,False,False,False,False,False,True,False,0.0704365079365079,0.0257936507936507,,,-0.1154761904761905,-0.244563492063492,0.0684523809523809,-0.2361111111111111,-0.0031353293158605,-0.2424157826167875,1331.0,1355.0,0.8516949152542372,-0.0050515830665242,-0.0038481284438425,-0.00047598027365
2008-11-20,998.0,1012.0,955.0,963.0,96300.0,963.0,990.4,1049.9,1113.56,1250.6933333333334,1336.7,False,False,False,False,False,False,False,False,False,True,False,0.1277258566978193,0.0695742471443406,,,-0.1563447559709241,-0.2987469712703358,0.1183800623052959,-0.1630321910695742,-0.0030596362550904,-0.2290694351843033,1350.0,1347.0,1.1977611940298507,-0.0097345450626819,-0.0046829619961577,7.569306077010937e-05
2008-11-21,937.0,980.0,934.0,974.0,94800.0,974.0,989.4,1025.0,1106.52,1246.4,1334.625,False,False,False,False,False,False,False,False,False,False,False,0.0657084188911704,0.0852156057494866,,,-0.1360574948665297,-0.2796714579055442,0.1190965092402464,-0.1837782340862423,-0.0034445870774496,-0.2159999999999999,1368.0,1365.0,0.9844236760124612,-0.0063622889780573,0.0033722560846246,-0.0003849508223592
2008-11-25,1003.0,1028.0,1003.0,1028.0,145400.0,1028.0,994.4,1010.2,1098.28,1242.6,1332.705,False,False,False,False,False,False,False,False,False,True,False,-0.0175097276264591,0.0642023346303501,,,-0.0683657587548637,-0.2087548638132295,0.046692607003891,-0.2334630350194552,-0.0030581039755353,-0.2123341912492575,1404.0,1393.0,1.5337552742616034,-0.0075026404924063,-0.001140351514349,0.0003864831019143
2008-11-26,1042.0,1077.0,1031.0,1057.0,120100.0,1057.0,1006.0,1005.2,1092.32,1238.9066666666668,1330.885,False,False,False,False,False,False,False,False,False,False,False,-0.032166508987701,0.0927152317880794,,,-0.0334153263954587,-0.1720971302428257,0.02081362346263,-0.2365184484389782,-0.0029811231408337,-0.2138877835256665,1377.0,1403.0,0.8259972489683631,-0.0054562765489966,0.0020463639434096,7.698083470160334e-05
2008-11-27,1059.0,1083.0,1059.0,1079.0,106300.0,1079.0,1020.2,1008.0,1086.4,1235.52,1329.5,False,False,False,False,False,False,False,False,False,False,True,-0.041705282669138,0.0213160333642261,,,-0.006858202038925,-0.1450602409638554,-0.0278035217794253,-0.2381835032437442,-0.0027410860744194,-0.2180555555555555,1392.0,1397.0,0.8850957535387177,-0.0054491899852723,7.086563724347482e-06,0.0002400370664142
2008-11-28,1065.0,1097.0,1065.0,1086.0,113200.0,1086.0,1044.8,1017.6,1084.0,1232.2266666666667,1328.185,False,False,False,False,True,False,False,False,False,False,False,-0.0515653775322283,0.009208103130755,,,0.001841620626151,-0.134647022713321,-0.080110497237569,-0.2329650092081031,-0.0026726684484456,-0.223565251572327,1327.0,1428.0,1.0649106302916276,-0.0022140221402214,0.0032351678450508,6.841762597389108e-05
2008-12-01,1072.0,1072.0,1032.0,1038.0,76000.0,1038.0,1057.6,1023.5,1083.52,1227.88,1326.475,False,False,False,False,False,False,False,False,False,False,False,0.0183044315992292,0.0549132947976878,,,-0.0438535645472061,-0.1829287090558768,-0.0500963391136801,-0.1994219653179191,-0.0035399767621156,-0.2234489496824621,1291.0,1386.0,0.6713780918727915,-0.0004430005906674,0.001771021549554,-0.00086730831367
2008-12-02,1000.0,1027.0,990.0,1010.0,70100.0,1010.0,1054.0,1024.2,1080.72,1224.1066666666666,1324.73,False,False,False,False,False,False,False,False,False,True,False,0.0831683168316831,0.0861386138613861,,,-0.070019801980198,-0.2119867986798679,-0.0732673267326732,-0.1247524752475247,-0.0030825200418265,-0.2114821323960164,1246.0,1380.0,0.9223684210526316,-0.0025908653490265,-0.002147864758359,0.000457456720289
2008-12-03,1015.0,1023.0,1011.0,1023.0,92000.0,1023.0,1047.2,1026.6,1082.8,1219.48,1323.15,False,False,False,False,False,False,True,False,True,False,True,0.1290322580645161,0.0654936461388074,,,-0.0584555229716519,-0.1920625610948191,-0.0772238514173998,-0.147605083088954,-0.0037939668273908,-0.200467562828755,1230.0,1398.0,1.3124108416547788,0.0019209456963427,0.0045118110453692,-0.0007114467855642
2008-12-04,1028.0,1066.0,1023.0,1034.0,85400.0,1034.0,1038.2,1029.2,1081.32,1215.4133333333334,1321.33,False,False,False,False,False,False,False,False,False,True,False,0.0657640232108317,0.0735009671179884,,,-0.0457640232108316,-0.1754480980012895,-0.0947775628626692,-0.1702127659574468,-0.0033459125016454,-0.1939370384764866,1194.0,1364.0,0.9282608695652174,-0.0013686975178485,-0.0032896432141913,0.0004480543257453
2008-12-05,1020.0,1046.0,1016.0,1030.0,75300.0,1030.0,1027.0,1035.9,1073.4,1210.92,1319.58,False,False,False,False,False,False,False,False,False,True,False,0.0640776699029126,0.0252427184466019,,,-0.0421359223300971,-0.1756504854368932,-0.0728155339805825,-0.1844660194174757,-0.0037106772811856,-0.1958683270585964,1140.0,1331.0,0.8817330210772834,-0.0073784237003911,-0.0060097261825425,-0.0003647647795401
2008-12-08,1025.0,1069.0,1020.0,1057.0,67200.0,1057.0,1030.8,1044.2,1066.44,1206.84,1318.055,False,False,False,False,False,False,False,False,False,False,False,0.0359508041627246,-0.0028382213812677,,,-0.0089309366130558,-0.1417596972563859,-0.0955534531693472,-0.2194891201513718,-0.0033807298399126,-0.1993870905956713,1094.0,1356.0,0.8924302788844621,-0.0065263868572071,0.0008520368431839,0.000329947441273
2008-12-09,1065.0,1095.0,1030.0,1094.0,77800.0,1094.0,1047.6,1050.8,1066.16,1203.4266666666667,1316.595,False,False,False,False,True,False,False,False,False,False,False,0.0027422303473491,-0.0374771480804387,,,0.0254478976234002,-0.1000243753808654,-0.1243144424131627,-0.2303473491773309,-0.0028363451034267,-0.1992767415302626,1130.0,1302.0,1.1577380952380951,-0.0002626247467546,0.0062637621104525,0.0005443847364858
2008-12-10,1116.0,1155.0,1094.0,1155.0,159100.0,1155.0,1074.0,1060.6,1065.32,1200.8266666666666,1315.545,False,False,False,False,False,False,False,False,False,True,False,-0.0562770562770562,-0.0562770562770562,,,0.0776450216450217,-0.0396767676767676,-0.1714285714285714,-0.2718614718614718,-0.0021651751015967,-0.2034697341127663,1033.0,1316.0,2.044987146529563,-0.000788495475538,-0.0005258707287833,0.0006711700018299
2008-12-11,1111.0,1132.0,1071.0,1102.0,117400.0,1102.0,1087.6,1062.9,1059.04,1197.4533333333334,1314.22,False,False,False,False,False,False,False,False,False,True,False,0.0072595281306715,-0.0226860254083484,,,0.038983666061706,-0.0866182698124622,-0.1116152450090744,-0.1932849364791288,-0.0028170896012648,-0.1988898297111676,1150.0,1293.0,0.7379006913890634,-0.0059298987762501,-0.0051414033007121,-0.000651914499668
2008-12-12,1068.0,1134.0,1067.0,1096.0,90800.0,1096.0,1100.8,1063.9,1054.48,1194.1066666666666,1312.96,False,False,False,False,False,False,False,False,False,False,False,-0.0364963503649635,-0.0173357664233576,,,0.0378832116788321,-0.0895133819951337,-0.1414233576642335,-0.1432481751824817,-0.0028026530293218,-0.1896794811542438,1234.0,1334.0,0.7734241908006815,-0.0043244063424625,0.0016054924337875,1.4436571942915389e-05
2008-12-15,1096.0,1120.0,1080.0,1095.0,91800.0,1095.0,1108.4,1069.6,1049.36,1190.506666666667,1311.47,False,False,False,False,False,False,False,False,False,True,True,-0.0374429223744292,-0.0045662100456621,,,0.0416803652968037,-0.0872207001522072,-0.1214611872146118,-0.1817351598173516,-0.0030239225875814,-0.1879207180254299,1150.0,1353.0,1.0110132158590308,-0.0048791644430892,-0.0005547581006266,-0.0002212695582595
2008-12-16,1075.0,1112.0,1075.0,1097.0,76000.0,1097.0,1109.0,1078.3,1046.2,1186.56,1310.155,False,False,False,False,False,False,False,False,False,False,False,-0.040109389243391,-0.0191431175934366,,,0.0463081130355514,-0.0816408386508659,-0.0701914311759343,-0.1513217866909753,-0.0033261416756564,-0.1901140684410646,1234.0,1389.0,0.8278867102396514,-0.0030204549799272,0.001858709463162,-0.0003022190880749
2008-12-17,1117.0,1121.0,1038.0,1090.0,82600.0,1090.0,1096.0,1085.0,1045.52,1182.3866666666668,1308.7,False,False,False,False,False,False,False,False,False,False,False,0.0,-0.010091743119266,,,0.0408073394495413,-0.0847584097859328,-0.1174311926605504,-0.1477064220183486,-0.0035295842307647,-0.1898617511520737,1206.0,1377.0,1.0868421052631578,-0.0006503940622848,0.0023700609176423,-0.0002034425551082
2008-12-18,1091.0,1130.0,1076.0,1110.0,79500.0,1110.0,1097.6,1092.6,1047.88,1178.56,1307.315,False,False,False,False,False,False,True,False,True,False,False,-0.0297297297297297,-0.0549549549549549,,,0.0559639639639638,-0.0617657657657657,-0.1063063063063063,-0.1522522522522522,-0.0032469001719613,-0.1879004210140948,1227.0,1331.0,0.9624697336561744,0.0022521662785816,0.0029025603408664,0.0002826840588033
2008-12-19,1110.0,1110.0,1053.0,1056.0,44100.0,1056.0,1089.6,1095.2,1050.52,1173.6,1305.84,False,False,False,False,False,False,True,False,False,False,False,0.0198863636363636,-0.0539772727272727,,,0.0051893939393939,-0.1113636363636362,-0.0767045454545454,-0.1221590909090909,-0.0042263122017723,-0.1818845872899927,1146.0,1350.0,0.5547169811320755,0.0025130411605679,0.0002608748819863,-0.0009794120298109
2008-12-22,1036.0,1064.0,1036.0,1054.0,31400.0,1054.0,1081.4,1094.9,1053.52,1169.1733333333334,1304.595,False,False,False,False,False,False,True,False,False,False,False,0.0341555977229601,-0.064516129032258,,,0.0004554079696394,-0.1092726122707148,-0.088235294117647,-0.1015180265654649,-0.0037861508986404,-0.1705178555119189,1050.0,1368.0,0.7120181405895691,0.0028475966284455,0.0003345554678776,0.0004401613031318
2008-12-24,1070.0,1073.0,1040.0,1053.0,30000.0,1053.0,1072.6,1090.8,1055.52,1164.8133333333333,1303.32,False,False,False,False,False,False,True,False,False,True,False,0.0218423551756885,-0.1111111111111111,,,-0.0023931623931623,-0.1061855017410572,-0.1187084520417853,-0.1101614434947768,-0.0037430890214169,-0.1586908690869086,1080.0,1404.0,0.9554140127388536,0.0018948006669698,-0.0009527959614757,4.30618772235083e-05
2008-12-25,1093.0,1093.0,1063.0,1090.0,32300.0,1090.0,1072.6,1084.3,1059.16,1160.7066666666667,1302.095,False,False,False,False,False,False,True,False,False,False,False,-0.010091743119266,-0.1339449541284403,,,0.0282935779816513,-0.064868501529052,-0.1146788990825688,-0.1311926605504587,-0.0035380745063351,-0.1438716222447662,971.0,1377.0,1.0766666666666669,0.003436685675441,0.0015418850084711,0.0002050145150818
2008-12-26,1089.0,1089.0,1071.0,1077.0,11000.0,1077.0,1066.0,1081.8,1061.92,1156.88,1300.605,False,False,False,False,False,False,True,False,False,True,False,-0.0259981429897864,-0.1309192200557103,,,0.0140018570102134,-0.0741689879294337,-0.1197771587743732,-0.1262766945218198,-0.0033077472742778,-0.1370863375855056,1071.0,1392.0,0.3405572755417956,0.0025990658430013,-0.0008376198324396,0.0002303272320572
2008-12-29,1078.0,1090.0,1063.0,1077.0,25200.0,1077.0,1070.2,1079.9,1066.48,1153.493333333333,1299.21,False,False,False,False,False,False,True,False,False,False,False,-0.0724233983286908,-0.1132776230269266,,,0.0097678737233054,-0.0710244506344782,-0.1420612813370473,-0.1244196843082637,-0.0029360088773814,-0.135197703491064,1228.0,1327.0,2.290909090909091,0.0042757482559447,0.0016766824129433,0.0003717383968964
2008-12-30,1078.0,1098.0,1061.0,1090.0,16700.0,1090.0,1077.4,1079.4,1071.12,1149.9466666666667,1297.88,False,False,False,False,False,False,True,False,False,False,False,-0.0954128440366972,-0.1229357798165137,,,0.0173211009174312,-0.0549969418960245,-0.1853211009174312,-0.1559633027522936,-0.0030842010064232,-0.132573652028905,1231.0,1291.0,0.6626984126984127,0.0043319142579728,5.616600202810584e-05,-0.0001481921290417
2009-01-05,1101.0,1118.0,1068.0,1076.0,19900.0,1076.0,1082.0,1077.3,1073.04,1146.9333333333334,1296.35,False,False,False,False,False,False,True,False,False,True,False,-0.1301115241635687,-0.1096654275092936,,,0.0027509293680297,-0.0659231722428749,-0.1970260223048327,-0.1022304832713754,-0.0026272959776795,-0.1276338995637241,1101.0,1246.0,1.1916167664670658,0.0017893088794453,-0.0025426053785274,0.0004569050287436
2009-01-06,1090.0,1090.0,1070.0,1079.0,20000.0,1079.0,1079.8,1076.2,1073.92,1143.7733333333333,1294.745,False,False,False,False,False,False,True,False,False,True,False,-0.1251158480074142,-0.1130676552363299,,,0.0047080630213159,-0.0600308928019771,-0.1853568118628359,-0.1028730305838739,-0.0027627851672243,-0.1231183794833674,1176.0,1230.0,1.0050251256281406,0.0008194278903457,-0.0009698809890996,-0.0001354891895447
2009-01-07,1061.0,1097.0,1039.0,1049.0,132200.0,1049.0,1074.2,1070.1,1072.72,1140.52,1293.02,False,False,False,False,False,False,False,False,False,True,False,-0.107721639656816,-0.0667302192564347,,,-0.0226120114394661,-0.0872449952335557,-0.1267874165872259,-0.1201143946615824,-0.0028525000292264,-0.1198018876740491,1259.0,1194.0,6.61,-0.0011186516518756,-0.0019380795422213,-8.971486200208502e-05
2009-01-08,1014.0,1020.0,995.0,999.0,93400.0,999.0,1058.6,1064.4,1069.24,1136.0533333333333,1291.245,False,False,False,False,False,False,False,False,False,True,False,-0.044044044044044,-0.058058058058058,,,-0.0703103103103103,-0.1371905238571904,-0.054054054054054,-0.0940940940940941,-0.0039317402938829,-0.1171552048102217,1210.0,1140.0,0.7065052950075643,-0.0032546481613108,-0.0021359965094352,-0.0010792402646565
2009-01-09,1000.0,1005.0,983.0,986.0,72900.0,986.0,1037.8,1057.6,1067.16,1131.16,1289.61,False,False,False,False,False,False,False,False,False,False,False,-0.0304259634888438,-0.024340770791075,,,-0.0823123732251522,-0.1472210953346857,-0.0273833671399594,-0.0567951318458417,-0.0043259426900997,-0.1130862329803327,1223.0,1094.0,0.7805139186295503,-0.0019490985419242,0.0013055496193865,-0.0003942023962167
2009-01-13,976.0,977.0,936.0,936.0,83400.0,936.0,1009.8,1045.9,1064.2,1125.12,1287.565,False,False,False,False,False,False,False,False,False,True,False,0.0235042735042735,0.0897435897435897,,,-0.136965811965812,-0.2020512820512819,-0.016025641025641,0.0064102564102564,-0.005368316268487,-0.1026866813270868,1176.0,1130.0,1.1440329218106997,-0.0027814320616425,-0.0008323335197182,-0.0010423735783873
2009-01-14,938.0,963.0,929.0,944.0,96300.0,944.0,982.8,1031.3,1061.04,1119.3466666666666,1285.395,False,False,False,False,False,False,False,False,False,True,False,0.0137711864406779,0.0190677966101694,,,-0.1239830508474575,-0.1857485875706213,0.0095338983050847,0.0402542372881355,-0.005157770604281,-0.0865897411034616,1107.0,1033.0,1.1546762589928057,-0.0029782100580563,-0.0001967779964137,0.000210545664206
2009-01-15,933.0,949.0,932.0,936.0,80500.0,936.0,960.2,1017.2,1057.12,1114.08,1282.825,False,False,False,False,False,False,False,False,False,True,False,0.0459401709401709,0.0598290598290598,,,-0.1294017094017092,-0.1902564102564101,0.0117521367521367,0.063034188034188,-0.0047273684714442,-0.0686197404640189,1051.0,1150.0,0.8359293873312564,-0.0037081882851521,-0.0007299782270958,0.0004304021328367
2009-01-16,933.0,960.0,933.0,955.0,72300.0,955.0,951.4,1005.0,1054.12,1108.8133333333333,1280.515,False,False,False,False,False,False,False,False,False,False,False,-0.0146596858638743,0.0209424083769633,,,-0.1037905759162302,-0.1610610820244327,-0.0219895287958115,0.0481675392670157,-0.0047498226332054,-0.0515422885572138,990.0,1234.0,0.8981366459627329,-0.0028459757902326,0.0008622124949195,-2.2454161761168573e-05
2009-01-19,975.0,979.0,948.0,956.0,74200.0,956.0,945.4,991.6,1050.08,1103.32,1278.335,False,False,False,False,False,False,False,False,False,True,False,0.006276150627615,0.0052301255230125,,,-0.0984100418410041,-0.1541004184100417,-0.0596234309623431,0.00836820083682,-0.0049789121318686,-0.0342880193626462,979.0,1150.0,1.0262793914246195,-0.0038473259180252,-0.0010013501277926,-0.0002290894986632
2009-01-20,950.0,979.0,950.0,958.0,48800.0,958.0,949.8,979.8,1044.64,1097.3733333333332,1275.915,False,False,False,False,False,False,False,False,False,True,False,0.0647181628392484,-0.0313152400835073,,,-0.0904384133611692,-0.145483646485734,-0.0365344467640918,0.0532359081419624,-0.0054190005224597,-0.018269034496836,1003.0,1234.0,0.6576819407008087,-0.0052075356103536,-0.0013602096923283,-0.000440088390591
2009-01-21,934.0,966.0,934.0,957.0,103800.0,957.0,952.4,967.6,1036.72,1091.7733333333333,1273.55,False,False,False,False,False,False,False,False,False,True,False,0.0052246603970741,0.0083594566353187,,,-0.0833019853709509,-0.140828979449669,-0.0626959247648902,0.0198537095088819,-0.0051292698118045,-0.0050640760644894,999.0,1206.0,2.127049180327869,-0.0076394783548113,-0.0024319427444577,0.0002897307106551
2009-01-22,979.0,980.0,957.0,979.0,67300.0,979.0,961.0,960.6,1031.8,1086.2666666666669,1270.57,False,False,False,False,False,False,False,False,False,False,False,0.0132788559754851,-0.0316649642492339,,,-0.0539325842696628,-0.1095675859720805,-0.1144024514811031,-0.0153217568947906,-0.0050693506812321,0.0064542993962106,1008.0,1227.0,0.6483622350674374,-0.0047683659623958,0.0028711123924155,5.991913057242556e-05
2009-01-23,975.0,975.0,937.0,941.0,86900.0,941.0,958.2,954.8,1025.6,1081.12,1266.765,False,False,False,False,False,False,False,False,False,True,False,0.0361317747077577,-0.0180658873538788,,,-0.0899043570669499,-0.148905419766206,-0.0935175345377258,0.0297555791710945,-0.0047604952888365,0.0192710515291161,963.0,1146.0,1.2912332838038634,-0.0060452418096724,-0.0012768758472765,0.0003088553923955
2009-01-26,949.0,973.0,938.0,962.0,53500.0,962.0,959.4,952.4,1020.28,1076.7333333333331,1263.265,False,False,False,False,False,False,False,False,False,False,False,-0.001039501039501,-0.0769230769230769,,,-0.0605821205821205,-0.119265419265419,-0.1133056133056133,0.0114345114345114,-0.0040740511423442,0.0263544729105418,974.0,1050.0,0.6156501726121979,-0.0052142549104166,0.0008309868992557,0.0006864441464923
2009-01-27,982.0,1030.0,981.0,1020.0,73200.0,1020.0,971.8,960.8,1017.2,1073.72,1260.265,False,False,False,False,True,False,False,False,False,False,True,-0.0901960784313725,-0.1529411764705882,,,0.0027450980392156,-0.0526666666666666,-0.15,-0.0411764705882352,-0.0028064423996322,0.0211282264779351,1028.0,1080.0,1.3682242990654203,-0.0030279197797875,0.0021863351306291,0.001267608742712
2009-01-28,1018.0,1018.0,953.0,962.0,128600.0,962.0,972.8,962.6,1012.08,1070.1466666666668,1257.055,False,False,False,False,False,False,False,False,False,True,False,0.0031185031185031,-0.0862785862785862,,,-0.0520582120582121,-0.1124185724185725,-0.1039501039501039,0.0322245322245322,-0.0033391061661329,0.0203615208809474,1057.0,971.0,1.7568306010928962,-0.0050588886254051,-0.0020309688456175,-0.0005326637665007
2009-01-29,988.0,1008.0,935.0,992.0,123200.0,992.0,975.4,968.2,1007.36,1067.4533333333334,1254.09,False,False,False,False,False,False,False,False,False,False,False,-0.0443548387096774,-0.0766129032258064,,,-0.0154838709677419,-0.0760618279569892,-0.1512096774193548,-0.0060483870967741,-0.0025231391848512,0.0135302623424911,1079.0,1071.0,0.95800933125972,-0.0046855146124523,0.0003733740129527,0.0008159669812817
2009-01-30,972.0,989.0,959.0,975.0,62000.0,975.0,982.2,970.2,1004.12,1065.253333333333,1250.96,False,False,False,False,False,False,False,False,False,False,False,-0.0523076923076923,-0.0307692307692307,,,-0.0298666666666666,-0.0925675213675211,-0.1651282051282051,0.0646153846153846,-0.0020652364382809,0.015254586683158,1086.0,1228.0,0.5032467532467533,-0.0032267059713978,0.0014588086410545,0.0004579027465702
2009-02-02,976.0,998.0,943.0,961.0,52700.0,961.0,982.0,970.7,1000.4,1063.48,1247.865,False,False,False,False,False,False,False,False,False,True,False,-0.0759625390218522,-0.0020811654526534,,,-0.0409989594172736,-0.1066389177939646,-0.1841831425598335,0.0946930280957336,-0.0016674816012836,0.0237972597094879,1038.0,1231.0,0.85,-0.003718512594962,-0.0004918066235641,0.0003977548369973
2009-02-03,951.0,965.0,924.0,928.0,65400.0,928.0,963.6,967.7,995.4,1060.7866666666666,1244.835,False,False,False,False,False,False,False,False,False,True,False,-0.0689655172413793,-0.0075431034482758,,,-0.0726293103448275,-0.1430890804597701,-0.1853448275862069,0.1648706896551724,-0.0025389962166443,0.034411491164617,1010.0,1101.0,1.2409867172675522,-0.005023106288929,-0.001304593693967,-0.0008715146153606
2009-02-04,938.0,966.0,937.0,965.0,82400.0,965.0,964.2,968.5,990.4,1059.88,1242.08,False,False,False,False,False,False,False,False,False,True,False,-0.0891191709844559,-0.0124352331606217,,,-0.026321243523316,-0.0983212435233161,-0.233160621761658,0.0715025906735751,-0.0008554427545255,0.0395456892101186,1023.0,1176.0,1.2599388379204892,-0.0050484652665589,-2.535897762989247e-05,0.0016835534621187
2009-02-05,951.0,955.0,932.0,948.0,62700.0,948.0,955.4,965.4,985.24,1057.1866666666667,1238.99,False,False,False,False,False,False,False,False,False,True,False,-0.0337552742616033,-0.0010548523206751,,,-0.0392827004219409,-0.1151758087201125,-0.1877637130801688,0.1033755274261603,-0.002547642169784,0.0513776672881707,1034.0,1259.0,0.7609223300970874,-0.0052373025861718,-0.0001888373196128,-0.0016921994152584
2009-02-06,939.0,950.0,915.0,924.0,111900.0,924.0,945.2,963.7,979.12,1053.0533333333333,1236.08,False,False,False,False,False,False,False,False,False,True,False,0.0227272727272727,0.0108225108225108,,,-0.0596536796536796,-0.1396681096681096,-0.1277056277056277,0.1666666666666666,-0.0039250940123324,0.0645429075438414,1030.0,1210.0,1.784688995215311,-0.0062505106626358,-0.0010132080764639,-0.0013774518425484
2009-02-09,928.0,931.0,886.0,888.0,96900.0,888.0,930.6,956.3,971.04,1049.56,1233.115,False,False,False,False,False,False,False,False,False,True,False,0.0799549549549549,0.0123873873873873,,,-0.0935135135135134,-0.1819369369369368,-0.1047297297297297,0.1722972972972972,-0.0033283788762275,0.0798912475164698,1057.0,1223.0,0.8659517426273459,-0.0083209754490031,-0.0020704647863673,0.0005967151361049
2009-02-10,887.0,892.0,859.0,864.0,72800.0,864.0,917.8,940.7,962.56,1044.6266666666668,1229.945,False,False,False,False,False,False,False,False,False,True,False,0.0659722222222222,0.068287037037037,,,-0.114074074074074,-0.2090586419753087,-0.0879629629629629,0.2349537037037037,-0.0047225803157745,0.1072605506537683,1094.0,1176.0,0.7512899896800825,-0.0088098404255319,-0.0004888649765287,-0.001394201439547
2009-02-12,850.0,885.0,850.0,879.0,46100.0,879.0,900.6,932.4,954.56,1040.2666666666669,1226.81,False,False,False,False,False,False,False,False,False,False,False,0.0841865756541524,0.0204778156996587,,,-0.0859613196814561,-0.1834660599165721,-0.0819112627986348,0.2434584755403868,-0.0041912330171749,0.1278421278421277,1155.0,1107.0,0.6332417582417582,-0.0083808246731478,0.000429015752384,0.0005313472985995
2009-02-13,879.0,916.0,871.0,916.0,80200.0,916.0,894.2,924.8,949.24,1036.12,1224.05,False,False,False,False,False,False,False,False,False,False,False,0.0338427947598253,-0.0534934497816593,,,-0.0362882096069869,-0.1311353711790391,-0.1026200873362445,0.1703056768558952,-0.0040021104376587,0.1464100346020762,1102.0,1051.0,1.7396963123644251,-0.0056044835868694,0.0027763410862784,0.0001891225795162
2009-02-16,936.0,947.0,927.0,945.0,88100.0,945.0,898.4,921.8,947.08,1033.44,1221.63,False,False,False,False,False,False,False,False,False,False,False,-0.0116402116402116,-0.0973544973544973,,,-0.0022010582010582,-0.0935873015873016,-0.1185185185185185,0.1714285714285714,-0.0025932806936056,0.1576263831633759,1096.0,990.0,1.098503740648379,-0.0022806943447226,0.0033237892421467,0.001408829744053
2009-02-17,954.0,973.0,945.0,959.0,83300.0,959.0,912.6,921.6,946.0,1032.2266666666667,1219.255,False,False,False,False,True,False,False,False,False,False,False,-0.0625651720542231,-0.1105318039624609,,,0.013555787278415,-0.0763573166492874,-0.1334723670490094,0.1710114702815433,-0.0011754524200111,0.1655815972222222,1095.0,979.0,0.945516458569807,-0.0011416490486258,0.0011390452960968,0.0014178282735945
2009-02-18,933.0,933.0,902.0,921.0,128500.0,921.0,924.0,920.9,945.4,1030.1066666666666,1216.585,False,False,False,False,False,False,False,False,False,False,False,0.002171552660152,-0.0586319218241042,,,-0.0264929424538544,-0.1184654361201591,-0.0401737242128121,0.2008686210640608,-0.0020580392969014,0.1691823216418721,1097.0,1003.0,1.5426170468187277,-0.0006346519991538,0.000506997049472,-0.0008825868768902
2009-02-19,930.0,963.0,927.0,953.0,78700.0,953.0,938.8,919.7,945.76,1029.8666666666666,1214.295,False,False,False,False,False,False,True,False,False,False,False,-0.0587618048268625,-0.0954879328436516,,,0.0075970619097586,-0.0806575725778243,-0.0849947534102833,0.1836306400839454,-0.000233039875712,0.1809285636620635,1090.0,999.0,0.6124513618677043,0.0003806462527491,0.0010152982519029,0.0018249994211893
2009-02-20,954.0,964.0,945.0,947.0,54800.0,947.0,945.0,919.6,946.2,1028.2133333333334,1211.915,False,False,False,False,False,False,True,False,False,False,False,-0.0844772967265047,-0.1108764519535374,,,0.0008447729672649,-0.0857585357268567,-0.0939809926082365,0.1985216473072861,-0.0016079672182165,0.1907351022183557,1110.0,1008.0,0.6963151207115629,0.0004650179666033,8.43717138541865e-05,-0.0013749273425045
2009-02-23,918.0,939.0,913.0,934.0,29400.0,934.0,942.8,920.6,945.36,1024.2933333333333,1209.505,False,False,False,False,False,False,False,False,False,True,False,-0.0867237687366167,-0.1284796573875803,,,-0.0121627408993576,-0.0966738044254103,-0.1006423982869379,0.2205567451820128,-0.0038270287157325,0.1961764066912883,1056.0,963.0,0.5364963503649635,-0.0008885503935009,-0.0013535683601042,-0.0022190614975159
2009-02-24,918.0,920.0,879.0,899.0,99100.0,899.0,930.8,921.7,943.08,1019.8666666666668,1206.705,False,False,False,False,False,False,False,False,False,True,False,-0.0511679644048943,-0.1279199110122358,,,-0.0490322580645161,-0.1344456803856137,-0.082313681868743,0.2380422691879866,-0.0043404366583865,0.2025604860583704,1054.0,974.0,3.370748299319728,-0.0024176103830003,-0.0015290599894994,-0.000513407942654
2009-02-25,929.0,929.0,910.0,923.0,35200.0,923.0,931.2,927.6,941.68,1017.4933333333332,1204.18,False,False,False,False,False,False,False,False,False,False,False,-0.0606717226435536,-0.180931744312026,,,-0.0202383531960996,-0.1023763091368724,-0.0877573131094257,0.2329360780065005,-0.0023325296152638,0.202565761103924,1053.0,1028.0,0.355196770938446,-0.0014867046130321,0.0009309057699682,0.0020079070431226
2009-02-26,933.0,939.0,894.0,897.0,80100.0,897.0,920.0,929.4,939.28,1013.7733333333332,1201.305,False,False,False,False,False,False,False,False,False,True,False,-0.0390189520624303,-0.1750278706800446,,,-0.0471348940914158,-0.1301820884429578,-0.0624303232998885,0.2519509476031215,-0.003669459313719,0.2034646008177319,1090.0,1057.0,2.2755681818181817,-0.0025551486244782,-0.0010684440114461,-0.0013369296984551
2009-02-27,890.0,893.0,865.0,867.0,106900.0,867.0,904.0,924.5,934.8,1008.5466666666666,1198.46,False,False,False,False,False,False,False,False,False,True,False,-0.0288350634371395,-0.1118800461361015,,,-0.0782006920415224,-0.1632602845059592,0.0253748558246828,0.3160322952710496,-0.005182374638093,0.2173066522444565,1077.0,1079.0,1.33458177278402,-0.0047924689773213,-0.002237320352843,-0.0015129153243739
2009-03-02,864.0,865.0,842.0,853.0,60500.0,853.0,887.8,915.3,931.28,1003.7866666666666,1195.49,False,False,False,False,False,False,False,False,False,False,False,-0.0457209847596717,-0.0550996483001172,,,-0.091770222743259,-0.1767721766314966,0.1008206330597889,0.3446658851113716,-0.0047420434620902,0.2339123784551514,1077.0,1086.0,0.5659494855004678,-0.0037797440082466,0.0010127249690746,0.0004403311760027
2009-03-03,827.0,866.0,827.0,853.0,62400.0,853.0,878.6,904.7,926.92,998.8533333333334,1192.595,False,False,False,False,False,False,False,False,False,True,False,-0.0808909730363423,-0.0679953106682297,,,-0.0866588511137162,-0.170988667448222,0.0504103165298944,0.324736225087925,-0.0049389967162345,0.2491433624405878,1090.0,1038.0,1.031404958677686,-0.0047037500539421,-0.0009240060456954,-0.0001969532541443
2009-03-04,850.0,875.0,841.0,867.0,100900.0,867.0,867.4,899.3,920.8,994.7333333333332,1189.765,False,False,False,False,False,False,False,False,False,True,False,-0.1280276816608996,-0.091118800461361,,,-0.0620530565167242,-0.1473279507881582,0.0738177623990772,0.2918108419838524,-0.0041418135513706,0.2582008228622262,1076.0,1010.0,1.6169871794871795,-0.0066463944396177,-0.0019426443856756,0.0007971831648638
2009-03-05,877.0,883.0,851.0,862.0,113700.0,862.0,860.4,890.2,916.8,991.4666666666668,1186.765,False,False,False,False,False,False,False,False,False,False,False,-0.1415313225058004,-0.0638051044083526,,,-0.0635730858468677,-0.1501933488012376,0.0777262180974478,0.2946635730858468,-0.0032947821409357,0.2697146708604807,1079.0,1023.0,1.1268582755203171,-0.0043630017452006,0.002283392694417,0.0008470314104349
2009-03-06,863.0,864.0,840.0,842.0,96700.0,842.0,855.4,879.7,910.8,988.68,1183.595,False,False,False,False,False,False,False,False,False,True,False,-0.0855106888361045,-0.0237529691211401,,,-0.081710213776722,-0.1742042755344417,0.1175771971496437,0.3776722090261282,-0.002818572912031,0.2877117199045128,1049.0,1034.0,0.8504837291116975,-0.0065876152832674,-0.0022246135380667,0.0004762092289046
2009-03-09,835.0,841.0,804.0,814.0,91600.0,814.0,847.6,867.7,904.36,986.3333333333334,1180.265,False,False,False,False,False,False,False,False,False,True,False,-0.0098280098280098,0.0233415233415233,,,-0.111007371007371,-0.2117117117117117,0.1388206388206388,0.4336609336609336,-0.0023791821561337,0.3086320156736198,999.0,1030.0,0.9472595656670114,-0.0071210579857578,-0.0005334427024903,0.0004393907558973
2009-03-10,804.0,809.0,774.0,784.0,98700.0,784.0,833.8,856.2,897.28,983.7333333333332,1176.885,False,False,False,False,False,False,False,False,False,True,False,0.0140306122448979,0.0599489795918367,,,-0.1444897959183673,-0.2547619047619046,0.2079081632653061,0.5127551020408163,-0.0026429926809434,0.3347348750291987,986.0,1057.0,1.0775109170305677,-0.0078905135520685,-0.0007694555663107,-0.0002638105248097
2009-03-11,794.0,799.0,748.0,756.0,166100.0,756.0,811.6,839.5,890.4,980.44,1173.64,False,False,False,False,False,False,False,False,False,False,False,0.0423280423280423,0.1693121693121693,,,-0.1777777777777777,-0.2968783068783069,0.2394179894179894,0.5595238095238095,-0.0033590360790391,0.3661703394877905,936.0,1094.0,1.6828774062816616,-0.0077268643306379,0.0001636492214306,-0.0007160433980957
2009-03-12,742.0,747.0,726.0,740.0,134500.0,740.0,787.2,823.8,881.4,976.9866666666668,1170.175,False,False,False,False,False,False,False,False,False,True,False,0.0905405405405405,0.1783783783783784,,,-0.191081081081081,-0.3202522522522524,0.2797297297297297,0.6067567567567568,-0.0035346780577011,0.400218499635834,944.0,1155.0,0.8097531607465382,-0.0102110279101429,-0.002484163579505,-0.0001756419786619
2009-03-13,760.0,782.0,746.0,770.0,185500.0,770.0,772.8,814.1,874.28,973.8133333333334,1166.815,False,False,False,False,False,False,False,False,False,False,False,0.0675324675324675,0.1142857142857142,,,-0.1354285714285714,-0.2646926406926407,0.222077922077922,0.5285714285714286,-0.0032586669587601,0.4213241616509027,936.0,1102.0,1.379182156133829,-0.0081438440774122,0.0020671838327306,0.000276011098941
2009-03-16,796.0,816.0,795.0,806.0,148300.0,806.0,771.2,809.4,869.56,971.72,1163.67,False,False,False,False,False,False,False,False,False,False,False,0.0334987593052109,0.0421836228287841,,,-0.0788585607940446,-0.2056079404466501,0.1699751861042183,0.4689826302729528,-0.0021542556840791,0.4341487521620953,955.0,1096.0,0.7994609164420485,-0.0054280325681954,0.0027158115092168,0.001104411274681
2009-03-17,801.0,809.0,771.0,795.0,187400.0,795.0,773.4,803.6,865.84,969.3333333333334,1160.47,False,False,False,False,False,False,False,False,False,False,False,0.0452830188679245,0.0377358490566037,,,-0.0891069182389937,-0.2192872117400419,0.1572327044025157,0.4930817610062893,-0.0024621733149931,0.4515928322548531,956.0,1095.0,1.2636547538772758,-0.0042964058024576,0.0011316267657378,-0.0003079176309139
2009-03-18,805.0,805.0,780.0,788.0,158000.0,788.0,779.8,795.7,862.8,966.1333333333332,1156.765,False,False,False,False,False,False,False,False,False,False,False,0.1218274111675127,0.0685279187817258,,,-0.0949238578680202,-0.2260575296108289,0.2258883248730964,0.4555837563451776,-0.0033121722329562,0.4693980143270076,958.0,1097.0,0.8431163287086446,-0.0035234121464998,0.0007729936559577,-0.0008499989179631
2009-03-19,801.0,824.0,798.0,807.0,96000.0,807.0,793.2,790.2,859.92,962.8,1153.135,False,False,False,False,False,False,False,False,False,False,False,0.080545229244114,0.0421313506815365,,,-0.0655762081784386,-0.1930607187112762,0.1995043370508054,0.4200743494423792,-0.0034621243595069,0.4834219185016451,957.0,1090.0,0.6075949367088608,-0.0033491487580239,0.0001742633884758,-0.0001499521265506
2009-03-23,803.0,822.0,795.0,822.0,133500.0,822.0,803.6,788.2,856.16,959.3733333333332,1149.82,False,False,False,False,False,False,False,False,False,True,False,0.0437956204379562,0.0815085158150851,,,-0.0415571776155717,-0.1671208434712082,0.1228710462287104,0.3965936739659367,-0.0035717760204578,0.4856635371733062,979.0,1110.0,1.390625,-0.0043917024855167,-0.0010425537274927,-0.0001096516609509
2009-03-24,836.0,845.0,819.0,833.0,100700.0,833.0,809.0,790.1,851.68,956.0,1146.645,False,False,False,False,False,False,False,False,False,True,True,0.0084033613445378,0.127250900360144,,,-0.0224249699879951,-0.1476590636254501,0.0864345738295318,0.3025210084033613,-0.003528591352859,0.4717124414631058,941.0,1056.0,0.7543071161048689,-0.0052601916212662,-0.0008684891357495,4.318466759885113e-05
2009-03-25,843.0,846.0,815.0,831.0,136400.0,831.0,816.2,794.8,846.56,953.24,1143.3,False,False,False,False,False,False,False,False,False,True,False,-0.0072202166064981,0.0782190132370637,,,-0.0187244283995185,-0.1470998796630565,0.1191335740072202,0.3345367027677497,-0.0028953883596995,0.4533215903371917,962.0,1054.0,1.3545183714001987,-0.006048006048006,-0.0007878144267398,0.0006332029931594
2009-03-26,840.0,885.0,831.0,884.0,124500.0,884.0,835.4,807.6,845.08,951.56,1140.265,False,False,False,False,True,False,False,False,False,False,False,-0.0475113122171945,0.0531674208144796,,,0.0440271493212669,-0.0764253393665157,0.0656108597285067,0.251131221719457,-0.0017655218798605,0.4212481426448736,1020.0,1053.0,0.9127565982404692,-0.0017513134851137,0.0042966925628923,0.001129866479839
2009-03-27,911.0,925.0,872.0,872.0,129900.0,872.0,848.4,820.8,841.84,949.5466666666666,1137.355,False,False,False,False,False,False,False,False,False,True,False,-0.0355504587155963,0.0653669724770642,,,0.0345871559633027,-0.0889296636085626,0.1261467889908256,0.2832568807339449,-0.002120310042687,0.3898635477582846,962.0,1090.0,1.0433734939759036,-0.0038487123443884,-0.0020973988592747,-0.0003547881628265
2009-03-30,872.0,896.0,854.0,858.0,92600.0,858.0,855.6,829.6,838.28,947.2,1134.405,False,False,False,False,False,False,False,False,False,True,False,0.0361305361305361,0.0967365967365967,,,0.022983682983683,-0.103962703962704,0.1596736596736596,0.3193473193473193,-0.0024774774774773,0.3696962391513981,992.0,1077.0,0.7128560431100847,-0.0042467910483371,-0.0003980787039486,-0.0003571674347903
2009-03-31,859.0,880.0,831.0,840.0,153100.0,840.0,857.0,833.0,834.52,944.6666666666666,1131.345,False,False,False,False,False,False,False,False,False,True,False,0.1178571428571428,0.1035714285714285,,,0.0065238095238095,-0.1246031746031745,0.1916666666666666,0.3869047619047619,-0.002681721947777,0.3618247298919569,975.0,1077.0,1.6533477321814254,-0.0045055840483151,-0.000258792999978,-0.0002042444702996
2009-04-01,848.0,861.0,805.0,825.0,244200.0,825.0,855.8,836.0,831.56,941.5733333333334,1128.3,False,False,False,False,False,True,False,False,False,False,False,0.086060606060606,0.1478787878787879,,,-0.007951515151515,-0.1413010101010101,0.1684848484848485,0.4036363636363636,-0.0032852813730209,0.3534688995215311,961.0,1090.0,1.5950359242325278,-0.0035595747751215,0.0009460092731936,-0.0006035594252438
2009-04-02,842.0,852.0,828.0,842.0,229400.0,842.0,847.4,841.4,828.32,938.2133333333334,1125.4,False,False,False,False,False,False,False,False,False,True,False,0.1057007125890736,0.1128266033254156,,,0.0162470308788597,-0.1142676167854315,0.1983372921615201,0.3610451306413301,-0.0035812750476082,0.3446636558117424,928.0,1076.0,0.9393939393939394,-0.0039115317751592,-0.0003519570000377,-0.0002959936745872
2009-04-03,852.0,859.0,821.0,841.0,236800.0,841.0,841.2,844.8,826.08,934.0266666666666,1122.735,False,False,False,False,False,False,False,False,False,False,False,0.1046373365041617,0.1260404280618311,,,0.0177407847800237,-0.1106143479984145,0.1605231866825208,0.3543400713436385,-0.0044823845143608,0.3384232954545456,965.0,1079.0,1.032258064516129,-0.0027116017819097,0.0011999299932494,-0.0009011094667525
2009-04-06,870.0,893.0,866.0,889.0,179500.0,889.0,847.4,851.5,826.96,931.1866666666666,1120.32,False,False,False,False,False,False,True,False,True,False,False,0.0584926884139482,0.0584926884139482,,,0.0697862767154105,-0.0474540682414697,0.0843644544431946,0.2733408323959505,-0.0030498718481078,0.3260129183793305,948.0,1049.0,0.7580236486486487,0.0010641385314888,0.0037757403133985,0.0014325126662529
2009-04-07,905.0,940.0,897.0,939.0,385000.0,939.0,867.2,862.1,830.4,929.0933333333334,1118.325,False,False,False,False,False,False,True,False,False,False,False,-0.0127795527156549,0.0042598509052183,,,0.1156549520766773,0.010550230741924,0.0319488817891373,0.2577209797657082,-0.0022530926207628,0.3208444495998144,924.0,999.0,2.1448467966573816,0.0041425818882465,0.0030784433567577,0.000796779227345
2009-04-08,920.0,927.0,886.0,896.0,189500.0,896.0,881.4,868.6,832.12,926.44,1116.095,False,False,False,False,False,False,True,False,False,True,False,0.0569196428571428,0.0267857142857142,,,0.0712946428571428,-0.0339732142857143,0.0859375,0.3426339285714285,-0.0028640099017025,0.3217821782178216,888.0,986.0,0.4922077922077922,0.002067009565928,-0.0020755723223185,-0.0006109172809397
2009-04-09,926.0,942.0,919.0,931.0,168700.0,931.0,899.2,873.3,834.68,924.2266666666668,1113.925,False,False,False,False,False,False,True,False,False,False,False,0.0064446831364124,0.037593984962406,,,0.1034586466165414,0.0072753311851054,0.0504833512352309,0.2792696025778732,-0.0023947949276511,0.3244016947211725,864.0,936.0,0.8902374670184696,0.0030670436574494,0.0010000340915214,0.0004692149740514
2009-04-10,950.0,954.0,916.0,929.0,133000.0,929.0,916.8,879.0,837.36,922.08,1111.95,False,False,False,False,False,False,True,False,False,False,False,0.0193756727664155,0.0419806243272335,,,0.0986437029063509,0.0074488697524219,0.0688912809472551,0.3132400430570506,-0.0023280698710163,0.3273037542662116,879.0,944.0,0.7883817427385892,0.0032005350148085,0.000133491357359,6.672505663478335e-05
2009-04-13,921.0,950.0,921.0,941.0,136000.0,941.0,927.2,887.3,841.32,919.8266666666668,1109.92,False,False,False,False,False,False,True,False,False,False,False,0.0,-0.0191285866099893,,,0.1059298618490966,0.0225008855827132,0.0478214665249734,0.308182784272051,-0.0024497369069533,0.3260453059844471,916.0,936.0,1.0225563909774436,0.0047068891741549,0.0015063541593464,-0.000121667035937
2009-04-14,949.0,951.0,919.0,927.0,75800.0,927.0,924.8,896.0,845.84,918.1066666666668,1107.975,False,False,False,False,False,False,True,False,False,False,False,0.0172599784250269,-0.023732470334412,,,0.0875512405609492,0.009593671341244,0.1197411003236245,0.3247033441208198,-0.0018734206628133,0.320200892857143,945.0,955.0,0.5573529411764706,0.0053438002459093,0.0006369110717544,0.00057631624414
2009-04-15,937.0,954.0,923.0,947.0,107400.0,947.0,935.0,908.2,852.36,916.68,1106.205,False,False,False,False,False,False,True,False,False,False,False,-0.0285110876451953,-0.0179514255543822,,,0.0999366420274551,0.0320168954593453,0.1108764519535374,0.2977824709609292,-0.0015563409986765,0.3102840783968288,959.0,956.0,1.4168865435356202,0.0076493500398892,0.0023055497939798,0.0003170796641367
2009-04-16,961.0,967.0,930.0,937.0,89700.0,937.0,936.2,917.7,859.6,915.1333333333332,1104.33,False,False,False,False,False,False,True,False,False,False,False,0.0309498399146211,0.0053361792956243,,,0.0826040554962646,0.0233368907861972,0.1536819637139808,0.3191035218783351,-0.0016900998033074,0.3065271875340524,921.0,958.0,0.835195530726257,0.0084225221033038,0.0007731720634146,-0.0001337588046308
2009-04-17,957.0,961.0,937.0,947.0,83700.0,947.0,939.8,928.3,867.88,913.2266666666668,1102.475,False,False,False,False,False,False,True,False,False,False,False,0.0221752903907074,0.0369588173178458,,,0.0835480464625132,0.0356634987680392,0.0918690601900739,0.2956705385427666,-0.0020878350756289,0.3010880103414844,953.0,957.0,0.9331103678929766,0.00954048946859,0.0011179673652862,-0.0003977352723215
2009-04-20,950.0,959.0,937.0,941.0,80300.0,941.0,939.8,933.5,874.72,911.4133333333332,1100.325,False,False,False,False,False,False,True,False,False,True,False,-0.0191285866099893,0.0573857598299681,,,0.0704357066950052,0.0314417286574567,0.1115834218916046,0.3007438894792774,-0.0019895839428875,0.3036957686127477,947.0,979.0,0.959378733572282,0.0078196451435888,-0.0017208443250012,9.825113274144082e-05
2009-04-21,940.0,944.0,911.0,943.0,142300.0,943.0,943.0,933.9,880.2,909.6266666666668,1098.34,False,False,False,False,False,False,True,False,False,True,False,-0.0402969247083775,0.0615058324496288,,,0.0665959703075291,0.0353905973842345,0.1431601272534464,0.3096500530222693,-0.0019641757790739,0.3089195845379592,934.0,941.0,1.772104607721046,0.0062258577596001,-0.0015937873839887,2.5408163813636905e-05
2009-04-22,958.0,958.0,914.0,920.0,147000.0,920.0,937.6,936.3,885.2,907.36,1096.35,False,False,False,False,False,False,True,False,False,True,True,0.0108695652173913,0.0478260869565217,,,0.0378260869565216,0.0137391304347825,0.1315217391304347,0.3489130434782608,-0.0024980896961148,0.3096229840862972,899.0,962.0,1.033028812368236,0.0056484410302756,-0.0005774167293244,-0.0005339139170409
2009-04-23,960.0,970.0,947.0,966.0,149200.0,966.0,943.4,939.8,892.32,905.8933333333332,1094.48,False,False,False,False,False,False,True,False,False,False,False,-0.0248447204968944,0.0445134575569358,,,0.0762732919254657,0.0622222222222223,0.1045548654244306,0.2991718426501035,-0.001619027994466,0.3115556501383272,923.0,1020.0,1.014965986394558,0.0079792002868925,0.0023307592566169,0.0008790617016488
2009-04-24,978.0,979.0,951.0,968.0,142800.0,968.0,947.6,943.7,898.76,904.4133333333332,1092.72,False,False,False,False,False,False,True,False,False,True,False,0.0144628099173553,0.0082644628099173,,,0.0715289256198347,0.0656887052341599,0.1291322314049586,0.2995867768595041,-0.0016364199259925,0.3101621277948501,897.0,962.0,0.9571045576407506,0.0071654279229159,-0.0008137723639766,-1.739193152653349e-05
2009-04-27,958.0,962.0,910.0,923.0,144800.0,923.0,944.0,941.9,902.8,902.7333333333332,1090.865,False,True,False,False,False,False,True,False,False,True,False,0.0780065005417118,0.0444203683640303,,,0.0218851570964247,0.0219573853376671,0.161430119176598,0.323943661971831,-0.001861014696108,0.3117103726510246,867.0,992.0,1.0140056022408963,0.0044749667700486,-0.0026904611528672,-0.0002245947701155
2009-04-28,933.0,935.0,904.0,905.0,69500.0,905.0,936.4,939.7,905.68,901.48,1089.105,False,False,False,False,False,False,True,False,False,True,False,0.1060773480662983,0.0707182320441989,,,-0.0007513812154695,0.0038895027624309,0.2232044198895027,0.4353591160220994,-0.001390306311103,0.3223369160370329,853.0,975.0,0.4799723756906077,0.0031799311014927,-0.0012950356685559,0.0004707083850049
2009-04-30,933.0,935.0,912.0,930.0,63800.0,930.0,938.4,938.0,909.64,900.7333333333332,1087.53,False,False,False,False,False,False,True,False,False,False,False,0.0365591397849462,0.0462365591397849,,,0.0218924731182795,0.0314695340501793,0.2075268817204301,0.3870967741935484,-0.0008289541854786,0.3312366737739872,853.0,961.0,0.9179856115107914,0.0043533705641792,0.0011734394626864,0.0005613521256244
2009-05-01,930.0,950.0,930.0,942.0,86400.0,942.0,933.6,938.5,911.96,900.8133333333334,1085.86,False,False,False,False,False,False,True,True,False,True,False,0.0711252653927813,0.0382165605095541,,,0.0318895966029723,0.0437225760792639,0.1740976645435244,0.351380042462845,8.880863219922138e-05,0.3344698987746405,867.0,928.0,1.35423197492163,0.0025439712268082,-0.001809399337371,0.0009177628176778
2009-05-07,978.0,994.0,966.0,982.0,156800.0,982.0,936.4,942.0,916.36,901.32,1084.71,False,False,False,False,False,False,True,True,False,False,True,-0.0061099796334012,0.0112016293279022,,,0.0668431771894093,0.0821588594704683,0.1486761710794297,0.3054989816700611,0.0005621384931729,0.3353503184713376,862.0,965.0,1.8148148148148149,0.0048016063555807,0.0022576351287725,0.0004733298609737
2009-05-08,977.0,1005.0,977.0,995.0,103000.0,995.0,950.8,947.4,921.84,902.1066666666668,1083.565,False,False,False,False,False,False,True,True,False,False,False,-0.0311557788944723,-0.0090452261306532,,,0.0735276381909547,0.0933601340033499,0.1407035175879397,0.3206030150753768,0.0008720328712052,0.3372387587080432,842.0,948.0,0.6568877551020408,0.005944632474182,0.0011430261186013,0.0003098943780322
2009-05-11,996.0,1005.0,996.0,1001.0,56100.0,1001.0,970.0,953.2,928.28,902.72,1082.32,False,False,False,False,False,False,True,True,False,False,False,-0.0319680319680319,0.0369630369630369,,,0.0726473526473526,0.0981818181818181,0.1388611388611388,0.2837162837162837,0.0006794280987828,0.3343474611833823,814.0,924.0,0.5446601941747573,0.0069375619425172,0.0009929294683351,-0.0001926047724224
2009-05-12,1008.0,1024.0,962.0,964.0,113200.0,964.0,976.8,957.6,933.84,902.8266666666668,1080.955,False,False,False,False,False,False,True,True,False,True,False,0.0093360995850622,0.0912863070539419,,,0.0312863070539418,0.063457814661134,0.1545643153526971,0.3215767634854772,0.0001181474480152,0.3316624895572264,784.0,888.0,2.017825311942959,0.0059539107341729,-0.0009836512083443,-0.0005612806507675
2009-05-13,974.0,1015.0,971.0,1009.0,122600.0,1009.0,990.2,961.9,940.52,903.5066666666668,1079.835,False,False,False,False,False,False,True,True,False,False,False,-0.0307234886025768,0.0713577799801783,,,0.0678691774033696,0.1045523620746612,0.1278493557978196,0.2497522299306243,0.0007526231129081,0.3263332986796964,756.0,864.0,1.0830388692579505,0.0071024539616381,0.0011485432274652,0.0006344756648929
2009-05-14,1000.0,1000.0,972.0,976.0,157800.0,976.0,989.0,962.7,945.92,903.76,1078.59,False,False,False,False,False,False,True,True,False,True,False,0.0174180327868852,0.0594262295081967,,,0.0308196721311475,0.0740163934426229,0.1506147540983606,0.3043032786885246,0.0002803104068925,0.3267892385997714,740.0,879.0,1.2871125611745513,0.0057087280108254,-0.0013937259508127,-0.0004723127060156
2009-05-15,986.0,986.0,954.0,964.0,144100.0,964.0,982.8,966.8,948.92,903.56,1077.355,False,False,False,False,False,False,True,False,False,True,True,0.0228215767634854,0.0850622406639004,,,0.0156431535269709,0.0626970954356847,0.183609958506224,0.3246887966804979,-0.0002213466731595,0.3268514687629292,770.0,916.0,0.9131812420785804,0.0031614888504826,-0.0025472391603427,-0.0005016570800521
2009-05-18,964.0,983.0,957.0,969.0,70400.0,969.0,976.4,973.2,950.12,903.9333333333332,1076.13,False,False,False,False,False,False,True,True,False,True,False,0.0712074303405572,0.1124871001031991,,,0.0194840041279669,0.0671482628138976,0.1836945304437564,0.3364293085655315,0.0004130098089828,0.3177147554459515,806.0,945.0,0.4885496183206106,0.0012629983581021,-0.0018984904923804,0.0006343564821423
2009-05-19,989.0,989.0,955.0,973.0,84700.0,973.0,978.2,977.5,953.2,904.08,1075.155,False,False,False,False,False,False,True,True,False,False,False,0.0811921891058581,0.0698869475847893,,,0.0203494347379239,0.0708324768756423,0.1613566289825282,0.2774922918807811,0.0001622275314871,0.3071099744245524,795.0,959.0,1.203125,0.0032312211498112,0.001968222791709,-0.0002507822774957
2009-05-20,975.0,999.0,973.0,978.0,78900.0,978.0,972.0,981.1,955.08,903.52,1074.1,False,False,False,False,False,False,True,False,False,True,False,0.1053169734151329,0.091002044989775,,,0.0234355828220858,0.0761554192229039,0.1451942740286298,0.2678936605316973,-0.0006197981228971,0.2989501579859342,788.0,921.0,0.9315230224321134,0.0019684214934874,-0.0012627996563237,-0.0007820256543842
2009-05-21,980.0,1001.0,958.0,993.0,146400.0,993.0,975.4,982.2,957.64,903.9333333333332,1073.14,False,False,False,False,False,False,True,True,False,False,False,0.0412890231621349,0.1007049345417925,,,0.0356092648539778,0.0896945283652234,0.1238670694864048,0.228600201409869,0.0004572608599452,0.2911830584402362,807.0,953.0,1.855513307984791,0.0026732383776784,0.0007048168841909,0.0010770589828424
2009-05-22,993.0,998.0,977.0,986.0,138300.0,986.0,979.8,981.3,959.44,903.8533333333334,1072.11,False,False,False,False,False,False,True,False,False,True,False,0.0608519269776876,0.0872210953346856,,,0.0269371196754563,0.083313049357674,0.1764705882352941,0.242393509127789,-8.850993524002444e-05,0.2832976663609498,822.0,947.0,0.944672131147541,0.0018760943883933,-0.0007971439892851,-0.0005457707951852
2009-05-25,1026.0,1059.0,1026.0,1038.0,129900.0,1038.0,993.6,985.0,963.88,904.6933333333334,1071.43,False,False,False,False,False,False,True,True,False,False,True,0.0385356454720616,0.0664739884393063,,,0.0714065510597302,0.1284264611432241,0.1242774566473988,0.222543352601156,0.0009284914225078,0.2768527918781726,833.0,934.0,0.9392624728850324,0.0046063825372452,0.0027302881488519,0.0010170013577478
2009-05-26,1058.0,1064.0,1032.0,1052.0,103200.0,1052.0,1009.4,993.8,968.08,905.9066666666666,1070.645,False,False,False,False,False,False,True,True,False,True,False,-0.0104562737642585,0.0674904942965779,,,0.0797718631178706,0.138871989860583,0.1273764258555133,0.1958174904942966,0.0013393579912572,0.2639364057154356,831.0,899.0,0.7944572748267898,0.004338484422775,-0.0002678981144702,0.0004108665687494
2009-05-27,1086.0,1108.0,1070.0,1081.0,197100.0,1081.0,1030.0,1001.0,973.84,907.9466666666668,1070.02,False,False,False,False,False,False,True,True,False,False,False,-0.0129509713228492,0.0231267345050878,,,0.0991304347826086,0.1600863398088188,0.0906567992599444,0.1924144310823311,0.002246828007519,0.2576423576423577,884.0,923.0,1.9098837209302328,0.0059147293189846,0.0015762448962096,0.0009074700162617
2009-05-28,1042.0,1070.0,1032.0,1034.0,137000.0,1034.0,1038.2,1006.8,977.32,908.8666666666668,1068.94,False,False,False,False,False,False,True,True,False,True,False,0.0570599613152804,0.0909090909090909,,,0.0548162475822049,0.1210186976144421,0.1499032882011605,0.2562862669245648,0.0010122496882563,0.2529797377830751,872.0,897.0,0.6950786402841197,0.0035607579912413,-0.0023539713277432,-0.0012345783192626
2009-05-29,1034.0,1046.0,1024.0,1046.0,147800.0,1046.0,1050.2,1015.0,981.52,910.1733333333332,1067.655,False,False,False,False,False,False,True,True,False,False,False,0.0248565965583174,0.0850860420650095,,,0.0616443594646271,0.129853409815169,0.1252390057361376,0.2342256214149139,0.0014356239837097,0.2442364532019705,858.0,867.0,1.0788321167883212,0.0042790773494171,0.0007183193581757,0.0004233742954533
2009-06-01,1050.0,1094.0,1050.0,1078.0,128400.0,1078.0,1058.2,1025.9,986.92,912.2266666666668,1066.795,False,False,False,False,False,False,True,True,False,False,False,0.0269016697588126,0.0575139146567718,,,0.0844897959183673,0.1537786023500308,0.098330241187384,0.1697588126159554,0.0022509025534592,0.2277025051174577,840.0,853.0,0.8687415426251691,0.0054715681108904,0.0011924907614732,0.0008152785697494
2009-06-02,1098.0,1100.0,1041.0,1041.0,142100.0,1041.0,1056.0,1032.7,991.76,914.2666666666668,1065.52,False,False,False,False,False,False,True,True,False,True,False,0.0787704130643612,0.069164265129683,,,0.0473006724303554,0.1217419148254882,0.1402497598463016,0.1940441882804995,0.0022312964853434,0.2196184758400309,825.0,853.0,1.1066978193146415,0.0048802129547471,-0.0005913551561432,-1.960606811585164e-05
2009-06-03,1065.0,1076.0,1053.0,1067.0,196000.0,1067.0,1053.2,1041.6,995.8,916.9733333333334,1064.29,False,False,False,False,False,False,True,True,False,True,False,0.0365510777881911,0.0665417057169634,,,0.0667291471415183,0.1406060606060606,0.0749765698219306,0.1808809746954076,0.0029517397816002,0.2111175115207374,842.0,867.0,1.3793103448275863,0.0040570395661779,-0.0008231733885692,0.0007204432962568
2009-06-04,1053.0,1095.0,1053.0,1093.0,136500.0,1093.0,1065.0,1051.6,1000.8,919.8266666666668,1063.085,False,False,False,False,False,False,True,True,False,False,False,0.0320219579139981,0.0274473924977127,,,0.0843549862763037,0.1584385483379077,0.0484903934126258,0.1701738334858188,0.0031020337164974,0.2052111068847472,841.0,862.0,0.6964285714285714,0.004996003197442,0.0009389636312641,0.0001502939348971
2009-06-05,1090.0,1093.0,1067.0,1072.0,136300.0,1072.0,1070.2,1060.2,1006.76,921.9066666666666,1061.78,False,False,False,False,False,False,True,True,False,False,False,0.0587686567164179,0.064365671641791,,,0.0608582089552238,0.1400124378109453,0.0708955223880597,0.1968283582089552,0.00225619368555,0.2009054895302773,889.0,842.0,0.9985347985347984,0.0059199809289205,0.0009239777314784,-0.0008458400309474
2009-06-08,1082.0,1109.0,1078.0,1107.0,138400.0,1107.0,1076.0,1067.1,1014.84,924.0666666666668,1060.65,False,False,False,False,False,False,True,True,False,False,False,0.029810298102981,0.03613369467028,,,0.0832520325203251,0.1652514302920805,-0.019873532068654,0.1607949412827461,0.0023374936873243,0.1946396776309625,939.0,814.0,1.0154071900220103,0.007961846202357,0.0020418652734365,8.13000017743236e-05
2009-06-09,1119.0,1148.0,1110.0,1123.0,206000.0,1123.0,1092.4,1074.2,1022.56,926.2533333333332,1059.445,False,False,False,False,False,False,True,True,False,True,False,-0.0089047195013357,0.0062333036509349,,,0.0894390026714159,0.1751973879489463,-0.0124666073018699,0.0943900267141585,0.0023607652334131,0.184043939676038,896.0,784.0,1.4884393063583814,0.0075496792364261,-0.0004121669659309,2.3271546088801404e-05
2009-06-10,1135.0,1135.0,1082.0,1106.0,288200.0,1106.0,1100.2,1076.7,1029.12,928.72,1058.51,False,False,False,False,False,False,True,True,False,True,False,0.0289330922242314,0.0126582278481012,,,0.0695117540687162,0.1602893309222423,0.0,0.1012658227848101,0.0026559852987626,0.1747004736695457,931.0,756.0,1.3990291262135923,0.0063743781094526,-0.0011753011269734,0.0002952200653494
2009-06-11,1120.0,1138.0,1111.0,1128.0,91300.0,1128.0,1107.2,1086.1,1034.96,931.0533333333332,1057.3,False,False,False,False,False,False,True,True,False,True,False,-0.0044326241134751,-0.0106382978723404,,,0.082482269503546,0.174598108747045,-0.0079787234042553,0.0842198581560283,0.0025061220982684,0.1575361384771201,929.0,740.0,0.3167938931297709,0.0056427301538225,-0.0007316479556301,-0.0001498632004941
2009-06-12,1101.0,1142.0,1100.0,1135.0,231300.0,1135.0,1119.8,1095.0,1040.56,933.56,1056.28,False,False,False,False,False,False,True,True,False,True,False,0.0052863436123348,0.0220264317180616,,,0.0832070484581498,0.1774801762114538,-0.0026431718061674,0.0748898678414096,0.0026850621991803,0.1416438356164382,941.0,770.0,2.533406352683461,0.0053817175367109,-0.0002610126171115,0.0001789401009118
2009-06-15,1128.0,1145.0,1123.0,1140.0,78000.0,1140.0,1126.4,1101.2,1046.12,936.3066666666666,1055.145,False,False,False,False,False,False,True,True,False,True,False,0.0061403508771929,0.0236842105263157,,,0.0823508771929825,0.1786783625730994,0.0219298245614035,0.0166666666666666,0.0029335118123691,0.1259535052669815,927.0,806.0,0.3372243839169909,0.0053148778342828,-6.683970242809222e-05,0.0002484496131888
2009-06-16,1133.0,1133.0,1092.0,1113.0,74900.0,1113.0,1124.4,1108.4,1052.08,939.16,1053.895,False,False,False,False,False,False,True,True,False,False,False,0.0152740341419586,0.0655884995507637,,,0.0547349505840072,0.1561904761904762,0.0404312668463611,0.054806828391734,0.0030381759586581,0.112414290869722,947.0,795.0,0.9602564102564104,0.0056649684434644,0.0003500906091815,0.0001046641462889
2009-06-17,1113.0,1142.0,1112.0,1138.0,128100.0,1138.0,1130.8,1115.5,1057.24,942.0266666666666,1052.835,False,False,False,False,False,False,True,True,False,True,False,-0.015817223198594,0.0360281195079086,,,0.0709666080843585,0.1722085530169889,0.0070298769771528,0.0123022847100175,0.0030430844137462,0.0956521739130435,937.0,788.0,1.7102803738317758,0.0048806325905187,-0.0007843358529456,4.908455088144768e-06
2009-06-18,1132.0,1142.0,1118.0,1123.0,141600.0,1123.0,1129.8,1118.5,1063.12,945.04,1051.7,False,False,False,False,False,False,True,True,False,False,False,-0.0062333036509349,0.0587711487088156,,,0.0533214603739983,0.1584683882457702,0.0142475512021371,0.0222617987533392,0.0031885775558,0.0810013410818059,947.0,807.0,1.1053864168618266,0.0055308902099479,0.0006502576194291,0.0001454931420538
2009-06-19,1162.0,1167.0,1123.0,1141.0,109200.0,1141.0,1131.0,1125.4,1070.2,948.6933333333334,1050.63,False,False,False,False,False,False,True,True,False,False,False,0.0166520595968448,0.0315512708150744,,,0.0620508326029798,0.1685422144317849,-0.0078878177037686,0.0113935144609991,0.0038509107263324,0.0629109649902256,941.0,822.0,0.7711864406779662,0.0066155858717998,0.0010846956618518,0.0006623331705323
2009-06-22,1161.0,1161.0,1141.0,1147.0,101600.0,1147.0,1132.4,1129.4,1077.32,952.6133333333332,1049.63,False,False,False,False,False,False,True,True,False,True,False,0.01743679163034,0.032258064516129,,,0.0607497820401046,0.1694739901191515,0.029642545771578,0.002615518744551,0.0041149959409902,0.0471931999291658,943.0,833.0,0.9304029304029304,0.0066089926855529,-6.59318624686954e-06,0.0002640852146577
2009-06-23,1135.0,1145.0,1115.0,1130.0,92700.0,1130.0,1135.8,1130.1,1083.6,956.3066666666666,1048.455,False,False,False,False,False,False,True,True,False,True,False,0.0495575221238938,0.0504424778761061,,,0.0410619469026549,0.1537109144542773,0.0646017699115044,0.0238938053097345,0.0038620805041618,0.0401734359791169,920.0,831.0,0.9124015748031497,0.0057954964931708,-0.000813496192382,-0.0002529154368283
2009-06-24,1149.0,1157.0,1115.0,1120.0,123700.0,1120.0,1132.2,1131.5,1089.28,959.68,1047.09,False,False,False,False,False,False,True,True,False,True,False,0.0526785714285714,0.0241071428571428,,,0.0274285714285714,0.1431428571428571,0.0633928571428571,0.0223214285714285,0.0035150605757474,0.0324348210340256,966.0,884.0,1.3344120819848977,0.0052144535840188,-0.000581042909152,-0.0003470199284144
2009-06-25,1111.0,1139.0,1111.0,1116.0,183600.0,1116.0,1130.8,1130.3,1094.2,963.0666666666668,1045.655,False,False,False,False,False,False,True,True,False,True,False,0.0654121863799283,0.0268817204301075,,,0.0195340501792114,0.1370370370370368,0.0931899641577061,0.028673835125448,0.0035165443721447,0.0268955144651863,968.0,872.0,1.4842360549717055,0.0044964357521477,-0.0007180178318711,1.4837963972897349e-06
2009-06-26,1149.0,1177.0,1134.0,1160.0,192300.0,1160.0,1134.6,1132.8,1101.16,967.3066666666666,1044.47,False,False,False,False,False,False,True,True,False,False,True,0.0146551724137931,-0.0103448275862068,,,0.0507241379310344,0.1661149425287356,0.0612068965517241,-0.0103448275862068,0.0043833048464462,0.0182733050847458,923.0,858.0,1.0473856209150327,0.0063206073595118,0.001824171607364,0.0008667604743015
2009-06-29,1191.0,1197.0,1155.0,1167.0,102100.0,1167.0,1138.6,1135.5,1106.32,972.0133333333332,1043.165,False,False,False,False,False,False,True,True,False,True,False,0.014567266495287,-0.0702656383890317,,,0.0519965724078835,0.1670836903741789,0.0522707797772065,-0.0239931448157669,0.0048421832347978,0.0140907089387934,905.0,840.0,0.530941237649506,0.0046641116494322,-0.0016564957100795,0.0004588783883515
2009-06-30,1187.0,1194.0,1180.0,1186.0,67600.0,1186.0,1149.8,1142.8,1111.68,977.3733333333332,1042.165,False,False,False,False,False,False,True,True,False,False,False,0.0008431703204047,-0.0649241146711635,,,0.0626644182124788,0.1759078133783025,0.036256323777403,-0.0311973018549747,0.005484086599457,0.0054252712635632,930.0,825.0,0.6620959843290891,0.0048215313759356,0.0001574197265034,0.0006419033646592
2009-07-01,1150.0,1183.0,1150.0,1179.0,224800.0,1179.0,1161.6,1146.9,1115.6,983.0133333333332,1041.16,False,False,False,False,False,False,True,True,False,True,False,-0.0271416454622561,-0.0619168787107718,,,0.053774385072095,0.1662312694373764,0.0483460559796437,-0.0296861747243426,0.0057374603260722,0.001133490278141,942.0,842.0,3.3254437869822486,0.0035138042309069,-0.0013077271450286,0.0002533737266151
2009-07-02,1187.0,1208.0,1182.0,1189.0,103800.0,1189.0,1176.2,1153.5,1121.8,989.0,1040.115,False,False,False,False,False,False,True,True,False,False,False,-0.0361648444070647,-0.0588730025231286,,,0.0565180824222035,0.1682085786375105,0.031959629941127,-0.0344827586206896,0.0060532524435457,-0.0045947117468573,982.0,841.0,0.4617437722419928,0.00552683187734,0.002013027646433,0.0003157921174735
2009-07-03,1175.0,1183.0,1155.0,1177.0,112800.0,1177.0,1179.6,1157.1,1127.04,994.4266666666666,1039.18,False,False,False,False,False,False,True,True,False,True,False,-0.0246389124893797,-0.038232795242141,,,0.042446898895497,0.1551175304446332,0.0399320305862361,-0.0467289719626168,0.005457080796975,-0.0104571774263243,995.0,889.0,1.0867052023121386,0.0046493469619534,-0.0008774849153865,-0.0005961716465707
2009-07-06,1173.0,1188.0,1168.0,1184.0,96600.0,1184.0,1183.0,1160.8,1131.28,999.4666666666668,1038.445,False,False,False,False,False,False,True,True,False,True,False,-0.0836148648648648,-0.0160472972972972,,,0.044527027027027,0.1558558558558557,0.0430743243243243,-0.0380067567567567,0.0050426894343651,-0.0145589248793934,1001.0,939.0,0.8563829787234043,0.003747966904745,-0.0009013800572083,-0.0004143913626099
2009-07-07,1197.0,1208.0,1173.0,1187.0,162100.0,1187.0,1183.2,1166.5,1137.12,1004.6933333333334,1037.6,False,False,False,False,False,False,True,True,False,False,False,-0.0657118786857624,-0.0244313395113732,,,0.042021903959562,0.1535860713282785,0.0454928390901432,-0.071609098567818,0.0052022507697206,-0.0240891555936561,964.0,896.0,1.6780538302277432,0.0051357816237511,0.001387814719006,0.0001595613353555
2009-07-08,1184.0,1184.0,1141.0,1147.0,150000.0,1147.0,1176.8,1169.2,1140.32,1009.48,1036.825,False,False,False,False,False,False,True,True,False,True,False,-0.035745422842197,-0.000871839581517,,,0.0058238884045336,0.1198953792502179,0.094158674803836,-0.041848299912816,0.0047417152065089,-0.0302771125555936,1009.0,931.0,0.9253547193090684,0.0028062298302231,-0.002329551793528,-0.0004605355632117
2009-07-09,1167.0,1174.0,1145.0,1146.0,129600.0,1146.0,1168.2,1172.2,1142.44,1014.0,1035.975,False,False,False,False,False,False,True,True,False,True,False,-0.0235602094240837,-0.0061082024432809,,,0.0031064572425828,0.1151832460732984,0.0977312390924956,-0.0183246073298429,0.0044575936883629,-0.0347210373656373,976.0,929.0,0.864,0.0018556773222227,-0.0009505525080004,-0.000284121518146
2009-07-10,1166.0,1166.0,1142.0,1148.0,135600.0,1148.0,1162.4,1171.0,1145.48,1018.3466666666668,1035.25,False,False,False,False,False,False,True,True,False,False,False,-0.0139372822299651,-0.0139372822299651,,,0.0021951219512194,0.1129384436701508,0.0644599303135888,-0.0331010452961672,0.0042683565517965,-0.0369769427839453,964.0,941.0,1.0462962962962965,0.0026539092782064,0.0007982319559837,-0.0001892371365663
2009-07-13,1140.0,1144.0,1072.0,1085.0,128700.0,1085.0,1142.6,1162.8,1144.6,1021.7066666666668,1034.005,False,False,False,False,False,False,False,True,False,True,False,0.0737327188940092,0.088479262672811,,,-0.0549308755760367,0.0583348694316434,0.1972350230414746,0.0248847926267281,0.0032886151276296,-0.0325077399380804,969.0,927.0,0.9491150442477876,-0.0007688275380046,-0.0034227368162111,-0.0009797414241669
2009-07-14,1110.0,1125.0,1098.0,1109.0,131300.0,1109.0,1127.0,1155.1,1144.04,1025.4133333333334,1032.785,False,False,False,False,False,False,False,True,False,False,False,0.0441839495040577,0.084761045987376,,,-0.0315960324616771,0.075371205290051,0.163210099188458,0.0018034265103697,0.0036148024861518,-0.0293481083888839,973.0,947.0,1.02020202020202,-0.0004894933743574,0.0002793341636471,0.0003261873585222
2009-07-15,1105.0,1117.0,1090.0,1106.0,151700.0,1106.0,1118.8,1147.8,1144.04,1028.3733333333332,1031.37,False,False,False,False,False,False,False,True,False,False,False,0.0361663652802893,0.0768535262206148,,,-0.0343942133815551,0.0701868595539482,0.1509945750452079,0.0018083182640144,0.0028783321232235,-0.0263112040425161,978.0,937.0,1.1553693830921554,0.0,0.0004894933743574,-0.0007364703629283
2009-07-16,1140.0,1140.0,1101.0,1119.0,76800.0,1119.0,1113.4,1140.8,1143.68,1031.6666666666667,1030.08,False,False,False,False,False,False,False,True,False,True,False,0.0178731009830205,0.0902591599642538,,,-0.0220554066130474,0.078045874292523,0.1456657730116175,-0.0062555853440571,0.0031922455573507,-0.0234922861150069,993.0,947.0,0.5062623599208965,-0.0003147733631784,-0.0003147733631784,0.0003139134341272
2009-07-17,1101.0,1141.0,1101.0,1132.0,137100.0,1132.0,1110.2,1136.3,1143.56,1035.32,1029.085,False,False,False,False,False,False,False,True,False,False,False,0.0,0.0874558303886925,,,-0.0102120141342755,0.0854063604240283,0.1607773851590106,0.0353356890459364,0.0035286996612962,-0.015224852591745,986.0,941.0,1.78515625,-0.0001049354646893,0.0002098378984891,0.0003364541039454
2009-07-21,1122.0,1169.0,1122.0,1165.0,153500.0,1165.0,1126.2,1134.4,1144.56,1039.6533333333334,1028.16,False,False,False,True,True,False,True,True,False,False,False,0.0137339055793991,0.0540772532188841,,,0.0175450643776824,0.107593705293276,0.1030042918454935,0.0,0.004168056018673,-0.0112834978843443,1038.0,943.0,1.1196207148067103,0.0008736981896973,0.0009786336543866,0.0006393563573768
2009-07-22,1176.0,1177.0,1154.0,1158.0,48900.0,1158.0,1136.0,1131.5,1146.36,1044.0933333333332,1027.11,False,False,False,False,False,False,True,True,True,False,False,0.038860103626943,0.0613126079447323,,,0.0100518134715026,0.0983649971214738,0.1001727115716753,-0.0241796200345423,0.0042524933913952,-0.0062748563853291,1052.0,920.0,0.3185667752442996,0.0015701873756934,0.0006964891859961,8.443737272220437e-05
2009-07-23,1138.0,1167.0,1138.0,1146.0,99500.0,1146.0,1144.0,1131.4,1146.68,1048.1466666666668,1025.82,False,False,False,False,False,False,True,True,False,True,False,0.0392670157068062,0.0785340314136125,,,-0.0005933682373473,0.0853868528214077,0.100349040139616,-0.0261780104712041,0.0038671432751143,-0.0046844617288316,1081.0,966.0,2.034764826175869,0.0002790665224824,-0.001291120853211,-0.0003853501162809
2009-07-24,1137.0,1153.0,1125.0,1139.0,181200.0,1139.0,1148.0,1130.7,1147.32,1052.12,1024.63,False,False,False,False,False,False,True,True,False,False,False,0.0711150131694468,0.0772607550482879,,,-0.0073046532045653,0.0762774363476734,0.1176470588235294,-0.0237050043898156,0.0037765020466611,-0.0052180065446184,1034.0,968.0,1.821105527638191,0.000557821706237,0.0002787551837545,-9.06412284531889e-05
2009-07-27,1135.0,1158.0,1125.0,1132.0,160000.0,1132.0,1148.0,1129.1,1146.96,1055.36,1023.33,False,False,False,False,False,False,False,True,False,True,False,0.0874558303886925,0.0812720848056537,,,-0.0132155477031802,0.0677031802120142,0.1280918727915194,-0.023851590106007,0.0030700424499696,-0.0042511735010184,1046.0,923.0,0.8830022075055187,-0.000313873195229,-0.000871694901466,-0.0007064595966914
2009-07-28,1148.0,1182.0,1140.0,1181.0,125100.0,1181.0,1151.2,1138.7,1148.32,1058.5866666666666,1022.6,False,False,False,True,True,False,True,True,True,False,True,0.0397967823878069,0.0457239627434377,,,0.0276714648602879,0.103652272085803,0.0965283657917019,-0.0897544453852667,0.0030480892762677,-0.0158953192236762,1078.0,905.0,0.781875,0.0011843388602479,0.0014982120554769,-2.195317370193945e-05
2009-07-29,1190.0,1208.0,1177.0,1203.0,110700.0,1203.0,1160.2,1148.1,1151.24,1062.68,1022.16,False,False,False,False,False,False,True,True,False,False,False,0.0216126350789692,0.0315876974231088,,,0.0430257689110556,0.1166417290108062,0.0332502078137988,-0.1163757273482959,0.0038518964630307,-0.0281334378538454,1041.0,930.0,0.8848920863309353,0.0025363955387235,0.0013520566784755,0.0008038071867629
2009-07-30,1191.0,1199.0,1178.0,1191.0,82400.0,1191.0,1169.2,1156.6,1154.08,1066.1466666666668,1021.885,False,False,False,False,False,False,True,True,False,True,False,0.0377833753148614,0.0537363560033585,,,0.0309991603694375,0.1048306745032185,0.0411418975650713,-0.1150293870696893,0.0032515851477595,-0.0399446653985818,1067.0,942.0,0.7443541102077688,0.0024608346041868,-7.556093453671246e-05,-0.0006003113152711
2009-07-31,1203.0,1222.0,1195.0,1220.0,85000.0,1220.0,1185.4,1166.7,1158.24,1070.0266666666666,1021.835,False,False,False,False,False,False,True,True,False,False,False,0.0057377049180327,0.0311475409836065,,,0.0506229508196721,0.1229289617486339,0.0,-0.1360655737704918,0.0036260778547574,-0.0532270506556956,1093.0,982.0,1.0315533980582523,0.0035916563061197,0.0011308217019328,0.0003744927069978
2009-08-03,1220.0,1234.0,1220.0,1231.0,53300.0,1231.0,1205.2,1176.6,1161.08,1073.8933333333334,1022.02,False,False,False,False,False,False,True,True,False,True,False,-0.0056864337936636,-0.0073111291632818,,,0.0567993501218522,0.1276252369347413,-0.0048740861088545,-0.1567831031681559,0.003600605895061,-0.0725820159782422,1072.0,995.0,0.6270588235294118,0.0024459985530712,-0.0011456577530484,-2.547195969632892e-05
2009-08-04,1249.0,1249.0,1223.0,1228.0,60900.0,1228.0,1214.6,1182.9,1163.52,1077.9066666666668,1022.46,False,False,False,False,False,False,True,True,False,True,False,0.005700325732899,0.0578175895765472,,,0.0525081433224755,0.1222258414766557,0.0333876221498371,-0.1262214983713355,0.0037232660836435,-0.0852988418294023,1107.0,1001.0,1.1425891181988743,0.0020970847084708,-0.0003489138446003,0.0001226601885825
2009-08-05,1231.0,1237.0,1216.0,1229.0,40700.0,1229.0,1219.8,1190.0,1165.24,1081.6666666666667,1023.135,False,False,False,False,False,False,True,True,False,True,False,0.0097640358014646,0.049633848657445,,,0.0518795768917819,0.1198806617846487,0.0235964198535394,-0.0903173311635475,0.0034761171032357,-0.0917647058823529,1123.0,964.0,0.6683087027914614,0.001476090762418,-0.0006209939460528,-0.0002471489804078
2009-08-06,1212.0,1247.0,1204.0,1236.0,169500.0,1236.0,1228.8,1199.0,1167.52,1085.6533333333334,1023.665,False,False,False,False,False,False,True,True,False,False,False,0.0153721682847896,0.0299352750809061,,,0.0554045307443365,0.1216396979503774,0.0428802588996763,-0.1351132686084142,0.0036721359795637,-0.1025020850708924,1106.0,1009.0,4.164619164619165,0.0019528573386322,0.0004767665762142,0.000196018876328
2009-08-07,1216.0,1234.0,1212.0,1227.0,59200.0,1227.0,1230.2,1207.8,1169.04,1089.3866666666668,1024.635,False,False,False,False,False,False,True,True,False,True,False,0.0252648736756316,0.0448247758761206,,,0.0472371638141809,0.1121543058951371,0.0586797066014669,-0.1303993480032599,0.0034270047978067,-0.1127670144063587,1128.0,976.0,0.3492625368731563,0.0013002121398754,-0.0006526451987568,-0.000245131181757
2009-08-10,1207.0,1236.0,1207.0,1224.0,83500.0,1224.0,1228.8,1217.0,1170.92,1093.16,1025.005,False,False,False,False,False,False,True,True,False,False,False,-0.0016339869281045,0.0735294117647058,,,0.0433660130718953,0.1068954248366012,0.0547385620915032,-0.1053921568627451,0.003451766743508,-0.1202958093672967,1135.0,964.0,1.410472972972973,0.0016055751033376,0.0003053629634622,2.4761945701366923e-05
2009-08-11,1215.0,1242.0,1212.0,1235.0,69900.0,1235.0,1230.2,1222.4,1172.96,1097.0533333333333,1025.01,False,False,False,False,False,False,True,True,False,False,False,0.0518218623481781,0.0404858299595141,,,0.0502348178137651,0.111697705802969,0.0210526315789473,-0.1303643724696356,0.0035489006915493,-0.1242637434554974,1140.0,969.0,0.837125748502994,0.0017391897421906,0.000133614638853,9.7133948041268e-05
2009-08-12,1215.0,1254.0,1215.0,1241.0,85600.0,1241.0,1232.6,1226.2,1175.12,1101.3333333333333,1025.465,False,False,False,False,False,False,True,True,False,False,False,0.0394842868654311,0.0265914585012087,,,0.0530862207896858,0.1125436475960247,0.0016116035455278,-0.1152296535052377,0.0038861985472154,-0.1241233077801337,1113.0,973.0,1.2246065808297568,0.0018381101504525,9.892040826193008e-05,0.0003372978556661
2009-08-13,1250.0,1255.0,1241.0,1255.0,84300.0,1255.0,1236.4,1232.6,1179.44,1105.1866666666667,1025.57,False,False,False,False,False,False,True,True,False,False,False,0.0143426294820717,0.0047808764940239,,,0.0602071713147409,0.1193731739707834,0.0039840637450199,-0.1330677290836653,0.003486590500549,-0.1259127048515332,1138.0,978.0,0.9848130841121496,0.0036627552058605,0.0018246450554079,-0.0003996080466664
2009-08-14,1256.0,1268.0,1249.0,1258.0,105900.0,1258.0,1242.6,1236.4,1183.92,1109.0533333333333,1025.83,False,False,False,False,False,False,True,True,False,False,False,0.0190779014308426,0.0119236883942766,,,0.0588871224165341,0.1183995760466349,0.0166931637519872,-0.1263910969793322,0.0034864569182124,-0.1249595600129407,1123.0,993.0,1.2562277580071175,0.0037840394621258,0.0001212842562652,-1.335823366132097e-07
2009-08-17,1259.0,1265.0,1219.0,1222.0,125300.0,1222.0,1242.2,1235.5,1186.88,1113.04,1025.805,False,False,False,False,False,False,True,True,False,True,False,0.0752864157119476,0.0450081833060556,,,0.0287397708674303,0.089165302782324,0.0499181669394435,-0.0932896890343698,0.0035817820264021,-0.1186564144071225,1141.0,986.0,1.1831916902738433,0.002493933674845,-0.0012901057872808,9.53251081897426e-05
2009-08-18,1212.0,1299.0,1203.0,1299.0,199700.0,1299.0,1255.0,1242.6,1195.44,1118.2933333333333,1026.57,False,False,False,False,False,False,True,True,False,False,True,-0.0107775211701308,-0.0030792917628945,,,0.0797228637413394,0.1391121375416987,-0.0107775211701308,-0.1608929946112394,0.0046976344906524,-0.1223241590214067,1147.0,1038.0,1.5937749401436552,0.0071605433982466,0.0046666097234016,0.0011158524642502
2009-08-19,1319.0,1328.0,1281.0,1290.0,128200.0,1290.0,1264.8,1248.7,1202.68,1123.0933333333332,1027.77,False,False,False,False,False,False,True,True,False,True,False,-0.0124031007751937,-0.0364341085271317,,,0.0676899224806201,0.1293850129198967,-0.0472868217054263,-0.1682170542635659,0.0042739101529109,-0.1302154240410027,1130.0,1052.0,0.6419629444166249,0.006019888914757,-0.0011406544834895,-0.0004237243377414
2009-08-20,1283.0,1283.0,1263.0,1273.0,84600.0,1273.0,1268.4,1252.4,1209.36,1127.506666666667,1028.735,False,False,False,False,False,False,True,True,False,True,False,-0.00942655145326,-0.025923016496465,,,0.0499921445404556,0.1142916993977479,-0.0432050274941084,-0.1492537313432835,0.003914241453118,-0.1316671989779623,1120.0,1081.0,0.6599063962558502,0.0055235827214393,-0.0004963061933177,-0.0003596686997929
2009-08-21,1262.0,1284.0,1257.0,1282.0,75800.0,1282.0,1273.2,1257.9,1215.88,1131.506666666667,1030.29,False,False,False,False,False,False,True,True,False,True,False,-0.0070202808112324,-0.0483619344773791,,,0.0515756630265209,0.117389495579823,-0.0460218408736349,-0.1599063962558502,0.0035351095294769,-0.1346688925987758,1116.0,1034.0,0.8959810874704491,0.0053623712866403,-0.000161211434799,-0.0003791319236411
2009-08-24,1310.0,1338.0,1302.0,1314.0,110100.0,1314.0,1291.6,1266.9,1223.16,1135.76,1031.505,False,False,False,False,False,False,True,True,False,False,False,-0.0281582952815829,-0.0677321156773211,,,0.0691324200913241,0.1356468797564688,-0.0715372907153729,-0.1856925418569254,0.0037449226362375,-0.1427894861472887,1160.0,1046.0,1.4525065963060686,0.0059517969848588,0.0005894256982185,0.0002098131067605
2009-08-25,1294.0,1303.0,1263.0,1285.0,122600.0,1285.0,1288.8,1271.9,1227.96,1139.5466666666666,1031.79,False,False,False,False,False,False,True,True,False,True,False,0.0077821011673151,-0.0124513618677042,,,0.0443891050583657,0.1131932555123216,-0.0980544747081712,-0.1712062256809338,0.0033229588374324,-0.146866892051262,1167.0,1078.0,1.1135331516802909,0.0039089221147268,-0.002042874870132,-0.000421963798805
2009-08-26,1282.0,1301.0,1241.0,1274.0,198600.0,1274.0,1285.6,1275.2,1232.6,1143.68,1032.005,False,False,False,False,False,False,True,True,False,True,False,-0.0243328100470957,-0.0125588697017268,,,0.0324960753532182,0.1022919937205651,-0.0784929356357927,-0.1467817896389324,0.0036140645401978,-0.1499372647427855,1186.0,1041.0,1.6199021207177815,0.003764400454324,-0.0001445216604027,0.0002911057027654
2009-08-27,1292.0,1292.0,1250.0,1261.0,98800.0,1261.0,1283.2,1275.8,1237.2,1147.04,1032.805,False,False,False,False,False,False,True,True,False,True,False,-0.0166534496431403,0.0222045995241871,,,0.018873909595559,0.0903727200634417,-0.0864393338620142,-0.1379857256145916,0.0029292788394475,-0.1504154256153001,1179.0,1067.0,0.4974823766364551,0.0037180730682186,-4.632738610542159e-05,-0.0006847857007502
2009-08-28,1280.0,1280.0,1260.0,1273.0,63500.0,1273.0,1281.4,1277.3,1242.56,1151.0,1033.29,False,False,False,False,False,False,True,True,False,False,False,-0.0416339355852317,0.0204241948153967,,,0.0239120188531029,0.0958366064414768,-0.0981932443047918,-0.1476826394344069,0.0034404865334492,-0.1525091990918343,1189.0,1093.0,0.6427125506072875,0.0043136749935615,0.0005956019253429,0.0005112076940016
2009-08-31,1266.0,1291.0,1266.0,1277.0,72400.0,1277.0,1274.0,1282.8,1248.36,1155.1733333333334,1033.38,False,False,False,False,False,False,True,True,False,False,False,-0.0407204385277995,0.0109631949882537,,,0.0224275646045419,0.0954006786739754,-0.0963194988253719,-0.1574001566170712,0.0036127334426003,-0.158637355784222,1177.0,1072.0,1.1401574803149606,0.0046460956775288,0.0003324206839672,0.000172246909151
2009-09-01,1297.0,1323.0,1285.0,1295.0,117000.0,1295.0,1276.0,1282.4,1252.92,1159.52,1033.805,False,False,False,False,False,False,True,True,False,True,False,-0.02007722007722,-0.0262548262548262,,,0.0324942084942084,0.1046177606177606,-0.1119691119691119,-0.1814671814671814,0.0037486776137251,-0.1607142857142858,1184.0,1107.0,1.6160220994475138,0.0036394981323629,-0.0010065975451659,0.0001359441711248
2009-09-02,1263.0,1266.0,1235.0,1243.0,112400.0,1243.0,1269.8,1277.7,1254.52,1163.12,1033.905,False,False,False,False,False,False,True,True,False,True,False,0.0120675784392598,0.0,,,-0.0092679002413515,0.0642638777152052,-0.0691874497184231,-0.1472244569589702,0.0030951234610357,-0.1586444392267355,1187.0,1123.0,0.9606837606837608,0.0012753881962821,-0.0023641099360807,-0.0006535541526893
2009-09-03,1244.0,1252.0,1238.0,1240.0,92800.0,1240.0,1265.6,1274.4,1256.48,1166.6133333333332,1034.225,False,False,False,False,False,False,True,True,False,False,False,0.039516129032258,0.0161290322580645,,,-0.0132903225806451,0.0591827956989248,-0.0766129032258064,-0.1346774193548387,0.0029944226021761,-0.1572504708097929,1147.0,1106.0,0.8256227758007118,0.0015599134088883,0.0002845252126061,-0.0001007008588596
2009-09-04,1241.0,1242.0,1216.0,1220.0,90400.0,1220.0,1255.0,1268.2,1256.48,1169.64,1034.79,False,False,False,False,False,False,False,True,False,True,False,0.0647540983606557,0.0483606557377049,,,-0.0299016393442623,0.04127868852459,-0.0590163934426229,-0.1237704918032786,0.0025876907994484,-0.1537612363980444,1146.0,1128.0,0.9741379310344828,0.0,-0.0015599134088883,-0.0004067318027276
2009-09-07,1228.0,1235.0,1217.0,1225.0,67800.0,1225.0,1244.6,1259.3,1256.24,1172.8266666666666,1035.66,False,False,False,False,False,False,False,True,False,True,False,0.0538775510204081,0.0473469387755102,,,-0.0255020408163265,0.0425904761904762,-0.0628571428571428,-0.08,0.0027170823764806,-0.143254188835067,1148.0,1135.0,0.75,-0.0001910462968859,-0.0001910462968859,0.0001293915770321
2009-09-08,1235.0,1278.0,1224.0,1269.0,152400.0,1269.0,1239.4,1257.7,1257.88,1175.9066666666668,1037.055,False,False,False,True,True,False,True,True,True,False,False,-0.0063041765169424,0.0126083530338849,,,0.0087628053585499,0.0733596007354872,-0.1024428684003152,-0.1371158392434988,0.0026192554964681,-0.1397789615965651,1085.0,1140.0,2.247787610619469,0.0013037809647979,0.0014948272616839,-9.782688001250348e-05
2009-09-09,1255.0,1265.0,1238.0,1258.0,154400.0,1258.0,1242.4,1256.1,1259.04,1178.6533333333334,1038.45,False,False,False,False,False,False,True,True,False,True,False,-0.0119236883942766,-0.0230524642289348,,,-0.0008267090620031,0.0630736618971912,-0.0866454689984101,-0.1271860095389507,0.0023303431034287,-0.1378074994029137,1109.0,1113.0,1.0131233595800524,0.0009213368915998,-0.0003824440731981,-0.0002889123930393
2009-09-10,1245.0,1293.0,1240.0,1289.0,209800.0,1289.0,1252.2,1258.9,1261.16,1181.4266666666667,1039.88,False,False,False,False,False,False,True,True,True,False,True,-0.0224980605120248,-0.0550814584949573,,,0.0215981380915437,0.0834548745797775,-0.1124903025601241,-0.138867339022498,0.0023474443328405,-0.1378981650647391,1106.0,1138.0,1.3588082901554404,0.0016809921025088,0.000759655210909,1.7101229411728164e-05
2009-09-11,1299.0,1310.0,1286.0,1299.0,143000.0,1299.0,1268.0,1261.5,1264.04,1184.96,1041.38,False,False,False,False,False,False,True,True,False,False,False,-0.0153964588144726,-0.0585065434949961,,,0.0269130100076982,0.0877906081601231,-0.1162432640492686,-0.1447267128560431,0.0029818165451435,-0.1376139516448671,1119.0,1123.0,0.6816015252621545,0.0022784089111103,0.0005974168086014,0.000634372212303
2009-09-14,1300.0,1300.0,1251.0,1291.0,142200.0,1291.0,1281.2,1262.9,1266.72,1188.2266666666667,1042.795,False,False,False,False,False,False,True,True,False,True,False,-0.0061967467079783,-0.0549961270333075,,,0.0188071262587141,0.0796075393751613,-0.1309062742060418,-0.1378776142525174,0.0027491948786426,-0.135640193206113,1132.0,1141.0,0.9944055944055944,0.0021157003915625,-0.0001627085195478,-0.0002326216665008
2009-09-15,1275.0,1280.0,1256.0,1261.0,141100.0,1261.0,1279.6,1259.5,1267.76,1190.6666666666667,1044.285,False,False,False,False,False,False,True,True,False,True,False,0.0190325138778747,-0.0808881839809674,,,-0.005360824742268,0.0557758392809938,-0.0967486122125297,-0.1134020618556701,0.0020492721164614,-0.1287018658197696,1165.0,1147.0,0.9922644163150492,0.0008203445447087,-0.0012953558468537,-0.0006999227621812
2009-09-16,1260.0,1267.0,1236.0,1243.0,165400.0,1243.0,1276.6,1259.5,1267.84,1193.36,1045.63,False,False,False,False,False,False,True,True,False,True,False,-0.0112630732099758,-0.0555108608205953,,,-0.0199839098954142,0.0399356395816573,-0.1134352373290426,-0.1045856798069187,0.0022569328059706,-0.124493846764589,1158.0,1130.0,1.1722182849043232,6.309944472482904e-05,-0.0007572450999839,0.0002076606895092
2009-09-17,1240.0,1266.0,1221.0,1260.0,114900.0,1260.0,1270.8,1261.5,1268.04,1195.9333333333334,1046.79,False,False,False,False,False,False,True,True,False,False,False,-0.0333333333333333,-0.0857142857142857,,,-0.0063809523809523,0.0508465608465608,-0.1277777777777777,-0.119047619047619,0.0021517364401584,-0.1229488703923899,1146.0,1120.0,0.6946795646916566,0.0001577237311126,9.462428638779002e-05,-0.0001051963658122
2009-09-18,1260.0,1279.0,1245.0,1279.0,121000.0,1279.0,1266.8,1267.4,1268.88,1198.4133333333334,1047.9,False,False,False,True,True,False,True,True,False,False,False,-0.0437842064112588,-0.1024237685691946,,,0.0079124315871773,0.0630075579880114,-0.1204065676309616,-0.145426114151681,0.0020694028771375,-0.1251380779548683,1139.0,1116.0,1.0530896431679722,0.0006620011348592,0.0005042774037465,-8.233356302088466e-05
2009-09-24,1299.0,1314.0,1260.0,1283.0,178400.0,1283.0,1265.2,1273.2,1271.32,1201.2266666666667,1048.92,False,False,False,False,False,False,True,True,True,False,False,-0.049103663289166,-0.1005455962587685,,,0.009103663289166,0.0637360353338529,-0.1348402182385035,-0.1535463756819953,0.0023420503485325,-0.1323437009110901,1132.0,1160.0,1.4743801652892563,0.0019192650158888,0.0012572638810296,0.0002726474713949
2009-09-25,1268.0,1291.0,1260.0,1285.0,82300.0,1285.0,1270.0,1274.8,1270.76,1203.6,1049.915,False,False,False,False,False,False,False,True,False,True,False,-0.0980544747081712,-0.1050583657587548,,,0.0110817120622568,0.0633463035019456,-0.1346303501945525,-0.1626459143968871,0.001971862191204,-0.1349231251961092,1181.0,1167.0,0.461322869955157,-0.0004406811671755,-0.0023599461830643,-0.0003701881573284
2009-09-28,1245.0,1246.0,1203.0,1229.0,162800.0,1229.0,1267.2,1271.9,1268.32,1205.013333333333,1050.87,False,False,False,False,False,True,False,True,False,True,False,-0.0447518307567127,-0.0585842148087876,,,-0.0319934906427989,0.0195172226742611,-0.0960130187144019,-0.1269324654190398,0.0011728777551561,-0.1349162670021229,1203.0,1186.0,1.97812879708384,-0.0019238047180522,-0.0014831235508767,-0.0007989844360479
2009-09-29,1213.0,1224.0,1185.0,1218.0,192000.0,1218.0,1258.8,1264.8,1266.12,1206.506666666667,1051.91,False,False,False,False,False,False,False,True,False,False,False,-0.0541871921182266,-0.0599343185550082,,,-0.0395073891625614,0.0094362342638202,-0.090311986863711,-0.11247947454844,0.0012377331800905,-0.1323529411764704,1191.0,1179.0,1.1793611793611791,-0.0017375920133952,0.0001862127046569,6.48554249344463e-05
2009-09-30,1188.0,1228.0,1188.0,1223.0,141400.0,1223.0,1247.6,1257.2,1263.76,1207.7733333333333,1052.91,False,False,False,False,False,False,False,True,False,True,False,-0.0613246116107931,-0.0613246116107931,,,-0.0333278822567457,0.0124502589261379,-0.0907604251839738,-0.1398201144726083,0.0010487619089672,-0.1318008272351257,1220.0,1189.0,0.7364583333333333,-0.0018674431854148,-0.0001298511720195,-0.0001889712711232
2009-10-01,1217.0,1228.0,1207.0,1220.0,105700.0,1220.0,1235.0,1250.1,1260.0,1208.9066666666668,1053.84,False,False,False,False,False,False,False,True,False,True,False,-0.0540983606557377,-0.0590163934426229,,,-0.0327868852459016,0.0090928961748633,-0.0393442622950819,-0.1426229508196721,0.0009374862134381,-0.1322294216462682,1231.0,1177.0,0.7475247524752475,-0.0029841269841269,-0.0011166837987121,-0.0001112756955291
2009-10-02,1161.0,1180.0,1145.0,1159.0,150000.0,1159.0,1209.8,1239.9,1254.96,1209.16,1054.485,False,False,False,False,False,False,False,True,False,True,False,-0.0077653149266609,-0.0172562553925798,,,-0.0827955133735979,-0.0432786885245902,0.0051768766177739,-0.1190681622088006,0.0002095118374188,-0.1329139446729576,1228.0,1184.0,1.4191106906338695,-0.004016064257028,-0.0010319372729011,-0.0007279743760193
2009-10-05,1158.0,1179.0,1154.0,1174.0,179200.0,1174.0,1198.8,1233.0,1250.96,1209.9733333333334,1055.07,False,False,False,False,False,False,False,True,False,False,False,-0.014480408858603,-0.0212947189097103,,,-0.0655536626916525,-0.0306416808631459,-0.0374787052810902,-0.1541737649063032,0.0006721911226693,-0.13779399837794,1229.0,1187.0,1.1946666666666668,-0.0031975442859883,0.0008185199710397,0.0004626792852505
2009-10-06,1155.0,1163.0,1136.0,1152.0,144200.0,1152.0,1185.6,1222.2,1246.6,1210.16,1055.36,False,False,False,False,False,False,False,True,False,True,False,-0.0060763888888888,-0.0069444444444444,,,-0.0821180555555554,-0.0504861111111111,-0.03125,-0.1675347222222222,0.0001542495758137,-0.1425298641793487,1236.0,1147.0,0.8046875,-0.003497513236002,-0.0002999689500136,-0.0005179415468556
2009-10-07,1140.0,1168.0,1130.0,1148.0,161700.0,1148.0,1170.6,1209.1,1241.6,1210.493333333333,1055.325,False,False,False,False,False,False,False,True,False,True,False,0.0,0.0,,,-0.081533101045296,-0.054436701509872,-0.0313588850174216,-0.1506968641114982,0.0002753698216702,-0.142998924820114,1227.0,1146.0,1.1213592233009708,-0.0040270618556701,-0.000529548619668,0.0001211202458565
2009-10-08,1138.0,1164.0,1124.0,1154.0,102300.0,1154.0,1157.4,1196.2,1236.68,1210.6666666666667,1055.585,False,False,False,False,False,False,False,True,False,False,False,-0.0051993067590987,-0.0277296360485268,,,-0.0716464471403813,-0.049104563835933,-0.0424610051993067,-0.0927209705372617,0.0001431718061676,-0.1370172212004682,1224.0,1148.0,0.6326530612244898,-0.0039783937639485,4.86680917215921e-05,-0.0001321980155026
2009-10-09,1161.0,1166.0,1134.0,1150.0,117600.0,1150.0,1155.6,1182.7,1230.88,1210.7066666666667,1055.855,False,False,False,False,False,False,False,True,False,True,False,-0.0095652173913043,-0.0095652173913043,,,-0.0703304347826088,-0.0527884057971014,-0.0652173913043478,-0.0965217391304347,3.3038555994815933e-05,-0.130295087511626,1235.0,1085.0,1.1495601173020529,-0.0047120759131677,-0.0007336821492192,-0.0001101332501728
2009-10-13,1147.0,1167.0,1136.0,1157.0,128700.0,1157.0,1152.2,1175.5,1227.44,1211.0666666666666,1056.165,False,False,False,False,False,False,False,True,False,False,False,-0.006914433880726,-0.0475367329299913,,,-0.0608815903197926,-0.0467300489772399,-0.0812445980985306,-0.0795159896283491,0.0002972586149949,-0.1256486601446193,1241.0,1109.0,1.094387755102041,-0.0028025809815551,0.0019094949316126,0.0002642200590001
2009-10-14,1137.0,1155.0,1116.0,1145.0,175000.0,1145.0,1150.8,1168.2,1223.64,1211.4,1056.405,False,False,False,False,False,False,False,True,False,True,False,-0.0008733624454148,-0.0401746724890829,,,-0.0686812227074236,-0.0579912663755459,-0.0794759825327511,-0.0655021834061135,0.0002751637224149,-0.1211265194316041,1255.0,1106.0,1.3597513597513595,-0.0031054885423817,-0.0003029075608265,-2.2094892580001185e-05
2009-10-15,1134.0,1164.0,1124.0,1148.0,305400.0,1148.0,1150.8,1160.7,1220.76,1211.8266666666666,1056.695,False,False,False,False,False,False,False,True,False,False,False,0.0,-0.0200348432055749,,,-0.0633797909407665,-0.0555981416957026,-0.0818815331010452,-0.0923344947735191,0.0003520855567901,-0.1163091238046006,1258.0,1119.0,1.745142857142857,-0.0023591860808022,0.0007463024615794,7.692183437520557e-05
2009-10-16,1160.0,1164.0,1143.0,1148.0,61100.0,1148.0,1149.6,1153.5,1217.68,1211.6666666666667,1056.885,False,False,False,False,False,False,False,False,False,True,False,-0.0226480836236933,-0.0331010452961672,,,-0.0606968641114983,-0.055458768873403,-0.0958188153310104,-0.0966898954703832,-0.0001320495185693,-0.1115734720416125,1222.0,1132.0,0.2000654878847413,-0.0025294001708165,-0.0001702140900143,-0.0004841350753595
2009-10-19,1132.0,1148.0,1125.0,1139.0,79200.0,1139.0,1147.4,1151.5,1212.48,1211.2933333333333,1057.3,False,False,False,False,False,False,False,False,False,True,False,0.0,-0.0237050043898156,,,-0.0645127304653204,-0.0634708808896692,-0.0579455662862159,-0.1000877963125548,-0.0003082105077769,-0.1096830221450281,1299.0,1165.0,1.2962356792144023,-0.0042887305357614,-0.0017593303649448,-0.0001761609892075
2009-10-20,1140.0,1164.0,1130.0,1149.0,127100.0,1149.0,1145.8,1149.0,1208.12,1210.8,1057.775,False,False,True,False,False,False,False,False,False,False,False,-0.0409051348999129,-0.0330722367275892,,,-0.0514534377719755,-0.0537859007832897,-0.0269799825935596,-0.0992167101827676,-0.0004074441140843,-0.1040905134899912,1290.0,1158.0,1.60479797979798,-0.0036089130218853,0.0006798175138761,-9.923360630745028e-05
2009-10-21,1140.0,1154.0,1131.0,1144.0,90600.0,1144.0,1145.6,1148.2,1202.32,1210.3333333333333,1058.23,False,False,False,False,False,False,False,False,False,True,False,-0.0393356643356643,-0.0314685314685314,,,-0.0509790209790209,-0.0579836829836829,-0.0655594405594405,-0.0751748251748251,-0.0003855687138529,-0.0948441038146665,1273.0,1146.0,0.7128245476003147,-0.0048240069199547,-0.0012150938980693,2.187540023139878e-05
2009-10-22,1140.0,1148.0,1127.0,1148.0,119900.0,1148.0,1145.6,1148.2,1196.28,1209.7866666666666,1058.52,False,False,False,False,False,False,False,False,False,True,False,-0.0200348432055749,-0.0313588850174216,,,-0.0420557491289198,-0.053821138211382,-0.0705574912891986,-0.0905923344947735,-0.000451870302202,-0.0888346977878418,1282.0,1139.0,1.3233995584988962,-0.0050489851874142,-0.0002249782674595,-6.630158834904787e-05
2009-10-23,1137.0,1139.0,1118.0,1122.0,149100.0,1122.0,1140.4,1145.0,1189.52,1209.0533333333333,1058.745,False,False,False,False,False,False,False,False,False,True,False,-0.0106951871657754,0.0445632798573975,,,-0.0601782531194295,-0.0775876411170528,-0.0240641711229946,-0.0793226381461675,-0.0006065351404404,-0.0875109170305677,1314.0,1132.0,1.243536280233528,-0.0056829645571322,-0.0006339793697179,-0.0001546648382384
2009-10-26,1113.0,1141.0,1111.0,1139.0,81400.0,1139.0,1140.4,1143.9,1184.64,1208.4533333333334,1059.055,False,False,False,False,False,False,False,False,False,False,False,-0.0237050043898156,0.0228270412642669,,,-0.0400702370500439,-0.0609774656131109,-0.0570676031606672,-0.0869183494293239,-0.0004965024163116,-0.08654602675059,1285.0,1181.0,0.5459423205902079,-0.0041193949216638,0.0015635696354684,0.0001100327241287
2009-10-27,1124.0,1126.0,1087.0,1102.0,138200.0,1102.0,1131.0,1138.4,1179.0,1207.32,1059.115,False,False,False,False,False,False,False,False,False,True,False,0.0081669691470054,0.0254083484573502,,,-0.0698729582577132,-0.0955716878402903,-0.0036297640653357,-0.0571687840290381,-0.0009387182630399,-0.0844167252283908,1274.0,1203.0,1.6977886977886978,-0.0047837150127227,-0.0006643200910588,-0.0004422158467283
2009-10-28,1085.0,1125.0,1082.0,1099.0,151500.0,1099.0,1122.0,1133.8,1172.56,1206.68,1059.23,False,False,False,False,False,False,False,False,False,True,False,0.008189262966333,0.0154686078252957,,,-0.0669335759781619,-0.0979799818016379,-0.0100090991810737,-0.0627843494085532,-0.0005303808797691,-0.084230022931734,1261.0,1191.0,1.0962373371924747,-0.0054922562598076,-0.0007085412470849,0.0004083373832708
2009-10-29,1080.0,1125.0,1071.0,1125.0,220700.0,1125.0,1117.4,1131.5,1166.4,1206.4,1059.46,False,False,False,False,False,False,False,False,False,False,False,-0.0115555555555555,-0.0115555555555555,,,-0.0368,-0.0723555555555556,-0.0231111111111111,-0.0666666666666666,-0.0002320954907161,-0.0816615112682281,1273.0,1220.0,1.4567656765676569,-0.0052812071330588,0.0002110491267487,0.000298285389053
2009-10-30,1093.0,1130.0,1093.0,1110.0,169600.0,1110.0,1115.0,1127.7,1159.48,1205.8933333333334,1059.765,False,False,False,False,False,False,False,False,False,True,False,0.0558558558558558,-0.0045045045045045,,,-0.0445765765765765,-0.0863903903903904,-0.0018018018018018,-0.0594594594594594,-0.00042015877579,-0.0779462623038042,1277.0,1231.0,0.7684639782510195,-0.0059681926380792,-0.0006869855050203,-0.0001880632850738
2009-11-02,1078.0,1126.0,1078.0,1112.0,133800.0,1112.0,1109.6,1125.0,1152.56,1206.253333333333,1060.33,False,False,False,False,False,False,False,True,False,True,False,0.0476618705035971,-0.033273381294964,,,-0.0364748201438848,-0.0847601918465225,-0.0197841726618705,-0.0656474820143884,0.0002984447711368,-0.0744888888888888,1295.0,1228.0,0.7889150943396226,-0.0060040258207816,-3.5833182702426844e-05,0.0007186035469268
2009-11-04,1111.0,1118.0,1089.0,1111.0,83400.0,1111.0,1111.4,1121.2,1147.84,1206.28,1060.955,False,False,False,False,False,False,False,True,False,False,False,0.0171017101710171,-0.0432043204320432,,,-0.033159315931593,-0.0857605760576057,-0.0342034203420342,-0.0576057605760576,2.210653137486304e-05,-0.0702818408847662,1243.0,1229.0,0.6233183856502242,-0.0041120713688319,0.0018919544519497,-0.0002763382397619
2009-11-05,1117.0,1117.0,1094.0,1108.0,69000.0,1108.0,1113.2,1117.6,1143.44,1206.3066666666666,1061.815,False,False,False,False,False,False,False,True,False,False,False,0.0072202166064981,-0.0487364620938628,,,-0.031985559566787,-0.0887244283995186,-0.0225631768953068,-0.049638989169675,2.2106042686748323e-05,-0.0677344309234071,1240.0,1236.0,0.8273381294964028,-0.0038480375008744,0.0002640338679574,-4.886881147177799e-10
2009-11-06,1101.0,1120.0,1095.0,1112.0,196600.0,1112.0,1110.6,1114.0,1139.0,1206.2133333333334,1062.655,False,False,False,False,False,False,False,False,False,True,False,0.0,-0.0521582733812949,,,-0.0242805755395683,-0.0847242206235012,-0.0314748201438848,-0.0566546762589928,-7.737713616158151e-05,-0.0642728904847396,1220.0,1227.0,2.8492753623188407,-0.0038981562774363,-5.0118776561961474e-05,-9.948317884832985e-05
2009-11-09,1152.0,1179.0,1142.0,1172.0,297200.0,1172.0,1123.0,1119.0,1137.08,1206.746666666667,1063.835,False,False,False,False,True,False,False,True,False,False,True,-0.0571672354948805,-0.114334470989761,,,0.0297952218430034,-0.0296473265073949,-0.0870307167235494,-0.1040955631399317,0.0004419596490842,-0.066934763181412,1225.0,1224.0,1.5116988809766023,-0.0016885355471911,0.0022096207302452,0.0005193367852457
2009-11-10,1169.0,1174.0,1163.0,1165.0,87500.0,1165.0,1133.6,1121.6,1137.32,1206.746666666667,1064.885,False,False,False,False,False,False,True,False,False,False,False,-0.0772532188841201,-0.078969957081545,,,0.0237596566523605,-0.0358340486409157,-0.0858369098712446,-0.1055793991416309,0.0,-0.06891940085592,1269.0,1235.0,0.294414535666218,0.0002110224035451,0.0018995579507362,-0.0004419596490842
2009-11-11,1153.0,1169.0,1125.0,1130.0,127300.0,1130.0,1137.4,1124.4,1135.56,1206.3733333333332,1065.755,False,False,False,False,False,False,False,False,False,True,False,-0.05929203539823,-0.0106194690265486,,,-0.0049203539823008,-0.0675870206489674,-0.0380530973451327,-0.0991150442477876,-0.0003094674948609,-0.0731056563500534,1258.0,1241.0,1.4548571428571428,-0.0015498960865123,-0.0017609184900575,-0.0003094674948609
2009-11-12,1130.0,1130.0,1110.0,1116.0,146700.0,1116.0,1139.0,1126.1,1134.12,1205.9733333333334,1066.545,False,False,False,False,False,False,False,False,False,False,False,-0.0555555555555555,-0.0421146953405017,,,-0.0162365591397848,-0.080621266427718,-0.0259856630824372,-0.0672043010752688,-0.0003316822925878,-0.0735281058520557,1289.0,1255.0,1.152395915161037,-0.0012697069093218,0.0002801891771905,-2.2214797726980123e-05
2009-11-13,1113.0,1130.0,1098.0,1112.0,174500.0,1112.0,1139.0,1124.8,1132.68,1205.6133333333332,1067.32,False,False,False,False,False,False,False,False,False,True,False,-0.0521582733812949,-0.0404676258992805,,,-0.0185971223021583,-0.0841846522781773,-0.0242805755395683,-0.0440647482014388,-0.000298603200584,-0.0713015647226174,1299.0,1258.0,1.1895023858214042,-0.0012713211145246,-1.6142052028779528e-06,3.307909200385244e-05
2009-11-16,1119.0,1119.0,1087.0,1105.0,136600.0,1105.0,1125.6,1124.3,1130.72,1205.253333333333,1067.95,False,False,False,False,False,False,False,False,False,True,False,-0.0606334841628959,-0.0090497737556561,,,-0.0232760180995475,-0.0907269984917041,-0.0262443438914027,-0.0506787330316742,-0.000298692391088,-0.0704438317175131,1291.0,1222.0,0.7828080229226361,-0.0017334088014716,-0.0004620876869469,-8.919050396898273e-08
2009-11-17,1109.0,1109.0,1071.0,1075.0,101700.0,1075.0,1107.6,1120.6,1127.72,1203.84,1068.62,False,False,False,False,False,False,False,False,False,True,False,-0.001860465116279,-0.0009302325581395,,,-0.0490418604651163,-0.1198511627906976,-0.013953488372093,-0.0437209302325581,-0.0011740209108628,-0.0683562377297875,1261.0,1299.0,0.7445095168374817,-0.0026602348100592,-0.0009268260085875,-0.0008753285197748
2009-11-18,1085.0,1092.0,1062.0,1063.0,142100.0,1063.0,1094.2,1115.8,1123.96,1201.9733333333334,1069.125,False,False,False,False,False,False,False,False,False,True,False,0.0517403574788334,0.0329256820319849,,,-0.0573471307619943,-0.1307369081216682,-0.0028222013170272,-0.0282220131702728,-0.0015530017304875,-0.0656031546872199,1243.0,1290.0,1.3972468043264503,-0.0033453147798853,-0.0006850799698261,-0.0003789808196246
2009-11-19,1043.0,1071.0,1040.0,1054.0,107100.0,1054.0,1081.8,1110.4,1120.32,1200.1466666666668,1069.295,False,False,False,False,False,False,False,False,False,False,False,0.0142314990512333,0.032258064516129,,,-0.0629222011385198,-0.1386590765338394,0.0180265654648956,0.0,-0.001522036195576,-0.0609690201729107,1260.0,1273.0,0.7536945812807881,-0.0032490716938018,9.624308608353676e-05,3.096553491151611e-05
2009-11-20,1022.0,1065.0,1022.0,1054.0,142500.0,1054.0,1070.2,1104.6,1116.56,1197.9333333333334,1069.755,False,False,False,False,False,False,False,False,False,True,False,0.0123339658444022,0.0426944971537001,,,-0.0593548387096773,-0.1365591397849463,0.0142314990512333,0.0151802656546489,-0.0018476264678056,-0.0541372442513126,1279.0,1282.0,1.330532212885154,-0.0033674858493945,-0.0001184141555927,-0.0003255902722296
2009-11-24,1064.0,1073.0,1038.0,1038.0,135200.0,1038.0,1056.8,1091.2,1112.16,1195.36,1069.985,False,False,False,False,False,False,False,False,False,True,False,0.0549132947976878,0.0674373795761079,,,-0.0714450867052023,-0.1515992292870904,0.0857418111753371,0.0298651252408477,-0.0021527684825772,-0.0407807917888563,1283.0,1314.0,0.9487719298245614,-0.0039562652855702,-0.0005887794361757,-0.0003051420147715
2009-11-25,1058.0,1082.0,1055.0,1073.0,166600.0,1073.0,1056.4,1082.0,1109.52,1193.2933333333333,1070.475,False,False,False,False,False,False,False,False,False,False,False,0.0009319664492078,0.015843429636533,,,-0.0340354147250698,-0.1121093507300403,0.0205032618825722,-0.0018639328984156,-0.0017319016279874,-0.0299445471349353,1285.0,1285.0,1.232248520710059,-0.0023794073112698,0.0015768579743004,0.0004208668545897
2009-11-26,1061.0,1126.0,1058.0,1118.0,172300.0,1118.0,1067.4,1080.8,1108.28,1191.8133333333333,1071.26,False,False,False,False,True,False,False,False,False,False,False,-0.0178890876565295,-0.0402504472271914,,,0.0086940966010733,-0.0660226595110315,-0.0178890876565295,-0.0313059033989266,-0.0012418052043944,-0.0228534418948927,1229.0,1274.0,1.0342136854741897,-0.0011188508319197,0.00126055647935,0.000490096423593
2009-11-27,1097.0,1097.0,1065.0,1069.0,69600.0,1069.0,1070.4,1076.1,1105.28,1189.5866666666666,1071.965,False,False,False,False,False,False,False,False,False,True,False,0.0177736202057998,0.0130963517305893,,,-0.0339382600561272,-0.1128032429061427,0.0383536014967259,0.0065481758652946,-0.0018717986079198,-0.0153331474770002,1218.0,1261.0,0.403946604759141,-0.0027142443543717,-0.001595393522452,-0.0006299934035254
2009-11-30,1064.0,1088.0,1064.0,1067.0,94500.0,1067.0,1073.0,1071.6,1102.04,1187.4533333333334,1072.475,False,False,False,False,False,False,False,False,False,True,False,0.0299906279287722,0.0093720712277413,,,-0.0328397375820055,-0.1128897219618869,0.0412371134020618,-0.0037488284910965,-0.0017965618297981,-0.0111982082866741,1223.0,1273.0,1.3577586206896552,-0.0029400021777793,-0.0002257578234076,7.523677812173437e-05
2009-12-01,1057.0,1100.0,1056.0,1095.0,99000.0,1095.0,1084.4,1070.6,1100.96,1185.7333333333331,1073.21,False,False,False,False,False,False,False,False,False,False,False,0.0118721461187214,-0.0228310502283105,,,-0.0054429223744292,-0.0828614916286147,0.0164383561643835,-0.021917808219178,-0.0014505791071631,-0.0082196898935176,1220.0,1277.0,1.0476190476190477,-0.0009809620694665,0.0019590401083128,0.0003459827226349
2009-12-02,1104.0,1104.0,1062.0,1074.0,92500.0,1074.0,1084.6,1070.5,1098.36,1183.5866666666666,1073.96,False,False,False,False,False,False,False,False,False,True,False,0.0148975791433892,-0.0083798882681564,,,-0.0226815642458099,-0.1020360024829297,0.0409683426443202,0.0111731843575419,-0.0018136962227803,-0.0027090144792154,1159.0,1295.0,0.9343434343434344,-0.0023671655923377,-0.0013862035228712,-0.0003631171156172
2009-12-03,1075.0,1100.0,1075.0,1098.0,54800.0,1098.0,1080.6,1074.0,1098.2,1181.68,1075.01,False,False,False,False,False,False,False,False,False,False,True,-0.0227686703096539,-0.0100182149362477,,,-0.0001821493624772,-0.0762112932604736,0.0136612021857923,0.0127504553734061,-0.0016135219912891,0.0013966480446927,1174.0,1243.0,0.5924324324324325,-0.0001456929521033,0.0022214726402344,0.0002001742314912
2009-12-04,1084.0,1098.0,1074.0,1088.0,73400.0,1088.0,1084.4,1077.4,1097.76,1179.4533333333334,1076.13,False,False,False,False,False,False,False,False,False,True,False,-0.0045955882352941,-0.0009191176470588,,,-0.0089705882352941,-0.0840563725490196,0.0202205882352941,0.0238970588235294,-0.0018878802609118,0.0038054575830702,1152.0,1240.0,1.3394160583941606,-0.0004008162075499,-0.0002551232554466,-0.0002743582696227
2009-12-07,1088.0,1104.0,1083.0,1099.0,103600.0,1099.0,1090.8,1081.9,1096.72,1177.3333333333333,1077.23,False,False,False,False,True,False,False,False,False,True,False,-0.0200181983621474,-0.0127388535031847,,,0.0020746132848043,-0.0712769184106763,-0.005459508644222,0.0773430391264786,-0.0018006795016988,0.0101672982715592,1148.0,1220.0,1.4114441416893733,-0.0009482821504121,-0.0005474659428621,8.720075921299798e-05
2009-12-08,1100.0,1125.0,1090.0,1108.0,86500.0,1108.0,1093.4,1088.9,1096.64,1175.8133333333333,1078.19,False,False,False,False,False,False,False,False,False,False,False,-0.0342960288808664,-0.0288808664259927,,,0.0102527075812273,-0.0612033694344163,-0.01985559566787,0.1182310469314079,-0.0012927222008028,0.0192855174947194,1154.0,1225.0,0.834942084942085,-7.295010213007662e-05,0.000875332048282,0.000507957300896
2009-12-09,1102.0,1106.0,1090.0,1090.0,52100.0,1090.0,1096.6,1090.6,1095.76,1173.0266666666666,1078.915,False,False,False,False,False,False,False,False,False,True,False,-0.0229357798165137,-0.0275229357798165,,,-0.0052844036697247,-0.0761712538226299,-0.0128440366972477,0.1201834862385321,-0.0023756209009172,0.0314505776636715,1150.0,1269.0,0.6023121387283237,-0.0008030955683727,-0.0007301454662426,-0.0010828987001144
2009-12-10,1091.0,1095.0,1063.0,1073.0,55900.0,1073.0,1091.6,1086.1,1094.24,1170.1333333333334,1079.485,False,False,False,False,False,False,False,False,False,True,False,0.0130475302889096,-0.0121155638397017,,,-0.0197949673811742,-0.0905250077663871,0.0,0.1677539608574091,-0.0024726526891521,0.05137648466992,1157.0,1258.0,1.072936660268714,-0.0013890919725105,-0.0005859964041378,-9.7031788234865e-05
2009-12-11,1073.0,1084.0,1062.0,1083.0,45400.0,1083.0,1090.6,1087.5,1093.24,1167.6,1080.295,False,False,False,False,False,False,False,False,False,False,False,0.0036934441366574,-0.0092336103416435,,,-0.009455216989843,-0.0781163434903046,-0.0018467220683287,0.1560480147737765,-0.002169692817175,0.0662068965517241,1145.0,1289.0,0.8121645796064401,-0.0009147122315319,0.0004743797409786,0.0003029598719771
2009-12-14,1073.0,1088.0,1056.0,1077.0,37800.0,1077.0,1086.2,1088.5,1091.84,1164.8666666666666,1080.915,False,False,False,False,False,False,False,False,False,True,False,0.0074280408542246,-0.0074280408542246,,,-0.0137790157845867,-0.0815846487155678,-0.0232126276694521,0.1643454038997214,-0.0023464774223087,0.0827744602664216,1148.0,1299.0,0.8325991189427313,-0.0012822391559203,-0.0003675269243884,-0.0001767846051337
2009-12-15,1062.0,1087.0,1055.0,1070.0,47300.0,1070.0,1078.6,1086.0,1087.76,1161.6133333333332,1081.53,False,False,False,False,False,False,False,False,False,True,False,0.005607476635514,0.0532710280373831,,,-0.0165981308411214,-0.0856199376947039,-0.022429906542056,0.1570093457943925,-0.0028007024712755,0.1006445672191528,1148.0,1291.0,1.2513227513227514,-0.0037508273883944,-0.002468588232474,-0.0004542250489668
2009-12-16,1060.0,1084.0,1053.0,1065.0,79200.0,1065.0,1073.6,1085.1,1083.76,1158.68,1082.185,False,False,False,False,False,False,False,False,False,False,False,-0.0046948356807511,0.028169014084507,,,-0.0176150234741783,-0.087962441314554,-0.0413145539906103,0.1596244131455399,-0.0025316164370949,0.1152889134641969,1139.0,1261.0,1.6744186046511629,-0.0036908540636303,5.9973324764108025e-05,0.0002690860341806
2009-12-17,1060.0,1098.0,1060.0,1087.0,76500.0,1087.0,1076.4,1084.0,1082.04,1156.1866666666667,1083.125,False,False,False,False,True,False,False,False,False,False,False,-0.0248390064397424,0.0101195952161913,,,0.0045630174793008,-0.0636491873658387,-0.0864765409383624,0.1343146274149034,-0.0021565145189934,0.1275830258302582,1149.0,1243.0,0.9659090909090908,-0.0015895900336401,0.0021012640299901,0.0003751019181014
2009-12-18,1067.0,1102.0,1067.0,1087.0,67300.0,1087.0,1077.2,1083.9,1080.88,1153.8666666666666,1083.945,False,False,False,False,False,False,False,False,False,False,False,-0.0128794848206071,0.0211591536338546,,,0.0056301747930081,-0.0615148727384236,-0.1177552897884084,0.1499540018399264,-0.002010630922117,0.1402343389611587,1144.0,1260.0,0.8797385620915033,-0.0010731996151282,0.0005163904185119,0.0001458835968763
2009-12-21,1087.0,1094.0,1071.0,1085.0,62100.0,1085.0,1078.8,1082.5,1079.8,1151.36,1084.885,False,False,False,False,False,False,False,False,False,False,False,-0.0147465437788018,0.0239631336405529,,,0.0047926267281106,-0.0611612903225805,-0.1013824884792626,0.1382488479262673,-0.0021771354456179,0.1464203233256351,1148.0,1279.0,0.922734026745914,-0.0010001852194852,7.301439564304604e-05,-0.0001665045235008
2009-12-22,1080.0,1085.0,1056.0,1076.0,80800.0,1076.0,1080.0,1079.3,1078.64,1148.68,1085.93,False,False,False,False,False,True,False,False,False,True,False,0.0473977695167286,0.0343866171003717,,,-0.0024535315985131,-0.067546468401487,-0.0269516728624535,0.1431226765799256,-0.0023331127903331,0.1489854535346984,1122.0,1283.0,1.3011272141706924,-0.0010754283171399,-7.524309765473414e-05,-0.0001559773447151
2009-12-24,1070.0,1073.0,1049.0,1060.0,125100.0,1060.0,1079.0,1076.3,1078.04,1145.5466666666666,1086.965,False,False,False,False,False,False,False,False,False,False,False,0.0330188679245283,0.0547169811320754,,,-0.0170188679245282,-0.0807044025157232,-0.0198113207547169,0.1641509433962264,-0.0027352297592998,0.1533958933382887,1139.0,1285.0,1.5482673267326732,-0.0005565656190866,0.0005188626980533,-0.0004021169689667
2009-12-25,1060.0,1069.0,1035.0,1060.0,126400.0,1060.0,1073.6,1075.0,1077.92,1143.1066666666666,1088.0,False,False,False,False,False,False,False,False,False,False,False,0.0358490566037735,0.05,,,-0.0169056603773585,-0.0784025157232703,0.0047169811320754,0.1547169811320754,-0.0021345339600854,0.1520930232558139,1102.0,1229.0,1.0103916866506797,-0.0001113255158081,0.0004452401032784,0.0006006957992144
2009-12-28,1059.0,1084.0,1050.0,1073.0,71900.0,1073.0,1070.8,1074.0,1078.68,1140.88,1089.03,False,False,False,False,False,False,True,False,False,False,False,0.0344827586206896,0.0344827586206896,,,-0.0052935694315005,-0.0632618825722275,-0.0027958993476234,0.1099720410065237,-0.001951709791272,0.1474860335195531,1099.0,1218.0,0.5688291139240507,0.0007045648385063,0.0008158903543144,0.0001828241688133
2009-12-29,1081.0,1085.0,1066.0,1069.0,51100.0,1069.0,1067.6,1073.2,1079.28,1138.8666666666666,1090.065,False,False,False,False,False,False,True,False,False,True,False,0.039289055191768,0.0224508886810102,,,-0.0096164639850327,-0.0653570314936076,-0.0252572497661365,0.1188026192703461,-0.0017678393724757,0.1429370108087959,1125.0,1223.0,0.7107093184979137,0.0005559261730041,-0.0001486386655021,0.0001838704187963
2009-12-30,1097.0,1130.0,1087.0,1127.0,171600.0,1127.0,1077.8,1078.9,1082.84,1137.56,1091.49,False,False,False,True,True,False,True,False,True,False,True,-0.0124223602484472,-0.0363797692990239,,,0.0391836734693878,-0.0093700088731144,-0.0798580301685891,0.0559006211180124,-0.0011486573601978,0.132449717304662,1110.0,1220.0,3.3581213307240705,0.0032876509918362,0.002731724818832,0.0006191820122779
2010-01-04,1097.0,1106.0,1089.0,1095.0,60900.0,1095.0,1084.8,1081.9,1083.72,1135.24,1092.895,False,False,False,False,False,False,True,False,False,True,False,0.0210045662100456,-0.0173515981735159,,,0.0103013698630136,-0.0367488584474885,-0.0639269406392694,0.0867579908675799,-0.0020436207321799,0.1251501987244661,1112.0,1159.0,0.3548951048951049,0.0008120178643931,-0.0024756331274431,-0.0008949633719821
2010-01-05,1108.0,1111.0,1094.0,1098.0,62100.0,1098.0,1092.4,1083.0,1082.92,1133.1066666666666,1094.465,False,False,False,False,False,False,False,False,False,True,False,0.0136612021857923,-0.0227686703096539,,,0.0137340619307831,-0.0319732847601699,-0.0573770491803278,0.0856102003642987,-0.0018827294870739,0.1202216066481994,1111.0,1174.0,1.019704433497537,-0.0007387433974808,-0.0015507612618739,0.0001608912451059
2010-01-06,1090.0,1123.0,1077.0,1110.0,103700.0,1110.0,1099.8,1085.3,1084.56,1130.72,1096.235,False,False,False,False,False,False,True,False,True,False,False,0.0,-0.0261261261261261,,,0.0229189189189189,-0.0186666666666666,-0.0468468468468468,0.0693693693693693,-0.0021107494929483,0.1120427531558095,1108.0,1152.0,1.6698872785829308,0.0015121339529393,0.0022508773504201,-0.0002280200058743
2010-01-07,1120.0,1125.0,1104.0,1111.0,49600.0,1111.0,1108.2,1087.9,1086.32,1128.2133333333334,1098.09,False,False,False,False,False,False,True,False,False,False,False,-0.0162016201620162,-0.0531053105310531,,,0.0222142214221422,-0.0154935493549355,-0.0603060306030603,0.0747074707470747,-0.002221802023258,0.1056163250298739,1112.0,1148.0,0.4783027965284474,0.0016201487591133,0.000108014806174,-0.0001110525303096
2010-01-08,1100.0,1118.0,1100.0,1113.0,35900.0,1113.0,1105.4,1091.6,1087.04,1125.84,1099.805,False,False,False,False,False,False,True,False,False,True,False,-0.0242587601078167,-0.0601976639712488,,,0.0233243486073675,-0.0115363881401616,-0.0718778077268643,0.059299191374663,-0.0021080556147707,0.0971967753755956,1172.0,1154.0,0.7237903225806451,0.0006623491315867,-0.0009577996275266,0.0001137464084873
2010-01-12,1113.0,1136.0,1108.0,1118.0,77100.0,1118.0,1110.0,1097.4,1088.8,1123.9333333333334,1101.365,False,False,False,False,False,False,True,False,True,False,False,-0.0375670840787119,-0.0867620751341681,,,0.0261180679785331,-0.0053070960047704,-0.0697674418604651,0.0330948121645796,-0.0016964232754017,0.0841990158556587,1165.0,1150.0,2.147632311977716,0.001616458486407,0.0009541093548203,0.0004116323393689
2010-01-13,1120.0,1128.0,1102.0,1113.0,42200.0,1113.0,1113.0,1102.7,1089.4,1122.2,1102.955,False,False,False,False,False,False,True,False,False,True,False,-0.0359389038634321,-0.1078167115902965,,,0.0212039532794248,-0.0082659478885894,-0.0664869721473495,0.0664869721473495,-0.0015445850412879,0.0756325383150447,1130.0,1157.0,0.5473411154345007,0.0005507618872775,-0.0010656965991295,0.0001518382341137
2010-01-14,1112.0,1114.0,1090.0,1110.0,44700.0,1110.0,1113.0,1106.4,1090.28,1120.2,1104.565,False,False,False,False,False,False,True,False,False,False,False,-0.0261261261261261,-0.136036036036036,,,0.0177657657657657,-0.0091891891891892,-0.072072072072072,0.0306306306306306,-0.0017853954650955,0.0677874186550976,1116.0,1145.0,1.0592417061611374,0.0008071321128516,0.0002563702255741,-0.0002408104238075
2010-01-15,1098.0,1098.0,1071.0,1093.0,85900.0,1093.0,1109.4,1108.8,1090.04,1117.72,1105.995,False,False,False,False,False,False,False,False,False,True,False,-0.0375114364135407,-0.1079597438243366,,,0.002708142726441,-0.0226166514181153,-0.0393412625800548,0.0439158279963403,-0.0022188025623591,0.0605158730158731,1112.0,1148.0,1.9217002237136465,-0.0002201754064071,-0.0010273075192587,-0.0004334070972635
2010-01-18,1082.0,1091.0,1078.0,1086.0,55100.0,1086.0,1104.0,1104.7,1089.16,1115.0933333333332,1107.315,False,False,False,False,False,True,False,False,False,True,False,-0.0368324125230202,-0.0359116022099447,,,-0.0029097605893186,-0.0267894413750766,-0.0386740331491712,0.0395948434622467,-0.0023555576812704,0.0589300262514709,1105.0,1148.0,0.6414435389988359,-0.0008079620992323,-0.0005877866928252,-0.0001367551189113
2010-01-19,1078.0,1086.0,1073.0,1076.0,41800.0,1076.0,1095.6,1102.8,1088.6,1112.3066666666666,1108.53,False,False,False,False,False,False,False,False,False,False,False,-0.0511152416356877,-0.0343866171003717,,,-0.0117100371747211,-0.0337422552664187,-0.0343866171003717,0.0613382899628252,-0.0025053042925811,0.0564018861080885,1075.0,1139.0,0.7586206896551724,-0.0005144221936433,0.0002935399055889,-0.0001497466113107
2010-01-20,1073.0,1077.0,1066.0,1073.0,39800.0,1073.0,1087.6,1100.3,1088.6,1110.2266666666667,1109.74,False,False,False,False,False,False,False,False,False,False,False,-0.0745573159366262,-0.0074557315936626,,,-0.014538676607642,-0.0346940043491767,-0.0242311276794035,0.0848089468779123,-0.0018734912990739,0.0562573843497228,1063.0,1149.0,0.9521531100478468,0.0,0.0005144221936433,0.0006318129935071
2010-01-21,1063.0,1084.0,1053.0,1081.0,62000.0,1081.0,1081.8,1097.4,1088.52,1108.4,1110.725,False,False,False,False,False,False,False,False,False,True,False,-0.1128584643848288,-0.0101757631822386,,,-0.0069565217391304,-0.0253469010175764,-0.0259019426456984,0.0518038852913968,-0.0016480211716587,0.0544924366684891,1054.0,1144.0,1.5577889447236182,-7.34942858192107e-05,-7.34942858192107e-05,0.0002254701274152
2010-01-22,1062.0,1068.0,1045.0,1052.0,76100.0,1052.0,1073.6,1091.5,1087.52,1106.12,1111.625,False,False,False,False,False,False,False,False,False,True,False,-0.0731939163498098,-0.0095057034220532,,,-0.033764258555133,-0.0514448669201519,-0.0028517110266159,0.1017110266159695,-0.0020612591762197,0.0569857993586807,1054.0,1148.0,1.2274193548387098,-0.0009195233191113,-0.0008460290332921,-0.0004132380045609
2010-01-25,1052.0,1060.0,1040.0,1046.0,104500.0,1046.0,1065.6,1084.8,1086.56,1103.8,1112.565,False,False,False,False,False,False,False,False,False,False,False,0.0009560229445506,-0.008604206500956,,,-0.038776290630975,-0.0552581261950286,0.0038240917782026,0.1070745697896749,-0.0021018300416741,0.0615781710914453,1038.0,1122.0,1.3731931668856767,-0.0008835223089383,3.600101017303843e-05,-4.057086545439931e-05
2010-01-26,1038.0,1047.0,1021.0,1021.0,85400.0,1021.0,1054.6,1075.1,1084.8,1101.96,1113.47,False,False,False,False,False,False,False,False,False,True,False,0.0176297747306562,0.0039177277179236,,,-0.0624877571008814,-0.0792948090107737,0.0205680705190989,0.0842311459353575,-0.0016697520781152,0.0666914705608781,1073.0,1139.0,0.8172248803827751,-0.001622418879056,-0.0007388965701177,0.0004320779635588
2010-01-27,1010.0,1011.0,992.0,993.0,164100.0,993.0,1038.6,1063.1,1081.04,1099.5466666666666,1114.31,False,False,False,False,False,False,False,False,False,True,False,0.0725075528700906,0.0422960725075528,,,-0.0886606243705941,-0.1072977509231285,0.0251762336354481,0.1309164149043303,-0.0021948439356826,0.0727118803499202,1118.0,1102.0,1.9215456674473068,-0.0034781321690224,-0.0018557132899663,-0.0005250918575673
2010-01-28,991.0,991.0,958.0,959.0,180600.0,959.0,1014.2,1048.0,1075.92,1096.9733333333334,1114.895,False,False,False,False,False,False,False,False,False,True,False,0.1157455683003128,0.1032325338894682,,,-0.1219186652763295,-0.143872088981578,0.0855057351407716,0.1449426485922836,-0.0023458485772974,0.0837786259541984,1069.0,1099.0,1.10054844606947,-0.0047587181203062,-0.0012805859512838,-0.0001510046416148
2010-01-29,961.0,979.0,956.0,975.0,118600.0,975.0,998.8,1036.2,1071.52,1094.6666666666667,1115.565,False,False,False,False,False,False,False,False,False,False,False,0.0687179487179487,0.0707692307692307,,,-0.0989948717948717,-0.1227350427350428,0.0902564102564102,0.1097435897435897,-0.0021071863580998,0.0904265585794248,1067.0,1125.0,0.6566998892580288,-0.0041063162610124,0.0006524018592937,0.0002386622191976
2010-02-01,1040.0,1080.0,1023.0,1047.0,454400.0,1047.0,999.0,1032.3,1070.36,1093.24,1116.355,False,False,False,False,False,False,False,False,False,False,False,-0.0095510983763132,-0.0133715377268385,,,-0.0223113658070677,-0.0441642788920726,0.0019102196752626,0.0248328557784145,-0.0013049894503189,0.08912137944396,1095.0,1110.0,3.831365935919056,-0.0010837475241975,0.0030225687368149,0.0008021969077808
2010-02-02,1026.0,1056.0,1026.0,1039.0,211000.0,1039.0,1002.6,1028.6,1069.52,1091.76,1116.855,False,False,False,False,False,False,False,False,False,False,False,-0.0134744947064485,0.0009624639076034,,,-0.0293743984600577,-0.0507795957651588,-0.0105871029836381,0.0433108758421559,-0.0013556092914193,0.0874003499902781,1074.0,1112.0,0.4643485915492957,-0.000785399057521,0.0002983484666764,-5.061984110038553e-05
2010-02-03,1057.0,1073.0,1050.0,1065.0,106600.0,1065.0,1017.0,1027.8,1069.72,1090.5333333333333,1117.7,False,False,False,False,False,False,True,False,False,False,False,-0.028169014084507,-0.0244131455399061,,,-0.0044319248826291,-0.0239749608763693,-0.0300469483568075,0.0338028169014084,-0.0011248318865387,0.0821171434131154,1098.0,1111.0,0.5052132701421801,0.0001869648132221,0.0009723638707432,0.0002307774048806
2010-02-04,1070.0,1073.0,1056.0,1070.0,154100.0,1070.0,1039.2,1026.7,1069.6,1089.5333333333333,1118.395,False,False,False,False,True,False,False,False,False,True,False,-0.011214953271028,-0.0373831775700934,,,0.000373831775701,-0.0182554517133956,-0.0149532710280373,0.0401869158878504,-0.0009178241448938,0.0809389305542026,1088.0,1108.0,1.4455909943714822,-0.0001121914734481,-0.0002991562866703,0.0002070077416448
2010-02-05,1041.0,1054.0,1038.0,1042.0,104000.0,1042.0,1052.6,1025.7,1068.52,1088.12,1118.96,False,False,False,False,False,False,False,False,False,True,False,0.0019193857965451,0.0076775431861804,,,-0.025451055662188,-0.04426103646833,0.0268714011516314,0.0806142034548944,-0.0012988763494223,0.0787754704104513,1099.0,1112.0,0.6748864373783258,-0.0010107438325908,-0.0008985523591426,-0.0003810522045284
2010-02-08,1038.0,1042.0,1009.0,1037.0,124400.0,1037.0,1050.6,1024.8,1064.92,1086.64,1119.44,False,False,False,False,False,False,False,False,False,True,False,-0.0038572806171648,0.0067502410800385,,,-0.026923818707811,-0.0478688524590164,0.0308582449373191,0.0887174541947926,-0.0013619966134136,0.0768930523028883,1108.0,1172.0,1.196153846153846,-0.0033805356270892,-0.0023697917944984,-6.312026399131585e-05
2010-02-09,1014.0,1027.0,999.0,1025.0,125400.0,1025.0,1047.8,1025.2,1062.12,1085.12,1119.93,False,False,False,False,False,False,False,False,False,False,False,0.0146341463414634,0.0136585365853658,,,-0.0362146341463413,-0.0586536585365852,0.0448780487804878,0.0790243902439024,-0.0014007667354764,0.0763753413968005,1090.0,1165.0,1.0080385852090032,-0.0026362369600423,0.0007442986670469,-3.877012206281996e-05
2010-02-10,1049.0,1051.0,1031.0,1035.0,139200.0,1035.0,1041.8,1029.4,1059.6,1083.6,1120.37,False,False,False,False,False,False,False,False,False,False,True,0.0038647342995169,0.0115942028985507,,,-0.0237681159420289,-0.0469565217391303,0.0463768115942029,0.0801932367149758,-0.0014027316352897,0.0714979599766853,1073.0,1130.0,1.1100478468899522,-0.0023782559456398,0.0002579810144025,-1.964899813304728e-06
2010-02-12,1037.0,1065.0,1032.0,1058.0,121000.0,1058.0,1039.4,1039.3,1057.52,1082.4533333333334,1120.975,False,False,False,False,True,False,False,False,False,False,False,-0.0264650283553875,-0.0047258979206049,,,0.000453686200378,-0.0231127914303718,0.0170132325141776,0.0718336483931947,-0.0010593220338981,0.0647551236409121,1083.0,1116.0,0.8692528735632183,-0.001966865874877,0.0004113900707628,0.0003434096013915
2010-02-15,1060.0,1063.0,1036.0,1044.0,58400.0,1044.0,1039.8,1046.2,1054.84,1081.0666666666666,1121.46,False,False,False,False,False,False,False,False,False,True,False,0.0057471264367816,0.0047892720306513,,,-0.010383141762452,-0.0355044699872285,0.018199233716475,0.0613026819923371,-0.001282683769117,0.0602179315618428,1077.0,1112.0,0.4826446280991736,-0.0025406696750218,-0.0005738038001448,-0.0002233617352188
2010-02-16,1031.0,1054.0,1021.0,1033.0,63700.0,1033.0,1039.0,1044.8,1051.64,1079.88,1121.92,False,False,False,False,False,False,False,False,False,True,False,0.0106485963213939,0.0164569215876089,,,-0.0180445304937077,-0.0453823814133592,0.036786060019361,0.1151984511132623,-0.0010988875307131,0.0691998468606431,1070.0,1105.0,1.0907534246575343,-0.0030428663801299,-0.000502196705108,0.0001837962384038
2010-02-17,1038.0,1044.0,1024.0,1040.0,68200.0,1040.0,1042.0,1044.9,1048.52,1078.56,1122.405,False,False,False,False,False,False,False,False,False,False,False,-0.0009615384615384,0.0019230769230769,,,-0.0081923076923076,-0.037076923076923,0.0442307692307692,0.0990384615384615,-0.0012238540275924,0.0747439946406353,1065.0,1075.0,1.0706436420722134,-0.0029756227825889,6.724359754100477e-05,-0.0001249664968793
2010-02-18,1043.0,1043.0,1024.0,1039.0,55700.0,1039.0,1042.8,1042.3,1045.56,1077.72,1123.0,False,False,False,False,False,False,False,False,False,False,False,0.0076997112608277,-0.0202117420596727,,,-0.0063137632338786,-0.0372666025024061,0.0702598652550529,0.0895091434071222,-0.000779423226812,0.0803991173366592,1087.0,1063.0,0.8167155425219942,-0.0028310187841922,0.0001446039983966,0.0004444308007804
2010-02-19,1023.0,1041.0,1019.0,1030.0,91100.0,1030.0,1037.2,1038.3,1042.36,1076.8,1123.32,False,False,False,False,False,False,False,False,False,True,False,0.0223300970873786,0.0106796116504854,,,-0.0119999999999999,-0.0454368932038834,0.0815533980582524,0.103883495145631,-0.0008543833580981,0.0868727728016951,1087.0,1054.0,1.6355475763016158,-0.0030699566368625,-0.0002389378526703,-7.496013128605299e-05
2010-02-22,1040.0,1070.0,1040.0,1050.0,89400.0,1050.0,1038.4,1039.1,1040.64,1075.8,1123.73,False,False,False,False,True,False,False,False,False,False,False,-0.0009523809523809,0.0123809523809523,,,0.0089142857142856,-0.0245714285714285,0.1276190476190476,0.0914285714285714,-0.0009295408068414,0.0879607352516601,1085.0,1054.0,0.9813391877058176,-0.00165282902829,0.0014171276085724,-7.515744874328435e-05
2010-02-23,1040.0,1045.0,1030.0,1044.0,59800.0,1044.0,1040.6,1039.8,1038.96,1074.92,1124.335,False,False,False,False,False,False,False,False,False,False,False,0.0057471264367816,0.0047892720306513,,,0.0048275862068965,-0.0296168582375479,0.1867816091954023,0.1082375478927203,-0.0008186655751124,0.0899211386805154,1076.0,1038.0,0.668903803131991,-0.0016170016170016,3.582741128841239e-05,0.0001108752317289
2010-02-24,1015.0,1041.0,1015.0,1039.0,72800.0,1039.0,1040.4,1041.2,1037.48,1073.9466666666667,1125.005,False,False,False,False,False,False,False,False,False,False,False,0.0028873917228103,-0.0105871029836381,,,0.0014629451395572,-0.0336349053577158,0.1751684311838306,0.1174205967276227,-0.0009063144041914,0.0937379946215903,1060.0,1073.0,1.2173913043478262,-0.0014265335235378,0.0001904680934638,-8.764882907895985e-05
2010-02-25,1047.0,1052.0,1034.0,1047.0,74700.0,1047.0,1042.0,1042.4,1036.44,1073.0933333333332,1125.59,False,False,False,False,False,False,False,False,False,False,False,-0.0276981852913085,-0.0133715377268385,,,0.0100859598853867,-0.02492199936326,0.1967526265520534,0.099331423113658,-0.0007952088665789,0.0956446661550266,1060.0,1118.0,1.026098901098901,-0.0010034348346261,0.0004230986889116,0.0001111055376124
2010-02-26,1036.0,1054.0,1036.0,1053.0,63400.0,1053.0,1046.6,1041.9,1035.32,1072.36,1126.145,False,False,False,False,False,False,False,False,False,True,False,-0.0113960113960113,0.0009496676163342,,,0.0167901234567901,-0.0183855650522316,0.1889838556505223,0.1054131054131054,-0.0006838499508871,0.0990498128419232,1073.0,1069.0,0.8487282463186078,-0.0010817911370398,-7.835630241368472e-05,0.0001113589156918
2010-03-01,1046.0,1050.0,1040.0,1049.0,45200.0,1049.0,1046.4,1042.4,1035.2,1071.52,1126.48,False,False,False,False,False,False,False,False,False,False,False,0.0133460438512869,0.0200190657769304,,,0.0131553860819827,-0.0214680648236415,0.1954242135367016,0.1296472831267874,-0.000783933104375,0.1059094397544127,1069.0,1067.0,0.7129337539432177,-0.000115919629057,0.0009658715079827,-0.0001000831534878
2010-03-02,1038.0,1054.0,1035.0,1050.0,43000.0,1050.0,1047.6,1044.1,1035.36,1069.8933333333334,1126.755,False,False,False,False,False,False,True,False,False,False,False,-0.0009523809523809,0.018095238095238,,,0.0139428571428572,-0.0189460317460318,0.179047619047619,0.1504761904761904,-0.0015204007876173,0.1094722727708075,1127.0,1095.0,0.9513274336283186,0.0001545356204603,0.0002704552495174,-0.0007364676832423
2010-03-03,1050.0,1050.0,1038.0,1042.0,102800.0,1042.0,1048.2,1044.3,1036.2,1068.253333333333,1126.96,False,False,False,False,False,False,True,False,False,False,False,-0.0134357005758157,0.027831094049904,,,0.0055662188099807,-0.0251951375559818,0.1852207293666027,0.1247600767754318,-0.0015352163656563,0.1120367710428038,1095.0,1074.0,2.390697674418605,0.0008106543138391,0.0006561186933787,-1.4815578039043984e-05
2010-03-04,1036.0,1037.0,1015.0,1018.0,112200.0,1018.0,1042.4,1042.2,1037.2,1066.76,1127.23,False,False,False,False,False,False,True,False,False,False,False,0.0147347740667976,0.0638506876227897,,,-0.018860510805501,-0.0478978388998035,0.2111984282907662,0.1493123772102161,-0.0013998775107176,0.1179236231049701,1098.0,1098.0,1.0914396887159532,0.0009641342074816,0.0001534798936425,0.0001353388549387
2010-03-05,1029.0,1044.0,1028.0,1041.0,59300.0,1041.0,1040.0,1043.3,1040.48,1065.76,1127.39,False,False,False,False,False,False,True,False,True,False,False,0.0124879923150816,0.0336215177713736,,,0.0004995196926032,-0.0237848222862632,0.2007684918347742,0.0970220941402497,-0.0009382975529199,0.1172241924662129,1110.0,1088.0,0.5285204991087344,0.0031523912040596,0.0021882569965779,0.0004615799577976
2010-03-08,1070.0,1070.0,1043.0,1063.0,88100.0,1063.0,1042.8,1044.6,1044.0,1065.1066666666666,1127.825,False,False,False,False,False,False,True,False,False,False,False,0.0065851364063969,0.0,,,0.0178739416745061,-0.0019818124804012,0.1618062088428974,0.083725305738476,-0.0006133970932489,0.1164081945242199,1111.0,1099.0,1.4856661045531196,0.0033716475095785,0.0002192563055188,0.000324900459671
2010-03-09,1044.0,1059.0,1042.0,1049.0,56200.0,1049.0,1042.6,1045.1,1044.08,1064.36,1128.25,False,False,False,False,False,False,True,False,False,True,False,0.0190657769304099,0.0209723546234509,,,0.0046901811248809,-0.0146425166825547,0.1725452812202097,0.0829361296472831,-0.0007015170305786,0.1138647019423978,1113.0,1108.0,0.637911464245176,7.662248103586626e-05,-0.0032950250285426,-8.811993732967005e-05
2010-03-10,1044.0,1049.0,1022.0,1028.0,99300.0,1028.0,1039.8,1044.0,1043.64,1063.7333333333331,1128.545,False,False,False,False,False,False,False,False,False,True,False,0.041828793774319,0.056420233463035,,,-0.0152140077821012,-0.0347600518806742,0.2003891050583657,0.0768482490272373,-0.0005891200802207,0.1098659003831418,1118.0,1090.0,1.7669039145907472,-0.0004216013184621,-0.000498223799498,0.0001123969503579
2010-03-11,1040.0,1043.0,1027.0,1033.0,86300.0,1033.0,1042.8,1042.6,1042.36,1063.3333333333333,1128.845,False,False,False,False,False,False,False,False,False,True,False,0.0484027105517909,0.0764762826718296,,,-0.0090609874152951,-0.0293643110680864,0.1848983543078412,0.0648596321393998,-0.0003761755485892,0.1064646077114905,1113.0,1073.0,0.8690835850956697,-0.0012279826547451,-0.000806381336283,0.0002129445316314
2010-03-12,1048.0,1058.0,1037.0,1054.0,82300.0,1054.0,1045.4,1042.7,1041.72,1063.3333333333333,1129.225,False,False,False,False,False,False,False,False,False,False,False,0.0208728652751423,0.0569259962049335,,,0.011650853889943,-0.0088551549652118,0.1299810246679316,0.0455407969639468,0.0,0.100412390908219,1110.0,1083.0,0.9536500579374276,-0.0006143685443304,0.0006136141104147,0.0003761755485892
2010-03-15,1052.0,1073.0,1047.0,1070.0,100700.0,1070.0,1046.8,1044.8,1042.84,1063.5466666666666,1129.61,False,False,False,False,False,False,True,True,True,False,True,-0.0065420560747663,0.1065420560747663,,,0.0253831775700935,0.0060311526479751,0.1177570093457943,0.0392523364485981,0.0002005867161447,0.0912136294027564,1093.0,1077.0,1.2235722964763065,0.0010739902573739,0.0016883588017043,0.0002005867161447
2010-03-16,1076.0,1086.0,1065.0,1069.0,77600.0,1069.0,1050.8,1046.7,1044.12,1063.96,1130.025,False,False,False,False,False,False,True,True,False,False,False,0.0018709073900841,0.1590271281571562,,,0.0232740879326474,0.0047146866230121,0.1131898971000935,0.0570626753975678,0.0003884857826736,0.0817808350052545,1086.0,1070.0,0.7706057596822244,0.0012259127303374,0.0001519224729634,0.0001878990665288
2010-03-17,1076.0,1076.0,1052.0,1071.0,55800.0,1071.0,1059.4,1049.6,1045.96,1063.9333333333334,1130.19,False,False,False,False,False,False,True,False,False,False,False,0.0140056022408963,0.1400560224089636,,,0.0233800186741362,0.0065981948334888,0.1111111111111111,0.0270774976657329,-2.5064227081874564e-05,0.0719321646341463,1076.0,1065.0,0.7190721649484536,0.0017591494894643,0.0005332367591268,-0.0004135500097554
2010-03-18,1080.0,1087.0,1062.0,1083.0,124200.0,1083.0,1069.4,1056.1,1047.88,1063.4666666666667,1130.345,False,False,False,False,False,False,True,False,False,False,False,0.0267774699907663,0.1569713758079409,,,0.0324284395198521,0.0180363188673437,0.100646352723915,0.0415512465373961,-0.000438816449348,0.0613578259634506,1073.0,1087.0,2.225806451612903,0.0018322708707104,7.312138124609263e-05,-0.0004137522222661
2010-03-19,1080.0,1082.0,1061.0,1076.0,80600.0,1076.0,1073.8,1059.6,1048.6,1063.56,1130.32,False,False,False,False,False,False,True,True,False,True,False,0.0353159851301115,0.1635687732342007,,,0.0254646840148699,0.0115613382899628,0.1031598513011152,0.0436802973977695,8.775558815040849e-05,0.0560588901472254,1081.0,1087.0,0.6489533011272142,0.0006866297921035,-0.0011456410786068,0.0005265720374984
2010-03-23,1060.0,1070.0,1041.0,1063.0,186200.0,1063.0,1072.4,1059.6,1049.36,1063.506666666667,1130.465,False,False,False,False,False,False,True,False,False,False,False,0.1138287864534336,0.1796801505174035,,,0.0128316086547508,-0.0004766384446537,0.1232361241768579,0.0498588899341486,-5.014856512392097e-05,0.0526613816534543,1052.0,1085.0,2.3101736972704714,0.000724250972021,3.762117991746618e-05,-0.0001379041532743
2010-03-24,1076.0,1076.0,1048.0,1071.0,95200.0,1071.0,1072.8,1061.8,1050.88,1063.1866666666667,1130.59,False,False,False,False,False,False,True,False,True,False,True,0.1568627450980392,0.1559290382819794,,,0.0187861811391222,0.0072953625894801,0.1008403361344537,0.0317460317460317,-0.0003009819536238,0.0475607459031832,1046.0,1076.0,0.5112781954887218,0.0014464068209502,0.0007221558489292,-0.0002508333884999
2010-03-25,1081.0,1092.0,1072.0,1086.0,122400.0,1086.0,1075.8,1067.6,1052.72,1063.3466666666666,1130.63,False,False,False,False,False,False,True,True,False,False,False,0.1243093922651933,0.1372007366482504,,,0.0306445672191528,0.0208594229588705,0.0635359116022099,0.0267034990791896,0.0001504683326853,0.04261895841139,1021.0,1060.0,1.2857142857142858,0.0017478531803327,0.0003014463593825,0.0004514502863091
2010-03-26,1095.0,1113.0,1086.0,1112.0,121500.0,1112.0,1081.6,1075.5,1055.64,1063.5333333333333,1130.985,False,False,False,False,False,False,True,True,False,False,False,0.1267985611510791,0.1088129496402877,,,0.0506834532374099,0.0435851318944844,0.0674460431654676,-0.0125899280575539,0.0001755155770075,0.0347745234774524,993.0,1060.0,0.9926470588235294,0.0027660945019136,0.0010182413215808,2.5047244322166847e-05
2010-03-29,1116.0,1117.0,1106.0,1114.0,76100.0,1114.0,1089.2,1081.5,1059.0,1063.88,1131.22,False,False,False,False,False,False,True,True,False,False,False,0.1238779174147217,0.1220825852782764,,,0.0493716337522441,0.0449910233393176,0.0269299820466786,-0.0421903052064632,0.000325851286486,0.0257975034674064,959.0,1073.0,0.6263374485596708,0.0031728045325778,0.0004067100306642,0.0001503357094785
2010-03-30,1123.0,1197.0,1120.0,1184.0,272800.0,1184.0,1113.4,1092.9,1064.36,1065.013333333333,1131.675,False,False,False,False,False,False,True,True,False,False,False,0.0591216216216216,0.0430743243243243,,,0.1010472972972973,0.1004954954954957,-0.0363175675675675,-0.0869932432432432,0.0010641494316186,0.01226095708665,975.0,1069.0,3.584756898817345,0.0050358901123679,0.00186308557979,0.0007382981451326
2010-03-31,1175.0,1279.0,1175.0,1239.0,296700.0,1239.0,1147.0,1109.9,1072.16,1066.76,1132.51,True,True,False,False,False,False,True,True,False,False,False,-0.0008071025020177,-0.0072639225181598,,,0.1346569814366424,0.1390153349475383,-0.0887812752219531,-0.1315577078288942,0.0016373567312862,-0.0081088386341111,1047.0,1127.0,1.0876099706744868,0.0072750335770782,0.0022391434647103,0.0005732072996675
2010-04-01,1238.0,1238.0,1204.0,1221.0,158400.0,1221.0,1174.0,1124.9,1079.44,1068.506666666667,1133.08,False,False,False,False,False,False,True,True,False,True,False,0.0114660114660114,0.0106470106470106,,,0.1159377559377558,0.1248921648921647,-0.0647010647010647,-0.1367731367731367,0.0016346801766954,-0.0254244821761935,1039.0,1095.0,0.5338725985844287,0.0067442377529088,-0.0005307958241693,-2.67655459081236e-06
2010-04-02,1251.0,1255.0,1227.0,1253.0,148300.0,1253.0,1202.2,1141.9,1087.68,1070.9066666666668,1133.73,False,False,False,False,False,False,True,True,False,False,False,-0.0159616919393455,-0.023144453312051,,,0.1319393455706304,0.1453258845437615,-0.0710295291300878,-0.1412609736632083,0.0022410916606487,-0.044487258078641,1065.0,1098.0,0.9362373737373736,0.0075757575757575,0.0008315198228486,0.0006064114839533
2010-04-05,1250.0,1267.0,1237.0,1252.0,107100.0,1252.0,1229.8,1159.5,1095.64,1073.16,1134.46,False,False,False,False,False,False,True,True,False,True,False,-0.0015974440894568,-0.0487220447284345,,,0.1248881789137379,0.1428434504792331,-0.0918530351437699,-0.1445686900958466,0.0020997179668766,-0.0634756360500214,1070.0,1110.0,0.7221847606203641,0.0072651600890803,-0.0003105974866771,-0.0001413736937721
2010-04-06,1254.0,1259.0,1237.0,1254.0,109500.0,1254.0,1243.8,1178.6,1103.84,1075.52,1135.09,False,False,False,False,False,False,True,True,False,False,False,-0.0151515151515151,-0.0462519936204146,,,0.1197448165869219,0.1423285486443381,-0.0757575757575757,-0.1411483253588516,0.0021942874144598,-0.0819616494145595,1042.0,1111.0,1.022408963585434,0.0074286128424407,0.0001634527533603,9.456944758325352e-05
2010-04-07,1260.0,1260.0,1225.0,1238.0,254500.0,1238.0,1243.6,1195.3,1111.36,1077.76,1135.605,False,False,False,False,False,False,True,True,False,True,False,-0.0064620355411954,-0.0387722132471728,,,0.1022940226171244,0.1294345718901454,-0.0646203554119547,-0.1292407108239095,0.0020783847980997,-0.0970467665021333,1037.0,1113.0,2.324200913242009,0.0067664843075151,-0.0006621285349256,-0.0001159026163601
2010-04-08,1239.0,1246.0,1228.0,1235.0,83900.0,1235.0,1246.4,1210.2,1119.08,1080.0266666666666,1136.08,False,False,False,False,False,False,True,True,False,False,False,-0.0008097165991902,-0.0364372469635627,,,0.0938623481781377,0.1254844804318488,-0.1036437246963562,-0.1157894736842105,0.0020987136120095,-0.1100644521566683,1025.0,1118.0,0.3296660117878192,0.0068985237873968,0.0001320394798817,2.0328813909795043e-05
2010-04-09,1228.0,1239.0,1222.0,1233.0,89200.0,1233.0,1242.4,1222.3,1127.68,1081.9733333333334,1136.68,False,False,False,False,False,False,True,True,False,False,False,-0.0072992700729927,-0.0332522303325223,,,0.0854176804541767,0.1224871586915382,-0.089213300892133,-0.0875912408759124,0.0017991817420023,-0.1166653031170742,1035.0,1113.0,1.063170441001192,0.0076262769580023,0.0007277531706055,-0.0002995318700072
2010-04-12,1235.0,1258.0,1235.0,1250.0,70100.0,1250.0,1242.0,1235.9,1136.04,1084.1466666666668,1137.24,False,False,False,False,False,False,True,True,False,True,False,-0.0472,-0.0504,,,0.091168,0.1326826666666666,-0.1216,-0.104,0.0020046488175032,-0.1220972570596327,1058.0,1110.0,0.7858744394618834,0.0073588958135276,-0.0002673811444747,0.0002054670755009
2010-04-13,1250.0,1251.0,1221.0,1235.0,98600.0,1235.0,1238.2,1241.0,1142.92,1086.1466666666668,1137.8,False,False,False,False,False,False,True,True,False,True,False,-0.031578947368421,-0.0331983805668016,,,0.0745587044534412,0.1205290148448042,-0.1238866396761133,-0.0874493927125506,0.001841371944857,-0.1219983883964545,1044.0,1093.0,1.406562054208274,0.0060196689182095,-0.001339226895318,-0.0001632768726461
2010-04-14,1259.0,1259.0,1223.0,1230.0,82800.0,1230.0,1236.6,1240.1,1150.16,1088.2,1138.245,False,False,False,False,False,False,True,True,False,False,False,-0.032520325203252,-0.0414634146341463,,,0.0649105691056909,0.1152845528455284,-0.1276422764227642,-0.0967479674796747,0.0018869080438644,-0.1185388275139101,1033.0,1086.0,0.8397565922920892,0.0062947763789385,0.0002751074607289,4.5536099007393097e-05
2010-04-15,1222.0,1244.0,1222.0,1234.0,124200.0,1234.0,1236.4,1241.4,1158.4,1090.52,1138.68,False,False,False,False,False,False,True,True,False,False,False,-0.0356564019448946,-0.0640194489465154,,,0.0612641815235007,0.1162722852512155,-0.1215559157212317,-0.0988654781199351,0.0021274254484098,-0.1147897535041082,1040.0,1076.0,1.5,0.0071132596685082,0.0008184832895697,0.0002405174045454
2010-04-16,1245.0,1245.0,1221.0,1224.0,76600.0,1224.0,1234.6,1238.5,1166.04,1092.7066666666667,1139.15,False,False,False,False,False,False,True,True,False,True,False,-0.0261437908496732,-0.0302287581699346,,,0.0473529411764706,0.1072657952069716,-0.1004901960784313,-0.0800653594771241,0.0020011469988896,-0.1086798546628985,1039.0,1073.0,0.6167471819645732,0.0065520908373639,-0.0005611688311443,-0.0001262784495202
2010-04-19,1198.0,1205.0,1186.0,1191.0,159400.0,1191.0,1222.8,1232.4,1171.52,1094.28,1139.505,False,False,False,False,False,False,True,True,False,True,False,-0.0033585222502099,-0.0394626364399664,,,0.0163560033585222,0.0812090680100755,-0.0654911838790932,-0.070528967254408,0.0014377794836177,-0.1013469652710159,1030.0,1081.0,2.0809399477806787,0.00467768369298,-0.0018744071443838,-0.0005633675152718
2010-04-20,1201.0,1210.0,1193.0,1196.0,91400.0,1196.0,1215.0,1226.6,1176.56,1095.9733333333334,1139.905,False,False,False,False,False,False,True,True,False,True,False,-0.0016722408026755,-0.0459866220735785,,,0.0162541806020067,0.0836343366778149,-0.0585284280936454,-0.0811036789297658,0.0015450497579016,-0.0953040926137289,1050.0,1052.0,0.5734002509410289,0.0042836744407424,-0.0003940092522376,0.0001072702742839
2010-04-21,1205.0,1210.0,1172.0,1190.0,174000.0,1190.0,1207.0,1221.8,1181.4,1096.8133333333333,1140.055,False,False,False,False,False,False,True,True,False,True,False,-0.0092436974789915,-0.0512605042016806,,,0.0072268907563024,0.0783081232492997,-0.0512605042016806,-0.1201680672268907,0.0007658550224285,-0.094287117367818,1044.0,1046.0,1.903719912472648,0.0040968342644321,-0.0001868401763103,-0.0007791947354731
2010-04-22,1191.0,1205.0,1176.0,1190.0,208900.0,1190.0,1198.2,1217.3,1186.16,1098.08,1140.17,False,False,False,False,False,False,True,True,False,True,False,-0.0294117647058823,-0.0403361344537815,,,0.0032268907563024,0.0772436974789916,-0.0705882352941176,-0.1142857142857142,0.001153528583224,-0.0940606259755195,1039.0,1021.0,1.200574712643678,0.0040129493491603,-8.388491527184551e-05,0.0003876735607955
2010-04-23,1178.0,1194.0,1174.0,1192.0,113700.0,1192.0,1191.8,1213.2,1190.52,1099.3333333333333,1140.2,False,False,False,False,False,False,True,True,False,True,False,-0.0041946308724832,-0.023489932885906,,,0.001241610738255,0.0777404921700224,-0.0620805369127516,-0.1132550335570469,0.0011400848999393,-0.0966040224200461,1047.0,993.0,0.5442795595978938,0.0036622652286395,-0.0003506841205208,-1.344368328468331e-05
2010-04-26,1199.0,1212.0,1172.0,1187.0,171300.0,1187.0,1191.0,1206.9,1194.96,1100.36,1140.24,False,False,False,False,False,False,True,True,False,False,False,-0.0362257792754844,-0.04212299915754,,,-0.0067059814658804,0.0729907329401854,-0.0446503791069924,-0.109519797809604,0.000933027978722,-0.0971082939763029,1053.0,959.0,1.5065963060686016,0.0037156055432818,5.33403146423272e-05,-0.0002070569212172
2010-04-27,1188.0,1209.0,1177.0,1194.0,127600.0,1194.0,1190.6,1202.8,1200.2,1101.4666666666667,1140.265,False,False,False,False,False,False,True,True,False,False,False,-0.0443886097152428,-0.0293132328308207,,,-0.0051926298157454,0.0774986041317699,-0.0720268006700167,-0.1206030150753768,0.0010047209780899,-0.1004323245759893,1049.0,975.0,0.7448920023350847,0.0043659390101649,0.0006503334668831,7.169299936784482e-05
2010-04-28,1189.0,1189.0,1168.0,1179.0,118700.0,1179.0,1188.4,1197.7,1204.52,1102.3466666666666,1140.275,False,False,False,False,False,False,True,True,False,True,False,-0.0424088210347752,-0.0178117048346055,,,-0.0216454622561492,0.0650155499010461,-0.0229007633587786,-0.1034775233248515,0.0007982969664714,-0.1011104617182935,1050.0,1047.0,0.9302507836990596,0.0035864908843356,-0.0007794481258293,-0.0002064240116185
2010-04-30,1132.0,1167.0,1120.0,1155.0,250000.0,1155.0,1181.4,1189.8,1207.28,1102.84,1140.13,False,False,False,False,False,False,True,True,False,True,False,-0.0112554112554112,-0.0415584415584415,,,-0.0452640692640692,0.0451601731601732,-0.0103896103896103,-0.0857142857142857,0.0004473299239539,-0.0998487140695914,1042.0,1039.0,2.1061499578770007,0.0022861308064409,-0.0013003600778946,-0.0003509670425175
2010-05-06,1155.0,1188.0,1128.0,1187.0,295900.0,1187.0,1180.4,1186.1,1210.28,1103.8266666666666,1140.13,False,False,False,False,False,False,True,True,False,False,False,-0.0193765796124684,-0.0539174389216512,,,-0.0196124684077506,0.0700702049985959,-0.046335299073294,-0.1213142375737152,0.0008938601471245,-0.1040384453250146,1018.0,1065.0,1.1836,0.0024787652444062,0.0001926344379653,0.0004465302231706
2010-05-07,1170.0,1170.0,1117.0,1144.0,200100.0,1144.0,1171.8,1181.4,1211.48,1104.28,1140.115,False,False,False,False,False,False,True,True,False,True,False,-0.0061188811188811,-0.0402097902097902,,,-0.058986013986014,0.0347202797202797,-0.0061188811188811,-0.097027972027972,0.000410523900943,-0.106737768748942,1041.0,1070.0,0.6762419736397431,0.0009905239871892,-0.0014882412572169,-0.0004833362461815
2010-05-10,1154.0,1159.0,1122.0,1141.0,244900.0,1141.0,1161.2,1175.9,1209.76,1104.92,1140.09,False,False,False,False,False,False,False,True,False,True,False,0.0157756354075372,-0.0517090271691498,,,-0.0602629272567922,0.031621384750219,0.0043821209465381,-0.1042944785276073,0.0005792274553814,-0.10910791733991,1063.0,1042.0,1.223888055972014,-0.0014217696071948,-0.002412293594384,0.0001687035544384
2010-05-11,1151.0,1160.0,1128.0,1129.0,94800.0,1129.0,1151.2,1169.8,1205.36,1105.493333333333,1139.995,False,False,False,False,False,False,False,True,False,True,False,0.0256864481842338,-0.049601417183348,,,-0.0676350752878652,0.0208207853557722,0.024800708591674,-0.0974313551815766,0.0005186221536083,-0.106855872798769,1049.0,1037.0,0.3870967741935484,-0.0036503617176611,-0.0022285921104663,-6.060530177309613e-05
2010-05-12,1155.0,1162.0,1125.0,1142.0,117700.0,1142.0,1148.6,1165.0,1202.2,1106.3733333333332,1140.28,False,False,False,False,False,False,False,True,False,False,False,-0.0306479859894921,-0.0507880910683012,,,-0.0527145359019264,0.0311967308814945,0.0166374781085814,-0.0963222416812609,0.0007953915495674,-0.1050643776824035,1028.0,1025.0,1.2415611814345993,-0.0026285143902843,0.0010218473273768,0.000276769395959
2010-05-13,1160.0,1172.0,1157.0,1164.0,191400.0,1164.0,1144.0,1162.2,1198.64,1107.5866666666666,1140.555,False,False,False,False,False,False,False,True,False,True,False,-0.0352233676975945,-0.0541237113402061,,,-0.0297594501718213,0.0484650630011455,-0.011168384879725,-0.1065292096219931,0.0010954748462122,-0.1043710204784029,1033.0,1035.0,1.6261682242990654,-0.0029700327037308,-0.0003415183134464,0.0003000832966447
2010-05-14,1165.0,1166.0,1130.0,1137.0,230000.0,1137.0,1142.6,1157.2,1194.04,1108.3333333333333,1140.71,False,False,False,False,False,False,False,True,False,True,False,-0.0343007915567282,-0.021108179419525,,,-0.0501671064204045,0.0252125476399883,0.0237467018469656,-0.0589270008795074,0.0006736842105263,-0.0993778085032837,1054.0,1058.0,1.2016718913270636,-0.0038524672540284,-0.0008824345502976,-0.0004217906356858
2010-05-17,1142.0,1172.0,1140.0,1159.0,210900.0,1159.0,1146.2,1153.7,1190.24,1109.76,1140.91,False,False,False,False,False,False,False,True,False,False,False,-0.0664365832614322,-0.0284728213977566,,,-0.0269542709232096,0.0424849007765315,0.0224331320103537,-0.0966350301984469,0.0012855632449058,-0.0969056080436854,1070.0,1044.0,0.9169565217391304,-0.0031926334184701,0.0006598338355582,0.0006118790343795
2010-05-18,1160.0,1178.0,1141.0,1158.0,292200.0,1158.0,1152.0,1151.6,1187.04,1111.253333333333,1141.04,False,False,False,False,False,False,False,True,False,False,False,-0.0734024179620034,-0.0250431778929188,,,-0.0250777202072538,0.0403684513529075,0.0431778929188255,-0.0863557858376511,0.001343827990017,-0.0951719346995483,1069.0,1033.0,1.3854907539118066,-0.0026957811025745,0.0004968523158956,5.8264745111213326e-05
2010-05-19,1131.0,1151.0,1085.0,1107.0,305300.0,1107.0,1145.0,1146.8,1181.92,1112.4,1140.75,False,False,False,False,False,False,False,True,False,True,False,-0.020776874435411,-0.000903342366757,,,-0.0676784101174345,-0.0048780487804878,0.058717253839205,-0.024390243902439,0.0010308042670505,-0.089291942797349,1071.0,1040.0,1.0448323066392882,-0.0043319344794909,-0.0016361533769163,-0.0003130237229665
2010-05-20,1116.0,1140.0,1105.0,1123.0,159700.0,1123.0,1136.8,1140.4,1177.52,1114.1333333333334,1140.575,False,False,False,False,False,False,False,True,False,False,False,-0.0195903829029385,-0.0044523597506678,,,-0.0485485307212822,0.0078955179578509,0.0418521816562778,-0.0267141585040071,0.0015557683101962,-0.0797965626096106,1083.0,1039.0,0.5230920406157877,-0.0037366668931314,0.0005952675863595,0.0005249640431457
2010-05-21,1123.0,1127.0,1087.0,1098.0,229800.0,1098.0,1129.0,1135.8,1171.44,1115.986666666667,1140.335,False,False,False,False,False,False,False,True,False,True,False,0.0136612021857923,0.0327868852459016,,,-0.0668852459016394,-0.0163812993321192,0.0400728597449908,0.0036429872495446,0.0016607127922676,-0.0699947173798204,1076.0,1030.0,1.4389480275516593,-0.005190193266407,-0.0014535263732756,0.0001049444820713
2010-05-24,1085.0,1096.0,1067.0,1082.0,139400.0,1082.0,1113.6,1129.9,1165.32,1117.4133333333334,1140.05,False,False,False,False,False,False,False,True,False,True,False,0.0406654343807763,0.0240295748613678,,,-0.0770055452865064,-0.0327295132470733,0.0646950092421441,0.0120147874306839,0.0012767582273344,-0.0586777590937252,1063.0,1050.0,0.6066144473455178,-0.0052517763361137,-6.158306970669315e-05,-0.0003839545649332
2010-05-25,1089.0,1120.0,1062.0,1073.0,189800.0,1073.0,1096.6,1124.3,1159.04,1117.76,1139.755,False,False,False,False,False,False,False,True,False,True,False,0.0521901211556384,0.0736253494874184,,,-0.0801863932898415,-0.0417148182665423,0.0587138863000931,-0.0027958993476234,0.0003101440977191,-0.0494529929734055,1071.0,1044.0,1.3615494978479197,-0.0054182771949199,-0.0001665008588061,-0.0009666141296152
2010-05-26,1057.0,1089.0,1054.0,1084.0,179200.0,1084.0,1092.0,1118.5,1153.04,1118.36,1139.27,False,False,False,False,False,False,False,True,False,False,False,0.0202952029520295,0.0544280442804428,,,-0.0636900369003689,-0.0316974169741696,0.0212177121771217,0.007380073800738,0.0005364998748166,-0.0391595887349127,1086.0,1039.0,0.9441517386722866,-0.0052036356067439,0.0002146415881759,0.0002263557770974
2010-05-27,1087.0,1129.0,1074.0,1101.0,213000.0,1101.0,1087.6,1112.2,1148.12,1118.84,1138.76,False,False,False,False,False,False,False,True,False,False,False,0.0154405086285195,0.028156221616712,,,-0.0427974568574022,-0.016203451407811,-0.0009082652134423,0.0,0.0004290157663294,-0.028232332314332,1112.0,1047.0,1.1886160714285714,-0.0042852663484653,0.0009183692582785,-0.0001074841084871
2010-05-28,1131.0,1138.0,1084.0,1113.0,231300.0,1113.0,1090.6,1109.8,1145.0,1119.4133333333334,1138.37,False,False,False,False,False,False,False,True,False,False,False,0.0188679245283018,0.0215633423180593,,,-0.0287511230907457,-0.0057622042527703,-0.0098831985624438,-0.0296495956873315,0.0005121730430226,-0.0252297711299333,1114.0,1053.0,1.0859154929577466,-0.0027248908296942,0.0015603755187711,8.315727669325028e-05
2010-05-31,1118.0,1136.0,1095.0,1126.0,99300.0,1126.0,1099.4,1106.5,1142.2,1120.5333333333333,1137.9,False,False,False,False,False,False,False,True,False,False,False,-0.0159857904085257,0.0177619893428063,,,-0.0143872113676732,0.0048549437537004,-0.0124333925399644,-0.0559502664298401,0.0009995240361731,-0.0208766380478987,1184.0,1049.0,0.4293125810635538,-0.0024514095604972,0.0002734812691969,0.0004873509931504
2010-06-01,1148.0,1148.0,1109.0,1129.0,168100.0,1129.0,1110.6,1103.6,1139.76,1121.76,1137.39,False,False,False,False,False,False,False,True,False,False,False,0.0203720106288751,0.024800708591674,,,-0.0095305580159433,0.0064127546501328,0.0008857395925597,-0.0575730735163861,0.0010935197071269,-0.017760057992026,1239.0,1050.0,1.6928499496475329,-0.0021408015722608,0.0003106079882363,9.399567095376124e-05
2010-06-02,1110.0,1130.0,1096.0,1106.0,164300.0,1106.0,1115.0,1103.5,1136.4,1122.84,1136.78,False,False,False,False,False,False,False,True,False,True,False,0.0334538878842676,0.0497287522603978,,,-0.0274864376130199,-0.0152260397830017,-0.0054249547920434,-0.0687160940325497,0.0009618467457517,-0.0222020842772995,1221.0,1042.0,0.9773944080904224,-0.0029567053854275,-0.0008159038131667,-0.0001316729613751
2010-06-03,1109.0,1130.0,1091.0,1118.0,98100.0,1118.0,1118.4,1103.0,1133.44,1123.9466666666667,1136.225,False,False,False,False,False,False,False,True,False,False,False,0.0125223613595706,0.0295169946332737,,,-0.0138103756708408,-0.0053190220632081,0.0089445438282647,-0.0751341681574239,0.000984625605011,-0.0271078875793291,1253.0,1018.0,0.5970785149117468,-0.0026115189158667,0.0003451864695608,2.2778859259250985e-05
2010-06-04,1130.0,1145.0,1116.0,1134.0,152100.0,1134.0,1122.6,1106.6,1131.32,1124.96,1135.715,False,False,False,False,True,False,False,True,False,False,True,0.0026455026455026,0.0264550264550264,,,0.002363315696649,0.0079717813051146,-0.009700176366843,-0.0793650793650793,0.0009007727682169,-0.0355141876016627,1252.0,1041.0,1.5504587155963303,-0.0018739171940742,0.0007376017217924,-8.385283679409662e-05
2010-06-07,1134.0,1134.0,1106.0,1108.0,71200.0,1108.0,1119.0,1109.2,1127.88,1125.8133333333333,1135.12,False,False,False,False,False,False,False,True,False,True,False,0.0342960288808664,0.0694945848375451,,,-0.0179422382671481,-0.0160770156438025,0.0072202166064981,-0.0532490974729241,0.0007579705338954,-0.0419221060223584,1254.0,1063.0,0.4681130834976988,-0.0030499698549489,-0.0011760526608746,-0.0001428022343215
2010-06-08,1113.0,1154.0,1113.0,1152.0,176100.0,1152.0,1123.6,1117.1,1126.8,1127.4,1134.76,False,False,True,False,False,False,False,True,False,False,False,0.0043402777777777,0.0486111111111111,,,0.021875,0.0213541666666665,-0.0407986111111111,-0.0998263888888889,0.0014073679853351,-0.0516515978873868,1238.0,1049.0,2.473314606741573,-0.0009584664536742,0.0020915034012746,0.0006493974514397
2010-06-09,1141.0,1160.0,1136.0,1143.0,135400.0,1143.0,1131.0,1123.0,1126.32,1128.7733333333333,1134.3,False,False,False,False,False,False,False,True,False,False,False,0.0157480314960629,0.0253718285214348,,,0.0145931758530184,0.0124467774861475,-0.0244969378827646,-0.0769903762029746,0.001216659973068,-0.0599287622439892,1235.0,1028.0,0.7688813174332766,-0.0004261666311527,0.0005322998225214,-0.0001907080122671
2010-06-10,1139.0,1148.0,1116.0,1132.0,122000.0,1132.0,1133.8,1126.1,1124.12,1130.013333333333,1133.755,False,False,False,False,False,False,False,True,False,True,False,0.0167844522968197,0.0335689045936395,,,0.0069611307420495,0.0017550058892817,-0.0300353356890459,-0.0750883392226148,0.0010973321848707,-0.0673119616375099,1233.0,1033.0,0.9010339734121122,-0.0019570864320535,-0.0015309198009007,-0.0001193277881972
2010-06-11,1144.0,1150.0,1130.0,1137.0,111200.0,1137.0,1134.4,1128.5,1123.84,1131.44,1133.165,False,False,False,False,False,False,False,True,False,False,False,0.0237467018469656,0.0043975373790677,,,0.0115743183817063,0.0048900615655232,-0.0615655233069481,-0.0677220756376429,0.0012609300242761,-0.071067789100576,1250.0,1054.0,0.9114754098360656,-0.0002491457858769,0.0017079406461765,0.0001635978394053
2010-06-14,1147.0,1151.0,1132.0,1146.0,87300.0,1146.0,1142.0,1130.5,1124.04,1132.72,1132.605,False,False,False,False,False,False,True,True,False,False,False,0.0340314136125654,0.0052356020942408,,,0.0191623036649215,0.011588132635253,-0.056719022687609,-0.0785340314136125,0.0011300233067306,-0.0733303847854932,1235.0,1070.0,0.7850719424460432,0.0001779296110459,0.0004270753969228,-0.0001309067175454
2010-06-15,1146.0,1160.0,1142.0,1157.0,124100.0,1157.0,1143.0,1133.3,1125.16,1134.2266666666667,1132.28,False,False,False,False,False,False,True,True,False,False,False,0.0440795159896283,-0.0181503889369057,,,0.0275194468452894,0.0196830884471333,-0.0700086430423509,-0.0976663785652549,0.0013283647007652,-0.0773846289596753,1230.0,1069.0,1.4215349369988546,0.0009954139855666,0.0008174843745206,0.0001983413940345
2010-06-16,1173.0,1176.0,1152.0,1161.0,141800.0,1161.0,1146.6,1138.8,1125.92,1135.8533333333332,1131.59,False,False,False,False,False,False,True,True,False,True,False,0.0094745908699397,-0.0465116279069767,,,0.0302153316106803,0.0216594889463107,-0.0921619293712317,-0.1188630490956072,0.0014321097794315,-0.0824552160168597,1234.0,1071.0,1.1426269137792102,0.0006750035526502,-0.0003204104329163,0.0001037450786662
2010-06-17,1161.0,1161.0,1137.0,1151.0,195100.0,1151.0,1150.4,1142.1,1125.4,1137.24,1130.895,False,False,False,False,False,False,False,True,False,True,False,0.0165073848827106,-0.0443092962641181,,,0.0222415291051258,0.0119548218940052,-0.0651607298001737,-0.1059947871416159,0.001219326322207,-0.085544173014622,1224.0,1083.0,1.3758815232722144,-0.0004620579349564,-0.0011370614876067,-0.0002127834572244
2010-06-18,1160.0,1169.0,1153.0,1164.0,105100.0,1164.0,1155.8,1145.1,1126.48,1138.72,1130.35,False,False,False,False,False,False,True,True,False,False,False,-0.0189003436426116,-0.0532646048109965,,,0.032233676975945,0.0217182130584192,-0.0798969072164948,-0.1116838487972508,0.0012997049318533,-0.0888132040869791,1191.0,1076.0,0.5386981035366478,0.0009587387259426,0.0014207966608991,8.037860964625371e-05
2010-06-21,1163.0,1188.0,1163.0,1185.0,82100.0,1185.0,1163.6,1152.8,1127.52,1140.5333333333333,1129.865,False,False,False,False,False,False,True,True,False,True,False,-0.0278481012658227,-0.0616033755274261,,,0.048506329113924,0.0375246132208157,-0.0911392405063291,-0.1316455696202531,0.0015898994622398,-0.0966342817487854,1196.0,1063.0,0.7811607992388202,0.0009223783170143,-3.636040892839509e-05,0.0002901945303865
2010-06-22,1185.0,1213.0,1185.0,1208.0,138100.0,1208.0,1173.8,1158.4,1129.52,1142.64,1129.335,False,False,False,False,False,False,True,True,True,False,False,-0.0596026490066225,-0.064569536423841,,,0.0649668874172185,0.0541059602649005,-0.1076158940397351,-0.1274834437086092,0.0018436836332237,-0.0995338397790056,1190.0,1071.0,1.682095006090134,0.001770663644734,0.0008482853277197,0.0002537841709839
2010-06-23,1178.0,1187.0,1165.0,1172.0,80000.0,1172.0,1176.0,1161.3,1132.12,1144.3733333333332,1128.77,False,False,False,False,False,False,True,True,False,False,False,-0.0554607508532423,-0.0614334470989761,,,0.0340273037542663,0.0235722411831627,-0.068259385665529,-0.1151877133105802,0.0015146572214193,-0.103332472229398,1190.0,1086.0,0.5792903692976105,0.002296576334664,0.00052591268993,-0.0003290264118043
2010-06-24,1164.0,1174.0,1164.0,1170.0,56000.0,1170.0,1179.8,1165.1,1134.0,1146.4,1128.25,False,False,False,False,False,False,True,True,False,True,False,-0.0598290598290598,-0.0358974358974358,,,0.0307692307692307,0.02017094017094,-0.0384615384615384,-0.1128205128205128,0.0017678529890674,-0.1070294395330871,1192.0,1112.0,0.7,0.001657848324515,-0.000638728010149,0.000253195767648
2010-06-25,1140.0,1148.0,1122.0,1142.0,122800.0,1142.0,1175.4,1165.6,1135.76,1147.746666666667,1127.655,False,False,False,False,False,False,True,True,False,True,False,-0.0350262697022767,-0.0166374781085814,,,0.0054640980735551,-0.0050321074138939,-0.0192644483362521,-0.0770577933450087,0.0011733135070458,-0.1079272477693891,1187.0,1114.0,2.192857142857143,0.0015496231598224,-0.0001082251646925,-0.0005945394820215
2010-06-28,1137.0,1155.0,1130.0,1152.0,95600.0,1152.0,1168.8,1166.2,1138.56,1148.9333333333334,1127.05,False,False,False,False,False,False,True,True,False,False,False,-0.0347222222222222,-0.03125,,,0.0116666666666667,0.0026620370370369,-0.0217013888888888,-0.1050347222222222,0.0010328420563999,-0.1105299262562168,1194.0,1184.0,0.7785016286644951,0.002459246767847,0.0009096236080245,-0.0001404714506458
2010-06-29,1157.0,1157.0,1131.0,1136.0,85400.0,1136.0,1154.4,1164.1,1141.08,1150.0933333333332,1126.345,False,False,False,False,False,False,True,True,False,True,False,-0.005281690140845,-0.0272887323943661,,,-0.0044718309859154,-0.0124061032863849,-0.0220070422535211,-0.0827464788732394,0.0010086137936629,-0.1090971566016665,1179.0,1239.0,0.893305439330544,0.0022084341150488,-0.0002508126527981,-2.422826273699497e-05
2010-06-30,1109.0,1129.0,1103.0,1107.0,96500.0,1107.0,1141.4,1158.7,1142.0,1151.1466666666668,1125.405,False,False,False,False,False,False,True,True,False,True,False,-0.006323396567299,0.007226738934056,,,-0.031616982836495,-0.0398795543510991,0.004516711833785,-0.050587172538392,0.0009150296515939,-0.1025286959523603,1155.0,1221.0,1.129976580796253,0.0008056042031524,-0.0014028299118964,-9.358414206906797e-05
2010-07-01,1107.0,1108.0,1092.0,1100.0,55600.0,1100.0,1127.4,1153.6,1141.96,1152.04,1124.69,False,False,False,False,False,False,False,True,False,True,False,0.0254545454545454,-0.0018181818181818,,,-0.0381454545454545,-0.0473090909090908,0.0236363636363636,-0.0654545454545454,0.0007754360381004,-0.0986477115117891,1187.0,1253.0,0.5761658031088083,-3.502749658478722e-05,-0.0008406316997372,-0.0001395936134935
2010-07-02,1091.0,1108.0,1086.0,1102.0,52800.0,1102.0,1119.4,1147.4,1141.52,1152.68,1124.0,False,False,False,False,False,False,False,True,False,True,False,0.0190562613430127,-0.0317604355716878,,,-0.0358620689655172,-0.045989110707804,0.0045372050816696,-0.0789473684210526,0.0005552278169137,-0.0954331532159665,1144.0,1252.0,0.9496402877697842,-0.0003854509776438,-0.0003504234810591,-0.0002202082211867
2010-07-05,1100.0,1116.0,1091.0,1112.0,32500.0,1112.0,1111.4,1140.1,1140.96,1153.24,1123.46,False,False,False,False,False,False,False,True,False,True,False,0.0035971223021582,-0.0278776978417266,,,-0.0260431654676259,-0.0370863309352518,-0.0116906474820143,-0.0926258992805755,0.0004855884291213,-0.0913954916235416,1141.0,1254.0,0.615530303030303,-0.000490814752489,-0.0001053637748451,-6.963938779232964e-05
2010-07-06,1099.0,1140.0,1091.0,1130.0,69900.0,1130.0,1110.2,1132.3,1141.0,1154.0533333333333,1122.985,False,False,False,False,False,False,True,True,False,False,False,-0.0221238938053097,-0.047787610619469,,,-0.0097345132743362,-0.0212861356932152,-0.0734513274336283,-0.1088495575221239,0.0007047623448944,-0.0892872913538814,1129.0,1238.0,2.1507692307692308,3.5056967572273114e-05,0.0005258717200613,0.000219173915773
2010-07-07,1117.0,1119.0,1084.0,1100.0,107000.0,1100.0,1108.8,1125.1,1140.76,1154.44,1122.14,False,False,False,False,False,False,False,True,False,True,False,0.0136363636363636,-0.0418181818181818,,,-0.0370545454545454,-0.0494909090909091,-0.0418181818181818,-0.0845454545454545,0.0003349387293118,-0.0861256777175361,1142.0,1235.0,1.530758226037196,-0.0002103860584172,-0.0002454430259894,-0.0003698236155826
2010-07-08,1127.0,1135.0,1118.0,1128.0,54700.0,1128.0,1114.4,1120.9,1141.16,1155.04,1121.49,False,False,False,False,False,False,True,True,False,False,False,-0.026595744680851,-0.0460992907801418,,,-0.0116666666666667,-0.0239716312056737,-0.0629432624113475,-0.1179078014184397,0.0005194625294361,-0.0865376037113035,1164.0,1233.0,0.5112149532710281,0.0003505205229767,0.0005609065813939,0.0001845238001242
2010-07-09,1128.0,1128.0,1113.0,1123.0,42300.0,1123.0,1118.6,1119.0,1140.72,1155.6666666666667,1120.66,False,False,False,False,False,False,False,True,False,True,False,-0.0498664292074799,-0.0463045414069456,,,-0.0157791629563668,-0.02908875037103,-0.0587711487088156,-0.1255565449688334,0.0005422555523508,-0.09142091152815,1137.0,1250.0,0.773308957952468,-0.0003857212988288,-0.0007362418218055,2.2793022914701288e-05
2010-07-12,1117.0,1123.0,1115.0,1116.0,22800.0,1116.0,1119.4,1115.4,1141.04,1156.3733333333332,1119.745,False,False,False,False,False,False,True,True,False,False,False,-0.0313620071684587,-0.0349462365591397,,,-0.022437275985663,-0.0361768219832734,-0.0591397849462365,-0.1586021505376344,0.0006111059865324,-0.0967365967365968,1159.0,1235.0,0.5390070921985816,0.0002804459089952,0.0006661672078241,6.885043418161261e-05
2010-07-13,1128.0,1128.0,1098.0,1105.0,38700.0,1105.0,1114.4,1112.3,1139.16,1156.8266666666666,1118.815,False,False,False,False,False,False,False,True,False,True,False,-0.0262443438914027,-0.0244343891402714,,,-0.0309140271493213,-0.0469019607843136,-0.0434389140271493,-0.1601809954751131,0.0003918766280169,-0.1044682190056638,1158.0,1230.0,1.6973684210526316,-0.0016503388461672,-0.0019307847551624,-0.0002192293585155
2010-07-14,1108.0,1122.0,1102.0,1115.0,44900.0,1115.0,1117.4,1113.1,1138.04,1157.2133333333334,1118.085,False,False,False,False,False,False,False,True,False,False,False,-0.0547085201793721,-0.0206278026905829,,,-0.0206636771300448,-0.0378594917787743,-0.052914798206278,-0.1946188340807174,0.0003341360279292,-0.1188572455305003,1107.0,1234.0,1.1602067183462532,-0.0009841481845981,0.000666190661569,-5.7740600087658194e-05
2010-07-15,1114.0,1114.0,1087.0,1098.0,50100.0,1098.0,1111.4,1112.9,1136.68,1157.0266666666666,1117.36,False,False,False,False,False,False,False,False,False,True,False,-0.0200364298724954,0.0245901639344262,,,-0.0352276867030965,-0.0537583485124468,-0.0500910746812386,-0.1821493624772313,-0.0001613330721274,-0.1303800880582263,1123.0,1224.0,1.1158129175946547,-0.0011964669036139,-0.0002123187190157,-0.0004954691000567
2010-07-16,1080.0,1085.0,1062.0,1067.0,50300.0,1067.0,1100.2,1109.4,1133.88,1156.4,1116.395,False,False,False,False,False,False,False,False,False,True,False,0.0037488284910965,0.049671977507029,,,-0.0626804123711341,-0.0837863167760075,-0.0318650421743205,-0.162136832239925,-0.0005419116799261,-0.1385433567694249,1098.0,1191.0,1.003992015968064,-0.002469397114333,-0.0012729302107191,-0.0003805786077986
2010-07-20,1049.0,1082.0,1049.0,1081.0,89500.0,1081.0,1093.2,1106.3,1131.28,1155.0266666666666,1115.405,False,False,False,False,False,False,False,False,False,False,False,-0.003700277520814,0.0425531914893617,,,-0.0465124884366327,-0.0684798026518655,-0.0545790934320074,-0.1868640148011101,-0.0011890057372413,-0.1478803217933652,1082.0,1196.0,1.779324055666004,-0.0022982815925324,0.0001711155218005,-0.0006470940573152
2010-07-21,1093.0,1093.0,1067.0,1076.0,46700.0,1076.0,1087.4,1100.9,1128.04,1152.8533333333332,1114.37,False,False,False,False,False,False,False,False,False,True,False,0.0018587360594795,0.0325278810408921,,,-0.0483643122676579,-0.0714250309789342,-0.0529739776951672,-0.1719330855018587,-0.001885177646188,-0.1542374420928332,1073.0,1190.0,0.5217877094972067,-0.0028722385731002,-0.0005739569805677,-0.0006961719089466
2010-07-22,1077.0,1077.0,1050.0,1054.0,74300.0,1054.0,1075.2,1096.3,1123.76,1150.6266666666668,1113.215,False,False,False,False,False,False,False,False,False,True,False,0.0360531309297912,0.0550284629981024,,,-0.0661859582542694,-0.0916761543327009,-0.0208728652751423,-0.1432637571157495,-0.0019351773526308,-0.1601751345434643,1084.0,1190.0,1.5910064239828694,-0.0038086424147504,-0.0009364038416502,-4.999970644278123e-05
2010-07-23,1076.0,1086.0,1062.0,1076.0,65300.0,1076.0,1070.8,1091.1,1120.76,1148.2666666666669,1112.45,False,False,False,False,False,False,False,False,False,False,False,0.045539033457249,0.0464684014869888,,,-0.0415985130111524,-0.0671623296158614,-0.0334572490706319,-0.1561338289962825,-0.0020552717138875,-0.1641462744019796,1101.0,1192.0,0.8788694481830417,-0.002676755059067,0.0011318873556833,-0.0001200943612566
2010-07-26,1088.0,1105.0,1062.0,1071.0,99400.0,1071.0,1071.6,1085.9,1117.04,1145.8533333333332,1111.715,False,False,False,False,False,False,False,False,False,True,False,0.0457516339869281,0.0336134453781512,,,-0.0429878618113911,-0.0698910675381262,-0.0009337068160597,-0.1643323996265172,-0.0021061450563774,-0.168155447094576,1113.0,1187.0,1.5222052067381318,-0.0033302298932894,-0.0006534748342223,-5.087334248995382e-05
2010-07-27,1074.0,1081.0,1063.0,1077.0,43400.0,1077.0,1070.8,1082.0,1112.72,1143.493333333333,1110.985,False,False,False,False,False,False,False,False,False,True,False,0.0464252553389043,0.0204271123491179,,,-0.0331662024141133,-0.0617393995666974,-0.0278551532033426,-0.1559888579387186,-0.002063851122875,-0.1679297597042514,1126.0,1194.0,0.4366197183098591,-0.003882378316198,-0.0005521484229086,4.2293933502420434e-05
2010-07-28,1088.0,1092.0,1069.0,1078.0,71100.0,1078.0,1071.2,1079.3,1107.52,1141.36,1110.275,False,False,False,False,False,False,False,False,False,True,False,0.0306122448979591,-0.0287569573283859,,,-0.0273840445269016,-0.0587755102040815,-0.0185528756957328,-0.1660482374768089,-0.0018691152075885,-0.1685351616788659,1129.0,1179.0,1.6382488479262671,-0.0046951748049697,-0.0008127964887716,0.0001947359152865
2010-07-29,1078.0,1095.0,1069.0,1092.0,96800.0,1092.0,1078.8,1077.0,1104.32,1139.4533333333334,1109.94,False,False,False,False,False,False,False,False,False,False,False,0.0183150183150183,-0.0347985347985348,,,-0.0112820512820512,-0.0434554334554334,-0.0109890109890109,-0.1666666666666666,-0.0016733170292185,-0.1656453110492107,1106.0,1155.0,1.361462728551336,-0.0028977108084613,0.0017974639965083,0.0001957981783699
2010-07-30,1127.0,1135.0,1091.0,1125.0,240000.0,1125.0,1088.6,1079.7,1102.52,1138.013333333333,1109.695,False,False,False,False,True,False,False,False,False,False,True,0.0008888888888888,-0.0604444444444444,,,0.0199822222222222,-0.0115674074074071,-0.0284444444444444,-0.1822222222222222,-0.0012653630303103,-0.1656941743076781,1118.0,1187.0,2.479338842975207,-0.0016326234444726,0.0012650873639887,0.0004079539989081
2010-08-02,1125.0,1137.0,1107.0,1120.0,95400.0,1120.0,1098.4,1085.0,1101.64,1136.28,1109.535,False,False,False,False,False,False,False,False,False,False,False,-0.0116071428571428,-0.05625,,,0.016392857142857,-0.0145357142857142,-0.0160714285714285,-0.1848214285714285,-0.0015254456061297,-0.1680184331797234,1134.0,1144.0,0.3975,-0.0007988090483278,0.0008338143961447,-0.0002600825758193
2010-08-03,1125.0,1129.0,1115.0,1127.0,74000.0,1127.0,1108.4,1089.6,1100.64,1134.84,1109.43,False,False,False,False,False,False,False,False,False,True,False,-0.0248447204968944,-0.0683229813664596,,,0.0233895297249333,-0.0069565217391303,-0.028393966282165,-0.1685891748003549,-0.0012689013429206,-0.1662077826725403,1108.0,1141.0,0.7756813417190775,-0.0009085622910306,-0.0001097532427028,0.0002565442632091
2010-08-04,1128.0,1130.0,1106.0,1111.0,47500.0,1111.0,1115.0,1093.1,1099.64,1133.253333333333,1109.215,False,False,False,False,False,False,False,False,False,True,False,-0.0576057605760576,-0.0486048604860486,,,0.0102250225022501,-0.0200300030002998,-0.0369036903690369,-0.1026102610261026,-0.0014000988305058,-0.1591803128716493,1152.0,1129.0,0.6418918918918919,-0.0009093885271543,-8.262361236683561e-07,-0.0001311974875851
2010-08-05,1116.0,1120.0,1094.0,1112.0,58400.0,1112.0,1119.0,1098.9,1099.84,1131.6266666666668,1109.025,False,False,False,False,False,False,True,False,False,False,False,-0.0521582733812949,-0.0503597122302158,,,0.0109352517985612,-0.0176498800959233,-0.0179856115107913,-0.0935251798561151,-0.0014374587614286,-0.1540631540631541,1143.0,1142.0,1.2294736842105265,0.0001818446319462,0.0010912331591006,-3.735993092285838e-05
2010-08-06,1113.0,1132.0,1105.0,1126.0,85700.0,1126.0,1119.2,1103.9,1100.88,1130.32,1108.87,False,False,False,False,False,False,True,False,False,False,False,-0.061278863232682,-0.0737122557726465,,,0.0223090586145647,-0.0038365896980461,-0.0222024866785079,-0.1012433392539964,-0.0011560148158635,-0.1484735936226108,1132.0,1164.0,1.4674657534246576,0.0009446987864255,0.0007628541544792,0.0002814439455651
2010-08-09,1121.0,1128.0,1102.0,1107.0,45400.0,1107.0,1116.6,1107.5,1101.08,1129.2,1108.68,False,False,False,False,False,False,True,False,False,True,False,-0.04516711833785,-0.066847335140018,,,0.0053477868112015,-0.0200542005420054,-0.024390243902439,-0.076784101174345,-0.0009918526390363,-0.1397742663656884,1137.0,1137.0,0.5297549591598599,0.0001816398445161,-0.0007630589419094,0.0001641621768271
2010-08-10,1103.0,1113.0,1072.0,1099.0,60100.0,1099.0,1111.0,1109.7,1100.56,1127.9066666666668,1108.435,False,False,False,False,False,False,False,False,False,True,False,-0.0445859872611464,-0.0700636942675159,,,-0.0014194722474976,-0.0263026994237186,-0.0327570518653321,-0.1019108280254777,-0.0011466669819015,-0.1344507524556186,1146.0,1159.0,1.3237885462555066,-0.0004724867340262,-0.0006541265785424,-0.0001548143428651
2010-08-11,1083.0,1089.0,1035.0,1047.0,126300.0,1047.0,1098.2,1106.6,1097.24,1126.0,1107.93,False,False,False,False,False,False,False,False,False,True,False,0.0095510983763132,-0.0267430754536771,,,-0.0479847182425979,-0.0754536771728748,0.0162368672397325,-0.0840496657115568,-0.0016933096506809,-0.1266040122898969,1157.0,1158.0,2.1014975041597337,-0.0030257737596149,-0.0025532870255886,-0.0005466426687794
2010-08-12,1017.0,1057.0,1017.0,1054.0,90300.0,1054.0,1086.6,1102.8,1095.4,1124.1866666666667,1107.505,False,False,False,False,False,False,False,False,False,False,False,0.0018975332068311,-0.0208728652751423,,,-0.0392789373814042,-0.0665907653383934,-0.0227703984819734,-0.0730550284629981,-0.0016130180041273,-0.1175190424374319,1161.0,1107.0,0.7149643705463183,-0.0016797516888806,0.0013460220707342,8.029164655357448e-05
2010-08-13,1055.0,1065.0,1047.0,1057.0,54800.0,1057.0,1072.8,1096.0,1092.56,1122.3866666666668,1107.045,False,False,False,False,False,False,False,False,False,True,False,-0.0132450331125827,-0.0160832544938505,,,-0.0336423841059602,-0.0618606117943867,-0.0217596972563859,-0.0719016083254493,-0.0016037253946945,-0.106478102189781,1151.0,1123.0,0.6068660022148394,-0.0025993995753094,-0.0009196478864287,9.292609432779136e-06
2010-08-16,1050.0,1062.0,1042.0,1057.0,34400.0,1057.0,1062.8,1089.7,1089.92,1120.6533333333334,1106.61,False,False,False,False,False,False,False,False,False,False,False,-0.0227057710501419,0.0122989593188268,,,-0.0311447492904447,-0.0602207505518764,-0.0122989593188268,-0.0482497634815515,-0.0015467167961546,-0.0927778287602092,1164.0,1098.0,0.6277372262773723,-0.002422196124486,0.0001772034508234,5.7008598539960535e-05
2010-08-17,1056.0,1056.0,1033.0,1050.0,26600.0,1050.0,1053.0,1082.0,1087.28,1118.7333333333331,1106.12,False,False,False,False,False,False,False,False,False,True,False,-0.0266666666666666,-0.0028571428571428,,,-0.0355047619047618,-0.0654603174603172,-0.0009523809523809,-0.0209523809523809,-0.0017162266849415,-0.0779112754158964,1185.0,1082.0,0.7732558139534884,-0.0024280774041646,-5.881279678528716e-06,-0.0001695098887869
2010-08-18,1064.0,1064.0,1040.0,1057.0,53700.0,1057.0,1055.0,1076.6,1085.36,1117.1066666666666,1105.795,False,False,False,False,False,False,False,False,False,False,False,-0.0359508041627246,0.0009460737937559,,,-0.0268306527909175,-0.0568653421633553,-0.0189214758751182,-0.0170293282876064,-0.0014561426542376,-0.069385101244659,1208.0,1073.0,2.018796992481203,-0.00176899830471,0.0006590790994545,0.0002600840307039
2010-08-19,1054.0,1062.0,1045.0,1056.0,53600.0,1056.0,1055.4,1071.0,1083.0,1115.7866666666666,1105.38,False,False,False,False,False,False,False,False,False,True,False,-0.0227272727272727,0.0227272727272727,,,-0.0255681818181818,-0.0566161616161615,-0.0009469696969696,0.0018939393939393,-0.00118302184408,-0.0598506069094304,1172.0,1084.0,0.9981378026070764,-0.0021791320406277,-0.0004101337359177,0.0002731208101575
2010-08-20,1046.0,1060.0,1043.0,1043.0,37600.0,1043.0,1052.6,1062.7,1080.8,1113.8666666666666,1105.085,False,False,False,False,False,False,False,False,False,False,False,-0.0028763183125599,0.0479386385426653,,,-0.0362416107382549,-0.0679450303611376,0.0038350910834132,0.0028763183125599,-0.0017237251615992,-0.0493083654841442,1170.0,1101.0,0.7014925373134329,-0.0020355292376018,0.0001436028030259,-0.0005407033175192
2010-08-23,1040.0,1040.0,1028.0,1033.0,21100.0,1033.0,1047.8,1055.3,1079.44,1112.3866666666668,1104.755,False,False,False,False,False,False,False,False,False,False,False,0.0358180058083252,0.0667957405614714,,,-0.0449564375605034,-0.0768505969667635,0.026137463697967,0.0338818973862536,-0.0013304726174349,-0.0382829527148677,1142.0,1113.0,0.5611702127659575,-0.0012599125472466,0.0007756166903551,0.0003932525441643
2010-08-24,1022.0,1039.0,1014.0,1022.0,55200.0,1022.0,1042.2,1047.6,1077.08,1110.8,1104.24,False,False,False,False,False,False,False,False,False,True,False,0.0244618395303326,0.0714285714285714,,,-0.0538943248532288,-0.0868884540117416,0.0332681017612524,0.047945205479452,-0.0014283999519866,-0.0231958762886597,1152.0,1126.0,2.6161137440758293,-0.0021911092955027,-0.0009311967482561,-9.79273345516939e-05
2010-08-25,1024.0,1033.0,1007.0,1019.0,53300.0,1019.0,1034.6,1044.8,1074.8,1109.3333333333333,1103.785,False,False,False,False,False,False,False,False,False,False,False,0.0382728164867517,0.0500490677134445,,,-0.0547595682041216,-0.0886490022898265,0.0245338567222767,0.0667320902845927,-0.0013221153846154,-0.0083269525267994,1136.0,1129.0,0.9655797101449276,-0.0021213248976553,6.978439784742149e-05,0.0001062845673712
2010-08-26,1016.0,1049.0,1011.0,1032.0,78700.0,1032.0,1029.8,1042.6,1073.92,1107.8666666666666,1103.385,False,False,False,False,False,False,False,False,False,False,False,0.0465116279069767,0.0581395348837209,,,-0.0406201550387597,-0.0735142118863048,-0.0087209302325581,0.0484496124031007,-0.0013238656878084,0.0038365624400537,1107.0,1106.0,1.4765478424015008,-0.0008194278903455,0.0013018970073098,-1.7503031930160649e-06
2010-08-27,1032.0,1042.0,1025.0,1040.0,31800.0,1040.0,1029.2,1040.9,1072.48,1106.2133333333334,1103.03,False,False,False,False,False,False,False,False,False,True,False,0.0509615384615384,0.0586538461538461,,,-0.0312307692307692,-0.0636666666666667,-0.010576923076923,0.0317307692307692,-0.001494588144541,0.0143145354981264,1100.0,1118.0,0.4040660736975858,-0.0013426823810234,-0.0005232544906779,-0.0001707224567325
2010-08-30,1050.0,1070.0,1040.0,1070.0,47300.0,1070.0,1036.6,1042.2,1072.44,1105.32,1102.84,False,False,False,False,False,False,False,False,False,False,False,0.0299065420560747,0.0093457943925233,,,-0.0022803738317757,-0.0330093457943924,-0.0336448598130841,0.002803738317757,-0.0008082124030447,0.0194780272500479,1102.0,1134.0,1.4874213836477987,-3.729812390433369e-05,0.0013053842571191,0.0006863757414962
2010-08-31,1052.0,1062.0,1040.0,1047.0,71900.0,1047.0,1041.6,1041.9,1071.24,1103.8266666666666,1102.515,False,False,False,False,False,False,False,False,False,True,False,0.0458452722063037,0.0152817574021012,,,-0.0231518624641833,-0.0542757083731295,-0.0171919770773638,0.0238777459407831,-0.0013528694118641,0.0239946252039543,1112.0,1108.0,1.5200845665961944,-0.0011201971546992,-0.0010828990307949,-0.0005446570088194
2010-09-01,1042.0,1060.0,1038.0,1058.0,61000.0,1058.0,1049.4,1042.0,1070.44,1102.493333333333,1101.945,False,False,False,False,False,False,False,False,False,False,False,0.0113421550094517,0.0056710775047258,,,-0.011758034026465,-0.042054190296156,-0.0037807183364839,-0.0085066162570888,-0.0012093799508993,0.0248560460652592,1130.0,1152.0,0.8484005563282336,-0.0007473562273457,0.0003728409273535,0.0001434894609648
2010-09-02,1078.0,1086.0,1065.0,1080.0,48500.0,1080.0,1059.0,1044.4,1069.96,1102.1333333333334,1101.52,False,False,False,False,True,False,False,False,False,False,True,0.0111111111111111,-0.0462962962962962,,,0.0092962962962962,-0.0204938271604939,-0.0398148148148148,-0.0268518518518518,-0.0003266392451001,0.0218307162006893,1100.0,1143.0,0.7950819672131147,-0.0004486149014916,0.000298741325854,0.0008827407057991
2010-09-03,1091.0,1098.0,1084.0,1093.0,56600.0,1093.0,1069.6,1049.4,1068.68,1101.7333333333331,1101.335,False,False,False,False,False,False,False,False,False,True,False,0.0073193046660567,-0.0539798719121683,,,0.0222506861848123,-0.0079902409271117,-0.0503202195791399,-0.0457456541628545,-0.0003630642623747,0.0166761959214789,1128.0,1132.0,1.1670103092783506,-0.0011977392671332,-0.0007491243656415,-3.642501727461504e-05
2010-09-06,1098.0,1105.0,1091.0,1102.0,39800.0,1102.0,1076.0,1056.3,1067.96,1101.7866666666666,1101.265,False,False,False,False,False,False,False,True,False,False,False,-0.0199637023593466,-0.0526315789473684,,,0.0308892921960072,0.0001935874168179,-0.043557168784029,-0.0544464609800363,4.840622504070256e-05,0.0075736059831487,1123.0,1137.0,0.7031802120141343,-0.0006741825536537,0.0005235567134795,0.0004114704874154
2010-09-07,1091.0,1102.0,1080.0,1095.0,35800.0,1095.0,1085.6,1063.6,1066.68,1101.96,1101.18,False,False,False,False,False,False,False,True,False,True,False,-0.0292237442922374,-0.0420091324200913,,,0.02586301369863,-0.0063561643835616,-0.0584474885844748,-0.0319634703196347,0.0001572954856196,-0.0003760812335463,1116.0,1146.0,0.8994974874371859,-0.0011999850001874,-0.0005258024465337,0.0001088892605789
2010-09-08,1080.0,1088.0,1066.0,1070.0,31800.0,1070.0,1088.0,1068.7,1065.04,1101.92,1101.005,False,False,False,False,False,False,False,False,False,True,False,-0.005607476635514,-0.0308411214953271,,,0.0046355140186916,-0.0298317757009346,-0.0261682242990654,-0.0149532710280373,-3.630027588206369e-05,-0.0082343033592214,1105.0,1157.0,0.888268156424581,-0.0015398482686097,-0.0003398632684222,-0.0001935957615016
2010-09-09,1074.0,1096.0,1066.0,1092.0,35100.0,1092.0,1090.4,1074.7,1064.24,1102.0266666666666,1101.09,False,False,False,False,False,False,False,True,False,False,False,-0.0567765567765567,-0.0338827838827838,,,0.0254212454212454,-0.0091819291819291,-0.0375457875457875,-0.021062271062271,9.679136621004604e-05,-0.0149809249092771,1115.0,1161.0,1.1037735849056605,-0.0007517101405697,0.0007881381280399,0.0001330916420921
2010-09-10,1122.0,1122.0,1094.0,1101.0,76800.0,1101.0,1092.0,1080.8,1063.24,1102.0266666666666,1101.28,False,False,False,False,False,False,False,False,False,True,False,-0.0608537693006357,-0.0490463215258855,,,0.0342960944595821,-0.000932485619134,-0.0663033605812897,-0.0381471389645776,0.0,-0.0218356772760917,1098.0,1151.0,2.1880341880341883,-0.000940521425078,-0.0001888112845083,-9.679136621004604e-05
2010-09-13,1101.0,1102.0,1064.0,1080.0,60800.0,1080.0,1087.6,1081.8,1062.16,1101.5866666666666,1101.41,False,False,False,False,False,False,False,False,False,True,False,-0.0333333333333333,-0.0185185185185185,,,0.0165185185185184,-0.0199876543209875,-0.0601851851851851,-0.0083333333333333,-0.0003994238613394,-0.0229247550378997,1067.0,1164.0,0.7916666666666666,-0.0010167959629433,-7.627453786530414e-05,-0.0003994238613394
2010-09-14,1075.0,1077.0,1044.0,1063.0,60800.0,1063.0,1081.2,1083.4,1060.72,1100.746666666667,1101.455,False,False,False,False,False,False,False,False,False,True,False,-0.0131702728127939,-0.0065851364063969,,,0.0021448730009407,-0.0355095641266857,-0.050799623706491,0.0131702728127939,-0.0007631183681377,-0.0239062211556212,1081.0,1185.0,1.0,-0.0013575684440757,-0.0003407724811324,-0.0003636945067982
2010-09-15,1055.0,1096.0,1054.0,1064.0,94500.0,1064.0,1080.0,1084.0,1061.4,1099.88,1101.585,False,False,False,False,False,False,True,False,False,False,False,-0.025375939849624,-0.018796992481203,,,0.0024436090225563,-0.0337218045112783,-0.0535714285714285,0.0131578947368421,-0.0007879647476695,-0.021771217712177,1076.0,1208.0,1.5542763157894737,0.0006406632749199,0.0019982317189957,-2.484637953184283e-05
2010-09-16,1065.0,1065.0,1019.0,1030.0,125400.0,1030.0,1067.6,1079.0,1060.44,1098.8666666666666,1101.37,False,False,False,False,False,True,False,False,False,True,False,0.0242718446601941,-0.0067961165048543,,,-0.0295533980582524,-0.0668608414239481,-0.0223300970873786,0.0300970873786407,-0.0009221622277499,-0.0163113994439294,1054.0,1172.0,1.326984126984127,-0.0009052845988457,-0.0015459478737657,-0.0001341974800804
2010-09-17,1032.0,1037.0,1016.0,1034.0,113100.0,1034.0,1054.2,1073.1,1059.52,1097.746666666667,1100.95,False,False,False,False,False,False,False,False,False,False,False,0.0125725338491295,-0.0048355899419729,,,-0.0246808510638297,-0.0616505480335269,-0.0377176015473887,0.0367504835589942,-0.0010202718295657,-0.0082005404901686,1076.0,1170.0,0.901913875598086,-0.0008683177287829,3.6966870062882674e-05,-9.810960181571454e-05
2010-09-21,1037.0,1050.0,1036.0,1044.0,52400.0,1044.0,1047.0,1067.3,1059.0,1096.5466666666666,1100.825,False,False,False,False,False,False,False,False,False,False,False,0.0153256704980842,-0.0095785440613026,,,-0.014367816091954,-0.0503320561941251,-0.0593869731800766,0.0172413793103448,-0.0010943446699337,-0.0009369436896842,1071.0,1142.0,0.4633068081343943,-0.0004910292728989,0.0003772884558839,-7.407284036802376e-05
2010-09-22,1050.0,1058.0,1049.0,1049.0,26800.0,1049.0,1044.2,1062.7,1058.96,1095.76,1100.735,False,False,False,False,False,False,False,False,False,False,False,0.0066730219256434,-0.0190657769304099,,,-0.0094947569113441,-0.0445757864632983,-0.1048617731172545,0.0057197330791229,-0.0007179187656664,0.0029170979580313,1077.0,1152.0,0.5114503816793893,-3.777290926943758e-05,0.0004532563636295,0.0003764259042673
2010-09-24,1044.0,1046.0,1028.0,1037.0,94800.0,1037.0,1038.8,1059.4,1058.16,1094.2266666666667,1100.445,False,False,False,False,False,False,False,False,False,True,False,0.0067502410800385,0.0163934426229508,,,-0.0204050144648023,-0.0551848280295725,-0.1051108968177435,0.026036644165863,-0.0014012940646057,0.0069850858976778,1078.0,1136.0,3.537313432835821,-0.0007560293339381,-0.0007182564246686,-0.0006833752989393
2010-09-27,1039.0,1059.0,1038.0,1055.0,53700.0,1055.0,1043.8,1055.7,1058.12,1093.0533333333333,1100.35,False,False,False,False,False,False,False,False,False,False,False,-0.0303317535545023,-0.0170616113744075,,,-0.0029573459715638,-0.0360695102685623,-0.1488151658767772,-0.0037914691943127,-0.0010734456385172,0.0088093208297811,1092.0,1107.0,0.5664556962025317,-3.7802895701991264e-05,0.0007182264382361,0.0003278484260884
2010-09-28,1050.0,1059.0,1040.0,1047.0,40200.0,1047.0,1046.4,1050.3,1058.28,1091.92,1100.095,False,False,False,False,False,False,True,False,False,False,False,-0.0171919770773638,-0.0085959885386819,,,-0.0107736389684813,-0.0429035339063993,-0.1423113658070678,0.0038204393505253,-0.0010379270764645,0.0132343140055223,1125.0,1100.0,0.7486033519553073,0.0001511887213214,0.0001889916170234,3.551856205265789e-05
2010-09-29,1055.0,1072.0,1055.0,1060.0,65000.0,1060.0,1049.6,1048.3,1059.36,1090.8933333333334,1099.955,False,False,False,True,True,False,True,False,True,False,False,-0.0245283018867924,-0.0056603773584905,,,0.0006037735849057,-0.0291446540880504,-0.1566037735849056,-0.0056603773584905,-0.0009411247051346,0.0135457407230755,1120.0,1102.0,1.6169154228855722,0.0010194834617126,0.0008682947403911,9.680237132997978e-05
2010-09-30,1066.0,1070.0,1054.0,1056.0,116800.0,1056.0,1051.0,1047.6,1060.72,1089.6933333333334,1099.74,False,False,False,False,False,False,True,False,False,False,False,-0.0255681818181818,-0.0236742424242424,,,-0.0044696969696969,-0.0319065656565657,-0.1676136363636363,-0.0009469696969696,-0.0011012272565982,0.012122947689958,1127.0,1112.0,1.7969230769230768,0.0012821479749605,0.0002626645132478,-0.0001601025514636
2010-10-01,1051.0,1059.0,1042.0,1044.0,36600.0,1044.0,1052.4,1045.6,1061.72,1088.1866666666667,1099.42,False,False,False,False,False,False,True,False,False,True,False,0.0095785440613026,-0.0019157088122605,,,-0.0169731800766283,-0.0423243933588761,-0.146551724137931,0.0162835249042145,-0.0013845663734163,0.0124330527926549,1111.0,1130.0,0.3133561643835616,0.0009418679124439,-0.0003402800625165,-0.000283339116818
2010-10-04,1045.0,1045.0,1023.0,1023.0,17700.0,1023.0,1046.0,1044.9,1061.36,1086.3466666666666,1099.085,False,False,False,False,False,False,False,False,False,True,False,0.0136852394916911,0.0273704789833822,,,-0.0374975562072335,-0.0619224503095469,-0.1173020527859237,0.0527859237536656,-0.0016937503068389,0.0146425495262704,1112.0,1100.0,0.4836065573770491,-0.0003391874576016,-0.0012810553700456,-0.0003091839334226
2010-10-05,1012.0,1030.0,1000.0,1029.0,45000.0,1029.0,1042.4,1044.4,1060.92,1084.72,1098.865,False,False,False,False,False,False,False,False,False,True,False,0.0087463556851311,-0.0009718172983479,,,-0.0310204081632653,-0.0541496598639456,-0.1175898931000971,0.0553935860058309,-0.0014996189492832,0.016468785905783,1126.0,1128.0,2.542372881355932,-0.00041473438148,-7.554692387837399e-05,0.0001941313575556
2010-10-06,1028.0,1035.0,1007.0,1034.0,64400.0,1034.0,1037.2,1043.4,1059.48,1082.986666666667,1098.62,False,False,False,False,False,False,False,False,False,True,False,0.0193423597678916,-0.0183752417794971,,,-0.024642166344294,-0.0473758865248229,-0.1344294003868472,0.0493230174081237,-0.0016005121638922,0.0196473068813494,1107.0,1123.0,1.431111111111111,-0.0013591573224601,-0.00094442294098,-0.0001008932146089
2010-10-07,1029.0,1036.0,1017.0,1029.0,45700.0,1029.0,1031.8,1041.4,1058.76,1080.9066666666668,1098.38,False,False,False,False,False,False,False,False,False,False,False,0.0019436345966958,-0.0194363459669582,,,-0.0289212827988338,-0.0504437965662456,-0.1166180758017492,0.0835762876579203,-0.0019243104554202,0.0273670059535241,1099.0,1116.0,0.7096273291925466,-0.0006800408024481,0.0006791165200119,-0.000323798291528
2010-10-08,1040.0,1075.0,1039.0,1054.0,86300.0,1054.0,1033.8,1043.1,1058.6,1078.8533333333332,1098.3,False,False,False,False,False,False,False,False,False,False,False,-0.0113851992409867,-0.0445920303605313,,,-0.0043643263757114,-0.0235800126502212,-0.1470588235294117,0.0294117647058823,-0.001903255308105,0.0277058767136421,1047.0,1105.0,1.8884026258205688,-0.0001511430190818,0.0005288977833662,2.1055147315216525e-05
2010-10-12,1059.0,1062.0,1037.0,1037.0,49300.0,1037.0,1036.6,1041.3,1056.88,1077.0533333333333,1098.16,False,False,False,False,False,False,False,False,False,True,False,0.0135004821600771,-0.0289296046287367,,,-0.0191706846673096,-0.0386242365798778,-0.1224686595949855,0.0626808100289296,-0.0016712264326123,0.034380101795832,1054.0,1115.0,0.5712630359212051,-0.0016274316857162,-0.0014762886666343,0.0002320288754926
2010-10-13,1038.0,1056.0,1034.0,1038.0,103200.0,1038.0,1038.4,1040.4,1054.68,1075.2933333333333,1097.915,False,False,False,False,False,False,False,False,False,True,False,-0.0096339113680154,-0.0414258188824662,,,-0.0160693641618497,-0.0359280667951187,-0.1136801541425818,0.0520231213872832,-0.0016367626818108,0.0392156862745097,1057.0,1098.0,2.0933062880324544,-0.0020859407592824,-0.0004585090735662,3.446375080154809e-05
2010-10-14,1064.0,1064.0,1038.0,1054.0,47900.0,1054.0,1042.4,1039.8,1052.76,1074.12,1097.75,False,False,False,False,True,False,False,False,False,False,False,-0.0370018975332068,-0.0683111954459203,,,0.0011764705882353,-0.0190891840607209,-0.1337760910815939,0.0445920303605313,-0.0010923670849936,0.0443354491248318,1057.0,1067.0,0.4641472868217054,-0.0018237774991451,0.0002621632601373,0.0005443955968171
2010-10-15,1059.0,1059.0,1025.0,1031.0,46400.0,1031.0,1042.8,1037.3,1050.2,1072.506666666667,1097.48,False,False,False,False,False,False,False,False,False,True,False,-0.0213385063045586,-0.0892337536372454,,,-0.0186226964112512,-0.0402586485612675,-0.0911736178467507,0.0882638215324927,-0.0015042641537578,0.053311481731418,1050.0,1081.0,0.9686847599164928,-0.0024376309274423,-0.0006138534282971,-0.0004118970687641
2010-10-18,1027.0,1059.0,1027.0,1042.0,34000.0,1042.0,1040.4,1037.1,1049.08,1071.253333333333,1097.31,False,False,False,False,False,False,False,False,False,False,False,-0.0335892514395393,-0.109404990403071,,,-0.0067946257197696,-0.0280742162507995,-0.0431861804222648,0.0719769673704414,-0.0011699691327296,0.0589142802044162,1057.0,1076.0,0.7327586206896551,-0.0010676020894499,0.0013700288379924,0.0003342950210281
2010-10-19,1050.0,1063.0,1045.0,1051.0,46000.0,1051.0,1043.2,1039.9,1047.44,1070.506666666667,1097.265,False,False,False,False,False,False,False,False,False,True,True,-0.0418648905803996,-0.1455756422454805,,,0.0033872502378686,-0.018560101490644,-0.0409134157944814,0.0704091341579448,-0.0006974890394575,0.0606789114337916,1056.0,1054.0,1.3529411764705883,-0.0015657221416022,-0.0004981200521523,0.0004724800932721
2010-10-20,1036.0,1042.0,1026.0,1028.0,34200.0,1028.0,1041.2,1039.8,1044.52,1069.5466666666666,1097.105,False,False,False,False,False,False,False,False,False,True,False,-0.032101167315175,-0.1264591439688716,,,-0.0160700389105058,-0.0404150453955901,-0.0155642023346303,0.1050583657587548,-0.0008975765433332,0.0655895364493172,1043.0,1076.0,0.7434782608695653,-0.0027955424501206,-0.0012298203085184,-0.0002000875038757
2010-10-21,1028.0,1028.0,1006.0,1015.0,38000.0,1015.0,1033.4,1037.9,1041.92,1068.3866666666668,1096.815,False,False,False,False,False,False,False,False,False,False,False,-0.0325123152709359,-0.1192118226600985,,,-0.0265221674876848,-0.0525977011494253,0.0068965517241379,0.1192118226600985,-0.0010857492293675,0.0724539936410057,1033.0,1071.0,1.1111111111111112,-0.002495393120393,0.0003001493297276,-0.0001881726860342
2010-10-22,1016.0,1020.0,1006.0,1009.0,46400.0,1009.0,1029.0,1035.9,1039.76,1067.013333333333,1096.515,False,False,False,False,False,False,False,False,False,False,False,-0.0693756194251734,-0.1288404360753221,,,-0.0304856293359762,-0.0574958704988435,-0.0218037661050545,0.132804757185332,-0.0012870816984483,0.0772275316150207,1022.0,1077.0,1.2210526315789474,-0.0020774024774948,0.0004179906428981,-0.0002013324690808
2010-10-25,1005.0,1021.0,981.0,1007.0,56400.0,1007.0,1022.0,1031.2,1037.48,1065.3733333333332,1095.915,False,False,False,False,False,False,False,False,False,True,False,-0.0784508440913604,-0.1151936444885799,,,-0.0302681231380337,-0.05796756041046,-0.0476663356504468,0.1439920556107249,-0.0015393664818591,0.0886346004654769,1019.0,1078.0,1.2155172413793105,-0.0021976327254501,-0.0001202302479552,-0.0002522847834108
2010-10-26,1007.0,1026.0,997.0,1007.0,55300.0,1007.0,1013.2,1028.2,1036.56,1064.1333333333334,1095.475,False,False,False,False,False,False,False,False,False,False,False,-0.1082423038728897,-0.1032770605759682,,,-0.0293545183714001,-0.0567361800728236,-0.0297914597815292,0.1300893743793446,-0.0011652675103368,0.0953121960708033,1032.0,1092.0,0.9804964539007092,-0.000887551130663,0.001310081594787,0.0003740989715222
2010-10-27,1008.0,1013.0,990.0,995.0,48800.0,995.0,1006.6,1023.9,1035.0,1062.36,1094.96,False,False,False,False,False,False,False,False,False,True,False,-0.0974874371859296,-0.0874371859296482,,,-0.0402010050251256,-0.0676984924623114,-0.0140703517587939,0.1396984924623115,-0.0016692395547023,0.1040140638734252,1040.0,1125.0,0.8824593128390597,-0.0015072463768115,-0.0006196952461485,-0.0005039720443654
2010-10-28,981.0,1145.0,960.0,982.0,238200.0,982.0,1000.0,1016.7,1032.52,1060.48,1094.32,False,False,False,False,False,False,False,False,False,True,False,-0.0896130346232179,-0.0885947046843177,,,-0.0514460285132382,-0.079918533604888,0.0244399185336048,0.1384928716904277,-0.0017727821363909,0.1135044752631059,1070.0,1120.0,4.881147540983607,-0.0024018905202804,-0.0008946441434689,-0.0001035425816886
2010-10-29,975.0,976.0,928.0,939.0,124600.0,939.0,986.0,1007.5,1028.12,1058.12,1093.46,False,False,False,False,False,False,False,False,False,True,False,-0.0638977635782747,-0.0319488817891373,,,-0.0949094781682639,-0.1268583599574013,0.0947816826411075,0.1916932907348242,-0.0022303708464069,0.1233746898263026,1047.0,1127.0,0.5230898404701931,-0.0042796560712758,-0.0018777655509953,-0.0004575887100159
2010-11-01,921.0,938.0,906.0,928.0,87400.0,928.0,970.2,996.1,1023.76,1055.76,1092.535,False,False,False,False,False,False,False,False,False,False,False,-0.0398706896551724,-0.03125,,,-0.1031896551724137,-0.1376724137931034,0.1196120689655172,0.1982758620689655,-0.0022353565204212,0.1357293444433289,1058.0,1111.0,0.7014446227929374,-0.004258810658748,2.0845412527769128e-05,-4.98567401425792e-06
2010-11-02,920.0,921.0,898.0,898.0,75900.0,898.0,948.4,980.8,1017.48,1052.8666666666666,1091.435,False,False,False,False,False,False,False,False,False,True,False,0.0055679287305122,0.0133630289532293,,,-0.1330512249443207,-0.1724573125463993,0.1781737193763919,0.2171492204899777,-0.0027480529348446,0.1501835236541598,1080.0,1112.0,0.868421052631579,-0.0061721114911349,-0.0019133008323868,-0.0005126964144234
2010-11-04,900.0,915.0,896.0,898.0,157200.0,898.0,929.0,967.8,1011.52,1050.2,1090.36,False,False,False,False,False,False,False,False,False,False,False,0.0111358574610244,0.0244988864142538,,,-0.1264142538975501,-0.1694877505567929,0.1648106904231625,0.2138084632516703,-0.0025391988827523,0.1608803471791693,1093.0,1126.0,2.071146245059289,-0.0058921227459665,0.0002799887451684,0.0002088540520922
2010-11-05,904.0,910.0,891.0,894.0,147800.0,894.0,911.4,955.7,1004.88,1047.8933333333334,1089.28,False,False,False,False,False,False,False,False,False,True,False,0.0011185682326621,0.0212527964205816,,,-0.1240268456375838,-0.1721401938851604,0.1946308724832214,0.2382550335570469,-0.0022012418566774,0.1725436852568796,1102.0,1107.0,0.9402035623409668,-0.0066077541597006,-0.0007156314137341,0.0003379570260748
2010-11-08,899.0,902.0,856.0,879.0,151700.0,879.0,899.4,942.7,997.8,1045.2,1088.21,False,False,False,False,False,False,False,False,False,True,False,0.0341296928327645,0.0659840728100113,,,-0.1351535836177473,-0.1890784982935154,0.2184300341296928,0.267349260523322,-0.0025768592932772,0.1856370001060782,1095.0,1099.0,1.0263870094722598,-0.0070956103427541,-0.0004878561830534,-0.0003756174365997
2010-11-09,872.0,903.0,872.0,891.0,123300.0,891.0,892.0,931.1,991.68,1042.7333333333331,1087.235,False,False,False,False,False,False,False,False,False,False,False,0.0089786756453423,0.1189674523007856,,,-0.1129966329966329,-0.1702955480733256,0.2199775533108866,0.2435465768799102,-0.0023655776484881,0.1956825260444634,1070.0,1047.0,0.8127883981542519,-0.0061713455953533,0.0009242647474007,0.000211281644789
2010-11-10,890.0,923.0,888.0,903.0,174700.0,903.0,893.0,920.7,986.88,1040.72,1086.37,False,False,False,False,False,False,False,False,False,False,False,0.0077519379844961,0.1162790697674418,,,-0.0928903654485049,-0.1525138427464009,0.1982281284606866,0.2325581395348837,-0.001934558126425,0.2064733355055934,1092.0,1054.0,1.4168694241686943,-0.0048638132295719,0.0013075323657814,0.0004310195220631
2010-11-11,898.0,916.0,884.0,908.0,162700.0,908.0,895.0,912.0,982.04,1038.48,1085.545,False,False,False,False,False,False,False,False,False,True,False,0.013215859030837,0.1145374449339207,,,-0.0815418502202642,-0.1437004405286343,0.1817180616740088,0.2213656387665198,-0.0021569986903936,0.2152412280701754,1101.0,1057.0,0.931310818546079,-0.004928516150055,-6.470292048308193e-05,-0.0002224405639685
2010-11-12,901.0,907.0,892.0,895.0,134500.0,895.0,895.2,903.3,976.48,1036.1333333333334,1084.615,False,False,False,False,False,False,False,False,False,True,False,0.0201117318435754,0.1418994413407821,,,-0.0910391061452514,-0.1576908752327747,0.1988826815642458,0.2145251396648044,-0.0022648307811091,0.2235137827964132,1080.0,1057.0,0.8266748617086662,-0.0056939210224479,-0.0007654048723929,-0.0001078320907155
2010-11-15,902.0,912.0,893.0,909.0,125200.0,909.0,901.2,900.3,971.68,1033.8933333333334,1083.9,False,False,False,False,False,False,False,False,False,False,False,0.0308030803080308,0.0858085808580858,,,-0.0689548954895489,-0.1373964063072975,0.1793179317931793,0.1903190319031903,-0.0021665677955172,0.2234810618682662,1063.0,1050.0,0.9308550185873606,-0.0049398979087766,0.0007540231136712,9.826298559189066e-05
2010-11-16,906.0,914.0,898.0,899.0,178100.0,899.0,902.8,897.4,965.48,1031.506666666667,1083.165,False,False,False,False,False,False,False,False,False,True,False,0.1090100111234705,0.0667408231368186,,,-0.0739488320355951,-0.1473934000741567,0.1668520578420467,0.2224694104560622,-0.0023137675633053,0.2259861823044351,1064.0,1057.0,1.422523961661342,-0.0064216762646558,-0.0014817783558792,-0.000147199767788
2010-11-17,888.0,914.0,883.0,910.0,108800.0,910.0,904.2,898.6,960.4,1029.08,1082.61,False,False,False,False,False,False,False,False,False,False,False,0.1076923076923077,0.0736263736263736,,,-0.0553846153846153,-0.1308571428571427,0.1549450549450549,0.1824175824175824,-0.0023580933131213,0.2224571555753393,1030.0,1056.0,0.6108927568781584,-0.005289462723865,0.0011322135407907,-4.4325749816055606e-05
2010-11-18,916.0,923.0,905.0,920.0,144900.0,920.0,906.6,900.8,955.68,1026.3466666666666,1082.245,False,False,False,False,False,False,False,False,False,False,False,0.1,0.0663043478260869,,,-0.0387826086956521,-0.1155942028985506,0.133695652173913,0.1467391304347826,-0.0026631677405944,0.2155861456483126,1034.0,1043.0,1.3318014705882353,-0.0049388916792231,0.0003505710446418,-0.000305074427473
2010-11-19,920.0,922.0,912.0,913.0,128000.0,913.0,910.2,902.7,950.04,1023.5866666666668,1082.015,False,False,False,False,False,False,False,False,False,True,False,0.1193866374589266,0.1018619934282584,,,-0.0405695509309966,-0.121124497991968,0.1412924424972617,0.0394304490690032,-0.0026964008909844,0.1955245374986152,1044.0,1033.0,0.883367839889579,-0.0059365921434886,-0.0009977004642654,-3.3233150389924606e-05
2010-11-22,924.0,940.0,919.0,937.0,87300.0,937.0,915.8,908.5,946.28,1021.0533333333332,1081.825,False,False,False,False,False,False,False,False,False,False,False,0.0533617929562433,0.0971184631803628,,,-0.0099039487726787,-0.0897047314123086,0.1312700106723585,-0.0106723585912486,-0.0024810979511357,0.1673087506879471,1049.0,1022.0,0.68203125,-0.0039734539459779,0.0019631381975107,0.0002153029398486
2010-11-24,931.0,1004.0,922.0,997.0,388300.0,997.0,935.4,919.1,944.48,1019.5333333333332,1081.575,False,False,False,False,True,False,False,False,False,False,False,-0.0381143430290872,0.0421263791374122,,,0.0526780341023069,-0.0226011367435638,0.0571715145436308,-0.0501504513540621,-0.0014908781795592,0.1363290175171363,1037.0,1019.0,4.447880870561283,-0.0019058106047771,0.0020676433412007,0.0009902197715764
2010-11-25,982.0,1018.0,976.0,1008.0,153800.0,1008.0,955.0,929.6,942.76,1018.1466666666666,1081.42,False,False,False,False,False,False,False,False,False,False,False,-0.0307539682539682,0.0496031746031746,,,0.0647222222222222,-0.0100661375661375,0.060515873015873,-0.056547619047619,-0.0013619517816685,0.1060671256454389,1055.0,1032.0,0.3960855009013649,-0.0018244303958589,8.138020891818747e-05,0.0001289263978907
2010-11-26,1008.0,1019.0,996.0,1012.0,86200.0,1012.0,973.4,940.0,942.12,1016.6266666666668,1081.155,False,False,False,False,False,False,False,False,False,False,False,-0.0306324110671936,0.033596837944664,,,0.0690513833992094,-0.0045718050065877,0.0464426877470355,-0.0533596837944664,-0.0014951407924244,0.0777659574468085,1047.0,1040.0,0.5604681404421327,-0.0006793189827198,0.0011451114131391,-0.0001331890107559
2010-11-29,1020.0,1027.0,997.0,1022.0,93000.0,1022.0,995.2,952.7,942.4,1015.4933333333332,1080.915,False,False,False,False,False,False,True,False,False,False,False,-0.0156555772994129,0.0450097847358121,,,0.0778864970645792,0.0063666014350946,0.047945205479452,-0.0029354207436399,-0.0011160421207428,0.0562611525139077,1060.0,1070.0,1.0788863109048723,0.0002971137521222,0.000976432734842,0.0003790986716816
2010-11-30,1006.0,1010.0,971.0,987.0,178100.0,987.0,1005.2,960.5,941.52,1014.0,1080.64,False,False,False,False,False,False,False,False,False,True,False,0.0415400202634245,0.0851063829787234,,,0.0460790273556231,-0.0273556231003039,0.0911854103343465,0.0314083080040526,-0.001472715318869,0.0410203019260801,1056.0,1047.0,1.91505376344086,-0.0009346588495199,-0.0012317726016421,-0.0003566731981262
2010-12-01,972.0,986.0,955.0,959.0,172100.0,959.0,997.6,966.5,939.6,1012.8266666666668,1080.25,False,False,False,False,False,False,False,False,False,True,False,0.0834202294056308,0.1334723670490094,,,0.0202294056308654,-0.0561279110184221,0.1240875912408759,0.0959332638164754,-0.0011584739738288,0.0295913088463528,1044.0,1058.0,0.9663110612015722,-0.0020434227330778,-0.0011087638835579,0.0003142413450401
2010-12-02,976.0,991.0,965.0,977.0,77300.0,977.0,991.4,973.2,938.4,1011.8,1080.01,False,False,False,False,False,False,False,False,False,False,False,0.0829068577277379,0.1074718526100307,,,0.0395087001023541,-0.0356192425793244,0.0859774820880245,0.067553735926305,-0.0010146932858933,0.0191122071516645,1023.0,1080.0,0.4491574665891923,-0.0012787723785166,0.0007646503545611,0.0001437806879355
2010-12-03,992.0,992.0,973.0,981.0,67600.0,981.0,985.2,979.3,937.84,1010.7866666666666,1079.74,False,False,False,False,False,False,False,False,False,False,False,0.0662589194699286,0.0937818552497451,,,0.0439959225280325,-0.030363574583758,0.0927624872579001,0.0642201834862385,-0.0010025194897703,0.0116409680383948,1029.0,1093.0,0.8745148771021992,-0.0005971167789814,0.0006816555995352,1.2173796122996823e-05
2010-12-06,981.0,1013.0,981.0,1006.0,132300.0,1006.0,982.0,988.6,938.8,1010.1066666666668,1079.48,False,False,False,False,False,False,True,False,True,False,False,0.0616302186878727,0.0666003976143141,,,0.0667992047713718,-0.0040821736249172,0.0556660039761431,0.0059642147117296,-0.0006731962301009,0.0084968642524782,1034.0,1102.0,1.9571005917159765,0.0010225820195994,0.0016196987985808,0.0003293232596693
2010-12-07,1016.0,1028.0,995.0,1028.0,142200.0,1028.0,990.2,997.7,942.36,1009.8133333333334,1079.4,False,False,False,False,False,False,True,False,False,False,False,0.041828793774319,0.0428015564202334,,,0.0833073929961089,0.0176913099870297,0.0262645914396887,0.032101167315175,-0.0002904827294814,0.012729277337877,1029.0,1095.0,1.0748299319727892,0.0037777494800289,0.0027551674604295,0.0003827135006195
2010-12-08,1033.0,1039.0,1015.0,1039.0,107900.0,1039.0,1006.2,1001.9,946.8,1009.5733333333334,1079.43,False,False,False,False,False,False,True,False,False,False,False,0.0461982675649663,0.0096246390760346,,,0.0887391722810395,0.0283221045877445,0.0240615976900866,0.0173243503368623,-0.0002377241871153,0.0194630202615031,1054.0,1070.0,0.7587904360056259,0.0046894803548795,0.0009117308748506,5.2758542366071785e-05
2010-12-09,1040.0,1059.0,1032.0,1058.0,133500.0,1058.0,1022.4,1006.9,953.2,1009.6,1079.52,False,False,False,False,False,False,True,True,False,False,False,0.0226843100189035,-0.0066162570888468,,,0.0990548204158789,0.0457466918714555,-0.0066162570888468,-0.0122873345935727,2.641310089802141e-05,0.023736220081438,1037.0,1092.0,1.23725671918443,0.0067142257658414,0.0020247454109619,0.0002641372880133
2010-12-10,1069.0,1069.0,1035.0,1046.0,115400.0,1046.0,1035.4,1010.3,959.12,1009.64,1079.555,False,False,False,False,False,False,True,True,False,True,False,0.025812619502868,-0.002868068833652,,,0.0830592734225621,0.0347609942638623,0.0047801147227533,-0.0133843212237093,3.961808169244842e-05,0.0276155597347323,1038.0,1101.0,0.8644194756554308,0.0061723246309116,-0.0005419011349298,1.3204980794427012e-05
2010-12-13,1055.0,1071.0,1024.0,1068.0,113700.0,1068.0,1047.8,1014.9,966.08,1010.1066666666668,1079.745,False,False,False,False,False,False,True,True,False,False,False,0.0046816479400749,-0.0243445692883895,,,0.0954307116104868,0.0542072409488138,-0.0131086142322097,-0.0430711610486891,0.0004619974128146,0.0232535225145334,1054.0,1080.0,0.98526863084922,0.0072043723087115,0.0010320476777999,0.0004223793311221
2010-12-14,1068.0,1071.0,1051.0,1071.0,97100.0,1071.0,1056.4,1023.3,973.76,1010.76,1079.85,False,False,False,False,False,False,True,True,False,False,False,0.0009337068160597,-0.0102707749766573,,,0.0907936507936508,0.0562464985994397,-0.0149393090569561,-0.0522875816993464,0.0006463783027951,0.0145607348773576,1031.0,1063.0,0.8540017590149517,0.0078869536641471,0.0006825813554356,0.0001843808899804
2010-12-15,1066.0,1088.0,1053.0,1087.0,129000.0,1087.0,1066.0,1036.1,981.6,1011.6666666666666,1080.065,False,False,False,False,False,False,True,True,False,False,False,-0.0349586016559337,-0.030358785648574,,,0.0969641214351425,0.0693038945108862,-0.0239190432382704,-0.0561177552897884,0.0008962108731465,-0.0003860631213202,1042.0,1064.0,1.3285272914521111,0.0079869600651997,0.0001000064010525,0.0002498325703514
2010-12-16,1087.0,1093.0,1077.0,1082.0,63900.0,1082.0,1070.8,1046.6,988.76,1012.3333333333334,1080.28,False,False,False,False,False,False,True,True,False,True,False,-0.0286506469500924,-0.0120147874306839,,,0.086173752310536,0.0643869377695625,-0.0046210720887245,-0.0388170055452865,0.0006585446163978,-0.0107013185553218,1051.0,1030.0,0.4953488372093023,0.0072413932602451,-0.0007455668049545,-0.0002376662567487
2010-12-17,1088.0,1088.0,1064.0,1073.0,82900.0,1073.0,1076.2,1055.8,995.36,1012.7733333333332,1080.41,False,False,False,False,False,False,True,True,False,True,False,-0.0279589934762348,-0.0130475302889096,,,0.0723578751164957,0.0561292326809569,0.0121155638397017,-0.0279589934762348,0.0004344506174463,-0.0194165561659405,1028.0,1034.0,1.297339593114241,0.006630766757756,-0.0006106265024891,-0.0002240939989515
2010-12-20,1073.0,1079.0,1056.0,1073.0,68900.0,1073.0,1077.2,1062.5,1002.48,1012.8133333333334,1080.51,False,False,False,False,False,False,True,True,False,False,False,-0.0288909599254426,-0.0018639328984156,,,0.065722273998136,0.0560919540229884,0.0111835973904939,-0.0475302889095992,3.9493950843384426e-05,-0.0246588235294118,1015.0,1044.0,0.8311218335343787,0.0071023860825153,0.0004716193247593,-0.0003949566666029
2010-12-21,1063.0,1079.0,1062.0,1072.0,59200.0,1072.0,1077.4,1066.9,1009.0,1013.1466666666666,1080.625,False,False,False,False,False,False,True,True,False,True,False,-0.0111940298507462,0.0046641791044776,,,0.0587686567164179,0.0549004975124378,0.0401119402985074,-0.0177238805970149,0.0003290079751532,-0.0294310619551973,1009.0,1049.0,0.8592162554426706,0.0064618434093161,-0.0006405426731992,0.0002895140243098
2010-12-22,1068.0,1068.0,1044.0,1049.0,84700.0,1049.0,1069.8,1067.9,1015.0,1013.0266666666666,1080.62,False,True,False,False,False,False,True,False,False,True,False,0.0047664442326024,0.0276453765490943,,,0.0324118207816968,0.0342929774388306,0.0343183984747378,0.0133460438512869,-0.0001184569014307,-0.0297780691075945,1007.0,1037.0,1.4307432432432432,0.005911330049261,-0.000550513360055,-0.0004474648765839
2010-12-24,1079.0,1082.0,1040.0,1051.0,94700.0,1051.0,1063.6,1067.2,1020.64,1012.64,1080.665,False,False,False,False,False,False,True,False,False,True,False,0.0171265461465271,0.0095147478591817,,,0.0288867745004757,0.0364985727878211,0.0485252140818268,-0.0009514747859181,-0.000381840206457,-0.0286731634182909,1007.0,1055.0,1.1180637544273908,0.0055259445054083,-0.0003853855438527,-0.0002633833050263
2010-12-27,1046.0,1054.0,1027.0,1043.0,57700.0,1043.0,1057.6,1066.9,1025.56,1011.9733333333334,1080.79,False,False,False,False,False,False,True,False,False,True,False,0.0153403643336529,0.0278044103547459,,,0.0167209971236817,0.0297475231703419,0.046979865771812,-0.0019175455417066,-0.0006587788874541,-0.0275564720217453,995.0,1047.0,0.6092925026399155,0.0047973789929404,-0.0007285655124679,-0.0002769386809971
2010-12-28,1048.0,1048.0,1032.0,1042.0,43100.0,1042.0,1051.4,1064.3,1030.72,1011.1733333333332,1080.795,False,False,False,False,False,False,True,False,False,False,False,0.027831094049904,0.019193857965451,,,0.0108253358925143,0.0295841330774153,0.0566218809980806,-0.0115163147792706,-0.0007911601044333,-0.0244292022925866,982.0,1060.0,0.7469670710571924,0.0050062092517852,0.0002088302588448,-0.0001323812169791
2010-12-29,1037.0,1066.0,1037.0,1060.0,52500.0,1060.0,1049.0,1063.2,1035.64,1010.7066666666668,1080.78,False,False,False,False,False,False,True,False,False,True,False,0.0160377358490566,-0.0047169811320754,,,0.0229811320754716,0.0465031446540879,0.0584905660377358,-0.0481132075471698,-0.0004617231507984,-0.0239841986455981,939.0,1056.0,1.2180974477958235,0.0047506855664131,-0.0002555236853721,0.0003294369536348
2010-12-30,1052.0,1058.0,1035.0,1054.0,45600.0,1054.0,1050.0,1059.9,1037.92,1010.4933333333332,1080.805,False,False,False,False,False,False,True,False,False,True,False,0.0227703984819734,0.0094876660341555,,,0.0152561669829221,0.0412776723592663,0.0597722960151802,-0.0370018975332068,-0.0002111180017683,-0.0219832059628268,928.0,1044.0,0.8685714285714285,0.0021967010944966,-0.0025539844719164,0.0002506051490301
2011-01-04,1054.0,1078.0,1042.0,1069.0,89000.0,1069.0,1053.6,1058.6,1040.36,1010.1866666666666,1081.01,False,False,False,False,False,False,True,False,False,False,False,-0.0074836295603367,-0.0168381665107577,,,0.0267913938260057,0.0550171499844091,0.0523854069223573,-0.0598690364826941,-0.0003035742569029,-0.0240884186661628,898.0,1023.0,1.951754385964912,0.0023453419970008,0.0001486409025042,-9.245625513459232e-05
2011-01-05,1064.0,1074.0,1052.0,1059.0,91500.0,1059.0,1056.8,1057.2,1042.24,1009.6266666666668,1081.14,False,False,False,False,False,False,True,False,False,True,False,0.012275731822474,-0.0075542965061378,,,0.0158262511803588,0.0466225999370474,0.0727101038715769,-0.0443814919735599,-0.0005546604685558,-0.0257283390087022,898.0,1029.0,1.0280898876404494,0.0018038071845257,-0.0005415348124751,-0.0002510862116529
2011-01-06,1068.0,1075.0,1059.0,1071.0,37300.0,1071.0,1062.6,1057.0,1044.2,1009.5066666666668,1081.225,False,False,False,False,False,False,True,False,False,False,False,-0.0084033613445378,-0.0158730158730158,,,0.0250233426704014,0.0574167444755679,0.0606909430438842,-0.0513538748832866,-0.0001188699430745,-0.0261116367076631,894.0,1034.0,0.4076502732240437,0.0018770350507565,7.322786623085303e-05,0.0004357905254813
2011-01-07,1084.0,1093.0,1072.0,1077.0,100500.0,1077.0,1066.0,1057.5,1047.8,1009.6933333333334,1081.26,False,False,False,False,False,False,True,True,False,False,False,-0.0204271123491179,-0.0204271123491179,,,0.0271123491179201,0.0624945837202104,0.0612813370473537,-0.0501392757660167,0.0001848746153947,-0.0294089834515365,879.0,1029.0,2.6943699731903483,0.0034357701851497,0.0015587351343931,0.0003037445584692
2011-01-11,1071.0,1083.0,1063.0,1078.0,70800.0,1078.0,1070.8,1060.4,1052.56,1009.88,1081.305,False,False,False,False,False,False,True,True,False,False,True,-0.0129870129870129,-0.0157699443413729,,,0.0235992578849722,0.063191094619666,0.0686456400742115,-0.0222634508348794,0.0001848404430888,-0.0329121086382498,891.0,1054.0,0.7044776119402985,0.0045223075169111,0.0010865373317613,-3.4172305825444034e-08
2011-01-12,1086.0,1086.0,1057.0,1061.0,90300.0,1061.0,1069.2,1061.4,1055.92,1010.2933333333332,1081.255,False,False,False,False,False,False,True,True,False,True,False,-0.0094250706880301,0.0150801131008482,,,0.0047879359095192,0.0477913917687717,0.0725730442978322,-0.005655042412818,0.0004091221031514,-0.033352176370831,903.0,1037.0,1.2754237288135593,0.0031820592469127,-0.0013402482699983,0.0002242816600625
2011-01-13,1061.0,1079.0,1060.0,1072.0,48400.0,1072.0,1071.8,1064.3,1059.56,1010.8,1081.2,False,False,False,False,False,False,True,True,False,False,True,-0.0195895522388059,0.0130597014925373,,,0.0116044776119403,0.057089552238806,0.0578358208955223,-0.0289179104477611,0.0005012531328321,-0.0359860941463872,908.0,1038.0,0.5359911406423035,0.0034353882743779,0.0002533290274651,9.21310296807737e-05
2011-01-14,1051.0,1075.0,1051.0,1062.0,90800.0,1062.0,1070.0,1066.3,1061.8,1011.04,1081.13,False,False,False,False,False,False,True,True,False,True,False,-0.007532956685499,0.0216572504708097,,,0.0001883239171375,0.047984934086629,0.0527306967984934,-0.0216572504708097,0.0002373793321728,-0.0369502016318108,895.0,1054.0,1.87603305785124,0.0021096251648144,-0.0013257631095634,-0.0002638738006593
2011-01-17,1060.0,1074.0,1052.0,1055.0,84400.0,1055.0,1065.6,1065.8,1062.88,1011.12,1081.09,False,False,False,False,False,False,True,True,False,True,False,0.0,0.0568720379146919,,,-0.0074691943127963,0.0415924170616113,0.0606635071090047,-0.0056872037914691,7.912018355886634e-05,-0.032745355601426,909.0,1031.0,0.9295154185022028,0.0010161071804908,-0.0010935179843235,-0.0001582591486139
2011-01-18,1048.0,1075.0,1048.0,1064.0,58800.0,1064.0,1062.8,1066.8,1063.88,1011.48,1081.055,False,False,False,False,False,False,True,True,False,True,False,-0.0028195488721804,0.0197368421052631,,,0.0001127819548871,0.049360902255639,0.0451127819548872,-0.0244360902255639,0.0003559141060624,-0.0314960629921259,899.0,1042.0,0.6966824644549763,0.000939955634094,-7.615154639681679e-05,0.0002767939225035
2011-01-19,1061.0,1061.0,1042.0,1051.0,97200.0,1051.0,1060.8,1065.0,1063.6,1011.4266666666666,1080.88,False,False,False,False,False,False,False,False,False,True,False,0.0247383444338725,0.0485252140818268,,,-0.0119885823025688,0.0376530288614018,0.0399619410085632,-0.0199809705042816,-5.273079610325862e-05,-0.0275117370892018,910.0,1051.0,1.653061224489796,-0.0002632568634827,-0.0012032124975767,-0.0004086449021656
2011-01-20,1037.0,1066.0,1037.0,1051.0,99100.0,1051.0,1056.6,1064.2,1063.8,1011.48,1080.575,False,False,False,False,False,False,True,True,False,False,False,0.033301617507136,0.0390104662226451,,,-0.0121788772597525,0.0376022835394861,0.0371075166508087,-0.0456707897240723,5.272801571301312e-05,-0.0276263860176659,920.0,1028.0,1.0195473251028806,0.0001880052641474,0.0004512621276301,0.0001054588118162
2011-01-21,1051.0,1061.0,1044.0,1054.0,125100.0,1054.0,1055.0,1062.5,1063.24,1011.4,1080.275,False,False,False,False,False,False,False,False,False,True,False,0.0294117647058823,0.0445920303605313,,,-0.0087666034155597,0.0404174573055028,0.0502846299810246,-0.0635673624288425,-7.90982796124589e-05,-0.0287999999999999,913.0,1015.0,1.2623612512613522,-0.0005266919980436,-0.0007146972621911,-0.0001318262953254
2011-01-24,1046.0,1057.0,1037.0,1055.0,87300.0,1055.0,1055.0,1060.3,1062.6,1011.3866666666668,1079.63,False,False,False,False,False,False,False,False,False,True,False,0.0568720379146919,0.0635071090047393,,,-0.0072037914691942,0.041339652448657,0.0559241706161137,-0.0625592417061611,-1.31832203969542e-05,-0.0299915118362727,937.0,1009.0,0.697841726618705,-0.0006022962544702,-7.560425642659757e-05,6.59150592155047e-05
2011-01-25,1059.0,1071.0,1049.0,1061.0,62500.0,1061.0,1054.4,1058.6,1061.56,1011.6133333333332,1078.74,False,False,False,False,False,False,False,True,False,True,False,0.0226201696512723,0.0527803958529689,,,-0.0005278039585296,0.0465472824379517,0.0442978322337417,-0.0395852968897266,0.0002240645305846,-0.0317400340071792,997.0,1007.0,0.715922107674685,-0.0009796902671539,-0.0003773940126837,0.0002372477509815
2011-01-26,1065.0,1086.0,1057.0,1077.0,111300.0,1077.0,1059.6,1060.2,1061.36,1012.3333333333334,1078.02,False,False,False,False,True,False,False,True,False,False,False,0.0232126276694521,0.0445682451253481,,,0.0145218198700093,0.0600433302383162,0.0334261838440111,-0.0807799442896936,0.0007112281857097,-0.0393322014714205,1008.0,1007.0,1.7808,-0.0001884374764453,0.0007912527907086,0.0004871636551251
2011-01-27,1077.0,1091.0,1061.0,1086.0,122100.0,1086.0,1066.6,1061.6,1061.88,1013.0933333333334,1077.185,False,False,False,False,False,False,True,True,False,False,False,0.005524861878453,0.0460405156537753,,,0.0222099447513811,0.0671332105586249,0.0211786372007366,-0.1049723756906077,0.0007501776736595,-0.0470987189148454,1012.0,995.0,1.0970350404312668,0.0004896975176104,0.0006781349940558,3.8949487949820885e-05
2011-01-28,1085.0,1097.0,1080.0,1085.0,80200.0,1085.0,1072.8,1063.9,1062.36,1013.7733333333332,1076.35,False,False,False,False,False,False,True,True,False,True,False,0.0147465437788018,0.0470046082949308,,,0.0208663594470047,0.0656466973886329,0.0018433179723502,-0.1253456221198156,0.0006707613799269,-0.0576181971989849,1022.0,982.0,0.6568386568386568,0.0004518242403702,-3.787327724017402e-05,-7.94162937325665e-05
2011-01-31,1094.0,1122.0,1076.0,1115.0,205700.0,1115.0,1084.8,1069.9,1064.08,1014.92,1075.655,False,False,False,False,False,False,True,True,True,False,False,0.0062780269058295,0.0251121076233183,,,0.0456681614349776,0.0897578475336323,-0.0295964125560538,-0.0896860986547085,0.0011298099029152,-0.0660809421441256,987.0,939.0,2.564837905236908,0.0016164198180588,0.0011645955776885,0.0004590485229882
2011-02-01,1111.0,1112.0,1074.0,1085.0,132300.0,1085.0,1089.6,1072.0,1065.52,1015.3333333333334,1074.89,False,False,False,False,False,False,True,True,False,True,False,0.0294930875576036,0.0617511520737327,,,0.0179539170506912,0.0642089093701996,0.0129032258064516,-0.0930875576036866,0.0004070912672357,-0.0729477611940298,959.0,928.0,0.6431696645600389,0.0013514528117727,-0.0002649670062861,-0.0007227186356794
2011-02-02,1092.0,1111.0,1091.0,1102.0,56200.0,1102.0,1094.6,1077.1,1067.56,1016.2,1074.225,False,False,False,False,False,False,True,True,False,False,False,0.0208711433756805,0.0326678765880217,,,0.0312522686025408,0.0778584392014518,-0.0235934664246823,-0.1070780399274047,0.0008528504887489,-0.0816080215393184,977.0,898.0,0.4247921390778533,0.0019108996215669,0.0005594468097941,0.0004457592215131
2011-02-03,1092.0,1095.0,1076.0,1092.0,64000.0,1092.0,1095.8,1081.2,1069.52,1016.92,1073.52,False,False,False,False,False,False,True,True,False,True,False,0.0402930402930402,0.0384615384615384,,,0.0205860805860806,0.0687545787545788,-0.0338827838827838,-0.0906593406593406,0.0007080202965817,-0.086015538290788,981.0,898.0,1.1387900355871887,0.0018325978008826,-7.830182068423066e-05,-0.0001448301921671
2011-02-04,1098.0,1105.0,1090.0,1101.0,50600.0,1101.0,1099.0,1085.9,1071.88,1017.5466666666666,1072.775,False,False,False,False,False,False,True,True,False,False,False,0.0317892824704813,0.0154405086285195,,,0.0264486830154404,0.0757977596124735,-0.1380563124432334,-0.1026339691189827,0.0006158603700403,-0.0898793627405839,1006.0,894.0,0.790625,0.0022017390006345,0.0003691411997518,-9.215992654139338e-05
2011-02-07,1115.0,1122.0,1107.0,1122.0,113700.0,1122.0,1100.4,1092.6,1074.36,1018.76,1072.21,False,False,False,False,False,False,True,True,False,False,False,0.0187165775401069,-0.0026737967914438,,,0.0424598930481284,0.0920142602495543,-0.1737967914438502,-0.1024955436720142,0.0011909903542869,-0.0938129233022148,1028.0,879.0,2.2470355731225298,0.0023083510182804,0.0001066120176459,0.0005751299842465
2011-02-08,1122.0,1123.0,1108.0,1117.0,65300.0,1117.0,1106.8,1098.2,1076.88,1019.76,1071.645,False,False,False,False,False,False,True,True,False,False,False,0.0313339301700984,-0.0044762757385854,,,0.0359176365264099,0.0870546105640107,-0.1521933751119069,-0.0913160250671441,0.0009806228916607,-0.0987980331451466,1039.0,891.0,0.5743183817062445,0.0023400936037443,3.174258546388741e-05,-0.0002103674626261
2011-02-09,1118.0,1130.0,1115.0,1125.0,74700.0,1125.0,1111.4,1103.0,1079.12,1020.7466666666668,1071.1,False,False,False,False,False,False,True,True,False,True,False,0.0115555555555555,-0.0284444444444444,,,0.0407822222222223,0.0926696296296295,-0.1546666666666666,-0.1084444444444444,0.0009666126756885,-0.1015412511332728,1058.0,903.0,1.1439509954058191,0.0020757654385052,-0.000264328165239,-1.401021597227485e-05
2011-02-10,1121.0,1141.0,1121.0,1136.0,86600.0,1136.0,1120.2,1108.0,1082.2,1022.1866666666666,1070.66,False,False,False,False,False,False,True,True,False,False,False,-0.0017605633802816,-0.0404929577464788,,,0.0473591549295774,0.1001877934272301,-0.1566901408450704,-0.1390845070422535,0.0014087446519877,-0.1050541516245487,1046.0,908.0,1.1593038821954484,0.0028460543337646,0.0007702888952594,0.0004421319762992
2011-02-14,1136.0,1140.0,1120.0,1136.0,56800.0,1136.0,1127.2,1113.1,1084.8,1023.8,1070.385,False,False,False,False,False,False,True,True,False,True,False,-0.0158450704225352,-0.0255281690140845,,,0.0450704225352113,0.0987676056338028,-0.1029929577464788,-0.1443661971830986,0.0015758286123591,-0.1070883119216601,1068.0,895.0,0.6558891454965358,0.0023967551622418,-0.0004492991715228,0.0001670839603714
2011-02-15,1137.0,1152.0,1133.0,1143.0,86700.0,1143.0,1131.4,1115.9,1087.44,1025.5866666666666,1070.12,False,False,False,False,False,False,True,True,False,False,False,-0.0209973753280839,-0.0253718285214348,,,0.0486089238845143,0.1027238261883931,-0.1093613298337707,-0.1461067366579177,0.0017420923308935,-0.1128237297248858,1071.0,909.0,1.5264084507042253,0.0024277201500773,3.09649878355335e-05,0.0001662637185343
2011-02-16,1143.0,1157.0,1141.0,1152.0,65800.0,1152.0,1138.4,1122.6,1090.4,1027.52,1069.93,False,False,False,False,False,False,True,True,False,False,False,-0.0347222222222222,-0.0381944444444444,,,0.0534722222222221,0.1080555555555555,-0.0876736111111111,-0.1527777777777778,0.0018815529949133,-0.1188312845180829,1087.0,899.0,0.7589388696655133,0.0027146001467351,0.0002868799966578,0.0001394606640198
2011-02-17,1160.0,1161.0,1129.0,1138.0,144400.0,1138.0,1141.0,1126.2,1093.48,1029.2666666666669,1069.67,False,False,False,False,False,False,True,True,False,False,False,-0.039543057996485,-0.0219683655536028,,,0.0391212653778558,0.0955477445811363,-0.0834797891036906,-0.1397188049209138,0.0016970011011078,-0.1220919907654057,1082.0,910.0,2.1945288753799392,0.0028166953213592,0.000102095174624,-0.0001845518938055
2011-02-18,1140.0,1140.0,1126.0,1134.0,88600.0,1134.0,1140.6,1130.4,1095.96,1031.12,1069.38,False,False,False,False,False,False,True,True,False,True,False,-0.0388007054673721,-0.0220458553791887,,,0.0335449735449735,0.0907231040564374,-0.0793650793650793,-0.1402116402116402,0.0017973982982902,-0.1269462137296533,1073.0,920.0,0.6135734072022161,0.0022628563086244,-0.0005538390127348,0.0001003971971824
2011-02-21,1126.0,1126.0,1111.0,1118.0,66000.0,1118.0,1137.0,1132.1,1098.2,1032.9333333333334,1069.035,False,False,False,False,False,False,True,True,False,True,False,-0.0098389982110912,-0.0277280858676207,,,0.0177101967799641,0.0760882528324388,-0.0948121645796064,-0.1135957066189624,0.001755518265135,-0.1279922268350851,1073.0,913.0,0.744920993227991,0.0020397013294481,-0.0002231549791762,-4.188003315516546e-05
2011-02-22,1114.0,1147.0,1108.0,1119.0,185900.0,1119.0,1132.2,1131.8,1100.76,1035.3333333333333,1068.66,False,False,False,False,False,False,True,True,False,False,False,-0.0044682752457551,-0.033065236818588,,,0.0163002680965147,0.0747691391123027,-0.0518319928507596,-0.1027703306523681,0.0023180940115903,-0.1280261530305707,1072.0,937.0,2.816666666666667,0.0023256659035574,0.0002859645741092,0.0005625757464552
2011-02-23,1114.0,1121.0,1107.0,1112.0,79000.0,1112.0,1124.2,1131.3,1102.68,1037.7866666666666,1068.325,False,False,False,False,False,False,True,True,False,True,False,-0.0035971223021582,-0.0116906474820143,,,0.0083812949640287,0.0667386091127098,-0.0494604316546762,-0.0980215827338129,0.0023640054474908,-0.128701493856625,1049.0,997.0,0.4249596557288865,0.0017412123190772,-0.0005844535844802,4.5911435900516245e-05
2011-02-24,1104.0,1106.0,1068.0,1093.0,150100.0,1093.0,1115.2,1128.1,1104.36,1040.3866666666668,1068.015,False,False,False,False,False,False,True,True,False,True,False,0.0182982616651418,-0.0155535224153705,,,-0.0103934126258004,0.0481366270204329,-0.0439158279963403,-0.0832570905763952,0.0024990708582707,-0.1263185887775905,1051.0,1008.0,1.9,0.0015212430729108,-0.0002199692461663,0.0001350654107799
2011-02-25,1078.0,1099.0,1067.0,1090.0,112000.0,1090.0,1106.4,1123.5,1105.92,1042.9466666666667,1067.53,False,False,False,False,False,False,True,True,False,True,False,0.0174311926605504,-0.0321100917431192,,,-0.014605504587156,0.0431681957186543,-0.0532110091743119,-0.0642201834862385,0.0024545838074173,-0.1190031152647975,1043.0,1012.0,0.7461692205196535,0.0014105902777779,-0.0001106527951329,-4.448705085338071e-05
2011-02-28,1090.0,1113.0,1081.0,1107.0,96500.0,1107.0,1104.2,1120.6,1108.04,1045.7866666666666,1067.345,False,False,False,False,False,False,True,True,False,False,False,-0.01806684733514,-0.1427280939476061,,,-0.0009394760614272,0.0552965974104185,-0.076784101174345,-0.071364046973803,0.0027156590254225,-0.1117258611458146,1042.0,1022.0,0.8616071428571429,0.001913288328941,0.0005026980511631,0.0002610752180051
2011-03-01,1115.0,1124.0,1101.0,1114.0,100000.0,1114.0,1103.2,1117.7,1110.4,1048.92,1067.21,False,False,False,True,True,False,True,True,False,False,False,-0.0287253141831238,-0.1678635547576301,,,0.0032315978456013,0.0584201077199281,-0.0888689407540394,-0.070915619389587,0.0029871995322173,-0.1041424353583252,1060.0,987.0,1.0362694300518134,0.0021253602305476,0.0002120719016065,0.0002715405067947
2011-03-02,1107.0,1122.0,1102.0,1108.0,103600.0,1108.0,1102.4,1113.3,1112.28,1051.8133333333333,1067.105,False,False,False,False,False,False,True,True,False,True,False,-0.0081227436823104,-0.1453068592057761,,,-0.0038628158844765,0.0507099879663057,-0.0740072202166065,-0.0451263537906137,0.0027508049590547,-0.0932363244408514,1054.0,959.0,1.036,0.0016902218865752,-0.0004351383439724,-0.0002363945731626
2011-03-03,1108.0,1117.0,1103.0,1113.0,45500.0,1113.0,1106.4,1110.8,1113.72,1054.6133333333332,1066.96,False,False,False,False,False,False,True,True,False,True,False,-0.0332434860736747,-0.1455525606469002,,,-0.0006469002695418,0.0524588200059899,-0.0655884995507637,-0.0377358490566037,0.0026550015171436,-0.082913215700396,1069.0,977.0,0.4391891891891892,0.0012929641202457,-0.0003972577663295,-9.580344191103358e-05
2011-03-04,1117.0,1121.0,1106.0,1109.0,48800.0,1109.0,1110.2,1108.3,1114.64,1057.2933333333333,1066.685,False,False,False,False,False,False,True,True,False,True,False,-0.0486925157799819,-0.1361587015329125,,,-0.0050856627592426,0.046624586714758,-0.0595130748422001,-0.0207394048692515,0.0025347743294198,-0.0708291978706126,1059.0,981.0,1.0725274725274725,0.0008253785975741,-0.0004675855226715,-0.0001202271877238
2011-03-07,1115.0,1115.0,1081.0,1087.0,76200.0,1087.0,1106.2,1105.2,1114.72,1059.8533333333332,1066.435,False,False,False,False,False,False,True,True,False,True,False,-0.1269549218031278,-0.062557497700092,,,-0.0255013799448022,0.0249739343759583,-0.0597976080956761,0.0055197792088316,0.0024154285498621,-0.0589938472674629,1071.0,1006.0,1.5614754098360657,7.1766901105145e-05,-0.000753611696469,-0.0001193457795576
2011-03-08,1077.0,1096.0,1077.0,1082.0,56700.0,1082.0,1099.8,1101.5,1113.4,1062.16,1066.05,False,False,False,False,False,False,False,True,False,True,False,-0.1432532347504621,-0.0591497227356746,,,-0.0290203327171904,0.018336414048059,-0.0268022181146025,0.0194085027726432,0.002171675328262,-0.0468452110758056,1077.0,1028.0,0.7440944881889764,-0.0011855577510328,-0.0012573246521379,-0.0002437532216001
2011-03-09,1085.0,1099.0,1082.0,1099.0,61000.0,1099.0,1098.0,1100.2,1113.96,1064.8266666666666,1065.755,False,False,False,False,False,False,True,True,False,False,False,-0.1383075523202911,-0.0436760691537761,,,-0.0136123748862602,0.0310949347892023,-0.0327570518653321,0.010919017288444,0.0025043199519169,-0.0359025631703326,1078.0,1039.0,1.0758377425044092,0.0005027110488706,0.0016882687999034,0.0003326446236548
2011-03-10,1098.0,1098.0,1067.0,1076.0,76100.0,1076.0,1090.6,1098.5,1112.92,1067.04,1065.6,False,False,False,False,False,False,False,True,False,True,False,-0.1161710037174721,-0.0306691449814126,,,-0.0343122676579926,0.0083271375464684,-0.0241635687732342,0.0436802973977695,0.0020742740040985,-0.0233955393718707,1061.0,1058.0,1.2475409836065574,-0.0009344786687272,-0.0014371897175979,-0.0004300459478183
2011-03-11,1052.0,1066.0,1050.0,1055.0,114500.0,1055.0,1079.8,1095.0,1111.44,1068.84,1065.26,False,False,False,False,False,False,False,True,False,True,False,-0.0919431279620853,-0.0104265402843601,,,-0.0534976303317536,-0.0131184834123221,-0.0132701421800947,0.0511848341232227,0.0016840687100033,-0.0121461187214611,1072.0,1046.0,1.504599211563732,-0.0013316058446699,-0.0003971271759427,-0.0003902052940952
2011-03-14,970.0,1011.0,949.0,949.0,147500.0,949.0,1052.2,1079.2,1105.36,1069.32,1064.515,False,False,False,False,False,False,False,True,False,True,False,0.0737618545837724,0.0663856691253951,,,-0.164762908324552,-0.1267860906217069,0.0853530031612223,0.19072708113804,0.0004488834025362,0.011767976278725,1062.0,1068.0,1.2882096069868996,-0.0055004704349715,-0.0041688645903015,-0.0012351853074671
2011-03-15,926.0,958.0,876.0,927.0,153000.0,927.0,1021.2,1060.5,1097.56,1069.1866666666667,1063.74,False,False,False,False,False,False,False,False,False,True,False,0.0981661272923408,0.1445523193096008,,,-0.1839913700107874,-0.153383674937073,0.0884573894282632,0.221143473570658,-0.0001247053835312,0.0387553041018386,1055.0,1071.0,1.0372881355932204,-0.0071066729837092,-0.0016062025487377,-0.0005735887860675
2011-03-16,946.0,963.0,913.0,947.0,125500.0,947.0,990.8,1044.4,1090.76,1068.52,1063.11,False,False,False,False,False,False,False,False,False,False,False,0.1098204857444561,0.116156282998944,,,-0.151805702217529,-0.1283210137275607,0.071805702217529,0.2090813093980992,-0.0006239159460438,0.0630984297204135,1064.0,1087.0,0.8202614379084967,-0.0062341853386629,0.0008724876450463,-0.0004992105625125
2011-03-17,902.0,972.0,899.0,951.0,158200.0,951.0,965.8,1028.2,1083.8,1067.76,1062.445,False,False,False,False,False,False,False,False,False,True,False,0.0967402733964248,0.0988433228180862,,,-0.1396424815983175,-0.122776025236593,0.056782334384858,0.1882229232386961,-0.0007117704353038,0.0855864617778642,1051.0,1082.0,1.2605577689243028,-0.0064218490496401,-0.0001876637109772,-8.785448925998512e-05
2011-03-18,940.0,972.0,916.0,958.0,197900.0,958.0,946.4,1013.1,1076.68,1067.04,1061.73,False,False,False,False,False,False,False,False,False,True,False,0.0897703549060542,0.0772442588726513,,,-0.1238830897703549,-0.1138204592901878,0.0563674321503131,0.1764091858037578,-0.0006747638326585,0.1058138387128614,1051.0,1073.0,1.2509481668773703,-0.0066129212022141,-0.0001910721525739,3.700660264521001e-05
2011-03-22,977.0,1025.0,977.0,1019.0,104300.0,1019.0,960.4,1006.3,1072.0,1067.0,1061.26,False,False,False,False,False,False,False,False,False,False,False,-0.0068694798822374,0.0029440628066732,,,-0.0520117762512266,-0.0471050049067713,-0.0029440628066732,0.1118743866535819,-3.748828491093123e-05,0.1172612540991752,1054.0,1073.0,0.527033855482567,-0.0043656716417911,0.002247249560423,0.0006372755477476
2011-03-23,1034.0,1041.0,1007.0,1018.0,106900.0,1018.0,978.6,999.9,1067.0,1067.4133333333334,1060.72,False,False,True,False,False,False,False,True,False,True,False,0.0422396856581532,-0.0029469548133595,,,-0.0481335952848723,-0.0485396201702685,0.0049115913555992,0.1070726915520628,0.0003872289397422,0.1268126812681269,1055.0,1072.0,1.024928092042186,-0.0046860356138706,-0.0003203639720795,0.0004247172246531
2011-03-24,1009.0,1058.0,1005.0,1051.0,117400.0,1051.0,999.4,995.1,1062.96,1068.64,1060.33,False,False,False,False,False,False,False,True,False,False,False,0.005708848715509,-0.0237868696479543,,,-0.0113796384395813,-0.0167840152235966,0.0028544243577545,0.0818268315889629,0.001147876428607,0.1348608180082403,1061.0,1049.0,1.09822263797942,-0.0038007074584179,0.0008853281554526,0.0007606474888648
2011-03-25,1058.0,1078.0,1026.0,1043.0,98200.0,1043.0,1017.8,991.8,1059.16,1069.52,1060.015,False,False,False,False,False,False,False,True,False,False,False,0.0019175455417066,-0.0028763183125599,,,-0.0154937679769895,-0.0254266538830297,0.0115052732502396,0.0862895493767977,0.000822799012641,0.1396450897358338,1077.0,1051.0,0.8364565587734242,-0.0035877487820536,0.0002129586763643,-0.000325077415966
2011-03-28,1043.0,1047.0,1026.0,1044.0,44000.0,1044.0,1035.0,990.7,1055.56,1070.36,1059.645,False,False,False,False,False,False,False,True,False,False,False,-0.0114942528735632,-0.0009578544061302,,,-0.0110727969348658,-0.0252490421455937,-0.0028735632183908,0.082375478927203,0.000784782689936,0.143030180680327,1086.0,1043.0,0.4480651731160896,-0.0034105119557392,0.0001772368263143,-3.801632270505439e-05
2011-03-29,1020.0,1028.0,999.0,1012.0,87200.0,1012.0,1033.6,997.0,1051.32,1070.44,1059.035,False,False,False,False,False,False,False,True,False,True,True,0.0098814229249011,0.0098814229249011,,,-0.0388537549407114,-0.0577470355731225,0.0266798418972332,0.1314229249011857,7.473562273472087e-05,0.1373119358074223,1085.0,1042.0,1.981818181818182,-0.004033025149336,-0.0006225131935968,-0.0007100470672012
2011-03-30,1012.0,1069.0,1004.0,1061.0,128600.0,1061.0,1042.2,1010.4,1049.0,1070.88,1058.8,False,False,False,False,True,False,False,True,False,False,False,-0.0433553251649387,-0.0075400565504241,,,0.0113100848256361,-0.0093119698397739,-0.0113100848256361,0.0829406220546654,0.000410877035709,0.1239113222486143,1115.0,1060.0,1.474770642201835,-0.0022116301239274,0.0018213950254085,0.0003361414129742
2011-03-31,1065.0,1065.0,1032.0,1057.0,168000.0,1057.0,1043.4,1021.4,1046.8,1071.12,1058.325,False,False,False,False,False,False,False,True,False,False,False,-0.0293282876064333,0.0056764427625354,,,0.0096499526963103,-0.0133585619678333,-0.0179754020813623,0.1239356669820246,0.0002240645305846,0.1160172312512239,1085.0,1054.0,1.3063763608087091,-0.0021016431027894,0.0001099870211379,-0.0001868125051243
2011-04-01,1050.0,1060.0,1042.0,1045.0,78100.0,1045.0,1043.8,1030.8,1044.88,1070.9466666666667,1057.835,False,False,False,False,False,False,False,False,False,False,False,-0.0047846889952153,0.0047846889952153,,,0.000114832535885,-0.024829346092504,-0.0143540669856459,0.1119617224880382,-0.0001618505745693,0.1089445091191307,1102.0,1069.0,0.4648809523809524,-0.0018375315825739,0.0002641115202155,-0.0003859151051539
2011-04-04,1050.0,1063.0,1023.0,1032.0,75900.0,1032.0,1041.4,1038.2,1042.56,1070.76,1057.335,False,False,False,False,False,True,False,False,False,True,False,0.0106589147286821,0.0087209302325581,,,-0.0102325581395348,-0.0375581395348837,-0.0281007751937984,0.1385658914728682,-0.0001743310047692,0.1056636486226161,1092.0,1059.0,0.971830985915493,-0.0022252915899326,-0.0003877600073587,-1.2480430199859505e-05
2011-04-05,1032.0,1041.0,1007.0,1022.0,47200.0,1022.0,1043.4,1038.5,1039.16,1070.1466666666668,1056.76,False,False,False,False,False,False,False,False,False,True,False,0.0,0.0078277886497064,,,-0.0167906066536204,-0.0471102413568167,-0.0342465753424657,0.1457925636007827,-0.0005731301628436,0.1090033702455465,1101.0,1071.0,0.621870882740448,-0.0032718734362368,-0.0010465818463041,-0.0003987991580743
2011-04-06,1023.0,1032.0,1010.0,1015.0,69900.0,1015.0,1034.2,1038.2,1035.2,1069.4,1056.105,False,False,False,False,False,False,False,False,False,True,False,0.0374384236453202,-0.005911330049261,,,-0.0199014778325123,-0.0535960591133005,-0.025615763546798,0.1625615763546798,-0.0006982108347359,0.114428819109998,1122.0,1077.0,1.4809322033898304,-0.0038253477588872,-0.0005534743226503,-0.0001250806718923
2011-04-07,1015.0,1036.0,1005.0,1026.0,99900.0,1026.0,1028.0,1035.7,1031.92,1068.5866666666666,1055.45,False,False,False,False,False,False,False,False,False,False,False,0.0360623781676413,-0.0107212475633528,,,-0.0057699805068226,-0.0415074723846652,-0.0068226120857699,0.1033138401559454,-0.0007611299660612,0.1166360915322969,1117.0,1078.0,1.4291845493562232,-0.0031785409721683,0.0006468067867188,-6.291913132525713e-05
2011-04-08,1021.0,1049.0,1009.0,1040.0,86000.0,1040.0,1027.0,1035.4,1029.0,1068.0266666666666,1054.845,False,False,False,False,True,False,False,False,False,False,False,0.0096153846153846,-0.0336538461538461,,,0.010576923076923,-0.0269487179487179,-0.048076923076923,0.1076923076923077,-0.0005243314773663,0.118794668727062,1125.0,1061.0,0.8608608608608609,-0.0028377065111759,0.0003408344609923,0.0002367984886949
2011-04-11,1040.0,1050.0,1028.0,1043.0,45600.0,1043.0,1029.2,1035.3,1026.36,1067.6266666666668,1054.305,False,False,False,False,False,False,False,False,False,False,False,-0.0019175455417066,-0.0297219558964525,,,0.0159539789069991,-0.0236113774368809,-0.0680728667305848,0.1160115052732502,-0.0003746628034767,0.1221868057567854,1136.0,1072.0,0.5302325581395348,-0.0025721968899802,0.0002655096211957,0.0001496686738895
2011-04-12,1021.0,1042.0,1019.0,1022.0,56500.0,1022.0,1029.2,1036.3,1023.76,1066.9466666666667,1053.595,False,False,False,False,False,False,False,False,False,False,False,0.0078277886497064,-0.0058708414872798,,,-0.0017221135029354,-0.0439791258969341,-0.0714285714285714,0.159491193737769,-0.0006373327001662,0.1249638135674997,1136.0,1062.0,1.2390350877192982,-0.0025396577322809,3.2539157699307004e-05,-0.0002626698966895
2011-04-13,1021.0,1064.0,1019.0,1053.0,102700.0,1053.0,1036.8,1035.5,1022.6,1066.6933333333334,1052.935,False,False,False,False,False,False,False,False,False,False,False,-0.0417853751187084,-0.0284900284900284,,,0.0288698955365621,-0.0130041152263374,-0.0360873694207027,0.124406457739791,-0.0002374940626484,0.1292129406084017,1143.0,1055.0,1.817699115044248,-0.0011343633874437,0.0014052943448371,0.0003998386375178
2011-04-14,1051.0,1073.0,1038.0,1063.0,92800.0,1063.0,1044.2,1036.1,1021.16,1066.88,1052.21,False,False,False,False,False,False,False,True,False,True,False,-0.0451552210724365,-0.0084666039510818,,,0.0393603010348071,-0.0036500470366887,-0.0743179680150517,0.1251175917215428,0.0001749650069986,0.1293311456423125,1152.0,1064.0,0.9036027263875364,-0.0014101609933801,-0.0002757976059363,0.000412459069647
2011-04-15,1069.0,1069.0,1047.0,1050.0,77000.0,1050.0,1046.2,1036.6,1020.12,1066.8666666666666,1051.6,False,False,False,False,False,False,False,False,False,False,False,-0.0428571428571428,0.0047619047619047,,,0.0284571428571428,-0.0160634920634919,-0.0628571428571428,0.0971428571428571,-1.24976566895725e-05,0.1278217248697665,1138.0,1051.0,0.8297413793103449,-0.0010194879033838,0.0003906730899962,-0.0001874626636882
2011-04-18,1050.0,1052.0,1039.0,1041.0,35800.0,1041.0,1045.8,1037.5,1019.56,1066.84,1050.955,False,False,False,False,False,False,False,False,False,False,False,-0.0278578290105667,0.0,,,0.0205955811719501,-0.0248222862632083,-0.0461095100864553,0.0662824207492795,-2.499593816002626e-05,0.1205783132530119,1134.0,1051.0,0.4649350649350649,-0.0005492565420377,0.000470231361346,-1.249828147045376e-05
2011-04-19,1025.0,1034.0,1019.0,1030.0,48900.0,1030.0,1047.4,1038.3,1022.8,1066.68,1050.395,False,False,False,False,False,False,True,False,True,False,False,-0.0135922330097087,0.0087378640776699,,,0.0069902912621359,-0.0356116504854369,-0.0407766990291262,0.0766990291262136,-0.0001499981250233,0.1137436193778292,1118.0,1054.0,1.3659217877094971,0.0031677747360187,0.0037170312780565,-0.0001250021868632
2011-04-20,1031.0,1031.0,1004.0,1009.0,92800.0,1009.0,1038.6,1037.7,1026.08,1066.0,1049.68,False,False,False,False,False,False,True,False,False,False,False,0.0138751238850346,0.0396432111000991,,,-0.0169276511397422,-0.0564915758176412,-0.0019821605550049,0.1050545094152626,-0.0006378986866792,0.1081237351835791,1119.0,1055.0,1.897750511247444,0.0031966318415717,2.885710555299969e-05,-0.0004879005616559
2011-04-21,1012.0,1015.0,1002.0,1015.0,74800.0,1015.0,1029.0,1036.6,1028.8,1065.48,1049.075,False,False,False,False,False,False,True,False,False,True,False,0.038423645320197,0.0226600985221674,,,-0.0135960591133004,-0.0497339901477832,0.0,0.1458128078817734,-0.0004880429477793,0.112290179432761,1112.0,1061.0,0.8060344827586207,0.0026438569206843,-0.0005527749208874,0.0001498557388998
2011-04-22,1001.0,1010.0,995.0,1005.0,42600.0,1005.0,1020.0,1033.1,1030.96,1064.6266666666668,1048.565,False,False,False,False,False,False,True,False,False,True,False,0.0497512437810945,0.0248756218905472,,,-0.0258308457711443,-0.059330016583748,-0.0019900497512437,0.154228855721393,-0.0008015329317318,0.1168328332204046,1093.0,1077.0,0.56951871657754,0.0020951346317995,-0.0005487222888847,-0.0003134899839524
2011-04-25,1019.0,1027.0,1002.0,1012.0,50700.0,1012.0,1014.2,1030.0,1033.12,1064.0,1048.125,False,False,False,False,False,False,True,False,False,True,False,0.0286561264822134,-0.008893280632411,,,-0.0208695652173911,-0.0513833992094861,-0.033596837944664,0.16699604743083,-0.0005889724310777,0.1218446601941747,1090.0,1086.0,1.1901408450704225,0.0020907542202259,-4.380411573596827e-06,0.000212560500654
2011-04-26,1012.0,1020.0,1001.0,1016.0,54200.0,1016.0,1011.4,1029.4,1033.0,1063.2666666666669,1047.695,False,False,False,False,False,False,False,False,False,True,False,0.0226377952755905,-0.0285433070866141,,,-0.0167322834645669,-0.0465223097112863,-0.0433070866141732,0.1732283464566929,-0.0006896984136934,0.1231785506120069,1107.0,1085.0,1.069033530571992,-0.0001161665053241,-0.0022069207255501,-0.0001007259826156
2011-04-27,1020.0,1033.0,1016.0,1023.0,59500.0,1023.0,1014.2,1026.4,1033.2,1062.5466666666666,1047.25,False,False,False,False,False,False,True,False,False,False,False,0.0254154447702834,-0.0332355816226783,,,-0.0099706744868035,-0.0386575431736721,-0.0459433040078201,0.2043010752688172,-0.0006776172968091,0.1311379579111456,1114.0,1115.0,1.0977859778597785,0.0001935733643051,0.0003097398696293,1.2081116884284529e-05
2011-04-28,1033.0,1058.0,1026.0,1054.0,79900.0,1054.0,1022.0,1025.5,1033.32,1062.2266666666667,1046.87,False,False,False,True,True,False,True,False,False,True,False,-0.0151802656546489,-0.0332068311195445,,,0.0196204933586338,-0.0078051865907653,-0.0740037950664136,0.1907020872865275,-0.0003012539696486,0.1378839590443686,1108.0,1085.0,1.3428571428571427,0.0001161305307164,-7.744283358869588e-05,0.0003763633271605
2011-05-02,1048.0,1070.0,1045.0,1055.0,140900.0,1055.0,1032.0,1026.0,1033.8,1062.1466666666668,1046.645,False,False,False,False,False,False,True,False,False,False,False,-0.0236966824644549,-0.0616113744075829,,,0.0200947867298578,-0.0067740916271722,-0.0720379146919431,0.133649289099526,-7.531916496145596e-05,0.1416179337231968,1113.0,1102.0,1.7634543178973716,0.0004643064422519,0.0003481759115354,0.0002259348046871
2011-05-06,1056.0,1056.0,1037.0,1041.0,94100.0,1041.0,1037.8,1026.0,1033.68,1061.7333333333331,1046.21,False,False,False,False,False,False,False,False,False,True,False,-0.0365033621517771,-0.0662824207492795,,,0.0070317002881843,-0.0199167467178992,-0.063400576368876,0.1373679154658982,-0.0003893005148816,0.1488304093567252,1109.0,1092.0,0.6678495386799148,-0.0001160900859065,-0.0005803965281584,-0.0003139813499201
2011-05-09,1036.0,1049.0,1033.0,1039.0,58600.0,1039.0,1042.4,1026.9,1034.76,1061.4266666666667,1045.79,False,False,False,False,False,False,True,False,True,False,False,-0.0500481231953801,-0.0866217516843118,,,0.0040808469682387,-0.0215848572345204,-0.0461982675649663,0.1578440808469682,-0.0002889193161402,0.1569773103515432,1087.0,1101.0,0.6227417640807651,0.001043720282964,0.0011598103688706,0.0001003811987413
2011-05-10,1039.0,1054.0,1039.0,1049.0,55000.0,1049.0,1047.6,1030.9,1034.28,1061.3466666666666,1045.455,False,False,False,False,False,False,False,False,False,True,True,-0.0571973307912297,-0.0324118207816968,,,0.0140324118207817,-0.0117699396250396,-0.0428979980934223,0.1410867492850333,-7.537593748836819e-05,0.1604423319429623,1082.0,1122.0,0.938566552901024,-0.0004640909618285,-0.0015078112447926,0.0002135433786519
2011-05-11,1051.0,1053.0,1035.0,1038.0,73300.0,1038.0,1044.4,1033.2,1033.52,1061.0,1045.12,False,False,False,False,False,False,False,False,False,True,False,-0.0183044315992292,-0.0520231213872832,,,0.0043159922928709,-0.0221579961464354,-0.0337186897880539,0.1358381502890173,-0.0003267357838516,0.1594076655052265,1099.0,1117.0,1.3327272727272728,-0.0007353510333617,-0.0002712600715331,-0.0002513598463632
2011-05-12,1030.0,1031.0,1022.0,1030.0,51400.0,1030.0,1039.4,1035.7,1032.92,1060.72,1044.695,False,False,False,False,False,True,False,False,False,False,False,-0.0388349514563106,-0.0446601941747572,,,-0.0028349514563107,-0.0298252427184466,-0.0271844660194174,0.1466019417475728,-0.0002639716419035,0.1586366708506323,1076.0,1125.0,0.7012278308321964,-0.0005808775122951,0.0001544735210665,6.276414194804244e-05
2011-05-13,1029.0,1035.0,996.0,1003.0,93700.0,1003.0,1031.8,1034.8,1031.76,1060.08,1044.22,False,False,False,False,False,False,False,False,False,True,False,-0.0309072781655034,-0.0099700897308075,,,-0.0286739780658025,-0.0569092721834495,0.0169491525423728,0.1784646061814556,-0.0006037280205268,0.1597410127560881,1055.0,1136.0,1.82295719844358,-0.0011242924711173,-0.0005434149588222,-0.0003397563786232
2011-05-16,991.0,998.0,984.0,987.0,52400.0,987.0,1021.4,1031.9,1030.36,1059.1866666666667,1043.82,False,False,False,False,False,False,False,False,False,True,False,-0.0385005065856129,0.0010131712259371,,,-0.0439311043566361,-0.0731374535629855,0.0415400202634245,0.2137791286727457,-0.0008434144437869,0.1635817424169008,949.0,1136.0,0.5592315901814301,-0.001358748398618,-0.0002344559275006,-0.00023968642326
2011-05-17,986.0,996.0,976.0,989.0,115200.0,989.0,1009.4,1028.5,1029.32,1058.3066666666666,1043.36,False,False,False,False,False,False,False,False,False,False,False,0.0262891809908999,0.0182002022244691,,,-0.0407684529828108,-0.0700775193798449,0.0465116279069767,0.1931243680485338,-0.000831517014602,0.1623723869713174,927.0,1143.0,2.198473282442748,-0.0010103757820696,0.0003483726165483,1.1897429184887795e-05
2011-05-18,993.0,1020.0,990.0,1019.0,137400.0,1019.0,1005.6,1025.0,1029.04,1057.746666666667,1043.075,False,False,False,False,False,False,False,False,False,False,False,-0.0343473994111874,-0.0039254170755642,,,-0.0098527968596663,-0.0380242067386328,0.0382728164867517,0.1462217860647693,-0.0005294273360978,0.1578536585365853,947.0,1152.0,1.1927083333333333,-0.0002720982663453,0.0007382775157243,0.0003020896785041
2011-05-19,1019.0,1019.0,985.0,990.0,79200.0,990.0,997.6,1018.5,1027.04,1056.5866666666666,1042.755,False,False,False,False,False,False,False,False,False,True,False,-0.006060606060606,0.0131313131313131,,,-0.0374141414141413,-0.0672592592592591,0.0818181818181818,0.1696969696969697,-0.0010978749179751,0.1615120274914089,951.0,1138.0,0.5764192139737991,-0.0019473438230253,-0.00167524555668,-0.0005684475818773
2011-05-20,990.0,995.0,967.0,972.0,118200.0,972.0,991.4,1011.6,1024.2,1055.0666666666666,1042.235,False,False,False,False,False,False,False,False,False,True,False,0.0216049382716049,0.0061728395061728,,,-0.0537037037037037,-0.0854595336076816,0.1172839506172839,0.2037037037037037,-0.0014406672564134,0.1680506128904704,958.0,1134.0,1.4924242424242424,-0.0027728959187657,-0.0008255520957403,-0.0003427923384383
2011-05-23,965.0,977.0,944.0,949.0,112400.0,949.0,983.8,1002.6,1021.28,1053.253333333333,1041.625,False,False,False,False,False,False,False,False,False,True,False,0.0410958904109589,0.024236037934668,,,-0.0761643835616438,-0.1098559887600981,0.1517386722866175,0.2370916754478398,-0.0017216497455504,0.1756433273488929,1019.0,1118.0,0.9509306260575296,-0.0028591571361429,-8.626121737716468e-05,-0.0002809824891369
2011-05-24,952.0,1017.0,952.0,1015.0,280300.0,1015.0,989.0,999.2,1019.76,1051.92,1041.315,False,False,False,False,False,False,False,False,False,False,False,-0.0078817733990147,-0.038423645320197,,,-0.0046896551724137,-0.0363743842364532,0.0866995073891625,0.1448275862068965,-0.0012675235125608,0.1761409127301841,1018.0,1119.0,2.4937722419928825,-0.0014905467953243,0.0013686103408185,0.0004541262329895
2011-05-25,1014.0,1014.0,977.0,984.0,109800.0,984.0,982.0,993.8,1016.6,1050.5733333333333,1040.845,False,False,False,False,False,False,False,False,False,True,False,0.0315040650406504,-0.008130081300813,,,-0.033130081300813,-0.0676558265582655,0.1290650406504065,0.1839430894308943,-0.0012818397573389,0.1811229623666733,1051.0,1112.0,0.3917231537638245,-0.0031084005508557,-0.0016178537555313,-1.4316244778113038e-05
2011-05-26,985.0,996.0,977.0,984.0,48700.0,984.0,980.8,989.2,1013.96,1049.0,1040.305,False,False,False,False,False,False,False,False,False,False,False,0.0193089430894308,-0.0050813008130081,,,-0.0304471544715447,-0.0660569105691056,0.141260162601626,0.1636178861788617,-0.0014998411185255,0.1829761423372422,1043.0,1093.0,0.4435336976320583,-0.0026036530040632,0.0005047475467924,-0.0002180013611865
2011-05-27,978.0,995.0,974.0,993.0,58800.0,993.0,985.0,988.2,1012.04,1047.68,1039.645,False,False,False,False,False,False,False,False,False,False,False,-0.0151057401812688,-0.0181268882175226,,,-0.0191742195367572,-0.0550654582074522,0.1168177240684793,0.1681772406847935,-0.001259926695174,0.181946974296701,1044.0,1090.0,1.2073921971252566,-0.0018971582150903,0.0007064947889728,0.0002399144233514
2011-05-30,990.0,997.0,977.0,988.0,76400.0,988.0,992.8,988.3,1010.36,1046.1733333333334,1038.985,False,False,False,False,False,False,False,False,False,False,False,-0.0161943319838056,0.0030364372469635,,,-0.0226315789473684,-0.0588798920377868,0.1437246963562753,0.1629554655870445,-0.0014401692517492,0.1768693716482849,1012.0,1107.0,1.2993197278911566,-0.0016627736648322,0.000234384550258,-0.0001802425565751
2011-05-31,990.0,1007.0,988.0,1007.0,60500.0,1007.0,991.2,990.1,1010.28,1044.64,1038.385,False,False,False,False,False,False,False,False,False,False,False,-0.0307845084409136,-0.0029791459781529,,,-0.0032571996027805,-0.0373783515392255,0.1241310824230387,0.0883813306852035,-0.00146781028233,0.1662458337541662,1061.0,1114.0,0.7918848167539267,-7.918596824646725e-05,0.0015835876965858,-2.764103058086153e-05
2011-06-01,1016.0,1019.0,1003.0,1015.0,54000.0,1015.0,997.4,989.7,1010.28,1043.28,1037.905,False,False,False,False,True,False,False,False,False,False,False,-0.038423645320197,-0.0118226600985221,,,0.0046502463054187,-0.0278620689655172,0.1280788177339901,0.1024630541871921,-0.001303581013726,0.1617661917752853,1057.0,1108.0,0.8925619834710744,0.0,7.918596824646725e-05,0.000164229268604
2011-06-02,1001.0,1005.0,989.0,1003.0,59900.0,1003.0,1001.2,991.0,1010.2,1041.6533333333334,1037.36,False,False,False,False,False,False,False,False,False,True,False,-0.0239282153539381,-0.0009970089730807,,,-0.0071784646061815,-0.0385377201728149,0.1266201395812562,0.1126620139581256,-0.0015616199887357,0.1560040363269424,1045.0,1113.0,1.1092592592592592,-7.919223916049024e-05,-7.919223916049024e-05,-0.0002580389750096
2011-06-03,1003.0,1013.0,975.0,978.0,74700.0,978.0,998.2,991.6,1008.84,1039.5466666666666,1036.62,False,False,False,False,False,False,False,False,False,True,False,-0.0030674846625766,0.0429447852760736,,,-0.0315337423312883,-0.0629311520109065,0.1523517382413088,0.1625766871165644,-0.0020265243824232,0.1519766034691407,1032.0,1109.0,1.2470784641068446,-0.0013480829467507,-0.0012688907075902,-0.0004649043936874
2011-06-06,978.0,992.0,962.0,972.0,61800.0,972.0,995.0,993.9,1007.08,1037.36,1035.945,False,False,False,False,False,False,False,False,False,True,True,0.0195473251028806,0.0576131687242798,,,-0.0360905349794239,-0.0672427983539093,0.1656378600823045,0.1440329218106996,-0.0021079149636256,0.1430727437367943,1022.0,1087.0,0.8273092369477911,-0.0017476268022401,-0.0003995438554893,-8.139058120243663e-05
2011-06-07,962.0,979.0,960.0,976.0,37900.0,976.0,988.8,990.0,1005.2,1035.1333333333334,1035.33,False,False,False,False,False,False,False,False,False,True,False,0.0286885245901639,0.0604508196721311,,,-0.0299180327868852,-0.0605874316939891,0.1547131147540983,0.110655737704918,-0.0021510916468085,0.1396969696969696,1015.0,1082.0,0.6132686084142395,-0.0018702745722244,-0.0001226477699842,-4.317668318291586e-05
2011-06-08,969.0,980.0,963.0,976.0,29300.0,976.0,981.0,989.2,1002.08,1032.7866666666666,1034.975,False,False,False,False,False,False,False,False,False,True,False,0.0276639344262295,0.0840163934426229,,,-0.0267213114754098,-0.0581830601092895,0.1649590163934426,0.0993852459016393,-0.0022721697930519,0.1313182369591587,1026.0,1099.0,0.7730870712401056,-0.0031135238703496,-0.0012432492981252,-0.0001210781462433
2011-06-09,968.0,984.0,968.0,979.0,33600.0,979.0,976.2,988.7,999.04,1030.6666666666667,1034.6,False,False,False,False,False,False,False,False,False,False,False,0.0234933605720122,0.093973442288049,,,-0.0204698672114402,-0.0527749404153899,0.1573033707865168,0.1052093973442288,-0.0020569210866751,0.1255183574390612,1040.0,1076.0,1.1467576791808871,-0.0030429212043562,7.060266599341787e-05,0.0002152487063767
2011-06-10,980.0,987.0,968.0,975.0,70800.0,975.0,975.6,986.9,996.4,1028.5466666666666,1034.19,False,False,False,False,False,False,False,False,False,False,False,0.0461538461538461,0.1138461538461538,,,-0.0219487179487179,-0.054919658119658,0.1589743589743589,0.1435897435897435,-0.0020611607316473,0.1230114499949336,1043.0,1055.0,2.107142857142857,-0.0026495383380168,0.0003933828663394,-4.239644972173391e-06
2011-06-13,975.0,991.0,969.0,991.0,49600.0,991.0,979.4,987.2,994.48,1026.8533333333332,1033.86,False,False,False,False,False,False,False,False,False,False,False,0.0373360242179616,0.1029263370332997,,,-0.0035116044399596,-0.0361789438277832,0.1553985872855701,0.18970736629667,-0.0016490508219285,0.1257090761750404,1022.0,949.0,0.7005649717514124,-0.0019306572278979,0.0007188811101188,0.0004121099097188
2011-06-14,991.0,1005.0,981.0,1004.0,58400.0,1004.0,985.0,986.9,992.68,1025.32,1033.63,False,False,False,False,True,False,False,False,False,False,False,0.0308764940239043,0.098605577689243,,,0.0112749003984064,-0.0212350597609561,0.1444223107569721,0.2161354581673306,-0.0014954680815094,0.1387171952578781,1053.0,927.0,1.1774193548387095,-0.0018132731595278,0.0001173840683701,0.000153582740419
2011-06-15,1003.0,1007.0,1000.0,1003.0,26500.0,1003.0,990.4,985.7,991.28,1023.8666666666668,1033.36,False,False,False,False,False,False,False,False,False,False,False,0.0548354935194416,0.1076769690927218,,,0.0116849451645065,-0.0208042539049519,0.1844466600199401,0.2253240279162512,-0.0014194556582886,0.151263061783504,1063.0,947.0,0.4537671232876712,-0.0014123153902025,0.0004009577693252,7.601242322082414e-05
2011-06-16,1001.0,1006.0,993.0,1002.0,95300.0,1002.0,995.0,985.6,990.16,1022.6533333333332,1033.09,False,False,False,False,False,False,False,False,False,False,False,0.0688622754491018,0.1207584830339321,,,0.011816367265469,-0.0206121091151029,0.1596806387225549,0.1736526946107784,-0.0011864561467557,0.1574675324675324,1050.0,951.0,3.5962264150943395,-0.0011311303223721,0.0002811850678303,0.0002329995115329
2011-06-17,1002.0,1020.0,998.0,1020.0,95900.0,1020.0,1004.0,989.8,990.84,1021.72,1032.975,False,False,False,False,False,False,True,False,False,False,True,0.0647058823529411,0.0872549019607843,,,0.0285882352941176,-0.0016862745098039,0.1519607843137254,0.1558823529411764,-0.00091349228099,0.1567993534047282,1041.0,958.0,1.006295907660021,0.0006862863832708,0.0018174167056429,0.0002729638657656
2011-06-20,1035.0,1044.0,1027.0,1028.0,82100.0,1028.0,1011.4,995.4,992.48,1020.6666666666666,1032.95,False,False,False,False,False,False,True,False,True,False,False,0.0632295719844358,0.0992217898832684,,,0.0345525291828793,0.0071335927367056,0.1391050583657587,0.1488326848249027,-0.0010320052253429,0.1572232268434801,1030.0,1019.0,0.8561001042752867,0.0016524262453651,0.0009661398620943,-0.0001185129443529
2011-06-21,1028.0,1035.0,1023.0,1035.0,59900.0,1035.0,1017.6,1001.3,994.32,1019.6133333333332,1033.015,False,False,False,False,False,False,True,False,False,False,False,0.0657004830917874,0.093719806763285,,,0.0393043478260869,0.0148663446054751,0.1400966183574879,0.1198067632850241,-0.001033071360385,0.1578947368421054,1009.0,1018.0,0.7295980511571255,0.0018505109019229,0.0001980846565578,-1.0661350420696283e-06
2011-06-22,1033.0,1067.0,1033.0,1058.0,73000.0,1058.0,1028.6,1009.5,995.88,1018.9466666666668,1033.21,False,False,False,False,False,False,True,False,False,True,False,0.0500945179584121,0.0822306238185255,,,0.0587145557655954,0.0369124133585379,0.0699432892249527,0.0935727788279773,-0.0006542704230509,0.1568103021297671,1015.0,1051.0,1.2186978297161937,0.0015664537896131,-0.0002840571123098,0.000378800937334
2011-06-23,1048.0,1073.0,1048.0,1071.0,66900.0,1071.0,1042.4,1018.7,999.12,1018.3866666666668,1033.405,False,False,False,False,False,False,True,False,False,False,False,0.0485527544351073,0.0550887021475256,,,0.0671148459383753,0.0491254279489572,0.0756302521008403,0.0784313725490196,-0.0005498893674963,0.153529007558653,1005.0,1043.0,0.9164383561643836,0.0032428537112659,0.0016763999216527,0.0001043810555546
2011-06-24,1072.0,1088.0,1070.0,1086.0,55300.0,1086.0,1055.6,1029.8,1003.68,1018.08,1033.635,False,False,False,False,False,False,True,False,False,False,False,0.0211786372007366,0.0377532228360957,,,0.0758011049723757,0.0625414364640883,0.0718232044198895,0.1012891344383057,-0.0003012205982503,0.1489609632938435,1012.0,1044.0,0.8266068759342302,0.0045432807269248,0.0013004270156589,0.0002486687692459
2011-06-27,1076.0,1095.0,1076.0,1093.0,69800.0,1093.0,1068.6,1040.0,1009.44,1018.16,1033.75,False,False,False,False,False,False,True,True,False,False,False,0.0338517840805123,0.0365965233302836,,,0.0764501372369624,0.0684720951509606,0.0841720036596523,0.0960658737419945,7.857311228090599e-05,0.1395192307692306,1016.0,1012.0,1.2622061482820977,0.0057061340941513,0.0011628533672264,0.0003797937105312
2011-06-28,1100.0,1104.0,1093.0,1103.0,52200.0,1103.0,1082.2,1049.9,1012.96,1018.44,1034.03,False,False,False,False,False,False,True,True,False,True,False,0.0262919310970081,0.0217588395285584,,,0.0816319129646418,0.0766636446056209,0.0734360834088848,0.127833182230281,0.0002749302855348,0.1309648537955995,1023.0,1061.0,0.7478510028653295,0.0034749644605907,-0.0022311696335605,0.0001963571732539
2011-06-29,1105.0,1115.0,1104.0,1111.0,84900.0,1111.0,1092.8,1060.7,1018.04,1018.6,1034.295,False,False,False,False,False,False,True,True,False,False,False,0.0306030603060306,0.0234023402340234,,,0.0836723672367237,0.0831683168316831,0.0765076507650765,0.0945094509450945,0.0001570783428234,0.1182238144621475,1054.0,1057.0,1.6264367816091954,0.0049899807473183,0.0015150162867275,-0.0001178519427113
2011-06-30,1114.0,1123.0,1111.0,1123.0,101900.0,1123.0,1103.2,1072.8,1023.6,1019.2266666666668,1034.51,True,True,False,False,False,False,True,True,False,False,False,0.0062333036509349,0.0089047195013357,,,0.0885129118432769,0.0924072425051943,0.0258236865538735,0.070347284060552,0.0006148452421444,0.1080350484712901,1055.0,1045.0,1.2002355712603063,0.005431809300508,0.0004418285531897,0.000457766899321
2011-07-01,1122.0,1131.0,1107.0,1109.0,103600.0,1109.0,1107.8,1081.7,1028.24,1019.9466666666668,1034.59,False,False,False,False,False,False,True,True,False,True,False,0.0162308385933273,0.0189359783588818,,,0.0728223624887285,0.0803005710850614,0.0009017132551848,0.096483318304779,0.0007059192637523,0.1023389109734677,1041.0,1032.0,1.0166830225711485,0.0045125651598848,-0.0009192441406232,9.107402160789886e-05
2011-07-04,1111.0,1139.0,1111.0,1130.0,86200.0,1130.0,1115.2,1091.9,1033.92,1022.36,1034.73,False,False,False,False,False,False,True,True,False,False,False,0.0026548672566371,0.0132743362831858,,,0.0850265486725663,0.0952566371681415,-0.0185840707964601,0.05929203539823,0.002360551403941,0.0935067313856579,1039.0,1022.0,0.832046332046332,0.0054936552151037,0.0009810900552189,0.0016546321401886
2011-07-05,1132.0,1134.0,1128.0,1132.0,32700.0,1132.0,1121.0,1101.6,1038.92,1025.0933333333332,1034.915,False,False,False,False,False,False,True,True,False,True,False,-0.004416961130742,0.0150176678445229,,,0.0822261484098939,0.0944405182567727,-0.0150176678445229,0.0556537102473498,0.0026664238703466,0.0871459694989106,1049.0,1015.0,0.3793503480278422,0.0048126901012589,-0.0006809651138447,0.0003058724664056
2011-07-06,1130.0,1145.0,1121.0,1145.0,62400.0,1145.0,1127.8,1110.3,1044.12,1027.7333333333331,1035.29,False,False,False,False,False,False,True,True,False,False,False,-0.0069868995633187,0.0375545851528384,,,0.0881048034934498,0.1024163027656479,0.0157205240174672,0.0235807860262008,0.0025687597301503,0.0799783842204809,1038.0,1026.0,1.908256880733945,0.0049802704669959,0.0001675803657369,-9.766414019629936e-05
2011-07-07,1141.0,1141.0,1125.0,1130.0,66500.0,1130.0,1129.2,1116.2,1049.2,1030.12,1035.48,False,False,False,False,False,False,True,True,False,True,False,0.0026548672566371,0.0283185840707964,,,0.071504424778761,0.0883893805309735,0.0265486725663716,0.0212389380530973,0.0023168821755395,0.074180254434689,1030.0,1040.0,1.0657051282051282,0.004841784216546,-0.0001384862504498,-0.0002518775546108
2011-07-08,1136.0,1144.0,1127.0,1127.0,113300.0,1127.0,1132.8,1120.3,1055.16,1032.3733333333332,1035.61,False,False,False,False,False,False,True,True,False,False,False,0.0026619343389529,0.0425909494232475,,,0.0637444543034604,0.0839633244602189,0.0479148181011535,-0.0479148181011535,0.0021826729348556,0.0592698384361332,1003.0,1043.0,1.7037593984962407,0.0056484324652185,0.0008066482486724,-0.0001342092406839
2011-07-11,1124.0,1138.0,1123.0,1133.0,35700.0,1133.0,1133.4,1124.3,1061.6,1033.8933333333334,1035.875,False,False,False,False,False,False,True,True,False,False,False,0.0105913503971756,0.0335392762577228,,,0.0630185348631951,0.0874727861135627,0.0520741394527802,0.0494263018534863,0.0014701710041012,0.0547007026594325,987.0,1022.0,0.3150926743159752,0.0060663149962319,0.0004178825310133,-0.0007125019307543
2011-07-12,1125.0,1130.0,1117.0,1127.0,28400.0,1127.0,1132.4,1126.7,1067.64,1035.3466666666666,1036.195,False,False,False,False,False,False,True,True,False,True,False,0.0195208518189884,0.0470275066548358,,,0.052670807453416,0.0813250517598344,0.093167701863354,0.0541259982253771,0.0014037166295345,0.0474838022543711,989.0,1053.0,0.7955182072829131,0.0056573376793677,-0.0004089773168641,-6.645437456667094e-05
2011-07-13,1120.0,1141.0,1118.0,1137.0,59900.0,1137.0,1130.8,1129.3,1074.08,1036.493333333333,1036.56,False,False,False,False,False,False,True,True,False,False,False,0.0448548812664907,-0.0043975373790677,,,0.0553386103781882,0.0883963647024335,0.1037818821459982,0.0386983289357959,0.0011062943000114,0.0419729035685823,1019.0,1063.0,2.109154929577465,0.0059958289885295,0.0003384913091618,-0.000297422329523
2011-07-14,1130.0,1142.0,1128.0,1133.0,53500.0,1133.0,1131.4,1130.3,1080.24,1037.6933333333334,1037.075,False,False,False,False,False,False,True,True,False,True,False,0.0255957634598411,0.0167696381288614,,,0.0465666372462488,0.0841188584877904,0.0556045895851721,0.0017652250661959,0.0011564110141727,0.0351234185614439,990.0,1050.0,0.8931552587646077,0.0057024364955936,-0.0002933924929359,5.011671416127309e-05
2011-07-15,1127.0,1150.0,1123.0,1130.0,53500.0,1130.0,1132.0,1132.4,1086.44,1038.84,1037.555,False,False,False,False,False,False,True,True,False,False,False,0.0398230088495575,0.0300884955752212,,,0.0385486725663716,0.0806725663716814,0.047787610619469,0.0070796460176991,0.0011037952588141,0.0263157894736841,972.0,1041.0,1.0,0.0057067118294614,4.275333867753521e-06,-5.261575535853201e-05
2011-07-19,1130.0,1146.0,1123.0,1145.0,64800.0,1145.0,1134.4,1133.9,1092.6,1040.6133333333332,1038.06,False,False,False,False,False,False,True,True,False,True,False,0.022707423580786,0.0349344978165938,,,0.045764192139738,0.0911673944687046,0.0506550218340611,-0.0078602620087336,0.0017041232093893,0.0195784460710819,949.0,1030.0,1.211214953271028,0.0056379278784549,-6.878395100647257e-05,0.0006003279505751
2011-07-20,1150.0,1165.0,1141.0,1149.0,76600.0,1149.0,1138.8,1135.6,1098.4,1041.7866666666666,1038.56,False,False,False,False,False,False,True,True,False,True,False,0.0269799825935596,0.0304612706701479,,,0.0440382941688423,0.0933101247461561,0.04177545691906,-0.0182767624020887,0.0011262702536668,0.012152166255724,1015.0,1009.0,1.182098765432099,0.005280407865987,-0.0003575200124678,-0.0005778529557224
2011-07-21,1154.0,1190.0,1154.0,1188.0,92600.0,1188.0,1149.0,1139.9,1105.8,1043.5333333333333,1039.315,False,False,False,False,False,False,True,True,False,False,False,-0.0471380471380471,0.0067340067340067,,,0.0691919191919192,0.1216049382716049,-0.0075757575757575,-0.0538720538720538,0.0016738005494154,0.0041231686990085,984.0,1015.0,1.2088772845953002,0.0066919877012116,0.0014115798352246,0.0005475302957486
2011-07-22,1196.0,1197.0,1161.0,1162.0,102600.0,1162.0,1154.8,1143.1,1112.2,1045.0933333333332,1039.85,False,False,False,False,False,False,True,True,False,True,False,-0.0086058519793459,-0.0086058519793459,,,0.0428571428571428,0.1006081468732071,0.0163511187607573,-0.0662650602409638,0.0014926896481334,-0.0047239961508178,984.0,1005.0,1.107991360691145,0.0057543607264881,-0.0009376269747235,-0.000181110901282
2011-07-25,1164.0,1189.0,1164.0,1175.0,76100.0,1175.0,1163.8,1147.9,1118.4,1047.0,1040.49,False,False,False,False,False,False,True,True,False,True,False,-0.0093617021276595,-0.0553191489361702,,,0.0481702127659573,0.1089361702127659,0.0059574468085106,-0.0485106382978723,0.0018210760904171,-0.0049655893370503,993.0,1012.0,0.7417153996101364,0.0055436337625179,-0.0002107269639702,0.0003283864422836
2011-07-26,1180.0,1180.0,1162.0,1171.0,56300.0,1171.0,1169.0,1151.7,1124.12,1048.986666666667,1041.045,False,False,False,False,False,False,True,True,False,True,False,0.0119555935098206,-0.0529461998292058,,,0.0400341588385995,0.1041958440079701,0.0230572160546541,-0.0580700256191289,0.0018938912474263,-0.0157158982373883,988.0,1016.0,0.7398160315374507,0.0050884247233389,-0.0004552090391789,7.28151570091695e-05
2011-07-27,1163.0,1182.0,1140.0,1180.0,92600.0,1180.0,1175.2,1157.0,1129.92,1051.1866666666667,1041.665,False,False,False,False,False,False,True,True,False,False,False,0.0033898305084745,-0.0550847457627118,,,0.0424406779661016,0.1091638418079095,0.0,-0.0728813559322033,0.0020928728167529,-0.0283491789109766,1007.0,1023.0,1.644760213143872,0.0051331067686209,4.4682045281980304e-05,0.0001989815693266
2011-07-28,1165.0,1165.0,1098.0,1132.0,120600.0,1132.0,1164.0,1156.5,1132.88,1052.6,1042.105,False,False,False,False,False,False,True,True,False,True,False,0.0565371024734982,0.0273851590106007,,,-0.0007773851590106,0.0701413427561838,0.0318021201413427,-0.0123674911660777,0.0013427069478749,-0.0333765672287072,1015.0,1054.0,1.3023758099352052,0.0026128098298143,-0.0025202969388066,-0.0007501658688779
2011-07-29,1138.0,1160.0,1122.0,1152.0,154000.0,1152.0,1162.0,1158.4,1136.12,1054.0933333333332,1042.75,False,False,False,False,False,False,True,True,False,False,False,0.0,0.0069444444444444,,,0.0137847222222223,0.084988425925926,0.0052083333333333,-0.0451388888888888,0.0014166993435116,-0.0379834254143646,1003.0,1055.0,1.2769485903814262,0.00285181142837,0.0002390015985557,7.399239563668763e-05
2011-08-01,1145.0,1174.0,1145.0,1164.0,53000.0,1164.0,1159.8,1161.8,1139.24,1055.7066666666667,1043.425,False,False,False,False,False,False,True,True,False,True,False,-0.0463917525773195,0.0146048109965635,,,0.0212714776632302,0.0930355097365406,0.0051546391752577,-0.0541237113402061,0.0015282022784107,-0.0439834739197795,978.0,1041.0,0.3441558441558441,0.0027386678838524,-0.0001131435445175,0.0001115029348991
2011-08-02,1171.0,1198.0,1167.0,1185.0,125700.0,1185.0,1162.6,1165.8,1142.92,1057.88,1044.18,False,False,False,False,False,False,True,True,False,False,False,-0.0641350210970464,0.0059071729957805,,,0.0355105485232066,0.1072742616033754,-0.0092827004219409,-0.070042194092827,0.0020544233120329,-0.0501801338136901,972.0,1039.0,2.371698113207547,0.00321982290974,0.0004811550258875,0.0005262210336221
2011-08-03,1180.0,1197.0,1160.0,1184.0,74000.0,1184.0,1163.4,1169.3,1146.16,1059.6266666666668,1044.955,False,False,False,False,False,False,True,True,False,True,False,-0.058277027027027,0.0405405405405405,,,0.0319594594594593,0.1050450450450449,-0.018581081081081,-0.0743243243243243,0.0016483793034024,-0.0557598563242966,976.0,1049.0,0.588703261734288,0.0028268304599706,-0.0003929924497693,-0.0004060440086304
2011-08-04,1194.0,1200.0,1178.0,1196.0,103800.0,1196.0,1176.2,1170.1,1149.56,1061.4,1045.665,False,False,False,False,False,False,True,True,False,False,False,-0.0275919732441471,0.0493311036789297,,,0.0388294314381271,0.1125418060200668,-0.0259197324414715,-0.0903010033444816,0.0016707493247911,-0.059482095547389,976.0,1038.0,1.4027027027027028,0.0029576533630257,0.000130822903055,2.237002138867736e-05
2011-08-05,1166.0,1167.0,1144.0,1152.0,141400.0,1152.0,1176.2,1169.1,1150.72,1062.76,1046.24,False,False,False,False,False,False,True,True,False,True,False,0.0069444444444444,0.0381944444444444,,,0.001111111111111,0.0774652777777777,-0.0060763888888888,-0.0598958333333333,0.0012796868530993,-0.0588486870242066,979.0,1030.0,1.3622350674373795,0.0010080645161291,-0.0019495888468966,-0.0003910624716917
2011-08-08,1128.0,1133.0,1102.0,1110.0,124300.0,1110.0,1165.4,1162.6,1150.76,1063.68,1046.6,False,False,False,False,False,False,True,True,False,True,False,0.0639639639639639,0.0666666666666666,,,-0.0367207207207207,0.0417297297297296,0.045045045045045,0.0216216216216216,0.0008649217809868,-0.0522105625322551,975.0,1003.0,0.879066478076379,3.475963710935697e-05,-0.0009733048790197,-0.0004147650721125
2011-08-09,1081.0,1109.0,1063.0,1109.0,67500.0,1109.0,1150.2,1156.4,1149.92,1064.7333333333331,1046.875,False,False,False,False,False,False,False,True,False,True,False,0.0748422001803426,0.084761045987376,,,-0.0368981064021641,0.0399158400961829,0.036068530207394,0.0315599639314697,0.0009892930937321,-0.0435835351089589,991.0,987.0,0.5430410297666934,-0.0007304855989981,-0.0007652452361074,0.0001243713127452
2011-08-10,1136.0,1139.0,1108.0,1115.0,54900.0,1115.0,1136.4,1149.9,1149.24,1066.1466666666668,1047.295,False,False,False,False,False,False,False,True,False,False,False,0.1049327354260089,0.0735426008968609,,,-0.0307085201793722,0.0438146487294468,-0.0170403587443946,0.0475336322869955,0.0013256462525484,-0.0317418905991825,1004.0,989.0,0.8133333333333334,-0.0005916953812955,0.0001387902177025,0.0003363531588162
2011-08-11,1108.0,1165.0,1106.0,1163.0,68500.0,1163.0,1129.8,1153.0,1149.96,1068.12,1047.9,False,False,False,False,True,False,True,True,False,False,True,0.0791057609630266,0.0137575236457437,,,0.0112123817712811,0.0815821152192606,-0.0378331900257953,-0.0146173688736027,0.0018474828046784,-0.0319167389418906,1003.0,1019.0,1.2477231329690346,0.0006261087342168,0.0012178041155123,0.00052183655213
2011-08-12,1169.0,1169.0,1146.0,1160.0,67400.0,1160.0,1131.4,1153.8,1151.16,1070.1866666666667,1048.445,False,False,False,False,False,False,True,True,False,False,False,0.0310344827586206,0.018103448275862,,,0.0076206896551723,0.0774252873563217,-0.0379310344827586,0.0051724137931034,0.0019311272799762,-0.0268677413763217,1002.0,990.0,0.983941605839416,0.0010424267695194,0.0004163180353026,8.364447529779929e-05
2011-08-15,1179.0,1184.0,1148.0,1181.0,49500.0,1181.0,1145.6,1155.5,1153.32,1072.44,1049.21,False,False,False,False,False,False,True,True,False,False,False,0.0025402201524132,0.0008467400508044,,,0.0234377646062659,0.0919220999153259,-0.0372565622353937,0.0135478408128704,0.0021011276466127,-0.0199913457377757,1020.0,972.0,0.7344213649851632,0.0018728540214336,0.0008304272519141,0.0001700003666364
2011-08-16,1198.0,1199.0,1177.0,1192.0,59600.0,1192.0,1162.2,1156.2,1155.68,1074.7866666666666,1050.095,False,False,False,False,False,False,True,True,False,False,False,0.009228187919463,0.0050335570469798,,,0.030469798657718,0.0983333333333333,-0.0671140939597315,-0.0050335570469798,0.0021833790271556,-0.0133194948970767,1028.0,949.0,1.204040404040404,0.0020420877751627,0.0001692337537291,8.225138054298925e-05
2011-08-17,1192.0,1233.0,1187.0,1232.0,127000.0,1232.0,1185.6,1161.0,1159.88,1077.5733333333333,1051.21,False,False,False,False,False,False,True,True,False,False,True,-0.0284090909090909,-0.0422077922077922,,,0.0585389610389609,0.1253463203463204,-0.1201298701298701,-0.0349025974025974,0.0025860575614343,-0.0093884582256676,1035.0,1015.0,2.1308724832214767,0.0036210642480256,0.0015789764728629,0.0004026785342786
2011-08-18,1230.0,1258.0,1223.0,1255.0,184000.0,1255.0,1204.0,1166.9,1164.6,1080.253333333333,1052.45,False,False,False,False,False,False,True,True,False,False,False,-0.0605577689243027,-0.0693227091633466,,,0.0720318725099602,0.1392403718459497,-0.1450199203187251,-0.0446215139442231,0.0024808995420825,-0.0048847373382466,1058.0,984.0,1.4488188976377954,0.0040528936974066,0.0004318294493809,-0.0001051580193517
2011-08-19,1217.0,1227.0,1185.0,1196.0,189900.0,1196.0,1211.2,1171.3,1167.12,1082.1333333333334,1053.395,False,False,False,False,False,False,True,True,False,True,False,-0.0125418060200668,-0.0317725752508361,,,0.0241471571906355,0.0952062430323299,-0.0953177257525083,-0.0175585284280936,0.0017373090192216,-0.0007683770169895,1071.0,984.0,1.0320652173913043,0.0021591610117211,-0.0018937326856855,-0.0007435905228609
2011-08-22,1184.0,1200.0,1179.0,1184.0,123200.0,1184.0,1211.8,1178.7,1169.28,1084.04,1054.34,False,False,False,False,False,False,True,True,False,True,False,-0.0016891891891891,-0.0118243243243243,,,0.0124324324324324,0.0844256756756757,-0.058277027027027,0.0160472972972972,0.0017588526868625,-0.0011877492152372,1086.0,993.0,0.6487625065824117,0.0018472906403941,-0.0003118703713269,2.154366764098997e-05
2011-08-23,1186.0,1209.0,1173.0,1203.0,154400.0,1203.0,1214.0,1188.1,1171.6,1086.2266666666667,1055.445,False,False,False,False,False,False,True,True,False,False,False,-0.0041562759767248,-0.0241064006650041,,,0.0261014131338321,0.0970684400110833,-0.0199501246882793,-0.0074812967581047,0.0020130850528435,-0.004881743960946,1093.0,988.0,1.2532467532467533,0.0019801980198019,0.0001329073794077,0.0002542323659809
2011-08-24,1200.0,1207.0,1192.0,1197.0,141400.0,1197.0,1207.0,1196.3,1173.52,1088.2,1056.735,False,False,False,False,False,False,True,True,False,True,False,-0.0142021720969089,-0.0292397660818713,,,0.0196157059314954,0.0908939014202171,0.0200501253132832,-0.0058479532163742,0.0018133921460516,-0.0098637465518682,1103.0,1007.0,0.9158031088082902,0.0016361033471948,-0.000344094672607,-0.0001996929067919
2011-08-25,1206.0,1219.0,1175.0,1179.0,154100.0,1179.0,1191.8,1197.9,1173.16,1090.08,1057.99,False,False,False,False,False,False,False,True,False,True,False,-0.0093299406276505,-0.011874469889737,,,0.0049533502968616,0.0754198473282443,0.0424088210347752,-0.011874469889737,0.0017246440628209,-0.0096001335670757,1111.0,1015.0,1.08981612446959,-0.0003068635139281,-0.0019429668611229,-8.874808323063705e-05
2011-08-26,1163.0,1191.0,1160.0,1181.0,163800.0,1181.0,1188.8,1200.0,1173.92,1092.0933333333332,1059.405,False,False,False,False,False,False,True,True,False,False,False,-0.0194750211685012,-0.0304826418289585,,,0.0059949195596951,0.0752808354501835,-0.004233700254022,-0.0338696020321761,0.0018435542749703,-0.0134166666666665,1123.0,1003.0,1.062946138870863,0.0006474035709417,0.0009542670848699,0.0001189102121494
2011-08-29,1186.0,1197.0,1171.0,1182.0,107000.0,1182.0,1188.4,1200.1,1174.2,1094.48,1060.825,False,False,False,False,False,False,True,True,False,True,False,-0.0101522842639593,-0.0186125211505922,,,0.0065989847715735,0.0740439932318104,-0.0025380710659898,-0.0456852791878172,0.0021806398167776,-0.0192483959670026,1109.0,978.0,0.6532356532356532,0.0002384602282404,-0.0004089433427013,0.0003370855418072
2011-08-30,1207.0,1219.0,1191.0,1198.0,133500.0,1198.0,1187.4,1200.7,1175.28,1097.2933333333333,1062.345,False,False,False,False,False,False,True,True,False,False,False,-0.020033388981636,-0.0409015025041736,,,0.0189649415692821,0.084062326099054,-0.0141903171953255,-0.0617696160267111,0.0025638844672344,-0.0249021404180895,1130.0,972.0,1.2476635514018692,0.0009189299571165,0.000680469728876,0.0003832446504568
2011-08-31,1187.0,1194.0,1173.0,1180.0,108100.0,1180.0,1184.0,1195.5,1175.28,1099.84,1063.85,False,False,False,False,False,False,False,True,False,True,False,-0.0152542372881355,-0.0711864406779661,,,0.004,0.0679322033898305,-0.0177966101694915,-0.0415254237288135,0.0023154883134516,-0.0255123379339188,1132.0,976.0,0.8097378277153559,0.0,-0.0009189299571165,-0.0002483961537828
2011-09-01,1191.0,1195.0,1157.0,1168.0,98200.0,1168.0,1181.8,1186.8,1176.72,1101.8266666666666,1065.235,False,False,False,False,False,False,True,True,True,False,False,-0.0025684931506849,-0.0419520547945205,,,-0.0074657534246575,0.0566552511415525,-0.009417808219178,-0.047945205479452,0.0018030664230308,-0.0256993596225143,1145.0,976.0,0.908418131359852,0.0012237405669998,0.0012237405669998,-0.0005124218904207
2011-09-02,1169.0,1169.0,1146.0,1158.0,129300.0,1158.0,1177.2,1183.0,1176.96,1104.0666666666666,1066.51,False,False,False,False,False,False,True,True,False,True,False,-0.0112262521588946,-0.0362694300518134,,,-0.0163730569948186,0.0465745538284398,-0.0025906735751295,-0.0362694300518134,0.0020288629913652,-0.027557058326289,1130.0,979.0,1.316700610997963,0.0002039151712887,-0.001019825395711,0.0002257965683344
2011-09-05,1141.0,1177.0,1136.0,1170.0,82600.0,1170.0,1174.8,1181.6,1177.2,1106.7066666666667,1067.82,False,False,False,False,False,False,True,True,False,True,False,-0.0085470085470085,-0.0282051282051282,,,-0.0061538461538461,0.054096866096866,0.0222222222222222,-0.0555555555555555,0.0023854559473754,-0.0346987136086662,1127.0,975.0,0.6388244392884764,0.000203873598369,-4.157291973267362e-08,0.0003565929560102
2011-09-06,1173.0,1183.0,1165.0,1174.0,84200.0,1174.0,1170.0,1178.7,1176.76,1109.7066666666667,1069.215,False,False,False,False,False,False,False,True,False,True,False,-0.0212947189097103,-0.0528109028960817,,,-0.002350936967632,0.0547643384440658,0.0204429301533219,-0.0528109028960817,0.0027034171192387,-0.0392805633324849,1133.0,991.0,1.019370460048426,-0.0003739080186274,-0.0005777816169964,0.0003179611718632
2011-09-07,1189.0,1189.0,1158.0,1162.0,58700.0,1162.0,1166.4,1175.2,1175.88,1111.6666666666667,1070.48,False,False,False,False,False,False,False,True,False,True,False,-0.0567986230636833,-0.0671256454388984,,,-0.0119449225473322,0.0433161216293745,0.0705679862306368,-0.0309810671256454,0.0017631184407796,-0.0418652144315861,1127.0,1004.0,0.6971496437054632,-0.0007483756845935,-0.0003744676659661,-0.000940298678459
2011-09-08,1169.0,1172.0,1156.0,1165.0,48900.0,1165.0,1165.8,1173.8,1174.64,1114.08,1071.81,False,False,False,False,False,False,False,True,False,True,False,-0.0394849785407725,-0.078969957081545,,,-0.008274678111588,0.0437081545064378,0.0437768240343347,-0.0360515021459227,0.0021662118818515,-0.0443005622763673,1137.0,1003.0,0.8330494037478705,-0.0010556425798542,-0.0003072668952606,0.0004030934410719
2011-09-09,1144.0,1163.0,1143.0,1145.0,125000.0,1145.0,1163.2,1170.2,1174.36,1116.2266666666667,1072.985,False,False,False,False,False,False,False,True,False,False,False,-0.0253275109170305,-0.0550218340611353,,,-0.0256419213973798,0.0251295487627365,0.0497816593886462,-0.0209606986899563,0.0019231458365685,-0.0430695607588447,1133.0,1002.0,2.556237218813906,-0.0002384277393645,0.0008172148404896,-0.000243066045283
2011-09-12,1130.0,1164.0,1130.0,1160.0,67500.0,1160.0,1161.2,1168.0,1176.36,1118.4533333333334,1074.185,False,False,False,False,False,False,True,True,True,False,False,-0.0198275862068965,-0.0387931034482758,,,-0.0141034482758619,0.0358160919540229,0.0482758620689655,-0.0120689655172413,0.001990844499547,-0.0397260273972603,1130.0,1020.0,0.54,0.0017001598150226,0.0019385875543872,6.769866297848953e-05
2011-09-13,1163.0,1165.0,1143.0,1149.0,80900.0,1149.0,1156.2,1163.1,1177.96,1120.6,1075.365,False,False,False,False,False,False,True,True,False,True,False,-0.0322019147084421,0.0261096605744125,,,-0.0252045256744995,0.0247171453437772,0.04177545691906,-0.0182767624020887,0.0019156404307215,-0.0353366004642764,1145.0,1028.0,1.1985185185185183,0.0013582804169922,-0.0003418793980304,-7.520406882549429e-05
2011-09-14,1140.0,1141.0,1067.0,1096.0,200100.0,1096.0,1143.0,1154.7,1177.2,1121.7866666666666,1076.16,False,False,False,False,False,False,False,True,False,True,False,-0.010948905109489,0.1140510948905109,,,-0.0740875912408759,-0.0235279805352797,0.0903284671532846,0.0447080291970802,0.0010578363087456,-0.0271066077769117,1149.0,1035.0,2.473423980222497,-0.0006455997281685,-0.0020038801451607,-0.0008578041219758
2011-09-15,1111.0,1128.0,1095.0,1119.0,142300.0,1119.0,1133.8,1149.8,1175.44,1123.1733333333334,1076.77,False,False,False,False,False,False,False,True,False,True,False,-0.0411081322609472,0.098302055406613,,,-0.050437890974084,-0.0037295204051236,0.0473637176050044,0.0196604110813226,0.0012345972126594,-0.0204383371021047,1188.0,1058.0,0.711144427786107,-0.001497311645001,-0.0008517119168324,0.0001767609039138
2011-09-16,1128.0,1128.0,1103.0,1116.0,173500.0,1116.0,1128.0,1145.6,1173.68,1124.68,1077.31,False,False,False,False,False,False,False,True,False,True,False,-0.0304659498207885,0.053763440860215,,,-0.0516845878136201,-0.0077777777777778,0.0340501792114695,0.0098566308243727,0.0013396403125036,-0.0158868715083797,1162.0,1071.0,1.219255094869993,-0.0014995569490832,-2.2453040822044065e-06,0.0001050430998442
2011-09-20,1116.0,1137.0,1107.0,1137.0,60600.0,1137.0,1123.4,1142.3,1171.92,1126.8,1077.935,False,False,False,False,False,False,False,True,False,True,False,-0.0193491644678979,0.0369393139841688,,,-0.030712401055409,0.0089709762532981,-0.0562884784520668,0.0026385224274406,0.0018814341498046,-0.0099798651842772,1175.0,1086.0,0.3492795389048991,-0.0015018089972011,-2.252048117948758e-06,0.0005417938373009
2011-09-21,1137.0,1137.0,1110.0,1112.0,38500.0,1112.0,1116.0,1136.1,1168.72,1128.6666666666667,1078.385,False,False,False,False,False,False,False,True,False,True,False,0.060251798561151,0.0620503597122302,,,-0.0510071942446043,-0.0149880095923262,0.0692446043165467,0.0314748201438848,0.0016538688718252,-0.0014963471525392,1171.0,1093.0,0.6353135313531353,-0.0027380381956328,-0.0012362291984317,-0.0002275652779793
2011-09-22,1112.0,1117.0,1081.0,1084.0,107300.0,1084.0,1113.6,1128.3,1162.8,1130.1066666666666,1078.87,False,False,False,False,False,False,False,True,False,True,False,0.1263837638376383,0.0691881918819188,,,-0.0726937269372693,-0.0425338253382532,0.0959409594095941,0.0894833948339483,0.0012742160032089,0.0102809536470797,1180.0,1103.0,2.787012987012987,-0.0050911592707258,-0.002353121075093,-0.0003796528686162
2011-09-26,1100.0,1100.0,1063.0,1073.0,65000.0,1073.0,1104.4,1119.1,1155.52,1131.4,1079.44,False,False,False,False,False,False,False,True,False,True,False,0.1453867660764212,0.0782851817334576,,,-0.0769058713886299,-0.0544268406337372,0.1006523765144454,0.0801491146318732,0.0011431265099288,0.0218032347422036,1132.0,1111.0,0.6057781919850885,-0.0063001938521185,-0.0012090345813926,-0.0001310894932801
2011-09-27,1096.0,1097.0,1073.0,1082.0,51700.0,1082.0,1097.6,1112.8,1150.96,1132.7733333333333,1079.965,False,False,False,False,False,False,False,True,False,False,False,0.0868761552680221,0.0674676524953789,,,-0.0637338262476895,-0.0469254467036352,0.0489833641404805,0.0711645101663586,0.0012123637562088,0.0310028756290438,1152.0,1123.0,0.7953846153846154,-0.0039619100576909,0.0023382837944275,6.923724627998337e-05
2011-09-28,1091.0,1126.0,1091.0,1115.0,107100.0,1115.0,1093.2,1108.3,1148.2,1134.64,1080.635,False,False,False,False,False,False,False,True,False,False,False,0.0573991031390134,0.0726457399103139,,,-0.0297757847533632,-0.0176143497757848,0.0206278026905829,0.0448430493273542,0.0016451620484618,0.0369033655147524,1164.0,1109.0,2.0715667311411994,-0.0024037624107298,0.001558147646961,0.000432798292253
2011-09-29,1127.0,1194.0,1126.0,1179.0,218100.0,1179.0,1106.6,1111.3,1147.24,1137.1466666666668,1081.5,False,False,False,False,True,False,False,True,False,False,True,0.001696352841391,0.0161153519932145,,,0.0269380831212892,0.0354990104608424,-0.0364715860899067,0.005089058524173,0.0022043477241282,0.0392333303338433,1185.0,1130.0,2.0364145658263304,-0.0008367909068721,0.0015669715038576,0.0005591856756663
2011-09-30,1172.0,1224.0,1172.0,1221.0,196900.0,1221.0,1134.0,1123.8,1148.2,1140.04,1082.465,False,False,False,False,False,False,True,True,False,False,False,-0.0507780507780507,0.0188370188370188,,,0.0596232596232595,0.0663063063063063,-0.0761670761670761,-0.0343980343980344,0.0025379226459889,0.0306994127068873,1184.0,1132.0,0.9027968821641448,0.0008360912732973,0.0016728821801695,0.0003335749218606
2011-10-03,1184.0,1230.0,1175.0,1229.0,121000.0,1229.0,1165.2,1134.8,1150.2,1143.0533333333333,1083.415,False,False,False,False,False,False,True,True,True,False,False,-0.0585842148087876,-0.0105777054515866,,,0.0641171684296175,0.0699321941958232,-0.0854353132628153,-0.0471928397070789,0.0026362141165766,0.0233521325343672,1196.0,1145.0,0.6145251396648045,0.0017388280299078,0.0009027367566104,9.829147058772842e-05
2011-10-04,1221.0,1224.0,1173.0,1176.0,106000.0,1176.0,1184.0,1140.8,1150.0,1145.3733333333332,1084.005,False,False,False,False,False,False,False,True,False,True,False,-0.0178571428571428,0.0221088435374149,,,0.0221088435374149,0.0260430839002268,-0.0773809523809523,-0.0357142857142857,0.0020255404351419,0.0185834502103787,1152.0,1130.0,0.8760330578512396,-0.0001739130434783,-0.0019127410733861,-0.0006106736814347
2011-10-05,1200.0,1200.0,1163.0,1179.0,77600.0,1179.0,1196.8,1145.0,1149.88,1147.493333333333,1084.67,False,False,False,False,False,False,False,True,False,False,False,0.0144189991518235,0.0313825275657336,,,0.024698897370653,0.0267232117613798,-0.0517387616624257,-0.0364715860899067,0.0018475052868861,0.0144978165938863,1110.0,1127.0,0.7320754716981132,-0.0001043587156919,6.955432778632311e-05,-0.0001780351482558
2011-10-06,1180.0,1191.0,1171.0,1181.0,57500.0,1181.0,1197.2,1151.9,1149.2,1149.5333333333333,1085.235,False,False,True,False,False,False,False,True,False,True,False,0.0143945808636748,0.0135478408128704,,,0.0269263336155799,0.0266440869319785,-0.0660457239627434,-0.0381033022861981,0.0017746331844808,0.0074659258616198,1109.0,1133.0,0.740979381443299,-0.0005917159763314,-0.0004873572606394,-7.287210240527857e-05
2011-10-07,1174.0,1183.0,1159.0,1159.0,60100.0,1159.0,1184.8,1159.4,1148.36,1151.1866666666667,1085.675,False,False,False,False,False,False,False,True,False,True,False,0.0733390854184641,0.0310612597066436,,,0.0091803278688525,0.0067414437733677,-0.0560828300258843,-0.0405522001725625,0.0014361991683944,-0.0050025875452821,1115.0,1127.0,1.045217391304348,-0.0007314779337491,-0.0001397619574177,-0.0003384340160863
2011-10-11,1161.0,1186.0,1155.0,1157.0,71800.0,1157.0,1170.4,1167.8,1147.92,1152.506666666667,1086.025,False,False,False,False,False,False,False,True,False,False,False,0.0509939498703543,0.0129645635263612,,,0.0078478824546239,0.0038836070296742,-0.0337078651685393,-0.0458081244598098,0.0011453296004073,-0.0168693269395444,1163.0,1137.0,1.194675540765391,-0.0003833019722627,0.0003481759614864,-0.000290869567987
2011-10-12,1155.0,1166.0,1152.0,1155.0,36800.0,1155.0,1166.2,1175.1,1147.8,1153.6266666666668,1086.39,False,False,False,False,False,False,False,True,False,False,False,0.0406926406926406,-0.0008658008658008,,,0.0062337662337662,0.001189033189033,-0.0476190476190476,-0.0294372294372294,0.0009708513441667,-0.0262105352735937,1160.0,1133.0,0.5125348189415042,-0.0001045478306326,0.0002787541416301,-0.0001744782562406
2011-10-13,1168.0,1199.0,1162.0,1196.0,77500.0,1196.0,1169.6,1183.2,1148.84,1155.0933333333332,1087.005,False,False,False,False,False,False,True,True,False,False,False,0.0167224080267558,-0.1028428093645485,,,0.0394314381270903,0.0342028985507247,-0.0794314381270903,-0.0760869565217391,0.0012697386646964,-0.037947937795808,1181.0,1130.0,2.1059782608695654,0.0009052609588802,0.0010098087895128,0.0002988873205297
2011-10-14,1178.0,1217.0,1178.0,1198.0,123300.0,1198.0,1173.0,1185.1,1149.8,1156.493333333333,1087.63,False,False,False,False,False,False,True,True,False,True,False,-0.0008347245409015,-0.0075125208681135,,,0.0402337228714524,0.0346466332776852,-0.0801335559265442,-0.0684474123539232,0.0012105560487449,-0.0453126318454137,1192.0,1145.0,1.590967741935484,0.0008349278135328,-7.033314534741033e-05,-5.9182615951538326e-05
2011-10-17,1220.0,1258.0,1214.0,1244.0,119800.0,1244.0,1190.0,1187.4,1153.08,1158.3733333333332,1088.49,False,False,False,False,False,False,True,True,True,False,False,-0.0393890675241157,-0.045016077170418,,,0.0730868167202573,0.0688317256162916,-0.1189710610932476,-0.1117363344051446,0.0016229655378808,-0.0533939700185279,1232.0,1149.0,0.9716139497161396,0.0028445554514864,0.0020096276379536,0.0004124094891358
2011-10-18,1251.0,1256.0,1207.0,1216.0,70500.0,1216.0,1201.8,1186.1,1155.12,1159.7733333333333,1089.325,False,False,False,False,False,False,True,True,False,True,False,-0.0361842105263157,-0.0287828947368421,,,0.0500657894736843,0.0462390350877193,-0.1052631578947368,-0.0929276315789473,0.0012071324281756,-0.058089537138521,1255.0,1188.0,0.5884808013355592,0.0017660502804903,-0.0010785051709961,-0.0004158331097051
2011-10-19,1231.0,1231.0,1197.0,1202.0,106800.0,1202.0,1211.2,1188.7,1157.4,1160.8266666666666,1090.08,False,False,False,False,False,False,True,True,False,False,True,-0.0399334442595673,-0.0557404326123128,,,0.0371048252911812,0.0342540210759845,-0.0990016638935108,-0.0915141430948419,0.0009073993246191,-0.0636830150584672,1196.0,1162.0,1.5148936170212766,0.0019699326075688,0.0002038823270785,-0.0002997331035565
2011-10-20,1195.0,1235.0,1195.0,1216.0,130700.0,1216.0,1215.2,1192.4,1159.64,1162.253333333333,1090.945,False,False,False,False,False,False,True,True,False,True,False,-0.1175986842105263,-0.0641447368421052,,,0.0463486842105262,0.0441995614035089,-0.0674342105263157,-0.0929276315789473,0.0012275006022781,-0.0693559208319356,1184.0,1175.0,1.2237827715355805,0.0019316339553654,-3.829865220339544e-05,0.0003201012776589
2011-10-21,1207.0,1208.0,1179.0,1197.0,76400.0,1197.0,1215.0,1194.0,1161.56,1163.1466666666668,1091.72,False,False,False,False,False,False,True,True,False,True,False,-0.0066833751044277,-0.0509607351712614,,,0.0296073517126149,0.0282818156502366,-0.0442773600668337,-0.0902255639097744,0.0007680315466094,-0.0745393634840871,1203.0,1171.0,0.5845447589900535,0.0016529494817313,-0.0002786844736341,-0.0004594690556687
2011-10-24,1200.0,1233.0,1181.0,1195.0,160900.0,1195.0,1205.2,1197.6,1165.52,1163.986666666667,1092.395,True,True,False,False,False,False,True,True,False,False,False,-0.005857740585774,-0.0560669456066945,,,0.0246694560669456,0.0259525801952578,-0.0225941422594142,-0.0686192468619246,0.000721657750948,-0.0772378089512358,1197.0,1180.0,2.106020942408377,0.0033976250943785,0.0017446756126471,-4.637379566146027e-05
2011-10-25,1195.0,1195.0,1166.0,1172.0,126700.0,1172.0,1196.4,1199.1,1167.64,1164.3466666666666,1092.985,False,False,False,False,False,False,True,True,False,True,False,0.007679180887372,-0.0409556313993174,,,0.0037201365187712,0.0065301478953356,-0.0221843003412969,-0.0443686006825938,0.0003091862675489,-0.0770577933450086,1179.0,1132.0,0.7874456183965196,0.0018156281045528,-0.0015819969898256,-0.0004124714833991
2011-10-26,1163.0,1175.0,1140.0,1154.0,109100.0,1154.0,1186.8,1199.0,1169.16,1164.6666666666667,1093.41,False,False,False,False,False,False,True,True,False,True,False,-0.0164644714038128,-0.059792027729636,,,-0.0131369150779896,-0.0092432120161756,0.0103986135181975,-0.0381282495667244,0.0002747567258158,-0.0778982485404504,1181.0,1152.0,0.8610891870560379,0.0013000786889732,-0.0005155494155796,-3.442954173307777e-05
2011-10-27,1151.0,1157.0,1061.0,1073.0,224200.0,1073.0,1158.2,1186.7,1166.6,1163.9466666666667,1093.48,False,False,False,False,False,False,False,False,False,True,False,0.0605778191985088,0.0419384902143522,,,-0.0872320596458526,-0.0847592420006213,0.1155638397017707,0.0465983224603914,-0.0006185850439882,-0.0668239656189432,1182.0,1164.0,2.054995417048579,-0.0021944111092063,-0.0034944897981796,-0.0008933417698041
2011-10-28,1095.0,1202.0,1076.0,1189.0,363400.0,1189.0,1156.6,1185.8,1169.68,1164.6933333333334,1094.07,False,False,False,False,False,False,True,True,True,False,False,-0.0445752733389402,-0.0723296888141295,,,0.0162489486963834,0.0204429492570787,-0.0025231286795626,-0.0798990748528175,0.0006410843483835,-0.067970990048912,1198.0,1185.0,1.6208742194469223,0.00263319882361,0.0048276099328163,0.0012596693923718
2011-10-31,1184.0,1199.0,1180.0,1188.0,123700.0,1188.0,1155.2,1180.2,1173.84,1165.506666666667,1094.625,False,False,False,False,False,False,True,True,False,False,False,-0.0505050505050505,-0.0791245791245791,,,0.0119191919191919,0.0189337822671154,0.0008417508417508,-0.0563973063973064,0.0006978367062108,-0.062192848669717,1180.0,1184.0,0.3403962575674188,0.0035439242145435,0.0009107253909335,5.675235782733805e-05
2011-11-01,1200.0,1205.0,1171.0,1181.0,161500.0,1181.0,1157.0,1176.7,1178.16,1166.0933333333332,1095.14,False,False,False,False,False,False,True,True,False,False,False,-0.0482641828958509,-0.0533446232006773,,,0.0024047417442844,0.0126220716906577,0.0152413209144792,-0.0414902624894157,0.0005031043827249,-0.0569388969151015,1168.0,1196.0,1.305578011317704,0.0036667345691588,0.0001228103546152,-0.0001947323234859
2011-11-02,1146.0,1151.0,1095.0,1135.0,223700.0,1135.0,1153.2,1170.0,1180.28,1166.12,1095.51,False,False,False,False,False,False,True,True,False,True,False,-0.0440528634361233,-0.0308370044052863,,,-0.0398942731277532,-0.027418502202643,0.0352422907488986,0.0,2.2867858082051943e-05,-0.0478632478632478,1158.0,1152.0,1.3851393188854488,0.0017961839563492,-0.0018705506128095,-0.0004802365246429
2011-11-04,1135.0,1143.0,1116.0,1138.0,171100.0,1138.0,1166.2,1162.2,1181.2,1166.2266666666667,1095.84,False,False,False,False,False,False,True,True,False,True,False,-0.0175746924428822,-0.0325131810193321,,,-0.0379613356766257,-0.0248037492677211,0.0571177504393673,-0.0026362038664323,9.146306607074412e-05,-0.0387196695921528,1170.0,1110.0,0.7648636566830577,0.0007788689468337,-0.0010173150095154,6.859520798869219e-05
2011-11-07,1149.0,1154.0,1125.0,1136.0,100800.0,1136.0,1155.6,1156.1,1179.48,1166.1066666666666,1096.21,False,False,False,False,False,False,False,False,False,True,False,-0.0290492957746478,-0.0299295774647887,,,-0.0382746478873239,-0.0265023474178402,0.051056338028169,0.005281690140845,-0.0001029065379954,-0.0290632298244095,1174.0,1109.0,0.5891291642314436,-0.0014582697459897,-0.0022371386928235,-0.0001943696040662
2011-11-08,1131.0,1150.0,1117.0,1128.0,122600.0,1128.0,1143.6,1149.4,1175.76,1165.8266666666666,1096.575,False,False,False,False,False,False,False,False,False,True,False,-0.0301418439716312,-0.0283687943262411,,,-0.0423404255319148,-0.0335342789598108,0.0549645390070922,0.0177304964539007,-0.0002401729245056,-0.0203584478858535,1162.0,1115.0,1.2162698412698412,-0.0031639110022453,-0.0017056412562555,-0.0001372663865101
2011-11-09,1129.0,1129.0,1116.0,1124.0,170100.0,1124.0,1132.2,1144.6,1171.56,1164.9733333333334,1096.875,False,False,False,False,False,False,False,False,False,True,False,-0.0053380782918149,-0.0320284697508896,,,-0.0423131672597864,-0.036453143534994,0.0364768683274021,0.0204626334519572,-0.0007324917308549,-0.013891315743491,1165.0,1163.0,1.3874388254486134,-0.0035849636382259,-0.0004210526359806,-0.0004923188063493
2011-11-10,1094.0,1119.0,1071.0,1085.0,218100.0,1085.0,1122.2,1137.7,1167.92,1163.9466666666667,1097.045,False,False,False,False,False,False,False,False,False,False,False,0.0138248847926267,-0.0018433179723502,,,-0.0764239631336406,-0.0727619047619048,0.0516129032258064,0.0571428571428571,-0.0008820564516128,-0.0046585215786234,1145.0,1160.0,1.2821869488536155,-0.0031166518254673,0.0004683118127586,-0.0001495647207578
2011-11-11,1100.0,1125.0,1100.0,1118.0,102000.0,1118.0,1118.2,1142.2,1165.48,1163.1866666666667,1097.38,False,False,False,False,False,False,False,False,False,False,True,-0.01520572450805,0.0143112701252236,,,-0.042468694096601,-0.040417412045319,0.0089445438282647,0.0295169946332737,-0.0006533775031809,-0.0061285239012432,1160.0,1181.0,0.4676753782668501,-0.0020935580190136,0.0010230938064537,0.0002286789484319
2011-11-14,1121.0,1129.0,1090.0,1103.0,150200.0,1103.0,1111.6,1133.6,1162.36,1162.28,1097.625,False,False,False,False,False,False,False,False,False,True,False,-0.0009066183136899,0.0371713508612874,,,-0.0538168631006345,-0.0537443336355394,0.0190389845874886,0.0262919310970081,-0.0007800759426874,0.0047635850388144,1149.0,1192.0,1.4725490196078432,-0.0026841942255412,-0.0005906362065275,-0.0001266984395065
2011-11-15,1101.0,1114.0,1093.0,1094.0,44700.0,1094.0,1104.8,1124.2,1159.76,1161.1333333333334,1097.82,False,False,True,False,False,False,False,False,False,False,False,0.0018281535648994,0.0676416819012797,,,-0.0601096892138939,-0.0613650213284583,0.0338208409506398,0.0548446069469835,-0.0009875409083078,0.0161003380181461,1096.0,1232.0,0.2976031957390146,-0.0022418431399599,0.0004423510855813,-0.0002074649656204
2011-11-16,1105.0,1127.0,1104.0,1118.0,122700.0,1118.0,1103.6,1117.9,1158.2,1160.9466666666667,1098.105,False,False,False,False,False,False,False,False,False,False,False,-0.0268336314847942,0.0250447227191413,,,-0.0359570661896243,-0.0384138342277877,-0.0053667262969588,0.0384615384615384,-0.0001607883221739,0.0244207889793362,1119.0,1255.0,2.7449664429530203,-0.0013469176308063,0.0008949255091535,0.0008267525861339
2011-11-17,1128.0,1128.0,1095.0,1100.0,55200.0,1100.0,1106.6,1114.4,1156.0,1160.253333333333,1098.22,False,False,False,False,False,False,False,False,False,True,False,-0.0154545454545454,0.06,,,-0.0509090909090909,-0.0547757575757573,0.0145454545454545,0.0654545454545454,-0.0005975706454914,0.0309583632447954,1116.0,1196.0,0.4498777506112469,-0.0019031141868512,-0.0005561965560448,-0.0004367823233175
2011-11-18,1092.0,1104.0,1089.0,1101.0,40000.0,1101.0,1103.2,1110.7,1152.2,1159.4133333333334,1098.295,False,False,False,False,False,False,False,False,False,True,False,0.0299727520435967,0.0871934604904632,,,-0.046503178928247,-0.0530547986678777,0.0036330608537693,0.0753860127157129,-0.0007245043470258,0.0388043576123164,1137.0,1184.0,0.7246376811594203,-0.0032980385349765,-0.0013949243481252,-0.0001269337015343
2011-11-21,1112.0,1114.0,1086.0,1102.0,125500.0,1102.0,1103.0,1107.3,1148.36,1158.3066666666666,1098.38,False,False,False,False,False,False,False,False,False,True,False,0.0381125226860254,0.0762250453720508,,,-0.0420689655172412,-0.0510949788263762,0.0090744101633393,0.0517241379310344,-0.0009554176786804,0.0435293055179265,1112.0,1203.0,3.1375,-0.0033438991257098,-4.586059073330776e-05,-0.0002309133316546
2011-11-22,1076.0,1102.0,1076.0,1096.0,80800.0,1096.0,1103.4,1104.1,1142.44,1157.1333333333334,1098.285,False,False,False,False,False,False,False,False,False,True,False,0.0656934306569343,0.0848540145985401,,,-0.0423722627737226,-0.0557785888077859,0.0273722627737226,0.0520072992700729,-0.0010140001152271,0.0470066117199529,1084.0,1197.0,0.6438247011952192,-0.0051818913903573,-0.0018379922646475,-5.858243654666454e-05
2011-11-24,1081.0,1095.0,1077.0,1088.0,64400.0,1088.0,1097.4,1100.5,1137.32,1155.6933333333334,1098.3,False,False,False,False,False,False,False,False,False,False,False,0.0533088235294117,0.1020220588235294,,,-0.0453308823529411,-0.062218137254902,0.0321691176470588,0.0625,-0.0012460052839854,0.051249432076329,1073.0,1179.0,0.7970297029702971,-0.0045018112756305,0.0006800801147268,-0.0002320051687582
2011-11-25,1093.0,1104.0,1080.0,1083.0,44600.0,1083.0,1094.0,1100.3,1132.56,1154.7733333333333,1098.205,False,False,False,False,False,False,False,False,False,False,False,0.0766389658356417,0.0849492151431209,,,-0.0457617728531855,-0.0662726992920898,0.0350877192982456,0.0470914127423822,-0.0007966931461297,0.0502590202671998,1082.0,1181.0,0.6925465838509317,-0.0042028678392314,0.000298943436399,0.0004493121378556
2011-11-28,1107.0,1134.0,1092.0,1134.0,86700.0,1134.0,1100.6,1101.9,1129.28,1155.0933333333332,1098.415,False,False,False,False,True,False,False,True,False,False,False,0.0555555555555555,0.0608465608465608,,,0.0041622574955908,-0.0186008230452674,0.0105820105820105,0.0035273368606701,0.0002770338904792,0.0475542245212812,1115.0,1182.0,1.9439461883408071,-0.0029045055256446,0.0012983623135868,0.0010737270366089
2011-11-29,1158.0,1159.0,1133.0,1144.0,66400.0,1144.0,1109.0,1106.0,1127.16,1155.56,1098.63,False,False,False,False,False,False,False,True,False,False,False,0.0367132867132867,0.0437062937062937,,,0.0147202797202796,-0.010104895104895,-0.0139860139860139,-0.0227272727272727,0.0004038446005977,0.0424050632911393,1179.0,1198.0,0.7658592848904268,-0.0018808332446146,0.0010236722810299,0.0001268107101185
2011-11-30,1145.0,1168.0,1145.0,1168.0,75500.0,1168.0,1123.4,1113.4,1126.08,1156.2666666666669,1098.86,False,False,False,False,False,False,False,True,False,False,False,0.0179794520547945,0.0188356164383561,,,0.0358904109589041,0.0100456621004564,-0.0196917808219178,-0.0410958904109589,0.0006111623616238,0.0324232081911261,1221.0,1180.0,1.1370481927710845,-0.0009590792838876,0.000921753960727,0.0002073177610261
2011-12-01,1169.0,1173.0,1144.0,1146.0,85100.0,1146.0,1135.0,1116.2,1125.04,1156.04,1099.005,False,False,False,False,False,False,False,False,False,False,False,0.0462478184991274,0.0165794066317626,,,0.0182897033158813,-0.0087609075043629,-0.0043630017452006,-0.0165794066317626,-0.0001960716468867,0.0267873141014153,1229.0,1168.0,1.1271523178807947,-0.0009244115764772,3.466770741035691e-05,-0.0008072340085105
2011-12-02,1154.0,1169.0,1151.0,1166.0,31400.0,1166.0,1151.6,1122.8,1125.52,1156.12,1099.21,False,False,False,False,False,False,True,True,False,False,False,0.0077186963979416,-0.0214408233276157,,,0.0347169811320754,0.0084734133790738,-0.0334476843910806,-0.0102915951972555,6.91969691726873e-05,0.0191485571784823,1176.0,1158.0,0.3689776733254994,0.0004264695429668,0.001350881119444,0.0002652686160593
2011-12-05,1166.0,1200.0,1166.0,1197.0,68600.0,1197.0,1164.2,1132.4,1130.48,1156.3333333333333,1099.515,False,False,False,False,False,False,True,True,True,False,False,0.0050125313283208,-0.0576441102756892,,,0.0555722639933166,0.0339738234475077,-0.0476190476190476,-0.0342522974101921,0.0001844912078409,0.008036029671494,1179.0,1170.0,2.1847133757961785,0.00438751680702,0.0039610472640532,0.0001152942386682
2011-12-06,1191.0,1196.0,1176.0,1186.0,93500.0,1186.0,1172.6,1140.8,1130.36,1156.253333333333,1099.765,False,False,False,False,False,False,False,False,False,True,False,0.0067453625632377,-0.0522765598650927,,,0.0469139966273188,0.0250815064643059,-0.0328836424957841,-0.0151770657672849,-6.918898972556876e-05,0.0014025245441796,1181.0,1174.0,1.3629737609329446,-0.0001061608691037,-0.0044936776761238,-0.0002536801975664
2011-12-07,1189.0,1195.0,1171.0,1189.0,110000.0,1189.0,1176.8,1150.1,1130.4,1155.68,1099.995,False,False,False,False,False,False,True,False,False,False,False,0.0008410428931875,-0.048780487804878,,,0.0492851135407905,0.0280235492010091,-0.0067283431455004,-0.0100925147182506,-0.0004961004199545,-0.0046082949308755,1159.0,1162.0,1.1764705882352942,3.538570417568205e-05,0.0001415465732794,-0.0004269114302289
2011-12-08,1200.0,1259.0,1186.0,1199.0,192300.0,1199.0,1187.4,1161.2,1131.12,1154.9333333333334,1100.23,False,False,False,False,False,False,True,False,False,False,False,-0.0283569641367806,-0.0725604670558799,,,0.0566138448707256,0.0367528495968862,-0.0333611342785654,-0.0108423686405337,-0.0006465019625952,-0.0115397864278333,1157.0,1165.0,1.7481818181818185,0.0006365372374282,0.0006011515332525,-0.0001504015426407
2011-12-09,1201.0,1201.0,1171.0,1175.0,107000.0,1175.0,1189.2,1170.4,1132.72,1154.6533333333334,1100.415,False,False,False,False,False,False,True,False,True,False,False,-0.0289361702127659,-0.0502127659574468,,,0.0359829787234042,0.0173163120567375,-0.0136170212765957,0.0059574468085106,-0.0002424970265245,-0.0152084757347916,1155.0,1145.0,0.5564222568902756,0.0014125291334134,0.0007759918959852,0.0004040049360707
2011-12-12,1182.0,1208.0,1181.0,1203.0,70900.0,1203.0,1190.4,1177.3,1135.32,1154.9066666666668,1100.76,False,False,False,False,False,False,True,True,False,False,False,-0.0623441396508728,-0.0814630091438071,,,0.0562593516209476,0.0399778331947907,-0.0315876974231088,-0.0324189526184538,0.0002193539449075,-0.0187717659050368,1196.0,1160.0,0.6626168224299065,0.002290103230807,0.0008775740973935,0.000461850971432
2011-12-13,1182.0,1200.0,1181.0,1194.0,65100.0,1194.0,1192.0,1182.3,1137.64,1154.7866666666666,1101.14,False,False,False,False,False,False,True,False,False,True,False,-0.0586264656616415,-0.0686767169179229,,,0.0472026800670015,0.0328419877163596,-0.007537688442211,-0.0142378559463986,-0.0001039152974865,-0.0179311511460712,1198.0,1149.0,0.918194640338505,0.0020393094476285,-0.0002507937831785,-0.000323269242394
2011-12-14,1194.0,1196.0,1183.0,1190.0,72500.0,1190.0,1192.2,1184.5,1140.12,1154.6933333333334,1101.495,False,False,False,False,False,False,True,False,False,False,False,-0.0495798319327731,-0.053781512605042,,,0.0419159663865547,0.0296694677871148,-0.0092436974789915,-0.0243697478991596,-8.082954204283542e-05,-0.0162937948501477,1244.0,1096.0,1.1136712749615976,0.0021752096270566,0.000135900179428,2.308575544367139e-05
2011-12-15,1190.0,1194.0,1162.0,1165.0,27500.0,1165.0,1185.4,1186.4,1141.76,1154.506666666667,1101.76,False,False,False,False,False,False,True,False,False,True,False,-0.0454935622317596,-0.0360515021459227,,,0.0199484978540772,0.0090071530758224,0.0051502145922746,-0.0085836909871244,-0.0001616852219705,-0.0155091031692515,1216.0,1119.0,0.3793103448275862,0.0014363789237669,-0.0007388307032897,-8.085567992772938e-05
2011-12-16,1165.0,1165.0,1140.0,1141.0,53900.0,1141.0,1178.6,1183.9,1144.0,1153.9733333333334,1102.0,False,False,False,False,False,False,True,False,False,False,False,-0.0219106047326906,-0.0175284837861524,,,-0.0026292725679228,-0.0113701431492842,-0.0061349693251533,0.0262927256792287,-0.0004621712806767,-0.0119942562716446,1202.0,1116.0,1.96,0.0019580419580419,0.000521663034275,-0.0003004860587062
2011-12-19,1130.0,1137.0,1116.0,1128.0,35000.0,1128.0,1163.6,1177.0,1144.4,1153.253333333333,1102.19,False,False,False,False,False,False,True,False,False,True,False,-0.0203900709219858,0.0159574468085106,,,-0.0145390070921986,-0.0223877068557917,0.0070921985815602,0.0478723404255319,-0.000624320762134,-0.0039932030586236,1216.0,1137.0,0.6493506493506493,0.0003495281370151,-0.0016085138210268,-0.0001621494814572
2011-12-20,1112.0,1145.0,1112.0,1124.0,35200.0,1124.0,1149.6,1170.8,1145.24,1152.2666666666669,1102.275,False,False,False,False,False,False,True,False,False,False,False,-0.0106761565836298,0.0035587188612099,,,-0.0188967971530249,-0.0251482799525506,0.0106761565836298,0.0444839857651245,-0.0008562832677617,0.0017936453706868,1197.0,1112.0,1.0057142857142858,0.0007334707135621,0.000383942576547,-0.0002319625056276
2011-12-21,1136.0,1136.0,1110.0,1131.0,76200.0,1131.0,1137.8,1165.0,1146.72,1151.6133333333332,1102.36,False,False,False,False,False,False,True,False,True,False,False,-0.004420866489832,0.0123784261715296,,,-0.0138992042440318,-0.0182257589154139,-0.0167992926613616,0.0335985853227232,-0.0005673200495539,0.0060944206008582,1195.0,1084.0,2.164772727272727,0.0012906376447607,0.0005571669311985,0.0002889632182077
2011-12-22,1135.0,1135.0,1101.0,1112.0,95500.0,1112.0,1127.2,1156.3,1146.48,1150.8666666666666,1102.38,False,False,False,False,False,False,False,False,False,True,False,0.0098920863309352,0.0260791366906474,,,-0.0310071942446043,-0.0349520383693044,-0.0071942446043165,0.0710431654676259,-0.000648786421827,0.0140966877108016,1172.0,1073.0,1.253280839895013,-0.0002093364036005,-0.0014999740483613,-8.14663722730881e-05
2011-12-26,1116.0,1123.0,1112.0,1116.0,8900.0,1116.0,1122.2,1150.4,1147.12,1150.3066666666666,1102.395,False,False,False,False,False,False,True,False,False,False,False,0.0044802867383512,0.0098566308243727,,,-0.0278853046594981,-0.0307407407407406,0.0044802867383512,0.0698924731182795,-0.0004868267012854,0.0203407510431153,1154.0,1082.0,0.0931937172774869,0.0005579189622706,0.0007672553658712,0.0001619597205416
2011-12-27,1108.0,1118.0,1099.0,1105.0,50900.0,1105.0,1117.6,1140.6,1147.28,1149.44,1102.375,False,False,False,False,False,False,True,False,False,True,False,0.03710407239819,0.0316742081447963,,,-0.038262443438914,-0.0402171945701358,0.0,0.0733031674208144,-0.0007539903489234,0.0310362966859548,1073.0,1115.0,5.719101123595506,0.0001394602886828,-0.0004184586735877,-0.000267163647638
2011-12-28,1112.0,1115.0,1102.0,1112.0,15200.0,1112.0,1115.2,1132.4,1147.68,1148.6133333333332,1102.5,False,False,False,False,False,False,True,False,False,False,False,0.014388489208633,0.0314748201438848,,,-0.0320863309352518,-0.0329256594724219,0.0035971223021582,0.0530575539568345,-0.0007197084020153,0.0379724478982691,1189.0,1179.0,0.2986247544204322,0.0003485292067476,0.0002090689180647,3.428194690812054e-05
2011-12-29,1110.0,1127.0,1104.0,1126.0,19500.0,1126.0,1114.2,1126.0,1148.88,1148.1333333333334,1102.72,False,True,False,False,False,False,True,False,True,False,False,0.016873889875666,0.0488454706927175,,,-0.0203197158081706,-0.0196566015393725,-0.0186500888099467,0.0630550621669627,-0.0004180699105793,0.0470692717584369,1188.0,1221.0,1.2828947368421053,0.0010444955086693,0.0006959663019217,0.000301638491436
2011-12-30,1127.0,1131.0,1115.0,1123.0,18400.0,1123.0,1116.4,1121.8,1150.28,1147.5733333333333,1102.84,False,False,False,False,False,False,True,False,False,False,False,0.0160284951024042,0.0320569902048085,,,-0.0242920747996437,-0.0218818640546155,-0.0178094390026714,0.0650044523597506,-0.0004879862434355,0.0546443216259582,1181.0,1229.0,0.9435897435897436,0.0012170949681815,0.0001725994595121,-6.991633285626463e-05
2012-01-04,1141.0,1143.0,1121.0,1121.0,52600.0,1121.0,1117.4,1119.8,1151.8,1147.253333333333,1103.065,False,False,False,False,False,False,True,False,False,False,False,0.0053523639607493,0.0338983050847457,,,-0.0274754683318465,-0.0234195658638118,-0.0258697591436217,0.0999107939339875,-0.0002789270605738,0.0620646544025718,1135.0,1176.0,2.858695652173913,0.0013196735544365,0.0001025785862549,0.0002090591828617
2012-01-05,1129.0,1151.0,1125.0,1146.0,109700.0,1146.0,1125.6,1121.6,1152.28,1147.0666666666666,1103.52,False,False,False,False,False,False,True,False,False,True,False,-0.0052356020942408,0.0165794066317626,,,-0.005479930191972,-0.0009307737056427,-0.037521815008726,0.0671902268760907,-0.0001627339300242,0.064015691868759,1138.0,1179.0,2.085551330798479,0.0004165654181275,-0.0009031081363089,0.0001161931305495
2012-01-06,1147.0,1150.0,1122.0,1128.0,72300.0,1128.0,1128.8,1122.0,1151.64,1146.7866666666666,1104.415,False,False,False,False,False,False,False,False,False,True,False,0.0168439716312056,0.050531914893617,,,-0.0209574468085107,-0.0166548463356973,-0.0345744680851063,0.1063829787234042,-0.0002441604948319,0.0702317290552584,1136.0,1181.0,0.659070191431176,-0.0005557292209369,-0.0009722946390645,-8.142656480765033e-05
2012-01-10,1145.0,1153.0,1135.0,1145.0,59400.0,1145.0,1132.6,1123.4,1150.72,1147.44,1105.505,False,False,False,False,False,False,False,True,False,True,False,0.0314410480349345,0.0296943231441048,,,-0.0049956331877729,-0.0021310043668122,-0.0279475982532751,0.0751091703056768,0.000569383439076,0.0744169485490474,1128.0,1159.0,0.8215767634854771,-0.0007994994438265,-0.0002437702228895,0.0008135439339079
2012-01-11,1140.0,1150.0,1136.0,1141.0,25700.0,1141.0,1136.2,1126.3,1150.52,1147.7333333333331,1106.475,False,False,False,False,False,False,False,True,False,False,False,0.0157756354075372,0.0262927256792287,,,-0.0083435582822085,-0.0059012562080044,-0.0184049079754601,0.0797546012269938,0.0002555762081782,0.0752907751043238,1124.0,1157.0,0.4326599326599326,-0.0001738344400793,0.0006256650037472,-0.0003138072308978
2012-01-12,1138.0,1141.0,1121.0,1127.0,37600.0,1127.0,1137.4,1127.4,1148.96,1147.88,1107.355,False,False,False,False,False,False,False,True,False,True,False,0.028393966282165,0.0062111801242236,,,-0.0194853593611357,-0.0185270629991127,-0.0150842945874001,0.0532386867790594,0.0001277717763764,0.073620720241263,1085.0,1155.0,1.4630350194552528,-0.0013577496170449,-0.0011839151769656,-0.0001278044318017
2012-01-13,1134.0,1150.0,1122.0,1140.0,84500.0,1140.0,1136.2,1130.9,1146.68,1147.92,1108.265,False,False,True,False,False,False,False,True,False,True,True,0.0219298245614035,-0.0035087719298245,,,-0.005859649122807,-0.0069473684210526,-0.0149122807017543,0.0552631578947368,3.4845633842047895e-05,0.0718012202670437,1118.0,1196.0,2.247340425531915,-0.0019883489726863,-0.0006305993556414,-9.292614253439216e-05
2012-01-16,1142.0,1152.0,1134.0,1147.0,35400.0,1147.0,1140.0,1134.4,1145.12,1148.3866666666668,1108.905,False,False,False,False,True,False,False,True,False,False,False,0.033129904097646,-0.009590235396687,,,0.001639058413252,-0.0012089508863703,-0.046207497820401,0.067131647776809,0.0004063671933959,0.073166431593794,1103.0,1198.0,0.4189349112426035,-0.0013623026407714,0.0006260463319149,0.0003715215595539
2012-01-17,1156.0,1183.0,1152.0,1181.0,48100.0,1181.0,1147.2,1139.9,1144.8,1149.68,1109.72,False,False,False,False,False,False,False,True,False,False,False,-0.0016934801016088,-0.0584250635055038,,,0.0306519898391194,0.0265198983911938,-0.0508044030482641,0.0491109229466553,0.0011249507109224,0.0716729537678742,1094.0,1244.0,1.3587570621468927,-0.0002795248078266,0.0010827778329447,0.0007185835175264
2012-01-18,1187.0,1188.0,1159.0,1159.0,58500.0,1159.0,1150.8,1143.5,1143.2,1150.8266666666666,1110.26,False,False,False,False,False,False,False,True,False,True,False,0.0103537532355478,-0.0474547023295944,,,0.013632441760138,0.0070520563704343,-0.0232959447799827,0.0983606557377049,0.0009963852071553,0.0750327940533449,1118.0,1216.0,1.2162162162162162,-0.0013995801259621,-0.0011200553181354,-0.0001285655037671
2012-01-19,1157.0,1174.0,1151.0,1159.0,25700.0,1159.0,1157.2,1147.3,1142.56,1151.8533333333332,1110.84,False,False,False,False,False,False,False,True,False,False,False,-0.0215703192407247,-0.0327868852459016,,,0.0141846419327006,0.0061662352602819,-0.0207075064710957,0.083692838654012,0.0008913171815855,0.073476858711758,1100.0,1202.0,0.4393162393162393,-0.0005601456378659,0.0008394344880961,-0.0001050680255697
2012-01-20,1167.0,1174.0,1158.0,1165.0,39300.0,1165.0,1162.2,1149.2,1141.04,1152.52,1111.445,False,False,False,False,False,False,False,True,False,True,False,-0.0248927038626609,-0.0515021459227467,,,0.0205665236051502,0.0107124463519313,-0.0257510729613733,0.0755364806866952,0.0005784426011407,0.0743125652627913,1101.0,1216.0,1.5291828793774318,-0.0013321180677276,-0.0007719724298617,-0.0003128745804448
2012-01-23,1165.0,1188.0,1162.0,1185.0,39500.0,1185.0,1169.8,1154.9,1140.68,1152.6,1112.31,False,False,False,False,False,False,False,True,False,False,False,-0.0413502109704641,-0.0582278481012658,,,0.0374008438818564,0.0273417721518988,-0.0362869198312236,0.0666666666666666,6.940829429110468e-05,0.0703957052558662,1102.0,1197.0,1.005089058524173,-0.0003156012203246,0.001016516847403,-0.0005090343068496
2012-01-24,1186.0,1186.0,1177.0,1179.0,19300.0,1179.0,1169.4,1158.3,1140.24,1152.04,1112.9,False,False,False,False,False,False,False,False,False,True,False,-0.0568278201865988,-0.0627650551314673,,,0.0328753180661577,0.0228668363019508,-0.0262934690415606,0.0619168787107718,-0.000486094232839,0.0690667357334024,1096.0,1195.0,0.4886075949367088,-0.0003858836736126,-7.028245328798979e-05,-0.0005555025271301
2012-01-25,1188.0,1188.0,1160.0,1171.0,73300.0,1171.0,1171.8,1161.3,1140.48,1151.2666666666669,1113.47,False,False,False,False,False,False,True,False,False,False,False,-0.0572160546541417,-0.0580700256191289,,,0.026063193851409,0.0168516937090803,-0.0204953031596925,0.0580700256191289,-0.0006717238983146,0.0669077757685353,1088.0,1172.0,3.797927461139897,0.0002104377104377,0.0005963213840503,-0.0001856296654755
2012-01-26,1162.0,1168.0,1130.0,1134.0,70300.0,1134.0,1166.8,1162.0,1140.2,1150.7066666666667,1113.915,False,False,False,False,False,True,False,False,False,True,False,-0.0114638447971781,-0.037037037037037,,,-0.0054673721340388,-0.0147325102880658,0.0114638447971781,0.0731922398589065,-0.0004866574742478,0.0688468158347676,1083.0,1154.0,0.9590723055934516,-0.0002455709524644,-0.0004560086629021,0.0001850664240668
2012-01-27,1130.0,1145.0,1127.0,1136.0,57200.0,1136.0,1161.0,1161.6,1140.52,1150.1333333333334,1114.435,False,False,False,False,False,False,True,False,False,False,False,-0.0272887323943661,-0.0290492957746478,,,-0.0039788732394366,-0.0124413145539907,0.0132042253521126,0.0695422535211267,-0.000498492928356,0.0702479338842976,1134.0,1073.0,0.813655761024182,0.0002805737733664,0.0005261447258309,-1.1835454108215736e-05
2012-01-30,1113.0,1141.0,1103.0,1136.0,93900.0,1136.0,1151.2,1160.5,1141.0,1149.5333333333333,1115.005,False,False,False,False,False,False,True,False,False,False,False,-0.0176056338028169,-0.0413732394366197,,,-0.0044014084507042,-0.011913145539906,-0.0035211267605633,0.051056338028169,-0.000521950936612,0.0686772942697113,1144.0,1189.0,1.6416083916083917,0.0004206836108676,0.0001401098375011,-2.3458008256002616e-05
2012-01-31,1132.0,1133.0,1111.0,1112.0,96700.0,1112.0,1137.8,1153.6,1140.24,1148.9066666666668,1115.49,False,False,False,False,False,False,False,False,False,True,False,-0.0062949640287769,0.0008992805755395,,,-0.0253956834532374,-0.033189448441247,0.0377697841726618,0.1034172661870503,-0.0005454461052826,0.0740291262135923,1168.0,1188.0,1.0298189563365283,-0.0006665263453307,-0.0010872099561984,-2.349516867052612e-05
2012-02-01,1109.0,1111.0,1085.0,1104.0,130900.0,1104.0,1124.4,1148.1,1139.92,1148.2,1115.88,False,False,False,False,False,False,False,False,False,False,False,-0.0009057971014492,0.0144927536231884,,,-0.032536231884058,-0.040036231884058,0.0516304347826086,0.1159420289855072,-0.0006154560761772,0.0756031704555354,1146.0,1181.0,1.3536711478800414,-0.000280721454137,0.0003858048911937,-7.000997089463596e-05
2012-02-02,1130.0,1130.0,1110.0,1121.0,105400.0,1121.0,1121.8,1144.3,1140.12,1147.746666666667,1116.285,False,False,False,False,False,False,True,False,False,False,False,-0.0258697591436217,-0.0098126672613737,,,-0.0170561998215877,-0.0238596491228072,0.0454950936663693,0.0829616413916146,-0.0003949768241538,0.075504675347374,1166.0,1135.0,0.8051948051948052,0.000175420131214,0.0004561415853511,0.0002204792520234
2012-02-03,1121.0,1123.0,1102.0,1105.0,55300.0,1105.0,1115.6,1138.3,1140.12,1146.5333333333333,1116.595,False,False,False,False,False,False,False,False,False,True,False,-0.0018099547511312,0.0162895927601809,,,-0.0317828054298641,-0.0375867269984916,0.0714932126696832,0.102262443438914,-0.0010582625886733,0.0780989194412721,1197.0,1138.0,0.5246679316888045,0.0,-0.000175420131214,-0.0006632857645194
2012-02-06,1108.0,1122.0,1107.0,1116.0,79700.0,1116.0,1111.6,1131.4,1140.28,1145.44,1117.065,False,False,False,False,False,False,True,False,False,False,False,-0.0241935483870967,-0.0197132616487455,,,-0.0217562724014336,-0.0263799283154122,0.0385304659498207,0.0797491039426523,-0.0009545094752525,0.0794590772494253,1186.0,1136.0,1.44122965641953,0.0001403164135125,0.0001403164135125,0.0001037531134208
2012-02-07,1111.0,1116.0,1102.0,1105.0,32800.0,1105.0,1110.2,1124.0,1139.44,1143.5866666666666,1117.325,False,False,False,False,False,False,False,False,False,True,False,0.0072398190045248,0.0144796380090497,,,-0.0311674208144796,-0.0349200603318249,0.0434389140271493,0.085972850678733,-0.0016206321631359,0.0819395017793593,1189.0,1128.0,0.411543287327478,-0.0007372042406795,-0.0008775206541921,-0.0006661226878834
2012-02-08,1107.0,1119.0,1097.0,1103.0,47300.0,1103.0,1110.0,1117.2,1138.64,1142.08,1117.525,False,False,False,False,False,False,False,False,False,False,False,0.0154125113327289,0.0262919310970081,,,-0.0323118766999094,-0.0354306436990026,0.0480507706255666,0.0879419764279238,-0.0013192304100121,0.0850340136054421,1199.0,1124.0,1.4420731707317074,-0.0007025925665706,3.461167410895457e-05,0.0003014017531238
2012-02-09,1101.0,1103.0,1087.0,1092.0,70100.0,1092.0,1104.2,1113.0,1137.48,1140.6133333333332,1117.735,False,False,False,False,False,False,False,False,False,True,False,0.0164835164835164,0.0393772893772893,,,-0.0416483516483516,-0.0445177045177044,0.0384615384615384,0.1227106227106227,-0.0012858579010123,0.0899371069182389,1175.0,1085.0,1.482029598308668,-0.0010197981502972,-0.0003172055837266,3.337250899978898e-05
2012-02-10,1095.0,1104.0,1089.0,1103.0,72500.0,1103.0,1103.8,1109.7,1135.76,1139.1066666666666,1118.045,False,False,False,False,False,False,False,False,False,True,False,0.0181323662737987,0.0290117860380779,,,-0.0297008159564823,-0.0327349652462978,0.0317316409791477,0.1115140525838622,-0.0013226739082087,0.0941695953861403,1203.0,1118.0,1.0342368045649073,-0.0015144044516447,-0.0004946063013475,-3.681600719641909e-05
2012-02-13,1100.0,1100.0,1086.0,1089.0,60600.0,1089.0,1098.4,1105.0,1134.2,1137.6666666666667,1118.34,False,False,False,False,False,False,False,False,False,False,False,0.0045913682277318,0.0486685032139577,,,-0.041505968778696,-0.0446893174165902,0.0266299357208448,0.1166207529843893,-0.0012657486082623,0.1008144796380091,1194.0,1103.0,0.8358620689655173,-0.0013754187973901,0.0001389856542545,5.69252999463928e-05
2012-02-14,1092.0,1117.0,1090.0,1113.0,75600.0,1113.0,1100.0,1105.1,1132.92,1136.5733333333333,1118.86,False,False,False,False,False,False,False,False,False,False,False,0.0071877807726864,0.0314465408805031,,,-0.0178975741239892,-0.0211799940101826,0.0062893081761006,0.0709793351302785,-0.0009619558204193,0.0975477332368113,1190.0,1094.0,1.2475247524752475,-0.0011298238180983,0.0002455949792918,0.0003037927878429
2012-02-15,1113.0,1124.0,1098.0,1120.0,101800.0,1120.0,1103.4,1106.7,1132.08,1135.88,1119.385,False,False,False,False,False,False,False,False,False,False,False,0.0107142857142857,0.0241071428571428,,,-0.0107857142857142,-0.0141785714285715,0.00625,0.0794642857142857,-0.0006103931166436,0.0938827143760728,1165.0,1118.0,1.3465608465608463,-0.000741997032012,0.0003878267860863,0.0003515627037757
2012-02-16,1112.0,1126.0,1105.0,1110.0,78600.0,1110.0,1107.0,1105.6,1131.4,1135.2933333333333,1119.91,False,False,False,False,False,False,False,False,False,False,False,0.0225225225225225,0.0333333333333333,,,-0.0192792792792793,-0.0227867867867867,0.0396396396396396,0.0891891891891892,-0.0005167533794497,0.0945188133140376,1141.0,1100.0,0.7721021611001965,-0.0006010252784159,0.000140971753596,9.36397371938335e-05
2012-02-17,1125.0,1125.0,1115.0,1123.0,32700.0,1123.0,1111.0,1107.4,1130.72,1135.96,1120.465,False,False,False,False,False,False,False,True,False,True,False,0.0106856634016028,0.0249332146037399,,,-0.0068744434550311,-0.0115405164737311,0.0293855743544078,0.0845948352626892,0.000586875124711,0.0927397507675635,1128.0,1101.0,0.416030534351145,-0.0006013867270412,-3.614486252567816e-07,0.0011036285041608
2012-02-20,1124.0,1128.0,1093.0,1094.0,77700.0,1094.0,1112.0,1105.2,1128.6,1134.6933333333334,1120.855,False,False,False,False,False,False,False,False,False,True,False,0.0438756855575868,0.0347349177330895,,,-0.0316270566727604,-0.0371968312004875,0.0676416819012797,0.0923217550274223,-0.0011163074898357,0.0940101339124139,1124.0,1102.0,2.376146788990826,-0.0018784334573809,-0.0012770467303396,-0.0017031826145467
2012-02-21,1092.0,1121.0,1087.0,1121.0,67800.0,1121.0,1113.6,1106.8,1126.2,1133.8,1121.345,False,False,False,False,False,False,False,False,False,True,False,0.0240856378233719,0.0294380017841213,,,-0.0046387154326494,-0.0114183764495985,0.0499553969669937,0.0829616413916146,-0.0007879108602341,0.0936935308998916,1131.0,1096.0,0.8725868725868726,-0.0021310602024505,-0.0002526267450696,0.0003283966296016
2012-02-22,1121.0,1137.0,1119.0,1132.0,47600.0,1132.0,1116.0,1109.7,1125.12,1133.1466666666668,1121.735,False,False,False,False,True,False,False,False,False,False,False,0.0132508833922261,0.0256183745583038,,,0.0060777385159011,-0.0010129564193169,0.0477031802120141,0.0503533568904593,-0.0005765655519731,0.0898441020095521,1112.0,1088.0,0.7020648967551623,-0.0009598976109216,0.0011711625915289,0.0002113453082609
2012-02-23,1132.0,1137.0,1121.0,1135.0,43900.0,1135.0,1121.0,1114.0,1124.16,1133.1466666666668,1122.135,False,False,False,False,False,False,False,False,False,False,False,0.0105726872246696,0.0325991189427312,,,0.0095506607929514,0.0016328928046988,0.0414096916299559,0.0502202643171806,0.0,0.0825852782764811,1116.0,1083.0,0.9222689075630252,-0.000853970964987,0.0001059266459346,0.0005765655519731
2012-02-24,1135.0,1141.0,1130.0,1135.0,59800.0,1135.0,1123.4,1117.2,1122.96,1133.1066666666666,1122.605,False,False,False,False,False,False,False,False,False,True,False,0.0140969162995594,0.0431718061674008,,,0.0106079295154184,0.0016681350954479,0.0255506607929515,0.0449339207048458,-3.530117788280391e-05,0.0759040458288578,1105.0,1134.0,1.3621867881548977,-0.0010686044026501,-0.0002146334376631,-3.530117788280391e-05
2012-02-27,1145.0,1159.0,1135.0,1142.0,87500.0,1142.0,1133.0,1122.5,1121.24,1133.1866666666667,1123.12,False,False,False,False,False,False,False,True,False,True,False,-0.0087565674255691,0.0148861646234676,,,0.0181786339754816,0.0077174547577349,0.0306479859894921,0.0271453590192644,7.059737142467373e-05,0.0669933184855234,1112.0,1144.0,1.4632107023411371,-0.0015340159109557,-0.0004654115083055,0.0001058985493074
2012-02-28,1145.0,1153.0,1144.0,1148.0,54000.0,1148.0,1138.4,1126.0,1120.0,1133.4533333333334,1123.615,False,False,False,False,False,False,False,True,False,False,False,0.0052264808362369,0.0043554006968641,,,0.024390243902439,0.0126713124274099,0.0113240418118466,0.0278745644599303,0.0002352692067898,0.0626110124333925,1126.0,1168.0,0.6171428571428571,-0.0011071428571428,0.0004268730538128,0.0001646718353651
2012-02-29,1150.0,1150.0,1141.0,1147.0,85600.0,1147.0,1141.4,1128.7,1119.04,1133.76,1124.16,False,False,False,False,False,False,False,True,False,False,False,0.012205754141238,0.007846556233653,,,0.0243766346992153,0.0115431560592851,0.006974716652136,0.027027027027027,0.000270486405118,0.0573225835031452,1123.0,1146.0,1.5851851851851853,-0.0008578781812982,0.0002492646758445,3.52171983281718e-05
2012-03-01,1145.0,1159.0,1142.0,1147.0,85800.0,1147.0,1143.8,1132.4,1119.56,1134.5866666666666,1124.745,False,False,False,False,False,False,True,True,False,False,False,0.021795989537925,-0.011333914559721,,,0.0239232781168265,0.0108224353385644,0.020924149956408,0.020052310374891,0.0007286060121747,0.0504238784881666,1121.0,1166.0,1.0023364485981308,0.0004644681839293,0.0013223463652276,0.0004581196070566
2012-03-02,1152.0,1159.0,1148.0,1151.0,36600.0,1151.0,1147.0,1135.2,1120.16,1135.0266666666666,1125.485,False,False,False,False,False,False,True,True,False,False,False,0.0286707211120764,-0.0112945264986967,,,0.0267940920938313,0.0138777874312192,0.0269331016507384,0.0139009556907037,0.0003876560903121,0.0433403805496829,1146.0,1197.0,0.4265734265734265,0.0005356377660335,7.116958210416093e-05,-0.0003409499218625
2012-03-05,1144.0,1165.0,1130.0,1132.0,103800.0,1132.0,1145.0,1139.0,1120.0,1135.4133333333334,1126.21,False,False,False,False,False,False,False,True,False,True,False,0.023851590106007,-0.0123674911660777,,,0.0106007067137809,-0.0030153121319199,0.0371024734982332,0.0300353356890459,0.0003405514584997,0.0373134328358208,1128.0,1186.0,2.836065573770492,-0.0001428571428572,-0.0006784949088907,-4.7104631812384544e-05
2012-03-06,1128.0,1158.0,1127.0,1154.0,124800.0,1154.0,1146.2,1142.3,1121.68,1136.2133333333334,1127.035,False,False,False,False,False,False,True,True,True,False,False,-0.0008665511265164,-0.0294627383015597,,,0.028006932409012,0.0154130560369728,0.0129982668977469,0.0199306759098786,0.000704093128051,0.0310776503545478,1145.0,1189.0,1.2023121387283238,0.0014977533699451,0.0016406105128023,0.0003635416695512
2012-03-07,1148.0,1163.0,1148.0,1161.0,117500.0,1161.0,1149.0,1145.2,1123.96,1136.7866666666666,1127.745,False,False,False,False,False,False,True,True,False,False,False,-0.0043066322136089,-0.0292850990525409,,,0.0319035314384151,0.020855584266437,0.0258397932816537,0.053402239448751,0.0005043455822845,0.0314355571079287,1141.0,1199.0,0.9415064102564102,0.0020285419409943,0.0005307885710491,-0.0001997475457665
2012-03-08,1161.0,1177.0,1161.0,1172.0,61100.0,1172.0,1154.0,1148.9,1126.0,1137.746666666667,1128.655,False,False,False,False,False,False,True,True,False,True,False,-0.0324232081911262,-0.015358361774744,,,0.0392491467576791,0.0292263936291238,0.0187713310580204,0.0674061433447099,0.0008437730719201,0.0332491948820609,1127.0,1175.0,0.52,0.0018117229129662,-0.000216819028028,0.0003394274896356
2012-03-09,1182.0,1193.0,1172.0,1184.0,147400.0,1184.0,1160.6,1153.8,1129.16,1138.8533333333332,1129.715,False,False,False,False,False,False,True,True,False,False,False,-0.0388513513513513,-0.0236486486486486,,,0.0463175675675675,0.0381306306306307,0.0016891891891891,0.054054054054054,0.0009717376542484,0.0342347027214421,1140.0,1203.0,2.412438625204582,0.0027985405079883,0.000986817595022,0.0001279645823282
2012-03-12,1176.0,1179.0,1159.0,1159.0,51200.0,1159.0,1166.0,1155.5,1130.88,1139.6133333333332,1130.765,False,False,False,False,False,False,True,True,False,True,False,-0.0353753235547886,0.0077653149266609,,,0.0242622950819671,0.0167270635605407,0.0103537532355478,0.088006902502157,0.0006668928642463,0.0403288619645174,1147.0,1194.0,0.3473541383989145,0.0015209394453876,-0.0012776010626006,-0.000304844790002
2012-03-13,1160.0,1169.0,1152.0,1153.0,49600.0,1153.0,1165.8,1156.0,1132.8,1140.3733333333332,1131.455,False,False,False,False,False,False,True,True,False,False,False,-0.028620988725065,0.02081526452732,,,0.0175195143104944,0.0109511419485401,0.0381613183000867,0.0910667823070251,0.0006664484145542,0.0466262975778547,1181.0,1190.0,0.96875,0.0016949152542371,0.0001739758088494,-4.4444969205447923e-07
2012-03-14,1156.0,1168.0,1155.0,1156.0,40400.0,1156.0,1164.8,1156.9,1134.92,1141.28,1132.315,False,False,False,False,False,False,True,True,False,False,False,-0.0250865051903114,0.0259515570934256,,,0.0182352941176469,0.0127335640138408,0.0346020761245674,0.0908304498269896,0.0007944296462452,0.0529864292505834,1159.0,1165.0,0.8145161290322581,0.001867973072992,0.0001730578187548,0.0001279812316909
2012-03-15,1154.0,1157.0,1133.0,1134.0,79400.0,1134.0,1157.2,1155.6,1136.6,1141.96,1133.065,False,False,False,False,False,False,True,True,False,True,False,0.0176366843033509,0.0423280423280423,,,-0.0022927689594355,-0.0070194003527337,0.0873015873015873,0.1137566137566137,0.0005954674419419,0.0622187608168917,1159.0,1141.0,1.965346534653465,0.001478092556748,-0.0003898805162439,-0.0001989622043032
2012-03-16,1135.0,1142.0,1126.0,1138.0,70300.0,1138.0,1148.0,1154.3,1138.0,1142.013333333333,1133.79,False,False,False,False,False,False,True,True,False,True,False,0.015817223198594,0.0228471001757469,,,0.0,-0.0035266549502048,0.0746924428822495,0.0984182776801406,4.670114768046269e-05,0.0706055618123538,1165.0,1128.0,0.8853904282115869,0.0012302284710018,-0.0002478640857462,-0.0005487662942615
2012-03-19,1138.0,1140.0,1117.0,1118.0,145400.0,1118.0,1139.8,1152.9,1139.16,1141.6666666666667,1134.44,False,False,False,False,False,False,True,False,False,True,False,0.0447227191413237,0.052772808586762,,,-0.0189266547406083,-0.0211687537268933,0.1162790697674418,0.1207513416815742,-0.0003036496350362,0.0794518171567351,1185.0,1124.0,2.0682788051209102,0.0010182941816777,-0.000211934289324,-0.0003503507827166
2012-03-21,1120.0,1131.0,1117.0,1120.0,80200.0,1120.0,1133.2,1149.5,1139.44,1141.0266666666666,1135.005,False,False,False,False,False,False,True,False,False,True,False,0.0508928571428571,0.0366071428571428,,,-0.0173571428571429,-0.0187738095238095,0.0991071428571428,0.1053571428571428,-0.0005608983722262,0.087951283166594,1179.0,1131.0,0.5515818431911967,0.0002457347468931,-0.0007725594347846,-0.00025724873719
2012-03-22,1115.0,1132.0,1115.0,1127.0,81700.0,1127.0,1127.4,1146.1,1139.72,1140.7733333333333,1135.565,False,False,False,False,False,False,True,False,False,True,False,0.0523513753327417,0.0248447204968944,,,-0.0112866015971606,-0.0122212363206151,0.093167701863354,0.1259982253771073,-0.0002220715771757,0.0951923915888667,1171.0,1112.0,1.0187032418952615,0.0002456743761625,-6.037073064444873e-08,0.0003388267950505
2012-03-23,1128.0,1156.0,1123.0,1154.0,94100.0,1154.0,1131.4,1144.3,1141.48,1140.6133333333332,1136.32,False,True,False,True,True,False,True,False,True,False,False,0.024263431542461,0.0147313691507798,,,0.0108492201039861,0.0116002310803004,0.0285961871750433,0.1100519930675909,-0.0001402754073832,0.099536834746133,1134.0,1116.0,1.1517747858017136,0.0015418579388162,0.0012961835626537,8.179616979248034e-05
2012-03-26,1159.0,1161.0,1148.0,1156.0,71900.0,1156.0,1135.0,1141.5,1142.8,1140.0666666666666,1137.21,False,False,False,False,False,False,True,False,False,True,False,0.0069204152249134,0.0224913494809688,,,0.0114186851211073,0.0137831603229527,0.0406574394463667,0.0977508650519031,-0.0004795041225658,0.1040735873850196,1136.0,1105.0,0.7640807651434643,0.0011550577528875,-0.0003868001859286,-0.0003392287151826
2012-03-27,1147.0,1173.0,1145.0,1168.0,91400.0,1168.0,1145.0,1142.4,1145.76,1139.8266666666666,1138.19,False,False,False,False,False,False,True,False,False,False,False,0.0077054794520547,0.0051369863013698,,,0.0190410958904109,0.0241210045662101,0.047945205479452,0.1010273972602739,-0.0002105583305064,0.1053921568627449,1136.0,1112.0,1.271210013908206,0.002583438067309,0.0014283803144214,0.0002689457920594
2012-03-28,1164.0,1177.0,1157.0,1177.0,110000.0,1177.0,1156.4,1144.8,1148.0,1139.6666666666667,1139.195,False,False,False,False,False,False,True,False,False,True,True,-0.0135938827527612,-0.0067969413763806,,,0.0246389124893797,0.0317190597564428,0.0526762956669498,0.1062022090059473,-0.000140391927464,0.1069182389937107,1112.0,1126.0,1.2035010940919038,0.0019512195121951,-0.0006322185551139,7.016640304235766e-05
2012-03-29,1180.0,1189.0,1165.0,1186.0,116700.0,1186.0,1168.2,1147.8,1150.16,1139.493333333333,1140.245,False,False,False,False,False,False,True,False,False,True,False,-0.0261382799325463,0.0042158516020236,,,0.0302192242833051,0.0392130410342891,0.0733558178752108,0.0927487352445193,-0.0001521143900215,0.1070744032061335,1104.0,1123.0,1.0609090909090908,0.0018779995826668,-7.321992952829962e-05,-1.1722462557513677e-05
2012-03-30,1188.0,1200.0,1172.0,1182.0,160100.0,1182.0,1173.8,1152.6,1152.04,1139.5866666666666,1141.26,False,False,False,False,False,False,True,True,False,True,False,-0.0093062605752961,0.0101522842639593,,,0.0253468697123519,0.035882684715172,0.0626057529610829,0.137901861252115,8.190104014333486e-05,0.1095783446121813,1121.0,1121.0,1.3718937446443873,0.0016318877816741,-0.0002461118009926,0.0002340154301648
2012-04-02,1181.0,1183.0,1159.0,1164.0,97300.0,1164.0,1175.4,1155.2,1153.2,1139.0666666666666,1142.205,False,False,False,False,False,False,True,False,False,True,False,0.0154639175257731,0.0189003436426116,,,0.0092783505154638,0.0214203894616266,0.0764604810996563,0.1615120274914089,-0.0004565141051152,0.1159106648199444,1105.0,1146.0,0.6077451592754528,0.0010058966354492,-0.0006259911462248,-0.0005384151452586
2012-04-03,1167.0,1184.0,1158.0,1177.0,107800.0,1177.0,1177.2,1161.1,1154.6,1138.84,1143.135,False,False,False,False,False,False,True,False,False,False,False,-0.0025488530161427,-0.0050977060322854,,,0.0190314358538658,0.0324214103653356,0.0739167374681393,0.0807136788445199,-0.0001990329340967,0.1118766686762553,1116.0,1128.0,1.1079136690647482,0.0012125411397885,0.0002066445043392,0.0002574811710185
2012-04-04,1176.0,1185.0,1153.0,1161.0,113100.0,1161.0,1174.0,1165.2,1155.12,1138.4533333333334,1143.92,False,False,False,False,False,False,True,False,False,True,False,0.0068906115417743,0.0310077519379844,,,0.0050645994832042,0.0194200401952339,0.078380706287683,0.1188630490956072,-0.0003396420875104,0.1131994507380706,1105.0,1145.0,1.049165120593692,0.0004501696793406,-0.0007623714604478,-0.0001406091534137
2012-04-05,1150.0,1161.0,1145.0,1155.0,71400.0,1155.0,1167.8,1168.0,1155.44,1138.32,1144.68,False,False,False,False,False,False,True,False,False,True,False,0.0311688311688311,0.0354978354978355,,,-0.0003809523809524,0.0144415584415584,0.0727272727272727,0.1437229437229437,-0.0001171316794341,0.1149828767123287,1103.0,1141.0,0.6312997347480106,0.0002769507720004,-0.0001732189073402,0.0002225104080763
2012-04-06,1156.0,1177.0,1151.0,1171.0,108500.0,1171.0,1165.6,1169.7,1156.4,1138.72,1145.525,False,False,False,False,False,False,True,True,False,False,False,0.0196413321947053,0.0529461998292058,,,0.0124679760888129,0.0275661827497864,0.0392826643894107,0.1204099060631938,0.0003512716032036,0.1160126528169616,1092.0,1127.0,1.5196078431372548,0.000830162573504,0.0005532118015035,0.0004684032826377
2012-04-09,1172.0,1200.0,1170.0,1182.0,142200.0,1182.0,1169.2,1172.3,1157.64,1139.44,1146.335,False,False,False,False,False,False,True,True,False,False,False,0.0033840947546531,0.0346869712351945,,,0.0206091370558374,0.0360067681895092,0.0279187817258883,0.104906937394247,0.0006318893491539,0.1166936790923824,1103.0,1140.0,1.3105990783410135,0.0010711447427525,0.0002409821692484,0.0002806177459503
2012-04-10,1181.0,1181.0,1162.0,1174.0,104800.0,1174.0,1168.6,1172.9,1159.32,1140.1066666666666,1147.065,False,False,False,False,False,False,True,True,False,False,False,-0.0025553662691652,0.0630323679727427,,,0.0125042589437819,0.0288699602498581,0.0170357751277683,0.120954003407155,0.0005847406090656,0.1186801943899734,1089.0,1147.0,0.7369901547116737,0.0014491253493425,0.00037798060659,-4.714874008830878e-05
2012-04-11,1169.0,1174.0,1156.0,1169.0,68700.0,1169.0,1170.2,1172.1,1159.92,1140.6133333333332,1147.735,False,False,False,False,False,False,True,True,False,True,False,0.0239520958083832,0.0530367835757057,,,0.0077673224978613,0.0242828628457371,0.0496150556030795,0.1308810949529512,0.0004442054567133,0.1211500725194096,1113.0,1181.0,0.6555343511450382,0.00051727705359,-0.0009318482957525,-0.0001405351523523
2012-04-12,1169.0,1193.0,1165.0,1191.0,87200.0,1191.0,1177.4,1172.6,1161.12,1141.6666666666667,1148.4,False,False,False,False,False,False,True,True,True,False,False,0.0041981528127623,0.0344248530646515,,,0.0250881612090681,0.0414217744192554,0.0344248530646515,0.1418975650713686,0.0009226277372264,0.1261299675933823,1120.0,1159.0,1.2692867540029111,0.0010334849111201,0.0005162078575301,0.000478422280513
2012-04-13,1192.0,1200.0,1176.0,1194.0,96000.0,1194.0,1182.0,1173.8,1162.0,1142.7066666666667,1149.015,False,False,False,False,False,False,True,True,False,True,False,0.0326633165829145,-0.0058626465661641,,,0.0268006700167504,0.0429592406476828,0.016750418760469,0.1440536013400335,0.0009101198324445,0.126767762821605,1110.0,1159.0,1.1009174311926606,0.0007573149741825,-0.0002761699369376,-1.250790478186058e-05
2012-04-16,1190.0,1213.0,1184.0,1186.0,128800.0,1186.0,1182.8,1176.0,1162.08,1143.7866666666666,1149.515,False,False,False,False,False,False,True,True,False,True,False,0.0311973018549747,0.0143338954468802,,,0.020168634064081,0.035593029792018,0.026981450252951,0.1711635750421585,0.0009442320246199,0.1278061224489795,1123.0,1165.0,1.3416666666666666,6.884207627695791e-05,-0.0006884728979055,3.411219217533878e-05
2012-04-17,1193.0,1193.0,1167.0,1171.0,135800.0,1171.0,1182.2,1175.4,1162.56,1144.5733333333333,1149.905,False,False,False,False,False,False,True,True,False,False,False,0.0657557643040136,0.045260461144321,,,0.0072075149444919,0.0225676060347282,0.0290350128095644,0.1818958155422715,0.0006873012359772,0.1379104985536837,1094.0,1185.0,1.0543478260869563,0.0004128819157721,0.0003440398394951,-0.0002569307886426
2012-04-18,1181.0,1201.0,1176.0,1197.0,122300.0,1197.0,1187.8,1179.0,1164.32,1145.52,1150.375,False,False,False,False,False,False,True,True,True,False,True,0.0284043441938178,0.0350877192982456,,,0.0273015873015873,0.0430075187969924,0.0025062656641604,0.1620718462823726,0.000826407803152,0.1422391857506361,1121.0,1179.0,0.9005891016200295,0.0015116119279922,0.0010987300122201,0.0001391065671747
2012-04-19,1199.0,1210.0,1185.0,1196.0,99400.0,1196.0,1188.8,1183.1,1165.92,1146.493333333333,1150.8,False,False,False,False,False,False,True,True,False,True,False,0.0301003344481605,0.06438127090301,,,0.0251505016722407,0.0413935340022298,0.0033444816053511,0.1312709030100334,0.0008489655413025,0.1409855464457782,1132.0,1171.0,0.812755519215045,0.0013723068478112,-0.000139305080181,2.2557738150546527e-05
2012-04-20,1208.0,1238.0,1200.0,1233.0,98300.0,1233.0,1196.6,1189.3,1169.88,1147.986666666667,1151.35,False,False,False,False,False,False,True,True,False,False,False,-0.0373073803730738,0.0186536901865369,,,0.051192214111922,0.0689483644228167,-0.0056772100567721,0.1257096512570965,0.0013008281164709,0.1414277305978307,1135.0,1134.0,0.988933601609658,0.0033849625602626,0.0020126557124513,0.0004518625751683
2012-04-23,1237.0,1237.0,1214.0,1223.0,125400.0,1223.0,1204.0,1193.4,1173.28,1149.013333333333,1151.92,False,False,False,False,False,False,True,True,False,True,False,-0.0163532297628781,0.0245298446443172,,,0.0406541291905151,0.0604960479694741,0.0024529844644317,0.1300081766148814,0.0008935202376527,0.1438746438746437,1135.0,1136.0,1.2756866734486267,0.0028978589935905,-0.0004871035666721,-0.0004073078788182
2012-04-24,1227.0,1266.0,1218.0,1248.0,186100.0,1248.0,1219.4,1200.8,1178.48,1150.6133333333332,1152.51,False,False,False,False,False,False,True,True,False,False,False,-0.0192307692307692,0.0128205128205128,,,0.0557051282051281,0.0780341880341881,-0.0256410256410256,0.0985576923076923,0.0013905627143785,0.1414057295136575,1142.0,1136.0,1.4840510366826156,0.0044124635123209,0.0015146045187304,0.0004970424767257
2012-04-25,1261.0,1268.0,1219.0,1231.0,139500.0,1231.0,1226.2,1207.0,1182.92,1151.76,1153.005,False,False,False,False,False,False,True,True,False,True,False,0.0064987814784727,0.017059301380991,,,0.0390576766856213,0.0643704305442729,-0.0316815597075548,0.1088545897644191,0.0009955777824084,0.1391052195526098,1148.0,1112.0,0.7495969908651263,0.0037534237311061,-0.0006590397812148,-0.00039498493197
2012-04-26,1239.0,1239.0,1218.0,1232.0,106300.0,1232.0,1233.4,1211.1,1187.12,1152.9733333333334,1153.44,False,False,False,False,False,False,True,True,False,True,False,0.0332792207792207,0.0056818181818181,,,0.0364285714285715,0.0641450216450216,-0.0186688311688311,0.1128246753246753,0.0010523516010778,0.1361572124514904,1147.0,1104.0,0.7620071684587814,0.0035379742570252,-0.0002154494740808,5.677381866936839e-05
2012-04-27,1238.0,1240.0,1178.0,1187.0,173600.0,1187.0,1224.2,1210.4,1188.44,1153.7733333333333,1153.725,False,False,False,False,False,False,True,True,False,True,False,0.0581297388374052,0.025273799494524,,,-0.0012131423757371,0.0279921370401572,0.0185341196293176,0.1499578770008424,0.000693377093132,0.1367316589557171,1147.0,1121.0,1.6331138287864535,0.0011106997408368,-0.0024272745161883,-0.0003589745079457
2012-05-01,1203.0,1211.0,1187.0,1203.0,180500.0,1203.0,1220.2,1212.1,1190.32,1154.6133333333332,1154.105,False,False,False,False,False,False,True,True,False,False,False,0.0415627597672485,0.0099750623441396,,,0.0105403158769742,0.040221668052092,0.0124688279301745,0.1305070656691604,0.0007275162825072,0.1327448230344032,1151.0,1105.0,1.0397465437788018,0.0015794072182269,0.00046870747739,3.413918937514391e-05
2012-05-02,1203.0,1230.0,1193.0,1224.0,132300.0,1224.0,1215.4,1217.4,1192.56,1155.64,1154.56,False,False,False,False,False,False,True,True,False,False,False,0.0326797385620915,-0.0245098039215686,,,0.0256862745098039,0.0558496732026142,-0.0236928104575163,0.1127450980392156,0.0008883966171704,0.1260062428125512,1132.0,1116.0,0.7329639889196676,0.001878312202321,0.0002989049840941,0.0001608803346632
2012-05-07,1211.0,1270.0,1207.0,1239.0,247800.0,1239.0,1217.0,1221.6,1195.04,1156.4133333333334,1155.12,False,False,False,False,False,False,True,True,False,False,False,0.0104923325262308,-0.009685230024213,,,0.0354802259887006,0.066655905299973,-0.0201775625504439,0.102502017756255,0.0006687343625693,0.1200884086444008,1154.0,1105.0,1.873015873015873,0.0020752443432855,0.0001969321409645,-0.0002196622546011
2012-05-08,1242.0,1284.0,1240.0,1273.0,133600.0,1273.0,1225.2,1229.3,1198.52,1157.9333333333334,1155.8,False,False,False,False,False,False,True,True,False,False,False,-0.0267085624509033,-0.0322073841319717,,,0.0585074626865671,0.0903901544907043,-0.0659858601728201,0.0809112333071484,0.00131268351661,0.1149434637598633,1161.0,1103.0,0.5391444713478611,0.0029035810833361,0.0008283367400505,0.0006439491540407
2012-05-09,1266.0,1275.0,1251.0,1256.0,97300.0,1256.0,1239.0,1231.6,1201.48,1159.2266666666667,1156.415,False,False,False,False,False,False,True,True,False,True,False,-0.0310509554140127,-0.0334394904458598,,,0.0434076433121018,0.0770488322717622,-0.0509554140127388,0.0875796178343949,0.0011156863196153,0.1110750243585581,1172.0,1092.0,0.7282934131736527,0.0024636281918966,-0.0004399528914394,-0.0001969971969946
2012-05-10,1245.0,1261.0,1232.0,1253.0,136600.0,1253.0,1249.0,1234.6,1205.04,1160.4,1157.03,False,False,False,False,False,False,True,True,False,False,False,-0.0303272146847565,-0.0279329608938547,,,0.0382761372705507,0.0739026336791699,-0.0534716679968076,0.0869912210694333,0.0010111455819832,0.1067552243641666,1184.0,1103.0,1.4039054470709147,0.0029542587797914,0.0004906305878948,-0.000104540737632
2012-05-11,1254.0,1282.0,1252.0,1264.0,129500.0,1264.0,1257.0,1236.2,1208.52,1161.4533333333334,1157.625,False,False,False,False,False,False,True,True,False,True,False,-0.055379746835443,-0.0466772151898734,,,0.0438924050632911,0.0811286919831223,-0.0719936708860759,0.1044303797468354,0.0009069097337817,0.1073450897912959,1159.0,1089.0,0.9480234260614934,0.0028795551583755,-7.470362141594796e-05,-0.0001042358482015
2012-05-14,1264.0,1278.0,1245.0,1252.0,70100.0,1252.0,1259.6,1238.3,1212.16,1162.4266666666667,1158.14,False,False,False,False,False,False,True,True,False,False,False,-0.0199680511182108,-0.0415335463258785,,,0.0318210862619807,0.0715441959531415,-0.0575079872204472,0.0990415335463258,0.000837328806405,0.1063554873617056,1153.0,1113.0,0.5413127413127413,0.003002903907075,0.0001233487486995,-6.958092737675912e-05
2012-05-15,1230.0,1256.0,1209.0,1239.0,115100.0,1239.0,1252.8,1239.0,1215.52,1163.3333333333333,1158.395,False,False,False,False,False,False,True,True,False,True,False,-0.0056497175141242,-0.0314769975786924,,,0.0189507667473769,0.0610707559860102,-0.0492332526230831,0.1170298627925746,0.000779369627507,0.1067796610169491,1156.0,1120.0,1.6419400855920114,0.0027642490456758,-0.0002386548613992,-5.795917889797175e-05
2012-05-16,1241.0,1241.0,1213.0,1217.0,59500.0,1217.0,1245.0,1242.0,1217.36,1164.44,1158.67,False,False,False,False,False,False,True,True,False,True,True,-0.0024650780608052,0.0073952341824157,,,-0.0002958093672965,0.043188167625308,-0.038619556285949,0.1421528348397699,0.0009503853068142,0.1061191626409017,1134.0,1110.0,0.5169417897480452,0.001511467437734,-0.0012527816079417,0.0001710156793072
2012-05-17,1217.0,1229.0,1211.0,1215.0,118200.0,1215.0,1237.4,1243.2,1218.68,1165.493333333333,1158.87,False,False,False,False,False,False,True,True,False,True,False,0.0024691358024691,0.0090534979423868,,,-0.0030288065843621,0.0407462277091908,-0.0395061728395061,0.1349794238683127,0.0009037660733077,0.106579794079794,1138.0,1123.0,1.9865546218487395,0.0010831391341452,-0.0004283283035887,-4.661923350648403e-05
2012-05-18,1200.0,1208.0,1179.0,1194.0,109800.0,1194.0,1223.4,1240.2,1219.48,1166.2666666666669,1158.985,False,False,False,False,False,False,True,True,False,True,False,0.0092127303182579,0.0184254606365159,,,-0.0213400335008375,0.0232272473478501,-0.0234505862646566,0.1624790619765494,0.0006630844861098,0.1113530075794226,1118.0,1094.0,0.9289340101522844,0.0006560173188571,-0.000427121815288,-0.0002406815871978
2012-05-21,1194.0,1235.0,1190.0,1227.0,137700.0,1227.0,1218.4,1239.0,1221.8,1167.8,1159.22,False,False,False,True,True,False,True,True,True,False,False,-0.0220048899755501,-0.0285248573757131,,,0.0042379788101059,0.0482477587612062,-0.0407497962510187,0.1165444172779136,0.0013130102186445,0.1127522195318805,1120.0,1121.0,1.2540983606557377,0.001898837780324,0.0012428204614668,0.0006499257325346
2012-05-22,1224.0,1246.0,1210.0,1232.0,111800.0,1232.0,1217.0,1234.9,1223.44,1169.506666666667,1159.72,False,False,False,False,False,False,True,True,False,True,False,-0.0259740259740259,-0.0186688311688311,,,0.0069480519480519,0.050725108225108,-0.0073051948051948,0.1022727272727272,0.0014593047780832,0.1149890679407239,1127.0,1132.0,0.8119099491648512,0.0013404825737266,-0.0005583552065974,0.0001462945594387
2012-05-23,1232.0,1232.0,1204.0,1214.0,63100.0,1214.0,1216.4,1230.7,1224.24,1170.746666666667,1160.03,False,False,False,False,False,False,True,True,False,True,False,0.0098846787479406,-0.0041186161449752,,,-0.0084349258649093,0.0356287753981327,0.0304777594728171,0.128500823723229,0.0010591531330433,0.1191192004550255,1154.0,1135.0,0.5644007155635062,0.0006534666405279,-0.0006870159331986,-0.0004001516450399
2012-05-24,1210.0,1224.0,1207.0,1218.0,50700.0,1218.0,1217.0,1227.2,1225.52,1172.253333333333,1160.3,False,False,False,False,False,False,True,True,False,False,False,0.0065681444991789,0.0,,,-0.0061740558292282,0.0375588396278053,0.0246305418719211,0.1116584564860427,0.0012852739453356,0.1216590612777053,1156.0,1135.0,0.803486529318542,0.0010444545988641,0.0003909879583361,0.0002261208122923
2012-05-25,1236.0,1236.0,1197.0,1205.0,72200.0,1205.0,1219.2,1221.3,1226.88,1173.44,1160.4,False,False,False,False,False,False,True,True,False,False,False,0.0091286307053941,-0.0082987551867219,,,-0.0181576763485478,0.0261908713692945,0.0464730290456431,0.1029045643153526,0.0010112717025727,0.1215917464996315,1168.0,1142.0,1.4240631163708086,0.0011085028690663,6.404827020221968e-05,-0.0002740022427629
2012-05-28,1216.0,1218.0,1190.0,1200.0,87600.0,1200.0,1213.8,1216.1,1227.0,1174.7066666666667,1160.48,False,False,False,False,False,False,True,True,False,True,False,-0.0066666666666666,0.0116666666666666,,,-0.0225,0.0210777777777777,0.0483333333333333,0.0983333333333333,0.0010782833728703,0.1216182879697394,1177.0,1148.0,1.2132963988919667,9.779951100235603e-05,-0.0010107033580639,6.701167029764103e-05
2012-05-29,1200.0,1208.0,1183.0,1200.0,95500.0,1200.0,1207.4,1212.2,1227.16,1176.0,1160.5,False,False,False,False,False,False,True,True,False,False,False,0.0075,-0.0091666666666666,,,-0.0226333333333334,0.02,0.0508333333333333,0.1033333333333333,0.0010997732426303,0.120277181983171,1186.0,1147.0,1.0901826484018264,0.0001303823462303,3.2582835228031086e-05,2.148986975997473e-05
2012-05-30,1200.0,1230.0,1194.0,1226.0,139600.0,1226.0,1209.8,1213.1,1226.88,1177.7866666666666,1160.87,False,False,False,False,False,False,False,True,False,True,False,-0.0138662316476345,-0.0277324632952691,,,-0.0007177814029364,0.0393257205002719,0.030179445350734,0.0766721044045677,0.0015169696832476,0.1136757068667052,1182.0,1147.0,1.4617801047120418,-0.0002282211789253,-0.0003586035251557,0.0004171964406172
2012-05-31,1210.0,1226.0,1206.0,1226.0,80900.0,1226.0,1211.4,1214.2,1227.0,1179.4266666666667,1161.45,False,False,False,False,False,False,True,True,False,False,False,-0.0065252854812398,-0.032626427406199,,,-0.0008156606851549,0.0379880369766176,0.0195758564437194,0.0611745513866231,0.0013905061216184,0.1062427936089606,1164.0,1151.0,0.579512893982808,9.779951100235603e-05,0.0003260206899277,-0.0001264635616291
2012-06-01,1226.0,1226.0,1209.0,1216.0,62800.0,1216.0,1213.6,1216.4,1225.72,1181.12,1161.985,False,False,False,False,False,False,False,True,False,True,False,-0.0172697368421052,-0.0353618421052631,,,-0.0079934210526316,0.0286842105263158,0.0304276315789473,0.0756578947368421,0.0014336674794543,0.0976652416968102,1177.0,1132.0,0.7762669962917181,-0.0010442841758313,-0.0011420836868336,4.316135783588213e-05
2012-06-04,1190.0,1202.0,1160.0,1192.0,89200.0,1192.0,1212.0,1212.9,1224.16,1182.1733333333334,1162.37,False,False,False,False,False,False,False,True,False,True,False,0.0184563758389261,-0.0100671140939597,,,-0.0269798657718121,0.0082438478747203,0.0385906040268456,0.1149328859060402,0.0008910142900647,0.0974523868414542,1161.0,1154.0,1.4203821656050954,-0.001274343223108,-0.0002300590472767,-0.0005426531893896
2012-06-05,1191.0,1213.0,1175.0,1209.0,58500.0,1209.0,1213.8,1210.6,1223.24,1183.36,1162.6,False,False,False,False,False,False,False,True,False,False,False,-0.0165425971877584,-0.0256410256410256,,,-0.011778329197684,0.0212076095947064,0.0496277915632754,0.0885028949545078,0.0010027943032268,0.0960680654221049,1155.0,1161.0,0.655829596412556,-0.0007521009777313,0.0005222422453767,0.000111780013162
2012-06-06,1213.0,1213.0,1194.0,1209.0,51700.0,1209.0,1210.4,1210.1,1224.12,1184.68,1162.845,False,False,False,False,False,False,True,True,False,False,False,-0.0140612076095947,-0.032258064516129,,,-0.0125062034739453,0.0201157981803142,0.0595533498759305,0.0885028949545078,0.0011142249383801,0.0920585075613586,1171.0,1172.0,0.8837606837606837,0.0007188837695649,0.0014709847472963,0.0001114306351532
2012-06-07,1219.0,1236.0,1207.0,1218.0,44300.0,1218.0,1208.8,1210.1,1224.72,1185.9466666666667,1163.03,False,False,False,False,False,False,True,True,False,True,False,-0.0262725779967159,-0.041871921182266,,,-0.0055172413793103,0.0263163656267104,0.041871921182266,0.0944170771756978,0.0010680637690283,0.0903231137922487,1182.0,1184.0,0.8568665377176016,0.0004899078973154,-0.0002289758722495,-4.616116935173605e-05
2012-06-08,1210.0,1210.0,1188.0,1195.0,95300.0,1195.0,1204.6,1209.1,1223.56,1187.2933333333333,1163.045,False,False,False,False,False,False,False,True,False,True,False,-0.0184100418410041,-0.0242677824267782,,,-0.0238995815899581,0.0064490934449093,0.0761506276150627,0.1138075313807531,0.001134232483969,0.0913902902985692,1174.0,1159.0,2.151241534988713,-0.0009480532217464,-0.0014379611190618,6.616871494067949e-05
2012-06-11,1205.0,1221.0,1202.0,1214.0,49700.0,1214.0,1209.0,1210.5,1222.56,1188.5333333333333,1162.955,False,False,False,False,False,False,False,True,False,False,False,-0.0280065897858319,-0.0304777594728171,,,-0.0070510708401976,0.0209774848984074,0.072487644151565,0.0799011532125205,0.0010433026699573,0.0895497728211483,1169.0,1153.0,0.521511017838405,-0.0008179557649522,0.0001300974567942,-9.092981401168793e-05
2012-06-12,1208.0,1208.0,1180.0,1189.0,112800.0,1189.0,1205.0,1209.4,1219.2,1189.2933333333333,1162.625,False,False,False,False,False,False,False,True,False,True,False,-0.009251471825063,0.0285954583683767,,,-0.0253994953742641,-0.0002467059153349,0.0899915895710681,0.1076534903280067,0.0006390349451214,0.0899619646105506,1191.0,1156.0,2.2696177062374248,-0.0027559055118109,-0.0019379497468587,-0.0004042677248359
2012-06-13,1198.0,1209.0,1180.0,1192.0,73000.0,1192.0,1201.6,1206.0,1216.64,1190.0533333333333,1162.605,False,False,False,False,False,False,False,True,False,False,False,-0.0184563758389261,0.049496644295302,,,-0.0206711409395974,0.0016331096196868,0.1283557046979865,0.0973154362416107,0.0006386268402536,0.0920398009950248,1194.0,1134.0,0.6471631205673759,-0.0021041557075223,0.0006517498042886,-4.081048678145462e-07
2012-06-14,1180.0,1196.0,1175.0,1186.0,58900.0,1186.0,1195.2,1202.0,1213.96,1190.7333333333331,1162.615,False,False,False,False,False,False,False,True,False,True,False,-0.0160202360876897,0.0522765598650927,,,-0.023575042158516,-0.0039910061832488,0.1399662731871838,0.1062394603709949,0.000571076647444,0.0965890183028285,1186.0,1138.0,0.8068493150684931,-0.0022076509934429,-0.0001034952859206,-6.755019280963587e-05
2012-06-15,1183.0,1186.0,1165.0,1173.0,74700.0,1173.0,1190.8,1197.7,1210.32,1191.1466666666668,1162.465,False,False,False,False,False,False,False,True,False,True,False,-0.0059676044330775,0.0750213128729752,,,-0.0318158567774935,-0.0154703040636545,0.0843989769820971,0.1312872975277067,0.0003470045670281,0.1021123820656257,1171.0,1118.0,1.268251273344652,-0.0030074690990813,-0.0007998181056383,-0.0002240720804159
2012-06-18,1169.0,1185.0,1168.0,1180.0,81600.0,1180.0,1184.0,1196.5,1207.44,1191.5733333333333,1162.38,False,False,False,False,False,False,False,True,False,False,False,-0.0025423728813559,0.0661016949152542,,,-0.0232542372881356,-0.0098079096045197,0.1008474576271186,0.1423728813559322,0.0003580700026853,0.1048056832427915,1197.0,1120.0,1.0923694779116466,-0.0023852116875371,0.0006222574115441,1.1065435657283242e-05
2012-06-19,1175.0,1180.0,1171.0,1178.0,88500.0,1178.0,1181.8,1193.4,1205.0,1191.986666666667,1162.375,False,False,False,False,False,False,False,True,False,False,False,0.0382003395585738,0.0704584040747028,,,-0.0229202037351443,-0.0118732314657613,0.1213921901528013,0.1943972835314091,0.000346760030873,0.115300821183174,1196.0,1127.0,1.0845588235294117,-0.0020248962655602,0.0003603154219769,-1.130997181230482e-05
2012-06-20,1176.0,1176.0,1161.0,1170.0,151900.0,1170.0,1177.4,1189.5,1203.12,1192.2933333333333,1162.32,False,False,False,False,False,False,False,True,False,False,False,0.0692307692307692,0.0794871794871794,,,-0.0283076923076922,-0.019054131054131,0.1213675213675213,0.2179487179487179,0.0002572073986265,0.1281210592686003,1233.0,1154.0,1.7163841807909606,-0.0015626038965357,0.0004622923690244,-8.955263224658317e-05
2012-06-21,1167.0,1171.0,1159.0,1167.0,113100.0,1167.0,1173.6,1184.4,1201.2,1192.506666666667,1162.245,False,False,False,False,False,False,False,True,False,True,False,0.0694087403598971,0.0711225364181662,,,-0.029305912596401,-0.0218566123964583,0.1191088260497,0.209083119108826,0.0001788948768981,0.1395643363728469,1223.0,1156.0,0.7445687952600395,-0.0015984015984014,-3.5797701865704834e-05,-7.831252172832079e-05
2012-06-22,1150.0,1177.0,1147.0,1166.0,105300.0,1166.0,1172.2,1181.5,1200.08,1192.96,1162.085,False,False,False,False,False,False,False,True,False,False,False,0.0814751286449399,0.0746140651801029,,,-0.0292281303602057,-0.0231217838765008,0.1286449399656946,0.2058319039451115,0.0003800071530756,0.1487092678798138,1248.0,1168.0,0.9310344827586208,-0.000933271115259,0.0006651304831423,0.0002011122761774
2012-06-25,1183.0,1191.0,1173.0,1177.0,120100.0,1177.0,1171.6,1177.8,1198.08,1193.2666666666669,1162.07,False,False,False,False,False,False,False,True,False,True,False,0.0688190314358538,0.0518266779949022,,,-0.0179099405267628,-0.0138204474653074,0.1231945624468989,0.2005097706032285,0.0002569975976312,0.1609780947529293,1231.0,1177.0,1.140550807217474,-0.0016693376068376,-0.0007360664915785,-0.0001230095554443
2012-06-26,1177.0,1237.0,1177.0,1223.0,140600.0,1223.0,1180.6,1181.2,1197.72,1194.0933333333332,1162.345,False,False,False,False,True,False,False,True,False,False,True,0.0310711365494685,0.0376124284546197,,,0.0206704824202779,0.0236358680839466,0.1120196238757154,0.1578086672117743,0.0006922965262344,0.1660176092109718,1232.0,1186.0,1.170691090757702,-0.0003005710850615,0.001368766521776,0.0004352989286031
2012-06-27,1223.0,1251.0,1220.0,1251.0,88800.0,1251.0,1196.8,1187.1,1199.2,1195.1466666666668,1162.81,False,False,False,False,False,False,True,True,True,False,False,0.0095923261390887,0.0239808153477218,,,0.0414068745003996,0.0446469491073806,0.0919264588329336,0.1103117505995203,0.0008813423178188,0.1670457417235281,1187.0,1182.0,0.631578947368421,0.0012341561040693,0.0015347271891309,0.0001890457915844
2012-06-28,1253.0,1260.0,1235.0,1248.0,67600.0,1248.0,1213.0,1193.3,1200.4,1196.0,1163.2,False,False,False,False,False,False,True,True,False,True,False,0.0016025641025641,0.016826923076923,,,0.0381410256410255,0.0416666666666666,0.1129807692307692,0.1314102564102564,0.0007134894091415,0.1693622726891814,1203.0,1164.0,0.7612612612612613,0.0009996667777407,-0.0002344893263286,-0.0001678529086773
2012-06-29,1251.0,1268.0,1249.0,1261.0,45400.0,1261.0,1232.0,1202.1,1202.64,1197.36,1163.635,False,False,False,False,False,False,True,True,True,False,False,-0.0063441712926249,0.0198255352894528,,,0.0462807295796985,0.0504678826328311,0.0975416336241078,0.1252973830293418,0.0011358321640942,0.1684552033940604,1224.0,1177.0,0.6715976331360947,0.001862569014834,0.0008629022370932,0.0004223427549527
2012-07-02,1266.0,1273.0,1258.0,1258.0,56700.0,1258.0,1248.2,1209.9,1204.96,1198.76,1164.115,False,False,False,False,False,False,True,True,False,False,False,-0.0158982511923688,0.0349761526232114,,,0.0421621621621621,0.0470906200317965,0.1057233704292527,0.1144674085850556,0.0011678734692516,0.1653855690552937,1239.0,1161.0,1.248898678414097,0.0019253751161863,6.280610135233722e-05,3.204130515737833e-05
2012-07-03,1261.0,1266.0,1258.0,1261.0,77600.0,1261.0,1255.8,1218.2,1207.4,1200.16,1164.595,False,False,False,False,False,False,True,True,False,False,False,0.0063441712926249,0.0277557494052339,,,0.0425059476605867,0.0482474226804123,0.0729579698651863,0.1126090404440919,0.0011665111318491,0.1571170579543587,1273.0,1155.0,1.3686067019400352,0.0020208712936889,9.549617750258688e-05,-1.3623374024733428e-06
2012-07-04,1262.0,1269.0,1253.0,1263.0,36300.0,1263.0,1258.2,1227.5,1208.88,1201.88,1165.185,False,False,False,False,False,False,True,True,False,True,False,0.014251781472684,0.0649247822644497,,,0.0428503562945367,0.048392715756136,0.0989707046714172,0.1108471892319873,0.0014310912903118,0.1465580448065173,1256.0,1171.0,0.4677835051546392,0.0012242737078949,-0.000796597585794,0.0002645801584627
2012-07-05,1270.0,1276.0,1244.0,1250.0,46100.0,1250.0,1258.6,1235.8,1209.84,1203.3733333333332,1165.635,False,False,False,False,False,False,True,True,False,True,False,0.0152,0.0816,,,0.032128,0.0373013333333334,0.1056,0.1072,0.0012409559793024,0.1366726007444571,1253.0,1182.0,1.2699724517906337,0.0007934933544929,-0.0004307803534019,-0.0001901353110094
2012-07-06,1251.0,1266.0,1244.0,1253.0,171100.0,1253.0,1257.0,1244.5,1211.32,1205.1733333333334,1166.155,False,False,False,False,False,False,True,True,False,False,False,0.0263367916999201,0.0151636073423782,,,0.0332641660015962,0.0381697259909549,0.0941739824421388,0.1133280127693535,0.0014935610921805,0.127842507030936,1264.0,1174.0,3.711496746203904,0.0012218076148334,0.0004283142603404,0.000252605112878
2012-07-09,1247.0,1259.0,1237.0,1238.0,111100.0,1238.0,1253.0,1250.6,1213.16,1206.746666666667,1166.865,False,False,False,False,False,False,True,True,False,False,False,0.0516962843295638,0.0492730210016155,,,0.0200646203554118,0.0252450188476034,0.1025848142164781,0.1219709208400646,0.001303780964798,0.1204221973452743,1252.0,1169.0,0.6493278784336646,0.001516700187939,0.0002948925731056,-0.0001897801273824
2012-07-10,1251.0,1275.0,1247.0,1269.0,84100.0,1269.0,1254.6,1255.2,1215.56,1208.64,1167.615,False,False,False,False,False,False,True,True,False,False,False,0.0212765957446808,0.040977147360126,,,0.0421118991331757,0.0475650118203308,0.0803782505910165,0.1371158392434988,0.001566498985085,0.1184671765455704,1239.0,1191.0,0.756975697569757,0.0019743986310835,0.0004576984431444,0.000262718020287
2012-07-11,1270.0,1287.0,1270.0,1281.0,48100.0,1281.0,1258.2,1258.2,1218.44,1210.3333333333333,1168.44,False,False,False,False,False,False,True,True,False,False,False,0.0499609679937548,0.024199843871975,,,0.0488368462138953,0.0551652354931044,0.0655737704918032,0.1233411397345823,0.0013990636188376,0.1197742807184867,1217.0,1194.0,0.5719381688466112,0.0023636781458258,0.0003892795147423,-0.0001674353662474
2012-07-12,1275.0,1281.0,1262.0,1269.0,64500.0,1269.0,1262.0,1260.3,1220.48,1211.84,1169.1,False,False,False,False,False,False,True,True,False,True,False,0.0654058313632781,0.0291568163908589,,,0.038234830575256,0.045043341213554,0.0717100078802206,0.1300236406619385,0.0012432884429187,0.1196540506228675,1215.0,1186.0,1.340956340956341,0.0016714735186155,-0.0006922046272103,-0.0001557751759188
2012-07-13,1270.0,1295.0,1269.0,1286.0,42700.0,1286.0,1268.6,1262.8,1224.12,1213.4133333333334,1169.97,False,False,False,False,False,False,True,True,False,False,False,-0.0108864696734059,0.0233281493001555,,,0.0481181959564542,0.0564437532400206,0.0590979782270606,0.1345256609642301,0.0012966178054195,0.1206050047513461,1194.0,1171.0,0.662015503875969,0.0029735646832008,0.0013020911645852,5.332936250080299e-05
2012-07-17,1297.0,1316.0,1286.0,1302.0,60000.0,1302.0,1281.4,1267.2,1227.64,1215.08,1171.06,False,False,False,False,False,False,True,True,False,True,False,-0.0023041474654377,0.0153609831029185,,,0.0571121351766512,0.0667588325652842,0.0491551459293394,0.0852534562211981,0.001371651797961,0.1175820707070707,1227.0,1197.0,1.405152224824356,0.0028672900850413,-0.0001062745981595,7.503399254149687e-05
2012-07-18,1303.0,1310.0,1285.0,1296.0,50200.0,1296.0,1286.8,1270.7,1231.92,1216.5466666666666,1172.175,False,False,False,False,False,False,True,True,False,False,False,0.0192901234567901,0.0493827160493827,,,0.0494444444444443,0.0613065843621399,0.0617283950617283,0.1311728395061728,0.0012055983603862,0.1194617140158967,1232.0,1196.0,0.8366666666666667,0.0034742515747775,0.0006069614897361,-0.0001660534375747
2012-07-19,1296.0,1360.0,1296.0,1345.0,146700.0,1345.0,1299.6,1278.9,1238.04,1218.72,1173.49,False,False,False,False,False,False,True,True,False,False,False,-0.0245353159851301,0.0156133828996282,,,0.0795241635687732,0.0938884758364312,0.0156133828996282,0.1368029739776951,0.0017832917596604,0.1221362108061614,1214.0,1233.0,2.922310756972112,0.0049432974701947,0.0014690458954171,0.0005776933992742
2012-07-20,1363.0,1369.0,1316.0,1352.0,117700.0,1352.0,1316.2,1289.1,1244.68,1221.2266666666667,1174.675,False,False,False,False,False,False,True,True,False,False,False,-0.0340236686390532,0.0273668639053254,,,0.079378698224852,0.0967258382642997,0.007396449704142,0.1627218934911242,0.002052581011442,0.1278411294701731,1218.0,1223.0,0.8023176550783913,0.0053347045023621,0.0003914070321673,0.0002692892517815
2012-07-23,1329.0,1329.0,1272.0,1272.0,77600.0,1272.0,1313.4,1291.0,1248.64,1222.493333333333,1175.14,False,False,False,False,False,False,True,True,False,True,False,0.0345911949685534,0.0880503144654088,,,0.0183647798742137,0.0389203354297695,0.0974842767295597,0.1926100628930817,0.0010361338030471,0.1356312935708752,1205.0,1248.0,0.659303313508921,0.0031714505381855,-0.0021632539641765,-0.0010164472083949
2012-07-24,1271.0,1308.0,1268.0,1299.0,94600.0,1299.0,1312.8,1297.1,1253.4,1224.3333333333333,1175.53,False,False,False,False,False,False,True,True,False,False,False,0.0177059276366435,0.0708237105465742,,,0.0351039260969976,0.0574801129073647,0.0592763664357197,0.1739799846035412,0.0015028586986116,0.1407755762855602,1200.0,1231.0,1.2190721649484535,0.0037976703366842,0.0006262197984986,0.0004667248955644
2012-07-25,1299.0,1328.0,1281.0,1321.0,93200.0,1321.0,1317.8,1302.3,1259.12,1226.5466666666666,1175.99,False,False,False,False,False,False,True,True,False,False,False,0.0295230885692657,0.024224072672218,,,0.0468433005299016,0.0715013878374968,0.0476911430734292,0.1249053747161241,0.0018045243556435,0.1395223834753897,1200.0,1232.0,0.985200845665962,0.0045428553275301,0.0007451849908459,0.0003016656570319
2012-07-26,1321.0,1321.0,1291.0,1312.0,48100.0,1312.0,1311.2,1305.4,1264.8,1228.4266666666667,1176.67,False,False,False,False,False,False,True,True,False,True,False,0.0411585365853658,0.0579268292682926,,,0.0359756097560975,0.0636991869918698,0.0594512195121951,0.1067073170731707,0.0015304128858595,0.1378121648536845,1226.0,1187.0,0.5160944206008584,0.0044908285895003,-5.2026738029813634e-05,-0.000274111469784
2012-07-27,1315.0,1327.0,1301.0,1306.0,54100.0,1306.0,1302.0,1309.1,1270.36,1230.08,1177.305,False,False,False,False,False,False,True,True,False,True,False,0.063552833078101,0.0581929555895865,,,0.0272894333843798,0.0581316998468607,0.055895865237366,0.1010719754977029,0.0013440860215052,0.1349018409594378,1226.0,1203.0,1.1247401247401247,0.0043767121131017,-0.0001141164763986,-0.0001863268643542
2012-07-30,1316.0,1318.0,1294.0,1316.0,61500.0,1316.0,1310.8,1312.1,1276.36,1231.9733333333334,1177.98,False,False,False,False,False,False,True,True,False,False,False,0.0516717325227963,0.0417933130699088,,,0.0301215805471125,0.0638500506585612,0.0547112462006079,0.1025835866261398,0.0015368298015109,0.131697279170795,1216.0,1224.0,1.1367837338262476,0.0047008680936412,0.0003241559805395,0.0001927437800056
2012-07-31,1296.0,1341.0,1290.0,1322.0,109700.0,1322.0,1315.4,1314.1,1282.16,1234.013333333333,1178.795,False,False,False,False,False,False,True,True,False,True,False,0.0521936459909228,0.0325264750378214,,,0.0301361573373675,0.0665557236510339,0.0363086232980332,0.1066565809379727,0.0016531425916519,0.1337797732288259,1192.0,1239.0,1.783739837398374,0.0045236163973296,-0.0001772516963116,0.000116312790141
2012-08-01,1345.0,1378.0,1322.0,1360.0,167500.0,1360.0,1323.2,1320.5,1287.64,1236.2666666666669,1179.81,False,False,False,False,False,False,True,True,False,True,False,-0.0051470588235294,0.0080882352941176,,,0.0532058823529411,0.0909803921568625,-0.0014705882352941,0.0639705882352941,0.0018226919758416,0.1268458917076864,1209.0,1273.0,1.5268915223336372,0.0042558479078003,-0.0002677684895293,0.0001695493841896
2012-08-02,1365.0,1399.0,1361.0,1366.0,177300.0,1366.0,1334.0,1322.6,1292.24,1238.56,1180.865,False,False,False,False,False,False,True,True,False,True,False,0.0161054172767203,-0.0007320644216691,,,0.0539970717423133,0.093294289897511,0.0029282576866764,0.0475841874084919,0.0018516126254142,0.1176470588235295,1209.0,1256.0,1.0585074626865671,0.0035597102705379,-0.0006961376372624,2.8920649572636983e-05
2012-08-03,1390.0,1408.0,1372.0,1389.0,123100.0,1389.0,1350.6,1326.3,1297.88,1241.2666666666669,1181.83,False,False,False,False,False,False,True,True,False,False,False,-0.0050395968322534,-0.0208783297336213,,,0.0656011519078473,0.1063594912407005,-0.0251979841612671,0.0417566594672426,0.0021805682367476,0.1051044258463395,1218.0,1253.0,0.6943034404963339,0.004345548124634,0.0007858378540961,0.0003289556113333
2012-08-06,1389.0,1397.0,1379.0,1384.0,119000.0,1384.0,1364.2,1337.5,1302.8,1244.1066666666666,1182.76,False,False,False,False,False,False,True,True,False,True,False,-0.009393063583815,-0.0158959537572254,,,0.0586705202312139,0.1010789980732178,-0.0397398843930635,0.0433526011560693,0.0022827624640971,0.090392523364486,1195.0,1264.0,0.966693744922827,0.0037764814246237,-0.0005690667000103,0.0001021942273495
2012-08-07,1374.0,1397.0,1367.0,1391.0,150800.0,1391.0,1378.0,1346.7,1308.12,1246.6933333333334,1183.495,False,False,False,False,False,False,True,True,False,False,False,-0.0186915887850467,-0.0179726815240833,,,0.0595830337886413,0.1037431104720824,-0.0524802300503235,0.0431344356578001,0.0020748219289428,0.0774485780054948,1214.0,1252.0,1.2672268907563025,0.004066905176895,0.0002904237522712,-0.0002079405351543
2012-08-08,1384.0,1395.0,1347.0,1353.0,116500.0,1353.0,1376.6,1349.9,1311.8,1248.7866666666666,1184.18,False,False,False,False,False,False,True,True,False,True,False,0.0133037694013303,0.0169992609016999,,,0.0304508499630451,0.0770238975117024,-0.0214338507021433,0.056910569105691,0.0016762937891712,0.0707459811837913,1189.0,1239.0,0.7725464190981433,0.0028053056868425,-0.0012615994900524,-0.0003985281397715
2012-08-09,1359.0,1393.0,1356.0,1388.0,166700.0,1388.0,1381.0,1357.5,1316.8,1250.8533333333332,1185.11,False,False,False,False,False,False,True,True,False,False,False,-0.0165706051873198,-0.015850144092219,,,0.0512968299711815,0.0988088376560999,-0.0489913544668587,0.0410662824207492,0.0016522054277612,0.0642357274401473,1192.0,1217.0,1.430901287553648,0.0037970838396111,0.0009917781527686,-2.4088361410021068e-05
2012-08-10,1383.0,1385.0,1366.0,1382.0,94300.0,1382.0,1379.6,1365.1,1322.08,1252.9733333333334,1185.94,False,False,False,False,False,False,True,True,False,False,False,-0.0159189580318379,-0.0144717800289435,,,0.0433574529667149,0.0933622768933912,-0.0586107091172214,0.0470332850940665,0.0016919753546232,0.0589700388249945,1186.0,1215.0,0.5656868626274745,0.0039937068861188,0.0001966230465076,3.976992686196418e-05
2012-08-13,1380.0,1380.0,1367.0,1371.0,45500.0,1371.0,1377.0,1370.6,1326.8,1254.6133333333332,1186.81,False,False,False,False,False,False,True,True,False,True,False,-0.0065645514223194,0.0182348650619985,,,0.0322392414296134,0.0848918064672988,-0.0459518599562363,0.0787746170678337,0.0013071756503994,0.0567634612578434,1173.0,1194.0,0.4825026511134676,0.0035574314139282,-0.0004362754721905,-0.0003847997042237
2012-08-14,1358.0,1370.0,1357.0,1365.0,105000.0,1365.0,1371.8,1374.9,1331.88,1256.4,1187.66,False,False,False,False,False,False,True,True,False,False,False,0.0007326007326007,0.008058608058608,,,0.0242637362637361,0.0795604395604395,-0.0263736263736263,0.0805860805860805,0.0014220524249179,0.0543312240890245,1180.0,1227.0,2.3076923076923075,0.0038141574316005,0.0002567260176722,0.0001148767745184
2012-08-15,1365.0,1390.0,1357.0,1371.0,83500.0,1371.0,1375.4,1376.0,1335.96,1258.253333333333,1188.655,False,False,False,False,False,False,True,True,False,True,False,0.0036469730123997,0.0094821298322392,,,0.0255579868708971,0.0822368101142719,-0.0401167031363967,0.0758570386579139,0.0014729413260708,0.0555232558139535,1178.0,1232.0,0.7952380952380952,0.0030539836522051,-0.0007601737793954,5.088890115289755e-05
2012-08-16,1341.0,1368.0,1341.0,1365.0,88500.0,1365.0,1370.8,1375.9,1339.32,1260.6266666666668,1189.71,False,False,False,False,False,False,True,True,False,True,False,0.0007326007326007,0.0183150183150183,,,0.0188131868131868,0.0764639804639803,-0.0358974358974358,0.0886446886446886,0.0018826615334175,0.0595973544588996,1170.0,1214.0,1.059880239520958,0.002508735776364,-0.000545247875841,0.0004097202073467
2012-08-17,1373.0,1385.0,1356.0,1360.0,119000.0,1360.0,1366.4,1373.0,1342.96,1262.72,1191.145,False,False,False,False,False,False,True,True,False,False,False,0.0014705882352941,0.0139705882352941,,,0.0125294117647058,0.0715294117647058,-0.0198529411764705,0.1330882352941176,0.0016577969251562,0.0686817188638018,1167.0,1218.0,1.344632768361582,0.0027104306904152,0.0002016949140512,-0.0002248646082613
2012-08-20,1350.0,1371.0,1345.0,1362.0,77000.0,1362.0,1364.6,1370.8,1346.0,1264.56,1192.01,False,False,False,False,False,False,True,True,False,True,False,0.0249632892804698,0.0190895741556534,,,0.0117474302496328,0.0715418502202643,-0.0227606461086637,0.1424375917767988,0.0014550515594356,0.078567259994164,1166.0,1205.0,0.6470588235294118,0.0022585438335809,-0.0004518868568343,-0.0002027453657205
2012-08-21,1367.0,1379.0,1366.0,1366.0,81000.0,1366.0,1364.8,1368.3,1348.56,1266.253333333333,1192.9,False,False,False,False,False,False,True,True,False,True,False,0.007320644216691,0.0029282576866764,,,0.0127672035139092,0.0730209858467546,-0.0402635431918008,0.1156661786237188,0.001337278480346,0.0858729810714024,1177.0,1200.0,1.051948051948052,0.0018983211722132,-0.0003602226613676,-0.0001177730790895
2012-08-22,1367.0,1377.0,1363.0,1376.0,154600.0,1376.0,1365.8,1370.6,1351.76,1267.6266666666668,1193.875,False,False,False,False,False,False,True,True,False,False,False,0.005813953488372,-0.0130813953488372,,,0.0176162790697674,0.0787596899224805,-0.0428779069767441,0.1155523255813953,0.0010833894311682,0.0917116591273895,1223.0,1200.0,1.9086419753086417,0.0023672841332781,0.0004689629610648,-0.0002538890491778
2012-08-23,1374.0,1374.0,1357.0,1366.0,63100.0,1366.0,1366.0,1368.4,1352.6,1269.0933333333332,1195.03,False,False,False,False,False,False,True,True,False,True,False,0.0175695461200585,0.0029282576866764,,,0.009809663250366,0.0709419228892143,-0.0424597364568082,0.1251830161054172,0.0011556806959297,0.1001900029231218,1251.0,1226.0,0.408150064683053,0.0006210261718171,-0.0017462579614609,7.229126476152037e-05
2012-08-24,1365.0,1368.0,1345.0,1362.0,74300.0,1362.0,1366.4,1366.4,1353.0,1270.5466666666666,1196.15,False,False,False,False,False,False,True,True,False,True,False,0.0124816446402349,-0.0058737151248164,,,0.0066079295154185,0.06714635340186,-0.0367107195301027,0.1299559471365639,0.001143864583224,0.1085333723653395,1248.0,1226.0,1.1774960380348654,0.0002956393200296,-0.0003253868517875,-1.1816112705695034e-05
2012-08-27,1370.0,1414.0,1370.0,1396.0,106500.0,1396.0,1373.2,1368.9,1357.96,1272.3066666666666,1197.45,False,False,False,False,False,False,True,True,True,False,False,-0.0057306590257879,-0.0479942693409742,,,0.0272492836676217,0.0886055396370582,-0.0494269340974212,0.076647564469914,0.0013833142952956,0.1082621082621081,1261.0,1216.0,1.4333781965006729,0.0036525376299744,0.0033568983099447,0.0002394497120716
2012-08-28,1399.0,1402.0,1366.0,1376.0,102000.0,1376.0,1375.2,1370.0,1361.04,1273.96,1198.69,False,False,False,False,False,False,True,True,False,True,False,-0.004360465116279,-0.0421511627906976,,,0.0108720930232558,0.074156976744186,-0.0203488372093023,0.0784883720930232,0.0012977906161366,0.1080291970802919,1258.0,1192.0,0.9577464788732394,0.0022629753717744,-0.0013895622581999,-8.552367915904639e-05
2012-08-29,1380.0,1391.0,1369.0,1384.0,75200.0,1384.0,1376.8,1371.3,1363.56,1275.8933333333334,1199.99,False,False,False,False,False,False,True,True,False,True,False,-0.01878612716763,-0.0433526011560693,,,0.0147687861271676,0.0781117533718689,0.0166184971098265,0.0845375722543352,0.0015152781841742,0.1088747903449281,1261.0,1209.0,0.7372549019607844,0.0018481034937956,-0.0004148718779788,0.0002174875680376
2012-08-30,1376.0,1400.0,1376.0,1390.0,88100.0,1390.0,1381.6,1373.8,1366.68,1278.2,1201.515,False,False,False,False,False,False,True,True,False,False,False,-0.014388489208633,-0.0503597122302158,,,0.0167769784172661,0.0804316546762589,0.0251798561151079,0.1028776978417266,0.0018046210817294,0.1102780608531081,1263.0,1209.0,1.1715425531914894,0.0022829045570287,0.0004348010632331,0.0002893428975552
2012-08-31,1390.0,1394.0,1377.0,1379.0,53800.0,1379.0,1385.0,1375.7,1369.6,1280.3866666666668,1202.82,False,False,False,False,False,False,True,True,False,True,False,-0.0181290790427846,-0.056562726613488,,,0.006816533720087,0.0715107565868986,0.0232052211747643,0.1588107324147933,0.0017078174301513,0.1128879842989023,1250.0,1218.0,0.6106696935300795,0.0021320093457942,-0.0001508952112345,-9.680365157812188e-05
2012-09-03,1373.0,1400.0,1369.0,1388.0,78600.0,1388.0,1383.4,1378.3,1372.48,1282.9733333333334,1204.245,False,False,False,False,False,False,True,True,False,True,False,-0.042507204610951,-0.0576368876080691,,,0.0111815561959654,0.0756676272814601,0.0129682997118155,0.1368876080691642,0.0020161499849307,0.1123848218820286,1253.0,1195.0,1.4609665427509293,0.0020983912333878,-3.361811240646436e-05,0.0003083325547794
2012-09-04,1381.0,1382.0,1358.0,1370.0,76500.0,1370.0,1382.2,1378.7,1374.4,1284.88,1205.625,False,False,False,False,False,False,True,True,False,True,False,-0.037956204379562,-0.02992700729927,,,-0.0032116788321168,0.0621313868613137,0.0313868613138686,0.1394160583941605,0.0014839258659693,0.1147457750054399,1238.0,1214.0,0.9732824427480916,0.0013969732246799,-0.0007014180087079,-0.0005322241189613
2012-09-05,1365.0,1372.0,1350.0,1358.0,95500.0,1358.0,1377.0,1376.9,1374.32,1286.56,1206.825,False,False,False,False,False,False,False,True,False,True,False,-0.0250368188512518,-0.0309278350515463,,,-0.0120176730486008,0.0526067746686303,0.0427098674521354,0.1509572901325478,0.0013058077353561,0.1182366184908126,1269.0,1189.0,1.2483660130718954,-5.821060597252068e-05,-0.0014551838306524,-0.0001781181306132
2012-09-06,1367.0,1378.0,1360.0,1370.0,72100.0,1370.0,1373.0,1377.3,1374.48,1288.64,1208.175,False,False,False,False,False,False,True,True,False,False,False,-0.0364963503649635,-0.0394160583941605,,,-0.0032700729927007,0.0593868613138685,0.0138686131386861,0.1518248175182481,0.0016141047926497,0.1208886952733609,1281.0,1192.0,0.7549738219895288,0.000116407659624,0.0001746182655965,0.0003082970572935
2012-09-07,1371.0,1372.0,1350.0,1354.0,52500.0,1354.0,1368.0,1376.5,1373.08,1290.4533333333334,1209.44,False,False,False,False,False,False,False,True,False,True,False,-0.0391432791728212,-0.0155096011816839,,,-0.0140915805022156,0.0469325455440669,0.0428360413589364,0.1454948301329394,0.0014051909406513,0.122411914275336,1269.0,1186.0,0.7281553398058253,-0.0010196055583069,-0.001136013217931,-0.0002089138519984
2012-09-10,1350.0,1350.0,1321.0,1329.0,84900.0,1329.0,1356.2,1369.8,1370.88,1292.1066666666666,1210.575,False,False,False,False,False,False,False,True,False,True,False,-0.0158013544018058,0.00150489089541,,,-0.0315124153498872,0.0277602207173314,0.0677200902934537,0.1527464258841234,0.0012795641226729,0.1300189808731202,1286.0,1173.0,1.6171428571428572,-0.0016048085901025,-0.0005852030317956,-0.0001256268179783
2012-09-11,1312.0,1325.0,1311.0,1318.0,102600.0,1318.0,1345.8,1364.0,1367.96,1293.68,1211.685,False,False,False,False,False,False,False,True,False,True,False,0.0083459787556904,-0.0053110773899848,,,-0.0379059180576631,0.01845220030349,0.0637329286798179,0.1904400606980273,0.0012161688619546,0.1410557184750734,1302.0,1180.0,1.2084805653710249,-0.0021345653381678,-0.0005297567480652,-6.339526071829108e-05
2012-09-12,1320.0,1333.0,1312.0,1324.0,112000.0,1324.0,1339.0,1358.0,1366.8,1295.3333333333333,1212.865,False,False,False,False,False,False,False,True,False,False,False,-0.0060422960725075,-0.0052870090634441,,,-0.0323262839879153,0.0216515609264854,0.059667673716012,0.1706948640483383,0.0012763767370045,0.1497054491899852,1296.0,1178.0,1.0916179337231968,-0.0008486976880304,0.0012858676501373,6.020787504987246e-05
2012-09-13,1327.0,1333.0,1315.0,1320.0,59900.0,1320.0,1329.0,1351.0,1364.08,1296.5866666666666,1214.05,False,False,False,False,False,False,False,True,False,True,False,-0.003030303030303,-0.009090909090909,,,-0.0333939393939393,0.0177373737373737,0.0628787878787878,0.2007575757575757,0.0009666406153593,0.1595114729829755,1345.0,1170.0,0.5348214285714286,-0.0019940179461615,-0.001145320258131,-0.0003097361216452
2012-09-14,1322.0,1326.0,1300.0,1301.0,91600.0,1301.0,1318.4,1343.2,1360.84,1297.5866666666666,1214.885,False,False,False,False,False,False,False,True,False,True,False,0.0245964642582628,0.0084550345887778,,,-0.0459953881629515,0.0026236228542147,0.0637970791698693,0.2305918524212144,0.0007706614330192,0.166468135795116,1352.0,1167.0,1.5292153589315527,-0.002380882396167,-0.0003868644500055,-0.00019597918234
2012-09-18,1307.0,1319.0,1298.0,1308.0,74500.0,1308.0,1314.2,1335.2,1358.32,1298.8133333333333,1215.705,False,False,False,False,False,False,False,True,False,False,False,0.0175840978593272,0.014525993883792,,,-0.0384709480122323,0.0070234454638124,0.0665137614678899,0.2438837920489296,0.0009444518586196,0.1771270221689634,1272.0,1166.0,0.8133187772925764,-0.0018552329348018,0.0005256494613652,0.0001737904256004
2012-09-19,1312.0,1333.0,1312.0,1329.0,95200.0,1329.0,1316.4,1331.1,1356.88,1300.64,1216.51,False,False,False,False,False,False,False,True,False,False,False,-0.0135440180586907,0.0142964635063957,,,-0.0209781790820166,0.0213393528969149,0.0451467268623024,0.2294958615500376,0.0014044367900932,0.1862369468860341,1299.0,1177.0,1.2778523489932887,-0.0010612581805316,0.0007939747542701,0.0004599849314735
2012-09-20,1324.0,1328.0,1314.0,1316.0,52900.0,1316.0,1314.8,1326.9,1354.68,1302.0666666666666,1217.36,False,False,False,False,False,False,False,True,False,True,False,0.0007598784194528,0.0691489361702127,,,-0.0293920972644377,0.0105876393110436,0.0965045592705167,0.2302431610942249,0.0010956940248833,0.1942120732534477,1321.0,1223.0,0.555672268907563,-0.0016239997637818,-0.0005627415832502,-0.0003087427652098
2012-09-21,1310.0,1326.0,1308.0,1316.0,53900.0,1316.0,1314.0,1321.5,1352.72,1303.493333333333,1218.11,False,False,False,False,False,False,False,True,False,False,False,-0.0060790273556231,0.0828267477203647,,,-0.02790273556231,0.0095035460992909,0.0934650455927051,0.2104863221884498,0.0010944947934779,0.200227014755959,1312.0,1251.0,1.0189035916824196,-0.0014489325211426,0.0001750672426392,-1.1992314054797525e-06
2012-09-24,1329.0,1335.0,1318.0,1333.0,69900.0,1333.0,1320.4,1319.4,1351.64,1305.0266666666666,1218.79,False,False,False,False,False,False,False,True,False,False,False,-0.0157539384846211,0.0585146286571642,,,-0.0139834958739685,0.0209852463115779,0.0757689422355588,0.2205551387846961,0.0011749440624458,0.2078975291799302,1306.0,1248.0,1.2968460111317257,-0.0007990293273356,0.0006499031938069,8.044926896795838e-05
2012-09-25,1334.0,1335.0,1314.0,1331.0,97900.0,1331.0,1325.0,1319.6,1350.4,1306.84,1219.515,False,False,False,False,False,False,False,True,False,True,False,-0.0030052592036063,0.0563486100676183,,,-0.0145755071374906,0.0181517655897821,0.0961682945154019,0.2351615326821938,0.0013875710364951,0.2162018793573811,1316.0,1261.0,1.4005722460658083,-0.0009182464454976,-0.000119217118162,0.0002126269740492
2012-09-26,1308.0,1327.0,1305.0,1311.0,89800.0,1311.0,1321.4,1318.9,1348.2,1308.1333333333334,1220.125,False,False,False,False,False,False,False,True,False,True,False,0.0282227307398932,0.0778032036613272,,,-0.0283752860411899,0.0021866259852529,0.0778032036613272,0.2608695652173913,0.0009886861685864,0.2232163166274925,1322.0,1258.0,0.9172625127681308,-0.0016318053701231,-0.0007135589246255,-0.0003988848679086
2012-09-27,1308.0,1330.0,1301.0,1317.0,108700.0,1317.0,1321.6,1318.2,1345.84,1309.84,1220.715,False,False,False,False,False,False,False,True,False,True,False,0.0683371298405467,0.0751708428246013,,,-0.0218982536066817,0.0054365983295368,0.1131359149582384,0.2528473804100228,0.0013029581221114,0.2314519799726899,1360.0,1261.0,1.210467706013363,-0.0017535516851929,-0.0001217463150698,0.000314271953525
2012-09-28,1328.0,1328.0,1300.0,1308.0,130200.0,1308.0,1320.0,1317.0,1343.52,1311.3866666666668,1221.38,False,False,False,False,False,False,False,True,False,False,False,0.0894495412844036,0.0619266055045871,,,-0.0271559633027522,-0.0025891946992865,0.168960244648318,0.2438837920489296,0.0011794131402893,0.2357630979498861,1366.0,1263.0,1.1977920883164674,-0.001726807193045,2.674449214789751e-05,-0.0001235449818221
2012-10-01,1300.0,1325.0,1282.0,1312.0,128100.0,1312.0,1315.8,1318.1,1341.52,1313.0666666666666,1221.925,False,False,False,False,False,False,False,True,False,False,False,0.0754573170731707,0.0762195121951219,,,-0.0224999999999999,-0.0008130081300812,0.198170731707317,0.2713414634146341,0.0012794476035742,0.2398148850618315,1389.0,1250.0,0.9838709677419356,-0.0014908462043055,0.0002359609887395,0.0001000344632849
2012-10-02,1312.0,1333.0,1308.0,1327.0,99500.0,1327.0,1315.0,1320.0,1338.76,1315.12,1222.59,False,False,False,False,False,False,False,True,False,True,False,0.0595327807083647,0.0693293142426526,,,-0.0088620949510173,0.0089525244913339,0.1431801055011303,0.2622456669178598,0.0015613277368858,0.2416666666666666,1384.0,1253.0,0.7767369242779079,-0.002061609250351,-0.0005707630460455,0.0002818801333116
2012-10-03,1327.0,1356.0,1322.0,1348.0,130800.0,1348.0,1322.4,1321.9,1337.64,1317.36,1223.38,False,False,False,False,True,False,False,True,False,False,False,0.0482195845697329,0.0400593471810089,,,0.0076854599406527,0.0227299703264095,0.1313056379821958,0.2737388724035608,0.0017003704378453,0.2461608291096148,1391.0,1238.0,1.314572864321608,-0.0008372955354205,0.0012243137149305,0.0001390427009595
2012-10-04,1359.0,1426.0,1359.0,1407.0,208100.0,1407.0,1340.4,1331.0,1338.56,1320.4133333333334,1224.59,False,False,False,False,False,False,True,True,False,False,False,0.0063965884861407,-0.0028429282160625,,,0.0486425017768301,0.0615399194503671,0.0561478322672352,0.2068230277185501,0.0023124072260202,0.2435762584522915,1353.0,1269.0,1.5909785932721712,0.0006873057614151,0.0015246012968356,0.0006120367881748
2012-10-05,1407.0,1425.0,1404.0,1425.0,125000.0,1425.0,1363.8,1341.9,1339.96,1323.8133333333333,1226.01,False,False,False,False,False,False,True,True,False,False,False,-0.0252631578947368,-0.015438596491228,,,0.0596771929824561,0.0710081871345029,0.0189473684210526,0.1936842105263158,0.0025683379328403,0.2415232133541991,1388.0,1281.0,0.6006727534839019,0.0010448073076808,0.0003575015462657,0.0002559307068201
2012-10-09,1427.0,1445.0,1411.0,1411.0,167500.0,1411.0,1383.6,1349.7,1341.24,1327.0666666666666,1227.425,False,False,False,False,False,False,True,True,False,True,False,0.0007087172218284,-0.0191353649893692,,,0.0494401133947554,0.0594849988188046,0.0191353649893692,0.218284904323175,0.0024515221541243,0.2411647032673927,1382.0,1269.0,1.34,0.0009543407592973,-9.046654838354796e-05,-0.0001168157787159
2012-10-10,1407.0,1429.0,1391.0,1406.0,155800.0,1406.0,1399.4,1357.2,1341.96,1330.2666666666669,1228.835,False,False,False,False,False,False,True,True,False,True,False,0.0092460881934566,-0.0078236130867709,,,0.0455476529160739,0.0538643907064958,0.0320056899004267,0.2112375533428165,0.0024055327252683,0.2386531093427644,1371.0,1286.0,0.9301492537313432,0.0005365286595725,-0.0004178120997247,-4.598942885606109e-05
2012-10-11,1405.0,1417.0,1394.0,1413.0,140800.0,1413.0,1412.4,1367.4,1343.68,1333.4133333333334,1230.245,False,False,False,False,False,False,True,True,True,False,False,-0.0077848549186128,-0.0169851380042462,,,0.0490587402689313,0.0563246048596366,0.035385704175513,0.184005661712668,0.0023598584084953,0.2308761152552287,1365.0,1302.0,0.9037227214377408,0.0012800666825434,0.0007435380229708,-4.5674316772931125e-05
2012-10-12,1413.0,1432.0,1413.0,1416.0,97000.0,1416.0,1414.2,1377.3,1346.0,1335.986666666667,1231.765,False,False,False,False,False,False,True,True,False,False,False,-0.0091807909604519,0.0190677966101694,,,0.0494350282485875,0.0565065913370996,0.0218926553672316,0.240819209039548,0.0019261669278137,0.2297974297538662,1371.0,1296.0,0.6889204545454546,0.0017236255572064,0.000443558874663,-0.0004336914806816
2012-10-15,1423.0,1423.0,1382.0,1389.0,141600.0,1389.0,1407.0,1385.4,1346.76,1337.8266666666666,1233.13,False,False,False,False,False,False,True,True,False,True,False,0.0100791936645068,0.0359971202303815,,,0.0304103671706263,0.0368418526517879,0.0302375809935205,0.2757379409647228,0.0013753650198827,0.2330734805832249,1365.0,1345.0,1.4597938144329896,0.0005643173245418,-0.0011593082326646,-0.000550801907931
2012-10-16,1381.0,1420.0,1380.0,1412.0,136400.0,1412.0,1407.2,1395.4,1349.08,1340.013333333333,1234.665,False,False,False,False,False,False,True,True,True,False,False,-0.0198300283286118,0.0155807365439093,,,0.0445609065155807,0.050982058545798,0.0247875354107648,0.2280453257790368,0.0016318245589594,0.2289666045578328,1360.0,1352.0,0.963276836158192,0.0017196904557179,0.001155373131176,0.0002564595390767
2012-10-17,1425.0,1431.0,1406.0,1419.0,74600.0,1419.0,1409.8,1404.6,1352.68,1342.12,1236.2,False,False,False,False,False,False,True,True,False,False,False,-0.0169133192389006,0.0281888653981677,,,0.046737138830162,0.0541789992952784,0.0176180408738548,0.2346723044397463,0.0015696559671764,0.2263989747970952,1362.0,1272.0,0.5469208211143695,0.002661383327912,0.0009416928721941,-6.216859178308047e-05
2012-10-18,1404.0,1412.0,1395.0,1402.0,85200.0,1402.0,1407.6,1410.0,1356.04,1344.04,1237.58,False,False,False,False,False,False,True,True,False,True,False,-0.0092724679029957,0.0078459343794579,,,0.0327817403708987,0.0413409415121255,0.0349500713266761,0.2375178316690442,0.00142852891283,0.2229787234042554,1366.0,1299.0,1.1420911528150135,0.0024778030146602,-0.0001835803132518,-0.0001411270543463
2012-10-19,1408.0,1412.0,1387.0,1403.0,106300.0,1403.0,1405.0,1409.6,1359.2,1345.9333333333334,1238.98,False,False,False,False,False,False,True,True,False,True,False,0.0285103349964362,0.044903777619387,,,0.0312188168210976,0.0406747445949156,0.0192444761225944,0.2152530292230933,0.0014067066224182,0.223822360953462,1376.0,1321.0,1.2476525821596245,0.0023248969982343,-0.0001529060164259,-2.1822290411809084e-05
2012-10-22,1395.0,1411.0,1389.0,1403.0,108400.0,1403.0,1407.8,1407.4,1362.52,1347.8,1240.39,False,False,False,False,False,False,True,True,False,False,False,0.0256593014967925,0.089807555238774,,,0.0288524590163934,0.039344262295082,0.029935851746258,0.2131147540983606,0.0013849730424889,0.2258064516129032,1366.0,1312.0,1.019755409219191,0.0024366614801984,0.000111764481964,-2.173357992930479e-05
2012-10-23,1392.0,1407.0,1373.0,1384.0,217400.0,1384.0,1402.2,1404.7,1365.84,1349.5866666666666,1241.58,False,False,False,False,False,False,True,True,False,True,False,0.0361271676300578,0.1358381502890173,,,0.013121387283237,0.0248651252408478,0.0455202312138728,0.1979768786127167,0.001323862120748,0.2238200327472057,1362.0,1306.0,2.005535055350553,0.0024307385931001,-5.922887098238835e-06,-6.111092174085949e-05
2012-10-24,1365.0,1399.0,1364.0,1395.0,149100.0,1395.0,1397.4,1403.6,1369.32,1351.48,1242.915,False,False,False,False,False,False,True,True,False,False,False,0.0458781362007168,0.0874551971326164,,,0.0184086021505376,0.0311971326164874,0.0602150537634408,0.2136200716845878,0.0014009332978167,0.2240666856654317,1396.0,1316.0,0.6858325666973321,0.0025414074138988,0.0001106688207987,7.707117706873007e-05
2012-10-25,1396.0,1437.0,1355.0,1389.0,330700.0,1389.0,1394.8,1401.2,1371.72,1353.493333333333,1244.135,False,False,False,False,False,False,True,True,False,True,False,0.0172786177105831,0.0979121670266378,,,0.0124406047516198,0.0255627549796017,0.0619150467962563,0.2195824334053275,0.0014875088659467,0.2276620039965743,1376.0,1322.0,2.2179745137491618,0.0017496282040067,-0.0007917792098921,8.657556812992026e-05
2012-10-26,1396.0,1468.0,1386.0,1443.0,313300.0,1443.0,1402.8,1403.9,1376.8,1355.8133333333333,1245.645,False,False,False,False,False,False,True,True,False,False,False,0.0159390159390159,0.0297990297990298,,,0.0458766458766459,0.0604204204204204,0.0221760221760221,0.158004158004158,0.0017111500108177,0.2191751549255643,1384.0,1360.0,0.9473843362564258,0.0036897152818128,0.0019400870778061,0.000223641144871
2012-10-29,1444.0,1471.0,1421.0,1439.0,149000.0,1439.0,1410.0,1408.9,1381.72,1357.92,1247.205,False,False,False,False,False,False,True,True,False,True,False,0.0625434329395413,0.0090340514246004,,,0.0398054204308547,0.0563446838082,0.0326615705350938,0.1660875608061153,0.0015513923255175,0.2081765916672581,1390.0,1366.0,0.4755825087775295,0.0035607793185305,-0.0001289359632822,-0.0001597576853001
2012-10-30,1437.0,1470.0,1434.0,1434.0,157700.0,1434.0,1420.0,1411.1,1385.76,1360.12,1248.675,False,False,False,False,False,False,True,True,False,True,False,0.0962343096234309,0.00278940027894,,,0.0336401673640167,0.0515202231520223,0.0746164574616457,0.1778242677824267,0.0016175043378524,0.2031039614485154,1379.0,1389.0,1.0583892617449664,0.0029153677404456,-0.0006454115780849,6.611201233485482e-05
2012-10-31,1463.0,1465.0,1429.0,1459.0,176300.0,1459.0,1432.8,1415.1,1390.88,1362.4266666666667,1250.235,False,False,False,False,False,False,True,True,False,False,False,0.0397532556545579,-0.0054832076764907,,,0.0466895133653186,0.0661914553347041,0.0664838930774503,0.1768334475668266,0.0016930574856629,0.1972298777471557,1388.0,1384.0,1.1179454660748256,0.0036811227424365,0.0007657550019908,7.555314781055688e-05
2012-11-01,1458.0,1458.0,1405.0,1413.0,135900.0,1413.0,1437.6,1416.2,1394.96,1363.9066666666668,1251.395,False,False,False,False,False,False,True,True,False,True,False,0.0792639773531493,0.035385704175513,,,0.012767162066525,0.0347440434064637,0.078556263269639,0.194621372965322,0.0010851182387846,0.1929812173421832,1370.0,1391.0,0.7708451503119682,0.0029248150484601,-0.0007563076939764,-0.0006079392468782
2012-11-02,1469.0,1522.0,1436.0,1466.0,363800.0,1466.0,1442.2,1422.5,1400.92,1366.1733333333334,1252.93,False,False,False,False,False,False,True,True,False,False,True,0.0136425648021828,-0.0129604365620736,,,0.0443929058663028,0.068094588449295,0.0470668485675307,0.1718963165075034,0.001659135492812,0.1886115992970122,1358.0,1353.0,2.6769683590875646,0.0042543471433058,0.0013295320948457,0.0005740172540273
2012-11-05,1479.0,1545.0,1474.0,1529.0,218400.0,1529.0,1460.2,1435.1,1409.76,1368.6266666666668,1254.78,False,False,False,False,False,False,True,True,False,False,False,-0.0503597122302158,-0.0640941792020928,,,0.0779856115107913,0.1048877261826901,0.0052321778940483,0.1419228253760628,0.0017925511705164,0.1812417253153091,1370.0,1388.0,0.600329851566795,0.0062705708773123,0.0020162237340065,0.0001334156777044
2012-11-06,1530.0,1576.0,1526.0,1572.0,251700.0,1572.0,1487.8,1453.9,1420.16,1371.56,1256.815,False,False,False,False,False,False,True,True,False,False,False,-0.0852417302798982,-0.0795165394402035,,,0.096590330788804,0.1275063613231552,-0.0209923664122137,0.1297709923664122,0.0021386839316786,0.1740834995529265,1354.0,1382.0,1.1524725274725274,0.0073231185218567,0.0010525476445443,0.0003461327611621
2012-11-07,1564.0,1565.0,1508.0,1517.0,205000.0,1517.0,1499.4,1466.1,1427.76,1374.8266666666666,1258.475,False,False,False,False,False,False,True,True,False,True,False,-0.043506921555702,-0.048121292023731,,,0.0588266315095583,0.0937200615249396,-0.009228740936058,0.1819380355965721,0.0023760571029559,0.1711343018893664,1329.0,1371.0,0.8144616607071911,0.005323023477335,-0.0020000950445216,0.0002373731712773
2012-11-08,1518.0,1535.0,1511.0,1525.0,105200.0,1525.0,1521.8,1479.7,1434.84,1377.84,1260.205,False,False,False,False,False,False,True,True,False,True,False,-0.040655737704918,-0.0485245901639344,,,0.0591213114754098,0.0964983606557377,-0.0268852459016393,0.1691803278688524,0.0021869980065416,0.1663850780563628,1318.0,1365.0,0.5131707317073171,0.0049343480806221,-0.0003886753967128,-0.0001890590964143
2012-11-09,1495.0,1509.0,1482.0,1486.0,135500.0,1486.0,1525.8,1484.0,1438.0,1380.04,1261.78,False,False,False,False,False,False,True,True,False,True,False,-0.0262449528936742,-0.0376850605652759,,,0.0323014804845222,0.0713055181695827,0.0100942126514131,0.2126514131897712,0.0015941566911104,0.171832884097035,1324.0,1371.0,1.288022813688213,0.0021974965229485,-0.0027368515576735,-0.0005928413154311
2012-11-12,1458.0,1497.0,1444.0,1452.0,154200.0,1452.0,1510.4,1485.3,1439.08,1381.9066666666668,1263.37,False,False,False,False,False,False,True,True,False,True,False,-0.0144628099173553,-0.0048209366391184,,,0.0088980716253444,0.0482736455463727,0.0557851239669421,0.2183195592286501,0.0013507906949819,0.1769339527368208,1320.0,1365.0,1.1380073800738006,0.0007504794729965,-0.001447017049952,-0.0002433659961285
2012-11-13,1463.0,1468.0,1429.0,1438.0,128500.0,1438.0,1483.6,1485.7,1440.16,1383.6666666666667,1264.88,False,False,False,False,False,False,True,True,False,True,False,0.0062586926286509,0.0062586926286509,,,-0.0015020862308762,0.0377839592025961,0.1112656467315716,0.2093184979137691,0.0012719826547819,0.179982499831729,1301.0,1360.0,0.8333333333333334,0.000749916675925,-5.627970715816558e-07,-7.88080401999266e-05
2012-11-14,1436.0,1456.0,1423.0,1451.0,101800.0,1451.0,1470.4,1484.9,1441.96,1385.4666666666667,1266.455,False,False,False,False,False,False,True,True,False,False,False,-0.0048242591316333,0.0192970365265334,,,0.0062301860785664,0.0451642545371008,0.087525844245348,0.206064782908339,0.0012992012318352,0.1828405953262845,1308.0,1362.0,0.7922178988326848,0.0012483009237426,0.0004983842478176,2.7218577053235568e-05
2012-11-15,1457.0,1500.0,1447.0,1463.0,117100.0,1463.0,1458.0,1489.9,1443.96,1387.3466666666666,1268.21,False,False,False,False,False,False,True,True,False,False,True,-0.0082023239917976,0.0082023239917976,,,0.0130143540669856,0.0517110959216223,0.0669856459330143,0.1736158578263841,0.0013551047082679,0.1808175045305053,1329.0,1366.0,1.150294695481336,0.0013850799191113,0.0001367789953686,5.5903476432766445e-05
2012-11-16,1461.0,1471.0,1440.0,1447.0,115100.0,1447.0,1450.2,1488.0,1445.2,1388.506666666667,1269.925,False,False,False,False,False,False,True,True,False,True,False,-0.0117484450587422,0.0193503800967519,,,0.0012439530062197,0.0404238654687858,0.0801658604008293,0.2259847961299239,0.0008354299103115,0.1860887096774194,1316.0,1376.0,0.9829205807002562,0.0008580127318018,-0.0005270671873094,-0.0005196747979564
2012-11-19,1439.0,1446.0,1410.0,1431.0,132400.0,1431.0,1446.0,1478.2,1446.88,1389.3733333333332,1271.475,False,False,False,False,False,False,True,True,False,False,False,0.0097833682739343,0.0384346610761705,,,-0.0110971348707198,0.0290892150011647,0.1027253668763102,0.2292103424178896,0.00062378242469,0.1948315518874306,1316.0,1366.0,1.150304083405734,0.0011611190976446,0.0003031063658427,-0.0002116474856215
2012-11-20,1440.0,1469.0,1433.0,1447.0,133900.0,1447.0,1447.8,1465.7,1448.28,1390.1466666666668,1273.185,False,False,False,False,False,False,True,True,False,True,False,0.0,0.0649619903248099,,,-0.0008845888044229,0.039290486063119,0.0718728403593642,0.2328956461644782,0.0005562962181449,0.2055673057242273,1333.0,1362.0,1.0113293051359518,0.0009666639047697,-0.0001944551928749,-6.74862065450318e-05
2012-11-21,1448.0,1470.0,1438.0,1444.0,97100.0,1444.0,1446.4,1458.4,1449.28,1390.9466666666667,1274.825,False,False,False,False,False,False,True,True,False,True,False,0.0242382271468144,0.077562326869806,,,-0.0036565096952908,0.0367405355493997,0.0609418282548476,0.2506925207756232,0.0005751478609292,0.2124931431705978,1331.0,1396.0,0.7251680358476476,0.000689997792007,-0.0002766661127626,1.885164278421828e-05
2012-11-22,1454.0,1460.0,1428.0,1451.0,98800.0,1451.0,1444.0,1451.0,1451.24,1391.746666666667,1276.555,False,False,False,False,False,False,True,True,True,False,False,0.0165403170227429,0.0503101309441764,,,-0.0001654031702274,0.0408362049161496,0.0813232253618194,0.2722260509993108,0.0005748172560141,0.2230186078566505,1311.0,1376.0,1.0175077239958803,0.0013505691684352,0.0006605713764282,-3.306049150584656e-07
2012-11-26,1446.0,1450.0,1417.0,1430.0,130800.0,1430.0,1440.6,1445.4,1452.32,1392.7733333333333,1278.19,False,False,False,False,False,False,True,True,False,True,False,0.0314685314685314,0.0734265734265734,,,-0.0156083916083915,0.026032634032634,0.0839160839160839,0.3006993006993007,0.0007371383714026,0.2317697523176975,1317.0,1384.0,1.3238866396761133,0.0007436377657815,-0.0006069314026536,0.0001623211153885
2012-11-27,1424.0,1451.0,1423.0,1445.0,112100.0,1445.0,1443.4,1444.7,1454.0,1393.5333333333333,1279.955,False,False,False,False,False,False,True,True,False,False,False,0.0283737024221453,0.0636678200692041,,,-0.0062283737024221,0.0356170703575548,0.0968858131487889,0.2809688581314878,0.0005453762617805,0.2380425001730462,1308.0,1390.0,0.8570336391437309,0.0011554332874828,0.0004117955217012,-0.000191762109622
2012-11-28,1460.0,1465.0,1442.0,1447.0,111900.0,1447.0,1443.4,1445.6,1456.52,1394.4,1281.675,False,False,False,False,False,False,True,True,False,False,False,0.0649619903248099,0.0635798203178991,,,-0.0065791292328956,0.0363510711817552,0.1064270905321354,0.2695231513476157,0.0006215337540639,0.2440509131156614,1312.0,1379.0,0.9982158786797504,0.0017301513195836,0.0005747180321008,7.615749228336239e-05
2012-11-29,1447.0,1506.0,1446.0,1479.0,167700.0,1479.0,1450.4,1448.4,1459.88,1395.84,1283.625,False,False,False,True,True,False,True,True,False,False,False,0.0520622041920216,0.0162271805273833,,,0.0129276538201486,0.0562271805273834,0.1000676132521974,0.2488167680865449,0.0010316368638238,0.2483429991714994,1327.0,1388.0,1.4986595174262736,0.0023015590322493,0.0005714077126656,0.0004101031097598
2012-11-30,1488.0,1497.0,1470.0,1475.0,126600.0,1475.0,1455.2,1449.6,1463.32,1397.3066666666666,1285.435,False,False,False,False,False,False,True,True,False,False,False,0.0332203389830508,0.0061016949152542,,,0.0079186440677966,0.0526734463276836,0.1077966101694915,0.2650847457627118,0.0010496383518769,0.2575883002207506,1348.0,1370.0,0.7549194991055456,0.0023508186862749,4.925965402561477e-05,1.8001488053155743e-05
2012-12-03,1480.0,1498.0,1455.0,1475.0,145900.0,1475.0,1464.2,1452.4,1464.6,1398.6933333333334,1287.21,False,False,False,False,False,False,True,True,False,True,False,0.0406779661016949,0.0176271186440677,,,0.0070508474576271,0.0517333333333333,0.0976271186440678,0.2488135593220339,0.0009914014985415,0.2598457725144587,1407.0,1358.0,1.1524486571879935,0.0008739587600709,-0.0014768599262039,-5.823685333539641e-05
2012-12-04,1458.0,1499.0,1458.0,1486.0,107000.0,1486.0,1472.4,1457.9,1466.48,1400.3066666666666,1289.09,False,False,False,False,False,False,True,True,False,False,False,0.0343203230148048,0.031628532974428,,,0.013135935397039,0.0576671152983401,0.0720053835800807,0.2462987886944818,0.0011521285813582,0.2614719802455585,1425.0,1370.0,0.7333790267306374,0.0012819813430801,0.0004080225830091,0.0001607270828167
2012-12-05,1510.0,1548.0,1507.0,1541.0,316300.0,1541.0,1491.2,1467.3,1470.76,1402.72,1291.18,False,False,False,False,False,False,True,True,False,False,False,-0.0012978585334198,0.0369889682024659,,,0.0455807916937053,0.0897339390006489,0.0558079169370538,0.1576898118105126,0.0017204669023992,0.2533905813398759,1411.0,1354.0,2.9560747663551403,0.0029100601049797,0.0016280787618996,0.0005683383210409
2012-12-06,1550.0,1570.0,1541.0,1556.0,242900.0,1556.0,1506.6,1478.5,1474.64,1405.3066666666666,1293.49,False,False,False,False,False,False,True,True,False,True,False,-0.0340616966580976,0.0141388174807197,,,0.0522879177377891,0.0968466152527849,0.0565552699228791,0.1625964010282776,0.0018406421374219,0.2440987487318228,1406.0,1329.0,0.7679418273790705,0.0026311506537189,-0.0002789094512607,0.0001201752350227
2012-12-07,1550.0,1550.0,1514.0,1524.0,83400.0,1524.0,1516.4,1485.8,1479.08,1407.4133333333334,1295.505,False,False,False,False,False,False,True,True,False,False,False,-0.0262467191601049,0.0242782152230971,,,0.0294750656167979,0.0765004374453192,0.0846456692913385,0.2670603674540682,0.0014968358027967,0.2437070938215104,1413.0,1318.0,0.3433511733223549,0.0030018660248261,0.0003707153711071,-0.0003438063346251
2012-12-10,1550.0,1550.0,1520.0,1535.0,103600.0,1535.0,1528.4,1496.3,1481.84,1409.5333333333333,1297.52,False,False,False,False,False,False,True,True,False,True,False,-0.0221498371335504,0.0182410423452768,,,0.0346319218241042,0.0817372421281216,0.0749185667752443,0.263843648208469,0.0015040438915952,0.2403261378065896,1416.0,1324.0,1.2422062350119905,0.0018625492630783,-0.0011393167617477,7.208088798537401e-06
2012-12-11,1526.0,1538.0,1509.0,1537.0,99500.0,1537.0,1538.6,1505.5,1482.16,1411.8133333333333,1299.53,False,False,False,False,False,False,True,True,False,True,False,-0.0026024723487312,0.0266753415744957,,,0.035679895901106,0.0814487096074604,0.0585556278464541,0.2537410540013012,0.0016149443741382,0.2377947525738957,1389.0,1320.0,0.9604247104247104,0.0002159011172883,-0.0016466481457899,0.0001109004825429
2012-12-12,1543.0,1551.0,1534.0,1539.0,134700.0,1539.0,1538.2,1514.7,1480.84,1414.1733333333334,1301.55,False,False,False,False,False,False,False,True,False,True,False,0.0383365821962313,0.0077972709551656,,,0.0377907732293697,0.0811089452025124,0.0838206627680311,0.3183885640025991,0.0016688194752176,0.2429523998151449,1412.0,1301.0,1.3537688442211055,-0.0008913859701251,-0.0011072870874135,5.38751010794444e-05
2012-12-13,1536.0,1536.0,1495.0,1503.0,137200.0,1503.0,1527.6,1517.1,1480.28,1415.6,1303.355,False,False,False,False,False,False,False,True,False,False,False,0.0499001996007984,0.019294743845642,,,0.0151164337990685,0.0581503659347971,0.1144377910844976,0.3246839654025282,0.001007817650937,0.250477885439325,1419.0,1308.0,1.0185597624350409,-0.0003783068068202,0.0005130791633048,-0.0006610018242805
2012-12-14,1487.0,1505.0,1480.0,1484.0,210400.0,1484.0,1519.6,1518.0,1478.64,1417.04,1305.035,False,False,False,False,False,False,False,True,False,True,False,0.0518867924528301,0.057277628032345,,,0.0036118598382748,0.0451212938005391,0.1570080862533692,0.3537735849056603,0.0010162027889121,0.2591567852437418,1402.0,1329.0,1.533527696793003,-0.0011091273061731,-0.0007308204993528,8.38513797507415e-06
2012-12-17,1500.0,1527.0,1490.0,1501.0,280500.0,1501.0,1512.8,1520.6,1479.24,1418.6,1306.805,False,False,False,False,False,False,True,True,False,False,False,0.0413057961359093,0.0326449033977348,,,0.0144970019986675,0.0548967355096602,0.1312458361092605,0.3284477015323118,0.0010996757366417,0.2669998684729712,1403.0,1316.0,1.3331749049429658,0.0004056136935182,0.0015147409996913,8.347294772958428e-05
2012-12-18,1502.0,1542.0,1501.0,1533.0,193200.0,1533.0,1512.0,1525.3,1482.48,1420.506666666667,1308.735,False,False,False,False,False,False,True,True,True,False,False,0.0293542074363992,0.0339204174820613,,,0.0329549902152641,0.0733811698195258,0.1095890410958904,0.28897586431833,0.001342244081924,0.2712253327214319,1403.0,1316.0,0.6887700534759358,0.0021855269548324,0.0017799132613142,0.0002425683452823
2012-12-19,1573.0,1618.0,1560.0,1598.0,380800.0,1598.0,1523.8,1531.0,1488.88,1423.4266666666667,1310.97,False,False,False,False,False,False,True,True,False,False,False,-0.0294117647058823,0.0018773466833541,,,0.0682853566958697,0.1092448894451397,0.0757196495619524,0.2340425531914893,0.0020513877310151,0.2787720444154147,1384.0,1333.0,1.9710144927536235,0.0042985331255709,0.0021130061707385,0.0007091436490911
2012-12-20,1598.0,1599.0,1570.0,1578.0,174100.0,1578.0,1538.8,1533.2,1493.96,1425.96,1313.2,False,False,False,False,False,False,True,True,False,True,False,-0.0291508238276299,0.0310519645120405,,,0.0532572877059568,0.0963498098859315,0.0792141951837769,0.2344740177439797,0.001776580923261,0.286003130707018,1395.0,1331.0,0.4571953781512605,0.0034003587780127,-0.0008981743475582,-0.0002748068077541
2012-12-21,1573.0,1582.0,1543.0,1561.0,167800.0,1561.0,1554.2,1536.9,1497.88,1428.506666666667,1315.235,False,False,False,False,False,False,True,True,False,True,False,0.0051249199231262,0.0467648942985265,,,0.0404356181934656,0.0848772154601749,0.0717488789237668,0.2908392056374119,0.0017827474845527,0.2883726982887629,1389.0,1311.0,0.9638139000574384,0.0026170320719951,-0.0007833267060176,6.166561291728965e-06
2012-12-25,1597.0,1602.0,1556.0,1563.0,108400.0,1563.0,1566.6,1539.7,1502.52,1431.24,1317.245,False,False,False,False,False,False,True,True,False,False,False,-0.0083173384516954,0.0358285348688419,,,0.0386948176583493,0.084299424184261,0.1241202815099168,0.2783109404990403,0.0019097658906494,0.2897967136455154,1443.0,1317.0,0.6460071513706794,0.0030881452493144,0.0004711131773192,0.0001270184060966
2012-12-26,1563.0,1584.0,1557.0,1578.0,133300.0,1578.0,1575.6,1543.8,1508.4,1434.013333333333,1319.275,False,False,False,False,False,False,True,True,False,False,False,0.0044359949302915,0.0095057034220532,,,0.0441064638783269,0.0912463033375582,0.1229404309252218,0.2636248415716096,0.0019339662113786,0.2907112320248736,1439.0,1308.0,1.2297047970479704,0.003898170246619,0.0008100249973046,2.420032072916311e-05
2012-12-27,1574.0,1579.0,1545.0,1551.0,91100.0,1551.0,1566.2,1545.0,1512.56,1436.64,1321.11,False,False,False,False,False,False,True,True,False,True,False,0.0322372662798194,0.0490006447453255,,,0.0247840103159252,0.073733075435203,0.1179883945841392,0.3017408123791102,0.0018283402012104,0.2890614886731391,1434.0,1312.0,0.6834208552138035,0.002750304120167,-0.0011478661264519,-0.0001056260101681
2012-12-28,1547.0,1549.0,1521.0,1532.0,134200.0,1532.0,1557.0,1547.9,1516.08,1439.3466666666666,1322.975,False,False,False,False,False,False,True,True,False,True,False,0.0620104438642297,0.0731070496083551,,,0.0103916449086162,0.0604786771105309,0.1436031331592689,0.3407310704960835,0.0018804828116458,0.2907164545513276,1459.0,1327.0,1.473106476399561,0.0023217772149226,-0.0004285269052443,5.214261043542663e-05
2013-01-04,1538.0,1578.0,1535.0,1569.0,142300.0,1569.0,1558.6,1556.4,1520.8,1442.6933333333334,1325.055,False,False,False,False,False,False,True,True,False,False,False,0.041427660930529,0.0535372848948374,,,0.0307202039515615,0.0805013809220309,0.105799872530274,0.3652007648183556,0.0023197353098834,0.2922127987663839,1413.0,1348.0,1.0603576751117734,0.0031036296685954,0.0007818524536728,0.0004392524982375
2013-01-07,1569.0,1569.0,1546.0,1550.0,134400.0,1550.0,1556.0,1561.3,1525.6,1445.7066666666667,1327.025,False,False,False,False,False,False,True,True,False,False,False,0.044516129032258,0.064516129032258,,,0.015741935483871,0.0672860215053763,0.1,0.3767741935483871,0.0020843324602501,0.2971241913789791,1466.0,1407.0,0.944483485593816,0.0031463030938646,4.2673425269185335e-05,-0.0002354028496333
2013-01-08,1550.0,1600.0,1547.0,1585.0,178200.0,1585.0,1557.4,1566.5,1531.2,1449.24,1329.28,False,False,False,False,False,False,True,True,False,False,False,0.0050473186119873,0.0264984227129337,,,0.0339432176656151,0.0856529968454258,0.0738170347003154,0.3634069400630915,0.0024380594886515,0.3046281519310565,1529.0,1425.0,1.3258928571428572,0.003657262277952,0.0005109591840873,0.0003537270284013
2013-01-09,1579.0,1607.0,1570.0,1601.0,172500.0,1601.0,1567.4,1566.8,1537.36,1453.24,1331.595,False,False,False,False,False,False,True,True,False,False,False,0.0162398500936914,0.0418488444722048,,,0.0397501561524048,0.0922923173016864,0.0356027482823235,0.3341661461586508,0.002752470342132,0.3148455450599948,1572.0,1411.0,0.968013468013468,0.0040068689181452,0.0003496066401932,0.0003144108534805
2013-01-10,1600.0,1640.0,1583.0,1627.0,200400.0,1627.0,1586.4,1571.7,1543.28,1457.493333333333,1334.14,False,False,False,False,False,False,True,True,False,True,True,0.0104486785494775,0.0295021511985248,,,0.0514566687154271,0.1041835689407909,0.0405654578979717,0.2858020897357099,0.0029182523419202,0.3199083794617293,1517.0,1406.0,1.1617391304347826,0.0038359856928101,-0.0001708832253351,0.0001657819997881
2013-01-11,1635.0,1648.0,1610.0,1634.0,175200.0,1634.0,1599.4,1579.0,1549.64,1461.56,1336.71,False,False,False,False,False,False,True,True,False,False,False,0.0116279069767441,0.0507955936352509,,,0.0516279069767441,0.1055324357405141,0.03671970624235,0.3231334149326805,0.0027824151363384,0.3231158961367953,1525.0,1413.0,0.874251497005988,0.0041041790351308,0.0002681933423206,-0.0001358372055817
2013-01-15,1637.0,1638.0,1604.0,1619.0,138400.0,1619.0,1613.2,1584.6,1555.4,1465.6,1339.17,False,False,False,False,False,False,True,True,False,True,False,0.019147621988882,0.0487955528103767,,,0.0392835083384804,0.0947498455836936,0.0321185917232859,0.4447189623224212,0.0027565502183405,0.3399596112583619,1486.0,1416.0,0.7899543378995434,0.0037032274656036,-0.0004009515695271,-2.5864917997869136e-05
2013-01-16,1602.0,1619.0,1585.0,1593.0,126000.0,1593.0,1614.8,1586.1,1559.68,1469.2933333333333,1341.365,False,False,False,False,False,False,True,True,False,True,False,0.0213433772755806,0.0677966101694915,,,0.020916509730069,0.0776564134756225,0.0533584431889516,0.4494664155681105,0.0025136800457363,0.3585524241851083,1452.0,1389.0,0.9104046242774566,0.0027441526466967,-0.0009590748189069,-0.0002428701726042
2013-01-17,1593.0,1629.0,1589.0,1627.0,194800.0,1627.0,1620.0,1593.7,1563.12,1473.2133333333334,1343.72,False,False,False,False,False,False,True,True,False,True,True,0.02519975414874,0.0565457897971727,,,0.0392624462200369,0.0945216144232738,0.0381069452980946,0.4529809465273509,0.0026608502049941,0.3737215285185418,1438.0,1412.0,1.546031746031746,0.0022007267516248,-0.0005434258950718,0.0001471701592578
2013-01-18,1650.0,1662.0,1634.0,1644.0,162400.0,1644.0,1623.4,1604.9,1566.64,1477.3866666666668,1346.1,False,False,False,False,False,False,True,True,False,False,False,0.0188564476885644,0.0358880778588807,,,0.0470559610705595,0.101346309813463,0.0444038929440389,0.4604622871046229,0.0028248077686726,0.3857561218767523,1451.0,1419.0,0.8336755646817249,0.0022468467548385,4.612000321366867e-05,0.0001639575636785
2013-01-21,1650.0,1671.0,1635.0,1653.0,125000.0,1653.0,1627.2,1613.3,1571.8,1481.9466666666667,1348.48,False,False,False,False,False,False,True,True,False,False,False,0.0387174833635813,0.0120992135511191,,,0.0491228070175438,0.1034805404315385,0.0211736237144585,0.4839685420447671,0.0030770338113831,0.3978181367383623,1463.0,1402.0,0.7697044334975369,0.0032828604148109,0.0010360136599724,0.0002522260427105
2013-01-22,1645.0,1677.0,1633.0,1650.0,164700.0,1650.0,1633.4,1623.3,1576.4,1486.3866666666668,1350.8,False,False,False,False,False,False,True,True,False,True,False,0.029090909090909,0.0648484848484848,,,0.0446060606060605,0.0991595959595958,0.0412121212121212,0.4703030303030303,0.00298710967985,0.4071952196143659,1447.0,1403.0,1.3176,0.0029180411063182,-0.0003648193084926,-8.992413153313585e-05
2013-01-23,1645.0,1657.0,1622.0,1627.0,118200.0,1627.0,1640.2,1627.5,1580.0,1490.64,1353.025,False,False,False,False,False,False,True,True,False,True,False,0.0454824830977258,0.0891210817455439,,,0.0288875230485556,0.0838106945298094,0.0731407498463429,0.4603564843269822,0.002853360525233,0.4167741935483872,1431.0,1403.0,0.7176684881602914,0.0022784810126581,-0.0006395600936601,-0.000133749154617
2013-01-24,1625.0,1669.0,1623.0,1668.0,118500.0,1668.0,1648.4,1634.2,1585.16,1495.3866666666668,1355.545,False,False,False,False,False,False,True,True,False,False,False,0.0305755395683453,0.039568345323741,,,0.0496642685851318,0.1034852118305355,0.0647482014388489,0.4226618705035971,0.003174206894092,0.4254681189572879,1447.0,1384.0,1.00253807106599,0.0032551919049181,0.0009767108922599,0.000320846368859
2013-01-25,1690.0,1708.0,1669.0,1675.0,159400.0,1675.0,1654.6,1639.0,1592.04,1500.0266666666666,1358.035,False,False,False,False,False,False,True,True,False,False,False,0.0167164179104477,0.0459701492537313,,,0.0495283582089552,0.1044616915422885,0.0704477611940298,0.4370149253731343,0.0030932783417182,0.4405125076266016,1444.0,1395.0,1.3451476793248944,0.0043214994598124,0.0010663075548943,-8.092855237376876e-05
2013-01-28,1699.0,1758.0,1689.0,1717.0,218600.0,1717.0,1667.4,1647.3,1601.36,1504.9466666666667,1360.815,False,False,False,False,False,False,True,True,False,False,False,-0.0256260920209668,0.0104834012813046,,,0.0673500291205591,0.1235022325761987,0.0384391380314502,0.3768200349446709,0.0032692188427497,0.4455169064529836,1451.0,1389.0,1.3713927227101632,0.0058200529549882,0.0014985534951757,0.0001759405010314
2013-01-29,1731.0,1750.0,1696.0,1698.0,152500.0,1698.0,1677.0,1655.2,1609.24,1508.8266666666666,1363.53,False,False,False,False,False,False,True,True,False,True,False,0.0347467608951707,0.0041224970553592,,,0.0522732626619552,0.1114095013741657,0.061248527679623,0.3875147232037691,0.0025715346140929,0.4396447559207346,1430.0,1443.0,0.6976212259835316,0.0048967214337203,-0.0009233315212678,-0.0006976842286567
2013-01-30,1674.0,1718.0,1661.0,1701.0,183100.0,1701.0,1691.8,1666.0,1615.96,1512.506666666667,1366.18,False,False,False,False,False,False,True,True,False,True,False,0.0417401528512639,0.0005878894767783,,,0.0499941211052321,0.1108132471095432,0.0399764844209288,0.3674309229864785,0.0024330471270651,0.4313325330132052,1445.0,1439.0,1.200655737704918,0.0041585187752172,-0.0007382026585031,-0.0001384874870277
2013-01-31,1714.0,1741.0,1678.0,1719.0,173000.0,1719.0,1702.0,1675.2,1620.8,1516.6133333333332,1368.865,False,False,False,False,False,False,True,True,False,True,False,0.0087260034904013,-0.0354857475276323,,,0.0571262361838278,0.1177351173162692,0.0116346713205351,0.2722513089005235,0.0027077875265941,0.4129059216809933,1447.0,1434.0,0.9448388858547242,0.0029861796643632,-0.0011723391108539,0.0002747403995289
2013-02-01,1734.0,1746.0,1681.0,1703.0,165300.0,1703.0,1707.6,1681.1,1625.8,1520.5733333333333,1371.51,False,False,False,False,False,False,True,True,False,False,False,0.0287727539635936,-0.005871990604815,,,0.045331767469172,0.107120767273439,0.0275983558426306,0.3282442748091603,0.002604280841437,0.3996787817500447,1479.0,1459.0,0.9554913294797688,0.0030754090294009,8.922936503768337e-05,-0.0001035066851571
2013-02-04,1700.0,1706.0,1662.0,1673.0,148500.0,1673.0,1698.8,1683.1,1630.28,1524.04,1374.03,False,False,False,False,False,False,True,True,False,True,False,0.0370591751344889,0.0125523012552301,,,0.0255349671249253,0.0890376569037657,0.0263000597728631,0.2791392707710699,0.0022746559582863,0.3794189293565444,1475.0,1413.0,0.8983666061705989,0.0027479942095836,-0.0003274148198172,-0.0003296248831506
2013-02-05,1688.0,1810.0,1684.0,1757.0,363500.0,1757.0,1710.6,1693.8,1638.04,1528.5866666666666,1376.86,False,False,False,False,False,False,True,True,False,False,False,-0.0295959021058622,-0.0489470688673875,,,0.0677063175867957,0.1300018971732119,0.0096755833807626,0.2225384177575412,0.0029744251770698,0.3542921242177353,1475.0,1466.0,2.447811447811448,0.0047373690508168,0.0019893748412331,0.0006997692187835
2013-02-06,1776.0,1835.0,1768.0,1772.0,295900.0,1772.0,1724.8,1708.3,1645.8,1533.6933333333334,1379.75,False,False,False,False,False,False,True,True,False,True,False,-0.0395033860045146,-0.0530474040632054,,,0.0712189616252822,0.134484574868322,-0.0073363431151241,0.2646726862302483,0.0033296530379824,0.3348943394017445,1486.0,1529.0,0.8140302613480055,0.0047150322031838,-2.233684763296769e-05,0.0003552278609126
2013-02-07,1757.0,1758.0,1710.0,1734.0,203600.0,1734.0,1727.8,1714.9,1653.12,1537.986666666667,1382.49,False,False,False,False,False,False,True,True,False,True,False,-0.0438292964244521,-0.0259515570934256,,,0.046643598615917,0.1130411380238368,0.0288350634371395,0.2133794694348327,0.0027915283184077,0.3140707912997841,1541.0,1572.0,0.6880702940182494,0.0044279907084784,-0.0002870414947053,-0.0005381247195747
2013-02-08,1736.0,1760.0,1714.0,1752.0,137200.0,1752.0,1737.6,1722.6,1661.92,1542.4266666666667,1385.395,False,False,False,False,False,False,True,True,False,False,False,-0.0336757990867579,-0.0199771689497716,,,0.0514155251141552,0.1196194824961947,0.0308219178082191,0.2431506849315068,0.0028785809373972,0.2949030535237432,1556.0,1517.0,0.6738703339882122,0.0052950803889478,0.0008670896804693,8.705261898949877e-05
2013-02-12,1781.0,1785.0,1730.0,1735.0,89800.0,1735.0,1750.0,1724.4,1668.56,1546.8666666666666,1388.085,False,False,False,False,False,False,True,True,False,True,False,-0.0236311239193083,-0.0270893371757925,,,0.0382939481268011,0.1084341978866475,0.0639769452449567,0.2080691642651297,0.0028703184932981,0.2780097425191371,1524.0,1525.0,0.6545189504373178,0.003979479311502,-0.0013156010774457,-8.262444099066749e-06
2013-02-13,1736.0,1742.0,1696.0,1705.0,86900.0,1705.0,1739.6,1725.1,1674.76,1550.8933333333334,1390.63,False,False,False,False,False,False,True,True,False,True,False,-0.019941348973607,0.007624633431085,,,0.0177360703812316,0.0903851417399804,0.0909090909090909,0.224633431085044,0.0025963530696288,0.2619558286476147,1535.0,1486.0,0.967706013363029,0.0037020229764265,-0.0002774563350755,-0.0002739654236693
2013-02-14,1694.0,1715.0,1682.0,1702.0,114100.0,1702.0,1725.6,1725.2,1679.44,1554.88,1392.975,False,False,False,False,False,False,True,True,False,True,False,-0.0141010575793184,0.0258519388954171,,,0.0132549941245593,0.086439482961222,0.0875440658049353,0.2438307873090481,0.0025639706386773,0.2497681428240203,1537.0,1452.0,1.3130034522439586,0.0027866431667699,-0.0009153798096565,-3.2382430951441703e-05
2013-02-15,1705.0,1705.0,1632.0,1658.0,192100.0,1658.0,1710.4,1719.1,1681.72,1558.5333333333333,1395.15,False,False,False,False,False,False,True,True,False,True,False,0.0186972255729794,0.0711700844390832,,,-0.0143063932448733,0.0599919581825492,0.1079613992762364,0.2147165259348613,0.0023440841817092,0.2441393752544938,1539.0,1438.0,1.6836108676599475,0.0013557548224436,-0.0014308883443262,-0.0002198864569681
2013-02-18,1661.0,1709.0,1661.0,1693.0,131000.0,1693.0,1698.6,1718.1,1684.36,1562.506666666667,1397.375,False,False,False,False,False,False,True,True,False,False,False,0.0141760189013585,0.0590667454223272,,,0.0051033668044891,0.0770781649931087,0.0909627879503839,0.1447135262847017,0.0025429224835308,0.2260054711600024,1503.0,1451.0,0.6819364914107235,0.0015673608967203,0.0002116060742766,0.0001988383018216
2013-02-19,1695.0,1713.0,1679.0,1694.0,136100.0,1694.0,1690.4,1720.2,1686.76,1566.5733333333333,1399.69,False,False,False,False,False,False,True,True,False,True,False,-0.0035419126328217,0.0525383707201889,,,0.0042739079102715,0.0752223534041716,0.101534828807556,0.2367178276269185,0.0025958993301726,0.221892803162423,1484.0,1463.0,1.0389312977099237,0.0014228461666153,-0.000144514730105,5.297684664177984e-05
2013-02-20,1682.0,1715.0,1666.0,1671.0,248800.0,1671.0,1683.6,1711.6,1688.84,1569.6133333333332,1401.885,False,False,False,False,False,False,True,True,False,True,False,0.0281268701376421,0.0783961699581089,,,-0.0106762417713943,0.0606742469579094,0.1023339317773788,0.2537402752842609,0.0019367827320528,0.2249357326478149,1501.0,1447.0,1.828067597354886,0.0012316145993699,-0.0001912315672454,-0.0006591165981197
2013-02-21,1683.0,1697.0,1667.0,1678.0,189800.0,1678.0,1678.8,1702.2,1692.24,1572.8,1404.34,False,False,False,False,False,False,True,True,False,False,False,0.0405244338498212,0.0542312276519666,,,-0.0084862932061978,0.0626936829558999,0.1036948748510131,0.2288438617401668,0.0020261105459478,0.221184349665139,1533.0,1431.0,0.7628617363344051,0.002009171275942,0.000777556676572,8.932781389493381e-05
2013-02-22,1677.0,1697.0,1675.0,1689.0,129000.0,1689.0,1685.0,1697.7,1694.72,1576.2,1406.77,False,False,False,False,False,False,True,True,False,True,False,0.0515097690941385,0.0296033155713439,,,-0.0033866193013617,0.066785079928952,0.0562462995855535,0.1776198934280639,0.0021570866641289,0.2176474053130704,1598.0,1447.0,0.6796628029504742,0.0014633685800604,-0.0005458026958815,0.0001309761181811
2013-02-25,1710.0,1730.0,1708.0,1717.0,129900.0,1717.0,1689.8,1694.2,1697.64,1579.64,1409.235,False,False,False,True,True,False,True,True,False,False,False,0.0442632498543972,0.0192195690157251,,,0.0112754804892253,0.0799999999999999,0.0535818287711124,0.122306348281887,0.0021777113772758,0.205347656711132,1578.0,1444.0,1.0069767441860464,0.0017200348719399,0.0002566662918794,2.0624713146894305e-05
2013-02-26,1693.0,1704.0,1679.0,1688.0,161600.0,1688.0,1688.6,1689.5,1699.04,1583.3066666666666,1411.48,False,False,False,False,False,False,True,True,False,True,False,0.0562796208530805,0.0171800947867298,,,-0.0065402843601895,0.0620221169036335,0.1439573459715639,0.2186018957345971,0.002315828477111,0.2063924237940219,1561.0,1451.0,1.2440338722093918,0.0008239947264336,-0.0008960401455062,0.0001381170998352
2013-02-27,1696.0,1745.0,1696.0,1718.0,175100.0,1718.0,1698.0,1690.8,1701.76,1586.6666666666667,1413.705,False,False,False,False,False,False,True,True,True,False,False,0.0488940628637951,0.0325960419091967,,,0.009452852153667,0.0764454792394256,0.129220023282887,0.2118742724097788,0.0021176470588236,0.205110007097232,1563.0,1430.0,1.083539603960396,0.0015983452425724,0.0007743505161387,-0.0001981814182874
2013-02-28,1738.0,1767.0,1731.0,1746.0,196100.0,1746.0,1711.6,1695.2,1706.52,1589.56,1416.155,False,False,False,False,False,False,True,True,False,False,True,0.0131729667812142,0.0074455899198167,,,0.0226116838487972,0.0895990836197022,0.1036655211912944,0.1855670103092783,0.0018202102049203,0.1992095327984898,1578.0,1445.0,1.119931467732724,0.0027893022056582,0.0011909569630858,-0.0002974368539032
2013-03-01,1759.0,1783.0,1739.0,1776.0,122000.0,1776.0,1729.0,1707.0,1710.84,1592.28,1418.77,False,False,False,False,False,False,True,True,False,True,False,-0.0208333333333333,0.0045045045045045,,,0.0366891891891892,0.1034459459459459,0.1424549549549549,0.1677927927927928,0.0017082422689476,0.1944346807264206,1551.0,1447.0,0.6221315655277919,0.002525075401557,-0.0002642268041012,-0.0001119679359726
2013-03-04,1778.0,1797.0,1767.0,1793.0,120300.0,1793.0,1744.2,1717.0,1715.56,1595.96,1421.415,False,False,False,False,False,False,True,True,False,False,False,-0.0239821528165086,0.007250418293363,,,0.0431901840490797,0.10989403234802,0.1104294478527607,0.2119353039598438,0.0023058222010577,0.2011648223645894,1532.0,1479.0,0.9860655737704918,0.0027512882090979,0.0002262128075408,0.00059757993211
2013-03-05,1797.0,1804.0,1773.0,1783.0,197200.0,1783.0,1763.2,1725.9,1718.2,1599.4,1424.07,False,False,False,False,False,False,True,True,False,True,False,-0.037016264722378,0.0353337072349971,,,0.0363432417274256,0.102972518227706,0.126752664049355,0.2086371284352215,0.0021508065524572,0.1984471869749116,1569.0,1475.0,1.6392352452202823,0.0015364916773368,-0.0012147965317611,-0.0001550156486005
2013-03-06,1795.0,1815.0,1786.0,1802.0,159100.0,1802.0,1780.0,1739.0,1722.36,1603.6133333333332,1426.885,False,False,False,False,False,False,True,True,False,False,False,-0.0155382907880133,0.0321864594894561,,,0.0441953385127636,0.1100924898261191,0.1065482796892341,0.2097669256381798,0.0026273997888101,0.1943070730304773,1550.0,1475.0,0.8067951318458418,0.0024152906477158,0.000878798970379,0.0004765932363529
2013-03-07,1805.0,1811.0,1767.0,1769.0,115400.0,1769.0,1784.6,1748.1,1725.08,1607.84,1429.645,False,False,False,False,False,False,True,True,False,True,False,-0.0056529112492933,0.0463538722442057,,,0.0248275862068965,0.0911023176936122,0.117015262860373,0.2074618428490672,0.0026287856171426,0.1923230936445285,1585.0,1486.0,0.7253299811439347,0.0015767384700999,-0.0008385521776158,1.3858283325314871e-06
2013-03-08,1729.0,1766.0,1701.0,1739.0,242700.0,1739.0,1777.2,1753.1,1725.88,1611.8533333333332,1432.265,False,False,False,False,False,False,True,True,False,True,False,0.0258769407705577,0.0563542265669925,,,0.0075445658424381,0.0731148169446042,0.1339850488786659,0.2863714778608395,0.0024898874173828,0.203068849466659,1601.0,1541.0,2.103119584055459,0.0004635316476233,-0.0011132068224766,-0.0001388981997598
2013-03-11,1739.0,1767.0,1735.0,1750.0,126800.0,1750.0,1768.6,1756.4,1727.76,1615.84,1435.045,False,False,False,False,False,False,True,True,True,False,False,0.032,0.0554285714285714,,,0.0127085714285714,0.0766628571428571,0.1131428571428571,0.2857142857142857,0.0024672409809552,0.2191983602823958,1627.0,1556.0,0.5224557066337041,0.0010881140899198,0.0006245824422964,-2.2646436427663404e-05
2013-03-12,1770.0,1770.0,1715.0,1717.0,147600.0,1717.0,1755.4,1759.3,1729.52,1619.2266666666667,1437.495,False,False,False,False,False,False,True,True,False,True,False,0.0751310425160163,0.0867792661619103,,,-0.0072917880023296,0.0569442826635604,0.1735585323238206,0.3046010483401281,0.0020915334068938,0.227590518956403,1634.0,1524.0,1.16403785488959,0.0010176233868356,-7.04907030841793e-05,-0.0003757075740613
2013-03-13,1717.0,1782.0,1717.0,1774.0,207500.0,1774.0,1749.8,1764.9,1730.2,1623.5866666666666,1440.205,False,False,False,False,False,False,True,True,False,True,False,0.04847801578354,0.0383314543404735,,,0.0246899661781285,0.0847876738068395,0.1262683201803833,0.2931228861330326,0.0026854125434223,0.2357074055187262,1619.0,1535.0,1.405826558265583,0.0003930181481909,-0.0006246052386446,0.0005938791365284
2013-03-14,1766.0,1766.0,1741.0,1759.0,105400.0,1759.0,1747.8,1766.2,1729.68,1627.96,1442.93,False,False,False,False,False,False,False,True,False,True,False,0.0523024445707788,0.0528709494030699,,,0.0166685616827742,0.0744968732234223,0.1335986355884025,0.2905059693007391,0.0026863886909588,0.2461216170309138,1593.0,1537.0,0.5079518072289156,-0.0003006336432172,-0.0006936517914082,9.761475365786289e-07
2013-03-15,1768.0,1784.0,1759.0,1784.0,126100.0,1784.0,1756.8,1767.0,1731.68,1632.4533333333334,1445.76,False,False,False,False,False,False,True,True,True,False,False,0.0297085201793721,0.0,,,0.0293273542600896,0.084947683109118,0.1317264573991031,0.2774663677130045,0.0027525033895813,0.257159026598755,1627.0,1539.0,1.1963946869070208,0.0011549477963596,0.0014555814395768,6.611469862243024e-05
2013-03-18,1784.0,1819.0,1778.0,1806.0,139700.0,1806.0,1768.0,1768.3,1733.84,1637.28,1448.765,False,False,False,False,False,False,True,True,False,False,False,0.0227021040974529,0.0016611295681063,,,0.0399557032115172,0.093421926910299,0.1373200442967884,0.2486157253599114,0.0029479787615231,0.2608720239778318,1644.0,1503.0,1.1078509119746234,0.0012457896922437,9.084189588411724e-05,0.0001954753719418
2013-03-19,1808.0,1850.0,1805.0,1846.0,151700.0,1846.0,1793.8,1774.6,1738.28,1642.5466666666666,1451.995,False,False,False,False,False,False,True,True,False,False,True,0.0108342361863488,0.0460455037919826,,,0.0583531960996749,0.1102130733116648,0.1603466955579631,0.2128927410617551,0.0032064030651589,0.2611292685675646,1653.0,1484.0,1.085898353614889,0.0025542490277746,0.0013084593355308,0.0002584243036358
2013-03-21,1852.0,1862.0,1833.0,1860.0,117800.0,1860.0,1811.0,1780.4,1744.48,1648.28,1455.295,False,False,False,False,False,False,True,True,False,False,False,-0.0096774193548387,0.043010752688172,,,0.0621075268817204,0.1138279569892473,0.1473118279569892,0.2338709677419354,0.00347837341552,0.2634801168276791,1650.0,1501.0,0.7765326301911668,0.0035540676877923,0.0009998186600177,0.000271970350361
2013-03-22,1836.0,1864.0,1825.0,1851.0,125200.0,1851.0,1829.4,1788.6,1750.44,1653.6933333333334,1458.42,False,False,False,False,False,False,True,True,False,True,False,0.0005402485143165,0.0410588870880605,,,0.0543273905996758,0.1065946335314244,0.1674770394381415,0.2479740680713128,0.0032734807743475,0.2674158559767417,1627.0,1533.0,1.0628183361629882,0.0034048582070793,-0.0001492094807129,-0.0002048926411724
2013-03-25,1851.0,1867.0,1818.0,1837.0,132700.0,1837.0,1840.0,1798.4,1757.6,1658.8933333333334,1461.475,False,False,False,False,False,False,True,True,False,False,False,-0.0288513881328252,0.1045182362547632,,,0.0432226456178552,0.0969551805479948,0.1627653783342406,0.2558519324986391,0.0031346198670599,0.264401690391459,1668.0,1598.0,1.0599041533546325,0.0040737369139735,0.0006688787068941,-0.0001388609072875
2013-03-26,1835.0,1856.0,1820.0,1847.0,96800.0,1847.0,1848.2,1808.1,1763.76,1663.8,1464.63,False,False,False,False,False,False,True,True,False,True,False,-0.020573903627504,0.0779642663779101,,,0.0450676773145641,0.0991878722252301,0.1326475365457498,0.2479696805630752,0.0029490724045357,0.260660361705658,1675.0,1578.0,0.7294649585531273,0.0034925386673924,-0.000581198246581,-0.0001855474625242
2013-03-27,1820.0,1868.0,1818.0,1866.0,139800.0,1866.0,1852.2,1823.0,1770.64,1669.013333333333,1468.0,False,False,False,False,False,False,True,True,False,False,False,0.0348338692390139,0.0766345123258306,,,0.0511039657020363,0.1055662736691676,0.1586280814576634,0.2379421221864952,0.0031236019684283,0.2541963795940757,1717.0,1561.0,1.4442148760330578,0.0038856006867573,0.0003930620193649,0.0001745295638926
2013-03-28,1851.0,1851.0,1802.0,1842.0,112400.0,1842.0,1848.6,1829.8,1777.48,1673.9066666666668,1471.165,False,False,False,False,False,False,True,True,False,True,False,0.0532030401737242,0.0825190010857763,,,0.0350271444082518,0.0912558812884545,0.2698154180238871,0.247014115092291,0.0029233011796756,0.2496994207017159,1698.0,1563.0,0.804005722460658,0.0038481445642144,-3.7456122542932346e-05,-0.0002003007887526
2013-03-29,1860.0,1868.0,1840.0,1852.0,147200.0,1852.0,1848.8,1839.1,1784.44,1678.7866666666666,1474.38,False,False,False,False,False,False,True,True,False,False,False,0.0404967602591792,0.0669546436285097,,,0.0364794816414686,0.0935277177825774,0.2467602591792656,0.2532397408207343,0.0029068613045929,0.2461530096242729,1701.0,1578.0,1.309608540925267,0.0039003833135325,5.223874931809718e-05,-1.6439875082754126e-05
2013-04-01,1864.0,1864.0,1783.0,1784.0,77000.0,1784.0,1838.2,1839.1,1788.24,1682.0266666666666,1477.21,False,False,False,False,False,False,True,True,False,True,False,0.1373318385650224,0.1053811659192825,,,-0.0023766816143497,0.0571599402092675,0.3251121076233184,0.3015695067264574,0.0019262477011858,0.2484911097819585,1719.0,1551.0,0.5230978260869565,0.0021249944079094,-0.0017753889056231,-0.000980613603407
2013-04-02,1785.0,1823.0,1725.0,1809.0,166600.0,1809.0,1830.6,1839.4,1791.92,1685.4,1480.28,False,False,False,False,False,False,True,True,False,True,False,0.1006080707573244,0.0768380320619126,,,0.0094416804864565,0.0683250414593697,0.3272526257600884,0.3090105030403537,0.0020015031050987,0.2544307926497771,1703.0,1532.0,2.163636363636364,0.0020536631099603,-7.133129794912587e-05,7.525540391288272e-05
2013-04-03,1849.0,1933.0,1838.0,1931.0,203200.0,1931.0,1843.6,1847.9,1801.64,1690.8266666666666,1483.865,False,False,False,False,False,False,True,True,False,False,True,0.0403935784567581,0.0435007767995857,,,0.0669911962713619,0.1243776972207837,0.2703262558259969,0.2263076126359399,0.0032094754439641,0.2556415390443206,1673.0,1569.0,1.21968787515006,0.0053950844785861,0.0033414213686258,0.0012079723388654
2013-04-04,1913.0,1940.0,1872.0,1940.0,223700.0,1940.0,1863.2,1855.9,1810.52,1696.2266666666667,1487.62,False,False,False,False,False,False,True,True,False,True,False,0.0278350515463917,0.0298969072164948,,,0.0667422680412371,0.1256563573883161,0.2505154639175257,0.2051546391752577,0.0031835367914666,0.2525459345869927,1757.0,1550.0,1.1008858267716537,0.0049046682720985,-0.0004904162064876,-2.593865249759554e-05
2013-04-05,1976.0,2000.0,1908.0,1927.0,175300.0,1927.0,1878.2,1863.5,1817.76,1701.4266666666667,1491.295,False,False,False,False,False,False,True,True,False,True,False,0.0254281266216917,0.0347690710949662,,,0.0566891541255838,0.1170593322954505,0.2330046704722366,0.2029060716139076,0.0030562586691952,0.2478669170914945,1772.0,1585.0,0.7836388019669199,0.0039829240383769,-0.0009217442337216,-0.0001272781222713
2013-04-08,1978.0,2030.0,1938.0,2029.0,199000.0,2029.0,1927.2,1882.7,1827.88,1707.96,1495.51,False,False,False,False,False,False,True,True,False,False,False,-0.0280926564810251,-0.0049285362247412,,,0.099122720551996,0.1582257269590931,0.169541646131099,0.0837851158206012,0.0038252261957734,0.2294045785308333,1734.0,1601.0,1.1351968054763264,0.0055364684771429,0.001553544438766,0.0007689675265782
2013-04-09,2014.0,2026.0,1973.0,1991.0,166900.0,1991.0,1963.6,1897.1,1835.8,1714.4666666666667,1499.6,False,False,False,False,False,False,True,True,False,True,False,-0.0215971873430436,0.0316423907584128,,,0.0779507785032647,0.1388916792231709,0.2089402310396785,0.0698141637368156,0.0037951549558657,0.2108481366295925,1752.0,1627.0,0.8386934673366834,0.0043141954461269,-0.001222273031016,-3.0071239907731272e-05
2013-04-10,1985.0,2034.0,1975.0,2009.0,163700.0,2009.0,1979.2,1911.4,1844.84,1721.4666666666667,1503.745,False,False,False,False,False,False,True,True,False,False,False,0.0029865604778496,0.0662020905923344,,,0.0817122946739671,0.1431226148996183,0.1767048282727725,0.0791438526630164,0.0040663000542173,0.1943601548603118,1735.0,1634.0,0.9808268424206112,0.0049001539428893,0.0005859584967623,0.0002711450983515
2013-04-11,2010.0,2030.0,1970.0,1994.0,70600.0,1994.0,1990.0,1926.6,1852.52,1728.04,1507.825,False,False,False,False,False,False,True,True,False,True,False,0.0020060180541624,0.070210631895687,,,0.0709528585757272,0.1333801404212638,0.1815446339017051,0.0737211634904714,0.0038039242918759,0.1768400290667498,1705.0,1619.0,0.4312767257177764,0.0041457042299138,-0.0007544497129754,-0.0002623757623414
2013-04-12,1977.0,1995.0,1955.0,1976.0,106700.0,1976.0,1999.8,1939.0,1860.8,1733.9466666666667,1511.855,False,False,False,False,False,False,True,True,False,False,False,0.0091093117408906,0.0936234817813765,,,0.0582995951417004,0.1224966261808366,0.1771255060728745,0.069331983805668,0.0034064869353921,0.1585869004641567,1702.0,1593.0,1.5113314447592068,0.0044496990541702,0.0003039948242563,-0.0003974373564837
2013-04-15,1996.0,1999.0,1962.0,1972.0,78100.0,1972.0,1988.4,1957.8,1870.12,1738.9333333333334,1515.88,False,False,False,False,False,False,True,True,False,False,False,0.0238336713995943,0.0831643002028397,,,0.0516632860040568,0.1181879648411088,0.1090263691683569,0.0573022312373225,0.0028676583346112,0.1353560118500358,1658.0,1627.0,0.7319587628865979,0.0049836374136418,0.0005339383594716,-0.0005388286007808
2013-04-16,1917.0,1964.0,1902.0,1948.0,203700.0,1948.0,1979.8,1971.7,1878.04,1743.8666666666666,1519.79,False,False,False,False,False,False,True,True,False,True,False,0.0544147843942505,0.0739219712525667,,,0.0359137577002053,0.1047912388774812,0.1611909650924024,0.12217659137577,0.0028289624589034,0.1181214180656285,1693.0,1644.0,2.608194622279129,0.0042171625737471,-0.0007664748398947,-3.86958757077724e-05
2013-04-17,1988.0,2046.0,1984.0,2015.0,206000.0,2015.0,1981.0,1980.1,1889.96,1749.92,1523.98,False,False,False,False,False,False,True,True,False,False,False,0.0630272952853598,0.0729528535980148,,,0.0620545905707195,0.1315533498759304,0.0620347394540942,0.0937965260545905,0.0034592057541679,0.1050957022372607,1694.0,1653.0,1.0112911143838978,0.0063070117886093,0.0020898492148621,0.0006302432952644
2013-04-18,2015.0,2027.0,1972.0,1998.0,131200.0,1998.0,1981.8,1985.9,1898.92,1755.72,1527.855,False,False,False,False,False,False,True,True,False,True,False,0.068068068068068,0.1706706706706706,,,0.0495895895895895,0.1212612612612612,0.075075075075075,0.0875875875875875,0.0033034880277037,0.0935595951457776,1671.0,1650.0,0.6368932038834951,0.0047184715522507,-0.0015885402363585,-0.0001557177264642
2013-04-19,1998.0,2000.0,1970.0,1994.0,102700.0,1994.0,1985.4,1992.6,1908.32,1761.2666666666669,1531.57,False,False,False,False,False,False,True,True,False,False,False,0.0837512537612838,0.1579739217652959,,,0.0429689067201605,0.1167168171180206,0.1238716148445336,0.078234704112337,0.0031492486468073,0.0814513700692563,1678.0,1627.0,0.7827743902439024,0.0049257986081998,0.000207327055949,-0.0001542393808963
2013-04-22,2026.0,2064.0,2010.0,2019.0,166400.0,2019.0,1994.8,1991.6,1917.72,1767.506666666667,1535.425,False,False,False,False,False,False,True,True,False,True,False,0.0579494799405646,0.1708766716196136,,,0.0501634472511144,0.1245633151725275,0.04210004952947,0.0450718177315502,0.0035303968679043,0.0775256075517172,1689.0,1668.0,1.620253164556962,0.0049016540475148,-2.4144560685006485e-05,0.0003811482210969
2013-04-23,2031.0,2060.0,2023.0,2054.0,145500.0,2054.0,2016.0,1997.9,1927.64,1774.4666666666667,1539.39,False,False,False,False,False,False,True,True,False,False,True,0.0185004868549172,0.1689386562804284,,,0.0615189873417721,0.1360921778643297,0.0603700097370983,0.0121713729308666,0.0039223052936092,0.0715751539116071,1717.0,1675.0,0.8743990384615384,0.0051461891224502,0.0002445350749354,0.0003919084257049
2013-04-24,2070.0,2144.0,2069.0,2142.0,161900.0,2142.0,2041.4,2011.2,1939.48,1782.1066666666666,1543.81,False,False,False,False,False,False,True,True,False,False,False,0.0093370681605975,0.1451914098972922,,,0.094547152194211,0.1680174291938998,-0.0214752567693744,-0.0116713352007469,0.0042870610064492,0.0619530628480509,1688.0,1717.0,1.1127147766323024,0.006104729102646,0.0009585399801957,0.0003647557128399
2013-04-25,2157.0,2170.0,2110.0,2134.0,170500.0,2134.0,2068.6,2025.2,1950.44,1789.8933333333334,1548.175,False,False,False,False,False,False,True,True,False,True,False,0.0960637300843486,0.1368322399250234,,,0.0860168697282099,0.1612496094970321,-0.021555763823805,0.0135895032802249,0.0043503523487434,0.0556982026466521,1718.0,1698.0,1.0531192093885111,0.0056192448883329,-0.0004854842143131,6.329134229419737e-05
2013-04-26,2155.0,2169.0,2117.0,2161.0,285200.0,2161.0,2102.0,2043.7,1962.84,1797.5733333333333,1552.665,False,False,False,False,False,False,True,True,False,False,False,0.0684868116612679,0.0994909763998149,,,0.0916982878297085,0.1681752275181243,-0.0203609440074039,0.0138824618232299,0.0042724265305818,0.0499584087684103,1746.0,1701.0,1.6727272727272726,0.0063173768620977,0.0006981319737648,-7.792581816154324e-05
2013-04-30,2150.0,2160.0,2091.0,2136.0,191200.0,2136.0,2125.4,2060.1,1974.8,1804.7066666666667,1557.095,False,False,False,False,False,False,True,True,False,True,False,0.1067415730337078,0.1109550561797752,,,0.0754681647940075,0.1550998751560549,-0.0571161048689138,0.0252808988764044,0.0039526275738255,0.0466967622930927,1776.0,1719.0,0.6704067321178121,0.0060563094996961,-0.0002610673624015,-0.0003197989567563
2013-05-01,2136.0,2153.0,2091.0,2092.0,234700.0,2092.0,2133.0,2074.5,1984.6,1810.9066666666668,1561.29,False,False,False,False,False,False,True,True,False,True,False,0.1477055449330784,0.1505736137667304,,,0.0513384321223709,0.134365838113448,-0.0736137667304015,0.0688336520076481,0.003423699362382,0.0418414075680887,1793.0,1703.0,1.227510460251046,0.0049380227753703,-0.0011182867243258,-0.0005289282114435
2013-05-02,2107.0,2170.0,2107.0,2162.0,295800.0,2162.0,2137.0,2089.2,1996.44,1817.9466666666667,1565.91,False,False,False,False,False,False,True,True,False,False,False,0.1345975948196114,0.093432007400555,,,0.0765772432932469,0.15913660191181,-0.0309898242368177,0.0222016651248843,0.0038725008434423,0.034798008807199,1783.0,1673.0,1.26033233915637,0.0059305563903749,0.0009925336150046,0.0004488014810603
2013-05-07,2210.0,2437.0,2208.0,2339.0,530600.0,2339.0,2178.0,2123.3,2016.32,1827.5466666666664,1571.26,False,False,False,False,False,False,True,True,False,False,False,0.0371953826421547,0.0072680632749038,,,0.1379563916203506,0.2186632464015962,-0.1043180846515604,-0.0572894399315947,0.0052529438372753,0.019686337305138,1802.0,1757.0,1.7937795807978365,0.0098595461037929,0.003928989713418,0.0013804429938329
2013-05-08,2327.0,2352.0,2293.0,2309.0,302400.0,2309.0,2207.6,2154.8,2034.6,1837.0933333333328,1576.4,False,False,False,False,False,False,True,True,False,True,False,0.029016890428757,0.007362494586401,,,0.1188393243828497,0.2043770752129351,-0.1069727154612386,-0.039844088349935,0.0051966149424451,0.0078893632819751,1769.0,1772.0,0.5699208443271768,0.0089845669910547,-0.0008749791127382,-5.632889483013319e-05
2013-05-09,2357.0,2426.0,2357.0,2364.0,264500.0,2364.0,2253.2,2189.3,2057.8,1846.92,1581.875,False,False,False,False,False,False,True,True,False,False,False,0.0038071065989847,-0.0748730964467005,,,0.1295262267343485,0.218730964467005,-0.1586294416243654,-0.0634517766497461,0.0053205697413354,-0.0032430457223771,1739.0,1734.0,0.8746693121693122,0.0112741763047916,0.0022896093137369,0.0001239547988902
2013-05-10,2414.0,2450.0,2360.0,2401.0,282400.0,2401.0,2315.0,2224.0,2081.48,1857.013333333333,1587.45,False,False,False,False,False,False,True,True,False,False,False,0.0024989587671803,-0.0578925447730112,,,0.1330778842149104,0.2265667083159795,-0.1974177426072469,-0.0795501874219075,0.0054352508687783,-0.0129046762589927,1750.0,1752.0,1.0676748582230624,0.0113765205526835,0.0001023442478919,0.0001146811274429
2013-05-13,2409.0,2473.0,2409.0,2453.0,302700.0,2453.0,2373.2,2255.1,2102.36,1867.68,1593.205,False,False,False,False,False,False,True,True,False,True,False,-0.0362821035466775,-0.1275988585405625,,,0.1429433346922135,0.2386139421116999,-0.1614349775784753,-0.0982470444353852,0.0057111853565209,-0.0223049975610836,1717.0,1735.0,1.0718838526912182,0.00993169580852,-0.0014448247441635,0.0002759344877425
2013-05-14,2454.0,2495.0,2420.0,2426.0,247100.0,2426.0,2390.6,2284.3,2121.8,1878.0266666666664,1598.855,False,False,False,False,False,False,True,True,False,True,False,-0.0288540807914262,-0.1145919208573784,,,0.125391591096455,0.2258752404506733,-0.1417971970321516,-0.0960428689200329,0.0055093289410159,-0.033489471610559,1774.0,1705.0,0.8163197885695408,0.0091620322367801,-0.0007696635717398,-0.0002018564155049
2013-05-15,2427.0,2438.0,2358.0,2376.0,265100.0,2376.0,2404.0,2305.8,2139.76,1888.013333333333,1604.01,False,False,False,False,False,False,True,True,False,True,False,-0.021043771043771,-0.0568181818181818,,,0.0994276094276093,0.2053815937149271,-0.1287878787878787,-0.0791245791245791,0.0052895106672975,-0.0426316245988377,1759.0,1702.0,1.0728450020234723,0.0083934646876285,-0.0007685675491515,-0.0002198182737183
2013-05-16,2399.0,2463.0,2300.0,2373.0,337600.0,2373.0,2405.8,2329.5,2153.52,1897.4133333333327,1609.115,False,False,False,False,False,False,True,True,False,True,False,-0.0783817951959544,-0.1133586177833965,,,0.0924905183312263,0.2004157887343728,-0.1260008428150021,-0.0859671302149178,0.0049541129678299,-0.0532732345996994,1784.0,1658.0,1.2734817050169749,0.0063895389873322,-0.0020039257002962,-0.0003353976994676
2013-05-17,2329.0,2418.0,2305.0,2407.0,144000.0,2407.0,2407.0,2361.0,2170.16,1907.1733333333327,1614.79,False,False,False,False,False,False,True,True,False,False,False,-0.0602409638554216,-0.0951391773992521,,,0.0983963439966764,0.2076554493837419,-0.0972164520149563,-0.0943082675529705,0.0051175212181378,-0.0682761541719609,1806.0,1693.0,0.4265402843601896,0.0076676374092232,0.0012780984218909,0.0001634082503078
2013-05-20,2367.0,2400.0,2340.0,2364.0,222400.0,2364.0,2389.2,2381.2,2184.36,1915.8,1620.115,False,False,False,False,False,False,True,True,False,True,False,-0.0947546531302876,-0.1133671742808798,,,0.0759898477157359,0.1895939086294416,-0.088409475465313,-0.0638747884940778,0.0045029056616905,-0.076054090374601,1846.0,1694.0,1.5444444444444445,0.006500759947994,-0.0011668774612291,-0.0006146155564472
2013-05-21,2364.0,2397.0,2342.0,2356.0,209300.0,2356.0,2375.2,2382.9,2198.84,1924.5733333333333,1625.29,False,False,False,False,False,False,True,True,False,False,False,-0.0882852292020373,-0.1137521222410865,,,0.0667062818336162,0.1831182795698925,-0.0747028862478777,-0.0581494057724957,0.0045585861455006,-0.0761257291535524,1860.0,1671.0,0.9410971223021584,0.0065852904258609,8.453047786687127e-05,5.568048381007426e-05
2013-05-22,2352.0,2366.0,2302.0,2326.0,229200.0,2326.0,2365.2,2384.6,2212.84,1932.9066666666668,1630.36,False,False,False,False,False,False,True,True,False,True,False,-0.0365434221840068,-0.0898538263112639,,,0.0486500429922613,0.168999713384924,-0.0816852966466036,-0.0382631126397248,0.004311296286077,-0.0759456512622661,1851.0,1678.0,1.095078834209269,0.006326711375427,-0.0002585790504338,-0.0002472898594236
2013-05-23,2326.0,2342.0,2174.0,2187.0,232900.0,2187.0,2328.0,2366.9,2221.44,1939.1466666666668,1634.765,False,False,False,False,False,False,True,True,False,True,False,-0.0379515317786922,-0.0791037951531778,,,-0.0157475994513031,0.1133302850175277,0.0228623685413808,0.0100594421582075,0.0032179102835611,-0.0692466939879167,1837.0,1689.0,1.0161431064572426,0.0038713627196772,-0.0024553486557497,-0.0010933860025158
2013-05-24,2208.0,2298.0,2193.0,2262.0,250600.0,2262.0,2299.0,2353.0,2234.0,1946.6,1639.495,False,False,False,False,False,False,True,True,False,False,False,-0.0371352785145888,-0.143236074270557,,,0.0123784261715296,0.1394341290893015,-0.0053050397877984,-0.0123784261715296,0.0038288982499399,-0.0627284317892052,1847.0,1717.0,1.0759982825246888,0.0056222023276633,0.001750839607986,0.0006109879663788
2013-05-27,2212.0,2220.0,2105.0,2140.0,168800.0,2140.0,2254.2,2321.7,2239.0,1952.8266666666664,1643.585,False,False,False,False,False,False,True,True,False,True,False,-0.0205607476635514,-0.0210280373831775,,,-0.0462616822429906,0.0874641744548288,0.0467289719626168,0.052803738317757,0.0031885403722466,-0.0483266571908514,1866.0,1688.0,0.6735833998403831,0.0022331397945511,-0.0033890625331122,-0.0006403578776933
2013-05-28,2088.0,2173.0,2088.0,2148.0,119900.0,2148.0,2212.6,2293.9,2245.0,1958.04,1647.525,False,False,False,False,False,False,True,True,False,False,False,-0.0279329608938547,-0.0246741154562383,,,-0.0451582867783985,0.0884357541899441,0.0679702048417132,0.0242085661080074,0.0026625264720504,-0.0364880770739789,1842.0,1718.0,0.7103080568720379,0.0026726057906458,0.0004394659960947,-0.0005260139001962
2013-05-29,2220.0,2276.0,2190.0,2241.0,150500.0,2241.0,2195.6,2280.4,2254.88,1964.2933333333333,1651.9,False,False,False,False,False,False,True,True,False,False,False,-0.0553324408746095,-0.0798750557786702,,,-0.0061936635430611,0.1234746392979324,0.0129406514948683,-0.0133868808567603,0.003183502803383,-0.0297754779863182,1852.0,1746.0,1.255212677231026,0.0043816078904421,0.0017090020997962,0.0005209763313326
2013-05-30,2171.0,2172.0,2093.0,2104.0,189600.0,2104.0,2179.0,2253.5,2258.28,1969.2266666666667,1655.475,False,False,False,False,False,False,True,True,False,True,False,-0.0427756653992395,-0.054657794676806,,,-0.0733269961977187,0.0640557667934093,0.0831749049429657,0.0660646387832699,0.0025052135525282,-0.0149101397825604,1784.0,1776.0,1.2598006644518271,0.0015055706112617,-0.0028760372791804,-0.0006782892508547
2013-05-31,2145.0,2230.0,2116.0,2178.0,183300.0,2178.0,2162.2,2230.6,2263.24,1974.9066666666668,1659.445,False,False,False,False,False,False,True,True,False,False,False,-0.1101928374655647,-0.1152433425160697,,,-0.0391368227731863,0.0932476277930823,0.0353535353535353,0.0312213039485766,0.0028760852833551,-0.0018380704743118,1809.0,1793.0,0.9667721518987342,0.0021915483996392,0.0006859777883775,0.0003708717308269
2013-06-03,2154.0,2167.0,2083.0,2096.0,182000.0,2096.0,2153.4,2203.8,2261.4,1979.72,1662.97,False,False,False,False,False,False,False,True,False,True,False,-0.0004770992366412,-0.0186068702290076,,,-0.078912213740458,0.0554770992366412,0.0682251908396946,0.0710877862595419,0.0024313202540426,0.0117524276250111,1931.0,1783.0,0.9929078014184396,-0.0008136552578047,-0.003005203657444,-0.0004447650293125
2013-06-04,2096.0,2106.0,2020.0,2088.0,245800.0,2088.0,2141.4,2177.0,2259.56,1984.8266666666664,1666.645,False,False,False,False,False,False,False,True,False,True,False,0.0033524904214559,-0.0028735632183908,,,-0.0821647509578543,0.0494125159642402,0.0991379310344827,0.1115900383141762,0.0025728527092204,0.0288929719797887,1940.0,1802.0,1.3505494505494506,-0.0008143178317903,-6.625739855616779e-07,0.0001415324551778
2013-06-05,2068.0,2200.0,2060.0,2117.0,203200.0,2117.0,2116.6,2156.1,2257.8,1990.36,1670.29,False,False,False,False,False,False,False,True,False,False,False,-0.0259801606046291,-0.0222012281530467,,,-0.0665092111478508,0.0598205007085498,0.091166745394426,0.1067548417572036,0.002780066587619,0.0437827559018598,1927.0,1769.0,0.8266883645240033,-0.0007795198866151,3.4797945175140126e-05,0.0002072138783986
2013-06-06,2040.0,2077.0,1988.0,2014.0,171900.0,2014.0,2098.6,2138.8,2252.92,1995.1066666666663,1673.45,False,False,False,False,False,False,False,True,False,True,False,-0.0124131082423038,0.0297914597815292,,,-0.1186295928500496,0.0093809996689839,0.1454816285998013,0.1713008937437934,0.0023791543309295,0.0592388255096314,2029.0,1739.0,0.8459645669291339,-0.0021660778012535,-0.0013865579146383,-0.0004009122566895
2013-06-07,1957.0,1988.0,1913.0,1938.0,196500.0,1938.0,2050.6,2106.4,2246.76,1998.3733333333328,1676.285,False,False,False,False,False,False,False,True,False,True,False,-0.0056759545923632,0.1212590299277605,,,-0.1593188854489165,-0.0311523907808734,0.1893704850361197,0.2084623323013416,0.0016346628591253,0.0806589441701481,1991.0,1750.0,1.1431064572425829,-0.0027417258630204,-0.0005756480617669,-0.0007444914718042
2013-06-10,2008.0,2109.0,2008.0,2095.0,186000.0,2095.0,2050.4,2101.9,2244.08,2003.72,1679.935,False,False,False,False,False,False,False,True,False,False,False,-0.0181384248210023,0.0286396181384248,,,-0.0711599045346061,0.0435704057279236,0.1026252983293556,0.1274463007159904,0.002668370164827,0.0881583329368665,2009.0,1717.0,0.9465648854961832,-0.0011942533243022,0.0015474725387181,0.0010337073057017
2013-06-11,2062.0,2124.0,2036.0,2095.0,249800.0,2095.0,2051.8,2096.6,2234.32,2009.3733333333328,1683.555,False,False,False,False,False,False,False,True,False,True,False,-0.0062052505966587,0.0405727923627685,,,-0.0665011933174225,0.0408719172633256,0.0964200477326969,0.1398568019093078,0.0028134808198904,0.0998759896976057,1994.0,1774.0,1.343010752688172,-0.0043682194135127,-0.0031739660892104,0.0001451106550634
2013-06-12,2027.0,2077.0,1977.0,2062.0,209700.0,2062.0,2040.8,2078.7,2224.44,2014.493333333333,1687.04,False,False,False,False,False,False,False,True,False,True,False,0.0038797284190106,0.0358874878758486,,,-0.0787778855480116,0.0230391205948918,0.1256062075654704,0.1517943743937924,0.0025415820024226,0.1172367344975226,1976.0,1759.0,0.8394715772618094,-0.0044415673158188,-7.334790230613224e-05,-0.0002718988174678
2013-06-13,2045.0,2045.0,1980.0,1989.0,146100.0,1989.0,2035.8,2067.2,2209.44,2018.493333333333,1690.185,False,False,False,False,False,False,False,True,False,True,False,0.0427350427350427,0.1246857717445952,,,-0.1108295625942685,-0.0148282218870453,0.167420814479638,0.188034188034188,0.0019816761016467,0.1292569659442725,1972.0,1784.0,0.6967095851216023,-0.0067890506191614,-0.0023474833033425,-0.0005599059007758
2013-06-14,1992.0,2020.0,1925.0,1927.0,319300.0,1927.0,2033.6,2042.1,2190.48,2021.2933333333333,1693.01,False,False,False,False,False,False,False,True,False,True,False,0.1276595744680851,0.167618059159315,,,-0.1367306694343539,-0.0489327106037017,0.2288531395952257,0.1852620653866113,0.0013852516870387,0.1449977963860731,1948.0,1806.0,2.1854893908282,-0.0086556371206311,-0.0018665865014696,-0.000596424414608
2013-06-17,1930.0,2059.0,1922.0,2057.0,109600.0,2057.0,2026.0,2038.2,2174.64,2026.213333333333,1696.465,False,False,False,False,False,False,False,True,False,False,False,0.0476421973748176,0.0889645114244044,,,-0.057190082644628,0.01496678010047,0.1511910549343704,0.1006319883325231,0.0024281747232932,0.1481208909822391,2015.0,1846.0,0.343250861259004,-0.0072839642423574,0.0013716728782736,0.0010429230362545
2013-06-18,2060.0,2106.0,2052.0,2082.0,152200.0,2082.0,2023.4,2037.6,2160.88,2031.0666666666664,1699.995,False,False,False,False,False,False,False,True,False,False,False,0.0470701248799231,0.1018251681075888,,,-0.0378866474543708,0.0244636567403139,0.1229586935638808,0.1003842459173871,0.0023895490054486,0.146986650961916,1998.0,1860.0,1.3886861313868613,-0.0063677760912219,0.0009161881511354,-3.8625717844640965e-05
2013-06-19,2107.0,2150.0,2042.0,2070.0,157000.0,2070.0,2025.0,2032.9,2148.64,2035.3866666666668,1703.515,False,False,False,False,False,False,False,True,False,False,False,0.0318840579710144,0.0966183574879227,,,-0.0379903381642511,0.0167214170692431,0.1198067632850241,0.1231884057971014,0.0021224468405677,0.1487530129371833,1994.0,1851.0,1.0315374507227333,-0.0056966267034031,0.0006711493878187,-0.0002671021648809
2013-06-20,2074.0,2097.0,2040.0,2074.0,88800.0,2074.0,2042.0,2038.9,2136.68,2039.36,1707.075,False,False,False,False,False,False,False,True,False,False,True,0.0785920925747348,0.0988428158148505,,,-0.0302217936354869,0.016702025072324,0.0602700096432015,0.1378977820636451,0.0019483236570949,0.1454215508362352,2019.0,1837.0,0.5656050955414013,-0.0055974689705524,9.915773285072964e-05,-0.0001741231834728
2013-06-21,2159.0,2187.0,2073.0,2173.0,270900.0,2173.0,2091.2,2062.4,2127.32,2044.4266666666667,1710.96,False,False,False,False,True,False,False,True,False,False,False,0.0354348826507133,0.0377358490566037,,,0.0210216290842152,0.0591685841386715,-0.019788311090658,0.0791532443626323,0.0024782824198472,0.1325155159038012,2054.0,1847.0,3.050675675675676,-0.0043999022243948,0.0011975667461576,0.0005299587627522
2013-06-24,2170.0,2197.0,2124.0,2155.0,174400.0,2155.0,2110.8,2068.4,2118.96,2049.3866666666668,1714.855,False,False,False,False,False,False,False,True,False,False,False,0.0394431554524361,0.0389791183294663,,,0.0167238979118329,0.0490085073472544,0.0060324825986078,0.1081206496519721,0.0024202362983396,0.1304873332044092,2142.0,1866.0,0.6437799926172019,-0.0039453316721411,0.0004545705522537,-5.8046121507527096e-05
2013-06-25,2166.0,2190.0,2143.0,2180.0,175200.0,2180.0,2130.4,2076.9,2111.92,2054.4266666666667,1718.835,False,False,False,False,False,False,False,True,False,False,False,0.0522935779816513,0.0527522935779816,,,0.0312293577981651,0.0576024464831804,-0.0178899082568807,0.1160550458715596,0.0024532391843304,0.1280273484520198,2134.0,1842.0,1.0045871559633028,-0.0033334596007424,0.0006118720713986,3.300288599072032e-05
2013-06-26,2180.0,2187.0,2118.0,2136.0,178200.0,2136.0,2143.6,2084.3,2104.32,2059.32,1722.565,False,False,False,False,False,False,False,True,False,True,False,0.0627340823970037,0.0814606741573033,,,0.0148314606741572,0.0358988764044943,-0.0107677902621722,0.1484082397003745,0.0023761889037805,0.1277647171712324,2161.0,1852.0,1.0171232876712328,-0.0036116180048661,-0.0002781584041237,-7.705028054982074e-05
2013-06-27,2125.0,2239.0,2105.0,2237.0,240600.0,2237.0,2176.2,2109.1,2106.32,2065.96,1726.855,False,False,False,False,False,False,True,True,False,False,False,0.0187751452838623,0.0312919088064371,,,0.0584175234689315,0.0764595440321859,-0.067948144836835,0.0902995082700044,0.0032140022072062,0.1181072495377174,2136.0,1784.0,1.35016835016835,0.0009495233392836,0.0045611413441498,0.0008378133034256
2013-06-28,2235.0,2260.0,2210.0,2250.0,132400.0,2250.0,2191.6,2141.4,2105.84,2072.6266666666666,1731.165,False,False,False,False,False,False,False,True,False,True,False,0.0022222222222222,0.0244444444444444,,,0.064071111111111,0.0788325925925926,-0.0284444444444444,0.0951111111111111,0.0032165303929956,0.109647893901186,2092.0,1809.0,0.5502909393183707,-0.0002279375451126,-0.0011774608843963,2.5281857893369453e-06
2013-07-01,2231.0,2248.0,2199.0,2240.0,115600.0,2240.0,2208.6,2159.7,2109.84,2079.6,1735.515,False,False,False,False,False,False,True,True,True,False,False,-0.0004464285714285,0.03125,,,0.0581071428571427,0.0716071428571429,-0.0160714285714285,0.096875,0.0033532089504391,0.1091818308098347,2162.0,1931.0,0.8731117824773413,0.0018958783604443,0.002123815905557,0.0001366785574435
2013-07-02,2254.0,2299.0,2220.0,2294.0,94500.0,2294.0,2231.4,2180.9,2115.68,2086.5333333333333,1740.195,False,False,False,False,False,False,True,True,False,False,False,0.0004359197907585,0.0013077593722755,,,0.0777332170880558,0.0904388259226969,-0.0527462946817785,0.0762859633827375,0.0033228960316953,0.1065615113026732,2339.0,1940.0,0.8174740484429066,0.0027603418286317,0.0008644634681873,-3.0312918743853785e-05
2013-07-03,2300.0,2300.0,2254.0,2270.0,68000.0,2270.0,2258.2,2200.9,2116.84,2093.346666666667,1744.695,False,False,False,False,False,False,True,True,False,True,False,0.0176211453744493,0.0224669603524229,,,0.0674713656387664,0.077820851688693,-0.052863436123348,0.0810572687224669,0.0032547563391316,0.1023672134126946,2309.0,1927.0,0.7195767195767195,0.0005479866215681,-0.0022123552070636,-6.813969256366662e-05
2013-07-04,2261.0,2287.0,2260.0,2279.0,66400.0,2279.0,2266.6,2221.4,2123.84,2099.9466666666667,1749.32,False,False,False,False,False,False,True,True,True,False,False,0.0122860903905221,0.0188679245283018,,,0.0680824923211934,0.0785666227877723,-0.0741553312856516,0.0592365072400175,0.0031429369634783,0.0946250112541639,2364.0,2029.0,0.976470588235294,0.003295916829893,0.0027479302083248,-0.0001118193756532
2013-07-05,2259.0,2277.0,2231.0,2255.0,126000.0,2255.0,2267.6,2229.6,2126.92,2105.9333333333334,1753.95,False,False,False,False,False,False,True,True,False,True,False,0.0221729490022172,0.050110864745011,,,0.0567982261640797,0.0661049519586104,-0.0780487804878048,0.0780487804878048,0.0028427617208522,0.0944564047362755,2401.0,1991.0,1.8975903614457832,0.0014481033607281,-0.0018478134691648,-0.0003001752426261
2013-07-08,2274.0,2275.0,2239.0,2239.0,48700.0,2239.0,2267.4,2238.0,2132.64,2111.173333333333,1758.555,False,False,False,False,False,False,True,True,False,False,False,0.0317105850826261,0.0576150066994193,,,0.0475033497096918,0.0570909632276314,-0.0544886109870477,0.0759267530147387,0.0024820321085272,0.0912868632707775,2453.0,2009.0,0.3865079365079365,0.002682121689549,0.0012340183288208,-0.0003607296123249
2013-07-09,2244.0,2310.0,2237.0,2295.0,115100.0,2295.0,2267.6,2249.5,2140.92,2116.9733333333334,1763.41,False,False,False,False,False,False,True,True,False,False,False,0.0008714596949891,0.0187363834422657,,,0.0671372549019607,0.0775715323166303,-0.057516339869281,0.057516339869281,0.0027397605386307,0.0854412091575905,2426.0,1994.0,2.3634496919917862,0.0038674962165798,0.0011853745270308,0.0002577284301034
2013-07-10,2287.0,2355.0,2270.0,2310.0,96600.0,2310.0,2275.6,2266.9,2148.64,2123.093333333333,1768.36,False,False,False,False,False,False,True,True,False,True,False,0.0047619047619047,0.0034632034632034,,,0.0698528138528139,0.0809119769119771,-0.0515151515151515,0.0761904761904762,0.0028825864147907,0.0785654417927565,2376.0,1976.0,0.8392701998262381,0.0035929704371136,-0.0002745257794662,0.00014282587616
2013-07-11,2279.0,2315.0,2266.0,2307.0,58400.0,2307.0,2281.2,2273.9,2160.36,2129.36,1773.39,False,False,False,False,False,False,True,True,False,False,False,0.0065019505851755,-0.0468140442132639,,,0.0635630689206761,0.0770004334633722,-0.0507152145643693,0.023840485478977,0.0029429813026765,0.0718589207968688,2373.0,1972.0,0.6045548654244306,0.0054250217556334,0.0018320513185198,6.039488788581529e-05
2013-07-12,2291.0,2315.0,2269.0,2305.0,90500.0,2305.0,2291.2,2279.4,2175.04,2135.4666666666667,1778.375,False,False,False,False,False,False,True,True,False,False,False,0.0273318872017353,-0.0759219088937093,,,0.0563817787418655,0.0735502530730296,-0.0299349240780911,0.0711496746203904,0.0028596403596403,0.0694919715714662,2407.0,1948.0,1.5496575342465753,0.0067493011622774,0.0013242794066439,-8.33409430362332e-05
2013-07-16,2295.0,2322.0,2248.0,2310.0,57700.0,2310.0,2305.4,2286.4,2183.64,2141.3866666666668,1783.28,False,False,False,False,False,False,True,True,False,True,False,0.0251082251082251,-0.0614718614718614,,,0.0547012987012987,0.0729927849927849,-0.0432900432900432,0.0597402597402597,0.0027645637717616,0.0658240027991602,2364.0,2015.0,0.6375690607734806,0.0039383781209356,-0.0028109230413417,-9.507658787868056e-05
2013-07-17,2267.0,2310.0,2245.0,2297.0,96800.0,2297.0,2305.8,2286.7,2191.72,2147.4533333333334,1788.185,False,False,False,False,False,False,True,True,False,True,False,0.0178493687418371,-0.0679146713104048,,,0.045833696125381,0.0651052096938035,-0.0400522420548541,0.0783630822812364,0.0028250516891325,0.0660340228276555,2356.0,1998.0,1.6776429809358753,0.0036866023032138,-0.0002517758177217,6.048791737089205e-05
2013-07-18,2284.0,2330.0,2270.0,2321.0,67600.0,2321.0,2308.0,2291.8,2202.08,2153.7066666666665,1793.21,False,False,False,False,False,False,True,True,False,False,True,-0.0012925463162429,-0.0896165445928479,,,0.0512365359758725,0.0720781272440041,-0.0448082722964239,0.0736751400258509,0.0029035213709077,0.0653198359368181,2326.0,1994.0,0.6983471074380165,0.0047046428830924,0.0010180405798785,7.846968177519778e-05
2013-07-19,2330.0,2349.0,2305.0,2322.0,116900.0,2322.0,2311.0,2296.1,2215.4,2160.88,1798.155,False,False,False,False,False,False,True,True,False,False,False,-0.0529715762273901,-0.1020671834625323,,,0.0459086993970714,0.0693884582256674,-0.0465116279069767,0.1029285099052541,0.0033196352103465,0.0697269282696746,2187.0,2019.0,1.7292899408284024,0.0060124582468178,0.0013078153637253,0.0004161138394388
2013-07-22,2317.0,2370.0,2317.0,2368.0,121100.0,2368.0,2323.6,2307.4,2233.04,2168.333333333333,1803.34,False,False,False,False,False,False,True,True,False,False,False,-0.1005067567567567,-0.0768581081081081,,,0.0569932432432432,0.0843186936936938,-0.0667229729729729,0.0844594594594594,0.003437355880092,0.0704255872410505,2262.0,2054.0,1.035928143712575,0.0078995450148675,0.0018870867680497,0.0001177206697455
2013-07-23,2335.0,2374.0,2323.0,2368.0,55900.0,2368.0,2335.2,2320.3,2245.48,2174.16,1808.625,False,False,False,False,False,False,True,True,False,True,False,-0.0844594594594594,-0.0692567567567567,,,0.0517398648648648,0.0818581081081081,-0.0658783783783783,0.0920608108108108,0.0026799622229582,0.0721027453346548,2140.0,2142.0,0.4616019818331957,0.0055400181698345,-0.002359526845033,-0.0007573936571338
2013-07-24,2340.0,2363.0,2311.0,2338.0,71100.0,2338.0,2343.4,2324.6,2255.72,2179.4666666666667,1813.73,False,False,False,False,False,False,True,True,False,True,False,-0.0842600513259195,-0.0705731394354148,,,0.0351924721984603,0.067807242657542,-0.0620188195038494,0.1039349871685201,0.0024348464456136,0.0767443861309473,2148.0,2134.0,1.2719141323792489,0.0045395705140707,-0.0010004476557637,-0.0002451157773445
2013-07-25,2341.0,2341.0,2310.0,2318.0,48800.0,2318.0,2342.8,2325.4,2265.64,2184.68,1818.78,False,False,False,False,False,False,True,True,False,True,False,-0.0884383088869715,-0.0724762726488352,,,0.022588438308887,0.0575150992234685,-0.0560828300258843,0.1151855047454702,0.0023863143953957,0.0806312892405607,2241.0,2161.0,0.6863572433192686,0.0043784537702371,-0.0001611167438336,-4.8532050217958266e-05
2013-07-26,2263.0,2304.0,2151.0,2199.0,179200.0,2199.0,2318.2,2314.6,2270.64,2186.9466666666667,1823.215,False,False,False,False,False,False,True,True,False,True,False,-0.0518417462482946,-0.0404729422464756,,,-0.0325784447476124,0.0054812793694103,-0.0136425648021828,0.1746248294679399,0.0010364526493559,0.0952216365678735,2104.0,2136.0,3.672131147540984,0.0022020223373145,-0.0021764314329225,-0.0013498617460397
2013-07-29,2143.0,2193.0,2129.0,2130.0,66400.0,2130.0,2270.6,2297.1,2268.92,2188.8,1827.23,False,False,False,False,False,False,False,True,False,True,False,0.0262910798122065,-0.0239436619718309,,,-0.0652206572769953,-0.0276056338028169,0.0234741784037558,0.2103286384976525,0.0008467348927875,0.108310478429324,2178.0,2092.0,0.3705357142857143,-0.0007580699187277,-0.0029600922560423,-0.0001897177565683
2013-07-30,2117.0,2177.0,2107.0,2168.0,123700.0,2168.0,2230.6,2282.9,2269.44,2190.92,1831.33,False,False,False,False,False,False,True,True,False,False,False,0.0166051660516605,-0.0235239852398524,,,-0.0467896678966789,-0.0105719557195572,0.0207564575645756,0.1757380073800738,0.0009676300366968,0.1196285426431293,2096.0,2162.0,1.862951807228916,0.0002291314156796,0.0009872013344073,0.0001208951439092
2013-07-31,2150.0,2224.0,2130.0,2141.0,87000.0,2141.0,2191.2,2267.3,2267.88,2192.88,1835.0,False,False,False,False,False,False,False,True,False,True,False,0.0149462867818776,0.0102755721625408,,,-0.0592620270901448,-0.0242316674451191,0.0364315740308267,0.187295656235404,0.0008938017584181,0.1301989150090415,2088.0,2339.0,0.7033144704931286,-0.0006878670829144,-0.000916998498594,-7.382827827869312e-05
2013-08-01,2142.0,2157.0,2060.0,2113.0,144500.0,2113.0,2150.2,2246.5,2266.96,2194.7066666666665,1838.44,False,False,False,False,False,False,False,True,False,False,False,0.0175106483672503,0.0369143398012304,,,-0.0728632276384287,-0.0386685597097333,0.0586843350686228,0.1987695220066256,0.0008323056080386,0.1424883151569107,2117.0,2309.0,1.660919540229885,-0.0004058298337862,0.0002820372491281,-6.149615037956944e-05
2013-08-02,2080.0,2140.0,2068.0,2085.0,181000.0,2085.0,2127.4,2222.8,2260.88,2196.213333333333,1841.81,False,False,False,False,False,False,False,True,False,True,False,0.0119904076738609,0.0503597122302158,,,-0.0843549160671463,-0.0533397282174259,0.0594724220623501,0.2225419664268585,0.0006860292867723,0.1541299262191829,2014.0,2364.0,1.2525951557093429,-0.0026892183574537,-0.0022833885236674,-0.0001462763212662
2013-08-05,2110.0,2229.0,2106.0,2186.0,180000.0,2186.0,2138.6,2204.6,2258.32,2199.3866666666668,1845.71,False,False,False,False,False,False,False,True,False,False,False,-0.0489478499542543,0.0228728270814272,,,-0.0330832570905764,-0.0061238182372675,0.0219579139981701,0.131747483989021,0.0014428264849595,0.1593939943753969,1938.0,2401.0,0.994475138121547,-0.0011335860285521,0.0015556323289015,0.0007567971981871
2013-08-06,2187.0,2211.0,2160.0,2204.0,70100.0,2204.0,2145.8,2188.2,2256.88,2201.9066666666668,1849.665,False,False,False,False,False,False,False,True,False,False,False,-0.0394736842105263,0.0027223230490018,,,-0.0239927404718693,0.0009497882637628,0.0222323049001814,0.1479128856624319,0.0011444626778004,0.1655241751211042,2095.0,2453.0,0.3894444444444444,-0.0006380489879834,0.0004955370405687,-0.0002983638071591
2013-08-07,2186.0,2215.0,2164.0,2173.0,151400.0,2173.0,2152.2,2171.7,2252.04,2204.24,1853.45,False,False,False,False,False,False,False,True,False,True,False,-0.0046019328117809,0.014726184997699,,,-0.0363736769443166,-0.0143764381040035,0.0124252185918085,0.1656695812241141,0.0010585659153871,0.1721692683151448,2095.0,2426.0,2.159771754636234,-0.0021491625370775,-0.0015111135490941,-8.589676241326665e-05
2013-08-08,2185.0,2235.0,2143.0,2150.0,59100.0,2150.0,2159.6,2154.9,2247.24,2206.32,1857.255,False,False,False,False,False,False,False,True,False,False,False,0.0190697674418604,0.0311627906976744,,,-0.045227906976744,-0.0261953488372093,0.0283720930232558,0.1627906976744186,0.000942746292469,0.1773632187108449,2062.0,2376.0,0.3903566710700132,-0.0021359534362151,1.3209100862387156e-05,-0.000115819622918
2013-08-09,2143.0,2143.0,2097.0,2110.0,94300.0,2110.0,2164.6,2146.0,2240.48,2207.5333333333333,1860.745,False,False,False,False,False,False,False,True,False,True,False,0.0379146919431279,0.0492890995260663,,,-0.0618388625592417,-0.0462243285939968,0.0630331753554502,0.1938388625592417,0.0005496330746231,0.1792637465051257,1989.0,2373.0,1.595600676818951,-0.0030172105977289,-0.0008812571615137,-0.0003931132178459
2013-08-12,2085.0,2107.0,2063.0,2079.0,87200.0,2079.0,2143.2,2140.9,2233.44,2207.866666666667,1864.045,False,False,False,False,False,False,False,True,False,True,False,0.0755170755170755,0.063011063011063,,,-0.0742857142857143,-0.0619849286515953,0.0803270803270803,0.2015392015392015,0.0001509753004409,0.1783362137418841,1927.0,2407.0,0.9247083775185578,-0.0031520882584712,-0.0001348776607422,-0.0003986577741822
2013-08-13,2094.0,2129.0,2081.0,2117.0,36600.0,2117.0,2125.8,2135.8,2228.56,2207.5333333333333,1867.62,False,False,False,False,False,False,False,False,False,False,False,0.0439300897496457,0.0448748228625413,,,-0.0526972130373169,-0.0427649189104078,0.0604629192253188,0.1931979215871516,-0.000150998097424,0.1800730405468676,2057.0,2364.0,0.4197247706422018,-0.0021897548192555,0.0009623334392156,-0.0003019733978649
2013-08-14,2133.0,2171.0,2112.0,2163.0,58800.0,2163.0,2123.8,2138.0,2223.28,2207.92,1871.42,False,False,False,False,False,False,False,True,False,True,False,0.0194174757281553,0.0138696255201109,,,-0.0278687008784097,-0.0207674526121128,0.0730466944059177,0.1655108645399907,0.0001751271181323,0.1778765201122545,2082.0,2356.0,1.6065573770491803,-0.0023748695620883,-0.0001851147428327,0.0003261252155563
2013-08-15,2165.0,2210.0,2165.0,2191.0,146900.0,2191.0,2132.0,2145.8,2218.52,2208.32,1875.36,False,False,False,False,False,False,False,True,False,False,False,0.0118667275216795,-0.001369237790963,,,-0.0125604746691008,-0.0079050661798266,0.0693747147421268,0.1487905066179826,0.0001811331691059,0.172849286979215,2070.0,2326.0,2.498299319727891,-0.0021455745271623,0.0002292950349259,6.006050973621696e-06
2013-08-16,2163.0,2200.0,2163.0,2190.0,85500.0,2190.0,2148.0,2156.3,2213.84,2209.04,1879.39,False,False,False,False,False,False,False,True,False,False,False,0.010958904109589,-0.0095890410958904,,,-0.0108858447488585,-0.0086940639269406,0.0771689497716895,0.119634703196347,0.000325933437149,0.162639706905347,2074.0,2187.0,0.5820285908781484,-0.0021139739095868,3.1600617575462675e-05,0.0001448002680431
2013-08-19,2191.0,2244.0,2189.0,2236.0,81000.0,2236.0,2179.4,2161.3,2211.08,2210.96,1883.595,False,False,False,False,True,False,False,True,False,False,False,-0.0116279069767441,-0.0250447227191413,,,0.0111449016100179,0.0111985688729874,0.0474060822898032,0.0889982110912343,0.0008684010565546,0.158145560542266,2173.0,2262.0,0.9473684210526316,-0.0012482587694702,0.0008657151401166,0.0005424676194055
2013-08-20,2230.0,2236.0,2208.0,2210.0,66300.0,2210.0,2198.0,2161.9,2207.08,2211.6,1887.7,False,False,True,False,False,False,False,True,False,True,False,0.0009049773755656,0.0013574660633484,,,0.0013212669683258,-0.0007239819004524,0.0687782805429864,0.1085972850678733,0.0002893832519442,0.1541236874971089,2155.0,2140.0,0.8185185185185185,-0.0018123493484604,-0.0005640905789901,-0.0005790178046104
2013-08-21,2200.0,2219.0,2168.0,2205.0,66900.0,2205.0,2206.4,2165.1,2203.4,2209.813333333333,1891.51,False,False,False,False,False,False,False,False,False,False,False,-0.0054421768707482,0.0063492063492063,,,0.0007256235827663,-0.0021829176114889,0.0829931972789115,0.1083900226757369,-0.0008085147463436,0.1483072375409911,2180.0,2148.0,1.009049773755656,-0.0016701461377869,0.0001422032106734,-0.0010978979982879
2013-08-22,2217.0,2223.0,2181.0,2217.0,71900.0,2217.0,2211.6,2171.8,2199.24,2208.5866666666666,1895.4,False,False,False,False,False,False,False,False,False,True,False,-0.0130807397383852,0.009021199819576,,,0.0080108254397835,0.003794918057435,0.0712674785746504,0.1235904375281912,-0.0005554079833859,0.1443503084998618,2136.0,2241.0,1.0747384155455904,-0.0018915625397866,-0.0002214164019996,0.0002531067629577
2013-08-23,2209.0,2226.0,2189.0,2214.0,67600.0,2214.0,2216.4,2182.2,2194.92,2206.5866666666666,1899.3,False,False,False,False,False,False,False,False,False,True,False,-0.0203252032520325,-0.0022583559168925,,,0.0086178861788617,0.0033483890394459,0.0672990063233965,0.0984643179765131,-0.000906377270475,0.1349097241316103,2237.0,2104.0,0.9401947148817804,-0.0019681810726585,-7.661853287193937e-05,-0.000350969287089
2013-08-26,2201.0,2222.0,2201.0,2210.0,35500.0,2210.0,2211.2,2195.3,2188.6,2204.04,1903.055,False,False,False,False,False,False,False,False,False,True,False,-0.0135746606334841,0.0108597285067873,,,0.009683257918552,0.0026968325791855,0.0334841628959276,0.088235294117647,-0.0011554539240061,0.1239010613583564,2250.0,2178.0,0.5251479289940828,-0.0028876907612172,-0.0009195096885587,-0.0002490766535311
2013-08-27,2205.0,2233.0,2202.0,2212.0,70900.0,2212.0,2211.6,2204.8,2182.36,2200.826666666667,1907.05,False,False,False,False,False,False,False,False,False,False,False,0.0004520795660036,0.0185352622061482,,,0.0133996383363471,0.005051235684147,0.023508137432188,0.0840867992766726,-0.0014600574329644,0.1132529027576196,2240.0,2096.0,1.9971830985915493,-0.0028592899429973,2.8400818219902896e-05,-0.0003046035089582
2013-08-28,2162.0,2199.0,2151.0,2193.0,56000.0,2193.0,2209.2,2207.8,2176.56,2197.72,1910.685,False,False,False,False,False,False,False,False,False,False,False,0.0118559051527587,0.0031919744642042,,,0.0074965800273598,-0.0021523027815776,0.04468764249886,0.11171910624715,-0.0014135862014574,0.1079807953618985,2294.0,2088.0,0.7898448519040903,-0.0026647553938325,0.0001945345491648,4.647123150706414e-05
2013-08-29,2179.0,2193.0,2163.0,2188.0,37200.0,2188.0,2203.4,2207.5,2171.36,2195.213333333333,1913.98,False,False,False,False,False,False,False,False,False,False,False,0.0223948811700182,0.0105118829981718,,,0.0076051188299816,-0.0032967702620352,0.0626142595978062,0.0968921389396709,-0.0011418783899514,0.1028312570781427,2270.0,2117.0,0.6642857142857143,-0.002394812467762,0.0002699429260704,0.0002717078115059
2013-08-30,2181.0,2200.0,2167.0,2169.0,47800.0,2169.0,2194.4,2205.4,2170.16,2192.4933333333333,1916.965,False,False,False,False,False,True,False,False,False,False,False,0.0184416781927155,0.0341171046565237,,,-0.0005348086675886,-0.0108314123251882,0.0880590133702167,0.1147994467496542,-0.0012405967026884,0.1023397116169401,2279.0,2014.0,1.2849462365591398,-0.0005529546208575,0.0018418578469044,-9.871831273700906e-05
2013-09-02,2156.0,2197.0,2130.0,2180.0,44300.0,2180.0,2188.4,2199.8,2172.16,2189.4666666666667,1920.28,False,False,False,False,False,False,True,False,False,False,False,0.0247706422018348,0.0302752293577981,,,0.0035963302752294,-0.0043425076452599,0.0756880733944954,0.1022935779816513,-0.0013823762255648,0.1036912446586052,2255.0,1938.0,0.9267782426778244,0.0009207424867413,0.0014736971075988,-0.0001417795228763
2013-09-03,2195.0,2227.0,2190.0,2213.0,49300.0,2213.0,2188.6,2200.1,2173.96,2187.4533333333334,1923.72,False,False,False,False,False,False,True,False,False,True,False,0.018075011296882,0.0144600090375056,,,0.0176412110257568,0.0115439072149419,0.079078174423859,0.0736556710347944,-0.0009204005875934,0.1001772646697877,2239.0,2095.0,1.1128668171557563,0.0008279821155863,-9.276037115492124e-05,0.0004619756379713
2013-09-04,2200.0,2226.0,2180.0,2219.0,36100.0,2219.0,2193.8,2201.5,2177.08,2185.6266666666666,1927.385,False,False,False,False,False,False,True,False,True,False,False,-0.0085624155024785,0.045966651644885,,,0.0188913925191528,0.0150398077211957,0.0964398377647589,0.0775123929698062,-0.000835763350862,0.0970701794231205,2295.0,2095.0,0.7322515212981744,0.0014331122420856,0.0006051301264992,8.463723673141467e-05
2013-09-05,2210.0,2244.0,2204.0,2237.0,38200.0,2237.0,2203.6,2203.5,2182.04,2184.44,1931.31,False,False,False,False,False,False,True,False,False,False,False,-0.0116227089852481,0.0473848904783191,,,0.0245686186857398,0.0234957532409476,0.0965578900312919,0.0947697809566383,-0.0005432361001751,0.0941683685046516,2310.0,2062.0,1.058171745152355,0.0022731022346061,0.0008399899925204,0.0002925272506869
2013-09-06,2243.0,2243.0,2184.0,2209.0,30500.0,2209.0,2211.6,2203.0,2187.0,2184.733333333333,1935.165,False,True,False,False,False,False,True,True,False,True,False,0.0153915799004074,0.0679040289723856,,,0.0099592575826165,0.0109853629093104,0.1041195110909913,0.1303757356269805,0.0001342650514172,0.0973672265093054,2307.0,1989.0,0.7984293193717278,0.002267946959305,-5.155275301164421e-06,0.0006775011515923
2013-09-09,2255.0,2260.0,2225.0,2234.0,63500.0,2234.0,2222.4,2205.4,2188.92,2184.36,1939.08,False,False,False,False,False,False,True,False,False,True,False,0.0053715308863025,0.0483437779767233,,,0.0201790510295433,0.0222202327663383,0.1029543419874664,0.1383169203222918,-0.0001709119986325,0.1024303981137209,2305.0,1927.0,2.081967213114754,0.0008771448933721,-0.0013908020659328,-0.0003051770500498
2013-09-10,2218.0,2286.0,2218.0,2253.0,89900.0,2253.0,2230.4,2209.5,2190.88,2185.866666666667,1943.03,False,False,False,False,False,False,True,True,False,False,False,-0.0035508211273857,0.0483799378606302,,,0.0275721260541499,0.0297973072939783,0.0905459387483355,0.1273857079449622,0.0006892765645968,0.1068114958135324,2310.0,2057.0,1.415748031496063,0.0008946176878697,1.747279449762387e-05,0.0008601885632293
2013-09-11,2253.0,2265.0,2193.0,2200.0,94200.0,2200.0,2226.6,2210.2,2191.96,2186.56,1946.795,False,False,False,False,False,False,True,True,False,True,False,0.055,0.0854545454545454,,,0.0036545454545454,0.0061090909090909,0.1222727272727272,0.1409090909090909,0.00031708863847,0.1097185775042982,2297.0,2082.0,1.0478309232480534,0.0004927097209802,-0.0004019079668894,-0.0003721879261267
2013-09-12,2192.0,2221.0,2187.0,2211.0,97700.0,2211.0,2221.4,2212.5,2194.4,2186.16,1950.695,False,False,False,False,False,False,True,False,True,False,False,0.0597014925373134,0.0741745816372682,,,0.0075079149706014,0.0112347354138399,0.1099050203527815,0.1641791044776119,-0.0001829692245764,0.1164293785310734,2321.0,2070.0,1.0371549893842889,0.0011119212541013,0.000619211533121,-0.0005000578630465
2013-09-13,2191.0,2260.0,2191.0,2243.0,61200.0,2243.0,2228.2,2219.9,2199.72,2188.0133333333333,1954.675,False,False,False,False,False,False,True,True,False,False,False,0.0517164511814534,0.0534997770842621,,,0.0192955862683906,0.0245147867439441,0.0762371823450735,0.1395452518947837,0.0008470393233436,0.1189242758682823,2322.0,2074.0,0.6264073694984647,0.0024184896259522,0.0013065683718508,0.00103000854792
2013-09-17,2219.0,2254.0,2211.0,2246.0,50100.0,2246.0,2230.6,2226.5,2206.4,2188.92,1958.685,False,False,False,False,False,False,True,True,False,False,False,0.0427426536064114,0.0169189670525378,,,0.0176313446126446,0.025414069456812,0.0823686553873553,0.1308993766696349,0.000414207310759,0.1217606108241634,2368.0,2173.0,0.8186274509803921,0.0030275562001451,0.0006090665741929,-0.0004328320125845
2013-09-18,2236.0,2255.0,2230.0,2245.0,87700.0,2245.0,2229.0,2229.7,2211.52,2190.9066666666668,1962.655,False,False,False,False,False,False,True,True,False,True,False,0.0521158129175946,0.0084632516703786,,,0.014913140311804,0.0240950259836673,0.0730512249443207,0.1162583518930957,0.0009067783200866,0.1259810736870431,2368.0,2155.0,1.750499001996008,0.0023151497612501,-0.000712406438895,0.0004925710093275
2013-09-19,2259.0,2323.0,2259.0,2321.0,89300.0,2321.0,2253.2,2239.9,2217.84,2194.0133333333333,1967.11,False,False,False,False,False,False,True,True,False,False,False,0.0288668677294269,-0.0129254631624299,,,0.0444463593278758,0.0547120494039925,0.0456699698405859,0.1046962516156829,0.0014159743787639,0.1285771686235992,2338.0,2180.0,1.0182440136830102,0.0028496194495545,0.0005344696883044,0.0005091960586773
2013-09-20,2302.0,2345.0,2302.0,2343.0,56500.0,2343.0,2279.6,2250.5,2223.92,2197.026666666666,1971.6,False,False,False,False,False,False,True,True,False,True,False,0.0136577037985488,-0.0076824583866837,,,0.0508237302603499,0.0623018921610473,0.0610328638497652,0.0631668800682885,0.0013715506411693,0.1251277493890246,2318.0,2136.0,0.6326987681970885,0.002733911291773,-0.0001157081577815,-4.442373759461801e-05
2013-09-24,2307.0,2369.0,2307.0,2359.0,82700.0,2359.0,2302.8,2265.5,2230.68,2201.6266666666666,1976.16,False,False,False,False,False,False,True,True,False,False,False,0.0016956337431114,0.0004239084357778,,,0.0543959304790166,0.066711883566483,0.0012717253073336,0.0703688003391267,0.0020893642276621,0.11891414698742,2199.0,2237.0,1.463716814159292,0.0030304660462279,0.0002965547544548,0.0007178135864927
2013-09-25,2359.0,2359.0,2312.0,2342.0,70400.0,2342.0,2322.0,2276.3,2234.92,2207.0133333333333,1980.475,False,False,False,False,False,False,True,True,False,True,False,-0.0247651579846285,0.0012809564474807,,,0.0457216054654141,0.0576373469968687,0.0542271562766865,0.0448334756618275,0.0024407041794038,0.1093880419979791,2130.0,2250.0,0.8512696493349455,0.001897159629875,-0.0011333064163529,0.0003513399517417
2013-09-26,2315.0,2365.0,2264.0,2362.0,105400.0,2362.0,2345.4,2287.2,2241.0,2210.5733333333333,1984.91,False,False,False,False,False,False,True,True,False,False,False,-0.0414902624894157,0.0110076206604572,,,0.0512277730736663,0.0641095117132374,0.0364098221845893,0.0461473327688399,0.0016104419366317,0.1010842952081148,2168.0,2240.0,1.4971590909090908,0.0027130745203034,0.0008159148904284,-0.000830262242772
2013-09-27,2358.0,2400.0,2333.0,2388.0,135700.0,2388.0,2358.8,2306.0,2248.32,2214.48,1989.475,False,False,False,False,False,False,True,True,False,False,False,-0.0406197654941373,0.0188442211055276,,,0.0584924623115577,0.0726633165829145,0.0372696817420435,0.0393634840871021,0.0017641462856592,0.0908933217692974,2141.0,2294.0,1.2874762808349147,0.0032557643040137,0.0005426897837103,0.0001537043490274
2013-09-30,2348.0,2393.0,2348.0,2375.0,91500.0,2375.0,2365.2,2322.4,2254.64,2218.653333333333,1993.92,False,False,False,False,False,False,True,True,False,True,False,-0.0210526315789473,0.0328421052631578,,,0.0506778947368421,0.0658301754385965,0.0492631578947368,0.0286315789473684,0.0018810209195968,0.0775490871512228,2113.0,2270.0,0.6742815033161386,0.0028031082567503,-0.0004526560472633,0.0001168746339375
2013-10-01,2346.0,2375.0,2335.0,2363.0,60400.0,2363.0,2366.0,2334.4,2260.6,2223.64,1998.03,False,False,False,False,False,False,True,True,False,True,False,-0.0012695725772323,0.0321625052898857,,,0.0433347439695303,0.0589758781210326,0.0837917900973339,0.0139652983495556,0.0022425692408243,0.0651559287183001,2085.0,2279.0,0.6601092896174864,0.0026364681942847,-0.0001666400624656,0.0003615483212275
2013-10-02,2369.0,2369.0,2267.0,2284.0,137900.0,2284.0,2354.4,2338.2,2263.56,2228.4,2001.67,False,False,False,False,False,False,True,True,False,True,False,0.0267075306479859,0.0788091068301225,,,0.0089492119089317,0.0243432574430822,0.1243432574430823,0.0275831873905429,0.0021360617483397,0.0551706440851937,2186.0,2255.0,2.283112582781457,0.0013076746364134,-0.0013287935578712,-0.0001065074924846
2013-10-03,2285.0,2300.0,2246.0,2264.0,103900.0,2264.0,2334.8,2340.1,2265.64,2231.16,2005.37,False,False,False,False,False,False,True,True,False,True,False,0.0547703180212014,0.0852473498233215,,,-0.0007243816254416,0.0145053003533569,0.142226148409894,0.0424028268551236,0.0012370246867099,0.0480748685953591,2204.0,2239.0,0.7534445250181291,0.0009180628873077,-0.0003896117491057,-0.0008990370616297
2013-10-04,2264.0,2309.0,2258.0,2291.0,79900.0,2291.0,2315.4,2337.1,2269.56,2233.9466666666667,2009.15,False,False,False,False,False,False,True,True,True,False,False,0.061981667394151,0.0776953295504146,,,0.0093583587952859,0.0249032445802415,0.1265822784810126,0.0292448712352684,0.0012474186193643,0.0406058790809122,2173.0,2295.0,0.7690086621751684,0.001727207035725,0.0008091441484172,1.0393932654374771e-05
2013-10-07,2291.0,2348.0,2291.0,2325.0,119000.0,2325.0,2305.4,2335.3,2275.04,2237.346666666667,2013.09,False,False,False,False,False,False,True,True,False,False,False,0.0550537634408602,0.0554838709677419,,,0.0214881720430107,0.037700358422939,0.1118279569892473,-0.0077419354838709,0.0015196572130083,0.0335288827987837,2150.0,2310.0,1.4893617021276595,0.0024087488571629,0.0006815418214379,0.0002722385936439
2013-10-08,2326.0,2377.0,2319.0,2360.0,172400.0,2360.0,2304.8,2335.4,2282.68,2241.16,2017.195,False,False,False,False,False,False,True,True,False,False,False,0.0334745762711864,0.0228813559322033,,,0.0327627118644068,0.0503559322033898,0.0944915254237288,0.0169491525423728,0.0017014998185462,0.0281322257429133,2110.0,2307.0,1.4487394957983193,0.0033469430669212,0.0009381942097583,0.0001818426055379
2013-10-09,2345.0,2354.0,2279.0,2345.0,142900.0,2345.0,2317.0,2335.7,2289.28,2243.4533333333334,2021.405,False,False,False,False,False,False,True,True,False,True,False,0.0507462686567164,0.0366737739872068,,,0.0237611940298506,0.0433034825870646,0.0993603411513859,-0.0017057569296375,0.0010222335803731,0.0234619171982704,2079.0,2305.0,0.8288863109048724,0.002883002516075,-0.0004639405508462,-0.000679266238173
2013-10-10,2357.0,2392.0,2345.0,2388.0,99500.0,2388.0,2341.8,2338.3,2296.28,2246.56,2025.925,False,False,False,False,False,False,True,True,False,False,False,0.028894472361809,0.0087939698492462,,,0.0384087102177553,0.0592294807370184,0.0674204355108877,-0.0858458961474036,0.0013828549723428,0.0100072702390624,2117.0,2310.0,0.6962911126662001,0.0030484087306426,0.0001654062145675,0.0003606213919696
2013-10-11,2400.0,2439.0,2388.0,2433.0,154400.0,2433.0,2370.2,2342.8,2304.84,2249.9333333333334,2030.585,False,False,False,False,False,False,True,True,False,False,False,0.0147965474722564,-0.002466091245376,,,0.0526757090012329,0.0752431839978079,0.0448006576243321,-0.0863131935881627,0.0014993036830721,-0.0029878777531159,2163.0,2297.0,1.5517587939698492,0.0037139237430797,0.0006655150124371,0.0001164487107292
2013-10-15,2433.0,2469.0,2430.0,2453.0,113400.0,2453.0,2395.8,2350.6,2313.48,2254.16,2035.185,False,False,False,False,False,False,True,True,False,False,False,0.0004076640847941,0.0134529147982062,,,0.0568772931104769,0.0810599266204648,0.0326131267835303,-0.0578883000407664,0.0018750517561603,-0.0119118522930315,2191.0,2321.0,0.7344559585492227,0.0037346335390839,2.070979600416606e-05,0.0003757480730882
2013-10-16,2441.0,2448.0,2412.0,2439.0,53900.0,2439.0,2411.6,2358.2,2322.68,2256.853333333333,2039.39,False,False,False,False,False,False,True,True,False,False,False,-0.010250102501025,-0.031570315703157,,,0.0476916769167692,0.0746808801421348,0.04510045100451,-0.051660516605166,0.0011934020228754,-0.0186158934780763,2190.0,2322.0,0.4753086419753086,0.0039609416708284,0.0002263081317445,-0.0006816497332849
2013-10-17,2444.0,2473.0,2439.0,2464.0,105500.0,2464.0,2435.4,2376.2,2331.88,2259.7066666666665,2043.82,False,False,False,False,False,False,True,True,False,True,False,-0.0133928571428571,0.0020292207792207,,,0.0536201298701298,0.0829112554112554,0.0040584415584415,-0.054788961038961,0.0012627007635209,-0.0268075077855398,2236.0,2368.0,1.9573283858998145,0.0039453145101807,-1.562716064770417e-05,6.929874064555766e-05
2013-10-18,2461.0,2473.0,2418.0,2457.0,72700.0,2457.0,2449.2,2395.5,2340.04,2262.6,2048.3,False,False,False,False,False,False,True,True,False,True,False,-0.0195360195360195,-0.0036630036630036,,,0.0476027676027676,0.0791208791208791,0.0297110297110297,-0.0504680504680504,0.0012787648428062,-0.0357754122312668,2210.0,2368.0,0.6890995260663507,0.0034871198782926,-0.0004581946318881,1.6064079285265948e-05
2013-10-21,2458.0,2477.0,2451.0,2469.0,59100.0,2469.0,2456.4,2413.3,2350.8,2264.9333333333334,2052.83,False,False,False,False,False,False,True,True,False,False,False,-0.017010935601458,0.0032401782098015,,,0.0478736330498176,0.0826515458350209,0.0259214256784123,-0.0676387201296071,0.0010301995643728,-0.0452078067376622,2205.0,2338.0,0.81292984869326,0.0045771652203506,0.0010900453420579,-0.0002485652784334
2013-10-22,2470.0,2475.0,2404.0,2454.0,88000.0,2454.0,2456.6,2426.2,2360.52,2267.3866666666668,2057.21,False,False,False,False,False,False,True,True,False,True,False,0.0130399348003259,0.0154849225753871,,,0.0380929095354523,0.0760445531105677,0.0187449062754686,-0.0623471882640586,0.0010820092441224,-0.0505316956557579,2217.0,2318.0,1.4890016920473774,0.0041177367698641,-0.0004594284504864,5.1809679749651415e-05
2013-10-23,2454.0,2470.0,2412.0,2414.0,106500.0,2414.0,2451.6,2431.6,2367.36,2269.1866666666665,2061.525,False,False,False,False,False,False,True,True,False,True,False,-0.0215410107705053,0.0608947804473902,,,0.0193206296603147,0.05998895332781,0.0434962717481358,-0.0463960231980116,0.0007932357555422,-0.0566705050172724,2214.0,2199.0,1.2102272727272727,0.002889294403893,-0.0012284423659711,-0.0002887734885802
2013-10-24,2340.0,2437.0,2323.0,2431.0,114200.0,2431.0,2445.0,2440.2,2374.76,2271.5333333333333,2066.02,False,False,False,False,False,False,True,True,False,False,False,0.0156314273961332,0.0563554092965857,,,0.0231345125462771,0.0655971479500891,0.0275606746194981,-0.0522418757712875,0.0010330760426144,-0.0615113515285632,2210.0,2130.0,1.072300469483568,0.0031161043642305,0.0002268099603375,0.0002398402870722
2013-10-25,2446.0,2462.0,2397.0,2409.0,88700.0,2409.0,2435.4,2442.3,2381.32,2273.8,2070.22,False,False,False,False,False,False,True,True,False,True,False,0.0161892901618929,0.0734744707347447,,,0.0114902449149023,0.0561228725612286,0.0485678704856787,-0.0410958904109589,0.0009968628140851,-0.0571182901363468,2212.0,2168.0,0.776707530647986,0.002754774662792,-0.0003613297014384,-3.621322852926973e-05
2013-10-28,2440.0,2442.0,2410.0,2427.0,63300.0,2427.0,2427.0,2441.7,2385.56,2275.56,2074.605,False,False,False,False,False,False,True,True,False,True,False,0.0206015657189946,0.0634528224145035,,,0.0170745776679027,0.062398022249691,0.0387309435517099,-0.061392665842604,0.0007734359893827,-0.0546340664291271,2193.0,2141.0,0.713641488162345,0.001777360452053,-0.0009774142107389,-0.0002234268247024
2013-10-29,2440.0,2499.0,2421.0,2486.0,183300.0,2486.0,2433.4,2445.0,2391.28,2277.9066666666668,2079.11,False,False,False,False,False,False,True,True,False,False,False,0.0024135156878519,0.0398230088495575,,,0.0381013676588897,0.0837060874229015,0.0124698310539018,-0.0752212389380531,0.0010301856090095,-0.05640081799591,2188.0,2113.0,2.895734597156398,0.0023920243551571,0.000614663903104,0.0002567496196267
2013-10-30,2498.0,2498.0,2359.0,2362.0,275700.0,2362.0,2423.0,2437.3,2391.4,2278.64,2082.915,False,False,False,False,False,False,True,True,False,True,False,0.0842506350550381,0.0935647756138865,,,-0.0124470787468247,0.0352921253175275,0.0381033022861981,-0.0245554614733276,0.0003218293953117,-0.0537890288433924,2169.0,2085.0,1.5040916530278232,5.017981098933297e-05,-0.0023418445441678,-0.0007083562136977
2013-10-31,2440.0,2496.0,2426.0,2469.0,224900.0,2469.0,2430.6,2437.8,2396.48,2280.826666666667,2087.125,False,False,False,False,False,False,True,True,True,False,False,0.040097205346294,0.0441474281085459,,,0.0293722154718509,0.0762143917915484,-0.0137707573916565,-0.0664236533009315,0.0009587167225919,-0.0549675937320534,2180.0,2186.0,0.8157417482771128,0.002119775670984,0.0020695958599947,0.0006368873272802
2013-11-01,2483.0,2517.0,2440.0,2448.0,165200.0,2448.0,2438.4,2436.9,2399.92,2282.6666666666665,2091.195,False,False,False,False,False,False,True,True,False,True,False,0.0563725490196078,0.0412581699346405,,,0.0196405228758169,0.0675381263616558,0.0008169934640522,-0.0747549019607843,0.000806074766355,-0.0574090032418236,2213.0,2204.0,0.7345486883059137,0.0014333811127037,-0.0006863945582802,-0.0001526419562369
2013-11-05,2442.0,2498.0,2442.0,2477.0,219600.0,2477.0,2448.4,2437.7,2403.48,2285.0666666666666,2095.485,False,False,False,False,False,False,True,True,False,False,False,0.0419862737182075,0.0262414210738796,,,0.0296810658054097,0.0774862064325124,-0.0133225676221235,-0.1001211142511102,0.0010502975843155,-0.0607129671411576,2219.0,2173.0,1.3292978208232449,0.0014811856141927,4.7804501488951526e-05,0.0002442228179605
2013-11-06,2450.0,2508.0,2438.0,2492.0,91900.0,2492.0,2449.6,2441.5,2408.16,2287.346666666667,2099.98,False,False,False,False,False,False,True,True,False,False,False,0.0373194221508828,0.0164526484751203,,,0.0336436597110754,0.0821241305510967,-0.0004012841091492,-0.1111556982343499,0.0009967881271459,-0.0656973172230186,2237.0,2150.0,0.418488160291439,0.0019433924656168,0.0004622068514241,-5.350945716964522e-05
2013-11-07,2500.0,2578.0,2497.0,2561.0,201600.0,2561.0,2489.4,2456.2,2416.08,2290.5333333333333,2104.65,False,False,False,False,False,False,True,True,False,False,False,0.0085903943771964,-0.0046856696602889,,,0.0565872705974229,0.1056097878432903,-0.0503709488481062,-0.1468176493557204,0.0013912334827404,-0.0760524387264879,2209.0,2110.0,2.193688792165397,0.0032780371510877,0.0013346446854709,0.0003944453555945
2013-11-08,2532.0,2579.0,2489.0,2568.0,111400.0,2568.0,2509.2,2469.9,2427.44,2293.2,2109.27,False,False,False,False,False,False,True,True,False,False,False,0.0038940809968847,-0.0366043613707165,,,0.0547352024922118,0.1070093457943926,-0.0634735202492211,-0.1471962616822429,0.0011628583057153,-0.0857929470828778,2234.0,2079.0,0.5525793650793651,0.004679827307781,0.0014017901566933,-0.000228375177025
2013-11-11,2575.0,2600.0,2571.0,2586.0,128400.0,2586.0,2536.8,2487.6,2440.32,2296.1066666666666,2113.935,False,False,False,False,False,False,True,True,False,False,False,-0.0143078112915699,-0.0216550657385924,,,0.0563341067285382,0.1121010569734468,-0.0726991492652745,-0.1504253673627223,0.0012659109913593,-0.096840328027014,2253.0,2117.0,1.1526032315978456,0.0052779963283504,0.0005981690205693,0.0001030526856439
2013-11-12,2596.0,2596.0,2558.0,2581.0,110300.0,2581.0,2557.6,2503.0,2451.92,2299.346666666667,2118.59,False,False,False,False,False,False,True,True,False,True,False,-0.0151104223169314,-0.0185974428516079,,,0.0500116234017822,0.1091256618881569,-0.0554048818287485,-0.1290197597830298,0.0014090959171011,-0.1035956851777867,2200.0,2163.0,0.8590342679127726,0.0047309863290808,-0.0005470099992695,0.0001431849257418
2013-11-13,2590.0,2615.0,2571.0,2585.0,173700.0,2585.0,2576.2,2512.9,2462.32,2302.9066666666668,2123.38,False,False,False,False,False,False,True,True,False,True,False,-0.0201160541586073,-0.0328820116054158,,,0.0474584139264989,0.1091270148291424,-0.0715667311411992,-0.1206963249516441,0.0015458724626269,-0.1081618846750766,2211.0,2191.0,1.5747960108794197,0.0042236589882712,-0.0005073273408095,0.0001367765455257
2013-11-14,2600.0,2600.0,2559.0,2583.0,88000.0,2583.0,2580.6,2535.0,2471.24,2308.026666666666,2127.955,False,False,False,False,False,False,True,True,False,True,False,-0.0131629887727448,-0.0247773906310491,,,0.0432675183894696,0.1064550264550266,-0.0638792102206736,-0.1196283391405342,0.0022183452530875,-0.117120315581854,2243.0,2190.0,0.5066206102475532,0.0036095239636779,-0.0006141350245932,0.0006724727904606
2013-11-15,2598.0,2607.0,2572.0,2578.0,159100.0,2578.0,2582.6,2545.9,2480.56,2314.0,2132.47,False,False,False,False,False,False,True,True,False,False,False,-0.0403413498836307,-0.0310318076027928,,,0.0377967416602017,0.1024049650892164,-0.0678820791311093,-0.1210240496508921,0.0025813886488045,-0.122432145803056,2246.0,2236.0,1.8079545454545447,0.0037572161124907,0.0001476921488127,0.000363043395717
2013-11-18,2598.0,2599.0,2522.0,2549.0,171500.0,2549.0,2575.2,2556.0,2487.0,2319.08,2136.63,False,False,False,False,False,False,True,True,False,True,False,-0.0074539034915653,-0.0090231463318948,,,0.0243232640251078,0.090200078462142,-0.0678697528442526,-0.1173009023146331,0.0021905238284146,-0.1264866979655712,2245.0,2210.0,1.077938403519799,0.0025894652191395,-0.0011677508933512,-0.0003908648203899
2013-11-19,2535.0,2573.0,2500.0,2542.0,217900.0,2542.0,2567.4,2562.5,2491.36,2324.4266666666667,2140.85,False,False,False,False,False,False,True,True,False,True,False,-0.0035405192761605,-0.0082612116443745,,,0.019921321793863,0.0855913978494623,-0.0594020456333595,-0.1176239181746656,0.002300208797008,-0.1281560975609756,2321.0,2205.0,1.2705539358600584,0.0017500481664633,-0.0008394170526761,0.0001096849685933
2013-11-20,2554.0,2570.0,2529.0,2533.0,101500.0,2533.0,2557.0,2566.6,2494.56,2330.026666666666,2145.01,False,False,False,False,False,False,True,True,False,True,False,-0.0130280300039478,-0.0063166206079747,,,0.0151756810106593,0.0801315962626663,-0.0331622581918673,-0.1460718515594157,0.0024034059696024,-0.1315748460998986,2343.0,2217.0,0.4658100045892611,0.0012827913539862,-0.0004672568124771,0.0001031971725943
2013-11-21,2549.0,2563.0,2534.0,2549.0,90100.0,2549.0,2550.2,2565.4,2498.96,2336.213333333333,2149.16,False,False,False,False,False,False,True,True,False,False,False,-0.0117693213024715,-0.0380541388779913,,,0.0196312279325225,0.0834784882960638,-0.020400156924284,-0.1616320125539427,0.0026481599853895,-0.133039681920948,2359.0,2214.0,0.8876847290640394,0.0017607324647053,0.0004779411107191,0.0002447540157871
2013-11-22,2546.0,2557.0,2461.0,2474.0,216900.0,2474.0,2529.4,2556.0,2499.36,2340.0533333333333,2153.015,False,False,False,False,False,False,True,True,False,True,False,0.009700889248181,-0.0157639450282942,,,-0.010250606305578,0.0541417407706817,0.0278900565885206,-0.1127728375101051,0.0016409882395843,-0.1296557120500782,2342.0,2210.0,2.4073251942286347,0.0001600409704884,-0.0016006914942168,-0.0010071717458052
2013-11-25,2495.0,2547.0,2495.0,2530.0,106400.0,2530.0,2525.6,2550.4,2502.28,2344.4,2157.3,False,False,False,False,False,False,True,True,True,False,False,-0.0015810276679841,-0.0316205533596837,,,0.0109565217391303,0.0733596837944663,0.0039525691699604,-0.1391304347826087,0.0018540635841438,-0.1284896486825597,2362.0,2212.0,0.4905486399262332,0.0011669357545918,0.0010068947841033,0.0002130753445594
2013-11-26,2506.0,2540.0,2489.0,2533.0,129800.0,2533.0,2523.8,2545.6,2504.84,2349.2,2161.18,False,False,False,False,False,False,True,True,False,True,False,-0.004737465455981,-0.0351362021318594,,,0.0111172522700354,0.0725621792341098,-0.0090801421239636,-0.1531780497433872,0.002043248765537,-0.130892520427404,2388.0,2193.0,1.2199248120300752,0.0010220213666341,-0.0001449143879576,0.0001891851813932
2013-11-27,2525.0,2540.0,2493.0,2500.0,113400.0,2500.0,2517.2,2537.1,2506.68,2353.866666666667,2164.82,False,False,False,False,False,False,True,True,False,True,False,0.0068,-0.0036,,,-0.0026719999999999,0.0584533333333332,0.0296,-0.1508,0.0019825535289454,-0.1338930274723108,2375.0,2188.0,0.8736517719568567,0.0007340386487304,-0.0002879827179037,-6.069523659167804e-05
2013-11-28,2530.0,2545.0,2480.0,2519.0,139100.0,2519.0,2511.2,2530.7,2510.88,2359.32,2168.745,False,False,False,False,False,False,True,True,True,False,False,-0.0265978562921794,-0.0345375148868598,,,0.0032235013894402,0.0633902342199284,0.0146883684001587,-0.167129813418023,0.0023114004600195,-0.1386572884972536,2363.0,2169.0,1.22663139329806,0.0016727203211624,0.0009386816724319,0.0003288469310741
2013-11-29,2519.0,2519.0,2484.0,2498.0,73400.0,2498.0,2516.0,2522.7,2513.56,2364.9066666666668,2172.475,False,False,False,False,False,False,True,True,False,True,False,-0.0252201761409127,-0.0372297838270616,,,-0.0062289831865492,0.0532799572991726,0.0168134507606084,-0.1717373899119295,0.0023623201479409,-0.1437348872240059,2284.0,2180.0,0.5276779295470885,0.0010662168398605,-0.0006065034813018,5.091968792139906e-05
2013-12-02,2499.0,2538.0,2493.0,2526.0,100400.0,2526.0,2515.2,2520.4,2518.24,2370.36,2176.43,False,False,False,False,False,False,True,True,False,False,False,-0.0300870942201108,-0.0506730007917656,,,0.0030720506730008,0.0616152019002374,-0.0079176563737133,-0.1856690419635787,0.0023006350652784,-0.150611014124742,2264.0,2213.0,1.3678474114441417,0.0018584408158078,0.0007922239759472,-6.168508266254187e-05
2013-12-03,2526.0,2539.0,2519.0,2521.0,92800.0,2521.0,2512.8,2518.3,2522.0,2375.133333333333,2180.51,False,False,False,False,False,False,True,True,False,True,False,-0.0305434351447838,-0.0329234430781435,,,-0.0003966679888932,0.0578606373132355,0.0170567235224117,-0.1654105513685045,0.0020097117354814,-0.1554223087003137,2291.0,2219.0,0.9243027888446216,0.0014908802537669,-0.0003675605620408,-0.000290923329797
2013-12-04,2481.0,2531.0,2481.0,2517.0,145200.0,2517.0,2516.2,2516.7,2523.24,2379.48,2184.585,False,False,False,False,False,False,True,True,False,True,False,-0.0103297576479936,-0.0464839094159713,,,-0.0024791418355183,0.0546364719904648,-0.0103297576479936,-0.1664680174811283,0.0018267296496153,-0.1574681130051256,2325.0,2237.0,1.5646551724137931,0.0004914316513687,-0.0009994486023981,-0.000182982085866
2013-12-05,2493.0,2497.0,2450.0,2452.0,154900.0,2452.0,2502.8,2507.0,2526.84,2382.9733333333334,2188.555,False,False,False,False,False,False,True,True,True,False,False,-0.0081566068515497,-0.0138662316476345,,,-0.0305220228384992,0.0281511691136487,0.0297716150081566,-0.1272430668841762,0.0014659556968045,-0.1540885520542481,2360.0,2209.0,1.0668044077134986,0.0014247043738425,0.0009332727224737,-0.0003607739528108
2013-12-06,2426.0,2445.0,2405.0,2435.0,115600.0,2435.0,2490.2,2503.1,2525.48,2385.6266666666666,2192.265,False,False,False,False,False,False,False,True,False,True,False,-0.0123203285420944,-0.013141683778234,,,-0.0371581108829568,0.0202765229295003,0.0049281314168377,-0.1285420944558521,0.0011122164965738,-0.1556869481842514,2345.0,2234.0,0.7462879276952873,-0.0005385114908849,-0.0019632158647275,-0.0003537392002306
2013-12-09,2460.0,2460.0,2433.0,2450.0,86100.0,2450.0,2475.0,2495.1,2525.56,2388.826666666667,2196.045,False,False,False,False,False,False,True,True,False,False,False,-0.0212244897959183,-0.030204081632653,,,-0.0308408163265305,0.0249687074829931,0.0085714285714285,-0.1310204081632653,0.0013395697748407,-0.154943689631678,2388.0,2253.0,0.7448096885813149,3.1676143112785775e-05,0.0005701876339977,0.0002273532782668
2013-12-10,2453.0,2457.0,2430.0,2444.0,98700.0,2444.0,2459.6,2486.2,2524.24,2392.0133333333333,2199.91,False,False,False,False,False,False,False,True,False,True,False,-0.0024549918166939,-0.0216857610474631,,,-0.0328314238952535,0.0212711402073104,0.0155482815057283,-0.1321603927986906,0.0013322110802057,-0.1528839192341726,2433.0,2200.0,1.146341463414634,-0.0005229296738821,-0.0005546058169948,-7.358694635036184e-06
2013-12-11,2444.0,2502.0,2427.0,2491.0,86200.0,2491.0,2454.4,2485.3,2524.2,2395.6666666666665,2203.975,False,False,False,False,False,False,False,True,False,False,False,-0.0365315134484142,-0.0168606985146527,,,-0.0133279807306301,0.0382711093269102,-0.0192693697310317,-0.1581694098755519,0.0015249756504799,-0.1536233050335976,2453.0,2211.0,0.8733535967578521,-1.5846604864893283e-05,0.0005070830690172,0.0001927645702742
2013-12-12,2469.0,2472.0,2426.0,2432.0,128800.0,2432.0,2450.4,2476.6,2519.04,2398.5733333333333,2207.69,False,False,False,False,False,False,False,True,False,True,False,-0.0057565789473684,0.0267269736842105,,,-0.0357894736842105,0.0137445175438596,-0.0148026315789473,-0.1537828947368421,0.0012118314776006,-0.1522652022934668,2439.0,2243.0,1.494199535962877,-0.0020483993902438,-0.0020325527853789,-0.0003131441728793
2013-12-13,2382.0,2444.0,2380.0,2405.0,229900.0,2405.0,2444.4,2467.3,2512.52,2401.173333333333,2211.13,False,False,False,False,False,False,False,True,False,True,False,-0.0008316008316008,0.0573804573804573,,,-0.0447068607068606,0.0015911295911296,-0.0241164241164241,-0.158004158004158,0.0010828039625071,-0.1508531593239574,2464.0,2246.0,1.784937888198758,-0.0025950042188718,-0.000546604828628,-0.0001290275150934
2013-12-16,2405.0,2436.0,2393.0,2398.0,190700.0,2398.0,2434.0,2454.5,2505.0,2403.653333333333,2214.68,False,False,False,False,False,False,False,True,False,True,False,-0.0091743119266055,0.0592160133444537,,,-0.0446205170975813,-0.0023575201556852,-0.0158465387823186,-0.1509591326105087,0.0010317627611302,-0.1472805051945406,2457.0,2245.0,0.8294910830795998,-0.003001996007984,-0.0004069917891121,-5.104120137689383e-05
2013-12-17,2391.0,2446.0,2391.0,2438.0,205700.0,2438.0,2432.8,2446.2,2499.28,2406.92,2218.28,False,False,False,False,False,False,False,True,False,False,False,-0.0192780968006562,0.0295324036095159,,,-0.025135356849877,0.0127481542247743,-0.0328137817883511,-0.1788351107465135,0.0013571978572893,-0.1485569454664376,2469.0,2321.0,1.0786575773466178,-0.0022886591338304,0.0007133368741535,0.000325435096159
2013-12-18,2413.0,2430.0,2351.0,2400.0,138500.0,2400.0,2414.6,2434.5,2491.88,2409.7466666666664,2221.55,False,False,False,False,False,False,False,True,False,True,False,0.0204166666666666,0.0725,,,-0.0382833333333333,-0.004061111111111,-0.03875,-0.1679166666666666,0.0011730140374367,-0.1486136783733827,2454.0,2343.0,0.6733106465726787,-0.0029696454082861,-0.0006809862744556,-0.0001841838198526
2013-12-19,2400.0,2433.0,2399.0,2418.0,155200.0,2418.0,2411.8,2431.1,2485.28,2413.0666666666666,2224.76,False,False,False,False,False,False,False,True,False,False,False,0.032671629445823,0.0570719602977667,,,-0.0278246484698098,0.0020402536531569,-0.0074441687344913,-0.1716294458229942,0.0013758426345453,-0.1530582863724239,2414.0,2359.0,1.1205776173285198,-0.0026556363870468,0.0003140090212392,0.0002028285971085
2013-12-20,2379.0,2425.0,2379.0,2403.0,102200.0,2403.0,2411.4,2427.9,2478.28,2416.04,2227.81,False,False,False,False,False,False,False,True,False,True,False,0.0582605076987099,0.0570120682480233,,,-0.0313275072825635,-0.0054265501456512,-0.0258010819808572,-0.1573033707865168,0.0012306639514798,-0.155937229704683,2431.0,2342.0,0.6585051546391752,-0.0028245396000451,-0.0001689032129982,-0.0001451786830654
2013-12-24,2358.0,2410.0,2348.0,2376.0,200700.0,2376.0,2407.0,2420.5,2471.36,2418.213333333333,2230.775,False,False,False,False,False,False,False,True,False,False,False,0.069023569023569,0.0547138047138047,,,-0.0401346801346801,-0.017766554433221,-0.0812289562289562,-0.1414141414141414,0.0008987351543287,-0.1570336707291881,2409.0,2362.0,1.963796477495108,-0.0028000776900168,2.44619100283304e-05,-0.000331928797151
2013-12-25,2355.0,2405.0,2355.0,2391.0,172300.0,2391.0,2397.6,2415.2,2465.32,2420.5066666666667,2233.72,False,False,False,False,False,False,False,True,False,False,False,0.0497699707235466,0.0723546633207862,,,-0.0310832287745713,-0.0123407221525163,-0.0702634880803011,-0.1430363864491844,0.0009474600359154,-0.1581649552832063,2427.0,2388.0,0.8584952665670155,-0.0024499862086868,0.0003500914813299,4.8724881586672576e-05
2013-12-26,2400.0,2459.0,2389.0,2449.0,101600.0,2449.0,2407.4,2411.0,2461.96,2423.333333333333,2237.12,False,False,False,False,False,False,False,True,False,False,False,0.0510412413229889,0.0171498570845242,,,-0.0052919559003675,0.0104804682183205,-0.0563495304205798,-0.1649652919559003,0.0011664374140301,-0.1588552467855661,2486.0,2375.0,0.5896691816598956,-0.0013647662837739,0.0010852199249129,0.0002189773781147
2013-12-27,2473.0,2500.0,2437.0,2497.0,83500.0,2497.0,2423.2,2417.5,2459.88,2427.173333333333,2240.91,False,False,False,False,True,False,False,True,False,False,True,0.0236283540248297,0.0112134561473768,,,0.0148658390068081,0.0279642237351489,-0.0736884261113336,-0.1934321185422507,0.0015820872565069,-0.1629369183040331,2362.0,2363.0,0.8218503937007874,-0.000845569702587,0.0005191965811868,0.0004156498424768
2013-12-30,2506.0,2552.0,2494.0,2543.0,105000.0,2543.0,2451.2,2431.3,2462.64,2431.293333333333,2244.875,False,False,False,False,False,False,True,True,True,False,False,-0.001179709005112,-0.0377506881635863,,,0.031600471883602,0.0439271201992398,-0.0841525756979944,-0.2088084939048368,0.0016945713392597,-0.168222761485625,2469.0,2284.0,1.2574850299401197,0.0011207484650617,0.0019663181676488,0.0001124840827527
2014-01-06,2543.0,2551.0,2513.0,2540.0,74300.0,2540.0,2484.0,2445.5,2463.04,2435.12,2248.99,False,False,False,False,False,False,True,True,False,True,False,-0.0133858267716535,-0.0271653543307086,,,0.0302992125984252,0.0412913385826772,-0.0814960629921259,-0.208267716535433,0.0015714489087465,-0.1740748313228378,2448.0,2264.0,0.7076190476190476,0.0001624009354294,-0.0009583475296323,-0.0001231224305131
2014-01-07,2524.0,2524.0,2489.0,2510.0,96700.0,2510.0,2507.8,2452.7,2462.12,2439.2533333333336,2252.67,False,False,False,False,False,False,False,True,False,True,False,0.0215139442231075,-0.0111553784860557,,,0.0190756972111554,0.0281859229747675,-0.0828685258964143,-0.1916334661354581,0.0016945076088859,-0.1753985403840664,2477.0,2291.0,1.3014804845222072,-0.0003736617224181,-0.0005360626578475,0.0001230587001393
2014-01-08,2536.0,2574.0,2524.0,2574.0,67800.0,2574.0,2532.8,2470.1,2465.08,2444.093333333333,2256.745,False,False,False,False,False,False,True,True,True,False,False,-0.0322455322455322,-0.0508935508935508,,,0.0423154623154623,0.0504687904687906,-0.106060606060606,-0.1934731934731934,0.0019802844408557,-0.1780089874903849,2492.0,2325.0,0.7011375387797312,0.0012007723887257,0.0015744341111438,0.0002857768319698
2014-01-09,2566.0,2575.0,2536.0,2556.0,96100.0,2556.0,2544.6,2483.9,2466.56,2448.266666666667,2260.605,False,False,False,False,False,False,True,True,False,True,False,-0.0121283255086071,-0.0625978090766823,,,0.0349921752738654,0.042149191444966,-0.0993740219092331,-0.1541471048513302,0.0017046073412485,-0.1761745641934055,2561.0,2360.0,1.4174041297935105,0.0006000259470679,-0.0006007464416577,-0.0002756770996072
2014-01-10,2530.0,2579.0,2519.0,2540.0,176300.0,2540.0,2544.0,2497.6,2468.24,2452.1866666666665,2264.275,False,False,False,False,False,False,True,True,False,False,False,-0.0366141732283464,-0.0759842519685039,,,0.028251968503937,0.0345721784776903,-0.0929133858267716,-0.1366141732283464,0.0015985732461909,-0.1739670083279949,2568.0,2345.0,1.834547346514048,0.0006806469387092,8.062099164130878e-05,-0.0001060340950575
2014-01-14,2511.0,2530.0,2483.0,2506.0,141800.0,2506.0,2537.2,2510.6,2467.44,2455.6666666666665,2267.575,False,False,False,False,False,False,False,True,False,True,False,-0.0139664804469273,-0.0582601755786113,,,0.0153870710295291,0.0200851290236765,-0.0782122905027933,-0.116121308858739,0.0014171304465861,-0.1712737990918505,2586.0,2388.0,0.8043108338060124,-0.0003242226761338,-0.0010048696148431,-0.0001814427996048
2014-01-15,2524.0,2572.0,2524.0,2564.0,116100.0,2564.0,2548.0,2527.9,2469.16,2458.9066666666668,2271.095,False,False,False,False,False,False,True,True,False,False,False,-0.03198127925117,-0.0803432137285491,,,0.0369890795631825,0.0409880395215808,-0.1115444617784711,-0.1279251170046801,0.0013176587968637,-0.1695478460382135,2581.0,2433.0,0.8187588152327221,0.0006965931733868,0.0010208158495206,-9.947164972239184e-05
2014-01-16,2563.0,2571.0,2483.0,2491.0,145300.0,2491.0,2531.4,2532.1,2468.12,2460.88,2274.295,False,False,False,False,False,False,False,True,False,True,False,-0.0192693697310317,-0.0738659173022882,,,0.0091850662384584,0.0120915295062223,-0.0770774789241268,-0.1128061019670814,0.0008018811698796,-0.1644089885865486,2585.0,2453.0,1.2515073212747632,-0.0004213733529974,-0.0011179665263842,-0.0005157776269841
2014-01-17,2486.0,2528.0,2474.0,2525.0,104300.0,2525.0,2525.2,2534.9,2471.04,2463.093333333333,2277.735,False,False,False,False,False,False,True,True,True,False,False,-0.051089108910891,-0.0495049504950495,,,0.0213702970297029,0.0245174917491751,-0.0875247524752475,-0.1354455445544554,0.0008985990515988,-0.1586650360960985,2583.0,2439.0,0.7178251892635926,0.0011816886816887,0.0016030620346861,9.671788171919068e-05
2014-01-20,2526.0,2534.0,2439.0,2447.0,217900.0,2447.0,2506.6,2525.3,2471.52,2464.4933333333333,2280.735,False,False,False,False,False,False,True,True,False,True,False,-0.0408663669799754,-0.043318348998774,,,-0.0100204331834899,-0.0071488897970303,-0.0580302411115651,-0.0927666530445443,0.0005680680816072,-0.147230032075397,2578.0,2464.0,2.0891658676893576,0.0001942124684404,-0.0009874762132482,-0.0003305309699915
2014-01-21,2447.0,2479.0,2439.0,2471.0,168100.0,2471.0,2499.6,2518.4,2472.36,2465.9466666666667,2283.76,False,False,False,False,False,False,True,True,False,False,False,-0.0449210845811412,-0.1165520032375556,,,-0.0005503844597329,0.002045055982733,-0.0833670578713071,-0.0833670578713071,0.0005893612189504,-0.1348078144853875,2549.0,2457.0,0.7714547957778798,0.0003397563461632,0.0001455438777227,2.1293137343154564e-05
2014-01-22,2470.0,2490.0,2452.0,2482.0,161800.0,2482.0,2483.2,2515.6,2473.88,2467.2,2286.96,False,False,False,False,False,False,True,True,False,False,False,-0.0499597099113618,-0.104351329572925,,,0.0032715551974213,0.0059629331184529,-0.1019339242546333,-0.1079774375503626,0.000507998270644,-0.1264906980442041,2542.0,2469.0,0.9625223081499108,0.0006144194544601,0.0002746631082969,-8.136294830632179e-05
2014-01-23,2482.0,2482.0,2436.0,2443.0,183800.0,2443.0,2473.6,2502.5,2471.96,2468.1066666666666,2289.915,False,False,False,False,False,False,False,True,False,True,False,-0.0556692591076545,-0.0540319279574293,,,-0.0118542775276299,-0.010276981852913,-0.0933278755628325,-0.0634465820712239,0.0003673531127774,-0.1134465534465534,2533.0,2454.0,1.1359703337453646,-0.000776711597275,-0.0013911310517352,-0.0001406451578666
2014-01-24,2381.0,2417.0,2377.0,2396.0,273100.0,2396.0,2447.8,2486.5,2470.52,2468.5466666666666,2292.975,False,False,False,False,False,False,False,True,False,False,False,0.001669449081803,-0.0346410684474123,,,-0.0311018363939899,-0.0302782415136338,-0.0880634390651085,-0.0450751252086811,0.0001782425286673,-0.1026744419867284,2549.0,2414.0,1.4858541893362351,-0.0005828732412609,0.000193838356014,-0.00018911058411
2014-01-27,2348.0,2387.0,2334.0,2347.0,270900.0,2347.0,2427.8,2467.2,2468.2,2469.3866666666668,2295.665,False,False,True,False,False,False,False,True,False,True,False,-0.0025564550489987,-0.0076693651469961,,,-0.0516403919897741,-0.0521460019883539,-0.0668939071154665,-0.0302513847464848,0.0003401654391914,-0.0922908560311283,2474.0,2431.0,0.9919443427316,-0.0009399562434163,-0.0003570830021553,0.000161922910524
2014-01-28,2347.0,2375.0,2338.0,2360.0,210800.0,2360.0,2405.6,2452.6,2466.68,2470.6666666666665,2297.81,False,False,False,False,False,False,False,True,False,False,False,-0.075,-0.0114406779661016,,,-0.0452033898305084,-0.0468926553672315,-0.0690677966101694,-0.0478813559322033,0.0005180787911493,-0.0855826469868711,2530.0,2409.0,0.7781469176818014,-0.0006162128853357,0.0003237433580805,0.0001779133519579
2014-01-29,2380.0,2399.0,2338.0,2358.0,176500.0,2358.0,2380.8,2432.0,2463.48,2471.56,2299.9,False,False,False,False,False,False,False,True,False,True,False,-0.0572519083969465,-0.0237489397794741,,,-0.0447328244274809,-0.0481594571670907,-0.0466497031382527,-0.0466497031382527,0.0003614451331682,-0.0773437499999999,2533.0,2427.0,0.8372865275142315,-0.001298975433127,-0.0006827625477912,-0.000156633657981
2014-01-30,2300.0,2327.0,2282.0,2307.0,294800.0,2307.0,2353.6,2413.6,2459.76,2471.32,2301.8,False,False,False,False,False,False,False,False,False,True,False,0.0017338534893801,-0.0026007802340702,,,-0.0662158647594279,-0.0712267013437365,-0.0147377546597312,-0.0177719982661465,-9.711409287335582e-05,-0.067989724892277,2500.0,2486.0,1.6702549575070822,-0.0015123426675772,-0.0002133672344501,-0.0004585592260416
2014-01-31,2311.0,2415.0,2291.0,2400.0,374100.0,2400.0,2354.4,2401.1,2459.04,2471.853333333333,2303.655,False,False,False,False,False,False,False,True,False,False,False,-0.03625,-0.0408333333333333,,,-0.0245999999999999,-0.0299388888888887,-0.0525,-0.04125,0.0002157625317573,-0.0582233143142725,2519.0,2362.0,1.2689959294436906,-0.000292797189147,0.0012195454784301,0.0003128766246307
2014-02-03,2392.0,2392.0,2337.0,2341.0,125800.0,2341.0,2353.2,2390.5,2456.56,2471.8,2305.405,False,False,False,False,False,False,False,False,False,True,False,-0.0051260145237078,-0.0158052114480991,,,-0.0493635198633062,-0.0558735583084152,-0.0320375907731738,-0.0017086715079026,-2.157671872029698e-05,-0.0491528968834971,2498.0,2469.0,0.3362737236033146,-0.001009541798287,-0.0007167446091399,-0.0002373392504776
2014-02-04,2224.0,2254.0,2183.0,2183.0,314300.0,2183.0,2317.8,2361.7,2448.84,2469.0666666666666,2306.275,False,False,False,False,False,False,False,False,False,True,False,0.0687127805771873,0.0581768208886852,,,-0.1217773705909299,-0.1310429073140937,0.0306917086578103,0.0687127805771873,-0.001107030996868,-0.0346784096201886,2526.0,2448.0,2.498410174880763,-0.0031525130265757,-0.0021429712282887,-0.0010854542781477
2014-02-05,2190.0,2242.0,2188.0,2223.0,201200.0,2223.0,2290.8,2335.8,2442.12,2466.266666666667,2307.42,False,False,False,False,False,False,False,False,False,False,False,0.0355375618533513,0.0247413405308142,,,-0.0985695006747637,-0.1094316989053832,0.0089968511021142,0.0589293747188484,-0.0011353192409578,-0.0179809915232468,2521.0,2477.0,0.6401527203308941,-0.0027517075327994,0.0004008054937762,-2.8288244089871807e-05
2014-02-06,2227.0,2323.0,2227.0,2311.0,230300.0,2311.0,2291.6,2322.6,2436.6,2464.373333333333,2309.095,False,False,False,False,False,False,False,False,False,False,False,-0.0043271311120726,-0.0051925573344872,,,-0.054348766767633,-0.0663666522428961,-0.0640415404586759,0.0164430982258762,-0.0007682818620557,-0.0097735296650304,2517.0,2492.0,1.1446322067594434,-0.0022654518591479,0.0004862556736514,0.0003670373789021
2014-02-07,2311.0,2329.0,2283.0,2313.0,140800.0,2313.0,2274.2,2314.3,2429.24,2462.693333333333,2310.8,False,False,False,False,False,False,False,False,False,True,False,-0.004755728491137,-0.0038910505836575,,,-0.0502550799827063,-0.0647182591151462,-0.0760916558581928,0.0129701686121919,-0.0006821799439095,-0.0038456552737329,2452.0,2561.0,0.611376465479809,-0.0030297541617955,-0.0007643023026475,8.61019181461741e-05
2014-02-10,2341.0,2341.0,2300.0,2329.0,75400.0,2329.0,2271.8,2312.5,2420.68,2460.893333333333,2312.705,False,False,False,False,False,False,False,False,False,True,False,-0.0107342206955775,-0.0103048518677544,,,-0.0393645341348217,-0.0566308859310145,-0.0575354229282954,0.012881064834693,-0.0007314416986786,0.0005189189189188,2435.0,2568.0,0.5355113636363636,-0.0035361964406695,-0.000506442278874,-4.926175476902006e-05
2014-02-12,2343.0,2362.0,2324.0,2333.0,50300.0,2333.0,2301.8,2309.8,2412.4,2459.24,2314.295,False,False,False,False,False,False,False,False,False,False,False,-0.009858551221603,-0.0291470210030004,,,-0.0340334333476211,-0.0541105872267465,-0.0664380625803686,0.0111444492070295,-0.0006722944215827,0.0065373625422114,2450.0,2586.0,0.6671087533156499,-0.0034322666224505,0.0001039298182189,5.914727709583972e-05
2014-02-13,2337.0,2355.0,2299.0,2302.0,79300.0,2302.0,2317.6,2304.2,2404.08,2457.0133333333333,2315.815,False,False,False,False,False,False,False,False,False,True,False,-0.0104257167680278,-0.0317115551694179,,,-0.0443440486533448,-0.0673385461917173,-0.0682015638575152,0.0243266724587315,-0.0009062493216695,0.0137574863293118,2444.0,2581.0,1.5765407554671969,-0.0034607833349972,-2.851671254667414e-05,-0.0002339549000868
2014-02-14,2300.0,2324.0,2278.0,2301.0,93400.0,2301.0,2315.6,2303.6,2393.16,2454.9733333333334,2317.35,False,False,False,False,False,False,False,False,False,True,False,-0.0008691873098652,-0.0373750543242068,,,-0.0400521512385918,-0.0669158336954947,-0.0773576705780095,0.0338983050847457,-0.0008309662562525,0.0189268970307344,2491.0,2585.0,1.1778058007566203,-0.0045630045630045,-0.0011022212280073,7.52830654169866e-05
2014-02-17,2297.0,2319.0,2295.0,2302.0,123300.0,2302.0,2313.4,2293.8,2383.0,2453.48,2318.765,False,False,False,False,False,False,False,False,False,False,False,0.0008688097306689,-0.0508253692441355,,,-0.0351867940920938,-0.0658036490008688,-0.0886185925282363,0.0425716768027801,-0.0006086592649352,0.0275961286947422,2432.0,2583.0,1.3201284796573876,-0.0042635333613092,0.0002994712016953,0.0002223069913173
2014-02-18,2313.0,2318.0,2272.0,2304.0,181700.0,2304.0,2308.4,2290.1,2373.56,2451.786666666667,2320.015,False,False,False,False,False,False,False,False,False,False,False,0.0004340277777777,-0.0494791666666666,,,-0.0301909722222222,-0.0641435185185186,-0.1019965277777777,0.0473090277777777,-0.0006906528028539,0.0325749967250338,2405.0,2578.0,1.4736415247364152,-0.0039771482498862,0.0002863851114229,-8.199353791865042e-05
2014-02-19,2280.0,2315.0,2267.0,2310.0,74700.0,2310.0,2303.8,2302.8,2365.72,2450.4666666666667,2320.855,False,False,False,False,False,False,False,False,False,False,True,-0.0194805194805194,-0.0489177489177489,,,-0.024121212121212,-0.0608080808080808,-0.1095238095238095,0.0411255411255411,-0.0005386729058411,0.0300069480632273,2398.0,2549.0,0.411117226197028,-0.0033140016570008,0.0006631465928853,0.0001519798970127
2014-02-20,2290.0,2306.0,2267.0,2278.0,176000.0,2278.0,2299.0,2308.3,2354.28,2448.48,2321.575,False,False,False,False,False,False,False,False,False,True,False,-0.0215100965759438,-0.0131694468832309,,,-0.0334855136084285,-0.0748375768217735,-0.0763827919227392,0.0526777875329236,-0.0008113877453222,0.0294589091539227,2438.0,2542.0,2.356091030789826,-0.0048592350952306,-0.0015452334382297,-0.0002727148394811
2014-02-21,2279.0,2309.0,2273.0,2299.0,138300.0,2299.0,2298.6,2307.1,2346.6,2445.9866666666667,2322.265,False,False,False,False,False,False,False,False,False,False,False,-0.0365376250543714,-0.0113092648977816,,,-0.0207046541974771,-0.0639350442221255,-0.0874293170943888,0.0535015224010439,-0.0010193568784784,0.033158510684409,2400.0,2533.0,0.7857954545454545,-0.0032728202505754,0.0015864148446552,-0.0002079691331562
2014-02-24,2299.0,2344.0,2277.0,2304.0,87200.0,2304.0,2299.0,2306.2,2337.76,2445.213333333333,2323.105,False,False,False,False,False,False,False,False,False,True,False,-0.0516493055555555,-0.0130208333333333,,,-0.0146527777777778,-0.0612905092592591,-0.0711805555555555,0.0412326388888888,-0.0003162641569107,0.0359899401613043,2418.0,2549.0,0.6305133767172812,-0.0037813975771677,-0.0005085773265923,0.0007030927215677
2014-02-25,2274.0,2313.0,2258.0,2305.0,120600.0,2305.0,2299.2,2303.8,2332.08,2443.026666666666,2324.17,False,False,False,False,False,False,False,False,False,False,False,-0.0498915401301518,-0.0169197396963123,,,-0.0117483731019522,-0.0598814172089658,-0.0793926247288503,0.0377440347071583,-0.0008950645920089,0.038501606042191,2403.0,2474.0,1.3830275229357798,-0.002435593976193,0.0013458036009747,-0.0005788004350982
2014-02-26,2271.0,2301.0,2259.0,2265.0,120900.0,2265.0,2290.2,2297.0,2323.84,2440.5866666666666,2324.685,False,False,False,False,False,False,False,False,False,True,False,-0.0300220750551876,-0.0066225165562913,,,-0.0259779249448124,-0.0775217071376011,-0.0600441501103752,0.0485651214128035,-0.0009997596206374,0.0422725293861558,2376.0,2530.0,1.0024875621890548,-0.0035458551363259,-0.0011102611601329,-0.0001046950286285
2014-02-27,2259.0,2269.0,2218.0,2229.0,160300.0,2229.0,2280.4,2289.7,2313.72,2437.28,2324.135,False,False,False,False,False,False,False,False,False,True,False,0.0085240017945266,0.0062808434275459,,,-0.038008075370121,-0.0934410049349485,-0.0484522207267833,0.0726783310901749,-0.0013567036477821,0.0470367297025812,2391.0,2533.0,1.325889164598842,-0.0043739086838512,-0.0008280535475252,-0.0003569440271446
2014-02-28,2224.0,2239.0,2205.0,2215.0,192100.0,2215.0,2263.6,2281.1,2304.6,2433.5866666666666,2323.665,False,False,False,False,False,False,False,False,False,False,False,0.0261851015801354,-0.0234762979683972,,,-0.0404514672686229,-0.0986847253574115,-0.0532731376975169,0.0871331828442437,-0.0015176502172377,0.052255490771996,2449.0,2500.0,1.198378041172801,-0.0039573027857328,0.0004166058981184,-0.0001609465694556
2014-03-03,2182.0,2195.0,2157.0,2185.0,133300.0,2185.0,2239.8,2269.4,2296.16,2428.5733333333333,2322.77,False,False,False,False,False,False,False,False,False,False,False,0.0407322654462242,-0.0219679633867276,,,-0.0508741418764301,-0.1114752097635392,-0.0581235697940503,0.1235697940503432,-0.0020643121064218,0.0601039922446462,2497.0,2519.0,0.69390942217595,-0.0036757020416695,0.0002816007440632,-0.0005466618891841
2014-03-04,2167.0,2212.0,2154.0,2190.0,153600.0,2190.0,2216.8,2258.0,2289.88,2423.5333333333333,2321.715,False,False,False,False,False,False,False,False,False,False,False,0.0347031963470319,0.002283105022831,,,-0.0456073059360731,-0.1066362252663622,-0.0753424657534246,0.1232876712328767,-0.0020796082854234,0.0675376439326837,2543.0,2498.0,1.1522880720180044,-0.0027425017904867,0.0009332002511828,-1.529617900159928e-05
2014-03-05,2215.0,2238.0,2191.0,2197.0,205700.0,2197.0,2203.2,2246.7,2283.36,2418.346666666667,2320.435,False,False,False,False,False,False,False,False,False,True,False,0.0241238051888939,-0.0086481565771506,,,-0.039308147473828,-0.1007495069033531,-0.0732817478379608,0.1183431952662721,-0.0021447159491883,0.0752214358837406,2540.0,2526.0,1.3391927083333333,-0.0028554411043374,-0.0001129393138507,-6.510766376488465e-05
2014-03-06,2197.0,2269.0,2197.0,2248.0,145700.0,2248.0,2207.0,2243.7,2278.96,2413.9066666666668,2319.545,False,False,False,False,False,False,False,False,False,False,False,-0.0022241992882562,-0.0458185053380782,,,-0.0137722419928825,-0.0738018979833926,-0.1094306049822064,0.0903024911032028,-0.0018393420347652,0.0790212595266747,2510.0,2521.0,0.7083130772970345,-0.0019307052339664,0.000924735870371,0.0003053739144231
2014-03-07,2248.0,2284.0,2242.0,2273.0,118400.0,2273.0,2218.6,2241.1,2277.6,2409.7466666666664,2319.03,False,False,False,False,False,False,False,False,False,False,False,-0.0483941926968763,-0.0659920809502859,,,-0.002023757149142,-0.0601613139756561,-0.1214254289485261,0.0813902331720193,-0.0017263225456619,0.0818794342064165,2574.0,2517.0,0.8126286890871655,-0.000597119775202,0.0013335854587643,0.0001130194891033
2014-03-10,2251.0,2298.0,2251.0,2274.0,87600.0,2274.0,2236.4,2238.1,2272.56,2405.6266666666666,2318.535,False,False,False,False,True,False,False,False,False,True,False,-0.0602462620932277,-0.0773966578715919,,,0.0006332453825857,-0.0578833186748753,-0.1191732629727352,0.0734388742304309,-0.0017126514504882,0.0852062016889327,2556.0,2452.0,0.7398648648648649,-0.0022177632273735,-0.0016206434521714,1.3671095173658923e-05
2014-03-11,2273.0,2285.0,2251.0,2266.0,77200.0,2266.0,2251.6,2234.2,2269.56,2401.4666666666667,2317.83,False,False,False,False,False,False,False,False,False,False,False,-0.0313327449249779,-0.08693733451015,,,-0.0015710503089143,-0.0597822889085025,-0.1063548102383053,0.0895851721094439,-0.0017322747210037,0.0905469519291022,2540.0,2435.0,0.8812785388127854,-0.0013218421191772,0.0008959211081962,-1.96232705155161e-05
2014-03-12,2250.0,2263.0,2234.0,2250.0,135700.0,2250.0,2262.2,2232.7,2272.24,2397.48,2317.26,False,False,False,False,False,False,True,False,True,False,False,-0.032,-0.0857777777777777,,,-0.0098844444444443,-0.0655466666666666,-0.0933333333333333,0.1066666666666666,-0.0016628571110777,0.0964303309893851,2506.0,2450.0,1.7577720207253886,0.0011794528746962,0.0025012949938735,6.941760992602267e-05
2014-03-13,2249.0,2261.0,2233.0,2243.0,75100.0,2243.0,2261.2,2234.1,2273.04,2393.4933333333333,2316.695,False,False,False,False,False,False,True,False,False,True,False,-0.043691484618814,-0.0619705751226036,,,-0.0133927775300936,-0.0670946648833407,-0.0864913062862238,0.1176995095853767,-0.0016656268104639,0.1009354997538158,2564.0,2444.0,0.5534266764922623,0.0003519515714638,-0.0008275013032324,-2.769699386181686e-06
2014-03-14,2243.0,2247.0,2161.0,2163.0,147900.0,2163.0,2239.2,2228.9,2267.12,2388.56,2315.88,False,False,False,False,False,False,False,False,False,True,False,-0.0184928340268146,-0.0300508552935737,,,-0.0481368469717983,-0.1042810910772075,-0.0545538603791031,0.1525658807212205,-0.0020654006319009,0.1073175108798061,2491.0,2491.0,1.9693741677762984,-0.0026112424573909,-0.0029631940288547,-0.000399773821437
2014-03-17,2163.0,2179.0,2128.0,2137.0,101500.0,2137.0,2211.8,2224.1,2260.08,2383.0666666666666,2315.63,False,False,False,False,False,False,False,False,False,True,False,-0.0182498830135704,0.00140383715489,,,-0.057594759007955,-0.1151458430822024,-0.0575573233504913,0.1661207299953205,-0.0023051530241145,0.111370891596601,2525.0,2432.0,0.6862745098039216,-0.0031149339846376,-0.0005036915272467,-0.0002397523922136
2014-03-18,2187.0,2227.0,2170.0,2195.0,125800.0,2195.0,2197.6,2224.6,2254.72,2379.346666666667,2315.295,False,False,False,False,False,False,False,False,False,False,False,-0.0574031890660592,-0.033257403189066,,,-0.0272072892938495,-0.0839848139711466,-0.0833712984054669,0.1339407744874715,-0.0015634543936429,0.1124247055650453,2447.0,2405.0,1.2394088669950738,-0.0023772353108147,0.0007376986738229,0.0007416986304715
2014-03-19,2209.0,2210.0,2152.0,2178.0,48300.0,2178.0,2183.2,2222.7,2248.52,2374.653333333333,2315.485,False,False,False,False,False,False,False,False,False,True,False,-0.0555555555555555,-0.0224977043158861,,,-0.0323783287419651,-0.0902907866544229,-0.0766758494031221,0.1450872359963269,-0.0019764288401395,0.1150402663427364,2471.0,2398.0,0.3839427662957074,-0.0027573692918007,-0.000380133980986,-0.0004129744464966
2014-03-20,2180.0,2188.0,2143.0,2145.0,93400.0,2145.0,2163.6,2212.4,2242.24,2369.48,2315.47,False,False,False,False,False,False,False,False,False,True,False,-0.0191142191142191,-0.0111888111888111,,,-0.0453333333333332,-0.1046526806526806,-0.054079254079254,0.1617715617715617,-0.0021833201096161,0.1220846139938527,2482.0,2438.0,1.9337474120082816,-0.0028007706579136,-4.340136611285638e-05,-0.0002068912694765
2014-03-24,2137.0,2177.0,2121.0,2123.0,177100.0,2123.0,2155.6,2197.4,2235.12,2364.4533333333334,2314.88,False,False,False,False,False,False,False,False,False,True,False,-0.0117757889778615,-0.0122468205369759,,,-0.0528120584079132,-0.1137321400533836,-0.0221384832783796,0.1549693829486575,-0.002125931857399,0.1294711932283608,2443.0,2400.0,1.8961456102783727,-0.0031855112924585,-0.0003847406345449,5.738825221708599e-05
2014-03-25,2127.0,2140.0,2090.0,2098.0,212200.0,2098.0,2147.8,2179.8,2226.96,2358.84,2314.85,False,False,False,False,False,False,False,False,False,True,False,0.0200190657769304,-0.0190657769304099,,,-0.0614680648236415,-0.1243279313632031,0.0305052430886558,0.1706387035271687,-0.0023797007568691,0.1392788329204513,2396.0,2418.0,1.1981931112365896,-0.0036641879512877,-0.0004786766588292,-0.0002537688994701
2014-03-26,2098.0,2115.0,2040.0,2069.0,260400.0,2069.0,2122.6,2160.1,2217.56,2353.12,2314.305,False,False,False,False,False,False,False,False,False,True,False,0.0256162397293378,-0.0212663122281295,,,-0.0718028032866118,-0.1373223779603672,0.0599323344610923,0.2044465925567907,-0.0024308152580404,0.1507337623258182,2347.0,2403.0,1.2271442035815268,-0.0042388931979292,-0.0005747052466415,-5.111450117134542e-05
2014-03-27,2045.0,2061.0,2002.0,2057.0,272100.0,2057.0,2098.4,2140.8,2207.44,2346.866666666667,2314.11,False,False,False,False,False,False,False,False,False,True,False,0.0350024307243558,-0.0102090422946037,,,-0.0731356344190569,-0.1409171933236105,0.0768108896451142,0.216334467671366,-0.002664545635315,0.1616685351270552,2360.0,2376.0,1.044930875576037,-0.0045844960678432,-0.0003456028699139,-0.0002337303772745
2014-03-28,2054.0,2115.0,2031.0,2104.0,277400.0,2104.0,2090.2,2126.9,2200.48,2341.306666666667,2314.19,False,False,False,False,False,False,False,False,False,False,False,0.0080798479087452,-0.0484790874524714,,,-0.0458555133079848,-0.112788339670469,0.0627376425855513,0.1972433460076045,-0.0023747423091378,0.1698246273919788,2358.0,2391.0,1.019478133039324,-0.0031629462662691,0.001421549801574,0.0002898033261771
2014-03-31,2111.0,2119.0,2059.0,2098.0,220800.0,2098.0,2085.2,2120.4,2192.44,2335.72,2314.095,False,False,False,False,False,False,False,False,False,True,False,-0.0004766444232602,-0.048141086749285,,,-0.0450142993326978,-0.113307912297426,0.0533841754051477,0.207816968541468,-0.002391839204471,0.1753442746651573,2307.0,2449.0,0.7959625090122566,-0.003667147105508,-0.0005042008392388,-1.7096895333123044e-05
2014-04-01,2115.0,2150.0,2100.0,2140.0,202100.0,2140.0,2093.6,2120.7,2185.88,2331.56,2314.725,False,False,False,False,False,False,False,False,False,False,False,-0.0383177570093457,-0.064018691588785,,,-0.0214392523364486,-0.0895140186915887,0.0200934579439252,0.1836448598130841,-0.0017842131448471,0.1771113311642384,2400.0,2497.0,0.9153079710144928,-0.0030010796567057,0.0006660674488022,0.0006076260596238
2014-04-02,2129.0,2162.0,2116.0,2122.0,261500.0,2122.0,2104.2,2113.4,2178.56,2327.3866666666668,2315.645,False,False,False,False,False,False,False,False,False,True,False,-0.0457115928369462,-0.0457115928369462,,,-0.0266540999057492,-0.0967891925856111,0.0461828463713477,0.206880301602262,-0.0017931413774533,0.184584082521056,2341.0,2543.0,1.2939139040079168,-0.003360017626322,-0.0003589379696163,-8.928232606163341e-06
2014-04-03,2135.0,2185.0,2122.0,2129.0,279700.0,2129.0,2118.6,2108.5,2173.12,2323.1066666666666,2315.815,False,False,False,False,False,False,False,False,False,False,False,-0.0436824800375763,-0.0418036636918741,,,-0.0207233442930953,-0.0911726945357757,0.063879755753875,0.2132456552372005,-0.0018423605172384,0.1915579796063552,2183.0,2540.0,1.0695984703632888,-0.0025033132086585,0.0008567044176635,-4.9219139785168986e-05
2014-04-04,2129.0,2144.0,2102.0,2121.0,140700.0,2121.0,2122.0,2106.1,2168.8,2318.8,2315.945,False,False,False,False,False,False,False,False,False,False,False,-0.0561056105610561,-0.0339462517680339,,,-0.0225365393682226,-0.0932578972182933,0.0438472418670438,0.2211221122112211,-0.0018572825024436,0.1975689663358814,2223.0,2510.0,0.5030389703253486,-0.0019918849133159,0.0005114282953425,-1.4921985205175676e-05
2014-04-07,2121.0,2127.0,2086.0,2097.0,89900.0,2097.0,2121.8,2103.5,2164.08,2313.5466666666666,2316.12,False,False,False,False,False,False,False,False,False,True,False,-0.0476871721506914,-0.0247973295183595,,,-0.0319885550786838,-0.1032649817199173,0.0910824988078207,0.2522651406771578,-0.002270683971507,0.2073211314475873,2311.0,2574.0,0.6389481165600569,-0.0021810653949947,-0.0001891804816787,-0.0004134014690633
2014-04-08,2086.0,2098.0,2056.0,2058.0,80800.0,2058.0,2105.4,2099.5,2159.0,2308.56,2316.465,False,False,False,False,False,False,False,False,False,True,False,-0.0267249757045675,-0.021379980563654,,,-0.0490767735665694,-0.1217492711370262,0.1117589893100097,0.2779397473275024,-0.0021600767000496,0.2179090259585615,2313.0,2556.0,0.8987764182424917,-0.0023529411764705,-0.0001718757814757,0.0001106072714573
2014-04-09,2046.0,2060.0,2018.0,2025.0,75400.0,2025.0,2086.0,2095.1,2152.4,2303.4933333333333,2316.955,False,False,False,False,False,False,False,False,False,True,False,0.0,-0.0064197530864197,,,-0.0629135802469136,-0.1375275720164609,0.1239506172839506,0.3076543209876543,-0.0021995577731213,0.2279127487948069,2329.0,2540.0,0.9331683168316832,-0.0030663445456234,-0.0007134033691528,-3.9481073071701966e-05
2014-04-10,2043.0,2080.0,2028.0,2036.0,104900.0,2036.0,2067.4,2093.0,2145.96,2298.6666666666665,2316.85,False,False,False,False,False,False,False,False,False,False,False,0.0019646365422396,-0.012278978388998,,,-0.0540078585461689,-0.1290111329404059,0.1036345776031434,0.2706286836935167,-0.0020997679814385,0.2332059245102723,2333.0,2506.0,1.3912466843501323,-0.00300098790285,6.535664277341601e-05,9.978979168279384e-05
2014-04-11,1997.0,2015.0,1980.0,2002.0,75000.0,2002.0,2043.6,2082.8,2136.12,2292.853333333333,2316.45,False,False,False,False,False,False,False,False,False,True,False,0.0234765234765234,0.0134865134865134,,,-0.0669930069930069,-0.1452813852813851,0.1228771228771228,0.2672327672327672,-0.0025354143890582,0.240109468023814,2302.0,2564.0,0.7149666348903718,-0.0046064827818662,-0.0016054948790162,-0.0004356464076196
2014-04-14,1988.0,2017.0,1988.0,1997.0,54500.0,1997.0,2023.6,2072.7,2125.08,2287.48,2316.085,False,False,False,False,False,False,False,False,False,True,False,0.0240360540811216,0.0395593390085127,,,-0.0641362043064596,-0.1454581872809213,0.1347020530796194,0.2593890836254381,-0.0023490187163747,0.2452356829256526,2301.0,2491.0,0.7266666666666667,-0.0051950985374668,-0.0005886157556005,0.0001863956726834
2014-04-15,1997.0,2013.0,1988.0,2003.0,79100.0,2003.0,2012.6,2059.0,2114.24,2281.9466666666667,2315.73,False,False,False,False,False,False,False,False,False,False,False,0.0054917623564653,0.0793809286070893,,,-0.0555366949575635,-0.1392644366783159,0.1487768347478781,0.2291562656015976,-0.0024248302618816,0.2500728508984944,2302.0,2525.0,1.4513761467889907,-0.0051271378840624,6.79606534043798e-05,-7.581154550686999e-05
2014-04-16,2016.0,2025.0,1995.0,2025.0,92800.0,2025.0,2012.6,2049.3,2104.6,2276.9066666666668,2314.99,False,False,False,False,False,False,False,False,False,False,False,-0.0064197530864197,0.0829629629629629,,,-0.0393086419753085,-0.124398353909465,0.154074074074074,0.2276543209876543,-0.002213529466879,0.2523300639242667,2304.0,2447.0,1.1731984829329962,-0.0045804428394943,0.000546695044568,0.0002113007950026
2014-04-17,2040.0,2049.0,2035.0,2040.0,103300.0,2040.0,2013.4,2040.4,2096.2,2272.4266666666667,2314.415,False,False,False,False,False,False,False,False,False,False,False,-0.0142156862745098,0.0857843137254902,,,-0.027549019607843,-0.1139346405228758,0.1436274509803921,0.2112745098039215,-0.001971460758543,0.252303469907861,2310.0,2471.0,1.113146551724138,-0.004007251216487,0.0005731916230073,0.000242068708336
2014-04-18,2050.0,2051.0,2036.0,2049.0,64200.0,2049.0,2022.8,2033.2,2088.44,2267.866666666667,2313.76,False,False,False,False,False,False,False,False,False,False,False,-0.009760858955588,0.0912640312347486,,,-0.0192484138604197,-0.1068163331706524,0.1488530990727184,0.2337725719863348,-0.0020107002175318,0.2536887664764902,2278.0,2482.0,0.6214908034849952,-0.0037156920955353,0.0002915591209517,-3.923945898886639e-05
2014-04-21,2041.0,2055.0,2036.0,2045.0,101600.0,2045.0,2032.4,2028.0,2083.72,2262.48,2313.305,False,False,False,False,False,False,False,False,False,False,False,0.0151589242053789,0.0806845965770171,,,-0.0189339853300732,-0.1063471882640586,0.1486552567237163,0.2,-0.0023808681918367,0.2484220907297831,2299.0,2443.0,1.5825545171339563,-0.0022651795826695,0.0014505125128657,-0.0003701679743048
2014-04-22,2053.0,2059.0,2003.0,2014.0,130300.0,2014.0,2034.6,2023.6,2078.8,2256.04,2312.19,False,False,False,False,False,False,False,False,False,True,False,0.0734856007944389,0.0839126117179741,,,-0.0321747765640517,-0.1201787487586891,0.1633565044687189,0.2651439920556107,-0.0028545593163242,0.2470844040324175,2304.0,2396.0,1.28248031496063,-0.0023667500481044,-0.0001015704654349,-0.0004736911244874
2014-04-23,2018.0,2029.0,2000.0,2012.0,78000.0,2012.0,2032.0,2022.3,2071.48,2248.96,2311.0,False,False,False,False,False,False,False,False,False,True,False,0.0899602385685884,0.1033797216699801,,,-0.0295626242544731,-0.1177733598409542,0.1724652087475149,0.2524850894632207,-0.0031481217985201,0.2415566434258024,2305.0,2347.0,0.5986185725249424,-0.0035337053700736,-0.0011669553219691,-0.0002935624821959
2014-04-24,2003.0,2012.0,1977.0,2011.0,161000.0,2011.0,2026.2,2019.8,2064.8,2241.9066666666668,2309.855,False,False,False,False,False,False,False,False,False,False,False,0.1014420686225758,0.1263053207359522,,,-0.0267528592739931,-0.1148218133598541,0.1730482347090999,0.2565887618100447,-0.0031461315665831,0.2401227844341025,2265.0,2360.0,2.0641025641025643,-0.0032351801627275,0.0002985252073461,1.9902319369881696e-06
2014-04-25,2020.0,2039.0,2010.0,2029.0,83000.0,2029.0,2022.2,2022.5,2060.16,2235.4933333333333,2308.53,False,False,False,False,False,False,False,False,False,False,False,0.1020206998521439,0.0911779201577131,,,-0.0153573188762936,-0.1017709873500903,0.1621488417939872,0.2543124691966485,-0.0028688671255263,0.2388627935723114,2229.0,2358.0,0.515527950310559,-0.0022522522522524,0.0009829279104751,0.0002772644410567
2014-04-28,2029.0,2078.0,2017.0,2076.0,156200.0,2076.0,2028.4,2030.4,2058.28,2228.853333333333,2307.56,False,False,False,False,True,False,False,False,False,False,False,0.0645472061657032,0.1021194605009633,,,0.0085356454720615,-0.0736287732819523,0.1459537572254335,0.2249518304431599,-0.0029791103347612,0.2354215918045705,2215.0,2307.0,1.8819277108433727,-0.0009133839905161,0.0013388682617362,-0.0001102432092348
2014-04-30,2130.0,2169.0,2117.0,2162.0,260900.0,2162.0,2058.0,2046.3,2060.84,2223.6,2306.975,False,False,False,False,False,False,True,False,True,False,False,0.0097132284921369,0.0582793709528214,,,0.0467900092506937,-0.0284921369102682,0.1100832562442183,0.1799259944495837,-0.0023625352281584,0.2301715291013049,2185.0,2400.0,1.670294494238156,0.0012422119135886,0.0021555959041047,0.0006165751066027
2014-05-01,2165.0,2195.0,2135.0,2193.0,149100.0,2193.0,2094.2,2063.1,2065.8,2218.9733333333334,2306.665,False,False,False,False,False,False,True,False,False,False,False,0.0123119015047879,0.0378476972184222,,,0.058002735978112,-0.011843745250038,0.1003191974464204,0.1618787049703602,-0.002085048340674,0.2231593233483593,2190.0,2341.0,0.5714833269451898,0.0024010068738503,0.0011587949602617,0.0002774868874844
2014-05-02,2198.0,2225.0,2190.0,2215.0,145300.0,2215.0,2135.0,2080.6,2072.12,2215.093333333333,2306.545,False,False,False,False,False,False,True,False,False,False,False,0.0225733634311512,0.0144469525959367,,,0.0645056433408578,-4.213694507123869e-05,0.0857787810383747,0.1449209932279909,-0.0017516191943758,0.2159953859463616,2197.0,2183.0,0.9745137491616364,0.0030500164083159,0.0006490095344656,0.0003334291462982
2014-05-07,2200.0,2254.0,2180.0,2236.0,236800.0,2236.0,2176.4,2099.3,2077.4,2210.72,2306.25,False,False,False,False,False,False,True,False,False,True,False,-0.0098389982110912,0.0053667262969588,,,0.0709302325581394,0.0113059033989267,0.0724508050089445,0.1319320214669052,-0.0019782393669632,0.2053065307483446,2248.0,2223.0,1.6297315898141775,0.002541638586695,-0.0005083778216209,-0.0002266201725874
2014-05-08,2232.0,2232.0,2179.0,2210.0,142700.0,2210.0,2203.2,2115.8,2081.88,2206.9733333333334,2305.75,False,False,False,False,False,False,True,False,False,True,False,0.0352941176470588,0.0253393665158371,,,0.0579728506787329,0.0013695324283559,0.0959276018099547,0.1334841628959276,-0.0016976492692857,0.1983174213063616,2273.0,2311.0,0.6026182432432432,0.0021519011662535,-0.0003897374204414,0.0002805900976775
2014-05-09,2210.0,2210.0,2174.0,2183.0,155900.0,2183.0,2207.4,2132.7,2083.6,2202.4133333333334,2305.13,False,False,False,False,False,False,True,False,False,True,False,0.0480989464040311,0.054054054054054,,,0.0455336692624828,-0.0088929607573675,0.0989464040311497,0.1534585432890517,-0.0020704560451867,0.1874150138322315,2274.0,2313.0,1.0925017519271198,0.0008254943367248,-0.0013264068295287,-0.000372806775901
2014-05-12,2196.0,2228.0,2194.0,2220.0,118900.0,2220.0,2212.8,2153.5,2087.52,2199.3866666666668,2304.705,False,False,False,False,False,False,True,False,True,False,False,0.0252252252252252,0.0527027027027027,,,0.0596756756756756,0.0092852852852852,0.0774774774774774,0.1391891891891891,-0.0013761412272512,0.1763640585094033,2266.0,2329.0,0.7626683771648493,0.0018778263202269,0.0010523319835021,0.0006943148179355
2014-05-13,2257.0,2309.0,2242.0,2265.0,156000.0,2265.0,2222.8,2178.9,2092.96,2196.64,2304.48,False,False,False,False,False,False,True,False,False,False,False,-0.0079470198675496,0.0300220750551876,,,0.0759558498896247,0.0301810154525386,0.0485651214128035,0.1019867549668874,-0.0012503945419672,0.1612281426407819,2250.0,2333.0,1.312026913372582,0.0025991896643987,0.0007213633441718,0.0001257466852839
2014-05-14,2250.0,2250.0,2200.0,2214.0,145700.0,2214.0,2218.4,2197.4,2096.68,2193.0666666666666,2304.065,False,False,False,False,False,False,True,False,False,True,False,0.015356820234869,0.06323396567299,,,0.0529900632339657,0.0094549834387233,0.0799457994579945,0.1178861788617886,-0.0016293774319065,0.1482661327022844,2243.0,2302.0,0.933974358974359,0.001774233550184,-0.0008249561142147,-0.0003789828899393
2014-05-15,2240.0,2340.0,2240.0,2288.0,257800.0,2288.0,2234.0,2218.6,2104.32,2191.0,2303.9,False,False,False,False,False,False,True,False,False,False,False,-0.0096153846153846,0.0266608391608391,,,0.0802797202797202,0.0423951048951048,0.0524475524475524,0.0743006993006993,-0.0009432527004411,0.1334625439466329,2163.0,2301.0,1.7693891557995882,0.0036306265206814,0.0018563929704974,0.0006861247314654
2014-05-16,2270.0,2308.0,2250.0,2288.0,182200.0,2288.0,2255.0,2231.2,2113.52,2189.56,2303.73,False,False,False,False,False,False,True,False,False,False,False,0.0056818181818181,0.0240384615384615,,,0.0762587412587412,0.0430244755244755,0.0729895104895105,0.0541958041958041,-0.00065766638046,0.1208318393689496,2137.0,2302.0,0.7067494181536075,0.0043529278171012,0.0007223012964198,0.0002855863199811
2014-05-19,2302.0,2330.0,2269.0,2276.0,163000.0,2276.0,2266.2,2239.5,2123.56,2188.613333333333,2303.27,False,False,False,False,False,False,True,False,False,False,False,0.0268014059753954,0.0364674868189806,,,0.0669771528998242,0.0383948447568836,0.0808435852372583,0.0645869947275922,-0.0004325417616027,0.1110962268363474,2195.0,2304.0,0.8946212952799122,0.0047279097364802,0.0003749819193789,0.0002251246188573
2014-05-20,2276.0,2287.0,2213.0,2247.0,215100.0,2247.0,2262.6,2242.7,2132.0,2187.1066666666666,2302.665,False,False,False,False,False,False,True,False,False,True,False,0.0382732532265242,0.0498442367601246,,,0.0511793502447708,0.0266547989912476,0.0934579439252336,0.0752113929684023,-0.0006888857729844,0.1041601640879299,2178.0,2310.0,1.3196319018404907,0.0039587242026266,-0.0007691855338535,-0.0002563440113817
2014-05-21,2229.0,2257.0,2220.0,2248.0,87400.0,2248.0,2269.4,2243.9,2141.84,2185.64,2302.215,False,False,False,False,False,False,True,False,False,False,False,0.047153024911032,0.048932384341637,,,0.0472241992882561,0.0277402135231317,0.0903024911032028,0.0636120996441281,-0.00067104677196,0.0973305405766745,2145.0,2278.0,0.4063226406322641,0.0045941807044411,0.0006354565018144,1.7839001024474088e-05
2014-05-22,2260.0,2280.0,2249.0,2266.0,127800.0,2266.0,2265.0,2249.5,2152.6,2185.093333333333,2301.955,False,False,False,False,False,False,True,False,False,False,True,0.0366284201235657,0.0498676081200353,,,0.0500441306266549,0.0357046190055901,0.0847308031774051,0.0511915269196822,-0.0002501800075666,0.0891309179817737,2123.0,2299.0,1.462242562929062,0.0049986063365231,0.000404425632082,0.0004208667643934
2014-05-23,2284.0,2327.0,2277.0,2301.0,116100.0,2301.0,2267.6,2261.3,2164.52,2183.773333333333,2302.465,False,False,False,False,False,False,True,False,False,False,False,0.0182529335071707,0.0430247718383311,,,0.0593133420252064,0.0509459655222368,0.0608431116905693,0.0338983050847457,-0.0006044583381668,0.0773006677574845,2098.0,2304.0,0.908450704225352,0.0055069946223643,0.0005083882858411,-0.0003542783306002
2014-05-26,2340.0,2340.0,2300.0,2337.0,122600.0,2337.0,2279.8,2273.0,2177.0,2183.72,2303.5,False,False,False,False,False,False,True,False,False,False,False,0.0094137783483097,0.032520325203252,,,0.0684638425331621,0.0655883611467694,0.0564826700898587,0.0119811724433033,-2.442315559379629e-05,0.0645402551693796,2069.0,2305.0,1.0559862187769165,0.0057326596233348,0.0002256650009705,0.000580035182573
2014-05-27,2340.0,2366.0,2325.0,2333.0,122200.0,2333.0,2297.0,2279.8,2188.72,2185.72,2304.325,True,True,False,False,False,False,True,True,False,True,False,0.0111444492070295,0.0308615516502357,,,0.061843120445778,0.0631290184312045,0.0672953279039862,0.0158594084869267,0.0009150302875025,0.0558382314238089,2057.0,2265.0,0.99673735725938,0.0053547278774808,-0.000377931745854,0.0009394534430963
2014-05-28,2345.0,2389.0,2333.0,2354.0,191700.0,2354.0,2318.2,2293.8,2200.92,2187.4666666666667,2305.39,False,False,False,False,False,False,True,True,False,False,False,0.0016992353440951,0.0186915887850467,,,0.0650297366185216,0.070744831492495,0.0649957519116397,0.0042480883602378,0.0007984883579179,0.0445548870869299,2104.0,2229.0,1.5687397708674304,0.0055431365065519,0.0001884086290711,-0.0001165419295845
2014-05-29,2340.0,2362.0,2331.0,2349.0,79300.0,2349.0,2334.8,2299.9,2213.08,2187.9733333333334,2306.57,False,False,False,False,False,False,True,True,False,True,False,0.0127713920817369,0.0310770540655598,,,0.057862920391656,0.0685511565205051,0.0613026819923371,0.0153256704980842,0.0002315689405111,0.0386103743641026,2098.0,2215.0,0.4136671883150756,0.0054946048041642,-4.853170238766288e-05,-0.0005669194174067
2014-05-30,2349.0,2353.0,2315.0,2343.0,182700.0,2343.0,2343.2,2305.4,2226.24,2188.373333333333,2307.86,False,False,False,False,False,False,True,True,False,False,False,0.0243277848911651,0.0239009816474605,,,0.0498335467349552,0.0659951628965715,0.0635936833119931,0.0264618011096884,0.0001827841684537,0.0358289233972412,2140.0,2185.0,2.3039092055485497,0.005911312347276,0.0004167075431117,-4.878477205743178e-05
2014-06-02,2344.0,2368.0,2333.0,2359.0,113700.0,2359.0,2347.6,2313.7,2240.12,2188.773333333333,2308.725,False,False,False,False,False,False,True,True,False,False,False,0.022891055532005,0.0139889783806697,,,0.0503942348452734,0.072160519994348,0.0551080966511233,0.0224671470962272,0.0001827507645074,0.031637636685828,2122.0,2190.0,0.6223316912972086,0.0061960966376801,0.0002847842904041,-3.3403946316992864e-08
2014-06-03,2369.0,2370.0,2335.0,2359.0,144100.0,2359.0,2352.8,2324.9,2254.04,2189.12,2309.5,False,False,False,False,False,False,True,True,False,True,False,0.0194997880457821,0.0067825349724459,,,0.0444934294192454,0.0720135650699449,0.0572276388300127,0.0241627808393387,0.0001583589143887,0.0266678136694051,2129.0,2197.0,1.2673702726473175,0.0061755780731486,-2.051856453148381e-05,-2.439185011860812e-05
2014-06-04,2363.0,2379.0,2339.0,2358.0,97300.0,2358.0,2353.6,2335.9,2267.2,2189.866666666667,2310.425,False,False,False,False,False,False,True,True,False,True,False,0.01696352841391,0.0139949109414758,,,0.0385072094995759,0.0713033644331353,0.0568278201865988,0.0385920271416454,0.0003409644422796,0.0243161094224922,2121.0,2248.0,0.6752255378209576,0.005804516584333,-0.0003710614888156,0.0001826055278908
2014-06-05,2371.0,2394.0,2357.0,2379.0,88600.0,2379.0,2359.6,2347.2,2279.32,2190.9066666666668,2311.57,False,False,False,False,False,False,True,True,False,True,False,0.0180748213535098,0.0121899957965531,,,0.0418999579655316,0.0790640325066554,0.0306851618327028,0.0214375788146279,0.0004746893219245,0.0214297886843899,2097.0,2273.0,0.9105858170606372,0.0053173753575629,-0.0004871412267701,0.0001337248796448
2014-06-06,2394.0,2418.0,2388.0,2400.0,162200.0,2400.0,2371.0,2357.1,2288.84,2192.213333333333,2313.02,False,False,False,False,False,False,True,True,False,True,False,-0.0004166666666666,0.0229166666666666,,,0.0463166666666666,0.0865777777777778,0.0233333333333333,0.0204166666666666,0.0005960490463213,0.0201094565355734,2058.0,2274.0,1.830699774266365,0.0041593121406476,-0.0011580632169152,0.0001213597243968
2014-06-09,2422.0,2430.0,2406.0,2413.0,101800.0,2413.0,2381.8,2364.7,2297.64,2193.6666666666665,2314.69,False,False,False,False,False,False,True,True,False,True,False,-0.0087028595109821,0.019477828429341,,,0.0478077082469954,0.0908965326702583,0.032739328636552,0.0290095317032739,0.0006625132958517,0.0218209498033578,2025.0,2266.0,0.6276202219482121,0.0038300168868925,-0.0003292952537551,6.646424953031494e-05
2014-06-10,2408.0,2432.0,2396.0,2405.0,135000.0,2405.0,2391.0,2371.9,2305.24,2194.9333333333334,2316.13,False,False,False,False,False,False,True,True,False,True,False,-0.0124740124740124,0.0216216216216216,,,0.0414802494802495,0.0873458073458073,0.0403326403326403,0.027027027027027,0.0005770866237396,0.0229351996289894,2036.0,2250.0,1.3261296660117878,0.0032968367718762,-0.0005331801150163,-8.542667211209568e-05
2014-06-11,2388.0,2404.0,2376.0,2398.0,123100.0,2398.0,2399.0,2376.3,2311.72,2196.5333333333333,2317.305,False,False,False,False,False,False,True,True,False,True,False,-0.0029190992493744,0.0221017514595496,,,0.0359799833194329,0.0840144564915207,0.0504587155963302,0.0358632193494578,0.0007284205414592,0.0260909817783949,2002.0,2243.0,0.9118518518518518,0.0028031076427941,-0.000493729129082,0.0001513339177196
2014-06-12,2383.0,2426.0,2377.0,2422.0,59900.0,2422.0,2407.6,2383.6,2320.2,2198.173333333333,2318.46,False,False,False,False,False,False,True,True,False,False,False,-0.0057803468208092,0.0148637489677952,,,0.0420313790255987,0.0924139829342142,0.0462427745664739,0.0231213872832369,0.0007460740129682,0.0268501426413827,1997.0,2163.0,0.4865962632006498,0.0036548573398845,0.0008517496970903,1.765347150905778e-05
2014-06-13,2422.0,2423.0,2370.0,2399.0,146900.0,2399.0,2407.4,2389.2,2328.84,2199.44,2319.505,False,False,False,False,False,False,True,True,False,False,False,0.02334305960817,0.0175072947061275,,,0.0292455189662358,0.0831846602751146,0.0558566069195498,0.0229262192580241,0.0005759041695462,0.0264942240080362,2003.0,2137.0,2.4524207011686143,0.0037100015458341,5.514420594961676e-05,-0.000170169843422
2014-06-16,2376.0,2404.0,2365.0,2392.0,83100.0,2392.0,2403.2,2392.5,2335.72,2200.6,2320.285,False,False,False,False,False,False,True,True,False,True,False,0.0284280936454849,0.032190635451505,,,0.0235284280936455,0.0800167224080267,0.0706521739130434,-0.007943143812709,0.0005271289648277,0.0234482758620689,2025.0,2195.0,0.5656909462219196,0.0029455585429758,-0.0007644430028582,-4.877520471857578e-05
2014-06-17,2378.0,2397.0,2354.0,2375.0,181200.0,2375.0,2397.2,2394.1,2340.12,2202.0666666666666,2321.11,False,False,False,False,False,False,True,True,False,True,False,0.0345263157894736,0.0484210526315789,,,0.0146863157894737,0.0728140350877193,0.087578947368421,0.0092631578947368,0.0006660409917955,0.0219706779165448,2040.0,2178.0,2.1805054151624548,0.0018802454574979,-0.0010653130854779,0.0001389120269678
2014-06-18,2362.0,2400.0,2352.0,2391.0,138600.0,2391.0,2395.8,2397.4,2347.2,2204.2266666666665,2322.04,False,False,False,False,False,False,True,True,False,False,False,0.0250941028858218,0.0485152655792555,,,0.01831869510665,0.0781151540499094,0.083228774571309,0.0029276453366792,0.0009799355178232,0.0184366396930006,2049.0,2145.0,0.7649006622516556,0.0030163599182003,0.0011361144607024,0.0003138945260276
2014-06-19,2387.0,2417.0,2384.0,2408.0,185800.0,2408.0,2393.0,2400.3,2352.0,2206.8,2322.995,False,False,False,False,False,False,True,True,False,True,False,0.0207641196013289,0.0352990033222591,,,0.0232558139534883,0.0835548172757474,0.090531561461794,-0.0045681063122923,0.0011660926832217,0.0158313544140315,2045.0,2123.0,1.3405483405483405,0.0020408163265306,-0.0009755435916696,0.0001861571653984
2014-06-20,2420.0,2457.0,2396.0,2455.0,187800.0,2455.0,2404.2,2405.8,2358.68,2210.4,2324.2,False,False,False,False,False,False,True,True,False,False,False,-0.0057026476578411,0.015071283095723,,,0.0392342158859471,0.0996334012219958,0.0712830957230142,-0.0248472505091649,0.0016286644951139,0.0112228780447252,2014.0,2098.0,1.010764262648009,0.0028320925263282,0.0007912761997975,0.0004625718118922
2014-06-23,2460.0,2477.0,2451.0,2460.0,189400.0,2460.0,2417.8,2410.5,2366.04,2214.0,2325.45,False,False,False,False,False,False,True,True,False,False,False,0.0036585365853658,0.0117886178861788,,,0.0381951219512195,0.1,0.0764227642276422,-0.0479674796747967,0.0016260162601625,0.0034017838622691,2012.0,2069.0,1.0085197018104366,0.0031106828286927,0.0002785903023645,-2.648234951404746e-06
2014-06-24,2455.0,2464.0,2439.0,2457.0,96400.0,2457.0,2434.2,2415.7,2374.44,2217.4666666666667,2326.675,False,False,False,False,False,False,True,True,False,False,False,0.0134310134310134,0.015059015059015,,,0.0336019536019535,0.0974901641568308,0.0529100529100529,-0.0427350427350427,0.0015633455594973,-0.0036428364449226,2011.0,2057.0,0.5089757127771911,0.0035376762520847,0.000426993423392,-6.26707006652228e-05
2014-06-25,2464.0,2476.0,2439.0,2451.0,86500.0,2451.0,2446.2,2421.0,2382.56,2220.173333333333,2327.965,False,False,False,False,False,False,True,True,False,True,False,0.0228478172174622,0.0167278661770705,,,0.0279232966136271,0.0941765265877873,0.0350877192982456,-0.0485516115871073,0.0012191240323577,-0.0121024370095002,2029.0,2104.0,0.8973029045643154,0.0034080988516553,-0.0001295774004294,-0.0003442215271395
2014-06-26,2441.0,2467.0,2441.0,2458.0,82400.0,2458.0,2456.2,2424.6,2390.24,2222.64,2329.315,False,False,False,False,False,False,True,True,False,True,False,0.0142392188771358,-0.0024410089503661,,,0.0275671277461351,0.0957526444263629,0.0231895850284784,-0.0516680227827502,0.0011097913592244,-0.0196321042646209,2076.0,2098.0,0.952601156069364,0.0032130664703125,-0.0001950323813427,-0.0001093326731332
2014-06-27,2465.0,2472.0,2417.0,2441.0,93500.0,2441.0,2453.4,2428.8,2395.84,2224.866666666667,2330.675,False,False,False,False,False,False,True,True,False,True,False,0.0208930766079475,0.0061450225317492,,,0.0185006145022531,0.088542946879694,0.0086030315444489,-0.0725112658746415,0.0010008090372457,-0.0291501976284585,2162.0,2140.0,1.1347087378640777,0.0023373848003207,-0.0008756816699918,-0.0001089823219786
2014-06-30,2441.0,2469.0,2433.0,2469.0,62200.0,2469.0,2455.2,2436.5,2401.12,2227.5733333333333,2332.12,False,False,False,False,False,False,True,True,False,True,False,0.0081004455245038,0.0093155123531794,,,0.0274929121101661,0.0977831780747941,0.0068853786958282,-0.0992304576751721,0.0012150741015633,-0.0383336753539914,2193.0,2122.0,0.66524064171123,0.0021989738122208,-0.0001384109880998,0.0002142650643175
2014-07-01,2469.0,2494.0,2426.0,2490.0,99800.0,2490.0,2461.8,2448.0,2407.4,2230.773333333333,2333.505,False,False,False,False,False,False,True,True,False,False,False,0.0016064257028112,0.0048192771084337,,,0.0331726907630521,0.1041070950468541,-0.0076305220883534,-0.07429718875502,0.0014344801204962,-0.0466094771241829,2215.0,2129.0,1.6045016077170418,0.002608623411149,0.0004096495989281,0.0002194060189328
2014-07-02,2489.0,2512.0,2458.0,2507.0,89200.0,2507.0,2473.0,2459.6,2413.52,2234.293333333333,2334.945,False,False,False,False,False,False,True,True,False,True,False,-0.0059832469086557,0.0047865975269246,,,0.0372875947347427,0.1087780880202101,0.008376545672118,-0.0977263661747108,0.0015754421979805,-0.0566352252398763,2236.0,2121.0,0.8937875751503006,0.0025357154695216,-7.290794162739117e-05,0.0001409620774843
2014-07-03,2507.0,2518.0,2490.0,2493.0,72400.0,2493.0,2480.0,2468.1,2419.28,2238.693333333333,2336.225,False,False,False,False,False,False,True,True,False,True,False,-0.0164460489370236,0.0164460489370236,,,0.029570798235058,0.102008289878326,-0.0156438026474127,-0.0653830726032892,0.0019654322164119,-0.0625987601798954,2210.0,2097.0,0.8116591928251121,0.0023808736483582,-0.0001548418211633,0.0003899900184314
2014-07-04,2493.0,2502.0,2480.0,2492.0,67300.0,2492.0,2490.2,2471.8,2425.24,2243.4266666666667,2337.64,False,False,False,False,False,False,True,True,False,False,False,-0.0144462279293739,0.0164526484751203,,,0.0267897271268058,0.0997485286249331,0.0224719101123595,-0.0601926163723916,0.002109867642951,-0.0661056719799336,2183.0,2058.0,0.9295580110497238,0.0024574887433819,7.661509502364687e-05,0.000144435426539
2014-07-07,2487.0,2508.0,2482.0,2489.0,49200.0,2489.0,2494.2,2474.7,2430.44,2247.346666666667,2338.915,False,False,False,False,False,False,True,True,False,True,False,0.0012053033346725,0.0289272800321414,,,0.0235275210928083,0.097088522833802,0.0124548011249497,-0.0622740056247488,0.0017442791795955,-0.0675233361619589,2220.0,2025.0,0.7310549777117384,0.0021395302908116,-0.0003179584525702,-0.0003655884633555
2014-07-08,2464.0,2508.0,2442.0,2494.0,86500.0,2494.0,2495.0,2478.4,2435.84,2251.56,2340.12,False,False,False,False,False,False,True,True,False,False,False,0.0032076984763432,0.0356856455493183,,,0.0233199679230151,0.0972093023255814,0.0132317562149157,-0.066158781074579,0.0018712951612806,-0.0698434473854099,2265.0,2036.0,1.758130081300813,0.002216894377299,7.736408648738617e-05,0.0001270159816851
2014-07-09,2449.0,2510.0,2449.0,2492.0,108300.0,2492.0,2492.0,2482.5,2441.2,2256.1866666666665,2341.58,False,False,False,False,False,False,True,True,False,True,False,0.0108346709470304,0.0393258426966292,,,0.0203852327447833,0.0946281433921884,0.0212680577849117,-0.0654093097913322,0.0020506577469948,-0.0715005035246727,2214.0,2002.0,1.2520231213872832,0.0021956414877927,-2.1252889506283984e-05,0.0001793625857141
2014-07-10,2492.0,2492.0,2447.0,2452.0,73600.0,2452.0,2483.8,2481.9,2444.12,2260.5733333333333,2342.785,False,False,False,False,False,False,True,True,False,True,False,0.0334420880913539,0.0709624796084828,,,0.0032137030995106,0.0780696030451332,0.0371125611745513,-0.0432300163132137,0.0019405106669105,-0.070671662838954,2288.0,1997.0,0.6795937211449676,0.0011947040243523,-0.0010009374634404,-0.0001101470800843
2014-07-11,2425.0,2464.0,2416.0,2456.0,101700.0,2456.0,2476.6,2483.4,2446.36,2265.346666666667,2343.85,False,False,False,False,False,False,True,True,False,True,False,0.0313517915309446,0.0708469055374592,,,0.0039250814332247,0.0776275787187838,0.0386807817589576,-0.0435667752442996,0.0021071094343177,-0.0678102601272449,2288.0,2003.0,1.3817934782608696,0.0009156461027813,-0.0002790579215709,0.0001665987674072
2014-07-14,2455.0,2500.0,2441.0,2492.0,90900.0,2492.0,2477.2,2485.7,2449.52,2270.9866666666667,2345.08,False,False,False,False,False,False,True,True,False,False,False,0.0276886035313001,0.0626003210272873,,,0.0170465489566613,0.088689138576779,0.0224719101123595,-0.0365168539325842,0.0024835020314224,-0.061552077885505,2276.0,2025.0,0.8938053097345132,0.001290048662595,0.0003744025598136,0.0003763925971046
2014-07-15,2494.0,2522.0,2493.0,2502.0,149700.0,2502.0,2478.8,2486.9,2453.4,2276.92,2346.365,False,False,False,False,False,False,True,True,False,False,False,0.0323741007194244,0.0339728217426059,,,0.0194244604316546,0.0899600319744204,0.0135891286970423,-0.035171862509992,0.0026058593772874,-0.0576219389601512,2247.0,2040.0,1.646864686468647,0.001581478764164,0.000291430101569,0.000122357345865
2014-07-16,2490.0,2534.0,2487.0,2519.0,114600.0,2519.0,2484.2,2488.1,2458.24,2282.4533333333334,2347.355,False,False,False,False,False,False,True,True,False,False,False,0.0281857880111155,0.0071456927352123,,,0.0241206828106392,0.0939049887521503,0.0047637951568082,-0.0333465660976578,0.0024242919899055,-0.0511233471323499,2248.0,2049.0,0.7655310621242485,0.0019688883103357,0.0003874095461716,-0.0001815673873818
2014-07-17,2510.0,2546.0,2507.0,2534.0,73100.0,2534.0,2500.6,2492.2,2462.72,2288.266666666667,2348.31,False,False,False,False,False,False,True,True,False,True,False,0.0363062352012628,-0.0074980268350434,,,0.0281294396211524,0.0969744803998946,-0.0114443567482241,-0.0402525651144435,0.0025404964456357,-0.0485916058101275,2266.0,2045.0,0.6378708551483421,0.0018191268191268,-0.0001497614912088,0.0001162044557301
2014-07-18,2514.0,2541.0,2510.0,2533.0,81400.0,2533.0,2516.0,2496.3,2468.08,2293.5066666666667,2349.18,False,False,False,False,False,False,True,True,False,False,False,0.0382945124358468,-0.0280300039478878,,,0.0256296881168575,0.0945492828003684,-0.0059218318199763,-0.0264508487958941,0.0022847110392818,-0.0451868765773345,2301.0,2014.0,1.1135430916552669,0.0021717286311627,0.0003526018120359,-0.0002557854063539
2014-07-22,2533.0,2571.0,2533.0,2561.0,95600.0,2561.0,2529.8,2503.5,2474.84,2299.36,2350.275,False,False,False,False,False,False,True,True,False,False,False,0.0339711050370948,-0.0292854353768059,,,0.0336431081608746,0.1021632174931666,-0.0124951190941038,-0.0331901600937133,0.0025456358870874,-0.0422608348312363,2337.0,2012.0,1.1744471744471745,0.0027314897124663,0.0005597610813036,0.0002609248478056
2014-07-23,2561.0,2605.0,2561.0,2583.0,136100.0,2583.0,2546.0,2512.4,2483.16,2305.4133333333334,2351.38,False,False,False,False,False,False,True,True,False,False,False,0.0015485869144405,-0.043360433604336,,,0.0386527293844367,0.1074667699057942,-0.0336817653890824,-0.0557491289198606,0.0026257041398216,-0.0412752746377966,2333.0,2011.0,1.4236401673640169,0.0033505694357188,0.0006190797232525,8.006825273413655e-05
2014-07-24,2600.0,2606.0,2571.0,2590.0,110600.0,2590.0,2560.2,2522.2,2491.12,2311.6666666666665,2352.39,False,False,False,False,False,False,True,True,False,True,False,-0.0204633204633204,-0.0239382239382239,,,0.0381776061776062,0.1074646074646075,-0.0444015444015444,-0.0621621621621621,0.0027051189617879,-0.0410356038379192,2354.0,2029.0,0.8126377663482733,0.0031953498827836,-0.0001552195529352,7.941482196631607e-05
2014-07-25,2600.0,2643.0,2598.0,2626.0,127500.0,2626.0,2578.6,2539.6,2499.84,2318.72,2353.645,False,False,False,False,False,False,True,True,False,False,False,-0.0422696115765422,-0.0654988575780655,,,0.0480426504188879,0.117014470677837,-0.0639756283320639,-0.0677837014470677,0.0030419081792252,-0.0435895416601038,2349.0,2076.0,1.1528028933092225,0.0034882232462878,0.0002928733635042,0.0003367892174373
2014-07-28,2620.0,2634.0,2616.0,2630.0,69500.0,2630.0,2598.0,2557.0,2506.84,2326.346666666667,2354.98,False,False,False,False,False,False,True,True,False,True,False,-0.0638783269961977,-0.0311787072243346,,,0.0468288973384029,0.1154575411913814,-0.0828897338403041,-0.0653992395437262,0.0032783878585021,-0.0458349628470863,2343.0,2162.0,0.5450980392156862,0.0027923601027588,-0.000695863143529,0.0002364796792768
2014-07-29,2641.0,2665.0,2630.0,2648.0,92600.0,2648.0,2615.4,2572.6,2514.36,2334.653333333333,2356.8,False,False,False,False,False,False,True,True,False,False,False,-0.0611782477341389,-0.0483383685800604,,,0.0504682779456192,0.1183333333333333,-0.0849697885196374,-0.0932779456193353,0.0035579871958148,-0.0516209282437999,2359.0,2193.0,1.3323741007194243,0.0029908207257512,0.0001984606229924,0.0002795993373126
2014-07-30,2650.0,2680.0,2567.0,2587.0,266600.0,2587.0,2616.2,2581.1,2519.56,2342.0,2358.415,False,False,False,False,False,False,True,True,False,True,False,-0.0448395825280247,-0.0231928875144955,,,0.026068805566293,0.0947042906841901,-0.0660997294163123,-0.0765365287978353,0.0031369200113863,-0.055712680640037,2359.0,2215.0,2.879049676025918,0.0020638524186762,-0.000926968307075,-0.0004210671844284
2014-07-31,2537.0,2554.0,2450.0,2537.0,304400.0,2537.0,2605.6,2582.9,2523.0,2349.133333333333,2359.645,False,False,False,False,False,False,True,True,False,True,False,-0.0035474970437524,0.0031533307055577,,,0.005518328734726,0.0740507160688477,-0.0575482853764288,-0.0938115884903429,0.0030365808667025,-0.0616361454179411,2358.0,2236.0,1.1417854463615904,0.001363456202933,-0.0007003962157431,-0.0001003391446837
2014-08-01,2497.0,2538.0,2495.0,2515.0,240100.0,2515.0,2583.4,2581.0,2525.28,2356.04,2360.595,False,False,False,False,False,False,True,True,False,True,False,-0.0242544731610337,0.0111332007952286,,,-0.0040874751491054,0.0632047713717694,-0.0528827037773359,-0.0791252485089463,0.0029314725839403,-0.0654397520340953,2379.0,2210.0,0.7887647831800263,0.0009028701767725,-0.0004605860261604,-0.0001051082827622
2014-08-04,2504.0,2510.0,2450.0,2462.0,230500.0,2462.0,2549.8,2573.9,2526.12,2362.16,2361.105,False,False,False,False,False,False,True,True,False,True,False,0.0349309504467912,0.0361494719740048,,,-0.0260438667749796,0.0405523964256702,-0.0337124289195775,-0.0479285134037368,0.0025908490534086,-0.067601693927503,2400.0,2183.0,0.9600166597251144,0.0003325257707471,-0.0005703444060254,-0.0003406235305316
2014-08-05,2478.0,2519.0,2475.0,2486.0,362800.0,2486.0,2517.4,2566.4,2526.8,2368.306666666667,2361.81,False,False,False,False,False,False,True,True,False,True,False,0.0136765888978278,0.0249396621078037,,,-0.0164119066773934,0.0473424510592651,-0.0486725663716814,-0.0724054706355591,0.0025953846067233,-0.0715009351620947,2413.0,2220.0,1.5739696312364426,0.0002691150862752,-6.341068447186478e-05,4.535553314665309e-06
2014-08-06,2486.0,2488.0,2464.0,2471.0,139200.0,2471.0,2494.2,2555.2,2526.04,2374.0533333333333,2362.225,False,False,False,False,False,False,False,True,False,True,False,0.0226628895184136,0.0263051396195872,,,-0.022274382840955,0.0392337784972346,-0.0408741400242816,-0.0643464184540671,0.0024206139710423,-0.072401377582968,2405.0,2265.0,0.3836824696802646,-0.0003008661778911,-0.0005699812641664,-0.0001747706356809
2014-08-07,2484.0,2528.0,2468.0,2528.0,195000.0,2528.0,2492.4,2549.0,2526.88,2380.44,2362.7,False,False,False,True,True,False,True,True,False,False,False,0.0067246835443037,0.0011867088607594,,,0.0004430379746835,0.0583702531645569,-0.0648734177215189,-0.0973101265822784,0.0026829773767315,-0.0759121224009415,2398.0,2214.0,1.4008620689655171,0.0003324257582473,0.0006332919361385,0.0002623634056891
2014-08-08,2500.0,2519.0,2451.0,2454.0,100800.0,2454.0,2480.2,2531.8,2525.32,2385.893333333333,2362.705,False,False,False,False,False,False,False,True,False,True,False,0.0362673186634066,0.0207823960880195,,,-0.0290627546862266,0.0277533279000273,-0.0281173594132029,-0.0709046454767726,0.002285656804998,-0.0762698475393002,2422.0,2288.0,0.5169230769230769,-0.0006177434938938,-0.0009501692521412,-0.0003973205717334
2014-08-11,2504.0,2559.0,2475.0,2548.0,179200.0,2548.0,2497.4,2523.6,2527.56,2393.0133333333333,2363.25,False,False,False,False,False,False,True,True,False,False,False,0.0011773940345368,-0.0117739403453689,,,0.008021978021978,0.0608267922553636,-0.0561224489795918,-0.1122448979591836,0.0029753281775837,-0.0810350293231891,2399.0,2288.0,1.7777777777777777,0.0008862301982939,0.0015039736921877,0.0006896713725856
2014-08-12,2538.0,2555.0,2487.0,2520.0,151800.0,2520.0,2504.2,2510.8,2528.8,2399.786666666667,2363.53,False,False,False,False,False,False,True,True,False,True,False,0.0111111111111111,0.0035714285714285,,,-0.0034920634920635,0.0477037037037036,-0.0428571428571428,-0.0845238095238095,0.0028224731087208,-0.0800939939461527,2392.0,2276.0,0.8470982142857143,0.0004903511546979,-0.0003958790435959,-0.0001528550688629
2014-08-13,2525.0,2540.0,2511.0,2527.0,116100.0,2527.0,2515.4,2504.8,2530.12,2406.6666666666665,2363.88,False,False,False,False,False,False,True,True,False,False,False,0.003561535417491,-0.0122675108824693,,,-0.0012346656113968,0.0476190476190476,-0.0439256034823901,-0.0684606252473288,0.0028587257617727,-0.0792877674864262,2375.0,2247.0,0.7648221343873518,0.0005217143850883,3.1363230390365386e-05,3.6252653051849215e-05
2014-08-14,2527.0,2550.0,2502.0,2545.0,144300.0,2545.0,2518.8,2505.6,2532.24,2413.5466666666666,2364.26,False,False,False,False,False,False,True,True,False,False,False,-0.0055009823182711,-0.0275049115913556,,,0.0050137524557957,0.0516516044531761,-0.0377210216110019,-0.0667976424361493,0.0028505767445972,-0.0765485312899104,2391.0,2248.0,1.2428940568475453,0.0008372034246358,0.0003154890395475,-8.14901717550217e-06
2014-08-15,2545.0,2560.0,2529.0,2543.0,90100.0,2543.0,2536.6,2508.4,2535.88,2419.773333333333,2364.705,False,False,False,False,False,False,True,True,True,False,False,-0.0149429807314195,-0.0334250884781753,,,0.0027998427054659,0.0484572027788701,-0.0444357058592213,-0.0523004325599685,0.0025732437748989,-0.0738319247328975,2408.0,2266.0,0.6243936243936244,0.0014353991513795,0.0005981957267436,-0.0002773329696982
2014-08-18,2540.0,2569.0,2520.0,2551.0,111000.0,2551.0,2537.2,2517.3,2539.68,2424.96,2365.39,False,False,False,False,False,False,True,True,False,False,False,-0.0129361034888279,-0.0544884359074872,,,0.004437475499804,0.0494080752646021,-0.039984319874559,-0.0533124264994119,0.002138866895399,-0.0742859412862988,2455.0,2301.0,1.2319644839067705,0.0014962514962513,6.0852344871856895e-05,-0.0004343768794998
2014-08-19,2549.0,2555.0,2522.0,2548.0,114600.0,2548.0,2542.8,2523.5,2541.92,2429.693333333333,2365.975,False,False,False,False,False,False,True,True,False,True,False,-0.0074568288854003,-0.0490580847723704,,,0.002386185243328,0.0464311878597593,-0.0255102040816326,-0.0678963893249607,0.0019481196529602,-0.0738260352684763,2460.0,2337.0,1.0324324324324323,0.0008812236419715,-0.0006150278542798,-0.0001907472424388
2014-08-20,2536.0,2566.0,2504.0,2536.0,195800.0,2536.0,2544.6,2530.0,2543.28,2433.9733333333334,2366.61,False,False,False,False,False,False,True,True,False,True,False,-0.0157728706624605,-0.0473186119873817,,,-0.0028706624605679,0.0402313354363827,-0.0260252365930599,-0.070583596214511,0.001758441615356,-0.0744268774703558,2457.0,2333.0,1.7085514834205933,0.0005347425371961,-0.0003464811047754,-0.0001896780376041
2014-08-21,2548.0,2570.0,2512.0,2531.0,119100.0,2531.0,2541.8,2530.3,2543.76,2437.9066666666668,2367.13,False,False,False,False,False,False,True,True,False,True,False,-0.0221256420387198,-0.0553141050967996,,,-0.0050414855788226,0.0367812458843671,-0.018569735282497,-0.0529435005926511,0.0016134060368731,-0.0699917005888631,2451.0,2354.0,0.608273748723187,0.0001886970468912,-0.0003460454903048,-0.0001450355784828
2014-08-22,2522.0,2530.0,2483.0,2505.0,96800.0,2505.0,2534.2,2535.4,2542.6,2441.84,2367.225,False,False,False,False,False,False,False,True,False,True,True,-0.0187624750499002,-0.0491017964071856,,,-0.0150099800399201,0.0252135728542913,-0.0107784431137724,-0.0467065868263473,0.0016108071508917,-0.0676027451289737,2458.0,2349.0,0.8127623845507976,-0.0004562259104854,-0.0006449229573766,-2.5988859814871004e-06
2014-08-25,2504.0,2529.0,2498.0,2518.0,70000.0,2518.0,2527.6,2532.4,2542.0,2446.306666666667,2368.005,False,False,False,False,False,False,False,True,False,False,False,-0.0420969023034154,-0.0552025416997617,,,-0.0095313741064336,0.028472332539052,-0.0254169976171564,-0.0309769658459094,0.0018258817373673,-0.0594692781551097,2441.0,2343.0,0.7231404958677686,-0.0002360346184106,0.0002201912920747,0.0002150745864756
2014-08-26,2523.0,2549.0,2509.0,2529.0,97100.0,2529.0,2523.8,2533.3,2540.72,2450.4266666666667,2368.305,False,False,False,False,False,False,False,True,False,True,False,-0.0419137999209173,-0.0648477659153815,,,-0.0046342427837088,0.0310689337023856,-0.0616844602609727,-0.0494266508501383,0.0016813398482984,-0.0559744207160621,2469.0,2359.0,1.3871428571428572,-0.0005037942000693,-0.0002677595816586,-0.0001445418890688
2014-08-27,2526.0,2541.0,2473.0,2496.0,129700.0,2496.0,2515.8,2530.2,2537.24,2453.5066666666667,2368.545,False,False,False,False,False,False,False,True,False,True,False,-0.032051282051282,-0.0504807692307692,,,-0.0165224358974358,0.0170245726495726,-0.0396634615384615,-0.046875,0.0012553460896784,-0.0538297367797011,2490.0,2359.0,1.3357363542739444,-0.0013715691065882,-0.0008677749065189,-0.00042599375862
2014-08-28,2496.0,2500.0,2460.0,2475.0,142400.0,2475.0,2504.6,2523.2,2532.64,2456.9866666666667,2368.535,False,False,False,False,False,False,False,True,False,True,False,-0.0339393939393939,-0.0448484848484848,,,-0.0232888888888888,0.0072781144781144,-0.0311111111111111,-0.0315151515151515,0.0014163691025321,-0.0503329105897273,2507.0,2358.0,1.0979182729375483,-0.0018162865626381,-0.0004447174560498,0.0001610230128536
2014-08-29,2457.0,2483.0,2436.0,2458.0,141700.0,2458.0,2495.2,2514.7,2525.92,2459.2533333333336,2368.365,False,False,False,False,False,False,False,True,False,True,False,-0.0309194467046379,-0.0296989422294548,,,-0.0276322213181448,-0.0005098996474099,-0.0248169243287225,0.017087062652563,0.0009216889679253,-0.0435439615063427,2493.0,2379.0,0.9950842696629212,-0.0026604167986317,-0.0008441302359935,-0.0004946801346067
2014-09-01,2450.0,2450.0,2380.0,2412.0,242800.0,2412.0,2474.0,2500.8,2517.2,2460.9066666666668,2367.62,False,False,False,False,False,False,False,True,False,True,False,-0.0136815920398009,-0.0029021558872305,,,-0.0436152570480927,-0.0202763957987838,-0.0074626865671641,0.0381426202321724,0.0006718391053703,-0.034668905950096,2492.0,2400.0,1.7134791813690895,-0.0034641665342445,-0.0008037497356127,-0.0002498498625549
2014-09-02,2425.0,2456.0,2417.0,2423.0,158700.0,2423.0,2452.8,2488.3,2508.2,2462.866666666667,2366.895,False,False,False,False,False,False,False,True,False,True,False,-0.023937267849773,-0.0045398266611638,,,-0.0351630210482871,-0.0164534323840969,-0.0334296326867519,0.0297152290548906,0.0007958205884741,-0.0249969858939839,2489.0,2413.0,0.6536243822075782,-0.0035882306036201,-0.0001240640693756,0.0001239814831038
2014-09-03,2437.0,2442.0,2373.0,2416.0,228600.0,2416.0,2436.8,2476.3,2501.36,2465.12,2366.045,False,False,False,False,False,False,False,True,False,False,False,-0.0190397350993377,0.0,,,-0.0353311258278146,-0.0203311258278145,-0.0264900662251655,0.0260761589403973,0.0009140866705609,-0.0153454751039857,2494.0,2405.0,1.440453686200378,-0.0027345124252405,0.0008537181783795,0.0001182660820867
2014-09-04,2405.0,2425.0,2389.0,2391.0,225800.0,2391.0,2420.0,2462.3,2495.52,2467.026666666666,2365.095,False,False,False,False,False,False,False,True,False,False,False,-0.0112923462986198,0.0242576327896277,,,-0.0437139272271016,-0.03179701658999,-0.0246758678377248,0.0443329150982852,0.0007728601771631,-0.0056857409738862,2492.0,2398.0,0.9877515310586176,-0.0023401936269796,0.0003943187982609,-0.0001412264933977
2014-09-05,2407.0,2420.0,2375.0,2382.0,187700.0,2382.0,2404.8,2450.0,2490.2,2468.5733333333333,2364.08,False,False,False,False,False,False,False,True,False,False,False,0.0012594458438287,0.0201511335012594,,,-0.0454240134340889,-0.0363448082843548,-0.0214105793450881,0.0520570948782535,0.0006265427264332,0.0041224489795918,2452.0,2422.0,0.8312666076173605,-0.0021363745883865,0.000203819038593,-0.0001463174507299
2014-09-08,2393.0,2414.0,2363.0,2379.0,181800.0,2379.0,2398.2,2436.1,2486.88,2469.613333333333,2363.06,False,False,False,False,False,False,False,True,False,False,False,0.0109289617486338,0.0294241277847835,,,-0.0453467843631778,-0.0380888328429309,-0.0483396385035729,0.0512820512820512,0.0004211185556711,0.0123558146217314,2456.0,2399.0,0.968566862013852,-0.001335006112076,0.0008013684763104,-0.0002054241707621
2014-09-09,2408.0,2408.0,2364.0,2365.0,127900.0,2365.0,2386.6,2419.7,2482.04,2469.9866666666667,2361.995,False,False,False,False,False,False,False,True,False,True,False,0.0198731501057082,0.0498942917547568,,,-0.0494883720930232,-0.0443918252290345,-0.0596194503171247,0.0528541226215644,0.0001511479144289,0.0227714179443734,2492.0,2392.0,0.7035203520352035,-0.0019500088636767,-0.0006150027516006,-0.0002699706412422
2014-09-10,2364.0,2381.0,2358.0,2370.0,194800.0,2370.0,2377.4,2407.1,2478.0,2470.48,2361.1,False,False,False,False,False,False,False,True,False,False,False,0.0194092827004219,0.0421940928270042,,,-0.0455696202531645,-0.0423966244725738,-0.0274261603375527,0.0295358649789029,0.0001996912880627,0.0306592995720992,2502.0,2375.0,1.523064894448788,-0.0016303470540758,0.0003196618096008,4.854337363386244e-05
2014-09-11,2389.0,2389.0,2361.0,2364.0,133400.0,2364.0,2372.0,2396.0,2471.44,2470.613333333333,2360.21,False,False,False,False,False,False,False,True,False,True,False,0.0359560067681895,0.0507614213197969,,,-0.0454483925549915,-0.0450987027636771,-0.0431472081218274,0.0258037225042301,5.396770572466109e-05,0.0366026711185308,2519.0,2391.0,0.6848049281314168,-0.0026543229857896,-0.0010239759317137,-0.0001457235823381
2014-09-12,2380.0,2410.0,2377.0,2385.0,359000.0,2385.0,2372.6,2388.7,2468.68,2471.093333333333,2359.47,False,False,True,False,False,False,False,True,False,False,False,0.0188679245283018,0.0389937106918239,,,-0.0350859538784066,-0.0360978336827391,-0.0230607966457023,0.0167714884696016,0.0001942460017698,0.0366308033658475,2534.0,2408.0,2.691154422788605,-0.0011180063839785,0.001536316601811,0.0001402782960451
2014-09-16,2435.0,2436.0,2395.0,2405.0,164400.0,2405.0,2377.8,2388.0,2462.96,2471.92,2358.75,False,False,False,False,False,False,False,True,False,True,False,0.0182952182952182,0.0203742203742203,,,-0.0240997920997921,-0.0278253638253638,-0.0261954261954261,0.0066528066528066,0.0003344229047328,0.0334589614740368,2533.0,2455.0,0.4579387186629526,-0.0023224088089127,-0.0012044024249342,0.000140176902963
2014-09-17,2416.0,2425.0,2404.0,2412.0,87500.0,2412.0,2387.2,2386.9,2458.64,2472.6266666666666,2358.44,False,False,False,False,False,False,False,True,False,False,False,0.0294361525704809,-0.0161691542288557,,,-0.0193366500829186,-0.025135433941404,-0.0323383084577114,0.0,0.0002857959416975,0.0304579161255183,2561.0,2460.0,0.5322384428223844,-0.0017570689486871,0.0005653398602256,-4.862696303531932e-05
2014-09-18,2424.0,2433.0,2412.0,2416.0,109600.0,2416.0,2396.4,2386.9,2454.2,2473.3866666666668,2357.87,False,False,False,False,False,False,False,True,False,True,False,0.0223509933774834,-0.007864238410596,,,-0.0158112582781456,-0.0237527593818984,-0.0360099337748344,-0.0066225165562913,0.0003072710022426,0.0271481838367756,2583.0,2457.0,1.252571428571429,-0.0018091435090864,-5.207456039934069e-05,2.14750605450756e-05
2014-09-19,2433.0,2449.0,2415.0,2449.0,240100.0,2449.0,2413.4,2392.7,2450.36,2474.6,2357.45,False,False,False,False,False,False,False,True,False,False,True,0.0142915475704369,-0.0208248264597795,,,-0.0005553287055941,-0.0104532462229481,-0.0489995916700694,-0.0114332380563495,0.000490314933053,0.0214820077736448,2590.0,2451.0,2.190693430656934,-0.001567116668571,0.0002420268405154,0.0001830439308104
2014-09-22,2454.0,2476.0,2410.0,2430.0,99600.0,2430.0,2422.4,2397.5,2445.84,2475.28,2357.1,False,False,False,False,False,False,False,True,False,True,False,0.019753086419753,-0.0135802469135802,,,-0.0065185185185185,-0.0186337448559671,-0.0345679012345679,-0.0053497942386831,0.000274716395721,0.0157247132429613,2626.0,2458.0,0.4148271553519367,-0.0018480358486245,-0.0002809191800535,-0.000215598537332
2014-09-24,2415.0,2457.0,2407.0,2449.0,114000.0,2449.0,2431.2,2404.5,2441.76,2475.9333333333334,2356.75,False,False,False,False,True,False,False,True,False,False,False,0.0020416496529195,-0.0224581461821151,,,0.0029563086974274,-0.0109976861303933,-0.0408329930583911,-0.0155165373621886,0.0002638735561,0.0090247452692866,2630.0,2441.0,1.144578313253012,-0.0016709258895222,0.0001771099591023,-1.0842839621005482e-05
2014-09-25,2475.0,2484.0,2450.0,2483.0,95300.0,2483.0,2445.4,2416.3,2439.16,2476.866666666667,2356.675,False,False,False,False,False,False,False,True,False,False,False,-0.0443012484897301,-0.0567861457913813,,,0.0176560612162707,0.0024701302188212,-0.0330245670559806,-0.0116794200563834,0.0003768201760288,0.0026072921408764,2648.0,2469.0,0.8359649122807018,-0.0010659407336953,0.0006049851558269,0.0001129466199288
2014-09-26,2429.0,2476.0,2429.0,2470.0,140000.0,2470.0,2456.2,2426.3,2436.52,2477.733333333333,2356.395,False,False,False,False,False,False,False,True,False,True,False,-0.0295546558704453,-0.0477732793522267,,,0.0135546558704453,-0.0031309041835356,-0.0226720647773279,0.0024291497975708,0.0003497820588708,-4.121501875298347e-05,2587.0,2490.0,1.4690451206715636,-0.0010835125506869,-1.75718169916374e-05,-2.703811715800157e-05
2014-09-29,2491.0,2505.0,2477.0,2484.0,113100.0,2484.0,2463.2,2438.3,2434.64,2478.88,2356.21,False,False,False,False,False,False,False,True,False,False,False,-0.0346215780998389,-0.0611916264090177,,,0.0198711755233494,0.0020611916264089,-0.0197262479871175,-0.0181159420289855,0.000462574496009,-0.0043883033260879,2537.0,2507.0,0.8078571428571428,-0.0007721880853021,0.0003113244653848,0.0001127924371382
2014-09-30,2493.0,2501.0,2450.0,2478.0,167000.0,2478.0,2472.8,2447.6,2433.56,2479.6266666666666,2356.015,False,False,False,False,False,False,False,True,False,False,False,-0.0326876513317191,-0.059322033898305,,,0.0179338175948345,-0.0006564433683077,-0.0185633575464083,0.0004035512510088,0.0003011205987997,-0.0059650269651903,2515.0,2493.0,1.4765694076038904,-0.0004437942766974,0.0003283938086047,-0.0001614538972093
2014-10-01,2496.0,2496.0,2446.0,2454.0,107100.0,2454.0,2473.8,2452.5,2431.0,2480.36,2356.025,False,False,False,False,False,False,False,True,False,True,False,-0.0244498777506112,-0.0774246128769356,,,0.0093724531377343,-0.0107416462917685,0.0048899755501222,0.0195599022004889,0.0002956560069238,-0.0046483180428134,2462.0,2492.0,0.641317365269461,-0.0010530645824763,-0.0006092703057788,-5.46459187590495e-06
2014-10-02,2431.0,2433.0,2370.0,2373.0,133600.0,2373.0,2451.8,2448.6,2424.76,2480.1066666666666,2355.715,False,False,False,False,False,True,False,False,False,True,False,-0.013063632532659,-0.0627897176569742,,,-0.0218120522545302,-0.0451355527461721,0.0434049726085124,0.0762747576906869,-0.0001021461442519,0.0027362574532386,2486.0,2489.0,1.2474323062558357,-0.0025734505683035,-0.0015203859858272,-0.0003978021511757
2014-10-03,2373.0,2411.0,2362.0,2397.0,85600.0,2397.0,2437.2,2446.7,2420.8,2480.4,2355.45,False,False,False,False,False,False,False,True,False,False,False,-0.0187734668335419,-0.0383813099707968,,,-0.0099290780141844,-0.034793491864831,0.0175219023779724,0.0734251147267417,0.000118260495619,0.0105856868435035,2471.0,2494.0,0.6407185628742516,-0.0016358228684732,0.0009376276998303,0.000220406639871
2014-10-06,2427.0,2438.0,2392.0,2398.0,88900.0,2398.0,2420.0,2441.6,2417.72,2480.4933333333333,2355.22,False,False,False,False,False,False,False,True,False,False,False,-0.0275229357798165,-0.0567139282735613,,,-0.0082235195996663,-0.0344008896302474,0.0129274395329441,0.049207673060884,3.7626923676438736e-05,0.0165874836173001,2528.0,2492.0,1.0385514018691588,-0.0012739275019441,0.0003618953665291,-8.063357194262321e-05
2014-10-07,2407.0,2421.0,2389.0,2397.0,93900.0,2397.0,2403.8,2438.3,2415.28,2480.346666666667,2354.75,False,False,False,False,False,False,False,False,False,False,False,-0.0275344180225281,-0.0279516061743846,,,-0.0076261994159366,-0.0347712418300654,0.0212765957446808,0.0596579057154776,-5.913151924994353e-05,0.0230078333264979,2454.0,2452.0,1.0562429696287965,-0.0010102348381966,0.0002636926637474,-9.675844292638228e-05
2014-10-08,2373.0,2404.0,2355.0,2394.0,124200.0,2394.0,2391.8,2432.8,2414.56,2479.5333333333333,2354.56,False,False,False,False,False,False,False,False,False,False,False,-0.0543024227234753,-0.0217209690893901,,,-0.0085881370091896,-0.0357282094124199,0.0267335004177109,0.0321637426900584,-0.0003280187131987,0.0277869121999341,2548.0,2456.0,1.3226837060702876,-0.0002981909747532,0.0007120438634433,-0.0002688871939488
2014-10-09,2391.0,2393.0,2341.0,2342.0,100200.0,2342.0,2385.6,2418.7,2411.32,2477.96,2354.245,False,False,False,False,False,False,False,False,False,True,False,-0.0503842869342442,-0.0034158838599487,,,-0.029598633646456,-0.0580529461998292,0.0251921434671221,0.0213492741246797,-0.0006349308840067,0.0312151155579443,2520.0,2492.0,0.8067632850241546,-0.0013436623923825,-0.0010454714176292,-0.0003069121708079
2014-10-10,2300.0,2355.0,2281.0,2352.0,104200.0,2352.0,2376.6,2406.9,2408.76,2476.56,2354.015,False,False,False,False,False,False,False,False,False,False,False,-0.0199829931972789,-0.0097789115646258,,,-0.0241326530612245,-0.0529591836734693,0.0157312925170068,0.0399659863945578,-0.0005653002551927,0.0350243051227719,2527.0,2502.0,1.039920159680639,-0.0010627874923196,0.0002808749000628,6.963062881398645e-05
2014-10-14,2314.0,2356.0,2303.0,2332.0,136800.0,2332.0,2363.4,2391.7,2406.4,2474.9733333333334,2353.485,False,False,False,False,False,False,False,False,False,False,False,-0.030017152658662,-0.0012864493996569,,,-0.0319039451114923,-0.0613093196112064,-0.0141509433962264,0.0222984562607204,-0.0006410843483835,0.0393025881172387,2545.0,2519.0,1.3128598848368522,-0.0009807180851064,8.206940721324114e-05,-7.57840931907964e-05
2014-10-15,2321.0,2347.0,2313.0,2331.0,88800.0,2331.0,2350.2,2377.0,2404.36,2473.28,2353.14,False,False,False,False,False,False,False,False,False,False,False,-0.0004290004290004,0.0064350064350064,,,-0.0314714714714715,-0.0610381810381811,-0.0064350064350064,-0.006006006006006,-0.0006846508819596,0.0389145982330668,2543.0,2534.0,0.6491228070175439,-0.0008484586334824,0.0001322594516239,-4.3566533576127925e-05
2014-10-16,2281.0,2304.0,2257.0,2264.0,106200.0,2264.0,2324.2,2358.0,2399.76,2470.92,2352.37,False,False,False,False,False,False,False,False,False,True,False,0.0344522968197879,0.0375441696113074,,,-0.0599646643109541,-0.0913957597173145,0.0353356890459364,-0.0278268551236749,-0.0009551098376313,0.034520780322307,2551.0,2533.0,1.195945945945946,-0.0019168583525018,-0.0010683997190193,-0.0002704589556717
2014-10-17,2275.0,2293.0,2224.0,2224.0,113900.0,2224.0,2300.6,2343.1,2394.12,2467.653333333333,2351.475,False,False,False,False,False,False,False,False,False,True,False,0.0494604316546762,0.0795863309352518,,,-0.0764928057553956,-0.109556354916067,0.0368705035971223,-0.0008992805755395,-0.0013237948064018,0.0269301352908539,2548.0,2561.0,1.0725047080979284,-0.0023557716405194,-0.0004389132880175,-0.0003686849687704
2014-10-20,2282.0,2305.0,2266.0,2305.0,83600.0,2305.0,2291.2,2333.9,2391.52,2465.1866666666665,2351.12,False,False,False,False,False,False,False,False,False,False,False,0.0104121475054229,0.0472885032537961,,,-0.0375357917570498,-0.0694953000723065,0.0030368763557483,-0.0446854663774403,-0.0010006003602161,0.015082051501778,2536.0,2583.0,0.7339771729587358,-0.001087174683883,0.0012685969566363,0.0003231944461857
2014-10-21,2305.0,2325.0,2250.0,2262.0,113200.0,2262.0,2277.2,2320.3,2387.44,2461.92,2350.475,False,False,False,False,False,False,False,False,False,True,False,0.0296198054818744,0.0764809902740937,,,-0.0554553492484527,-0.0883819628647215,0.008841732979664,0.0123784261715296,-0.0013268776672948,0.0112916433219841,2531.0,2590.0,1.354066985645933,-0.0017089434708306,-0.0006217687869476,-0.0003262773070786
2014-10-22,2300.0,2340.0,2276.0,2330.0,123000.0,2330.0,2277.0,2313.6,2385.24,2459.7466666666664,2349.88,False,False,False,False,False,False,False,False,False,False,False,0.0068669527896995,0.0437768240343347,,,-0.0237081545064376,-0.0556852646638053,-0.0214592274678111,-0.0171673819742489,-0.0008835598245891,0.00341459197787,2505.0,2626.0,1.086572438162544,-0.0009223390518355,0.000786604418995,0.0004433178427057
2014-10-23,2320.0,2354.0,2319.0,2342.0,70400.0,2342.0,2292.6,2308.4,2382.72,2457.7466666666664,2349.105,False,False,False,False,False,False,False,False,False,True,False,0.0029888983774551,0.0529461998292058,,,-0.0173868488471391,-0.0494221463136919,-0.0341588385994876,-0.0371477369769427,-0.0008137535194839,-0.0036822041240686,2518.0,2630.0,0.5723577235772358,-0.0010576148267526,-0.000135275774917,6.98063051051311e-05
2014-10-24,2374.0,2387.0,2324.0,2334.0,67100.0,2334.0,2314.6,2307.6,2379.6,2455.68,2348.06,False,False,False,False,False,False,False,False,False,True,False,0.0287060839760068,0.0608397600685518,,,-0.0195372750642673,-0.0521336760925449,-0.0115681233933161,-0.0188517566409597,-0.0008415863087481,-0.0077569769457445,2529.0,2648.0,0.953125,-0.0013111447302067,-0.0002535299034541,-2.783278926415749e-05
2014-10-27,2339.0,2342.0,2317.0,2329.0,60900.0,2329.0,2319.4,2305.3,2376.12,2453.48,2347.005,False,False,False,False,False,False,False,False,False,True,False,0.0364963503649635,0.047230571060541,,,-0.0202318591670244,-0.0534478316874195,0.0107342206955775,-0.0094461142121082,-0.0008966855242348,-0.0127965991411096,2496.0,2587.0,0.9076005961251864,-0.0014645724963385,-0.0001534277661318,-5.5099215486760673e-05
2014-10-28,2311.0,2338.0,2300.0,2329.0,82200.0,2329.0,2332.8,2305.0,2371.32,2451.306666666667,2346.1,False,False,False,False,False,False,False,False,False,True,False,0.0455130957492486,0.04293688278231,,,-0.0181708887934736,-0.0525146701016173,0.0197509660798626,0.0201803349076857,-0.0008866019755449,-0.0130151843817787,2475.0,2537.0,1.3497536945812807,-0.002024189059258,-0.0005596165629194,1.0083548689938894e-05
2014-10-29,2355.0,2355.0,2307.0,2346.0,65000.0,2346.0,2336.0,2306.5,2367.96,2449.893333333333,2344.96,False,False,False,False,False,False,False,False,False,False,False,0.0366581415174765,0.0434782608695652,,,-0.0093606138107417,-0.0442853083262288,0.0272804774083546,0.0106564364876385,-0.0005768958648541,-0.0113158465207023,2458.0,2515.0,0.7907542579075426,-0.0014189428875488,0.0006052461717091,0.0003097061106907
2014-10-30,2392.0,2397.0,2318.0,2349.0,189100.0,2349.0,2337.4,2315.0,2363.96,2448.4666666666667,2343.925,False,False,False,False,False,False,False,False,False,True,True,0.0498084291187739,0.0464027245636441,,,-0.0063686675180928,-0.042344259968781,0.0280970625798212,-0.0012771392081736,-0.0005826775941403,-0.0086825053995679,2412.0,2462.0,2.9092307692307693,-0.0016920760080542,-0.0002731331205054,-5.781729286194102e-06
2014-10-31,2399.0,2411.0,2354.0,2401.0,285300.0,2401.0,2350.8,2332.7,2360.68,2447.2533333333336,2343.23,False,False,False,False,True,False,False,False,False,False,False,0.0312369845897542,0.0,,,0.0167930029154519,-0.0192641954741081,-0.0108288213244481,-0.0133277800916284,-0.0004957939240726,-0.0099026878724224,2423.0,2486.0,1.508725542041248,-0.00138943016419,0.0003026458438642,8.688367006776945e-05
2014-11-04,2497.0,2509.0,2414.0,2414.0,214800.0,2414.0,2367.8,2343.6,2358.44,2446.08,2342.77,False,False,False,False,False,False,False,False,False,False,False,0.0103562551781275,-0.0103562551781275,,,0.0230157415078707,-0.0132891466445732,-0.0236122618061309,-0.02029826014913,-0.0004796790511077,-0.0075524833589348,2416.0,2471.0,0.7528916929547844,-0.0009497803632908,0.0004396498008991,1.6114872964878568e-05
2014-11-05,2415.0,2448.0,2401.0,2435.0,121700.0,2435.0,2389.0,2360.9,2356.48,2444.96,2342.125,False,False,False,False,False,False,False,False,False,False,False,-0.0024640657084188,-0.0558521560574948,,,0.0322464065708418,-0.0040903490759753,-0.0156057494866529,-0.0246406570841889,-0.0004580852038478,-0.0112245330170697,2391.0,2528.0,0.5665735567970205,-0.0008317490494296,0.0001180313138612,2.1593847259872973e-05
2014-11-06,2440.0,2480.0,2425.0,2432.0,114000.0,2432.0,2406.2,2371.1,2354.64,2443.6,2341.83,False,False,False,False,False,False,False,False,False,False,False,0.006578947368421,-0.0476973684210526,,,0.0318092105263158,-0.0047697368421052,-0.0180921052631578,-0.0259046052631578,-0.0005565559011295,-0.0121462612289653,2382.0,2454.0,0.9367296631059984,-0.00078143580335,5.031324607963005e-05,-9.847069728166218e-05
2014-11-07,2463.0,2479.0,2446.0,2466.0,58400.0,2466.0,2429.6,2383.5,2355.12,2442.7066666666665,2341.535,False,False,False,False,False,False,True,False,False,False,False,-0.0032441200324412,-0.0494728304947283,,,0.044963503649635,0.0094457961611247,-0.0105433901054339,-0.0401459854014598,-0.0003657145352423,-0.0125865324103209,2379.0,2548.0,0.512280701754386,0.0002038112707632,0.0009852470741133,0.0001908413658871
2014-11-10,2466.0,2492.0,2447.0,2476.0,78700.0,2476.0,2444.6,2397.7,2359.24,2441.5733333333333,2341.68,False,False,False,False,False,False,True,False,True,False,False,-0.0302907915993537,-0.0686591276252019,,,0.047156704361874,0.0139041464728056,-0.0290791599353796,-0.0444264943457189,-0.0004641815659847,-0.0152646286024106,2365.0,2520.0,1.3476027397260273,0.00174632508774,0.0015425138169767,-9.846703074235868e-05
2014-11-11,2470.0,2470.0,2432.0,2439.0,107300.0,2439.0,2449.6,2408.7,2360.92,2439.653333333333,2341.52,False,False,False,False,False,False,True,False,False,True,False,-0.02050020500205,-0.052070520705207,,,0.0320131201312012,-0.00026786934536,-0.02460024600246,-0.026650266502665,-0.0007869970596915,-0.0169801137543071,2370.0,2527.0,1.363405336721728,0.0007115870084544,-0.0010347380792856,-0.0003228154937068
2014-11-12,2460.0,2470.0,2420.0,2429.0,127500.0,2429.0,2448.4,2418.7,2362.16,2437.5066666666667,2341.255,False,False,False,False,False,False,True,False,False,True,False,-0.0535199670646356,-0.0605187319884726,,,0.0275174969123096,-0.0035021270756141,-0.0131741457389872,-0.0242898312062577,-0.0008806813519825,-0.0212924298176706,2364.0,2545.0,1.1882572227399817,0.0005249432722591,-0.0001866437361952,-9.368429229100164e-05
2014-11-13,2433.0,2457.0,2415.0,2448.0,66000.0,2448.0,2451.6,2428.9,2364.2,2435.133333333333,2341.28,False,False,False,False,False,False,True,False,False,False,False,-0.0539215686274509,-0.0686274509803921,,,0.0342320261437909,0.005255991285403,0.0212418300653594,-0.0294117647058823,-0.0009746215128535,-0.0251965910494463,2385.0,2543.0,0.5176470588235295,0.0008628711614922,0.000337927889233,-9.394016087098064e-05
2014-11-14,2488.0,2488.0,2421.0,2458.0,137100.0,2458.0,2450.0,2439.8,2366.76,2432.84,2341.59,False,False,False,False,False,False,True,False,False,False,False,-0.0463791700569568,-0.0797396257119609,,,0.0371196094385678,0.0102359641985353,0.0187144019528071,-0.0374288039056143,-0.0009426568674195,-0.028731863267481,2405.0,2551.0,2.077272727272727,0.0010816474843247,0.0002187763228324,3.1964645433966684e-05
2014-11-17,2431.0,2437.0,2390.0,2401.0,104100.0,2401.0,2435.0,2439.8,2369.12,2429.5466666666666,2341.86,False,False,False,False,False,False,True,False,False,True,False,-0.039566847147022,-0.0391503540191586,,,0.0132778009162849,-0.0118894904900735,0.0391503540191586,-0.0141607663473552,-0.001355534091408,-0.0288138371997705,2412.0,2548.0,0.7592997811816192,0.0009961504693724,-8.54970149522748e-05,-0.0004128772239884
2014-11-18,2401.0,2415.0,2381.0,2389.0,132700.0,2389.0,2425.0,2437.3,2370.6,2426.9066666666668,2342.005,False,False,False,False,False,False,True,False,False,True,False,-0.0322310590205106,-0.0146504813729593,,,0.0077019673503558,-0.0158671689688852,0.0376726663876098,-0.0087902888237756,-0.0010878045028513,-0.0276945800681081,2416.0,2536.0,1.2747358309317964,0.0006243145195309,-0.0003718359498415,0.0002677295885567
2014-11-19,2339.0,2354.0,2269.0,2299.0,396700.0,2299.0,2399.0,2423.7,2369.28,2423.733333333333,2341.71,False,False,False,False,False,False,False,False,False,True,False,-0.0073945193562418,0.0330578512396694,,,-0.0305698129621575,-0.0542554733942292,0.0861244019138756,0.0426272292301,-0.0013092749477391,-0.021331022816355,2449.0,2531.0,2.9894498869630746,-0.0005571312803888,-0.0011814457999197,-0.0002214704448878
2014-11-20,2296.0,2323.0,2273.0,2316.0,211100.0,2316.0,2372.6,2412.1,2368.68,2421.08,2341.755,False,False,False,False,False,False,False,False,False,False,False,-0.0155440414507772,0.040587219343696,,,-0.0227461139896372,-0.0453713298791018,0.0820379965457685,0.0397236614853195,-0.0010959296402156,-0.0150076696654366,2430.0,2505.0,0.5321401562893875,-0.0002533056385836,0.0003038256418051,0.0002133453075235
2014-11-21,2316.0,2362.0,2298.0,2344.0,206100.0,2344.0,2349.8,2399.9,2371.88,2419.5066666666667,2341.475,False,False,False,False,False,False,True,False,True,False,False,-0.0349829351535836,0.0302901023890784,,,-0.0118941979522184,-0.0322127417519908,0.0669795221843003,0.0221843003412969,-0.0006502703030369,-0.008792033001375,2449.0,2518.0,0.9763145428706774,0.0013491407659747,0.0016024464045584,0.0004456593371786
2014-11-25,2363.0,2368.0,2297.0,2306.0,207600.0,2306.0,2330.8,2382.9,2375.16,2417.1066666666666,2341.3,False,False,False,False,False,False,True,False,False,False,False,0.0004336513443191,0.0299219427580225,,,-0.0299913269731135,-0.0481815553628215,0.0797918473547268,0.03642671292281,-0.0009929226678729,-0.0007134164253641,2483.0,2529.0,1.007278020378457,0.0013809595985111,3.18188325363661e-05,-0.0003426523648359
2014-11-26,2307.0,2322.0,2291.0,2312.0,153400.0,2312.0,2315.4,2370.2,2375.44,2414.9866666666667,2341.945,False,False,False,False,False,False,True,False,False,True,False,0.0181660899653979,0.0194636678200692,,,-0.027439446366782,-0.0445444059976932,0.0553633217993079,0.0311418685121107,-0.0008778516375521,0.0050628638933423,2470.0,2496.0,0.7389210019267822,0.0001178728993366,-0.0012630866991745,0.0001150710303207
2014-11-27,2305.0,2310.0,2277.0,2282.0,98000.0,2282.0,2312.0,2355.5,2376.24,2411.7066666666665,2342.24,False,False,False,False,False,False,True,False,False,False,False,0.0407537248028045,0.0503943908851884,,,-0.0412971078001751,-0.0568390300905637,0.0626643295354951,0.0714285714285714,-0.0013600327292429,0.0145192103587347,2484.0,2475.0,0.6388526727509778,0.0003366663300002,0.0002187934306635,-0.0004821810916908
2014-11-28,2301.0,2320.0,2256.0,2280.0,156800.0,2280.0,2304.8,2338.7,2374.24,2409.3866666666668,2342.085,False,False,False,False,False,False,False,False,False,True,False,0.0570175438596491,0.0473684210526315,,,-0.0413333333333332,-0.0567485380116959,0.0635964912280701,0.0846491228070175,-0.000962900655215,0.0259545901569249,2478.0,2458.0,1.6,-0.0008423748231012,-0.0011790411531015,0.0003971320740279
2014-12-01,2280.0,2286.0,2250.0,2262.0,168600.0,2262.0,2288.4,2319.1,2371.04,2405.5733333333333,2341.83,False,False,False,False,False,False,False,False,False,True,False,0.0676392572944297,0.0786914235190097,,,-0.0482051282051281,-0.0634718538166813,0.0702917771883289,0.1114058355437665,-0.0015852076843774,0.0410072873097321,2454.0,2412.0,1.0752551020408163,-0.0013496187327079,-0.0005072439096066,-0.0006223070291624
2014-12-02,2264.0,2312.0,2262.0,2307.0,160200.0,2307.0,2288.6,2309.7,2369.96,2402.733333333333,2341.72,False,False,False,False,False,False,False,False,False,False,False,0.0294755093194625,0.0420459471174685,,,-0.0272908539228435,-0.0414968935124981,0.0455136540962288,0.0866926744690073,-0.0011819871812658,0.0513053643330302,2373.0,2423.0,0.9501779359430604,-0.0004557038937365,0.0008939148389713,0.0004032205031116
2014-12-03,2315.0,2387.0,2312.0,2354.0,605500.0,2354.0,2297.0,2306.2,2370.96,2400.4266666666667,2341.825,False,False,False,False,False,False,True,False,False,False,False,0.0012744265080713,0.0106202209005947,,,-0.0072047578589634,-0.0197224582271311,0.0195412064570943,0.0450297366185216,-0.0009609402772839,0.0568901222790739,2397.0,2416.0,3.779650436953808,0.0004217700846914,0.000877473978428,0.0002210469039819
2014-12-04,2360.0,2405.0,2344.0,2375.0,552000.0,2375.0,2315.6,2313.8,2372.8,2398.16,2342.19,False,False,False,True,True,False,True,False,False,False,True,0.0092631578947368,0.0092631578947368,,,0.0009263157894736,-0.0097515789473683,0.0193684210526315,-0.0088421052631578,-0.0009451690740679,0.0515602039934306,2398.0,2391.0,0.911643270024773,0.0007754551584626,0.0003536850737712,1.577120321593706e-05
2014-12-05,2375.0,2413.0,2350.0,2410.0,570600.0,2410.0,2341.6,2323.2,2375.36,2396.3866666666668,2342.735,False,False,False,False,False,False,True,False,False,False,False,-0.0091286307053941,0.0373443983402489,,,0.0143734439834024,0.0056486860304287,0.0029045643153526,-0.0120331950207468,-0.0007400030045233,0.0461432506887053,2397.0,2382.0,1.0336956521739131,0.0010777313754546,0.000302276216992,0.0002051660695446
2014-12-08,2412.0,2439.0,2387.0,2415.0,263300.0,2415.0,2372.2,2330.3,2378.0,2394.5733333333333,2343.3,False,False,False,False,False,False,True,False,False,False,False,0.010351966873706,0.0368530020703933,,,0.0153209109730848,0.0084582470669427,-0.0016563146997929,0.0012422360248447,-0.0007572678222425,0.0438999270480194,2394.0,2379.0,0.4614440939362075,0.0011101766190075,3.244524355287088e-05,-1.726481771921267e-05
2014-12-09,2393.0,2406.0,2366.0,2375.0,103600.0,2375.0,2385.8,2337.2,2376.96,2392.266666666667,2343.655,False,False,False,False,False,False,False,False,False,True,False,0.0122105263157894,0.0505263157894736,,,-0.0008252631578947,-0.0072701754385965,0.0332631578947368,-0.0113684210526315,-0.0009642180358933,0.0390210508300531,2342.0,2365.0,0.393467527535131,-0.000437533656435,-0.0015477102754426,-0.0002069502136507
2014-12-10,2375.0,2388.0,2342.0,2357.0,211900.0,2357.0,2386.4,2341.7,2374.68,2389.88,2343.89,False,False,False,False,False,False,False,False,False,True,False,0.0093338990241832,0.0517607127704709,,,-0.0075010606703435,-0.0139499363597794,0.0504879083580823,0.0352142554094187,-0.0009986554415563,0.0394158090276295,2352.0,2370.0,2.045366795366796,-0.0009601293647987,-0.0005225957083636,-3.443740566306576e-05
2014-12-11,2349.0,2404.0,2329.0,2397.0,370800.0,2397.0,2390.8,2353.2,2373.16,2388.093333333333,2344.485,False,False,False,False,False,False,False,False,False,False,False,0.0,0.0417188151856487,,,0.0099457655402587,0.0037157558058686,0.0175219023779724,0.0070921985815602,-0.0007481561301347,0.0330188679245284,2332.0,2364.0,1.7498820198206702,-0.0006404962160157,0.0003196331487829,0.0002504993114216
2014-12-12,2410.0,2430.0,2387.0,2388.0,258300.0,2388.0,2386.4,2364.0,2371.4,2386.5333333333333,2344.93,False,False,False,False,False,False,False,False,False,True,False,0.0469011725293132,0.0494137353433835,,,0.0069514237855946,0.0006141820212172,0.038107202680067,0.0037688442211055,-0.0006536678026703,0.0250846023688664,2331.0,2385.0,0.6966019417475728,-0.0007421776165976,-0.0001016814005819,9.448832746444564e-05
2014-12-15,2422.0,2457.0,2406.0,2440.0,173700.0,2440.0,2391.4,2381.8,2370.36,2385.4933333333333,2345.61,False,False,False,False,False,False,False,False,False,False,False,0.0262295081967213,0.025,,,0.0285409836065573,0.0223387978142076,0.0254098360655737,-0.0151639344262295,-0.000435968520837,0.0127634562095892,2264.0,2405.0,0.6724738675958188,-0.0004387519195396,0.000303425697058,0.0002176992818332
2014-12-16,2421.0,2440.0,2394.0,2404.0,152400.0,2404.0,2397.2,2391.5,2367.48,2383.826666666667,2346.105,False,False,False,False,False,False,False,False,False,True,False,0.0378535773710482,0.0357737104825291,,,0.0151913477537437,0.0083915696062118,0.062396006655574,0.007071547420965,-0.0006991559789022,0.0050595860338699,2224.0,2412.0,0.8773747841105354,-0.0012164833493842,-0.0007777314298445,-0.0002631874580651
2014-12-17,2408.0,2411.0,2372.0,2379.0,162800.0,2379.0,2401.6,2394.0,2365.08,2382.266666666667,2346.675,False,False,False,False,False,False,False,False,False,False,False,0.0420344682639764,0.0256410256410256,,,0.0058511979823455,-0.0013731259632899,0.0815468684321143,0.0285834384195039,-0.0006548385291318,0.0034670008354219,2305.0,2416.0,1.068241469816273,-0.001014764828251,0.0002017185211331,4.431744977030931e-05
2014-12-18,2428.0,2428.0,2383.0,2397.0,183200.0,2397.0,2401.6,2396.2,2363.8,2381.2266666666665,2347.515,False,False,False,False,False,False,False,False,False,False,False,0.0417188151856487,0.0116812682519816,,,0.0138506466416353,0.0065804477819497,0.0496453900709219,0.0246141009595327,-0.0004367496864362,0.006802437192221,2262.0,2449.0,1.1253071253071254,-0.0005415009730094,0.0004732638552416,0.0002180888426955
2014-12-19,2444.0,2500.0,2439.0,2500.0,151200.0,2500.0,2424.0,2405.2,2365.88,2381.786666666667,2348.94,False,False,False,False,False,False,True,True,False,False,True,0.0024,-0.03,,,0.0536479999999999,0.0472853333333332,0.016,-0.0144,0.0002351176147879,0.0064859471145852,2330.0,2430.0,0.8253275109170306,0.0008791654690854,0.0014206664420949,0.0006718673012242
2014-12-22,2500.0,2504.0,2478.0,2504.0,67300.0,2504.0,2436.8,2414.1,2367.72,2383.0133333333333,2350.535,False,False,False,False,False,False,True,True,False,True,False,-0.0011980830670926,-0.03314696485623,,,0.0544249201277956,0.0483173588924387,-0.0131789137380191,-0.0067891373801916,0.0005147544285665,0.0056335694461703,2342.0,2449.0,0.4451058201058201,0.0007771189160879,-0.0001020465529975,0.0002796368137785
2014-12-24,2510.0,2510.0,2475.0,2495.0,106400.0,2495.0,2455.0,2426.1,2371.48,2383.9733333333334,2352.06,False,False,False,False,False,False,True,True,True,False,False,-0.002004008016032,-0.0332665330661322,,,0.0495070140280561,0.0444996659986639,-0.0412825651302605,-0.0076152304609218,0.0004026890681103,0.0059354519599357,2334.0,2483.0,1.5809806835066864,0.0015855077841686,0.0008083888680807,-0.0001120653604561
2014-12-25,2477.0,2495.0,2463.0,2479.0,60500.0,2479.0,2475.0,2438.3,2375.08,2384.813333333333,2353.47,False,False,False,False,False,False,True,True,False,True,False,-0.0157321500605082,-0.0318676885841065,,,0.0419201290843082,0.0379938147102327,-0.0133118192819685,0.0306575231948366,0.000352228825736,0.005618668744617,2329.0,2470.0,0.568609022556391,0.0015157384172322,-6.976936693640478e-05,-5.046024237434022e-05
2014-12-26,2476.0,2509.0,2476.0,2497.0,49500.0,2497.0,2495.0,2448.3,2383.0,2386.2266666666665,2354.715,False,False,False,False,False,False,True,True,False,False,False,-0.0288346015218261,-0.0304365238285943,,,0.0456547857428914,0.0443625684154319,-0.0452543051661994,-0.0016019223067681,0.0005922879637028,0.0047379814565208,2329.0,2484.0,0.8181818181818182,0.0033235417540915,0.0018078033368592,0.0002400591379667
2014-12-29,2496.0,2521.0,2481.0,2506.0,55000.0,2506.0,2496.2,2460.1,2390.6,2387.88,2355.88,True,True,False,False,False,False,True,True,False,True,False,-0.0323224261771747,-0.0355147645650439,,,0.046049481245012,0.0471348762968874,-0.0754189944134078,-0.0035913806863527,0.0006923854353374,0.0039835779033373,2346.0,2478.0,1.1111111111111112,0.0031791182130008,-0.0001444235410906,0.0001000974716346
2014-12-30,2506.0,2517.0,2482.0,2501.0,35900.0,2501.0,2495.6,2466.2,2396.88,2389.5066666666667,2357.015,False,False,False,False,False,False,True,True,False,True,False,-0.0319872051179528,-0.0359856057576969,,,0.0416313474610155,0.0445795015327202,-0.119952019192323,-0.0015993602558976,0.0006807541863592,0.0053118157489256,2349.0,2454.0,0.6527272727272727,0.0026200727612563,-0.0005590454517444,-1.1631248978274208e-05
2015-01-05,2478.0,2496.0,2469.0,2490.0,35500.0,2490.0,2494.6,2474.8,2404.24,2391.173333333333,2358.135,False,False,False,False,False,False,True,True,False,False,False,-0.0313253012048192,-0.0144578313253012,,,0.0344417670682731,0.0396894243641232,-0.1076305220883534,0.0140562248995983,0.0006970078845531,0.0060206885404879,2401.0,2373.0,0.9888579387186628,0.0030612584434164,0.0004411856821601,1.625369819392643e-05
2015-01-06,2463.0,2464.0,2432.0,2440.0,85000.0,2440.0,2486.8,2480.9,2409.36,2392.1066666666666,2359.085,False,False,False,False,False,False,True,True,False,True,False,-0.0163934426229508,0.0147540983606557,,,0.0125573770491802,0.0196284153005464,-0.0975409836065573,0.025,0.0003901721216445,0.0057237292917891,2414.0,2397.0,2.3943661971830985,0.0021250456552778,-0.0009362127881386,-0.0003068357629085
2015-01-07,2400.0,2450.0,2400.0,2425.0,53800.0,2425.0,2472.4,2483.7,2415.08,2392.92,2359.995,False,False,False,False,False,False,True,True,False,False,False,-0.0016494845360824,0.0057731958762886,,,0.0040907216494845,0.0132288659793814,-0.0556701030927835,0.0350515463917525,0.0003398915690175,0.0067641019446793,2435.0,2398.0,0.6329411764705882,0.002368451562681,0.0002434059074031,-5.028055262698371e-05
2015-01-08,2425.0,2440.0,2415.0,2425.0,49200.0,2425.0,2456.2,2476.2,2420.88,2393.4533333333334,2361.305,False,False,False,False,False,False,True,True,False,False,False,-0.0032989690721649,0.0222680412371134,,,0.0016989690721649,0.0130089347079037,-0.0556701030927835,0.0531958762886597,0.0002228300530892,0.0134480251999031,2432.0,2397.0,0.9144981412639404,0.0023958230065101,2.7371443829033847e-05,-0.0001170615159283
2015-01-09,2423.0,2434.0,2408.0,2421.0,56300.0,2421.0,2440.2,2467.9,2427.24,2393.6666666666665,2362.725,False,False,False,False,False,False,True,True,False,False,False,-0.0041305245766212,0.0334572490706319,,,-0.0025774473358115,0.0112901005094314,-0.0685667079719124,0.0838496489054109,8.912407742646121e-05,0.0224077150613881,2466.0,2394.0,1.1443089430894309,0.0026202600484499,0.0002244370419398,-0.0001337059756627
2015-01-13,2407.0,2419.0,2376.0,2412.0,92700.0,2412.0,2424.6,2459.6,2431.44,2393.6666666666665,2363.81,False,False,False,False,False,False,True,False,False,True,False,0.017412935323383,0.0588723051409618,,,-0.0080597014925373,0.0076008844665561,-0.0505804311774461,0.0704809286898839,0.0,0.030167506911693,2476.0,2342.0,1.6465364120781527,0.0017273714342119,-0.000892888614238,-8.912407742646121e-05
2015-01-14,2383.0,2414.0,2381.0,2400.0,74100.0,2400.0,2416.6,2451.7,2433.28,2393.4533333333334,2364.92,False,False,False,False,False,False,True,False,False,True,False,0.0316666666666666,0.0720833333333333,,,-0.0138666666666667,0.0027277777777777,-0.03875,0.0591666666666666,-8.913202123562299e-05,0.0329567239058613,2439.0,2352.0,0.7993527508090615,0.0007561809573909,-0.000971190476821,-8.913202123562299e-05
2015-01-15,2398.0,2425.0,2381.0,2421.0,77700.0,2421.0,2415.8,2444.1,2435.12,2393.08,2366.3,False,False,False,False,False,False,True,False,False,True,False,0.0074349442379182,0.0392399834779016,,,-0.0058323007021891,0.0115324246179265,-0.0185873605947955,0.0128046261875258,-0.0001560053710421,0.0344912237633485,2429.0,2332.0,1.048582995951417,0.0007556095798152,-5.713775756651697e-07,-6.687334980648531e-05
2015-01-16,2371.0,2417.0,2366.0,2417.0,109300.0,2417.0,2414.2,2435.2,2435.4,2392.9066666666668,2367.77,False,False,False,False,False,False,True,False,False,True,False,0.0256516342573438,0.0508895324782788,,,-0.0076127430699214,0.0099682802372086,-0.0190318576748034,0.0082747207281754,-7.243631176581996e-05,0.0358081471747701,2448.0,2331.0,1.4066924066924067,0.0001149708466782,-0.0006406387331369,8.356905927628834e-05
2015-01-19,2417.0,2423.0,2388.0,2411.0,108700.0,2411.0,2412.2,2426.2,2435.24,2392.4,2369.335,False,False,False,False,False,False,False,False,False,True,False,0.0377436748237245,0.024885939444214,,,-0.0100539195354623,0.0077146412277063,-0.0269597677312318,0.046868519286603,-0.0002117817533299,0.0407633336081114,2458.0,2264.0,0.9945105215004576,-6.570194313509521e-05,-0.0001806727898133,-0.0001393454415641
2015-01-20,2431.0,2465.0,2411.0,2454.0,79200.0,2454.0,2420.6,2422.6,2438.4,2392.0133333333333,2371.26,False,False,False,True,True,False,True,False,True,False,False,0.0407497962510187,-0.0252648736756316,,,0.0063569682151588,0.0252594403694648,-0.0346373268133659,0.0293398533007334,-0.0001616490432049,0.0423511929332122,2401.0,2224.0,0.7286108555657773,0.0012959317585303,0.0013616337016654,5.01327101250564e-05
2015-01-21,2455.0,2483.0,2442.0,2476.0,88300.0,2476.0,2435.8,2426.2,2443.16,2392.093333333333,2373.355,False,False,False,False,False,False,True,True,False,False,False,0.0391760904684975,-0.0121163166397415,,,0.0132633279483037,0.0338879913839528,-0.0448303715670436,0.0266558966074313,3.3443511122533896e-05,0.0424944357431375,2389.0,2305.0,1.1148989898989898,0.0019482964685079,0.0006523647099775,0.0001950925543274
2015-01-22,2470.0,2475.0,2419.0,2439.0,67700.0,2439.0,2439.4,2427.6,2444.84,2391.4933333333333,2375.03,False,False,False,False,False,False,True,False,False,True,False,0.031570315703157,-0.022550225502255,,,-0.0023944239442395,0.0194779281126144,-0.026240262402624,0.035260352603526,-0.0002508892630543,0.0425111220958972,2299.0,2262.0,0.766704416761042,0.0006871615320431,-0.0012611349364647,-0.0002843327741769
2015-01-23,2473.0,2489.0,2459.0,2479.0,94000.0,2479.0,2451.8,2433.0,2448.48,2391.5066666666667,2376.935,False,False,False,False,False,False,True,True,True,False,True,0.0246066962484872,-0.0653489310205728,,,0.0123114158935054,0.0352938012639505,-0.0443727309398951,0.0278338039532069,5.575285872778056e-06,0.0399506781750924,2316.0,2330.0,1.3884785819793206,0.0014866366072011,0.000799475075158,0.0002564645489271
2015-01-26,2478.0,2519.0,2470.0,2502.0,102200.0,2502.0,2470.0,2441.1,2450.96,2392.1466666666665,2378.745,False,False,False,False,False,False,True,True,False,True,False,-0.0123900879296562,-0.1203037569944044,,,0.0203996802557953,0.04390620836664,-0.0539568345323741,0.0195843325339728,0.0002675421239499,0.0335094834296014,2344.0,2342.0,1.0872340425531914,0.0010118484185788,-0.0004747881886223,0.0002619668380772
2015-01-27,2530.0,2557.0,2504.0,2554.0,101900.0,2554.0,2490.0,2455.3,2456.96,2394.56,2380.905,False,False,False,False,False,False,True,True,False,False,False,-0.0634299138606108,-0.1299921691464369,,,0.0379953014878621,0.0624275646045419,-0.0736100234925606,-0.004698512137823,0.0010078399928727,0.0259031482914511,2306.0,2334.0,0.99706457925636,0.0024420421984891,0.0014301937799103,0.0007402978689227
2015-01-28,2540.0,2574.0,2525.0,2573.0,115000.0,2573.0,2509.4,2472.6,2464.72,2396.9066666666668,2383.125,False,False,False,False,False,False,True,True,False,False,False,-0.0493587252234745,-0.1441896618732996,,,0.0420831713952585,0.0684389169581551,-0.0773416245627671,-0.0085503303536727,0.0009790396511059,0.0190892178273882,2312.0,2329.0,1.12855740922473,0.0031484306533804,0.0007063884548912,-2.880034176683862e-05
2015-01-29,2575.0,2575.0,2456.0,2516.0,195300.0,2516.0,2524.8,2482.1,2469.48,2398.48,2385.1,False,False,False,False,False,False,True,True,False,True,False,-0.0524642289348171,-0.0898251192368839,,,0.0184896661367249,0.0467090620031796,-0.0580286168521462,0.0333863275039745,0.0006559710038579,0.021151444341485,2282.0,2329.0,1.6982608695652175,0.0019275313021365,-0.0012208993512438,-0.0003230686472479
2015-01-30,2534.0,2555.0,2497.0,2540.0,128000.0,2540.0,2537.0,2494.4,2471.08,2400.3866666666668,2387.315,False,False,False,False,False,False,True,True,False,True,False,-0.0877952755905511,-0.0984251968503937,,,0.0271338582677165,0.0549658792650918,-0.0645669291338582,0.0216535433070866,0.0007943164712352,0.0224502886465683,2280.0,2346.0,0.6554019457245264,0.000647490166243,-0.0012800411358935,0.0001383454673772
2015-02-02,2490.0,2496.0,2427.0,2471.0,289200.0,2471.0,2530.8,2500.4,2469.76,2401.4133333333334,2389.38,False,False,False,False,False,False,False,True,False,True,False,-0.1092675030352084,-0.0874140024281667,,,0.0005018211250504,0.0281613381896667,-0.0424929178470254,0.0570619182517199,0.0004275260124593,0.0235162374020155,2262.0,2349.0,2.259375,-0.0005344648872763,-0.0011819550535194,-0.0003667904587759
2015-02-03,2471.0,2496.0,2385.0,2392.0,316800.0,2392.0,2498.4,2494.2,2465.64,2402.08,2391.215,False,False,False,False,False,True,False,True,False,True,False,-0.0710702341137123,-0.0426421404682274,,,-0.0307859531772574,-0.0042140468227424,-0.0104515050167224,0.0969899665551839,0.0002775372454982,0.0299895758158929,2307.0,2401.0,1.095435684647303,-0.0016709657533136,-0.0011365008660373,-0.000149988766961
2015-02-04,2432.0,2458.0,2414.0,2446.0,120000.0,2446.0,2473.0,2491.2,2464.32,2403.333333333333,2393.265,False,False,False,False,False,False,False,True,False,False,False,-0.0997547015535568,-0.0568274734260016,,,-0.0074897792313982,0.0174434450804035,-0.0318887980376124,0.0789043336058871,0.000521497919556,0.0351236351958895,2354.0,2414.0,0.3787878787878788,-0.0005356447214646,0.001135321031849,0.0002439606740577
2015-02-05,2445.0,2445.0,2369.0,2384.0,222700.0,2384.0,2446.6,2485.7,2459.8,2404.026666666666,2395.175,False,False,False,False,False,False,False,True,False,True,False,-0.0394295302013422,-0.0033557046979865,,,-0.0317953020134228,-0.0084004474272928,0.0054530201342281,0.1036073825503355,0.000288405009373,0.0416784004505774,2375.0,2435.0,1.8558333333333328,-0.0018375477681112,-0.0013019030466465,-0.0002330929101829
2015-02-06,2376.0,2379.0,2313.0,2317.0,255300.0,2317.0,2402.0,2469.5,2452.24,2403.84,2396.775,False,False,False,False,False,False,False,False,False,True,False,-0.0116529995684074,0.0233059991368148,,,-0.0583685800604228,-0.0374794993526112,0.039274924471299,0.1454466983167889,-7.765353212611578e-05,0.0528042113788216,2410.0,2432.0,1.1463852716659182,-0.0030828956382737,-0.0012453478701625,-0.0003660585414992
2015-02-09,2305.0,2317.0,2166.0,2201.0,526300.0,2201.0,2348.0,2439.4,2440.24,2403.0,2397.765,False,False,False,False,False,False,False,False,False,True,False,0.0245343025897319,0.0658791458427987,,,-0.1086960472512493,-0.0917764652430713,0.0885960926851431,0.2080872330758746,-0.0003495630461923,0.0702221857833892,2415.0,2466.0,2.0614962788875832,-0.0049175490935317,-0.001834653455258,-0.0002719095140662
2015-02-10,2200.0,2230.0,2191.0,2222.0,284900.0,2222.0,2314.0,2406.2,2429.52,2402.9733333333334,2398.75,False,False,False,False,False,False,False,False,False,False,False,0.0306030603060306,0.0661566156615661,,,-0.0933933393339333,-0.0814461446144614,0.0756075607560756,0.1998199819981998,-1.109736271174146e-05,0.0901421328235392,2375.0,2476.0,0.5413262397871936,-0.0044123942177877,0.0005051548757439,0.0003384656834805
2015-02-12,2250.0,2277.0,2201.0,2202.0,372500.0,2202.0,2265.2,2369.1,2420.0,2401.6,2399.56,False,False,False,False,False,False,False,False,False,False,False,0.047683923705722,0.0740236148955495,,,-0.0990009082652134,-0.090644868301544,0.0826521344232515,0.2007266121707538,-0.0005718409948923,0.111139251192436,2357.0,2439.0,1.3074763074763074,-0.0039338842975206,0.0004785099202671,-0.0005607436321806
2015-02-13,2252.0,2302.0,2217.0,2290.0,326200.0,2290.0,2246.4,2346.5,2414.6,2401.9733333333334,2400.765,False,False,False,False,False,False,False,True,False,False,False,0.0375545851528384,0.037117903930131,,,-0.0544104803493449,-0.0488966521106259,0.0676855895196506,0.1393013100436681,0.0001554277593978,0.1222245898146175,2397.0,2429.0,0.8757046979865771,-0.0022363952621552,0.0016974890353653,0.0007272687542902
2015-02-16,2310.0,2332.0,2286.0,2290.0,181300.0,2290.0,2241.0,2321.5,2409.2,2401.44,2401.99,False,False,False,False,False,False,False,False,False,True,False,0.0353711790393013,0.0344978165938864,,,-0.0520524017467248,-0.0486637554585153,0.0799126637554585,0.1602620087336244,-0.0002220889688409,0.1369804006030583,2388.0,2448.0,0.555793991416309,-0.0022414079362444,-5.012674089174222e-06,-0.0003775167282387
2015-02-17,2289.0,2291.0,2248.0,2255.0,191200.0,2255.0,2251.8,2299.9,2402.56,2400.28,2403.195,False,False,False,False,False,False,False,False,False,True,False,0.0403547671840354,0.0496674057649667,,,-0.0654368070953436,-0.0644257206208426,0.1148558758314855,0.165410199556541,-0.0004832769510223,0.1483542762728813,2440.0,2458.0,1.0546056260341974,-0.0027637187000532,-0.0005223107638087,-0.0002611879821814
2015-02-18,2287.0,2315.0,2270.0,2290.0,267200.0,2290.0,2265.4,2289.7,2397.68,2399.693333333333,2404.585,False,False,True,False,False,False,False,False,False,False,False,0.0344978165938864,0.0331877729257641,,,-0.0470218340611353,-0.0479010189228529,0.0947598253275109,0.1344978165938864,-0.000244475683004,0.1523343669476351,2404.0,2401.0,1.397489539748954,-0.0020353007907644,0.0007284179092887,0.0002388012680182
2015-02-19,2300.0,2316.0,2294.0,2307.0,141800.0,2307.0,2286.4,2275.8,2393.96,2399.4,2406.065,False,False,False,False,False,False,False,False,False,False,False,0.0251408755960121,0.0290420459471174,,,-0.0376939748591244,-0.0400520156046814,0.0663198959687906,0.1330732553099263,-0.0001222527854184,0.1582740135337023,2379.0,2389.0,0.530688622754491,-0.0015539106751991,0.0004813901155652,0.0001222228975856
2015-02-20,2329.0,2384.0,2311.0,2376.0,258800.0,2376.0,2303.6,2275.0,2392.16,2400.026666666666,2407.8,False,False,False,False,False,False,False,True,False,False,False,-0.0004208754208754,-0.0025252525252525,,,-0.0068013468013467,-0.0101122334455665,-0.0092592592592592,0.1073232323232323,0.0002611082099085,0.1586813186813186,2397.0,2299.0,1.8251057827926656,-0.0007524580295633,0.0008014526456358,0.000383360995327
2015-02-23,2374.0,2378.0,2345.0,2371.0,172400.0,2371.0,2319.8,2280.4,2390.32,2400.36,2409.275,False,False,False,False,False,False,False,True,False,True,True,-0.0008435259384226,0.0021088148460565,,,-0.0081484605651624,-0.0123829607760439,0.004217629692113,0.1218894981020666,0.0001388680586803,0.156200666549728,2500.0,2316.0,0.6661514683153014,-0.000769771411359,-1.7313381795703154e-05,-0.0001222401512282
2015-02-24,2370.0,2370.0,2339.0,2346.0,102400.0,2346.0,2338.0,2294.9,2387.72,2400.32,2410.195,False,False,False,False,False,False,False,False,False,True,False,0.0089514066496163,0.0085251491901108,,,-0.0177834612105711,-0.023154305200341,0.0306905370843989,0.1210571184995737,-1.6664444740686083e-05,0.1476317050851887,2504.0,2344.0,0.5939675174013921,-0.0010889048967217,-0.0003191334853626,-0.000155532503421
2015-02-25,2368.0,2384.0,2352.0,2369.0,92100.0,2369.0,2353.8,2309.6,2384.32,2399.893333333333,2411.075,False,False,False,False,False,False,False,False,False,True,False,-0.0012663571127057,-0.0008442380751371,,,-0.0064668636555509,-0.0130406641339522,-0.0088644997889404,0.0996200928661882,-0.0001777856793637,0.1376861794250086,2495.0,2306.0,0.8994140625,-0.001425983089518,-0.0003370781927963,-0.000161121234623
2015-02-26,2350.0,2379.0,2350.0,2365.0,85300.0,2365.0,2365.4,2325.9,2379.88,2399.24,2411.825,False,False,False,False,False,False,False,False,False,True,False,0.0038054968287526,0.0012684989429175,,,-0.006291754756871,-0.0144778012684988,0.0317124735729386,0.1238900634249471,-0.0002723084532323,0.1303151468248849,2479.0,2312.0,0.9261672095548316,-0.0018656402843841,-0.000439657194866,-9.452277386860985e-05
2015-02-27,2373.0,2380.0,2360.0,2375.0,106000.0,2375.0,2365.2,2334.4,2377.32,2398.44,2412.52,False,False,False,False,False,False,False,False,False,False,False,-0.0021052631578947,0.0092631578947368,,,-0.0009768421052632,-0.0098694736842105,0.0164210526315789,0.1132631578947368,-0.0003335501409248,0.1276987662782727,2497.0,2282.0,1.2426729191090269,-0.0010768428314235,0.0007887974529605,-6.124168769246636e-05
2015-03-02,2385.0,2398.0,2363.0,2369.0,73600.0,2369.0,2364.8,2342.3,2372.92,2397.6,2413.315,False,False,False,False,False,False,False,False,False,True,False,0.0029548332629801,0.0164626424651751,,,-0.0016547066272689,-0.0120726044744617,0.0118193330519206,0.1388771633600675,-0.0003503503503504,0.1256457328267086,2506.0,2280.0,0.6943396226415094,-0.0018542555164101,-0.0007774126849866,-1.6800209425590288e-05
2015-03-03,2369.0,2390.0,2356.0,2367.0,103000.0,2367.0,2369.0,2353.5,2367.52,2396.28,2414.235,False,False,False,False,False,False,False,False,False,True,False,-0.0004224757076468,0.0122517955217575,,,-0.0002196873679763,-0.0123700887198986,0.0152091254752851,0.1482889733840304,-0.0005508538234261,0.1241130231570001,2501.0,2262.0,1.3994565217391304,-0.0022808677434615,-0.0004266122270513,-0.0002005034730757
2015-03-04,2367.0,2385.0,2345.0,2366.0,66500.0,2366.0,2368.4,2361.1,2360.0,2394.813333333333,2414.965,False,False,False,False,True,False,False,False,False,True,False,0.0004226542688081,0.0101437024513947,,,0.0025359256128486,-0.0121780783319243,0.0232459847844463,0.158072696534235,-0.0006124346504392,0.1265088306297913,2490.0,2307.0,0.6456310679611651,-0.003186440677966,-0.0009055729345045,-6.158082701301763e-05
2015-03-05,2380.0,2392.0,2368.0,2374.0,79000.0,2374.0,2370.2,2367.8,2352.04,2393.9466666666667,2415.51,False,False,False,False,False,False,False,False,False,True,False,-0.0025273799494524,0.004212299915754,,,0.0092502106149958,-0.0084021342319573,0.0307497893850042,0.1710193765796124,-0.0003620242166351,0.1303319537123067,2440.0,2354.0,1.18796992481203,-0.003384296185439,-0.0001978555074729,0.000250410433804
2015-03-06,2374.0,2385.0,2351.0,2370.0,48200.0,2370.0,2369.2,2367.2,2346.2,2393.16,2416.29,False,False,False,False,False,False,False,False,False,False,False,0.0113924050632911,0.0316455696202531,,,0.010042194092827,-0.0097721518987341,0.0362869198312236,0.1620253164556962,-0.0003287146144289,0.1358144643460628,2425.0,2375.0,0.610126582278481,-0.0024891313613503,0.0008951648240887,3.33096022061707e-05
2015-03-09,2365.0,2395.0,2355.0,2376.0,69500.0,2376.0,2370.6,2367.7,2339.64,2392.2,2416.73,False,False,False,False,False,False,False,False,False,True,False,0.0134680134680134,0.0408249158249158,,,0.0153030303030303,-0.0068181818181817,0.037037037037037,0.1557239057239057,-0.000401304238776,0.1392068251890021,2425.0,2410.0,1.441908713692946,-0.0028038501649826,-0.0003147188036322,-7.258962434705606e-05
2015-03-10,2380.0,2390.0,2355.0,2366.0,70800.0,2366.0,2370.4,2369.7,2335.44,2390.9733333333334,2417.12,False,False,False,False,False,False,False,False,False,False,False,0.0126796280642434,0.062552831783601,,,0.0129163144547759,-0.0105550859397013,0.0511411665257819,0.1259509721048182,-0.0005130407142418,0.1396801282862809,2421.0,2415.0,1.018705035971223,-0.001798376323091,0.0010054738418915,-0.0001117364754657
2015-03-11,2352.0,2383.0,2346.0,2367.0,59300.0,2367.0,2370.6,2369.5,2334.44,2390.52,2417.575,False,False,False,False,False,False,False,False,False,False,False,0.0097169412758766,0.0591465990705534,,,0.0137558090409801,-0.0099366286438529,0.0460498521335023,0.1297000422475707,-0.0001896379588262,0.1426883308714918,2412.0,2375.0,0.8375706214689266,-0.0004283682596254,0.0013700080634656,0.0003234027554155
2015-03-12,2380.0,2390.0,2365.0,2368.0,46500.0,2368.0,2369.4,2369.8,2331.32,2390.24,2418.18,False,False,False,False,False,False,False,False,False,True,False,0.0067567567567567,0.0388513513513513,,,0.0154898648648647,-0.0093918918918918,0.0789695945945946,0.1355574324324324,-0.0001171430483968,0.1438518018398175,2400.0,2357.0,0.7841483979763912,-0.0013382976168007,-0.0009099293571753,7.249491042937292e-05
2015-03-13,2387.0,2410.0,2368.0,2397.0,122600.0,2397.0,2374.8,2372.0,2331.84,2391.5466666666666,2418.925,False,False,False,False,False,False,True,True,False,False,False,0.0200250312891113,-0.0179390905298289,,,0.0271839799749686,0.0022750660547907,0.0400500625782227,0.1364205256570713,0.0005463688770447,0.1461635750421584,2421.0,2397.0,2.6365591397849464,0.0002229998627693,0.00156129747957,0.0006635119254416
2015-03-16,2401.0,2429.0,2389.0,2408.0,54000.0,2408.0,2381.2,2375.9,2335.48,2392.773333333333,2419.635,False,False,False,False,False,False,True,True,True,False,False,0.0269933554817275,-0.0112126245847176,,,0.0301162790697674,0.0063233665559247,0.0369601328903654,0.1142026578073089,0.0005126547715899,0.1436508270550106,2417.0,2388.0,0.4404567699836867,0.0015585661191703,0.001335566256401,-3.3714105454851675e-05
2015-03-17,2429.0,2429.0,2393.0,2396.0,61700.0,2396.0,2387.2,2378.8,2343.28,2393.4666666666667,2420.11,False,False,False,False,False,False,True,True,False,False,False,0.0492487479131886,0.0091819699499165,,,0.0220033388981635,0.0010573177518085,0.0421535893155258,0.0884808013355592,0.000289677455295,0.1376324197074153,2411.0,2440.0,1.1425925925925926,0.0033286675087911,0.0017701013896208,-0.0002229773162948
2015-03-18,2428.0,2428.0,2382.0,2390.0,70200.0,2390.0,2391.8,2381.2,2350.0,2394.5866666666666,2420.375,False,False,False,False,False,False,True,True,False,True,False,0.0489539748953974,-0.0175732217573221,,,0.0167364016736401,-0.0019191073919107,0.0564853556485355,0.100836820083682,0.0004677216388074,0.1319082815387201,2454.0,2404.0,1.1377633711507291,0.002859574468085,-0.0004690930407061,0.0001780441835124
2015-03-19,2415.0,2426.0,2375.0,2384.0,67400.0,2384.0,2395.0,2382.2,2357.28,2395.5466666666666,2420.63,False,False,False,False,False,False,True,True,False,False,False,0.0318791946308724,0.023489932885906,,,0.011208053691275,-0.0048434004474272,0.0490771812080536,0.0708892617449664,0.000400743602017,0.1219041222399463,2476.0,2379.0,0.96011396011396,0.0030883051652753,0.0002287306971902,-6.697803679039569e-05
2015-03-20,2400.0,2445.0,2386.0,2445.0,84300.0,2445.0,2404.6,2389.7,2363.48,2397.72,2421.085,False,False,False,False,False,False,True,True,False,True,True,-0.0372188139059304,-0.0126789366053169,,,0.0333415132924335,0.0193374233128835,0.0265848670756646,0.0265848670756646,0.0009064166513742,0.108172573963259,2439.0,2397.0,1.250741839762611,0.0026232504611842,-0.000465054704091,0.0005056730493572
2015-03-23,2450.0,2480.0,2444.0,2473.0,75800.0,2473.0,2417.6,2399.4,2370.8,2400.293333333333,2421.705,False,False,False,False,False,False,True,True,False,False,False,-0.0372017792155277,-0.0307319045693489,,,0.0413263243024665,0.0294001887046772,0.0327537403962798,0.0323493732308936,0.0010720911888546,0.095648912228057,2479.0,2500.0,0.8991696322657177,0.0030875653787751,0.0004643149175908,0.0001656745374803
2015-03-24,2480.0,2524.0,2476.0,2514.0,135600.0,2514.0,2441.2,2414.2,2381.16,2403.653333333333,2422.56,False,False,False,False,False,False,True,True,False,False,False,-0.0381861575178997,-0.0441527446300716,,,0.0528400954653938,0.0438928666136303,0.0437549721559268,0.0242641209228321,0.001397872127983,0.0852456300223677,2502.0,2504.0,1.7889182058047493,0.0043508206084428,0.0012632552296676,0.0003257809391283
2015-03-25,2528.0,2530.0,2486.0,2507.0,97400.0,2507.0,2464.6,2428.2,2389.84,2406.32,2423.3,False,False,False,False,False,False,True,True,False,True,False,-0.0634224172317511,-0.0343039489429597,,,0.0467331471878738,0.0401595532508974,0.0299162345432788,0.0454726765057838,0.0011081928698872,0.076805864426324,2554.0,2495.0,0.7182890855457227,0.0036320423124561,-0.0007187782959866,-0.0002896792580958
2015-03-26,2474.0,2484.0,2449.0,2460.0,107700.0,2460.0,2479.8,2437.4,2395.96,2407.733333333333,2423.805,False,False,False,False,False,False,True,True,False,True,False,-0.008130081300813,-0.0052845528455284,,,0.0260325203252032,0.0212466124661247,0.0333333333333333,0.0747967479674796,0.0005869974526524,0.0708952162139984,2573.0,2479.0,1.1057494866529771,0.002554299737892,-0.0010777425745641,-0.0005211954172347
2015-03-27,2387.0,2435.0,2339.0,2354.0,137800.0,2354.0,2461.6,2433.1,2395.08,2407.4533333333334,2423.785,False,False,False,False,False,False,False,False,False,True,False,0.0254885301614273,0.0433305012744265,,,-0.0174511469838572,-0.0227074483149249,0.0416312659303313,0.1244689889549702,-0.000116305473557,0.0696231145452304,2516.0,2497.0,1.2794800371402042,-0.0003674198774154,-0.0029217196153074,-0.0007033029262094
2015-03-30,2378.0,2391.0,2341.0,2381.0,87800.0,2381.0,2443.2,2430.4,2395.48,2407.0666666666666,2423.795,False,False,False,False,False,False,True,False,False,False,False,0.0067198656026879,0.0348593028139437,,,-0.0060814783704325,-0.010947781044379,0.0235195296094078,0.1003779924401511,-0.0001606381210879,0.0682192231731401,2540.0,2506.0,0.637155297532656,0.0001669811478284,0.0005344010252438,-4.4332647530936594e-05
2015-03-31,2423.0,2435.0,2390.0,2418.0,88600.0,2418.0,2424.0,2432.6,2398.36,2407.1066666666666,2423.885,False,False,False,False,False,False,True,True,True,False,False,-0.0062034739454094,0.0285359801488833,,,0.0081224152191893,0.0045051006341329,0.0438378825475599,0.0847808105872622,1.6617460519668268e-05,0.0678697689714708,2471.0,2501.0,1.0091116173120729,0.0012008205607165,0.001033839412888,0.0001772555816076
2015-04-01,2391.0,2396.0,2334.0,2348.0,103400.0,2348.0,2392.2,2428.4,2397.52,2406.7466666666664,2423.56,False,False,False,False,False,False,False,False,False,True,False,0.0310902896081771,0.0545144804088586,,,-0.0210902896081771,-0.0250198750709823,0.075809199318569,0.1013628620102214,-0.0001495795153624,0.0678636139021576,2392.0,2490.0,1.1670428893905191,-0.0003503620407755,-0.001551182601492,-0.000166196975882
2015-04-02,2387.0,2456.0,2373.0,2440.0,145400.0,2440.0,2388.2,2434.0,2400.52,2407.853333333333,2423.735,False,False,False,False,False,False,True,True,True,False,True,0.0028688524590163,0.0471311475409836,,,0.0161803278688524,0.0131748633879782,0.0418032786885245,0.0770491803278688,0.0004596071743018,0.0684880854560393,2446.0,2440.0,1.4061895551257253,0.0012497292253345,0.00160009126611,0.0006091866896642
2015-04-03,2425.0,2430.0,2397.0,2414.0,45700.0,2414.0,2400.2,2430.9,2402.08,2408.08,2423.815,False,False,False,False,False,False,True,True,False,True,False,0.0173985086992543,0.0327257663628831,,,0.0049378624689312,0.0024523612261806,0.0459817729908864,0.0729080364540182,9.412754836505236e-05,0.0731416347854702,2384.0,2425.0,0.3143053645116919,0.0006494371544661,-0.0006002920708684,-0.0003654796259367
2015-04-06,2391.0,2413.0,2390.0,2397.0,48600.0,2397.0,2403.4,2423.3,2403.2,2408.2,2423.69,False,False,False,False,False,False,True,True,False,True,False,0.0279516061743846,0.0417188151856487,,,-0.0025865665415101,-0.0046725073007925,0.0629954109303295,0.0592407175636212,4.9829748359725467e-05,0.0759295175999669,2317.0,2425.0,1.0634573304157549,0.0004660452729693,-0.0001833918814967,-4.429780000532689e-05
2015-04-07,2390.0,2419.0,2385.0,2403.0,54300.0,2403.0,2400.4,2412.2,2404.64,2407.7066666666665,2423.71,False,False,False,False,False,False,True,False,False,False,False,0.0349563046192259,0.0391177694548481,,,-0.0006824802330419,-0.0019586627826327,0.0615896795672076,0.0736579275905118,-0.0002048976065744,0.0810878036647045,2201.0,2421.0,1.117283950617284,0.0005988422383392,0.0001327969653699,-0.0002547273549341
2015-04-08,2417.0,2437.0,2405.0,2421.0,61300.0,2421.0,2415.0,2403.6,2406.84,2407.9333333333334,2423.855,False,False,False,False,False,False,True,True,False,False,False,0.0227178851714167,0.0429574555968608,,,0.0058488228004956,0.0053972187801183,0.0499793473771168,0.0801321767864518,9.41332816524192e-05,0.0847062739224496,2222.0,2412.0,1.1289134438305708,0.000914061591132,0.0003152193527928,0.0002990308882268
2015-04-09,2410.0,2449.0,2404.0,2447.0,51100.0,2447.0,2416.4,2402.3,2409.76,2408.84,2424.215,True,True,False,False,False,False,True,True,False,False,False,0.0441356763383735,0.0220678381691867,,,0.0152186350633427,0.0155946056395585,0.0425010216591745,0.0559869227625664,0.0003763914027775,0.0827956541647586,2202.0,2400.0,0.833605220228385,0.001211738928358,0.0002976773372259,0.0002822581211251
2015-04-10,2447.0,2463.0,2424.0,2456.0,88700.0,2456.0,2424.8,2412.5,2413.2,2409.6266666666666,2424.54,False,False,False,False,False,False,True,True,False,False,True,0.0150651465798045,0.021986970684039,,,0.0174267100977199,0.0188816503800217,0.0586319218241042,0.0578175895765472,0.0003264682772433,0.0761865284974094,2290.0,2421.0,1.735812133072407,0.0014254931211667,0.0002137541928087,-4.992312553418944e-05
2015-04-13,2445.0,2465.0,2431.0,2464.0,40100.0,2464.0,2438.2,2420.8,2416.72,2409.1466666666665,2424.82,False,False,False,False,False,False,True,False,False,False,False,0.0133928571428571,0.036525974025974,,,0.0191883116883117,0.0222619047619048,0.0531655844155844,0.065340909090909,-0.0001992406716624,0.0727032385988103,2290.0,2417.0,0.4520856820744081,0.0014565195802575,3.102645909078229e-05,-0.0005257089489058
2015-04-14,2460.0,2487.0,2439.0,2487.0,65900.0,2487.0,2455.0,2427.7,2421.56,2408.92,2424.98,False,False,False,False,False,False,True,False,False,False,False,0.0040209087253719,0.0550864495375955,,,0.0263128266988339,0.031395255327704,0.0502613590671491,0.0321672698029754,-9.409472571378896e-05,0.0673476953495077,2255.0,2411.0,1.6433915211970074,0.001998711574357,0.0005421919940995,0.0001051459459486
2015-04-15,2467.0,2505.0,2458.0,2476.0,73300.0,2476.0,2466.0,2440.5,2425.92,2408.6666666666665,2425.06,False,False,False,False,False,False,True,False,False,True,False,0.0197899838449111,0.04281098546042,,,0.0202261712439418,0.0271943995691976,0.0597738287560581,0.0415993537964458,-0.0001051757542209,0.0614628149969268,2290.0,2454.0,1.1122913505311078,0.0017972562986413,-0.0002014552757156,-1.1081028507173264e-05
2015-04-16,2475.0,2557.0,2445.0,2555.0,134300.0,2555.0,2487.6,2452.0,2433.4,2409.68,2425.55,False,False,False,False,False,False,True,True,False,False,False,-0.0211350293542074,-0.0050880626223091,,,0.0475929549902152,0.0568767123287671,0.0328767123287671,0.0019569471624266,0.0004205261002844,0.053711256117455,2307.0,2476.0,1.832196452933152,0.0030738883866195,0.0012766320879781,0.0005257018545053
2015-04-17,2505.0,2517.0,2461.0,2493.0,119800.0,2493.0,2495.0,2459.9,2437.24,2409.6266666666666,2425.76,False,False,False,False,False,False,True,False,False,True,False,0.0068190934616927,-0.0164460489370236,,,0.0223666265543522,0.0334429736595802,0.0553549939831528,0.0180505415162454,-2.2133442524963e-05,0.0482133420057725,2376.0,2439.0,0.8920327624720774,0.0015755526743364,-0.0014983357122831,-0.0004426595428093
2015-04-20,2477.0,2520.0,2464.0,2497.0,72500.0,2497.0,2501.6,2469.9,2440.8,2409.5066666666667,2425.955,False,False,False,False,False,False,True,False,False,True,False,0.0228273928714457,-0.0240288346015218,,,0.022507008410092,0.0350393805900413,0.0628754505406487,0.0156187424909891,-4.980272586915061e-05,0.0438479290659539,2371.0,2479.0,0.6051752921535893,0.001458538184202,-0.0001170144901343,-2.7669283344187616e-05
2015-04-21,2503.0,2520.0,2472.0,2497.0,87600.0,2497.0,2503.6,2479.3,2444.84,2409.4533333333334,2426.235,False,False,False,False,False,False,True,False,False,False,False,0.0508610332398878,0.0108129755706848,,,0.0208890668802562,0.0350607395541316,0.0648778534241089,-0.000400480576692,-2.2135034779653266e-05,0.0365022385350703,2346.0,2502.0,1.2082758620689655,0.0016524598746748,0.0001939216904727,2.7667691089497343e-05
2015-04-22,2500.0,2528.0,2493.0,2525.0,79300.0,2525.0,2513.4,2489.7,2450.24,2409.92,2426.515,False,False,False,False,False,False,True,True,False,False,False,0.0225742574257425,0.0003960396039603,,,0.0296079207920792,0.0455762376237623,0.0558415841584158,-0.032079207920792,0.0001936440490417,0.025304253524521,2369.0,2554.0,0.9052511415525114,0.0022038657437637,0.0005514058690889,0.0002157790838214
2015-04-23,2525.0,2534.0,2488.0,2501.0,59100.0,2501.0,2502.6,2495.1,2454.92,2410.733333333333,2426.57,False,False,False,False,False,False,True,True,False,True,False,0.0163934426229508,0.0163934426229508,,,0.0184246301479407,0.0360922297747568,0.0571771291483406,-0.0247900839664134,0.0003373800503303,0.017273856759248,2365.0,2573.0,0.7452711223203027,0.0019063757678459,-0.0002974899759178,0.0001437360012885
2015-04-24,2510.0,2521.0,2486.0,2510.0,71900.0,2510.0,2506.0,2500.5,2457.52,2411.866666666667,2426.585,False,False,False,False,False,False,True,True,False,True,False,-0.0231075697211155,0.0059760956175298,,,0.0209083665338645,0.0390969455511287,0.0394422310756972,-0.0227091633466135,0.0004698988335453,0.0092781443711257,2375.0,2516.0,1.2165820642978002,0.0010579771476935,-0.0008483986201523,0.000132518783215
2015-04-27,2510.0,2556.0,2500.0,2554.0,69900.0,2554.0,2517.4,2509.5,2460.76,2413.5866666666666,2426.89,False,False,False,False,False,False,True,True,False,False,False,-0.0458104933437744,-0.0023492560689115,,,0.0365074393108848,0.0549778125815714,0.0403288958496476,-0.0387627251370399,0.0007126323756068,-0.001115760111576,2369.0,2540.0,0.972183588317107,0.0013166663957477,0.0002586892480541,0.0002427335420615
2015-04-28,2535.0,2629.0,2509.0,2624.0,139300.0,2624.0,2542.8,2523.2,2465.16,2416.293333333333,2427.55,False,False,False,False,False,False,True,True,False,False,False,-0.0381097560975609,-0.0278201219512195,,,0.0605335365853659,0.0791565040650407,0.0015243902439024,-0.0666920731707317,0.0011201730474224,-0.0112159162967659,2367.0,2471.0,1.9928469241773965,0.0017848740041212,0.0004682076083735,0.0004075406718155
2015-04-30,2544.0,2635.0,2541.0,2582.0,237000.0,2582.0,2554.2,2533.8,2468.16,2418.56,2428.015,False,False,False,False,False,False,True,True,False,True,False,-0.021688613477924,-0.0154918667699457,,,0.0440898528272657,0.0632997676219984,0.0061967467079783,-0.0658404337722695,0.0009371967892741,-0.0219433262293789,2366.0,2392.0,1.7013639626704953,0.0012154803578374,-0.0005693936462838,-0.0001829762581482
2015-05-01,2570.0,2594.0,2527.0,2542.0,162300.0,2542.0,2562.4,2532.5,2471.44,2420.4533333333334,2428.255,False,False,False,False,False,False,True,True,False,False,False,0.0,0.0035405192761605,,,0.0277576711250983,0.0478153684762653,0.028324154209284,-0.0625491738788355,0.0007822226139456,-0.0284304047384007,2374.0,2446.0,0.6848101265822785,0.0013271614928949,0.0001116811350574,-0.0001549741753285
2015-05-07,2500.0,2516.0,2447.0,2452.0,341600.0,2452.0,2550.8,2528.4,2475.36,2420.866666666667,2428.055,False,False,False,False,False,False,True,True,False,False,False,0.0297716150081566,0.0603588907014681,,,-0.0095269168026101,0.0126971179989124,0.0730016313213703,-0.0513866231647634,0.0001707377523201,-0.0352396772662553,2370.0,2384.0,2.104744300677757,0.0015836080408506,0.0002564465479557,-0.0006114848616254
2015-05-08,2429.0,2468.0,2425.0,2437.0,143500.0,2437.0,2527.4,2522.4,2477.6,2421.133333333333,2427.98,False,False,False,False,False,False,True,True,False,True,False,0.0455478046778826,0.0648338120640131,,,-0.0166598276569552,0.0065107372452469,0.0915059499384489,-0.0976610586787033,0.0001101412561609,-0.0463051062480178,2376.0,2317.0,0.4200819672131147,0.000904100742654,-0.0006795072981965,-6.059649615921196e-05
2015-05-11,2500.0,2530.0,2490.0,2524.0,164600.0,2524.0,2507.4,2525.1,2481.84,2422.64,2428.32,False,False,False,False,False,False,True,True,True,False,False,0.0106973058637083,0.0348652931854199,,,0.0167036450079238,0.0401584786053883,0.0419968304278922,-0.1640253565768621,0.000621911083226,-0.0626113817274563,2366.0,2201.0,1.1470383275261324,0.0017084098894369,0.0008043091467828,0.000511769827065
2015-05-12,2550.0,2550.0,2505.0,2526.0,85500.0,2526.0,2496.2,2525.2,2488.96,2423.6,2428.49,False,False,False,False,False,False,True,True,False,False,False,0.0063341250989707,0.0387965162311955,,,0.0146634996041171,0.0405384006334125,0.0312747426761678,-0.1484560570071258,0.0003961049678164,-0.0742515444321242,2367.0,2222.0,0.5194410692588093,0.0028606325533555,0.0011522226639186,-0.0002258061154095
2015-05-13,2550.0,2571.0,2523.0,2542.0,112300.0,2542.0,2496.2,2529.3,2493.04,2424.48,2428.69,False,False,False,False,False,False,True,True,False,True,False,0.0035405192761605,0.0381589299763965,,,0.0192604248623131,0.0462313139260424,0.045633359559402,-0.1483084185680566,0.0003629644294859,-0.0865852212074487,2368.0,2202.0,1.3134502923976608,0.0016365561723838,-0.0012240763809716,-3.3140538330531e-05
2015-05-14,2531.0,2559.0,2511.0,2525.0,186500.0,2525.0,2510.8,2530.8,2497.48,2425.6266666666666,2428.72,False,False,False,False,False,False,True,True,False,False,False,0.0297029702970297,0.0419801980198019,,,0.01089900990099,0.0393557755775578,0.0471287128712871,-0.1097029702970297,0.0004727300711293,-0.0952268057531215,2397.0,2290.0,1.6607301869991096,0.0017777920143504,0.0001412358419665,0.0001097656416433
2015-05-15,2509.0,2558.0,2502.0,2548.0,143800.0,2548.0,2533.0,2530.2,2503.52,2426.5466666666666,2428.79,False,False,False,False,False,False,True,True,False,False,False,0.0184458398744113,0.0416012558869701,,,0.0174568288854003,0.0476661433804291,0.0588697017268445,-0.1314756671899529,0.0003791396277838,-0.1045767133032961,2408.0,2290.0,0.7710455764075067,0.0024126030548986,0.0006348110405482,-9.359044334550868e-05
2015-05-18,2520.0,2556.0,2520.0,2551.0,77100.0,2551.0,2538.4,2522.9,2509.44,2427.2,2428.88,False,False,False,False,False,False,True,True,False,True,False,0.0239121912975303,0.0423363386907095,,,0.0162916503332026,0.0485299882399059,0.0654645237161897,-0.1579772638181105,0.0002691716106349,-0.1139165246343494,2396.0,2255.0,0.5361613351877608,0.0023590920683499,-5.351098654874861e-05,-0.0001099680171488
2015-05-19,2530.0,2558.0,2525.0,2542.0,103700.0,2542.0,2541.6,2518.9,2514.28,2427.04,2428.785,False,False,False,False,False,False,True,False,False,True,False,0.032258064516129,0.048780487804878,,,0.0109047993705742,0.0452242328874901,0.077891424075531,-0.1703383162863886,-6.592392379188413e-05,-0.1245384890229863,2390.0,2290.0,1.3450064850843062,0.00192500437501,-0.0004340876933399,-0.0003350955344268
2015-05-20,2559.0,2592.0,2547.0,2551.0,76800.0,2551.0,2543.4,2519.8,2518.44,2426.7466666666664,2428.625,False,False,False,False,False,False,True,False,False,True,False,0.0344962759702077,0.0364562916503332,,,0.0127636221089768,0.0487076963282373,0.0897687181497452,-0.168953351626813,-0.0001208751359846,-0.1352885149615049,2384.0,2307.0,0.7405978784956606,0.0016518162036815,-0.0002731881713284,-5.495121219272132e-05
2015-05-21,2551.0,2612.0,2551.0,2600.0,94800.0,2600.0,2558.4,2534.6,2524.2,2427.866666666667,2428.675,False,False,False,False,False,False,True,True,False,False,True,0.0119230769230769,0.0034615384615384,,,0.0291538461538462,0.0662051282051281,0.0592307692307692,-0.1865384615384615,0.0004613103410402,-0.1486625108498381,2445.0,2376.0,1.234375,0.0022819111005466,0.000630094896865,0.0005821854770248
2015-05-22,2610.0,2634.0,2589.0,2595.0,84200.0,2595.0,2567.8,2550.4,2529.44,2428.6,2428.52,False,False,False,False,False,False,True,True,False,True,False,0.0227360308285163,0.0238921001926782,,,0.0252639691714836,0.0641233140655106,0.0581888246628131,-0.1915221579961464,0.0003019572318756,-0.1578968005018821,2473.0,2371.0,0.8881856540084389,0.0020716047820862,-0.0002103063184603,-0.0001593531091646
2015-05-25,2624.0,2639.0,2605.0,2612.0,43600.0,2612.0,2580.0,2559.2,2534.44,2430.48,2428.43,False,False,False,False,False,False,True,True,False,True,False,0.0179938744257274,0.006125574272588,,,0.0296937212863705,0.0694946401225114,0.0199081163859111,-0.2170750382848392,0.0007735097593891,-0.1633322913410441,2514.0,2346.0,0.517814726840855,0.0019728223986363,-9.878238344986166e-05,0.0004715525275135
2015-05-26,2594.0,2648.0,2594.0,2624.0,85000.0,2624.0,2596.4,2569.0,2540.36,2433.5733333333333,2428.31,False,False,False,False,False,False,True,True,False,False,False,0.0160060975609756,-0.0099085365853658,,,0.0318749999999999,0.0725711382113821,0.0190548780487804,-0.1916920731707317,0.0012711075072047,-0.167691708836123,2507.0,2369.0,1.9495412844036697,0.0023303783715694,0.000357555972933,0.0004975977478155
2015-05-27,2630.0,2650.0,2617.0,2639.0,86400.0,2639.0,2614.0,2578.7,2543.72,2436.1466666666665,2428.57,False,False,False,False,False,False,True,True,False,True,False,0.0018946570670708,-0.0094732853353543,,,0.0361045850701023,0.0768675003157762,0.0189465706707086,-0.1902235695339143,0.0010563129751355,-0.1719083259006475,2460.0,2365.0,1.016470588235294,0.0013209000990673,-0.001009478272502,-0.0002147945320691
2015-05-28,2637.0,2650.0,2624.0,2631.0,73600.0,2631.0,2620.2,2589.3,2549.24,2439.44,2429.04,False,False,False,False,False,False,True,True,False,False,False,-0.008361839604713,0.0,,,0.0310756366400608,0.0728088179399467,0.0353477765108323,-0.1881413911060433,0.0013500366204266,-0.1796238365581432,2354.0,2375.0,0.8518518518518519,0.0021653512419387,0.0008444511428713,0.000293723645291
2015-05-29,2642.0,2669.0,2635.0,2654.0,96800.0,2654.0,2632.0,2599.9,2555.52,2443.9333333333334,2429.735,False,False,False,False,False,False,True,True,False,False,False,0.0011303692539562,0.0022607385079125,,,0.0371062547098718,0.079150967093695,0.0109269027882441,-0.2045968349660889,0.0018385662456695,-0.186891803530905,2381.0,2369.0,1.315217391304348,0.0024574254946156,0.0002920742526768,0.0004885296252429
2015-06-01,2635.0,2680.0,2635.0,2659.0,59200.0,2659.0,2641.4,2610.7,2562.0,2450.04,2430.72,False,False,False,False,False,False,True,True,False,False,False,-0.0116585182399398,-0.0109063557728469,,,0.0364798796540052,0.0785859345618653,-0.0191801429108687,-0.1974426476118841,0.0024924763133118,-0.190791741678477,2418.0,2367.0,0.6115702479338843,0.0025292740046838,7.18485100681919e-05,0.0006539100676423
2015-06-02,2680.0,2713.0,2660.0,2666.0,101100.0,2666.0,2649.8,2623.1,2567.64,2455.96,2431.62,False,False,False,False,False,False,True,True,False,True,False,-0.0255063765941485,-0.022880720180045,,,0.036894223555889,0.0787846961740435,-0.0131282820705176,-0.1969242310577644,0.0024104627111191,-0.1933971255384849,2348.0,2366.0,1.7077702702702702,0.0021965696125624,-0.0003327043921213,-8.201360219274893e-05
2015-06-03,2660.0,2660.0,2635.0,2644.0,46500.0,2644.0,2650.8,2632.4,2573.36,2461.853333333333,2432.485,False,False,False,False,False,False,True,True,False,False,False,-0.0113464447806354,0.0052950075642965,,,0.0267170953101361,0.0688905698436713,-0.0344175491679273,-0.1777609682299546,0.002393860452017,-0.1941954110317582,2440.0,2374.0,0.4599406528189911,0.0022227748935245,2.6205280962058805e-05,-1.6602259102068903e-05
2015-06-04,2638.0,2644.0,2608.0,2609.0,72600.0,2609.0,2646.4,2633.3,2577.32,2466.1066666666666,2432.89,False,False,False,False,False,False,True,True,False,True,False,0.008432349559218,0.0134151015714833,,,0.0121425833652739,0.0547693880158426,-0.0379455730164814,-0.1644308164047527,0.0017247158814434,-0.1920024304105116,2414.0,2370.0,1.5612903225806452,0.0015364797541632,-0.0006862951393612,-0.0006691445705735
2015-06-05,2611.0,2665.0,2601.0,2657.0,92200.0,2657.0,2647.0,2639.5,2581.44,2471.0,2433.905,False,False,False,False,False,False,True,True,False,False,True,0.0011290929619872,0.0154309371471584,,,0.028438088069251,0.0700037636432066,-0.0391418893488897,-0.186676703048551,0.0019803048698233,-0.1915135442318621,2397.0,2376.0,1.2699724517906337,0.0015960084294037,5.9528675240447856e-05,0.0002555889883798
2015-06-08,2693.0,2693.0,2627.0,2628.0,57800.0,2628.0,2640.8,2641.1,2581.6,2475.9733333333334,2434.305,False,False,False,False,False,False,True,True,False,True,False,0.0007610350076103,0.0342465753424657,,,0.0176560121765601,0.0578488077118214,-0.0201674277016742,-0.1655251141552511,0.002008637680535,-0.186399606224679,2403.0,2366.0,0.6268980477223427,6.19770684846043e-05,-0.001534031360919,2.8332810711749305e-05
2015-06-09,2606.0,2628.0,2580.0,2598.0,102700.0,2598.0,2627.2,2638.5,2582.24,2480.08,2434.695,False,False,False,False,False,False,True,True,False,False,False,0.0026943802925327,0.0546574287913779,,,0.0060662047729023,0.0453887605850654,0.0088529638183217,-0.1608929946112394,0.0016558605636376,-0.1833617585749479,2421.0,2367.0,1.7768166089965398,0.0002478468306586,0.0001858697621739,-0.0003527771168973
2015-06-10,2625.0,2639.0,2600.0,2614.0,106700.0,2614.0,2621.2,2636.0,2585.12,2484.173333333333,2435.13,False,False,False,False,False,False,True,True,True,False,False,0.016832440703902,0.0635042081101759,,,0.0110482019892884,0.0496659015557256,0.0114766641162968,-0.1752104055087987,0.001647764782919,-0.181866464339909,2447.0,2368.0,1.038948393378773,0.0011140682057313,0.0008662213750727,-8.095780718660791e-06
2015-06-11,2600.0,2634.0,2580.0,2631.0,128200.0,2631.0,2625.6,2636.0,2592.28,2487.5733333333333,2435.56,False,False,False,False,False,False,True,True,False,False,False,0.0049410870391486,0.0467502850627137,,,0.0147168377042948,0.0545141264411504,0.0060813378943367,-0.1892816419612314,0.0013667938767634,-0.1819802731411228,2456.0,2397.0,1.2014995313964385,0.0027620473097043,0.001647979103973,-0.0002809709061555
2015-06-12,2697.0,2739.0,2634.0,2660.0,186900.0,2660.0,2626.2,2636.6,2601.2,2491.4266666666667,2436.145,False,False,False,False,False,False,True,True,False,False,False,0.0142857142857142,0.0323308270676691,,,0.0221052631578948,0.0633734335839598,-0.0150375939849624,-0.1909774436090225,0.0015466372680713,-0.1806113934612758,2464.0,2408.0,1.4578783151326054,0.003429186529294,0.0006671392195897,0.0001798433913078
2015-06-15,2647.0,2656.0,2610.0,2630.0,67300.0,2630.0,2626.6,2633.7,2605.44,2495.213333333333,2436.54,False,False,False,False,False,False,True,True,False,True,False,0.0334600760456273,0.0129277566539923,,,0.009338403041825,0.0512496831432193,-0.0026615969581749,-0.1650190114068441,0.0015175723117861,-0.1773550518282264,2487.0,2396.0,0.3600856072766185,0.0016273642839598,-0.0018018222453342,-2.9064956285163555e-05
2015-06-16,2612.0,2655.0,2603.0,2605.0,69100.0,2605.0,2628.0,2627.6,2608.6,2498.36,2436.825,False,False,False,False,False,False,True,True,False,True,False,0.0518234165067178,0.0264875239923224,,,-0.0013819577735124,0.0409366602687139,-0.0072936660268714,-0.1550863723608445,0.0012594928940052,-0.1731618206728573,2476.0,2390.0,1.026745913818722,0.0012113777505174,-0.0004159865334423,-0.0002580794177809
2015-06-17,2620.0,2676.0,2620.0,2658.0,130400.0,2658.0,2636.8,2629.0,2613.24,2502.266666666667,2437.435,False,False,False,False,False,False,True,True,False,False,False,0.0458991723100075,0.0116629044394281,,,0.0168397291196389,0.0585904188612991,-0.0112866817155756,-0.1587659894657637,0.0015612511323067,-0.1712438189425636,2555.0,2384.0,1.8871201157742403,0.001775573617425,0.0005641958669076,0.0003017582383014
2015-06-18,2654.0,2660.0,2623.0,2644.0,65300.0,2644.0,2639.4,2632.5,2618.0,2505.853333333333,2438.0,False,False,False,False,False,False,True,True,False,False,False,0.0416036308623298,0.0302571860816944,,,0.0098335854765506,0.0522491174987394,-0.0204236006051437,-0.1527987897125567,0.0014313154800225,-0.1700664767331433,2493.0,2445.0,0.5007668711656442,0.0018181818181819,4.2608200756838206e-05,-0.0001299356522841
2015-06-19,2692.0,2726.0,2678.0,2698.0,134800.0,2698.0,2647.0,2636.6,2624.0,2510.24,2438.965,False,False,False,False,False,False,True,True,False,False,False,0.0177909562638991,-0.0055596738324684,,,0.0274277242401779,0.069592290585619,-0.058932542624166,-0.1697553743513714,0.0017475088703338,-0.1683607676553137,2497.0,2473.0,2.0643185298621747,0.0022865853658536,0.0004684035476717,0.0003161933903112
2015-06-22,2695.0,2719.0,2678.0,2718.0,43400.0,2718.0,2664.6,2645.6,2630.68,2514.92,2439.965,False,False,False,False,False,False,True,True,False,False,False,-0.0198675496688741,-0.0404709345106696,,,0.0321265636497425,0.0747167034584252,-0.0507726269315673,-0.1596762325239146,0.0018608941835129,-0.1677502267916539,2497.0,2514.0,0.3219584569732938,0.0025392674137484,0.0002526820478948,0.000113385313179
2015-06-23,2738.0,2768.0,2723.0,2740.0,117500.0,2740.0,2691.6,2659.8,2638.6,2519.9066666666668,2441.02,False,False,False,False,False,False,True,True,False,False,False,-0.0240875912408759,-0.0397810218978102,,,0.037007299270073,0.0803260340632603,-0.0456204379562043,-0.1576642335766423,0.0019789092717719,-0.1673810060906836,2525.0,2507.0,2.707373271889401,0.0030015917532024,0.000462324339454,0.000118015088259
2015-06-24,2768.0,2793.0,2757.0,2780.0,125800.0,2780.0,2716.0,2676.4,2647.76,2525.32,2442.44,False,False,False,False,False,False,True,True,False,False,False,-0.0327338129496402,-0.0816546762589928,,,0.0475683453237409,0.0916115107913668,-0.0705035971223021,-0.1859712230215827,0.0021436227224008,-0.1685473023464354,2501.0,2460.0,1.0706382978723403,0.0034595280539022,0.0004579363006997,0.0001647134506289
2015-06-25,2780.0,2841.0,2750.0,2754.0,154100.0,2754.0,2738.0,2688.7,2653.92,2530.44,2443.835,False,False,False,False,False,False,True,True,False,True,False,-0.0108932461873638,-0.0885984023238925,,,0.0363398692810457,0.0811764705882352,-0.0566448801742919,-0.1492374727668845,0.0020233635257109,-0.1645404842488934,2510.0,2354.0,1.224960254372019,0.0023210948333031,-0.0011384332205991,-0.0001202591966899
2015-06-26,2763.0,2778.0,2732.0,2746.0,61100.0,2746.0,2747.6,2697.3,2659.96,2535.373333333333,2445.275,False,False,False,False,False,False,True,True,False,True,False,-0.0229424617625637,-0.0702840495265841,,,0.031332847778587,0.0767030832726391,-0.0440640932265112,-0.1591405680990531,0.0019458015387607,-0.1613836058280503,2554.0,2381.0,0.3964957819597663,0.0022707108377569,-5.038399554618952e-05,-7.756198695016295e-05
2015-06-29,2673.0,2715.0,2663.0,2664.0,119700.0,2664.0,2736.8,2700.7,2662.04,2539.346666666667,2446.535,False,False,False,False,False,False,True,True,False,True,False,-0.021021021021021,-0.0334084084084084,,,0.0007357357357357,0.0467917917917917,-0.0364114114114114,-0.1321321321321321,0.001564706932492,-0.1581441848409671,2624.0,2418.0,1.959083469721768,0.0007813556520562,-0.0014893551857006,-0.0003810946062687
2015-06-30,2653.0,2695.0,2652.0,2674.0,95300.0,2674.0,2723.6,2707.6,2664.04,2543.44,2447.79,False,False,False,False,False,False,True,True,False,True,False,-0.0160807778608825,-0.0198204936424831,,,0.0037247569184742,0.0488257292445773,-0.0355272999252056,-0.1353777112939416,0.0016093689386552,-0.156189983749446,2582.0,2348.0,0.7961570593149541,0.0007507394783862,-3.0616173670079965e-05,4.466200616321556e-05
2015-07-01,2683.0,2697.0,2650.0,2689.0,84400.0,2689.0,2705.4,2710.7,2666.04,2547.72,2449.155,False,False,False,False,False,False,True,True,False,True,False,-0.0505764224618817,-0.0167348456675344,,,0.0085384901450353,0.0525399776868725,-0.0479732242469319,-0.1082186686500557,0.0016799334306751,-0.1511786623381413,2542.0,2440.0,0.8856243441762854,0.0007501762914284,-5.631869577247747e-07,7.056449201994449e-05
2015-07-02,2718.0,2744.0,2671.0,2724.0,139500.0,2724.0,2699.4,2718.7,2669.76,2552.08,2450.82,False,False,False,False,False,False,True,True,True,False,False,-0.0785609397944199,-0.0282672540381791,,,0.0199118942731276,0.0631130690161527,-0.0682819383259911,-0.1035242290748898,0.0017084103946585,-0.1462463677492919,2452.0,2414.0,1.6528436018957346,0.0013933836749371,0.0006432073835086,2.847696398335401e-05
2015-07-03,2724.0,2727.0,2677.0,2683.0,74100.0,2683.0,2686.8,2717.2,2670.92,2555.7466666666664,2452.325,False,False,False,False,False,False,True,True,False,True,False,-0.0484532240029817,-0.0234811777860603,,,0.0045024226612001,0.0474294943471239,-0.0547894148341408,-0.0909429742825195,0.0014346753199325,-0.1384513469748269,2437.0,2397.0,0.5311827956989247,0.0004343072798885,-0.0009590763950486,-0.0002737350747259
2015-07-06,2654.0,2661.0,2608.0,2608.0,68700.0,2608.0,2675.6,2706.2,2668.88,2558.5733333333333,2453.47,False,False,False,False,False,False,False,True,False,True,False,-0.0126533742331288,0.0057515337423312,,,-0.0233435582822086,0.0189519427402863,-0.0429447852760736,-0.058282208588957,0.0011047823526653,-0.128593599881753,2524.0,2403.0,0.9271255060728744,-0.0007643655765714,-0.0011986728564599,-0.0003298929672671
2015-07-07,2631.0,2654.0,2624.0,2631.0,89300.0,2631.0,2667.0,2695.3,2667.48,2561.786666666667,2454.8,False,False,False,False,False,False,False,True,False,False,False,-0.0038008361839604,-0.0171037628278221,,,-0.0138654503990878,0.026306854174585,-0.0710756366400608,-0.0760167236792094,0.0012543329134875,-0.1205060661150893,2526.0,2421.0,1.299854439592431,-0.0005248399238232,0.0002395256527481,0.0001495505608222
2015-07-08,2614.0,2626.0,2552.0,2553.0,73100.0,2553.0,2639.8,2672.6,2663.84,2564.04,2455.715,False,False,False,False,False,False,False,True,False,True,False,0.035644339992166,0.0293772032902467,,,-0.043415589502546,-0.0043243243243243,-0.044653349001175,-0.0458284371327849,0.0008788214432431,-0.1065628975529446,2542.0,2447.0,0.8185890257558791,-0.0013664484353414,-0.0008416085115181,-0.0003755114702444
2015-07-09,2526.0,2549.0,2440.0,2510.0,142200.0,2510.0,2597.0,2648.2,2659.88,2564.9066666666668,2456.445,False,False,False,False,False,False,False,True,False,True,False,0.0545816733067729,0.0318725099601593,,,-0.0597131474103586,-0.021875166002656,-0.0227091633466135,-0.0756972111553784,0.0003378940364302,-0.0991994562344233,2525.0,2456.0,1.9452804377564976,-0.0014887889679233,-0.0001223405325819,-0.0005409274068129
2015-07-10,2506.0,2592.0,2490.0,2553.0,102700.0,2553.0,2571.0,2628.9,2655.72,2565.9733333333334,2457.285,False,False,False,False,False,False,False,True,False,True,False,0.0262436349392871,-0.0054837446141793,,,-0.0402350176263218,-0.0050816033424729,-0.0383862122992557,-0.1096748922835879,0.000415696707682,-0.0939556468484917,2548.0,2464.0,0.7222222222222222,-0.0015664301959545,-7.764122803113069e-05,7.780267125182878e-05
2015-07-13,2553.0,2590.0,2534.0,2575.0,56000.0,2575.0,2564.4,2620.0,2653.6,2566.786666666667,2458.135,False,False,False,False,False,False,False,True,False,False,False,0.0186407766990291,0.0019417475728155,,,-0.0305242718446601,0.0031896440129449,-0.0489320388349514,-0.1650485436893204,0.0003168683022612,-0.0970610687022901,2551.0,2487.0,0.5452775073028238,-0.0007989146819414,0.000767515514013,-9.882840542079243e-05
2015-07-14,2627.0,2635.0,2592.0,2621.0,69100.0,2621.0,2562.4,2614.7,2654.52,2568.306666666667,2459.18,False,False,False,False,False,False,True,True,False,False,False,-0.0133536818008393,-0.0022892025944296,,,-0.0127890118275467,0.0201042858959683,-0.0797405570392979,-0.1858069439145364,0.0005918296361285,-0.102038474777221,2542.0,2476.0,1.2339285714285717,0.0003465786658228,0.0011454933477643,0.0002749613338673
2015-07-15,2623.0,2653.0,2601.0,2644.0,59600.0,2644.0,2580.6,2610.2,2655.72,2570.76,2460.32,False,False,False,False,False,False,True,True,False,False,False,-0.0060514372163388,-0.0226928895612708,,,-0.0044326777609681,0.0277004538577911,-0.098714069591528,-0.2068835098335854,0.0009543221978455,-0.1120220672745382,2551.0,2555.0,0.8625180897250362,0.0004518548642175,0.0001052761983946,0.0003624925617169
2015-07-16,2653.0,2654.0,2632.0,2647.0,41200.0,2647.0,2608.0,2602.5,2656.36,2574.6666666666665,2461.31,False,False,False,False,False,False,True,True,False,True,False,-0.0215338118624858,-0.0185115224782772,,,-0.003536078579524,0.0273265331822189,-0.1212693615413675,-0.2040045334340763,0.0015173485240806,-0.1222670509125839,2600.0,2493.0,0.6912751677852349,0.0002409311990845,-0.0002109236651329,0.0005630263262351
2015-07-17,2634.0,2653.0,2597.0,2620.0,78900.0,2620.0,2621.4,2596.2,2654.76,2577.853333333333,2462.26,False,False,False,False,False,False,False,True,False,True,False,-0.0309160305343511,0.0019083969465648,,,-0.0132671755725191,0.016086513994911,-0.1606870229007633,-0.1854961832061068,0.0012361706639632,-0.1318850627840689,2595.0,2497.0,1.9150485436893203,-0.0006026910153836,-0.0008436222144682,-0.0002811778601174
2015-07-21,2626.0,2648.0,2604.0,2623.0,33600.0,2623.0,2631.0,2597.7,2654.48,2580.5866666666666,2463.13,False,False,False,False,False,False,False,True,False,False,False,-0.0163934426229508,-0.0213495996950057,,,-0.0120015249714067,0.0161697801499555,-0.1955775829203202,-0.1963400686237133,0.0010591906749887,-0.145782807868499,2612.0,2497.0,0.4258555133079847,-0.0001054820529822,0.0004972089624014,-0.0001769799889745
2015-07-22,2603.0,2623.0,2583.0,2586.0,44400.0,2586.0,2624.0,2593.2,2653.72,2583.76,2463.645,False,False,False,False,False,False,False,True,False,True,False,0.011214230471771,-0.002706883217324,,,-0.0261871616395977,0.0008662026295436,-0.1682134570765661,-0.1763341067285382,0.0012281842482791,-0.1559077587536633,2624.0,2525.0,1.3214285714285714,-0.0002863904255159,-0.0001809083725337,0.0001689935732903
2015-07-23,2588.0,2631.0,2588.0,2628.0,35300.0,2628.0,2620.8,2600.7,2652.52,2586.266666666667,2464.435,False,False,False,False,False,False,False,True,False,True,True,-0.0167427701674277,-0.0258751902587519,,,-0.0093302891933028,0.0158802638254692,-0.176179604261796,-0.1990106544901065,0.000969222044646,-0.1710693274887529,2639.0,2501.0,0.795045045045045,-0.0004523999819039,-0.0001660095563879,-0.000258962203633
2015-07-24,2621.0,2628.0,2550.0,2590.0,77100.0,2590.0,2609.4,2608.7,2650.36,2588.613333333333,2464.965,False,False,False,False,False,False,False,True,False,True,False,0.003088803088803,-0.02007722007722,,,-0.0233050193050193,0.0005353925353927,-0.132046332046332,-0.1853281853281853,0.0009065342577232,-0.1816613638977267,2631.0,2510.0,2.1841359773371103,-0.000814983624866,-0.000362583642962,-6.26877869228052e-05
2015-07-27,2583.0,2584.0,2532.0,2539.0,40400.0,2539.0,2593.2,2607.3,2644.0,2590.5066666666667,2465.27,False,False,False,False,False,False,False,True,False,True,False,0.0338716029933044,-0.001181567546278,,,-0.0413548641197321,-0.0202862019167651,-0.1283970066955494,-0.1689641591177628,0.0007308737544266,-0.1874736317263069,2654.0,2554.0,0.5239948119325551,-0.0024054462934947,-0.0015904626686287,-0.0001756605032966
2015-07-28,2525.0,2591.0,2511.0,2580.0,78200.0,2580.0,2584.6,2607.8,2638.48,2592.866666666667,2465.9,False,False,False,False,False,False,False,True,False,False,False,-0.0050387596899224,-0.0325581395348837,,,-0.0226666666666666,-0.0049870801033592,-0.1674418604651162,-0.1736434108527131,0.0009101894942535,-0.1883196564153694,2659.0,2624.0,1.935643564356436,-0.0020921136411873,0.0003133326523074,0.0001793157398268
2015-07-29,2601.0,2615.0,2565.0,2615.0,51900.0,2615.0,2590.4,2607.2,2633.48,2595.4533333333334,2467.11,False,False,False,False,False,False,False,True,False,False,False,-0.0137667304015296,-0.0653919694072657,,,-0.0070669216061185,0.0074748247291268,-0.1934990439770554,-0.1782026768642447,0.0009966145926979,-0.1875575329855784,2666.0,2582.0,0.6636828644501279,-0.0018986284308215,0.0001934852103657,8.642509844445604e-05
2015-07-30,2617.0,2631.0,2564.0,2584.0,65900.0,2584.0,2581.6,2601.2,2625.64,2597.28,2468.045,False,False,False,False,False,False,False,True,False,True,False,-0.0092879256965944,-0.0561145510835913,,,-0.0161145510835912,-0.0051393188854489,-0.1795665634674922,-0.1609907120743034,0.0007032998624202,-0.1829540212209748,2644.0,2542.0,1.2697495183044316,-0.0029859386663823,-0.0010873102355607,-0.0002933147302777
2015-07-31,2620.0,2644.0,2578.0,2598.0,129500.0,2598.0,2583.2,2596.3,2619.4,2599.173333333333,2469.045,False,False,False,False,False,False,False,True,False,False,False,-0.023094688221709,-0.0558121632024634,,,-0.0082371054657429,-0.0004516294585578,-0.1859122401847575,-0.1566589684372594,0.0007284367337305,-0.1781766359819744,2609.0,2452.0,1.9650986342943848,-0.0023822249370083,0.0006037137293739,2.513687131035355e-05
2015-08-03,2627.0,2650.0,2607.0,2625.0,86000.0,2625.0,2600.4,2596.8,2614.56,2601.32,2470.185,False,False,False,False,True,False,False,True,False,False,False,-0.0339047619047619,-0.0647619047619047,,,0.0039771428571428,0.0090209523809523,-0.2007619047619047,-0.1634285714285714,0.0008252220667457,-0.1759473197781885,2657.0,2437.0,0.6640926640926641,-0.0018511718989046,0.0005310530381037,9.678533301513732e-05
2015-08-04,2606.0,2618.0,2557.0,2567.0,156000.0,2567.0,2597.8,2591.2,2610.68,2602.3866666666668,2471.05,False,False,False,False,False,False,False,True,False,False,False,-0.0276587456174522,-0.0459680560966108,,,-0.0170159719516945,-0.0137852226983509,-0.2033502142578885,-0.1390728476821192,0.0004098801612878,-0.1702300092621179,2628.0,2524.0,1.813953488372093,-0.0014862028283819,0.0003649690705227,-0.0004153419054579
2015-08-05,2567.0,2592.0,2531.0,2579.0,76800.0,2579.0,2590.6,2590.5,2606.88,2603.76,2472.235,False,False,False,False,False,False,False,True,False,False,False,-0.0523458704924389,-0.0647537805350911,,,-0.0108103916246607,-0.0096006203955022,-0.1775882124854594,-0.1407522295463358,0.0005274423653998,-0.1666859679598533,2598.0,2526.0,0.4923076923076923,-0.0014576812127906,2.852161559125494e-05,0.000117562204112
2015-08-06,2579.0,2602.0,2560.0,2560.0,80500.0,2560.0,2585.8,2583.7,2601.72,2603.826666666667,2473.275,False,False,True,False,False,False,False,True,False,True,False,-0.047265625,-0.069140625,,,-0.0162968749999999,-0.0171197916666667,-0.165234375,-0.123828125,2.560334277240908e-05,-0.1591516042884235,2614.0,2542.0,1.0481770833333333,-0.0019833033531664,-0.0005256221403758,-0.0005018390226274
2015-08-07,2548.0,2557.0,2516.0,2538.0,91900.0,2538.0,2573.8,2578.5,2594.28,2604.4266666666667,2474.305,False,False,False,False,False,False,False,True,False,True,False,-0.0334909377462568,-0.0835303388494877,,,-0.0221749408983452,-0.0261728395061728,-0.1583924349881796,-0.1304176516942474,0.0002303769991603,-0.15369400814427,2631.0,2525.0,1.141614906832298,-0.0028678477265366,-0.0008845443733702,0.0002047736563879
2015-08-10,2526.0,2548.0,2519.0,2536.0,76800.0,2536.0,2556.0,2578.2,2588.4,2604.9466666666667,2475.33,False,False,False,False,False,False,False,True,False,False,False,-0.0319400630914826,-0.1328864353312303,,,-0.0206624605678233,-0.0271871713985278,-0.1675867507886435,-0.126577287066246,0.0001996202097547,-0.1495229229695136,2660.0,2548.0,0.8356909684439608,-0.0022716736207696,0.000596174105767,-3.075678940560165e-05
2015-08-11,2536.0,2545.0,2490.0,2496.0,84600.0,2496.0,2541.8,2569.8,2583.92,2604.9333333333334,2476.49,False,False,False,False,False,False,False,False,False,False,False,-0.0188301282051282,-0.1546474358974359,,,-0.035224358974359,-0.0436431623931624,-0.1450320512820513,-0.1077724358974359,-5.118493115622104e-06,-0.1430461514514749,2630.0,2551.0,1.1015625,-0.0017337998080435,0.000537873812726,-0.0002047387028703
2015-08-12,2486.0,2496.0,2431.0,2444.0,112500.0,2444.0,2514.8,2552.7,2576.44,2603.853333333333,2477.59,False,False,False,False,False,False,False,False,False,True,False,-0.0130932896890343,-0.1198854337152209,,,-0.054189852700491,-0.0654064375340969,-0.1239770867430442,-0.0936988543371522,-0.0004147699051151,-0.1347201002859716,2605.0,2542.0,1.3297872340425532,-0.0029032308146124,-0.0011694310065688,-0.0004096514119995
2015-08-13,2443.0,2456.0,2424.0,2439.0,65700.0,2439.0,2490.6,2538.2,2571.88,2603.026666666666,2478.26,False,False,False,False,False,False,False,False,False,False,False,-0.022960229602296,-0.1123411234112341,,,-0.0544813448134481,-0.0672516058493916,-0.1086510865108651,-0.1045510455104551,-0.0003175790233933,-0.1291466393507208,2658.0,2551.0,0.584,-0.0017730220694588,0.0011302087451535,9.719088172178892e-05
2015-08-14,2439.0,2458.0,2437.0,2453.0,57200.0,2453.0,2473.6,2523.7,2569.6,2602.266666666667,2479.215,False,False,False,False,False,False,False,False,False,False,False,-0.0517733387688544,-0.0835711373827965,,,-0.0475336322869954,-0.0608506590569371,-0.1112922951487973,-0.1015083571137382,-0.0002920530819283,-0.1236280064983952,2644.0,2600.0,0.8706240487062404,-0.000887297633873,0.0008857244355858,2.552594146503184e-05
2015-08-17,2452.0,2471.0,2441.0,2455.0,54900.0,2455.0,2457.4,2506.7,2565.68,2600.9466666666667,2479.84,False,False,False,False,False,False,False,False,False,True,False,-0.1042769857433808,-0.0985743380855397,,,-0.0450835030549897,-0.059448744059742,-0.1197556008146639,-0.1075356415478615,-0.0005075075229019,-0.1178840706905493,2698.0,2595.0,0.9597902097902098,-0.0015278600604908,-0.0006405624266177,-0.0002154544409736
2015-08-18,2437.0,2472.0,2437.0,2449.0,68300.0,2449.0,2448.0,2494.9,2560.64,2598.613333333333,2480.375,False,False,False,False,False,False,False,False,False,True,False,-0.1384238464679461,-0.1229073091057574,,,-0.0455859534503878,-0.0610916020144274,-0.1045324622294814,-0.1347488770926909,-0.0008979147853216,-0.117359413202934,2718.0,2612.0,1.24408014571949,-0.0019682579355161,-0.0004403978750252,-0.0003904072624196
2015-08-19,2437.0,2449.0,2409.0,2412.0,53500.0,2412.0,2441.6,2478.2,2552.28,2596.346666666667,2480.765,False,False,False,False,False,False,False,False,False,True,False,-0.1082089552238805,-0.1256218905472637,,,-0.0581592039800995,-0.0764289662797126,-0.0961857379767827,-0.1148424543946932,-0.0008730215790389,-0.1146800096844483,2740.0,2624.0,0.7833089311859444,-0.0032755026877927,-0.0013072447522766,2.489320628263888e-05
2015-08-20,2403.0,2432.0,2376.0,2383.0,40700.0,2383.0,2430.4,2460.5,2541.84,2594.2266666666665,2481.035,False,False,False,False,False,False,False,False,False,True,False,-0.0914813260595887,-0.1103650860260176,,,-0.0666554762903903,-0.0886389704853824,-0.0952580780528745,-0.0944187998321443,-0.0008171992167223,-0.1117659012395854,2780.0,2639.0,0.7607476635514019,-0.0041072608818808,-0.0008317581940881,5.582236231660334e-05
2015-08-21,2332.0,2366.0,2322.0,2326.0,76800.0,2326.0,2405.0,2439.3,2529.0,2592.5466666666666,2481.02,False,False,False,False,False,False,False,False,False,True,False,-0.0335339638865004,-0.0907136715391229,,,-0.087274290627687,-0.1145944396675265,-0.082975064488392,-0.0941530524505589,-0.0006480114790604,-0.1081457795269135,2754.0,2631.0,1.886977886977887,-0.0050771055753262,-0.0009698446934454,0.0001691877376619
2015-08-24,2278.0,2295.0,2193.0,2199.0,112600.0,2199.0,2353.8,2405.6,2512.16,2589.373333333333,2480.285,False,False,False,False,False,False,False,False,False,True,False,0.0063665302410186,-0.0459299681673487,,,-0.1424101864483855,-0.1775231165681368,-0.0213733515234197,-0.045475216007276,-0.0012255217478618,-0.1004738942467575,2746.0,2654.0,1.4661458333333333,-0.0067033946882364,-0.0016262891129102,-0.0005775102688014
2015-08-25,2169.0,2214.0,2108.0,2110.0,161000.0,2110.0,2286.0,2367.0,2491.64,2583.853333333333,2479.09,False,False,False,False,False,False,False,False,False,True,False,0.0180094786729857,-0.0308056872037914,,,-0.1808720379146919,-0.2245750394944706,0.0407582938388625,0.0118483412322274,-0.0021363441681416,-0.0896915927334179,2664.0,2659.0,1.4298401420959148,-0.0082355396445714,-0.0015321449563349,-0.0009108224202797
2015-08-26,2110.0,2182.0,2101.0,2151.0,125100.0,2151.0,2233.8,2337.7,2474.24,2578.853333333333,2477.84,False,False,False,False,False,False,False,False,False,False,False,-0.0195258019525801,-0.0139470013947001,,,-0.150274291027429,-0.1989090345575699,0.0232450023245002,0.00883310088331,-0.0019388462055487,-0.0802070411087821,2674.0,2666.0,0.7770186335403727,-0.0070324624935334,0.001203077151038,0.0001974979625929
2015-08-27,2202.0,2219.0,2160.0,2165.0,109500.0,2165.0,2190.2,2310.3,2455.72,2573.826666666667,2476.595,False,False,False,False,False,False,False,False,False,True,False,-0.0207852193995381,-0.012933025404157,,,-0.1342817551963047,-0.1888344880677445,0.0327944572748267,0.002771362586605,-0.0019529934675733,-0.0698610570055837,2689.0,2644.0,0.8752997601918465,-0.0075415764012183,-0.0005091139076849,-1.4147262024668185e-05
2015-08-28,2231.0,2264.0,2218.0,2248.0,155600.0,2248.0,2174.6,2289.8,2442.04,2570.133333333333,2475.66,False,False,False,False,False,False,False,False,False,False,False,-0.0591637010676156,-0.0498220640569395,,,-0.0863167259786476,-0.1432977461447211,-0.0035587188612099,-0.0409252669039145,-0.0014370201286575,-0.0636300113547035,2724.0,2609.0,1.4210045662100457,-0.0056018738431802,0.0019397025580381,0.0005159733389158
2015-08-31,2230.0,2240.0,2197.0,2213.0,69300.0,2213.0,2177.4,2265.6,2429.0,2565.6666666666665,2474.565,False,False,False,False,False,False,False,False,False,False,False,-0.0519656574785359,-0.0460912788070492,,,-0.0976050610031631,-0.1593613496008434,0.0122006326253953,-0.0384093990058743,-0.001740938027803,-0.0564088983050846,2683.0,2657.0,0.4453727506426735,-0.0053684643886372,0.0002334094545429,-0.0003039178991455
2015-09-01,2213.0,2213.0,2148.0,2148.0,77300.0,2148.0,2185.0,2235.5,2411.72,2560.293333333333,2472.975,False,False,False,False,False,False,False,False,False,True,False,-0.0479515828677839,-0.0065176908752327,,,-0.1227746741154561,-0.1919428926132835,0.0633147113594041,-0.0232774674115456,-0.0020987178552457,-0.0446432565421606,2608.0,2628.0,1.1154401154401157,-0.007165010863616,-0.0017965464749788,-0.0003577798274427
2015-09-02,2111.0,2151.0,2072.0,2109.0,108200.0,2109.0,2176.6,2205.2,2391.48,2554.52,2471.14,False,False,False,False,False,False,False,False,False,True,False,0.0056899004267425,0.0151730678046467,,,-0.1339402560455192,-0.2112470365101943,0.0943575154101469,-0.0227596017069701,-0.002260046244826,-0.03487212044259,2631.0,2598.0,1.3997412677878396,-0.0084633783263919,-0.0012983674627758,-0.0001613283895802
2015-09-03,2125.0,2167.0,2113.0,2120.0,59400.0,2120.0,2167.6,2178.9,2372.92,2548.773333333333,2469.545,False,False,False,False,False,False,False,False,False,False,False,0.0080188679245283,0.0254716981132075,,,-0.1193018867924528,-0.2022515723270439,0.0674528301886792,0.0047169811320754,-0.0022546793751766,-0.0245077791546193,2553.0,2614.0,0.5489833641404805,-0.0078215869055846,0.0006417914208072,5.3668696494207566e-06
2015-09-04,2141.0,2162.0,2095.0,2115.0,123300.0,2115.0,2141.0,2157.8,2353.6,2542.306666666667,2467.975,False,False,False,False,False,False,False,False,False,True,False,0.0099290780141843,0.0307328605200945,,,-0.1128132387706855,-0.2020362490149725,0.1078014184397163,0.0118203309692671,-0.0025436218027721,-0.0134396144220965,2510.0,2631.0,2.075757575757576,-0.0082087015635622,-0.0003871146579776,-0.0002889424275954
2015-09-07,2108.0,2130.0,2067.0,2098.0,71700.0,2098.0,2118.0,2147.7,2332.52,2535.68,2466.225,False,False,False,False,False,False,False,False,False,True,False,0.0061963775023832,0.0300285986653956,,,-0.1117826501429933,-0.2086177311725452,0.1005719733079123,0.0228789323164918,-0.0026133686690225,-0.0066117241700422,2553.0,2660.0,0.5815085158150851,-0.0090374359062301,-0.0008287343426678,-6.974686625039464e-05
2015-09-08,2106.0,2125.0,2037.0,2045.0,70200.0,2045.0,2097.4,2141.2,2311.64,2528.12,2464.16,False,False,False,False,False,False,False,False,False,False,False,0.043520782396088,0.0723716381418092,,,-0.1303863080684596,-0.236244498777506,0.130562347188264,0.0195599022004889,-0.0029903643814375,-0.0059312535027086,2575.0,2630.0,0.9790794979079498,-0.0090325483206728,4.887585557325144e-06,-0.000376995712415
2015-09-09,2102.0,2250.0,2090.0,2121.0,147900.0,2121.0,2099.8,2138.2,2293.32,2521.4133333333334,2462.76,False,False,False,False,False,False,False,False,False,False,False,0.0094295143800094,0.0278170674210278,,,-0.0812446958981613,-0.1887851642307088,0.09005186232909,-0.0155586987270155,-0.0026598838746522,-0.0083715274529976,2621.0,2605.0,2.106837606837607,-0.0079884185373169,0.0010441297833558,0.0003304805067853
2015-09-10,2100.0,2162.0,2100.0,2137.0,146200.0,2137.0,2103.2,2135.4,2276.4,2514.72,2461.5,False,False,False,False,False,False,False,False,False,False,False,0.017313991576977,0.0088909686476368,,,-0.0652316331305569,-0.1767524567150209,0.1221338324754328,-0.0364997660271408,-0.0026616614705945,-0.0123161936873654,2644.0,2658.0,0.9885057471264368,-0.0074327886136004,0.0005556299237164,-1.7775959423472348e-06
2015-09-11,2137.0,2182.0,2124.0,2136.0,162700.0,2136.0,2107.4,2124.2,2260.32,2508.12,2460.685,False,False,False,False,False,False,False,False,False,False,False,0.0205992509363295,-0.0014044943820224,,,-0.0582022471910113,-0.1742134831460673,0.1432584269662921,-0.0463483146067415,-0.0026314530405243,-0.0127106675454288,2647.0,2644.0,1.112859097127223,-0.0071140369505202,0.0003187516630802,3.0208430070243625e-05
2015-09-14,2136.0,2142.0,2109.0,2111.0,95300.0,2111.0,2110.0,2114.0,2243.32,2500.88,2459.66,False,False,False,False,False,False,False,False,False,True,False,0.0236854571293225,0.0194220748460445,,,-0.0626811937470394,-0.1846897205116059,0.1553765987683562,-0.0383704405495026,-0.0028949809666996,-0.0125827814569536,2620.0,2698.0,0.5857406269207129,-0.0075780539557441,-0.0004640170052239,-0.0002635279261752
2015-09-15,2128.0,2160.0,2121.0,2134.0,68600.0,2134.0,2127.8,2112.6,2228.84,2493.88,2458.61,False,False,False,False,False,False,False,False,False,False,False,0.0276476101218369,0.0290534208059981,,,-0.0444423617619494,-0.1686410496719775,0.1508903467666354,-0.0838800374882849,-0.0028068712207483,-0.0186973397708984,2623.0,2718.0,0.7198321091290661,-0.0064966529674629,0.0010814009882812,8.810974595124203e-05
2015-09-16,2148.0,2164.0,2128.0,2141.0,61000.0,2141.0,2131.8,2115.8,2216.72,2486.88,2457.785,False,False,False,False,False,False,False,False,False,False,False,0.0182157870154133,0.0280242877160205,,,-0.0353666510976178,-0.1615506772536198,0.135450723960766,-0.0597851471275105,-0.0028147719230521,-0.0224501370639947,2586.0,2740.0,0.8892128279883382,-0.005467537623155,0.0010291153443078,-7.900702303785794e-06
2015-09-17,2141.0,2183.0,2130.0,2174.0,101800.0,2174.0,2139.2,2121.2,2206.12,2480.613333333333,2457.095,False,False,False,False,False,False,False,False,False,False,False,-0.0082796688132474,0.0285188592456301,,,-0.0147746090156393,-0.1410364918736581,0.1205151793928242,-0.0864765409383624,-0.0025262569472068,-0.0317273241561379,2628.0,2780.0,1.6688524590163931,-0.0048048156945224,0.0006627219286326,0.0002885149758453
2015-09-18,2173.0,2188.0,2160.0,2180.0,144900.0,2180.0,2148.0,2127.7,2195.2,2474.893333333333,2456.585,False,False,False,False,False,False,False,False,False,True,False,-0.0215596330275229,0.0275229357798165,,,-0.0069724770642201,-0.1352721712538224,0.0642201834862385,-0.0949541284403669,-0.0023112107188457,-0.0425341918503547,2590.0,2754.0,1.4233791748526523,-0.0049744897959184,-0.0001696741013959,0.0002150462283611
2015-09-24,2159.0,2191.0,2147.0,2161.0,163800.0,2161.0,2158.0,2134.0,2183.44,2468.28,2455.99,False,False,False,False,False,False,False,False,False,True,False,-0.0041647385469689,0.0365571494678389,,,-0.010384081443776,-0.1421934289680704,0.0518278574733919,-0.0837575196668209,-0.0026793286553117,-0.0531396438612933,2539.0,2746.0,1.1304347826086956,-0.0053859964093356,-0.0004115066134172,-0.0003681179364659
2015-09-25,2180.0,2203.0,2158.0,2193.0,252900.0,2193.0,2169.8,2148.8,2173.2,2462.48,2455.645,False,False,False,False,True,False,False,False,False,False,False,0.0013679890560875,0.0414956680346557,,,0.0090287277701779,-0.1228818969448244,-0.0196078431372549,-0.106703146374829,-0.0023553490789773,-0.0655249441548772,2580.0,2664.0,1.543956043956044,-0.00471194551813,0.0006740508912055,0.0003239795763343
2015-09-28,2166.0,2198.0,2136.0,2180.0,118400.0,2180.0,2177.6,2154.7,2163.92,2456.9066666666668,2455.01,False,False,False,False,False,False,False,False,False,False,False,0.0096330275229357,0.0587155963302752,,,0.0073761467889907,-0.1270214067278287,-0.0211009174311926,-0.1311926605504587,-0.0022684351053899,-0.0770872975356197,2615.0,2674.0,0.4681692368525109,-0.0042885134385743,0.0004234320795557,8.691397358741694e-05
2015-09-29,2152.0,2187.0,2134.0,2156.0,233900.0,2156.0,2174.0,2156.6,2154.84,2450.8,2454.02,False,False,False,False,False,False,False,False,False,False,False,0.0371057513914656,0.0496289424860853,,,0.0005380333951761,-0.1367346938775511,-0.0273654916512059,-0.1637291280148423,-0.0024917033893694,-0.0897709357321709,2584.0,2689.0,1.9755067567567568,-0.0042137699318742,7.47435067000625e-05,-0.0002232682839794
2015-09-30,2165.0,2176.0,2120.0,2133.0,159100.0,2133.0,2164.6,2156.3,2147.12,2444.16,2452.81,False,False,False,False,False,True,False,False,False,False,False,0.0501640881387716,0.0984528832630098,,,-0.0066197843413032,-0.1458790436005625,-0.0121894045944678,-0.0923581809657759,-0.0027166797590993,-0.0943282474609284,2598.0,2724.0,0.6802052159042326,-0.0035955139908343,0.0006182559410399,-0.0002249763697299
2015-10-01,2167.0,2180.0,2117.0,2152.0,110000.0,2152.0,2162.8,2160.4,2145.24,2437.3866666666668,2451.52,False,False,False,False,False,False,False,False,False,False,False,0.0408921933085501,0.0729553903345724,,,0.0031412639405205,-0.1326146220570012,-0.0083643122676579,-0.0738847583643122,-0.0027789326272947,-0.0977596741344195,2625.0,2683.0,0.6913890634820867,-0.0008763588223229,0.0027191551685113,-6.225286819533079e-05
2015-10-02,2172.0,2219.0,2167.0,2196.0,127000.0,2196.0,2163.4,2166.6,2148.68,2431.6,2450.425,False,False,False,False,False,False,True,False,True,False,False,0.0400728597449908,0.052823315118397,,,0.0215482695810565,-0.1072859744990892,-0.0400728597449908,-0.122495446265938,-0.0023797773756649,-0.1016338964275823,2567.0,2608.0,1.1545454545454543,0.0016009829290541,0.0024773417513771,0.0003991552516297
2015-10-05,2197.0,2209.0,2168.0,2201.0,68200.0,2201.0,2167.6,2172.6,2150.68,2426.213333333333,2449.555,False,False,False,False,False,False,True,False,False,True,False,0.0486142662426169,0.0504316219900045,,,0.0228623353021354,-0.1023231864304103,-0.032258064516129,-0.080872330758746,-0.00222019498148,-0.1036546073828591,2579.0,2631.0,0.537007874015748,0.0009299384380753,-0.0006710444909787,0.0001595823941848
2015-10-06,2227.0,2255.0,2220.0,2236.0,86000.0,2236.0,2183.6,2178.8,2153.52,2420.5866666666666,2448.95,False,False,False,False,False,False,True,False,False,False,False,0.0120751341681574,0.0724508050089445,,,0.0368872987477638,-0.0825521765056648,-0.0585867620751341,-0.120304114490161,-0.0023245053540738,-0.1070772902515146,2560.0,2553.0,1.2609970674486803,0.0013187711281994,0.000388832690124,-0.0001043103725937
2015-10-07,2240.0,2248.0,2214.0,2240.0,96500.0,2240.0,2205.0,2184.8,2153.2,2415.2,2448.165,False,False,False,False,False,False,False,False,False,True,False,0.0459821428571428,0.0901785714285714,,,0.03875,-0.0782142857142856,-0.0580357142857142,-0.1165178571428571,-0.0022303190902065,-0.1092548517026731,2538.0,2510.0,1.122093023255814,-0.0001486160133755,-0.0014673871415749,9.41862638673828e-05
2015-10-08,2233.0,2266.0,2219.0,2240.0,74500.0,2240.0,2222.6,2192.7,2154.28,2409.093333333333,2447.425,False,False,False,False,False,False,True,False,False,False,False,0.0308035714285714,0.0888392857142857,,,0.038267857142857,-0.075488095238095,-0.0580357142857142,-0.1142857142857142,-0.0025348402165131,-0.1122816618780498,2536.0,2553.0,0.772020725388601,0.0005013275897285,0.000649943603104,-0.0003045211263066
2015-10-09,2246.0,2286.0,2227.0,2284.0,81200.0,2284.0,2240.2,2201.8,2159.72,2403.306666666667,2446.645,False,False,False,False,False,False,True,False,True,False,False,0.0122591943957968,0.0753064798598949,,,0.0544133099824869,-0.0522358435493287,-0.0665499124343257,-0.1396672504378283,-0.0024077937064485,-0.1156780815696249,2496.0,2575.0,1.0899328859060402,0.0025188450354673,0.0020175174457388,0.0001270465100645
2015-10-13,2283.0,2338.0,2280.0,2308.0,91300.0,2308.0,2261.6,2214.6,2167.68,2397.5466666666666,2446.165,False,False,False,False,False,False,True,False,False,False,False,0.0017331022530329,0.0532928942807625,,,0.0607972270363952,-0.0387983824378971,-0.0688908145580589,-0.1832755632582322,-0.0024024558437514,-0.1211957012553056,2444.0,2621.0,1.124384236453202,0.0036721287274874,0.00115328369202,5.337862697113189e-06
2015-10-14,2298.0,2302.0,2258.0,2263.0,80800.0,2263.0,2267.0,2225.3,2173.4,2390.653333333333,2445.585,False,False,False,False,False,False,True,False,False,True,False,0.0596553247901016,0.0764471939902784,,,0.0395934600088377,-0.056408896744734,-0.0419796730004418,-0.1745470614228899,-0.002883451664538,-0.122500337033209,2439.0,2644.0,0.8849945235487404,0.002631821109782,-0.0010403076177054,-0.0004809958207865
2015-10-15,2269.0,2358.0,2269.0,2343.0,124900.0,2343.0,2287.6,2246.3,2182.52,2385.173333333333,2445.315,False,False,False,False,False,False,True,False,False,False,False,0.0422535211267605,-0.009816474605207,,,0.0684933845497225,-0.0179997154645041,-0.0648740930431071,-0.2091335894152795,-0.0022975269442332,-0.134398789119886,2453.0,2647.0,1.5457920792079207,0.0041786558656964,0.0015468347559144,0.0005859247203047
2015-10-16,2361.0,2361.0,2305.0,2309.0,60900.0,2309.0,2301.4,2262.0,2190.96,2379.346666666667,2444.36,False,False,False,False,False,False,True,False,False,True,False,0.0563014291901255,-0.0155911650064963,,,0.051121697704634,-0.0304662913238054,-0.0489389346037245,-0.1974880900822867,-0.0024488515054551,-0.1465959328028293,2455.0,2620.0,0.4875900720576461,0.003852192646146,-0.0003264632195504,-0.0001513245612218
2015-10-19,2302.0,2335.0,2287.0,2312.0,30000.0,2312.0,2307.0,2273.6,2201.64,2374.653333333333,2443.4,False,False,False,False,False,False,True,False,False,False,False,0.0622837370242214,-0.0700692041522491,,,0.0477335640138408,-0.0270991926182237,-0.0441176470588235,-0.2275086505190311,-0.0019764288401395,-0.1571516537649542,2449.0,2623.0,0.4926108374384236,0.0048509293072436,0.0009987366610976,0.0004724226653155
2015-10-20,2325.0,2325.0,2293.0,2312.0,41300.0,2312.0,2307.8,2284.7,2209.28,2369.826666666667,2442.485,False,False,False,False,False,False,True,False,False,True,False,0.0514705882352941,-0.0769896193771626,,,0.0444290657439445,-0.0250115340253749,-0.0415224913494809,-0.245674740484429,-0.0020367171720012,-0.1734582220860505,2412.0,2586.0,1.3766666666666667,0.0034581402085748,-0.0013927890986687,-6.02883318616119e-05
2015-10-21,2316.0,2402.0,2298.0,2398.0,148800.0,2398.0,2334.8,2300.9,2219.72,2365.9466666666667,2442.08,False,False,False,False,False,False,True,False,False,False,False,0.0158465387823186,-0.1255212677231026,,,0.0743452877397832,0.0133666944676118,-0.0646371976647206,-0.3194328607172644,-0.0016399355296823,-0.1938371941414229,2383.0,2628.0,3.602905569007264,0.0047032959111958,0.0012451557026209,0.0003967816423188
2015-10-22,2398.0,2476.0,2391.0,2442.0,191400.0,2442.0,2354.6,2321.1,2231.96,2362.1866666666665,2441.805,False,False,False,False,False,False,True,False,False,False,False,-0.0499590499590499,-0.1371826371826371,,,0.086011466011466,0.0326835926835927,-0.0962325962325962,-0.2858312858312858,-0.0015917455013434,-0.2109775537460686,2326.0,2590.0,1.2862903225806452,0.0054839692467608,0.0007806733355649,4.819002833883522e-05
2015-10-23,2460.0,2460.0,2423.0,2439.0,76500.0,2439.0,2380.6,2341.0,2245.08,2358.9333333333334,2441.47,False,False,False,False,False,False,True,False,False,False,False,-0.068060680606806,-0.1250512505125051,,,0.0795079950799508,0.0328276616099494,-0.0918409184091841,-0.2865928659286593,-0.0013791544200767,-0.2281076463049978,2199.0,2539.0,0.3996865203761755,0.0058438897500311,0.0003599205032703,0.0002125910812667
2015-10-26,2458.0,2484.0,2446.0,2456.0,89100.0,2456.0,2409.4,2358.2,2257.96,2356.9066666666668,2441.245,False,False,False,False,False,False,True,False,False,True,False,-0.1245928338762215,-0.1416938110749185,,,0.0806351791530944,0.0403474484256242,-0.0932410423452768,-0.2939739413680782,-0.0008598841419261,-0.2435332032906453,2110.0,2580.0,1.1647058823529413,0.0057042640259349,-0.0001396257240961,0.0005192702781506
2015-10-27,2464.0,2464.0,2421.0,2431.0,53400.0,2431.0,2433.2,2370.5,2269.56,2354.24,2440.95,False,False,False,False,False,False,True,False,False,True,False,-0.1221719457013574,-0.1238173591114767,,,0.0664088852324146,0.0315754833401893,-0.0888523241464418,-0.2768408062525709,-0.0011327080784741,-0.252815861632567,2151.0,2615.0,0.5993265993265994,0.0051111228608187,-0.0005931411651161,-0.000272823936548
2015-10-28,2431.0,2450.0,2406.0,2436.0,68700.0,2436.0,2440.8,2387.8,2280.04,2352.68,2440.93,False,False,False,False,False,False,True,False,False,True,False,-0.1391625615763546,-0.1358784893267652,,,0.0640229885057471,0.0342036124794746,-0.1034482758620689,-0.2869458128078818,-0.0006630736011697,-0.2637155540665048,2165.0,2584.0,1.2865168539325842,0.0045964105892879,-0.0005147122715308,0.0004696344773044
2015-10-29,2435.0,2440.0,2255.0,2320.0,138900.0,2320.0,2416.4,2385.5,2285.64,2350.1466666666665,2440.405,False,False,False,False,False,False,True,False,False,True,False,-0.0918103448275862,-0.0905172413793103,,,0.0148103448275862,-0.0129942528735631,-0.05,-0.2517241379310345,-0.001077946908278,-0.2679102913435338,2248.0,2598.0,2.021834061135371,0.0024500796275878,-0.0021463309617,-0.0004148733071083
2015-10-30,2289.0,2310.0,2251.0,2273.0,164000.0,2273.0,2383.2,2381.9,2290.12,2346.4133333333334,2439.645,False,False,False,False,False,False,True,False,False,True,False,-0.0611526616805983,-0.071711394632644,,,-0.0075318961724592,-0.0322979909077577,-0.0360756709194896,-0.2322921249450066,-0.0015910808553195,-0.2713380074730258,2213.0,2625.0,1.1807055435565157,0.0019562293678933,-0.0004938502596944,-0.0005131339470414
2015-11-02,2225.0,2225.0,2146.0,2150.0,221000.0,2150.0,2322.0,2365.7,2288.4,2340.7466666666664,2438.29,False,False,False,False,False,False,False,False,False,True,False,-0.0195348837209302,-0.0083720930232558,,,-0.0643720930232558,-0.0887193798449611,-0.0144186046511627,-0.1925581395348837,-0.0024208799471395,-0.2684617660734666,2148.0,2567.0,1.3475609756097562,-0.0007516168502009,-0.0027078462180943,-0.0008297990918199
2015-11-04,2174.0,2190.0,2095.0,2134.0,340400.0,2134.0,2262.6,2347.9,2286.56,2334.2533333333336,2436.9,False,False,False,False,False,False,False,False,False,True,False,-0.0018744142455482,0.0070290534208059,,,-0.0714901593252108,-0.0938394251796314,0.000468603561387,-0.1686972820993439,-0.0027817603344964,-0.26163805954257,2109.0,2579.0,1.5402714932126698,-0.0008047022601638,-5.308540996287671e-05,-0.0003608803873569
2015-11-05,2084.0,2116.0,2072.0,2097.0,212600.0,2097.0,2194.8,2317.8,2284.2,2326.96,2435.385,False,False,False,False,False,False,False,False,False,True,False,0.0038149737720553,0.0338578922269909,,,-0.0892703862660943,-0.1096614210777301,0.0290891750119217,-0.150691463996185,-0.0031342753349148,-0.2456208473552507,2120.0,2560.0,0.6245593419506463,-0.0010331844847211,-0.0002284822245573,-0.0003525150004183
2015-11-06,2100.0,2121.0,2082.0,2107.0,180400.0,2107.0,2152.2,2284.3,2283.16,2319.76,2433.815,False,False,False,False,False,False,False,False,False,False,False,0.0014238253440911,0.0398671096345514,,,-0.0836070242050307,-0.1009776934029426,0.0,-0.1570953962980541,-0.0031037693554504,-0.2331567657488071,2115.0,2538.0,0.8485418626528692,-0.0004555090313425,0.0005776754533786,3.050597946439122e-05
2015-11-09,2122.0,2140.0,2118.0,2134.0,124400.0,2134.0,2124.4,2253.8,2282.44,2313.28,2432.4,False,False,False,False,False,False,False,False,False,False,False,-0.0112464854732895,0.0290534208059981,,,-0.0695595126522961,-0.0840112464854733,-0.0164011246485473,-0.1738519212746017,-0.0028012173191312,-0.2217588073475908,2098.0,2536.0,0.6895787139689579,-0.0003154518848249,0.0001400571465175,0.0003025520363192
2015-11-10,2112.0,2122.0,2088.0,2108.0,167300.0,2108.0,2116.0,2219.0,2278.92,2306.4133333333334,2430.885,False,False,False,False,False,False,False,False,False,True,False,0.0113851992409867,0.0483870967741935,,,-0.0810815939278937,-0.094123972169513,0.01280834914611,-0.1423149905123339,-0.0029772055890531,-0.2062190175754844,2045.0,2496.0,1.344855305466238,-0.0015445912976322,-0.0012291394128072,-0.0001759882699219
2015-11-11,2100.0,2131.0,2095.0,2130.0,126100.0,2130.0,2115.2,2188.9,2276.08,2300.333333333333,2429.265,False,False,False,False,False,False,False,False,False,False,False,0.0089201877934272,0.04037558685446,,,-0.0685821596244131,-0.0799687010954615,0.0187793427230046,-0.160093896713615,-0.0026430952035938,-0.1938873406733976,2121.0,2444.0,0.7537358039450089,-0.0012477593054726,0.0002968319921595,0.0003341103854593
2015-11-12,2114.0,2121.0,2093.0,2105.0,129100.0,2105.0,2116.8,2155.8,2270.84,2293.36,2427.41,False,False,False,False,False,False,False,False,False,True,False,0.0299287410926365,0.0655581947743468,,,-0.0787838479809976,-0.0894821852731592,0.0313539192399049,-0.1292161520190023,-0.0030406623178798,-0.1770572409314408,2137.0,2439.0,1.0237906423473433,-0.0023075161614203,-0.0010597568559477,-0.0003975671142859
2015-11-13,2082.0,2116.0,2082.0,2110.0,53000.0,2110.0,2117.4,2134.8,2265.64,2286.96,2425.765,False,False,False,False,False,False,False,False,False,False,False,0.038388625592417,0.0459715639810426,,,-0.0737630331753553,-0.083867298578199,0.0218009478672985,-0.1364928909952606,-0.002798474831217,-0.1649334832302792,2136.0,2453.0,0.4105344694035631,-0.0022951572182695,1.2358943150775436e-05,0.0002421874866628
2015-11-16,2080.0,2114.0,2077.0,2110.0,78900.0,2110.0,2112.6,2118.5,2260.44,2281.24,2423.92,False,False,False,False,False,False,False,False,False,True,False,0.0407582938388625,0.0497630331753554,,,-0.0712985781990521,-0.0811563981042653,0.0085308056872037,-0.1440758293838862,-0.0025074082516527,-0.1556289827708284,2111.0,2455.0,1.4886792452830189,-0.0023004370830456,-5.279864776126103e-06,0.0002910665795643
2015-11-17,2130.0,2139.0,2124.0,2132.0,135700.0,2132.0,2117.4,2116.7,2254.36,2275.266666666667,2422.07,False,False,False,False,False,False,False,False,False,True,False,0.0365853658536585,0.0445590994371482,,,-0.0573921200750469,-0.067198248905566,-0.0159474671669793,-0.1843339587242026,-0.0026253332942656,-0.1547692162328152,2134.0,2449.0,1.7198986058301649,-0.0026969960432228,-0.0003965589601771,-0.0001179250426129
2015-11-18,2148.0,2164.0,2141.0,2149.0,131400.0,2149.0,2121.2,2118.2,2248.0,2269.0533333333333,2420.045,False,False,False,False,False,False,False,False,False,True,False,0.0311772917636109,0.0307119590507212,,,-0.0460679385760819,-0.0558647432914533,-0.040949278734295,-0.1782224290367612,-0.0027382932089154,-0.1557454442451137,2141.0,2412.0,0.9683124539425204,-0.0028291814946619,-0.0001321854514391,-0.0001129599146497
2015-11-19,2168.0,2177.0,2149.0,2168.0,90100.0,2168.0,2133.8,2125.3,2244.2,2263.5066666666667,2418.02,False,False,False,False,False,False,False,False,False,False,True,0.0345940959409594,0.007380073800738,,,-0.0351476014760146,-0.0440528905289052,-0.0175276752767527,-0.1826568265682656,-0.0024504750740738,-0.1589893191549428,2174.0,2383.0,0.6856925418569254,-0.0016932537207023,0.0011359277739596,0.0002878181348415
2015-11-20,2169.0,2193.0,2169.0,2191.0,134500.0,2191.0,2150.0,2133.7,2238.12,2258.08,2416.395,False,False,False,False,False,False,False,False,False,True,False,0.0073026015518028,0.0059333637608397,,,-0.0215061615700592,-0.0306161570059333,-0.0232770424463715,-0.167959835691465,-0.0024032216160041,-0.1600974832450672,2180.0,2326.0,1.492785793562708,-0.0027165656890604,-0.001023311968358,4.725345806965049e-05
2015-11-24,2201.0,2201.0,2173.0,2196.0,77300.0,2196.0,2167.2,2139.9,2233.6,2252.36,2414.675,False,False,False,False,False,False,False,False,False,False,False,0.0086520947176684,-0.0022768670309653,,,-0.0171220400728597,-0.0256648451730419,-0.0227686703096539,-0.1753187613843351,-0.0025395585075209,-0.1602878639188747,2161.0,2199.0,0.5747211895910781,-0.0020236389684813,0.000692926720579,-0.0001363368915167
2015-11-25,2197.0,2229.0,2173.0,2210.0,149300.0,2210.0,2182.8,2150.1,2229.52,2247.6,2413.37,False,False,False,False,False,False,False,False,False,False,False,0.0076923076923076,-0.0411764705882352,,,-0.0088325791855203,-0.0170135746606334,-0.0565610859728506,-0.2018099547511312,-0.0021178145577505,-0.1663178456815961,2193.0,2110.0,1.9314359637774905,-0.0018299903118159,0.0001936486566654,0.0004217439497703
2015-11-26,2220.0,2237.0,2205.0,2216.0,104800.0,2216.0,2196.2,2158.7,2225.68,2242.76,2412.49,False,False,False,False,False,False,False,False,False,False,False,-0.0004512635379061,-0.0365523465703971,,,-0.0043682310469313,-0.0120758122743683,-0.0577617328519855,-0.2089350180505415,-0.0021580552533484,-0.1713068050215406,2180.0,2151.0,0.7019423978566645,-0.0017253154092233,0.0001046749025926,-4.0240695597828016e-05
2015-11-27,2234.0,2261.0,2232.0,2243.0,105200.0,2243.0,2211.2,2172.5,2219.48,2238.5333333333333,2411.475,False,False,False,False,True,False,False,False,False,True,False,-0.0263040570664288,-0.0378956754346856,,,0.0104859563085153,0.0019913805914697,-0.0820329915292019,-0.2015158270173874,-0.0018881410447317,-0.1785040276179516,2156.0,2165.0,1.0038167938931295,-0.0027934471137382,-0.0010681317045149,0.0002699142086166
2015-11-30,2244.0,2250.0,2190.0,2207.0,96000.0,2207.0,2214.4,2182.2,2210.08,2234.12,2410.59,False,False,False,False,False,False,False,False,False,True,False,-0.0013593112822836,-0.0453103760761214,,,-0.0013955595831445,-0.012288173991844,-0.0770276393294064,-0.1658359764386044,-0.0019754235821412,-0.1812849418018513,2133.0,2248.0,0.9125475285171104,-0.0042532397017302,-0.001459792587992,-8.728253740947082e-05
2015-12-01,2209.0,2226.0,2200.0,2215.0,94200.0,2215.0,2218.2,2192.7,2201.12,2229.84,2410.08,False,False,False,False,False,False,False,False,False,False,False,-0.0108352144469525,-0.0523702031602708,,,0.0062663656884876,-0.0066997742663657,-0.0835214446952596,-0.1683972911963882,-0.0019194202274601,-0.1835636429972179,2152.0,2213.0,0.98125,-0.0040706549393036,0.0001825847624266,5.600335468109959e-05
2015-12-02,2220.0,2234.0,2212.0,2227.0,83700.0,2227.0,2221.6,2202.2,2191.96,2226.2533333333336,2410.21,False,False,False,False,False,False,False,False,False,True,False,-0.0484957341715312,-0.0413111809609339,,,0.0157341715312078,0.0003352791498277,-0.1221374045801526,-0.1679389312977099,-0.0016110775054051,-0.1819090000908182,2196.0,2148.0,0.8885350318471338,-0.0041789083742403,-0.0001082534349366,0.0003083427220549
2015-12-03,2215.0,2233.0,2196.0,2215.0,118800.0,2215.0,2221.4,2208.8,2183.32,2223.2,2410.175,False,False,False,False,False,False,False,False,False,False,False,-0.0361173814898419,-0.0203160270880361,,,0.0143024830699773,-0.0037020316027087,-0.091196388261851,-0.1738148984198645,-0.0013733957058895,-0.1814559942049982,2201.0,2109.0,1.4193548387096775,-0.0039572760749683,0.000221632299272,0.0002376817995155
2015-12-04,2200.0,2200.0,2160.0,2184.0,214700.0,2184.0,2209.6,2210.4,2173.24,2219.8,2410.085,False,False,False,False,False,False,False,False,False,True,False,-0.0119047619047619,-0.0059523809523809,,,0.00492673992674,-0.0163919413919414,-0.0906593406593406,-0.152014652014652,-0.0015316695197763,-0.1784292435758234,2236.0,2120.0,1.807239057239057,-0.0046382359978651,-0.0006809599228967,-0.0001582738138868
2015-12-07,2201.0,2213.0,2186.0,2204.0,121200.0,2204.0,2209.0,2211.7,2168.6,2216.48,2409.655,False,False,False,False,False,False,False,False,False,False,False,-0.044010889292196,-0.0217785843920145,,,0.0160617059891107,-0.0056624319419237,-0.1048094373865698,-0.175589836660617,-0.0014978704973652,-0.1791834335578965,2240.0,2115.0,0.5645086166744294,-0.0021396292538964,0.0024986067439686,3.379902241112693e-05
2015-12-08,2199.0,2206.0,2179.0,2191.0,100400.0,2191.0,2204.2,2211.2,2165.32,2212.96,2409.16,False,False,False,False,False,False,False,False,False,False,False,-0.0419899589228662,-0.0287539936102236,,,0.0117206754906434,-0.0100228206298494,-0.0963030579643998,-0.1729803742583295,-0.0015906297447762,-0.1789526049204051,2240.0,2098.0,0.8283828382838284,-0.0015147876526332,0.0006248416012632,-9.275924741095367e-05
2015-12-09,2161.0,2171.0,2119.0,2119.0,177900.0,2119.0,2182.6,2202.1,2164.08,2208.56,2408.48,False,False,False,False,False,True,False,False,False,False,False,0.0075507314771118,-0.0099103350637092,,,-0.0212741859367625,-0.0422652194431335,-0.0755073147711184,-0.1741387446908919,-0.0019922483428116,-0.1761954497979201,2284.0,2045.0,1.7719123505976095,-0.0005729917563122,0.0009417958963209,-0.0004016185980354
2015-12-10,2141.0,2153.0,2128.0,2135.0,173200.0,2135.0,2166.6,2194.0,2164.12,2204.866666666667,2407.705,False,False,False,False,False,False,True,False,False,False,False,0.0163934426229508,-0.0346604215456674,,,-0.013639344262295,-0.0327244340359095,-0.1128805620608899,-0.1934426229508196,-0.0016750823934931,-0.174567000911577,2308.0,2121.0,0.9735806632939854,1.848326340496997e-05,0.0005914750197172,0.0003171659493185
2015-12-11,2164.0,2168.0,2148.0,2158.0,170900.0,2158.0,2161.4,2185.5,2166.56,2201.866666666667,2406.96,False,False,False,False,False,False,True,False,True,False,False,0.0060240963855421,-0.0129749768303985,,,-0.0039666357738646,-0.0203274637009577,-0.1645041705282669,-0.2131603336422613,-0.0013624803197287,-0.1756119881034088,2263.0,2137.0,0.9867205542725174,0.0011262092903035,0.0011077260268985,0.0003126020737643
2015-12-14,2157.0,2165.0,2095.0,2107.0,304700.0,2107.0,2142.0,2175.5,2166.56,2198.9466666666667,2405.615,False,False,False,False,False,False,False,False,False,True,False,0.0232558139534883,0.0156620787850023,,,-0.0282676791646891,-0.0436386647682328,-0.0811580446131941,-0.2187944945420028,-0.0013279085137732,-0.1807860262008733,2343.0,2136.0,1.7829139847864248,0.0,-0.0011262092903035,3.457180595542084e-05
2015-12-15,2106.0,2135.0,2099.0,2099.0,172800.0,2099.0,2123.6,2163.9,2165.16,2197.613333333333,2404.255,False,False,False,False,False,False,False,False,False,True,False,0.0138161029061457,0.0223916150547879,,,-0.0315197713196759,-0.0469811021121166,-0.0505002382086708,-0.2181991424487851,-0.0006067188040361,-0.1856832570821203,2309.0,2111.0,0.5671151952740401,-0.0006466034842691,-0.0006466034842691,0.0007211897097371
2015-12-16,2130.0,2135.0,2108.0,2135.0,155200.0,2135.0,2126.8,2154.7,2166.24,2197.9466666666667,2403.2,False,False,False,False,False,False,True,True,False,False,False,-0.0173302107728337,-0.0234192037470726,,,-0.0146323185011708,-0.0294832162373146,-0.097423887587822,-0.2285714285714285,0.0001516566977666,-0.1917668352902955,2312.0,2134.0,0.8981481481481481,0.0004985597163748,0.0011451632006439,0.0007583755018028
2015-12-17,2140.0,2197.0,2140.0,2170.0,252300.0,2170.0,2133.8,2150.2,2167.84,2198.2,2402.205,False,False,False,True,True,False,True,True,False,False,False,-0.0502304147465437,-0.0377880184331797,,,0.000995391705069,-0.012995391705069,-0.0677419354838709,-0.2304147465437788,0.0001152458071754,-0.1975165100920844,2312.0,2141.0,1.6256443298969072,0.0007380618495831,0.0002395021332082,-3.6410890591212944e-05
2015-12-18,2185.0,2213.0,2158.0,2171.0,140000.0,2171.0,2136.4,2148.9,2170.48,2198.28,2401.235,False,False,False,False,False,False,True,True,False,False,False,-0.018885306310456,-0.0515891294334408,,,0.0002395209580838,-0.0125656379548596,-0.0939659143251957,-0.2298479963150621,3.63920883601643e-05,-0.2054074177486156,2398.0,2174.0,0.5548949663099485,0.0012163208138291,0.0004782589642459,-7.885371881529877e-05
2015-12-21,2144.0,2164.0,2125.0,2156.0,101200.0,2156.0,2146.2,2144.1,2172.32,2197.0533333333333,2400.14,False,False,False,False,False,False,True,False,False,True,False,-0.0074211502782931,-0.0551948051948051,,,-0.007569573283859,-0.0190414347557204,-0.0820964749536178,-0.2198515769944341,-0.0005583235727854,-0.2099249102187397,2442.0,2180.0,0.7228571428571429,0.0008470206967666,-0.0003693001170624,-0.0005947156611456
2015-12-22,2141.0,2156.0,2125.0,2128.0,84300.0,2128.0,2152.0,2137.8,2173.04,2195.92,2398.935,False,False,False,False,False,False,True,False,False,True,False,0.0084586466165413,-0.0460526315789473,,,-0.0211654135338345,-0.0319172932330827,-0.0676691729323308,-0.2015977443609022,-0.0005161086621248,-0.2128824024698288,2439.0,2161.0,0.8330039525691699,0.0003313330633581,-0.0005156876334085,4.221491066062498e-05
2015-12-24,2128.0,2141.0,2093.0,2098.0,76600.0,2098.0,2144.6,2135.7,2171.68,2195.2533333333336,2397.59,False,False,False,False,False,False,False,False,False,True,False,-0.0061963775023832,-0.0681601525262154,,,-0.0351191611058149,-0.0463552589768034,-0.0633937082936129,-0.1639656816015252,-0.0003036855275624,-0.2119211499742473,2456.0,2193.0,0.9086595492289442,-0.0006262432770942,-0.0009575763404524,0.0002124231345624
2015-12-25,2110.0,2113.0,2053.0,2061.0,86800.0,2061.0,2122.8,2128.3,2168.16,2194.613333333333,2396.065,False,False,False,False,False,False,False,False,False,True,False,0.0131004366812227,-0.0232896652110625,,,-0.0519941775836971,-0.0648293708555714,-0.0853954391072295,-0.1625424551188743,-0.0002916231257142,-0.2089930930789832,2431.0,2180.0,1.133159268929504,-0.0016234964209283,-0.000997253143834,1.2062401848203822e-05
2015-12-28,2075.0,2140.0,2066.0,2130.0,119000.0,2130.0,2114.6,2125.5,2166.64,2194.7466666666664,2394.845,False,False,False,False,False,False,False,True,False,False,False,-0.0333333333333333,-0.0676056338028169,,,-0.0172018779342722,-0.0303974960876368,-0.1230046948356807,-0.1976525821596244,6.075112693355656e-05,-0.2074335450482239,2436.0,2156.0,1.3709677419354838,-0.0007015470959642,0.000921949324964,0.0003523742526477
2015-12-29,2121.0,2143.0,2094.0,2140.0,59500.0,2140.0,2111.4,2128.8,2164.6,2195.08,2393.695,False,False,False,False,False,False,False,True,False,True,False,-0.0481308411214953,-0.0780373831775701,,,-0.0114953271028036,-0.0257383177570093,-0.1341121495327102,-0.1836448598130841,0.0001518547539649,-0.2039177001127396,2320.0,2133.0,0.5,-0.0009424374018294,-0.0002408903058651,9.110362703144011e-05
2015-12-30,2131.0,2151.0,2125.0,2146.0,49200.0,2146.0,2115.0,2133.5,2162.6,2195.72,2392.545,False,False,False,False,False,False,False,True,False,False,False,-0.054054054054054,-0.0773532152842497,,,-0.0077353215284249,-0.0231686859273065,-0.1365330848089468,-0.1896551724137931,0.0002914761444992,-0.2010780407780642,2273.0,2152.0,0.826890756302521,-0.0009248127254231,1.762467640631859e-05,0.0001396213905342
2016-01-04,2132.0,2133.0,2080.0,2085.0,69300.0,2085.0,2112.4,2128.5,2157.6,2196.2533333333336,2391.14,False,False,False,False,False,False,False,True,False,True,False,-0.0623501199040767,-0.0604316546762589,,,-0.034820143884892,-0.0533589128697043,-0.1434052757793765,-0.1592326139088729,0.0002428378025609,-0.1942212825933756,2150.0,2196.0,1.4085365853658536,-0.0023173896922506,-0.0013925769668275,-4.863834193832284e-05
2016-01-05,2080.0,2105.0,2075.0,2088.0,127400.0,2088.0,2117.8,2120.3,2152.48,2195.813333333333,2389.745,False,False,False,False,False,False,False,False,False,True,False,-0.035919540229885,-0.092911877394636,,,-0.0308812260536398,-0.0516347381864621,-0.1647509578544061,-0.1499042145593869,-0.0002003813317467,-0.1861529028911004,2134.0,2201.0,1.8383838383838385,-0.0023786516018731,-6.12619096224884e-05,-0.0004432191343076
2016-01-06,2092.0,2107.0,2046.0,2059.0,133300.0,2059.0,2103.6,2109.1,2145.12,2194.773333333333,2388.2,False,False,False,False,False,False,False,False,False,True,False,-0.0354541039339485,-0.1243322000971345,,,-0.0418261291889266,-0.0659413954994332,-0.2073822243807673,-0.1369596891694997,-0.0004738530326593,-0.1768526859798018,2097.0,2236.0,1.0463108320251178,-0.0034310434847468,-0.0010523918828736,-0.0002734717009126
2016-01-07,2048.0,2077.0,2030.0,2037.0,111100.0,2037.0,2083.0,2097.2,2138.32,2193.4533333333334,2386.4,False,False,False,False,False,False,False,False,False,False,False,-0.0314187530682376,-0.0495827196858124,,,-0.0497398134511537,-0.0768057601047292,-0.1438389788905252,-0.1428571428571428,-0.0006017907834828,-0.1691302689300018,2107.0,2240.0,0.8334583645911477,-0.0031800665943356,0.0002509768904112,-0.0001279377508234
2016-01-08,2030.0,2055.0,2010.0,2030.0,109600.0,2030.0,2059.8,2087.4,2130.92,2192.373333333333,2384.51,False,False,False,False,False,False,False,False,False,True,False,-0.0246305418719211,-0.0182266009852216,,,-0.0497142857142857,-0.0799868637110014,-0.1428571428571428,-0.1320197044334975,-0.0004926168292506,-0.1622113634186069,2134.0,2240.0,0.9864986498649864,-0.0034726784675164,-0.0002926118731808,0.0001091739542321
2016-01-12,2000.0,2013.0,1950.0,1955.0,124500.0,1955.0,2033.8,2073.1,2120.04,2189.9866666666667,2382.305,False,False,False,False,False,False,False,False,False,True,False,0.0020460358056265,-0.0143222506393861,,,-0.0844194373401534,-0.1201977834612105,-0.1130434782608695,-0.128388746803069,-0.0010898087659588,-0.158844242921229,2108.0,2284.0,1.135948905109489,-0.0051319786419124,-0.001659300174396,-0.0005971919367081
2016-01-13,1991.0,2022.0,1986.0,2013.0,97500.0,2013.0,2018.8,2068.3,2111.96,2188.28,2380.42,False,False,False,False,False,False,False,False,False,False,False,-0.0591157476403378,0.0049677098857426,,,-0.0491604570293095,-0.0870740188772976,-0.1266766020864381,-0.1207153502235469,-0.0007799123817182,-0.1547647826717594,2130.0,2308.0,0.7831325301204819,-0.0038258300346597,0.0013061486072527,0.0003098963842405
2016-01-14,1981.0,2000.0,1954.0,1986.0,146400.0,1986.0,2004.2,2053.9,2104.04,2185.773333333333,2378.43,False,False,False,False,False,False,False,False,False,False,False,-0.0921450151057401,-0.0095669687814702,,,-0.0594360523665659,-0.100590802282645,-0.1253776435045317,-0.0830815709969788,-0.001146809977247,-0.1433857539315448,2105.0,2263.0,1.5015384615384617,-0.0037641869926427,6.164304201695253e-05,-0.0003668975955287
2016-01-15,2018.0,2030.0,1958.0,1973.0,143800.0,1973.0,1991.4,2037.2,2094.8,2183.0133333333333,2376.07,False,False,False,False,False,False,False,False,False,True,False,-0.0187531677648251,0.0030410542321338,,,-0.0617334009123163,-0.1064436560229768,-0.1201216421692853,-0.0881905727318803,-0.0012643074404797,-0.1338111132927548,2110.0,2343.0,0.98224043715847,-0.0044109222837501,-0.0006467352911073,-0.0001174974632327
2016-01-18,1950.0,1993.0,1930.0,1980.0,133100.0,1980.0,1981.4,2020.6,2086.36,2180.6,2373.605,False,False,False,False,False,False,False,False,False,False,False,0.0065656565656565,0.002020202020202,,,-0.0537171717171717,-0.1013131313131312,-0.1186868686868686,-0.0656565656565656,-0.0011067290348222,-0.1212016232802137,2110.0,2309.0,0.9255910987482616,-0.0040453229548112,0.0003655993289388,0.0001575784056574
2016-01-19,1980.0,1994.0,1950.0,1959.0,124300.0,1959.0,1982.2,2008.0,2079.96,2177.48,2370.83,False,False,False,False,False,False,False,False,False,False,False,-0.0163348647269014,0.003062787136294,,,-0.0617457886676876,-0.1115262889229198,-0.1138335885655947,-0.0740173557937723,-0.0014328489813912,-0.1126494023904382,2132.0,2312.0,0.9338842975206612,-0.0030769822496586,0.0009683407051525,-0.000326119946569
2016-01-20,1959.0,1966.0,1889.0,1894.0,120400.0,1894.0,1958.4,1988.6,2070.32,2173.6666666666665,2367.765,False,False,False,False,False,False,False,False,False,True,False,0.0681098204857444,-0.0047518479408658,,,-0.0930939809926083,-0.147659274903203,-0.0633579725448785,-0.0359028511087645,-0.0017543321576446,-0.1014281404002815,2149.0,2312.0,0.9686242960579244,-0.004656285018741,-0.0015793027690823,-0.0003214831762533
2016-01-21,1860.0,1892.0,1798.0,1803.0,296900.0,1803.0,1921.8,1963.0,2056.12,2168.96,2364.48,False,False,False,False,False,False,False,False,False,True,False,0.0909595119245701,0.036051026067665,,,-0.1403882418191901,-0.2029728230726567,-0.0122018857459789,0.023849140321686,-0.0021700108193173,-0.0861946001018849,2168.0,2398.0,2.465946843853821,-0.0069062116997063,-0.0022499266809653,-0.0004156786616727
2016-01-22,1877.0,1938.0,1864.0,1936.0,131400.0,1936.0,1914.4,1952.9,2049.28,2166.333333333333,2362.39,False,False,False,False,False,False,False,False,False,False,False,0.0222107438016528,-0.0428719008264462,,,-0.0585123966942149,-0.1189738292011017,-0.0826446280991735,-0.0578512396694214,-0.0012124942298816,-0.0774745250652876,2191.0,2442.0,0.4425732569888851,-0.0033377576514676,0.0035684540482386,0.0009575165894356
2016-01-25,1970.0,1999.0,1942.0,1993.0,147100.0,1993.0,1917.0,1949.2,2045.04,2164.213333333333,2360.45,False,False,False,False,False,False,False,False,False,False,False,-0.0045158053186151,-0.0702458605117912,,,-0.0261113898645258,-0.0859073423649438,-0.1154039136979428,-0.0737581535373808,-0.000979570713916,-0.0714139134003694,2196.0,2439.0,1.1194824961948249,-0.0020733090795291,0.0012644485719385,0.0002329235159656
2016-01-26,1961.0,1975.0,1921.0,1927.0,111200.0,1927.0,1910.6,1946.4,2036.72,2160.6266666666666,2357.995,False,False,False,False,False,False,False,False,False,True,False,0.0197197716658017,-0.073170731707317,,,-0.0569382459782044,-0.1212385400449748,-0.0617540217955371,-0.0394395433316035,-0.0016600122186772,-0.0625256884504726,2210.0,2456.0,0.7559483344663495,-0.0040849994108173,-0.0020116903312882,-0.0006804415047612
2016-01-27,1951.0,2029.0,1946.0,2023.0,129400.0,2023.0,1936.4,1947.4,2030.84,2158.2533333333336,2356.37,False,False,False,False,False,False,False,False,False,False,False,-0.0682155215027187,-0.1379139891250617,,,-0.0038754325259515,-0.0668578019443072,-0.1156697973306969,-0.0919426594167078,-0.0010996546590142,-0.0595666016226763,2216.0,2431.0,1.1636690647482015,-0.0028953536467669,0.0011896457640504,0.000560357559663
2016-01-28,1991.0,2018.0,1902.0,1967.0,141600.0,1967.0,1969.2,1945.5,2022.68,2154.6666666666665,2354.005,False,False,False,False,False,False,False,False,False,True,False,-0.0503304524656837,-0.170310116929334,,,-0.0283070665988815,-0.0954075580410099,-0.0681240467717336,-0.0518556176919166,-0.0016646039603962,-0.0563865330249293,2243.0,2436.0,1.0942812982998456,-0.0040342515870033,-0.0011388979402364,-0.0005649493013819
2016-01-29,1960.0,1998.0,1920.0,1979.0,131700.0,1979.0,1977.8,1946.1,2015.6,2151.1866666666665,2351.83,False,False,False,False,False,False,False,False,False,False,False,-0.0636685194542698,-0.1187468418393127,,,-0.0184941889843354,-0.0870069058447026,-0.07933299646286,-0.0439615967660434,-0.0016177117745864,-0.051898669133138,2207.0,2320.0,0.9300847457627118,-0.0035126017066879,0.0005216498803153,4.689218580977575e-05
2016-02-01,1979.0,1999.0,1965.0,1984.0,160200.0,1984.0,1976.0,1946.5,2009.84,2147.773333333333,2349.765,False,False,False,False,False,False,False,False,False,False,False,-0.0660282258064516,-0.1229838709677419,,,-0.013024193548387,-0.0825470430107525,-0.0897177419354838,-0.0493951612903225,-0.0015892428127114,-0.0502440277421011,2215.0,2273.0,1.216400911161731,-0.0028658997731162,0.0006467019335716,2.846896187494213e-05
2016-02-02,1968.0,2009.0,1931.0,1965.0,191000.0,1965.0,1983.6,1947.1,2004.52,2143.52,2347.575,False,False,False,False,False,False,False,False,False,False,False,-0.0910941475826972,-0.1175572519083969,,,-0.0201119592875317,-0.0908498727735368,-0.1150127226463104,-0.0366412213740458,-0.001984275086462,-0.0464793795901597,2227.0,2150.0,1.1922596754057428,-0.0026540019555803,0.0002118978175359,-0.0003950322737505
2016-02-03,1907.0,1909.0,1874.0,1885.0,115300.0,1885.0,1956.0,1946.2,1997.48,2137.88,2344.895,False,False,False,False,False,False,False,False,False,True,False,-0.0748010610079575,-0.0673740053050397,,,-0.0596710875331565,-0.1341538461538462,-0.063129973474801,0.003183023872679,-0.0026381274907852,-0.0426985921282499,2215.0,2134.0,0.6036649214659686,-0.0035244407954021,-0.0008704388398218,-0.0006538524043231
2016-02-04,1874.0,1891.0,1857.0,1868.0,160800.0,1868.0,1936.2,1952.7,1987.0,2132.613333333333,2342.0,False,False,False,False,False,False,False,False,False,True,True,-0.1263383297644539,-0.0701284796573875,,,-0.0637044967880085,-0.1416559600285507,-0.0513918629550321,0.0101713062098501,-0.0024695834844263,-0.0437855277308342,2184.0,2097.0,1.3946227233304422,-0.0052742828384499,-0.0017498420430477,0.0001685440063588
2016-02-05,1850.0,1861.0,1822.0,1853.0,144300.0,1853.0,1911.0,1944.4,1975.52,2126.08,2338.985,False,False,False,False,False,False,False,False,False,True,False,-0.0588235294117647,-0.0631408526713437,,,-0.0661198057204533,-0.1473718294657312,-0.0161899622234214,0.0323799244468429,-0.0030729480232789,-0.0351265171775355,2204.0,2107.0,0.8973880597014925,-0.0058111282092816,-0.0005368453708316,-0.0006033645388526
2016-02-08,1821.0,1867.0,1817.0,1853.0,98900.0,1853.0,1884.8,1930.4,1963.8,2120.0,2335.93,False,False,False,False,False,False,False,False,False,True,False,-0.0609821910415542,-0.0582838640043173,,,-0.0597949271451699,-0.1440906637884511,-0.02266594711279,0.0572045331894225,-0.0028679245283018,-0.0222751761292996,2191.0,2134.0,0.6853776853776854,-0.0059680211834199,-0.0001568929741382,0.000205023494977
2016-02-09,1804.0,1808.0,1768.0,1786.0,154200.0,1786.0,1849.0,1916.3,1951.84,2112.9866666666667,2332.425,False,False,False,False,False,False,False,False,False,True,False,-0.0291153415453527,-0.0279955207166853,,,-0.0928555431131018,-0.1830832400149309,-0.0123180291153415,0.0923852183650615,-0.0033191564546865,-0.0098627563533892,2119.0,2108.0,1.5591506572295248,-0.0061275514386425,-0.0001595302552226,-0.0004512319263847
2016-02-10,1800.0,1811.0,1712.0,1744.0,203100.0,1744.0,1820.8,1888.4,1938.08,2105.4133333333334,2328.765,False,False,False,False,False,False,False,False,False,True,False,0.0080275229357798,0.0172018348623853,,,-0.1112844036697247,-0.2072324159021407,0.0051605504587155,0.1129587155963302,-0.003597076741859,0.0102732471933911,2135.0,2130.0,1.3171206225680934,-0.0070998101213572,-0.0009722586827146,-0.0002779202871724
2016-02-12,1690.0,1708.0,1628.0,1632.0,205700.0,1632.0,1773.6,1854.9,1921.0,2095.2,2324.15,False,False,False,False,False,False,False,False,False,True,False,0.0643382352941176,0.0912990196078431,,,-0.1770833333333333,-0.2838235294117646,0.0974264705882353,0.2034313725490196,-0.0048746340842562,0.0338562725753409,2158.0,2105.0,1.012801575578533,-0.0088912024986985,-0.0017913923773413,-0.0012775573423971
2016-02-15,1690.0,1760.0,1690.0,1744.0,200500.0,1744.0,1751.8,1831.4,1909.28,2085.893333333333,2320.405,False,False,False,False,False,False,False,False,False,False,False,-0.0045871559633027,0.018348623853211,,,-0.0947706422018348,-0.1960397553516817,0.0556192660550458,0.125,-0.0044617174416078,0.0509446325215681,2107.0,2110.0,0.9747204666990764,-0.0061384396212184,0.00275276287748,0.0004129166426483
2016-02-16,1744.0,1783.0,1725.0,1740.0,204000.0,1740.0,1729.2,1807.0,1897.68,2076.5733333333333,2316.62,False,False,False,False,False,False,False,False,False,False,False,0.0028735632183908,0.0132183908045977,,,-0.0906206896551724,-0.1934329501915708,0.0586206896551724,0.135632183908046,-0.004488163191925,0.0701162147205313,2099.0,2110.0,1.0174563591022443,-0.0061127271194299,2.571250178849161e-05,-2.644575031718159e-05
2016-02-17,1743.0,1780.0,1708.0,1734.0,190700.0,1734.0,1718.8,1783.9,1888.84,2066.9466666666667,2312.805,False,False,False,False,False,False,False,False,False,False,False,0.0011534025374855,0.0426758938869665,,,-0.0892964244521337,-0.1920107650903499,0.0686274509803921,0.1464821222606689,-0.0046574335090084,0.0892987275071472,2135.0,2132.0,0.9348039215686276,-0.004680121132547,0.0014326059868829,-0.0001692703170833
2016-02-18,1774.0,1791.0,1740.0,1758.0,229400.0,1758.0,1721.6,1771.2,1878.64,2057.9733333333334,2308.97,False,False,False,False,False,False,False,False,False,True,False,0.0091012514220705,0.0176336746302616,,,-0.0686234357224118,-0.1706332954114524,0.0409556313993174,0.1217292377701934,-0.0043602767771529,0.1016824751580848,2170.0,2149.0,1.2029365495542736,-0.0054294596090788,-0.0007493384765317,0.0002971567318554
2016-02-19,1744.0,1750.0,1717.0,1737.0,86600.0,1737.0,1742.6,1758.1,1868.68,2048.653333333333,2305.15,False,False,False,False,False,False,False,False,False,False,False,0.0253310305123776,0.0552677029360967,,,-0.0758088658606793,-0.1794204567261561,0.0662061024755325,0.1191709844559585,-0.0045493299663519,0.1131334963881463,2171.0,2168.0,0.3775065387968613,-0.0053299655371706,9.949407190816896e-05,-0.000189053189199
2016-02-22,1730.0,1761.0,1725.0,1736.0,181200.0,1736.0,1741.0,1746.4,1859.2,2040.8666666666663,2301.28,False,False,False,False,False,False,False,False,False,False,False,0.0230414746543778,0.0495391705069124,,,-0.0709677419354839,-0.1756144393241165,0.0466589861751152,0.0938940092165898,-0.0038153725541437,0.1197892808062298,2156.0,2191.0,2.092378752886836,-0.0050989672977624,0.0002309982394081,0.0007339574122081
2016-02-23,1737.0,1767.0,1711.0,1745.0,193200.0,1745.0,1742.0,1735.6,1849.8,2033.8266666666664,2297.235,False,False,False,False,False,False,False,False,False,False,False,0.0103151862464183,0.0349570200573065,,,-0.0600573065902578,-0.1655167144221583,0.0383954154727793,0.0521489971346704,-0.0034614552534794,0.119670430974879,2128.0,2196.0,1.0662251655629138,-0.0050816304465348,1.7336851227678363e-05,0.0003539173006642
2016-02-24,1720.0,1750.0,1696.0,1736.0,160000.0,1736.0,1742.4,1730.6,1840.88,2028.3066666666664,2292.795,False,False,False,False,False,False,False,False,False,False,False,0.0414746543778801,0.0017281105990783,,,-0.0604147465437788,-0.1683794162826419,0.0080645161290322,0.0835253456221198,-0.0027214819586781,0.118860510805501,2098.0,2210.0,0.8281573498964804,-0.0048455086697665,0.0002361217767682,0.0007399732948012
2016-02-25,1739.0,1795.0,1734.0,1774.0,201600.0,1774.0,1745.6,1733.6,1836.08,2023.506666666667,2288.755,False,False,False,False,False,False,False,False,False,False,False,0.008455467869222,-0.0045095828635851,,,-0.0349943630214204,-0.1406463735437806,-0.0293122886133032,0.02423900789177,-0.0023721196866163,0.109771573604061,2061.0,2216.0,1.26,-0.0026142651736308,0.0022312434961356,0.0003493622720617
2016-02-26,1799.0,1819.0,1774.0,1781.0,119600.0,1781.0,1754.4,1748.5,1835.2,2019.2933333333333,2284.95,False,False,False,False,False,False,False,False,False,False,False,0.0291970802919708,-0.0050533408197641,,,-0.0304323413812465,-0.1337974920456672,-0.0466030320044918,0.0398652442448062,-0.0020865385250286,0.0939090649127824,2130.0,2243.0,0.5932539682539683,-0.0004795117698342,0.0021347534037965,0.0002855811615876
2016-02-29,1800.0,1820.0,1776.0,1776.0,99000.0,1776.0,1762.4,1751.7,1828.8,2014.88,2281.57,False,False,False,False,False,False,False,False,False,True,False,0.0259009009009009,0.0264639639639639,,,-0.0297297297297297,-0.1345045045045045,-0.0731981981981982,0.0861486486486486,-0.0021903703115486,0.090026831078381,2140.0,2207.0,0.8277591973244147,-0.0034995625546807,-0.0030200507848464,-0.0001038317865199
2016-03-01,1770.0,1779.0,1735.0,1763.0,96100.0,1763.0,1766.0,1754.0,1819.6,2009.9333333333327,2278.2,False,False,False,False,False,False,False,False,False,True,False,0.024390243902439,0.0272263187748156,,,-0.0321043675553034,-0.1400642843637737,-0.0692002268859897,0.0754395916052183,-0.0024611098212214,0.084036488027366,2146.0,2215.0,0.9707070707070709,-0.0050560562761046,-0.0015564937214239,-0.0002707395096727
2016-03-02,1801.0,1815.0,1788.0,1808.0,103600.0,1808.0,1780.4,1761.4,1814.84,2005.9333333333327,2274.62,False,False,False,False,False,False,False,False,False,False,False,-0.0381637168141592,-0.0243362831858407,,,-0.0037831858407079,-0.1094764011799409,-0.0890486725663716,0.0298672566371681,-0.0019940842168234,0.0723288293402974,2085.0,2227.0,1.0780437044745057,-0.0026228207445284,0.0024332355315762,0.0004670256043979
2016-03-03,1782.0,1801.0,1776.0,1789.0,97800.0,1789.0,1783.4,1764.5,1805.48,2001.3866666666668,2270.935,False,False,False,False,False,False,False,False,False,True,False,-0.0128563443264393,-0.0201229737283398,,,-0.00921185019564,-0.1187180920439724,-0.0665176076020123,0.0441587479038569,-0.0022717582476148,0.0645508642674979,2088.0,2215.0,0.944015444015444,-0.0051842169395395,-0.0025613961950111,-0.0002776740307914
2016-03-04,1785.0,1838.0,1770.0,1833.0,116100.0,1833.0,1793.8,1774.1,1800.12,1997.76,2267.39,False,False,False,False,True,False,False,False,False,False,False,-0.033278777959629,-0.0229132569558101,,,0.0179378068739771,-0.0898854337152209,-0.0878341516639389,-0.0420076377523186,-0.0018153665438625,0.0481934502001014,2059.0,2184.0,1.187116564417178,-0.002977579272493,0.0022066376670465,0.0004563917037523
2016-03-07,1840.0,1847.0,1817.0,1822.0,93300.0,1822.0,1803.0,1782.7,1793.84,1993.92,2263.875,False,False,False,False,False,False,False,False,False,True,False,0.0005488474204171,0.0104281009879253,,,0.0154555433589462,-0.094357848518112,-0.0768386388583973,-0.0126234906695938,-0.0019258545979778,0.0375273461603185,2037.0,2204.0,0.8036175710594315,-0.0035008696427774,-0.0005232903702844,-0.0001104880541152
2016-03-08,1819.0,1824.0,1781.0,1806.0,106700.0,1806.0,1811.6,1788.8,1786.72,1989.8666666666663,2260.165,False,False,False,False,False,False,False,False,False,True,False,0.0027685492801771,0.0199335548172757,,,0.0106755260243632,-0.1018087855297155,-0.0592469545957918,-0.0016611295681063,-0.0020369874028412,0.0321444543828264,2030.0,2191.0,1.1436227224008575,-0.0039849556729649,-0.0004840860301874,-0.0001111328048634
2016-03-09,1800.0,1800.0,1735.0,1739.0,198700.0,1739.0,1797.8,1789.1,1777.68,1984.6266666666668,2256.105,False,False,False,False,False,True,False,False,False,True,False,0.0143760782058654,0.0655549166187464,,,-0.022242668200115,-0.1412459267778417,0.0086256469235192,0.0477285796434732,-0.0026402950680898,0.0286736347884412,1955.0,2119.0,1.8622305529522023,-0.0050852796903829,-0.001100324017418,-0.0006033076652485
2016-03-10,1756.0,1777.0,1727.0,1766.0,241000.0,1766.0,1793.2,1788.3,1772.92,1979.52,2252.225,False,False,False,False,False,False,False,False,False,False,False,-0.007361268403171,0.0362400906002265,,,-0.0039184597961495,-0.1209060022650056,-0.0226500566251415,0.0249150622876557,-0.0025797499730575,0.0287423810322653,2013.0,2135.0,1.2128837443381983,-0.0026848363152313,0.0024004433751515,6.054509503232008e-05
2016-03-11,1752.0,1799.0,1750.0,1772.0,352900.0,1772.0,1781.0,1787.4,1769.08,1974.24,2248.33,False,False,False,False,False,False,False,False,False,False,False,0.0107223476297968,0.0451467268623024,,,0.001647855530474,-0.1141309255079006,-0.0355530474040632,0.0310383747178329,-0.0026744468757597,0.0278616985565625,1986.0,2158.0,1.4643153526970951,-0.0021706197571619,0.0005142165580693,-9.469690270226452e-05
2016-03-14,1800.0,1836.0,1786.0,1823.0,150600.0,1823.0,1781.2,1792.1,1767.88,1969.3333333333333,2244.445,False,False,False,False,False,False,False,False,False,False,True,0.0098738343390016,-0.0032912781130005,,,0.0302358749314316,-0.0802706162004022,-0.0416895227646736,-0.002194185408667,-0.0024915368991198,0.0190279560292395,1973.0,2107.0,0.4267497874752054,-0.0006787791026539,0.001491840654508,0.0001829099766398
2016-03-15,1818.0,1833.0,1795.0,1811.0,130900.0,1811.0,1782.2,1796.9,1766.2,1964.2,2240.525,False,False,False,False,False,False,False,False,False,True,False,0.0171176145775814,0.0005521811154058,,,0.0247377139701821,-0.0845941468801767,-0.0397570403092214,0.0541137493097736,-0.0026134473746732,0.0170293282876063,1980.0,2099.0,0.8691899070385126,-0.0009511946551919,-0.000272415552538,-0.0001219104755533
2016-03-16,1804.0,1816.0,1763.0,1764.0,167300.0,1764.0,1787.2,1792.5,1765.32,1958.253333333333,2236.285,False,False,False,False,False,True,False,False,False,False,False,0.050453514739229,-0.0079365079365079,,,-0.0007482993197278,-0.1101209372637942,-0.006235827664399,0.0578231292517006,-0.0030367197979152,0.0197489539748954,1959.0,2135.0,1.2780748663101604,-0.0004984931910362,0.0004527014641557,-0.000423272423242
2016-03-17,1785.0,1801.0,1737.0,1753.0,253600.0,1753.0,1784.6,1788.9,1765.68,1952.08,2231.93,False,False,False,False,False,False,True,False,False,False,False,0.0439247005134055,-0.0176839703365658,,,-0.0072333143183115,-0.113565316600114,0.0125499144324015,0.0547632629777524,-0.0031624386978674,0.0207390016211078,1894.0,2170.0,1.515839808726838,0.0002038874541253,0.0007023806451616,-0.0001257188999522
2016-03-18,1762.0,1794.0,1756.0,1791.0,184400.0,1791.0,1788.4,1784.7,1772.04,1946.0533333333333,2227.69,False,False,False,False,False,False,True,False,True,False,False,0.0340591848129536,-0.0519262981574539,,,0.0105862646566164,-0.086573608784664,-0.0078168620882188,0.0206588498045784,-0.0030968661359058,0.0271754356474477,1803.0,2171.0,0.7271293375394322,0.0035890837678607,0.0033851963137353,6.557256196167193e-05
2016-03-22,1791.0,1842.0,1791.0,1841.0,147900.0,1841.0,1792.0,1786.6,1775.92,1941.1733333333327,2223.74,False,False,False,False,False,False,True,False,False,True,False,-0.0130363932645301,-0.1059206952743074,,,0.0353503530689842,-0.0544124569980082,-0.0516023900054318,0.0380228136882129,-0.0025139434568783,0.0323519534310982,1936.0,2156.0,0.8020607375271149,0.0021847830983378,-0.0014043006695228,0.0005829226790274
2016-03-23,1858.0,1869.0,1828.0,1842.0,101300.0,1842.0,1798.2,1790.2,1780.0,1936.2,2219.68,False,False,False,False,False,False,True,False,False,False,False,-0.01628664495114,-0.1091205211726384,,,0.0336590662323561,-0.0511400651465798,-0.0434310532030401,0.0586319218241042,-0.0025686051716419,0.0384873198525303,1993.0,2128.0,0.684922244759973,0.0022921348314606,0.0001073517331228,-5.466171476357267e-05
2016-03-24,1842.0,1868.0,1842.0,1853.0,113200.0,1853.0,1816.0,1801.6,1784.76,1931.213333333333,2215.65,False,False,False,False,False,False,True,False,False,False,False,-0.0555855369670804,-0.1111710739341608,,,0.0368267674042094,-0.0422090304011511,-0.08041014570966,0.0566648677819751,-0.002582141796867,0.039464920071048,1927.0,2098.0,1.117472852912142,0.002667025258298,0.0003748904268373,-1.3536625225090209e-05
2016-03-25,1870.0,1873.0,1821.0,1830.0,131500.0,1830.0,1831.4,1808.0,1787.64,1926.08,2211.47,False,False,False,False,False,False,True,False,False,True,False,-0.0590163934426229,-0.087431693989071,,,0.0231475409836065,-0.0525027322404371,-0.0327868852459016,0.0622950819672131,-0.0026651714016724,0.0431969026548672,2023.0,2061.0,1.161660777385159,0.0016110626300598,-0.0010559626282382,-8.302960480538555e-05
2016-03-28,1867.0,1875.0,1833.0,1852.0,107400.0,1852.0,1843.6,1816.0,1792.24,1921.6533333333327,2207.51,False,False,False,False,False,False,True,False,False,False,False,-0.0831533477321814,-0.0971922246220302,,,0.032267818574514,-0.0376097912167025,-0.0167386609071274,0.0561555075593952,-0.0023035719241764,0.0457048458149779,1967.0,2130.0,0.8167300380228137,0.0025666205418916,0.0009555579118318,0.0003615994774959
2016-03-29,1829.0,1845.0,1802.0,1817.0,131600.0,1817.0,1838.8,1815.4,1795.48,1916.493333333333,2203.55,False,False,False,False,False,False,True,False,False,True,False,-0.0941111722619702,-0.0742982938910291,,,0.0118436984039625,-0.0547569253348008,-0.0099064391854705,0.1117226197028068,-0.0026924174012258,0.0571223972678196,1979.0,2140.0,1.2253258845437616,0.0018045313787956,-0.000762089163096,-0.0003888454770494
2016-03-30,1834.0,1848.0,1806.0,1812.0,111800.0,1812.0,1832.8,1815.5,1798.16,1911.44,2199.325,False,False,False,False,False,False,True,False,False,True,False,-0.0943708609271523,-0.0623620309050772,,,0.0076379690949226,-0.054878587196468,0.020971302428256,0.1208609271523178,-0.0026437310788374,0.0637840815202423,1984.0,2146.0,0.8495440729483282,0.0014904124215865,-0.0003141189572091,4.868632238844194e-05
2016-03-31,1803.0,1807.0,1733.0,1750.0,357500.0,1750.0,1812.2,1814.1,1798.72,1906.52,2194.935,False,False,False,False,False,False,True,False,False,True,False,-0.0588571428571428,0.0022857142857142,,,-0.02784,-0.0894399999999999,0.0365714285714285,0.1794285714285714,-0.0025806180895034,0.0755195413703765,1965.0,2085.0,3.197674418604651,0.0003113325031132,-0.0011790799184732,6.311298933402458e-05
2016-04-01,1774.0,1782.0,1716.0,1722.0,259400.0,1722.0,1790.6,1811.0,1796.64,1901.013333333333,2190.555,False,False,False,False,False,False,False,False,False,True,False,-0.0301974448315911,0.0023228803716608,,,-0.0433449477351916,-0.1039566395663955,0.0603948896631823,0.1829268292682926,-0.0028967007069914,0.0877415792379901,1885.0,2088.0,0.7255944055944056,-0.0011577166265918,-0.0014690491297051,-0.000316082617488
2016-04-04,1720.0,1732.0,1684.0,1698.0,130100.0,1698.0,1759.8,1801.7,1793.32,1894.88,2185.975,False,False,False,False,False,False,False,False,False,True,False,-0.0153121319199057,0.0064782096584216,,,-0.0561366313309775,-0.1159481743227326,0.0871613663133097,0.2014134275618374,-0.0032367924793828,0.1051229394460786,1868.0,2059.0,0.5015420200462606,-0.0018513148796646,-0.0006935982530728,-0.0003400917723913
2016-04-05,1685.0,1690.0,1641.0,1646.0,139600.0,1646.0,1725.6,1782.2,1788.12,1888.733333333333,2181.05,False,False,False,False,False,False,False,False,False,True,False,0.0218712029161603,0.0613608748481166,,,-0.0863426488456864,-0.1474686107735924,0.1081409477521263,0.2217496962332928,-0.0032543856552894,0.1228257210189652,1853.0,2037.0,1.073020753266718,-0.0029080822316175,-0.0010567673519529,-1.7593175906574672e-05
2016-04-06,1646.0,1670.0,1630.0,1641.0,107100.0,1641.0,1691.4,1762.1,1783.24,1882.6266666666668,2175.955,False,False,False,False,False,False,False,False,False,False,False,0.0353443022547227,0.0597196831200487,,,-0.0866788543570993,-0.1472435506804794,0.1249238269347958,0.2516758074344911,-0.0032436949793549,0.1415356676692583,1853.0,2030.0,0.7671919770773639,-0.0027365918216279,0.0001714904099896,1.0690675934516955e-05
2016-04-07,1635.0,1665.0,1635.0,1647.0,110800.0,1647.0,1670.8,1741.5,1776.8,1876.12,2171.04,False,False,False,False,False,False,False,False,False,True,False,0.0649666059502125,0.0643594414086217,,,-0.078809957498482,-0.1391135397692774,0.1238615664845173,0.2446873102610807,-0.0034681505802757,0.1603215618719495,1786.0,1955.0,1.0345471521942111,-0.0036244934714093,-0.0008879016497813,-0.0002244556009208
2016-04-08,1626.0,1689.0,1621.0,1670.0,90700.0,1670.0,1660.4,1725.5,1772.04,1869.4533333333327,2166.365,False,False,False,False,False,False,False,False,False,False,False,0.0335329341317365,0.0628742514970059,,,-0.0611017964071856,-0.1194331337325348,0.1,0.1311377245508982,-0.0035661048862769,0.1678933642422486,1744.0,2013.0,0.8185920577617328,-0.002686169612424,0.0009383238589852,-9.79543060012334e-05
2016-04-11,1670.0,1695.0,1652.0,1672.0,74200.0,1672.0,1655.2,1707.5,1765.6,1862.8,2161.435,False,False,False,False,False,False,False,False,False,True,False,0.0221291866028708,0.0627990430622009,,,-0.055980861244019,-0.1141148325358851,0.1154306220095693,0.0532296650717703,-0.0035716842029918,0.1687847730600293,1632.0,1986.0,0.8180815876515987,-0.0036474852741278,-0.0009613156617037,-5.579316714881232e-06
2016-04-12,1665.0,1691.0,1663.0,1682.0,69500.0,1682.0,1662.4,1694.0,1760.0,1856.48,2156.625,False,False,False,False,False,False,False,False,False,False,False,0.0386444708680142,0.0380499405469678,,,-0.0463733650416171,-0.1037336504161712,0.1248513674197384,0.0315101070154577,-0.0034042919934499,0.1612750885478158,1744.0,1973.0,0.9366576819407008,-0.0031818181818181,0.0004656670923096,0.0001673922095419
2016-04-13,1698.0,1704.0,1686.0,1699.0,66900.0,1699.0,1674.0,1682.7,1755.72,1850.76,2151.63,False,False,False,False,False,False,False,False,False,False,False,0.0235432607416127,0.03708063566804,,,-0.0333843437316068,-0.0893231312536786,0.1100647439670394,0.0176574455562095,-0.0030906222308673,0.1511261662803827,1740.0,1980.0,0.962589928057554,-0.0024377463376848,0.0007440718441333,0.0003136697625826
2016-04-14,1732.0,1756.0,1728.0,1754.0,113200.0,1754.0,1695.4,1683.1,1756.32,1846.1733333333327,2146.81,False,False,False,False,False,False,True,False,False,False,False,-0.000570125427594,-0.0285062713797035,,,-0.0013226909920182,-0.0525503610794373,0.0792474344355758,-0.0039908779931584,-0.0024844182200299,0.1320182995662765,1734.0,1959.0,1.6920777279521677,0.0003416233943699,0.0027793697320548,0.0006062040108373
2016-04-15,1732.0,1753.0,1713.0,1726.0,131700.0,1726.0,1706.6,1683.5,1754.72,1841.7066666666667,2141.74,False,False,False,False,False,False,False,False,False,True,False,0.0283893395133256,0.0254924681344148,,,-0.0166396292004635,-0.0670374662031672,0.0955967555040556,-0.0312862108922363,-0.0024252866906057,0.11006831006831,1758.0,1894.0,1.163427561837456,-0.0009118263882556,-0.0012534497826256,5.913152942427224e-05
2016-04-18,1686.0,1716.0,1663.0,1709.0,102800.0,1709.0,1714.0,1684.6,1752.2,1836.0933333333328,2136.385,False,False,False,False,False,False,False,False,False,True,False,0.0397893504973668,0.0655354008191925,,,-0.0252779403159742,-0.0743670762629214,0.1041544763019309,-0.0356933879461673,-0.0030572156825727,0.0860738454232458,1737.0,1803.0,0.7805618830675778,-0.001438191987216,-0.0005263655989604,-0.000631928991967
2016-04-19,1725.0,1747.0,1722.0,1747.0,115500.0,1747.0,1727.0,1694.7,1749.16,1830.8533333333328,2131.35,False,False,False,False,False,False,False,False,False,True,True,-0.0005724098454493,0.0297653119633657,,,-0.0012364052661706,-0.0479984735737451,0.0950200343445907,-0.0749856897538637,-0.0028620533958664,0.0562931492299521,1736.0,1936.0,1.1235408560311284,-0.0017379770861441,-0.0002997850989281,0.0001951622867063
2016-04-20,1749.0,1756.0,1735.0,1739.0,145500.0,1739.0,1735.0,1704.5,1746.28,1825.4266666666667,2126.315,False,False,False,False,False,False,False,False,False,False,False,0.0132259919493962,0.0638297872340425,,,-0.004186313973548,-0.0496990607628905,0.1265094882116158,-0.0632547441058079,-0.0029728209660569,0.0252860076268699,1745.0,1993.0,1.2597402597402598,-0.0016492200563484,8.875702979577096e-05,-0.0001107675701904
2016-04-21,1742.0,1764.0,1726.0,1753.0,96400.0,1753.0,1734.8,1715.1,1745.84,1821.0,2121.76,False,False,False,False,True,False,False,False,False,False,False,-0.0279520821448944,0.0347974900171135,,,0.0040844266970907,-0.0387906446092413,0.1129492298916143,-0.0752994865944095,-0.0024308987735676,-0.0060637863681417,1736.0,1927.0,0.6625429553264605,-0.0002520276772213,0.0013971923791271,0.0005419221924892
2016-04-22,1742.0,1780.0,1737.0,1775.0,118100.0,1775.0,1744.6,1725.6,1746.72,1816.8266666666664,2117.265,False,False,False,False,False,False,True,False,False,False,False,-0.0028169014084507,0.0287323943661971,,,0.0159323943661971,-0.0235643192488261,0.0935211267605633,-0.0940845070422535,-0.0022970453978366,-0.0283959202596198,1774.0,2023.0,1.225103734439834,0.000503801410644,0.0007558290878653,0.0001338533757309
2016-04-25,1802.0,1809.0,1772.0,1777.0,130500.0,1777.0,1758.2,1736.1,1746.16,1813.0666666666664,2112.705,False,False,False,False,False,False,False,False,False,True,False,0.0247608328643781,0.0388294879009566,,,0.0173550928531231,-0.0202963796661037,0.1052335396736072,-0.1148002250984805,-0.0020738343874099,-0.0451010886469673,1781.0,1967.0,1.104995766299746,-0.0003207037155815,-0.0008245051262256,0.0002232110104267
2016-04-26,1760.0,1767.0,1729.0,1746.0,170100.0,1746.0,1758.0,1742.5,1742.36,1809.1866666666667,2107.815,False,False,False,False,False,False,False,False,False,True,False,0.0303550973654066,0.0446735395189003,,,0.0020847651775487,-0.0361893852615502,0.1237113402061855,-0.0819014891179839,-0.0021446101010396,-0.0561836441893831,1776.0,1979.0,1.303448275862069,-0.0021809499758948,-0.0018602462603132,-7.077571362977845e-05
2016-04-27,1734.0,1768.0,1730.0,1762.0,114600.0,1762.0,1762.6,1748.8,1739.16,1805.6133333333328,2103.21,False,False,False,False,False,False,False,False,False,False,False,0.0499432463110102,0.0476730987514188,,,0.0129625425652666,-0.0247521755580776,0.1214528944381384,-0.079455164585698,-0.0019790135946422,-0.0657021957913997,1763.0,1984.0,0.673721340388007,-0.0018399687205316,0.0003409812553632,0.0001655965063974
2016-04-28,1792.0,1803.0,1701.0,1704.0,172500.0,1704.0,1752.8,1743.8,1733.2,1802.2666666666669,2098.69,False,False,False,False,False,True,False,False,False,True,False,0.0645539906103286,0.0862676056338028,,,-0.0171361502347418,-0.0576682316118937,0.1666666666666666,-0.0627934272300469,-0.0018569209144036,-0.0716251863745841,1808.0,1965.0,1.5052356020942408,-0.0034387260558504,-0.0015987573353188,0.0001220926802385
2016-05-02,1698.0,1779.0,1673.0,1770.0,349900.0,1770.0,1751.8,1748.2,1730.8,1799.0266666666666,2094.385,False,False,False,False,False,False,False,False,False,False,True,0.031638418079096,0.0378531073446327,,,0.0221468926553672,-0.0163992467043314,0.1141242937853107,-0.0870056497175141,-0.0018009738599392,-0.077165084086489,1789.0,1885.0,2.028405797101449,-0.0013866420152531,0.0020520840405973,5.594705446444661e-05
2016-05-06,1783.0,1857.0,1781.0,1821.0,341200.0,1821.0,1760.6,1759.4,1729.56,1796.8266666666666,2090.725,False,False,False,False,False,False,False,False,False,False,False,0.0137287204832509,0.0241625480505216,,,0.0502141680395387,0.0132747574592715,0.0675453047775947,-0.1092806150466776,-0.0012243807601549,-0.0845174491303853,1833.0,1868.0,0.9751357530723064,-0.0007169453502624,0.0006696966649906,0.0005765930997842
2016-05-09,1849.0,1849.0,1792.0,1799.0,116100.0,1799.0,1771.2,1764.6,1728.84,1794.506666666667,2087.17,False,False,False,False,False,False,False,False,False,False,False,0.0138966092273485,0.0516953863257365,,,0.0389994441356309,0.0024976838984619,0.0555864369093941,-0.0961645358532518,-0.001292834428032,-0.0866485322452679,1822.0,1853.0,0.3402696365767878,-0.0004164642187825,0.0003004811314799,-6.845366787708936e-05
2016-05-10,1810.0,1864.0,1810.0,1850.0,201900.0,1850.0,1788.8,1775.7,1730.36,1792.7733333333333,2083.655,False,False,False,False,False,False,True,False,False,False,False,-0.0021621621621621,0.0194594594594594,,,0.0646702702702703,0.0309333333333333,-0.0075675675675675,-0.1221621621621621,-0.0009668446652487,-0.0926395224418539,1806.0,1853.0,1.7390180878552972,0.0008784299220971,0.0012948941408796,0.0003259897627832
2016-05-11,1817.0,1895.0,1813.0,1814.0,238700.0,1814.0,1810.8,1781.8,1732.92,1790.84,2079.85,False,False,False,False,False,False,True,False,True,False,False,0.0203969128996692,0.0435501653803748,,,0.0446968026460859,0.0127673649393605,0.0369349503858875,-0.1141124586549062,-0.0010795678750381,-0.0965315972611965,1739.0,1786.0,1.182268449727588,0.0014772753502759,0.0005988454281788,-0.0001127232097894
2016-05-12,1836.0,1870.0,1817.0,1826.0,230900.0,1826.0,1822.0,1786.9,1737.08,1789.9333333333334,2075.875,False,False,False,False,False,False,True,False,False,False,False,0.0060240963855421,0.0355969331872946,,,0.0486966046002191,0.0197517342095655,-0.0049288061336254,-0.1144578313253012,-0.0005065365562962,-0.0986065252672225,1766.0,1744.0,0.967322999581064,0.0023948234969027,0.0009175481466268,0.0005730313187419
2016-05-13,1837.0,1859.0,1819.0,1846.0,158700.0,1846.0,1827.0,1793.8,1743.0,1790.506666666667,2071.885,False,False,False,False,False,False,True,True,False,False,False,0.0102925243770314,0.0222101841820151,,,0.0557963163596966,0.0300613940050558,0.0032502708559046,-0.0931744312026002,0.0003202073156202,-0.0964433047162448,1772.0,1632.0,0.6873105240363794,0.0033964429145152,0.0010016194176124,0.0008267438719164
2016-05-16,1845.0,1861.0,1821.0,1824.0,71200.0,1824.0,1832.0,1801.6,1750.12,1789.013333333333,2067.77,False,False,False,False,False,False,True,False,False,False,False,0.0372807017543859,0.0487938596491228,,,0.0405043859649123,0.0191812865497077,0.0575657894736842,-0.0740131578947368,-0.0008347245409017,-0.0955817051509768,1823.0,1744.0,0.4486452425960932,0.0040682924599455,0.0006718495454302,-0.001154931856522
2016-05-17,1845.0,1850.0,1829.0,1846.0,68200.0,1846.0,1831.2,1810.0,1758.32,1787.0533333333333,2063.9,False,False,False,False,False,False,True,False,False,False,False,0.0216684723726977,0.061213434452871,,,0.0474972914409534,0.0319321054532322,0.0270855904658721,-0.0617551462621885,-0.0010967775630646,-0.0937016574585634,1811.0,1740.0,0.9578651685393258,0.00466354247236,0.0005952500124144,-0.0002620530221628
2016-05-18,1845.0,1866.0,1831.0,1851.0,76200.0,1851.0,1838.6,1824.7,1766.48,1786.04,2060.04,False,False,False,False,False,False,True,False,False,True,False,0.0226904376012965,0.0540248514316585,,,0.0456618044300378,0.0350945434900054,0.0059427336574824,-0.0767152890329551,-0.0005673631796226,-0.094864909300159,1764.0,1734.0,1.1173020527859236,0.0046193560074272,-4.41864649327597e-05,0.0005294143834419
2016-05-19,1859.0,1862.0,1830.0,1837.0,62100.0,1837.0,1840.8,1831.4,1773.16,1783.56,2056.295,False,False,False,False,False,False,True,False,False,True,False,0.0293957539466521,0.0566140446379967,,,0.0347523135547087,0.0290909090909091,0.0168753402286336,-0.0707675557974959,-0.0013904774720222,-0.0932073823304576,1753.0,1758.0,0.8149606299212598,0.003767285524149,-0.0008520704832782,-0.0008231142923995
2016-05-20,1828.0,1866.0,1821.0,1865.0,88900.0,1865.0,1844.6,1835.8,1780.88,1782.2,2052.48,False,False,False,False,False,False,True,False,False,False,False,0.0117962466487935,0.053083109919571,,,0.0451045576407506,0.044396782841823,-0.0584450402144772,-0.0584450402144772,-0.0007631017843114,-0.0880814903584268,1791.0,1737.0,1.431561996779388,0.0043349355374871,0.000567650013338,0.0006273756877107
2016-05-23,1865.0,1892.0,1856.0,1892.0,89900.0,1892.0,1858.2,1845.1,1789.28,1781.04,2048.99,False,True,False,False,False,False,True,False,False,False,False,0.0110993657505285,0.0369978858350951,,,0.054291754756871,0.0586469344608879,-0.0491543340380549,-0.0739957716701902,-0.00065130485559,-0.0858490054739579,1841.0,1736.0,1.0112485939257594,0.0046946257712598,0.0003596902337727,0.0001117969287214
2016-05-24,1883.0,1894.0,1875.0,1886.0,51200.0,1886.0,1866.2,1848.7,1796.76,1779.7333333333331,2045.725,False,False,False,False,False,False,True,False,False,True,False,0.0387062566277836,0.0477200424178154,,,0.0473170731707317,0.0563449982325911,-0.0440084835630965,-0.0715800636267232,-0.0007341923883728,-0.0807594525883052,1842.0,1745.0,0.5695216907675195,0.0041630490438344,-0.0005315767274254,-8.288753278285041e-05
2016-05-25,1900.0,1906.0,1886.0,1893.0,48700.0,1893.0,1874.6,1856.6,1802.32,1778.7733333333333,2042.29,False,False,False,False,False,False,True,False,False,True,False,0.0306391970417327,0.0501848917062863,,,0.0479027997886952,0.0603416094382814,-0.0375066032752245,-0.0771262546222926,-0.0005396977692491,-0.0771302380695894,1853.0,1736.0,0.951171875,0.0030849127790847,-0.0010781362647497,0.0001944946191237
2016-05-26,1903.0,1903.0,1890.0,1891.0,36300.0,1891.0,1885.4,1863.1,1808.92,1778.8533333333332,2038.67,False,False,False,False,False,False,True,True,False,False,False,0.0264410364886303,0.0428344791115811,,,0.0434056054997355,0.059305482108232,-0.0428344791115811,-0.0835536753040719,4.4972791461125095e-05,-0.0741237722076109,1830.0,1774.0,0.7453798767967146,0.0036485858965571,0.0005636731174724,0.0005846705607102
2016-05-27,1896.0,1896.0,1881.0,1887.0,31100.0,1887.0,1889.8,1867.2,1816.04,1779.1066666666666,2035.185,False,False,False,False,False,False,True,True,False,False,False,0.0408055113937466,0.0302066772655007,,,0.0376046634870164,0.0571771771771772,-0.0317965023847376,-0.0794912559618442,0.0001423935608132,-0.0727827763496144,1852.0,1781.0,0.8567493112947658,0.0039206184885794,0.0002720325920223,9.742076935216524e-05
2016-05-30,1905.0,1913.0,1886.0,1913.0,52400.0,1913.0,1894.0,1876.1,1822.68,1779.9066666666668,2031.76,False,False,False,False,False,False,True,True,False,True,False,0.025614218504966,-0.007318348144276,,,0.0472138003136434,0.0695730963582505,-0.0491374803972817,-0.0967067433350758,0.000449461769531,-0.0751026064708703,1817.0,1776.0,1.684887459807074,0.0036429872495446,-0.0002776312390348,0.0003070682087177
2016-05-31,1916.0,1959.0,1915.0,1959.0,85100.0,1959.0,1908.6,1887.4,1831.48,1781.32,2028.43,False,False,False,False,False,False,True,True,False,False,False,0.0086778968861664,-0.0627871362940275,,,0.0650944359367023,0.0906993363961205,-0.0255232261357835,-0.1301684532924961,0.0007934191124184,-0.0821235562148988,1812.0,1763.0,1.6240458015267176,0.0048048572738986,0.0011618700243539,0.0003439573428873
2016-06-01,1950.0,1958.0,1922.0,1951.0,79800.0,1951.0,1920.2,1897.4,1839.4,1783.52,2025.35,False,False,False,False,False,False,True,True,False,True,False,0.0189646335212711,-0.035879036391594,,,0.0572014351614556,0.0858431573552024,-0.0435674013326499,-0.1189133777549974,0.0012335157441464,-0.0864340676715505,1750.0,1808.0,0.9377203290246768,0.0043057518756116,-0.000499105398287,0.000440096631728
2016-06-02,1938.0,1953.0,1921.0,1941.0,147500.0,1941.0,1930.2,1907.8,1846.04,1786.1466666666668,2022.16,False,False,False,False,False,False,True,True,False,True,False,0.0159711488923235,-0.0638845955692941,,,0.0489232354456465,0.0797801820367507,-0.0473982483256053,-0.1051004636785162,0.00147057725756,-0.0898417024845371,1722.0,1789.0,1.848370927318296,0.0035968884747892,-0.0007088634008224,0.0002370615134136
2016-06-03,1938.0,1967.0,1938.0,1964.0,104900.0,1964.0,1945.6,1917.7,1853.52,1790.5733333333333,2019.18,False,False,False,False,False,False,True,True,False,False,False,-0.010183299389002,-0.0570264765784114,,,0.0562525458248472,0.0883027834351663,-0.0692464358452138,-0.120162932790224,0.0024722062951902,-0.0960004171663973,1698.0,1833.0,0.7111864406779661,0.0040355647632612,0.000438676288472,0.0010016290376301
2016-06-06,1950.0,1965.0,1940.0,1962.0,134100.0,1962.0,1955.4,1924.7,1862.16,1793.48,2016.3,False,False,False,False,False,False,True,True,False,False,False,-0.0321100917431192,-0.0168195718654434,,,0.0508868501529051,0.0858919469928644,-0.0259938837920489,-0.0988786952089704,0.0016206852971132,-0.098456902374396,1646.0,1822.0,1.2783603431839847,0.0046397731666452,0.0006042084033839,-0.0008515209980769
2016-06-07,1963.0,1982.0,1955.0,1976.0,46700.0,1976.0,1958.8,1933.7,1870.72,1796.6266666666668,2013.5,False,False,False,False,False,False,True,True,False,True,False,-0.0708502024291498,-0.0404858299595141,,,0.0532793522267206,0.0907759784075573,-0.0131578947368421,-0.1113360323886639,0.0017514304585631,-0.1023943734808915,1641.0,1806.0,0.3482475764354959,0.0045757783099554,-6.399485668974383e-05,0.0001307451614498
2016-06-08,1988.0,1990.0,1971.0,1988.0,81000.0,1988.0,1966.2,1943.2,1882.08,1800.013333333333,2010.96,False,False,False,False,False,False,True,True,False,False,False,-0.0538229376257545,-0.0633802816901408,,,0.0532796780684104,0.0945606975184441,-0.0150905432595573,-0.1202213279678068,0.0018814675446846,-0.1066797035817208,1647.0,1739.0,1.734475374732334,0.0060358752019042,0.0014600968919487,0.0001300370861215
2016-06-09,1974.0,1988.0,1965.0,1972.0,46500.0,1972.0,1972.4,1951.3,1890.16,1802.8666666666663,2008.6,False,False,False,False,False,False,True,True,False,True,False,-0.0786004056795131,-0.0527383367139959,,,0.0415010141987829,0.085767410412441,-0.0141987829614604,-0.1252535496957403,0.0015826646451946,-0.1107979295854046,1670.0,1766.0,0.5740740740740741,0.0042747703898083,-0.0017611048120958,-0.00029880289949
2016-06-10,1981.0,1983.0,1940.0,1944.0,164500.0,1944.0,1968.4,1957.0,1895.08,1805.6266666666668,2006.125,False,False,False,False,False,False,True,True,False,True,False,-0.0473251028806584,-0.0967078189300411,,,0.0251646090534979,0.0711796982167352,0.0061728395061728,-0.1075102880658436,0.0015285551830576,-0.1134900357690341,1672.0,1772.0,3.5376344086021505,0.0025961964666398,-0.0016785739231685,-5.410946213698568e-05
2016-06-13,1915.0,1915.0,1897.0,1899.0,141500.0,1899.0,1955.8,1955.6,1899.08,1807.8,2003.355,False,False,False,False,False,False,True,True,False,True,False,0.0157977883096366,-0.0526592943654555,,,-4.212743549232608e-05,0.0480252764612954,0.0637177461822011,-0.0968931016324381,0.0012021978832465,-0.1135201472693802,1682.0,1823.0,0.8601823708206687,0.0021062830423152,-0.0004899134243246,-0.000326357299811
2016-06-14,1859.0,1863.0,1823.0,1836.0,137300.0,1836.0,1927.8,1943.3,1898.52,1809.013333333333,2000.26,False,False,False,False,False,False,False,True,False,True,False,0.0326797385620915,-0.0179738562091503,,,-0.0340522875816993,0.0146986201888163,0.1062091503267973,-0.0392156862745098,0.0006707155281699,-0.1048216950548037,1699.0,1811.0,0.9703180212014134,-0.0002949666055664,-0.0024012496478816,-0.0005314823550766
2016-06-15,1825.0,1889.0,1824.0,1881.0,99900.0,1881.0,1906.4,1936.3,1901.2,1810.9466666666667,1997.42,False,False,False,False,False,False,True,True,True,False,False,-0.0101010101010101,-0.0313662945241892,,,-0.0107389686337055,0.0372426014531277,0.0972886762360446,-0.0558213716108452,0.0010675815963659,-0.0986417393998863,1754.0,1764.0,0.7276037873270211,0.0014096360193562,0.0017046026249226,0.000396866068196
2016-06-16,1875.0,1885.0,1806.0,1817.0,96600.0,1817.0,1875.4,1923.9,1900.84,1811.52,1994.445,False,False,False,False,False,False,False,True,False,True,False,0.0280682443588332,-0.0038525041276829,,,-0.0461419922949917,0.0030159603742432,0.1210787011557512,-0.0286186020913593,0.0003164929635517,-0.0913768906907844,1726.0,1753.0,0.9669669669669668,-0.0001893899539151,-0.0015990259732714,-0.0007510886328142
2016-06-17,1837.0,1869.0,1837.0,1852.0,118000.0,1852.0,1857.0,1912.7,1901.08,1812.4666666666667,1991.79,False,False,False,False,False,False,True,True,False,False,False,-0.0518358531317494,-0.013498920086393,,,-0.0265010799136068,0.0213462922966162,0.101511879049676,-0.0523758099352051,0.0005223084562474,-0.0846447430334083,1709.0,1791.0,1.2215320910973084,0.0001262440297094,0.0003156339836246,0.0002058154926957
2016-06-20,1892.0,1942.0,1885.0,1929.0,140900.0,1929.0,1863.0,1909.4,1905.28,1814.506666666667,1989.805,False,False,False,True,True,False,True,True,True,False,False,-0.0673924313115603,-0.0570243649559357,,,0.0122965266977708,0.0593537238638326,0.0425090720580611,-0.0943494038361845,0.0011242725295398,-0.0841625641562794,1747.0,1841.0,1.1940677966101696,0.0022044004030903,0.0020781563733809,0.0006019640732923
2016-06-21,1912.0,1916.0,1882.0,1896.0,89100.0,1896.0,1875.0,1901.4,1907.28,1816.28,1988.29,False,False,False,False,False,False,True,True,False,True,False,-0.0490506329113924,0.0068565400843881,,,-0.0059493670886075,0.0420464135021097,0.0833333333333333,-0.0701476793248945,0.000976354600245,-0.0799410960345008,1739.0,1842.0,0.6323633782824698,0.0010486137326454,-0.0011557866704449,-0.0001479179292947
2016-06-22,1888.0,1892.0,1836.0,1862.0,87100.0,1862.0,1871.2,1888.8,1907.72,1817.0,1987.05,False,False,False,False,False,False,True,True,False,True,False,-0.0214822771213748,0.0021482277121374,,,-0.0245542427497314,0.0241675617615467,0.1009667024704618,-0.0633727175080558,0.0003962575674188,-0.0740681914443032,1753.0,1853.0,0.9775533108866442,0.000230641813264,-0.0008179719193814,-0.0005800970328262
2016-06-23,1862.0,1874.0,1846.0,1868.0,33200.0,1868.0,1881.4,1878.4,1908.96,1818.0533333333333,1985.635,False,False,False,False,False,False,True,True,False,False,False,-0.0310492505353319,-0.0101713062098501,,,-0.0219271948608137,0.0267380442541042,0.0112419700214132,-0.0551391862955032,0.0005793742757821,-0.0668121805792163,1775.0,1830.0,0.3811710677382319,0.0006495683513536,0.0004189265380895,0.0001831167083632
2016-06-24,1880.0,1890.0,1727.0,1756.0,101200.0,1756.0,1862.2,1859.6,1904.6,1817.0266666666664,1983.59,False,False,False,False,False,False,False,False,False,True,False,0.0404328018223234,0.041002277904328,,,-0.0846241457858769,-0.0347532270311312,0.0028473804100227,0.0079726651480637,-0.000565025646294,-0.0554958055495804,1777.0,1852.0,3.048192771084337,-0.0022891945815394,-0.0029387629328931,-0.0011443999220761
2016-06-27,1783.0,1823.0,1779.0,1799.0,95500.0,1799.0,1836.2,1849.6,1900.88,1816.72,1981.345,False,False,False,False,False,False,False,False,False,False,False,0.0111172873818788,0.0622568093385214,,,-0.0566314619232907,-0.0098499166203446,-0.0355753196220122,0.0016675931072818,-0.000168802383783,-0.0456855536332179,1746.0,1817.0,0.9436758893280632,-0.0019569883422413,0.0003322062392981,0.0003962232625109
2016-06-28,1765.0,1814.0,1758.0,1803.0,95400.0,1803.0,1817.6,1846.3,1897.56,1816.68,1979.295,False,False,False,False,False,False,False,False,False,False,False,0.0587909040488075,0.08153078202995,,,-0.0524459234608984,-0.0075873544093178,-0.0410427066001109,0.0044370493621741,-2.2018187022460545e-05,-0.0414342197909332,1762.0,1812.0,0.998952879581152,-0.0017496152954321,0.0002073730468092,0.0001467841967606
2016-06-29,1821.0,1840.0,1807.0,1822.0,69800.0,1822.0,1809.6,1840.4,1894.72,1817.7866666666664,1977.665,False,False,False,False,False,False,False,True,False,False,False,0.0241492864983534,0.0746432491767288,,,-0.0399121844127332,0.0023124771313576,-0.0411635565312843,-0.0076838638858397,0.0006087989789779,-0.0366224733753532,1704.0,1750.0,0.7316561844863732,-0.001498902212464,0.000250713082968,0.0006308171660003
2016-06-30,1832.0,1842.0,1801.0,1810.0,97600.0,1810.0,1798.0,1839.7,1891.48,1818.3733333333328,1976.17,False,False,False,False,False,False,False,True,False,True,False,0.0215469613259668,0.0740331491712707,,,-0.0450165745856353,-0.004626151012891,-0.0762430939226519,0.0011049723756906,0.0003226326826905,-0.0337011469261292,1770.0,1722.0,1.3982808022922637,-0.0017129443610294,-0.0002140421485653,-0.0002861662962873
2016-07-01,1815.0,1839.0,1810.0,1827.0,46100.0,1827.0,1812.2,1837.2,1889.08,1819.1066666666663,1974.705,False,False,False,False,False,False,False,True,False,False,False,0.0005473453749315,0.070607553366174,,,-0.0339792008757525,0.0043203794927934,-0.0979748221127531,0.0114942528735632,0.0004031282754173,-0.0273241889832353,1821.0,1698.0,0.4723360655737705,-0.0012704596946662,0.0004424846663632,8.049559272678284e-05
2016-07-04,1829.0,1847.0,1811.0,1819.0,85200.0,1819.0,1816.2,1826.2,1885.32,1819.0533333333333,1973.225,False,False,False,False,False,False,False,False,False,True,False,0.0505772402418911,0.1105002748763056,,,-0.0364595931830675,-2.9320139270634868e-05,-0.1115997800989554,0.0120945574491478,-2.9319279625147945e-05,-0.0163180374548242,1799.0,1646.0,1.8481561822125807,-0.0019943563957312,-0.0007238967010649,-0.0004324475550425
2016-07-05,1826.0,1912.0,1822.0,1909.0,117500.0,1909.0,1837.4,1827.5,1883.32,1820.36,1972.28,False,False,False,False,True,False,False,True,False,False,False,0.0214772132006286,0.0639078051335777,,,0.0134520691461498,0.0464326872708224,-0.1466736511262441,-0.0288108957569408,0.000717806734199,-0.0120383036935704,1850.0,1641.0,1.3791079812206573,-0.0010619544209162,0.0009324019748149,0.0007471260138242
2016-07-06,1858.0,1880.0,1840.0,1866.0,86900.0,1866.0,1846.2,1827.9,1879.92,1821.72,1971.385,False,False,False,False,False,False,False,True,False,True,False,0.0493033226152197,0.1061093247588424,,,-0.007459807073955,0.0237299035369774,-0.1312968917470525,0.010182207931404,0.0007465472191116,-0.0045407297992232,1814.0,1647.0,0.7395744680851064,-0.0018085875994722,-0.0007466331785559,2.8740484912610905e-05
2016-07-07,1844.0,1863.0,1838.0,1849.0,57600.0,1849.0,1854.0,1826.0,1876.24,1823.0,1970.025,False,False,False,False,False,False,False,True,False,True,False,0.0513791238507301,0.1016765819361817,,,-0.0147322877230935,0.0140616549486208,-0.1303407247160627,0.010275824770146,0.0007021393307734,0.0021358159912377,1826.0,1670.0,0.6628308400460299,-0.0019613695476058,-0.0001527819481336,-4.440788833824335e-05
2016-07-08,1858.0,1867.0,1820.0,1828.0,47800.0,1828.0,1854.2,1833.2,1870.8,1823.493333333333,1968.48,False,False,False,False,False,False,False,True,False,True,True,0.0700218818380744,0.1159737417943107,,,-0.0234135667396061,0.0024653537563823,-0.1394967177242888,0.0448577680525164,0.0002705429870869,0.0058367881300458,1846.0,1672.0,0.8298611111111112,-0.0029078469104126,-0.0009464773628068,-0.0004315963436865
2016-07-11,1847.0,1917.0,1847.0,1911.0,49100.0,1911.0,1872.6,1844.4,1868.76,1824.4266666666667,1967.355,False,False,False,False,True,False,False,True,False,False,False,0.0570381998953427,0.0523286237571951,,,0.0221036106750392,0.0453026338740624,-0.1611721611721611,0.0376766091051805,0.0005115762394763,0.0095423986120146,1824.0,1682.0,1.0271966527196652,-0.0010916329544724,0.0018162139559402,0.0002410332523893
2016-07-12,1950.0,1991.0,1944.0,1950.0,80100.0,1950.0,1880.8,1859.1,1867.72,1825.8666666666663,1966.55,False,False,False,False,False,False,False,True,False,False,False,0.0415384615384615,0.0533333333333333,,,0.0421948717948717,0.0636581196581198,-0.1682051282051282,0.0215384615384615,0.0007886665693002,0.0112957882846538,1846.0,1699.0,1.6313645621181263,-0.0005568286466922,0.0005348043077802,0.0002770903298239
2016-07-13,1985.0,1985.0,1938.0,1958.0,112000.0,1958.0,1899.2,1872.7,1866.52,1827.2666666666669,1965.67,False,False,False,False,False,False,False,True,False,True,False,0.0541368743615934,0.0469867211440245,,,0.0467211440245148,0.0667688117126318,-0.1843718079673136,0.0025536261491317,0.0007661716954288,0.0122283334223313,1851.0,1754.0,1.3982521847690388,-0.0006429076570302,-8.607901033801536e-05,-2.2494873871397084e-05
2016-07-14,1938.0,1970.0,1938.0,1944.0,91100.0,1944.0,1918.2,1886.1,1865.4,1828.7866666666664,1964.685,False,False,False,False,False,False,False,True,False,False,False,0.0478395061728395,-0.0282921810699588,,,0.040432098765432,0.0592661179698218,-0.1687242798353909,0.0200617283950617,0.0008311521664634,0.0141031758655427,1837.0,1726.0,0.8133928571428571,-0.0006004074193201,4.250023771002506e-05,6.498047103467314e-05
2016-07-15,1960.0,1985.0,1944.0,1956.0,112000.0,1956.0,1943.8,1899.0,1865.88,1830.1733333333327,1963.595,False,False,False,False,False,False,True,True,False,False,False,0.0429447852760736,-0.0996932515337423,,,0.0460736196319017,0.0643285616905249,-0.1707566462167689,-0.0342535787321063,0.0007576695832089,0.009373354397051,1865.0,1709.0,1.229418221734358,0.0002572512701781,0.0008576586894983,-7.348258325454789e-05
2016-07-19,1996.0,2028.0,1986.0,2020.0,118400.0,2020.0,1965.6,1919.1,1870.72,1832.88,1962.795,False,False,False,False,False,False,True,True,True,False,False,-0.0044554455445544,-0.141089108910891,,,0.0739009900990098,0.0926336633663365,-0.195049504950495,-0.0024752475247524,0.0014767287911194,0.0078682715856391,1892.0,1747.0,1.0571428571428572,0.002587239137872,0.0023299878676938,0.0007190592079104
2016-07-20,2021.0,2036.0,1994.0,2031.0,77400.0,2031.0,1981.8,1931.3,1878.52,1835.8,1962.145,False,False,False,False,False,False,True,True,False,False,False,0.0113244707040866,-0.1486952240275726,,,0.0750763170851797,0.096110290497292,-0.2003938946331856,-0.0374199901526341,0.0015905872099356,0.006731217314762,1886.0,1739.0,0.6537162162162162,0.0041522049272831,0.0015649657894111,0.0001138584188162
2016-07-21,2042.0,2068.0,2040.0,2064.0,82500.0,2064.0,2003.0,1951.1,1885.84,1839.986666666667,1961.5,False,False,False,False,False,False,True,True,False,True,False,-0.0067829457364341,-0.1535852713178294,,,0.0863178294573643,0.108533591731266,-0.2214147286821705,-0.0494186046511627,0.0022753788070929,0.000461278253293,1893.0,1753.0,1.065891472868217,0.0038815594111907,-0.0002706455160924,0.0006847915971573
2016-07-22,2040.0,2046.0,2020.0,2037.0,38700.0,2037.0,2021.6,1969.9,1894.64,1844.1866666666667,1960.785,False,False,False,False,False,False,True,True,False,False,False,-0.0726558664702994,-0.1791850760922926,,,0.0698870888561609,0.0946555391916216,-0.2061855670103092,-0.0274914089347079,0.0022774267246987,-0.0033504238793848,1891.0,1775.0,0.4690909090909091,0.0046446818392941,0.0007631224281033,2.047917605815363e-06
2016-07-25,2050.0,2073.0,2033.0,2040.0,68200.0,2040.0,2038.4,1991.1,1902.16,1848.746666666667,1960.205,False,False,False,False,False,False,True,True,False,True,False,-0.1367647058823529,-0.192156862745098,,,0.0675686274509803,0.093751633986928,-0.1794117647058823,-0.0112745098039215,0.002466535887376,-0.0085882175681783,1887.0,1777.0,1.7622739018087856,0.003953400344871,-0.000691281494423,0.0001891091626772
2016-07-26,2015.0,2022.0,1986.0,2011.0,79200.0,2011.0,2036.6,2001.1,1905.44,1853.6133333333328,1959.595,False,False,False,False,False,False,True,True,False,True,False,-0.1372451516658379,-0.1964196916956738,,,0.0524912978617602,0.0782628874523457,-0.1601193436101442,0.0109398309298856,0.0026255026219056,-0.0110439258407875,1913.0,1746.0,1.1612903225806452,0.0017213871861617,-0.0022320131587093,0.0001589667345295
2016-07-27,2018.0,2070.0,2018.0,2054.0,110900.0,2054.0,2041.2,2011.5,1911.76,1859.12,1959.105,False,False,False,False,False,False,True,True,False,False,False,-0.1582278481012658,-0.2069133398247322,,,0.0692502434274586,0.0948782862706913,-0.1567672833495618,-0.0136319376825705,0.0029619748411437,-0.0144668158090976,1959.0,1762.0,1.4002525252525253,0.0033058542913336,0.0015844671051718,0.0003364722192381
2016-07-28,2056.0,2065.0,2023.0,2050.0,101100.0,2050.0,2038.4,2020.7,1919.28,1864.493333333333,1958.375,False,False,False,False,False,False,True,True,False,False,False,-0.1478048780487804,-0.2092682926829268,,,0.0637658536585366,0.0904910569105692,-0.1663414634146341,-0.0068292682926829,0.0028819268147914,-0.0153412183896669,1951.0,1704.0,0.9116321009918846,0.0039181359676545,0.0006122816763209,-8.00480263522742e-05
2016-07-29,2059.0,2062.0,1844.0,1889.0,327600.0,1889.0,2008.8,2015.2,1920.12,1867.4133333333327,1956.815,False,False,False,False,False,False,True,True,False,True,False,-0.1148755955532027,-0.1487559555320275,,,-0.0164743250397034,0.0114275630845245,-0.0963472736897829,0.0921122286924298,0.0015636602501856,-0.0086840015879317,1941.0,1770.0,3.2403560830860534,0.0004374726579588,-0.0034806633096956,-0.0013182665646057
2016-08-01,1863.0,1863.0,1754.0,1761.0,276800.0,1761.0,1953.0,1995.7,1920.32,1868.6,1954.44,False,False,False,False,False,False,True,True,False,True,False,-0.0641680863145939,-0.1067575241340147,,,-0.0904713231118682,-0.0611016467915956,-0.002839295854628,0.1720613287904599,0.0006350565485747,0.0097710076664829,1964.0,1821.0,0.8449328449328449,0.0001041493084486,-0.0003333233495102,-0.0009286037016109
2016-08-02,1726.0,1744.0,1698.0,1735.0,229400.0,1735.0,1897.8,1967.2,1917.76,1869.3066666666664,1951.915,False,False,False,False,False,False,False,True,False,True,False,-0.0685878962536023,-0.0760806916426513,,,-0.1053371757925072,-0.0774101825168106,0.0097982708933717,0.1838616714697406,0.0003780367765587,0.0263826758845058,1962.0,1799.0,0.828757225433526,-0.0013348907058234,-0.001439040014272,-0.0002570197720159
2016-08-03,1699.0,1736.0,1699.0,1729.0,127300.0,1729.0,1832.8,1937.0,1914.8,1869.7066666666667,1949.36,False,False,False,False,False,False,False,True,False,True,False,-0.0578368999421631,-0.0618854829381145,,,-0.107460960092539,-0.0813803740119529,0.0127241179872758,0.2093695777906304,0.0002139373021081,0.049406298399587,1976.0,1850.0,0.5549258936355711,-0.0015458533528306,-0.0002109626470071,-0.0001640994744506
2016-08-04,1732.0,1762.0,1730.0,1747.0,83200.0,1747.0,1772.2,1905.3,1911.8,1869.6133333333328,1946.675,False,False,False,False,False,False,False,False,False,True,False,-0.072123640526617,-0.0858614768174012,,,-0.0943331425300515,-0.0701850791833616,0.0,0.1883228391528334,-4.992119582690749e-05,0.072849420038839,1988.0,1814.0,0.6535742340926944,-0.0015692017993513,-2.3348446520794807e-05,-0.000263858497935
2016-08-05,1707.0,1714.0,1658.0,1672.0,199600.0,1672.0,1728.8,1868.8,1906.28,1868.8933333333327,1943.495,False,False,False,False,False,False,False,False,False,True,False,-0.0382775119617224,-0.0334928229665071,,,-0.1401196172248803,-0.1177591706539074,0.0364832535885167,0.2374401913875598,-0.0003852547318553,0.0985124143835617,1972.0,1826.0,2.3990384615384617,-0.0028956921333696,-0.0013264903340182,-0.0003353335360284
2016-08-08,1684.0,1694.0,1644.0,1648.0,128200.0,1648.0,1706.2,1829.6,1899.12,1868.08,1940.42,False,False,False,False,False,False,False,False,False,True,False,-0.045509708737864,-0.0157766990291262,,,-0.1523786407766989,-0.1335436893203883,0.054004854368932,0.254247572815534,-0.0004353846373459,0.1247813729777001,1944.0,1846.0,0.6422845691382766,-0.0037701672353511,-0.0008744751019814,-5.012990549063505e-05
2016-08-09,1648.0,1660.0,1612.0,1616.0,201500.0,1616.0,1682.4,1790.1,1891.0,1866.3333333333333,1936.785,False,False,False,False,False,False,False,False,False,True,False,-0.0080445544554455,0.0061881188118811,,,-0.1701732673267326,-0.1549092409240923,0.0693069306930693,0.2778465346534653,-0.0009358814073941,0.1513881906038769,1899.0,1824.0,1.5717628705148206,-0.0042940243257535,-0.0005238570904023,-0.0005004967700482
2016-08-10,1622.0,1639.0,1616.0,1629.0,88700.0,1629.0,1662.4,1747.6,1879.8,1864.8666666666663,1933.385,False,False,False,False,False,False,False,False,False,True,False,-0.0042971147943523,-0.0030693677102516,,,-0.1539594843462246,-0.1447923061182727,0.0460405156537753,0.2615101289134438,-0.0007864726700748,0.1810482948043031,1836.0,1846.0,0.4401985111662531,-0.0059580806468773,-0.0016640563211238,0.0001494087373193
2016-08-12,1642.0,1662.0,1617.0,1621.0,174100.0,1621.0,1637.2,1704.7,1870.0,1863.1066666666663,1929.93,False,False,False,False,False,False,False,False,False,False,False,-0.014805675508945,-0.0086366440468846,,,-0.1536088834053053,-0.1493563643841248,0.0604565083281924,0.2665021591610117,-0.0009446587420294,0.2117674664163781,1881.0,1851.0,1.9627959413754228,-0.0052406417112299,0.0007174389356474,-0.0001581860719545
2016-08-15,1622.0,1645.0,1606.0,1608.0,101700.0,1608.0,1624.4,1676.6,1860.36,1860.88,1926.41,False,False,True,False,False,False,False,False,False,False,False,0.0049751243781094,0.0055970149253731,,,-0.1569402985074626,-0.1572636815920398,0.0802238805970149,0.2798507462686567,-0.0011965664990038,0.2317785995467016,1817.0,1837.0,0.5841470419299253,-0.0051817927712916,5.884893993828976e-05,-0.0002519077569743
2016-08-16,1616.0,1633.0,1572.0,1573.0,180000.0,1573.0,1609.4,1657.8,1850.16,1858.16,1922.285,False,False,False,False,False,False,False,False,False,True,False,0.0311506675143038,0.0642085187539732,,,-0.176198347107438,-0.1812841703750795,0.098537825810553,0.3223140495867768,-0.0014638136651311,0.2467125105561589,1852.0,1865.0,1.7699115044247788,-0.0055130367103384,-0.0003312439390468,-0.0002672471661272
2016-08-17,1580.0,1604.0,1563.0,1603.0,139500.0,1603.0,1606.8,1644.6,1837.84,1856.253333333333,1918.09,False,False,False,False,False,False,False,False,False,True,False,0.0143480973175296,0.0536494073611977,,,-0.146500311915159,-0.157987107506758,0.1029320024953212,0.2938240798502807,-0.0010271586493224,0.2579350601970085,1929.0,1892.0,0.775,-0.0067035215252688,-0.0011904848149304,0.0004366550158086
2016-08-18,1589.0,1632.0,1588.0,1622.0,144300.0,1622.0,1605.4,1633.9,1824.72,1854.3866666666668,1914.005,False,False,False,False,False,False,False,False,False,True,False,0.001233045622688,0.0678175092478421,,,-0.1249815043156597,-0.143271681052199,0.0826140567200986,0.2786683107274969,-0.0010066221356205,0.2651325050492685,1896.0,1886.0,1.0344086021505376,-0.0071901442413081,-0.0004866227160393,2.0536513701876645e-05
2016-08-19,1618.0,1618.0,1592.0,1597.0,59700.0,1597.0,1600.6,1618.9,1810.28,1852.96,1909.71,False,False,False,False,False,False,False,False,False,True,False,0.0062617407639323,0.0701314965560425,,,-0.1335504070131496,-0.160275516593613,0.095178459611772,0.3068252974326863,-0.0007699392683418,0.2775341281116806,1862.0,1893.0,0.4137214137214137,-0.0079766665930132,-0.000786522351705,0.0002366828672787
2016-08-22,1610.0,1623.0,1603.0,1616.0,102000.0,1616.0,1602.2,1613.3,1797.16,1850.9066666666668,1905.635,False,False,False,False,False,False,False,False,False,False,False,0.0006188118811881,0.0563118811881188,,,-0.1121039603960396,-0.1453630363036304,0.0674504950495049,0.3081683168316831,-0.0011093662205189,0.284757949544412,1868.0,1891.0,1.7085427135678393,-0.0073004073093101,0.000676259283703,-0.000339426952177
2016-08-23,1616.0,1633.0,1611.0,1622.0,115000.0,1622.0,1612.0,1610.7,1783.8,1848.253333333333,1901.565,False,False,False,False,False,False,False,False,False,True,False,0.032059186189889,0.0826140567200986,,,-0.0997533908754623,-0.1394903411426221,0.0696670776818742,0.3045622688039457,-0.0014355896377843,0.2898739678400694,1756.0,1887.0,1.1274509803921569,-0.0074896288821617,-0.0001892215728515,-0.0003262234172653
2016-08-24,1632.0,1648.0,1621.0,1626.0,54200.0,1626.0,1616.6,1611.7,1768.04,1845.9466666666667,1898.095,False,False,False,False,False,False,False,False,False,True,False,0.0387453874538745,0.077490774907749,,,-0.0873554735547355,-0.1352685526855268,0.0547355473554735,0.3087330873308733,-0.0012495846756134,0.2929825649934852,1799.0,1913.0,0.4713043478260869,-0.0089138254790615,-0.0014241965968998,0.0001860049621708
2016-08-25,1630.0,1635.0,1612.0,1624.0,49700.0,1624.0,1617.0,1611.2,1751.76,1842.9333333333327,1894.85,False,False,False,False,False,False,False,False,False,True,False,0.0665024630541872,0.0782019704433497,,,-0.0786699507389162,-0.1348111658456485,0.0862068965517241,0.3152709359605911,-0.001635074518883,0.298411122144985,1803.0,1959.0,0.9169741697416974,-0.0092935105265561,-0.0003796850474945,-0.0003854898432696
2016-08-26,1624.0,1628.0,1599.0,1607.0,80200.0,1607.0,1619.0,1609.8,1733.48,1840.1733333333327,1892.135,False,False,False,False,False,False,False,False,False,True,False,0.0634723086496577,0.0871188550093341,,,-0.0787056627255756,-0.1450985272764985,0.1051649035469819,0.3329184816428127,-0.0014998587089621,0.3050689526649274,1822.0,1951.0,1.613682092555332,-0.0105452615547915,-0.0012517510282353,0.0001352158099208
2016-08-29,1626.0,1633.0,1605.0,1617.0,86600.0,1617.0,1619.2,1610.7,1716.68,1837.3866666666668,1889.55,False,False,False,False,False,False,False,False,False,False,False,0.0556586270871985,0.0717377860235003,,,-0.0616450216450216,-0.1362935477221192,0.0915275200989486,0.3104514533085962,-0.0015166468317318,0.3081269013472403,1810.0,1941.0,1.0798004987531171,-0.0097863317566465,0.0007589297981449,-1.6788122769688732e-05
2016-08-30,1617.0,1678.0,1612.0,1674.0,151100.0,1674.0,1629.6,1620.8,1702.04,1835.0933333333328,1887.435,False,False,False,False,False,False,False,False,False,False,True,0.048984468339307,0.0376344086021505,,,-0.0167502986857825,-0.0962325766626838,0.0483870967741935,0.2724014336917563,-0.0012497093699143,0.3030602171767029,1827.0,1964.0,1.7448036951501156,-0.0086014429743132,0.0011848887823332,0.0002669374618175
2016-08-31,1690.0,1705.0,1680.0,1689.0,159400.0,1689.0,1642.2,1629.4,1689.16,1833.2933333333333,1885.345,False,False,False,False,False,False,False,False,False,False,False,0.0373001776198934,0.0230905861456483,,,-9.473060982834925e-05,-0.0854312216301558,0.034339846062759,0.2605091770278271,-0.0009818396037729,0.2995581195532097,1819.0,1962.0,1.0549305095962938,-0.0076250917615855,0.0009763512127276,0.0002678697661414
2016-09-01,1700.0,1733.0,1691.0,1732.0,95500.0,1732.0,1663.8,1640.4,1676.28,1831.7733333333333,1883.335,False,False,False,False,True,False,False,False,False,True,False,0.0109699769053117,-0.0161662817551963,,,0.0321709006928406,-0.0576058506543494,0.0178983833718244,0.2193995381062355,-0.000829796990894,0.2931602048280907,1909.0,1976.0,0.5991217063989962,-0.0076836805306989,-5.858876911342403e-05,0.0001520426128788
2016-09-02,1743.0,1761.0,1705.0,1709.0,114600.0,1709.0,1684.2,1651.6,1662.64,1829.88,1881.34,False,False,False,False,False,False,False,False,False,True,False,0.0222352252779403,0.0058513750731421,,,0.0271269748390871,-0.0707314218841428,0.0204798127559976,0.2504388531304856,-0.001034676226492,0.2874182610801649,1866.0,1988.0,1.2,-0.0082038204301591,-0.0005201398994601,-0.0002048792355979
2016-09-05,1712.0,1732.0,1704.0,1707.0,84800.0,1707.0,1702.2,1660.7,1655.36,1828.1466666666668,1879.225,False,False,False,False,False,False,False,False,False,False,False,0.0152314001171646,0.0175746924428822,,,0.0302519039250147,-0.0709705135715681,0.0339777387229056,0.2437024018746338,-0.0009481369109699,0.2809056421990725,1849.0,1972.0,0.7399650959860384,-0.0043978349120434,0.0038059855181157,8.653931552205971e-05
2016-09-06,1719.0,1758.0,1719.0,1756.0,78000.0,1756.0,1718.6,1674.1,1655.16,1826.6933333333327,1877.48,False,False,False,False,False,False,False,False,False,False,False,-0.0108200455580865,-0.0159453302961275,,,0.0574259681093393,-0.0402581624905086,0.0079726651480637,0.2021640091116173,-0.000795608823229,0.270354220178006,1828.0,1944.0,0.9198113207547168,-0.00012083423959,0.0042770006724534,0.0001525280877409
2016-09-07,1734.0,1753.0,1726.0,1752.0,55900.0,1752.0,1731.2,1686.7,1655.84,1824.8266666666664,1875.69,False,False,False,False,False,False,True,False,False,False,False,-0.0136986301369863,0.0091324200913242,,,0.0548858447488584,-0.0415677321156771,0.0285388127853881,0.2420091324200913,-0.0010229282050533,0.2637102033556648,1911.0,1899.0,0.7166666666666667,0.0004106676973619,0.0005315019369519,-0.0002273193818243
2016-09-08,1745.0,1761.0,1739.0,1751.0,49400.0,1751.0,1735.0,1699.4,1656.72,1823.0266666666664,1873.895,False,False,False,False,False,False,True,False,False,False,False,-0.0268418046830382,0.0028555111364934,,,0.0538435179897201,-0.0411345897582332,0.0342661336379211,0.2495716733295259,-0.0009873689907625,0.2573261150994467,1950.0,1836.0,0.8837209302325582,0.0005311700226955,0.0001205023253335,3.5559214290742163e-05
2016-09-09,1751.0,1752.0,1728.0,1747.0,65800.0,1747.0,1742.6,1713.4,1656.72,1821.08,1871.97,False,False,False,False,False,False,False,False,False,True,False,-0.0160274756725815,0.0011448196908986,,,0.0516771608471665,-0.0424041213508871,0.0349170005724098,0.2821980538065254,-0.0010689627400589,0.2527722656705964,1958.0,1881.0,1.3319838056680162,0.0,-0.0005311700226955,-8.159374929632467e-05
2016-09-12,1726.0,1742.0,1715.0,1733.0,65500.0,1733.0,1747.8,1725.0,1659.16,1818.973333333333,1869.89,False,False,False,False,False,False,True,False,True,False,False,0.0023081361800346,-0.0046162723600692,,,0.042608193883439,-0.0496095402962106,0.0455856895556837,0.2821696480092325,-0.0011581624799338,0.2503188405797102,1944.0,1817.0,0.9954407294832828,0.0014706236890957,0.0014706236890957,-8.919973987489278e-05
2016-09-13,1733.0,1743.0,1726.0,1737.0,51100.0,1737.0,1744.0,1731.3,1662.72,1816.973333333333,1867.735,False,False,False,False,False,False,True,False,False,False,False,-0.005181347150259,-0.0011514104778353,,,0.0427633851468048,-0.0460410669737093,0.0639032815198618,0.2607944732297064,-0.0011007316196165,0.2492346791428407,1956.0,1852.0,0.7801526717557252,0.0021410700538875,0.0006704463647918,5.7430860317302015e-05
2016-09-14,1727.0,1739.0,1717.0,1728.0,42000.0,1728.0,1739.2,1735.2,1667.2,1814.506666666667,1865.42,False,False,False,False,False,False,True,False,False,False,False,0.0231481481481481,-0.0075231481481481,,,0.0351851851851851,-0.0500617283950618,0.0653935185185185,0.2621527777777778,-0.001359414496502,0.2494236975564776,2020.0,1929.0,0.821917808219178,0.0026871401151631,0.0005460700612755,-0.0002586828768855
2016-09-15,1718.0,1719.0,1688.0,1704.0,104700.0,1704.0,1729.8,1732.4,1670.2,1811.1066666666663,1862.96,False,False,False,False,False,False,True,False,False,True,False,0.0305164319248826,0.0352112676056338,,,0.0198356807511736,-0.0628560250391234,0.0880281690140845,0.3004694835680751,-0.0018773052203812,0.2574463172477488,2031.0,1896.0,2.492857142857143,0.0017961920728056,-0.0008909480423575,-0.0005178907238791
2016-09-16,1705.0,1723.0,1703.0,1719.0,61600.0,1719.0,1724.2,1733.4,1674.12,1808.013333333333,1860.505,False,False,False,False,False,False,True,False,False,False,False,0.0174520069808027,0.0331588132635253,,,0.026108202443281,-0.0517820438239285,0.0965677719604421,0.2902850494473531,-0.001710901837007,0.2613937925464404,2064.0,1862.0,0.5883476599808978,0.0023415286837262,0.0005453366109206,0.0001664033833741
2016-09-20,1718.0,1740.0,1707.0,1737.0,77300.0,1737.0,1725.0,1736.4,1679.28,1805.2933333333333,1858.11,False,False,False,False,False,False,True,False,False,False,False,-0.006908462867012,0.0161197466896948,,,0.0332297063903281,-0.039316829783151,0.0754173862982153,0.2354634427173287,-0.0015066803548083,0.2605390463026952,2037.0,1868.0,1.25487012987013,0.003072745462341,0.0007312167786147,0.0002042214821987
2016-09-21,1722.0,1733.0,1691.0,1728.0,100500.0,1728.0,1723.2,1733.6,1685.48,1802.1466666666668,1855.535,False,False,False,False,False,False,True,False,False,False,False,0.0040509259259259,0.015625,,,0.0246064814814814,-0.042908950617284,0.105324074074074,0.2465277777777778,-0.0017460658030052,0.2650553760959852,2040.0,1756.0,1.3001293661060802,0.0036784773476991,0.0006057318853581,-0.0002393854481968
2016-09-23,1744.0,1772.0,1735.0,1768.0,106600.0,1768.0,1731.2,1735.2,1692.08,1799.56,1853.34,False,False,False,False,False,False,True,False,False,False,False,-0.0299773755656108,-0.0118778280542986,,,0.0429411764705882,-0.0178506787330316,0.1216063348416289,0.2251131221719457,-0.0014373883986456,0.2633125864453664,2011.0,1799.0,1.0606965174129352,0.0039005247978818,0.0002220474501826,0.0003086774043595
2016-09-26,1778.0,1783.0,1754.0,1756.0,87000.0,1756.0,1741.6,1735.7,1697.44,1796.6266666666668,1851.045,False,False,False,False,False,False,True,False,False,True,False,0.0045558086560364,0.0039863325740318,,,0.0333485193621867,-0.0231359149582384,0.1343963553530751,0.2334851936218678,-0.0016326894105248,0.2616811661001325,2054.0,1803.0,0.8161350844277674,0.0031576962955981,-0.0007428285022836,-0.0001953010118791
2016-09-27,1740.0,1749.0,1705.0,1749.0,102500.0,1749.0,1747.6,1735.9,1703.52,1793.44,1848.655,False,False,False,False,False,False,True,False,False,False,False,0.0154373927958833,-0.0028587764436821,,,0.0260034305317324,-0.0254088050314465,0.122355631789594,0.2275586049170954,-0.0017768459868558,0.2561783512875164,2050.0,1822.0,1.1781609195402298,0.0035690804921573,0.0004113841965592,-0.000144156576331
2016-09-28,1712.0,1746.0,1707.0,1725.0,73500.0,1725.0,1745.2,1735.1,1707.88,1790.1466666666668,1846.205,False,False,False,False,False,False,True,False,False,True,False,0.0231884057971014,0.0231884057971014,,,0.0099246376811593,-0.0377661835748792,0.1495652173913043,0.2568115942028985,-0.0018397002852652,0.2536453230361362,1889.0,1810.0,0.7170731707317073,0.0025528725671593,-0.001016207924998,-6.285429840941219e-05
2016-09-29,1729.0,1741.0,1726.0,1735.0,50200.0,1735.0,1746.6,1734.9,1712.4,1787.36,1843.96,False,False,False,False,False,False,True,False,False,False,False,0.0115273775216138,0.0201729106628242,,,0.0130259365994235,-0.0301786743515849,0.0887608069164265,0.2518731988472622,-0.0015590964700266,0.2527523200184448,1761.0,1827.0,0.6829931972789116,0.0026395701938799,8.669762672056406e-05,0.0002806038152385
2016-09-30,1710.0,1732.0,1701.0,1715.0,86800.0,1715.0,1736.0,1733.6,1715.96,1784.9066666666668,1841.515,False,False,False,False,False,False,True,False,False,True,False,0.0186588921282798,0.0507288629737609,,,-0.0005597667638484,-0.0407619047619048,0.1749271137026239,0.273469387755102,-0.0013744883019092,0.2538647900323026,1735.0,1819.0,1.7290836653386454,0.0020746404345089,-0.0005649297593709,0.0001846081681174
2016-10-03,1737.0,1778.0,1734.0,1764.0,145100.0,1764.0,1737.6,1739.6,1721.56,1783.9466666666667,1839.38,False,False,False,False,False,False,True,False,False,False,True,-0.0005668934240362,0.0266439909297052,,,0.0240589569160998,-0.011307634164777,0.1082766439909297,0.2358276643990929,-0.0005381326796018,0.2474706829156128,1729.0,1909.0,1.6716589861751152,0.0032528636817769,0.001178223247268,0.0008363556223074
2016-10-04,1770.0,1787.0,1754.0,1776.0,77000.0,1776.0,1743.0,1745.3,1728.32,1782.5466666666666,1837.665,False,False,False,False,False,False,True,False,False,False,False,-0.018018018018018,0.018018018018018,,,0.0268468468468468,-0.0036861861861861,0.1047297297297297,0.1841216216216216,-0.0007853931827872,0.23680742565748,1747.0,1866.0,0.5306685044796692,0.0039113127198666,0.0006584490380897,-0.0002472605031854
2016-10-05,1773.0,1778.0,1756.0,1765.0,55700.0,1765.0,1751.0,1748.1,1734.24,1781.8533333333332,1835.815,False,False,False,False,False,False,True,False,False,True,False,0.0,0.0266288951841359,,,0.01742776203966,-0.0095486307837582,0.1223796033994334,0.1660056657223796,-0.0003891079699788,0.2297923459756308,1672.0,1849.0,0.7233766233766233,0.0034135990405019,-0.0004977136793647,0.0003962852128083
2016-10-06,1753.0,1759.0,1731.0,1755.0,87500.0,1755.0,1755.0,1750.8,1737.48,1780.56,1833.8,False,False,False,False,False,False,True,False,False,True,False,0.0085470085470085,0.0529914529914529,,,0.0099829059829059,-0.0145641025641025,0.1492877492877493,0.1857549857549857,-0.0007263632415269,0.2237262965501485,1648.0,1828.0,1.570915619389587,0.0018647696664134,-0.0015488293740885,-0.0003372552715481
2016-10-07,1750.0,1750.0,1738.0,1747.0,34600.0,1747.0,1761.4,1748.7,1739.8,1778.1333333333334,1832.0,False,False,False,False,False,False,True,False,False,True,False,0.0314825414997137,0.0538065254722381,,,0.0041213508872352,-0.0178210265216562,0.1637092157985117,0.1997710360618202,-0.0013647270545889,0.2211928861439926,1616.0,1911.0,0.3954285714285714,0.001333486607656,-0.0005312830587574,-0.000638363813062
2016-10-11,1750.0,1768.0,1741.0,1763.0,73800.0,1763.0,1761.2,1749.4,1741.04,1776.36,1830.32,False,False,False,False,False,False,True,False,False,True,False,0.0272263187748156,0.0516165626772546,,,0.0124560408394781,-0.0075779920589903,0.1491775382870107,0.1928530913216108,-0.0009982961411727,0.2171030067451696,1629.0,1950.0,2.132947976878613,0.0007122179846528,-0.0006212686230031,0.0003664309134162
2016-10-12,1740.0,1757.0,1735.0,1744.0,59900.0,1744.0,1754.8,1748.9,1742.44,1774.7866666666666,1828.365,False,False,False,False,False,False,True,False,False,False,False,0.036697247706422,0.080848623853211,,,0.000894495412844,-0.0176529051987767,0.1674311926605504,0.1961009174311926,-0.0008864915219857,0.2139630624964262,1621.0,1958.0,0.8116531165311653,0.0008034709946971,9.125301004428714e-05,0.0001118046191869
2016-10-13,1739.0,1770.0,1736.0,1765.0,85800.0,1765.0,1754.8,1752.9,1744.76,1773.4133333333334,1826.34,False,False,False,False,False,False,True,False,True,False,True,0.0266288951841359,0.058356940509915,,,0.0114674220963172,-0.004766761095373,0.1688385269121813,0.1773371104815864,-0.000774401154835,0.2060585315762449,1608.0,1944.0,1.4323873121869783,0.001329695774777,0.0005262247800798,0.0001120903671506
2016-10-17,1757.0,1778.0,1747.0,1770.0,60300.0,1770.0,1757.8,1756.4,1745.32,1773.6,1824.335,False,False,False,False,False,False,True,True,False,True,False,0.0440677966101694,0.0790960451977401,,,0.0139435028248587,-0.0020338983050846,0.1661016949152542,0.1745762711864406,0.0001052473312282,0.1983602823958096,1573.0,1956.0,0.7027972027972028,0.0003208580661425,-0.0010088377086344,0.0008796484860633
2016-10-19,1800.0,1802.0,1788.0,1802.0,56600.0,1802.0,1768.8,1765.1,1747.32,1773.64,1822.565,False,False,False,False,False,False,True,True,True,False,False,0.0216426193118756,0.1004439511653718,,,0.0303440621531631,0.0157380688124305,0.1398446170921198,0.1448390677025527,2.2552490922730087e-05,0.1855985496572431,1603.0,2020.0,0.9386401326699834,0.0011446100313623,0.0008237519652197,-8.26948403055609e-05
2016-10-20,1805.0,1812.0,1796.0,1811.0,64900.0,1811.0,1778.4,1769.8,1749.72,1773.746666666667,1820.98,False,False,False,False,False,False,True,True,False,False,False,0.0237437879624516,0.0999447818884594,,,0.0338376587520706,0.0205705871525859,0.1546107123136388,0.1772501380452788,6.013635919454696e-05,0.1797378234828795,1622.0,2031.0,1.146643109540636,0.0013716480351142,0.0002270380037519,3.758386827181687e-05
2016-10-21,1820.0,1820.0,1802.0,1808.0,76600.0,1808.0,1791.2,1773.0,1752.16,1773.56,1819.53,False,False,False,False,False,False,True,False,False,False,False,0.0425884955752212,0.0857300884955752,,,0.0308849557522123,0.0190486725663717,0.1482300884955752,0.1814159292035398,-0.000105249704925,0.1794698251551042,1597.0,2064.0,1.1802773497688752,0.0013925668888686,2.091885375438596e-05,-0.0001653860641196
2016-10-24,1807.0,1818.0,1785.0,1812.0,75600.0,1812.0,1800.6,1777.7,1755.32,1773.5866666666666,1818.285,False,False,False,False,False,False,True,True,False,False,False,0.0309050772626931,0.0943708609271523,,,0.031280353200883,0.0211994113318617,0.1418322295805739,0.1788079470198675,1.5035446064082433e-05,0.1807391573381335,1616.0,2037.0,0.9869451697127938,0.0018002415513979,0.0004076746625293,0.0001202851509891
2016-10-25,1829.0,1852.0,1829.0,1848.0,97700.0,1848.0,1816.2,1787.0,1759.76,1773.8666666666666,1816.875,False,False,False,False,False,False,True,True,False,False,False,0.0335497835497835,0.0221861471861471,,,0.0477489177489177,0.0401154401154401,0.1185064935064935,0.1769480519480519,0.0001578472639807,0.1798545047565753,1622.0,2040.0,1.2923280423280423,0.0025230713279083,0.0007228297765104,0.0001428118179166
2016-10-26,1841.0,1841.0,1823.0,1841.0,80400.0,1841.0,1824.0,1796.4,1764.28,1774.16,1815.38,False,False,False,False,False,False,True,True,False,False,False,0.0771319934818033,0.0945138511678435,,,0.0416730038022813,0.0363063552417164,0.1216730038022813,0.162411732753938,0.0001653364596955,0.1761300378534848,1626.0,2011.0,0.8229273285568065,0.002561951617657,3.888028974866845e-05,7.489195714843944e-06
2016-10-27,1846.0,1858.0,1833.0,1854.0,69300.0,1854.0,1832.6,1805.5,1770.28,1773.4266666666667,1813.92,False,False,False,False,False,False,True,False,False,False,False,0.0744336569579288,0.0544768069039913,,,0.0451564185544768,0.0434591873426824,0.1084142394822006,0.1499460625674218,-0.0004135120707932,0.1718083633342563,1624.0,2054.0,0.8619402985074627,0.0033892943489165,0.0008273427312595,-0.0005788485304888
2016-10-28,1855.0,1888.0,1843.0,1885.0,248200.0,1885.0,1848.0,1819.6,1776.92,1773.68,1812.92,False,True,False,False,False,False,True,True,False,False,False,0.0413793103448275,0.0408488063660477,,,0.0573368700265251,0.0590557029177718,0.0891246684350132,0.1267904509283819,0.0001428292213552,0.1648164431743241,1607.0,2050.0,3.5815295815295816,0.0037368030074511,0.0003475086585345,0.0005563412921484
2016-10-31,1870.0,1885.0,1840.0,1868.0,133400.0,1868.0,1859.2,1829.9,1782.16,1773.9333333333334,1811.82,False,False,False,False,False,False,True,True,False,True,False,0.0615631691648822,0.060492505353319,,,0.0459528907922911,0.0503568879371876,0.101713062098501,0.1418629550321199,0.000142808824082,0.1612656429313076,1617.0,1889.0,0.5374697824335214,0.0029402522781344,-0.0007965507293167,-2.0397273146281324e-08
2016-11-01,1873.0,1928.0,1868.0,1910.0,103100.0,1910.0,1871.6,1843.9,1789.44,1775.0266666666666,1811.075,False,False,False,False,False,False,True,True,False,False,False,-0.0109947643979057,0.0560209424083769,,,0.0631204188481675,0.0706666666666666,0.0890052356020942,0.1162303664921466,0.0006159531875576,0.1553229567763979,1674.0,1761.0,0.7728635682158921,0.0040683118741058,0.0011280595959714,0.0004731443634756
2016-11-02,1918.0,1996.0,1911.0,1983.0,232400.0,1983.0,1900.0,1862.0,1798.04,1775.986666666667,1810.805,False,False,False,False,False,False,True,True,False,False,False,0.016137165910237,0.0252143217347453,,,0.0932728189611699,0.1043940158009748,0.0458900655572365,0.0736258194654563,0.0005405445986833,0.1476369495166488,1689.0,1735.0,2.254122211445199,0.0047829859179995,0.0007146740438936,-7.540858887437603e-05
2016-11-04,1982.0,1998.0,1952.0,1992.0,147000.0,1992.0,1927.6,1880.1,1807.48,1776.5466666666666,1810.615,False,False,False,False,False,False,True,True,False,False,False,-0.018574297188755,0.0170682730923694,,,0.0926305220883534,0.1081593038821954,0.0411646586345381,0.0692771084337349,0.0003152182886647,0.1364821020158501,1732.0,1729.0,0.6325301204819277,0.0052227410538429,0.0004397551358434,-0.0002253263100185
2016-11-07,1979.0,1987.0,1960.0,1963.0,107200.0,1963.0,1943.2,1895.6,1816.04,1776.6133333333332,1810.655,False,False,False,False,False,False,True,True,False,True,False,-0.0005094243504839,0.0371879775853285,,,0.0748650025471217,0.0949499066055358,0.0631686194600101,0.1013754457463066,3.752457859894821e-05,0.1285608778223255,1709.0,1747.0,0.7292517006802721,0.0047135525649214,-0.0005091884889215,-0.0002776937100657
2016-11-08,1966.0,1989.0,1966.0,1983.0,99000.0,1983.0,1966.2,1912.7,1826.36,1777.1333333333334,1810.505,False,False,False,False,False,False,True,True,False,False,False,-0.0010085728693898,0.0403429147755925,,,0.0789914271306102,0.103815767355858,0.0660615229450327,0.0786686838124054,0.0002926060697003,0.1186281173210643,1707.0,1672.0,0.9235074626865672,0.0056505836746314,0.00093703110971,0.0002550814911014
2016-11-09,1983.0,1983.0,1878.0,1889.0,124800.0,1889.0,1962.0,1916.8,1832.52,1776.24,1810.02,False,False,False,False,False,False,True,False,False,True,False,0.0677607199576495,0.092641609317099,,,0.0298994176813128,0.0596929592376919,0.1201694017998941,0.1418740074113287,-0.0005029350388086,0.1152963272120201,1756.0,1648.0,1.2606060606060605,0.0033614912797677,-0.0022890923948636,-0.000795541108509
2016-11-10,1991.0,2028.0,1971.0,2015.0,141300.0,2015.0,1968.4,1934.2,1844.52,1776.1733333333334,1810.23,False,False,False,False,False,False,True,False,False,False,False,0.0089330024813895,0.0193548387096774,,,0.0846054590570719,0.1185244003308519,0.0560794044665012,0.090818858560794,-3.7533874321541085e-05,0.1082618136697341,1752.0,1616.0,1.1322115384615383,0.0065057575954719,0.0031442663157041,0.000465401164487
2016-11-11,2020.0,2030.0,1944.0,1955.0,119000.0,1955.0,1961.0,1944.3,1852.16,1775.16,1810.105,False,False,False,False,False,False,True,False,False,True,False,0.0363171355498721,0.0695652173913043,,,0.0526035805626598,0.0919897698209718,0.0925831202046035,0.1125319693094629,-0.0005708405627286,0.1047163503574552,1751.0,1629.0,0.8421797593772116,0.0041249136143746,-0.0023808439810973,-0.000533306688407
2016-11-14,1953.0,1981.0,1942.0,1962.0,126200.0,1962.0,1960.8,1952.0,1859.6,1773.8,1810.12,False,False,False,False,False,False,True,False,False,True,False,0.037716615698267,0.0581039755351682,,,0.0521916411824669,0.0959225280326198,0.091743119266055,0.1116207951070336,-0.0007667155259894,0.1032786885245901,1747.0,1621.0,1.0605042016806725,0.0040008604000859,-0.0001240532142886,-0.0001958749632608
2016-11-15,1974.0,1987.0,1966.0,1981.0,141100.0,1981.0,1960.4,1963.3,1868.24,1773.0533333333333,1810.555,False,False,False,False,False,False,True,False,False,False,False,0.0413932357395254,0.04442200908632,,,0.0569207470974255,0.1049705535924617,0.0696617869762746,0.1065118626956082,-0.0004211191240722,0.0999337849539041,1733.0,1608.0,1.118066561014263,0.0046246734894874,0.0006238130894015,0.0003455964019172
2016-11-16,2021.0,2049.0,2002.0,2017.0,159500.0,2017.0,1986.0,1974.0,1878.72,1772.746666666667,1811.625,False,False,False,False,False,False,True,False,False,False,False,0.0233019335647,0.0247892910262766,,,0.0685572632622706,0.121097339282763,0.0560237977193852,0.0857709469509172,-0.0001729895604559,0.0969098277608916,1737.0,1573.0,1.1304039688164422,0.0055782660534832,0.0009535925639957,0.0002481295636162
2016-11-17,2022.0,2065.0,2013.0,2033.0,165400.0,2033.0,1989.6,1979.0,1890.16,1773.04,1812.11,False,False,False,False,False,False,True,True,False,False,False,0.0103295622233152,0.0157402852926709,,,0.0702606984751598,0.1278701426463354,0.0472208558780127,0.0841121495327102,0.0001654408999983,0.0979282465891865,1728.0,1603.0,1.0369905956112853,0.0060523976806196,0.0004741316271364,0.0003384304604542
2016-11-18,2055.0,2055.0,2012.0,2026.0,53500.0,2026.0,2003.8,1982.4,1900.68,1772.6666666666667,1812.275,False,False,False,False,False,False,True,False,False,True,False,0.0320829220138203,0.0143139190523198,,,0.0618558736426455,0.1250411319512997,0.0424481737413622,0.0952615992102665,-0.0002106054907859,0.1005347054075866,1704.0,1622.0,0.3234582829504232,0.0055348612075678,-0.0005175364730518,-0.0003760463907842
2016-11-21,2055.0,2063.0,2032.0,2036.0,103600.0,2036.0,2018.6,1989.7,1912.36,1772.48,1812.82,False,False,False,False,False,False,True,False,False,False,False,0.0196463654223968,0.0083497053045186,,,0.0607269155206287,0.1294302554027505,0.049607072691552,0.1011787819253438,-0.000105313835229,0.1005176659797958,1719.0,1597.0,1.936448598130841,0.0061076366374531,0.0005727754298853,0.0001052916555569
2016-11-22,2036.0,2069.0,2034.0,2063.0,73500.0,2063.0,2035.0,1997.7,1924.28,1774.8,1813.02,False,False,False,False,False,False,True,True,False,False,False,0.0029083858458555,-0.0024236548715462,,,0.0672418807561803,0.1396994667959283,0.0290838584585555,0.0799806107610276,0.0013071895424836,0.1005656504980727,1737.0,1616.0,0.7094594594594594,0.0061945247053443,8.688806789126056e-05,0.0014125033777126
2016-11-24,2080.0,2082.0,2058.0,2064.0,79000.0,2064.0,2044.4,2015.2,1936.04,1778.84,1813.505,False,False,False,False,False,False,True,True,False,True,False,0.001453488372093,0.0077519379844961,,,0.0619961240310077,0.1381589147286822,0.0227713178294573,0.0760658914728682,0.0022711429920622,0.0941842000793965,1728.0,1622.0,1.0748299319727892,0.0060742546641598,-0.0001202700411845,0.0009639534495785
2016-11-25,2064.0,2070.0,2041.0,2054.0,65900.0,2054.0,2048.6,2019.1,1946.12,1783.0933333333332,1813.88,False,False,False,False,False,False,True,True,False,True,False,0.0053554040895813,0.0097370983446932,,,0.0525219084712756,0.1318922427783187,0.059396299902629,0.0783836416747809,0.0023853677504262,0.0929126838690505,1768.0,1626.0,0.8341772151898734,0.0051795367192156,-0.0008947179449441,0.000114224758364
2016-11-28,2056.0,2095.0,2055.0,2091.0,98800.0,2091.0,2061.6,2032.7,1957.32,1787.92,1814.415,False,False,False,False,False,False,True,True,False,False,False,-0.0172166427546628,-0.008130081300813,,,0.0639311334289813,0.1449450023912003,0.0463892874222859,0.0612147297943567,0.0026995987889093,0.0877650415703251,1756.0,1624.0,1.4992412746585737,0.0057221098236364,0.0005425731044207,0.0003142310384831
2016-11-29,2099.0,2100.0,2070.0,2076.0,40000.0,2076.0,2069.6,2044.1,1968.04,1792.3066666666666,1814.97,False,False,False,False,False,False,True,True,False,True,False,-0.0110789980732177,0.0052986512524084,,,0.0520038535645472,0.1366538214515093,0.0789980732177264,0.0708092485549133,0.002447497824033,0.0837532410351745,1749.0,1607.0,0.4048582995951417,0.0054470437592731,-0.0002750660643632,-0.0002521009648763
2016-11-30,2082.0,2082.0,2066.0,2069.0,68600.0,2069.0,2070.8,2052.9,1978.32,1797.6,1815.89,False,False,False,False,False,False,True,True,False,True,False,-0.0053165780570323,0.0217496375060415,,,0.0438279362010633,0.1311744804253262,0.0739487675205413,0.0618656355727404,0.0029446669633585,0.079351161771153,1725.0,1617.0,1.715,0.0051963281976626,-0.0002507155616105,0.0004971691393255
2016-12-01,2093.0,2097.0,2057.0,2067.0,76300.0,2067.0,2071.4,2057.9,1987.08,1803.1866666666667,1816.885,False,False,False,False,False,False,True,True,False,True,False,0.0062893081761006,0.0237058538945331,,,0.0386647314949202,0.1276310272536687,0.0595065312046444,0.0498306724721819,0.0030982187091002,0.0757568394965742,1735.0,1674.0,1.1122448979591837,0.0044084787728727,-0.0007878494247898,0.0001535517457417
2016-12-02,2045.0,2076.0,2043.0,2065.0,41700.0,2065.0,2073.6,2061.1,1996.04,1809.1733333333327,1817.945,False,False,False,False,False,False,True,True,False,False,False,0.0043583535108958,0.0305084745762711,,,0.0333946731234867,0.1238870056497176,0.0561743341404358,0.0682808716707021,0.0033090619656858,0.0741836883217699,1715.0,1689.0,0.546526867627785,0.0044888879982365,8.040922536377369e-05,0.0002108432565855
2016-12-05,2035.0,2059.0,2025.0,2055.0,63200.0,2055.0,2066.4,2064.0,2004.08,1814.8533333333328,1818.955,False,False,False,False,False,False,True,True,False,True,False,0.0092457420924574,0.0394160583941605,,,0.0247785888077859,0.1168596918085971,0.0783454987834549,0.0613138686131386,0.0031297294914554,0.0708333333333332,1764.0,1732.0,1.515587529976019,0.004011815895573,-0.0004770721026635,-0.0001793324742303
2016-12-06,2074.0,2081.0,2042.0,2053.0,66300.0,2053.0,2061.8,2065.7,2010.8,1820.6133333333328,1820.29,False,False,False,False,False,False,True,True,False,True,False,0.0165611300535801,0.0433511933755479,,,0.0205552849488553,0.1131937002760191,0.0803701899659035,0.0847540185094982,0.0031637689862756,0.0692259282567652,1776.0,1709.0,1.0490506329113924,0.0033419534513626,-0.0006698624442103,3.403949482020654e-05
2016-12-07,2056.0,2071.0,2046.0,2058.0,66600.0,2058.0,2059.6,2065.2,2018.4,1826.6133333333328,1821.86,False,False,False,False,False,False,True,True,False,False,False,0.0272108843537414,0.0296404275996112,,,0.0192419825072885,0.1124327826368645,0.042759961127308,0.0621963070942662,0.0032847674384653,0.0674510943250049,1765.0,1707.0,1.004524886877828,0.0037653586999604,0.0004234052485977,0.0001209984521896
2016-12-08,2072.0,2083.0,2064.0,2080.0,80400.0,2080.0,2062.2,2066.8,2025.2,1833.3733333333328,1824.1,False,False,False,False,False,False,True,True,False,True,False,0.0173076923076923,0.0240384615384615,,,0.0263461538461538,0.118570512820513,0.035576923076923,0.0403846153846153,0.0036871922794411,0.0638668473001741,1755.0,1756.0,1.207207207207207,0.0033576930673513,-0.000407665632609,0.0004024248409758
2016-12-09,2070.0,2082.0,2052.0,2074.0,88700.0,2074.0,2064.0,2068.8,2028.84,1839.6533333333327,1825.75,False,False,False,False,False,False,True,True,False,True,False,0.026036644165863,0.0265188042430086,,,0.0217743490838958,0.1129926068788171,0.0443587270973963,0.0380906460945033,0.0034136866366129,0.0598414539829851,1747.0,1752.0,1.1032338308457712,0.0017941286646556,-0.0015635644026957,-0.0002735056428282
2016-12-12,2085.0,2091.0,2070.0,2074.0,53300.0,2074.0,2067.8,2067.1,2032.12,1845.68,1827.42,False,False,False,False,False,False,True,True,False,True,False,0.0298939247830279,0.0183220829315332,,,0.0201928640308582,0.1100867888138861,0.0443587270973963,0.049662487945998,0.0032652825336281,0.0586812442552368,1763.0,1751.0,0.6009019165727171,0.0016140779087849,-0.0001800507558707,-0.0001484041029847
2016-12-13,2085.0,2091.0,2074.0,2087.0,67100.0,2087.0,2074.6,2068.2,2037.08,1852.213333333333,1829.185,False,False,False,False,False,False,True,True,False,False,False,0.0263536176329659,0.0239578342117872,,,0.0239195016770484,0.1124996007027632,0.0287494010541447,0.0368950646861523,0.0035273114688011,0.0552654482158399,1744.0,1747.0,1.2589118198874296,0.0024348577375459,0.000820779828761,0.0002620289351729
2016-12-14,2093.0,2125.0,2086.0,2114.0,88300.0,2114.0,2085.8,2072.7,2042.32,1858.8533333333328,1830.965,False,False,False,False,False,False,True,True,False,False,True,0.0023651844843897,0.0042573320719016,,,0.0339072847682119,0.1206937874487546,0.0255439924314096,0.0288552507095553,0.0035720946246429,0.0519129637670672,1765.0,1733.0,1.315946348733234,0.0025657095851776,0.0001308518476317,4.478315584180827e-05
2016-12-15,2127.0,2140.0,2114.0,2116.0,86000.0,2116.0,2093.0,2077.6,2051.4,1865.44,1832.86,False,False,False,False,False,False,True,True,False,False,False,0.0066162570888468,-0.0023629489603024,,,0.0305293005671077,0.1184120982986767,0.0264650283553875,0.0004725897920604,0.0035308917288507,0.0468810165575664,1770.0,1737.0,0.9739524348810872,0.0044262454908843,0.0018605359057067,-4.1202895792248704e-05
2016-12-16,2140.0,2161.0,2127.0,2128.0,64900.0,2128.0,2103.8,2083.9,2055.92,1872.1333333333328,1834.82,False,False,False,False,False,False,True,True,False,True,False,0.00046992481203,0.0225563909774436,,,0.0338721804511277,0.1202380952380953,0.0263157894736842,0.0108082706766917,0.003575243928495,0.0410768271030279,1802.0,1728.0,0.7546511627906977,0.0021985291256469,-0.0022277163652374,4.435219964431725e-05
2016-12-19,2135.0,2165.0,2127.0,2136.0,108800.0,2136.0,2116.2,2092.0,2063.16,1878.96,1836.775,False,False,False,False,False,False,True,True,False,False,False,-0.0112359550561797,0.0243445692883895,,,0.0341011235955056,0.1203370786516853,0.0205992509363295,0.0102996254681647,0.0036332155376734,0.035946462715105,1811.0,1704.0,1.6764252696456086,0.0035091800926732,0.0013106509670263,5.7971609178378725e-05
2016-12-20,2143.0,2167.0,2134.0,2142.0,105800.0,2142.0,2127.2,2100.9,2070.36,1886.0933333333328,1838.805,False,False,False,False,False,False,True,True,False,True,False,-0.0023342670401493,0.0457516339869281,,,0.0334453781512604,0.1194708994708997,-0.0182072829131652,-0.0004668534080298,0.0037820680489474,0.0274644200104716,1808.0,1719.0,0.9724264705882352,0.0034776560598158,-3.1524032857453525e-05,0.000148852511274
2016-12-21,2145.0,2145.0,2113.0,2119.0,108300.0,2119.0,2128.2,2107.0,2075.88,1892.7866666666664,1840.53,False,False,False,False,False,False,True,True,False,True,False,0.0018876828692779,0.0486078338839075,,,0.0203492213308163,0.1067547585338997,-0.0287871637564889,-0.0014157621519584,0.0035362322924226,0.0211675367821546,1812.0,1737.0,1.0236294896030245,0.00265911324354,-0.0008185428162757,-0.0002458357565248
2016-12-22,2125.0,2136.0,2109.0,2130.0,71100.0,2130.0,2131.0,2112.0,2080.4,1898.8666666666663,1842.275,False,False,False,False,False,False,True,True,False,True,False,-0.0089201877934272,0.028169014084507,,,0.0232863849765257,0.1085133020344289,-0.0230046948356807,-0.0107981220657277,0.003201909911175,0.0160511363636364,1848.0,1728.0,0.6565096952908587,0.0021726591040184,-0.0004864541395216,-0.0003343223812475
2016-12-26,2139.0,2140.0,2119.0,2129.0,52700.0,2129.0,2131.2,2117.5,2084.24,1904.733333333333,1844.04,False,False,False,False,False,False,True,True,False,True,False,0.0220760920620009,0.0244246124941286,,,0.0210239549084078,0.1053389697823705,-0.0155002348520432,-0.018788163457022,0.003080046200693,0.0103896103896103,1841.0,1768.0,0.7412095639943741,0.0018423981883083,-0.0003302609157101,-0.0001218637104819
2016-12-27,2129.0,2133.0,2106.0,2112.0,61300.0,2112.0,2126.4,2121.3,2087.68,1909.8,1845.785,False,False,False,False,False,False,True,True,False,True,False,0.0359848484848484,0.0492424242424242,,,0.0115151515151515,0.0957386363636363,-0.0042613636363636,-0.0037878787878787,0.0026529828603345,0.0051383585537168,1854.0,1756.0,1.1631878557874762,0.0016477621091355,-0.0001946360791727,-0.0004270633403585
2016-12-28,2112.0,2137.0,2101.0,2137.0,42500.0,2137.0,2125.4,2126.3,2091.72,1915.506666666667,1847.43,False,False,False,False,False,False,True,True,False,False,False,0.0481984089845577,0.0379036031820308,,,0.0211885821244736,0.103646856964592,-0.0238652316331305,-0.0131024801123069,0.0029791943645894,0.0001881202088132,1885.0,1749.0,0.6933115823817292,0.0019314248560992,0.0002836627469637,0.0003262115042549
2016-12-29,2134.0,2134.0,2096.0,2123.0,50000.0,2123.0,2126.2,2127.2,2094.12,1921.0533333333333,1849.1,False,False,False,False,False,False,True,True,False,True,False,0.0466321243523316,0.0108337258596325,,,0.0136033914272256,0.0951232532579683,-0.0211964201601507,-0.0004710315591144,0.0028873048813496,-0.0027265889432116,1868.0,1725.0,1.1764705882352942,0.0011460661280156,-0.0007853587280836,-9.188948323981572e-05
2016-12-30,2112.0,2113.0,2088.0,2111.0,39300.0,2111.0,2122.4,2126.7,2096.0,1925.7866666666664,1850.49,False,False,False,False,False,False,True,True,False,True,False,0.0374230222643297,0.0203694931312174,,,0.0071056371387967,0.0877372493289121,-0.0151586925627664,0.0014211274277593,0.0024578700306021,-0.0026331875675929,1910.0,1735.0,0.786,0.0008969465648855,-0.00024911956313,-0.0004294348507475
2017-01-04,2124.0,2178.0,2115.0,2176.0,62200.0,2176.0,2131.8,2131.5,2100.88,1931.44,1852.26,False,False,False,False,False,False,True,True,True,False,True,0.002297794117647,-0.0045955882352941,,,0.0345220588235293,0.1123897058823529,-0.0519301470588235,-0.0206801470588235,0.0029270043767001,-0.0058174994135585,1983.0,1715.0,1.5826972010178118,0.0023228361448536,0.001425889579968,0.000469134346098
2017-01-05,2187.0,2195.0,2165.0,2188.0,60700.0,2188.0,2147.0,2136.7,2104.76,1937.2666666666669,1854.17,False,False,False,False,False,False,True,True,False,True,False,0.0127970749542961,-0.0100548446069469,,,0.0380438756855574,0.1145947592931138,-0.0255941499085923,-0.0137111517367458,0.0030076740424654,-0.0082370009828239,1992.0,1764.0,0.9758842443729904,0.0018434405822992,-0.0004793955625544,8.066966576530639e-05
2017-01-06,2200.0,2251.0,2196.0,2240.0,135500.0,2240.0,2167.6,2146.5,2111.32,1943.84,1856.675,False,False,False,False,False,False,True,True,False,False,False,-0.0098214285714285,-0.0415178571428571,,,0.0574464285714284,0.1322142857142857,-0.0464285714285714,-0.0223214285714285,0.0033816226301202,-0.010482180293501,1963.0,1776.0,2.232289950576606,0.0031070609855445,0.0012636204032453,0.0003739485876548
2017-01-10,2241.0,2241.0,2206.0,2222.0,59400.0,2222.0,2187.4,2156.8,2117.44,1950.36,1858.955,False,False,False,False,False,False,True,True,False,True,False,-0.0342034203420342,-0.0243024302430243,,,0.047056705670567,0.1222502250225023,-0.0387038703870387,0.0022502250225022,0.0033429725794212,-0.0100612017804155,1983.0,1765.0,0.4383763837638376,0.0028902826054102,-0.0002167783801343,-3.865005069907199e-05
2017-01-11,2207.0,2208.0,2167.0,2190.0,78100.0,2190.0,2203.2,2162.8,2122.36,1956.4,1861.045,False,False,False,False,False,False,True,True,False,True,False,-0.0164383561643835,-0.0082191780821917,,,0.0308858447488583,0.1066666666666666,-0.0068493150684931,-0.0041095890410958,0.0030873032099776,-0.009385981135565,1889.0,1755.0,1.3148148148148149,0.0023181741080684,-0.0005721084973418,-0.0002556693694436
2017-01-12,2195.0,2195.0,2156.0,2181.0,110000.0,2181.0,2204.2,2168.0,2127.0,1962.44,1862.835,False,False,False,False,False,False,True,True,False,True,False,-0.0068775790921595,0.0013755158184319,,,0.0247592847317744,0.1002109124254928,-0.0187987161852361,0.0678587803759743,0.0030778011047471,-0.0006918819188191,2015.0,1747.0,1.408450704225352,0.0021814762576398,-0.0001366978504286,-9.502105230474282e-06
2017-01-13,2178.0,2223.0,2164.0,2216.0,68900.0,2216.0,2209.8,2178.4,2133.44,1969.2666666666669,1864.86,False,False,False,False,False,False,True,True,False,False,False,-0.0225631768953068,-0.0162454873646209,,,0.0372563176895306,0.1113417569193741,-0.0379061371841155,0.0514440433212996,0.0034666034733742,0.0049118619170032,1955.0,1763.0,0.6263636363636363,0.0030185990700465,0.0008371228124067,0.0003888023686271
2017-01-16,2215.0,2235.0,2215.0,2218.0,55200.0,2218.0,2205.4,2186.5,2140.04,1975.92,1867.13,False,False,False,False,False,False,True,True,False,False,False,-0.0320108205590622,-0.0518485121731289,,,0.0351487826871055,0.1091433724075743,-0.042380522993688,0.0595130748422001,0.0033672078491706,0.012211296592728,1962.0,1744.0,0.8011611030478955,0.003084054503654,6.545543360757158e-05,-9.939562420365184e-05
2017-01-17,2205.0,2207.0,2139.0,2146.0,66100.0,2146.0,2190.2,2188.8,2143.56,1981.3733333333328,1869.095,False,False,False,False,False,False,True,True,False,True,False,0.0102516309412861,-0.0410065237651444,,,0.0011369990680335,0.0767132649891273,-0.0060577819198508,0.1267474370922647,0.002752299751687,0.0246710526315789,1981.0,1765.0,1.197463768115942,0.0016421280486666,-0.0014419264549873,-0.0006149080974835
2017-01-18,2131.0,2154.0,2108.0,2154.0,66500.0,2154.0,2183.0,2193.1,2146.52,1987.0533333333333,1870.91,False,False,False,False,False,False,True,True,False,True,False,0.0083565459610027,-0.0338904363974001,,,0.00347260909935,0.0775054162797895,-0.0102135561745589,0.1188486536675951,0.0028585040495476,0.036158861885003,2017.0,1770.0,1.006051437216339,0.0013789762033431,-0.0002631518453235,0.0001062042978606
2017-01-19,2174.0,2186.0,2159.0,2166.0,45000.0,2166.0,2180.0,2192.1,2150.2,1992.36,1872.535,False,False,False,False,False,False,True,True,False,False,False,0.0083102493074792,-0.0323176361957525,,,0.0072945521698985,0.0801662049861496,-0.0170821791320406,0.1094182825484764,0.0026635079336398,0.0490397335887961,2033.0,1802.0,0.6766917293233082,0.0017114687005859,0.0003324924972428,-0.0001949961159078
2017-01-20,2172.0,2184.0,2159.0,2166.0,80000.0,2166.0,2170.0,2189.9,2153.88,1997.8266666666664,1874.155,False,False,False,False,False,False,True,True,False,True,False,0.0064635272391505,-0.0290858725761772,,,0.0055955678670359,0.0776423514927671,-0.0166204986149584,0.1389658356417359,0.0027363067867081,0.0642038449244257,2026.0,1811.0,1.7777777777777777,0.0017085445800138,-2.924120572038317e-06,7.279885306831326e-05
2017-01-23,2150.0,2175.0,2140.0,2147.0,51700.0,2147.0,2155.8,2180.6,2156.28,2003.1333333333328,1875.625,False,False,False,False,False,False,True,True,False,True,False,-0.0204937121564974,-0.0284117373078714,,,-0.0043223102002795,0.0670082285359416,0.0069864927806241,0.151374010246856,0.0026491829467168,0.0816747684123635,2036.0,1808.0,0.64625,0.001113027992654,-0.0005955165873598,-8.712383999122646e-05
2017-01-24,2147.0,2170.0,2140.0,2168.0,52500.0,2168.0,2160.2,2175.2,2158.44,2009.04,1877.315,False,False,False,False,False,False,True,True,False,True,False,-0.0507380073800738,-0.0415129151291512,,,0.0044095940959409,0.0733210332103321,-0.0133763837638376,0.1369926199261992,0.0029400443329484,0.0953015814637735,2063.0,1812.0,1.0154738878143132,0.001000722744204,-0.0001123052484499,0.0002908613862315
2017-01-25,2175.0,2191.0,2161.0,2172.0,55900.0,2172.0,2163.8,2173.4,2160.68,2014.8666666666663,1878.915,False,False,False,False,False,False,True,True,False,False,False,-0.0418968692449355,-0.042817679558011,,,0.0052117863720074,0.0723449969306324,-0.0069060773480662,0.1390423572744014,0.0028918373424211,0.1096898868132879,2064.0,1848.0,1.0647619047619048,0.0010367106651608,3.598792095678687e-05,-4.82069905272612e-05
2017-01-26,2198.0,2198.0,2163.0,2184.0,65600.0,2184.0,2167.4,2173.7,2162.92,2021.12,1880.75,False,False,False,False,False,False,True,True,False,True,False,-0.0402930402930402,-0.0554029304029304,,,0.0096520146520146,0.0745787545787546,0.0064102564102564,0.1263736263736263,0.003093994089086,0.1155633252058703,2054.0,1841.0,1.1735241502683362,0.0010356370092283,-1.0736559324920052e-06,0.0002021567466648
2017-01-27,2200.0,2209.0,2159.0,2180.0,111100.0,2180.0,2170.2,2170.1,2164.68,2026.6666666666667,1882.59,False,False,False,False,False,False,True,True,False,True,False,-0.0353211009174311,-0.0220183486238532,,,0.0070275229357798,0.0703363914373088,-0.0022935779816513,0.1206422018348623,0.0027368421052632,0.1226210773697064,2091.0,1854.0,1.6935975609756098,0.000813053199549,-0.0002225838096793,-0.0003571519838227
2017-01-30,2167.0,2215.0,2039.0,2103.0,297800.0,2103.0,2161.4,2158.6,2163.12,2031.0266666666664,1884.355,False,False,False,False,False,False,False,True,False,True,False,-0.0080836899667142,0.0156918687589158,,,-0.0285877318116975,0.0342241242669203,0.0370898716119828,0.1583452211126961,0.0021466975651064,0.1325859353284537,2076.0,1885.0,2.6804680468046804,-0.0007211805170309,-0.0015342337165799,-0.0005901445401567
2017-01-31,2080.0,2080.0,2021.0,2058.0,229500.0,2058.0,2139.4,2149.8,2160.68,2034.9333333333327,1886.035,False,False,False,False,False,False,False,True,False,True,False,0.0097181729834791,0.0379008746355685,,,-0.0498931000971816,0.0112082928409459,0.06511175898931,0.184645286686103,0.0019198008124754,0.13815238626849,2069.0,1868.0,0.7706514439220954,-0.0011292741174075,-0.0004080936003765,-0.000226896752631
2017-02-01,2038.0,2099.0,2033.0,2081.0,140300.0,2081.0,2121.2,2142.5,2158.72,2039.28,1887.95,False,False,False,False,False,False,False,True,False,False,False,-0.0009610764055742,0.0451705910619894,,,-0.0373474291206149,0.0200480538202787,0.0523786641037962,0.1609802979336857,0.0021314712382148,0.1423103850641774,2067.0,1910.0,0.6113289760348584,-0.000907945449155,0.0002213286682524,0.0002116704257393
2017-02-02,2096.0,2131.0,2088.0,2096.0,106400.0,2096.0,2103.6,2135.5,2157.4,2043.9333333333327,1890.2,False,False,False,False,False,False,False,True,False,False,False,-0.0157442748091603,0.0209923664122137,,,-0.029293893129771,0.0248409669211196,0.0515267175572519,0.1636450381679389,0.0022766561205518,0.1477405759775228,2065.0,1983.0,0.7583749109052031,-0.0006118475943263,0.0002960978548287,0.0001451848823369
2017-02-03,2101.0,2118.0,2080.0,2103.0,91500.0,2103.0,2088.2,2129.2,2157.04,2048.4666666666667,1892.51,False,False,False,False,False,False,False,True,False,False,False,0.0137898240608654,0.0137898240608654,,,-0.0256966238706609,0.0259312093834204,0.0551592962434617,0.1754636233951498,0.0022130373938231,0.1513714071012588,2055.0,1992.0,0.8599624060150376,-0.0001668953751437,0.0004449522191825,-6.361872672869077e-05
2017-02-06,2125.0,2128.0,2081.0,2086.0,96900.0,2086.0,2084.8,2123.1,2155.0,2053.026666666666,1894.705,False,False,False,False,False,False,False,True,False,True,False,0.0239693192713326,0.0182166826462128,,,-0.0330776605944391,0.015806967082135,0.074784276126558,0.1711409395973154,0.0022211109451409,0.1533135509396637,2053.0,1963.0,1.0590163934426229,-0.0009466357308584,-0.0007797403557146,8.073551317791701e-06
2017-02-07,2080.0,2104.0,2071.0,2078.0,88500.0,2078.0,2088.8,2114.1,2153.2,2057.2,1896.745,False,False,False,False,False,False,False,True,False,False,False,0.0279114533205004,0.0264677574590952,,,-0.0361886429258901,0.0100096246390761,0.0721847930702598,0.1626564003849855,0.0020286473523885,0.1559055863014994,2058.0,1983.0,0.913312693498452,-0.0008359650752369,0.0001106706556215,-0.0001924635927524
2017-02-08,2071.0,2090.0,2057.0,2079.0,72500.0,2079.0,2088.4,2104.8,2151.92,2061.32,1898.78,False,False,False,False,False,False,False,True,False,False,False,0.0461760461760461,0.0254930254930254,,,-0.0350745550745551,0.0085040885040884,0.0683020683020683,0.1601731601731601,0.0019987192672658,0.158067274800456,2080.0,1889.0,0.8192090395480226,-0.0005948176512136,0.0002411474240232,-2.99280851227008e-05
2017-02-09,2073.0,2078.0,2055.0,2063.0,32900.0,2063.0,2081.8,2092.7,2147.4,2064.8,1900.685,False,False,False,False,False,False,False,True,False,True,False,0.0373242850218128,0.031992244304411,,,-0.0409112942317014,-0.0008725157537567,0.0736791080950072,0.1929229277750848,0.0016853932584269,0.1648110097003871,2074.0,2015.0,0.4537931034482758,-0.0021048710067989,-0.0015100533555852,-0.0003133260088388
2017-02-10,2098.0,2138.0,2096.0,2132.0,73400.0,2132.0,2087.6,2087.9,2145.16,2069.08,1902.85,False,False,False,False,False,False,False,True,False,False,False,0.0,-0.0009380863039399,,,-0.0061726078799248,0.0295121951219512,0.0408067542213883,0.1683864915572232,0.0020685522067777,0.1697878250874084,2074.0,1955.0,2.231003039513678,-0.0010442111544128,0.001060659852386,0.0003831589483507
2017-02-13,2142.0,2143.0,2124.0,2136.0,41600.0,2136.0,2097.6,2091.2,2141.0,2073.4533333333334,1904.76,False,False,False,False,False,False,False,True,False,True,False,-0.0056179775280898,0.0121722846441947,,,-0.0023408239700374,0.0292821473158551,0.0407303370786516,0.1811797752808988,0.0021092026828029,0.1721021423106351,2087.0,1962.0,0.5667574931880109,-0.001943017281644,-0.0008988061272311,4.0650476025211584e-05
2017-02-14,2156.0,2167.0,2131.0,2136.0,68000.0,2136.0,2109.2,2099.0,2137.56,2077.773333333333,1906.81,False,False,False,False,False,False,False,True,False,False,False,-0.0014044943820224,0.0014044943820224,,,-0.0007303370786516,0.0272596754057429,0.0285580524344569,0.1910112359550561,0.0020791488324037,0.1727965697951404,2114.0,1981.0,1.6346153846153846,-0.0016093115514886,0.0003337057301553,-3.005385039920021e-05
2017-02-15,2160.0,2178.0,2142.0,2175.0,86000.0,2175.0,2128.4,2108.4,2136.96,2082.133333333333,1909.14,False,False,False,False,True,False,False,True,False,False,False,-0.0197701149425287,-0.0082758620689655,,,0.0174896551724137,0.0426973180076628,-0.0022988505747126,0.1480459770114942,0.002094006147541,0.1714095996964523,2116.0,2017.0,1.2647058823529411,-0.000280772686433,0.0013285388650556,1.4857315137264872e-05
2017-02-16,2179.0,2190.0,2130.0,2140.0,112500.0,2140.0,2143.8,2112.8,2135.32,2086.12,1911.105,False,False,False,False,False,False,False,True,False,True,False,-0.0051401869158878,0.0271028037383177,,,0.0021869158878503,0.0251775700934579,0.0308411214953271,0.1700934579439252,0.0019110437878294,0.1720465732677016,2128.0,2033.0,1.308139534883721,-0.0007680347676225,-0.0004872620811895,-0.0001829623597116
2017-02-17,2145.0,2148.0,2129.0,2132.0,55400.0,2132.0,2143.8,2115.7,2131.96,2089.826666666667,1913.07,False,False,False,False,False,False,False,True,False,True,False,-0.0009380863039399,0.0201688555347091,,,1.8761726078782187e-05,0.0197811131957472,0.022983114446529,0.1721388367729831,0.0017736718196725,0.1717162168549417,2136.0,2026.0,0.4924444444444444,-0.0015760145593726,-0.00080797979175,-0.0001373719681568
2017-02-20,2124.0,2128.0,2107.0,2124.0,43700.0,2124.0,2141.4,2119.5,2128.2,2093.0133333333333,1914.925,False,False,False,False,False,True,False,True,False,True,False,0.0178907721280602,0.0268361581920903,,,-0.0019774011299434,0.0145888261142498,0.0484934086629001,0.1699623352165725,0.0015225257364182,0.171597074781788,2142.0,2036.0,0.7888086642599278,-0.0017667512451838,-0.0001907366858111,-0.0002511460832543
2017-02-21,2124.0,2153.0,2124.0,2133.0,47100.0,2133.0,2140.8,2125.0,2127.68,2096.5466666666666,1916.715,False,False,False,False,False,False,False,True,False,False,False,0.0028129395218002,0.0276605719643694,,,0.0024941397093296,0.0170901703391155,0.0248476324425691,0.1833098921706516,0.0016853110829872,0.1736470588235294,2119.0,2063.0,1.0778032036613272,-0.0002443976537825,0.0015223535914013,0.000162785346569
2017-02-22,2140.0,2149.0,2125.0,2132.0,64100.0,2132.0,2132.2,2130.3,2126.8,2099.5066666666667,1918.49,False,False,False,False,False,False,False,True,False,True,False,0.0117260787992495,0.0272045028142589,,,0.0024390243902438,0.0152407754846779,0.0150093808630394,0.1782363977485928,0.0014098550135587,0.1754213021640143,2130.0,2064.0,1.3609341825902337,-0.0004137671619332,-0.0001693695081507,-0.0002754560694284
2017-02-23,2139.0,2150.0,2126.0,2129.0,35600.0,2129.0,2130.0,2136.9,2125.32,2101.4533333333334,1920.405,False,False,False,False,False,False,False,True,False,True,False,0.032409581963363,0.0352278064819163,,,0.0017285110380459,0.0129387819007358,0.0112728980742132,0.1723813997181775,0.0009263430387858,0.173428798727128,2129.0,2054.0,0.5553822152886115,-0.0006963657237498,-0.0002825985618165,-0.0004835119747728
2017-02-24,2118.0,2136.0,2114.0,2130.0,59900.0,2130.0,2129.6,2136.7,2123.88,2103.293333333333,1922.245,False,False,False,False,False,False,False,True,False,False,False,0.0211267605633802,0.0417840375586854,,,0.0028732394366196,0.0125383411580595,0.0220657276995305,0.1779342723004695,0.0008748185385457,0.1743810548977397,2112.0,2091.0,1.6825842696629214,-0.0006780044070286,1.836131672117245e-05,-5.1524500240126615e-05
2017-02-27,2128.0,2173.0,2115.0,2162.0,108300.0,2162.0,2137.2,2139.3,2124.48,2105.9466666666667,1924.535,False,False,False,False,False,False,True,True,False,False,False,0.0087881591119333,0.0370027752081406,,,0.0173543015726179,0.0259266111625038,0.0009250693802035,0.150786308973173,0.0012599242779179,0.1713177207497779,2137.0,2076.0,1.8080133555926543,0.0002824220515137,0.0009604264585424,0.0003851057393721
2017-02-28,2169.0,2201.0,2135.0,2139.0,124100.0,2139.0,2138.4,2139.6,2123.32,2108.026666666666,1926.38,False,False,False,False,False,False,False,True,False,True,False,0.0247779336138382,0.0416082281439925,,,0.0073305282842448,0.0144802867383514,0.0168302945301542,0.1870032725572697,0.0009867047855179,0.1709197980931016,2123.0,2069.0,1.1458910433979683,-0.0005463142625698,-0.0008287363140836,-0.0002732194923999
2017-03-01,2141.0,2160.0,2128.0,2157.0,64700.0,2157.0,2143.4,2137.8,2122.72,2111.6,1928.06,False,False,False,False,False,False,False,True,False,False,False,0.015299026425591,0.0296708391284191,,,0.0158924432081595,0.0210477515067223,-0.0185442744552619,0.1706073249884098,0.001692239691861,0.1732154551407988,2111.0,2067.0,0.5213537469782433,-0.0002826562146681,0.0002636580479017,0.000705534906343
2017-03-02,2198.0,2229.0,2186.0,2198.0,107500.0,2198.0,2157.2,2143.6,2123.28,2114.04,1930.055,False,False,False,False,False,False,True,True,False,False,True,0.002729754322111,0.0077343039126478,,,0.0339945404913556,0.0381983621474067,-0.0213830755232029,0.1442220200181983,0.0011541881894382,0.1705542078746034,2176.0,2065.0,1.661514683153014,0.0002637428883615,0.0005463991030297,-0.0005380515024227
2017-03-03,2181.0,2204.0,2171.0,2175.0,51800.0,2175.0,2166.2,2147.9,2123.08,2116.9733333333334,1931.68,False,False,False,False,False,False,False,True,False,True,False,0.0202298850574712,0.0202298850574712,,,0.0238712643678161,0.0266789272030651,-0.0078160919540229,0.1618390804597701,0.0013856260195373,0.1695144094231574,2188.0,2055.0,0.481860465116279,-9.420276202511108e-05,-0.0003579456503867,0.000231437830099
2017-03-06,2178.0,2204.0,2168.0,2181.0,93100.0,2181.0,2170.0,2153.6,2126.2,2119.893333333333,1933.515,False,False,False,False,False,False,True,True,True,False,False,0.0279688216414488,0.0192572214580467,,,0.025126088950023,0.0280177288705488,-0.0183402109124254,0.1494727189362677,0.001377427795109,0.1674405646359583,2240.0,2053.0,1.7972972972972974,0.0014674066409556,0.0015616094029807,-8.198224428347493e-06
2017-03-07,2179.0,2219.0,2178.0,2192.0,117800.0,2192.0,2180.6,2159.5,2131.56,2122.7066666666665,1935.345,False,False,False,False,False,False,True,True,False,False,False,0.0164233576642335,0.0022810218978102,,,0.0275729927007299,0.0316119221411193,-0.0346715328467153,0.1427919708029197,0.0013253519091977,0.1633711507293355,2222.0,2058.0,1.2653061224489797,0.0025145902531479,0.0010471836121923,-5.20758859112369e-05
2017-03-08,2180.0,2191.0,2167.0,2190.0,50400.0,2190.0,2187.2,2165.3,2135.92,2125.0133333333333,1937.065,False,False,False,False,False,False,True,True,False,True,False,0.0141552511415525,-0.0091324200913242,,,0.0246940639269406,0.0296742770167427,-0.0378995433789954,0.1269406392694063,0.0010854833852023,0.1582228790467833,2190.0,2080.0,0.4278438030560271,0.0020412749541181,-0.0004733152990297,-0.0002398685239953
2017-03-09,2203.0,2209.0,2189.0,2204.0,71800.0,2204.0,2188.4,2172.8,2140.24,2127.293333333333,1938.965,False,False,False,False,False,False,True,True,False,True,False,0.0049909255898366,0.0009074410163339,,,0.028929219600726,0.0348033877797944,-0.0521778584392014,0.1039019963702359,0.0010717844898367,0.1513254786450661,2181.0,2074.0,1.4246031746031746,0.0020184652188538,-2.280973526436669e-05,-1.369889536564071e-05
2017-03-10,2201.0,2242.0,2196.0,2219.0,100000.0,2219.0,2197.2,2181.7,2144.88,2129.866666666667,1940.83,False,False,False,False,False,False,True,True,False,False,False,0.0,-0.0171248310049571,,,0.0334024335286164,0.0401682439537328,-0.0518251464623704,0.1050022532672375,0.0012082133466885,0.1440161342072697,2216.0,2074.0,1.392757660167131,0.0021632911864534,0.0001448259675996,0.0001364288568518
2017-03-13,2220.0,2247.0,2218.0,2242.0,53600.0,2242.0,2209.4,2189.7,2151.12,2132.613333333333,1942.785,False,False,False,False,False,False,True,True,False,False,False,-0.0084745762711864,-0.0066904549509366,,,0.0405352363960749,0.0487897710377641,-0.059322033898305,0.0883140053523639,0.0012879346779534,0.1376444261771019,2218.0,2087.0,0.536,0.0029008144594442,0.0007375232729908,7.972133126494044e-05
2017-03-14,2246.0,2246.0,2224.0,2228.0,63100.0,2228.0,2216.6,2198.6,2157.12,2134.813333333333,1944.74,False,False,False,False,False,False,True,True,False,True,False,-0.0139138240574506,-0.018850987432675,,,0.0318132854578097,0.0418252543387194,-0.0475763016157989,0.1140035906642728,0.0010305350662978,0.1304466478668244,2146.0,2114.0,1.1772388059701493,0.0027814864263462,-0.000119328033098,-0.0002573996116556
2017-03-15,2211.0,2249.0,2210.0,2221.0,57900.0,2221.0,2222.8,2205.0,2162.8,2136.9066666666668,1946.52,False,False,False,False,False,False,True,True,False,True,False,-0.0229626294461954,-0.0256641152633948,,,0.0262044124268346,0.0378628245535043,-0.0481764970733903,0.1143628995947771,0.0009796091546661,0.1248979591836735,2154.0,2116.0,0.9175911251980984,0.0026262252635473,-0.0001552611627988,-5.09259116317762e-05
2017-03-16,2200.0,2223.0,2190.0,2215.0,47800.0,2215.0,2225.0,2206.7,2168.88,2139.0533333333333,1948.135,False,False,False,False,False,False,True,True,False,False,False,-0.0040632054176072,-0.0279909706546275,,,0.0208216704288938,0.0342874341610233,-0.037923250564334,0.1313769751693002,0.0010035592068764,0.1236235102188789,2166.0,2128.0,0.8255613126079447,0.0028032901774187,0.0001770649138713,2.395005221039228e-05
2017-03-17,2200.0,2228.0,2199.0,2219.0,58100.0,2219.0,2225.0,2211.1,2172.36,2140.76,1949.8,False,False,False,False,False,False,True,True,False,True,False,-0.0171248310049571,-0.0189274447949526,,,0.0210184767913473,0.0352591257323117,-0.0274898602974312,0.1360973411446597,0.0007972246616467,0.1211161865135001,2166.0,2136.0,1.215481171548117,0.0016019444291001,-0.0012013457483185,-0.0002063345452297
2017-03-21,2223.0,2238.0,2196.0,2223.0,66900.0,2223.0,2221.2,2215.3,2175.84,2142.72,1951.45,False,False,False,False,False,False,True,True,False,True,False,0.0017993702204228,-0.026540710751237,,,0.0212145748987853,0.0361133603238867,-0.0148448043184885,0.1165092217723796,0.0009147252090798,0.1178621405678688,2147.0,2142.0,1.1514629948364887,0.0015993823075226,-2.562121577537324e-06,0.000117500547433
2017-03-22,2191.0,2210.0,2186.0,2197.0,76400.0,2197.0,2215.0,2215.8,2178.28,2144.4266666666667,1952.98,False,False,False,False,False,False,True,True,False,True,False,-0.0050068274920345,-0.0100136549840691,,,0.0085207100591715,0.023929600971021,0.0136549840691852,0.137915339098771,0.0007958615200956,0.1173842404549146,2168.0,2119.0,1.1420029895366215,0.0011201498429954,-0.0004792324645272,-0.0001188636889842
2017-03-23,2200.0,2208.0,2161.0,2170.0,85900.0,2170.0,2204.8,2213.8,2178.08,2145.8,1954.395,False,False,False,False,False,False,False,True,False,True,False,-0.0027649769585253,-0.0244239631336405,,,-0.0037235023041474,0.0111520737327188,0.0050691244239631,0.1829493087557603,0.000640009941902,0.122865660854639,2172.0,2130.0,1.12434554973822,-9.182399177269562e-05,-0.0012119738347681,-0.0001558515781935
2017-03-24,2169.0,2216.0,2161.0,2206.0,53400.0,2206.0,2203.0,2214.0,2180.72,2147.68,1955.86,False,False,False,False,False,False,True,True,True,False,False,-0.0240253853127833,-0.0249320036264732,,,0.0114596554850408,0.0264369900271986,0.0557570262919311,0.1518585675430643,0.0008753631825968,0.1276422764227641,2184.0,2129.0,0.6216530849825378,0.0012106093400344,0.0013024333318071,0.0002353532406948
2017-03-27,2174.0,2203.0,2172.0,2181.0,74400.0,2181.0,2195.4,2210.2,2182.68,2149.36,1956.97,False,False,False,False,False,False,True,True,False,True,False,-0.0018340210912425,-0.0105456212746446,,,-0.0007702888583217,0.0145071068317285,0.0683172856487849,0.1765245300320953,0.0007816280195036,0.1347389376527012,2180.0,2112.0,1.3932584269662922,0.0008979786317737,-0.0003126307082606,-9.373516309325868e-05
2017-03-28,2218.0,2249.0,2216.0,2227.0,116800.0,2227.0,2196.2,2208.7,2186.8,2151.68,1958.35,False,False,False,False,False,False,True,True,True,False,False,-0.0282891782667265,-0.03861697350696,,,0.0180511899416254,0.0338212842388864,0.0552312528064661,0.1553659631791648,0.0010782272456869,0.1415312174582335,2103.0,2137.0,1.5698924731182795,0.0018840314614964,0.0009860528297226,0.0002965992261833
2017-03-29,2210.0,2225.0,2172.0,2186.0,74300.0,2186.0,2194.0,2204.5,2188.92,2153.3866666666668,1959.575,False,False,False,False,False,False,True,True,False,True,False,-0.0050320219579139,-0.0320219579139981,,,-0.0013357731015553,0.0149191826776455,0.1061299176578225,0.1948764867337603,0.0007925500297207,0.1496030845996825,2058.0,2123.0,0.6361301369863014,0.0009685141530982,-0.0009155173083981,-0.0002856772159662
2017-03-30,2188.0,2188.0,2164.0,2164.0,53300.0,2164.0,2192.8,2198.8,2190.2,2154.5066666666667,1960.575,False,False,False,False,False,False,True,True,False,True,False,-0.0217190388170055,-0.0263401109057301,,,-0.0121072088724583,0.0043869377695625,0.1136783733826247,0.2042513863216266,0.0005198405822214,0.1585410223758413,2081.0,2111.0,0.7173620457604307,0.0005844215140168,-0.0003840926390814,-0.0002727094474993
2017-03-31,2189.0,2205.0,2153.0,2153.0,73900.0,2153.0,2182.2,2192.6,2191.16,2155.56,1961.53,False,False,False,False,False,False,True,True,False,True,False,-0.0009289363678588,-0.0297259637714816,,,-0.0177241058987458,-0.0011890385508592,0.1161170459823502,0.2085462145843009,0.0004886587862705,0.1661953844750525,2096.0,2176.0,1.3864915572232646,0.0004381240986509,-0.0001462974153659,-3.118179595088021e-05
2017-04-03,2171.0,2188.0,2160.0,2177.0,34600.0,2177.0,2181.4,2188.4,2193.04,2156.9333333333334,1962.535,False,False,False,False,False,False,True,True,False,False,False,-0.0087276067983463,-0.0335323840146991,,,-0.0073679375287092,0.0092175777063236,0.133210840606339,0.1915480018373909,0.0006367064350621,0.171769329190276,2103.0,2188.0,0.4682002706359945,0.0008572575055631,0.0004191334069121,0.0001480476487916
2017-04-04,2168.0,2178.0,2150.0,2164.0,70400.0,2164.0,2168.8,2182.5,2193.12,2157.96,1963.415,False,False,False,False,False,False,True,True,False,True,False,-0.0106284658040665,-0.0254158964879852,,,-0.0134565619223659,0.0027911275415896,0.1423290203327172,0.1982439926062846,0.0004757579689459,0.1800229095074456,2086.0,2240.0,2.034682080924856,3.647771211786279e-05,-0.0008207797934452,-0.0001609484661162
2017-04-05,2160.0,2180.0,2156.0,2175.0,50100.0,2175.0,2166.6,2180.3,2194.56,2158.773333333333,1964.43,False,False,False,False,False,False,True,True,False,False,False,-0.0271264367816091,-0.024367816091954,,,-0.0089931034482758,0.0074605363984675,0.1333333333333333,0.1825287356321839,0.0003767571707388,0.1845158923083978,2078.0,2222.0,0.7116477272727273,0.0006561679790026,0.0006196902668847,-9.90007982071624e-05
2017-04-06,2165.0,2166.0,2115.0,2117.0,32200.0,2117.0,2157.2,2175.0,2192.96,2158.786666666667,1965.295,False,False,False,False,False,False,False,True,False,True,False,-0.004723665564478,-0.0014170996693434,,,-0.0358809636277751,-0.0197386238387656,0.1686348606518658,0.2229570146433632,6.176308914471688e-06,0.1884137931034483,2079.0,2190.0,0.6427145708582834,-0.0007296074711804,-0.0013857754501831,-0.0003705808618243
2017-04-07,2118.0,2162.0,2118.0,2151.0,121500.0,2151.0,2156.8,2169.5,2191.08,2159.093333333333,1966.555,False,False,False,False,False,False,False,True,False,True,False,-0.0288238028823802,-0.0092980009298,,,-0.0186331938633193,-0.0037625910429255,0.1436541143654114,0.205020920502092,0.0001420349282411,0.193777368057156,2063.0,2181.0,3.773291925465839,-0.000858024353287,-0.0001284168821065,0.0001358586193266
2017-04-10,2154.0,2181.0,2140.0,2158.0,84200.0,2158.0,2153.0,2167.2,2190.4,2159.3866666666668,1968.165,False,False,False,False,False,False,False,True,False,False,False,-0.0250231696014828,0.0,,,-0.0150139017608897,-0.0006425702811245,0.1320667284522706,0.1895273401297497,0.0001358410412836,0.1950904392764859,2132.0,2216.0,0.6930041152263374,-0.0003104455807157,0.0005475787725712,-6.193886957519325e-06
2017-04-11,2142.0,2156.0,2130.0,2141.0,44200.0,2141.0,2148.4,2158.6,2188.8,2159.373333333333,1969.465,False,False,False,False,False,False,False,False,False,True,False,-0.0149462867818776,0.0228865016347501,,,-0.0223260158804297,-0.0085816596605945,0.1377860812704343,0.1256422232601588,-6.174630911642246e-06,0.1923005651811359,2136.0,2218.0,0.5249406175771971,-0.0007309941520467,-0.0004205485713309,-0.0001420156721952
2017-04-12,2127.0,2134.0,2094.0,2116.0,89300.0,2116.0,2136.6,2151.6,2185.76,2159.333333333333,1970.96,False,False,False,False,False,False,False,False,False,True,False,0.0028355387523629,0.0524574669187145,,,-0.0329678638941399,-0.0204788909892878,0.1521739130434782,0.1304347826086956,-1.85242358752533e-05,0.1859546384086261,2136.0,2146.0,2.020361990950226,-0.0013908205841446,-0.0006598264320978,-1.2349604963611054e-05
2017-04-13,2115.0,2115.0,2074.0,2107.0,148200.0,2107.0,2134.6,2145.9,2182.44,2159.026666666666,1972.235,False,False,False,False,False,False,False,False,False,True,False,0.0033222591362126,0.0351210251542477,,,-0.0358044613194115,-0.02469229552286,0.1466540104413858,0.1490270526815377,-0.0001420393140119,0.180483713127359,2175.0,2154.0,1.6595744680851063,-0.0015212331152289,-0.0001304125310842,-0.0001235150781366
2017-04-14,2106.0,2116.0,2087.0,2089.0,75400.0,2089.0,2122.2,2139.5,2177.84,2158.4933333333333,1973.035,False,False,False,False,False,False,False,False,False,True,False,0.0201053135471517,0.1148875059837242,,,-0.042527525131642,-0.0332663156215094,0.1675442795595979,0.1661081857348013,-0.0002470859303091,0.1762561346108903,2140.0,2166.0,0.5087719298245614,-0.0021121845498291,-0.0005909514346002,-0.0001050466162972
2017-04-17,2081.0,2116.0,2081.0,2104.0,77700.0,2104.0,2111.4,2132.2,2173.24,2158.3866666666668,1974.075,False,False,False,False,False,False,False,False,False,True,False,0.0256653992395437,0.1074144486692015,,,-0.0329087452471481,-0.0258491761723701,0.1749049429657794,0.1701520912547528,-4.941962824080161e-05,0.1740924866335242,2132.0,2166.0,1.030503978779841,-0.0021166553164861,-4.470766657005149e-06,0.0001976663020683
2017-04-18,2115.0,2120.0,2096.0,2109.0,42200.0,2109.0,2105.0,2126.7,2167.92,2158.0133333333333,1975.31,False,False,False,False,False,False,False,False,False,True,False,0.038406827880512,0.1142721669037458,,,-0.0279374110953058,-0.0232400821874506,0.1583688952110004,0.1721194879089616,-0.0001729986221895,0.1714393191329291,2124.0,2147.0,0.5431145431145431,-0.0024539650909626,-0.0003373097744764,-0.0001235789939487
2017-04-19,2100.0,2130.0,2092.0,2122.0,48800.0,2122.0,2106.2,2121.4,2163.68,2158.0,1976.58,False,False,False,False,False,False,False,False,False,False,False,0.0494816211121583,0.1394910461828463,,,-0.0196418473138547,-0.0169651272384542,0.1385485391140433,0.1705937794533459,-6.178560395422246e-06,0.1702177807108512,2133.0,2168.0,1.1563981042654028,-0.0019596243437108,0.0004943407472518,0.0001668200617941
2017-04-20,2115.0,2125.0,2106.0,2114.0,45300.0,2114.0,2107.6,2121.1,2159.4,2158.04,1978.37,False,False,False,False,False,False,False,True,False,True,False,0.031693472090823,0.1400189214758751,,,-0.0214758751182592,-0.0208325449385051,0.140964995269631,0.1646168401135288,1.853533762115792e-05,0.1643958323511387,2132.0,2172.0,0.9282786885245902,-0.0019820320459385,-2.2407702227744165e-05,2.471389801658016e-05
2017-04-21,2125.0,2136.0,2115.0,2131.0,54900.0,2131.0,2116.0,2119.1,2156.04,2157.44,1980.03,False,False,True,False,False,False,False,False,False,False,False,0.0929141248240262,0.1276396058188643,,,-0.0117503519474424,-0.0124073205068043,0.1548568747067104,0.1604880337869544,-0.0002781073865321,0.1598791939974518,2129.0,2184.0,1.2119205298013245,-0.0015584126454055,0.000423619400533,-0.0002966427241533
2017-04-24,2142.0,2176.0,2134.0,2158.0,81200.0,2158.0,2126.8,2119.1,2153.6,2157.04,1981.805,False,False,False,False,True,False,False,False,False,False,False,0.0797034291010194,0.1431881371640407,,,0.0020389249304912,0.0004448563484708,0.1543095458758109,0.139481000926784,-0.0001854393057152,0.1547826907649473,2130.0,2180.0,1.4790528233151183,-0.0011329866270431,0.0004254260183624,9.266808081686256e-05
2017-04-25,2154.0,2201.0,2139.0,2190.0,141500.0,2190.0,2143.0,2124.0,2152.28,2156.373333333333,1983.645,False,False,False,False,False,False,False,False,False,False,True,0.0730593607305936,0.1287671232876712,,,0.0172237442922373,0.0153546423135465,0.1520547945205479,0.1310502283105022,-0.0003091610605462,0.1552730696798494,2162.0,2103.0,1.7426108374384237,-0.0006133031018267,0.0005196835252163,-0.0001237217548309
2017-04-26,2220.0,2247.0,2214.0,2227.0,114100.0,2227.0,2164.0,2135.1,2153.48,2156.44,1985.73,False,False,False,False,False,False,True,True,False,False,False,0.0857656039515042,0.1068702290076335,,,0.0330130220026942,0.0316838796587337,0.1423439604849573,0.1109115401885945,3.091515027872826e-05,0.1531075827830078,2139.0,2058.0,0.8063604240282686,0.0005572375875326,0.0011705406893594,0.0003400762108249
2017-04-27,2203.0,2221.0,2160.0,2181.0,191300.0,2181.0,2177.4,2142.5,2153.92,2156.32,1987.5,False,False,False,False,False,False,True,False,False,True,False,0.1049977074736359,0.1343420449335167,,,0.012416322787712,0.0113159101329664,0.1448876662081614,0.150389729481889,-5.565036729237352e-05,0.1532322053675613,2157.0,2081.0,1.6765994741454864,0.0002042787104442,-0.0003529588770884,-8.656551757110178e-05
2017-04-28,2225.0,2350.0,2186.0,2329.0,363800.0,2329.0,2217.0,2166.5,2158.84,2158.293333333333,1990.05,True,True,False,False,False,False,True,True,True,False,False,0.0317732932589094,0.0562473164448261,,,0.0730613997423786,0.0732961213682554,0.0751395448690425,0.0635465865178188,0.0009143026588907,0.1423494114931918,2198.0,2096.0,1.9017250392054368,0.0022790016860907,0.0020747229756464,0.0009699530261831
2017-05-01,2261.0,2337.0,2258.0,2330.0,187900.0,2330.0,2251.4,2189.1,2164.8,2159.813333333333,1992.155,False,False,False,False,False,False,True,True,False,False,False,0.0587982832618025,0.0484978540772532,,,0.070901287553648,0.0730414878397712,0.0725321888412017,0.0721030042918454,0.0007037645228599,0.1322004476725595,2175.0,2103.0,0.5164925783397472,0.0027531411677753,0.0004741394816846,-0.0002105381360307
2017-05-02,2316.0,2359.0,2316.0,2350.0,97300.0,2350.0,2283.4,2213.2,2169.72,2161.5733333333333,1994.575,False,False,False,False,False,False,True,True,False,True,False,0.0519148936170212,0.036595744680851,,,0.0767148936170213,0.0801815602836879,0.0574468085106383,0.0663829787234042,0.0008142217397205,0.1214079161395266,2181.0,2086.0,0.5178286322511975,0.0022675736961449,-0.0004855674716303,0.0001104572168605
2017-05-08,2374.0,2433.0,2374.0,2418.0,256100.0,2418.0,2321.6,2242.8,2179.0,2165.2,1997.42,False,False,False,False,False,False,True,True,False,False,False,0.0194375516956162,0.0082712985938792,,,0.0988420181968569,0.1045492142266336,0.0438378825475599,0.0384615384615384,0.0016749799864523,0.1078116639914391,2192.0,2078.0,2.632065775950668,0.0042588343276733,0.0019912606315283,0.0008607582467317
2017-05-09,2400.0,2422.0,2387.0,2410.0,128100.0,2410.0,2367.4,2272.4,2188.84,2168.613333333333,2000.33,False,False,False,False,False,False,True,True,False,False,False,0.0265560165975103,0.0024896265560165,,,0.0917676348547717,0.1001604426002768,0.0423236514522821,0.0481327800829875,0.0015739704634603,0.0961978524907586,2190.0,2079.0,0.5001952362358454,0.0044955318798999,0.0002366975522265,-0.0001010095229919
2017-05-10,2392.0,2454.0,2390.0,2403.0,274500.0,2403.0,2382.2,2299.6,2198.84,2171.773333333333,2002.79,False,False,False,False,False,False,True,True,False,False,False,0.0237203495630461,0.0149812734082397,,,0.0849604660840615,0.0962241642391456,0.0387016229712858,0.0599250936329588,0.0014550321396341,0.0864498173595408,2204.0,2063.0,2.142857142857143,0.0045478525040475,5.232062414766651e-05,-0.0001189383238262
2017-05-11,2428.0,2472.0,2420.0,2467.0,176000.0,2467.0,2409.6,2330.5,2210.44,2175.786666666667,2005.375,False,False,False,False,False,False,True,True,False,False,False,-0.0097284150790433,0.0020267531414673,,,0.1039967571949736,0.1180435076341034,0.0170247263883259,0.0352655046615322,0.0018445435827043,0.0761210040763784,2219.0,2132.0,0.6411657559198543,0.0052478239626499,0.0006999714586023,0.0003895114430702
2017-05-12,2467.0,2475.0,2445.0,2472.0,224500.0,2472.0,2434.0,2358.7,2222.76,2180.12,2007.945,False,False,False,False,False,False,True,True,False,False,False,-0.0145631067961165,-0.0117313915857605,,,0.1008252427184465,0.1180744336569579,0.0064724919093851,0.0364077669902912,0.0019876581717212,0.0668588629329716,2242.0,2136.0,1.275568181818182,0.0055426586766003,0.0002948347139504,0.0001431145890169
2017-05-15,2440.0,2474.0,2440.0,2465.0,125900.0,2465.0,2443.4,2382.5,2234.36,2184.08,2010.55,False,False,False,False,False,False,True,True,False,True,False,-0.0109533468559837,-0.0198782961460446,,,0.0935659229208924,0.1139634888438134,0.0300202839756592,0.0474645030425963,0.0018131203985202,0.0607345225603357,2228.0,2136.0,0.5608017817371937,0.0051916432445979,-0.0003510154320023,-0.000174537773201
2017-05-16,2465.0,2479.0,2453.0,2474.0,130400.0,2474.0,2456.2,2411.8,2248.64,2188.1066666666666,2013.14,False,False,False,False,False,False,True,True,False,False,False,-0.0234438156831042,-0.0250606305578011,,,0.0910913500404204,0.1155591484774993,0.0206143896523848,0.0367825383993532,0.0018402515416676,0.0501699975122315,2221.0,2175.0,1.0357426528991265,0.0063505051942506,0.0011588619496526,2.713114314745386e-05
2017-05-17,2446.0,2476.0,2446.0,2460.0,150900.0,2460.0,2467.6,2424.9,2261.0,2191.786666666667,2015.34,False,False,False,False,False,False,True,True,False,True,False,-0.0085365853658536,0.0004065040650406,,,0.0808943089430894,0.1090298102981029,0.0223577235772357,0.0593495934959349,0.0016789955226787,0.0498164872778257,2215.0,2140.0,1.1572085889570551,0.0054666076957099,-0.0008838974985407,-0.0001612560189889
2017-05-18,2415.0,2450.0,2405.0,2443.0,169800.0,2443.0,2462.8,2436.2,2272.4,2195.293333333333,2017.4,False,False,False,False,False,False,True,True,False,True,False,0.0118706508391322,0.0196479738027015,,,0.0698321735571018,0.1013944603629418,0.0343839541547277,0.0421612771182971,0.0015973567693305,0.0469173302684509,2219.0,2132.0,1.125248508946322,0.0050167224080267,-0.0004498852876831,-8.163875334819847e-05
2017-05-19,2450.0,2455.0,2427.0,2436.0,104500.0,2436.0,2455.6,2444.8,2284.2,2199.733333333333,2019.26,False,False,False,False,False,False,True,True,False,False,False,0.0028735632183908,0.0357142857142857,,,0.0623152709359606,0.0969896004378763,0.0291461412151067,0.0307881773399014,0.0020184264759365,0.0434391361256543,2223.0,2124.0,0.6154299175500589,0.0051659224236055,0.0001492000155787,0.0004210697066059
2017-05-22,2438.0,2454.0,2407.0,2438.0,302600.0,2438.0,2450.2,2446.8,2297.08,2204.8,2021.265,False,False,False,False,False,False,True,True,False,False,False,-0.0090237899917965,0.0434782608695652,,,0.0578014766201805,0.0956521739130434,0.027481542247744,0.0287120590648072,0.00229801644896,0.0424636259604379,2197.0,2133.0,2.895693779904306,0.0056071186027478,0.0004411961791423,0.0002795899730235
2017-05-23,2442.0,2451.0,2415.0,2416.0,231500.0,2416.0,2438.6,2447.4,2309.44,2209.266666666667,2023.145,False,False,False,False,False,False,True,True,False,True,False,-0.0016556291390728,0.0335264900662251,,,0.0441059602649006,0.0855684326710815,0.021523178807947,0.0504966887417218,0.0020217870183168,0.0426983737844242,2170.0,2132.0,0.7650363516192994,0.005351946792296,-0.0002551718104518,-0.0002762294306432
2017-05-24,2457.0,2467.0,2430.0,2439.0,152500.0,2439.0,2434.4,2451.0,2323.44,2213.84,2025.285,False,False,False,False,False,False,True,True,False,False,False,0.009020090200902,0.026650266502665,,,0.0473800738007379,0.0923165231652315,-0.002460024600246,0.052070520705207,0.0020657921680578,0.0419420644634843,2206.0,2129.0,0.6587473002159827,0.0060255483248975,0.0006736015326015,4.4005149741083854e-05
2017-05-25,2429.0,2501.0,2427.0,2472.0,289400.0,2472.0,2440.2,2451.5,2338.16,2218.76,2027.375,False,False,False,False,False,False,True,True,False,False,False,0.0076860841423948,0.0109223300970873,,,0.0541423948220065,0.1024433656957927,-0.0080906148867313,0.0594660194174757,0.0022174547945699,0.0443809912298593,2181.0,2130.0,1.897704918032787,0.0062955486365346,0.000270000311637,0.000151662626512
2017-05-26,2472.0,2481.0,2429.0,2443.0,95100.0,2443.0,2441.6,2448.6,2351.52,2223.52,2029.34,False,False,False,False,False,False,True,True,False,True,False,0.0327466230045026,0.0171919770773638,,,0.0374457634056488,0.089840360212853,-0.0012279983626688,0.0659025787965616,0.0021407498021154,0.0473331699746794,2227.0,2162.0,0.3286109191430545,0.0056814315846771,-0.0006141170518574,-7.670499245451433e-05
2017-05-29,2420.0,2435.0,2402.0,2416.0,200700.0,2416.0,2437.2,2443.7,2363.28,2228.026666666666,2031.975,False,False,False,False,False,False,True,True,False,True,False,0.0529801324503311,0.0447019867549668,,,0.02182119205298,0.0778035320088302,0.0273178807947019,0.0885761589403973,0.0020227166640732,0.0513974710480011,2186.0,2139.0,2.110410094637224,0.0049761348634102,-0.0007052967212669,-0.0001180331380422
2017-05-30,2405.0,2442.0,2397.0,2412.0,106800.0,2412.0,2436.4,2437.5,2375.2,2232.4666666666667,2035.23,False,False,False,False,False,False,True,True,False,False,False,0.0352404643449419,0.0414593698175787,,,0.015257048092869,0.074433388612493,0.0261194029850746,0.0833333333333333,0.0019888314868458,0.0560410256410256,2164.0,2157.0,0.5321375186846039,0.0050185247558098,4.238989239960852e-05,-3.3885177227364286e-05
2017-05-31,2448.0,2474.0,2436.0,2461.0,154200.0,2461.0,2440.8,2437.6,2388.4,2237.773333333333,2038.86,False,False,False,False,False,False,True,True,False,False,False,0.0174725721251523,0.0142218610321007,,,0.0295002031694432,0.0907056751997833,0.0182852498984152,0.0735473384802925,0.0023714049084505,0.0574745651460452,2153.0,2198.0,1.4438202247191012,0.0055267124434769,0.000508187687667,0.0003825734216046
2017-06-01,2461.0,2496.0,2459.0,2491.0,111600.0,2491.0,2444.6,2442.4,2401.72,2242.56,2042.67,False,False,False,False,False,False,True,True,False,False,False,0.0032115616218386,0.0072260136491368,,,0.035841027699719,0.0997350461661983,0.0120433560818948,0.0798875953432356,0.0021344653729072,0.0612921716344578,2177.0,2175.0,0.7237354085603113,0.0055460253485001,1.931290502320184e-05,-0.0002369395355432
2017-06-02,2500.0,2529.0,2498.0,2523.0,167500.0,2523.0,2460.6,2451.1,2415.04,2247.72,2046.55,False,False,False,False,False,False,True,True,False,True,False,-0.0150614347998414,-0.0138723741577487,,,0.0427903289734443,0.1091082045184305,-0.0162504954419342,0.0479587792310741,0.0022956596017296,0.0629513279751948,2164.0,2181.0,1.5008960573476702,0.0055154365973235,-3.0588751176612895e-05,0.0001611942288224
2017-06-05,2523.0,2550.0,2481.0,2544.0,157900.0,2544.0,2486.2,2461.7,2427.72,2253.16,2050.91,False,False,False,False,False,False,True,True,False,True,False,-0.0078616352201257,-0.0019654088050314,,,0.0457075471698114,0.1143238993710692,-0.0172955974842767,0.0302672955974842,0.0024143869055016,0.0629646179469472,2175.0,2192.0,0.9426865671641792,0.005223007595604,-0.0002924290017194,0.0001187273037719
2017-06-06,2538.0,2550.0,2491.0,2497.0,84000.0,2497.0,2503.2,2469.8,2440.36,2257.4533333333334,2055.155,False,False,False,False,False,False,True,True,False,True,False,0.0060072086503804,0.0112134561473768,,,0.0226832198638365,0.0959337872113202,0.0280336403684421,0.05326391670004,0.0019018481002192,0.0632034982589683,2117.0,2190.0,0.5319822672577581,0.0051795636709339,-4.344392467010849e-05,-0.0005125388052824
2017-06-07,2480.0,2511.0,2479.0,2504.0,61400.0,2504.0,2511.8,2476.3,2447.36,2262.306666666667,2059.595,False,False,False,False,False,False,True,True,False,True,False,-0.0031948881789137,0.0043929712460063,,,0.0226198083067092,0.0965228966986154,0.014776357827476,0.0447284345047923,0.0021453030240522,0.0624318539756895,2151.0,2204.0,0.7309523809523809,0.0028602248953974,-0.0023193387755364,0.0002434549238329
2017-06-08,2508.0,2518.0,2482.0,2499.0,93400.0,2499.0,2513.4,2479.0,2454.12,2267.2,2063.945,False,False,False,False,False,False,True,True,False,True,False,0.0040016006402561,0.011204481792717,,,0.0179591836734694,0.0927571028411365,0.0268107242897158,0.0512204881952781,0.0021583156904256,0.0615974183138361,2158.0,2219.0,1.521172638436482,0.0027545515296724,-0.000105673365725,1.301266637341843e-05
2017-06-09,2487.0,2508.0,2472.0,2485.0,72000.0,2485.0,2505.8,2483.2,2459.52,2272.0133333333333,2068.265,False,False,False,False,False,False,True,True,False,True,False,0.0012072434607645,0.0088531187122736,,,0.0102535211267605,0.0857089201877934,0.0354124748490945,0.041851106639839,0.0021185321682385,0.0591978092783505,2141.0,2242.0,0.7708779443254818,0.002195550351288,-0.0005590011783843,-3.978352218710069e-05
2017-06-12,2473.0,2530.0,2466.0,2524.0,108300.0,2524.0,2501.8,2494.0,2463.76,2277.2266666666665,2072.845,False,False,False,False,False,False,True,True,False,True,False,0.0059429477020602,-0.0075277337559429,,,0.0238668779714737,0.097770734284205,0.0348652931854199,0.0515055467511885,0.0022893343950535,0.0555733761026463,2116.0,2228.0,1.5041666666666669,0.001720946845472,-0.000474603505816,0.000170802226815
2017-06-13,2512.0,2539.0,2493.0,2512.0,167700.0,2512.0,2504.8,2504.0,2467.84,2282.293333333333,2077.54,False,False,False,False,False,False,True,True,False,True,False,0.0051751592356687,-0.0175159235668789,,,0.0175796178343948,0.091443736730361,0.037420382165605,0.0688694267515923,0.0022199892505783,0.0542332268370607,2107.0,2221.0,1.548476454293629,0.0016532676348547,-6.7679210617315e-05,-6.934514447520844e-05
2017-06-14,2515.0,2521.0,2441.0,2496.0,123100.0,2496.0,2503.2,2507.5,2471.56,2287.1866666666665,2082.005,False,False,False,False,False,False,True,True,False,True,False,0.0076121794871794,-0.0252403846153846,,,0.0097916666666666,0.0836591880341881,0.0424679487179487,0.0677083333333333,0.0021394551676295,0.0536789631106679,2089.0,2215.0,0.7340488968395945,0.0015051222709542,-0.0001481453639004,-8.053408294877822e-05
2017-06-15,2487.0,2522.0,2484.0,2509.0,60700.0,2509.0,2505.2,2509.3,2473.24,2292.24,2086.44,False,False,False,False,False,False,True,True,False,True,False,0.0071741729772817,-0.0227182144280589,,,0.0142526903148665,0.0863929852530889,0.0338780390593862,0.0753288162614587,0.0022045393734221,0.0532419399832622,2104.0,2219.0,0.4930950446791227,0.0006792709158835,-0.0008258513550707,6.508420579263074e-05
2017-06-16,2483.0,2512.0,2465.0,2488.0,140100.0,2488.0,2505.8,2505.8,2473.88,2296.5866666666666,2090.895,False,False,False,False,False,False,True,True,False,True,False,0.007636655948553,-0.0192926045016077,,,0.0056752411575562,0.0769346195069668,0.0422025723472668,0.0767684887459807,0.0018926638954042,0.0561098252055231,2109.0,2223.0,2.3080724876441514,0.0002587029281939,-0.0004205679876896,-0.0003118754780179
2017-06-19,2488.0,2543.0,2482.0,2539.0,121300.0,2539.0,2508.8,2505.3,2476.84,2301.92,2095.51,False,False,False,False,False,False,True,True,True,False,False,-0.013391098857818,-0.0224497833792831,,,0.0244820795588813,0.0933753446238676,0.0129972430090586,0.0452934226073257,0.002316906466486,0.0576378078473634,2122.0,2197.0,0.8658101356174162,0.001195071139032,0.0009363682108381,0.0004242425710817
2017-06-20,2526.0,2535.0,2481.0,2525.0,167800.0,2525.0,2511.4,2508.1,2478.88,2306.826666666667,2100.025,False,False,False,False,False,False,True,True,False,True,False,-0.0225742574257425,-0.0198019801980198,,,0.0182653465346534,0.0864052805280527,0.0253465346534653,0.034059405940594,0.0021270200910919,0.0556995335114231,2114.0,2170.0,1.3833470733718054,0.0008229523010391,-0.0003721188379928,-0.000189886375394
2017-06-21,2512.0,2535.0,2493.0,2515.0,115300.0,2515.0,2515.2,2509.2,2481.08,2311.0533333333333,2104.47,False,False,False,False,False,False,True,True,False,False,False,-0.0326043737574552,-0.0035785288270377,,,0.0134870775347912,0.08109211398277,0.0306163021868787,0.0337972166998011,0.0018288918761429,0.0545990754025187,2131.0,2206.0,0.6871275327771156,0.0008867106260176,6.375832497846441e-05,-0.000298128214949
2017-06-22,2515.0,2537.0,2504.0,2527.0,139500.0,2527.0,2518.8,2512.0,2484.44,2315.7466666666664,2108.985,False,False,False,False,False,False,True,True,False,False,False,-0.0296794618124258,-0.002374356944994,,,0.0168421052631578,0.0835984698588577,0.0158290462999604,0.0213692125049465,0.0020267041299853,0.051592356687898,2158.0,2181.0,1.209887250650477,0.0013524174461851,0.0004657068201674,0.0001978122538423
2017-06-23,2534.0,2534.0,2485.0,2507.0,130400.0,2507.0,2522.6,2514.2,2487.28,2320.093333333333,2113.485,False,False,False,False,False,False,True,True,False,True,False,-0.026725169525329,-0.0099720781810929,,,0.007865975269246,0.0745539157026993,-0.0386916633426406,0.036697247706422,0.0018734878481898,0.0510699228382786,2190.0,2227.0,0.9347670250896056,0.0011418095268727,-0.0002106079193123,-0.0001532162817954
2017-06-26,2503.0,2509.0,2480.0,2505.0,90300.0,2505.0,2515.8,2512.3,2489.96,2324.266666666667,2117.925,False,False,False,False,False,False,True,True,False,True,False,-0.0091816367265469,-0.0019960079840319,,,0.006003992015968,0.0721490352628076,-0.0451097804391217,0.0391217564870259,0.0017955484167052,0.0498348127214105,2227.0,2186.0,0.6924846625766872,0.0010763225112049,-6.548701566785344e-05,-7.793943148464615e-05
2017-06-27,2501.0,2501.0,2430.0,2468.0,269200.0,2468.0,2504.4,2507.9,2492.04,2327.9733333333334,2121.895,False,False,False,False,False,False,True,True,False,True,False,0.002836304700162,0.0401134521880064,,,-0.009740680713128,0.0567368989735278,-0.0190437601296596,0.0652350081037277,0.0015922290060595,0.0494437577255871,2181.0,2164.0,2.981173864894795,0.000834657549638,-0.0002416649615669,-0.0002033194106456
2017-06-28,2461.0,2471.0,2427.0,2433.0,145400.0,2433.0,2488.0,2501.6,2491.8,2331.026666666666,2125.615,False,False,False,False,False,False,False,True,False,True,False,0.0300041101520756,0.0443896424167694,,,-0.0241676942046856,0.0419125907658585,0.001233045622688,0.0674064940402794,0.0013098663249953,0.0493684042212983,2329.0,2153.0,0.5401188707280832,-9.63159162050653e-05,-0.000930973465843,-0.0002823626810642
2017-06-29,2450.0,2453.0,2409.0,2452.0,235400.0,2452.0,2473.0,2495.9,2491.0,2334.133333333333,2129.215,False,False,False,False,False,False,False,True,False,True,False,0.0281402936378466,0.0464926590538336,,,-0.015905383360522,0.0480696030451332,0.0040783034257748,0.0603588907014681,0.0013309722380899,0.0478384550663087,2330.0,2177.0,1.6189821182943605,-0.0003211561621839,-0.0002248402459788,2.110591309459971e-05
2017-06-30,2440.0,2454.0,2420.0,2440.0,122300.0,2440.0,2459.6,2491.1,2490.88,2336.773333333333,2132.87,False,False,False,False,False,False,False,True,False,False,False,0.0172131147540983,0.0545081967213114,,,-0.0208524590163934,0.0423060109289618,0.0131147540983606,0.060655737704918,0.0011297629780095,0.0462044879771987,2350.0,2164.0,0.5195412064570943,-4.8175745118147344e-05,0.0002729804170657,-0.0002012092600804
2017-07-03,2477.0,2525.0,2472.0,2482.0,187800.0,2482.0,2455.0,2485.4,2493.52,2340.16,2136.745,False,False,False,False,False,False,True,True,True,False,False,0.0072522159548751,0.0523771152296535,,,-0.00464141821112,0.0571474617244158,0.0008058017727639,0.0515713134568896,0.0014471944938238,0.0468335076848797,2418.0,2175.0,1.53556827473426,0.0010587442651351,0.0011069200102533,0.0003174315158143
2017-07-04,2510.0,2534.0,2468.0,2475.0,126900.0,2475.0,2456.4,2480.4,2496.04,2343.5466666666666,2140.34,False,False,False,False,False,False,True,True,False,True,False,0.0371717171717171,0.0529292929292929,,,-0.00850101010101,0.0531124579124579,-0.0052525252525252,0.0565656565656565,0.0014451031485043,0.0491049830672471,2410.0,2117.0,0.6757188498402555,0.0010095992051409,-4.91450599942433e-05,-2.0913453195230483e-06
2017-07-05,2482.0,2506.0,2463.0,2506.0,100100.0,2506.0,2471.0,2479.5,2497.84,2347.4266666666667,2144.11,False,False,False,True,True,False,True,True,False,True,False,0.0139664804469273,0.0383080606544293,,,0.0032561851556264,0.0632774674115456,-0.01316839584996,0.0634477254588986,0.0016528737851946,0.0521072796934865,2403.0,2151.0,0.7888100866824271,0.0007206226179419,-0.0002889765871989,0.0002077706366903
2017-07-06,2504.0,2521.0,2488.0,2521.0,101300.0,2521.0,2484.8,2478.9,2499.04,2351.4533333333334,2147.96,False,False,False,False,False,False,True,True,False,True,False,0.0178500595001983,0.0289567631892106,,,0.0087108290360968,0.0672537352902287,-0.0245934153113843,0.0531535105117017,0.0017124161511462,0.0553471297753034,2467.0,2158.0,1.011988011988012,0.0004801843908059,-0.0002404382271359,5.9542365951616985e-05
2017-07-07,2496.0,2515.0,2476.0,2482.0,101400.0,2482.0,2493.2,2476.4,2497.4,2354.9066666666668,2151.635,False,False,False,False,False,False,False,True,False,True,False,0.0366639806607574,0.0447219983883964,,,-0.006204673650282,0.0512060166532366,-0.0020145044319097,0.0664786462530217,0.001466441699034,0.0583508318526893,2472.0,2141.0,1.0009871668311945,-0.0006566829502682,-0.0011368673410742,-0.0002459744521121
2017-07-10,2500.0,2509.0,2481.0,2500.0,80000.0,2500.0,2496.8,2475.9,2495.64,2358.9466666666667,2155.47,False,False,False,False,False,False,False,True,False,True,False,0.0448,0.0288,,,0.001744,0.0564213333333333,-0.0104,0.0648,0.001712628800425,0.060947534229977,2465.0,2116.0,0.7889546351084813,-0.0007052299209822,-4.854697071405244e-05,0.0002461871013909
2017-07-11,2516.0,2571.0,2516.0,2567.0,148300.0,2567.0,2515.2,2485.8,2498.44,2364.24,2159.62,False,False,False,False,False,False,True,True,True,False,True,0.0151928320997273,0.0085703155434359,,,0.0267082197117257,0.0789871445266849,-0.0225944682508765,0.0385664199454616,0.00223891539494,0.0582106364148361,2474.0,2107.0,1.85375,0.0011206993163734,0.0018259292373557,0.000526286594515
2017-07-12,2567.0,2567.0,2528.0,2541.0,139600.0,2541.0,2522.2,2496.6,2499.92,2368.7066666666665,2163.685,False,False,False,False,False,False,True,True,False,True,False,0.0240062967335694,0.0200708382526564,,,0.0161668634395906,0.0678053259871442,-0.0251869342778433,0.1074380165289256,0.001885698524652,0.0623247616758791,2460.0,2089.0,0.9413351314902224,0.0005920189446062,-0.0005286803717672,-0.000353216870288
2017-07-13,2574.0,2591.0,2560.0,2566.0,116100.0,2566.0,2531.2,2508.0,2502.6,2373.84,2167.995,False,False,False,False,False,False,True,True,False,False,False,0.0109119251753702,0.000389711613406,,,0.0247077162899454,0.0748869836321121,-0.0265003897116134,0.1449727201870616,0.0021624596996148,0.0709728867623604,2443.0,2104.0,0.8316618911174785,0.0010708862782705,0.0004788673336642,0.0002767611749628
2017-07-14,2588.0,2597.0,2566.0,2573.0,148400.0,2573.0,2549.4,2521.3,2506.12,2378.4533333333334,2172.265,False,False,False,False,False,False,True,True,False,False,False,0.0077730275942479,-0.0633501748931208,,,0.0259930042751652,0.0756108304184479,-0.0260396424407306,0.1717839098328799,0.0019396358417794,0.0822591520247489,2436.0,2109.0,1.2782084409991388,0.0014045616331221,0.0003336753548515,-0.0002228238578353
2017-07-18,2592.0,2614.0,2577.0,2612.0,141700.0,2612.0,2571.8,2534.3,2509.64,2384.133333333333,2176.64,False,False,False,False,False,False,True,True,False,True,False,-0.0153139356814701,-0.0842266462480857,,,0.0391883614088821,0.0872383869321082,-0.0386676875957121,0.1638591117917305,0.0023824170907666,0.0936747819910822,2438.0,2122.0,0.9548517520215634,0.0014025916067643,-1.970026357800067e-06,0.0004427812489871
2017-07-19,2607.0,2621.0,2588.0,2606.0,143900.0,2606.0,2579.6,2547.4,2513.4,2390.026666666666,2181.03,False,False,False,False,False,False,True,True,False,False,False,-0.0065234075211051,-0.0709900230237912,,,0.0355333844973138,0.0828754157073422,-0.0306983883346124,0.1933998465080583,0.0024658023341439,0.1074821386511736,2416.0,2114.0,1.0155257586450246,0.0014959815389513,9.338993218699851e-05,8.338524337729364e-05
2017-07-20,2602.0,2618.0,2597.0,2602.0,62200.0,2602.0,2591.8,2557.0,2517.64,2396.0133333333333,2185.2,False,False,False,False,False,False,True,True,False,False,False,-0.0038431975403535,-0.0637970791698693,,,0.0324212144504228,0.0791647450678964,-0.0211375864719446,0.1971560338201383,0.0024985948881755,0.1209229565897535,2439.0,2131.0,0.4322446143154969,0.0016841168713556,0.0001881353324043,3.279255403159211e-05
2017-07-21,2592.0,2600.0,2578.0,2594.0,52000.0,2594.0,2597.4,2564.3,2521.04,2401.5733333333333,2189.39,False,False,False,False,False,False,True,True,False,True,False,-0.010408635312259,-0.0508866615265998,,,0.0281264456437933,0.0741814443587766,-0.015420200462606,0.1511179645335389,0.0023151489579053,0.1306399407245642,2472.0,2158.0,0.8360128617363344,0.0013486497635896,-0.0003354671077659,-0.0001834459302702
2017-07-24,2576.0,2597.0,2556.0,2593.0,62900.0,2593.0,2601.4,2575.4,2525.24,2407.293333333333,2193.61,False,False,False,False,False,False,True,True,False,False,False,-0.070574623987659,-0.0466640956421133,,,0.0261318935595835,0.0716184599562926,-0.0119552641727728,0.1496336290011569,0.0023761125911811,0.1387357303719809,2443.0,2190.0,1.2096153846153843,0.0016632082495128,0.0003145584859231,6.096363327581051e-05
2017-07-25,2600.0,2603.0,2569.0,2572.0,75500.0,2572.0,2593.4,2582.6,2526.56,2412.5866666666666,2197.845,False,False,False,False,False,False,True,True,False,True,False,-0.0699844479004665,-0.0342146189735614,,,0.0176671850699844,0.0619803006739243,0.0038880248833592,0.1500777604976672,0.0021940489875321,0.1470223805467359,2416.0,2227.0,1.2003179650238474,0.0005224494965487,-0.0011407587529641,-0.000182063603649
2017-07-26,2578.0,2616.0,2564.0,2589.0,171800.0,2589.0,2590.0,2584.8,2529.12,2418.88,2202.115,False,False,False,False,False,False,True,True,False,False,False,-0.0648899188876013,-0.0490536886828891,,,0.0231286210892236,0.0657087678640401,-0.0092699884125144,0.0981073773657782,0.0026017550822419,0.1528938409161249,2412.0,2181.0,2.275496688741722,0.0010122097804769,0.0004897602839282,0.0004077060947098
2017-07-27,2600.0,2622.0,2580.0,2592.0,76900.0,2592.0,2588.0,2589.9,2532.2,2424.76,2206.5,False,False,False,False,False,False,True,True,False,False,False,-0.0601851851851851,-0.0459104938271604,,,0.023070987654321,0.0645216049382715,0.0054012345679012,0.1168981481481481,0.0024249822662861,0.1537511100814702,2461.0,2329.0,0.4476135040745052,0.0012163336229365,0.0002041238424595,-0.0001767728159558
2017-07-28,2565.0,2583.0,2555.0,2567.0,97800.0,2567.0,2582.6,2590.0,2533.8,2430.213333333333,2210.515,False,False,False,False,False,False,True,True,False,True,False,-0.040903778730035,-0.0420724581223217,,,0.0129333852746395,0.0532865861576419,-0.008180755746007,0.123490455784963,0.0022439730942686,0.1516216216216215,2491.0,2330.0,1.271781534460338,0.000631462625306,-0.0005848709976305,-0.0001810091720175
2017-07-31,2588.0,2600.0,2390.0,2410.0,296500.0,2410.0,2546.0,2573.7,2529.92,2433.8,2213.685,False,False,False,False,False,False,False,True,False,True,False,0.0257261410788381,0.0278008298755186,,,-0.049759336099585,-0.0098755186721992,0.041908713692946,0.2049792531120332,0.0014736899772647,0.1546023235031278,2523.0,2350.0,3.0316973415132926,-0.0015336453326587,-0.0021651079579647,-0.0007702831170038
2017-08-01,2412.0,2437.0,2386.0,2392.0,179700.0,2392.0,2510.0,2551.7,2525.4,2437.48,2216.82,False,False,False,False,False,False,False,True,False,True,False,0.0384615384615384,0.0342809364548494,,,-0.0557692307692308,-0.0190133779264214,0.0484949832775919,0.2232441471571906,0.0015097559774848,0.1600893521965748,2544.0,2418.0,0.606070826306914,-0.0017898154747762,-0.0002561701421174,3.60660002200878e-05
2017-08-02,2442.0,2448.0,2406.0,2421.0,170100.0,2421.0,2476.4,2533.2,2523.52,2441.6666666666665,2220.15,False,False,False,False,False,False,False,True,False,False,False,0.016935150764147,0.0363486162742668,,,-0.0423461379595208,-0.0085364174583504,0.0483271375464684,0.2069392812887236,0.001714675767918,0.1611400600031581,2497.0,2410.0,0.9465776293823038,-0.00074499112351,0.0010448243512662,0.0002049197904331
2017-08-03,2422.0,2462.0,2422.0,2436.0,125600.0,2436.0,2445.2,2516.6,2523.64,2446.293333333333,2223.595,False,False,False,False,False,False,True,True,False,False,False,0.0151888341543513,0.0168308702791461,,,-0.0359770114942528,-0.0042255062944717,0.0533661740558292,0.188423645320197,0.0018912967646288,0.1600572200588096,2504.0,2403.0,0.7383891828336273,4.755036376023952e-05,0.0007925414872703,0.0001766209967108
2017-08-04,2437.0,2479.0,2437.0,2462.0,102700.0,2462.0,2424.2,2503.4,2524.04,2451.0666666666666,2227.09,False,False,False,False,False,False,True,True,False,False,False,-0.0012185215272136,0.0146222583265637,,,-0.0251990251827782,0.0044408340102897,0.0637692932575142,0.169374492282697,0.001947451449709,0.1618998162499,2499.0,2467.0,0.8176751592356688,0.0001584760938812,0.000110925730121,5.615468508016609e-05
2017-08-07,2494.0,2497.0,2459.0,2472.0,99700.0,2472.0,2436.6,2491.3,2525.32,2455.9066666666668,2230.73,False,False,False,False,False,False,True,True,False,False,False,0.0020226537216828,0.0137540453074433,,,-0.0215695792880259,0.0065102481121898,0.0533980582524271,0.1533171521035598,0.001970758932207,0.1623248906193552,2485.0,2472.0,0.9707887049659202,0.0005068664565283,0.000348390362647,2.3307482497983163e-05
2017-08-08,2470.0,2492.0,2466.0,2484.0,76000.0,2484.0,2455.0,2482.5,2525.4,2460.733333333333,2234.325,False,False,False,False,False,False,True,True,False,True,False,-0.0040257648953301,0.0108695652173913,,,-0.0166666666666667,0.0093666129898014,0.0587761674718196,0.1710950080515298,0.0019614748990814,0.1644712990936556,2524.0,2465.0,0.7622868605817452,3.167814999601142e-05,-0.0004751883065323,-9.284033125583468e-06
2017-08-09,2485.0,2495.0,2444.0,2462.0,78000.0,2462.0,2463.2,2469.8,2524.88,2465.373333333333,2237.785,False,False,False,False,False,False,False,True,False,True,False,0.0190901705930138,0.0259951259138911,,,-0.025540211210398,-0.0013701597617112,0.0613322502030869,0.1892770105605199,0.0018820678950584,0.17390072070613,2512.0,2474.0,1.0263157894736843,-0.0002059503818003,-0.0002376285317963,-7.940700402301552e-05
2017-08-10,2475.0,2487.0,2455.0,2473.0,73500.0,2473.0,2470.6,2457.9,2523.56,2469.9333333333334,2241.14,False,False,False,False,False,False,False,True,False,True,False,0.0016174686615446,0.0299231702385766,,,-0.0204448038819247,0.0012400593071842,0.0683380509502628,0.1738778811160533,0.0018462036762127,0.1799096789942633,2496.0,2460.0,0.9423076923076924,-0.0005230705828274,-0.0003171202010271,-3.586421884569334e-05
2017-08-14,2453.0,2476.0,2426.0,2459.0,108300.0,2459.0,2470.0,2447.1,2521.08,2473.9466666666667,2244.38,False,False,False,False,False,False,False,True,False,True,False,0.0158601057340382,0.0386335908906059,,,-0.0252460349735664,-0.0060783516334553,0.0939406262708418,0.1602277348515657,0.001622239229086,0.183850271750235,2509.0,2443.0,1.473469387755102,-0.0009837053961,-0.0004606348132725,-0.0002239644471267
2017-08-15,2460.0,2491.0,2460.0,2477.0,46800.0,2477.0,2471.0,2453.8,2520.88,2477.773333333333,2247.725,False,False,False,False,False,False,False,True,False,False,True,0.011707710940654,0.0343157044812272,,,-0.0177149777957206,-0.000312205625084,0.0674202664513524,0.1449333871618894,0.0015443973890534,0.1778466052653026,2488.0,2436.0,0.4321329639889196,-7.933737425018965e-05,0.0009043680218499,-7.784184003255105e-05
2017-08-16,2472.0,2493.0,2470.0,2474.0,58900.0,2474.0,2469.0,2462.0,2519.84,2481.0666666666666,2251.035,False,False,False,False,False,False,False,True,False,True,False,0.0149555375909458,0.0436540016168148,,,-0.0185286984640259,-0.0028563729452977,0.0594179466451091,0.1354082457558609,0.0013273860705073,0.1691714053614947,2539.0,2438.0,1.2585470085470083,-0.000412724617436,-0.0003333872431858,-0.0002170113185461
2017-08-17,2480.0,2528.0,2480.0,2509.0,82300.0,2509.0,2478.4,2470.8,2517.52,2485.44,2254.34,False,False,False,False,False,False,False,True,False,True,False,0.0067756078118772,0.0223196492626544,,,-0.0033957752092467,0.009390195296931,0.0482263850139497,0.1614188919888401,0.0017595811338569,0.164683503318763,2525.0,2416.0,1.397283531409168,-0.0009215418348216,-0.0005088172173856,0.0004321950633495
2017-08-18,2479.0,2490.0,2461.0,2477.0,68700.0,2477.0,2479.2,2474.9,2514.96,2487.4133333333334,2257.52,False,False,False,False,False,False,False,True,False,True,False,0.0282599919257165,0.052079127977392,,,-0.0153249899071457,-0.0042040102274256,0.0561162696810658,0.1586596689543803,0.0007933274727159,0.1617439088448017,2515.0,2439.0,0.8347509113001215,-0.00101790883354,-9.636699871843886e-05,-0.0009662536611409
2017-08-21,2500.0,2528.0,2479.0,2498.0,68500.0,2498.0,2487.0,2478.5,2512.24,2489.653333333333,2260.74,False,False,False,False,False,False,False,True,False,True,False,0.0224179343474779,0.0192153722978382,,,-0.0057005604483586,0.0033413397384574,0.0516413130504403,0.1521216973578863,0.0008997236563054,0.1600161387936251,2527.0,2472.0,0.9970887918486172,-0.0010826991051811,-6.479027164106089e-05,0.0001063961835894
2017-08-22,2495.0,2532.0,2480.0,2506.0,93700.0,2506.0,2492.8,2481.9,2509.56,2491.733333333333,2263.845,False,False,False,False,False,False,False,True,False,False,False,0.0223463687150838,0.0019952114924181,,,-0.0014205905826017,0.0056930034583666,0.033120510774142,0.1368715083798882,0.0008347602739725,0.1583464281397316,2507.0,2443.0,1.3678832116788322,-0.0010679162881141,1.4782817066949332e-05,-6.496338233290201e-05
2017-08-23,2550.0,2550.0,2491.0,2511.0,64800.0,2511.0,2500.2,2484.6,2505.52,2492.9733333333334,2267.06,False,False,False,False,True,False,False,True,False,True,False,0.0282755874153723,-0.001194743130227,,,0.0021823974512146,0.0071790787202973,0.0569494225408203,0.1409796893667861,0.000497398020035,0.1553167511873139,2505.0,2416.0,0.6915688367129136,-0.0016124397330693,-0.0005445234449551,-0.0003373622539375
2017-08-24,2511.0,2552.0,2510.0,2526.0,64300.0,2526.0,2503.6,2491.0,2502.32,2494.52,2270.14,False,False,False,False,False,False,False,True,False,False,False,0.015439429928741,0.004750593824228,,,0.0093745051464765,0.0124623911322248,0.0629453681710213,0.1528107680126682,0.0006200257631394,0.1517061421116018,2468.0,2412.0,0.992283950617284,-0.0012788132612934,0.0003336264717759,0.0001226277431043
2017-08-25,2539.0,2549.0,2521.0,2547.0,86500.0,2547.0,2517.6,2498.4,2500.12,2496.44,2272.96,False,False,False,False,False,False,False,True,False,False,False,0.0231645072634471,0.0074597565763643,,,0.0184059678052611,0.0198508048684726,0.0463290145268943,0.1507656065959952,0.0007690951915528,0.1494156260006403,2433.0,2461.0,1.3452566096423018,-0.0008799577620275,0.0003988554992659,0.0001490694284133
2017-08-28,2550.0,2562.0,2538.0,2554.0,44700.0,2554.0,2528.8,2507.9,2498.52,2497.6,2275.77,False,False,False,False,False,False,False,True,False,False,False,-0.0031323414252153,0.0254502740798747,,,0.0217227877838684,0.0220830070477682,0.0563821456538762,0.1123727486296006,0.0004644458680332,0.1445831173491765,2452.0,2491.0,0.5167630057803468,-0.0006403791044297,0.0002395786575977,-0.0003046493235195
2017-08-29,2554.0,2568.0,2536.0,2562.0,80500.0,2562.0,2540.0,2516.4,2497.28,2498.8,2278.765,False,False,True,False,False,False,False,True,False,False,False,-0.0199063231850117,0.0163934426229508,,,0.0252615144418422,0.0246682279469164,0.0456674473067915,0.1104605776736924,0.0004802305106452,0.1410745509457955,2440.0,2523.0,1.80089485458613,-0.0004965402357764,0.0001438388686533,1.5784642611965075e-05
2017-08-30,2569.0,2582.0,2539.0,2582.0,84100.0,2582.0,2554.2,2527.2,2497.68,2500.36,2281.76,False,False,False,False,False,False,True,True,False,False,False,-0.0286599535243996,0.0185902401239349,,,0.0326568551510457,0.0316189000774592,0.0278853601859024,0.1006971340046475,0.0006239101569373,0.1375039569484014,2482.0,2544.0,1.04472049689441,0.0001601486179172,0.0006566888536937,0.0001436796462921
2017-08-31,2582.0,2601.0,2565.0,2565.0,78000.0,2565.0,2562.0,2532.8,2496.72,2501.5733333333333,2285.14,False,False,False,False,False,False,False,True,False,True,False,-0.0105263157894736,0.0187134502923976,,,0.0266198830409357,0.0247277452891488,0.017933723196881,0.1181286549707602,0.0004850280889892,0.1331727732154136,2475.0,2497.0,0.9274673008323424,-0.0003845044698644,-0.0005446530877817,-0.0001388820679481
2017-09-01,2578.0,2611.0,2573.0,2606.0,87900.0,2606.0,2573.8,2545.7,2497.28,2503.52,2288.095,False,False,False,False,False,False,True,True,False,False,False,-0.0153491941673062,0.0138142747505755,,,0.0417191097467382,0.0393246354566385,-0.0023023791250959,0.13584036838066,0.0007775718455082,0.1309659425698236,2506.0,2504.0,1.126923076923077,0.0002242439774476,0.000608748447312,0.0002925437565189
2017-09-04,2595.0,2595.0,2542.0,2546.0,83500.0,2546.0,2572.2,2550.5,2496.44,2504.893333333333,2291.05,False,False,False,False,False,False,False,True,False,True,False,0.0286724273369992,0.05655930871956,,,0.0194658287509819,0.0161455878502227,0.0137470542026708,0.1649646504320502,0.0005482602053579,0.1322877867084885,2521.0,2499.0,0.949943117178612,-0.0003364791463043,-0.000560723123752,-0.0002293116401503
2017-09-05,2545.0,2556.0,2507.0,2511.0,47100.0,2511.0,2562.0,2551.0,2500.48,2505.893333333333,2293.795,False,False,False,False,False,False,True,True,True,False,False,0.037037037037037,0.0529669454400637,,,0.004189565909996,0.0020337183061198,0.0350457984866587,0.1796097172441258,0.0003990592842472,0.1364954919639356,2482.0,2485.0,0.5640718562874252,0.0016156897875607,0.0019521689338651,-0.0001492009211106
2017-09-06,2498.0,2518.0,2491.0,2508.0,47200.0,2508.0,2547.2,2550.7,2505.12,2506.826666666667,2296.43,False,False,False,False,False,False,True,True,False,False,False,0.0486443381180223,0.0450558213716108,,,0.0011483253588517,0.0004678362573098,0.0378787878787878,0.1818181818181818,0.0003723166606388,0.1405104481122829,2500.0,2524.0,1.0021231422505308,0.0018522066807178,0.000236516893157,-2.6742623608379625e-05
2017-09-07,2518.0,2543.0,2517.0,2538.0,70700.0,2538.0,2541.8,2551.9,2509.8,2508.4533333333334,2299.035,True,True,False,False,False,False,True,True,False,False,False,0.0295508274231678,0.0362490149724192,,,0.011111111111111,0.0116417126346204,0.0358550039401103,0.1603624901497242,0.0006484739600497,0.14126729103805,2567.0,2512.0,1.4978813559322033,0.0018646904135788,1.2483732861048088e-05,0.0002761572994108
2017-09-08,2551.0,2581.0,2546.0,2566.0,127200.0,2566.0,2533.8,2553.8,2515.0,2510.1466666666665,2301.7,False,False,False,False,False,False,True,True,False,False,False,0.029618082618862,0.0194855806703039,,,0.01987529228371,0.0217666926474409,0.0120810600155884,0.1554949337490257,0.0006745953755689,0.141749549690657,2541.0,2496.0,1.799151343705799,0.0020675944333995,0.0002029040198206,2.612141551924796e-05
2017-09-11,2580.0,2619.0,2580.0,2619.0,100800.0,2619.0,2548.4,2560.3,2521.28,2512.1066666666666,2304.665,False,False,False,False,False,False,True,True,False,False,True,0.0271095838106147,0.0030546009927453,,,0.037311951126384,0.0408145602647321,-0.0072546773577701,0.1275295914471172,0.0007802216466392,0.1432254032730538,2566.0,2509.0,0.7924528301886793,0.0024907983246605,0.000423203891261,0.0001056262710702
2017-09-12,2627.0,2630.0,2598.0,2604.0,84600.0,2604.0,2567.0,2564.5,2526.56,2514.2533333333336,2307.505,False,False,False,False,False,False,True,True,False,True,False,0.0153609831029185,-0.0057603686635944,,,0.0297388632872504,0.0344649257552482,-0.0061443932411674,0.1478494623655914,0.0008537988746826,0.1469682199259115,2573.0,2488.0,0.8392857142857143,0.0020897979861945,-0.000401000338466,7.357722804338161e-05
2017-09-13,2625.0,2632.0,2600.0,2630.0,59500.0,2630.0,2591.4,2569.3,2532.4,2517.1066666666666,2310.34,False,False,False,False,False,False,True,True,False,False,False,-0.0034220532319391,0.0091254752851711,,,0.0371102661596957,0.0429252217997465,-0.0076045627376425,0.1262357414448669,0.0011335766462021,0.1494959716654341,2612.0,2539.0,0.7033096926713948,0.002306112778392,0.0002163147921975,0.0002797777715195
2017-09-14,2612.0,2629.0,2601.0,2613.0,77800.0,2613.0,2606.4,2574.1,2538.44,2519.786666666667,2313.085,False,False,False,False,False,False,True,True,False,False,False,0.0065059318790662,0.0275545350172215,,,0.0285342518178338,0.0356729174639621,0.0007654037504783,0.1385380788365863,0.0010635821021886,0.1515092653743056,2606.0,2525.0,1.307563025210084,0.0023794141283622,7.330134997019042e-05,-6.999454401346522e-05
2017-09-15,2613.0,2644.0,2605.0,2642.0,118400.0,2642.0,2621.6,2577.7,2545.2,2522.2,2316.025,False,False,False,False,False,False,True,True,False,False,False,-0.0098410295230885,0.0087055261165783,,,0.0366389099167298,0.0453444360333081,0.0087055261165783,0.1411809235427706,0.000956836624111,0.1520347596694728,2602.0,2515.0,1.5218508997429303,0.0026559798837025,0.0002765657553402,-0.0001067454780775
2017-09-19,2659.0,2721.0,2659.0,2690.0,147300.0,2690.0,2635.8,2592.1,2554.44,2524.853333333333,2319.02,False,False,False,False,False,False,True,True,False,False,False,-0.0234200743494423,0.0029739776951672,,,0.0503940520446096,0.0613928128872367,-0.0130111524163568,0.1003717472118959,0.0010508861240784,0.1454033409204892,2594.0,2527.0,1.244087837837838,0.003617231173956,0.0009612512902534,9.404949996736244e-05
2017-09-20,2690.0,2690.0,2639.0,2644.0,101800.0,2644.0,2643.8,2605.4,2561.12,2526.4666666666667,2321.86,False,False,False,False,False,False,True,True,False,True,False,-0.0208018154311649,0.0132375189107413,,,0.0313464447806354,0.044452849218356,0.0011346444780635,0.124054462934947,0.0006385729741141,0.1399401243571044,2593.0,2507.0,0.6911065852002716,0.0026082338976697,-0.0010089972762863,-0.0004123131499642
2017-09-21,2633.0,2641.0,2612.0,2621.0,67400.0,2621.0,2642.0,2616.7,2567.0,2527.4933333333333,2324.62,False,False,False,False,False,False,True,True,False,True,False,0.0125906142693628,0.0125906142693628,,,0.0206028233498664,0.0356759506549662,0.0156428843952689,0.1270507439908431,0.000406199554763,0.1346352275767188,2572.0,2505.0,0.6620825147347741,0.002290611608882,-0.0003176222887876,-0.0002323734193511
2017-09-22,2629.0,2650.0,2614.0,2630.0,76400.0,2630.0,2645.4,2625.9,2571.84,2529.266666666667,2327.435,False,False,False,False,False,False,True,True,False,True,False,0.0209125475285171,-0.0072243346007604,,,0.0221140684410645,0.0383016476552597,0.0136882129277566,0.1167300380228136,0.0007011254909197,0.1303553067519706,2589.0,2468.0,1.1335311572700295,0.0018819211148439,-0.0004086904940381,0.0002949259361566
2017-09-25,2627.0,2627.0,2593.0,2616.0,115300.0,2616.0,2640.2,2630.9,2577.4,2530.76,2330.19,False,False,False,False,False,False,True,True,False,False,False,0.0187308868501529,-0.0061162079510703,,,0.0147553516819571,0.0325840978593271,0.0756880733944954,0.128440366972477,0.000590073074228,0.1277129499410847,2592.0,2433.0,1.5091623036649215,0.0021572126949638,0.0002752915801199,-0.0001110524166916
2017-09-26,2608.0,2630.0,2608.0,2627.0,91000.0,2627.0,2627.6,2631.7,2582.56,2532.4666666666667,2333.05,False,False,False,False,False,False,True,True,False,True,False,0.027027027027027,-0.0175104682146935,,,0.0169166349448039,0.0359852810557035,0.1183859916254282,0.1404644080700418,0.0006739147603126,0.1290040658129726,2567.0,2452.0,0.7892454466608847,0.0019980174710364,-0.0001591952239274,8.384168608463038e-05
2017-09-27,2599.0,2602.0,2575.0,2589.0,72400.0,2589.0,2616.6,2630.2,2585.88,2533.853333333333,2335.73,False,False,False,False,False,False,True,True,False,True,False,0.0347624565469293,0.003862495171881,,,0.0012050984936268,0.0213003733745334,0.1645422943221321,0.1436848203939745,0.0005472560895393,0.1285833776899096,2410.0,2440.0,0.7956043956043956,0.0012838956177394,-0.0007141218532969,-0.0001266586707732
2017-09-28,2601.0,2654.0,2583.0,2654.0,82600.0,2654.0,2623.2,2632.6,2591.6,2535.5866666666666,2338.71,False,False,False,False,False,False,True,True,False,False,False,0.0,-0.0192162773172569,,,0.0235116804822909,0.0446169304194926,0.1454408440090429,0.1397889977392614,0.0006836024798995,0.1299475803388285,2392.0,2482.0,1.1408839779005524,0.0022071307300508,0.0009232351123113,0.0001363463903601
2017-09-29,2638.0,2686.0,2638.0,2685.0,80000.0,2685.0,2634.2,2639.8,2597.96,2537.893333333333,2341.735,False,False,False,False,False,False,True,True,False,False,True,-0.02756052141527,-0.0208566108007448,,,0.0324171322160148,0.0547883302296711,0.1582867783985102,0.1191806331471136,0.0009088903132255,0.1280021213728311,2421.0,2475.0,0.9685230024213076,0.0024480746431816,0.0002409439131307,0.000225287833326
2017-10-02,2699.0,2713.0,2657.0,2665.0,219300.0,2665.0,2644.0,2642.1,2602.68,2540.1466666666665,2344.69,False,False,False,False,False,False,True,True,False,True,False,-0.024390243902439,-0.0255159474671669,,,0.0233846153846154,0.0468492808005003,0.1688555347091932,0.1313320825515947,0.0008870878846891,0.1270201733469588,2436.0,2506.0,2.74125,0.0018135152996141,-0.0006345593435674,-2.1802428536396275e-05
2017-10-03,2687.0,2703.0,2662.0,2698.0,95600.0,2698.0,2658.2,2642.9,2608.44,2542.6666666666665,2347.81,False,False,False,False,False,False,True,True,False,False,False,-0.0433654558932542,-0.0363232023721275,,,0.0331949592290585,0.057573511242896,0.1067457375833951,0.1000741289844329,0.0009910854745673,0.1269817246206818,2462.0,2521.0,0.4359325125398997,0.0022082164052077,0.0003947011055936,0.0001039975898782
2017-10-04,2702.0,2712.0,2670.0,2679.0,87800.0,2679.0,2676.2,2646.4,2613.12,2545.213333333333,2350.77,False,False,False,False,False,False,True,True,False,True,False,-0.0298618887644643,-0.0339678984695782,,,0.0245912653975364,0.0499390319771059,0.1127286300858529,0.0955580440462859,0.0010005710064905,0.124093107617896,2472.0,2482.0,0.9184100418410042,0.0017909625275532,-0.0004172538776545,9.485531923222098e-06
2017-10-05,2668.0,2705.0,2648.0,2654.0,89400.0,2654.0,2676.2,2649.7,2616.0,2546.7466666666664,2353.47,False,False,False,False,False,False,True,True,False,True,False,-0.0192162773172569,-0.0165787490580256,,,0.014318010550113,0.0404119567947752,0.1145440844009043,0.1416729464958553,0.0006020753274766,0.1255613843076576,2484.0,2500.0,1.0182232346241458,0.0011009174311927,-0.0006900450963605,-0.0003984956790139
2017-10-06,2634.0,2652.0,2604.0,2611.0,109600.0,2611.0,2661.4,2647.8,2617.84,2547.893333333333,2355.945,False,False,False,False,False,False,True,True,False,True,False,0.006893910379165,0.0015319800842589,,,-0.0026196859440827,0.0241695391293247,0.0888548448870164,0.1175794714668709,0.0004500450045003,0.1256514842510762,2462.0,2567.0,1.225950782997763,0.0007028695413012,-0.0003980478898914,-0.0001520303229762
2017-10-10,2605.0,2613.0,2588.0,2600.0,110300.0,2600.0,2648.4,2646.2,2617.6,2549.026666666666,2358.305,False,False,False,False,False,False,False,True,False,True,False,-0.0011538461538461,0.025,,,-0.0067692307692307,0.0196051282051283,0.1134615384615384,0.173076923076923,0.0004446141533761,0.1300355226362332,2473.0,2541.0,1.006386861313869,-9.168704156488252e-05,-0.0007945565828661,-5.430851124254633e-06
2017-10-11,2602.0,2606.0,2577.0,2581.0,79500.0,2581.0,2625.0,2641.6,2619.0,2549.7466666666664,2360.53,False,False,False,False,False,False,True,True,False,False,False,0.0073614877954281,0.0286710577295621,,,-0.0147229755908562,0.0121090016789359,0.1173963580007749,0.162340178225494,0.0002823809947133,0.1321547546941247,2459.0,2566.0,0.7207615593834995,0.0005345551737304,0.0006262422152953,-0.0001622331586628
2017-10-12,2581.0,2616.0,2579.0,2599.0,58100.0,2599.0,2609.0,2642.6,2622.52,2550.9733333333334,2362.815,False,False,False,False,False,False,True,True,True,False,False,-0.0042323970757983,0.018468641785302,,,-0.0090496344747979,0.0184789021418494,0.1173528280107733,0.1212004617160446,0.000480862206844,0.1299477787027927,2477.0,2573.0,0.730817610062893,0.0013422204597105,0.00080766528598,0.0001984812121307
2017-10-13,2594.0,2616.0,2570.0,2603.0,111500.0,2603.0,2598.8,2637.5,2626.32,2552.28,2365.235,False,False,False,False,False,False,True,True,False,False,False,0.0026892047637341,0.0226661544371878,,,-0.0089588935843258,0.0194852093737993,0.1240875912408759,0.0491740299654245,0.0005119605476933,0.1209857819905212,2474.0,2612.0,1.919104991394148,0.0014468914679095,0.000104671008199,3.1098340849352126e-05
2017-10-16,2597.0,2633.0,2593.0,2629.0,72500.0,2629.0,2602.4,2631.9,2629.96,2554.4266666666667,2367.73,False,False,False,False,False,False,True,True,False,True,False,-0.00532521871434,0.0140737923164701,,,-0.0003651578546976,0.0283656650183846,0.1114492202358311,0.0315709395207303,0.000840371224854,0.112238306926555,2509.0,2606.0,0.6502242152466368,0.0013840514684633,-6.28399994461893e-05,0.0003284106771606
2017-10-17,2627.0,2627.0,2586.0,2597.0,82400.0,2597.0,2601.8,2625.1,2631.2,2556.613333333333,2370.07,False,False,False,False,False,False,True,True,False,True,False,0.026184058529072,0.0835579514824797,,,-0.0131690412013861,0.0155512771146196,0.1147477859068155,0.0465922217943781,0.0008552981548504,0.1038055693116452,2477.0,2602.0,1.136551724137931,0.0004712678625721,-0.0009127836058912,1.49269299963865e-05
2017-10-18,2597.0,2608.0,2586.0,2600.0,63300.0,2600.0,2605.6,2615.3,2630.44,2558.5866666666666,2372.51,False,False,False,False,False,False,False,True,False,True,False,0.0211538461538461,0.13,,,-0.0117076923076923,0.0159282051282051,0.1073076923076923,0.0407692307692307,0.0007712591326463,0.0979237563568232,2498.0,2594.0,0.7682038834951457,-0.0002889250467601,-0.0007601929093322,-8.403902220410818e-05
2017-10-19,2595.0,2600.0,2586.0,2588.0,39800.0,2588.0,2603.4,2606.2,2629.8,2560.56,2374.765,False,False,False,False,False,False,False,True,False,False,False,0.0227975270479134,0.1649922720247295,,,-0.0161514683153014,0.0106027820710973,0.1016228748068006,0.0340030911901081,0.0007706647504191,0.0918195073286778,2506.0,2593.0,0.6287519747235387,-0.0002433645144116,4.556053234845402e-05,-5.943822271469888e-07
2017-10-20,2588.0,2616.0,2580.0,2610.0,79000.0,2610.0,2604.8,2601.8,2629.0,2562.266666666667,2377.2,False,False,False,False,False,False,False,True,False,True,False,0.0199233716475095,0.1647509578544061,,,-0.00727969348659,0.0182886334610471,0.11455938697318,-0.0019157088122605,0.0006660769110684,0.0773310784841262,2511.0,2572.0,1.984924623115578,-0.000304298212248,-6.093369783637833e-05,-0.0001045878393507
2017-10-23,2625.0,2637.0,2612.0,2615.0,60700.0,2615.0,2602.0,2602.2,2629.08,2564.133333333333,2379.72,False,False,False,False,False,False,True,True,False,False,False,0.0195028680688336,0.1892925430210325,,,-0.0053843212237093,0.0194518801784576,0.1196940726577437,-0.0034416826003824,0.0007279912641047,0.0651756206286989,2526.0,2589.0,0.7683544303797468,3.0428895278929222e-05,0.000334727107527,6.191435303627181e-05
2017-10-24,2641.0,2665.0,2641.0,2665.0,68900.0,2665.0,2615.6,2608.7,2630.0,2566.2533333333336,2382.165,False,False,False,True,True,False,True,True,False,False,True,0.0559099437148217,0.1688555347091932,,,0.0131332082551594,0.0370531582238898,0.0893058161350844,-0.0153846153846153,0.000826107061397,0.0461915896806838,2547.0,2592.0,1.1350906095551894,0.0003498098859315,0.0003193809906526,9.811579729233411e-05
2017-10-25,2665.0,2681.0,2649.0,2655.0,97800.0,2655.0,2626.6,2616.1,2628.6,2568.04,2384.5,False,False,False,False,False,False,False,True,False,True,False,0.1065913370998116,0.1246704331450094,,,0.0099435028248587,0.0327532956685499,0.0745762711864406,0.015819209039548,0.0006957316345019,0.0316501662780475,2554.0,2567.0,1.4194484760522497,-0.0005326029064901,-0.0008824127924217,-0.000130375426895
2017-10-26,2645.0,2661.0,2640.0,2647.0,49000.0,2647.0,2638.4,2620.9,2628.72,2570.24,2386.535,False,False,False,False,False,False,True,True,False,False,False,0.1390253116735927,0.1261805817907064,,,0.0069059312429165,0.028998866641481,0.0714015867019267,0.0294673214960332,0.000855951195219,0.0225495058949215,2562.0,2410.0,0.5010224948875256,4.564959371857439e-05,0.0005782525002087,0.000160219560717
2017-10-27,2654.0,2662.0,2634.0,2662.0,57600.0,2662.0,2648.8,2626.8,2630.36,2572.4,2388.735,False,False,False,False,False,False,True,True,False,False,False,0.1419984973703981,0.1111945905334335,,,0.0118858001502629,0.0336589030803906,0.0552216378662659,0.0379413974455296,0.0008396827865029,0.0214709913202374,2582.0,2392.0,1.1755102040816328,0.0006234888000122,0.0005778392062937,-1.6268408716055955e-05
2017-10-30,2664.0,2672.0,2653.0,2666.0,92600.0,2666.0,2659.0,2630.5,2631.8,2573.72,2391.115,False,False,False,False,False,False,True,True,False,True,False,0.1665416354088522,0.0663915978994748,,,0.0128282070517628,0.0346136534133534,0.0930232558139534,0.0435108777194298,0.0005128763035604,0.0226953050750807,2565.0,2421.0,1.6076388888888888,0.0005471540390607,-7.633476095155053e-05,-0.0003268064829425
2017-10-31,2670.0,2823.0,2670.0,2814.0,190300.0,2814.0,2688.8,2652.2,2639.72,2577.36,2394.28,False,False,False,False,False,False,True,True,True,False,False,0.1069651741293532,0.0287846481876332,,,0.0619331911869226,0.08409381663113,0.0199004975124378,-0.0106609808102345,0.0014122978551697,0.0168162280371014,2606.0,2436.0,2.055075593952484,0.0030003182155681,0.0024531641765074,0.0008994215516092
2017-11-01,2880.0,2963.0,2855.0,2938.0,219900.0,2938.0,2745.4,2686.0,2652.16,2582.32,2397.89,False,False,False,False,False,False,True,True,False,False,False,0.0163376446562287,-0.0183798502382573,,,0.0972906739278421,0.1210619469026548,-0.0204220558202859,-0.0445881552076242,0.0019207534310232,0.0077810871183916,2546.0,2462.0,1.1555438780872307,0.0046905164092664,0.0016901981936982,0.0005084555758535
2017-11-02,2944.0,3030.0,2921.0,3015.0,199600.0,3015.0,2819.0,2728.7,2669.2,2588.213333333333,2401.875,False,False,False,False,False,False,True,True,False,False,False,-0.0112769485903814,-0.0368159203980099,,,0.1146932006633499,0.1415544499723605,-0.0550580431177446,-0.0613598673300165,0.0022769890168763,-0.0023454392201413,2511.0,2472.0,0.9076853115052296,0.0063839352615015,0.0016934188522351,0.000356235585853
2017-11-06,3045.0,3090.0,3030.0,3040.0,122800.0,3040.0,2894.6,2771.7,2684.64,2593.92,2406.345,False,False,False,False,False,False,True,True,False,True,False,-0.0269736842105263,-0.0375,,,0.1168947368421053,0.1467368421052631,-0.0575657894736842,-0.0773026315789473,0.0022000164487212,-0.0106072085723561,2508.0,2484.0,0.6152304609218436,0.0057512366648787,-0.0006326985966228,-7.697256815515424e-05
2017-11-07,3060.0,3115.0,3020.0,3110.0,126400.0,3110.0,2983.4,2821.2,2701.64,2600.64,2411.125,False,False,False,False,False,False,True,True,False,False,False,-0.0858520900321543,-0.0604501607717041,,,0.1313054662379421,0.1637813504823151,-0.0636655948553054,-0.0893890675241157,0.0025839793281652,-0.0199560470721677,2538.0,2462.0,1.029315960912052,0.0062924742008557,0.000541237535977,0.000383962879444
2017-11-08,3090.0,3130.0,3065.0,3115.0,193300.0,3115.0,3043.6,2866.2,2719.64,2607.48,2415.87,False,False,False,False,False,False,True,True,False,False,False,-0.0706260032102728,-0.0706260032102728,,,0.1269213483146067,0.1629277688603531,-0.0590690208667736,-0.092776886035313,0.0026232224216485,-0.0282953038866791,2566.0,2473.0,1.5292721518987342,0.006618523039814,0.0003260488389583,3.924309348324589e-05
2017-11-09,3010.0,3055.0,2946.0,2986.0,359400.0,2986.0,3053.2,2899.3,2731.16,2612.7066666666665,2419.97,False,False,False,False,False,False,True,True,False,True,False,-0.0341594105827193,-0.0358338914936369,,,0.085344943067649,0.1250145121678947,-0.0485599464166108,-0.0612860013395847,0.0020004797068684,-0.0357327630807437,2619.0,2459.0,1.859286083807553,0.0042179879611593,-0.0024005350786547,-0.0006227427147801
2017-11-10,2953.0,3015.0,2953.0,2981.0,98800.0,2981.0,3046.4,2932.7,2743.24,2617.88,2424.14,False,False,False,False,False,False,True,True,False,False,False,-0.025830258302583,-0.0436095270043609,,,0.0797584703119759,0.1218114726601811,-0.0456222744045622,-0.0412613217041261,0.0019761537325368,-0.042179561496232,2604.0,2477.0,0.2749026154702281,0.0044035520041993,0.00018556404304,-2.432597433153121e-05
2017-11-13,2951.0,2967.0,2931.0,2958.0,80500.0,2958.0,3030.0,2962.3,2755.4,2623.026666666666,2428.09,False,False,False,False,False,False,True,True,False,False,False,-0.0108181203515889,-0.0165652467883705,,,0.0684922244759972,0.1132431823304035,-0.0392156862745098,-0.0453008789722785,0.0019621099289876,-0.0496911183877393,2630.0,2474.0,0.8147773279352226,0.004413152355375,9.600351175624404e-06,-1.404380354921072e-05
2017-11-15,2916.0,2920.0,2837.0,2843.0,137200.0,2843.0,2976.6,2980.0,2764.68,2626.4133333333334,2431.445,False,False,False,False,False,False,True,True,False,True,False,0.0277875483644037,0.0298979950756243,,,0.0275483644037988,0.076182436393481,0.0087935279634189,-0.0077383046078086,0.0012894644661162,-0.0540268456375838,2613.0,2509.0,1.7043478260869565,0.0033566271684244,-0.0010565251869505,-0.0006726454628714
2017-11-16,2838.0,2908.0,2834.0,2895.0,76500.0,2895.0,2932.6,2988.1,2776.48,2630.4533333333334,2435.0,False,False,False,False,False,False,True,True,False,False,False,0.0,0.0027633851468048,,,0.0409395509499136,0.0913805411629245,0.0224525043177892,-0.016580310880829,0.0015358569372072,-0.0544827817007462,2642.0,2477.0,0.5575801749271136,0.0042499855932692,0.0008933584248447,0.000246392471091
2017-11-17,2908.0,2935.0,2874.0,2884.0,104100.0,2884.0,2912.2,2982.7,2788.6,2634.68,2438.52,False,False,False,False,False,False,True,True,False,False,False,-0.0017337031900138,-0.0107489597780859,,,0.0330790568654646,0.0864493758668516,0.0284327323162274,-0.0062413314840499,0.0016042428935075,-0.0507929057565293,2690.0,2498.0,1.3607843137254902,0.0043462669439861,9.628135071695042e-05,6.838595630028485e-05
2017-11-20,2875.0,2914.0,2875.0,2904.0,71400.0,2904.0,2896.8,2971.6,2800.8,2641.266666666667,2442.525,False,False,False,False,False,False,True,True,False,False,False,-0.0182506887052341,-0.0234159779614325,,,0.0355371900826445,0.0904729109274563,0.0199724517906336,-0.0134297520661157,0.0024937529972994,-0.0460694575312963,2644.0,2506.0,0.6858789625360231,0.0043558983147673,9.631370781115409e-06,0.0008895101037918
2017-11-21,2899.0,2942.0,2899.0,2926.0,86500.0,2926.0,2890.4,2960.2,2813.72,2648.3866666666668,2446.865,False,False,False,False,False,False,True,True,False,False,False,-0.00580997949419,-0.0399863294600136,,,0.0383732057416268,0.0948781043517885,0.0129870129870129,-0.0307587149692412,0.0026884291820428,-0.0413485575298965,2621.0,2511.0,1.211484593837535,0.0045917859630665,0.0002358876482992,0.0001946761847434
2017-11-22,2958.0,2969.0,2919.0,2922.0,111000.0,2922.0,2906.2,2941.4,2825.44,2655.0666666666666,2451.07,False,False,False,False,False,False,True,True,False,True,False,0.002053388090349,-0.0027378507871321,,,0.0330458590006844,0.0913529545973078,0.0078713210130047,-0.0325119780971937,0.002515944357957,-0.0353913102604201,2630.0,2526.0,1.283236994219653,0.004148026502067,-0.0004437594609995,-0.0001724848240858
2017-11-24,2897.0,2907.0,2876.0,2895.0,74100.0,2895.0,2906.2,2919.4,2837.36,2661.1866666666665,2455.065,False,False,False,False,False,False,True,True,False,False,False,0.0027633851468048,-0.0086355785837651,,,0.0199101899827288,0.0807645365572827,0.0241796200345423,-0.0272884283246977,0.0022997259368,-0.0284647530314447,2616.0,2547.0,0.6675675675675675,0.0042010883356359,5.306183356894399e-05,-0.0002162184211569
2017-11-27,2884.0,2897.0,2859.0,2879.0,105500.0,2879.0,2905.2,2908.7,2848.52,2666.7466666666664,2458.945,False,False,False,False,False,False,True,True,False,True,False,-0.0090309135116359,-0.0003473428273706,,,0.0105870093782563,0.0737246729188376,0.0257033692254254,-0.033344911427579,0.0020849374518764,-0.0255784371024855,2627.0,2554.0,1.4237516869095816,0.0039178239928102,-0.0002832643428257,-0.0002147884849236
2017-11-28,2851.0,2865.0,2819.0,2851.0,108600.0,2851.0,2894.6,2895.7,2859.04,2671.8,2462.77,False,False,False,False,False,False,True,True,False,True,False,-0.0052613118204138,-0.0007015082427218,,,-0.0028200631357418,0.0628551385478778,0.0484040687478077,-0.028060329708874,0.0018913591336678,-0.0242083088717753,2589.0,2562.0,1.029383886255924,0.0036795567743018,-0.0002382672185083,-0.0001935783182085
2017-11-29,2889.0,2909.0,2870.0,2909.0,135000.0,2909.0,2891.2,2890.8,2871.0,2677.4666666666667,2466.925,False,False,False,False,False,False,True,True,False,False,False,-0.0343760742523203,-0.0151254726710209,,,0.0130629082158817,0.0795920705855391,0.0182193193537298,-0.0402200068752148,0.0021164284647178,-0.0236612702366127,2654.0,2582.0,1.2430939226519335,0.0041657958899338,0.0004862391156319,0.0002250693310499
2017-11-30,2909.0,2949.0,2865.0,2928.0,162000.0,2928.0,2892.4,2899.3,2883.52,2683.68,2471.17,False,False,False,False,False,False,True,True,False,False,True,-0.0047814207650273,-0.0054644808743169,,,0.015191256830601,0.0834426229508197,0.016051912568306,-0.0747950819672131,0.0023152288400007,-0.0303866450522541,2685.0,2565.0,1.2,0.0043419154366884,0.0001761195467546,0.0001988003752828
2017-12-01,2960.0,2989.0,2892.0,2903.0,122800.0,2903.0,2894.0,2900.1,2893.04,2689.4133333333334,2475.37,False,False,False,False,False,False,True,True,False,True,False,-0.0113675508095074,0.0096451946262487,,,0.0034309335170513,0.0735744631989895,0.0385807785049948,-0.0671718911470892,0.0021318156128227,-0.0354470535498775,2665.0,2606.0,0.7580246913580246,0.0032906561955589,-0.0010512592411294,-0.000183413227178
2017-12-04,2941.0,2950.0,2850.0,2853.0,118700.0,2853.0,2888.8,2897.0,2900.96,2694.6666666666665,2478.975,False,False,False,False,False,False,True,True,False,True,False,0.0087627059235892,-0.0042060988433228,,,-0.0168103750438135,0.055497137516065,0.0375043813529617,-0.0241850683491062,0.0019495299356753,-0.0372454263030721,2698.0,2546.0,0.9666123778501629,0.0027301307153494,-0.0005605254802095,-0.0001822856771473
2017-12-05,2820.0,2843.0,2797.0,2836.0,97500.0,2836.0,2885.8,2890.2,2908.52,2699.4533333333334,2482.475,False,False,False,False,False,False,True,True,False,True,False,0.0045839210155148,0.0031734837799717,,,-0.0255712270803949,0.0481476257639868,0.0479548660084626,-0.0394922425952045,0.0017731985241457,-0.0398588332987335,2679.0,2511.0,0.8213984835720304,0.0025992601047955,-0.0001308706105538,-0.0001763314115296
2017-12-06,2807.0,2842.0,2791.0,2809.0,131600.0,2809.0,2865.8,2878.5,2914.4,2703.92,2485.84,False,False,False,False,False,False,True,True,False,True,False,0.0199359202563189,0.0117479530081879,,,-0.0375222499110003,0.0374083303666785,0.0516197935208259,-0.0256318974724101,0.0016519226407093,-0.0393955184992183,2654.0,2508.0,1.3497435897435897,0.0020175679385122,-0.0005816921662832,-0.0001212758834363
2017-12-07,2868.0,2963.0,2868.0,2914.0,204600.0,2914.0,2863.0,2877.7,2924.32,2709.32,2489.535,False,False,False,False,False,False,True,True,False,False,False,-0.0006863417982155,-0.0157858613589567,,,-0.003541523678792,0.0702402196293753,0.0078929306794783,-0.0483870967741935,0.0019931200448821,-0.041004969246273,2611.0,2538.0,1.554711246200608,0.0033922416151447,0.0013746736766324,0.0003411974041728
2017-12-08,2891.0,2903.0,2851.0,2870.0,155500.0,2870.0,2856.4,2875.2,2926.56,2714.56,2493.185,False,False,False,False,False,False,True,True,False,True,False,0.0212543554006968,0.0313588850174216,,,-0.0197073170731707,0.0541602787456446,0.0285714285714285,-0.0418118466898954,0.0019303312507366,-0.0424666110183639,2600.0,2566.0,0.760019550342131,0.0007654037504783,-0.0026268378646664,-6.27887941454569e-05
2017-12-11,2875.0,2890.0,2853.0,2878.0,111200.0,2878.0,2861.4,2875.1,2924.16,2719.6266666666666,2496.915,False,False,False,False,False,False,False,True,False,True,False,-0.012856150104239,0.0305767894371091,,,-0.0160389159138289,0.0550289552930276,0.0410006949270326,-0.0406532314107018,0.0018630008040319,-0.0431984974435671,2581.0,2619.0,0.715112540192926,-0.0008207485226526,-0.0015861522731309,-6.733044670478362e-05
2017-12-12,2870.0,2893.0,2846.0,2849.0,87100.0,2849.0,2864.0,2874.9,2917.52,2724.2,2500.54,False,False,False,False,False,False,False,True,False,True,False,-0.0014040014040014,0.0396630396630396,,,-0.024050544050544,0.0438048438048438,0.0393120393120393,-0.0119340119340119,0.0016787803147101,-0.0416014470068523,2599.0,2604.0,0.783273381294964,-0.0022759055636293,-0.0014551570409766,-0.0001842204893217
2017-12-13,2849.0,2876.0,2849.0,2865.0,102400.0,2865.0,2875.2,2870.5,2910.52,2728.92,2504.2,False,False,False,False,False,False,False,True,False,True,False,-0.0080279232111692,0.0345549738219895,,,-0.0158883071553228,0.0474973821989528,0.0558464223385689,-0.0244328097731239,0.0017296219749938,-0.0400278697091099,2603.0,2630.0,1.1756601607347876,-0.0024050685100944,-0.000129162946465,5.084166028375913e-05
2017-12-14,2904.0,2927.0,2894.0,2912.0,135200.0,2912.0,2874.8,2868.9,2902.6,2734.0666666666666,2508.1,False,False,False,False,True,False,False,True,False,True,False,-0.0151098901098901,0.0113324175824175,,,0.003228021978022,0.0611034798534798,0.0319368131868131,-0.0491071428571428,0.0018824217892759,-0.0374010944961484,2629.0,2613.0,1.3203125,-0.0027285881623372,-0.0003235196522428,0.0001527998142821
2017-12-15,2927.0,2940.0,2891.0,2931.0,149000.0,2931.0,2887.0,2871.7,2895.24,2739.1866666666665,2512.11,False,False,False,False,False,False,False,True,False,False,False,0.0098942340498123,0.0116001364721937,,,0.0122006141248721,0.0654429659956784,0.0286591606960081,-0.0361651313544865,0.001869167976869,-0.0342654176968345,2597.0,2642.0,1.1020710059171597,-0.0025421035907213,0.0001864845716158,-1.3253812406992553e-05
2017-12-18,2938.0,2939.0,2812.0,2841.0,213000.0,2841.0,2879.6,2870.5,2889.44,2743.0133333333333,2515.665,False,False,False,False,False,False,False,True,False,False,False,0.0439985920450545,0.0394227384723688,,,-0.0170503343892995,0.0344902029801713,0.0447025695177754,-0.0098556846180922,0.0013950594480037,-0.0328514196133078,2600.0,2690.0,1.429530201342282,-0.0020073093748268,0.0005347942158945,-0.0004741085288652
2017-12-19,2841.0,2858.0,2821.0,2845.0,152600.0,2845.0,2878.8,2871.4,2884.0,2746.786666666667,2519.08,False,False,False,False,False,False,False,True,False,False,False,0.0411247803163444,0.0506151142355008,,,-0.0137082601054481,0.0345213825424721,0.031634446397188,-0.0277680140597539,0.0013737263905946,-0.0316918576304241,2588.0,2644.0,0.7164319248826291,-0.0018862690707351,0.0001210403040917,-2.133305740905224e-05
2017-12-20,2850.0,2854.0,2823.0,2842.0,102800.0,2842.0,2874.2,2874.7,2879.36,2750.2533333333336,2522.595,False,False,False,False,False,False,False,True,False,False,False,0.0429275158339197,0.0422237860661506,,,-0.0131456720619282,0.0322824302134646,0.0661505981703026,-0.0190007037297677,0.0012604899427446,-0.0310293247991094,2610.0,2621.0,0.6736566186107471,-0.0016114692153811,0.0002747998553539,-0.0001132364478499
2017-12-21,2834.0,2870.0,2831.0,2868.0,89800.0,2868.0,2865.4,2870.1,2880.36,2754.293333333333,2526.15,False,False,False,False,False,False,True,True,False,False,False,0.0268479776847977,0.0373082287308228,,,-0.0043096234309623,0.0396466759646676,0.0174337517433751,-0.0348675034867503,0.0014668009217123,-0.0296505348245705,2615.0,2630.0,0.8735408560311284,0.0003471788248691,0.0019586480402502,0.0002063109789676
2017-12-22,2900.0,2964.0,2859.0,2960.0,217700.0,2960.0,2871.2,2879.1,2882.96,2759.0133333333333,2529.96,False,False,False,False,True,False,True,True,False,False,True,0.0016891891891891,0.018581081081081,,,0.026027027027027,0.0679009009009009,0.0304054054054054,-0.0469594594594594,0.0017107565023245,-0.0302177763884547,2665.0,2616.0,2.4242761692650334,0.000901850875489,0.0005546720506199,0.0002439555806122
2017-12-25,2971.0,2971.0,2935.0,2966.0,78400.0,2966.0,2896.2,2887.9,2886.24,2764.613333333333,2533.915,False,False,False,False,False,False,True,True,False,False,False,-0.0043830074173971,-0.0020229265003371,,,0.0268914362778153,0.067898404135761,0.0114632501685772,-0.0515846257585974,0.0020255997222032,-0.0313722774334291,2655.0,2627.0,0.360128617363344,0.0011364266311878,0.0002345757556988,0.0003148432198786
2017-12-26,2986.0,2994.0,2954.0,2962.0,46900.0,2962.0,2919.6,2899.2,2888.56,2770.6266666666666,2537.82,False,False,False,False,False,False,True,True,False,True,False,0.0091154625253207,0.0033760972316002,,,0.0247940580688724,0.0646094980868782,-0.0162052667116812,-0.0432140445644834,0.0021703874454396,-0.0344922737306843,2647.0,2589.0,0.5982142857142857,0.0008031683607057,-0.0003332582704821,0.0001447877232364
2017-12-27,2942.0,2985.0,2940.0,2964.0,48200.0,2964.0,2944.0,2909.1,2890.08,2776.7066666666665,2541.68,False,False,False,False,False,False,True,True,False,True,False,-0.0006747638326585,-0.0033738191632928,,,0.0249392712550607,0.0631893837156995,-0.0786099865047233,-0.0263157894736842,0.0021896443268524,-0.0346498917190882,2662.0,2654.0,1.0277185501066095,0.0005259369982837,-0.0002772313624219,1.925688141270893e-05
2017-12-28,2962.0,2979.0,2941.0,2945.0,39700.0,2945.0,2959.4,2912.4,2891.0,2782.133333333333,2545.455,False,False,False,False,False,False,True,True,False,True,False,0.0101867572156196,-0.0027164685908319,,,0.0183361629881154,0.0553027730616865,-0.0791171477079796,-0.0288624787775891,0.0019505415508482,-0.0326191457217415,2666.0,2685.0,0.8236514522821576,0.0003182289865098,-0.0002077080117738,-0.0002391027760041
2017-12-29,2985.0,2985.0,2956.0,2965.0,50200.0,2965.0,2960.4,2915.8,2893.8,2787.4533333333334,2549.26,False,False,False,False,False,False,True,True,False,False,False,0.0168634064080944,-0.0043844856661045,,,0.0240134907251264,0.0598808319280494,-0.0833052276559865,-0.0377740303541315,0.0019085521312166,-0.0327868852459017,2814.0,2665.0,1.2644836272040303,0.0009675858732463,0.0006493568867364,-4.198941963168864e-05
2018-01-04,2967.0,2974.0,2948.0,2953.0,94200.0,2953.0,2957.8,2927.0,2896.76,2791.9066666666668,2552.93,False,False,False,False,False,False,True,True,False,False,False,0.0023704707077548,0.0145614629190653,,,0.0190450389434472,0.0545524325544643,-0.0836437521164917,-0.0115137148662377,0.0015950867507509,-0.0328664161257259,2938.0,2698.0,1.8764940239043824,0.0010218312873693,5.424541412303574e-05,-0.0003134653804656
2018-01-05,2980.0,3020.0,2975.0,2989.0,87500.0,2989.0,2963.2,2941.4,2902.28,2797.04,2556.665,False,False,False,False,False,False,True,True,False,False,False,-0.0056875209100033,-0.009367681498829,,,0.0290130478420875,0.0642221478755436,-0.1047172967547674,-0.0130478420876547,0.0018352734795831,-0.0313456177330523,3015.0,2679.0,0.9288747346072188,0.0019019529473379,0.0008801216599685,0.0002401867288321
2018-01-09,2995.0,2998.0,2952.0,2962.0,129400.0,2962.0,2962.8,2953.4,2904.4,2801.4666666666667,2560.335,False,False,False,False,False,False,True,True,False,True,False,-0.0027008777852802,0.0212694125590817,,,0.0194463200540175,0.0541976142246229,-0.1205266711681296,-0.0236326806212018,0.0015801246965875,-0.0317600054174849,3040.0,2654.0,1.4788571428571429,0.0007299270072992,-0.0011720259400387,-0.0002551487829956
2018-01-10,2958.0,2983.0,2955.0,2975.0,65100.0,2975.0,2968.8,2964.1,2906.28,2806.293333333333,2564.105,False,False,False,False,False,False,True,True,False,True,False,-0.0127731092436974,0.0100840336134453,,,0.0230991596638654,0.0567081232492998,-0.1240336134453781,-0.0363025210084033,0.0017199437454862,-0.0319152525218447,3110.0,2611.0,0.5030911901081917,0.0006468750430103,-8.305196428888626e-05,0.0001398190488987
2018-01-11,2989.0,3020.0,2969.0,3015.0,122800.0,3015.0,2978.8,2969.6,2910.76,2811.266666666667,2568.105,False,False,False,False,False,False,True,True,True,False,False,-0.0208955223880597,0.0,,,0.0345737976782752,0.0675732448866776,-0.1296849087893864,-0.0729684908789386,0.0017690720671585,-0.0345837823275861,3115.0,2600.0,1.8863287250384024,0.0015391169316604,0.0008922418886501,4.912832167227937e-05
2018-01-12,3035.0,3065.0,2952.0,2960.0,122000.0,2960.0,2980.2,2969.0,2915.04,2814.866666666667,2571.81,False,False,False,False,False,False,True,True,False,True,False,0.0121621621621621,0.0027027027027027,,,0.0151891891891892,0.0490315315315314,-0.0888513513513513,-0.0557432432432432,0.0012789238092982,-0.03499494779387,2986.0,2581.0,0.993485342019544,0.0014682474339973,-7.086949766307816e-05,-0.0004901482578602
2018-01-15,2975.0,3020.0,2967.0,2972.0,82900.0,2972.0,2976.8,2970.0,2920.48,2819.24,2575.555,False,False,False,False,False,False,True,True,False,False,False,-0.0037012113055181,-0.0124495289367429,,,0.0173351278600269,0.051399730820996,-0.0831090174966352,-0.0864737550471063,0.0015512454893279,-0.0393265993265993,2981.0,2599.0,0.6795081967213115,0.0018627075001369,0.0003944600661395,0.0002723216800297
2018-01-16,2970.0,2970.0,2950.0,2954.0,41900.0,2954.0,2975.2,2969.0,2926.28,2823.68,2579.34,False,False,False,False,False,False,True,True,False,False,False,0.0240352064996614,0.0257278266756939,,,0.0093838862559241,0.044116452268111,-0.0646580907244414,-0.0683818551117129,0.001572416137806,-0.0435163354664869,2958.0,2603.0,0.5054282267792521,0.0019820386292494,0.0001193311291125,2.117064847803021e-05
2018-01-17,2949.0,2956.0,2931.0,2937.0,54000.0,2937.0,2967.6,2968.2,2927.2,2827.773333333333,2583.175,False,False,False,False,False,False,True,True,False,True,False,0.0231528770854613,-0.0064691862444671,,,0.0033367381681989,0.0371898762909999,-0.0527749404153898,-0.0595846101464078,0.0014475464794443,-0.0465602048379488,2843.0,2629.0,1.2887828162291168,0.0003142935228203,-0.0016677451064291,-0.0001248696583616
2018-01-18,2987.0,3010.0,2946.0,2952.0,137000.0,2952.0,2955.0,2966.9,2930.48,2832.2533333333336,2586.905,False,False,False,False,False,False,True,True,True,False,False,0.0213414634146341,0.0331978319783197,,,0.0072899728997289,0.040564588979223,-0.056910569105691,-0.0667344173441734,0.0015817794076802,-0.0494455492264654,2895.0,2597.0,2.537037037037037,0.0011192705631842,0.0008049770403639,0.0001342329282359
2018-01-19,2960.0,3030.0,2960.0,2996.0,114300.0,2996.0,2962.2,2971.2,2935.2,2837.173333333333,2590.98,False,False,False,False,False,False,True,True,False,False,False,-0.0093457943925233,0.0013351134846461,,,0.0202937249666222,0.0530129060970183,-0.0630841121495327,-0.0794392523364486,0.0017341203451321,-0.0562399030694668,2884.0,2600.0,0.8343065693430657,0.0016080675933496,0.0004887970301653,0.0001523409374518
2018-01-22,2983.0,2983.0,2950.0,2961.0,46300.0,2961.0,2960.0,2968.4,2939.68,2842.133333333333,2594.65,False,False,False,False,False,False,True,True,False,True,False,-0.0087808172914555,-0.0158730158730158,,,0.0072002701789936,0.0401440954632444,-0.044241810199257,-0.0749746707193515,0.0017451679489585,-0.0624578897722679,2904.0,2588.0,0.4050743657042869,0.0015239753986828,-8.409219466676233e-05,1.104760382643192e-05
2018-01-23,3020.0,3035.0,2994.0,3025.0,99100.0,3025.0,2974.2,2974.7,2946.08,2847.08,2598.845,False,False,False,False,False,False,True,True,False,False,True,0.0016528925619834,-0.0971900826446281,,,0.0260892561983471,0.0588165289256198,-0.0727272727272727,-0.1061157024793388,0.0017374526415368,-0.0707634383299156,2926.0,2610.0,2.140388768898488,0.0021723782110465,0.0006484028123637,-7.715307421698493e-06
2018-01-24,3025.0,3025.0,2983.0,3005.0,44500.0,3005.0,2987.8,2977.7,2949.8,2851.346666666667,2603.05,False,False,False,False,False,False,True,True,False,True,False,-0.0289517470881863,-0.097504159733777,,,0.0183693843594009,0.0511325568496949,-0.0575707154742096,-0.1078202995008319,0.0014963689671781,-0.0779460657554488,2922.0,2615.0,0.4490413723511604,0.0012611024476236,-0.0009112757634229,-0.0002410836743586
2018-01-25,3025.0,3030.0,2995.0,3015.0,68600.0,3015.0,3000.4,2977.7,2953.16,2856.0133333333333,2607.36,False,False,False,False,False,False,True,True,False,True,False,0.011608623548922,-0.0985074626865671,,,0.0205107794361526,0.0527318960751796,-0.0626865671641791,-0.1177446102819237,0.0016339792998164,-0.0824797662625516,2895.0,2665.0,1.5415730337078652,0.0011377642931638,-0.0001233381544598,0.0001376103326383
2018-01-26,2992.0,3015.0,2968.0,2968.0,59800.0,2968.0,2994.8,2978.5,2958.24,2859.613333333333,2611.315,False,False,False,False,False,False,True,True,False,False,False,0.0107816711590296,-0.0882749326145552,,,0.0032884097035041,0.0365184186882302,-0.0555929919137466,-0.1192722371967655,0.001258911461223,-0.0888030888030888,2879.0,2655.0,0.8717201166180758,0.0017172372762182,0.0005794729830544,-0.0003750678385934
2018-01-29,2946.0,2966.0,2924.0,2935.0,74500.0,2935.0,2989.6,2974.8,2961.84,2863.026666666666,2615.17,False,False,False,False,False,False,True,True,False,True,False,-0.0071550255536626,-0.0882453151618398,,,-0.009144804088586,0.0245224304372517,-0.0262350936967632,-0.1141396933560477,0.0011922115057724,-0.0915355654161624,2851.0,2647.0,1.245819397993311,0.0012154606595901,-0.0005017766166281,-6.669995545053133e-05
2018-01-30,2965.0,3040.0,2932.0,3030.0,174400.0,3030.0,2990.6,2982.4,2969.36,2868.04,2619.445,False,False,False,False,False,False,True,True,False,False,True,-0.0986798679867986,-0.1402640264026402,,,0.0200132013201319,0.0534521452145214,-0.0679867986798679,-0.1524752475247524,0.0017479997954469,-0.1000201180257511,2909.0,2662.0,2.3409395973154363,0.0025325322628445,0.0013170716032544,0.0005557882896745
2018-01-31,3025.0,3025.0,2915.0,2918.0,155300.0,2918.0,2973.2,2980.5,2971.36,2872.133333333333,2623.45,False,False,False,False,False,False,True,True,False,True,False,-0.0705962988348183,-0.1069225496915695,,,-0.0182864976010966,0.0157185286726068,-0.0332419465387251,-0.13776559287183,0.001425189174133,-0.1077000503271263,2928.0,2666.0,0.8904816513761468,0.0006730924559797,-0.0018594398068647,-0.0003228106213139
2018-02-01,2941.0,3055.0,2937.0,3050.0,126400.0,3050.0,2980.2,2990.3,2974.96,2878.133333333333,2627.945,False,False,False,False,False,False,True,True,True,False,True,-0.1088524590163934,-0.1396721311475409,,,0.0246032786885245,0.0563497267759563,-0.0665573770491803,-0.1740983606557377,0.0020846845177429,-0.1185165368023275,2903.0,2814.0,0.8139085640695428,0.0012101003038696,0.0005370078478898,0.0006594953436099
2018-02-02,3020.0,3025.0,2985.0,3000.0,128700.0,3000.0,2986.6,2990.7,2976.32,2883.72,2632.155,False,False,False,False,False,False,True,True,False,True,False,-0.098,-0.101,,,0.0078933333333332,0.03876,-0.0446666666666666,-0.1563333333333333,0.0019373124528964,-0.1262246296853579,2853.0,2938.0,1.0181962025316456,0.0004569401139662,-0.0007531601899033,-0.0001473720648465
2018-02-05,2947.0,2960.0,2901.0,2914.0,95400.0,2914.0,2982.4,2986.0,2974.4,2887.92,2636.02,False,False,False,False,False,False,False,True,False,True,False,-0.0816746739876458,-0.0648592999313658,,,-0.0207275223061084,0.0089498970487302,-0.01681537405628,-0.1307481125600549,0.0014543339150669,-0.131748158070998,2836.0,3015.0,0.7412587412587412,-0.000645508337816,-0.0011024484517823,-0.0004829785378294
2018-02-06,2802.0,2808.0,2682.0,2731.0,135300.0,2731.0,2922.6,2956.6,2965.08,2889.6266666666666,2639.095,False,False,False,False,False,False,False,True,False,True,False,-0.0461369461735627,0.011717319663127,,,-0.0857121933357744,-0.058083730013426,0.0384474551446356,-0.079824240205053,0.0005906183959172,-0.1295745112629371,2809.0,3040.0,1.4182389937106918,-0.0031432541449135,-0.0024977458070974,-0.0008637155191497
2018-02-07,2794.0,2818.0,2712.0,2712.0,103100.0,2712.0,2881.4,2927.3,2955.76,2890.733333333333,2642.12,False,False,False,False,False,False,False,True,False,True,False,-0.0390855457227138,0.025811209439528,,,-0.089882005899705,-0.0659046214355948,0.0424041297935103,-0.0907079646017699,0.0003828324992504,-0.1282068800601237,2914.0,3110.0,0.762010347376201,-0.0031531653449534,-9.911200039969e-06,-0.0002077858966668
2018-02-08,2712.0,2741.0,2705.0,2718.0,74800.0,2718.0,2815.0,2897.6,2945.88,2892.346666666667,2645.265,False,False,False,False,False,False,False,True,False,True,False,-0.0345842531272994,0.0242825607064017,,,-0.083841059602649,-0.0641452048074565,0.036055923473142,-0.086092715231788,0.0005577939020681,-0.1253451131971286,2870.0,3115.0,0.7255092143549952,-0.0033538365445979,-0.0002006711996444,0.0001749614028176
2018-02-09,2618.0,2709.0,2610.0,2706.0,97000.0,2706.0,2756.2,2871.4,2936.0,2893.76,2648.275,False,False,False,False,False,False,False,True,False,True,False,-0.0033259423503325,0.0373244641537324,,,-0.0849963045084996,-0.0693865484109387,0.0284552845528455,-0.0753880266075388,0.0004884072394854,-0.1212648882078429,2878.0,2986.0,1.2967914438502677,-0.0033651226158038,-1.1286071205935787e-05,-6.938666258265926e-05
2018-02-13,2736.0,2743.0,2667.0,2676.0,102500.0,2676.0,2708.6,2845.5,2923.48,2894.9333333333334,2651.11,False,False,False,False,False,False,False,True,False,True,False,0.0183109118086696,0.0575485799701046,,,-0.0924813153961136,-0.0818136522172396,0.0355007473841554,-0.0526905829596412,0.0004053058216653,-0.1155508697944123,2849.0,2981.0,1.056701030927835,-0.0042825673512389,-0.000917444735435,-8.310141782006465e-05
2018-02-14,2676.0,2680.0,2592.0,2605.0,69700.0,2605.0,2683.4,2803.0,2909.2,2894.866666666667,2653.525,False,False,False,False,False,False,False,False,False,True,False,0.0606525911708253,0.0767754318618042,,,-0.1167754318618041,-0.1112731925783749,0.0717850287907869,-0.0030710172744721,-2.302927020240634e-05,-0.1011059579022476,2865.0,2958.0,0.68,-0.0049085659287777,-0.0006259985775388,-0.0004283350918677
2018-02-15,2615.0,2637.0,2597.0,2606.0,63600.0,2606.0,2662.2,2771.8,2894.44,2894.7466666666664,2655.985,False,False,True,False,False,False,False,False,False,True,False,0.0675364543361473,0.0867229470452801,,,-0.1106830391404451,-0.1108007162957277,0.0395241749808135,-0.0095932463545663,-4.145440476092748e-05,-0.0886427592178368,2912.0,2843.0,0.9124820659971306,-0.0050994320144828,-0.0001908660857051,-1.842513455852114e-05
2018-02-16,2599.0,2640.0,2599.0,2624.0,55000.0,2624.0,2643.4,2729.2,2878.8,2894.2,2658.45,False,False,False,False,False,False,False,False,False,True,False,0.0609756097560975,0.0769817073170731,,,-0.0971036585365854,-0.1029725609756096,0.0320121951219512,-0.0041920731707317,-0.0001888835141547,-0.0709731789535394,2931.0,2895.0,0.8647798742138365,-0.0054328192302347,-0.0003333872157519,-0.0001474291093938
2018-02-19,2644.0,2699.0,2644.0,2697.0,48000.0,2697.0,2641.6,2698.9,2868.28,2894.76,2661.145,False,False,False,False,False,False,False,True,False,False,False,0.0407860585836114,0.039302929180571,,,-0.0635076010381906,-0.0733259176863182,0.032258064516129,-0.0411568409343715,0.0001934529978307,-0.0585053169809922,2841.0,2884.0,0.8727272727272727,-0.0036677032925655,0.0017651159376692,0.0003823365119854
2018-02-20,2684.0,2730.0,2664.0,2725.0,79200.0,2725.0,2651.4,2680.0,2858.4,2895.8,2663.82,False,False,False,False,False,False,False,True,False,False,False,0.0385321100917431,0.0488073394495412,,,-0.048954128440367,-0.0626788990825688,-0.0003669724770642,-0.045137614678899,0.0003591408246425,-0.0492910447761193,2845.0,2904.0,1.65,-0.0034564791491744,0.0002112241433911,0.0001656878268118
2018-02-21,2770.0,2807.0,2739.0,2763.0,82800.0,2763.0,2683.0,2683.2,2850.76,2897.1466666666665,2666.5,False,False,False,False,False,False,False,True,False,False,False,0.015200868621064,0.0220774520448787,,,-0.0317625769091567,-0.0485510918084207,-0.0094100615273253,-0.0662323561346362,0.000464825161308,-0.0479278473464519,2842.0,2926.0,1.0454545454545454,-0.0026799870911616,0.0007764920580127,0.0001056843366654
2018-02-22,2740.0,2805.0,2721.0,2782.0,107700.0,2782.0,2718.2,2690.2,2844.56,2898.693333333333,2669.505,False,False,False,False,False,False,False,True,False,False,False,0.0179726815240833,0.014018691588785,,,-0.0224874191229331,-0.041945842319674,-0.003235082674335,-0.0762041696621135,0.0005335737481715,-0.0465392907590513,2868.0,2922.0,1.3007246376811594,-0.0021795989537925,0.000500388137369,6.874858686354646e-05
2018-02-23,2814.0,2826.0,2769.0,2784.0,64000.0,2784.0,2750.2,2696.8,2837.84,2898.293333333333,2671.78,False,False,False,False,False,False,False,False,False,True,False,0.0150862068965517,0.0226293103448275,,,-0.0193390804597701,-0.0410536398467432,-0.0122126436781609,-0.0858477011494252,-0.0001380122554883,-0.0466107979827945,2960.0,2895.0,0.5942432683379758,-0.0023679981958108,-0.0001883992420182,-0.0006715860036598
2018-02-26,2783.0,2816.0,2776.0,2807.0,50700.0,2807.0,2772.2,2706.9,2830.28,2896.5466666666666,2674.165,False,False,False,False,False,False,False,False,False,True,False,-0.0014250089063056,0.0210188813680085,,,-0.008293551834699,-0.0319011993824961,-0.0163876024225151,-0.1015318845742785,-0.0006030169259024,-0.0494292363958772,2966.0,2879.0,0.7921875,-0.0026711138120609,-0.0003031156162501,-0.0004650046704141
2018-02-27,2835.0,2857.0,2806.0,2830.0,60600.0,2830.0,2793.2,2722.3,2825.04,2894.08,2676.565,False,False,False,False,True,False,False,False,False,False,False,0.0098939929328621,0.0123674911660777,,,0.0017526501766784,-0.022643109540636,-0.0053003533568904,-0.1127208480565371,-0.0008523146100545,-0.0556882048268009,2962.0,2851.0,1.1952662721893492,-0.0018548409934019,0.000816272818659,-0.000249297684152
2018-02-28,2811.0,2873.0,2803.0,2805.0,88500.0,2805.0,2801.6,2742.3,2816.24,2890.9466666666667,2678.5,False,False,False,False,False,False,False,False,False,True,False,0.0067736185383244,0.0110516934046345,,,-0.0040071301247771,-0.030640522875817,-0.0035650623885918,-0.11301247771836,-0.0010838433546565,-0.0665499762972687,2964.0,2909.0,1.4603960396039604,-0.0031247336874698,-0.0012698926940679,-0.000231528744602
2018-03-01,2855.0,2864.0,2798.0,2832.0,118600.0,2832.0,2811.6,2764.9,2809.32,2887.24,2680.61,False,False,False,False,False,False,False,False,False,False,False,-0.0038841807909604,-0.0017655367231638,,,0.0080084745762711,-0.019505649717514,-0.0222457627118644,-0.1211158192090395,-0.0012838096821417,-0.0775073239538501,2945.0,2928.0,1.3401129943502823,-0.0024632295359729,0.0006615041514969,-0.0001999663274851
2018-03-02,2800.0,2863.0,2800.0,2826.0,136200.0,2826.0,2820.0,2785.1,2801.76,2883.3866666666668,2682.725,False,False,False,False,False,False,False,False,False,True,False,0.0074309978768577,-0.0035385704175513,,,0.0085774946921442,-0.0203066761028544,-0.0003538570417551,-0.1266808209483368,-0.0013363914655912,-0.0894043301856306,2965.0,2903.0,1.148397976391231,-0.0026983039232482,-0.0002350743872752,-5.258178344953084e-05
2018-03-05,2836.0,2850.0,2788.0,2803.0,84600.0,2803.0,2819.2,2795.7,2795.16,2880.9466666666667,2684.405,False,False,False,False,False,False,False,False,False,False,False,0.02247591865858,-0.0071352122725651,,,0.0027970032108455,-0.0278083006302771,0.0035676061362825,-0.1134498751337852,-0.0008469438286489,-0.0964695782809313,2953.0,2853.0,0.6211453744493393,-0.002361224402181,0.0003370795210671,0.0004894476369423
2018-03-06,2853.0,2892.0,2841.0,2858.0,96800.0,2858.0,2824.8,2809.0,2792.08,2879.306666666667,2686.335,False,False,False,False,False,False,False,False,False,False,False,0.0024492652204338,-0.030440867739678,,,0.0230650804758572,-0.0074550968042921,-0.0321903428971308,-0.1427571728481455,-0.0005695815659324,-0.1061587753648984,2989.0,2836.0,1.1442080378250592,-0.0011031202544339,0.001258104147747,0.0002773622627164
2018-03-07,2823.0,2850.0,2787.0,2824.0,133000.0,2824.0,2828.6,2815.1,2783.84,2877.52,2688.13,False,False,False,False,False,False,False,False,False,True,False,0.0042492917847025,-0.0113314447592068,,,0.0142209631728044,-0.0189518413597733,-0.0127478753541076,-0.1260623229461756,-0.0006209050385981,-0.1120741714326311,2962.0,2809.0,1.3739669421487604,-0.0029599402264497,-0.0018568199720157,-5.132347266562434e-05
2018-03-08,2858.0,2865.0,2786.0,2821.0,86300.0,2821.0,2826.4,2819.0,2779.96,2877.2266666666665,2689.865,False,False,False,False,False,False,False,False,False,False,False,0.0021269053527118,-0.0397022332506203,,,0.0145480326125487,-0.0199314663830792,-0.0187876639489542,-0.118752215526409,-0.0001019500259509,-0.1162823696346222,2975.0,2914.0,0.6488721804511278,-0.0013957035353027,0.001564236691147,0.0005189550126471
2018-03-09,2853.0,2913.0,2833.0,2847.0,96600.0,2847.0,2830.6,2825.3,2771.84,2876.5866666666666,2691.8,False,False,False,False,False,False,False,False,False,True,False,-0.0108886547242711,-0.0488233227959255,,,0.0263997190024586,-0.0103922257346914,-0.0091324200913242,-0.1282051282051282,-0.0002224859092257,-0.1204827805896719,3015.0,2870.0,1.119351100811124,-0.0029294620180096,-0.0015337584827069,-0.0001205358832747
2018-03-12,2893.0,2893.0,2834.0,2866.0,67400.0,2866.0,2843.2,2831.2,2766.48,2876.346666666667,2693.915,False,False,False,False,False,False,False,False,False,False,False,-0.0289602233077459,-0.0286113049546406,,,0.0347243545010467,-0.0036101418934636,-0.0184926727145847,-0.1301465457083042,-8.34391774750546e-05,-0.1233399265329188,2960.0,2878.0,0.6977225672877847,-0.0019374801191406,0.000991981898869,0.0001390467317506
2018-03-13,2865.0,2865.0,2830.0,2865.0,68700.0,2865.0,2844.6,2834.7,2764.52,2875.826666666667,2696.06,False,False,False,False,False,False,False,False,False,False,False,-0.0328097731239092,-0.0492146596858638,,,0.0350715532286213,-0.0037789412449098,-0.0108202443280977,-0.1507853403141361,-0.0001808175736136,-0.1271739513881539,2972.0,2849.0,1.0192878338278932,-0.0007089838380623,0.0012284962810782,-9.737839613855508e-05
2018-03-14,2844.0,2844.0,2817.0,2836.0,81900.0,2836.0,2847.0,2837.8,2768.72,2874.6266666666666,2698.05,False,False,False,False,False,False,True,False,True,False,False,-0.0155148095909732,-0.0349083215796897,,,0.0237235543018336,-0.0136201222378937,0.0176304654442877,-0.156558533145275,-0.0004174455117651,-0.1315103248995701,2954.0,2865.0,1.1921397379912664,0.0015169464590134,0.0022259302970758,-0.0002366279381514
2018-03-15,2854.0,2854.0,2806.0,2827.0,52700.0,2827.0,2848.2,2837.3,2773.32,2873.36,2700.105,False,False,False,False,False,False,True,False,False,False,False,-0.0417403608065086,-0.0191015210470463,,,0.0189883268482489,-0.0163990095507605,0.0116731517509727,-0.1467987265652635,-0.0004408311755806,-0.1340711239558735,2937.0,2912.0,0.6434676434676435,0.0016586618204896,0.0001417153614761,-2.3385663815551688e-05
2018-03-16,2837.0,2843.0,2801.0,2816.0,83800.0,2816.0,2842.0,2836.3,2777.24,2872.306666666667,2701.99,False,False,False,False,False,False,True,False,False,True,False,-0.0383522727272727,-0.0234375,,,0.0137642045454546,-0.0199952651515152,0.0131392045454545,-0.1491477272727272,-0.0003667203594787,-0.1363043401614781,2952.0,2931.0,1.590132827324478,0.0014114732612232,-0.0002471885592664,7.411081610187668e-05
2018-03-19,2805.0,2825.0,2754.0,2783.0,57500.0,2783.0,2825.4,2834.3,2780.32,2871.026666666666,2703.545,False,False,False,False,False,False,True,False,False,True,False,0.0003593244699964,-0.0079051383399209,,,0.0009629895795903,-0.0316301353455501,0.0488681279195113,-0.1440891124685591,-0.0004458335461881,-0.1393289348339978,2996.0,2841.0,0.6861575178997613,0.0011077861541118,-0.0003036871071113,-7.911318670934315e-05
2018-03-20,2760.0,2780.0,2738.0,2771.0,45900.0,2771.0,2806.6,2825.6,2784.12,2869.96,2705.185,False,False,False,False,False,False,True,False,False,False,False,-0.0169613857813063,0.015878744135691,,,-0.0047347527968242,-0.0357127390833634,0.0645976181883796,-0.1338866835077589,-0.00037166603948,-0.1384484711211777,2961.0,2845.0,0.7982608695652174,0.0013648836975416,0.0002570975434297,7.416750670807365e-05
2018-03-22,2739.0,2799.0,2736.0,2792.0,91200.0,2792.0,2797.8,2822.4,2791.6,2868.4,2707.065,False,False,False,False,False,False,True,False,False,False,False,-0.0196991404011461,0.0010744985673352,,,0.0001432664756447,-0.0273638968481375,0.0358166189111747,-0.1421919770773639,-0.0005438572026216,-0.1400581065759638,3025.0,2842.0,1.986928104575164,0.0026794669723456,0.0013145832748039,-0.0001721911631416
2018-03-23,2742.0,2747.0,2697.0,2709.0,90600.0,2709.0,2774.2,2811.2,2795.72,2865.48,2708.55,False,False,False,False,False,False,True,False,False,True,False,0.0236249538575119,0.0221483942414175,,,-0.0320118124769286,-0.0577630121816168,0.0583241048357327,-0.1181247692875599,-0.0010190264807292,-0.1400825270347181,3005.0,2868.0,0.993421052631579,0.0014736811984032,-0.0012057857739423,-0.0004751692781076
2018-03-26,2697.0,2726.0,2672.0,2708.0,80600.0,2708.0,2752.6,2797.3,2799.08,2862.88,2709.785,False,False,False,False,False,False,True,False,False,True,False,0.0155096011816839,0.043205317577548,,,-0.0336336779911373,-0.0571935007385524,0.0321270310192023,-0.1244460856720827,-0.0009081763818252,-0.1397776427269152,3015.0,2960.0,0.8896247240618101,0.0012003944153079,-0.0002732867830953,0.0001108500989039
2018-03-27,2705.0,2794.0,2699.0,2784.0,124800.0,2784.0,2752.8,2789.1,2802.56,2861.96,2711.25,False,False,False,False,False,False,True,False,False,False,False,-0.0082614942528735,0.0104166666666666,,,-0.0066666666666666,-0.0280028735632184,0.0039511494252873,-0.1469109195402299,-0.0003214580217753,-0.1414793302499013,2968.0,2966.0,1.5483870967741935,0.0012417218543046,4.1327438996709934e-05,0.0005867183600499
2018-03-28,2709.0,2739.0,2699.0,2724.0,64900.0,2724.0,2743.4,2775.0,2802.52,2860.4666666666667,2712.255,False,False,False,False,False,False,False,False,False,True,False,0.0334067547723935,0.0154185022026431,,,-0.0288252569750367,-0.0500978952520802,-0.0033039647577092,-0.1200440528634361,-0.0005220593376372,-0.1384144144144143,2935.0,2962.0,0.5200320512820513,-1.4272868703867812e-05,-0.0012559947230085,-0.0002006013158619
2018-03-29,2790.0,2817.0,2711.0,2737.0,96300.0,2737.0,2732.4,2765.1,2801.48,2859.5066666666667,2713.22,False,False,False,False,False,False,False,False,False,True,False,0.021191085129704,0.0186335403726708,,,-0.0235586408476434,-0.0447594690049933,0.0054804530507855,-0.1183777858969674,-0.0003357222457953,-0.1345701782937325,3030.0,2964.0,1.4838212634822805,-0.0003712323486157,-0.0003569594799118,0.0001863370918418
2018-03-30,2753.0,2784.0,2731.0,2773.0,87800.0,2773.0,2745.2,2759.7,2801.12,2857.6266666666666,2714.6,False,False,False,False,False,False,False,False,False,False,False,-0.0014424810674359,-0.0018031013342949,,,-0.0101406419040749,-0.0305180911167207,-0.0039668229354489,-0.1305445366029571,-0.0006578885975308,-0.1329129977896147,2918.0,2945.0,0.9117341640706128,-0.0001285200205632,0.0002427123280524,-0.0003221663517355
2018-04-02,2771.0,2771.0,2740.0,2750.0,40800.0,2750.0,2753.6,2753.1,2799.76,2856.026666666666,2715.83,False,False,False,False,False,False,False,False,False,True,False,0.0272727272727272,0.0258181818181818,,,-0.0180945454545455,-0.0385551515151513,0.0018181818181818,-0.1276363636363636,-0.0005602188588343,-0.1307253641349751,3050.0,2965.0,0.4646924829157175,-0.000485755921936,-0.0003572359013728,9.766973869654424e-05
2018-04-03,2738.0,2777.0,2723.0,2761.0,128000.0,2761.0,2749.0,2750.9,2797.92,2854.4666666666667,2717.14,False,False,False,False,False,False,False,False,False,True,False,0.0188337558855487,0.0188337558855487,,,-0.0133719666787396,-0.0338524689122298,-0.0010865628395508,-0.1227816008692502,-0.000546511899479,-0.1285761023664983,3000.0,2953.0,3.1372549019607843,-0.0006576313833133,-0.0001718754613773,1.3706959355311713e-05
2018-04-04,2788.0,2828.0,2779.0,2815.0,86200.0,2815.0,2767.2,2755.3,2797.32,2854.0133333333333,2718.79,False,False,False,False,True,False,False,False,False,False,False,-0.0174067495559502,0.0067495559502664,,,0.0062806394316162,-0.0138590882178803,-0.0269982238010657,-0.108348134991119,-0.0001588406501254,-0.1259753928791784,2914.0,2989.0,0.6734375,-0.0002144910128265,0.0004431403704868,0.0003876712493535
2018-04-05,2827.0,2827.0,2784.0,2795.0,108900.0,2795.0,2778.8,2755.6,2796.92,2853.08,2720.145,False,False,False,False,False,False,False,False,False,False,False,-0.0025044722719141,0.0325581395348837,,,-0.0006869409660107,-0.0207799642218246,-0.0325581395348837,-0.095169946332737,-0.0003271318481547,-0.1212077224560894,2731.0,2962.0,1.2633410672853829,-0.0001430144587618,7.147655406471672e-05,-0.0001682911980293
2018-04-06,2806.0,2815.0,2756.0,2769.0,130000.0,2769.0,2778.0,2761.6,2794.4,2851.173333333333,2721.43,False,False,False,False,False,False,False,False,False,True,True,-0.0003611412062116,0.0328638497652582,,,-0.0091729866377754,-0.0296761767184301,-0.0317804261466233,-0.0617551462621885,-0.0006687305343297,-0.1155489571263035,2712.0,2975.0,1.1937557392102849,-0.0009018036072144,-0.0007587891484526,-0.0003415986861749
2018-04-09,2778.0,2831.0,2761.0,2825.0,81500.0,2825.0,2793.0,2773.3,2794.36,2849.76,2723.075,False,False,False,False,False,False,False,False,False,False,False,-0.0014159292035398,0.0099115044247787,,,0.010846017699115,-0.0087646017699115,-0.0584070796460177,-0.0817699115044247,-0.000495948196807,-0.1112393177802617,2718.0,3015.0,0.6269230769230769,-1.4314547874992348e-05,0.0008874890593394,0.0001727823375226
2018-04-10,2825.0,2825.0,2794.0,2813.0,50400.0,2813.0,2803.4,2776.2,2794.76,2849.3866666666668,2724.595,False,False,False,False,False,False,True,False,False,False,False,0.0,0.0376821898329185,,,0.0064841805901172,-0.0129351818935893,-0.0707429790259509,-0.0774973338073231,-0.0001310223486692,-0.1042432101433613,2706.0,2960.0,0.6184049079754601,0.0001431249910547,0.0001574395389297,0.0003649258481378
2018-04-11,2816.0,2816.0,2738.0,2766.0,85900.0,2766.0,2793.6,2780.4,2791.08,2848.333333333333,2725.985,False,False,False,False,False,False,False,False,False,True,False,0.024584237165582,0.0665220535068691,,,-0.0090672451193058,-0.0297662087249938,-0.0600144613159797,-0.0285610990600144,-0.0003698069046227,-0.0951661631419939,2676.0,2972.0,1.7043650793650793,-0.0013184860340801,-0.0014616110251348,-0.0002387845559535
2018-04-12,2800.0,2818.0,2787.0,2788.0,65700.0,2788.0,2792.2,2785.5,2789.64,2847.613333333333,2727.23,False,False,False,False,False,False,False,False,False,False,False,0.0351506456241033,0.0373027259684361,,,-0.0005882352941176,-0.021382113821138,-0.078909612625538,-0.0918220946915351,-0.0002528433167425,-0.0925507090288997,2605.0,2954.0,0.7648428405122235,-0.0005161956381468,0.0008022903959332,0.0001169635878801
2018-04-13,2798.0,2798.0,2753.0,2768.0,72700.0,2768.0,2792.0,2785.0,2787.52,2846.28,2728.445,False,False,False,False,False,False,False,False,False,True,False,0.0332369942196531,0.0357658959537572,,,-0.0070520231213872,-0.0282803468208093,-0.0910404624277456,-0.0863439306358381,-0.0004684477048402,-0.0881508078994614,2606.0,2937.0,1.1065449010654491,-0.0007605326598553,-0.0002443370217084,-0.0002156043880976
2018-04-16,2800.0,2827.0,2792.0,2821.0,56100.0,2821.0,2791.2,2792.1,2786.48,2844.4266666666667,2729.975,False,False,False,False,True,False,False,False,False,False,True,0.0113434952144629,-0.0092165898617511,,,0.0122367954626019,-0.0083043837882547,-0.1070542360864941,-0.0935838355193194,-0.0006515665722911,-0.084810715948569,2624.0,2952.0,0.7716643741403026,-0.0003732307427291,0.0003873019171261,-0.0001831188674509
2018-04-17,2806.0,2832.0,2788.0,2813.0,40200.0,2813.0,2791.2,2797.3,2784.36,2842.3866666666668,2731.405,False,False,False,False,False,False,False,False,False,True,False,0.0376821898329185,-0.0063988624244578,,,0.0101813011020262,-0.010446735395189,-0.10024884464984,-0.1077141841450408,-0.0007177067159523,-0.0833661030279198,2697.0,2996.0,0.7165775401069518,-0.0007613957965205,-0.0003881650537913,-6.614014366118528e-05
2018-04-18,2827.0,2847.0,2801.0,2834.0,59000.0,2834.0,2804.8,2799.2,2783.12,2840.68,2733.04,False,False,False,False,False,False,False,False,False,False,False,0.0409315455187014,-0.0419901199717713,,,0.0179534227240649,-0.0023570924488355,-0.1062103034580098,-0.0913902611150317,-0.0006007951147848,-0.0816661903400971,2725.0,2961.0,1.4676616915422886,-0.0004455431314496,0.0003158526650708,0.0001169116011674
2018-04-19,2834.0,2911.0,2834.0,2886.0,102300.0,2886.0,2824.4,2808.3,2785.12,2839.64,2734.945,False,False,False,False,False,False,True,False,False,False,True,0.002079002079002,-0.0464310464310464,,,0.0349549549549549,0.0160637560637561,-0.1292446292446292,-0.1084546084546084,-0.0003662436083447,-0.0830751700316918,2763.0,3025.0,1.733898305084746,0.0007181019130234,0.0011636450444731,0.0002345515064401
2018-04-20,2881.0,2884.0,2857.0,2860.0,51200.0,2860.0,2842.8,2817.4,2786.44,2838.5066666666667,2736.905,False,False,False,False,False,False,True,False,False,True,False,0.0024475524475524,-0.0342657342657342,,,0.0257202797202797,0.0075151515151515,-0.1377622377622377,-0.0965034965034965,-0.0003992709781668,-0.0865336835380138,2782.0,3005.0,0.5004887585532747,0.0004737227429982,-0.0002443791700252,-3.302736982217379e-05
2018-04-23,2849.0,2861.0,2842.0,2853.0,38000.0,2853.0,2849.2,2820.2,2787.92,2837.0133333333333,2739.005,False,False,False,False,False,False,True,False,False,False,False,-0.0203294777427269,-0.0343498072204696,,,0.0228110760602873,0.0056034583479378,-0.1293375394321766,-0.0872765509989484,-0.0005263751550926,-0.0870860222679242,2784.0,3015.0,0.7421875,0.0005308617176963,5.713897469806058e-05,-0.0001271041769258
2018-04-24,2890.0,2921.0,2878.0,2919.0,96700.0,2919.0,2870.4,2830.8,2793.36,2836.56,2741.34,False,False,False,False,False,False,True,False,True,False,True,-0.0424803014731072,-0.0551558752997601,,,0.0430421377183966,0.0282425488180884,-0.1428571428571428,-0.1291538198013018,-0.0001598179955063,-0.0923767132965946,2807.0,2968.0,2.544736842105263,0.0019474754417619,0.0014166137240655,0.0003665571595863
2018-04-25,2911.0,2952.0,2899.0,2950.0,77500.0,2950.0,2893.6,2849.2,2800.52,2836.04,2743.89,False,False,False,False,False,False,True,False,False,False,False,-0.0796610169491525,-0.0715254237288135,,,0.0506711864406779,0.0386305084745762,-0.1406779661016949,-0.1206779661016949,-0.0001833542545239,-0.1015021760494173,2830.0,2935.0,0.8014477766287487,0.0025566680473625,0.0006091926056006,-2.3536259017598226e-05
2018-04-26,2909.0,2916.0,2879.0,2892.0,108400.0,2892.0,2894.8,2859.6,2804.52,2835.1066666666666,2745.94,False,False,False,False,False,False,True,False,False,True,False,-0.0484094052558782,-0.0650069156293222,,,0.0302489626556016,0.0196726602120793,-0.1020055325034578,-0.0975103734439834,-0.0003292057206548,-0.1020422436704433,2805.0,3030.0,1.3987096774193548,0.001426269022863,-0.0011303990244994,-0.0001458514661309
2018-04-27,2903.0,2926.0,2854.0,2867.0,95500.0,2867.0,2896.2,2869.5,2810.84,2833.6666666666665,2747.9,False,False,False,False,False,False,True,False,False,False,False,-0.0366236484129752,-0.064876177188699,,,0.0195884199511684,0.0116265550517382,-0.0997558423439134,-0.0966166724799442,-0.0005081755087636,-0.1030144624499041,2832.0,2918.0,0.8809963099630996,0.0022484381892957,0.0008221691664326,-0.0001789697881088
2018-05-01,2863.0,2863.0,2780.0,2795.0,114200.0,2795.0,2884.6,2866.9,2814.32,2830.733333333333,2749.345,False,False,False,False,False,False,True,False,False,True,False,-0.0143112701252236,-0.0483005366726296,,,-0.006912343470483,-0.0127847346451996,-0.0651162790697674,-0.0826475849731663,-0.0010362450248463,-0.1019568174683456,2826.0,3050.0,1.1958115183246074,0.0012365331589869,-0.0010119050303088,-0.0005280695160826
2018-05-02,2782.0,2801.0,2756.0,2795.0,87900.0,2795.0,2859.8,2865.1,2814.76,2828.5333333333333,2750.715,False,False,False,False,False,False,True,False,False,True,False,-0.0132379248658318,-0.0647584973166368,,,-0.0070697674418605,-0.0119976147883124,-0.0747763864042933,-0.0869409660107334,-0.0007777882530403,-0.0999267041290006,2803.0,3000.0,0.7697022767075307,0.0001563188335773,-0.0010802143254095,0.0002584567718059
2018-05-07,2763.0,2766.0,2709.0,2715.0,78300.0,2715.0,2812.8,2853.2,2814.4,2825.1066666666666,2751.88,False,False,False,False,False,False,False,False,False,True,False,0.0088397790055248,-0.0423572744014733,,,-0.0366114180478821,-0.0405549416820134,-0.0416206261510128,-0.0769797421731123,-0.0012129335529514,-0.0985910556568063,2858.0,2914.0,0.8907849829351536,-0.0001279135872655,-0.0002842324208428,-0.000435145299911
2018-05-08,2717.0,2776.0,2717.0,2752.0,92300.0,2752.0,2784.8,2839.8,2815.0,2822.4133333333334,2753.14,False,False,False,False,False,False,True,False,False,False,False,-0.0174418604651162,-0.066860465116279,,,-0.0228924418604651,-0.0255862403100775,-0.0625,-0.0570494186046511,-0.0009542660890679,-0.0935629269666878,2824.0,2731.0,1.1787994891443168,0.0002131438721136,0.0003410574593791,0.0002586674638834
2018-05-09,2744.0,2780.0,2744.0,2762.0,89200.0,2762.0,2763.8,2830.0,2814.56,2820.08,2754.115,False,False,False,False,False,False,False,False,False,True,False,-0.0293265749456915,-0.0890658942795076,,,-0.0190296886314264,-0.0210282404055032,-0.0695148443157132,-0.0695148443157132,-0.0008273996955169,-0.0909187279151944,2821.0,2712.0,0.9664138678223184,-0.0001563299414473,-0.0003694738135609,0.0001268663935509
2018-05-10,2758.0,2772.0,2732.0,2755.0,121700.0,2755.0,2755.8,2820.2,2814.76,2817.4533333333334,2755.185,False,False,False,False,False,False,True,False,False,False,False,-0.0344827586206896,-0.0856624319419237,,,-0.0216914700544465,-0.0226690865093769,-0.0762250453720508,-0.0609800362976406,-0.0009322840011546,-0.0883625274803204,2847.0,2718.0,1.3643497757847534,7.105401526249941e-05,0.0002273839567098,-0.0001048843056377
2018-05-11,2755.0,2768.0,2737.0,2758.0,85300.0,2758.0,2748.4,2804.1,2814.64,2814.28,2756.145,False,True,False,False,False,False,False,False,False,True,False,-0.0522117476432197,-0.0823060188542422,,,-0.0205366207396663,-0.0204060913705584,-0.0855692530819434,-0.0591007976794778,-0.0011275826617583,-0.0812381869405512,2866.0,2706.0,0.7009038619556286,-4.26342267573635e-05,-0.0001136882420198,-0.0001952986606036
2018-05-14,2750.0,2760.0,2732.0,2739.0,77300.0,2739.0,2753.2,2783.0,2811.6,2811.32,2756.975,False,False,False,False,False,False,False,False,False,True,False,-0.0507484483388097,-0.0752099306316173,,,-0.0265060240963855,-0.0264037970062067,-0.0832420591456736,-0.0580503833515881,-0.0010528861886942,-0.0747754222062522,2865.0,2676.0,0.9062133645955452,-0.0010812348840517,-0.0010386006572944,7.469647306401783e-05
2018-05-15,2739.0,2745.0,2704.0,2704.0,82500.0,2704.0,2743.6,2764.2,2807.96,2807.04,2757.435,False,False,False,False,False,False,False,False,False,True,False,-0.0502958579881656,-0.0706360946745562,,,-0.0384467455621301,-0.0381065088757396,-0.0798816568047337,-0.0447485207100591,-0.0015247378020976,-0.069459518124593,2836.0,2605.0,1.0672703751617076,-0.0012963147623185,-0.0002150798782667,-0.0004718516134033
2018-05-16,2705.0,2714.0,2677.0,2681.0,63200.0,2681.0,2727.4,2745.6,2804.44,2802.72,2757.81,False,False,False,False,False,False,False,False,False,False,False,-0.0615441999254009,-0.0801939574785527,,,-0.0460425214472212,-0.0454009697873926,-0.0716150690041029,-0.0343155538977993,-0.0015413598218873,-0.0631920163170163,2827.0,2606.0,0.7660606060606061,-0.0012551525438233,4.116221849514686e-05,-1.662201978971348e-05
2018-05-17,2665.0,2677.0,2651.0,2660.0,98000.0,2660.0,2708.4,2732.1,2797.84,2797.9866666666667,2758.1,False,False,True,False,False,False,False,False,False,True,False,-0.0530075187969924,-0.0661654135338345,,,-0.0518195488721805,-0.0518746867167919,-0.0721804511278195,-0.0203007518796992,-0.0016916925980108,-0.0570257311225796,2816.0,2624.0,1.5506329113924051,-0.0023589626283132,-0.0011038100844898,-0.0001503327761235
2018-05-18,2645.0,2645.0,2610.0,2614.0,126300.0,2614.0,2679.6,2714.0,2789.88,2793.266666666667,2758.2,False,False,False,False,False,False,False,False,False,True,False,-0.0317521040550879,-0.0428462127008416,,,-0.0672838561591431,-0.0685794440193828,-0.0493496557000765,-0.0156847742922723,-0.0016897777989927,-0.0499631540162122,2783.0,2697.0,1.2887755102040817,-0.0028531693119417,-0.0004942066836285,1.914799018130518e-06
2018-05-21,2600.0,2611.0,2590.0,2600.0,94500.0,2600.0,2651.8,2702.5,2783.24,2788.8,2758.235,False,False,False,False,False,False,False,False,False,False,False,-0.0257692307692307,-0.025,,,-0.0704769230769229,-0.0726153846153846,-0.0576923076923076,-0.0161538461538461,-0.0016016446739338,-0.0439962997224792,2771.0,2725.0,0.7482185273159145,-0.0023857087423292,0.0004674605696125,8.813312505890291e-05
2018-05-22,2560.0,2586.0,2553.0,2568.0,146200.0,2568.0,2624.6,2684.1,2774.44,2782.64,2758.215,False,False,False,False,False,False,False,False,False,True,False,-0.021417445482866,0.0112928348909657,,,-0.0803894080996884,-0.0835825545171339,-0.0389408099688473,0.0046728971962616,-0.0022137250955927,-0.038001564770314,2792.0,2763.0,1.547089947089947,-0.0031718112483959,-0.0007861025060667,-0.0006120804216589
2018-05-23,2568.0,2568.0,2513.0,2516.0,199400.0,2516.0,2591.6,2659.5,2764.36,2777.28,2757.85,False,False,False,False,False,False,False,False,False,True,False,-0.019872813990461,0.0258346581875993,,,-0.0987122416534181,-0.1038473767885533,-0.0119236883942766,0.0087440381558028,-0.0019299458462955,-0.0303064485805602,2709.0,2782.0,1.3638850889192886,-0.0036464136364293,-0.0004746023880334,0.0002837792492972
2018-05-24,2538.0,2549.0,2512.0,2519.0,102100.0,2519.0,2563.4,2635.9,2752.28,2770.2,2757.485,False,False,False,False,False,False,False,False,False,True,False,-0.0138944025406907,0.037316395394998,,,-0.0926081778483526,-0.0997221119491861,-0.0146883684001587,0.020246129416435,-0.0025557721464155,-0.0222694335900452,2708.0,2784.0,0.5120361083249749,-0.0043890883195023,-0.0007426746830729,-0.00062582630012
2018-05-25,2521.0,2548.0,2506.0,2531.0,82000.0,2531.0,2546.8,2613.2,2741.0,2763.9466666666667,2757.305,False,False,False,False,False,False,False,False,False,False,False,-0.0114579217700513,0.0217305412880284,,,-0.0829711576451995,-0.0920374028710654,-0.0150138285262742,0.021335440537337,-0.0022624652670576,-0.0141588856574315,2784.0,2807.0,0.8031341821743389,-0.0041152863918278,0.0002738019276744,0.0002933068793579
2018-05-28,2555.0,2570.0,2533.0,2533.0,96400.0,2533.0,2533.4,2592.6,2728.96,2758.866666666667,2757.92,False,False,False,False,False,False,False,False,False,True,False,0.0007895775759968,0.027240426371891,,,-0.0773628108961705,-0.0891696275825767,-0.039478878799842,0.0181602842479273,-0.0018413358142232,-0.0063642675306641,2724.0,2830.0,1.175609756097561,-0.0044119371482176,-0.0002966507563897,0.0004211294528344
2018-05-29,2531.0,2550.0,2506.0,2513.0,63100.0,2513.0,2522.4,2573.5,2714.04,2755.96,2758.525,False,False,False,False,False,False,False,False,False,True,False,0.0334261838440111,0.0266613609231993,,,-0.0799999999999999,-0.0966812574612017,-0.0481496219657779,0.0055710306406685,-0.0010546839092972,-0.0011657276083155,2737.0,2805.0,0.6545643153526971,-0.0054973397591782,-0.0010854026109606,0.0007866519049259
2018-05-30,2489.0,2494.0,2466.0,2466.0,90500.0,2466.0,2512.4,2552.0,2698.28,2752.68,2758.75,False,False,False,False,False,False,False,False,False,True,False,0.0466342254663422,0.0421735604217356,,,-0.0941930251419303,-0.1162530413625303,-0.0218978102189781,0.0364963503649635,-0.0011915660374617,0.0059561128526645,2773.0,2832.0,1.434231378763867,-0.0058407578160901,-0.0003434180569119,-0.0001368821281645
2018-05-31,2466.0,2486.0,2440.0,2484.0,151200.0,2484.0,2505.4,2534.4,2683.52,2749.56,2758.99,False,False,False,False,False,False,False,False,False,False,False,0.0519323671497584,0.0245571658615136,,,-0.0803220611916264,-0.1069082125603864,-0.0354267310789049,0.0269726247987117,-0.0011347270108671,0.0107717803030301,2750.0,2826.0,1.670718232044199,-0.005500238492726,0.0003405193233641,5.683902659459278e-05
2018-06-01,2450.0,2514.0,2450.0,2502.0,97400.0,2502.0,2499.6,2523.2,2666.84,2746.84,2759.19,False,False,False,False,False,False,False,False,False,True,False,0.0335731414868105,0.0079936051159072,,,-0.0658832933653078,-0.0978577138289369,-0.0479616306954436,0.005595523581135,-0.0009902287719706,0.012999365884591,2761.0,2803.0,0.6441798941798942,-0.0062545934514255,-0.0007543549586995,0.0001444982388965
2018-06-04,2502.0,2542.0,2496.0,2535.0,159700.0,2535.0,2500.0,2516.7,2650.24,2744.96,2759.505,False,False,False,False,False,False,False,False,False,True,False,0.0264299802761341,-0.0094674556213017,,,-0.0454595660749506,-0.0828244575936883,-0.0532544378698224,0.0268244575936883,-0.0006848915831196,0.0174037429967815,2815.0,2858.0,1.6396303901437372,-0.0062635836754408,-8.990224015256384e-06,0.0003053371888509
2018-06-05,2535.0,2598.0,2535.0,2597.0,133700.0,2597.0,2516.8,2519.6,2638.44,2744.853333333333,2760.07,False,False,False,False,False,False,False,False,False,False,False,-0.006546014632268,-0.0419715055833654,,,-0.0159568733153639,-0.0569323578487997,-0.0777820562187139,-0.0115517905275317,-3.8860607002811713e-05,0.0157167804413398,2795.0,2824.0,0.8371947401377583,-0.0044723397158926,0.0017912439595482,0.0006460309761168
2018-06-06,2588.0,2590.0,2566.0,2581.0,80600.0,2581.0,2539.8,2526.1,2627.0,2744.52,2760.665,False,False,False,False,False,False,False,False,False,False,False,-0.0042619139868268,-0.0356450987989151,,,-0.0178225493994575,-0.0633552886478109,-0.0743897714064316,0.0081363812475784,-0.0001214541462015,0.0156367523059261,2769.0,2821.0,0.6028421839940165,-0.0043547773125238,0.0001175624033688,-8.259353919872086e-05
2018-06-07,2580.0,2633.0,2580.0,2613.0,146000.0,2613.0,2565.6,2535.5,2619.72,2744.373333333333,2761.365,False,False,False,False,False,False,False,False,False,False,False,-0.0260237275162648,-0.0554917719096823,,,-0.0025717566016072,-0.0502768210230895,-0.0926138538078836,0.0130118637581324,-5.344268029628672e-05,0.0149083021100375,2825.0,2847.0,1.811414392059553,-0.0027789229383293,0.0015758543741944,6.801146590524586e-05
2018-06-08,2603.0,2637.0,2578.0,2586.0,154800.0,2586.0,2582.4,2541.0,2611.36,2742.893333333333,2762.0,False,False,False,False,False,False,False,False,False,True,False,-0.0247486465583913,-0.0390564578499613,,,-0.0098066511987626,-0.0606702758442896,-0.0815931941221964,0.0286156225831399,-0.0005395762139249,0.0156631247540339,2813.0,2866.0,1.0602739726027397,-0.0032013969732245,-0.0004224740348951,-0.0004861335336286
2018-06-11,2591.0,2625.0,2580.0,2602.0,87500.0,2602.0,2595.8,2547.9,2606.84,2741.2533333333336,2762.625,False,False,False,False,False,False,False,False,False,False,False,-0.0349730976172175,-0.0584166026133743,,,-0.0018601076095311,-0.0535178068152703,-0.0787855495772482,0.0188316679477325,-0.0005982664863758,0.0157384512735978,2766.0,2865.0,0.5652454780361758,-0.0017339000475671,0.0014674969256573,-5.8690272450887286e-05
2018-06-12,2592.0,2601.0,2575.0,2580.0,80300.0,2580.0,2592.4,2554.6,2599.96,2738.813333333333,2763.155,False,False,False,False,False,False,False,False,False,True,False,-0.0356589147286821,-0.0434108527131782,,,-0.0077364341085271,-0.0615555555555554,-0.0647286821705426,0.0209302325581395,-0.0008908967874166,0.0172629765912471,2788.0,2836.0,0.9177142857142856,-0.0026461945568393,-0.0009122945092722,-0.0002926303010407
2018-06-13,2543.0,2587.0,2532.0,2570.0,76500.0,2570.0,2590.2,2565.0,2592.28,2735.9866666666667,2763.46,False,False,False,False,False,False,False,False,False,True,False,-0.0315175097276264,-0.0326848249027237,,,-0.0086692607003891,-0.064586251621271,-0.0618677042801556,0.0073929961089494,-0.0010331434363714,0.0144249512670565,2768.0,2827.0,0.9526774595267746,-0.0029626429243753,-0.000316448367536,-0.0001422466489547
2018-06-14,2581.0,2581.0,2540.0,2545.0,86100.0,2545.0,2576.6,2571.1,2583.88,2732.8,2763.8,False,False,False,False,False,False,False,False,False,True,False,-0.0302554027504911,-0.02475442043222,,,-0.0152770137524558,-0.0737917485265226,-0.0573673870333988,0.0094302554027504,-0.0011660811865729,0.0127182917817277,2821.0,2816.0,1.1254901960784314,-0.0032509249655557,-0.0002882820411803,-0.0001329377502015
2018-06-15,2563.0,2564.0,2521.0,2522.0,60900.0,2522.0,2563.8,2573.1,2574.44,2729.0,2763.92,False,False,False,False,False,False,False,False,False,True,False,-0.014670896114195,-0.0114988104678826,,,-0.0207930214115781,-0.0820777160983346,-0.0396510705789056,0.0198255352894528,-0.0013924514474167,0.0141074967937508,2813.0,2783.0,0.7073170731707317,-0.0036668168611426,-0.0004158918955869,-0.0002263702608437
2018-06-18,2512.0,2536.0,2501.0,2511.0,52200.0,2511.0,2545.6,2570.7,2565.32,2724.7466666666664,2763.945,False,False,False,False,False,False,False,False,False,False,False,-0.0242931103146156,-0.031063321385902,,,-0.0216328156113103,-0.0851241205363068,-0.0003982477100756,0.0362405416168857,-0.0015610013897317,0.0150153654646595,2834.0,2771.0,0.8571428571428571,-0.0035551120328067,0.0001117048283358,-0.000168549942315
2018-06-19,2499.0,2512.0,2473.0,2488.0,66600.0,2488.0,2527.2,2559.8,2556.68,2720.52,2763.83,False,False,False,False,False,False,False,False,False,False,False,-0.0080385852090032,-0.0385852090032154,,,-0.0276045016077169,-0.0934565916398713,0.0164790996784565,0.0474276527331189,-0.0015536245521688,0.0208610047659972,2886.0,2792.0,1.2758620689655171,-0.0033793826368573,0.0001757293959494,7.37683756285492e-06
2018-06-20,2462.0,2493.0,2442.0,2489.0,101200.0,2489.0,2511.0,2550.6,2549.0,2715.9466666666667,2763.645,False,False,False,False,False,False,False,False,False,False,False,-0.0012053033346725,-0.0309361189232623,,,-0.0241060666934511,-0.0911798580420517,0.0437926878264363,0.0369626355966251,-0.0016838818631686,0.0237199090410099,2860.0,2709.0,1.5195195195195197,-0.0030129462534326,0.0003664363834246,-0.0001302573109997
2018-06-21,2479.0,2489.0,2464.0,2468.0,95000.0,2468.0,2495.6,2536.1,2541.32,2711.173333333333,2763.25,False,False,False,False,False,False,False,False,False,True,False,0.0056726094003241,-0.0291734197730956,,,-0.0297082658022691,-0.0985305240410588,0.0510534846029173,0.029578606158833,-0.00176061533014,0.0253933204526635,2853.0,2708.0,0.9387351778656128,-0.0030220515322745,-9.105278841846884e-06,-7.673346697142122e-05
2018-06-22,2455.0,2485.0,2433.0,2485.0,118400.0,2485.0,2488.2,2526.0,2536.16,2706.9333333333334,2762.905,False,False,False,False,False,False,False,False,False,False,False,0.0032193158953722,-0.0414486921529175,,,-0.0205875251509053,-0.089309188464118,0.0442655935613682,-0.0100603621730382,-0.00156634814304,0.0215756136183689,2919.0,2784.0,1.2463157894736845,-0.0020345719512965,0.0009874795809779,0.0001942671871
2018-06-25,2480.0,2480.0,2436.0,2450.0,111400.0,2450.0,2476.0,2510.8,2530.16,2701.4933333333333,2762.345,False,False,False,False,False,False,False,False,False,True,False,-0.006938775510204,-0.0204081632653061,,,-0.0327183673469387,-0.1026503401360544,0.096734693877551,-0.0081632653061224,-0.0020137010641028,0.0189581010036641,2950.0,2724.0,0.9408783783783784,-0.0023713915325513,-0.0003368195812547,-0.0004473529210628
2018-06-26,2420.0,2472.0,2410.0,2468.0,93600.0,2468.0,2472.0,2499.6,2526.16,2696.7466666666664,2761.775,False,False,False,False,False,False,False,False,False,False,False,-0.0307941653160453,-0.029578606158833,,,-0.0235656401944894,-0.0926850351161533,0.0259319286871961,-0.0303889789303079,-0.0017601455581046,0.0138822211553849,2892.0,2737.0,0.8402154398563735,-0.0015834309782436,0.0007879605543076,0.0002535555059981
2018-06-27,2485.0,2495.0,2464.0,2486.0,108400.0,2486.0,2471.4,2491.2,2524.96,2692.28,2761.38,False,False,False,False,False,False,False,False,False,False,False,-0.0297666934835076,-0.0390185036202735,,,-0.0156717618664521,-0.0829766693483508,0.0172968624296057,-0.0325824617860016,-0.0016590646837127,0.0099149004495826,2867.0,2773.0,1.1581196581196582,-0.0004752550535453,0.0011081759246983,0.0001010808743918
2018-06-28,2466.0,2486.0,2442.0,2482.0,83400.0,2482.0,2474.2,2484.9,2523.48,2687.4133333333334,2760.76,False,False,False,False,False,False,False,False,False,True,False,-0.0346494762288477,-0.0447219983883964,,,-0.0167123287671232,-0.0827612140746709,0.0302175664786462,-0.0201450443190975,-0.0018109111115521,0.0069620507867518,2795.0,2750.0,0.7693726937269373,-0.0005864916702331,-0.0001112366166878,-0.0001518464278393
2018-06-29,2459.0,2503.0,2433.0,2493.0,101700.0,2493.0,2475.8,2482.0,2521.96,2682.44,2760.495,False,False,False,False,False,False,False,False,False,True,False,-0.0445246690734055,-0.0473325310870437,,,-0.011616526273566,-0.0759887685519454,0.0068190934616927,-0.0389089450461291,-0.0018540333924834,0.001047542304593,2795.0,2761.0,1.2194244604316546,-0.0006027058319719,-1.6214161738773813e-05,-4.312228093129975e-05
2018-07-02,2479.0,2506.0,2432.0,2433.0,115400.0,2433.0,2472.4,2474.2,2517.96,2676.68,2760.105,False,False,False,False,False,False,False,False,False,True,False,-0.0135635018495684,-0.0147965474722564,,,-0.0349198520345252,-0.1001561857788737,0.0583641594739005,-0.0316481709823263,-0.0021519195421194,-0.0057392288416457,2715.0,2815.0,1.134709931170108,-0.0015885875867765,-0.0009858817548046,-0.0002978861496359
2018-07-03,2420.0,2420.0,2384.0,2392.0,87700.0,2392.0,2457.2,2464.6,2513.12,2670.76,2759.525,False,False,False,False,False,False,False,False,False,True,False,0.0012541806020066,0.0087792642140468,,,-0.0506354515050166,-0.1165384615384616,0.0756688963210702,-0.0087792642140468,-0.0022165975228023,-0.0114014444534609,2752.0,2795.0,0.7599653379549394,-0.0019258929139874,-0.0003373053272108,-6.467798068293153e-05
2018-07-04,2368.0,2426.0,2368.0,2412.0,55700.0,2412.0,2442.4,2456.9,2510.96,2665.2266666666665,2758.895,False,False,False,False,False,False,False,False,False,False,False,-0.0095356550580431,-0.0004145936981757,,,-0.0410281923714759,-0.1049861802100607,0.0713101160862354,-0.0132669983416252,-0.002076121105397,-0.0164841873906141,2762.0,2769.0,0.6351197263397947,-0.0008602287571286,0.0010656641568587,0.0001404764174052
2018-07-05,2414.0,2423.0,2387.0,2396.0,74000.0,2396.0,2425.2,2449.7,2507.44,2659.6266666666666,2758.045,False,False,False,False,False,False,False,False,False,True,False,-0.0104340567612687,0.0012520868113522,,,-0.0465108514190317,-0.1100278241513633,0.0868113522537562,0.01669449081803,-0.0021055586749017,-0.0178797403763725,2755.0,2825.0,1.3285457809694794,-0.0014038222250582,-0.0005435934679295,-2.94375695046329e-05
2018-07-06,2376.0,2398.0,2366.0,2382.0,65800.0,2382.0,2403.0,2439.4,2502.64,2654.28,2756.86,False,False,False,False,False,False,False,False,False,True,False,-0.0029387069689336,0.0167926112510495,,,-0.0506465155331653,-0.1143073047858942,0.0671704450041981,-0.0109151973131822,-0.0020143566868101,-0.0179962285807985,2758.0,2813.0,0.8891891891891892,-0.0019179746188026,-0.0005141523937443,9.1201988091592e-05
2018-07-09,2367.0,2406.0,2362.0,2400.0,64200.0,2400.0,2396.4,2434.4,2497.24,2649.333333333333,2755.84,False,False,False,False,False,False,False,False,False,True,False,-0.00125,0.0458333333333333,,,-0.0405166666666665,-0.1038888888888887,0.0808333333333333,-0.03625,-0.0018671363865125,-0.0207854091357212,2739.0,2766.0,0.9756838905775076,-0.0021623872755522,-0.0002444126567496,0.0001472203002975
2018-07-10,2400.0,2419.0,2388.0,2395.0,76400.0,2395.0,2397.0,2427.1,2489.16,2644.04,2754.665,False,False,False,False,False,False,False,False,False,True,False,0.0075156576200417,0.0559498956158663,,,-0.0393152400835072,-0.1039832985386221,0.0897703549060542,-0.0020876826722338,-0.0020019868584942,-0.0179638251411148,2704.0,2788.0,1.190031152647975,-0.003246074981118,-0.0010836877055658,-0.0001348504719817
2018-07-11,2375.0,2398.0,2369.0,2389.0,47300.0,2389.0,2392.4,2417.4,2481.48,2639.773333333333,2753.545,False,False,False,False,False,False,False,False,False,False,False,0.0092088740058601,0.0874843030556718,,,-0.0387107576391795,-0.1049700013952838,0.0841356215989953,0.0288823775638342,-0.0016163003894274,-0.0118308926946305,2681.0,2768.0,0.6191099476439791,-0.003094927220852,0.000151147760266,0.0003856864690667
2018-07-12,2391.0,2406.0,2371.0,2371.0,40400.0,2371.0,2387.4,2406.3,2471.8,2635.28,2752.19,False,False,False,False,False,False,False,False,False,True,False,0.0118093631379164,0.0940531421341206,,,-0.0425137072964994,-0.1114635175031633,0.0814002530577815,0.0383804301982285,-0.0017050686581057,-0.0060258488135311,2660.0,2821.0,0.854122621564482,-0.0039161744477707,-0.0008212472269187,-8.87682686782805e-05
2018-07-13,2369.0,2385.0,2360.0,2375.0,51600.0,2375.0,2386.0,2394.5,2463.36,2629.826666666667,2750.615,False,False,False,False,False,False,False,False,False,False,False,0.0197894736842105,0.0926315789473684,,,-0.0372042105263158,-0.1072954385964913,0.0745263157894736,0.08,-0.0020736474393749,0.0059302568385883,2614.0,2813.0,1.2772277227722773,-0.0034262146011951,0.0004899598465756,-0.0003685787812692
2018-07-17,2380.0,2415.0,2380.0,2397.0,53700.0,2397.0,2385.4,2390.9,2455.16,2625.4666666666667,2749.38,False,False,False,False,False,False,False,False,False,False,False,0.047142261159783,0.1209845640383813,,,-0.0242636629119732,-0.0953135864274788,0.0454735085523571,0.0613266583229036,-0.0016606571530141,0.0153080429963611,2600.0,2834.0,1.0406976744186047,-0.0033399045276072,8.631007358786413e-05,0.0004129902863608
2018-07-18,2406.0,2419.0,2398.0,2413.0,37900.0,2413.0,2389.0,2393.0,2448.48,2621.1466666666665,2748.34,False,False,False,False,False,False,False,False,False,False,False,0.0480729382511396,0.0493162038955656,,,-0.0147036883547451,-0.0862605332228207,0.0754247824285122,0.0343970161624533,-0.0016481336412563,0.019640618470539,2568.0,2886.0,0.7057728119180633,-0.0027282232242043,0.0006116813034029,1.2523511757809053e-05
2018-07-19,2412.0,2429.0,2407.0,2411.0,52900.0,2411.0,2393.4,2392.9,2442.12,2616.32,2747.245,False,False,False,False,False,False,False,False,False,False,False,0.077561177934467,0.0489423475736209,,,-0.0129075072583989,-0.0851596847781004,0.0659477395271671,0.0327664869348817,-0.0018448303979124,0.0242801621463495,2516.0,2860.0,1.395778364116095,-0.0026042946292566,0.0001239285949477,-0.0001966967566561
2018-07-20,2415.0,2415.0,2391.0,2399.0,33200.0,2399.0,2399.0,2393.2,2436.28,2611.64,2746.16,False,False,False,False,False,False,False,False,False,False,False,0.0812838682784493,0.0658607753230512,,,-0.015539808253439,-0.0886369320550228,0.0783659858274281,0.0558566069195498,-0.0017919774547794,0.0282049139227812,2519.0,2853.0,0.6275992438563327,-0.0023970972137848,0.0002071974154717,5.2852943132992e-05
2018-07-23,2399.0,2428.0,2392.0,2422.0,60200.0,2422.0,2408.4,2397.2,2432.28,2607.12,2745.135,False,False,False,False,False,False,False,False,False,False,False,0.0714285714285714,0.0363336085879438,,,-0.0042444260941371,-0.0764327002477291,0.0714285714285714,0.0516102394715111,-0.0017337138298198,0.0344568663440682,2531.0,2919.0,1.813253012048193,-0.0016445475027546,0.0007525497110302,5.826362495961295e-05
2018-07-24,2437.0,2513.0,2432.0,2510.0,175300.0,2510.0,2431.0,2408.2,2432.24,2603.0533333333333,2744.74,False,False,False,False,True,False,False,False,False,False,False,0.0705179282868525,0.0258964143426294,,,0.0309800796812749,-0.0370730411686586,0.0278884462151394,0.0079681274900398,-0.0015622679007729,0.0387426293497218,2533.0,2950.0,2.911960132890365,-1.6445745485814873e-05,0.0016281017572688,0.0001714459290469
2018-07-25,2519.0,2532.0,2501.0,2529.0,161500.0,2529.0,2454.2,2421.6,2433.88,2599.5066666666667,2744.115,False,False,False,False,False,False,True,False,False,False,False,0.0011862396204033,0.0173981810992487,,,0.0376117042309212,-0.0278792671675233,0.0213523131672597,0.0173981810992487,-0.0013643614429404,0.0405517013544764,2513.0,2892.0,0.9212778094694808,0.0006738212237252,0.000690266969211,0.0001979064578324
2018-07-26,2563.0,2625.0,2550.0,2598.0,138600.0,2598.0,2491.6,2442.5,2438.24,2597.2266666666665,2743.68,False,False,False,False,False,False,True,False,True,False,False,-0.0265588914549653,-0.0053887605850654,,,0.0614934565050039,0.0002976648704132,-0.0034642032332563,-0.0327174749807544,-0.0008778594603475,0.033899692937564,2466.0,2867.0,0.8582043343653251,0.0017881750771046,0.0011143538533794,0.0004865019825929
2018-07-27,2611.0,2614.0,2570.0,2594.0,96600.0,2594.0,2530.6,2464.8,2443.28,2594.1466666666665,2743.325,False,False,False,False,False,False,True,False,False,False,False,-0.0142636854279105,0.0038550501156515,,,0.0581033153430993,-5.654073502950396e-05,0.0046260601387818,-0.0439475713184271,-0.0011872883054671,0.0252758844530995,2484.0,2795.0,0.696969696969697,0.0020628008251205,0.0002746257480158,-0.0003094288451196
2018-07-30,2594.0,2600.0,2572.0,2595.0,104700.0,2595.0,2565.2,2486.8,2447.68,2591.24,2742.81,False,False,False,False,False,False,True,False,False,True,False,-0.0327552986512524,-0.0204238921001926,,,0.0567707129094412,0.0014489402697496,-0.0084778420038535,-0.0285163776493256,-0.0011217280787062,0.0144362232588063,2502.0,2795.0,1.0838509316770186,0.0017976206040003,-0.0002651802211201,6.556022676091396e-05
2018-07-31,2592.0,2687.0,2564.0,2687.0,152100.0,2687.0,2600.6,2515.8,2457.16,2590.1866666666665,2742.85,False,False,False,False,False,False,True,False,False,False,False,-0.0416821734276144,-0.0346110904354298,,,0.0855377744696688,0.0360302691973701,-0.0480089318943059,-0.0655005582433941,-0.0004066630976403,0.0014309563558311,2535.0,2715.0,1.4527220630372493,0.0038581126178189,0.0020604920138185,0.0007150649810659
2018-08-01,2555.0,2631.0,2493.0,2532.0,274300.0,2532.0,2601.2,2527.7,2459.72,2586.773333333333,2742.24,False,False,False,False,False,False,True,False,False,True,False,0.0161927330173775,0.0308056872037914,,,0.0285466034755135,-0.021632438125329,0.0189573459715639,-0.0011848341232227,-0.0013195332151251,-0.0019780828421094,2597.0,2752.0,1.803418803418804,0.0010407688680012,-0.0028173437498177,-0.0009128701174848
2018-08-02,2582.0,2582.0,2513.0,2529.0,191800.0,2529.0,2587.4,2539.5,2461.44,2583.5866666666666,2741.83,False,False,False,False,False,False,True,False,False,True,False,0.0217477263740608,0.0241202056148675,,,0.0267141162514827,-0.0215842889152497,0.0035587188612099,-0.0225385527876631,-0.0012334274316324,-0.0073242764323685,2581.0,2762.0,0.6992344148742253,0.0006987779511181,-0.000341990916883,8.610578349273505e-05
2018-08-03,2551.0,2580.0,2529.0,2557.0,91700.0,2557.0,2580.0,2555.3,2464.44,2580.0666666666666,2741.615,False,False,False,False,False,False,True,False,True,False,False,0.0183809151349237,0.0027375831052014,,,0.0361986703167774,-0.0090209881371398,0.0050840829096597,-0.0387172467735627,-0.0013643058318906,-0.0163972919031033,2613.0,2755.0,0.4781021897810219,0.0012173150898378,0.0005185371387197,-0.0001308784002581
2018-08-06,2567.0,2567.0,2504.0,2510.0,53900.0,2510.0,2563.0,2564.1,2465.12,2576.026666666666,2741.26,False,False,False,False,False,False,True,False,False,True,False,0.0127490039840637,0.0167330677290836,,,0.0178804780876494,-0.026305444887118,0.0298804780876494,-0.0095617529880478,-0.0015683067463071,-0.022152022152022,2586.0,2758.0,0.5877862595419847,0.0002758486402284,-0.0009414664496094,-0.0002040009144164
2018-08-07,2526.0,2579.0,2522.0,2575.0,62800.0,2575.0,2540.6,2570.6,2470.8,2572.5733333333333,2741.14,False,False,False,False,False,False,True,False,True,False,False,0.007378640776699,-0.0267961165048543,,,0.0404660194174756,0.0009423948220064,0.0015533980582524,-0.0217475728155339,-0.0013423653617906,-0.0250525169221193,2602.0,2739.0,1.1651205936920224,0.0022988505747127,0.0020230019344843,0.0002259413845165
2018-08-08,2577.0,2600.0,2565.0,2573.0,50900.0,2573.0,2548.8,2575.0,2478.04,2568.4,2740.99,False,False,False,False,False,False,True,False,False,False,False,0.0143801010493587,0.0085503303536727,,,0.0369063350174893,0.0017877963466769,-0.0178779634667703,-0.0101049358725223,-0.0016248767066396,-0.0277281553398058,2580.0,2704.0,0.8105095541401274,0.0029216638956593,0.0006228133209466,-0.0002825113448489
2018-08-09,2581.0,2606.0,2564.0,2584.0,49600.0,2584.0,2559.8,2573.6,2484.92,2564.72,2740.765,False,False,False,False,False,False,True,False,False,True,False,0.0023219814241486,-0.0054179566563467,,,0.0383436532507739,0.0074613003095976,-0.0108359133126934,-0.0139318885448916,-0.0014348544870396,-0.0258392912651538,2570.0,2681.0,0.974459724950884,0.0027687008032452,-0.0001529630924141,0.0001900222195999
2018-08-10,2589.0,2620.0,2568.0,2604.0,67500.0,2604.0,2569.2,2574.6,2493.24,2561.4,2740.8,False,False,False,False,False,False,True,False,False,False,False,-0.0153609831029185,-0.0065284178187403,,,0.0425345622119816,0.0163594470046082,-0.0203533026113671,-0.0188172043010752,-0.0012961661591316,-0.0233045910044278,2545.0,2660.0,1.3608870967741935,0.0033370233110329,0.0005683225077876,0.000138688327908
2018-08-13,2592.0,2592.0,2521.0,2542.0,67500.0,2542.0,2575.6,2569.3,2499.64,2556.373333333333,2740.51,False,False,False,False,False,False,True,False,False,True,False,0.003933910306845,0.0208497246262785,,,0.0166640440597954,-0.0056543404143717,-0.010228166797797,-0.005507474429583,-0.0019663272970042,-0.0210173977347915,2522.0,2614.0,1.0,0.0025603686930918,-0.000776654617941,-0.0006701611378726
2018-08-14,2553.0,2595.0,2548.0,2594.0,45000.0,2594.0,2579.4,2560.0,2507.4,2551.6266666666666,2740.54,False,False,False,False,False,False,True,False,False,False,False,-0.0339244410177332,-0.0053970701619121,,,0.0333847340015419,0.0163351323567206,0.0034695451040863,-0.0173477255204317,-0.0018602512384255,-0.0159765625,2511.0,2600.0,0.6666666666666666,0.0030948392757438,0.000534470582652,0.0001060760585786
2018-08-15,2598.0,2629.0,2586.0,2610.0,113200.0,2610.0,2586.8,2567.8,2516.0,2547.866666666667,2740.54,False,False,False,False,False,False,True,False,False,False,True,-0.0057471264367816,-0.0103448275862068,,,0.036015325670498,0.0238058748403575,-0.0164750957854406,-0.0352490421455938,-0.0014757444136269,-0.0193940338032557,2488.0,2568.0,2.515555555555556,0.0034181240063592,0.0003232847306153,0.0003845068247986
2018-08-16,2577.0,2633.0,2545.0,2590.0,90300.0,2590.0,2588.0,2573.9,2524.04,2544.173333333333,2740.415,False,False,False,False,False,False,True,False,False,True,False,-0.0077220077220077,-0.0003861003861003,,,0.0254671814671814,0.0176936936936937,0.0046332046332046,-0.0254826254826254,-0.0014516830614267,-0.019697734954738,2489.0,2516.0,0.7977031802120141,0.0031853694870128,-0.0002327545193463,2.4061352200251736e-05
2018-08-17,2582.0,2591.0,2553.0,2564.0,64000.0,2564.0,2580.0,2574.6,2531.76,2541.093333333333,2739.91,False,False,False,False,False,False,True,False,False,True,False,0.0089703588143525,0.016380655226209,,,0.0125741029641184,0.0089339573582945,0.032371294851794,-0.0249609984399376,-0.001212076691398,-0.0183329449234831,2468.0,2519.0,0.70874861572536,0.0030492621733498,-0.000136107313663,0.0002396063700286
2018-08-20,2550.0,2584.0,2510.0,2552.0,84200.0,2552.0,2582.0,2578.8,2538.84,2537.853333333333,2739.395,False,True,False,False,False,False,True,False,False,True,False,0.0168495297805642,0.0082288401253918,,,0.0051567398119121,0.0055433646812958,0.0423197492163009,-0.0164576802507836,-0.0012766695212225,-0.01900108577633,2485.0,2531.0,1.315625,0.0027886751429786,-0.0002605870303712,-6.459282982449561e-05
2018-08-21,2511.0,2526.0,2477.0,2506.0,137100.0,2506.0,2564.4,2571.9,2543.2,2535.0666666666666,2738.69,False,False,False,False,False,False,True,False,False,True,False,0.0295291300877893,0.0207501995211492,,,-0.0148443735035913,-0.0115988294759244,0.0578611332801276,-0.018754988028731,-0.0010992478830272,-0.0187021268323029,2450.0,2533.0,1.6282660332541568,0.0017143755898079,-0.0010742995531706,0.0001774216381952
2018-08-22,2507.0,2602.0,2492.0,2595.0,122400.0,2595.0,2561.4,2574.1,2550.48,2532.9733333333334,2738.355,False,False,False,False,False,False,True,False,False,False,False,-0.0046242774566473,-0.0057803468208092,,,0.0171560693641618,0.0239023763648041,0.015028901734104,-0.0736030828516377,-0.0008264332299852,-0.0250961501107182,2468.0,2513.0,0.8927789934354485,0.0028543646686114,0.0011399890788034,0.000272814653042
2018-08-23,2600.0,2603.0,2538.0,2570.0,116400.0,2570.0,2557.4,2572.7,2556.84,2530.4133333333334,2737.875,False,False,False,False,False,False,True,False,False,True,False,0.0073929961089494,-0.0124513618677042,,,0.0051206225680933,0.0154033722438391,0.0073929961089494,-0.0544747081712062,-0.001011692424426,-0.0291522524973763,2486.0,2466.0,0.9509803921568628,0.0024874454404656,-0.0003669192281458,-0.0001852591944407
2018-08-24,2543.0,2593.0,2533.0,2587.0,85700.0,2587.0,2562.0,2571.0,2564.36,2528.173333333333,2736.74,False,False,False,False,False,False,True,False,False,False,False,0.0073444143795902,-0.006571318129107,,,0.0087514495554696,0.0227393377142121,-0.0069578662543486,-0.0386548125241592,-0.0008860151993798,-0.0311551925320886,2482.0,2484.0,0.7362542955326461,0.0029325055764401,0.0004450601359744,0.0001256772250461
2018-08-27,2586.0,2604.0,2559.0,2595.0,67300.0,2595.0,2570.6,2576.3,2571.28,2526.0,2735.025,False,False,False,False,False,False,True,False,False,True,True,-0.0084778420038535,-0.0038535645472061,,,0.0091406551059729,0.0265895953757225,-0.0088631984585741,-0.0462427745664739,-0.0008603853259434,-0.0352055273066026,2493.0,2502.0,0.7852975495915986,0.002691266606515,-0.000241238969925,2.5629873436424635e-05
2018-08-28,2612.0,2614.0,2572.0,2580.0,60400.0,2580.0,2585.4,2574.9,2574.08,2523.88,2732.85,False,False,False,False,False,False,True,False,False,True,False,-0.0085271317829457,-0.0003875968992248,,,0.0022945736434108,0.021751937984496,0.0085271317829457,-0.0511627906976744,-0.0008399765440511,-0.0386034409103266,2433.0,2535.0,0.8974739970282318,0.0010877672799601,-0.0016034993265549,2.0408781892278867e-05
2018-08-29,2563.0,2588.0,2557.0,2583.0,75100.0,2583.0,2583.0,2572.2,2576.24,2522.266666666667,2730.565,False,False,False,False,False,False,True,False,False,True,False,-0.0011614401858304,-0.021680216802168,,,0.0026171118854046,0.0235127113175892,0.0089043747580332,-0.0565234223770809,-0.0006396363059681,-0.0407433325557887,2392.0,2597.0,1.2433774834437086,0.0008384312020618,-0.0002493360778982,0.000200340238083
2018-08-30,2600.0,2620.0,2571.0,2589.0,76700.0,2589.0,2586.8,2572.1,2575.88,2521.04,2727.96,False,False,False,False,False,False,False,False,False,True,False,-0.0196987253765932,-0.0127462340672074,,,0.0050675936655078,0.0262495171881035,-0.0030899961375048,-0.0370799536500579,-0.0004865716794128,-0.041911278721667,2412.0,2581.0,1.0213049267643142,-0.0001397580632636,-0.0009781892653255,0.0001530646265553
2018-08-31,2555.0,2619.0,2553.0,2606.0,117000.0,2606.0,2590.6,2576.3,2576.36,2520.32,2725.415,False,False,False,False,False,False,True,False,False,False,False,-0.0138142747505755,-0.021105141980046,,,0.0113737528779738,0.0328779739063698,-0.0249424405218726,-0.0640828856485034,-0.0002856780091416,-0.045840934673757,2396.0,2613.0,1.5254237288135593,0.0001863093667034,0.0003260674299671,0.0002008936702712
2018-09-03,2612.0,2612.0,2542.0,2573.0,66300.0,2573.0,2586.2,2578.4,2575.48,2519.773333333333,2723.35,False,False,False,False,False,True,False,False,False,True,False,0.0046638165565487,-0.0221531286436066,,,-0.0009638554216867,0.020686617437492,-0.0439176059075009,-0.0835600466381655,-0.0002169507310182,-0.0525131864722308,2382.0,2586.0,0.5666666666666667,-0.0003416838802864,-0.0005279932469898,6.87272781233193e-05
2018-09-04,2544.0,2567.0,2539.0,2558.0,64900.0,2558.0,2581.8,2583.6,2570.32,2519.213333333333,2721.235,False,False,False,False,False,False,False,False,False,True,True,0.008209538702111,0.0175918686473807,,,-0.0048162627052385,0.015162887672661,-0.0500390930414386,-0.1313526192337764,-0.0002222916148427,-0.0635934355163336,2400.0,2602.0,0.9788838612368024,-0.0020075321360763,-0.0016658482557899,-5.340883824409492e-06
2018-09-05,2565.0,2592.0,2558.0,2580.0,109400.0,2580.0,2581.2,2582.1,2572.24,2519.373333333333,2719.345,False,False,False,False,False,False,True,True,False,False,False,-0.0205426356589147,-0.0050387596899224,,,0.0030077519379845,0.023498708010336,-0.0724806201550387,-0.1108527131782945,6.350785645101738e-05,-0.0673095542387977,2395.0,2580.0,1.6856702619414483,0.0007464311261778,0.0027539632622541,0.0002857994712937
2018-09-06,2536.0,2566.0,2532.0,2538.0,117300.0,2538.0,2571.0,2578.9,2572.6,2519.6666666666665,2717.82,False,False,False,False,False,False,True,True,False,True,False,0.0070921985815602,0.0252167060677699,,,-0.013632781717888,0.0072235355923299,-0.0524034672970843,-0.0524034672970843,0.0001164175155444,-0.0671216410097328,2389.0,2570.0,1.0722120658135283,0.0001399362512633,-0.0006064948749144,5.290965909344141e-05
2018-09-07,2543.0,2580.0,2535.0,2570.0,87200.0,2570.0,2563.8,2577.2,2573.12,2520.346666666667,2716.195,False,False,False,False,False,False,True,True,False,False,False,-0.0073929961089494,0.0299610894941634,,,-0.0012140077821011,0.019320363164721,-0.0536964980544747,-0.0501945525291828,0.000269804153926,-0.0682911687102281,2371.0,2545.0,0.7433930093776641,0.0002020892923765,6.215304111320012e-05,0.0001533866383815
2018-09-10,2570.0,2595.0,2565.0,2585.0,99500.0,2585.0,2566.2,2576.2,2576.12,2521.0666666666666,2714.7,False,False,False,False,False,False,True,True,True,False,False,-0.0266924564796905,0.0290135396518375,,,0.0034352030947776,0.0247324306898775,-0.0731141199226305,-0.0862669245647969,0.0002855933996191,-0.0723158139895969,2375.0,2522.0,1.1410550458715596,0.0011645420244398,0.0009624527320632,1.5789245693099052e-05
2018-09-11,2589.0,2599.0,2571.0,2579.0,79300.0,2579.0,2570.4,2576.1,2576.28,2521.68,2713.075,False,False,False,False,False,False,True,True,False,True,False,0.0093059325319891,0.0279177975959674,,,0.0010546723536253,0.0222256688639008,-0.0864676231097324,-0.0407134548274525,0.0002432240939902,-0.0712705252125305,2397.0,2511.0,0.7969849246231155,6.210505069336765e-05,-0.0011024369737464,-4.236930562892042e-05
2018-09-12,2569.0,2575.0,2509.0,2527.0,96600.0,2527.0,2559.8,2570.5,2574.44,2521.866666666667,2711.08,False,False,False,False,False,False,False,True,False,True,False,0.0158290462999604,0.0423426988523941,,,-0.018773248911753,0.0020313942751615,-0.0617332805698456,-0.0166204986149584,7.401924500381396e-05,-0.0673798871814821,2413.0,2488.0,1.2181588902900378,-0.0007147185407312,-0.0007768235914246,-0.0001692048489863
2018-09-13,2529.0,2557.0,2517.0,2556.0,63500.0,2556.0,2563.4,2567.2,2573.32,2523.0666666666666,2709.25,False,False,False,False,False,False,False,True,False,False,False,0.0179968701095461,0.0129107981220657,,,-0.0067762128325509,0.0128847157016171,-0.0688575899843505,-0.0301251956181533,0.0004756116894783,-0.0667263945154252,2411.0,2489.0,0.6573498964803313,-0.0004352354157275,0.0002794831250037,0.0004015924444745
2018-09-14,2572.0,2586.0,2535.0,2551.0,92200.0,2551.0,2559.6,2561.7,2571.2,2523.96,2707.53,False,False,False,False,False,False,False,True,False,True,False,0.0376323010584084,0.0070560564484515,,,-0.0079184633477067,0.0105997647981183,-0.0450803606428851,-0.0364562916503332,0.000353941161244,-0.0639809501502906,2399.0,2468.0,1.4519685039370078,-0.0008245177349099,-0.0003892823191824,-0.0001216705282343
2018-09-18,2497.0,2518.0,2484.0,2516.0,177100.0,2516.0,2545.8,2556.0,2570.16,2524.1466666666665,2705.715,False,False,False,False,False,False,False,True,False,False,False,0.0572337042925278,0.0222575516693163,,,-0.0215262321144673,-0.003237943826179,-0.0635930047694753,-0.0361685214626391,7.395238522847203e-05,-0.0592723004694835,2422.0,2485.0,1.920824295010846,-0.0004046440688517,0.0004198736660581,-0.0002799887760155
2018-09-19,2554.0,2611.0,2545.0,2603.0,84600.0,2603.0,2550.6,2560.5,2570.52,2525.0533333333333,2704.475,False,False,False,False,True,False,True,True,False,False,False,0.0184402612370341,-0.0003841721091048,,,0.0124779101037264,0.0299449353310283,-0.1114099116404149,-0.0802919708029197,0.0003590683233093,-0.0542081624682679,2510.0,2450.0,0.4776962168266516,0.0001400494841511,0.0005446935530028,0.0002851159380809
2018-09-20,2571.0,2578.0,2554.0,2567.0,98600.0,2567.0,2558.6,2559.2,2568.8,2524.653333333333,2702.765,False,False,False,False,False,False,False,False,False,True,False,0.0261005064277366,0.0151928320997273,,,-0.0007012076353721,0.0164965588884561,-0.0689520841449162,-0.0767432800934943,-0.0001584375940723,-0.0507580493904343,2529.0,2468.0,1.16548463356974,-0.000669573341638,-0.0008096228257891,-0.0005175059173817
2018-09-21,2543.0,2622.0,2535.0,2602.0,136900.0,2602.0,2567.8,2565.6,2569.28,2524.9333333333334,2701.135,False,False,False,False,False,False,True,True,False,False,True,-0.0049961568024596,-0.0080707148347425,,,0.0125749423520368,0.0296182423776581,-0.0553420445810914,-0.0814757878554957,0.0001108940170038,-0.0537106329903335,2598.0,2486.0,1.3884381338742393,0.0001868227674679,0.0008563961091059,0.0002693316110761
2018-09-25,2628.0,2647.0,2598.0,2647.0,129600.0,2647.0,2587.0,2573.3,2572.6,2525.3866666666668,2699.855,False,False,False,False,False,False,True,True,True,False,False,-0.0294673214960332,-0.0400453343407631,,,0.0281072912731394,0.0459438357889434,-0.0698904420098224,-0.095957687948621,0.0001795104644041,-0.0584074923250301,2594.0,2482.0,0.9466764061358656,0.0012905232060948,0.0011037004386269,6.861644740031913e-05
2018-09-26,2609.0,2660.0,2609.0,2660.0,74000.0,2660.0,2615.8,2580.8,2576.92,2526.373333333333,2698.89,False,False,False,False,False,False,True,True,False,False,False,-0.0330827067669172,-0.075187969924812,,,0.0312330827067668,0.0502355889724312,-0.0357142857142857,-0.1015037593984962,0.0003905466597703,-0.060058896466212,2595.0,2493.0,0.5709876543209876,0.0016764199121432,0.0003858967060483,0.0002110361953662
2018-09-27,2662.0,2666.0,2635.0,2651.0,137200.0,2651.0,2625.4,2588.0,2582.72,2527.026666666666,2697.965,False,False,False,False,False,False,True,True,False,False,False,-0.0184835910976989,-0.0833647680120709,,,0.0257563183704263,0.0467647428643281,-0.0403621274990569,-0.1014711429649189,0.0002585383612888,-0.0662287480680062,2687.0,2433.0,1.854054054054054,0.0022456944616527,0.0005692745495094,-0.0001320082984815
2018-09-28,2658.0,2665.0,2629.0,2634.0,117800.0,2634.0,2638.8,2598.7,2584.28,2527.7466666666664,2697.09,False,False,False,False,False,False,True,True,False,True,False,-0.0106302201974183,-0.0914958238420653,,,0.0188762338648442,0.0403391546443939,-0.0523917995444191,-0.1059225512528473,0.0002848386705419,-0.0750759995382306,2532.0,2392.0,0.858600583090379,0.0006036497593141,-0.0016420447023385,2.630030925314218e-05
2018-10-01,2599.0,2605.0,2580.0,2589.0,102400.0,2589.0,2636.2,2602.0,2585.04,2528.0,2695.465,False,False,False,False,False,False,True,True,False,True,False,-0.0030899961375048,-0.071069911162611,,,0.0015295480880649,0.0235612205484743,-0.0382387022016222,-0.0915411355735805,0.0001002109704642,-0.0811299000768639,2529.0,2412.0,0.8692699490662139,0.0002939993191593,-0.0003096504401547,-0.0001846277000777
2018-10-02,2567.0,2606.0,2558.0,2569.0,116800.0,2569.0,2620.6,2603.8,2584.32,2528.32,2693.96,False,False,False,False,False,False,False,True,False,True,False,-0.0108991825613079,-0.0533281432463993,,,-0.0059634098871156,0.0158349552355001,-0.0140132347216815,-0.1023744647722849,0.0001265662574358,-0.0876027344650128,2557.0,2396.0,1.140625,-0.0002786032689449,-0.0005726025881043,2.6355286971608587e-05
2018-10-03,2577.0,2596.0,2567.0,2572.0,107500.0,2572.0,2603.0,2609.4,2583.4,2528.9866666666667,2692.43,False,False,False,False,False,False,False,True,False,True,True,-0.0435458786936236,-0.0684292379471228,,,-0.0044323483670295,0.0167236910316226,-0.0097200622083981,-0.1111975116640746,0.0002636101943333,-0.0948877136506476,2510.0,2382.0,0.9203767123287672,-0.0003561198420686,-7.751657312367506e-05,0.0001370439368975
2018-10-04,2610.0,2625.0,2580.0,2602.0,108000.0,2602.0,2593.2,2609.3,2584.28,2530.2,2691.195,False,False,False,False,False,False,True,True,False,False,False,-0.0661029976940814,-0.0945426594926979,,,0.0068101460415064,0.0275941583397387,-0.0276710222905457,-0.1202920830130668,0.0004795404842831,-0.0988770934733453,2575.0,2400.0,1.0046511627906978,0.0003405203770489,0.0006966402191175,0.0002159302899497
2018-10-05,2592.0,2623.0,2584.0,2606.0,66400.0,2606.0,2587.6,2613.2,2585.2,2531.773333333333,2689.9,False,False,False,False,False,False,True,True,False,False,False,-0.0817344589409056,-0.090176515732924,,,0.0079815809669993,0.0284829879764646,-0.0126630851880276,-0.1415963161933998,0.0006214353048982,-0.1053114954844634,2573.0,2395.0,0.6148148148148148,0.0003558718861208,1.5351509071879902e-05,0.0001418948206151
2018-10-09,2575.0,2602.0,2559.0,2581.0,68900.0,2581.0,2586.0,2611.1,2584.88,2533.0,2688.245,False,False,False,False,False,False,False,True,False,True,False,-0.0681906237892289,-0.0778767919411081,,,-0.0015032932971716,0.0185974428516079,-0.0263463773731112,-0.0697404106935296,0.0004842742466114,-0.1041706560453448,2584.0,2389.0,1.0376506024096386,-0.00012379684937,-0.0004796687354909,-0.0001371610582867
2018-10-10,2540.0,2574.0,2530.0,2541.0,89800.0,2541.0,2580.4,2600.5,2582.28,2533.9733333333334,2686.295,False,False,False,False,False,False,False,True,False,True,False,-0.0428964974419519,-0.0413223140495867,,,-0.016245572609209,0.0027653154925882,-0.0240062967335694,-0.0153482880755608,0.000384113487119,-0.0963276293020573,2604.0,2371.0,1.3033381712626997,-0.0010068621528261,-0.000883065303456,-0.0001001607594924
2018-10-11,2487.0,2487.0,2447.0,2460.0,79900.0,2460.0,2558.0,2580.5,2577.76,2533.64,2684.39,False,False,False,False,False,False,False,False,False,True,False,-0.0260162601626016,-0.0422764227642276,,,-0.047869918699187,-0.0299349593495934,0.0247967479674796,0.0565040650406504,-0.0001315630213185,-0.0812245688819995,2542.0,2375.0,0.8897550111358574,-0.0017534603686921,-0.000746598215866,-0.0005156765084375
2018-10-12,2457.0,2462.0,2428.0,2430.0,66400.0,2430.0,2523.6,2558.4,2572.64,2533.373333333333,2682.315,False,False,False,False,False,False,False,False,False,True,False,-0.0304526748971193,-0.0481481481481481,,,-0.0586995884773662,-0.0425404663923181,0.0333333333333333,0.0390946502057613,-0.0001052614958712,-0.0676985616010007,2594.0,2397.0,0.8310387984981227,-0.0019901735182537,-0.0002367131495615,2.63015254473302e-05
2018-10-15,2411.0,2424.0,2390.0,2393.0,70000.0,2393.0,2481.0,2534.3,2565.16,2532.373333333333,2680.07,False,False,False,False,False,False,False,False,False,True,False,-0.0091934809862097,-0.0012536564981195,,,-0.0719431675720851,-0.0582420949993033,0.0568324279147513,0.0639364814040952,-0.0003948864832989,-0.0512962159176103,2610.0,2413.0,1.0542168674698795,-0.0029159974426546,-0.0009258239244008,-0.0002896249874277
2018-10-16,2370.0,2413.0,2369.0,2405.0,135200.0,2405.0,2445.8,2515.9,2559.84,2531.293333333333,2677.755,False,False,False,False,False,False,False,False,False,False,False,-0.0103950103950103,0.022037422037422,,,-0.0643825363825364,-0.0525128205128204,0.0278586278586278,0.0415800415800415,-0.0004266593625392,-0.0382765610715847,2590.0,2411.0,1.9314285714285715,-0.0020782548909305,0.000837742551724,-3.177287924034487e-05
2018-10-17,2405.0,2438.0,2405.0,2432.0,92700.0,2432.0,2424.0,2502.2,2554.32,2530.6266666666666,2675.115,False,False,False,False,False,False,False,False,False,True,False,0.0016447368421052,0.0123355263157894,,,-0.050296052631579,-0.0405537280701753,0.0106907894736842,0.0259046052631578,-0.0002634393588939,-0.0254575973143632,2564.0,2399.0,0.6856508875739645,-0.0021610448181903,-8.278992725978349e-05,0.0001632200036453
2018-10-18,2405.0,2441.0,2394.0,2396.0,99100.0,2396.0,2411.2,2484.6,2546.76,2529.333333333333,2672.265,False,False,False,False,False,False,False,False,False,True,False,-0.01669449081803,0.0705342237061769,,,-0.0629215358931553,-0.0556483027267667,0.0375626043405676,0.0375626043405676,-0.0005113336847654,-0.010504709007486,2552.0,2422.0,1.069039913700108,-0.0029684775950619,-0.0008074327768715,-0.0002478943258715
2018-10-19,2351.0,2358.0,2306.0,2356.0,127700.0,2356.0,2396.4,2460.0,2537.84,2528.306666666667,2669.235,False,False,False,False,False,False,False,False,False,True,False,-0.0182512733446519,0.0797962648556876,,,-0.0771816638370119,-0.0731352574985852,0.0691850594227504,0.0424448217317487,-0.0004060688840486,0.0061788617886178,2506.0,2510.0,1.2885973763874874,-0.0035147999873908,-0.0005463223923289,0.0001052648007168
2018-10-22,2355.0,2386.0,2337.0,2371.0,106800.0,2371.0,2392.0,2436.5,2531.6,2528.026666666666,2666.27,False,False,False,False,False,False,False,False,False,False,False,0.0080134964150147,0.0527203711514129,,,-0.0677351328553352,-0.0662280331786867,0.0742302825811893,0.0565162378743146,-0.0001107583253343,0.0268828237225528,2595.0,2529.0,0.836335160532498,-0.0024648443671987,0.0010499556201921,0.0002953105587143
2018-10-23,2361.0,2381.0,2344.0,2380.0,132000.0,2380.0,2387.0,2416.4,2524.56,2527.6,2663.445,False,False,True,False,False,False,False,False,False,True,False,0.0327731092436974,0.0462184873949579,,,-0.0607394957983193,-0.062016806722689,0.0705882352941176,0.042016806722689,-0.000168803080656,0.0386939248468796,2570.0,2598.0,1.2359550561797752,-0.0027886047469657,-0.000323760379767,-5.804475532168847e-05
2018-10-24,2394.0,2454.0,2394.0,2436.0,126800.0,2436.0,2387.8,2405.9,2519.96,2528.133333333333,2660.8,False,False,False,False,False,False,False,True,False,False,False,0.0106732348111658,0.0398193760262725,,,-0.0344663382594417,-0.0378215654077722,0.0488505747126436,0.0242200328407224,0.0002109593375876,0.0429361153830166,2587.0,2594.0,0.9606060606060606,-0.0018254258004094,0.0009631789465562,0.0003797624182437
2018-10-25,2390.0,2403.0,2353.0,2356.0,118500.0,2356.0,2379.8,2395.5,2513.56,2527.786666666667,2657.815,False,False,False,False,False,False,False,False,False,True,False,0.0887096774193548,0.08106960950764,,,-0.0668760611205432,-0.0729145444255801,0.0730050933786078,0.0606960950764006,-0.0001371423748838,0.0432895011479857,2595.0,2595.0,0.9345425867507886,-0.0025461894683238,-0.0007207636679143,-0.0003481017124714
2018-10-26,2356.0,2357.0,2304.0,2313.0,93400.0,2313.0,2371.2,2383.8,2501.96,2526.6266666666666,2654.435,False,False,False,False,False,False,False,False,False,True,False,0.099870298313878,0.0938175529615218,,,-0.0816947686986597,-0.092359129557573,0.1020319930825767,0.0985732814526588,-0.0004591101706096,0.049081298766675,2580.0,2687.0,0.7881856540084389,-0.0046363650897695,-0.0020901756214457,-0.0003219677957258
2018-10-29,2347.0,2406.0,2346.0,2390.0,236500.0,2390.0,2375.0,2383.5,2494.88,2526.56,2651.575,False,False,False,False,False,False,False,False,False,False,False,0.0443514644351464,0.0765690376569037,,,-0.0438828451882845,-0.0571380753138075,0.0535564853556485,0.0774058577405857,-2.638633820950464e-05,0.0504300398573525,2583.0,2532.0,2.532119914346895,-0.0028378118386455,0.001798553251124,0.0004327238324001
2018-10-30,2390.0,2518.0,2367.0,2458.0,315600.0,2458.0,2390.6,2388.8,2489.12,2527.48,2648.99,False,False,False,False,False,False,False,True,False,False,True,0.0130187144019528,0.0223759153783563,,,-0.012660699755899,-0.02826688364524,0.0268510984540276,0.0455655004068348,0.0003639989238292,0.0508204956463494,2589.0,2529.0,1.33446088794926,-0.0023140708362795,0.0005237410023659,0.0003903852620388
2018-10-31,2485.0,2493.0,2440.0,2462.0,119400.0,2462.0,2395.8,2391.8,2481.72,2528.693333333333,2646.225,False,False,False,False,False,False,False,True,False,True,False,0.0288383428107229,0.0073111291632818,,,-0.0080097481722176,-0.0270890874627673,0.0154346060113728,0.0662063363119415,0.0004798262080019,0.0549377038213895,2606.0,2557.0,0.3783269961977186,-0.0029818029431201,-0.0006677321068405,0.0001158272841726
2018-11-01,2486.0,2573.0,2469.0,2565.0,189600.0,2565.0,2437.6,2408.7,2477.92,2531.2266666666665,2644.25,False,False,False,False,True,False,False,True,False,False,False,-0.0070175438596491,-0.0171539961013645,,,0.0339493177387913,0.0131669915529565,-0.0214424951267056,0.0241715399610136,0.0010008322710464,0.0533897953252793,2573.0,2510.0,1.5879396984924623,-0.00153354426293,0.00144825868019,0.0005210060630444
2018-11-02,2586.0,2595.0,2522.0,2544.0,102700.0,2544.0,2483.8,2427.5,2473.64,2533.1866666666665,2642.11,False,False,False,False,False,False,False,True,False,True,False,-0.005503144654088,-0.0129716981132075,,,0.0276572327044025,0.0042505241090147,-0.0334119496855345,0.0491352201257861,0.0007737290053634,0.0540061791967043,2558.0,2575.0,0.5416666666666666,-0.0017302436894617,-0.0001966994265316,-0.0002271032656829
2018-11-05,2500.0,2526.0,2481.0,2496.0,107200.0,2496.0,2505.0,2440.0,2468.12,2534.293333333333,2639.82,False,False,False,False,False,False,False,True,False,True,False,0.0308493589743589,0.0132211538461538,,,0.0111698717948718,-0.0153418803418802,-0.0368589743589743,0.0801282051282051,0.0004366766278041,0.0564344262295081,2580.0,2573.0,1.0438169425511197,-0.0022365201043709,-0.0005062764149091,-0.0003370523775593
2018-11-06,2500.0,2508.0,2485.0,2490.0,93600.0,2490.0,2511.4,2451.0,2464.16,2535.346666666667,2637.585,False,False,False,False,False,False,False,True,False,False,False,0.0092369477911646,-0.0072289156626506,,,0.0103775100401607,-0.0182115127175368,-0.0240963855421686,0.072289156626506,0.0004154592928779,0.0594451244390044,2538.0,2584.0,0.8731343283582089,-0.0016070385039932,0.0006294816003776,-2.121733492623651e-05
2018-11-07,2503.0,2560.0,2501.0,2533.0,108100.0,2533.0,2525.6,2460.7,2462.72,2537.133333333333,2635.49,False,False,False,False,False,False,False,True,False,False,False,-0.0209238057639163,-0.0296091590998815,,,0.027745756020529,-0.00163179365706,-0.0181602842479273,0.0663245163837347,0.0007042068476231,0.0636404275206243,2570.0,2604.0,1.1549145299145298,-0.0005847193347193,0.0010223191692739,0.0002887475547452
2018-11-08,2556.0,2583.0,2541.0,2547.0,61100.0,2547.0,2522.0,2479.8,2461.72,2538.8,2633.245,False,False,False,False,False,False,False,True,False,False,False,-0.0102080879466038,-0.0239497447978013,,,0.0334825284648606,0.0032194738908519,-0.0282685512367491,0.083235178641539,0.0006564781261489,0.0659327365110089,2585.0,2542.0,0.5652173913043478,-0.0004062200412719,0.0001784992934474,-4.772872147424301e-05
2018-11-09,2536.0,2558.0,2520.0,2530.0,30300.0,2530.0,2519.2,2501.5,2458.84,2539.0666666666666,2631.09,False,False,False,False,False,False,False,True,False,True,False,-0.0075098814229249,-0.0043478260869565,,,0.0281264822134386,-0.0035836627140974,-0.0324110671936758,0.0782608695652174,0.000105025468676,0.0641615030981411,2579.0,2594.0,0.4959083469721768,-0.0011712840201069,-0.0007650639788349,-0.0005514526574728
2018-11-12,2537.0,2580.0,2535.0,2573.0,53600.0,2573.0,2534.6,2519.8,2457.52,2539.653333333333,2628.83,False,False,False,False,False,False,False,True,False,False,False,-0.0171006607073455,-0.0101049358725223,,,0.0448814613291877,0.0129602280088094,-0.0528565876408861,0.0563544500582977,0.0002310026565305,0.0621081038177633,2527.0,2610.0,1.768976897689769,-0.0005371268595983,0.0006341571605085,0.0001259771878544
2018-11-13,2550.0,2550.0,2510.0,2513.0,56100.0,2513.0,2539.2,2525.3,2454.8,2538.52,2626.37,False,False,False,False,False,False,False,False,False,True,False,-0.0163151611619578,0.0139275766016713,,,0.023159570234779,-0.0101551929964186,-0.007958615200955,0.0338241146040588,-0.0004464543644852,0.0609036550112856,2556.0,2590.0,1.046641791044776,-0.0011080332409971,-0.0005709063813987,-0.0006774570210158
2018-11-14,2490.0,2507.0,2458.0,2480.0,81500.0,2480.0,2528.6,2527.1,2452.36,2537.0,2623.695,False,False,False,False,False,False,False,False,False,False,False,-0.0088709677419354,0.0302419354838709,,,0.0111451612903225,-0.0229838709677419,-0.0165322580645161,0.0568548387096774,-0.0005991328340559,0.0599897115270467,2551.0,2564.0,1.4527629233511588,-0.0009949599569394,0.0001130732840576,-0.0001526784695706
2018-11-15,2476.0,2526.0,2471.0,2521.0,55200.0,2521.0,2523.4,2522.7,2454.8,2536.0133333333333,2621.46,False,False,False,False,False,False,True,False,False,False,False,-0.0138833796112653,0.002776675922253,,,0.0262594208647361,-0.005955308739918,-0.0646568821896073,0.0460134867116223,-0.0003890620974653,0.0622349070440401,2516.0,2552.0,0.6773006134969325,0.0009939709956004,0.0019889309525399,0.0002100707365906
2018-11-16,2526.0,2528.0,2480.0,2511.0,44800.0,2511.0,2519.6,2519.4,2458.04,2533.6666666666665,2619.34,False,False,False,False,False,False,True,False,False,False,False,0.0031859816806053,0.0151334129828753,,,0.0210911987256073,-0.0090269480950483,-0.1150935882118677,0.032258064516129,-0.0009261939218524,0.0605699769786456,2603.0,2506.0,0.8115942028985508,0.0013181233828577,0.0003241523872573,-0.0005371318243871
2018-11-19,2495.0,2534.0,2495.0,2529.0,36600.0,2529.0,2510.8,2522.7,2463.48,2533.6266666666666,2616.835,False,False,False,False,False,False,True,False,False,False,False,0.0071174377224199,-0.0043495452748121,,,0.0259074733096085,-0.0018294451034664,-0.0929221035982601,0.0102807433768287,-1.578764564101668e-05,0.0535933721806002,2567.0,2595.0,0.8169642857142857,0.0022082582363161,0.0008901348534583,0.0009104062762114
2018-11-20,2487.0,2500.0,2462.0,2472.0,95900.0,2472.0,2502.6,2520.9,2466.16,2532.866666666667,2614.605,False,False,False,False,False,False,True,False,False,True,False,0.0307443365695792,0.0210355987055016,,,0.0023624595469256,-0.0246224379719525,-0.0271035598705501,0.044093851132686,-0.0003000552733397,0.0508151850529572,2602.0,2570.0,2.620218579234973,0.0010867097025334,-0.0011215485337827,-0.0002842676276987
2018-11-21,2449.0,2463.0,2422.0,2458.0,54200.0,2458.0,2498.2,2513.4,2467.2,2531.5466666666666,2611.645,False,False,False,False,False,False,True,False,False,True,False,0.0394629780309194,0.017087062652563,,,-0.0037428803905613,-0.0299213452671548,-0.0069161920260374,0.081366965012205,-0.0005214203701558,0.052239993634121,2647.0,2587.0,0.5651720542231491,0.0004215304798962,-0.0006651792226372,-0.0002213650968161
2018-11-22,2458.0,2490.0,2425.0,2486.0,41900.0,2486.0,2491.2,2507.3,2470.8,2531.2266666666665,2609.075,False,False,False,False,False,False,True,False,True,False,False,0.0168946098149637,0.0096540627514078,,,0.0061142397425582,-0.0181925449182085,-0.0498793242156074,0.0716009654062751,-0.000126420918448,0.0510110477405973,2660.0,2595.0,0.7730627306273062,0.0014570179698884,0.0010354874899922,0.0003949994517078
2018-11-26,2489.0,2529.0,2489.0,2519.0,32600.0,2519.0,2492.8,2506.2,2477.32,2530.48,2607.1,False,False,False,False,False,False,True,False,False,False,False,0.0119094878920206,-0.0238189757840412,,,0.0165462485113139,-0.0045573640333465,-0.0178642318380309,0.0821754664549424,-0.0002950691831851,0.0513925464847179,2651.0,2580.0,0.7780429594272077,0.0026318763825424,0.0011748584126539,-0.0001686482647371
2018-11-27,2538.0,2589.0,2530.0,2547.0,62500.0,2547.0,2496.4,2503.6,2484.36,2530.133333333333,2606.18,False,False,False,False,False,False,True,False,False,False,False,-0.011385944248135,-0.0561444837063211,,,0.0245936395759716,0.0066221698730533,-0.0243423635649784,0.0471142520612485,-0.0001370151770658,0.050447355807637,2634.0,2583.0,1.9171779141104293,0.0028337278011238,0.0002018514185813,0.0001580540061193
2018-11-28,2547.0,2556.0,2528.0,2548.0,100500.0,2548.0,2511.6,2507.1,2491.08,2529.653333333333,2605.36,False,False,False,False,False,False,True,False,False,True,False,-0.0094191522762951,-0.0463108320251177,,,0.0223390894819466,0.0072004186289901,-0.0270800627943485,0.0243328100470957,-0.0001897493200649,0.0494595349208248,2589.0,2589.0,1.608,0.002697625126451,-0.0001361026746727,-5.2734142999121225e-05
2018-11-29,2569.0,2580.0,2541.0,2555.0,74600.0,2555.0,2531.0,2514.6,2495.84,2529.0,2604.545,False,False,False,False,False,False,True,False,False,True,False,-0.0215264187866927,-0.0266144814090019,,,0.0231545988258316,0.0101761252446183,-0.0379647749510763,0.0504892367906066,-0.0002583366284433,0.0488348047403166,2569.0,2606.0,0.7422885572139304,0.0019071735367652,-0.0007904515896858,-6.858730837839124e-05
2018-11-30,2554.0,2554.0,2526.0,2528.0,77900.0,2528.0,2539.4,2515.3,2502.72,2528.813333333333,2603.655,False,False,False,False,False,False,True,False,False,False,False,-0.0071202531645569,-0.0209651898734177,,,0.01,-0.0003217299578057,-0.0407436708860759,0.0747626582278481,-7.381591365658398e-05,0.0517234524708781,2572.0,2573.0,1.0442359249329758,0.0027490090781228,0.0008418355413575,0.0001845207147867
2018-12-03,2560.0,2601.0,2535.0,2549.0,132000.0,2549.0,2545.4,2519.1,2512.16,2528.213333333333,2603.02,False,False,False,False,False,False,True,False,False,False,False,-0.0353079639074146,-0.0396233817183209,,,0.0144527265594351,0.0081548319602459,-0.0608081600627697,0.0462926637897214,-0.0002373217450003,0.0531142074550435,2602.0,2558.0,1.694480102695764,0.0037577224380612,0.0010087133599384,-0.0001635058313438
2018-12-04,2549.0,2578.0,2516.0,2518.0,80900.0,2518.0,2539.6,2518.0,2517.28,2526.9866666666667,2602.585,False,False,False,False,False,False,True,False,False,True,False,-0.0452740270055599,-0.0321683876092136,,,0.0002859412231929,-0.0035689700820757,-0.0587768069896743,0.0623510722795869,-0.0004854266478123,0.0583399523431295,2606.0,2580.0,0.6128787878787879,0.0020339413970636,-0.0017237810409976,-0.0002481049028119
2018-12-05,2471.0,2530.0,2471.0,2524.0,69100.0,2524.0,2534.8,2523.2,2519.92,2526.1066666666666,2602.175,False,False,False,False,False,False,True,False,False,True,True,-0.037242472266244,-0.0122820919175911,,,0.0016164817749603,-0.0008346539883781,-0.0530903328050713,0.0812202852614897,-0.0003483621699796,0.0620244134432466,2581.0,2538.0,0.8541409147095179,0.0010476523064223,-0.0009862890906412,0.0001370644778326
2018-12-06,2520.0,2539.0,2489.0,2500.0,59000.0,2500.0,2523.8,2527.4,2521.44,2525.2533333333336,2601.555,False,False,False,False,False,False,True,False,False,True,False,-0.0052,-0.0244,,,-0.008576,-0.0101013333333334,-0.0428,0.0836,-0.0003379198918655,0.0622774392656485,2541.0,2570.0,0.85383502170767,0.0006028301288152,-0.0004448221776071,1.0442278114161955e-05
2018-12-07,2542.0,2557.0,2499.0,2510.0,90900.0,2510.0,2520.2,2529.8,2519.24,2524.693333333333,2600.62,False,False,False,False,False,False,False,False,False,True,False,-0.0139442231075697,-0.0605577689243027,,,-0.0036812749003983,-0.0058539176626825,-0.047808764940239,0.0948207171314741,-0.0002218091174111,0.0645900861728198,2460.0,2585.0,1.540677966101695,-0.0008732792429463,-0.0014761093717616,0.0001161107744543
2018-12-10,2507.0,2507.0,2445.0,2459.0,78900.0,2459.0,2502.2,2523.8,2515.84,2524.0666666666666,2599.29,False,False,False,False,False,False,False,False,False,True,False,-0.0044733631557543,-0.0963806425376169,,,-0.0231150874339162,-0.0264606208485834,-0.0313135420902806,0.1106140707604717,-0.0002482765906869,0.0673191219589506,2430.0,2579.0,0.8679867986798679,-0.0013514372933094,-0.000478158050363,-2.646747327582296e-05
2018-12-11,2450.0,2459.0,2393.0,2404.0,60600.0,2404.0,2479.4,2509.5,2512.16,2521.52,2597.495,False,False,False,False,False,False,False,False,False,True,False,0.0137271214642262,-0.0457570715474209,,,-0.0449916805324458,-0.0488851913477537,-0.0203826955074875,0.136855241264559,-0.0010099728206266,0.0760310818888225,2393.0,2527.0,0.7680608365019012,-0.0014648748487358,-0.0001134375554264,-0.0007616962299397
2018-12-12,2424.0,2451.0,2416.0,2430.0,78600.0,2430.0,2460.6,2497.7,2509.76,2519.653333333333,2595.735,False,False,False,False,False,False,False,False,False,False,False,0.0259259259259259,-0.0102880658436214,,,-0.0328230452674898,-0.0368943758573387,-0.0320987654320987,0.1325102880658436,-0.0007408426556034,0.086799855867398,2405.0,2556.0,1.297029702970297,-0.0009562667346677,0.0005086081140681,0.0002691301650232
2018-12-13,2444.0,2494.0,2444.0,2487.0,104500.0,2487.0,2458.0,2490.9,2507.92,2518.32,2594.25,False,False,False,False,False,False,False,False,False,False,False,-0.0193003618817852,-0.0184961801367108,,,-0.0084117410534781,-0.0125934861278649,-0.072778447929232,0.0965018094089264,-0.0005294534980991,0.0914930346461118,2432.0,2551.0,1.3295165394402035,-0.0007336757153338,0.0002225910193338,0.0002113891575043
2018-12-14,2471.0,2494.0,2457.0,2475.0,82300.0,2475.0,2451.0,2485.6,2505.04,2516.72,2592.59,False,False,False,False,False,False,False,False,False,True,False,-0.0472727272727272,-0.0456565656565656,,,-0.0121373737373737,-0.0168565656565655,-0.0763636363636363,0.1058585858585858,-0.0006357481165963,0.0946250402317349,2396.0,2516.0,0.7875598086124402,-0.0011496822406029,-0.0004160065252691,-0.0001062946184972
2018-12-17,2450.0,2457.0,2421.0,2448.0,97000.0,2448.0,2448.8,2475.5,2501.76,2514.96,2590.68,False,False,False,False,False,False,False,False,False,True,False,-0.0923202614379085,0.0106209150326797,,,-0.0219607843137255,-0.0273529411764706,-0.0649509803921568,0.1086601307189542,-0.0006998123230587,0.1009896990506968,2356.0,2603.0,1.1786148238153098,-0.0013110770017906,-0.0001613947611876,-6.406420646237277e-05
2018-12-18,2421.0,2464.0,2411.0,2437.0,111200.0,2437.0,2455.4,2467.4,2496.32,2513.0133333333333,2588.84,False,False,False,False,False,False,False,False,False,True,False,-0.0586787033237587,0.0196963479688141,,,-0.0243414033647928,-0.0311913554917247,-0.0820681165367254,0.1087402544111612,-0.0007746344362147,0.1056983059090539,2371.0,2567.0,1.1463917525773195,-0.0021792077938726,-0.0008681307920819,-7.482211315598783e-05
2018-12-19,2461.0,2504.0,2455.0,2493.0,116700.0,2493.0,2468.0,2464.3,2495.52,2511.733333333333,2587.145,False,False,False,False,False,False,False,False,False,False,False,-0.03529883674288,-0.0056157240272763,,,-0.0010108303249097,-0.0075143735793554,-0.0369033293221018,0.0982751704773365,-0.0005096082386666,0.1074544495394228,2380.0,2602.0,1.0494604316546765,-0.0003205744694493,0.0018586333244232,0.0002650261975481
2018-12-20,2470.0,2498.0,2439.0,2439.0,121000.0,2439.0,2458.4,2458.2,2493.88,2509.5066666666667,2585.21,False,False,False,False,False,False,False,False,False,True,False,0.000820008200082,0.007790077900779,,,-0.0225010250102501,-0.0289080224135574,0.025830258302583,0.1189011890118901,-0.0008872925887158,0.1110161907086486,2436.0,2647.0,1.0368466152527849,-0.000657609828861,-0.0003370353594116,-0.0003776843500492
2018-12-21,2445.0,2456.0,2356.0,2358.0,185500.0,2358.0,2435.0,2443.0,2487.36,2506.64,2582.985,False,False,False,False,False,False,False,False,False,True,False,0.001696352841391,0.0284139100932994,,,-0.0548600508905852,-0.0630364715860898,0.1022052586938083,0.153944020356234,-0.0011436291875445,0.1168235775685632,2356.0,2660.0,1.533057851239669,-0.0026212530554483,-0.0019636432265873,-0.0002563365988287
2018-12-25,2339.0,2339.0,2216.0,2222.0,101300.0,2222.0,2389.8,2419.3,2475.8,2502.16,2579.805,False,False,False,False,False,False,False,False,False,True,False,0.1134113411341134,0.0774077407740774,,,-0.1142214221422143,-0.126084608460846,0.1363636363636363,0.1971197119711971,-0.001790453048566,0.1248294961352457,2313.0,2651.0,0.5460916442048518,-0.0046691978350431,-0.0020479447795948,-0.0006468238610214
2018-12-26,2297.0,2309.0,2268.0,2294.0,91200.0,2294.0,2361.2,2408.3,2466.4,2498.346666666667,2577.155,False,False,False,False,False,False,False,False,False,False,False,0.0832606800348735,0.033129904097646,,,-0.0751525719267655,-0.0890787561755304,0.1098517872711421,0.1630340017436791,-0.0015263427546749,0.1272681974837022,2390.0,2634.0,0.9002961500493584,-0.0038112228349011,0.000857975000142,0.000264110293891
2018-12-27,2360.0,2407.0,2360.0,2405.0,138600.0,2405.0,2343.6,2405.8,2463.72,2496.5733333333333,2575.075,False,False,False,False,False,False,False,False,False,False,False,0.0307692307692307,-0.0062370062370062,,,-0.0244158004158003,-0.03807623007623,0.0415800415800415,0.1143451143451143,-0.0007103069273618,0.1254468368110398,2458.0,2589.0,1.519736842105263,-0.0010877859497021,0.0027234368851989,0.0008160358273131
2018-12-28,2405.0,2443.0,2397.0,2441.0,71400.0,2441.0,2344.0,2401.2,2463.04,2494.853333333333,2573.045,False,False,False,False,False,False,False,False,False,False,False,0.0069643588693158,-0.0196640721015977,,,-0.0090290864399835,-0.0220619964495424,0.0221220811142974,0.1007783695206882,-0.0006894192845004,0.1259370314842579,2462.0,2569.0,0.5151515151515151,-0.0002760815902298,0.0008117043594723,2.088764286139295e-05
2019-01-04,2391.0,2411.0,2349.0,2362.0,145400.0,2362.0,2344.8,2389.9,2458.08,2491.88,2570.525,False,False,False,False,False,False,False,False,False,True,False,0.0266723116003386,0.0118543607112616,,,-0.0406773920406434,-0.0549872988992379,0.0524978831498729,0.1342082980524978,-0.0011932088757616,0.1288338424201849,2565.0,2572.0,2.0364145658263304,-0.0020178350582568,-0.0017417534680269,-0.0005037895912611
2019-01-07,2436.0,2500.0,2429.0,2474.0,138000.0,2474.0,2395.2,2392.5,2456.28,2490.48,2568.57,False,False,False,False,True,False,False,False,False,False,False,-0.0323362974939369,-0.0371867421180274,,,0.0071624898949069,-0.006661277283751,-0.0072756669361358,0.0909458367016976,-0.0005621406315248,0.1269801462904912,2544.0,2602.0,0.9491059147180192,-0.0007328154770627,0.0012850195811941,0.0006310682442367
2019-01-08,2495.0,2532.0,2483.0,2485.0,112700.0,2485.0,2433.4,2397.3,2453.8,2489.92,2566.815,False,False,False,False,False,False,False,False,False,True,False,-0.0462776659959758,-0.0523138832997987,,,0.0125553319919516,-0.0019798792756539,0.0080482897384305,0.0772635814889336,-0.0002249068243156,0.1236808075751887,2496.0,2606.0,0.8166666666666667,-0.0010106773168147,-0.0002778618397519,0.0003372338072092
2019-01-09,2509.0,2509.0,2453.0,2479.0,85000.0,2479.0,2448.2,2395.9,2451.04,2488.893333333333,2565.075,False,False,False,False,False,False,False,False,False,True,False,-0.035901573215006,-0.0512303348124243,,,0.0112787414279951,-0.0039908565281698,0.0004033884630899,0.1073013311819282,-0.0004124992633943,0.1246295755248549,2490.0,2581.0,0.7542147293700089,-0.0011260526144005,-0.0001153752975857,-0.0001875924390787
2019-01-10,2445.0,2491.0,2436.0,2458.0,72100.0,2458.0,2451.6,2397.8,2447.16,2487.653333333333,2563.285,False,False,False,False,False,False,False,False,False,True,False,-0.0264442636289666,-0.0618388934092758,,,0.0044100895036615,-0.0120640086791428,0.0150528885272579,0.1285598047192839,-0.0004984617363618,0.1256151472182833,2533.0,2541.0,0.8482352941176471,-0.00158551136828,-0.0004594587538795,-8.596247296754645e-05
2019-01-11,2458.0,2461.0,2415.0,2425.0,69600.0,2425.0,2464.2,2404.5,2443.04,2486.44,2561.495,False,False,False,False,False,True,False,False,False,True,True,-0.0144329896907216,-0.0573195876288659,,,-0.0074391752577319,-0.0253360824742268,0.0305154639175257,0.1195876288659793,-0.0004879801375995,0.1222291536702017,2547.0,2460.0,0.9653259361997226,-0.001686423472395,-0.0001009121041149,1.0481598762296048e-05
2019-01-15,2415.0,2425.0,2394.0,2394.0,54500.0,2394.0,2448.2,2421.7,2436.84,2483.653333333333,2559.61,False,False,False,False,False,False,False,False,False,True,False,-0.0050125313283208,-0.043859649122807,,,-0.0178947368421053,-0.03744917850181,0.0614035087719298,0.1311612364243943,-0.0011220030707453,0.1162406573894371,2530.0,2430.0,0.7830459770114943,-0.0025442786559642,-0.0008578551835692,-0.0006340229331457
2019-01-16,2376.0,2399.0,2358.0,2370.0,79800.0,2370.0,2425.2,2429.3,2430.92,2481.026666666666,2557.5,False,False,False,False,False,False,False,False,False,False,False,-0.0063291139240506,-0.0561181434599156,,,-0.025704641350211,-0.0468466947960616,0.0864978902953586,0.1489451476793249,-0.0010587015052909,0.1150125550570121,2573.0,2393.0,1.4642201834862385,-0.0024352919882184,0.0001089866677457,6.33015654543669e-05
2019-01-17,2394.0,2412.0,2371.0,2390.0,83700.0,2390.0,2407.4,2427.8,2425.56,2478.2,2555.905,False,False,False,False,False,False,False,False,False,False,False,-0.0158995815899581,0.004602510460251,,,-0.014878661087866,-0.0369037656903764,0.0753138075313807,0.1786610878661088,-0.001140612810373,0.1213444270532992,2513.0,2405.0,1.0488721804511278,-0.0022097989742575,0.0002254930139609,-8.191130508204301e-05
2019-01-18,2401.0,2427.0,2385.0,2393.0,66300.0,2393.0,2394.4,2423.0,2421.28,2474.813333333333,2554.33,False,False,False,False,False,False,False,False,False,False,False,-0.0363560384454659,0.0455495194316757,,,-0.0118178019222733,-0.0341886056553836,0.0969494358545758,0.1445883827831174,-0.0013684533783019,0.1257119273627734,2480.0,2432.0,0.7921146953405018,-0.0017676600806184,0.0004421388936391,-0.0002278405679289
2019-01-21,2400.0,2404.0,2380.0,2390.0,40000.0,2390.0,2387.4,2425.8,2416.48,2471.213333333333,2552.36,False,False,False,False,False,False,False,False,False,True,False,-0.0435146443514644,0.0874476987447698,,,-0.0110794979079497,-0.0339804741980473,0.099163179916318,0.1426778242677824,-0.001456774270129,0.1265561876494352,2521.0,2396.0,0.6033182503770739,-0.0019863603257631,-0.0002187002451447,-8.832089182710242e-05
2019-01-22,2405.0,2405.0,2358.0,2382.0,54000.0,2382.0,2385.0,2416.6,2413.4,2467.6266666666666,2550.65,False,False,False,False,False,False,False,False,False,False,False,-0.0390428211586901,0.0600335852225021,,,-0.0131821998320739,-0.0359473831514133,0.1204869857262804,0.1784214945424013,-0.0014534883720929,0.1353140776297277,2511.0,2356.0,1.35,-0.0012762078395624,0.0007101524862007,3.2858980360853888e-06
2019-01-23,2350.0,2376.0,2324.0,2355.0,77500.0,2355.0,2382.0,2403.6,2411.44,2463.9066666666668,2548.74,False,False,False,False,False,False,False,False,False,False,False,-0.0501061571125265,0.081104033970276,,,-0.0239660297239915,-0.0462448690728945,0.1447983014861995,0.1915074309978768,-0.0015097974490374,0.1468214345148943,2529.0,2371.0,1.4351851851851851,-0.0008127923564343,0.000463415483128,-5.630907694449921e-05
2019-01-24,2355.0,2377.0,2315.0,2352.0,70000.0,2352.0,2374.4,2390.9,2408.32,2460.7466666666664,2546.635,False,False,False,False,False,False,False,False,False,True,False,0.0208333333333333,0.0650510204081632,,,-0.0239455782312925,-0.0462358276643989,0.135204081632653,0.2028061224489795,-0.001284163072455,0.1564264502906855,2472.0,2380.0,0.9032258064516128,-0.0012955089024713,-0.000482716546037,0.0002256343765823
2019-01-25,2325.0,2350.0,2301.0,2306.0,110400.0,2306.0,2357.0,2375.7,2401.08,2457.24,2544.415,False,False,False,False,False,False,False,False,False,True,False,0.0849956634865568,0.0819601040763226,,,-0.0412315698178664,-0.0655854293148307,0.1712922810060711,0.2298352124891587,-0.0014270753636871,0.1664351559540346,2458.0,2436.0,1.5771428571428572,-0.0030153097772669,-0.0017198008747956,-0.000142912291232
2019-01-28,2307.0,2309.0,2281.0,2286.0,53400.0,2286.0,2336.2,2361.8,2393.52,2453.4266666666667,2542.04,False,False,False,False,False,False,False,False,False,True,False,0.136920384951881,0.0874890638670166,,,-0.0470341207349081,-0.0732400116652085,0.2069116360454943,0.2427821522309711,-0.0015542886955386,0.1786349394529594,2486.0,2356.0,0.483695652173913,-0.0031585280256692,-0.0001432182484022,-0.0001272133318514
2019-01-29,2306.0,2309.0,2278.0,2289.0,104000.0,2289.0,2317.6,2351.3,2387.16,2449.2533333333336,2539.41,False,False,False,False,False,False,False,False,False,False,False,0.1031017911751856,0.072957623416339,,,-0.0428833551769331,-0.0700101936799185,0.1917868064657055,0.2394058540847531,-0.0017039206506472,0.1893845957555393,2519.0,2313.0,1.9475655430711607,-0.0026642537576032,0.000494274268066,-0.0001496319551085
2019-01-30,2189.0,2300.0,2187.0,2237.0,227400.0,2237.0,2294.0,2338.0,2379.16,2444.333333333333,2536.62,False,False,False,False,False,False,False,False,False,True,False,0.138131426016987,0.1198033080017881,,,-0.0635493965131872,-0.0926836537028757,0.2150201162270898,0.2722396066160035,-0.0020128187644895,0.2014114627887083,2547.0,2390.0,2.1865384615384613,-0.0033625313135728,-0.0006982775559696,-0.0003088981138423
2019-01-31,2263.0,2409.0,2263.0,2401.0,202000.0,2401.0,2303.8,2339.1,2375.48,2441.9333333333334,2534.78,False,False,False,False,True,False,False,False,False,False,False,0.0433152852977925,0.0329029571012078,,,0.0106289046230737,-0.0170484520338748,0.0820491461890878,0.1890878800499791,-0.0009828278140269,0.2024710358684964,2548.0,2458.0,0.8883025505716798,-0.0015491605907015,0.0018133707228712,0.0010299909504625
2019-02-01,2400.0,2625.0,2399.0,2502.0,233700.0,2502.0,2343.0,2350.0,2378.0,2441.4133333333334,2533.165,False,False,False,False,False,False,True,False,True,False,True,-0.0027977617905675,-0.0027977617905675,,,0.0495603517186251,0.0242152944311217,0.0475619504396482,0.1135091926458833,-0.0002129913820409,0.1988936170212766,2555.0,2462.0,1.1569306930693068,0.0010597140454163,0.0026088746361179,0.0007698364319859
2019-02-04,2547.0,2607.0,2529.0,2599.0,106700.0,2599.0,2405.6,2370.9,2387.64,2443.266666666667,2532.095,False,False,False,False,False,False,True,True,False,False,False,-0.0434782608695652,-0.0384763370527125,,,0.0813235859946133,0.0599204822367576,0.0146210080800307,0.0627164293959215,0.0007585473000628,0.1896326289594668,2528.0,2565.0,0.4565682498930252,0.0040374595835217,0.0029777455381054,0.0009715386821038
2019-02-05,2598.0,2617.0,2517.0,2525.0,108000.0,2525.0,2452.8,2385.2,2399.76,2444.5333333333333,2530.89,False,False,False,False,False,False,True,True,False,False,False,-0.0273267326732673,0.0063366336633663,,,0.0495999999999999,0.0318679867986798,0.0265346534653465,0.0819801980198019,0.0005181629758916,0.1793560288445414,2549.0,2544.0,1.0121836925960637,0.0050505050505051,0.0010130454669834,-0.0002403843241711
2019-02-06,2525.0,2552.0,2505.0,2546.0,103000.0,2546.0,2514.6,2404.3,2409.84,2446.5733333333333,2529.68,False,False,False,False,False,False,True,True,False,True,False,-0.0161036920659858,0.0113904163393558,,,0.0534799685781617,0.0390521078816444,0.0035349567949725,0.0451688923802042,0.0008338192737597,0.1639562450609324,2518.0,2496.0,0.9537037037037036,0.0041828503137137,-0.0008676547367914,0.000315656297868
2019-02-07,2550.0,2589.0,2485.0,2505.0,167200.0,2505.0,2535.4,2419.6,2413.84,2447.9066666666668,2528.365,False,False,False,False,False,False,True,True,False,True,False,-0.0099800399201596,0.0259481037924151,,,0.0363912175648702,0.0227917498336659,0.0303393213572854,0.0534930139720558,0.0005446830761522,0.1487435939824765,2524.0,2490.0,1.6233009708737864,0.0016571106618499,-0.0025257396518637,-0.0002891361976075
2019-02-08,2495.0,2529.0,2476.0,2495.0,89600.0,2495.0,2534.0,2438.5,2416.0,2448.7466666666664,2526.735,False,False,False,False,False,False,True,True,False,True,False,0.0,0.0521042084168336,,,0.0316633266533066,0.0185384101536407,0.0653306613226452,0.0837675350701402,0.0003430326262141,0.1344269017838836,2500.0,2533.0,0.5358851674641149,0.0008940397350992,-0.0007630709267507,-0.0002016504499381
2019-02-12,2515.0,2531.0,2479.0,2486.0,70200.0,2486.0,2511.4,2458.5,2420.96,2449.9466666666667,2525.1,False,False,False,False,False,False,True,True,True,False,False,0.0052292839903459,0.0567176186645213,,,0.0261625100563153,0.0145025475998927,0.0716009654062751,0.1009654062751407,0.0004898065808236,0.1209680699613585,2510.0,2547.0,0.7834821428571429,0.0020487740400502,0.0011547343049509,0.0001467739546095
2019-02-13,2504.0,2514.0,2423.0,2456.0,130000.0,2456.0,2497.6,2475.2,2420.24,2451.28,2523.21,False,False,False,False,False,False,False,True,False,True,False,0.0346091205211726,0.0867263843648208,,,0.0145602605863193,0.0019218241042344,0.1099348534201954,0.1270358306188925,0.0005439335095678,0.110617323852618,2459.0,2530.0,1.851851851851852,-0.0002974911579018,-0.002346265197952,5.4126928744212765e-05
2019-02-14,2479.0,2514.0,2462.0,2505.0,63900.0,2505.0,2489.4,2502.0,2421.04,2453.0666666666666,2521.305,False,False,False,False,False,False,True,True,False,False,False,0.0279441117764471,0.0762475049900199,,,0.0335169660678642,0.020731869594145,0.0646706586826347,0.1125748502994012,0.0007283400369604,0.0963629096722621,2404.0,2573.0,0.4915384615384615,0.0003304365066253,0.0006279276645271,0.0001844065273925
2019-02-15,2510.0,2517.0,2468.0,2480.0,63700.0,2480.0,2484.4,2509.9,2421.08,2454.4,2519.405,False,False,False,False,False,False,True,True,False,True,False,0.0362903225806451,0.0766129032258064,,,0.023758064516129,0.0103225806451612,0.0524193548387096,0.1278225806451612,0.0005432420686658,0.0906012191720786,2430.0,2513.0,0.9968701095461658,1.6521552365045196e-05,-0.0003139149542602,-0.0001850979682945
2019-02-18,2539.0,2539.0,2486.0,2495.0,30900.0,2495.0,2484.4,2509.2,2422.56,2455.1866666666665,2517.615,False,False,False,False,False,False,True,True,False,False,False,0.0521042084168336,0.082565130260521,,,0.0290340681362725,0.0159572478289913,0.075751503006012,0.1338677354709418,0.0003204101249598,0.0926191614857325,2487.0,2480.0,0.4850863422291994,0.0006109239812429,0.0005944024288779,-0.000222831943706
2019-02-19,2521.0,2523.0,2479.0,2499.0,61100.0,2499.0,2487.0,2499.2,2425.52,2457.093333333333,2515.515,False,False,False,False,False,False,True,True,True,False,False,0.0512204881952781,0.1040416166466586,,,0.0294037615046018,0.0167693744164334,0.087234893957583,0.1236494597839135,0.0007759846322482,0.0988316261203585,2475.0,2521.0,1.977346278317152,0.0012203568719285,0.0006094328906855,0.0004555745072884
2019-02-20,2525.0,2568.0,2495.0,2541.0,92500.0,2541.0,2504.0,2500.8,2431.4,2460.133333333333,2513.47,False,False,False,False,False,False,True,True,False,False,False,0.0503738685556867,0.0735930735930736,,,0.0431326249508067,0.03182474091565,0.0495867768595041,0.1117670208579299,0.0012357053818222,0.1018474088291745,2448.0,2511.0,1.513911620294599,0.002418359792712,0.0011980029207835,0.000459720749574
2019-02-21,2528.0,2584.0,2520.0,2575.0,90200.0,2575.0,2518.0,2503.7,2439.6,2462.6,2511.885,False,False,False,False,False,False,True,True,False,False,False,0.0469902912621359,0.0555339805825242,,,0.0525825242718447,0.0436504854368932,0.0388349514563106,0.0990291262135922,0.0010016513711795,0.1073211646762792,2437.0,2529.0,0.9751351351351352,0.0033612067552056,0.0009428469624936,-0.0002340540106427
2019-02-22,2563.0,2575.0,2545.0,2570.0,36200.0,2570.0,2536.0,2510.2,2446.8,2464.093333333333,2510.4,False,False,False,False,False,False,True,True,False,True,False,0.0389105058365758,0.0108949416342412,,,0.0479377431906614,0.0412088197146565,0.0618677042801556,0.1003891050583657,0.0006060376500888,0.1119831089156244,2493.0,2472.0,0.401330376940133,0.0029426189308485,-0.0004185878243571,-0.0003956137210906
2019-02-25,2614.0,2635.0,2605.0,2625.0,68700.0,2625.0,2562.0,2523.2,2456.08,2466.266666666667,2509.55,False,False,False,False,False,False,True,True,False,False,False,0.0289523809523809,-0.0015238095238095,,,0.0643504761904762,0.0604698412698411,0.032,0.1043809523809523,0.0008812239822676,0.113982244768548,2439.0,2458.0,1.8977900552486189,0.0037783785544443,0.0008357596235958,0.0002751863321788
2019-02-26,2625.0,2634.0,2610.0,2627.0,55800.0,2627.0,2587.6,2537.3,2465.56,2467.093333333333,2508.71,False,False,False,False,False,False,True,True,False,False,False,0.0502474305291206,0.0038066235249333,,,0.0614541301865245,0.0608704479127016,0.0460601446516939,0.0959269128283212,0.0003350771758395,0.1133882473495447,2358.0,2486.0,0.8122270742358079,0.0038449682830675,6.658972862316889e-05,-0.0005461468064281
2019-02-27,2635.0,2685.0,2631.0,2669.0,124900.0,2669.0,2613.2,2558.6,2477.04,2468.76,2508.48,True,True,False,False,False,False,True,True,False,False,False,0.022105657549644,-0.0288497564630947,,,0.0719220681903334,0.0750243536905207,0.0232296740352191,0.0550768077931809,0.0006751027506389,0.1059954662706168,2222.0,2519.0,2.238351254480287,0.0046345638342537,0.0007895955511862,0.0003400255747994
2019-02-28,2660.0,2717.0,2641.0,2696.0,142100.0,2696.0,2637.4,2577.7,2490.68,2471.4266666666667,2508.2,False,False,False,False,False,False,True,True,False,False,False,0.008160237388724,-0.0522997032640949,,,0.0761572700296736,0.0832987141444114,0.0137240356083086,0.0433976261127596,0.001078998904816,0.0988090157892696,2294.0,2547.0,1.1377101681345076,0.0054764160791429,0.0008418522448892,0.000403896154177
2019-03-01,2693.0,2701.0,2638.0,2670.0,83600.0,2670.0,2657.4,2596.7,2503.4,2473.826666666667,2507.74,False,False,False,False,False,False,True,True,False,True,False,-0.0269662921348314,-0.0333333333333333,,,0.0623970037453183,0.0734731585518101,0.0307116104868913,0.0528089887640449,0.0009701568959291,0.0913081988677938,2405.0,2548.0,0.5883180858550316,0.0050810897179836,-0.0003953263611593,-0.0001088420088868
2019-03-04,2725.0,2735.0,2685.0,2701.0,189700.0,2701.0,2672.6,2617.3,2519.2,2476.0666666666666,2507.47,False,False,False,False,False,False,True,True,False,False,False,-0.029618659755646,-0.0159200296186597,,,0.0673084042947057,0.0832777983462915,0.0096260644205849,0.0277674935209181,0.0009046606176461,0.080693844801895,2441.0,2555.0,2.2691387559808613,0.0062718323277229,0.0011907426097393,-6.549627828297171e-05
2019-03-05,2694.0,2767.0,2657.0,2759.0,209100.0,2759.0,2699.0,2643.3,2538.12,2478.893333333333,2507.475,False,False,False,False,False,False,True,True,False,False,False,-0.0442189198985139,-0.0344327654947444,,,0.0800579920260964,0.1015247070194516,-0.0079739035882566,0.0061616527727437,0.0011402937870123,0.0688533272802935,2362.0,2528.0,1.102266736953084,0.0074543362803965,0.0011825039526735,0.0002356331693661
2019-03-06,2746.0,2750.0,2709.0,2728.0,91300.0,2728.0,2710.8,2662.0,2555.68,2481.5333333333333,2507.42,False,False,False,False,False,False,True,True,False,True,False,-0.0498533724340175,-0.000733137829912,,,0.06316715542522,0.090347018572825,-0.0051319648093841,0.0076979472140762,0.0010638583671387,0.0584898572501877,2474.0,2549.0,0.4366331898613104,0.0068709697614724,-0.000583366518924,-7.643541987363534e-05
2019-03-07,2714.0,2721.0,2680.0,2718.0,117400.0,2718.0,2715.2,2676.3,2574.92,2483.4666666666667,2507.49,False,False,False,False,False,False,True,True,False,False,False,-0.0599705665930831,-0.0187637969094922,,,0.0526416482707873,0.086288937944567,-0.0058866813833701,0.0309050772626931,0.0007784816922581,0.0517879161528976,2485.0,2518.0,1.2858707557502738,0.0074720768023861,0.0006011070409137,-0.0002853766748805
2019-03-08,2618.0,2663.0,2562.0,2598.0,199400.0,2598.0,2700.8,2679.1,2582.8,2484.6,2507.075,False,False,False,False,False,False,True,True,False,True,False,-0.0065434949961508,0.0046189376443418,,,0.0058506543494995,0.04364896073903,0.0538876058506543,0.0789068514241724,0.000456143175293,0.0497555149117241,2479.0,2524.0,1.698466780238501,0.0030509524547003,-0.0044211243476858,-0.000322338516965
2019-03-11,2633.0,2635.0,2600.0,2621.0,112800.0,2621.0,2684.8,2678.7,2587.56,2486.48,2506.88,False,False,False,False,False,False,True,True,False,True,False,0.0141167493323159,0.0240366272415108,,,0.0127584891262876,0.0513239221671117,0.0412056466997329,0.0690576115986264,0.0007560889289276,0.046291111359988,2458.0,2500.0,0.5656970912738215,0.0018395708698541,-0.0012113815848462,0.0002999457536345
2019-03-12,2640.0,2658.0,2628.0,2637.0,112100.0,2637.0,2660.4,2679.7,2589.08,2488.026666666666,2506.995,False,False,False,False,False,False,True,True,False,True,False,0.0102389078498293,0.0303375047402351,,,0.0181721653394008,0.056493490077108,0.0318543799772468,0.0747061054228289,0.0006216439266458,0.0442213680635892,2425.0,2510.0,0.9937943262411348,0.0005870811253418,-0.0012524897445123,-0.0001344450022818
2019-03-13,2621.0,2621.0,2582.0,2592.0,87000.0,2592.0,2633.2,2672.0,2591.76,2489.1066666666666,2506.955,False,False,False,False,False,False,True,True,False,False,False,0.0516975308641975,0.0289351851851851,,,9.25925925925084e-05,0.0396965020576132,0.0262345679012345,0.0848765432098765,0.0004338906060006,0.0470808383233533,2394.0,2459.0,0.776092774308653,0.0010340463623176,0.0004469652369757,-0.0001877533206451
2019-03-14,2612.0,2612.0,2553.0,2555.0,73200.0,2555.0,2600.6,2657.9,2592.12,2489.4533333333334,2506.89,False,False,False,False,False,False,True,True,False,True,False,0.0438356164383561,0.0469667318982387,,,-0.0145283757338551,0.0256542726679712,0.0442270058708414,0.0919765166340508,0.0001392541334376,0.0517701945144662,2370.0,2404.0,0.8413793103448276,0.0001388824591452,-0.0008951639031723,-0.000294636472563
2019-03-15,2579.0,2595.0,2559.0,2581.0,97200.0,2581.0,2597.2,2649.0,2595.16,2490.9066666666668,2507.215,False,False,False,False,False,False,True,True,True,False,False,0.0112359550561797,0.0573421154591243,,,-0.0054862456412242,0.0349063670411984,0.0383572258814413,0.0833010461061604,0.0005834555556745,0.0547376368440921,2390.0,2430.0,1.3278688524590163,0.0011714113965998,0.0010325289374545,0.0004442014222368
2019-03-18,2622.0,2664.0,2595.0,2658.0,152400.0,2658.0,2604.6,2644.7,2601.68,2493.5733333333333,2507.91,False,False,False,False,False,False,True,True,False,False,False,0.0097817908201655,0.0191873589164785,,,0.021188863807374,0.0618610484073238,0.0109104589917231,0.0545522949586155,0.0010694157781603,0.0574734374409195,2393.0,2487.0,1.567901234567901,0.0025060729989852,0.0013346616023854,0.0004859602224858
2019-03-19,2665.0,2675.0,2605.0,2664.0,102500.0,2664.0,2610.0,2635.2,2608.8,2495.9466666666667,2508.575,False,False,False,False,False,False,True,True,False,False,False,0.0198948948948948,0.0315315315315315,,,0.0207207207207206,0.063083083083083,0.0056306306306306,0.057057057057057,0.000950875018697,0.0628035822707954,2390.0,2475.0,0.6725721784776902,0.0027292241643668,0.0002231511653816,-0.0001185407594633
2019-03-20,2683.0,2730.0,2668.0,2726.0,183600.0,2726.0,2636.8,2635.0,2619.6,2498.7066666666665,2509.54,False,False,False,False,False,False,True,True,False,False,False,-0.0216434336023477,0.0018341892883345,,,0.0390315480557593,0.0833797994619712,-0.0099046221570066,0.0157740278796771,0.0011045714316205,0.0636432637571156,2382.0,2448.0,1.791219512195122,0.0041227668346311,0.0013935426702642,0.0001536964129235
2019-03-22,2700.0,2700.0,2641.0,2667.0,145400.0,2667.0,2659.2,2629.9,2626.08,2500.306666666667,2510.31,False,False,False,False,False,False,True,True,False,True,False,0.0029996250468691,0.0247469066366704,,,0.0153430821147356,0.0625021872265966,0.0037495313085864,0.035620547431571,0.0006399215029624,0.0641849499980986,2355.0,2437.0,0.7919389978213508,0.0024675562054469,-0.0016552106291842,-0.000464649928658
2019-03-25,2624.0,2638.0,2582.0,2610.0,85600.0,2610.0,2665.0,2631.1,2631.28,2501.133333333333,2511.03,False,False,False,False,False,False,True,True,False,True,False,0.0455938697318007,0.0544061302681992,,,-0.0081532567049809,0.0417113665389527,0.0517241379310344,0.0486590038314176,0.0003305168323692,0.0611911367868952,2352.0,2493.0,0.5887207702888583,0.0019762244991032,-0.0004913317063437,-0.0003094046705932
2019-03-26,2612.0,2684.0,2612.0,2684.0,130500.0,2684.0,2670.2,2637.4,2638.84,2502.853333333333,2512.03,False,False,False,False,False,False,True,True,False,False,True,0.0093144560357675,0.0160208643815201,,,0.0168256333830103,0.0674913065077,0.033532041728763,0.0,0.0006872156578624,0.0541821490862213,2306.0,2439.0,1.5245327102803738,0.0028648951812159,0.0008886706821127,0.0003566988254932
2019-03-27,2680.0,2719.0,2654.0,2717.0,104200.0,2717.0,2680.8,2645.4,2647.56,2505.373333333333,2513.105,False,False,False,False,False,False,True,True,False,False,False,0.0114096429885903,0.0073610599926389,,,0.0255576002944424,0.0778898294687769,-0.0007361059992638,-0.0073610599926389,0.0010058381186037,0.0458153776366522,2286.0,2358.0,0.7984674329501916,0.003293598634214,0.0004287034529981,0.0003186224607413
2019-03-28,2659.0,2676.0,2636.0,2667.0,99500.0,2667.0,2669.0,2652.9,2652.6,2506.9466666666667,2513.765,False,False,False,False,False,False,True,True,False,True,False,0.0239970003749531,0.0176227971503562,,,0.0053993250843644,0.0600124984376952,0.0153730783652043,0.0014998125234345,0.0006275894713889,0.0375438199705981,2289.0,2222.0,0.95489443378119,0.0019000226193168,-0.0013935760148971,-0.0003782486472147
2019-03-29,2670.0,2694.0,2643.0,2675.0,81100.0,2675.0,2670.6,2664.9,2656.6,2509.04,2514.155,False,False,False,False,False,False,True,True,False,True,False,0.0216822429906542,0.0100934579439252,,,0.0068785046728972,0.0620411214953271,0.0179439252336448,0.0130841121495327,0.0008343164450679,0.0298697887350369,2237.0,2294.0,0.8150753768844221,0.0015056839569374,-0.0003943386623794,0.0002067269736789
2019-04-01,2731.0,2754.0,2711.0,2729.0,130300.0,2729.0,2694.4,2679.7,2662.96,2511.773333333333,2514.895,False,False,False,False,False,False,True,True,False,False,False,0.0084279956027849,0.0032979113228288,,,0.0241993404177354,0.0795993648467082,0.0322462440454378,-0.0032979113228288,0.0010882085963169,0.0213456730230997,2401.0,2405.0,1.606658446362515,0.0023883197644726,0.0008826358075352,0.000253892151249
2019-04-02,2764.0,2782.0,2701.0,2709.0,95800.0,2709.0,2699.4,2684.8,2666.32,2514.56,2515.375,False,False,False,False,False,False,True,True,False,True,False,0.0066445182724252,0.0073827980804724,,,0.0157548911037282,0.0717755629383536,0.0110741971207087,0.0055370985603543,0.0011082124374311,0.0164630512514898,2502.0,2441.0,0.7352264006139677,0.0012601638212968,-0.0011281559431758,2.000384111415228e-05
2019-04-03,2762.0,2763.0,2715.0,2748.0,109300.0,2748.0,2705.6,2693.2,2671.16,2517.733333333333,2516.185,False,False,False,False,False,False,True,True,False,False,False,-0.0040029112081513,-0.009825327510917,,,0.027962154294032,0.083794274623969,-0.0061863173216885,0.0036390101892285,0.001260392946036,0.0111391653052131,2599.0,2362.0,1.1409185803757829,0.0018119468695247,0.0005517830482279,0.0001521805086049
2019-04-04,2763.0,2763.0,2719.0,2731.0,140200.0,2731.0,2718.4,2693.7,2673.64,2521.36,2516.83,False,False,False,False,False,False,True,True,False,True,False,-0.0062248260710362,-0.0259978030025631,,,0.0210032954961553,0.0767630904430611,0.0278286341999267,0.005126327352618,0.0014383771721083,0.0100605115640198,2525.0,2474.0,1.282708142726441,0.0009275743929624,-0.0008843724765623,0.0001779842260722
2019-04-05,2721.0,2774.0,2721.0,2733.0,121600.0,2733.0,2730.0,2700.3,2675.12,2525.7466666666664,2517.595,False,False,False,False,False,False,True,True,False,True,True,-0.0113428466886205,-0.0237833882180753,,,0.0211781924624954,0.0758336382485669,0.0267105744603,-0.0014635931211123,0.0017367801468607,0.006369662630078,2546.0,2485.0,0.8673323823109843,0.0005532462095158,-0.0003743281834465,0.0002984029747524
2019-04-08,2750.0,2771.0,2733.0,2752.0,97800.0,2752.0,2734.6,2714.5,2678.4,2530.04,2518.505,False,False,False,False,False,False,True,True,True,False,False,-0.0050872093023255,-0.0261627906976744,,,0.0267441860465115,0.0806540697674418,0.0279796511627907,0.0287063953488372,0.0016969428678335,0.0045680604162829,2505.0,2479.0,0.8042763157894737,0.0012246117084827,0.0006713654989669,-3.983727902720242e-05
2019-04-09,2737.0,2747.0,2714.0,2727.0,65300.0,2727.0,2738.2,2718.8,2679.44,2533.24,2519.415,False,False,False,False,False,False,True,True,False,True,False,0.0007334066740007,-0.0146681334800146,,,0.0174404107077374,0.0710524385771911,0.0399706637330399,0.0216354968830216,0.0012632044338474,0.0067309106958951,2495.0,2458.0,0.6676891615541922,0.0003881408055414,-0.0008364709029413,-0.000433738433986
2019-04-10,2725.0,2740.0,2701.0,2737.0,69000.0,2737.0,2736.0,2720.8,2678.56,2536.733333333333,2520.49,False,False,False,False,False,False,False,True,False,True,False,-0.0058458165875045,-0.021191085129704,,,0.0213518450858604,0.0731701376202655,0.0379978078187796,-0.0120569967117281,0.0013770991563953,0.0062481623052043,2486.0,2425.0,1.0566615620214397,-0.0003285347350815,-0.000716675540623,0.0001138947225478
2019-04-11,2741.0,2741.0,2707.0,2714.0,86200.0,2714.0,2732.6,2725.5,2678.0,2540.28,2521.505,False,False,False,False,False,False,False,True,False,False,False,-0.0198968312453942,-0.005526897568165,,,0.0132645541635961,0.0640088430361089,0.0453205600589535,-0.0478997789240972,0.0013961715506428,0.0013208585580627,2456.0,2394.0,1.2492753623188406,-0.0002091112770724,0.0001194234580091,1.907239424750679e-05
2019-04-12,2712.0,2719.0,2694.0,2702.0,93200.0,2702.0,2726.4,2728.2,2677.36,2543.813333333333,2522.575,False,False,False,False,False,False,False,True,False,True,False,-0.0125832716506291,-0.0092524056254626,,,0.0091191709844559,0.0585442881815939,0.0532938564026646,-0.0392301998519615,0.0013889908064531,-0.0038486914449087,2505.0,2370.0,1.0812064965197217,-0.0002390414438102,-2.993016673785129e-05,-7.18074418976024e-06
2019-04-15,2707.0,2743.0,2707.0,2738.0,105500.0,2738.0,2723.6,2729.1,2682.96,2547.08,2523.82,False,False,False,False,False,False,True,True,True,False,False,-0.0211833455076698,0.0025566106647187,,,0.0201022644265887,0.0697297297297297,0.0427319211102994,-0.0609934258582907,0.0012825143563087,-0.0096368766259938,2480.0,2390.0,1.1319742489270386,0.0020872469213107,0.002326288365121,-0.0001064764501443
2019-04-16,2742.0,2747.0,2717.0,2729.0,90300.0,2729.0,2724.0,2731.1,2687.28,2550.9466666666667,2525.125,False,False,False,False,False,False,True,True,False,True,False,-0.015390252839868,0.0164895566141443,,,0.0152876511542688,0.0652449004519359,0.0208867717112495,-0.0491022352510076,0.0015157771493981,-0.0150854966863168,2495.0,2393.0,0.8559241706161137,0.001607573457176,-0.0004796734641346,0.0002332627930894
2019-04-17,2729.0,2729.0,2707.0,2721.0,43900.0,2721.0,2720.8,2728.4,2690.64,2555.786666666667,2526.305,False,False,False,False,False,False,True,True,False,True,False,-0.0154355016538037,-0.0022050716648291,,,0.0111576626240353,0.0607178733308831,0.0150679897096655,-0.036016170525542,0.0018937417833518,-0.019058789033866,2499.0,2390.0,0.486157253599114,0.0012487735260011,-0.0003587999311749,0.0003779646339536
2019-04-18,2740.0,2745.0,2651.0,2660.0,94900.0,2660.0,2710.0,2721.3,2693.36,2561.6266666666666,2527.355,False,False,False,False,False,False,True,True,False,True,False,0.0146616541353383,0.0180451127819548,,,-0.0125413533834586,0.0369824561403509,0.0270676691729323,-0.0199248120300751,0.0022798013762087,-0.021570572887958,2541.0,2382.0,2.161731207289294,0.0010098909911783,-0.0002388825348227,0.0003860595928569
2019-04-19,2660.0,2673.0,2638.0,2668.0,77300.0,2668.0,2703.2,2714.8,2697.88,2566.613333333333,2528.355,False,False,False,False,False,False,True,True,False,False,False,0.0033733133433283,0.0206146926536731,,,-0.0111994002998501,0.03800099950025,-0.002623688155922,-0.0123688155922038,0.0019428975147533,-0.0226904376012967,2575.0,2355.0,0.8145416227608009,0.00167538956514,0.0006654985739616,-0.0003369038614553
2019-04-22,2667.0,2693.0,2651.0,2680.0,47000.0,2680.0,2691.6,2707.6,2701.84,2570.28,2529.325,False,False,False,False,False,False,True,True,False,True,False,0.0242537313432835,0.0511194029850746,,,-0.0081492537313433,0.0409402985074626,-0.0152985074626865,-0.017910447761194,0.0014265631241216,-0.0274412764071501,2570.0,2352.0,0.6080206985769728,0.0014656678411749,-0.0002097217239651,-0.0005163343906317
2019-04-23,2672.0,2700.0,2665.0,2687.0,75400.0,2687.0,2683.2,2703.6,2703.0,2573.56,2530.35,False,False,False,False,False,False,True,True,False,True,False,0.0323781168589505,0.0193524376628209,,,-0.0059545962039449,0.0422180870859695,0.0063267584666914,-0.0018608113137327,0.0012744991373815,-0.029849090102086,2625.0,2306.0,1.6042553191489362,0.0004291527931926,-0.0010365150479822,-0.00015206398674
2019-04-24,2699.0,2707.0,2678.0,2679.0,55100.0,2679.0,2674.8,2697.8,2703.6,2577.786666666667,2531.28,False,False,False,False,False,False,True,True,False,True,False,0.0134378499440089,0.0194102276969018,,,-0.0091825307950727,0.037780266268508,0.0216498693542366,0.0253826054497947,0.00163964951845,-0.0261694714211581,2627.0,2286.0,0.7307692307692307,0.0002219263204615,-0.0002072264727311,0.0003651503810684
2019-04-25,2669.0,2709.0,2669.0,2699.0,52300.0,2699.0,2682.6,2696.3,2702.52,2580.786666666667,2532.61,False,False,False,False,False,False,False,True,False,True,False,0.0033345683586513,0.0400148203038162,,,-0.001304186735828,0.0437989378782264,0.0255650240829937,0.0237124861059651,0.001162436259745,-0.0189889849052406,2669.0,2289.0,0.9491833030852994,-0.0003996270147861,-0.0006215533352477,-0.0004772132587049
2019-04-26,2681.0,2700.0,2600.0,2677.0,152900.0,2677.0,2684.4,2693.8,2702.92,2583.346666666667,2534.035,False,False,False,False,False,False,True,True,False,False,False,0.0171834142697048,0.0481882704519985,,,-0.0096824803884946,0.0349844353131614,0.0410907732536421,0.0313784086664176,0.0009909626272896,-0.0119533744153241,2696.0,2237.0,2.9235181644359463,0.0001479881017566,0.0005476151165428,-0.0001714736324554
2019-05-07,2678.0,2758.0,2678.0,2745.0,131400.0,2745.0,2697.4,2694.5,2708.32,2586.893333333333,2535.7,False,False,False,True,True,False,True,True,True,False,False,0.0262295081967213,0.0306010928961748,,,0.0133624772313296,0.057598057073467,0.018943533697632,0.0007285974499089,0.0013710138802267,-0.0056782334384858,2670.0,2401.0,0.8593852190974494,0.0019938559697524,0.0018458678679958,0.0003800512529371
2019-05-08,2752.0,2778.0,2733.0,2774.0,141800.0,2774.0,2714.8,2699.0,2711.92,2591.1066666666666,2537.59,False,False,False,False,False,False,True,True,False,True,False,-0.0126171593366979,0.0223503965392934,,,0.0223792357606344,0.0659312665224706,0.0198269646719538,-0.0086517664023071,0.0016260748303171,-0.0015931826602446,2701.0,2502.0,1.0791476407914764,0.0013274727868078,-0.0006663831829446,0.0002550609500903
2019-05-09,2751.0,2751.0,2689.0,2715.0,163900.0,2715.0,2722.0,2698.4,2711.84,2594.9733333333334,2539.255,False,False,False,False,False,False,False,True,False,True,False,0.0058931860036832,0.0464088397790055,,,0.0011639042357273,0.0442087170042971,0.0342541436464088,0.0014732965009208,0.0014900602703689,0.0021864808775571,2759.0,2599.0,1.1558533145275036,-2.950026550236269e-05,-0.0013569730523101,-0.0001360145599482
2019-05-10,2714.0,2724.0,2690.0,2708.0,79000.0,2708.0,2723.8,2703.2,2713.48,2599.16,2540.795,False,False,False,False,False,False,True,True,False,False,False,0.0365583456425406,0.0476366322008862,,,-0.0020236336779911,0.040192023633678,0.043205317577548,0.0084933530280649,0.0016107768150735,0.0049940810890796,2728.0,2525.0,0.4820012202562538,0.0006043899346963,0.0006338902001987,0.0001207165447046
2019-05-13,2716.0,2743.0,2701.0,2723.0,116000.0,2723.0,2733.0,2708.7,2715.4,2603.866666666667,2542.435,False,False,False,False,False,False,True,True,False,False,False,0.0304810870363569,0.045170767535806,,,0.0027910392948953,0.0437507650875259,0.0392948953360264,-0.0077120822622107,0.0018075682318604,0.0054269575811275,2718.0,2546.0,1.4683544303797469,0.000707078146866,0.0001026882121696,0.0001967914167868
2019-05-14,2700.0,2821.0,2690.0,2817.0,228300.0,2817.0,2747.4,2722.4,2718.92,2609.56,2544.575,False,False,False,False,False,False,True,True,True,False,False,0.0042598509052183,0.0134895278665246,,,0.034817181398651,0.0736386226482073,0.0039048633297834,-0.0376286829960951,0.002181721567365,0.0032691742580076,2598.0,2505.0,1.968103448275862,0.0012946316919953,0.0005875535451292,0.0003741533355046
2019-05-15,2812.0,2812.0,2724.0,2739.0,139600.0,2739.0,2740.4,2727.6,2720.12,2614.173333333333,2546.415,False,False,False,False,False,False,True,True,False,True,False,0.0354143848119751,0.0171595472800292,,,0.0068930266520628,0.0455738103930875,0.058415480102227,0.013143483023001,0.0017647388849502,0.0047660947352984,2621.0,2495.0,0.6114761279018834,0.000441157007779,-0.0008534746842163,-0.0004169826824148
2019-05-16,2739.0,2741.0,2700.0,2731.0,113200.0,2731.0,2743.6,2732.8,2719.44,2618.72,2548.195,False,False,False,False,False,False,False,True,False,True,False,0.0402782863419992,0.0113511534236543,,,0.0042328817283046,0.0411131453679971,0.0541926034419626,0.0186744782131087,0.001736217184986,0.0041349531615924,2637.0,2486.0,0.8108882521489972,-0.0002500514811872,-0.0006912084889662,-2.8521699964173097e-05
2019-05-17,2758.0,2826.0,2754.0,2807.0,99800.0,2807.0,2763.4,2743.6,2722.48,2624.3866666666668,2550.245,False,False,False,False,False,False,True,True,True,False,False,0.0106875667972924,-0.0267189169932312,,,0.0301104381902386,0.0650564066025412,0.0032062700391877,-0.0089063056644104,0.0021592346656235,0.0008747630849978,2592.0,2456.0,0.8816254416961131,0.0011166289559519,0.0013666804371391,0.0004230174806375
2019-05-20,2810.0,2815.0,2773.0,2806.0,60100.0,2806.0,2780.0,2756.5,2725.4,2630.4,2552.21,False,False,False,False,False,False,True,True,False,True,False,0.0142551674982181,-0.0516749821810406,,,0.0287241625089094,0.0625801853171774,0.0024946543121881,-0.0039201710620099,0.0022860908353609,-0.0025757300925085,2555.0,2505.0,0.6022044088176353,0.0010714023629559,-4.522659299598976e-05,0.0001268561697373
2019-05-21,2802.0,2840.0,2787.0,2829.0,99300.0,2829.0,2782.4,2764.9,2728.48,2636.76,2554.3,False,False,False,False,False,False,True,True,False,False,False,0.0091905266878755,-0.0671615411806292,,,0.0355319901025097,0.0679533404029691,-0.0063626723223753,0.0049487451396253,0.0024120511536886,-0.0021338927266809,2581.0,2480.0,1.6522462562396008,0.0011288336363103,5.7431273354376826e-05,0.0001259603183277
2019-05-22,2819.0,2839.0,2812.0,2836.0,72100.0,2836.0,2801.8,2771.1,2732.84,2643.826666666667,2556.485,False,False,False,False,False,False,True,True,False,False,False,-0.0176304654442877,-0.0465444287729196,,,0.0363751763046543,0.0677621062529383,-0.0211565585331452,-0.0081100141043723,0.0026728933313832,-0.0020930316480818,2658.0,2495.0,0.7260825780463243,0.0015954099032508,0.0004665762669405,0.0002608421776946
2019-05-23,2831.0,2868.0,2810.0,2841.0,105300.0,2841.0,2823.8,2783.7,2737.0,2651.2266666666665,2558.58,False,False,False,False,False,False,True,True,False,True,False,-0.0278071101724744,-0.0366068285814853,,,0.0366068285814853,0.0667980757949079,-0.0228792678634283,-0.0059838085181274,0.0027911608211543,-0.0028379494916836,2664.0,2499.0,1.4604715672676838,0.0015199123127511,-7.549759049974296e-05,0.000118267489771
2019-05-24,2801.0,2849.0,2797.0,2837.0,93000.0,2837.0,2829.8,2796.6,2741.92,2658.5333333333333,2560.215,False,False,False,False,False,False,True,True,False,False,False,-0.0370109270356009,-0.0243214663376806,,,0.0335142756432851,0.0629068264598754,-0.0310186817060274,-0.0119844906591469,0.0027483825668288,-0.0048630479868411,2726.0,2541.0,0.8831908831908832,0.0017943630740503,0.0002744507612991,-4.277825432545375e-05
2019-05-27,2837.0,2857.0,2814.0,2846.0,57600.0,2846.0,2837.8,2808.9,2747.68,2666.653333333333,2561.8,False,False,False,False,False,False,True,True,False,False,False,-0.0650035137034434,-0.0207308503162333,,,0.0345467322557976,0.0630171000234247,-0.0154602951510892,-0.0140548137737174,0.003045015225076,-0.0055181743743102,2667.0,2575.0,0.6193548387096774,0.0020963139812495,0.0003019509071992,0.0002966326582471
2019-05-28,2865.0,2880.0,2845.0,2855.0,100600.0,2855.0,2843.0,2812.7,2752.36,2672.7066666666665,2563.085,False,False,False,False,False,False,True,True,False,True,False,-0.0756567425569176,-0.0203152364273204,,,0.0359509632224167,0.0638505545826036,-0.0182136602451838,-0.0080560420315236,0.002264870069293,-0.0025598179684999,2610.0,2570.0,1.7465277777777777,0.0017003589646704,-0.0003959550165791,-0.000780145155783
2019-05-29,2820.0,2844.0,2776.0,2786.0,151300.0,2786.0,2833.0,2817.4,2754.64,2676.4933333333333,2564.045,False,False,False,False,False,False,True,True,False,True,False,-0.0294328786791098,0.0154343144292893,,,0.0112562814070352,0.0393060540799234,0.005743000717875,0.0262024407753051,0.0014147865117044,-0.0012422801164193,2684.0,2625.0,1.5039761431411531,0.0008276943629656,-0.0008726646017047,-0.0008500835575885
2019-05-30,2758.0,2765.0,2734.0,2762.0,110800.0,2762.0,2817.2,2820.5,2756.28,2678.6666666666665,2564.88,False,False,False,False,False,False,True,True,False,True,False,-0.0090514120202751,0.0166545981173063,,,0.0020709630702388,0.0301713734009172,0.0260680666183924,0.0401882693700217,0.0008113489298157,0.0008863676653075,2717.0,2627.0,0.7323198942498348,0.0005950048616252,-0.0002326895013404,-0.0006034375818886
2019-05-31,2748.0,2760.0,2722.0,2732.0,97000.0,2732.0,2796.2,2813.0,2759.16,2681.4266666666667,2565.105,False,False,False,False,False,False,True,True,False,False,False,0.0131771595900439,0.0340409956076134,,,-0.0099414348462664,0.0185114690092727,0.0292825768667642,0.0684480234260614,0.0010293028089525,0.0084251688588694,2667.0,2669.0,0.8754512635379061,0.001043795937894,0.0004487910762688,0.0002179538791367
2019-06-03,2682.0,2701.0,2642.0,2661.0,148200.0,2661.0,2759.2,2798.5,2758.88,2682.96,2565.75,False,False,False,False,False,False,False,True,False,True,False,0.0473506200676437,0.063509958662157,,,-0.0367831642239759,-0.0082525366403607,0.04847801578354,0.1292747087561067,0.0005715080855969,0.0211541897445059,2675.0,2696.0,1.5278350515463917,-0.0001014904598966,-0.0011452863977906,-0.0004577947233555
2019-06-04,2669.0,2669.0,2628.0,2639.0,105900.0,2639.0,2716.0,2779.5,2757.24,2684.7466666666664,2566.3,False,False,False,False,False,False,False,True,False,True,False,0.0598711633194391,0.0716180371352785,,,-0.0448048503220916,-0.0173348490589869,0.059492231906025,0.1295945433876468,0.000665487991418,0.0330994783234394,2729.0,2670.0,0.7145748987854251,-0.000594797696247,-0.0004933072363504,9.397990582109664e-05
2019-06-05,2716.0,2716.0,2684.0,2704.0,128100.0,2704.0,2699.6,2766.3,2757.92,2687.5333333333333,2567.035,False,False,False,False,False,False,True,True,False,False,False,0.0462278106508875,0.0721153846153846,,,-0.0199408284023668,0.0060897435897436,0.0366124260355029,0.095784023668639,0.0010368863642002,0.043451541770596,2709.0,2701.0,1.2096317280453257,0.0002465626269073,0.0008413603231544,0.0003713983727821
2019-06-06,2707.0,2773.0,2703.0,2737.0,78400.0,2737.0,2694.6,2755.9,2760.24,2690.88,2568.17,False,False,False,False,False,False,True,True,False,False,False,0.0259408111070515,0.051881622214103,,,-0.0084910485933503,0.0168505663134818,0.0288637194008038,0.0858604311289733,0.0012437071391763,0.0527595340904967,2748.0,2759.0,0.6120218579234973,0.0008405066226124,0.000593943995705,0.0002068207749761
2019-06-07,2737.0,2768.0,2726.0,2768.0,45800.0,2768.0,2701.8,2749.0,2763.0,2695.04,2569.135,False,False,False,True,True,False,True,True,False,False,False,0.0205924855491329,0.0173410404624277,,,0.0018063583815028,0.0263583815028901,0.0003612716763005,0.0791184971098265,0.0015435763476608,0.0620953073845033,2731.0,2728.0,0.5841836734693877,0.00099891422367,0.0001584076010575,0.0002998692084845
2019-06-10,2799.0,2799.0,2754.0,2787.0,56900.0,2787.0,2727.0,2743.1,2767.4,2698.8,2570.205,False,False,False,False,False,False,True,True,True,False,False,0.0154287764621456,0.0093290276282741,,,0.0070326515966989,0.0316469321851452,-0.0089702188733405,0.0703265159669895,0.0013932117978361,0.0708322700594218,2733.0,2718.0,1.24235807860262,0.0015899400158994,0.0005910257922294,-0.0001503645498246
2019-06-11,2793.0,2804.0,2765.0,2797.0,111400.0,2797.0,2758.6,2737.3,2769.48,2703.026666666666,2571.27,False,False,False,False,False,False,True,True,False,True,False,0.0110833035395066,0.0050053628888094,,,0.0098391133357168,0.0335979025145991,-0.0214515552377547,0.0479084733643189,0.0015636792336489,0.0767179337303182,2752.0,2598.0,1.957820738137083,0.0007510435171945,-0.0008388964987048,0.0001704674358127
2019-06-12,2806.0,2837.0,2790.0,2829.0,65800.0,2829.0,2783.6,2741.6,2771.68,2707.48,2572.395,False,False,False,False,False,False,True,True,False,False,False,0.0247437256981265,-0.0187345351714386,,,0.0202615765288088,0.0429551078119476,-0.0512548603746907,0.0424178154825026,0.0016448259390037,0.0783119346367085,2727.0,2621.0,0.5906642728904847,0.0007937424233677,4.269890617317402e-05,8.114670535478525e-05
2019-06-13,2808.0,2827.0,2781.0,2808.0,80100.0,2808.0,2797.8,2746.2,2775.4,2711.6,2573.725,False,False,False,False,False,False,True,True,True,False,False,0.0252849002849002,-0.0113960113960113,,,0.0116096866096865,0.0343304843304843,-0.0395299145299145,0.0626780626780626,0.0015193981413187,0.0805476658655597,2737.0,2637.0,1.2173252279635258,0.0013403473373208,0.0005466049139531,-0.0001254277976849
2019-06-14,2830.0,2840.0,2802.0,2825.0,66600.0,2825.0,2809.2,2755.5,2780.08,2715.3866666666668,2574.88,False,False,False,False,False,False,True,True,False,False,False,-0.0031858407079646,-0.0269026548672566,,,0.0159008849557522,0.0388011799410029,-0.0545132743362831,0.0580530973451327,0.0013945220815697,0.079441117764471,2714.0,2592.0,0.8314606741573034,0.0016834047941065,0.0003430574567857,-0.0001248760597489
2019-06-17,2826.0,2839.0,2812.0,2830.0,46700.0,2830.0,2817.8,2772.4,2784.36,2718.786666666667,2575.98,False,False,False,False,False,False,True,True,False,True,False,-0.0060070671378091,-0.0098939929328621,,,0.0161272084805653,0.0392979976442873,-0.0424028268551236,0.0618374558303886,0.0012505578468827,0.0728610590102438,2702.0,2555.0,0.7012012012012012,0.0015371575514661,-0.0001462472426404,-0.000143964234687
2019-06-18,2834.0,2891.0,2827.0,2828.0,133200.0,2828.0,2824.0,2791.3,2784.8,2722.2266666666665,2577.17,False,False,False,False,False,False,True,True,False,True,False,-0.006011315417256,-0.0088401697312588,,,0.0152758132956152,0.0374021687883074,-0.0381895332390381,0.0749646393210749,0.0012636714062506,0.0677103858417225,2738.0,2581.0,2.852248394004283,0.0001580005745475,-0.0013791569769185,1.3113559367907172e-05
2019-06-19,2861.0,2908.0,2851.0,2899.0,140800.0,2899.0,2838.0,2810.8,2791.2,2725.88,2578.845,False,False,False,False,False,False,True,True,True,False,False,-0.0424284235943428,-0.033459813728872,,,0.0371852362883753,0.0597171438427043,-0.0603656433252845,0.0572611245256985,0.0013402399714344,0.0639319766614486,2729.0,2658.0,1.057057057057057,0.0022929206076238,0.0021349200330762,7.656856518379837e-05
2019-06-20,2900.0,2904.0,2866.0,2879.0,96300.0,2879.0,2852.2,2825.0,2797.12,2729.24,2580.48,False,False,False,False,False,False,True,True,False,True,False,-0.0357763112191733,-0.0156304272316776,,,0.0284404307051059,0.0520180618270233,-0.0420284821118443,0.080236193122612,0.0012311119579075,0.0634690265486726,2721.0,2664.0,0.6839488636363636,0.0021164626472943,-0.0001764579603294,-0.0001091280135268
2019-06-21,2880.0,2880.0,2815.0,2816.0,109400.0,2816.0,2850.4,2829.8,2797.48,2731.2,2582.03,False,False,False,False,False,False,True,True,False,True,False,-0.0237926136363636,-0.0014204545454545,,,0.0065767045454545,0.0301136363636364,-0.0252130681818181,0.0866477272727272,0.000717633274751,0.0642448229556858,2660.0,2726.0,1.1360332294911737,0.0001286872470938,-0.0019877754002005,-0.0005134786831565
2019-06-24,2818.0,2838.0,2789.0,2813.0,37100.0,2813.0,2847.0,2832.4,2797.76,2732.76,2583.12,False,False,False,False,False,False,True,True,False,True,False,-0.0039104159260575,-0.0081763242090295,,,0.0054177035193742,0.0285247067188054,-0.0298613579808034,0.0949164592961251,0.000570851446889,0.0666925575483689,2668.0,2667.0,0.3391224862888483,0.0001000800640513,-2.8607183042546024e-05,-0.000146781827862
2019-06-25,2813.0,2845.0,2799.0,2811.0,54300.0,2811.0,2843.6,2833.8,2797.04,2734.64,2584.325,False,False,False,False,False,False,False,True,False,True,False,-0.0028459622909996,-0.0053361792956243,,,0.0049662041977943,0.0271647100675916,0.0071149057274991,0.1063678406261117,0.0006874762308748,0.0724821794057448,2680.0,2610.0,1.463611859838275,-0.000257414981552,-0.0003574950456033,0.0001166247839858
2019-06-26,2785.0,2797.0,2771.0,2776.0,90900.0,2776.0,2819.0,2828.5,2794.64,2735.64,2585.27,False,False,False,False,False,True,False,True,False,True,False,0.0093659942363112,0.0097262247838616,,,-0.00671469740634,0.0145389048991354,0.0036023054755043,0.105907780979827,0.0003655451740726,0.0787696659006541,2687.0,2684.0,1.6740331491712708,-0.0008587868204849,-0.0006013718389329,-0.0003219310568022
2019-06-27,2777.0,2787.0,2761.0,2776.0,49700.0,2776.0,2798.4,2825.3,2792.04,2735.866666666667,2586.175,False,False,False,False,False,False,False,True,False,True,False,0.020893371757925,0.0144092219020172,,,-0.0057780979827089,0.0144572526416906,-0.0259365994236311,0.1095100864553314,8.285004142511157e-05,0.0833893745796906,2679.0,2717.0,0.5467546754675467,-0.0009312187504476,-7.243192996270794e-05,-0.0002826951326475
2019-06-28,2773.0,2776.0,2746.0,2749.0,71000.0,2749.0,2785.0,2817.7,2788.52,2736.1466666666665,2587.02,False,False,False,False,False,False,False,True,False,True,False,0.0229174245180065,0.0072753728628592,,,-0.0143761367770098,0.0046756396265309,-0.0600218261185885,0.1094943615860312,0.000102333695562,0.0884764169357987,2699.0,2667.0,1.4285714285714286,-0.0012623183624288,-0.0003310996119811,1.94836541369241e-05
2019-07-01,2796.0,2807.0,2757.0,2802.0,116600.0,2802.0,2782.8,2814.9,2786.76,2737.266666666667,2588.115,False,False,False,False,True,False,False,True,False,False,False,-0.0042826552462526,-0.0142755174875089,,,0.0054389721627408,0.0231025458006185,-0.0735189150606709,0.1009992862241256,0.0004091672958426,0.0924011510177981,2677.0,2675.0,1.6422535211267606,-0.0006315577947149,0.0006307605677138,0.0003068336002806
2019-07-02,2792.0,2813.0,2780.0,2803.0,87500.0,2803.0,2781.2,2812.4,2784.68,2740.0,2589.185,False,False,False,False,False,False,False,True,False,True,False,-0.0024973242953977,-0.0235462004994648,,,0.0065358544416696,0.02247591865858,-0.0827684623617552,0.1023902961113093,0.0009975669099755,0.0951500497795476,2745.0,2729.0,0.7504288164665524,-0.0007469439935649,-0.00011538619885,0.0005883996141328
2019-07-03,2797.0,2815.0,2783.0,2802.0,83300.0,2802.0,2786.4,2802.7,2785.32,2742.4133333333334,2590.165,False,False,False,False,False,False,True,True,False,False,False,0.0003568879371877,-0.0421127765881513,,,0.0059528907922911,0.021265762550559,-0.0738758029978586,0.0920770877944325,0.0008800035005664,0.0987619081599886,2774.0,2709.0,0.952,0.000229776111901,0.000976720105466,-0.0001175634094091
2019-07-04,2810.0,2850.0,2810.0,2834.0,52600.0,2834.0,2798.0,2798.2,2788.2,2745.04,2591.47,False,False,False,False,False,False,True,True,True,False,False,-0.0063514467184191,-0.0483415666901905,,,0.0161609033168666,0.0313902611150317,-0.0744530698659139,0.0920959774170783,0.0009568773739787,0.0999928525480666,2715.0,2748.0,0.631452581032413,0.0010329244673981,0.0008031483554971,7.687387341228237e-05
2019-07-05,2845.0,2852.0,2808.0,2812.0,54600.0,2812.0,2810.6,2797.8,2791.4,2747.9733333333334,2592.74,False,False,False,False,False,False,True,True,False,False,False,-0.0152916073968705,-0.0501422475106685,,,0.0073257467994309,0.022769084874348,-0.0729018492176386,0.1077524893314367,0.0010674533474366,0.1021159482450496,2708.0,2731.0,1.038022813688213,0.0011463781614961,0.0001134536940979,0.0001105759734579
2019-07-08,2806.0,2825.0,2790.0,2790.0,58500.0,2790.0,2808.2,2795.5,2796.56,2751.1066666666666,2593.79,False,False,False,False,False,False,True,True,False,False,False,-0.0100358422939068,-0.028673835125448,,,-0.0023512544802867,0.0139402628434886,-0.0555555555555555,0.1129032258064516,0.0011389356040962,0.1039170094795206,2723.0,2733.0,1.0714285714285714,0.0018451240094973,0.0006987458480012,7.148225665956848e-05
2019-07-09,2807.0,2829.0,2782.0,2796.0,75000.0,2796.0,2806.8,2794.0,2802.84,2753.9733333333334,2595.08,False,False,False,False,False,False,True,True,False,False,False,-0.0211015736766809,-0.0271816881258941,,,-0.0024463519313305,0.0150309966618979,-0.0586552217453505,0.1641630901287553,0.0010409202703488,0.1096993557623478,2817.0,2752.0,1.2820512820512822,0.0022405845499565,0.0003954605404592,-9.801533374742195e-05
2019-07-10,2785.0,2812.0,2773.0,2803.0,72400.0,2803.0,2807.0,2796.7,2806.8,2755.9066666666668,2596.245,False,False,False,False,False,False,True,True,False,True,False,-0.0424545130217624,-0.0281840884766321,,,-0.0013556903317874,0.0168010464977999,-0.0431680342490189,0.2236889047449161,0.000701523515552,0.1215003396860586,2739.0,2727.0,0.9653333333333334,0.0014108593415989,-0.0008297252083575,-0.0003393967547967
2019-07-11,2804.0,2850.0,2802.0,2816.0,86000.0,2816.0,2803.4,2800.7,2809.96,2757.9333333333334,2597.4,False,False,False,True,True,False,True,True,False,True,False,-0.0422585227272727,-0.0205965909090909,,,0.0021448863636363,0.0206202651515151,-0.0245028409090909,0.2215909090909091,0.0007348497667335,0.1327525261541758,2731.0,2737.0,1.1878453038674033,0.0011245711682728,-0.0002862881733261,3.332625118146297e-05
2019-07-12,2816.0,2818.0,2762.0,2769.0,67200.0,2769.0,2794.8,2802.7,2810.0,2758.5066666666667,2598.35,False,False,False,False,False,False,True,True,False,True,False,-0.0353918382087396,-0.008667388949079,,,-0.0148067894546767,0.0037895750571806,-0.0021668472372697,0.2369086312748284,0.0002078419241328,0.1453241517108503,2807.0,2714.0,0.7813953488372093,1.4234875444826913e-05,-0.0011103362928279,-0.0005270078426006
2019-07-16,2773.0,2779.0,2738.0,2762.0,48400.0,2762.0,2789.2,2798.7,2809.0,2759.773333333333,2599.525,False,False,False,False,False,False,False,True,False,True,False,-0.0188269370021723,-0.0119478638667632,,,-0.0170166545981173,0.0008061790972725,-0.000362056480811,0.2490948587979725,0.0004589748916576,0.160002858470004,2806.0,2702.0,0.7202380952380952,-0.0003559985760056,-0.0003702334514505,0.0002511329675248
2019-07-17,2735.0,2743.0,2716.0,2737.0,93700.0,2737.0,2777.4,2792.1,2806.6,2761.4666666666667,2600.43,False,False,False,False,False,False,False,True,False,True,False,-0.0062111801242236,0.0343441724515893,,,-0.0254293021556448,-0.008939227865059,0.0036536353671903,0.2641578370478626,0.0006132007145962,0.1759965617277318,2829.0,2738.0,1.9359504132231404,-0.000855127200171,-0.0004991286241653,0.0001542258229385
2019-07-18,2738.0,2747.0,2678.0,2684.0,77800.0,2684.0,2753.6,2780.3,2800.8,2761.4666666666667,2601.095,False,False,False,False,False,False,False,False,False,True,False,0.014903129657228,0.0380029806259314,,,-0.0435171385991058,-0.0288623944361649,0.0245901639344262,0.2518628912071535,0.0,0.1917778656979462,2836.0,2729.0,0.8303094983991463,-0.0020708369037416,-0.0012157097035706,-0.0006132007145962
2019-07-19,2676.0,2704.0,2675.0,2697.0,74300.0,2697.0,2729.8,2766.6,2796.36,2761.2,2602.0,False,False,False,False,False,False,False,False,False,False,False,0.0226177233963663,0.0025954764553207,,,-0.0368409343715239,-0.0238042269187985,0.0081572117167222,0.2476826103077493,-9.657636776288532e-05,0.2074387334634569,2841.0,2721.0,0.9550128534704372,-0.0015877783976312,0.0004830585061104,-9.657636776288532e-05
2019-07-22,2696.0,2710.0,2670.0,2671.0,47900.0,2671.0,2710.2,2752.5,2790.2,2761.2533333333336,2602.34,False,False,False,False,False,False,False,True,False,True,False,0.0277049794084612,-0.0325720703856233,,,-0.0446274803444402,-0.0337900911019594,0.0224634968176712,0.2523399475851741,1.93149004801224e-05,0.2219800181653042,2837.0,2660.0,0.6446837146702558,-0.0022077270446564,-0.0006199486470251,0.000115891268243
2019-07-23,2662.0,2722.0,2660.0,2710.0,95500.0,2710.0,2699.8,2744.5,2785.4,2761.72,2603.055,False,False,False,False,False,False,False,True,False,False,False,0.0070110701107011,-0.0420664206642066,,,-0.0278228782287823,-0.0190848708487084,-0.0029520295202952,0.2195571955719557,0.0001689768212078,0.2328292949535434,2846.0,2668.0,1.9937369519832984,-0.0017232713434335,0.0004844557012228,0.0001496619207277
2019-07-24,2710.0,2728.0,2694.0,2720.0,79500.0,2720.0,2696.4,2736.9,2781.08,2761.6,2603.645,False,False,False,False,False,False,False,False,False,False,False,0.0408088235294117,-0.0547794117647058,,,-0.0224558823529411,-0.0152941176470587,-0.0033088235294117,0.213235294117647,-4.345307068362213e-05,0.2378968906426979,2855.0,2680.0,0.8324607329842932,-0.0015533533735096,0.0001699179699238,-0.0002124298918915
2019-07-25,2739.0,2747.0,2724.0,2724.0,59800.0,2724.0,2704.4,2729.0,2774.08,2761.8,2604.03,False,False,False,False,False,False,False,True,False,True,False,0.0227606461086637,-0.0473568281938326,,,-0.0183847283406754,-0.0138766519823789,0.0187224669603524,0.2444933920704846,7.241653993782056e-05,0.240014657383657,2786.0,2687.0,0.7522012578616353,-0.0025233590956281,-0.0009700057221184,0.0001158696106214
2019-07-26,2720.0,2761.0,2719.0,2758.0,90300.0,2758.0,2716.6,2723.2,2769.24,2761.9333333333334,2604.52,False,False,False,False,False,False,False,True,False,False,False,-0.0195794053662073,-0.0489485134155184,,,-0.0040754169688179,-0.0014261542180324,0.0087019579405366,0.2454677302393038,4.827536266861814e-05,0.2424720916568743,2762.0,2679.0,1.5100334448160535,-0.0017477719518713,0.0007755871437567,-2.414117726920242e-05
2019-07-29,2743.0,2754.0,2724.0,2745.0,57800.0,2745.0,2731.4,2720.8,2766.4,2762.12,2604.99,False,False,False,False,False,False,False,True,False,False,False,-0.0586520947176684,-0.0502732240437158,,,-0.0077959927140255,-0.0062367941712203,0.0134790528233151,0.2750455373406193,6.758094024390574e-05,0.2463246104087032,2732.0,2699.0,0.6400885935769657,-0.0010266049739732,0.000721166977898,1.93055775752876e-05
2019-07-30,2740.0,2767.0,2723.0,2729.0,88200.0,2729.0,2735.2,2717.5,2763.04,2762.0666666666666,2605.465,False,False,False,False,False,False,False,False,False,True,False,-0.0487358006595822,-0.0344448515939904,,,-0.0124734334921216,-0.0121167704898008,0.0241846830340784,0.2788567240747526,-1.9309212908191268e-05,0.249310027598896,2661.0,2677.0,1.5259515570934257,-0.0012160518848804,-0.0001894469109071,-8.6890153152097e-05
2019-07-31,2705.0,2841.0,2701.0,2831.0,286000.0,2831.0,2757.4,2726.9,2763.84,2763.12,2606.675,False,False,False,False,True,False,True,True,False,False,True,-0.0918403391027905,-0.0702931826209819,,,0.0237230660543976,0.0239773931472978,0.0042387848816672,0.2398445778876722,0.0003812115772508,0.24683706773259,2639.0,2745.0,3.242630385487528,0.0002894523561422,0.0015055042410227,0.000400520790159
2019-08-01,2807.0,2847.0,2783.0,2786.0,161400.0,2786.0,2769.8,2737.1,2764.24,2763.9066666666668,2607.76,False,False,False,False,False,False,True,True,False,True,False,-0.0685570710696338,-0.037329504666188,,,0.0078104809763102,0.0079301268245991,0.0096913137114142,0.2383345297918162,0.000284621284848,0.2454787914215776,2704.0,2774.0,0.5643356643356643,0.0001447052354352,-0.0001447471207069,-9.659029240273242e-05
2019-08-02,2726.0,2750.0,2689.0,2704.0,126400.0,2704.0,2759.0,2737.8,2761.36,2763.4666666666667,2608.42,False,False,True,False,False,False,False,False,False,True,False,-0.0299556213017751,0.0159023668639053,,,-0.0212130177514793,-0.0219921104536489,0.044378698224852,0.264792899408284,-0.000159220303001,0.2471692599897727,2737.0,2715.0,0.7831474597273854,-0.0010429643364138,-0.0011876695718491,-0.0004438415878491
2019-08-05,2687.0,2695.0,2581.0,2584.0,153700.0,2584.0,2726.8,2729.1,2754.76,2761.733333333333,2608.33,False,False,False,False,False,False,False,False,False,True,False,0.0089009287925696,0.0692724458204334,,,-0.0660835913312694,-0.0687822497420019,0.0847523219814241,0.3273993808049535,-0.0006276251629412,0.2542596460371552,2768.0,2708.0,1.2159810126582278,-0.0023958529962682,-0.0013528886598544,-0.0004684048599401
2019-08-06,2534.0,2600.0,2513.0,2596.0,116200.0,2596.0,2700.2,2717.7,2746.52,2760.32,2608.28,False,False,False,False,False,False,False,False,False,True,False,0.0150231124807395,0.0635593220338983,,,-0.0579815100154083,-0.0632973805855162,0.0808936825885978,0.3231895223420647,-0.0005120179302881,0.2643043750229975,2787.0,2723.0,0.7560182173064411,-0.0030001602027293,-0.0006043072064611,0.000115607232653
2019-08-07,2565.0,2592.0,2534.0,2571.0,64200.0,2571.0,2648.2,2702.8,2737.24,2758.093333333333,2608.23,False,False,False,False,False,False,False,False,False,True,False,0.0237261765849863,0.0684558537534033,,,-0.0646596654998054,-0.0727706469596782,0.101516919486581,0.3341112407623492,-0.0008073209995313,0.2760840609738048,2797.0,2817.0,0.5524956970740104,-0.003390276336748,-0.0003901161340186,-0.0002953030692431
2019-08-08,2577.0,2617.0,2571.0,2595.0,52900.0,2595.0,2610.0,2689.9,2728.96,2756.306666666667,2608.5,False,False,False,False,False,False,False,False,False,False,False,0.0335260115606936,0.0597302504816955,,,-0.0516223506743738,-0.0621605651894669,0.1017341040462427,0.3179190751445087,-0.0006482104071629,0.2833190824937729,2829.0,2739.0,0.82398753894081,-0.0030341228893057,0.0003561534474423,0.0001591105923683
2019-08-09,2616.0,2658.0,2616.0,2623.0,65000.0,2623.0,2593.8,2676.4,2720.52,2755.0,2609.315,False,False,False,False,False,False,False,False,False,True,False,0.0472741136103698,0.0365993137628669,,,-0.0371788028974456,-0.050324056423942,0.0953107129241326,0.3133816240945482,-0.0004742891712039,0.2901658944851292,2808.0,2731.0,1.2287334593572778,-0.003102348080514,-6.822519120831686e-05,0.000173921235959
2019-08-13,2621.0,2633.0,2583.0,2607.0,98000.0,2607.0,2598.4,2662.6,2712.32,2754.293333333333,2610.2,False,False,False,False,False,False,False,False,False,False,False,0.0598388952819332,0.0475642500958956,,,-0.0403989259685462,-0.056499168904232,0.1196777905638665,0.3291139240506329,-0.0002565691381214,0.2955381957485165,2825.0,2807.0,1.5076923076923077,-0.0030232420953279,7.91059851861218e-05,0.0002177200330825
2019-08-14,2611.0,2638.0,2601.0,2635.0,81400.0,2635.0,2606.2,2653.2,2706.12,2753.853333333333,2611.41,False,False,False,False,False,False,False,False,False,False,False,0.0478178368121442,0.025426944971537,,,-0.0269905123339658,-0.0451056293485134,0.1404174573055028,0.3624288425047438,-0.0001597761197643,0.3038971807628525,2830.0,2806.0,0.8306122448979592,-0.0022911031292035,0.0007321389661243,9.679301835710402e-05
2019-08-15,2551.0,2641.0,2551.0,2632.0,112300.0,2632.0,2618.4,2633.3,2699.56,2753.213333333333,2612.545,False,False,False,False,False,False,False,False,False,True,False,0.043693009118541,0.030015197568389,,,-0.0256686930091185,-0.0460536980749746,0.1325987841945288,0.3563829787234042,-0.0002324556518201,0.3160293168267952,2828.0,2829.0,1.3796068796068797,-0.0024300256338069,-0.0001389225046034,-7.267953205580409e-05
2019-08-16,2629.0,2697.0,2620.0,2682.0,128500.0,2682.0,2635.8,2622.9,2694.72,2753.1466666666665,2613.795,False,False,False,False,False,False,False,False,False,False,False,0.0253542132736763,0.0346756152125279,,,-0.0047427293064876,-0.0265274670643797,0.104772557792692,0.3366890380313199,-2.42147167362216e-05,0.3263944488924472,2899.0,2836.0,1.1442564559216384,-0.0017961049756561,0.0006339206581508,0.0002082409350839
2019-08-19,2707.0,2751.0,2692.0,2747.0,123400.0,2747.0,2660.6,2627.2,2691.96,2754.0533333333333,2615.55,False,False,False,False,True,False,False,True,False,False,False,-0.010192937750273,0.0127411721878412,,,0.0200364033491081,-0.0025676495570925,0.0819075354932653,0.3050600655260284,0.0003292117315569,0.330503958587089,2879.0,2841.0,0.9603112840466926,-0.0010252752641197,0.0007708297115364,0.0003534264482931
2019-08-20,2751.0,2779.0,2747.0,2763.0,78000.0,2763.0,2691.8,2645.1,2691.72,2754.9066666666668,2617.585,False,False,False,False,False,False,False,True,False,False,False,-0.0115816141874773,0.0068765834238146,,,0.0257980456026059,0.0029291832549161,0.0810712993123416,0.3119797321751719,0.0003097503605688,0.3288722543571132,2816.0,2837.0,0.6320907617504052,-8.916232000365435e-05,0.000936112944116,-1.9461370988084297e-05
2019-08-21,2736.0,2785.0,2734.0,2761.0,109300.0,2761.0,2717.0,2661.6,2691.68,2756.026666666666,2619.535,False,False,False,False,False,False,False,True,False,False,False,-0.0213690691778341,0.0123143788482433,,,0.0251068453458892,0.0018012797295667,0.0804056501267656,0.2911988409996378,0.000406382134667,0.3255184851217313,2813.0,2846.0,1.4012820512820512,-1.4860607501621152e-05,7.43017125020332e-05,9.663177409826672e-05
2019-08-22,2758.0,2771.0,2728.0,2747.0,104000.0,2747.0,2740.0,2679.2,2692.08,2756.0533333333333,2621.37,False,False,False,False,False,False,True,True,False,False,False,-0.0131052056789224,0.0349472151437932,,,0.0199927193301784,-0.0032957165392549,0.066982162358937,0.2977793957044048,9.675671491757715e-06,0.3218498059122127,2811.0,2855.0,0.9515096065873742,0.0001485839945321,0.0001634446020337,-0.0003967064631753
2019-08-23,2740.0,2767.0,2728.0,2750.0,63000.0,2750.0,2753.6,2694.7,2694.72,2755.733333333333,2622.94,False,False,False,False,False,False,True,False,False,False,False,0.009090909090909,0.0229090909090909,,,0.0201018181818182,-0.0020848484848484,0.0723636363636363,0.2981818181818181,-0.0001161215405458,0.3198129661928972,2776.0,2786.0,0.6057692307692307,0.000979693623085,0.0008311096285529,-0.0001257972120375
2019-08-26,2673.0,2734.0,2673.0,2719.0,71700.0,2719.0,2748.0,2704.3,2695.6,2755.786666666667,2624.755,False,False,False,False,False,False,True,True,False,True,False,0.0231702831923501,0.0386171386539168,,,0.00860610518573,-0.0135294838788771,0.0974623023170283,0.3166605369621184,1.935321553690885e-05,0.320119809192767,2776.0,2762.0,1.138095238095238,0.0003264579314438,-0.0006532356916412,0.0001354747560827
2019-08-27,2748.0,2755.0,2728.0,2731.0,51500.0,2731.0,2741.6,2716.7,2698.0,2756.093333333333,2626.845,False,False,False,False,False,False,True,True,False,False,False,0.0186744782131087,0.0263639692420358,,,0.0120834859025997,-0.0091883315025019,0.0944708897839619,0.3090443061149762,0.0001112686072554,0.3181433356645932,2749.0,2732.0,0.7182705718270572,0.0008895478131949,0.0005630898817511,9.191539171850573e-05
2019-08-28,2727.0,2738.0,2686.0,2702.0,123700.0,2702.0,2729.8,2723.4,2697.68,2755.813333333333,2628.405,False,False,False,False,False,False,False,False,False,True,False,0.0344189489267209,0.0384900074019245,,,0.00159881569208,-0.019916111522329,0.1121391561806069,0.3212435233160621,-0.0001016033983916,0.314166115884556,2802.0,2661.0,2.4019417475728155,-0.0001186204442336,-0.0010081682574286,-0.000212872005647
2019-08-29,2747.0,2751.0,2689.0,2711.0,118500.0,2711.0,2722.6,2731.3,2697.32,2754.4,2629.67,False,False,False,False,False,False,False,False,False,True,False,0.0486905201032829,0.0446329767613426,,,0.0050461084470674,-0.0160088528218369,0.1213574326816672,0.316857248247879,-0.000513118404492,0.3103650276425144,2803.0,2639.0,0.957962813257882,-0.000133465810508,-1.4845366274462418e-05,-0.0004115150061003
2019-08-30,2754.0,2783.0,2729.0,2775.0,102300.0,2775.0,2727.6,2740.6,2699.36,2754.88,2631.235,False,False,False,False,False,False,True,True,False,False,False,0.0136936936936936,0.0302702702702702,,,0.0272576576576576,0.0072504504504504,0.1045045045045045,0.29009009009009,0.0001742362643744,0.3057359702254981,2802.0,2704.0,0.8632911392405064,0.0007557346926678,0.0008892005031759,0.0006873546688665
2019-09-02,2824.0,2861.0,2773.0,2782.0,130400.0,2782.0,2740.2,2744.1,2700.32,2755.56,2632.32,False,False,False,False,False,False,True,True,False,True,False,0.01509705248023,0.0327102803738317,,,0.0293601725377425,0.0095039539899353,0.117900790797987,0.2886412652767793,0.000246773795526,0.3040705513647462,2834.0,2737.0,1.2746823069403714,0.0003555134206316,-0.0004002212720362,7.253753115157846e-05
2019-09-03,2783.0,2792.0,2762.0,2782.0,88000.0,2782.0,2750.4,2746.0,2701.8,2755.2266666666665,2633.51,False,False,False,False,False,False,True,False,False,False,False,0.007548526240115,0.0492451473759885,,,0.0288281811646296,0.0096237718667625,0.0999281092739036,0.324586628324946,-0.0001209821817443,0.3053532410779315,2812.0,2768.0,0.6748466257668712,0.0005477829595084,0.0001922695388768,-0.0003677559772704
2019-09-04,2762.0,2824.0,2752.0,2795.0,93700.0,2795.0,2769.0,2749.4,2704.44,2755.08,2635.005,False,False,False,False,False,False,True,False,False,False,False,0.0039355992844364,0.0751341681574239,,,0.0324007155635062,0.0142826475849731,0.1019677996422182,0.3452593917710196,-5.32349937811364e-05,0.3108314541354477,2790.0,2787.0,1.0647727272727272,0.0009761725163064,0.0004283895567979,6.774718796319133e-05
2019-09-05,2814.0,2853.0,2806.0,2843.0,110700.0,2843.0,2795.4,2759.0,2704.92,2755.266666666667,2636.77,False,False,False,False,False,False,True,True,False,True,False,-0.0038691523039043,0.0485402743580724,,,0.0485684136475553,0.0308594207996247,0.0939148786493141,0.3225466056982061,6.774903820572175e-05,0.3133381660021747,2796.0,2797.0,1.1814300960512274,0.0001774544163967,-0.0007987180999096,0.0001209840319868
2019-09-06,2831.0,2846.0,2792.0,2813.0,50600.0,2813.0,2803.0,2765.3,2706.0,2754.96,2638.17,False,False,False,False,False,False,True,False,False,False,False,0.016352648418059,0.0533238535371489,,,0.0380376821898329,0.0206327763953074,0.0913615357269818,0.3757554212584429,-0.0001113143808501,0.3211948070733735,2803.0,2829.0,0.4570912375790424,0.0003991130820398,0.000221658665643,-0.0001790634190558
2019-09-09,2819.0,2836.0,2811.0,2824.0,64500.0,2824.0,2811.4,2775.8,2710.8,2754.733333333333,2639.555,False,False,False,False,False,False,True,False,True,False,False,0.0173512747875354,0.0524079320113314,,,0.0400849858356939,0.0245278564683664,0.0906515580736544,0.3703966005665722,-8.228261658729772e-05,0.3266445709345053,2816.0,2808.0,1.274703557312253,0.0017706949977866,0.0013715819157468,2.9031764262820795e-05
2019-09-10,2820.0,2837.0,2795.0,2803.0,116100.0,2803.0,2815.6,2783.0,2719.56,2754.28,2640.92,False,False,False,False,False,False,True,False,False,False,False,0.0413842311808776,0.065643952907599,,,0.0297681056011416,0.0173813770959685,0.088119871566179,0.3931501962183375,-0.0001645923193476,0.3350700682716493,2769.0,2825.0,1.8,0.003221109297092,0.0014504142993053,-8.23097027603797e-05
2019-09-11,2787.0,2810.0,2776.0,2806.0,139800.0,2806.0,2817.8,2793.4,2727.96,2753.7466666666664,2642.085,False,False,False,False,False,False,True,False,False,True,False,0.070919458303635,0.0630791161796151,,,0.0278118317890235,0.0186220004751723,0.0994297933000712,0.4326443335709194,-0.0001936755257081,0.3462089210281377,2762.0,2830.0,1.2041343669250646,0.003079224035543,-0.000141885261549,-2.9083206360481823e-05
2019-09-12,2818.0,2848.0,2810.0,2832.0,86600.0,2832.0,2815.6,2805.5,2738.4,2753.44,2643.68,False,False,False,False,False,False,True,False,False,False,False,0.0526129943502824,0.034957627118644,,,0.033050847457627,0.0277401129943502,0.0911016949152542,0.4000706214689266,-0.0001113758304761,0.3544822669755836,2737.0,2828.0,0.6194563662374821,0.0038124452234881,0.0007332211879451,8.229969523195938e-05
2019-09-13,2833.0,2859.0,2811.0,2859.0,161900.0,2859.0,2824.8,2813.9,2748.96,2754.4133333333334,2645.575,False,False,False,False,False,False,True,True,False,False,False,0.0363763553690101,0.0314795383001049,,,0.0384889821615949,0.0365815553223737,0.0703043022035676,0.4060860440713536,0.0003533722849632,0.3660755535022566,2684.0,2899.0,1.869515011547344,0.003841452767592,2.9007544103899253e-05,0.0004647481154394
2019-09-17,2840.0,2880.0,2803.0,2873.0,87400.0,2873.0,2834.6,2823.0,2758.96,2755.893333333333,2647.335,True,True,False,False,False,False,True,True,False,True,False,0.0344587539157674,0.0386355725722241,,,0.0396936999651931,0.0407611091773989,0.0772711451444483,0.4027149321266968,0.0005370309445937,0.3774353524619199,2697.0,2879.0,0.5398394070413836,0.0036245541798358,-0.0002168985877562,0.0001836586596304
2019-09-18,2890.0,2944.0,2883.0,2919.0,136700.0,2919.0,2857.8,2836.7,2771.44,2758.3866666666668,2649.375,False,False,False,False,False,False,True,True,False,False,False,0.0232956491949297,0.0239808153477218,,,0.0505515587529975,0.0550234098435536,0.0671462829736211,0.4114422747516272,0.0009039100150331,0.3861176719427505,2671.0,2816.0,1.5640732265446224,0.0045030742141269,0.000878520034291,0.0003668790704393
2019-09-19,2940.0,3035.0,2928.0,3005.0,133900.0,3005.0,2897.6,2857.7,2786.24,2762.9733333333334,2651.755,False,False,False,False,False,False,True,True,False,False,False,-0.0073211314475873,0.0,,,0.0727986688851914,0.0805413200221852,0.0332778702163061,0.3777038269550749,0.001660047388562,0.3892291003254366,2710.0,2813.0,0.9795171909290415,0.0053118180774088,0.0008087438632819,0.0007561373735289
2019-09-20,3005.0,3020.0,2974.0,2981.0,156100.0,2981.0,2927.4,2871.5,2800.2,2767.5333333333333,2654.3,False,False,False,False,False,False,True,True,False,True,False,-0.0167728950016772,0.0197920161019792,,,0.0606507883260651,0.0716090797271609,0.0919154646091915,0.3820865481382086,0.0016476766314166,0.3950896743862093,2720.0,2811.0,1.1657953696788648,0.0049853581887008,-0.000326459888708,-1.2370757145406964e-05
2019-09-24,2953.0,3020.0,2953.0,2963.0,127500.0,2963.0,2948.2,2886.5,2811.44,2770.9866666666667,2656.825,False,False,False,False,False,False,True,True,False,True,False,-0.0047249409382382,0.0344245696928788,,,0.0511508606142423,0.0648036899538755,0.1576105298683766,0.3837327033412082,0.0012462468242359,0.3958080720595877,2724.0,2776.0,0.8167841127482383,0.0039979512278406,-0.0009874069608601,-0.0004014298071807
2019-09-25,2954.0,2994.0,2931.0,2972.0,131300.0,2972.0,2968.0,2901.3,2820.44,2774.12,2659.255,False,False,False,False,False,False,True,True,False,True,False,0.0040376850605652,0.0464333781965006,,,0.0509959623149394,0.0665814266487214,0.1574697173620457,0.3778600269179004,0.0011294873088883,0.3964429738393133,2758.0,2776.0,1.0298039215686274,0.0031909914765072,-0.0008069597513334,-0.0001167595153476
2019-09-26,2987.0,3005.0,2958.0,2987.0,209300.0,2987.0,2981.6,2919.7,2829.4,2777.04,2661.595,False,False,False,False,False,False,True,True,False,True,False,0.000669568128557,0.0244392366923334,,,0.0527619685302979,0.0702912621359223,0.1466354201540006,0.4060930699698694,0.0010514792728949,0.3977463438024455,2745.0,2749.0,1.594059405940594,0.003166749134092,-2.424234241516508e-05,-7.800803599339345e-05
2019-09-27,2985.0,2986.0,2945.0,2983.0,142100.0,2983.0,2977.2,2937.4,2838.28,2779.653333333333,2663.775,False,False,False,False,False,False,True,True,False,True,False,0.00737512571237,0.0325175997318136,,,0.0485149178679181,0.0681685104480948,0.1565538048944016,0.4113308749580959,0.0009401652004566,0.3957921971811806,2729.0,2802.0,0.6789297658862876,0.0031286553828375,-3.809375125451509e-05,-0.0001113140724382
2019-09-30,2924.0,2967.0,2907.0,2931.0,102600.0,2931.0,2967.2,2947.3,2845.64,2781.44,2665.69,False,False,False,False,False,False,True,True,False,True,False,0.0371886728079153,0.0610713067212555,,,0.0291231661548959,0.0510269532582736,0.1804844762879563,0.4500170590242238,0.0006423531216444,0.4007735893868964,2831.0,2803.0,0.7220267417311752,0.0025864128983285,-0.0005422424845089,-0.0002978120788121
2019-10-01,2926.0,2969.0,2914.0,2949.0,107200.0,2949.0,2964.4,2956.3,2853.6,2783.04,2667.66,False,False,False,False,False,False,True,True,False,False,False,0.0393353679213292,0.0410308579179382,,,0.0323499491353001,0.0562767039674466,0.1393692777212614,0.4699898270600203,0.0005749108888122,0.4071643608564759,2786.0,2802.0,1.044834307992203,0.002789458929072,0.0002030460307435,-6.744223283229231e-05
2019-10-02,2932.0,2991.0,2925.0,2984.0,102600.0,2984.0,2966.8,2967.4,2864.2,2785.3866666666668,2669.94,False,False,False,False,False,False,True,True,False,False,False,0.042225201072386,0.032171581769437,,,0.0401474530831099,0.0665594280607685,0.127680965147453,0.439343163538874,0.0008424922452418,0.4108310305317786,2704.0,2834.0,0.957089552238806,0.0037008588785699,0.0009113999494978,0.0002675813564296
2019-10-03,2940.0,2996.0,2932.0,2989.0,130600.0,2989.0,2967.2,2974.4,2874.52,2787.5733333333333,2672.14,False,False,False,False,False,False,True,True,False,True,False,0.0237537638006022,0.0204081632653061,,,0.0383004349280695,0.0673893163822906,0.1191033790565406,0.405152224824356,0.0007844337727437,0.4102003765465303,2584.0,2812.0,1.2729044834307992,0.0035901646187885,-0.0001106942597813,-5.805847249814818e-05
2019-10-04,2968.0,3010.0,2952.0,3005.0,105800.0,3005.0,2971.6,2974.4,2886.64,2789.9066666666668,2674.575,False,False,False,False,False,False,True,True,False,False,False,0.0249584026622296,0.0266222961730449,,,0.03938768718802,0.0715784803105934,0.0998336106489184,0.3810316139767055,0.0008363481693533,0.4105365788058095,2596.0,2790.0,0.8101071975497703,0.0041986531053404,0.0006084884865518,5.191439660965453e-05
2019-10-07,3005.0,3070.0,3005.0,3040.0,97300.0,3040.0,2993.4,2980.3,2899.8,2792.733333333333,2677.155,False,False,False,False,False,False,True,True,False,False,False,0.0230263157894736,0.0164473684210526,,,0.0461184210526315,0.0813377192982456,0.0855263157894736,0.3059210526315789,0.0010121505812703,0.4027111364627721,2571.0,2796.0,0.9196597353497163,0.0045382440168288,0.0003395909114884,0.0001758024119169
2019-10-08,3040.0,3080.0,3030.0,3065.0,144300.0,3065.0,3016.6,2990.5,2911.4,2794.9466666666667,2679.98,False,False,False,False,False,False,True,True,False,True,False,0.0016313213703099,-0.0016313213703099,,,0.0501141924959216,0.0881087547580206,0.1060358890701468,0.3425774877650897,0.0007919053911584,0.3984283564621301,2595.0,2803.0,1.4830421377183969,0.0039843374321631,-0.0005539065846656,-0.0002202451901119
2019-10-09,3065.0,3115.0,3060.0,3110.0,104800.0,3110.0,3041.8,3004.3,2924.52,2798.026666666666,2682.98,False,False,False,False,False,False,True,True,False,False,False,-0.0096463022508038,-0.0048231511254019,,,0.0596398713826366,0.1003129689174706,0.1045016077170418,0.3408360128617363,0.0011007757848386,0.3945012149252737,2623.0,2816.0,0.7262647262647263,0.0044862062834242,0.000501868851261,0.0003088703936802
2019-10-10,3095.0,3110.0,2973.0,3060.0,247300.0,3060.0,3056.0,3011.6,2935.64,2801.28,2685.985,False,False,False,False,False,False,True,True,False,True,False,-0.0032679738562091,0.0179738562091503,,,0.040640522875817,0.084549019607843,0.1437908496732026,0.3709150326797386,0.0011613738481458,0.3909549741001461,2607.0,2769.0,2.359732824427481,0.0037879304001852,-0.0006982758832389,6.059806330720153e-05
2019-10-11,3085.0,3090.0,3045.0,3080.0,97800.0,3080.0,3071.0,3021.3,2947.04,2804.84,2689.365,False,False,False,False,False,False,True,True,False,False,False,0.0016233766233766,0.0081168831168831,,,0.0431688311688311,0.0893376623376622,0.1331168831168831,0.3652597402597403,0.0012692346087477,0.3863237679144738,2635.0,2762.0,0.3954710877476748,0.003868288180683,8.035778049774941e-05,0.0001078607606018
2019-10-15,3110.0,3140.0,3100.0,3110.0,98500.0,3110.0,3085.0,3039.2,2957.72,2808.826666666667,2692.765,False,False,False,False,False,False,True,True,False,True,False,-0.0064308681672025,0.0466237942122186,,,0.0489646302250804,0.096840300107181,0.1286173633440514,0.3504823151125402,0.0014193352384388,0.3765135561989998,2632.0,2737.0,1.007157464212679,0.0036108894689151,-0.0002573987117678,0.0001501006296911
2019-10-16,3090.0,3130.0,3055.0,3070.0,128600.0,3070.0,3086.0,3051.3,2968.0,2812.7466666666664,2695.68,False,False,False,False,False,False,True,True,False,True,False,-0.003257328990228,0.1172638436482084,,,0.0332247557003257,0.0837958740499457,0.1237785016286645,0.3729641693811075,0.0013936555490243,0.3671222102054861,2682.0,2684.0,1.3055837563451778,0.0034636118598383,-0.0001472776090768,-2.5679689414525057e-05
2019-10-17,3065.0,3100.0,3060.0,3080.0,112600.0,3080.0,3080.0,3060.9,2978.24,2816.8,2698.705,False,False,False,False,False,False,True,True,False,True,False,0.0048701298701298,0.1168831168831168,,,0.0330389610389611,0.0854545454545454,0.1103896103896103,0.3636363636363636,0.0014389851367984,0.3597307981312685,2747.0,2697.0,0.8755832037325039,0.0034382722681851,-2.5339591653178364e-05,4.532958777409696e-05
2019-10-18,3075.0,3095.0,3020.0,3050.0,137100.0,3050.0,3078.0,3067.0,2988.12,2820.813333333333,2701.715,False,False,False,False,False,False,True,True,False,True,False,0.021311475409836,0.1229508196721311,,,0.0202885245901639,0.0751431693989072,0.1245901639344262,0.3885245901639344,0.0014227575025641,0.3581675904792957,2763.0,2671.0,1.2175843694493784,0.0033064267833956,-0.0001318454847895,-1.622763423429546e-05
2019-10-21,3055.0,3090.0,3045.0,3085.0,74600.0,3085.0,3079.0,3075.0,2999.28,2824.5866666666666,2704.955,False,False,False,False,False,False,True,True,False,False,False,0.006482982171799,0.1183144246353322,,,0.0277860615883305,0.0844127498649379,0.1134521880064829,0.366288492706645,0.001335888672797,0.3567479674796748,2761.0,2710.0,0.5441283734500365,0.0037208930143235,0.0004144662309279,-8.686882976707009e-05
2019-10-23,3085.0,3090.0,3040.0,3090.0,83900.0,3090.0,3075.0,3080.0,3009.6,2828.4133333333334,2707.94,False,False,False,False,False,False,True,True,False,True,False,0.0533980582524271,0.1197411003236245,,,0.0260194174757281,0.084655879180151,0.1100323624595469,0.3689320388349514,0.0013529375715949,0.3629870129870129,2747.0,2720.0,1.1246648793565683,0.0034290271132375,-0.0002918659010859,1.7048898797929722e-05
2019-10-24,3050.0,3075.0,3030.0,3060.0,85300.0,3060.0,3073.0,3079.5,3017.64,2831.853333333333,2711.045,False,False,False,False,False,False,True,True,False,True,False,0.1209150326797385,0.0980392156862745,,,0.013843137254902,0.0745577342047931,0.1176470588235294,0.4133986928104575,0.0012147521764308,0.3700276018834226,2750.0,2724.0,1.0166865315852205,0.0026643337177396,-0.0007646933954978,-0.0001381853951641
2019-10-25,3080.0,3100.0,3065.0,3095.0,62900.0,3095.0,3076.0,3078.0,3026.52,2835.333333333333,2714.73,False,False,False,False,False,False,True,True,False,False,False,0.1114701130856219,0.0872374798061389,,,0.0221260096930533,0.083898761443188,0.1130856219709208,0.3505654281098546,0.0012273689160592,0.3710201429499675,2719.0,2758.0,0.7373974208675264,0.0029340628841045,0.0002697291663648,1.2616739628417122e-05
2019-10-28,3100.0,3125.0,3085.0,3115.0,128000.0,3115.0,3089.0,3083.5,3034.36,2839.373333333333,2719.195,False,False,False,False,False,False,True,True,False,True,False,0.0995184590690208,0.0738362760834671,,,0.0258876404494381,0.0884836811128947,0.1123595505617977,0.3531300160513643,0.0014228491732917,0.3692232852278255,2731.0,2745.0,2.034976152623212,0.0025837408876995,-0.0003503219964049,0.0001954802572324
2019-10-29,3145.0,3155.0,3045.0,3105.0,258100.0,3105.0,3093.0,3086.0,3038.36,2843.5733333333333,2723.25,False,False,False,False,False,False,True,True,False,True,False,0.1111111111111111,0.0644122383252818,,,0.0214621578099838,0.0841953837895867,0.1561996779388083,0.359098228663446,0.0014770148357935,0.368600129617628,2702.0,2729.0,2.01640625,0.0013164996906225,-0.001267241197077,5.416566250181112e-05
2019-10-30,3200.0,3290.0,3120.0,3255.0,427900.0,3255.0,3126.0,3100.5,3049.32,2849.693333333333,2727.5,False,False,False,False,False,False,True,True,False,False,True,0.0629800307219662,0.0138248847926267,,,0.0631889400921658,0.1245181771633385,0.0967741935483871,0.293394777265745,0.0021475995077832,0.3625221738429285,2711.0,2831.0,1.6578845408756295,0.0035942439625883,0.0022777442719658,0.0006705846719896
2019-10-31,3325.0,3445.0,3295.0,3430.0,330100.0,3430.0,3200.0,3136.5,3068.0,2858.0533333333333,2732.445,False,False,False,False,False,False,True,True,False,False,False,-0.0204081632653061,-0.0116618075801749,,,0.1055393586005831,0.1667482993197279,0.0451895043731778,0.2069970845481049,0.0029250678783694,0.3444922684520963,2775.0,2786.0,0.771441925683571,0.0060886571056062,0.0024944131430178,0.0007774683705862
2019-11-01,3410.0,3495.0,3400.0,3440.0,204900.0,3440.0,3269.0,3172.5,3086.72,2866.373333333333,2737.835,False,False,False,False,False,False,True,True,False,True,False,-0.0218023255813953,-0.001453488372093,,,0.1026976744186047,0.1667519379844962,0.0421511627906976,0.2049418604651162,0.0029026225939397,0.3275019700551615,2782.0,2704.0,0.6207209936382915,0.0060646900269541,-2.396707865209152e-05,-2.244528442972701e-05
2019-11-05,3475.0,3495.0,3395.0,3425.0,217200.0,3425.0,3331.0,3210.0,3104.24,2875.12,2742.59,False,False,False,False,False,False,True,True,False,True,False,-0.0233576642335766,0.0218978102189781,,,0.0936525547445256,0.160548905109489,0.0583941605839416,0.1941605839416058,0.0030421918621368,0.3074766355140187,2782.0,2584.0,1.060029282576867,0.0056438935133881,-0.0004207965135659,0.0001395692681971
2019-11-06,3440.0,3490.0,3440.0,3450.0,118600.0,3450.0,3400.0,3246.5,3122.92,2884.293333333333,2747.415,False,False,False,False,False,False,True,True,False,False,False,-0.0420289855072463,0.0115942028985507,,,0.0948057971014492,0.1639729468599034,0.0333333333333333,0.1521739130434782,0.0031804439677887,0.2853842599722778,2795.0,2596.0,0.5460405156537753,0.0059815813405403,0.0003376878271522,0.0001382521056518
2019-11-07,3435.0,3460.0,3410.0,3460.0,88600.0,3460.0,3441.0,3283.5,3144.08,2893.9333333333334,2752.32,False,False,False,False,False,False,True,True,False,False,False,-0.0462427745664739,0.0144508670520231,,,0.0913063583815029,0.1636030828516377,0.0303468208092485,0.176300578034682,0.003331106452579,0.2660271052230851,2843.0,2571.0,0.7470489038785835,0.0067301086486348,0.0007485273080944,0.0001506624847903
2019-11-08,3445.0,3445.0,3350.0,3360.0,142200.0,3360.0,3427.0,3313.5,3160.52,2902.9466666666667,2756.83,False,False,False,False,False,False,True,True,False,True,False,0.0089285714285714,0.0267857142857142,,,0.0593690476190476,0.1360277777777777,0.0625,0.2053571428571428,0.0031048911221241,0.2462652784065188,2813.0,2595.0,1.6049661399548534,0.0052016756736233,-0.0015284329750115,-0.0002262153304548
2019-11-11,3380.0,3410.0,3335.0,3365.0,86900.0,3365.0,3412.0,3340.5,3175.76,2911.853333333333,2761.53,False,False,False,False,False,False,True,True,False,True,False,0.0208023774145616,0.0163447251114413,,,0.0562377414561663,0.1346646854878653,0.0638930163447251,0.1872213967310549,0.0030587621171394,0.2306540936985481,2824.0,2623.0,0.6111111111111112,0.0047988512985868,-0.0004028243750364,-4.612900498470948e-05
2019-11-12,3395.0,3400.0,3305.0,3345.0,85500.0,3345.0,3396.0,3363.5,3190.0,2920.84,2766.285,False,False,False,False,False,False,True,True,False,True,False,0.046337817638266,0.0254110612855007,,,0.046337817638266,0.1268041853512705,0.0687593423019432,0.2152466367713004,0.0030767404810489,0.2177790991526683,2803.0,2607.0,0.9838895281933256,0.0044639498432601,-0.0003349014553267,1.797836390951763e-05
2019-11-13,3345.0,3345.0,3285.0,3305.0,67300.0,3305.0,3367.0,3383.5,3202.0,2928.773333333333,2770.96,False,False,False,False,False,False,True,True,False,True,False,0.0559757942511346,0.0393343419062027,,,0.0311649016641452,0.1138356026222895,0.0801815431164901,0.2102874432677761,0.0027087563394002,0.2040786168169055,2806.0,2635.0,0.7871345029239766,0.0037476577139287,-0.0007162921293313,-0.0003679841416487
2019-11-14,3340.0,3340.0,3280.0,3300.0,85200.0,3300.0,3335.0,3388.0,3212.4,2936.5066666666667,2775.51,False,False,False,False,False,False,True,True,False,True,False,0.0636363636363636,0.0393939393939393,,,0.0265454545454545,0.1101494949494949,0.0818181818181818,0.1757575757575757,0.0026335146523307,0.1927390791027154,2832.0,2632.0,1.2659732540861812,0.0032374548624081,-0.0005102028515205,-7.524168706946315e-05
2019-11-15,3370.0,3400.0,3350.0,3390.0,95600.0,3390.0,3341.0,3384.0,3225.4,2945.3866666666668,2780.495,False,False,False,False,False,False,True,True,False,False,False,0.0176991150442477,0.0088495575221238,,,0.0485545722713864,0.1311543756145525,0.0560471976401179,0.1784660766961651,0.0030148842936298,0.1898640661938534,2859.0,2682.0,1.1220657276995305,0.0040305078439883,0.0007930529815801,0.0003813696412991
2019-11-18,3410.0,3455.0,3400.0,3435.0,60700.0,3435.0,3355.0,3383.5,3238.4,2954.4133333333334,2785.72,False,False,False,False,False,False,True,True,False,True,False,-0.0043668122270742,0.0029112081513828,,,0.0572343522561862,0.13990878214459,0.0436681222707423,0.1280931586608442,0.0030553161146488,0.1820599970444805,2873.0,2747.0,0.6349372384937239,0.0040143280632411,-1.6179780747235806e-05,4.043182101896208e-05
2019-11-19,3470.0,3515.0,3440.0,3500.0,88800.0,3500.0,3386.0,3391.0,3256.0,2964.48,2791.31,False,False,False,False,False,False,True,True,False,False,True,-0.02,-0.01,,,0.0697142857142857,0.1530057142857142,0.0528571428571428,0.0414285714285714,0.0033957613701784,0.1663226186965496,2919.0,2763.0,1.4629324546952225,0.0054054054054053,0.0013910773421642,0.0003404452555296
2019-11-20,3500.0,3505.0,3455.0,3490.0,53400.0,3490.0,3423.0,3395.0,3272.4,2974.6266666666666,2796.985,False,False,False,False,False,False,True,True,False,True,False,-0.0157593123209169,0.0286532951289398,,,0.062349570200573,0.1476714422158548,0.0773638968481375,0.0544412607449856,0.0034110723138365,0.1562592047128129,3005.0,2761.0,0.6013513513513513,0.0050116122723383,-0.000393793133067,1.5310943658089753e-05
2019-11-21,3475.0,3520.0,3445.0,3510.0,78800.0,3510.0,3465.0,3400.0,3288.4,2983.68,2802.775,False,False,False,False,False,False,True,True,False,True,False,-0.0227920227920227,0.017094017094017,,,0.0631339031339031,0.149948717948718,0.0712250712250712,0.0227920227920227,0.0030342842842842,0.1404411764705882,2981.0,2747.0,1.4756554307116103,0.0048655881279649,-0.0001460241443734,-0.0003767880295522
2019-11-22,3470.0,3485.0,3425.0,3450.0,87800.0,3450.0,3477.0,3409.0,3303.6,2992.5333333333333,2808.495,False,False,False,False,False,False,True,True,False,True,False,-0.008695652173913,0.0391304347826087,,,0.0424347826086956,0.1325990338164251,0.1217391304347826,0.1318840579710145,0.0029584744252361,0.1331768847169258,2963.0,2750.0,1.114213197969543,0.0046010412882915,-0.0002645468396734,-7.580985904808053e-05
2019-11-25,3470.0,3485.0,3410.0,3420.0,71000.0,3420.0,3474.0,3414.5,3317.2,3002.08,2814.165,False,False,False,False,False,False,True,True,False,True,False,0.0073099415204678,0.0482456140350877,,,0.0300584795321637,0.1221988304093567,0.131578947368421,0.1520467836257309,0.0031800174101511,0.1297408112461561,2972.0,2719.0,0.8086560364464692,0.0040998432412878,-0.0005011980470036,0.0002215429849149
2019-11-26,3450.0,3450.0,3420.0,3430.0,112100.0,3430.0,3460.0,3423.0,3332.4,3013.36,2819.87,False,False,False,False,False,False,True,True,False,False,False,0.010204081632653,0.0568513119533527,,,0.0284548104956267,0.121469387755102,0.1384839650145772,0.1326530612244898,0.0037433297050469,0.1216768916155419,2987.0,2731.0,1.5788732394366196,0.0045612771576042,0.0004614339163164,0.0005633122948957
2019-11-27,3405.0,3470.0,3405.0,3435.0,139500.0,3435.0,3449.0,3436.0,3346.4,3024.5466666666666,2825.86,False,False,False,False,False,False,True,True,False,True,False,0.0451237263464337,0.0378457059679767,,,0.0257933042212517,0.1194915089762251,0.1703056768558952,0.007278020378457,0.0036986259097781,0.1017171129220023,2983.0,2702.0,1.2444246208742191,0.0041836002868754,-0.0003776768707287,-4.470379526876544e-05
2019-11-28,3435.0,3440.0,3395.0,3430.0,147400.0,3430.0,3433.0,3449.0,3360.0,3036.0,2831.005,False,False,False,False,False,False,True,True,False,True,False,0.0408163265306122,0.0393586005830903,,,0.0204081632653061,0.114868804664723,0.1559766763848396,0.0058309037900874,0.0037725076855511,0.0850971296027834,2931.0,2711.0,1.0566308243727598,0.004047619047619,-0.0001359812392564,7.388177577301921e-05
2019-11-29,3425.0,3440.0,3395.0,3420.0,97300.0,3420.0,3427.0,3452.0,3374.4,3047.0,2835.595,False,False,False,False,False,False,True,True,False,False,False,0.0482456140350877,0.043859649122807,,,0.0133333333333333,0.1090643274853801,0.175438596491228,0.0847953216374269,0.003610108303249,0.0758980301274623,2949.0,2775.0,0.6601085481682497,0.0042674253200569,0.0002198062724379,-0.000162399382302
2019-12-02,3450.0,3480.0,3430.0,3445.0,92500.0,3445.0,3432.0,3453.0,3388.4,3057.96,2839.825,False,False,False,False,False,False,True,True,False,True,False,0.0406386066763425,0.0391872278664731,,,0.0164296081277213,0.1123483309143686,0.1698113207547169,0.1480406386066763,0.0035840887388978,0.0779032725166521,2984.0,2782.0,0.9506680369989724,0.0041317435957974,-0.0001356817242594,-2.601956435125839e-05
2019-12-03,3465.0,3470.0,3440.0,3465.0,55200.0,3465.0,3439.0,3449.5,3402.4,3069.4,2844.525,False,False,False,False,False,False,True,True,False,True,False,0.0461760461760461,0.0317460317460317,,,0.018066378066378,0.1141702741702741,0.189033189033189,0.2698412698412698,0.0037271127907734,0.1008841861139295,2989.0,2782.0,0.5967567567567568,0.0041147425346814,-1.700106111602543e-05,0.0001430240518756
2019-12-04,3450.0,3595.0,3450.0,3590.0,149500.0,3590.0,3470.0,3459.5,3421.8,3082.133333333333,2849.745,False,False,False,False,False,False,True,True,False,False,True,-0.0069637883008356,-0.0055710306406685,,,0.0468523676880222,0.1414670380687094,0.1532033426183844,0.2116991643454039,0.0041313376016611,0.1170689405983523,3005.0,2795.0,2.708333333333333,0.0056695306563797,0.0015547881216983,0.0004042248108876
2019-12-05,3560.0,3580.0,3485.0,3570.0,144500.0,3570.0,3498.0,3465.5,3434.4,3094.64,2855.07,False,False,False,False,False,False,True,True,False,True,False,-0.0014005602240896,0.0,,,0.0379831932773109,0.1331540616246499,0.1540616246498599,0.2324929971988795,0.0040413963067324,0.1385081517818496,3040.0,2843.0,0.9665551839464884,0.0036687631027253,-0.0020007675536543,-8.994129492861935e-05
2019-12-06,3550.0,3600.0,3545.0,3585.0,69400.0,3585.0,3531.0,3479.0,3440.6,3106.68,2860.52,False,False,False,False,False,False,True,True,False,True,False,-0.00418410041841,-0.00139470013947,,,0.040278940027894,0.1334225941422594,0.1436541143654114,0.1283124128312412,0.0038755198475542,0.1381144006898534,3065.0,2813.0,0.4802768166089965,0.0018020112771027,-0.0018667518256225,-0.0001658764591782
2019-12-09,3580.0,3635.0,3555.0,3585.0,75500.0,3585.0,3559.0,3495.5,3446.4,3117.853333333333,2866.015,False,False,False,False,False,False,True,True,False,True,False,-0.00139470013947,0.0,,,0.0386610878661087,0.1303059042305905,0.1422594142259414,0.100418410041841,0.003583662263352,0.1328851380346159,3110.0,2824.0,1.0878962536023056,0.0016829155060353,-0.0001190957710674,-0.0002918575842022
2019-12-10,3630.0,3640.0,3610.0,3625.0,121600.0,3625.0,3591.0,3515.0,3454.4,3129.346666666667,2871.86,False,False,False,False,False,False,True,True,False,False,False,-0.0137931034482758,0.016551724137931,,,0.0470620689655172,0.1367319540229884,0.1586206896551724,0.0606896551724137,0.0036727581049933,0.1254623044096728,3060.0,2803.0,1.6105960264900665,0.0023158869847151,0.0006329714786798,8.909584164122327e-05
2019-12-11,3625.0,3625.0,3535.0,3565.0,74400.0,3565.0,3586.0,3528.0,3459.0,3140.0666666666666,2877.16,False,False,False,False,False,False,True,True,False,True,False,0.0014025245441795,0.0546984572230014,,,0.0297335203366058,0.1191958859280037,0.1809256661991584,0.1065918653576437,0.0034139402560454,0.1350623582766439,3080.0,2806.0,0.6118421052631579,0.0013298641225787,-0.0009860228621363,-0.0002588178489478
2019-12-12,3580.0,3600.0,3555.0,3565.0,69600.0,3565.0,3585.0,3541.5,3463.2,3150.9733333333334,2882.585,False,False,False,False,False,False,True,True,False,True,False,0.0014025245441795,0.0546984572230014,,,0.0285553997194951,0.1161365123889668,0.1921458625525946,0.1430575035063113,0.0034613643191733,0.1483834533389806,3110.0,2832.0,0.935483870967742,0.0012127512127511,-0.0001171129098275,4.742406312790602e-05
2019-12-13,3620.0,3620.0,3565.0,3570.0,76900.0,3570.0,3582.0,3556.5,3471.6,3161.9066666666668,2887.96,False,False,False,False,False,False,True,True,False,False,False,0.0028011204481792,0.0840336134453781,,,0.027563025210084,0.1143118580765639,0.2142857142857142,0.1722689075630252,0.0034578292422715,0.1568958245466048,3070.0,2859.0,1.1048850574712643,0.0024196335983408,0.0012068823855896,-3.53507690180159e-06
2019-12-16,3580.0,3615.0,3575.0,3580.0,53200.0,3580.0,3581.0,3570.0,3480.2,3173.3866666666668,2893.365,False,False,False,False,False,False,True,True,False,False,False,0.0013966480446927,0.0810055865921787,,,0.027877094972067,0.1135791433891992,0.1997206703910614,0.1983240223463687,0.0036175862590544,0.1619047619047619,3080.0,2873.0,0.6918075422626788,0.0024711223492902,5.148875094939569e-05,0.0001597570167829
2019-12-17,3610.0,3620.0,3545.0,3575.0,118000.0,3575.0,3571.0,3581.0,3489.4,3184.64,2898.535,False,False,False,False,False,False,True,True,False,False,False,0.0307692307692307,0.0923076923076923,,,0.0239440559440559,0.1091916083916084,0.1748251748251748,0.2475524475524475,0.0035336280814575,0.1600111700642278,3050.0,2919.0,2.218045112781955,0.0026365564280392,0.000165434078749,-8.395817759688411e-05
2019-12-18,3585.0,3600.0,3545.0,3570.0,105400.0,3570.0,3572.0,3579.0,3500.0,3196.213333333333,2903.51,False,False,False,False,False,False,True,True,False,False,False,0.0532212885154061,0.1260504201680672,,,0.0196078431372549,0.104702147525677,0.1624649859943977,0.2577030812324929,0.0036209514592267,0.1645711092483934,3085.0,3005.0,0.8932203389830509,0.0030285714285714,0.0003920150005321,8.732337776914002e-05
2019-12-19,3570.0,3635.0,3570.0,3570.0,102200.0,3570.0,3573.0,3579.0,3510.8,3207.6666666666665,2908.51,False,False,False,False,False,False,True,True,False,False,False,0.0532212885154061,0.1106442577030812,,,0.0165826330532212,0.1014939309056956,0.1120448179271708,0.2927170868347339,0.0035706120752364,0.1705783738474434,3090.0,2981.0,0.969639468690702,0.0030762219437165,4.765051514518106e-05,-5.03393839903052e-05
2019-12-20,3560.0,3595.0,3555.0,3580.0,69400.0,3580.0,3575.0,3578.5,3518.4,3218.4,2913.285,False,False,False,False,False,False,True,True,False,True,False,0.0810055865921787,0.1229050279329608,,,0.0172067039106145,0.1010055865921787,0.1494413407821229,0.3128491620111732,0.0033349904714558,0.1890456895347212,3060.0,2963.0,0.6790606653620352,0.0021600727603455,-0.0009161491833709,-0.0002356216037805
2019-12-23,3605.0,3615.0,3580.0,3585.0,52000.0,3585.0,3576.0,3578.5,3524.4,3229.1066666666666,2918.075,False,False,False,False,False,False,True,True,False,True,False,0.0794979079497908,0.1241283124128312,,,0.0169037656903765,0.0992728963272896,0.1631799163179916,0.3472803347280335,0.0033156745105973,0.2137767220902612,3095.0,2972.0,0.7492795389048992,0.0017024174327545,-0.000457655327591,-1.931596085857131e-05
2019-12-24,3710.0,3745.0,3635.0,3685.0,181000.0,3685.0,3598.0,3584.5,3531.8,3241.1466666666665,2923.155,False,False,False,False,False,False,True,True,False,False,False,0.0597014925373134,0.1180461329715061,,,0.04157394843962,0.1204486657620986,0.1383989145183175,0.3052917232021709,0.0037147347029446,0.2386664806807086,3115.0,2987.0,3.480769230769231,0.0020952488815901,0.0003928314488356,0.0003990601923473
2019-12-25,3755.0,3800.0,3725.0,3760.0,177400.0,3760.0,3636.0,3604.0,3542.6,3254.0133333333333,2928.475,False,False,False,False,False,False,True,True,False,False,False,0.0691489361702127,0.101063829787234,,,0.0578191489361702,0.1345709219858156,0.1183510638297872,0.2566489361702128,0.0039540915628291,0.2536071032186459,3105.0,2983.0,0.980110497237569,0.0030486083667362,0.000953359485146,0.0002393568598844
2019-12-26,3720.0,3760.0,3700.0,3760.0,84700.0,3760.0,3674.0,3623.5,3552.6,3266.24,2933.925,False,False,False,False,False,False,True,True,False,True,False,0.0545212765957446,0.0957446808510638,,,0.0551595744680851,0.1313191489361702,0.1170212765957446,0.2526595744680851,0.0037433460696906,0.2643852628673934,3255.0,2931.0,0.4774520856820744,0.0028148398356133,-0.0002337685311228,-0.0002107454931384
2019-12-27,3740.0,3915.0,3740.0,3870.0,184700.0,3870.0,3732.0,3653.5,3569.4,3280.333333333333,2939.77,False,False,False,False,False,False,True,True,False,False,False,0.0387596899224806,0.0594315245478036,,,0.0776744186046511,0.152368647717485,0.0891472868217054,0.1950904392764857,0.0042963113504724,0.2660462570138223,3430.0,2949.0,2.180637544273908,0.0047066733904858,0.0018918335548724,0.0005529652807818
2019-12-30,3910.0,3920.0,3825.0,3870.0,158900.0,3870.0,3789.0,3682.5,3587.4,3294.28,2945.325,False,False,False,False,False,False,True,True,False,False,False,0.041343669250646,0.0581395348837209,,,0.0730232558139534,0.1487648578811368,0.0852713178294573,0.165374677002584,0.0042336008677669,0.2620502376103191,3440.0,2984.0,0.8603140227395777,0.0050175614651279,0.0003108880746421,-6.271048270558004e-05
2020-01-06,3845.0,3930.0,3825.0,3905.0,170600.0,3905.0,3833.0,3715.5,3606.4,3308.9733333333334,2951.21,False,False,False,False,False,False,True,True,False,False,False,0.0550576184379001,0.0755441741357234,,,0.0764660691421254,0.1526316688006828,0.0845070422535211,0.1562099871959026,0.0044404508145526,0.2523213564796124,3425.0,2989.0,1.0736312146003777,0.005268411712511,0.0002508502473831,0.0002068499467857
2020-01-07,3970.0,4045.0,3920.0,4020.0,166400.0,4020.0,3885.0,3760.5,3629.8,3325.16,2957.72,False,False,False,False,False,False,True,True,False,False,False,0.0298507462686567,0.0472636815920398,,,0.0970646766169153,0.1728457711442786,0.0485074626865671,0.1393034825870646,0.0048679361795121,0.2397287594734742,3450.0,3005.0,0.9753810082063306,0.0064466361783018,0.0011782244657907,0.0004274853649594
2020-01-08,3995.0,4000.0,3900.0,3965.0,140700.0,3965.0,3926.0,3800.0,3651.2,3340.266666666667,2964.555,False,False,False,False,False,False,True,True,False,True,False,0.0390920554854981,0.0718789407313997,,,0.0791424968474149,0.1575620008406893,0.0668348045397225,0.2761664564943253,0.0045225930065464,0.2385526315789473,3460.0,3040.0,0.8455528846153846,0.0058610867659946,-0.0005855494123072,-0.0003453431729656
2020-01-09,4015.0,4025.0,3965.0,4020.0,103600.0,4020.0,3956.0,3844.0,3675.2,3355.7466666666664,2971.55,False,False,False,False,False,False,True,True,False,False,False,0.0199004975124378,0.0783582089552238,,,0.085771144278607,0.1652371475953566,0.0758706467661691,0.1616915422885572,0.0046129823069678,0.2235952133194589,3360.0,3065.0,0.736318407960199,0.0065302568567697,0.000669170090775,9.038930042132732e-05
2020-01-10,4060.0,4060.0,3975.0,4030.0,143100.0,4030.0,3988.0,3888.5,3698.6,3371.173333333333,2978.515,False,False,False,False,False,False,True,True,False,True,False,0.0161290322580645,0.0657568238213399,,,0.0822332506203474,0.1634805624483044,0.0372208436724565,0.1811414392059553,0.0045760526503136,0.2077922077922078,3365.0,3110.0,1.3812741312741312,0.006326718217704,-0.0002035386390656,-3.692965665415792e-05
2020-01-14,4080.0,4135.0,4075.0,4120.0,167700.0,4120.0,4031.0,3932.0,3724.8,3387.1866666666665,2986.155,False,False,False,False,False,False,True,True,False,False,False,0.0194174757281553,0.0194174757281553,,,0.0959223300970873,0.1778673139158576,0.0230582524271844,0.1966019417475728,0.0047276205621971,0.1974821973550356,3345.0,3060.0,1.1719077568134173,0.0070339347079038,0.0007072164901998,0.0001515679118834
2020-01-15,4120.0,4180.0,4065.0,4140.0,189500.0,4140.0,4055.0,3970.0,3746.8,3402.32,2994.08,False,False,False,False,False,False,True,True,False,True,False,0.0169082125603864,0.002415458937198,,,0.0949758454106279,0.178183574879227,0.0193236714975845,0.1835748792270531,0.0044479453235832,0.1904282115869017,3305.0,3080.0,1.129994036970781,0.0058716771645137,-0.0011622575433901,-0.0002796752386139
2020-01-16,4100.0,4125.0,4085.0,4120.0,96200.0,4120.0,4086.0,4006.0,3768.8,3417.5066666666667,3001.775,False,False,False,False,False,False,True,True,False,True,False,0.0315533980582524,-0.0364077669902912,,,0.0852427184466019,0.1705080906148867,0.0218446601941747,0.1614077669902912,0.0044437855278506,0.1816025961058412,3300.0,3110.0,0.5076517150395778,0.0058374018255147,-3.427533899896546e-05,-4.1597957325580776e-06
2020-01-17,4255.0,4255.0,4075.0,4100.0,209200.0,4100.0,4102.0,4029.0,3789.4,3432.6666666666665,3008.985,False,False,False,False,False,False,True,True,False,True,False,0.0573170731707317,0.0036585365853658,,,0.0757560975609756,0.1627642276422764,0.0097560975609756,0.1939024390243902,0.0044163915323363,0.1815586994291387,3390.0,3070.0,2.1746361746361744,0.0054362168153269,-0.0004011850101878,-2.739399551433038e-05
2020-01-20,4100.0,4125.0,4035.0,4095.0,127300.0,4095.0,4115.0,4051.5,3809.8,3447.64,3016.14,False,False,False,False,False,False,True,True,False,True,False,0.0488400488400488,0.0183150183150183,,,0.0696459096459096,0.1580854700854701,0.0122100122100122,0.2649572649572649,0.0043430675283188,0.1915339997531778,3435.0,3080.0,0.608508604206501,0.0053546117906452,-8.160502468173864e-05,-7.33240040174379e-05
2020-01-21,4130.0,4235.0,4120.0,4200.0,234900.0,4200.0,4131.0,4081.0,3832.8,3463.813333333333,3023.51,False,False,False,False,False,False,True,True,False,False,False,0.0,-0.0011904761904761,,,0.0874285714285713,0.1752825396825397,-0.0261904761904761,0.219047619047619,0.0046692277489933,0.1977456505758392,3500.0,3050.0,1.845247446975648,0.0060008348987685,0.0006462231081233,0.0003261602206744
2020-01-22,4205.0,4255.0,4185.0,4210.0,113100.0,4210.0,4145.0,4100.0,3858.6,3480.173333333333,3031.225,False,False,False,False,False,False,True,True,False,False,False,-0.014251781472684,-0.001187648456057,,,0.0834679334916864,0.1733555027711797,-0.0558194774346793,0.2446555819477434,0.0047009152800818,0.2082926829268292,3490.0,3085.0,0.4814814814814814,0.0066863629295598,0.0006855280307913,3.168753108851417e-05
2020-01-23,4280.0,4290.0,4195.0,4250.0,291800.0,4250.0,4171.0,4128.5,3886.0,3497.76,3039.425,False,False,False,False,False,False,True,True,False,False,False,-0.0658823529411764,-0.0117647058823529,,,0.0856470588235294,0.1769976470588234,-0.0423529411764705,0.2376470588235294,0.0050279798118415,0.204795930725445,3510.0,3090.0,2.580017683465959,0.0070509521358723,0.0003645892063125,0.0003270645317597
2020-01-24,4305.0,4350.0,4270.0,4335.0,225800.0,4335.0,4218.0,4160.0,3916.6,3516.24,3047.68,False,False,False,False,False,False,True,True,False,False,False,-0.0507497116493656,-0.0276816608996539,,,0.0965167243367935,0.1888719723183391,-0.0657439446366782,0.2087658592848904,0.005255613951266,0.209375,3450.0,3060.0,0.7738176833447566,0.0078128989429607,0.0007619468070883,0.0002276341394244
2020-01-27,4245.0,4315.0,4230.0,4295.0,151700.0,4295.0,4258.0,4186.5,3945.2,3533.72,3055.57,False,False,False,False,False,False,True,True,False,True,False,-0.029103608847497,-0.0221187427240977,,,0.0814435389988359,0.1772479627473807,-0.069848661233993,0.2619324796274738,0.0049466284821661,0.217484772482981,3420.0,3095.0,0.6718334809565988,0.0072493156240494,-0.0005635833189112,-0.0003089854690998
2020-01-28,4155.0,4200.0,4140.0,4200.0,275200.0,4200.0,4258.0,4194.5,3970.2,3549.866666666667,3063.235,False,False,False,False,False,False,True,True,False,True,False,-0.0011904761904761,0.0083333333333333,,,0.0547142857142857,0.1547936507936507,-0.0321428571428571,0.3238095238095238,0.0045485276442308,0.2301823816903087,3430.0,3115.0,1.8141067897165457,0.0062969119943579,-0.0009524036296914,-0.0003981008379352
2020-01-29,4140.0,4195.0,4075.0,4150.0,292000.0,4150.0,4246.0,4195.5,3993.4,3565.133333333333,3070.61,False,False,False,False,False,False,True,True,False,True,False,0.0132530120481927,0.0156626506024096,,,0.0377349397590361,0.1409317269076305,-0.036144578313253,0.363855421686747,0.0042822147839257,0.24800381360982,3435.0,3105.0,1.061046511627907,0.0058095858165974,-0.0004873261777605,-0.0002663128603051
2020-01-30,4130.0,4130.0,3930.0,3970.0,261600.0,3970.0,4190.0,4180.5,4009.4,3577.5333333333333,3076.815,False,False,False,False,False,False,True,True,False,True,False,0.0579345088161209,0.0654911838790932,,,-0.0099244332493703,0.0988581024349286,-0.0226700251889168,0.4987405541561713,0.0034660753219164,0.2803492405214687,3430.0,3255.0,0.8958904109589041,0.0039906220382102,-0.0018189637783872,-0.0008161394620093
2020-01-31,4110.0,4175.0,4050.0,4115.0,182400.0,4115.0,4146.0,4182.0,4030.8,3591.5333333333333,3083.845,False,False,False,False,False,False,True,True,False,False,False,0.0243013365735115,0.0510328068043742,,,0.0204617253948966,0.1272093965168084,-0.0291616038882138,0.4434993924665856,0.003898056540382,0.3048780487804878,3420.0,3430.0,0.6972477064220184,0.0053091197777116,0.0013184977395014,0.0004319812184655
2020-02-03,4045.0,4230.0,4040.0,4170.0,205100.0,4170.0,4121.0,4189.5,4054.2,3605.6666666666665,3090.955,False,False,False,False,False,False,True,True,False,False,False,0.0071942446043165,0.0023980815347721,,,0.0277697841726619,0.1353317346123101,-0.0707434052757793,0.369304556354916,0.0039197559397244,0.3151927437641723,3445.0,3440.0,1.124451754385965,0.0057717922154801,0.0004626724377685,2.1699399342464502e-05
2020-02-04,4105.0,4210.0,4100.0,4195.0,212400.0,4195.0,4120.0,4189.0,4074.6,3620.8,3098.275,False,False,False,False,False,False,True,True,False,True,False,0.0095351609058402,0.0047675804529201,,,0.0287008343265792,0.1368772348033372,-0.1311084624553039,-0.5427890345649583,0.0041795551627633,0.2389114347099546,3465.0,3425.0,1.035592393954169,0.005006626417317,-0.000765165798163,0.0002597992230389
2020-02-05,4240.0,4250.0,4175.0,4205.0,143500.0,4205.0,4131.0,4188.5,4092.4,3635.8,3105.635,False,False,False,False,False,False,True,True,False,True,False,0.0023781212841854,0.0035671819262782,,,0.0267776456599286,0.1353626634958382,-0.1248513674197384,-0.5184304399524375,0.0041256394741184,0.1623015399307628,3590.0,3450.0,0.6756120527306968,0.0043495259505425,-0.0006571004667745,-5.391568864489792e-05
2020-02-06,4225.0,4245.0,4180.0,4200.0,106300.0,4200.0,4177.0,4183.5,4110.0,3650.3333333333335,3112.875,False,False,False,False,False,False,True,True,False,True,False,0.0071428571428571,0.0023809523809523,,,0.0214285714285714,0.1308730158730158,-0.1452380952380952,-0.5126190476190476,0.0039813715642407,0.0868889685669893,3570.0,3460.0,0.7407665505226481,0.0042822384428223,-6.728750772015159e-05,-0.0001442679098777
2020-02-07,4215.0,4220.0,4180.0,4215.0,94500.0,4215.0,4197.0,4171.5,4123.8,3665.6,3120.315,False,False,False,False,False,False,True,True,False,True,False,0.026097271648873,-0.0177935943060498,,,0.0216370106761565,0.1303440094899169,-0.0735468564650059,-0.5072360616844602,0.0041648479557688,0.0141915378161332,3585.0,3360.0,0.8889934148635936,0.0033464280517969,-0.0009358103910254,0.0001834763915281
2020-02-10,4155.0,4255.0,4155.0,4200.0,113000.0,4200.0,4203.0,4162.0,4137.0,3680.533333333333,3127.63,False,False,False,False,False,False,True,True,False,True,False,-0.0047619047619047,-0.013095238095238,,,0.015,0.1236825396825398,-0.0619047619047619,-0.5133333333333333,0.0040573829879726,-0.0646083613647285,3585.0,3365.0,1.1957671957671958,0.00319071791153,-0.0001557101402668,-0.0001074649677962
2020-02-12,4245.0,4265.0,4195.0,4235.0,106000.0,4235.0,4211.0,4165.5,4150.2,3696.3333333333335,3135.235,False,False,False,False,False,False,True,True,False,True,False,-0.0047225501770956,-0.0342384887839433,,,0.0200236127508855,0.1271940181031089,-0.0826446280991735,-0.5268004722550177,0.0042745062674724,-0.1507622134197575,3625.0,3345.0,0.9380530973451328,0.003180569611103,-1.0148300427014615e-05,0.0002171232794997
2020-02-13,4170.0,4240.0,4150.0,4215.0,111300.0,4215.0,4213.0,4172.0,4158.0,3711.4,3142.8,False,False,False,False,False,False,True,True,False,True,False,0.0011862396204033,-0.0569395017793594,,,0.0135231316725978,0.1194780545670225,-0.1791221826809015,-0.534994068801898,0.0040595642255393,-0.2407718120805369,3565.0,3305.0,1.05,0.0018759018759019,-0.0013046677352011,-0.0002149420419331
2020-02-14,4185.0,4240.0,4170.0,4230.0,110700.0,4230.0,4219.0,4198.0,4168.6,3726.6,3150.26,False,False,False,False,False,False,True,True,False,False,False,-0.0047281323877068,-0.0378250591016548,,,0.0145153664302599,0.1190070921985815,-0.1843971631205673,-0.5328605200945626,0.0040787849514302,-0.3401381610290614,3565.0,3300.0,0.9946091644204852,0.002542820131459,0.0006669182555571,1.922072589089635e-05
2020-02-17,4245.0,4375.0,4230.0,4325.0,185300.0,4325.0,4241.0,4219.0,4180.8,3743.466666666666,3158.24,False,False,False,False,False,False,True,True,False,False,False,-0.0427745664739884,-0.0635838150289017,,,0.0333410404624277,0.1344585741811176,-0.1421965317919075,-0.5509826589595376,0.0045056275822765,-0.438184403887177,3570.0,3390.0,1.6738934056007226,0.0029181017986987,0.0003752816672396,0.0004268426308463
2020-02-18,4295.0,4300.0,4135.0,4180.0,141200.0,4180.0,4237.0,4220.0,4186.8,3757.933333333333,3165.535,False,False,False,False,False,False,True,True,False,True,False,-0.0083732057416267,-0.0442583732057416,,,-0.0016267942583732,0.1009728867623605,-0.0538277511961722,-0.5232057416267942,0.0038496336638932,-0.5263981042654029,3580.0,3435.0,0.7620075553157043,0.0014330753797649,-0.0014850264189337,-0.0006559939183833
2020-02-19,4205.0,4265.0,4185.0,4215.0,154300.0,4215.0,4233.0,4222.0,4190.6,3772.6,3173.31,False,False,False,False,False,False,True,True,False,True,False,-0.029655990510083,-0.0355871886120996,,,0.0057888493475681,0.1049584816132859,0.0438908659549228,-0.5266903914590747,0.0038876813514994,-0.5247986736144007,3575.0,3500.0,1.0927762039660056,0.0009067913902544,-0.0005262839895105,3.80476876062053e-05
2020-02-20,4200.0,4240.0,4185.0,4220.0,91000.0,4220.0,4234.0,4223.5,4193.8,3787.466666666666,3181.07,False,False,False,False,False,False,True,True,False,True,False,-0.0580568720379146,-0.0521327014218009,,,0.0062085308056871,0.1024960505529226,0.0308056872037914,-0.5158767772511849,0.0039252270647045,-0.5245412572510951,3570.0,3490.0,0.5897602073882048,0.0007630311412084,-0.000143760249046,3.754571320506396e-05
2020-02-21,4195.0,4240.0,4180.0,4210.0,107300.0,4210.0,4230.0,4224.5,4197.4,3800.2,3188.72,False,False,False,False,False,False,True,True,False,False,False,-0.0332541567695962,-0.0783847980997624,,,0.0029928741092637,0.0973396674584323,0.0451306413301662,-0.5315914489311164,0.0033507008403067,-0.5264291632145817,3570.0,3510.0,1.1791208791208792,0.0008576737980653,9.464265685693204e-05,-0.0005745262243978
2020-02-25,4070.0,4160.0,4020.0,4140.0,115600.0,4140.0,4193.0,4217.0,4199.0,3809.6666666666665,3195.985,False,False,False,False,False,False,True,True,False,True,False,-0.0217391304347826,-0.0350241545893719,,,-0.0142512077294685,0.0797906602254428,-0.0229468599033816,-0.5176328502415459,0.0024849068159944,-0.5274839933602087,3580.0,3450.0,1.0773532152842498,0.0003810431055013,-0.0004766306925639,-0.0008657940243123
2020-02-26,4055.0,4175.0,4055.0,4145.0,155000.0,4145.0,4186.0,4211.5,4201.0,3819.0666666666666,3203.315,False,False,False,False,False,False,True,True,False,False,False,-0.0361881785283474,-0.0651387213510253,,,-0.0135102533172496,0.0786328910333735,-0.0482509047044632,-0.5088057901085645,0.0024613343574346,-0.527056868099252,3585.0,3420.0,1.3408304498269896,0.0004760771244941,9.503401899277156e-05,-2.3572458559758223e-05
2020-02-27,4105.0,4120.0,4060.0,4090.0,171700.0,4090.0,4161.0,4197.0,4196.6,3827.933333333333,3210.27,False,False,False,False,False,False,False,True,False,True,False,-0.0061124694376528,-0.10880195599022,,,-0.0260635696821516,0.0640749796251019,-0.0599022004889975,-0.4990220048899755,0.0023163064490847,-0.5243507267095544,3685.0,3430.0,1.107741935483871,-0.0010484678072724,-0.0015245449317666,-0.0001450279083499
2020-02-28,3975.0,4015.0,3950.0,3975.0,192700.0,3975.0,4112.0,4173.0,4187.2,3834.933333333333,3216.76,False,False,False,False,False,False,False,True,False,True,False,0.0062893081761006,-0.0742138364779874,,,-0.053383647798742,0.0352368972746332,-0.0075471698113207,-0.4877987421383647,0.001825325081705,-0.5197939132518572,3760.0,3435.0,1.122306348281887,-0.002244936950707,-0.0011964691434345,-0.0004909813673796
2020-03-02,3920.0,4155.0,3900.0,4070.0,208200.0,4070.0,4084.0,4157.0,4180.0,3843.0666666666666,3223.385,False,False,False,False,False,False,False,True,False,False,False,-0.0466830466830466,-0.1179361179361179,,,-0.027027027027027,0.0557575757575757,0.0012285012285012,-0.4945945945945946,0.0021163654026299,-0.5159971133028627,3760.0,3430.0,1.0804359107420862,-0.0017224880382774,0.0005224489124295,0.0002910403209249
2020-03-03,4165.0,4180.0,4050.0,4050.0,224300.0,4050.0,4066.0,4129.5,4168.6,3852.266666666667,3229.765,False,False,False,False,False,False,False,True,False,True,False,-0.0135802469135802,-0.0358024691358024,,,-0.029283950617284,0.0488230452674896,0.0333333333333333,-0.4767901234567901,0.0023882043472242,-0.5084877103765589,3870.0,3420.0,1.0773294908741595,-0.0027347310847765,-0.0010122430464991,0.0002718389445942
2020-03-04,4020.0,4085.0,3965.0,3995.0,207700.0,3995.0,4036.0,4111.0,4156.6,3860.6666666666665,3236.165,False,False,False,False,False,False,False,True,False,True,False,-0.030037546933667,-0.013767209011264,,,-0.0404505632040051,0.0336253650396329,0.0738423028785982,-0.4763454317897371,0.0021757900189948,-0.503867672099246,3870.0,3445.0,0.9259919750334372,-0.0028869749314343,-0.0001522438466577,-0.0002124143282293
2020-03-05,4065.0,4080.0,4000.0,4065.0,148400.0,4065.0,4031.0,4096.0,4151.2,3870.266666666667,3242.95,False,False,False,False,False,False,False,True,False,False,False,-0.1033210332103321,-0.044280442804428,,,-0.0212054120541204,0.0479048790487904,0.0971709717097171,-0.4696186961869619,0.0024804492369174,-0.4981201171875,3905.0,3465.0,0.7144920558497834,-0.0013008286760456,0.0015861462553887,0.0003046592179225
2020-03-06,4000.0,4045.0,3985.0,4000.0,195800.0,4000.0,4036.0,4074.0,4145.2,3879.533333333333,3249.335,False,False,False,False,False,False,False,True,False,True,False,-0.08,-0.135,,,-0.0362999999999999,0.0301166666666667,0.1225,-0.46075,0.0023886034402761,-0.4926116838487973,4020.0,3590.0,1.3194070080862534,-0.0014474573000096,-0.000146628623964,-9.184579664130426e-05
2020-03-09,3885.0,3950.0,3835.0,3880.0,220700.0,3880.0,3998.0,4041.0,4141.6,3887.266666666667,3254.65,False,False,False,False,False,False,False,True,False,False,False,-0.0747422680412371,-0.1108247422680412,,,-0.0674226804123712,-0.001872852233677,0.1894329896907216,-0.4342783505154639,0.001989401293111,-0.4829497649096758,3965.0,3570.0,1.127170582226762,-0.0008692292833686,0.000578228016641,-0.0003992021471651
2020-03-10,3800.0,4035.0,3690.0,3995.0,275200.0,3995.0,3987.0,4026.5,4136.8,3895.3333333333335,3260.93,False,False,False,False,False,False,False,True,False,True,False,-0.0225281602002503,-0.0713391739674593,,,-0.0354943679599499,0.0249478514810179,0.1764705882352941,-0.4513141426783479,0.0020708540133492,-0.4762448776853346,4020.0,3585.0,1.2469415496148617,-0.0011603171533552,-0.0002910878699866,8.145272023827145e-05
2020-03-11,3935.0,4055.0,3875.0,3875.0,239000.0,3875.0,3963.0,3999.5,4125.0,3901.2,3266.65,False,False,False,False,False,False,False,True,False,True,False,0.016774193548387,0.0206451612903225,,,-0.064516129032258,-0.0067612903225805,0.2464516129032258,-0.4358709677419355,0.0015038107932601,-0.4689586198274784,4030.0,3585.0,0.8684593023255814,-0.0028606060606061,-0.0017002889072508,-0.0005670432200891
2020-03-12,3705.0,3805.0,3620.0,3645.0,371200.0,3645.0,3879.0,3955.0,4103.0,3903.133333333333,3270.84,False,False,False,False,False,False,False,True,False,True,False,0.0658436213991769,0.2071330589849108,,,-0.1256515775034293,-0.0708184727937814,0.3196159122085048,-0.4266117969821673,0.000495328539464,-0.4619469026548672,4120.0,3625.0,1.5531380753138075,-0.0053619302949061,-0.0025013242343,-0.001008482253796
2020-03-13,3505.0,3745.0,3410.0,3680.0,338000.0,3680.0,3815.0,3925.5,4082.0,3905.6666666666665,3275.21,False,False,False,False,False,False,False,True,False,False,False,-0.0597826086956521,0.1820652173913043,,,-0.1092391304347826,-0.0613224637681159,0.2839673913043478,-0.4133152173913043,0.0006486301954425,-0.4547700929817857,4140.0,3565.0,0.9105603448275862,-0.0051445369916707,0.0002173933032354,0.0001533016559784
2020-03-16,3785.0,3810.0,3590.0,3590.0,303100.0,3590.0,3757.0,3877.5,4057.6,3906.733333333333,3279.015,False,False,False,False,False,False,False,True,False,True,False,-0.0389972144846796,0.2256267409470752,,,-0.13025069637883,-0.0882265552460538,0.3119777158774373,-0.3913649025069637,0.0002730328833978,-0.4447195357833656,4120.0,3565.0,0.8967455621301775,-0.0060134069400631,-0.0008688699483923,-0.0003755973120446
2020-03-17,3535.0,3965.0,3530.0,3905.0,316200.0,3905.0,3739.0,3863.0,4045.2,3912.8,3284.36,False,False,False,False,False,False,False,True,False,False,False,-0.0499359795134443,0.0358514724711907,,,-0.0359026888604352,-0.0019974391805378,0.1843790012804097,-0.4366197183098591,0.0015504668438629,-0.4405384416256795,4100.0,3570.0,1.0432200593863412,-0.0030653614159992,0.0029480455240638,0.001277433960465
2020-03-18,3975.0,4095.0,3920.0,3940.0,289200.0,3940.0,3752.0,3857.5,4034.8,3919.733333333333,3289.855,False,False,False,False,False,False,False,True,False,False,False,0.0038071065989847,0.0012690355329949,,,-0.0240609137055838,0.0051438240270728,0.1446700507614213,-0.4360406091370558,0.0017688278114156,-0.4363707064160726,4095.0,3580.0,0.9146110056925996,-0.0025775750966589,0.0004877863193402,0.0002183609675526
2020-03-19,4055.0,4155.0,3885.0,3885.0,308600.0,3885.0,3800.0,3839.5,4020.8,3925.8,3295.095,False,False,False,False,False,False,False,True,False,True,False,0.1325611325611325,-0.0102960102960102,,,-0.034954954954955,-0.0105019305019305,0.1621621621621621,-0.4275418275418275,0.0015453325861396,-0.4319572861049616,4200.0,3575.0,1.0670816044260027,-0.0034818941504178,-0.0009043190537588,-0.0002234952252759
2020-03-23,3745.0,3755.0,3330.0,3460.0,414800.0,3460.0,3756.0,3785.5,3990.6,3926.133333333333,3298.165,False,False,False,False,False,False,False,True,False,True,False,0.2572254335260115,0.1401734104046242,,,-0.1533526011560693,-0.1347206165703275,0.3236994219653179,-0.3609826589595376,8.490117503218523e-05,-0.4224276845859199,4210.0,3570.0,1.3441348023331172,-0.0075677842930888,-0.004085890142671,-0.0014604314111074
2020-03-24,3530.0,3630.0,3425.0,3450.0,350800.0,3450.0,3728.0,3742.5,3959.4,3926.4,3301.14,False,False,False,False,False,False,False,True,False,True,False,0.2753623188405797,0.181159420289855,,,-0.1476521739130435,-0.1380869565217391,0.4666666666666667,-0.352463768115942,6.791632708508529e-05,-0.4147494989979959,4250.0,3570.0,0.845708775313404,-0.0078799818154265,-0.0003121975223377,-1.6984847947099945e-05
2020-03-25,3625.0,3820.0,3535.0,3710.0,488100.0,3710.0,3689.0,3714.0,3934.8,3930.266666666667,3305.76,False,False,False,False,False,False,False,True,False,False,False,0.0902964959568733,0.1280323450134771,,,-0.0605929919137466,-0.05937106918239,0.2587601078167116,-0.4088948787061994,0.0009838178919157,-0.4102315562735595,4335.0,3580.0,1.3913911060433295,-0.0062519060689234,0.0016280757465031,0.0009159015648306
2020-03-26,3920.0,4025.0,3730.0,3955.0,302800.0,3955.0,3692.0,3722.0,3925.8,3937.0666666666666,3311.725,False,False,True,False,True,False,False,True,False,False,True,-0.0025284450063211,0.0847029077117572,,,0.0073830594184576,0.0045343447113358,0.2035398230088495,-0.4429835651074589,0.0017271742075317,-0.41104245029554,4295.0,3585.0,0.6203646793689818,-0.0022925263640531,0.0039593797048702,0.000743356315616
2020-03-27,4070.0,4400.0,3990.0,4400.0,414800.0,4400.0,3795.0,3797.5,3933.2,3949.533333333333,3320.065,False,False,False,False,False,False,True,True,True,False,False,-0.1261363636363636,0.0136363636363636,,,0.1060909090909091,0.1023787878787879,0.1204545454545454,-0.52,0.003156491062235,-0.4221724818959841,4200.0,3685.0,1.369881109643329,0.0018814197091425,0.0041739460731957,0.0014293168547033
2020-03-30,4350.0,4450.0,4175.0,4350.0,352400.0,4350.0,3973.0,3864.5,3938.4,3959.6666666666665,3328.51,False,False,False,False,False,False,True,True,False,True,False,-0.093103448275862,0.032183908045977,,,0.0946206896551724,0.0897318007662835,0.1264367816091954,-0.5057471264367817,0.002559137974577,-0.4324233406650278,4150.0,3760.0,0.849566055930569,0.0013203331302052,-0.0005610865789373,-0.000597353087658
2020-03-31,4360.0,4455.0,4260.0,4400.0,480900.0,4400.0,4163.0,3945.5,3946.0,3970.733333333333,3337.315,False,False,False,False,False,False,True,True,False,False,False,-0.0738636363636363,0.0488636363636363,,,0.1031818181818181,0.0975606060606061,0.0875,-0.505,0.0027870586457581,-0.4442529463946268,3970.0,3760.0,1.3646424517593645,0.0019260010136847,0.0006056678834794,0.000227920671181
2020-04-01,4190.0,4240.0,4005.0,4045.0,355500.0,4045.0,4230.0,3959.5,3942.2,3976.866666666667,3344.02,False,False,False,False,False,False,False,True,False,True,False,0.034610630407911,0.1619283065512979,,,0.0254140914709518,0.0168438401318499,0.2101359703337453,-0.4521631644004944,0.0015422526947513,-0.4458138653870437,4115.0,3870.0,0.7392389270118528,-0.0009639287707371,-0.0028899297844219,-0.0012448059510067
2020-04-02,4050.0,4075.0,3935.0,3945.0,195500.0,3945.0,4228.0,3960.0,3934.2,3981.6666666666665,3350.06,False,False,False,False,False,False,False,True,False,True,False,0.0874524714828897,0.2243346007604562,,,0.0027376425855513,-0.0092944655682297,0.3130544993662864,-0.4397972116603295,0.0012055253244034,-0.4461868686868687,4170.0,3870.0,0.549929676511955,-0.002033450256723,-0.0010695214859858,-0.0003367273703479
2020-04-03,3865.0,4035.0,3835.0,3845.0,318000.0,3845.0,4117.0,3956.0,3924.4,3984.6,3355.445,False,False,False,False,False,True,False,True,False,True,False,0.1599479843953186,0.2509752925877763,,,-0.0206501950585175,-0.0363068920676202,0.3315994798439531,-0.4247074122236671,0.0007361675785106,-0.4459302325581395,4195.0,3905.0,1.6265984654731458,-0.0024971970237487,-0.0004637467670256,-0.0004693577458928
2020-04-06,3810.0,3970.0,3740.0,3945.0,236800.0,3945.0,4036.0,4004.5,3923.2,3989.6666666666665,3361.235,False,False,False,False,False,False,False,True,False,False,True,0.1381495564005069,0.1977186311787072,,,0.0055259822560203,-0.0113223489649344,0.3282636248415716,-0.4233206590621039,0.0012699473640237,-0.4510425771007616,4205.0,4020.0,0.7446540880503144,-0.0003058727569331,0.0021913242668155,0.000533779785513
2020-04-07,4100.0,4135.0,3985.0,4075.0,190400.0,4075.0,3971.0,4067.0,3923.4,3996.466666666666,3367.625,False,False,False,False,False,False,True,True,False,False,False,0.1325153374233129,0.1558282208588957,,,0.03720245398773,0.0192719836400819,0.2907975460122699,-0.456441717791411,0.0017015029943115,-0.4599459060732727,4200.0,3965.0,0.8040540540540541,5.097619411741674e-05,0.0003568489510506,0.0004315556302878
2020-04-08,4030.0,4220.0,4030.0,4185.0,183800.0,4185.0,3999.0,4114.5,3928.8,4004.6666666666665,3374.405,False,False,False,False,False,False,True,True,True,False,False,0.1230585424133811,0.1051373954599761,,,0.0612186379928315,0.0430904022301872,0.2520908004778972,-0.4456391875746714,0.0020476111203596,-0.4630939360797181,4215.0,4020.0,0.9653361344537816,0.0013744654856444,0.001323489291527,0.000346108126048
2020-04-09,4130.0,4305.0,4120.0,4290.0,203200.0,4290.0,4068.0,4148.0,3940.6,4014.133333333333,3381.815,False,False,False,False,False,False,True,True,False,False,False,0.1258741258741259,0.0512820512820512,,,0.0814452214452214,0.0643045843045843,0.2634032634032634,-0.4801864801864802,0.0023583338869328,-0.4667791706846673,4200.0,4030.0,1.1055495103373232,0.0029944678475358,0.0016200023618913,0.0003107227665731
2020-04-10,4285.0,4510.0,4245.0,4460.0,236400.0,4460.0,4191.0,4154.0,3956.4,4025.933333333333,3389.99,False,False,False,False,False,False,True,True,False,False,False,0.0784753363228699,0.0123318385650224,,,0.112914798206278,0.0973243647234679,0.2466367713004484,-0.4934977578475336,0.00293099736707,-0.4640105922002889,4235.0,4120.0,1.1633858267716537,0.0039935294712365,0.0009990616237006,0.0005726634801372
2020-04-13,4390.0,4525.0,4320.0,4490.0,182600.0,4490.0,4300.0,4168.0,3976.0,4038.2,3398.29,False,False,False,False,False,False,True,True,False,False,False,0.0523385300668151,0.0200445434298441,,,0.1144766146993318,0.1006236080178174,0.2605790645879732,-0.5055679287305123,0.0030376570419164,-0.4641314779270633,4215.0,4140.0,0.772419627749577,0.0049295774647887,0.0009360479935521,0.0001066596748463
2020-04-14,4540.0,4635.0,4520.0,4615.0,193700.0,4615.0,4408.0,4189.5,4005.4,4052.133333333333,3407.225,False,False,False,False,False,False,True,True,False,False,False,0.0205850487540628,0.0964247020585048,,,0.1320910075839653,0.1219646081617912,0.2892741061755146,-0.5271939328277356,0.0034385179822974,-0.4667860126506742,4230.0,4120.0,1.06078860898138,0.0073400908773156,0.0024105134125269,0.0004008609403809
2020-04-15,4605.0,4720.0,4515.0,4700.0,239900.0,4700.0,4511.0,4255.0,4033.6,4067.0666666666666,3416.23,False,False,False,False,False,False,True,True,False,True,False,-0.0159574468085106,-0.0063829787234042,,,0.1417872340425532,0.1346666666666666,0.2638297872340425,-0.5321276595744681,0.003671769989837,-0.4753936545240893,4325.0,4100.0,1.2385131646876613,0.0069912733042443,-0.0003488175730713,0.0002332520075396
2020-04-16,4700.0,4860.0,4695.0,4830.0,230200.0,4830.0,4619.0,4343.5,4071.8,4083.6666666666665,3425.985,False,False,False,False,False,False,True,True,False,False,False,-0.0662525879917184,-0.0144927536231884,,,0.1569772256728778,0.154520358868185,0.1821946169772256,-0.5610766045548654,0.0040649742878132,-0.4881547139403707,4180.0,4095.0,0.9595664860358484,0.0093816002750626,0.0023903269708183,0.0003932042979761
2020-04-17,4880.0,4905.0,4690.0,4810.0,356100.0,4810.0,4689.0,4440.0,4118.4,4098.666666666667,3435.955,True,True,False,False,False,False,True,True,False,False,False,-0.0613305613305613,0.0249480249480249,,,0.1437837837837838,0.1478863478863478,-0.6012474012474013,-0.5756756756756757,0.0036597267404034,-0.5031306306306307,4215.0,4200.0,1.5469157254561252,0.0113150738150736,0.0019334735400109,-0.0004052475474097
2020-04-20,4750.0,4870.0,4690.0,4725.0,190100.0,4725.0,4736.0,4518.0,4160.2,4111.533333333334,3445.515,False,False,False,False,False,False,True,True,False,True,False,-0.0306878306878306,0.037037037037037,,,0.1195343915343915,0.1298342151675484,-0.5714285714285714,-0.5650793650793651,0.0031294083310363,-0.5165781319167774,4220.0,4210.0,0.5338388093232238,0.0100475938656795,-0.0012674799493941,-0.0005303184093671
2020-04-21,4725.0,4810.0,4640.0,4710.0,239000.0,4710.0,4755.0,4581.5,4205.0,4124.2,3455.01,False,False,False,False,False,False,True,True,False,False,False,0.0743099787685774,0.0159235668789808,,,0.1072186836518046,0.1243736730360934,-0.5653927813163482,-0.5564755838641189,0.0030713027172945,-0.526028593255484,4210.0,4250.0,1.2572330352446082,0.010653983353151,0.0006063894874714,-5.8105613741780623e-05
2020-04-22,4570.0,4645.0,4515.0,4625.0,199000.0,4625.0,4740.0,4625.5,4233.8,4134.266666666666,3464.255,False,False,False,False,False,False,True,True,False,True,False,0.0097297297297297,0.0583783783783783,,,0.0845837837837837,0.1061045045045045,-0.5509189189189189,-0.5381621621621622,0.0024349340471506,-0.5345151875472922,4140.0,4335.0,0.8326359832635983,0.0068023997354622,-0.0038515836176887,-0.0006363686701438
2020-04-23,4625.0,4640.0,4455.0,4510.0,282100.0,4510.0,4676.0,4647.5,4256.6,4142.8,3472.925,False,False,False,False,False,False,True,True,False,True,False,0.0554323725055432,0.1485587583148558,,,0.0561862527716185,0.0814190687361418,-0.5467849223946785,-0.5337028824833703,0.0020597985259567,-0.5394513179128564,4145.0,4295.0,1.4175879396984925,0.0053563877272941,-0.0014460120081681,-0.0003751355211938
2020-04-24,4460.0,4515.0,4315.0,4515.0,368700.0,4515.0,4617.0,4653.0,4281.8,4150.933333333333,3481.755,False,False,False,False,False,False,True,True,False,False,False,0.0919158361018826,0.1339977851605758,,,0.0516500553709855,0.0806349206349206,-0.5561461794019934,-0.5286821705426357,0.0019593986894513,-0.5428110896196002,4090.0,4200.0,1.306983339241404,0.0058853753094492,0.0005289875821551,-0.0001003998365054
2020-04-27,4625.0,4675.0,4485.0,4580.0,324300.0,4580.0,4588.0,4662.0,4326.6,4158.4,3490.645,False,False,False,False,False,False,True,True,False,False,False,0.0698689956331877,0.1441048034934497,,,0.0553275109170304,0.0920524017467249,-0.5720524017467249,-0.5338427947598253,0.0017955623957931,-0.5455169455169455,3975.0,4150.0,0.8795768917819365,0.0103545509175796,0.0044691756081304,-0.0001638362936581
2020-04-28,4580.0,5090.0,4465.0,5060.0,560000.0,5060.0,4658.0,4706.5,4391.0,4173.0,3501.93,False,False,False,False,False,False,True,True,False,False,False,-0.0543478260869565,0.0395256916996047,,,0.1322134387351778,0.175296442687747,-0.6094861660079052,-0.5897233201581028,0.0034986820033549,-0.552066291299267,4070.0,3970.0,1.7267961763798951,0.0146663630152584,0.0043118120976787,0.0017031196075618
2020-04-30,5060.0,5130.0,4635.0,4670.0,626200.0,4670.0,4667.0,4703.5,4429.4,4181.666666666667,3511.27,False,False,False,False,False,False,True,True,False,True,False,0.0481798715203426,0.1220556745182012,,,0.0515203426124197,0.1045681655960028,-0.5841541755888651,-0.5550321199143469,0.0020725388601036,-0.5543531412777719,4050.0,4115.0,1.1182142857142856,0.0086693457353139,-0.0059970172799444,-0.0014261431432512
2020-05-01,4625.0,4815.0,4620.0,4760.0,362000.0,4760.0,4717.0,4696.5,4461.6,4191.4,3520.9,False,False,False,False,False,False,True,True,False,True,False,0.088235294117647,0.1386554621848739,,,0.062689075630252,0.1194537815126051,-0.5813025210084034,-0.5598739495798319,0.0023222153298021,-0.5542212285744703,3995.0,4170.0,0.5780900670712232,0.0072171418325266,-0.0014522039027873,0.0002496764696984
2020-05-07,4840.0,4970.0,4815.0,4930.0,368900.0,4930.0,4800.0,4708.5,4482.8,4202.2,3531.49,False,False,False,False,False,False,True,True,False,True,True,0.0385395537525354,0.127789046653144,,,0.0907099391480729,0.1476267748478702,-0.5953346855983773,-0.5825557809330629,0.002570082337823,-0.5549962833174047,4065.0,4195.0,1.019060773480663,0.0047291871151958,-0.0024879547173307,0.0002478670080209
2020-05-08,4905.0,4975.0,4810.0,4900.0,251200.0,4900.0,4864.0,4726.0,4504.8,4212.333333333333,3542.04,False,False,False,False,False,False,True,True,False,False,False,0.0693877551020408,0.1551020408163265,,,0.0806530612244897,0.1403401360544218,-0.5830612244897959,-0.5910204081632653,0.0024056342486349,-0.5577232331781634,4000.0,4205.0,0.6809433450799675,0.0048836796306162,0.0001544925154204,-0.0001644480891881
2020-05-11,4935.0,4950.0,4725.0,4785.0,289300.0,4785.0,4809.0,4733.5,4520.2,4221.2,3551.985,False,False,False,False,False,False,True,True,False,True,False,0.0992685475444096,0.2434691745036572,,,0.0553396029258098,0.1178265412748171,-0.5878787878787879,-0.5910135841170324,0.0021005085441738,-0.5612126333579803,3880.0,4200.0,1.151671974522293,0.0034069288969513,-0.0014767507336648,-0.000305125704461
2020-05-12,4815.0,4925.0,4750.0,4895.0,226500.0,4895.0,4854.0,4760.5,4554.2,4231.8,3562.445,False,False,False,False,False,False,True,True,False,False,False,0.0704800817160367,0.2134831460674157,,,0.0696220633299285,0.135485188968335,-0.5920326864147089,-0.6061287027579162,0.0025048442743041,-0.5680705808213423,3995.0,4215.0,0.7829243000345661,0.0074656361161126,0.0040587072191612,0.0004043357301302
2020-05-13,4890.0,5200.0,4875.0,5180.0,401800.0,5180.0,4938.0,4827.5,4603.6,4246.266666666666,3574.265,False,False,False,False,False,False,True,True,False,False,False,0.0463320463320463,0.1023166023166023,,,0.1112741312741312,0.1802574002574003,-0.6069498069498069,-0.6200772200772201,0.0034069143090399,-0.5768617296737442,3875.0,4200.0,1.7739514348785872,0.0107307324702408,0.0032650963541281,0.0009020700347358
2020-05-14,5230.0,5330.0,5090.0,5120.0,337900.0,5120.0,4976.0,4888.0,4654.6,4258.533333333334,3586.02,False,False,False,False,False,False,True,True,False,False,False,0.0859375,-0.625390625,,,0.0908984374999999,0.1682552083333332,-0.5998046875,-0.610546875,0.0028804909358466,-0.5848404255319148,3645.0,4235.0,0.8409656545545048,0.0109569028487947,0.0002261703785539,-0.0005264233731933
2020-05-15,5150.0,5390.0,5100.0,5240.0,340100.0,5240.0,5044.0,4954.0,4706.4,4272.266666666666,3598.41,False,False,False,False,False,False,True,True,False,False,False,0.0801526717557251,-0.6135496183206107,,,0.1018320610687023,0.1846819338422392,-0.6114503816793894,-0.6156488549618321,0.0032145309281566,-0.5928138877674607,3680.0,4215.0,1.0065108020124298,0.0110062893081759,4.938645938120691e-05,0.00033403999231
2020-05-18,5210.0,5330.0,5150.0,5260.0,268800.0,5260.0,5139.0,4974.0,4753.8,4285.733333333334,3611.025,False,False,False,False,False,False,True,True,False,True,False,0.1311787072243346,-0.6108365019011407,,,0.0962357414448668,0.1852217997465145,-0.6089353612167301,-0.6228136882129277,0.0031422082568523,-0.5963007639726579,3590.0,4230.0,0.7903557777124375,0.0099709705919476,-0.0010353187162283,-7.23226713043334e-05
2020-05-19,5300.0,5300.0,5180.0,5240.0,307800.0,5240.0,5208.0,5031.0,4796.0,4297.8,3623.805,False,False,False,False,False,False,True,True,False,True,False,0.1335877862595419,-0.6036259541984733,,,0.0847328244274809,0.1798091603053434,-0.5956106870229008,-0.6322519083969466,0.0028076380163494,-0.603875968992248,3905.0,4325.0,1.1450892857142858,0.0087989991659716,-0.001171971425976,-0.0003345702405028
2020-05-20,5240.0,5450.0,5210.0,5420.0,351800.0,5420.0,5256.0,5097.0,4841.2,4312.8,3637.42,False,False,False,False,False,False,True,True,False,False,False,0.0535055350553505,-0.6228782287822878,,,0.106789667896679,0.204280442804428,-0.6140221402214022,-0.6549815498154982,0.0034780189204229,-0.6134196586227192,3940.0,4180.0,1.142949967511371,0.0093365281335205,0.0005375289675489,0.0006703809040734
2020-05-21,5470.0,5600.0,5380.0,5560.0,408300.0,5560.0,5344.0,5160.0,4885.2,4330.933333333333,3651.865,False,False,False,False,False,False,True,True,False,True,False,-0.6550359712230216,-0.639568345323741,,,0.1213669064748201,0.2210551558752997,-0.6122302158273382,-0.6636690647482014,0.0041869343020749,-0.6217829457364341,3885.0,4215.0,1.1606026151222286,0.0090067960370097,-0.0003297320965108,0.000708915381652
2020-05-22,5640.0,5830.0,5620.0,5660.0,498400.0,5660.0,5428.0,5236.0,4932.0,4351.066666666667,3666.615,False,False,False,False,False,False,True,True,False,False,False,-0.642226148409894,-0.6537102473498233,,,0.1286219081272084,0.2312603062426384,-0.618904593639576,-0.6697879858657244,0.0046272178469647,-0.6298510313216196,3460.0,4220.0,1.220671075189811,0.0094890510948905,0.0004822550578808,0.0004402835448897
2020-05-25,5900.0,5950.0,5720.0,5950.0,448700.0,5950.0,5566.0,5352.5,4985.4,4377.466666666666,3682.765,False,False,False,False,False,False,True,True,False,False,False,-0.6559663865546218,-0.6678991596638656,,,0.1621176470588236,0.2642913165266107,-0.6310924369747899,-0.6821848739495798,0.0060308854436355,-0.6391405885100421,3450.0,4210.0,0.9002808988764045,0.0107112769286315,0.0012222258337409,0.0014036675966708
2020-05-26,5980.0,6150.0,5800.0,5940.0,540200.0,5940.0,5706.0,5457.0,5035.0,4401.8,3698.845,False,False,False,False,False,False,True,True,False,True,False,-0.6503367003367003,-0.673063973063973,,,0.1523569023569023,0.2589562289562289,-0.630976430976431,-0.6744107744107745,0.0055280415587564,-0.6459409932197178,3710.0,4140.0,1.20392244261199,0.0098510427010924,-0.0008602342275391,-0.0005028438848791
2020-05-27,5550.0,5790.0,5540.0,5710.0,593700.0,5710.0,5764.0,5510.0,5070.2,4422.333333333333,3713.605,False,False,False,False,False,False,True,True,False,True,False,-0.6420315236427321,-0.6509632224168126,,,0.1120490367775832,0.2255107997664915,-0.6171628721541156,-0.6642732049036778,0.0046430994196124,-0.6502722323049002,3955.0,4145.0,1.0990373935579416,0.0069425269220148,-0.0029085157790775,-0.0008849421391439
2020-05-28,1943.0,1974.0,1900.0,1918.0,1161000.0,1918.0,5035.6,5189.8,4954.52,4391.973333333333,3709.47,False,False,False,False,False,True,False,False,False,True,False,0.0448383733055265,0.0401459854014598,,,-1.583169968717414,-1.2898713938129998,0.0896767466110531,0.0062565172054223,-0.0069126102769293,-0.6299279355659178,4400.0,4090.0,1.955533097524002,-0.0233483768356973,-0.0302909037577122,-0.0115557096965418
2020-05-29,1918.0,2025.0,1913.0,2025.0,1570400.0,2025.0,4308.6,4868.3,4846.52,4362.906666666667,3705.95,False,False,False,False,False,False,False,False,False,False,False,-0.0320987654320987,0.0088888888888888,,,-1.3933432098765437,-1.1545218106995885,0.0661728395061728,-0.0276543209876543,-0.0066622251832111,-0.6064129162130518,4350.0,3975.0,1.3526270456503016,-0.022284030603402,0.0010643462322953,0.0002503850937181
2020-06-01,2049.0,2059.0,1968.0,2047.0,1565000.0,2047.0,3528.0,4547.0,4740.0,4334.2,3702.03,False,False,False,False,False,False,False,False,False,True,False,-0.0346849047386419,-0.036638983878847,,,-1.3155837811431363,-1.117342452369321,0.0674157303370786,-0.0063507572056668,-0.0066232907264701,-0.5775016494391907,4400.0,4070.0,0.9965613856342334,-0.0224725738396625,-0.0001885432362605,3.8934456741026094e-05
2020-06-02,2100.0,2108.0,2030.0,2077.0,1288200.0,2077.0,2755.4,4230.7,4638.08,4305.693333333334,3698.485,False,False,False,False,False,False,False,False,False,False,False,-0.0649975926817525,-0.038517091959557,,,-1.2330669234472798,-1.0730348258706468,0.0592200288878189,-0.0033702455464612,-0.0066206913636827,-0.5425343323799844,4045.0,4050.0,0.8231309904153354,-0.0219746101835242,0.0004979636561383,2.599362787446616e-06
2020-06-03,2055.0,2066.0,1990.0,2044.0,1357000.0,2044.0,2022.2,3893.1,4539.44,4276.946666666667,3695.185,False,False,False,False,False,False,False,False,False,False,False,-0.0249510763209393,-0.0039138943248532,,,-1.2208610567514675,-1.092439660795825,0.0870841487279843,0.0127201565557729,-0.0067213058537087,-0.4977267473221853,3945.0,3995.0,1.0534078559229934,-0.0217295525439262,0.000245057639598,-0.000100614490026
2020-06-04,2040.0,2040.0,1981.0,2004.0,1562100.0,2004.0,2039.4,3537.5,4439.0,4247.2,3692.285,False,False,False,False,False,False,False,False,False,True,False,-0.0044910179640718,0.0224550898203592,,,-1.2150698602794412,-1.1193612774451096,0.1097804391217564,0.0014970059880239,-0.0070038299742576,-0.4433639575971732,3845.0,4065.0,1.1511422254974208,-0.0226267177292182,-0.000897165185292,-0.0002825241205488
2020-06-05,1998.0,2005.0,1935.0,1960.0,1114000.0,1960.0,2026.4,3167.5,4334.2,4217.133333333333,3689.105,False,False,False,False,False,False,False,False,False,True,False,0.0423469387755102,0.0387755102040816,,,-1.2113265306122447,-1.1515986394557822,0.1280612244897959,0.0428571428571428,-0.0071296457309072,-0.3728176795580111,3945.0,4000.0,0.7131425644965111,-0.0241797794287296,-0.0015530616995114,-0.0001258157566496
2020-06-08,1960.0,1980.0,1909.0,1976.0,1180000.0,1976.0,2012.2,2770.1,4210.84,4187.08,3686.13,False,False,False,False,False,False,False,False,False,True,False,-0.0020242914979757,0.040991902834008,,,-1.130991902834008,-1.1189676113360325,0.1305668016194332,0.0354251012145749,-0.0071776353289961,-0.2772463087975163,4075.0,3880.0,1.059245960502693,-0.029295817461599,-0.0051160380328693,-4.798959808893343e-05
2020-06-09,1975.0,1976.0,1915.0,1942.0,927600.0,1942.0,1985.2,2370.3,4101.72,4155.306666666666,3682.865,False,False,True,False,False,False,False,False,False,False,False,0.0283213182286302,0.0911431513903192,,,-1.1121112255406798,-1.1397047717130104,0.1292481977342945,0.0674562306900103,-0.0076464472738474,-0.1494747500316416,4185.0,3995.0,0.7861016949152543,-0.0266034736647064,0.0026923437968925,-0.0004688119448512
2020-06-10,1942.0,2014.0,1930.0,1993.0,1062500.0,1993.0,1975.0,1998.6,3991.04,4126.1466666666665,3679.715,False,False,False,False,False,False,False,False,False,True,False,0.0215755143000501,0.0496738585047666,,,-1.0025288509784245,-1.0703194514132797,0.1053687907676869,0.0100351229302558,-0.0070671263907244,0.0135094566196337,4290.0,3875.0,1.1454290642518328,-0.0277321199486851,-0.0011286462839786,0.0005793208831229
2020-06-11,2020.0,2055.0,1991.0,1995.0,1258100.0,1995.0,1973.2,2006.3,3873.64,4096.546666666667,3676.655,False,False,False,False,False,False,False,False,False,True,True,0.0270676691729323,0.0807017543859649,,,-0.9416741854636592,-1.0534068504594822,0.0586466165413533,-0.0175438596491228,-0.0072255981460806,0.0111149877884663,4460.0,3645.0,1.1840941176470587,-0.0303074111171921,-0.0025752911685069,-0.0001584717553561
2020-06-12,1948.0,2060.0,1901.0,2043.0,1941200.0,2043.0,1989.8,2008.1,3759.36,4067.52,3673.695,False,False,False,False,False,False,False,False,False,True,False,-0.0034263338228095,0.0558002936857562,,,-0.8401174743024964,-0.9909544787077826,0.0523739598629466,-0.0078316201664219,-0.0071362074843312,0.0130969573228425,4490.0,3680.0,1.5429616087751372,-0.0303987912836226,-9.138016643055193e-05,8.939066174936706e-05
2020-06-15,2058.0,2084.0,1972.0,1972.0,1221100.0,1972.0,1989.0,2000.6,3646.84,4037.68,3670.395,False,False,False,False,False,False,False,False,False,True,False,0.043103448275862,0.1130831643002028,,,-0.8493103448275863,-1.0475050709939149,0.1044624746450304,0.0116632860040567,-0.0073903825959462,0.0149455163450965,4615.0,3590.0,0.6290438903770863,-0.0308541093110747,-0.0004553180274521,-0.0002541751116149
2020-06-16,1999.0,2013.0,1965.0,1997.0,1092600.0,1997.0,2000.0,1992.6,3530.92,4009.1066666666666,3666.97,False,False,False,False,False,False,False,False,False,True,False,0.0610916374561842,0.0976464697045568,,,-0.7681121682523786,-1.007564680353864,0.1096644967451176,0.0045067601402103,-0.0071271072857461,0.0158084914182475,4700.0,3905.0,0.8947670133486201,-0.0328299706592049,-0.0019758613481302,0.0002632753102001
2020-06-17,2020.0,2065.0,2015.0,2036.0,1190400.0,2036.0,2008.6,1991.8,3405.16,3980.986666666666,3663.415,False,False,False,False,False,False,False,False,False,True,False,0.0275049115913556,0.0736738703339882,,,-0.672475442043222,-0.9552979698755728,0.0854616895874263,-0.0083497053045186,-0.0070635755290146,0.0136559895571844,4830.0,3940.0,1.0895112575507964,-0.0369321852717641,-0.0041022146125591,6.353175673143134e-05
2020-06-18,2045.0,2059.0,2028.0,2049.0,843000.0,2049.0,2019.4,1996.3,3282.32,3953.7733333333335,3659.845,False,False,False,False,False,False,False,False,False,True,True,0.0522205954123962,0.0200097608589555,,,-0.6019131283552953,-0.9296111924516024,0.0795510004880429,-0.0156173743289409,-0.0068828764420821,0.0118719631317938,4810.0,3885.0,0.7081653225806451,-0.0374247483487288,-0.0004925630769647,0.0001806990869325
2020-06-19,2032.0,2044.0,1994.0,2036.0,1107400.0,2036.0,2018.0,2003.9,3154.16,3927.92,3656.22,False,False,False,False,False,False,False,False,False,True,False,0.0594302554027504,0.0604125736738703,,,-0.5491944990176817,-0.9292337917485266,0.1173870333988212,0.0,-0.0065819398901539,0.0076351115325115,4725.0,3460.0,1.3136417556346385,-0.0406320541760723,-0.0032073058273434,0.0003009365519282
2020-06-22,2036.0,2073.0,2005.0,2057.0,1003100.0,2057.0,2035.0,2012.0,3026.04,3901.08,3652.77,False,False,False,False,False,False,False,False,False,True,False,0.067087992221682,0.0622265435099659,,,-0.4710938259601361,-0.8964900340301409,0.0768108896451142,-0.002430724355858,-0.0068801460108483,0.0038767395626242,4710.0,3450.0,0.9058154235145386,-0.0423391627341343,-0.001707108558062,-0.0002982061206943
2020-06-23,2074.0,2132.0,2062.0,2119.0,1974400.0,2119.0,2059.4,2029.7,2901.2,3875.3333333333335,3649.615,False,False,False,False,False,False,False,False,False,True,False,0.0344502123643227,0.0382255781028787,,,-0.3691363850873052,-0.8288500865187982,0.0948560641812175,-0.0080226521944313,-0.0066437295716496,-0.003448785534808,4625.0,3710.0,1.968298275346426,-0.0430304701502827,-0.0006913074161483,0.0002364164391986
2020-06-24,2130.0,2137.0,2085.0,2092.0,1012000.0,2092.0,2070.6,2039.6,2768.08,3849.96,3646.48,False,False,False,False,False,False,False,False,False,True,False,0.0449330783938814,0.0621414913957935,,,-0.3231739961759082,-0.8403250478011473,0.0659655831739961,-0.010038240917782,-0.0065905446636675,-0.0054422435771719,4510.0,3955.0,0.5125607779578606,-0.0480910956330741,-0.0050606254827914,5.31849079821612e-05
2020-06-25,2114.0,2180.0,2095.0,2156.0,1779500.0,2156.0,2092.0,2055.7,2631.92,3824.506666666666,3643.605,False,False,False,False,False,False,False,False,False,True,False,-0.0306122448979591,0.0315398886827458,,,-0.2207421150278293,-0.7738899196042051,0.047773654916512,-0.0677179962894248,-0.0066553246083156,-0.0107992411344066,4515.0,4400.0,1.758399209486166,-0.051734095261254,-0.0036429996281799,-6.477994464809504e-05
2020-06-26,2179.0,2200.0,2138.0,2157.0,1402900.0,2157.0,2116.2,2067.1,2491.8,3799.933333333333,3640.88,False,False,False,False,False,False,False,False,False,True,False,0.000927213722763,0.0250347705146036,,,-0.1552155771905425,-0.7616751661257918,0.0292072322670375,-0.0658321743161798,-0.0064667801189494,-0.0168351797203811,4580.0,4350.0,0.7883675189660017,-0.0562324424111083,-0.0044983471498543,0.0001885444893661
2020-06-29,2165.0,2237.0,2151.0,2195.0,1691500.0,2195.0,2143.8,2089.4,2341.6,3777.466666666666,3638.3,False,False,False,False,False,False,False,False,False,True,False,-0.0045558086560364,0.0177676537585421,,,-0.0667881548974942,-0.720941533788914,-0.0059225512528473,-0.0943052391799544,-0.0059475486216512,-0.0276634440509237,5060.0,4400.0,1.2057167296314777,-0.0641441749231296,-0.0079117325120212,0.0005192314972982
2020-06-30,2229.0,2247.0,2142.0,2192.0,1693800.0,2192.0,2158.4,2108.9,2191.68,3753.426666666666,3635.385,False,False,False,False,True,False,False,False,False,True,False,0.0036496350364963,0.000456204379562,,,0.0001459854014599,-0.7123296836982966,0.0031934306569343,-0.0994525547445255,-0.0064048140898805,-0.0381715586324624,4670.0,4045.0,1.0013597398758498,-0.0684041465907432,-0.0042599716676136,-0.0004572654682293
2020-07-01,2215.0,2262.0,2166.0,2186.0,1849500.0,2186.0,2177.2,2123.9,2050.72,3730.9066666666654,3632.405,False,False,False,False,False,False,False,False,False,True,False,0.01646843549862763,0.00777676120768527,,,0.0618847209515096,-0.706727660872217,-0.03019213174748399,-0.12580054894784995,-0.006036066300238,-0.050049437355807795,4760.0,3945.0,1.09192348565356,-0.0687368338924865,-0.0003326873017433,0.0003687477896425
2020-07-02,2170.0,2172.0,2041.0,2090.0,2384700.0,2090.0,2164.0,2128.0,2057.6,3710.173333333333,3628.945,False,False,False,False,False,False,True,False,True,False,False,0.06411483253588517,0.010526315789473684,,,0.0155023923444976,-0.7752025518341307,-0.023444976076555026,-0.08660287081339713,-0.0055882384650491,-0.05695488721804513,4930.0,3845.0,1.2893755068937551,0.003343701399689,0.0720805352921755,0.0004478278351888
2020-07-03,2100.0,2159.0,2061.0,2159.0,1099300.0,2159.0,2164.4,2140.3,2062.96,3689.893333333333,3625.765,False,False,False,False,False,False,True,False,False,True,False,0.024085224641037517,-0.0041685965724872626,,,0.0444835572024085,-0.7090751891307703,-0.048170449282075034,-0.11069939786938397,-0.0054960938346908,-0.06779423445311411,4900.0,3945.0,0.4609804168239191,0.0025982083995812,-0.0007454930001077,9.214463035834512e-05
2020-07-06,2181.0,2210.0,2168.0,2185.0,848900.0,2185.0,2162.4,2153.1,2068.48,3671.16,3622.475,False,False,False,False,False,False,True,False,False,False,False,0.022425629290617848,-0.003203661327231121,,,0.0533272311212814,-0.6801647597254004,-0.043935926773455376,-0.11533180778032037,-0.0051028376135426,-0.0788630346941619,4785.0,4075.0,0.7722186846174839,0.0026686262376237,7.041783804250749e-05,0.0003932562211482
2020-07-07,2189.0,2206.0,2163.0,2200.0,1111500.0,2200.0,2164.0,2161.2,2073.4,3648.426666666666,3619.41,False,False,False,False,False,False,True,False,False,True,False,-0.003181818181818182,0.007272727272727273,,,0.0575454545454545,-0.6583757575757574,-0.02909090909090909,-0.12227272727272727,-0.006230996374693,-0.09022765130483056,4895.0,4185.0,1.3093415007656968,0.0023729140542105,-0.0002957121834132,-0.0011281587611504
2020-07-08,2200.0,2269.0,2191.0,2222.0,1319800.0,2222.0,2171.2,2174.2,2080.52,3625.52,3616.4,False,False,False,False,False,False,True,False,False,False,False,-0.008550855085508551,-0.0054005400540054005,,,0.0636723672367236,-0.6316471647164716,-0.05355535553555356,-0.1269126912691269,-0.0063181741285846,-0.10169257657989142,5180.0,4290.0,1.18740440845704,0.0034222213677349,0.0010493073135244,-8.717775389158536e-05
2020-07-09,2222.0,2241.0,2188.0,2224.0,881700.0,2224.0,2198.0,2181.0,2089.32,3603.373333333333,3613.505,False,False,False,False,False,False,True,False,False,False,False,-0.050359712230215826,-0.00539568345323741,,,0.0605575539568344,-0.6202218225419662,-0.04316546762589928,-0.18615107913669066,-0.0061460927353258,-0.11366345712975703,5120.0,4460.0,0.6680557660251554,0.0042118966936611,0.0007896753259262,0.0001720813932587
2020-07-10,2215.0,2260.0,2206.0,2211.0,860300.0,2211.0,2208.4,2186.4,2099.36,3586.72,3610.53,False,False,False,False,False,False,True,False,False,False,False,-0.027589326096788783,0.028946178199909543,,,0.0504929895974671,-0.6222161917684305,-0.034373586612392586,-0.1791044776119403,-0.0046430536348901,-0.12500000000000008,5240.0,4490.0,0.9757287059090394,0.0047824098772959,0.0005705131836347,0.0015030391004357
2020-07-13,2201.0,2244.0,2184.0,2234.0,1246400.0,2234.0,2218.2,2190.3,2109.68,3570.5066666666667,3607.54,False,False,False,False,False,False,True,False,False,False,False,-0.025067144136078783,-0.008504923903312443,,,0.0556490599820949,-0.5982572366457773,-0.07072515666965085,-0.14816472694717994,-0.0045409054924043,-0.13043875268228108,5260.0,4615.0,1.4487969313030338,0.0048917371354896,0.0001093272581936,0.0001021481424857
2020-07-14,2197.0,2220.0,2147.0,2193.0,1016900.0,2193.0,2216.8,2190.4,2119.72,3550.28,3604.21,False,False,False,False,False,False,True,False,False,True,False,0.010487916096671226,0.05791153670770634,,,0.0334154126766986,-0.6189147286821707,-0.05243958048335613,-0.12676698586411309,-0.0056972032252854,-0.13317202337472608,5240.0,4700.0,0.8158697047496791,0.0047364746287245,-0.000155262506765,-0.001156297732881
2020-07-15,2195.0,2205.0,2162.0,2203.0,854700.0,2203.0,2213.0,2192.1,2128.12,3526.92,3600.86,False,False,False,False,False,False,True,False,False,True,False,0.0031774852473899226,0.012256014525646845,,,0.0339900136177939,-0.6009623241034953,-0.04902405810258738,-0.129822968679074,-0.0066233427466458,-0.13357054878883262,5420.0,4830.0,0.8404956239551579,0.0039471458376407,-0.0007893287910837,-0.0009261395213603
2020-07-16,2158.0,2167.0,2101.0,2112.0,1342300.0,2112.0,2190.6,2194.3,2132.8,3496.4133333333334,3596.825,False,False,False,False,False,False,True,False,False,True,False,0.04734848484848485,0.06960227272727272,,,-0.0098484848484849,-0.6554987373737374,-0.02556818181818182,-0.05303030303030303,-0.0087251316587283,-0.13029212049400724,5560.0,4810.0,1.5704925704925703,0.0021942985746437,-0.0017528472629969,-0.0021017889120825
2020-07-17,2100.0,2154.0,2084.0,2150.0,791200.0,2150.0,2178.4,2193.4,2137.08,3467.08,3592.55,False,False,False,False,False,False,True,False,False,True,False,0.05813953488372093,0.03255813953488372,,,0.0060093023255814,-0.6125953488372092,-0.06790697674418604,-0.12976744186046513,-0.0084605297060735,-0.13216923497766028,5660.0,4725.0,0.5894360426134247,0.0020027327006942,-0.0001915658739495,0.0002646019526548
2020-07-20,2140.0,2188.0,2138.0,2178.0,746000.0,2178.0,2167.2,2192.7,2145.32,3437.4533333333334,3588.535,False,False,False,False,False,False,True,False,False,False,False,0.016988062442607896,0.0018365472910927456,,,0.0150045913682276,-0.5782614018977655,-0.10146923783287419,-0.13544536271809,-0.0086187836731843,-0.13417248141560625,5950.0,4710.0,0.9428715874620828,0.0038409188372831,0.0018381861365888,-0.0001582539671108
2020-07-21,2198.0,2225.0,2185.0,2216.0,1047000.0,2216.0,2171.8,2194.3,2154.08,3413.0666666666666,3584.8,False,False,False,False,False,False,True,False,False,False,False,0.04693140794223827,-0.007671480144404332,,,0.027942238267148,-0.5401925391095066,-0.1299638989169675,-0.15027075812274368,-0.0071450894601141,-0.13699129562958579,5940.0,4625.0,1.403485254691689,0.0040667013295698,0.0002257824922866,0.0014736942130702
2020-07-22,2185.0,2216.0,2139.0,2210.0,1124200.0,2210.0,2173.2,2193.1,2161.04,3389.9333333333334,3580.99,False,False,False,False,False,False,True,False,False,True,False,0.00904977375565611,-0.04072398190045249,,,0.0221538461538461,-0.5339064856711916,-0.10950226244343891,-0.13755656108597286,-0.0068241263348344,-0.13806939948018784,5710.0,4510.0,1.0737344794651384,0.0032206715285233,-0.0008460298010465,0.0003209631252796
2020-07-27,2180.0,2219.0,2175.0,2212.0,814100.0,2212.0,2193.2,2191.9,2167.56,3368.16,3577.115,False,False,False,False,False,False,True,False,False,True,False,0.021247739602169982,-0.07730560578661845,,,0.0200904159132007,-0.5226763110307413,-0.09855334538878843,-0.14963833634719712,-0.0064644593289313,-0.1343583192663899,1918.0,4515.0,0.724159402241594,0.0030079905515879,-0.0002126809769353,0.000359667005903
2020-07-28,2210.0,2294.0,2195.0,2275.0,1747700.0,2275.0,2218.2,2198.3,2177.12,3345.893333333333,3573.575,False,False,False,False,False,False,True,False,False,False,True,-0.024175824175824177,-0.0967032967032967,,,0.0430241758241758,-0.4707223443223441,-0.11472527472527473,-0.20307692307692307,-0.0066549242454432,-0.13696947641359236,2025.0,4580.0,2.146787863898784,0.0043911222165061,0.0013831316649182,-0.0001904649165118
2020-07-29,2283.0,2290.0,2210.0,2215.0,1142400.0,2215.0,2225.6,2196.4,2183.44,3321.093333333333,3569.995,False,False,False,False,False,False,True,False,False,True,False,-0.014898419864559819,-0.05688487584650113,,,0.0142483069977426,-0.4993649360421367,-0.10428893905191873,-0.19232505643340858,-0.0074674203675898,-0.14141322163540343,2047.0,5060.0,0.6536590948103221,0.002894515077126,-0.0014966071393801,-0.0008124961221466
2020-07-30,2260.0,2335.0,2173.0,2320.0,3430900.0,2320.0,2246.4,2209.1,2191.48,3296.2266666666665,3566.85,False,False,False,False,False,False,True,False,False,False,True,-0.052155172413793104,-0.07931034482758621,,,0.0553965517241379,-0.420787356321839,-0.16939655172413792,-0.2107758620689655,-0.0075439795806921,-0.1501516454664795,2077.0,4670.0,3.0032387955182074,0.0036687535364228,0.0007742384592967,-7.655921310232e-05
2020-07-31,2283.0,2306.0,2152.0,2230.0,2062000.0,2230.0,2250.4,2211.8,2197.0,3268.76,3563.08,False,False,False,False,False,False,True,False,False,True,False,-0.04932735426008968,-0.056950672645739914,,,0.0147982062780269,-0.4658116591928252,-0.16143497757847533,-0.16233183856502242,-0.0084027786275732,-0.15340446694999554,2044.0,4760.0,0.6010084817394853,0.00251251706873,-0.0011562364676927,-0.000858799046881
2020-08-03,2274.0,2293.0,2243.0,2259.0,1275500.0,2259.0,2259.8,2226.5,2201.12,3239.4133333333334,3559.43,False,False,False,False,False,False,True,False,False,True,False,-0.09650287737937141,-0.05799026117751217,,,0.0256219566179726,-0.4340032462741626,-0.17220008853474988,-0.17485613103142983,-0.0090592535273877,-0.16510217830675944,2004.0,4930.0,0.6185741998060136,0.0018717743694118,-0.0006407426993181,-0.0006564748998144
2020-08-04,2281.0,2314.0,2216.0,2220.0,1362600.0,2220.0,2248.8,2233.5,2203.64,3209.1466666666665,3555.505,False,False,False,False,False,False,True,False,False,True,False,-0.07432432432432433,-0.038288288288288286,,,0.0073693693693694,-0.4455615615615615,-0.1581081081081081,-0.1783783783783784,-0.0094313753188802,-0.16982314752630398,1960.0,4900.0,1.0682869462955704,0.0011435624693688,-0.000728211900043,-0.0003721217914925
2020-08-05,2205.0,2210.0,2143.0,2182.0,1276800.0,2182.0,2242.2,2233.9,2203.12,3176.7066666666665,3551.215,False,False,False,False,False,False,False,False,False,True,False,-0.042621448212648946,-0.04857928505957837,,,-0.0096791934005499,-0.4558692331194622,-0.13336388634280477,-0.1599450045829514,-0.0102118336390307,-0.17221003625945658,1976.0,4785.0,0.9370321444297668,-0.0002360289044627,-0.0013795913738316,-0.0007804583201505
2020-08-06,2219.0,2220.0,2183.0,2199.0,752300.0,2199.0,2218.0,2232.2,2203.4,3143.36,3546.885,False,False,False,False,False,False,True,False,False,False,False,-0.0286493860845839,-0.055025011368804,,,-0.0020009095043201,-0.429449749886312,-0.12050932241928149,-0.1696225557071396,-0.0106086056533983,-0.17413314219155984,1942.0,4895.0,0.5892073934837093,0.0001270763365708,0.0003631052410335,-0.0003967720143675
2020-08-07,2179.0,2194.0,2094.0,2120.0,1465500.0,2120.0,2196.0,2223.2,2200.76,3107.2266666666665,3541.935,False,False,False,False,False,False,False,False,False,True,False,-0.008018867924528302,-0.01179245283018868,,,-0.0380943396226416,-0.4656729559748426,-0.09575471698113208,-0.13349056603773585,-0.0116288051080922,-0.17389348686577902,1993.0,5180.0,1.948026053436129,-0.0011995855977025,-0.0013266619342733,-0.0010201994546938
2020-08-11,2083.0,2087.0,2001.0,2041.0,1476300.0,2041.0,2152.4,2206.1,2198.8,3070.306666666667,3536.84,False,False,False,False,False,False,False,False,False,False,False,0.04262616364527193,0.008329250367466928,,,-0.0773150416462519,-0.5043148783276172,-0.05438510534051935,-0.11317981381675649,-0.012024857451807,-0.17070849009564387,1995.0,5120.0,1.007369498464688,-0.0008913953065308,0.0003081902911717,-0.0003960523437148
2020-08-12,2028.0,2055.0,2013.0,2055.0,940800.0,2055.0,2119.4,2184.1,2194.64,3034.7066666666665,3531.715,False,False,False,False,False,False,False,False,False,True,False,0.038929440389294405,-0.024817518248175182,,,-0.0679513381995133,-0.4767429034874289,-0.04184914841849149,-0.11678832116788321,-0.0117309525797112,-0.16226363261755408,2043.0,5240.0,0.6372688477951636,-0.0018955272846573,-0.0010041319781264,0.0002939048720957
2020-08-13,2055.0,2095.0,2039.0,2089.0,908700.0,2089.0,2100.8,2171.5,2190.8,2999.76,3526.61,False,False,False,False,False,False,False,False,False,False,False,-0.006223073240785065,-0.06318812829104835,,,-0.0487314504547631,-0.4359789372905697,-0.026328386787936812,-0.15749162278602202,-0.0116498208745587,-0.15873819940133552,1972.0,5260.0,0.9658801020408164,-0.0017527843710058,0.0001427429136514,8.113170515256646e-05
2020-08-14,2113.0,2145.0,2106.0,2136.0,849300.0,2136.0,2088.2,2153.1,2188.24,2966.5733333333333,3521.94,False,False,False,False,False,False,False,False,False,False,False,-0.027153558052434457,-0.09737827715355805,,,-0.0244569288389512,-0.3888451935081148,-0.03089887640449438,-0.17883895131086142,-0.0111868688003668,-0.1551251683618968,1997.0,5240.0,0.9346318917134367,-0.001169889957226,0.0005828944137798,0.0004629520741918
2020-08-17,2108.0,2128.0,2101.0,2103.0,577300.0,2103.0,2084.8,2140.4,2183.48,2934.48,3517.055,False,False,False,False,False,False,False,False,False,True,False,-0.0038040893961008085,-0.06419400855920114,,,-0.0382691393247741,-0.3953780313837375,-0.015691868758915834,-0.1830718021873514,-0.0109366338613087,-0.1571201644552421,2036.0,5420.0,0.6797362533851407,-0.0021800062285891,-0.001010116271363,0.0002502349390581
2020-08-18,2101.0,2134.0,2087.0,2128.0,612600.0,2128.0,2102.2,2127.3,2179.64,2902.653333333333,3512.445,False,False,False,False,False,False,False,False,False,False,False,-0.03289473684210526,-0.06296992481203008,,,-0.024266917293233,-0.3640288220551377,-0.0568609022556391,-0.18468045112781956,-0.0109646805910914,-0.15799370093545814,2049.0,5560.0,1.0611467174779143,-0.0017617588225579,0.0004182474060311,-2.80467297826912e-05
2020-08-19,2124.0,2150.0,2108.0,2135.0,604300.0,2135.0,2118.2,2118.8,2176.6,2870.0533333333333,3507.695,False,False,False,False,False,False,False,False,False,False,False,-0.06135831381733021,-0.05667447306791569,,,-0.0194847775175643,-0.344287275565964,-0.04262295081967213,-0.18360655737704917,-0.0113586739386956,-0.15843873890881643,2036.0,5660.0,0.9864511916421808,-0.0013966737112928,0.000365085111265,-0.0003939933476042
2020-08-20,2111.0,2112.0,2066.0,2076.0,731900.0,2076.0,2115.6,2108.2,2170.28,2830.266666666667,3502.625,False,False,False,False,False,False,False,False,False,True,False,-0.057321772639691716,-0.04431599229287091,,,-0.0454142581888247,-0.3633269107257547,-0.014450867052023121,-0.17870905587668592,-0.0140575681914541,-0.16027891091926758,2057.0,5950.0,1.2111534006288267,-0.0029120666457782,-0.0015153929344854,-0.0026988942527585
2020-08-21,2086.0,2088.0,2048.0,2078.0,618000.0,2078.0,2104.0,2096.1,2165.68,2795.7066666666665,3497.715,False,False,False,False,False,False,False,False,False,False,False,-0.07218479307025986,-0.0726660250240616,,,-0.0421944177093358,-0.3453833814565286,-0.002406159769008662,-0.1737247353224254,-0.0123618119211363,-0.16063164925337522,2119.0,5940.0,0.8443776472195655,-0.0021240441801191,0.0007880224656591,0.0016957562703178
2020-08-24,2068.0,2102.0,2052.0,2095.0,547900.0,2095.0,2102.4,2093.6,2161.36,2760.173333333333,3492.715,False,False,False,False,False,False,False,False,False,False,False,-0.06062052505966587,-0.10739856801909307,,,-0.0316754176610979,-0.3175051710421638,-0.03914081145584725,-0.15990453460620524,-0.0128735876490848,-0.16330722200993497,2092.0,5710.0,0.8865695792880259,-0.0019987415331086,0.0001253026470104,-0.0005117757279484
2020-08-25,2085.0,2087.0,2058.0,2058.0,669000.0,2058.0,2088.4,2095.3,2159.2,2721.88,3487.43,False,False,False,False,False,False,False,False,False,False,False,-0.031098153547133137,-0.0913508260447036,,,-0.0491739552964041,-0.3225850340136055,-0.047619047619047616,-0.13702623906705538,-0.0140687074130134,-0.16560874337803666,2156.0,1918.0,1.2210257346231064,-0.0010003705075955,0.000998371025513,-0.0011951197639286
2020-08-26,2048.0,2048.0,1992.0,2004.0,1321800.0,2004.0,2062.2,2090.2,2153.36,2683.266666666667,3481.925,False,False,False,False,False,False,False,False,False,True,False,0.00499001996007984,-0.06736526946107785,,,-0.0745309381237525,-0.3389554224883567,0.011477045908183632,-0.10878243512974052,-0.0143904196377549,-0.16496029088125527,2157.0,2025.0,1.975784753363229,-0.0027120407177618,-0.0017116702101663,-0.0003217122247414
2020-08-27,1986.0,2004.0,1956.0,1957.0,1118000.0,1957.0,2038.4,2077.0,2144.52,2645.56,3475.435,False,False,False,False,False,False,False,False,False,True,False,0.013796627491057742,-0.03372508942258559,,,-0.0958201328564128,-0.3518446601941747,0.019417475728155338,-0.08942258559018906,-0.0142528109990576,-0.1585941261434762,2195.0,2047.0,0.8458163110909366,-0.0041221345569172,-0.0014100938391553,0.0001376086386972
2020-08-28,1956.0,1977.0,1895.0,1928.0,1323600.0,1928.0,2008.4,2056.2,2133.0,2606.0,3467.925,False,False,False,False,False,False,False,False,False,True,False,-0.0005186721991701245,0.0031120331950207467,,,-0.1063278008298755,-0.3516597510373444,0.04045643153526971,-0.04512448132780083,-0.0151803530314658,-0.14585157085886583,2192.0,2077.0,1.1838998211091234,-0.0054008438818565,-0.0012787093249392,-0.0009275420324081
2020-08-31,1920.0,1974.0,1912.0,1968.0,886900.0,1968.0,1983.0,2042.7,2123.32,2563.173333333333,3460.565,False,False,False,False,False,False,False,False,False,False,False,-0.049796747967479675,-0.025914634146341462,,,-0.0789227642276423,-0.3024254742547425,0.025914634146341462,-0.07317073170731707,-0.0167084551441443,-0.1350173789592206,2186.0,2044.0,0.670066485343004,-0.0045588983290318,0.0008419455528247,-0.0015281021126784
2020-09-01,1983.0,1996.0,1948.0,1994.0,634800.0,1994.0,1970.2,2029.3,2114.6,2521.4933333333333,3453.41,False,False,False,False,False,False,False,False,False,False,False,-0.062186559679037114,-0.0320962888665998,,,-0.0604814443329989,-0.2645402875292544,0.011534603811434303,-0.11083249749247744,-0.0165298870510596,-0.1274331050115803,2090.0,2004.0,0.7157514939677528,-0.0041237113402063,0.0004351869888255,0.0001785680930846
2020-09-02,2044.0,2062.0,1980.0,2014.0,1149700.0,2014.0,1972.2,2017.2,2104.16,2478.48,3446.23,False,False,False,False,False,False,False,False,False,True,False,-0.07199602780536246,-0.022343594836146972,,,-0.0447666335650446,-0.2306256206554121,0.010923535253227408,-0.09781529294935452,-0.0173547227870845,-0.11853063652587752,2159.0,1960.0,1.8111216131064904,-0.0049615998783362,-0.0008378885381299,-0.0008248357360249
2020-09-03,2000.0,2019.0,1968.0,1984.0,821300.0,1984.0,1977.6,2008.0,2094.92,2434.8,3438.85,False,False,False,False,False,False,False,False,False,False,False,-0.046875,0.025201612903225805,,,-0.0559072580645161,-0.2272177419354839,0.034274193548387094,-0.1003024193548387,-0.017939871858058,-0.11050796812749009,2185.0,1976.0,0.7143602678959728,-0.0044106696198421,0.000550930258494,-0.0005851490709735
2020-09-04,1922.0,1948.0,1905.0,1927.0,919900.0,1927.0,1977.4,1992.9,2079.2,2390.6266666666666,3431.685,False,False,False,False,False,False,False,False,False,True,False,0.0036325895173845357,0.0742086144265698,,,-0.0789828749351322,-0.2405950527590381,0.0908147379346134,-0.08199273482096522,-0.0184777213227216,-0.10115911485774506,2200.0,1942.0,1.1200535736028248,-0.0075606002308581,-0.0031499306110159,-0.0005378494646635
2020-09-07,1923.0,1925.0,1860.0,1870.0,777400.0,1870.0,1957.8,1970.4,2064.8,2343.293333333333,3424.21,False,False,False,False,False,False,False,False,False,False,False,0.025133689839572194,0.10695187165775401,,,-0.1041711229946525,-0.2530980392156861,0.10748663101604278,-0.045989304812834225,-0.0201994913142188,-0.0896772228989038,2222.0,1993.0,0.8450918578106316,-0.0069740410693527,0.0005865591615053,-0.0017217699914971
2020-09-08,1859.0,1870.0,1824.0,1870.0,1000800.0,1870.0,1933.0,1951.6,2049.24,2294.093333333333,3416.835,False,False,False,False,False,False,False,False,False,True,False,0.03208556149732621,0.0732620320855615,,,-0.095850267379679,-0.2267878787878785,0.0748663101604278,-0.04759358288770053,-0.0214463811411335,-0.0806517729042836,2224.0,1995.0,1.2873681502444043,-0.0075930588901253,-0.0006190178207725,-0.0012468898269147
2020-09-09,1839.0,1869.0,1828.0,1869.0,914700.0,1869.0,1904.0,1938.1,2035.2,2243.5466666666666,3409.655,False,False,False,False,False,False,False,False,False,False,False,0.05350454788657036,0.09363295880149813,,,-0.0889245585874799,-0.2003995006242197,0.07811663991439273,-0.027822364901016586,-0.022529804000808,-0.07264847015117896,2211.0,2043.0,0.913968824940048,-0.0068985849056602,0.000694473984465,-0.0010834228596744
2020-09-10,1890.0,1914.0,1882.0,1891.0,718000.0,1891.0,1885.4,1931.5,2023.56,2189.4266666666667,3402.61,False,False,False,False,False,False,False,False,False,False,False,0.07562136435748282,0.08196721311475409,,,-0.0701004759386567,-0.1578142076502732,0.05129561078794289,-0.0375462718138551,-0.0247188000511548,-0.06751229614289417,2234.0,1972.0,0.7849568164425494,-0.005752238628951,0.0011463462767092,-0.0021889960503468
2020-09-11,1919.0,1934.0,1893.0,1934.0,687700.0,1934.0,1886.8,1932.1,2012.96,2136.0133333333333,3395.33,False,False,False,False,False,False,False,False,False,False,False,0.0703205791106515,0.0718717683557394,,,-0.0408273009307135,-0.1044536366770079,0.020682523267838676,-0.05532574974146846,-0.0250060861043314,-0.06852647378500071,2193.0,1997.0,0.957799442896936,-0.0052658771162864,0.0004863615126645,-0.0002872860531765
2020-09-14,1907.0,1924.0,1890.0,1917.0,632800.0,1917.0,1896.2,1927.0,2004.84,2085.44,3387.74,False,False,False,False,False,False,False,False,False,False,False,0.07981220657276995,0.050078247261345854,,,-0.0458215962441314,-0.0878664580073031,-0.003129890453834116,-0.03495044340114763,-0.0242506777146948,-0.0647119875454074,2203.0,2036.0,0.9201686782027046,-0.0040501985195826,0.0012156785967037,0.0007554083896366
2020-09-15,1912.0,1933.0,1899.0,1930.0,633400.0,1930.0,1908.2,1920.6,2000.4,2085.6,3379.89,False,False,False,False,False,False,False,True,False,False,False,0.03989637305699482,0.015544041450777202,,,-0.0364766839378238,-0.080621761658031,-0.010880829015544042,-0.04145077720207254,7.671653241266517e-05,-0.0575861709882328,2112.0,2049.0,1.0009481668773703,-0.0022195560887821,0.0018306424308005,0.0243273942471075
2020-09-16,1936.0,1969.0,1933.0,1969.0,664600.0,1969.0,1928.2,1916.1,1996.96,2084.853333333333,3372.285,False,False,False,False,False,False,False,False,False,False,False,0.03809040121889284,0.029456576942610464,,,-0.0142001015744032,-0.0588386659895038,-0.02488572879634332,-0.043169121381411886,-0.0003581387020031,-0.05187620687855533,2150.0,2036.0,1.0492579728449636,-0.0017226183799375,0.0004969377088446,-0.0004348552344157
2020-09-17,1985.0,2037.0,1978.0,2034.0,1174800.0,2034.0,1956.8,1921.1,1994.76,2084.68,3364.905,False,False,False,False,True,False,False,False,False,False,True,0.0058997050147492625,-0.019174041297935103,,,0.01929203539823,-0.0249164208456243,-0.04965585054080629,-0.06981317600786627,-8.314625426116992e-05,-0.04877413981573048,2178.0,2057.0,1.7676798074029492,-0.0011028895706751,0.0006197288092623,0.0002749924477419
2020-09-18,2053.0,2097.0,2038.0,2070.0,2494800.0,2070.0,1984.0,1935.4,1992.12,2084.5866666666666,3358.005,False,False,False,False,False,False,False,False,False,True,False,0.0014492753623188406,-0.030917874396135265,,,0.0376231884057971,-0.0070466988727857,-0.06714975845410628,-0.0821256038647343,-4.4773064524341416e-05,-0.04903379146429683,2216.0,2119.0,2.1235955056179776,-0.0013252213722065,-0.0002223318015313,3.83731897368285e-05
2020-09-23,2099.0,2102.0,2062.0,2070.0,938500.0,2070.0,2014.6,1955.4,1990.8,2084.9333333333334,3351.255,False,False,False,False,False,False,False,True,False,False,False,-0.02753623188405797,-0.02463768115942029,,,0.0382608695652174,-0.0072141706924315,-0.06280193236714976,-0.07922705314009662,0.0001662723028714,-0.05252122327912449,2210.0,2092.0,0.3761824595157928,-0.0006630500301386,0.0006621713420679,0.0002110453673958
2020-09-24,2035.0,2052.0,1994.0,2007.0,869600.0,2007.0,2030.0,1969.1,1985.96,2084.9733333333334,3344.14,False,False,False,False,False,False,False,True,False,True,False,-0.023418036870951668,0.004982561036372696,,,0.0104833084205281,-0.0388506892542767,-0.0981564524165421,-0.05829596412556054,1.91848976485536e-05,-0.053577776649230614,2212.0,2156.0,0.9265849760255728,-0.0024371085016817,-0.0017740584715431,-0.0001470874052229
2020-09-25,2038.0,2059.0,2018.0,2044.0,745500.0,2044.0,2045.0,1986.6,1982.32,2086.093333333333,3337.185,False,False,False,False,False,False,False,True,False,False,False,-0.008317025440313111,-0.003913894324853229,,,0.0301761252446184,-0.0205936073059358,-0.11203522504892367,-0.07045009784735812,0.0005368887298104,-0.05773683680660416,2275.0,2157.0,0.8572907083716651,-0.0018362322934743,0.0006008762082074,0.0005177038321619
2020-09-28,2080.0,2084.0,2021.0,2046.0,635000.0,2046.0,2047.4,2002.1,1981.12,2087.026666666666,3330.265,False,False,False,False,False,False,False,True,False,False,False,-0.024926686217008796,0.002932551319648094,,,0.0317106549364614,-0.0200521342456823,-0.06989247311827956,-0.05083088954056696,0.0004472071910916,-0.05893811497927177,2215.0,2195.0,0.85177733065057,-0.0006057179777096,0.0012305143157647,-8.968153871881471e-05
2020-09-29,2022.0,2083.0,2021.0,2073.0,731300.0,2073.0,2048.0,2016.0,1980.92,2088.773333333333,3323.53,False,False,False,False,False,False,False,True,False,False,False,-0.032320308731307285,0.013989387361312108,,,0.044418716835504,-0.0076089403441066,-0.07621804148576941,-0.07380607814761216,0.0008362164715496,-0.06081349206349202,2320.0,2192.0,1.1516535433070867,-0.0001009631888212,0.0005047547888883,0.0003890092804579
2020-09-30,2063.0,2072.0,2013.0,2013.0,719000.0,2013.0,2036.6,2025.6,1977.64,2089.04,3316.37,False,False,False,False,False,False,False,True,False,True,False,0.0029806259314456036,0.028812717337307503,,,0.017565822155986,-0.0377744659711872,-0.04769001490312966,-0.04769001490312966,0.0001276503401882,-0.06195695102685624,2230.0,2186.0,0.9831806372213866,-0.0016585425052082,-0.0015575793163869,-0.0007085661313613
2020-10-02,2030.0,2042.0,1956.0,1960.0,832200.0,1960.0,2027.2,2028.6,1973.72,2088.5733333333333,3308.845,False,False,False,False,False,True,False,False,False,True,False,0.029081632653061223,0.025510204081632654,,,-0.007,-0.0655986394557822,0.02040816326530612,-0.034183673469387756,-0.0002234380087204,-0.06122448979591828,2259.0,2090.0,1.1574408901251738,-0.0019860973187686,-0.0003275548135604,-0.0003510883489087
2020-10-05,1974.0,2042.0,1974.0,2027.0,771000.0,2027.0,2023.8,2034.4,1974.64,2088.36,3301.03,False,False,False,False,False,False,True,False,False,False,False,0.004440059200789344,-0.0059200789343857915,,,0.0258312777503699,-0.0302713369511594,-0.07696102614701529,-0.05180069067587568,-0.0001021535239772,-0.06203303185214316,2220.0,2159.0,0.9264599855803892,0.0004659077097597,0.0024520050285284,0.0001212844847432
2020-10-06,2039.0,2046.0,1984.0,1995.0,690900.0,1995.0,2013.6,2030.5,1976.16,2088.6666666666665,3293.155,False,False,False,False,False,False,True,True,False,False,False,0.02857142857142857,-0.0035087719298245615,,,0.0094436090225563,-0.0469507101086047,-0.056140350877192984,-0.04461152882205514,0.0001468241302264,-0.059541984732824474,2182.0,2185.0,0.8961089494163424,0.0007691684883814,0.0003032607786217,0.0002489776542037
2020-10-07,2001.0,2038.0,1999.0,2006.0,527000.0,2006.0,2000.2,2024.1,1979.28,2088.786666666667,3285.26,False,False,False,False,False,False,True,True,True,False,False,0.047856430707876374,-0.015952143569292122,,,0.0133200398803589,-0.0412695247590562,-0.0613160518444666,-0.07178464606181456,5.7449619875180616e-05,-0.05844572896596016,2199.0,2200.0,0.7627731943841366,0.0015763307869527,0.0008071622985712,-8.93745103513057e-05
2020-10-08,2011.0,2026.0,1992.0,2019.0,525000.0,2019.0,2001.4,2019.0,1981.32,2088.56,3277.43,False,False,False,False,False,False,True,False,False,True,False,0.025755324418028726,-0.05349182763744428,,,0.0186627043090639,-0.0344526993561168,-0.05596830113917781,-0.03417533432392273,-0.000108527725642,-0.05388806339772162,2120.0,2222.0,0.9962049335863378,0.0010296166192235,-0.0005467141677292,-0.0001659773455172
2020-10-09,2029.0,2030.0,2002.0,2017.0,483700.0,2017.0,2012.8,2020.0,1982.24,2088.133333333333,3269.39,False,False,False,False,False,False,True,False,False,True,False,-0.0034705007436787306,-0.053544868616757564,,,0.0172335151214675,-0.0352668980333828,-0.06742687159147248,-0.0034705007436787306,-0.0002043292254645,-0.048415841584158396,2041.0,2224.0,0.9213333333333332,0.0004641213980144,-0.0005654952212091,-9.580149982253308e-05
2020-10-12,2000.0,2042.0,1991.0,2036.0,666500.0,2036.0,2014.6,2019.2,1983.12,2088.133333333333,3261.745,False,False,False,False,False,False,True,False,False,True,False,-0.01031434184675835,-0.05697445972495088,,,0.0259724950884087,-0.0256057629338571,-0.10952848722986247,-0.04223968565815324,0.0,-0.04556259904912836,2055.0,2211.0,1.377920198470126,0.0004437452095687,-2.037618844570355e-05,0.0002043292254645
2020-10-13,2036.0,2056.0,2022.0,2052.0,759800.0,2052.0,2026.0,2019.8,1985.84,2088.0666666666666,3254.18,False,False,False,False,False,False,True,False,True,False,False,-0.031189083820662766,-0.05799220272904483,,,0.0322417153996101,-0.0175763482781026,-0.12816764132553607,-0.06920077972709551,-3.192746080901282e-05,-0.04743043865729278,2089.0,2234.0,1.1399849962490622,0.0013696974580026,0.0009259522484339,-3.192746080901282e-05
2020-10-14,2055.0,2118.0,2051.0,2102.0,1019200.0,2102.0,2045.2,2022.7,1992.84,2087.84,3246.84,False,False,False,False,False,False,True,False,False,False,False,-0.060894386298763085,-0.08135109419600381,,,0.0519314938154139,0.0067364414843005,-0.12892483349191247,-0.053758325404376785,-0.0001085651518633,-0.04538488159390911,2136.0,2193.0,1.341405633061332,0.0035125750185664,0.0021428775605637,-7.663769105437733e-05
2020-10-15,2097.0,2097.0,2052.0,2071.0,660900.0,2071.0,2055.6,2028.5,2000.88,2087.56,3239.295,False,False,False,False,False,False,True,False,False,False,False,-0.0772573635924674,-0.06325446644133269,,,0.0338580395943987,-0.0079961371318203,-0.09802028005794303,-0.03669724770642202,-0.0001341278813544,-0.044269164407197414,2103.0,2203.0,0.6484497645211931,0.0040182319779298,0.0005056569593633,-2.556272949101408e-05
2020-10-16,2074.0,2080.0,1998.0,2010.0,642800.0,2010.0,2054.2,2033.5,2006.48,2085.613333333333,3231.47,False,False,False,False,False,False,True,False,False,True,False,-0.050248756218905476,-0.09950248756218906,,,0.0017512437810945,-0.0376185737976779,-0.07263681592039802,-0.008955223880597015,-0.0009333785105582,-0.041750676174084136,2128.0,2112.0,0.9726131033439248,0.0027909572983532,-0.0012272746795765,-0.0007992506292038
2020-10-19,2014.0,2024.0,1992.0,2015.0,390900.0,2015.0,2050.0,2032.3,2012.32,2083.72,3223.695,False,False,False,False,False,False,True,False,False,False,False,-0.04714640198511166,-0.09925558312655088,,,0.0013300248138958,-0.0341042183622827,-0.09478908188585608,-0.02183622828784119,-0.0009086313580197,-0.038773803080253876,2135.0,2150.0,0.6081207218419415,0.0029021229227955,0.0001111656244422,2.4747152538506984e-05
2020-10-20,1989.0,2009.0,1974.0,1988.0,479300.0,1988.0,2037.2,2031.6,2016.2,2080.96,3215.785,False,False,False,False,False,False,True,False,False,True,False,-0.02766599597585513,-0.04275653923541248,,,-0.0141851106639839,-0.0467605633802817,-0.07796780684104627,-0.02112676056338028,-0.0013263109334152,-0.036473715298287024,2076.0,2178.0,1.2261447940649783,0.0019244122606884,-0.000977710662107,-0.0004176795753954
2020-10-21,1987.0,1996.0,1974.0,1974.0,393300.0,1974.0,2011.6,2028.4,2017.8,2078.0533333333333,3207.755,False,False,False,False,False,False,True,False,False,True,False,-0.021783181357649443,-0.02988855116514691,,,-0.0221884498480242,-0.0527119216480918,-0.07497467071935157,-0.0121580547112462,-0.0013987449792755,-0.03061526326168415,2078.0,2216.0,0.820571667014396,0.0007929428089998,-0.0011314694516886,-7.243404586028358e-05
2020-10-22,1958.0,1958.0,1908.0,1911.0,655100.0,1911.0,1979.6,2017.6,2017.56,2074.3866666666668,3199.385,False,False,False,False,False,False,False,False,False,True,False,0.015175300889586603,0.0031397174254317113,,,-0.0557613814756671,-0.0854979940694227,-0.03872318158032444,0.008895866038723181,-0.001767590741681,-0.02651665344964314,2095.0,2210.0,1.6656496313246885,-0.0001189555700945,-0.0009118983790944,-0.0003688457624054
2020-10-23,1880.0,1920.0,1865.0,1909.0,791900.0,1909.0,1959.4,2006.8,2016.72,2071.9733333333334,3190.505,False,False,False,False,False,False,False,False,False,True,False,-0.05185961236249345,0.047668936616029334,,,-0.0564274489261393,-0.0853710494150515,-0.05185961236249345,-0.010476689366160294,-0.0011647511550985,-0.02730715567071953,2058.0,2212.0,1.2088230804457334,-0.0004165179102701,-0.0002975623401755,0.0006028395865824
2020-10-26,1949.0,1959.0,1913.0,1920.0,594300.0,1920.0,1940.4,1995.2,2014.76,2068.786666666667,3181.305,False,False,False,False,False,False,False,False,False,True,False,-0.0546875,-0.025520833333333333,,,-0.0493541666666666,-0.0774930555555556,-0.0546875,-0.0078125,-0.0015403553773869,-0.023907377706495613,2004.0,2275.0,0.7504735446394747,-0.0009728205840894,-0.0005563026738193,-0.0003756042222884
2020-10-27,1895.0,1933.0,1873.0,1933.0,580700.0,1933.0,1929.4,1983.3,2010.72,2065.4266666666667,3172.17,False,False,False,False,False,False,False,False,False,True,False,-0.015519917227108122,-0.02586652871184687,,,-0.0402069322296947,-0.0685083635109502,-0.08949818934299017,-0.026901189860320744,-0.0016267825211256,-0.019512932990470452,1957.0,2215.0,0.977115934713108,-0.0020092305243892,-0.0010364099402998,-8.642714373865491e-05
2020-10-28,1927.0,1947.0,1913.0,1931.0,542400.0,1931.0,1920.8,1966.2,2005.16,2061.84,3162.475,False,False,False,False,False,False,False,False,False,True,False,-0.008285862247540134,-0.024857586742620404,,,-0.0384049715173485,-0.0677576385292595,-0.09166235111341274,-0.021750388399792854,-0.0017395465538871,-0.016071610212592888,1928.0,2320.0,0.9340451179610816,-0.0027728460571724,-0.0007636155327832,-0.0001127640327614
2020-10-29,1922.0,2016.0,1922.0,1940.0,1408800.0,1940.0,1926.6,1953.1,1999.96,2058.08,3152.825,False,False,False,False,False,False,False,False,False,False,False,-0.011855670103092783,-0.01752577319587629,,,-0.0309072164948453,-0.0608659793814432,-0.11443298969072165,-0.06701030927835051,-0.0018269455026044,-0.018944242486303827,1968.0,2230.0,2.5973451327433628,-0.00260005200104,0.0001727940561324,-8.739894871737054e-05
2020-10-30,1910.0,1934.0,1808.0,1810.0,1291600.0,1810.0,1906.8,1933.1,1992.08,2052.56,3142.35,False,False,False,False,False,False,False,False,False,True,False,0.10497237569060773,0.039226519337016576,,,-0.1005966850828729,-0.1340110497237568,-0.04143646408839779,0.014364640883977901,-0.0026893245508048,-0.016864104288448558,1994.0,2259.0,0.916808631459398,-0.0039556644311473,-0.0013556124301073,-0.0008623790482003
2020-11-02,1820.0,1847.0,1791.0,1815.0,734600.0,1815.0,1885.8,1913.1,1982.92,2047.28,3131.325,False,False,False,False,False,False,False,False,False,True,False,0.03085399449035813,-0.0011019283746556473,,,-0.0925179063360882,-0.1279779614325068,-0.03966942148760331,-0.024242424242424242,-0.0025790316908287,-0.017040405624379234,2014.0,2220.0,0.568751935583772,-0.0046194501038871,-0.0006637856727397,0.000110292859976
2020-11-04,1855.0,1908.0,1843.0,1903.0,749500.0,1903.0,1879.8,1904.6,1977.2,2042.8666666666663,3121.015,False,False,False,False,False,False,False,False,False,False,False,-0.010509721492380452,-0.05990541250656858,,,-0.0389910667367315,-0.0734979856367137,-0.10404624277456648,-0.03573305307409354,-0.0021603628887512,-0.018481570933529257,1984.0,2182.0,1.0202831472910427,-0.0028929799716771,0.0017264701322099,0.0004186688020775
2020-11-05,1919.0,1938.0,1902.0,1915.0,807100.0,1915.0,1876.6,1898.7,1970.88,2039.16,3110.49,False,False,False,False,False,False,False,False,False,True,False,-0.01671018276762402,-0.04386422976501306,,,-0.0291801566579635,-0.0648355091383812,-0.10339425587467363,-0.029242819843342035,-0.0018177419460298,-0.020224364038552742,1927.0,2199.0,1.076851234156104,-0.0032066893976294,-0.0003137094259523,0.0003426209427213
2020-11-06,1916.0,1928.0,1896.0,1917.0,554000.0,1917.0,1872.0,1899.3,1967.04,2035.3466666666664,3099.925,False,False,False,False,False,False,False,False,False,False,False,-0.005738132498695879,-0.02556077203964528,,,-0.0261032863849765,-0.0617353503738478,-0.08189880020865936,-0.03808033385498174,-0.0018735547097629,-0.024956562944242543,1870.0,2120.0,0.6864081278651963,-0.0019521717911176,0.0012545176065117,-5.581276373312679e-05
2020-11-09,1948.0,2010.0,1939.0,2000.0,921700.0,2000.0,1910.0,1908.4,1968.64,2033.8533333333328,3089.325,False,False,False,False,True,False,True,False,False,False,True,-0.0595,-0.068,,,0.0156799999999999,-0.0169266666666663,-0.112,-0.091,-0.0007342384570504,-0.033326346677845384,1870.0,2041.0,1.663718411552347,0.000812743823147,0.0027649156142647,0.0011393162527125
2020-11-10,2001.0,2001.0,1863.0,1871.0,1048100.0,1871.0,1921.2,1903.5,1962.4,2030.1333333333328,3077.98,False,False,False,False,False,False,False,False,False,True,False,-0.03099946552645644,-0.02512025654730091,,,-0.0488508818813469,-0.0850525565651166,-0.045430251202565476,-0.022982362373062535,-0.0018323919611189,-0.03488311006041507,1869.0,2055.0,1.1371378973635673,-0.0031797798613942,-0.0039925236845412,-0.0010981535040684
2020-11-11,1875.0,1885.0,1836.0,1883.0,791200.0,1883.0,1917.2,1898.5,1957.92,2026.2,3066.795,False,False,False,False,False,False,False,False,False,False,False,-0.04992033988316516,-0.026553372278279343,,,-0.0397875730217738,-0.076048858204992,-0.05363781200212427,-0.03345724907063197,-0.0019412364689236,-0.0355543850408217,1891.0,2089.0,0.7548898005915466,-0.0022881425185911,0.000891637342803,-0.0001088445078047
2020-11-12,1919.0,1922.0,1875.0,1883.0,747100.0,1883.0,1910.8,1893.7,1953.0,2021.76,3055.71,False,False,False,False,False,False,False,False,False,True,False,-0.027615507169410514,-0.03027084439723845,,,-0.037174721189591,-0.0736909187466808,-0.022304832713754646,-0.032926181625066386,-0.002196106362773,-0.03670063896076464,1934.0,2136.0,0.9442618806875632,-0.0025192012288786,-0.0002310587102875,-0.0002548698938493
2020-11-13,1902.0,1913.0,1887.0,1906.0,623300.0,1906.0,1908.6,1890.3,1948.48,2017.7066666666667,3044.765,False,False,False,False,False,False,False,False,False,False,False,-0.01993704092339979,-0.03620146904512067,,,-0.0222875131164743,-0.0586079048618398,-0.04302203567681007,-0.035676810073452254,-0.0020088813702685,-0.03348674813521661,1917.0,2103.0,0.834292598045777,-0.0023197569387419,0.0001994442901367,0.0001872249925045
2020-11-16,1905.0,1905.0,1871.0,1881.0,535100.0,1881.0,1884.8,1897.4,1943.04,2013.2933333333333,3033.17,False,False,False,False,False,False,False,False,False,True,True,-0.009037745879851143,-0.037745879851143006,,,-0.0329824561403508,-0.0703313840155945,-0.05741626794258373,0.009037745879851143,-0.0021920965317192,-0.033835775271424076,1930.0,2128.0,0.8584951066901974,-0.0027997364953886,-0.0004799795566467,-0.0001832151614506
2020-11-17,1867.0,1867.0,1796.0,1813.0,942300.0,1813.0,1873.2,1897.2,1934.12,2007.1333333333328,3021.185,False,False,False,False,False,False,False,False,False,True,False,0.006067291781577496,0.0011031439602868175,,,-0.0668063982349696,-0.107078507078507,0.002206287920573635,0.052950910093767234,-0.0030690537084399,-0.026460046384145078,1969.0,2135.0,1.7609792562137918,-0.0046119165305152,-0.0018121800351265,-0.0008769571767207
2020-11-18,1791.0,1809.0,1772.0,1789.0,998700.0,1789.0,1854.4,1885.8,1923.6,2001.4533333333327,3008.88,False,False,False,False,False,False,False,False,False,True,False,0.024594745667970933,-0.01621017328116266,,,-0.0752375628842928,-0.1187553568101359,-0.0022358859698155395,0.07602012297372834,-0.0028379377652239,-0.015802312016120455,2034.0,2076.0,1.0598535498248964,-0.005468912455812,-0.0008569959252968,0.0002311159432159
2020-11-19,1820.0,1850.0,1805.0,1831.0,615200.0,1831.0,1844.0,1877.4,1912.76,1994.9333333333327,2996.36,False,False,False,False,False,False,False,False,False,True,False,-0.002730748225013654,-0.042053522665210265,,,-0.0446531949754232,-0.0895321318041142,-0.03386127799016931,0.06826870562534135,-0.0032682796417591,-0.006232023010546524,2070.0,2078.0,0.6160008010413538,-0.0056672034128693,-0.0001982909570573,-0.0004303418765351
2020-11-20,1839.0,1879.0,1832.0,1868.0,694100.0,1868.0,1836.4,1872.5,1904.64,1990.1066666666663,2984.225,False,False,False,False,False,False,False,False,False,False,False,-0.016595289079229122,-0.08029978586723768,,,-0.0196145610278373,-0.0653675945753031,-0.044967880085653104,0.04336188436830835,-0.0024253306355439,0.0019759679572763926,2070.0,2095.0,1.1282509752925878,-0.0042632728494623,0.001403930563407,0.0008429490062152
2020-11-24,1871.0,1891.0,1858.0,1864.0,595200.0,1864.0,1833.0,1858.9,1898.8,1984.84,2972.545,False,False,False,False,False,False,False,False,False,False,False,-0.028969957081545063,-0.06920600858369098,,,-0.0186695278969956,-0.0648283261802574,-0.04452789699570815,0.04935622317596566,-0.0026534464574809,0.01673032438538916,2007.0,2058.0,0.8575133266099986,-0.0030756267116074,0.0011876461378549,-0.000228115821937
2020-11-25,1865.0,1865.0,1814.0,1824.0,864700.0,1824.0,1835.2,1854.2,1891.16,1979.56,2960.915,False,False,False,False,False,False,False,False,False,True,False,-0.004934210526315789,-0.044407894736842105,,,-0.0368201754385965,-0.0852850877192982,-0.003837719298245614,0.0893640350877193,-0.0026672593909757,0.027882644806385526,2044.0,2004.0,1.4527889784946235,-0.0040398485585565,-0.0009642218469491,-1.3812933494841088e-05
2020-11-26,1800.0,1837.0,1778.0,1833.0,898800.0,1833.0,1844.0,1849.2,1884.96,1974.9066666666668,2950.23,False,False,False,False,False,False,False,False,False,False,False,-0.03982542280414621,-0.06983087834151663,,,-0.0283469721767594,-0.0774177123113293,-0.0070921985815602835,0.07474086197490452,-0.0023562294927016,0.03877352368591826,2046.0,1957.0,1.0394356424193365,-0.003289194465665,0.0007506540928915,0.000311029898274
2020-11-27,1842.0,1847.0,1816.0,1826.0,545600.0,1826.0,1843.0,1843.5,1879.04,1969.9333333333327,2938.785,False,False,False,False,False,False,False,False,False,False,False,-0.03943044906900329,-0.059693318729463304,,,-0.0290470974808324,-0.0788243884629425,0.000547645125958379,0.0783132530120482,-0.0025246201225085,0.05001356116083539,2073.0,1928.0,0.6070315976858033,-0.0031505449591281,0.0001386495065369,-0.0001683906298068
2020-11-30,1850.0,1868.0,1818.0,1837.0,1241000.0,1837.0,1836.8,1836.6,1876.08,1966.16,2927.12,False,False,False,False,False,False,False,False,False,False,False,-0.06477953184540011,-0.041916167664670656,,,-0.0212738160043548,-0.0703102885138813,0.007076755579749592,0.0718562874251497,-0.0019191384899159,0.06109114668409019,2013.0,1968.0,2.2745601173020527,-0.0015777578781288,0.0015727870809992,0.0006054816325925
2020-12-01,1850.0,1857.0,1803.0,1810.0,594600.0,1810.0,1826.0,1829.5,1872.12,1963.08,2915.195,False,False,False,False,False,False,False,False,False,True,False,-0.04143646408839779,-0.01878453038674033,,,-0.0343204419889502,-0.084574585635359,0.022099447513812154,0.10994475138121547,-0.0015689630580517,0.07127630500136654,1960.0,1994.0,0.479129734085415,-0.0021152490224985,-0.0005374911443696,0.0003501754318642
2020-12-02,1802.0,1817.0,1782.0,1815.0,941100.0,1815.0,1824.2,1829.7,1867.92,1959.88,2903.245,False,False,False,False,False,False,False,False,False,True,False,-0.03966942148760331,-0.015977961432506887,,,-0.0291570247933884,-0.0798236914600551,0.03801652892561983,0.07933884297520662,-0.0016327530256953,0.07389189484614966,2027.0,2014.0,1.582744702320888,-0.0022484902993703,-0.0001332412768717,-6.378996764364584e-05
2020-12-03,1801.0,1808.0,1757.0,1760.0,1033500.0,1760.0,1809.6,1826.8,1861.0,1955.493333333333,2891.045,False,False,False,False,False,False,False,False,False,True,False,-0.03125,0.0125,,,-0.0573863636363636,-0.1110757575757574,0.075,0.12215909090909091,-0.0022432531944199,0.07833369827019933,1995.0,1984.0,1.098182977366911,-0.0037184309511015,-0.0014699406517312,-0.0006105001687246
2020-12-04,1746.0,1754.0,1713.0,1754.0,1091400.0,1754.0,1795.2,1819.1,1853.92,1950.4,2878.74,False,False,False,False,False,False,False,False,False,True,False,-0.021094640820980615,0.049600912200684154,,,-0.0569669327251995,-0.1119726339794755,0.08323831242873432,0.1031927023945268,-0.0026114301339894,0.08174371942169208,2006.0,1927.0,1.056023222060958,-0.003818935013377,-0.0001005040622754,-0.0003681769395694
2020-12-07,1760.0,1768.0,1716.0,1718.0,666800.0,1718.0,1771.4,1804.1,1845.04,1945.2666666666669,2866.33,False,False,False,False,False,False,False,False,False,True,False,0.024447031431897557,0.06169965075669383,,,-0.0739464493597205,-0.1322856034148235,0.10942956926658906,0.13387660069848661,-0.0026388841289968,0.09068233468211305,2019.0,1870.0,0.6109584020524097,-0.0048129037852838,-0.0009939687719068,-2.74539950073701e-05
2020-12-08,1723.0,1740.0,1716.0,1735.0,440900.0,1735.0,1756.4,1791.2,1842.04,1940.0266666666664,2853.83,False,False,False,False,False,False,False,False,False,False,False,0.02363112391930836,0.02190201729106628,,,-0.0616945244956772,-0.1181709894332371,0.0893371757925072,0.1256484149855908,-0.0027009938007727,0.0983698079499777,2017.0,1870.0,0.6612177564487103,-0.0016286291285748,0.003184274656709,-6.210967177591861e-05
2020-12-09,1735.0,1749.0,1725.0,1743.0,414600.0,1743.0,1742.0,1783.1,1839.16,1934.8,2841.47,False,False,False,False,False,False,False,False,False,False,False,0.024670109007458405,0.042455536431440045,,,-0.0551692484222605,-0.1100401606425702,0.09007458405048767,0.12794033275960986,-0.002701398938736,0.1021815938534014,2036.0,1869.0,0.9403492855522796,-0.0015659322734291,6.269685514573124e-05,-4.051379632876925e-07
2020-12-10,1714.0,1722.0,1695.0,1705.0,643900.0,1705.0,1731.0,1770.3,1831.24,1929.8533333333328,2828.845,False,False,False,False,False,False,False,False,False,True,False,0.04516129032258064,0.0469208211143695,,,-0.074041055718475,-0.1318787878787875,0.13900293255131965,0.1436950146627566,-0.0025632345117766,0.1090210698751624,2052.0,1891.0,1.5530631934394596,-0.0043249382931784,-0.0027590060197493,0.0001381644269593
2020-12-11,1709.0,1720.0,1690.0,1717.0,800800.0,1717.0,1723.6,1759.4,1823.32,1925.04,2815.805,False,False,False,False,False,False,False,False,False,True,False,0.0722189866045428,0.030285381479324403,,,-0.0619219569015724,-0.1211648223645893,0.11822947000582411,0.10949330227140361,-0.0025003809444649,0.11225417756053199,2102.0,1934.0,1.2436713775430968,-0.0043437246341838,-1.8786341005404272e-05,6.285356731167407e-05
2020-12-14,1723.0,1770.0,1719.0,1760.0,756600.0,1760.0,1732.0,1751.7,1817.04,1920.5733333333333,2803.705,False,False,False,False,False,False,False,False,False,False,False,0.03636363636363636,0.013636363636363636,,,-0.0324090909090908,-0.0912348484848484,0.08920454545454545,0.09488636363636363,-0.0023256944106968,0.11474567562938859,2071.0,1917.0,0.9448051948051948,-0.0034561704750583,0.0008875541591255,0.0001746865337681
2020-12-15,1800.0,1813.0,1765.0,1776.0,823500.0,1776.0,1740.2,1748.3,1808.08,1916.8133333333333,2791.51,False,False,False,False,False,False,False,False,False,True,False,-0.0016891891891891893,0.002815315315315315,,,-0.018063063063063,-0.0792867867867867,0.06587837837837837,0.06418918918918919,-0.001961589026231,0.11010696104787508,2010.0,1930.0,1.0884218873909597,-0.0049555329410203,-0.001499362465962,0.0003641053844657
2020-12-16,1810.0,1814.0,1775.0,1786.0,633600.0,1786.0,1748.8,1745.4,1804.68,1913.9066666666668,2779.34,False,False,False,False,False,False,False,False,False,False,False,0.017357222844344905,0.017357222844344905,,,-0.0104591265397536,-0.0716162747293766,0.0761478163493841,0.06215005599104143,-0.001518708679629,0.10839922080898351,2015.0,1969.0,0.7693989071038252,-0.0018839905135535,0.0030715424274667,0.000442880346602
2020-12-17,1758.0,1784.0,1755.0,1782.0,643700.0,1782.0,1764.2,1747.6,1800.64,1911.5733333333333,2767.2,False,False,False,False,False,False,False,False,False,True,False,0.0016835016835016834,0.02132435465768799,,,-0.0104601571268238,-0.0727123082678637,0.06958473625140292,0.07968574635241302,-0.0012206350092071,0.10408560311284053,1988.0,2034.0,1.0159406565656566,-0.0022436467033943,-0.0003596561898407,0.0002980736704218
2020-12-18,1822.0,1863.0,1821.0,1841.0,1180100.0,1841.0,1789.0,1756.3,1798.96,1910.4133333333327,2755.705,False,False,False,False,True,False,False,False,False,False,False,-0.03910917979359044,-0.0076045627376425855,,,0.0228354155350352,-0.0377041462973021,0.011406844106463879,0.049429657794676805,-0.0006071984422219,0.09844559585492234,1974.0,2070.0,1.8333074413546684,-0.0009338729043447,0.0013097737990495,0.0006134365669851
2020-12-21,1845.0,1859.0,1821.0,1824.0,506500.0,1824.0,1801.8,1766.9,1795.68,1908.493333333333,2744.1,False,False,False,False,False,False,False,False,False,True,False,-0.021929824561403508,0.01425438596491228,,,0.0155263157894736,-0.0463230994152045,0.06907894736842106,0.06853070175438597,-0.0010060291888191,0.09191238892976392,1911.0,2070.0,0.4292009151766799,-0.0018266060768065,-0.0008927331724617,-0.0003988307465971
2020-12-22,1810.0,1816.0,1762.0,1773.0,616400.0,1773.0,1801.2,1770.7,1791.36,1905.5466666666664,2732.515,False,False,False,False,False,False,False,False,False,True,False,0.0045121263395375075,0.04342921601804851,,,-0.0103553299492385,-0.0747584132355704,0.13367174280879865,0.08460236886632826,-0.0015463628984858,0.08787485175354375,1909.0,2007.0,1.216979269496545,-0.002411575562701,-0.0005849694858945,-0.0005403337096667
2020-12-24,1816.0,1829.0,1805.0,1817.0,466000.0,1817.0,1807.4,1778.1,1791.52,1902.92,2721.725,False,False,False,False,False,False,True,False,False,False,False,0.0,0.036873968079251515,,,0.0140231150247661,-0.0472867363786461,0.07319757842597689,0.035222894881673086,-0.0013803347837356,0.07856700972948656,1920.0,2044.0,0.7560025957170668,8.93096365098251e-05,0.0025008851992108,0.0001660281147501
2020-12-25,1822.0,1825.0,1781.0,1785.0,452500.0,1785.0,1808.0,1786.1,1791.36,1900.2666666666669,2710.3,False,False,False,False,False,False,False,False,False,True,False,0.0196078431372549,0.05994397759103642,,,-0.0035630252100839,-0.0645751633986929,0.0700280112044818,0.06610644257703081,-0.0013962952568059,0.07110464139745815,1933.0,2046.0,0.971030042918455,-8.931761343341475e-05,-0.0001786272499432,-1.5960473070296237e-05
2020-12-28,1799.0,1802.0,1763.0,1769.0,482200.0,1769.0,1793.6,1791.3,1788.88,1898.16,2698.895,False,False,False,False,False,False,False,False,False,True,False,0.03278688524590164,0.07405313736574336,,,-0.0112379875635953,-0.0730130016958734,0.1243640474844545,0.05596382136800452,-0.0011098467287619,0.06592977167420316,1931.0,2073.0,1.065635359116022,-0.0013863422923839,-0.0012970246789505,0.000286448528044
2020-12-30,1798.0,1799.0,1768.0,1784.0,301800.0,1784.0,1785.6,1793.7,1785.52,1897.013333333333,2687.84,False,False,False,False,False,False,False,False,False,True,False,0.03699551569506727,0.06838565022421525,,,-0.0008520179372197,-0.0633482810164423,0.11827354260089686,0.033632286995515695,-0.0006044589389638,0.0598762334838601,1940.0,2013.0,0.6258813770219825,-0.0018818047403558,-0.0004954624479718,0.000505387789798
2021-01-04,1779.0,1792.0,1758.0,1781.0,344900.0,1767.473388671875,1787.2,1794.2,1782.2,1895.8266666666664,2676.42,False,False,False,False,False,False,False,False,False,False,False,0.03874227961819203,0.06120157215047726,0.1285794497473329,0.0207748455923638,-0.0006737787759685,-0.0644731424293466,0.1184727681078046,0.04828747894441325,-0.0006259362670286,0.0582989633262735,1810.0,1960.0,1.1428098078197482,-0.0018628661205251,1.893861983066404e-05,-2.14773280647879e-05
2021-01-05,1775.0,1827.0,1766.0,1817.0,767000.0,1803.199951171875,1787.2,1797.3,1781.92,1895.1333333333328,2665.505,False,False,False,False,True,False,False,False,False,False,False,0.036873968079251515,0.04567969179966978,0.0731975784259768,0.0060539350577875,0.019306549257017,-0.0430012841680425,0.08475509080902587,0.02476609796367639,-0.0003658493685579,0.05452623379513715,1815.0,2027.0,2.223832995071035,-0.000157133878064,0.001705732242461,0.0002600868984706
2021-01-06,1824.0,1829.0,1808.0,1820.0,552100.0,1806.17724609375,1794.2,1801.1,1781.4,1894.1866666666667,2655.205,False,False,False,False,False,False,False,False,False,True,False,0.03956043956043956,0.06703296703296703,0.0494505494505494,0.0,0.0212087912087911,-0.0407619047619047,0.06923076923076923,0.007142857142857143,-0.0004997747494086,0.04724890344789303,1903.0,1995.0,0.7198174706649283,-0.0002919052430672,-0.0001347713650031,-0.0001339253808506
2021-01-07,1826.0,1844.0,1823.0,1827.0,686400.0,1813.1240234375,1805.8,1799.7,1781.44,1892.76,2644.365,False,False,False,False,False,False,True,False,False,False,False,0.039956212370005476,0.05090311986863711,0.0886699507389162,-0.0032840722495894,0.0249370552818828,-0.0359934318555008,0.06732348111658457,0.051450465243568694,-0.0007537493748107,0.0474523531699727,1915.0,2006.0,1.2432530338706755,2.2453745284693067e-05,0.0003143589883519,-0.000253974625402
2021-01-08,1825.0,1854.0,1819.0,1850.0,997000.0,1835.9493408203125,1819.0,1802.3,1781.96,1891.8666666666663,2634.24,False,False,False,False,False,False,True,False,False,False,False,0.03027027027027027,0.036216216216216214,0.0783783783783783,-0.0064864864864864,0.0367783783783783,-0.0226306306306304,0.04216216216216216,0.027567567567567567,-0.0004721967721476,0.04327803362370305,1917.0,2019.0,1.4525058275058276,0.0002918135087207,0.000269359763436,0.0002815526026631
2021-01-12,1850.0,1857.0,1821.0,1850.0,902900.0,1835.9493408203125,1832.8,1810.0,1783.56,1890.8,2625.265,False,False,False,False,False,False,True,False,False,False,False,0.021621621621621623,0.023243243243243242,0.0767567567567567,0.0259459459459459,0.0359135135135135,-0.022054054054054,0.02108108108108108,0.01783783783783784,-0.0005641351103587,0.03662983425414362,2000.0,2017.0,0.905616850551655,0.0008970822400143,0.0006052687312935,-9.193833821116894e-05
2021-01-13,1863.0,1891.0,1851.0,1884.0,885700.0,1869.691162109375,1846.2,1816.7,1786.32,1889.6666666666667,2616.285,False,False,False,False,False,False,True,False,True,False,False,0.008492569002123142,0.020169851380042462,0.0461783439490445,0.0132696390658174,0.0518471337579618,-0.0030077848549186,0.011146496815286623,-0.018046709129511677,-0.0005997530428646,0.031100346782627842,1871.0,2036.0,0.980950271347879,0.0015450759102512,0.0006479936702369,-3.5617932505859905e-05
2021-01-14,1873.0,1912.0,1872.0,1892.0,711300.0,1877.63037109375,1860.6,1827.4,1791.6,1887.7733333333333,2607.795,False,False,False,False,False,False,True,False,False,False,False,0.026427061310782242,0.007399577167019027,0.0285412262156448,0.0174418604651162,0.0530655391120507,0.0022339675828048,-0.005813953488372093,-0.0153276955602537,-0.0010029452688529,0.022874028674619653,1883.0,2052.0,0.8030935982838433,0.0029470864032149,0.0014020104929637,-0.0004031922259883
2021-01-15,1894.0,1916.0,1889.0,1900.0,644600.0,1885.569580078125,1875.2,1840.5,1797.44,1885.506666666667,2597.77,False,False,False,False,False,False,True,False,False,False,False,0.010526315789473684,-0.02,0.0263157894736842,0.0294736842105263,0.053978947368421,0.0076280701754384,-0.005789473684210527,-0.0036842105263157894,-0.0012021525602312,0.01695191524042382,1883.0,2102.0,0.9062280331786868,0.0032490653373687,0.0003019789341537,-0.0001992072913782
2021-01-18,1890.0,1909.0,1882.0,1906.0,385600.0,1891.5240478515625,1886.4,1852.7,1804.96,1883.32,2587.6,False,False,False,False,False,False,True,False,False,False,False,0.005771248688352571,0.023084994753410283,0.0115424973767051,0.0225603357817418,0.0530115424973766,0.0118992654774396,-0.05036726128016789,-0.033578174186778595,-0.0011610701668685,0.010147352512549227,1906.0,2071.0,0.5982004343779088,0.0041662973140678,0.0009172319766991,4.1082393362660815e-05
2021-01-19,1906.0,1909.0,1890.0,1890.0,376000.0,1875.6455078125,1894.4,1863.6,1811.16,1881.76,2577.625,False,False,False,False,False,False,True,False,False,True,False,0.0015873015873015873,0.06349206349206349,-0.0005291005291005,0.0349206349206349,0.0417142857142856,0.0043597883597883,-0.02857142857142857,-0.027513227513227514,-0.0008290111385086,0.0026829791800815628,1881.0,2010.0,0.975103734439834,0.003423220477484,-0.0007430768365838,0.0003320590283599
2021-01-20,1892.0,1909.0,1892.0,1900.0,410900.0,1885.569580078125,1897.6,1871.9,1817.44,1879.84,2569.825,False,False,False,False,False,False,True,False,False,False,False,0.011578947368421053,0.02631578947368421,0.0026315789473684,0.0457894736842105,0.0434526315789473,0.0106105263157895,-0.06789473684210526,-0.07526315789473684,-0.0010213635202996,-0.007372188685293115,1813.0,2015.0,1.0928191489361705,0.0034554098072013,3.218932971725498e-05,-0.000192352381791
2021-01-21,1920.0,1952.0,1920.0,1942.0,850800.0,1927.2506103515625,1907.6,1884.1,1826.92,1878.4533333333327,2562.285,False,False,False,False,False,False,True,False,False,False,False,-0.018537590113285273,-0.016477857878475798,-0.0314109165808444,0.0144181256436663,0.0592584963954685,0.0327222794370066,-0.05509783728115345,-0.0756951596292482,-0.0007381959626359,-0.01581657024574065,1789.0,1988.0,2.070576782672183,0.0051890613710507,0.0017336515638494,0.0002831675576636
2021-01-22,1945.0,1946.0,1914.0,1920.0,518000.0,1905.417724609375,1911.6,1893.4,1835.04,1876.4133333333327,2553.335,False,False,False,False,False,False,True,False,False,True,False,-0.030208333333333334,0.0359375,-0.0161458333333333,0.0255208333333333,0.04425,0.0227013888888889,-0.03177083333333333,-0.08333333333333333,-0.0010871805074929,-0.02915390303158342,1831.0,1974.0,0.608838740009403,0.0044249716627429,-0.0007640897083077,-0.000348984544857
2021-01-25,1925.0,1928.0,1902.0,1917.0,394800.0,1902.4405517578125,1913.8,1900.1,1841.32,1875.1333333333328,2543.145,False,False,False,False,False,False,True,False,False,True,False,0.017214397496087636,0.0406885758998435,-0.0558163797600417,0.0271257172665623,0.0394783515910276,0.0218396800556425,-0.03808033385498174,-0.08763693270735524,-0.0006826181249333,-0.040576811746750124,1868.0,1911.0,0.7621621621621621,0.0034105967458127,-0.0010143749169302,0.0004045623825596
2021-01-26,1913.0,1920.0,1893.0,1893.0,358600.0,1878.622802734375,1914.4,1904.4,1846.0,1874.24,2530.61,False,False,False,False,False,False,True,False,False,True,False,0.061806656101426306,0.05229793977812995,-0.0301109350237717,0.0612783940834654,0.0248283148441627,0.0099101954569466,-0.039619651347068144,-0.06603275224511358,-0.0004766376415684,-0.04878176853602189,1864.0,1909.0,0.9083080040526847,0.0025352112676056,-0.0008753854782071,0.0002059804833648
2021-01-27,1901.0,1925.0,1901.0,1922.0,529300.0,1907.4024658203125,1918.8,1908.2,1851.44,1872.84,2518.47,False,False,False,False,False,False,True,False,False,False,False,0.014568158168574402,0.025494276795005204,-0.0785639958376691,0.0192507804370447,0.0367117585848074,0.0255775234131113,-0.04890738813735692,-0.06347554630593132,-0.0007475278187138,-0.05329630017817841,1824.0,1920.0,1.4760178471834913,0.0029382534675712,0.0004030421999655,-0.0002708901771454
2021-01-28,1917.0,1919.0,1884.0,1906.0,1509400.0,1891.5240478515625,1911.6,1909.6,1856.4,1871.6533333333327,2506.0,False,False,False,False,False,False,True,False,False,True,False,0.002098635886673662,0.02098635886673662,-0.0372507869884575,0.0362014690451206,0.0260230849947533,0.0180202868135712,-0.04512067156348373,-0.041448058761804824,-0.0006340205451152,-0.05587557603686627,1833.0,1933.0,2.851690912525977,0.0026718379659556,-0.0002664155016155,0.0001135072735986
2021-01-29,1892.0,1922.0,1861.0,1862.0,866700.0,1847.8582763671875,1900.0,1905.8,1857.24,1869.733333333333,2495.085,False,False,False,False,False,False,True,False,False,True,False,0.0682062298603652,0.047261009667024706,-0.0016111707841031,0.0392051557465091,0.0025563909774436,-0.0041532402434656,-0.02201933404940924,-0.020945220193340493,-0.0010268844041931,-0.05766607199076496,1826.0,1931.0,0.5742016695375646,0.0004522840343735,-0.002219553931582,-0.0003928638590779
2021-02-01,1822.0,1950.0,1821.0,1950.0,944300.0,1935.1898193359373,1906.6,1910.2,1862.28,1868.8133333333333,2485.11,False,False,False,False,False,False,True,False,True,False,True,0.023076923076923078,-0.011282051282051283,-0.0543589743589743,-0.001025641025641,0.0449846153846154,0.041634188034188,-0.057435897435897436,-0.06717948717948719,-0.0004922910081976,-0.06104072871950588,1837.0,1940.0,1.0895350178839276,0.0027063599458727,0.0022540759114992,0.0005345933959955
2021-02-02,1953.0,2019.0,1952.0,2010.0,1490400.0,1994.734130859375,1930.0,1922.2,1871.76,1868.72,2475.935,False,True,False,False,False,False,True,False,False,False,False,-0.008955223880597015,-0.06019900497512438,-0.0955223880597015,-0.0283582089552238,0.068776119402985,0.0702885572139303,-0.05572139303482587,-0.10796019900497512,-4.99450604334777e-05,-0.0692435750702321,1810.0,1810.0,1.578311977125913,0.0050647518912681,0.0023583919453953,0.0004423459477641
2021-02-03,2005.0,2009.0,1949.0,1950.0,631300.0,1935.1898193359373,1935.6,1927.2,1877.08,1867.5733333333333,2465.96,False,False,False,False,False,False,True,False,False,True,False,0.010769230769230769,-0.023076923076923078,-0.0625641025641025,0.0082051282051282,0.0373948717948718,0.0422700854700855,-0.021025641025641025,-0.09794871794871794,-0.0006139874917897,-0.07155458696554591,1815.0,1815.0,0.4235775630703167,0.0028341892727001,-0.002230562618568,-0.0005640424313562
2021-02-04,1950.0,1951.0,1902.0,1910.0,603700.0,1895.49365234375,1936.4,1924.0,1882.08,1865.68,2455.135,False,False,False,False,False,False,True,False,False,True,False,0.018848167539267015,-0.015183246073298429,-0.0471204188481675,0.0209424083769633,0.0146178010471204,0.0232041884816753,0.007853403141361256,-0.0774869109947644,-0.0010148221202634,-0.07172557172557173,1760.0,1903.0,0.9562806906383652,0.0026566352121057,-0.0001775540605943,-0.0004008346284737
2021-02-05,1935.0,1997.0,1933.0,1989.0,704500.0,1973.8936767578125,1961.8,1930.9,1890.88,1864.1733333333327,2444.155,False,False,False,False,False,False,True,False,False,False,True,-0.0196078431372549,-0.05027652086475616,-0.0844645550527903,-0.0422322775263951,0.0493313222724986,0.0627585051114463,-0.016591251885369532,-0.11965811965811966,-0.0008082224113638,-0.07550883007923775,1754.0,1915.0,1.1669703495113466,0.0046539177525809,0.0019972825404751,0.0002065997088996
2021-02-08,1998.0,2008.0,1977.0,1995.0,562600.0,1979.84814453125,1970.8,1938.7,1899.32,1863.16,2432.68,False,False,False,False,False,False,True,False,False,True,False,-0.033583959899749376,-0.09273182957393483,-0.0786967418546366,-0.0340852130325814,0.0479598997493734,0.0660852130325814,-0.02305764411027569,-0.12781954887218044,-0.0005438788581405,-0.07969257750038686,1718.0,1917.0,0.7985805535841022,0.0044436956384389,-0.0002102221141419,0.0002643435532233
2021-02-09,1986.0,1993.0,1963.0,1992.0,449900.0,1976.870849609375,1967.2,1948.6,1907.76,1862.92,2420.34,False,False,False,False,False,False,True,False,False,True,False,-0.051706827309236945,-0.0783132530120482,-0.0471887550200803,-0.0512048192771084,0.042289156626506,0.0647991967871485,-0.018072289156626505,-0.14457831325301204,-0.0001288300088033,-0.08765267371446164,1735.0,2000.0,0.7996800568787771,0.0044240365664444,-1.9659071994484155e-05,0.0004150488493371
2021-02-10,1990.0,1992.0,1962.0,1971.0,284400.0,1956.0303955078125,1971.4,1953.5,1913.92,1862.3333333333333,2407.745,False,False,False,False,False,False,True,False,False,True,False,-0.0334855403348554,-0.10147133434804667,-0.0314561136478944,-0.0375443937087772,0.0289599188229324,0.0551327583291054,0.008117706747843734,-0.12886859462201927,-0.0003150170037588,-0.09418991553621704,1743.0,1871.0,0.6321404756612581,0.0032185253302123,-0.001205511236232,-0.0001861869949554
2021-02-12,1968.0,1968.0,1939.0,1946.0,311000.0,1931.22021484375,1978.6,1957.5,1918.96,1861.7733333333333,2394.4,False,False,False,False,False,False,True,False,False,True,False,-0.03340184994861254,-0.05704008221993834,-0.0107913669064748,-0.0113052415210688,0.0138951695786227,0.0432819458718739,0.012332990750256937,-0.10328879753340185,-0.0003007884955561,-0.10022988505747128,1705.0,1883.0,1.0935302390998594,0.0026264226455996,-0.0005921026846127,1.4228508202626655e-05
2021-02-15,1946.0,1965.0,1925.0,1950.0,342400.0,1935.1898193359373,1970.8,1966.3,1923.88,1861.4533333333327,2380.65,False,False,False,False,False,False,True,False,False,True,False,-0.03128205128205128,-0.04666666666666667,0.003076923076923,-0.0092307692307692,0.0133948717948717,0.0454085470085471,0.009743589743589744,-0.09333333333333334,-0.0001719086878353,-0.10705385749885572,1717.0,1883.0,1.1009646302250804,0.0025573320581325,-6.909058746711917e-05,0.0001288798077207
2021-02-16,1950.0,1953.0,1928.0,1928.0,352000.0,1913.35693359375,1957.4,1964.1,1927.0,1861.68,2366.14,False,False,False,False,False,False,True,True,False,True,False,-0.061203319502074686,-0.043568464730290454,0.0108921161825726,0.0108921161825726,0.0005186721991701,0.0343983402489626,0.021265560165975105,-0.07728215767634855,0.0001217538280837,-0.10809021943892876,1760.0,1906.0,1.02803738317757,0.0016190970420341,-0.0009382350160983,0.0002936625159191
2021-02-17,1901.0,1907.0,1887.0,1889.0,447700.0,1874.6531982421875,1936.8,1952.0,1928.56,1861.4133333333327,2351.535,False,False,False,False,False,False,True,False,False,True,False,-0.028057173107464268,-0.037586024351508734,0.0354685018528321,0.0179989412387506,-0.020942297511911,0.0146038468325393,0.06352567496029646,-0.0714663843303335,-0.0001432603183245,-0.10455942622950815,1776.0,1881.0,1.271875,0.0008088936823329,-0.0008102033597012,-0.0002650141464082
2021-02-18,1887.0,1914.0,1882.0,1905.0,529400.0,1890.5316162109373,1923.6,1947.5,1929.4,1861.213333333333,2337.435,False,False,False,False,False,False,True,False,False,True,False,-0.07034120734908136,-0.04041994750656168,0.0430446194225721,-0.0125984251968503,-0.0128083989501312,0.0229851268591427,0.028346456692913385,-0.07821522309711286,-0.0001074567844632,-0.10264441591784343,1786.0,1813.0,1.1824882733973645,0.0004353685083446,-0.0003735251739882,3.580353386133518e-05
2021-02-19,1891.0,1906.0,1875.0,1881.0,448800.0,1866.7138671875,1910.6,1944.6,1928.96,1860.52,2323.29,False,False,False,False,False,False,False,False,False,True,False,-0.024455077086656035,-0.03242955874534822,0.0473152578415736,0.0116959064327485,-0.0254970760233918,0.0108878256246677,0.049973418394471024,-0.05369484316852738,-0.0003726556733242,-0.10038054098529252,1782.0,1789.0,0.8477521722704949,-0.000228102189781,-0.0006634706981256,-0.000265198888861
2021-02-22,1900.0,1916.0,1881.0,1889.0,446200.0,1874.6531982421875,1898.4,1934.6,1928.52,1859.96,2309.61,False,False,False,False,False,False,False,False,False,True,False,-0.015881418740074114,-0.035997882477501325,0.0423504499735309,-0.0111169931180518,-0.0209211222869242,0.0153732133403917,0.024351508734780307,-0.06670195870831128,-0.0003010817436933,-0.09511010027912747,1841.0,1831.0,0.9942067736185384,-0.000228154232261,-5.204247998654789e-08,7.157392963082568e-05
2021-02-24,1866.0,1871.0,1806.0,1810.0,465700.0,1796.253173828125,1874.8,1916.1,1924.68,1858.2266666666667,2296.11,False,False,False,False,False,False,False,False,False,True,False,0.01878453038674033,0.015469613259668509,0.0878453038674033,0.0187845303867403,-0.0633591160220994,-0.0266445672191528,0.07624309392265194,-0.022099447513812154,-0.0009327889672591,-0.0848076822712802,1824.0,1868.0,1.0437023756163155,-0.0019951368539185,-0.0017669826216574,-0.0006317072235657
2021-02-25,1850.0,1859.0,1806.0,1836.0,449500.0,1822.0556640625,1864.2,1900.5,1922.52,1858.5733333333333,2282.715,False,False,False,False,False,False,False,True,False,False,False,-0.00980392156862745,0.03376906318082789,0.0942265795206971,0.0168845315904139,-0.0471241830065359,-0.0122948438634712,0.06372549019607843,-0.04302832244008715,0.0001865229961331,-0.07450670876085236,1773.0,1864.0,0.96521365686064,-0.001123525372948,0.0008716114809704,0.0011193119633923
2021-02-26,1796.0,1801.0,1771.0,1771.0,614400.0,1757.54931640625,1837.4,1880.5,1917.36,1857.986666666667,2268.67,False,False,False,False,False,False,False,False,False,True,False,0.032185206098249576,0.07792207792207792,0.106154714850367,0.0513833992094861,-0.0826425748164878,-0.0491172595520423,0.1101072840203275,-0.015245623941276116,-0.0003157539702471,-0.06322786492954006,1817.0,1824.0,1.3668520578420469,-0.0026912004005508,-0.0015676750276027,-0.0005022769663803
2021-03-01,1822.0,1839.0,1805.0,1835.0,522600.0,1821.063232421875,1828.2,1869.4,1913.08,1857.08,2252.545,False,False,False,False,False,False,False,False,False,False,False,-0.008174386920980926,0.04904632152588556,0.0762942779291553,-0.0010899182561307,-0.042550408719346,-0.0120326975476838,0.06267029972752043,-0.03651226158038147,-0.0004882216526304,-0.05643521985663849,1785.0,1833.0,0.8505859375,-0.0022372300165178,0.0004539703840329,-0.0001724676823832
2021-03-02,1849.0,1859.0,1831.0,1859.0,355700.0,1844.8809814453125,1822.2,1860.3,1910.64,1856.3333333333333,2238.49,False,False,False,False,False,False,False,False,False,False,False,-0.020441097364174286,0.0521785906401291,0.0408821947283485,0.0333512641204948,-0.0277783754706832,0.0014344629729245,0.02474448628294782,-0.07154384077461,-0.0004022266115999,-0.05407729936031818,1769.0,1826.0,0.6806352851128971,-0.0012770589959384,0.0009601710205794,8.599504103053249e-05
2021-03-03,1849.0,1850.0,1826.0,1844.0,386700.0,1829.994873046875,1829.0,1851.9,1907.72,1855.36,2223.91,False,False,False,False,False,False,False,False,False,True,False,-0.0032537960954446853,0.056941431670282,0.0563991323210412,0.0309110629067245,-0.0345553145336225,-0.0061605206073752,0.045010845986984814,-0.04229934924078091,-0.0005246061860411,-0.05048868729413035,1784.0,1837.0,1.0871520944616249,-0.0015306229425702,-0.0002535639466317,-0.0001223795744412
2021-03-04,1809.0,1822.0,1792.0,1818.0,371400.0,1804.1923828125,1825.4,1844.8,1904.72,1852.9333333333327,2208.35,False,False,False,False,False,False,False,False,False,True,False,0.04400440044004401,0.07590759075907591,0.0742574257425742,0.0357535753575357,-0.0477007700770077,-0.0192152548588191,0.039603960396039604,-0.0352035203520352,-0.0013096351730589,-0.046834345186470006,1781.0,1810.0,0.9604344453064392,-0.0015750346507623,-4.44117081920901e-05,-0.0007850289870177
2021-03-05,1798.0,1828.0,1781.0,1828.0,337200.0,1814.116455078125,1836.8,1837.1,1900.96,1852.36,2192.99,False,False,False,False,False,False,False,False,False,True,False,0.04431072210065645,0.08698030634573305,0.0754923413566739,0.012035010940919,-0.0399124726477024,-0.0133260393873084,0.03774617067833698,-0.04321663019693654,-0.000309515069065,-0.043220292852865855,1817.0,1815.0,0.9079159935379644,-0.0019779479841764,-0.000402913333414,0.0010001201039939
2021-03-08,1836.0,1848.0,1811.0,1820.0,349300.0,1806.17724609375,1833.8,1831.0,1897.52,1851.52,2178.165,False,False,False,False,False,False,False,False,False,False,False,0.057692307692307696,0.08241758241758242,0.0714285714285714,0.0236263736263736,-0.0425934065934065,-0.0173186813186813,0.05714285714285714,-0.038461538461538464,-0.0004536812996888,-0.041671217913708335,1820.0,1760.0,1.0358837485172006,-0.0018128926177326,0.0001650553664437,-0.0001441662306238
2021-03-09,1805.0,1829.0,1778.0,1821.0,431400.0,1807.1695556640625,1826.2,1824.2,1895.88,1850.6933333333327,2162.795,False,False,False,False,False,False,False,False,False,False,False,0.07413509060955518,0.08127402526084569,0.0461285008237232,0.0395387149917627,-0.0411202635914333,-0.0163060589419731,0.060955518945634266,-0.034047226798462386,-0.0004466794426594,-0.03831816686766807,1827.0,1754.0,1.2350415115946178,-0.0008650336519188,0.0009478589658138,7.001857029447162e-06
2021-03-10,1850.0,1856.0,1819.0,1838.0,418300.0,1824.04052734375,1825.0,1827.0,1891.4,1849.7866666666664,2146.085,False,False,False,False,False,False,False,False,False,True,False,0.06039173014145811,0.07127312295973885,0.0484221980413492,0.0021762785636561,-0.0290533188248096,-0.0064127675009066,0.06039173014145811,-0.04842219804134929,-0.0004901466115011,-0.0409414340448823,1850.0,1718.0,0.9696337505795086,-0.0023686158401184,-0.0015035821881996,-4.346716884177915e-05
2021-03-11,1861.0,1903.0,1845.0,1898.0,695300.0,1883.5848388671875,1841.0,1833.2,1886.92,1850.013333333333,2129.975,False,False,False,False,True,False,False,True,False,True,False,0.030558482613277135,0.058482613277133826,-0.0042149631190727,-0.0316122233930453,0.0058377239199156,0.0252827537759045,0.013171759747102213,-0.07534246575342465,0.0001225216394836,-0.04429413048221691,1850.0,1735.0,1.6622041596939996,-0.0023742395014097,-5.623661291274083e-06,0.0006126682509848
2021-03-12,1890.0,1913.0,1886.0,1909.0,352500.0,1894.501220703125,1857.2,1847.0,1885.28,1851.2933333333333,2113.32,False,False,False,False,False,False,False,True,False,False,False,0.040859088528025146,0.026191723415400735,-0.0062860136196961,-0.0796228391828182,0.0124253535882661,0.0302287410511611,-0.014667365112624411,-0.09219486642221059,0.0006914085288123,-0.052030319436924696,1884.0,1743.0,0.506975406299439,-0.0008698973096834,0.0015043421917262,0.0005688868893287
2021-03-15,1912.0,1925.0,1899.0,1925.0,305400.0,1910.3797607421875,1878.2,1856.0,1885.88,1853.1066666666663,2096.645,False,False,False,False,False,False,True,True,False,False,False,0.023376623376623377,0.025974025974025976,-0.0005194805194805,-0.0675324675324675,0.0203220779220778,0.0373471861471863,-0.011428571428571429,-0.08935064935064935,0.000978536943367,-0.05743534482758616,1892.0,1705.0,0.8663829787234043,0.0003181538592063,0.0011880511688898,0.0002871284145546
2021-03-16,1941.0,1956.0,1927.0,1956.0,317200.0,1941.144287109375,1905.2,1865.7,1884.56,1854.7733333333333,2080.225,False,False,False,False,False,False,False,True,False,True,False,0.0066462167689161555,-0.010736196319018405,-0.0122699386503067,-0.1002044989775051,0.0365235173824131,0.0517518745739604,-0.044989775051124746,-0.10224948875255624,0.0008985823964115,-0.06072787693627054,1900.0,1717.0,1.0386378519973805,-0.0007004287472938,-0.0010185826065002,-7.995454695543583e-05
2021-03-17,1959.0,1962.0,1939.0,1949.0,252700.0,1934.197509765625,1927.4,1876.2,1882.72,1855.8533333333328,2062.87,False,False,False,False,False,False,False,True,False,True,False,0.01026167265264238,-0.000513083632632119,0.0,-0.1026167265264238,0.0340071831708568,0.0477920301009067,-0.053873781426372495,-0.10466906105695228,0.0005819425385623,-0.06710372028568387,1906.0,1760.0,0.7966582597730139,-0.0009773094246621,-0.0002768806773682,-0.0003166398578491
2021-03-18,1952.0,1964.0,1938.0,1956.0,336500.0,1941.144287109375,1939.0,1890.0,1881.28,1857.08,2044.85,False,False,False,False,False,False,False,True,False,False,False,0.0270961145194274,-0.0015337423312883436,-0.0168711656441717,-0.0961145194274028,0.038200408997955,0.0505725971370143,-0.04550102249488753,-0.10633946830265849,0.0006605351770883,-0.0742328042328042,1890.0,1776.0,1.331618519984171,-0.0007654362986902,0.0002118731259718,7.859263852591167e-05
2021-03-19,1946.0,1987.0,1935.0,1987.0,509600.0,1971.9088134765625,1954.6,1905.9,1881.92,1859.253333333333,2026.485,False,False,False,False,False,False,True,True,False,False,False,-0.014091595369904378,-0.010568696527428284,-0.0533467539003522,-0.0941117262204328,0.0528837443381982,0.0642912263043114,-0.06290890790135883,-0.12984398590840462,0.0011689280284557,-0.08300540427094813,1900.0,1786.0,1.514413075780089,0.0003400782179901,0.0011055145166804,0.0005083928513674
2021-03-22,1977.0,1981.0,1956.0,1970.0,322700.0,1955.0379638671875,1963.6,1920.9,1882.88,1861.08,2006.585,False,False,False,False,False,False,True,True,False,False,False,0.0025380710659898475,-0.01015228426395939,-0.0340101522842639,-0.0725888324873096,0.044223350253807,0.0552893401015228,-0.06954314720812182,-0.1182741116751269,0.0009815089446272,-0.09084283408818783,1942.0,1782.0,0.6332417582417582,0.0005098572399728,0.0001697790219826,-0.0001874190838285
2021-03-23,1978.0,2003.0,1958.0,1969.0,441000.0,1954.0455322265625,1966.2,1935.7,1883.64,1862.986666666667,1986.73,False,False,False,False,False,False,True,True,False,True,False,-0.017267648552564754,-0.03250380904012189,-0.0512950736414423,-0.074149314372778,0.0433519553072625,0.0538412053495851,-0.02437785678009142,-0.08786185881157949,0.0010234462225532,-0.0958826264400476,1920.0,1841.0,1.3665943600867678,0.0004034741245673,-0.0001063831154055,4.1937277925981845e-05
2021-03-24,1975.0,2004.0,1961.0,1969.0,543600.0,1954.0455322265625,1970.2,1948.8,1885.28,1864.746666666667,1968.025,False,False,False,False,False,False,True,True,False,False,False,-0.010665312341289994,-0.02133062468257999,-0.063484002031488,-0.0761808024377856,0.0425190452006094,0.0529473506009817,-0.03453529710512951,-0.0680548501777552,0.0009438279373069,-0.09754720853858781,1917.0,1824.0,1.2326530612244897,0.0008698973096833,0.000466423185116,-7.961828524626134e-05
2021-03-25,1975.0,2018.0,1966.0,2009.0,560200.0,1993.74169921875,1980.8,1959.9,1890.08,1867.4,1968.48,False,False,False,False,False,False,True,True,True,False,False,-0.027874564459930314,-0.059233449477351915,-0.070681931309109,-0.1075161772025883,0.0591936286709806,0.0704828272772523,-0.0627177700348432,-0.10353409656545545,0.0014208703723536,-0.10031124036940667,1893.0,1773.0,1.0305371596762325,0.0025395750444425,0.0016696777347591,0.0004770424350467
2021-03-26,2001.0,2011.0,1955.0,1959.0,459400.0,1944.1214599609373,1975.2,1964.9,1892.24,1869.32,1968.15,False,False,False,False,False,False,True,True,False,True,False,0.0035732516590096988,-0.03164880040837162,-0.0495150587034201,-0.1020929045431342,0.0340786115364982,0.0457784583971414,-0.055640632976008166,-0.08371618172537008,0.0010271114629918,-0.09944526439004533,1922.0,1817.0,0.8200642627632988,0.0011415042489325,-0.00139807079551,-0.0003937589093618
2021-03-29,1986.0,1997.0,1953.0,1975.0,495400.0,1960.0,1976.2,1969.9,1896.0,1872.1866666666667,1967.79,False,False,False,False,False,False,True,True,False,False,False,-0.012658227848101266,-0.025822784810126582,-0.0718987341772151,-0.1078481012658227,0.04,0.0520573839662446,-0.05670886075949367,-0.10582278481012658,0.0015311863489396,-0.10107112036143973,1906.0,1785.0,1.0783630822812365,0.0019831223628691,0.0008416181139366,0.0005040748859478
2021-03-30,1957.0,1957.0,1919.0,1935.0,286600.0,1935.0,1969.4,1967.8,1897.84,1874.6,1967.08,False,False,False,False,False,False,True,True,False,True,False,-0.015503875968992248,-0.0015503875968992248,-0.007235142118863,-0.0950904392764857,0.0192041343669251,0.0312144702842377,-0.021705426356589147,-0.06873385012919897,0.001287385753405,-0.09777416404106101,1862.0,1769.0,0.5785224061364553,0.0009695232474813,-0.0010135991153878,-0.0002438005955345
2021-03-31,1917.0,1960.0,1910.0,1948.0,294900.0,1948.0,1965.2,1967.7,1903.36,1877.6666666666667,1966.6,False,False,False,False,False,False,True,True,True,False,False,-0.010780287474332649,0.000513347022587269,-0.0241273100616016,-0.1067761806981519,0.0229158110882957,0.0361054072553045,-0.054414784394250515,-0.06416837782340862,0.0016332327356649,-0.093764293337399,1950.0,1784.0,1.028960223307746,0.0029001344989912,0.0019306112515099,0.0003458469822598
2021-04-01,1971.0,1982.0,1943.0,1953.0,237800.0,1953.0,1954.0,1967.4,1908.04,1880.5733333333333,1966.345,False,False,False,False,False,False,True,True,False,True,False,-0.03225806451612903,-0.015360983102918587,-0.03584229390681,-0.1274961597542242,0.023020993343574,0.0370848267622461,-0.05888376856118792,-0.06605222734254992,0.0015456279290712,-0.08976313916844574,2010.0,1781.0,0.8063750423872499,0.0024527787677407,-0.0004473557312504,-8.760480659372066e-05
2021-04-02,1974.0,1977.0,1953.0,1966.0,184600.0,1966.0,1955.4,1965.3,1915.84,1883.5466666666664,1966.375,False,False,False,False,False,False,True,True,False,False,False,-0.035096642929806715,-0.04323499491353001,-0.0590030518819938,-0.1266531027466938,0.0255137334689725,0.0419396405561208,-0.10630722278738555,-0.08240081383519837,0.0015785822490902,-0.08497430417747927,1950.0,1817.0,0.776282590412111,0.0040713211959244,0.0016185424281837,3.295432001906048e-05
2021-04-05,1968.0,1968.0,1939.0,1950.0,161100.0,1950.0,1950.4,1963.3,1920.44,1886.8133333333333,1966.245,False,False,False,False,False,False,True,True,False,True,False,-0.013333333333333334,-0.024102564102564103,-0.0446153846153846,-0.1051282051282051,0.0151589743589743,0.0324034188034188,-0.07948717948717948,-0.010769230769230769,0.0017313141734565,-0.07426272092904801,1910.0,1820.0,0.8726977248104009,0.0023952844139885,-0.0016760367819359,0.0001527319243663
2021-04-06,1931.0,1946.0,1904.0,1905.0,380400.0,1905.0,1944.4,1956.9,1922.28,1889.32,1966.06,False,False,False,False,False,False,True,True,False,True,False,0.014173228346456693,-0.01942257217847769,-0.0062992125984251,-0.0719160104986876,-0.0090708661417322,0.0082309711286089,-0.07611548556430446,0.01679790026246719,0.001326756010981,-0.06402984311921926,1989.0,1827.0,2.361266294227188,0.0009571966622968,-0.0014380877516917,-0.0004045581624755
2021-04-07,1900.0,1932.0,1898.0,1927.0,288800.0,1927.0,1940.2,1952.7,1925.6,1891.5466666666664,1965.73,False,False,False,False,False,False,True,True,True,False,False,0.011416709911779968,-0.043072132848988066,-0.0441100155682407,-0.0768033212247016,0.0007265179034769,0.0183982010032867,-0.09237156201349248,0.00467047223663726,0.0011771671859359,-0.05684436933476725,1995.0,1850.0,0.7592008412197687,0.0017241379310344,0.0007669412687376,-0.0001495888250451
2021-04-08,1890.0,1917.0,1886.0,1890.0,252200.0,1890.0,1927.6,1940.8,1928.48,1893.0666666666664,1965.205,False,False,False,False,False,False,True,True,False,True,False,0.01746031746031746,-0.01216931216931217,-0.0275132275132275,-0.0719576719576719,-0.0203597883597883,-0.0016225749559081,-0.06455026455026455,0.06613756613756613,0.0008029299901394,-0.0400350370981039,1992.0,1850.0,0.8732686980609419,0.0014934041317514,-0.0002307337992829,-0.0003742371957964
2021-04-09,1910.0,1925.0,1894.0,1897.0,247100.0,1897.0,1913.8,1934.6,1931.24,1894.5466666666664,1964.475,False,False,False,False,False,False,True,True,False,True,False,-0.008434370057986295,-0.01845018450184502,-0.07380073800738,-0.0743278861360042,-0.0180495519240906,0.001293270075558,-0.05113336847654191,0.06220347917764892,0.0007811895193925,-0.025586684585960924,1971.0,1884.0,0.979777954004758,0.0014291336136368,-6.427051811465812e-05,-2.174047074693505e-05
2021-04-12,1920.0,1934.0,1901.0,1924.0,328100.0,1924.0,1908.6,1929.5,1935.4,1896.44,1964.235,False,False,False,False,False,False,True,True,False,False,False,-0.010914760914760915,-0.0472972972972973,-0.067047817047817,-0.0748440748440748,-0.0059251559251559,0.0143243243243242,-0.05041580041580042,0.029106029106029108,0.0009983618428917,-0.011920186576833377,1946.0,1892.0,1.3278025091056254,0.0021494264751472,0.0007202928615104,0.0002171723234992
2021-04-13,1924.0,1956.0,1921.0,1932.0,243300.0,1932.0,1914.0,1929.2,1939.84,1897.6533333333327,1963.91,False,False,False,False,False,False,True,True,False,False,False,-0.033126293995859216,-0.005693581780538302,-0.0890269151138716,-0.0874741200828157,-0.0040579710144927,0.0177777777777778,-0.05641821946169772,0.022256728778467908,0.0006393861892582,-0.0027990877047481292,1950.0,1900.0,0.7415422127400183,0.00228884856483,0.0001394220896827,-0.0003589756536335
2021-04-14,1937.0,1966.0,1929.0,1949.0,296200.0,1949.0,1918.4,1929.3,1944.28,1899.32,1963.475,False,False,False,True,True,False,True,True,False,True,False,-0.053873781426372495,-0.024628014366341714,-0.1026167265264238,-0.0918419702411493,0.0024217547460236,0.0254899948691637,-0.06670087224217547,,0.0008775070376064,,1928.0,1906.0,1.2174270448006577,0.0022836217005781,-5.226864251865922e-06,0.0002381208483482
2021-04-15,1935.0,1947.0,1913.0,1923.0,216100.0,1923.0,1925.0,1926.3,1945.28,1901.32,1962.845,False,False,False,False,False,False,True,True,False,True,False,-0.029121164846593862,-0.02080083203328133,-0.0806032241289651,-0.0863234529381175,-0.0115860634425376,0.0112740509620385,-0.06760270410816432,,0.0010519007847179,,1889.0,1890.0,0.7295746117488183,0.0005140648132916,-0.0017695568872864,0.0001743937471115
2021-04-16,1912.0,1913.0,1879.0,1881.0,333200.0,1881.0,1921.8,1917.8,1944.16,1902.1733333333327,1962.07,False,False,False,False,False,False,False,True,False,True,False,-0.010101010101010102,-0.01648059542796385,-0.0430622009569378,-0.0728335991493886,-0.0335778841041999,-0.0112564238880027,-0.06485911749069644,,0.0004486096605286,,1905.0,1900.0,1.5418787598334105,-0.0005760842728992,-0.0010901490861909,-0.0006032911241893
2021-04-19,1890.0,1908.0,1884.0,1903.0,164200.0,1903.0,1917.6,1913.1,1943.28,1903.746666666667,1961.3,False,False,False,False,False,False,False,True,False,False,False,-0.03678402522333158,-0.021019442984760904,-0.0399369416710457,-0.070940620073568,-0.0211665790856542,-0.0003923629357156,-0.07409353652128219,,0.0008264404927828,,1881.0,1942.0,0.492797118847539,-0.000452842616607,0.0001232416562922,0.0003778308322542
2021-04-20,1875.0,1888.0,1864.0,1868.0,230700.0,1868.0,1904.8,1909.4,1939.76,1905.0666666666664,1960.045,False,False,False,False,False,False,False,True,False,True,False,0.028372591006423982,0.013383297644539615,-0.0240899357601713,-0.076017130620985,-0.0384154175588865,-0.0198429693076372,-0.0626338329764454,,0.0006928891377376,,1889.0,1920.0,1.4049939098660171,-0.0018146574833999,-0.0013618148667929,-0.0001335513550451
2021-04-21,1850.0,1859.0,1836.0,1844.0,321500.0,1844.0,1883.8,1901.1,1935.56,1905.8666666666663,1958.805,False,False,False,False,False,False,False,True,False,True,False,0.03091106290672451,-0.0010845986984815619,-0.0135574837310195,-0.0422993492407809,-0.0496529284164858,-0.0335502530730294,-0.05639913232104121,,0.000419756541206,,1810.0,1917.0,1.3935847420892935,-0.0021699146500237,-0.0003552571666237,-0.0002731325965316
2021-04-22,1850.0,1872.0,1850.0,1867.0,250700.0,1867.0,1872.6,1898.8,1932.0,1907.013333333333,1957.36,False,False,False,False,False,False,False,True,False,False,False,0.00856989823245849,-0.015532940546331012,-0.0396357793251205,-0.060524906266738,-0.0348152115693626,-0.0214318871630064,-0.08730583824317087,,0.0006012892760757,,1836.0,1893.0,0.7797822706065319,-0.0018426501035196,0.0003272645465041,0.0001815327348696
2021-04-23,1873.0,1874.0,1847.0,1862.0,158600.0,1862.0,1868.8,1895.3,1927.0,1907.6133333333328,1955.885,False,False,False,False,False,False,False,True,False,True,False,-0.00644468313641246,-0.05639097744360902,-0.0553168635875402,-0.0606874328678839,-0.0349087003222341,-0.0244969566774075,-0.07787325456498388,,0.0003145291498624,,1771.0,1922.0,0.6326286398085361,-0.0025947067981318,-0.0007520566946121,-0.0002867601262132
2021-04-26,1866.0,1870.0,1829.0,1833.0,253700.0,1833.0,1854.8,1886.2,1921.52,1907.7866666666664,1954.075,False,False,False,False,False,False,False,True,False,True,False,0.016366612111292964,-0.020731042007637753,-0.03873431533006,-0.0452809601745771,-0.048292416803055,-0.0408001454809964,-0.04800872885979269,,9.085572111502531e-05,,1835.0,1906.0,1.599621689785624,-0.0028519089054498,-0.000257202107318,-0.0002236734287474
2021-04-27,1835.0,1950.0,1824.0,1921.0,872500.0,1921.0,1865.4,1885.1,1919.6,1909.04,1952.72,False,False,False,False,True,False,False,True,False,False,False,-0.014575741801145237,-0.08381051535658511,-0.0884955752212389,-0.0843310775637688,0.0007287870900573,0.0062259239979177,-0.07964601769911504,,0.0006565254438532,,1859.0,1862.0,3.439101300748916,-0.0010002083767451,0.0018517005287046,0.0005656697227381
2021-04-28,1940.0,1977.0,1899.0,1901.0,627400.0,1901.0,1876.8,1880.3,1916.88,1909.72,1951.295,False,False,False,False,False,False,False,True,False,True,False,-0.03103629668595476,-0.07995791688584955,-0.0846922672277748,-0.0799579168858495,-0.0083534981588638,-0.0045870594423987,-0.06417674907943188,,0.0003560731416124,,1844.0,1950.0,0.7190830945558739,-0.0014189724969741,-0.0004187641202289,-0.0003004523022408
2021-04-30,1875.0,1902.0,1870.0,1883.0,465800.0,1883.0,1880.0,1876.3,1911.84,1910.16,1950.26,False,False,False,False,False,False,False,True,False,True,False,-0.02389803505045141,-0.061072756240042485,-0.09506107275624,-0.0679766330323951,-0.0153159851301114,-0.0144237918215613,-0.0685077004779607,,0.0002303471960464,,1818.0,2010.0,0.7424290723621294,-0.0026362038664324,-0.0012172313694582,-0.0001257259455659
2021-05-06,1889.0,1897.0,1850.0,1850.0,283800.0,1850.0,1877.6,1873.2,1907.48,1909.7066666666667,1948.715,False,False,True,False,False,False,False,False,False,False,False,-0.05027027027027027,-0.02702702702702703,-0.0718918918918919,-0.0632432432432432,-0.0310702702702702,-0.0322738738738739,-0.05081081081081081,,-0.0002373837517804,,1828.0,1950.0,0.609274366680979,-0.002285738251515,0.0003504656149174,-0.0004677309478268
2021-05-07,1850.0,1879.0,1847.0,1863.0,242900.0,1863.0,1883.6,1869.2,1903.0,1909.32,1947.105,False,False,False,False,False,False,False,False,False,True,False,-0.03650026838432636,-0.01932367149758454,-0.0633387010198604,-0.0590445517981749,-0.0214707461084272,-0.0248631239935587,-0.04455179817498658,,-0.000202515380694,,1820.0,1910.0,0.8558844256518675,-0.0023541776142932,-6.843936277819507e-05,3.486837108634711e-05
2021-05-10,1876.0,1897.0,1868.0,1893.0,269900.0,1893.0,1878.0,1871.7,1901.32,1909.2266666666667,1945.57,False,False,False,False,False,False,False,False,False,False,False,-0.07025884838880085,-0.036978341257263604,-0.0660327522451135,-0.0723718964606444,-0.0043951399894347,-0.0085719316781123,-0.06867406233491812,,-4.888541259283782e-05,,1821.0,1989.0,1.1111568546727049,-0.0008835966591631,0.00147058095513,0.0001536299681012
2021-05-11,1871.0,1875.0,1842.0,1842.0,336100.0,1842.0,1866.2,1871.5,1897.08,1908.3733333333328,1943.67,False,False,False,False,False,False,False,False,False,True,False,-0.050488599348534204,-0.01248642779587405,-0.0342019543973941,-0.0526601520086862,-0.0299022801302931,-0.0360332971407886,-0.03908794788273615,,-0.0004471521994301,,1838.0,1995.0,1.2452760281585773,-0.0022350138106985,-0.0013514171515354,-0.0003982667868373
2021-05-12,1850.0,1863.0,1837.0,1838.0,418700.0,1838.0,1857.2,1868.6,1892.48,1907.68,1941.74,False,False,False,False,False,False,False,False,False,True,False,-0.03808487486398259,-0.024483133841131665,-0.0457018498367791,-0.0489662676822633,-0.0296409140369967,-0.0379107725788901,-0.044069640914037,,-0.0003634432050095,,1898.0,1992.0,1.245760190419518,-0.0024306729793709,-0.0001956591686723,8.370899442059501e-05
2021-05-13,1822.0,1822.0,1757.0,1757.0,375100.0,1757.0,1838.6,1858.1,1884.12,1905.7733333333333,1939.47,False,False,False,False,False,False,False,False,False,True,False,0.024473534433693798,0.0011383039271485487,-0.0005691519635742,-0.0159362549800796,-0.0723505976095617,-0.0846746347941567,-0.007398975526465566,,-0.0010004687510932,,1909.0,1971.0,0.8958681633627896,-0.0044370846867503,-0.0020064117073794,-0.0006370255460836
2021-05-14,1780.0,1801.0,1776.0,1795.0,221200.0,1795.0,1825.0,1854.3,1877.92,1903.8133333333333,1937.275,False,False,False,False,False,False,False,False,False,False,False,0.017827298050139277,-0.01838440111420613,-0.0083565459610027,-0.0323119777158774,-0.0461949860724234,-0.0606202414113277,-0.015041782729805013,,-0.0010295126973232,,1925.0,1946.0,0.5897094108237804,-0.0033015250915905,0.0011355595951597,-2.9043946230072025e-05
2021-05-17,1802.0,1806.0,1753.0,1760.0,231600.0,1760.0,1798.4,1838.2,1872.12,1901.68,1935.11,False,False,False,False,False,False,False,False,False,False,False,0.03579545454545455,-0.005113636363636364,0.0017045454545454,0.0204545454545454,-0.0637045454545453,-0.0805,-0.019318181818181818,,-0.0011218150968266,,1956.0,1950.0,1.047016274864376,-0.0030980920026495,0.000203433088941,-9.230239950331568e-05
2021-05-18,1763.0,1766.0,1739.0,1749.0,426700.0,1749.0,1779.8,1823.0,1865.0,1899.44,1932.84,False,False,False,False,False,False,False,False,False,True,False,0.040022870211549454,-0.005145797598627788,0.0120068610634648,0.0491709548313321,-0.0663236134934248,-0.0860148656375071,0.009719839908519153,,-0.0011792949500905,,1949.0,1928.0,1.8424006908462869,-0.0038176943699731,-0.0007196023673236,-5.747985326395584e-05
2021-05-19,1745.0,1771.0,1744.0,1768.0,240700.0,1768.0,1765.8,1811.5,1860.12,1897.7733333333333,1931.12,False,False,False,False,False,False,False,False,False,False,False,0.01414027149321267,-0.03619909502262444,-0.0062217194570135,,-0.0521040723981899,-0.0734012066365007,-0.007918552036199095,,-0.0008782221972417,,1956.0,1889.0,0.564096554956644,-0.0026234866567748,0.0011942077131982,0.0003010727528488
2021-05-20,1776.0,1806.0,1772.0,1800.0,259400.0,1800.0,1774.4,1806.5,1856.24,1896.1466666666668,1929.37,False,False,False,False,False,False,False,False,False,False,False,-0.02277777777777778,-0.04611111111111111,-0.0311111111111111,,-0.0312444444444444,-0.0534148148148148,-0.028333333333333332,,-0.0008578801921088,,1987.0,1905.0,1.077690070627337,-0.0020902469508252,0.0005332397059496,2.03420051328719e-05
2021-05-21,1805.0,1830.0,1805.0,1827.0,257700.0,1827.0,1780.8,1802.9,1852.36,1895.0933333333328,1927.615,False,False,False,False,False,False,False,False,False,True,False,-0.03557744937055282,-0.04488232074438971,-0.0322933771209633,,-0.0138806787082648,-0.0372705710636742,-0.0421455938697318,,-0.0005558213491687,,1970.0,1881.0,0.9934464148033924,-0.0020946252348356,-4.378284010359695e-06,0.0003020588429401
2021-05-24,1827.0,1839.0,1818.0,1823.0,170800.0,1823.0,1793.4,1795.9,1848.0,1894.5733333333333,1925.65,False,False,False,False,False,False,False,False,False,True,False,-0.039495337356006584,-0.030170049369171694,-0.0532089961601755,,-0.0137136588041689,-0.0392612909124154,-0.03510696653867252,,-0.0002744681300272,,1969.0,1889.0,0.6627861854870004,-0.0023593073593073,-0.0002646821244716,0.0002813532191414
2021-05-25,1820.0,1821.0,1803.0,1819.0,233000.0,1819.0,1807.4,1793.6,1842.8,1892.8266666666664,1923.695,False,False,False,False,False,False,False,False,False,True,False,-0.0434304562946674,-0.02199010445299615,-0.0291368884002199,,-0.0130841121495326,-0.040586402785413,-0.038482682792743264,,-0.0009227821529706,,1969.0,1810.0,1.364168618266979,-0.0028217929238116,-0.0004624855645043,-0.0006483140229433
2021-05-26,1820.0,1831.0,1793.0,1793.0,244100.0,1793.0,1812.4,1789.1,1837.6,1889.9333333333327,1921.6,False,False,False,False,False,False,False,False,False,True,False,-0.049637479085331844,-0.021751254880089235,-0.0217512548800892,,-0.0248745119910763,-0.0540620933258969,-0.021193530395984383,,-0.0015309181981727,,2009.0,1836.0,1.0476394849785409,-0.0028297779712668,-7.985047455278706e-06,-0.000608136045202
2021-05-27,1781.0,1790.0,1751.0,1759.0,505900.0,1759.0,1804.2,1789.3,1832.72,1887.3866666666668,1919.02,False,False,False,False,False,False,False,False,False,False,False,-0.023877202956225127,-0.0017055144968732233,-0.0056850483229107,,-0.041910176236498,-0.0729884404017434,-0.014781125639567936,,-0.0013493083911438,,1959.0,1771.0,2.0725112658746414,-0.0026627089790038,0.000167068992263,0.0001816098070288
2021-05-28,1784.0,1786.0,1756.0,1762.0,366400.0,1762.0,1791.2,1786.0,1827.08,1885.4133333333327,1916.755,False,False,False,False,False,False,False,False,False,True,False,-0.009648127128263337,0.01021566401816118,-0.0068104426787741,,-0.0369353007945516,-0.0700416193719257,-0.00510783200908059,,-0.0010466316846528,,1975.0,1835.0,0.7242538050998221,-0.0030868927468967,-0.0004241837678929,0.000302676706491
2021-05-31,1764.0,1773.0,1746.0,1751.0,213000.0,1751.0,1776.8,1785.1,1822.4,1882.24,1913.91,False,False,False,False,False,False,False,False,False,False,False,0.009708737864077669,0.006853226727584237,0.0045688178183894,,-0.0407766990291262,-0.0749514563106796,0.0028555111364934323,,-0.0016859344894026,,1935.0,1859.0,0.5813318777292577,-0.0025680421422299,0.0005188506046668,-0.0006393028047497
2021-06-01,1752.0,1757.0,1736.0,1740.0,179100.0,1740.0,1761.0,1784.2,1818.24,1878.84,1911.46,False,False,False,False,False,False,False,False,False,False,False,0.022413793103448276,0.017241379310344827,0.0051724137931034,,-0.0449655172413793,-0.0797931034482758,0.0028735632183908046,,-0.0018096272167933,,1948.0,1844.0,0.8408450704225352,-0.0022879267863428,0.000280115355887,-0.0001236927273907
2021-06-02,1726.0,1733.0,1703.0,1704.0,360000.0,1704.0,1743.2,1777.8,1811.72,1875.0,1908.685,False,False,False,False,False,False,False,False,False,True,False,0.029342723004694836,0.031103286384976527,0.0299295774647887,,-0.0632159624413145,-0.1003521126760563,0.025821596244131457,,-0.0020479999999999,,1953.0,1818.0,2.010050251256281,-0.0035987901000154,-0.0013108633136725,-0.0002383727832065
2021-06-03,1710.0,1717.0,1700.0,1717.0,369000.0,1717.0,1734.8,1769.5,1805.92,1871.6133333333328,1906.17,False,False,False,False,False,False,False,False,False,False,False,0.022714036109493303,0.0157251019219569,0.0093185789167152,,-0.0517880023296447,-0.0900485342651909,0.006988934187536401,,-0.0018094905642906,,1966.0,1828.0,1.025,-0.003211659431204,0.0003871306688114,0.0002385094357093
2021-06-04,1720.0,1760.0,1717.0,1745.0,327600.0,1745.0,1731.4,1761.3,1802.4,1868.9333333333327,1903.985,False,False,False,False,False,False,False,False,False,False,False,0.02005730659025788,0.013180515759312322,0.0045845272206303,,-0.0328939828080229,-0.0710219675262654,-0.004584527220630372,,-0.0014339730327457,,1950.0,1820.0,0.8878048780487805,-0.0019529516200621,0.0012587078111418,0.0003755175315449
2021-06-07,1785.0,1791.0,1760.0,1768.0,236300.0,1768.0,1734.8,1755.8,1796.28,1866.506666666667,1901.83,False,False,False,False,False,False,False,False,False,True,False,-0.002828054298642534,-0.023755656108597284,-0.006787330316742,,-0.0159954751131221,-0.0557164404223229,0.01583710407239819,,-0.001300111438123,,1905.0,1821.0,0.7213064713064713,-0.0034070412185183,-0.0014540895984562,0.0001338615946226
2021-06-08,1767.0,1789.0,1765.0,1779.0,176100.0,1779.0,1742.6,1751.8,1791.4,1864.52,1900.125,False,False,False,False,False,False,False,False,False,False,False,-0.00505902192242833,-0.007307476110174255,-0.0191118605958403,,-0.0069702079820124,-0.0480719505340078,0.03147835862844295,,-0.0010655110519956,,1927.0,1838.0,0.7452391028353788,-0.0027241263816009,0.0006829148369174,0.0002346003861274
2021-06-09,1773.0,1775.0,1752.0,1754.0,137200.0,1754.0,1752.6,1747.9,1786.24,1862.72,1898.69,False,False,False,False,False,False,False,False,False,True,False,0.0017103762827822121,0.0,-0.0034207525655644,,-0.0183808437856328,-0.0619840364880273,0.026795895096921322,,-0.0009663288094828,,1890.0,1898.0,0.7791027825099376,-0.0028887495521318,-0.0001646231705309,9.918224251275516e-05
2021-06-10,1751.0,1762.0,1739.0,1756.0,149200.0,1756.0,1760.4,1747.6,1782.48,1860.733333333333,1897.195,False,False,False,False,False,False,False,False,False,False,False,-0.00683371298405467,-0.003986332574031891,-0.015375854214123,,-0.0150797266514806,-0.0596431283219436,0.022209567198177675,,-0.0010676794095519,,1897.0,1909.0,1.087463556851312,-0.0021094205825591,0.0007793289695727,-0.000101350600069
2021-06-11,1773.0,1781.0,1761.0,1780.0,193800.0,1780.0,1767.4,1749.4,1779.16,1859.3866666666668,1895.65,False,False,False,False,True,False,False,False,False,False,False,-0.006741573033707865,-0.016853932584269662,-0.0241573033707865,,0.0004719101123595,-0.0445992509363296,-0.007865168539325843,,-0.0007242531587475,,1924.0,1925.0,1.2989276139410189,-0.0018660491467883,0.0002433714357707,0.0003434262508044
2021-06-14,1781.0,1785.0,1747.0,1763.0,212900.0,1763.0,1766.4,1750.6,1773.96,1857.7066666666667,1893.785,False,False,False,False,False,False,False,False,False,True,False,-0.02098695405558707,-0.0022688598979013048,0.0187180941576857,,-0.0062166761202495,-0.0537190395159765,0.02212138400453772,,-0.0009043408360128,,1932.0,1956.0,1.0985552115583077,-0.0029312949559178,-0.0010652458091295,-0.0001800876772653
2021-06-15,1770.0,1770.0,1754.0,1770.0,231300.0,1770.0,1764.6,1753.6,1771.08,1857.1733333333327,1892.12,False,False,False,False,False,False,False,False,False,False,False,-0.0022598870056497176,-0.011864406779661017,0.0367231638418079,,-0.0006101694915253,-0.0492504708097927,0.029943502824858758,,-0.0002871747745679,,1949.0,1949.0,1.0864255519023016,-0.00162612643133,0.0013051685245877,0.0006171660614449
2021-06-16,1740.0,1763.0,1738.0,1757.0,287300.0,1757.0,1765.2,1758.9,1767.84,1856.12,1890.265,False,False,False,False,False,False,False,False,False,True,False,-0.001707455890722823,-0.0011383039271485487,,,-0.006169607285145,-0.056414342629482,0.03813318155947638,,-0.0005674920443361,,1923.0,1956.0,1.24210981409425,-0.0018327450448004,-0.0002066186134703,-0.0002803172697682
2021-06-17,1750.0,1752.0,1735.0,1744.0,321400.0,1744.0,1762.8,1761.6,1767.32,1855.76,1888.31,False,False,False,False,False,False,False,False,False,False,False,0.0028669724770642203,-0.006307339449541285,,,-0.0133715596330274,-0.0640825688073394,0.034403669724770644,,-0.0001939906022329,,1881.0,1987.0,1.1186912634876436,-0.000294230812756,0.0015385142320444,0.0003735014421031
2021-06-18,1776.0,1781.0,1761.0,1768.0,579800.0,1768.0,1760.4,1763.9,1766.24,1854.8666666666663,1886.77,False,False,False,False,True,False,False,False,False,True,False,-0.010180995475113122,-0.008484162895927601,,,0.0009954751131221,-0.0491327300150827,0.09106334841628959,,-0.0004816159292673,,1903.0,1970.0,1.803982576228998,-0.0006114684301113,-0.0003172376173553,-0.0002876253270343
2021-06-21,1741.0,1747.0,1725.0,1726.0,349100.0,1726.0,1753.0,1759.7,1764.88,1853.0933333333328,1885.01,False,False,False,False,False,False,False,False,False,True,False,0.019119351100811123,0.01738122827346466,,,-0.0225260718424102,-0.0736346079567397,0.12224797219003476,,-0.0009569584550518,,1868.0,1969.0,0.6021041738530528,-0.0007705906350572,-0.0001591222049459,-0.0004753425257845
2021-06-22,1746.0,1772.0,1740.0,1766.0,433200.0,1766.0,1752.2,1758.4,1765.56,1852.0533333333333,1883.365,False,False,False,False,False,False,True,False,False,False,False,-0.009626274065685165,-0.01189127972819932,,,0.0002491506228765,-0.0487278218195545,0.09626274065685164,,-0.0005615389045669,,1844.0,1969.0,1.2409051847608137,0.0003851469222228,0.0011557375572801,0.0003954195504849
2021-06-23,1756.0,1765.0,1748.0,1754.0,259900.0,1754.0,1751.6,1758.4,1765.0,1851.2,1881.845,False,False,False,False,False,False,False,False,False,True,False,0.0005701254275940707,-0.0034207525655644243,,,-0.0062713797035347,-0.0554161915621436,0.14880273660205245,,-0.000460962258715,,1867.0,2009.0,0.5999538319482918,-0.0003172804532577,-0.0007024273754806,0.0001005766458519
2021-06-24,1728.0,1752.0,1725.0,1749.0,173100.0,1749.0,1752.6,1757.7,1762.96,1850.1466666666668,1880.57,False,False,False,False,False,False,False,False,False,True,False,-0.009148084619782733,-0.011435105774728416,,,-0.0079817038307604,-0.0578311416047265,0.15208690680388792,,-0.0005693242337544,,1862.0,1959.0,0.6660253943824548,-0.001157144801924,-0.0008398643486662,-0.0001083619750393
2021-06-25,1737.0,1756.0,1737.0,1750.0,328600.0,1750.0,1749.0,1754.7,1759.88,1849.213333333333,1879.535,False,False,False,False,False,False,False,False,False,True,False,0.0017142857142857142,-0.0074285714285714285,,,-0.0056457142857143,-0.0566933333333332,0.13142857142857142,,-0.0005047191238077,,1833.0,1975.0,1.898324667822068,-0.0017501193263176,-0.0005929745243936,6.460510994665803e-05
2021-06-28,1742.0,1761.0,1742.0,1759.0,309700.0,1759.0,1755.6,1754.3,1757.32,1848.3866666666668,1878.69,False,False,False,False,True,False,False,False,False,False,False,-0.0017055144968732233,0.021034678794769755,,,0.000955088118249,-0.0508167519423915,0.12279704377487209,,-0.0004472368696302,,1921.0,1935.0,0.9424832623250152,-0.0014567637083742,0.0002933556179434,5.748225417746508e-05
2021-06-29,1763.0,1767.0,1745.0,1749.0,307800.0,1749.0,1752.2,1752.2,1754.52,1847.2,1877.595,False,False,False,False,False,False,False,False,False,True,False,-0.002287021154945683,0.049170954831332186,,,-0.003156089193825,-0.0561463693539165,,,-0.0006424137433232,,1901.0,1948.0,0.9938650306748468,-0.001595878074915,-0.0001391143665408,-0.0001951768736929
2021-06-30,1770.0,1786.0,1751.0,1755.0,308000.0,1755.0,1752.4,1752.0,1753.0,1845.2933333333333,1876.4,False,False,False,False,False,False,False,False,False,False,False,-0.003988603988603989,0.02621082621082621,,,0.0011396011396011,-0.051449192782526,,,-0.0010332593914608,,1883.0,1953.0,1.000649772579597,-0.0008670849971477,0.0007287930777673,-0.0003908456481375
2021-07-01,1750.0,1754.0,1729.0,1733.0,264600.0,1733.0,1749.2,1750.9,1751.96,1842.9466666666667,1874.995,False,False,False,False,False,False,False,False,False,False,False,-0.002308136180034622,0.03577611079053664,,,-0.0109405654933641,-0.063442969801885,,,-0.0012733231563944,,1850.0,1966.0,0.8590909090909091,-0.0005936208589236,0.000273464138224,-0.0002400637649335
2021-07-02,1735.0,1760.0,1730.0,1753.0,284000.0,1753.0,1749.8,1749.4,1751.6,1840.6533333333327,1873.84,False,False,False,False,False,False,False,False,False,False,False,-0.00912721049629207,0.007415858528237307,,,0.0007986309184256,-0.0500019015021866,,,-0.001245934414592,,1863.0,1950.0,1.073318216175359,-0.0002055263758849,0.0003880944830387,2.738874180239939e-05
2021-07-05,1754.0,1773.0,1754.0,1756.0,274400.0,1756.0,1749.2,1752.4,1751.8,1837.986666666667,1872.985,False,False,False,False,False,False,True,False,False,False,False,0.022779043280182234,0.02619589977220957,,,0.0023917995444191,-0.0466894457099469,,,-0.0014508629007099,,1893.0,1905.0,0.9661971830985916,0.0001141682840507,0.0003196946599356,-0.0002049284861179
2021-07-06,1752.0,1752.0,1740.0,1745.0,223000.0,1745.0,1748.4,1750.3,1752.0,1835.2666666666669,1872.36,False,False,False,False,False,False,True,False,False,True,False,0.05157593123209169,0.04469914040114613,,,-0.0040114613180515,-0.0517287488061128,,,-0.0014820734498165,,1842.0,1927.0,0.8126822157434402,0.0001141552511415,-1.3032909138225158e-08,-3.121054910658078e-05
2021-07-07,1740.0,1751.0,1738.0,1748.0,227000.0,1748.0,1747.0,1749.7,1753.76,1832.493333333333,1871.75,False,False,False,False,False,False,True,False,True,False,False,0.03032036613272311,0.043478260869565216,,,-0.0032951945080091,-0.0483371472158656,,,-0.001513420694573,,1838.0,1890.0,1.0179372197309418,0.0010035580695191,0.0008894028183776,-3.1347244756451146e-05
2021-07-08,1740.0,1752.0,1729.0,1729.0,244200.0,1729.0,1746.2,1747.7,1754.24,1829.0533333333333,1871.05,False,False,False,False,False,False,True,False,False,True,False,0.038172353961827644,0.04337767495662233,,,-0.0145980335454019,-0.0578677462887988,,,-0.0018807543428657,,1757.0,1897.0,1.0757709251101322,0.000273622765414,-0.0007299353041051,-0.0003673336482927
2021-07-09,1712.0,1738.0,1706.0,1737.0,387200.0,1737.0,1743.0,1746.4,1753.92,1825.9466666666667,1870.28,False,False,False,False,False,False,False,False,False,True,False,0.01669545192861255,0.11053540587219343,,,-0.009740932642487,-0.051207061984264,,,-0.0017014005520423,,1795.0,1924.0,1.5855855855855856,-0.0001824484583104,-0.0004560712237245,0.0001793537908234
2021-07-12,1767.0,1802.0,1764.0,1796.0,344100.0,1796.0,1751.0,1750.1,1755.04,1823.64,1869.59,False,False,False,True,True,False,True,False,False,False,True,0.0033407572383073497,0.07850779510022271,,,0.0228062360801781,-0.0153897550111359,,,-0.0012648695283425,,1760.0,1932.0,0.8886880165289256,0.0006381620931716,0.000820610551482,0.0004365310236998
2021-07-13,1829.0,1842.0,1821.0,1835.0,306900.0,1835.0,1769.0,1758.7,1757.28,1821.8533333333328,1869.18,False,False,False,False,False,False,True,False,True,False,False,-0.006539509536784741,0.055040871934604906,,,0.0423542234332425,0.0071643960036333,,,-0.0009806863340631,,1749.0,1949.0,0.8918918918918919,0.0012746972594008,0.0006365351662292,0.0002841831942794
2021-07-16,1812.0,1817.0,1800.0,1801.0,155800.0,1801.0,1779.6,1763.3,1759.16,1819.08,1868.535,False,False,False,False,False,False,True,False,False,True,False,0.012770682953914493,0.11882287617990006,,,0.0232315380344252,-0.0100388672959466,,,-0.0015245801907188,,1768.0,1923.0,0.5076572173346366,0.0010686918756679,-0.0002060053837329,-0.0005438938566557
2021-07-19,1795.0,1799.0,1780.0,1795.0,170200.0,1795.0,1792.8,1769.5,1760.72,1816.8933333333327,1867.665,False,False,False,False,False,False,True,False,False,True,False,0.005013927576601671,0.12256267409470752,,,0.0190974930362116,-0.0121968430826368,,,-0.0012035195608621,,1800.0,1881.0,1.092426187419769,0.0008860011813348,-0.0001826906943331,0.0003210606298566
2021-07-20,1786.0,1793.0,1760.0,1766.0,260600.0,1766.0,1798.6,1770.8,1760.16,1814.1066666666663,1866.325,False,False,False,False,False,False,False,False,False,True,False,0.09229898074745187,0.12117780294450736,,,0.0033069082672706,-0.02724046810117,,,-0.0015361096003176,,1827.0,1903.0,1.5311398354876615,-0.0003181528951913,-0.0012041540765261,-0.0003325900394554
2021-07-21,1795.0,1805.0,1787.0,1802.0,232100.0,1802.0,1799.8,1775.4,1761.72,1812.3333333333333,1864.985,False,False,False,False,False,False,True,False,False,False,True,0.07491675915649279,0.09600443951165372,,,0.0223529411764705,-0.0057343692193858,,,-0.0009784807798416,,1823.0,1868.0,0.8906369915579432,0.000885498263061,0.0012036511582523,0.0005576288204759
2021-07-26,1840.0,1846.0,1818.0,1823.0,297100.0,1823.0,1797.4,1783.2,1763.84,1810.6666666666667,1863.75,False,False,False,False,False,False,True,False,False,False,False,0.06198573779484366,,,,0.0324520021941854,0.0067654050100566,,,-0.0009204712812959,,1819.0,1844.0,1.2800517018526498,0.001201923076923,0.0003164248138619,5.800949854574758e-05
2021-07-27,1828.0,1833.0,1820.0,1824.0,271800.0,1824.0,1802.0,1790.8,1766.52,1808.9466666666667,1862.835,False,False,False,False,False,False,True,False,False,False,False,0.10471491228070176,,,,0.0315131578947368,0.0082529239766081,,,-0.0009508295803819,,1793.0,1867.0,0.9148434870414002,0.0015171070805878,0.0003151840036648,-3.035829908602859e-05
2021-07-28,1830.0,1835.0,1801.0,1804.0,250700.0,1804.0,1803.8,1798.3,1768.92,1806.7866666666664,1861.635,False,False,False,False,False,False,True,False,False,True,False,0.11696230598669623,,,,0.0194456762749445,-0.0015447154471543,,,-0.0011954925503104,,1759.0,1862.0,0.9223693892568064,0.0013567600569839,-0.0001603470236038,-0.0002446629699285
2021-07-29,1838.0,1930.0,1814.0,1929.0,1045600.0,1929.0,1836.4,1817.5,1775.36,1806.506666666667,1861.05,False,False,False,False,False,False,True,False,False,False,False,0.026438569206842923,,,,0.0796474857439088,0.0635009504060824,,,-0.0001549952763341,,1762.0,1833.0,4.170721978460311,0.0036274333093005,0.0022706732523165,0.0010404972739763
2021-07-30,1937.0,1992.0,1933.0,1937.0,1244100.0,1937.0,1863.4,1831.6,1783.8,1806.9333333333327,1860.37,False,False,False,False,False,False,True,True,False,False,False,0.01961796592669076,,,,0.0790913784202375,0.0671485114438135,,,0.0002361275088545,,1751.0,1921.0,1.1898431522570774,0.0047314721381321,0.0011040388288315,0.0003911227851887
2021-08-02,1968.0,1969.0,1925.0,1936.0,434100.0,1936.0,1886.0,1841.7,1790.6,1807.0533333333333,1859.985,False,False,False,False,False,False,True,True,False,True,False,,,,,0.075103305785124,0.0666046831955923,,,6.640645175577823e-05,,1740.0,1901.0,0.3489269351338316,0.003797609739752,-0.00093386239838,-0.0001697210570987
2021-08-03,1973.0,2017.0,1945.0,2015.0,788400.0,2015.0,1924.2,1863.1,1801.04,1808.72,1860.26,False,False,False,False,False,False,True,True,False,False,False,,,,,0.1061836228287841,0.1023722084367245,,,0.0009214619546788,,1704.0,1883.0,1.8161713890808568,0.0057966508239684,0.0019990410842163,0.000855055502923
2021-08-04,2014.0,2031.0,2000.0,2015.0,620600.0,2015.0,1966.4,1885.1,1811.68,1810.2933333333333,1860.2,True,True,False,False,False,False,True,True,True,True,True,,,,,0.1009032258064515,0.1015913978494623,,,0.0008691040862622,,1717.0,1850.0,0.7871638762049721,0.0058730018546322,7.635103066381491e-05,-5.235786841663065e-05
2021-08-05,2010.0,2020.0,1978.0,1980.0,358900.0,1980.0,1976.6,1906.5,1820.88,1811.04,1860.125,False,False,False,False,False,False,True,True,True,True,True,,,,,0.0803636363636363,0.0853333333333333,,,0.0004122861265718,,1745.0,1863.0,0.5783113116339027,0.005052502086903,-0.0008204997677291,-0.0004568179596903
2021-08-06,1970.0,1993.0,1949.0,1975.0,450000.0,1975.0,1984.2,1923.8,1829.52,1811.6133333333328,1859.97,False,False,False,False,False,False,True,True,True,True,True,,,,,0.0736607594936709,0.0827274261603378,,,0.0003164766580062,,1768.0,1893.0,1.2538311507383673,0.0047225501770955,-0.0003299519098074,-9.58094685656388e-05
