日付,始値,高値,安値,終値,出来高,終値調整値,5日平均,10日平均,25日平均,75日平均,200日平均,ゴールデンクロス（25日）,ゴールデンクロス_A（25日）,デッドクロス（25日）,ゴールデンクロス（終値）,ゴールデンクロス_A（終値）,デッドクロス（終値）,25日平均上昇場,75日平均上昇場,25日平均急上昇ポイント,25日平均上昇陰りポイント,10日平均急上昇ポイント,5営業日後騰落率,10営業日後騰落率,20営業日後騰落率,40営業日後騰落率,乖離率（25日平均）,乖離率（75日平均）,25営業日後騰落率,75営業日後騰落率,75日平均変動率,75営業日後騰落率（10日平均）,40営業日前株価,60営業日前株価,出来高変化率,25日平均変動率,25日平均変動率差,75日平均変動率差
2006-10-31,248.29969491111743,260.7981694667046,226.642338201196,245.8,55310.0,245.8,,,,,,False,False,False,False,False,False,False,False,False,False,False,0.2339300244100895,0.1391375101708706,,,,,0.1493083807973962,-0.128559804719284,,,,,1.0,,,
2006-11-01,255.0274026578787,279.2,252.52713400437008,279.2,40060.0,279.2,,,,,,False,False,False,False,False,False,False,False,False,False,False,0.1758595988538683,-0.0805873925501432,,,,,0.026862464183381,-0.2539398280802291,,,,,0.7242813234496475,,,
2006-11-02,295.83000000000004,320.83000000000004,279.17,310.0,58961.0,310.0,,,,,,False,False,False,False,False,False,False,False,False,False,False,0.0161290322580645,-0.2283870967741935,,,,,-0.0403225806451612,-0.2445161290322581,,,,,1.4718172740888666,,,
2006-11-06,310.03301736074127,315.03354989881774,279.1997337309617,281.7,31835.0,281.7,,,,,,False,False,False,False,False,False,False,False,False,False,False,0.0383386581469648,-0.2694355697550585,,,,,-0.0298189563365281,-0.207312744053958,,,,,0.5399331761672971,,,
2006-11-07,292.52884899891507,304.2,264.1960548377552,304.2,38761.0,304.2,284.18,,,,,False,False,False,False,False,False,False,False,False,False,False,-0.0164365548980933,-0.2412886259040104,,,,,-0.1180144641683102,-0.2905982905982905,,,,,1.217559290089524,,,
2006-11-08,299.9703293442785,341.6362080901988,292.4710711106716,303.3,53947.0,303.3,295.68,,,,,False,False,False,False,False,False,False,False,False,False,False,-0.0768216287504121,-0.2360698977909661,,,,,-0.1041872733267392,-0.3076162215628091,,,,,1.3917855576481517,,,
2006-11-09,307.4719032680535,330.799771571285,293.30319800201016,328.3,33987.0,328.3,305.5,,,,,False,False,False,False,False,False,False,False,False,False,False,-0.2180932074322266,-0.3323180018275967,,,,,-0.1699664940603107,-0.3603411513859275,,,,,0.6300072293176636,,,
2006-11-10,328.33000000000004,340.0,310.83000000000004,315.0,27659.0,315.0,306.5,,,,,False,False,False,False,False,False,False,False,False,False,False,-0.2406349206349206,-0.3095238095238095,,,,,-0.1507936507936507,-0.3253968253968254,,,,,0.8138111630917704,,,
2006-11-13,320.83000000000004,324.17,290.0,292.5,17934.0,292.5,308.66,,,,,False,False,False,False,False,False,False,False,False,False,False,-0.2964102564102563,-0.205128205128205,,,,,-0.1880341880341879,-0.2478632478632478,,,,,0.6483965436205213,,,
2006-11-14,300.0300832302704,308.3609185412976,292.52933114951367,299.2,15663.0,299.2,307.66,295.92,,,,False,False,False,False,False,False,False,False,False,False,False,-0.2286096256684491,-0.1504010695187166,,,,,-0.1504010695187166,-0.2172459893048128,,-0.2624695863746959,,,0.8733690197390431,,,
2006-11-15,296.67,302.5,275.0,280.0,10522.0,280.0,303.0,299.34,,,,False,False,False,False,False,False,False,False,False,False,False,-0.1725,-0.1367857142857143,,,,,-0.0685714285714285,-0.1249999999999999,,-0.2606066680029397,,,0.6717742450360723,,,
2006-11-16,275.8622394514357,278.36253165543303,256.7,256.7,8622.0,256.7,288.68,297.09,,,,False,False,False,False,False,False,False,False,False,False,False,-0.1460849240358395,-0.0229840280483053,,,,,0.0,-0.0681729645500584,,-0.2446060116463024,,,0.8194259646455047,,,
2006-11-17,260.8627168959317,263.3630304804114,231.699059246561,239.2,8212.0,239.2,273.52000000000004,290.00999999999993,,,,False,False,False,False,False,False,False,False,False,False,False,-0.0907190635451504,0.1810200668896321,,,,,0.1007525083612041,0.0836120401337792,,-0.2175442226130132,,,0.9524472280213409,,,
2006-11-20,229.13659816353305,231.6362337851625,205.8,205.8,6631.0,205.8,256.18,282.42,,,,False,False,False,False,False,False,False,False,False,False,False,0.1297376093294461,0.4859086491739552,,,,,0.2716229348882409,0.239067055393586,,-0.1852914099568019,,,0.8074768631271311,,,
2006-11-21,212.4723822726682,234.13956591430923,199.9740068448642,230.8,19682.0,230.8,242.5,275.08000000000004,,,,False,False,False,False,False,False,False,False,False,False,False,0.1013864818024262,0.3071923743500865,,,,,0.1265164644714037,0.0363951473136914,,-0.155045804856769,,,2.96817976172523,,,
2006-11-22,224.19902879095264,245.8618336426813,219.1983813182544,231.7,11728.0,231.7,232.84,267.92,,,,False,False,False,False,False,False,False,False,False,False,False,0.0431592576607682,0.2192490289167027,,,,,0.0647388864911523,0.0574018126888219,,-0.1194013138250224,,,0.5958744030078245,,,
2006-11-24,222.530455810558,232.53182461103253,219.2,219.2,5161.0,219.2,225.34,257.01,,,,False,False,False,False,False,False,False,False,False,False,False,0.1441605839416059,0.3079379562043796,,,,,0.0871350364963504,0.0720802919708031,,-0.0722929068907824,,,0.4400579809004092,,,
2006-11-27,212.5,228.33,210.0,217.5,3986.0,217.5,221.0,247.26,,,,False,False,False,False,False,False,False,False,False,False,False,0.2988505747126437,0.367816091954023,,,,,0.1264367816091955,0.0496551724137931,,-0.0293213621289328,,,0.7723309436155784,,,
2006-11-28,213.33,235.00000000000003,213.33,232.50000000000003,8186.0,232.5,226.34,241.26000000000005,,,,False,False,False,False,False,False,False,False,False,False,False,0.3152688172043009,0.1754838709677418,,,,,0.0464516129032257,0.0464516129032257,,0.0044764983834868,,,2.0536879076768693,,,
2006-11-29,237.52803241924693,264.20118031238934,236.69793445331865,254.2,27484.0,254.2,231.02,236.76,,,,False,False,False,False,False,False,False,False,False,False,False,0.1868607395751376,0.0554681353265146,,,,,0.03933910306845,-0.0361919748229738,,0.0281297516472376,,,3.3574395309064258,,,
2006-11-30,255.86175776885835,257.53196507634374,241.7,241.7,7543.0,241.7,233.02000000000004,232.93,,,,False,False,False,False,False,False,False,False,False,False,False,0.1688043028547787,0.1241208109226313,,,,,0.0653702937525859,-0.0103434009102192,,0.0425449705920233,,,0.2744505894338524,,,
2006-12-01,248.3002990072958,264.13840449706976,246.6404975481402,250.8,13748.0,250.8,239.34,232.34,,,,False,False,False,False,False,False,False,False,False,False,False,0.1431419457735246,0.0865231259968101,,,,,0.0466507177033492,-0.0362838915470495,,0.0462683997589739,,,1.8226169958902287,,,
2006-12-04,250.00000000000003,287.5,246.67,282.5,17226.0,282.5,252.34,236.67,,,,False,False,False,False,False,False,False,False,False,False,True,0.0530973451327433,-0.0530973451327433,,,,,-0.0945132743362831,-0.1621238938053097,,0.0176194701483078,,,1.252982251963922,,,
2006-12-05,290.80147140568295,317.4688552463787,290.80147140568295,305.8,28375.0,305.8,267.0,246.67,,,,False,False,False,False,False,False,False,False,False,False,False,-0.106278613472858,-0.2233485938521909,,,,,-0.2069980379332896,-0.2289077828646173,,-0.031418494344671,,,1.6472193196331126,,,
2006-12-06,312.531077004674,314.20124308018694,298.359667848974,301.7,9696.0,301.7,276.5,253.76,268.372,,,False,False,False,False,False,False,False,False,False,False,False,-0.1107059993370897,-0.1574411667219092,,,0.1104673516738481,,-0.1630759032151142,-0.2210805435863439,,-0.0601355611601509,,,0.3417092511013216,,,
2006-12-07,305.0,306.67,280.83000000000004,282.5,4811.0,282.5,284.66,258.84000000000003,269.84,,,False,False,False,False,False,False,True,False,False,False,False,-0.0382300884955752,-0.0768141592920353,,,0.0448141592920354,,-0.1061946902654866,-0.1327433628318583,,-0.0785813630041722,,,0.4961839933993399,0.0054402608953452,,
2006-12-08,282.5295636097254,299.2013081243241,279.1992151254055,286.7,6247.0,286.7,291.84000000000003,265.59,270.14,,,False,False,False,False,False,False,True,False,False,True,False,-0.0495291245204045,-0.1046389954656435,,,0.0577607254970352,,-0.0931287059644227,-0.1890477851412625,,-0.1029406227644112,,,1.298482643940969,0.001110535278004,-0.0043297256173412,
2006-12-11,291.67,298.33000000000004,276.67,297.5,7214.0,297.5,294.84000000000003,273.59,269.64,,,False,False,False,False,False,False,False,False,False,True,False,-0.1008403361344537,-0.1149579831932772,,,0.0936470588235294,,-0.1401680672268907,-0.2410084033613445,,-0.1300851639314298,,,1.154794301264607,-0.0018543242842308,-0.0029648595622348,
2006-12-12,299.13716386785205,311.6357918999012,256.64182855888487,273.3,9598.0,273.3,288.34000000000003,277.67,269.304,,,False,False,False,False,False,False,False,False,False,False,False,-0.1309915843395535,-0.0424442005122576,,,0.0146212952799123,,-0.0731796560556165,-0.1613611416026345,,-0.1479454028162927,,,1.3304685334072637,-0.0012476606363069,0.0006066636479238,
2006-12-13,277.4689747698729,283.29832296053365,263.30055901315546,268.3,3530.0,268.3,281.66,279.08000000000004,267.868,,,False,False,False,False,False,False,False,False,False,True,False,-0.0525531121878495,-0.0309355199403653,,,0.0016101379053299,,-0.0711889675736117,-0.1457323891166605,,-0.1579117099039704,,,0.3677849551989998,-0.0053608493735719,-0.004113188737265,
2006-12-14,264.1991717893032,275.8604593808665,259.19861964883864,271.7,2675.0,271.7,279.5,282.08000000000004,266.60400000000004,,,False,False,False,False,False,False,False,False,False,False,False,-0.0401177769598821,-0.0920132499079867,,,0.0187559808612438,,-0.0769230769230768,-0.1965403018034596,,-0.1742768009075441,,,0.7577903682719547,-0.0047411141618278,0.0006197352117441,
2006-12-15,275.83000000000004,279.17,261.67,272.5,1282.0,272.5,276.66,284.25,264.372,,,False,False,False,False,False,False,False,False,False,True,False,-0.0579816513761468,-0.1255045871559632,,,0.0298275229357797,,-0.0946788990825688,-0.2110091743119266,,-0.1899736147757255,,,0.4792523364485981,-0.0084426489945986,-0.0037015348327707,
2006-12-18,274.17,275.0,264.17,267.5,752.0,267.5,270.66,282.75,262.472,,,False,False,False,False,False,False,False,False,False,False,False,-0.0157009345794392,-0.0841121495327101,,,0.018796261682243,,-0.0934579439252335,-0.1899065420560748,,-0.1927497789566755,,,0.5865834633385335,-0.0072388673839496,0.0012037816106489,
2006-12-19,262.5,266.67,227.50000000000003,237.50000000000003,1553.0,237.5,263.5,275.92,260.272,,,False,False,False,False,False,True,False,False,False,True,False,0.101894736842105,0.0244210526315788,,,-0.0958821052631577,,0.0492631578947366,-0.0770526315789475,,-0.1787837054218614,,,2.065159574468085,-0.0084526956414827,-0.001213828257533,
2006-12-20,243.35872054137,255.86019593185665,240.0283274973443,254.2,1789.0,254.2,260.68,271.17,258.472,,,False,False,False,False,False,False,False,False,False,False,False,0.022816679779701,0.03933910306845,,,-0.0168056648308418,,-0.0755310778914239,-0.0983477576711251,,-0.1665375963417783,,,1.1519639407598197,-0.0069640038379399,0.0014886918035427,
2006-12-21,254.97067055170035,274.9683702028141,254.97067055170035,260.8,3450.0,260.8,258.5,269.0,257.70399999999995,,,False,False,False,False,False,False,False,False,False,False,False,-0.0540644171779141,-0.0126533742331288,,,0.011871165644172,,-0.1246165644171779,-0.1437883435582822,,-0.1678810408921933,,,1.9284516489659027,-0.0029801632881136,0.0039838405498263,
2006-12-22,265.03097362371915,273.3619472474383,249.199123388008,256.7,1857.0,256.7,255.34,266.0,257.70399999999995,,,False,False,False,False,False,False,False,False,False,False,False,-0.0716790027269185,0.0225944682508765,,,-0.003911180366186,,-0.1301129723412543,-0.1593299571484222,,-0.1647744360902256,,,0.5382608695652173,0.0,0.0029801632881136,
2006-12-25,260.8002848137318,266.6396194888543,245.8019936961228,263.3,1591.0,263.3,254.5,262.58000000000004,258.668,,,False,False,False,False,False,False,True,False,True,False,False,-0.0695024686669198,-0.0284846183061146,,,0.0175921002658564,,-0.1674895556399545,-0.1834409418913787,,-0.1580089877370707,,,0.8567582121701669,0.00372678491348,0.00372678491348,
2006-12-26,261.7,265.8604769365995,253.3590438338365,261.7,1440.0,261.7,259.34000000000003,261.42,260.904,,,False,False,False,False,False,False,True,False,False,False,False,-0.0703095147115016,-0.0733664501337407,,,0.0030416507451279,,-0.1849445930454718,-0.1849445930454718,,-0.1603549843164257,,,0.9050911376492772,0.0085702020666604,0.0048434171531804,
2006-12-27,265.0,274.17,258.33000000000004,260.0,1925.0,260.0,260.5,260.59000000000003,262.072,,,False,False,False,False,False,False,True,False,False,True,False,0.0161538461538461,-0.0288461538461537,,,-0.0079692307692307,,-0.1761538461538462,-0.1988461538461538,,-0.1657009094746538,,,1.3368055555555556,0.0044567905003205,-0.0041134115663399,
2006-12-28,261.7018242996716,261.7018242996716,244.19969595005472,246.7,1081.0,246.7,257.68,258.09,262.672,,,False,False,False,False,False,False,True,False,False,True,False,0.0437778678556952,0.0235103364410216,,,-0.0647426023510338,,-0.1183623834616943,-0.1722740170247264,,-0.1630826455887481,245.8,,0.5615584415584416,0.0022842175793385,-0.0021725729209819,
2006-12-29,246.6389501951076,251.6383208156757,238.3,238.3,774.0,238.3,254.0,254.67,263.436,,,False,False,False,False,False,False,True,False,False,False,False,0.1015526647083507,0.0910616869492236,,,-0.1054804867813678,,-0.07343684431389,-0.1745698699118758,,-0.1590293320768052,279.2,,0.7160037002775208,0.0029001351371868,0.0006159175578482,
2007-01-04,245.00000000000003,246.67,240.83,245.00000000000003,302.0,245.0,250.34,252.42,264.536,,,False,False,False,False,False,False,True,False,False,False,False,0.0440816326530611,0.0440816326530611,,,-0.0797387755102039,,-0.1020408163265307,-0.1665306122448981,,-0.1564852230409635,310.0,,0.3901808785529715,0.0041582242114495,0.0012580890742627,
2007-01-05,248.29938355319936,253.2987671063988,239.14051288373813,243.3,455.0,243.3,246.66,253.00000000000009,264.968,,,False,False,False,False,False,False,True,False,False,True,True,-0.0032881216605013,0.0411015207562679,,,-0.0890587751746814,,-0.0822030415125359,-0.1644060830250719,,-0.1647035573122532,281.7,,1.5066225165562914,0.0016303855559917,-0.0025278386554578,
2007-01-09,254.198864367642,274.20113563235793,252.52867471703823,264.2,5938.0,264.2,247.5,254.0,265.368,,,False,False,False,False,False,False,True,False,False,True,False,-0.0442846328538984,-0.0567751703255109,,,-0.0044208932626798,,-0.1703255109765329,-0.2460257380772142,,-0.1798031496062991,304.2,,13.05054945054945,0.0015073407494497,-0.0001230448065419,
2007-01-10,260.83000000000004,263.33000000000004,255.00000000000003,257.5,1484.0,257.5,249.66000000000005,253.67,266.0,,,False,False,False,False,False,False,True,False,False,False,False,-0.0194174757281552,-0.0260194174757281,,,-0.033009708737864,,-0.1584466019417476,-0.203883495145631,,-0.1859502503252256,303.3,,0.2499157965644998,0.002375939849624,0.0008685991001743,
2007-01-11,265.83000000000004,270.0,258.33000000000004,262.5,1353.0,262.5,254.5,254.25,266.468,,,False,False,False,False,False,False,True,False,False,True,True,-0.0095238095238095,-0.0601904761904762,,,-0.0151161904761905,,-0.2,-0.2255238095238095,,-0.1927236971484759,328.3,,0.9117250673854448,0.0017563084497951,-0.0006196313998289,
2007-01-12,260.79941367314234,260.79941367314234,252.47039049368723,255.8,793.0,255.8,256.66,253.5,265.4,,,False,False,False,False,False,False,False,False,False,True,False,0.0,-0.0519937451133697,,,-0.0375293197810788,,-0.2181391712275215,-0.2017200938232995,,-0.1945956607495069,315.0,,0.5861049519586105,-0.0040241145440845,-0.0057804229938797,
2007-01-15,248.33,248.33,235.00000000000003,242.50000000000003,1334.0,242.5,256.5,251.58,262.868,,,False,False,False,False,False,False,False,False,False,True,False,0.0445360824742267,0.0276288659793812,,,-0.0839917525773194,,-0.1063917525773197,-0.1237113402061856,,-0.1887669926067255,292.5,,1.682219419924338,-0.009632210843465,-0.0056080962993805,
2007-01-16,244.17,254.17,240.00000000000003,252.50000000000003,1529.0,252.5,254.16,250.83,260.9,,,False,False,False,False,False,False,False,False,False,False,False,-0.0130693069306932,-0.0693069306930693,,,-0.033267326732673,,-0.1651485148514851,-0.184950495049505,,-0.1873380377147869,299.2,,1.146176911544228,-0.0075431199693369,0.0020890908741281,
2007-01-17,248.33,253.33,245.83,252.50000000000003,832.0,252.5,253.16,251.41000000000005,259.7,,,False,False,False,False,False,False,False,False,False,False,True,-0.0067326732673267,-0.0958415841584159,,,-0.0285148514851483,,-0.1516831683168318,-0.1782178217821783,,-0.1879002426315582,280.0,,0.5441465009810333,-0.0046207162110126,0.0029224037583243,
2007-01-18,253.33,260.0,252.50000000000003,260.0,903.0,260.0,252.66000000000005,253.58,258.632,,,False,False,False,False,True,False,False,False,False,False,False,-0.0511538461538461,-0.1411538461538461,,,0.0052615384615384,,-0.1988461538461538,-0.2211538461538461,,-0.1925625049294108,256.7,,1.0853365384615383,-0.0041294194067245,0.0004912968042881,
2007-01-19,258.2997068365712,259.1396083336591,248.3008794902865,255.8,1383.0,255.8,252.66000000000005,254.66000000000005,256.964,,,False,False,False,False,False,False,False,False,False,True,False,-0.0519937451133697,-0.1430805316653636,,,-0.0045504300234557,,-0.0844409695074277,-0.2279124315871775,,-0.1986177648629546,239.2,,1.53156146179402,-0.0064911816441213,-0.0023617622373968,
2007-01-22,256.63960446847983,268.29822366083766,253.3,253.3,2817.0,253.3,254.82,255.66000000000005,256.164,,,False,False,False,False,False,False,False,False,False,False,False,-0.0161863403079353,-0.1579155151993683,,,-0.0113067508882746,,-0.1184366363995262,-0.2597710225029609,,-0.20793241023234,205.8,,2.036876355748373,-0.0031229993285551,0.0033681823155661,
2007-01-23,250.03009993177344,256.7009029979532,246.69969900068224,249.2,822.0,249.2,254.16,254.16,255.4,,,False,False,False,False,False,False,False,False,False,False,False,-0.0569823434991972,-0.1404494382022472,,,-0.0248796147672552,,-0.1340288924558586,-0.1139646869983947,,-0.1947592067988668,230.8,,0.2917997870074547,-0.0029913860610805,0.0001316132674746,
2007-01-24,250.8,254.96950125583064,248.3002990072958,250.8,474.0,250.8,253.82,253.49,254.564,,,False,False,False,False,False,False,False,False,False,True,False,-0.089712918660287,-0.1327751196172249,,,-0.0150079744816586,,-0.1626794258373206,-0.182615629984051,,-0.1926308730127421,231.7,,0.5766423357664233,-0.0032840464480445,-0.0002926603869639,
2007-01-25,254.20091214983577,256.7012161997811,246.7,246.7,439.0,246.7,251.16,251.91,253.532,,,False,False,False,False,False,False,False,False,False,True,False,-0.0948520470206727,-0.1049858127280096,,,-0.0276935549250102,,-0.1487636805837048,-0.1621402513173895,,-0.1862172998293041,219.2,,0.9261603375527426,-0.0040704920877837,-0.0007864456397391,
2007-01-26,242.50000000000003,246.67,240.00000000000003,242.50000000000003,421.0,242.5,248.5,250.58,252.53200000000004,,,False,False,False,False,False,False,False,False,False,False,False,-0.0960824742268042,-0.0927835051546392,,,-0.0413690721649484,,-0.1237113402061856,-0.157938144329897,,-0.1818979966477772,217.5,,0.958997722095672,-0.003959894191627,0.0001105978961566,
2007-01-29,243.35929686559376,253.36050086286468,241.6990970020468,249.2,912.0,249.2,247.68,251.25,253.00000000000003,,,False,False,False,False,False,False,True,False,True,False,True,-0.1440609951845906,-0.1039325842696628,,,-0.0152487961476727,,-0.117174959871589,-0.1974317817014446,,-0.1890547263681592,232.50000000000003,,2.166270783847981,0.0018498023715414,0.0058096965631685,
2007-01-30,247.50000000000003,248.33,233.33,235.00000000000003,561.0,235.0,244.84,249.5,252.232,,,False,False,False,False,False,False,False,False,False,True,False,-0.0885106382978725,-0.0672340425531916,,,-0.0733276595744679,,-0.0034042553191491,-0.0991489361702129,,-0.181002004008016,254.2,,0.6151315789473685,-0.0030448158837896,-0.0048946182553311,
2007-01-31,232.4694521087899,234.1392326895283,219.1412035212193,228.3,760.0,228.3,240.34,247.08,250.932,,,False,False,False,False,False,False,False,False,False,True,False,-0.0473061760840999,-0.0508103372755147,,,-0.0991327201051247,,0.0731493648707841,-0.0254051686377572,,-0.1669095029949814,241.7,245.8,1.354723707664884,-0.0051806864010967,-0.0021358705173071,
2007-02-01,224.96977566829355,231.6388796847714,220.80033582590784,223.3,689.0,223.3,235.66,243.41000000000005,249.59600000000003,,,False,False,False,False,False,False,False,False,False,True,False,-0.0111957008508732,-0.0595611285266458,,,-0.1177608598298254,,0.0712046574115538,-0.025974025974026,,-0.1481861879133973,250.8,279.2,0.906578947368421,-0.0053526498822094,-0.0001719634811127,
2007-02-02,225.03079801067665,225.03079801067665,217.5297714103208,219.2,376.0,219.2,231.0,239.75,247.832,,,False,False,False,False,False,False,False,False,False,True,False,0.0036496350364964,-0.0875912408759123,,,-0.1306204379562044,,0.1824817518248175,0.0072992700729928,,-0.1254640250260688,282.5,310.0,0.5457184325108854,-0.0071177249104233,-0.0017650750282138,
2007-02-05,216.63953030516103,217.46941358458727,209.97046828856705,213.3,533.0,213.3,223.82,235.75,245.896,,,False,False,False,False,False,False,False,False,False,True,False,0.046882325363338,0.0159399906235348,,,-0.1528176277543365,,0.1954992967651196,0.093764650726676,,-0.0911983032873807,305.8,281.7,1.4175531914893618,-0.0078732472264697,-0.0007555223160464,
2007-02-06,206.69894943269364,215.8602325255638,206.69894943269364,214.2,382.0,214.2,219.66,232.25,244.064,,,False,False,False,False,False,False,False,False,False,False,False,0.0233426704014939,-0.0158730158730157,,,-0.139421101774043,,0.1167133520074696,0.0891690009337069,,-0.0721205597416577,301.7,304.2,0.7166979362101313,-0.0075062278746558,0.0003670193518139,
2007-02-07,215.83,219.17,212.5,217.5,306.0,217.5,217.5,228.92,242.896,,,False,False,False,False,False,False,False,False,False,False,False,-0.0036781609195402,-0.0151724137931035,,,-0.1167632183908045,,0.1264367816091955,0.045977011494253,,-0.0487943386335837,282.5,303.3,0.8010471204188482,-0.0048086423819248,0.002697585492731,
2007-02-08,224.96943350088304,240.79728297785627,219.140225512838,220.8,2239.0,220.8,217.0,226.33,242.19600000000003,,,False,False,False,False,False,False,False,False,False,False,False,-0.0489130434782609,-0.0566123188405797,,,-0.0969021739130435,,0.0643115942028986,0.0566123188405797,,-0.026156497150179,286.7,328.3,7.316993464052287,-0.0028902211432061,0.0019184212387186,
2007-02-09,220.0,222.50000000000003,215.83,220.0,363.0,220.0,217.16,224.08,241.19600000000003,,,False,False,False,False,False,False,False,False,False,True,False,-0.0909090909090909,0.0645454545454544,,,-0.0963454545454546,,0.0377272727272727,0.019090909090909,,-0.0074526954659051,297.5,315.0,0.1621259490844127,-0.0041460057380719,-0.0012557845948657,
2007-02-13,229.96910401647784,229.96910401647784,219.9704473201093,223.3,559.0,223.3,219.16,221.49,240.396,,,False,False,False,False,False,False,False,False,False,False,False,-0.0295566502463055,0.0,,,-0.0765606806986116,,0.0895656068069861,0.0223914017017465,,0.0169307869429771,273.3,292.5,1.5399449035812671,-0.0033278423933844,0.0008181633446875,
2007-02-14,225.03079801067665,225.86091162111603,215.8595428206415,219.2,383.0,219.2,220.16,219.91,238.596,,,False,False,False,False,False,False,False,False,False,True,False,-0.0383211678832115,-0.0155109489051093,,,-0.088485401459854,,0.1177007299270074,0.0036496350364964,,0.0280114592333227,268.3,299.2,0.6851520572450805,-0.0075441331790976,-0.0042162907857132,
2007-02-15,218.3602298426178,220.0304610698297,210.0290764757465,216.7,359.0,216.7,220.0,218.75,236.96400000000003,,,False,False,False,False,False,False,False,False,False,False,False,-0.0115366866635902,-0.0309183202584217,,,-0.093511767420397,,0.1038301799723119,0.0959852330410707,,0.0403199999999999,271.7,280.0,0.93733681462141,-0.0068871220944952,0.0006570110846023,
2007-02-16,212.5,216.67,208.33,210.0,613.0,210.0,217.84,217.42,234.864,,,False,False,False,False,False,False,False,False,False,True,False,-0.008095238095238,0.0,,,-0.1184,,0.1509523809523809,0.1033333333333332,,0.0532149756232178,272.5,256.7,1.7075208913649025,-0.0089413447782547,-0.0020542226837594,
2007-02-19,200.0,202.5,195.0,200.0,910.0,200.0,213.84,215.5,232.632,,,False,False,False,False,False,False,False,False,False,True,False,0.1709999999999999,0.0625,,,-0.16316,,0.1834999999999999,0.1459999999999999,,0.0664965197215777,267.5,239.2,1.4845024469820554,-0.0095945527700402,-0.0006532079917854,
2007-02-20,203.35815295149305,219.2003461485208,202.5280380301841,216.7,1860.0,216.7,212.52,215.84,231.6,,,False,False,False,False,False,False,False,False,False,False,False,0.0304568527918782,0.0152284263959391,,,-0.0687586525149977,,0.0881402861098293,0.0535302261190587,,0.0625,237.50000000000003,205.8,2.043956043956044,-0.0044559585492228,0.0051385942208173,
2007-02-21,216.63916899871936,218.2989327894512,209.97011810463408,210.8,584.0,210.8,210.84,215.5,229.932,253.068,,False,False,False,False,False,False,False,False,False,True,False,0.0237191650853889,0.1110056925996203,,,-0.0907590132827323,-0.2005123339658444,0.1148007590132828,0.0592979127134724,,0.0595359628770302,254.2,230.8,0.3139784946236559,-0.0072543186681279,-0.0027983601189051,
2007-02-22,210.8595321473596,215.8602325255638,204.1985992435915,214.2,461.0,214.2,210.34,215.17,228.4,252.64666666666668,,False,False,False,False,False,False,False,False,False,False,False,-0.0196078431372548,0.1437908496732028,,,-0.0662931839402428,-0.1794895736072207,0.1437908496732028,0.0233426704014939,,0.0573035274434168,260.8,231.7,0.7893835616438356,-0.0067075306479859,0.000546788020142,
2007-02-23,216.63879902078435,216.63879902078435,208.3,208.3,237.0,208.3,210.0,213.92,226.332,251.7013333333333,,False,False,False,False,False,False,False,False,False,True,False,0.0081613058089293,0.1483437349975995,,,-0.0865674507921266,-0.2083597375580091,0.1161785885741719,0.1243398943831011,-0.0037557740390728,0.0639023934181003,256.7,219.2,0.5140997830802603,-0.0091370199529894,-0.0024294893050035,-0.0020880958587419
2007-02-26,213.35733014476665,240.03074689328264,211.6971174787548,234.2,2965.0,234.2,216.84,215.34,225.468,250.69066666666663,,False,False,False,False,True,False,False,False,False,False,True,-0.0926558497011101,0.1067463706233988,,,0.0372843723313407,-0.070412752633077,-0.0358667805294619,0.0640478223740392,-0.0040315288961695,0.0684963313829293,263.3,217.5,12.51054852320675,-0.0038320293788919,0.0053049905740975,-0.0002757548570966
2007-02-27,236.6382080329557,238.2979850445529,217.4707831460171,223.3,1234.0,223.3,218.16,215.34,224.268,249.912,,False,False,False,False,False,False,False,False,False,True,False,-0.0147783251231527,0.141961486789073,,,-0.004334975369458,-0.1191759964173757,0.0264218540080608,0.1755485893416927,-0.0031157634153887,0.0843781926256152,261.7,232.50000000000003,0.4161888701517706,-0.0053507410776392,-0.0015187116987472,0.0009157654807808
2007-02-28,203.3017374785711,217.4697678728629,201.6419682157253,215.8,945.0,215.8,219.16,215.0,222.932,248.7333333333333,,False,False,False,False,False,False,False,False,False,True,False,0.0852641334569044,0.1084337349397589,,,-0.0330491195551435,-0.152610441767068,0.0620945319740499,0.1932344763670064,-0.0047386759581883,0.1035348837209304,260.0,254.2,0.7658022690437601,-0.0059928588089642,-0.000642117731325,-0.0016229125427996
2007-03-01,220.83,220.83,204.17,210.0,600.0,210.0,218.32,214.33,221.3,247.4893333333333,,False,False,False,False,False,False,False,False,False,True,False,0.1666666666666668,0.1666666666666668,,,-0.0538095238095238,-0.1785206349206347,0.0395238095238095,0.3133333333333334,-0.0050264792556716,0.1248541967993284,246.7,241.7,0.6349206349206349,-0.0073746046091277,-0.0013817458001635,-0.0002878032974832
2007-03-02,206.67,210.83,204.17,210.0,391.0,210.0,218.66,214.33,219.832,245.912,,False,False,False,False,False,False,False,False,False,False,False,0.139047619047619,0.1190476190476191,,,-0.0468190476190475,-0.1710095238095238,0.0238095238095238,0.2819047619047618,-0.0064142186364768,0.1423505808799514,238.3,250.8,0.6516666666666666,-0.0066778267040286,0.0006967779050991,-0.0013877393808051
2007-03-05,205.0,225.83,204.17,212.5,1385.0,212.5,214.32,215.58,218.632,244.5453333333333,,False,False,False,False,False,False,False,False,False,False,True,0.2197647058823529,0.0743529411764706,,,-0.0288564705882353,-0.1508015686274508,0.0197647058823528,0.2705882352941176,-0.0055886025222318,0.1546525651730214,245.00000000000003,282.5,3.5421994884910486,-0.0054886750338467,0.0011891516701818,0.0008256161142449
2007-03-06,218.33,223.33,215.0,220.0,500.0,220.0,213.66,215.91,217.46400000000003,243.57866666666663,,False,False,False,False,True,False,False,False,False,False,False,0.1590909090909092,0.1059090909090909,,,0.0115272727272726,-0.1071757575757574,-0.0036363636363636,0.1590909090909092,-0.0039686015195638,0.1652540410356167,243.3,305.8,0.3610108303249097,-0.0053710039362836,0.0001176710975631,0.001620001002668
2007-03-07,225.85893154545843,241.70096084041504,222.5285049323141,234.2,2501.0,234.2,217.34,218.25,217.432,242.712,,False,False,False,False,False,False,False,False,False,False,False,0.0213492741246797,0.0461144321093084,,,0.071596925704526,-0.0363450042698548,-0.0213492741246797,0.060204953031597,-0.0035707615060921,0.1642153493699885,264.2,301.7,5.002,-0.0001471724493176,0.0052238314869659,0.0003978400134716
2007-03-08,228.33,245.00000000000003,227.50000000000003,245.00000000000003,1327.0,245.0,224.34,221.33,218.1,242.2453333333333,,False,False,False,False,False,False,True,False,True,False,False,0.0,-0.0236734693877552,,,0.109795918367347,0.0112435374149662,-0.0885714285714286,0.010204081632653,-0.0019264216992141,0.1608006144670853,257.5,282.5,0.5305877648940424,0.003062815222375,0.0032099876716927,0.001644339806878
2007-03-09,248.36114897353343,249.2012543379186,234.19937283104068,239.2,1061.0,239.2,230.18,224.42,218.736,242.01200000000003,,False,False,False,False,False,False,True,False,False,True,False,-0.0175585284280934,0.0104515050167224,,,0.0855518394648829,-0.0117558528428095,-0.0978260869565216,0.0731605351170568,-0.0009641395192521,0.1548435968273773,262.5,286.7,0.7995478522984175,0.0029076146587667,-0.0001552005636083,0.0009622821799619
2007-03-12,242.528070378516,260.0300960759347,240.0277809931705,259.2,2936.0,259.2,239.52000000000004,226.92,220.336,242.27866666666665,,False,False,False,False,False,False,True,True,False,False,False,-0.1192129629629628,-0.0868055555555555,,,0.1499382716049382,0.0652829218106996,-0.1705246913580246,-0.0065586419753085,0.0011006609468984,0.1457782478406487,255.8,297.5,2.767200754005655,0.0072616367729287,0.004354022114162,0.0020648004661506
2007-03-13,260.83000000000004,265.0,250.83,255.00000000000003,1790.0,255.0,246.52000000000004,230.09,222.004,242.93466666666663,,False,False,False,False,False,False,True,True,False,False,False,-0.0458823529411765,-0.0752941176470588,,,0.1293960784313726,0.0473150326797388,-0.1635294117647059,-0.0129411764705883,0.0027003144878457,0.1252987961232561,242.50000000000003,273.3,0.6096730245231607,0.0075133781373307,0.000251741364402,0.0015996535409473
2007-03-14,241.7003135844797,247.53104486348624,235.8595810511352,239.2,1222.0,239.2,247.52000000000004,232.43,223.004,243.04666666666665,,False,False,False,False,False,False,True,True,False,True,False,0.0242474916387961,-0.0175585284280934,,,0.0677090301003344,-0.0160813823857302,-0.1291806020066888,0.0451505016722409,0.0004608168527307,0.1107430194036914,252.50000000000003,268.3,0.6826815642458101,0.0044842244982152,-0.0030291536391154,-0.002239497635115
2007-03-15,245.83,255.83,239.17,245.00000000000003,1267.0,245.0,247.52,235.93,224.104,243.22400000000005,,False,False,False,False,False,False,True,True,False,False,False,-0.0236734693877552,0.0,,,0.0852897959183674,0.0072489795918366,-0.1665306122448981,0.0579591836734692,0.0007290947165304,0.0872292629169668,252.50000000000003,271.7,1.0368248772504092,0.0049084353692929,0.0004242108710776,0.0002682778637997
2007-03-16,241.67,245.00000000000003,231.67,235.00000000000003,605.0,235.0,246.68,238.43,224.672,243.4346666666667,,False,False,False,False,False,False,True,True,False,True,False,0.0285106382978721,-0.0106382978723404,,,0.0439489361702128,-0.0358921985815602,-0.1629787234042554,0.0991489361702126,0.0008653930418016,0.071257811517007,260.0,272.5,0.4775059194948697,0.0025281298960261,-0.0023803054732667,0.0001362983252712
2007-03-19,233.29934305610303,237.46879516489287,226.6402181053738,228.3,480.0,228.3,240.5,240.01000000000005,225.004,243.5786666666667,,False,False,False,False,False,False,True,True,False,True,False,0.0367936925098553,-0.0109505037231712,,,0.014437144108629,-0.0669236384873704,-0.1055628558913711,0.1791502409110818,0.0005911847780867,0.0638723386525559,255.8,267.5,0.7933884297520661,0.0014755293239231,-0.001052600572103,-0.0002742082637148
2007-03-20,233.3012328936013,244.9697941067686,230.8015411170016,243.3,818.0,243.3,238.16,242.3400000000001,225.804,243.72266666666667,,False,False,False,False,False,False,True,True,False,False,False,-0.0308261405672009,-0.0579531442663379,,,0.0719112207151665,-0.0017372242772982,-0.1644060830250719,0.1200164406083024,0.0005908354851414,0.0608649005529418,253.3,237.50000000000003,1.7041666666666666,0.0035428956085809,0.0020673662846578,-3.492929452857249e-07
2007-03-22,248.33,251.67,242.50000000000003,245.00000000000003,614.0,245.0,239.32,243.42,226.836,243.6,,False,False,False,False,False,False,True,False,False,False,False,-0.0408163265306122,-0.0644897959183675,,,0.0741387755102041,0.0057142857142858,-0.1869387755102042,0.0885714285714284,-0.000503557744937,0.0637170322898692,249.2,254.2,0.7506112469437652,0.0045495424006771,0.0010066467920962,-0.0010943932300785
2007-03-23,246.70094075343897,246.70094075343897,230.85895388217585,239.2,413.0,239.2,238.16000000000005,242.84,227.736,243.56666666666672,,False,False,False,False,False,False,True,False,False,True,False,0.0242474916387961,-0.0873745819397992,,,0.0479264214046822,-0.0182552954292087,-0.1429765886287625,0.0836120401337792,-0.0001368550704801,0.0710756053368473,250.8,260.8,0.6726384364820847,0.0039519443566233,-0.0005975980440538,0.0003667026744569
2007-03-26,238.3595853850292,246.700620681094,232.52886167087348,241.7,725.0,241.7,239.5,243.09,229.004,243.44533333333337,,False,False,False,False,False,False,True,False,False,False,False,-0.0380637153496067,-0.1104675217211418,,,0.0525279271824575,-0.0072210729554546,-0.158874637980968,0.0686801820438561,-0.0004984007360996,0.0706322761117281,246.7,256.7,1.7554479418886195,0.0055370211874028,0.0015850768307794,-0.0003615456656195
2007-03-27,240.86052731651665,243.3608442134617,235.85989352262644,236.7,223.0,236.7,241.18,240.84,230.472,242.83466666666675,,False,False,False,False,False,False,True,False,False,False,False,-0.0460498521335022,-0.084495141529362,,,0.0263117870722432,-0.0259174764117733,-0.1373046049852133,0.1229404309252219,-0.002514742540878,0.0840807174887893,242.50000000000003,263.3,0.3075862068965517,0.0063695372973724,0.0008325161099695,-0.0020163418047784
2007-03-28,237.46978755883475,239.9694695331383,232.47042361022773,235.8,379.0,235.8,239.68,238.92,231.236,241.90133333333333,,False,False,False,False,False,False,True,False,False,True,False,-0.0279898218829517,-0.0703986429177269,,,0.0193553859202715,-0.0258750353406841,-0.0988125530110263,0.0954198473282442,-0.0038583224014202,0.0955549974886994,249.2,261.7,1.6995515695067265,0.0033039838087494,-0.003065553488623,-0.0013435798605421
2007-03-29,234.17,237.50000000000003,231.67,235.00000000000003,265.0,235.0,237.68,238.50000000000009,232.204,241.01200000000009,,False,False,False,False,False,False,True,False,False,False,False,-0.0246808510638299,-0.0246808510638299,,,0.0118978723404256,-0.0255829787234044,-0.1242553191489362,0.1242553191489359,-0.0036899960721177,0.103438155136268,235.00000000000003,260.0,0.6992084432717678,0.0041687481697129,0.0008647643609634,0.0001683263293024
2007-03-30,236.67,255.83,236.67,245.00000000000003,2567.0,245.0,238.84,238.50000000000009,233.436,240.51200000000009,,False,False,False,False,False,False,True,False,False,False,False,-0.1089795918367347,-0.0885714285714286,,,0.0472,0.0183183673469385,-0.153061224489796,0.0644897959183672,-0.0020788983501862,0.1041090146750522,228.3,246.7,9.686792452830188,0.0052776778217584,0.0011089296520455,0.0016110977219314
2007-04-02,248.33,248.33,231.67,232.50000000000003,688.0,232.5,237.0,238.25,234.404,239.78933333333333,,False,False,False,False,False,False,True,False,False,True,False,-0.0752688172043011,-0.0718279569892473,,,-0.0081892473118278,-0.0313519713261647,-0.1290322580645162,0.1109677419354837,-0.003013756519612,0.105267576075551,223.3,238.3,0.2680171406310869,0.0041296223613931,-0.0011480554603653,-0.0009348581694257
2007-04-03,234.1388920869681,234.96878182703807,223.30033210822305,225.8,511.0,225.8,234.82,238.00000000000009,234.068,238.8333333333333,,False,False,False,False,False,False,False,False,False,True,False,-0.0403011514614704,-0.0478299379982285,,,-0.0366164747564216,-0.0577206967818126,-0.1253321523472099,0.066430469441984,-0.0040027913468249,0.0944957983193276,219.2,245.00000000000003,0.7427325581395349,-0.0014354802877795,-0.0055651026491726,-0.0009890348272128
2007-04-04,232.5304359209321,233.3605445738971,227.529781384998,229.2,379.0,229.2,233.50000000000009,236.59,234.304,238.2453333333333,,False,False,False,False,False,False,True,False,True,False,False,-0.0436300174520069,-0.069371727748691,,,-0.0222687609075044,-0.0394648051192553,-0.181937172774869,0.0798429319371729,-0.0024680441449709,0.0904518365104189,213.3,243.3,0.7416829745596869,0.0010072384594372,0.0024427187472168,0.0015347472018539
2007-04-05,228.35989003796308,235.8608718418641,228.35989003796308,229.2,534.0,229.2,232.34,235.01,234.84,237.72400000000005,,False,False,False,False,False,False,True,False,False,False,False,0.0,-0.0911867364746945,,,-0.024607329842932,-0.037190226876091,-0.0366492146596857,0.0689354275741712,-0.0021930193557792,0.0885494234287904,214.2,264.2,1.4089709762532985,0.0022824050417305,0.0012751665822932,0.0002750247891917
2007-04-06,229.9683964640681,229.9683964640681,218.3,218.3,411.0,218.3,227.0,232.92,235.172,237.01200000000009,,False,False,False,False,False,False,True,False,False,True,False,0.0229042601923957,-0.0645900137425562,,,-0.0772881355932202,-0.0857169033440223,-0.0609253321117728,0.0842876775080163,-0.0030040673046088,0.0886570496307745,217.5,257.5,0.7696629213483146,0.0014117326892657,-0.0008706723524648,-0.0008110479488296
2007-04-09,222.50000000000003,225.00000000000003,215.0,215.0,371.0,215.0,223.5,230.25,235.372,236.2453333333333,,False,False,False,False,False,False,True,False,False,True,False,0.0037209302325581,-0.0851162790697675,,,-0.094753488372093,-0.0988155038759689,-0.0386046511627907,0.0697674418604652,-0.0032452140148098,0.0889902280130291,220.8,262.5,0.902676399026764,0.0008497187430961,-0.0005620139461695,-0.0002411467102009
2007-04-10,213.35953754557625,220.0304610698297,212.5294226242673,216.7,201.0,216.7,221.68,228.25,235.54,235.56800000000007,,False,False,False,False,False,False,True,False,False,True,False,-0.0078449469312412,-0.057683433317951,,,-0.0869404706968158,-0.0870696815874484,-0.057683433317951,0.1038301799723119,-0.0028753197944256,0.0868784227820372,220.0,255.8,0.5417789757412399,0.0007132546488918,-0.0001364640942042,0.0003698942203842
2007-04-11,220.03011361043937,232.53182461103253,215.8595428206415,219.2,638.0,219.2,219.68,226.59,235.508,235.3240000000001,,False,True,False,False,False,False,False,False,False,True,False,-0.0269160583941604,-0.0725364963503648,,,-0.0743978102189782,-0.0735583941605844,-0.0875912408759123,0.1441605839416059,-0.0010368683177235,0.0915309590008385,223.3,242.50000000000003,3.174129353233831,-0.000135876488272,-0.0008491311371638,0.001838451476702
2007-04-12,221.69901819609896,235.03076318889907,218.35858096609505,229.2,1178.0,229.2,219.68,226.01,235.308,234.99066666666675,,False,False,False,False,False,False,False,False,False,True,False,-0.0911867364746945,-0.1308900523560209,,,-0.0266492146596858,-0.0252646887725426,-0.0763525305410122,0.1090750436300174,-0.001418496053744,0.0899075262156542,219.2,252.50000000000003,1.8463949843260188,-0.0008499498529587,-0.0007140733646866,-0.0003816277360204
2007-04-13,227.4694398423857,233.2986566963686,222.4701114942014,223.3,386.0,223.3,220.68,223.84,234.44,234.49066666666675,,False,False,False,False,False,False,False,False,False,True,False,-0.0855351545006718,-0.0819525302283923,,,-0.0498880429914912,-0.0501149425287359,-0.0035826242722793,0.141961486789073,-0.0021322810289535,0.0978824160114367,216.7,252.50000000000003,0.3276740237691001,-0.0037024398566797,-0.0028524900037209,-0.0007137849752095
2007-04-16,223.29895751285736,223.29895751285736,214.97011536857715,215.8,404.0,215.8,220.84,222.17,233.504,233.9453333333334,,False,False,False,False,False,False,False,False,False,True,False,-0.0885078776645042,-0.0579240037071362,,,-0.0820389249304911,-0.084084028421378,0.0078776645041704,0.1816496756255793,-0.0023310289013388,0.1046495926542737,210.0,260.0,1.0466321243523315,-0.0040084966424558,-0.0003060567857761,-0.0001987478723853
2007-04-17,216.67,221.67,215.0,215.0,145.0,215.0,220.5,221.09,231.736,233.30133333333336,,False,False,False,False,False,False,False,False,False,True,False,-0.0502325581395349,-0.0502325581395349,,,-0.0778418604651162,-0.0851224806201551,0.0269767441860465,0.2130232558139535,-0.0027603785662035,0.1190917725813016,200.0,255.8,0.3589108910891089,-0.0076293713536092,-0.0036208747111534,-0.0004293496648646
2007-04-18,214.13988187315428,216.63953030516103,209.97046828856705,213.3,222.0,213.3,219.32,219.5,230.06800000000004,232.656,,False,False,False,False,False,False,False,False,False,False,False,-0.046882325363338,-0.003750586029067,,,-0.0786122831692453,-0.090745428973277,0.093764650726676,0.2034692920768869,-0.0027737661325448,0.1313895216400911,216.7,253.3,1.5310344827586206,-0.0072500304257869,0.0003793409278223,-1.3387566341340263e-05
2007-04-19,211.6395190323045,214.13915902654443,204.1405990495848,208.3,370.0,208.3,215.14,217.41,228.83200000000005,231.96666666666675,,False,False,False,False,False,False,False,False,False,False,False,-0.043686989918387,-0.0120019203072491,,,-0.098569371099376,-0.1136181789086257,0.1200192030724915,0.2203552568410944,-0.0029716913349615,0.1464974012234947,210.8,249.2,1.6666666666666667,-0.0054013424695846,0.0018486879562023,-0.0001979252024167
2007-04-20,211.7011020228241,215.03159132095803,200.02938727530977,204.2,334.0,204.2,211.32,216.0,227.20000000000005,231.4000000000001,,False,False,False,False,False,False,False,False,False,True,False,0.0039177277179236,0.0161606268364349,,,-0.1126346718903039,-0.133202742409403,0.1141038197845251,0.2732615083251715,-0.0024488619994237,0.1647685185185186,214.2,250.8,0.9027027027027028,-0.0071830985915493,-0.0017817561219646,0.0005228293355377
2007-04-23,202.5308893069609,203.36101591498448,193.35949051710983,196.7,442.0,196.7,207.5,214.17,225.668,230.8453333333333,,False,False,False,False,False,False,False,False,False,False,False,0.0335536349771226,0.0294865277071683,,,-0.1472699542450433,-0.1735909167937637,0.1860701576004068,0.3218098627351297,-0.0024027631776547,0.1887285800999207,208.3,246.7,1.3233532934131738,-0.0067887338922666,0.0003943646992826,4.6098821769003165e-05
2007-04-24,195.02865259342704,208.36061125532643,195.02865259342704,204.2,336.0,204.2,205.34,212.92,224.704,230.30133333333345,,False,False,False,False,False,False,False,False,False,False,False,0.0,-0.0328109696376101,,,-0.100411361410382,-0.1278223963434547,0.0979431929480901,0.2771792360430951,-0.0023621226682717,0.2058519631786587,234.2,242.50000000000003,0.7601809954751131,-0.0042900882939333,0.0024986455983333,4.064050938305417e-05
2007-04-25,207.46938474401225,208.29926228298825,200.8003688585059,203.3,144.0,203.3,203.34,211.33,223.104,229.7680000000001,,False,False,False,False,False,False,False,False,False,True,False,0.0452533202164288,-0.0777176586325627,,,-0.0974126906050172,-0.1301918347270048,0.1229709788489916,0.2666010821446138,-0.0023211819458469,0.2180949226328491,223.3,249.2,0.4285714285714285,-0.0071715433161216,-0.0028814550221882,4.094072242478292e-05
2007-04-26,206.70112968820604,206.70112968820604,199.2,199.2,108.0,199.2,201.52,208.33,221.272,228.90133333333333,,False,False,False,False,False,False,False,False,False,True,False,0.033132530120482,0.1084337349397591,,,-0.1108032128514056,-0.1491030789825971,0.1044176706827309,0.3092369477911648,-0.003786201915236,0.2388038208611339,215.8,235.00000000000003,0.75,-0.0082794027260567,-0.0011078594099351,-0.0014650199693891
2007-04-27,197.5,205.0,197.5,205.0,132.0,205.0,201.68,206.5,219.904,228.20133333333345,,False,False,False,False,False,False,False,False,False,False,False,0.0121951219512195,0.0,,,-0.0727024390243902,-0.1131772357723583,0.1585365853658538,0.1990243902439025,-0.0030674667398957,0.2453268765133173,210.0,228.3,1.2222222222222223,-0.0062208963911524,0.0020585063349042,0.0007187351753402
2007-05-01,208.29926228298825,208.29926228298825,199.97049131952983,203.3,191.0,203.3,203.0,205.25,218.368,227.4120000000001,,False,False,False,False,False,False,False,False,False,True,False,-0.0039350713231677,0.0167240531234627,,,-0.0741170683718641,-0.1186030496802758,0.1396950319724544,0.1067388096409248,-0.003470939674834,0.2382947624847749,210.0,223.3,1.446969696969697,-0.0070339976553341,-0.0008131012641816,-0.0004034729349382
2007-05-02,202.52975461625115,205.0301219571925,200.85950923250232,204.2,140.0,204.2,203.0,204.17,217.068,226.72400000000005,,False,False,False,False,False,False,False,False,False,False,False,-0.0328109696376101,0.0,,,-0.0630166503428013,-0.1103036238981393,0.1224289911851126,0.1385896180215477,-0.0030345265609289,0.2309839839349563,212.5,219.2,0.7329842931937173,-0.0059889067020472,0.0010450909532869,0.0004364131139051
2007-05-07,206.67,216.67,205.0,212.5,361.0,212.5,204.84,204.09,216.136,226.3240000000001,,False,False,False,False,False,False,False,False,False,False,False,-0.1176470588235294,-0.0588235294117647,,,-0.017110588235294,-0.0650541176470592,0.0743529411764706,0.0785882352941176,-0.0017673777416444,0.2179920623254446,220.0,213.3,2.5785714285714287,-0.0043120997890218,0.0016768069130254,0.0012671488192844
2007-05-08,212.46902783850751,212.46902783850751,204.140241947238,205.8,258.0,205.8,206.16,203.84,214.968,225.70133333333337,,False,False,False,False,False,False,False,False,False,True,False,0.0728862973760932,0.0286686103012632,,,-0.0445481049562681,-0.0967022999676062,0.0850340136054421,0.1904761904761905,-0.0027588081003807,0.2149725274725274,234.2,214.2,0.7146814404432132,-0.0054333668266905,-0.0011212670376687,-0.0009914303587362
2007-05-09,204.17,208.33,203.33,207.5,128.0,207.5,206.66,204.17,213.468,225.10133333333337,,False,False,False,False,False,False,False,False,False,True,False,-0.0120481927710843,0.0722891566265061,,,-0.0287614457831324,-0.0848257028112451,0.0563855421686746,0.1966265060240964,-0.002665466219658,0.2072782485183916,245.00000000000003,217.5,0.4961240310077519,-0.0070268143234583,-0.0015934474967678,9.334188072264613e-05
2007-05-10,208.33,209.17,202.5,202.5,138.0,202.5,206.5,204.75,212.268,224.3346666666667,,False,False,False,False,False,False,False,False,False,False,False,0.0207407407407406,0.074074074074074,,,-0.048237037037037,-0.1078255144032923,0.1565432098765431,0.1767901234567901,-0.0034175131202786,0.1932600732600732,239.2,220.8,1.078125,-0.0056532308214143,0.0013735835020439,-0.0007520469006206
2007-05-11,199.17,200.83,196.67,197.5,217.0,197.5,205.16,204.08,211.136,223.55733333333336,,False,False,False,False,False,False,False,False,False,False,False,0.0339240506329113,0.1179746835443038,,,-0.0690430379746835,-0.131935864978903,0.2617721518987341,0.2237974683544303,-0.0034771095259679,0.1878185025480203,259.2,220.0,1.572463768115942,-0.005361473173689,0.0002917576477253,-5.959640568928412e-05
2007-05-14,200.83,202.5,183.33,187.5,388.0,187.5,200.16,202.5,209.468,222.68,,False,False,False,False,False,False,False,False,False,True,False,0.0666666666666666,0.2442666666666667,,,-0.1171626666666666,-0.1876266666666667,0.4,0.3109333333333334,-0.0039398838392911,0.1913086419753087,255.00000000000003,223.3,1.7880184331797235,-0.007963030152577,-0.002601556978888,-0.0004627743133231
2007-05-15,208.30169813883984,220.8,202.47249015079475,220.8,2427.0,220.8,203.16,204.66,209.132,222.30133333333336,,False,False,False,False,True,False,False,False,False,False,True,-0.0412137681159421,0.0566123188405797,,,0.0528442028985507,-0.0067995169082126,0.1662137681159419,0.0792572463768115,-0.0017033935918811,0.1677416202482166,239.2,219.2,6.255154639175258,-0.0016066407818984,0.0063563893706785,0.0022364902474099
2007-05-16,220.83,227.50000000000003,205.0,205.0,1272.0,205.0,202.66,204.66,208.6,221.69066666666663,,False,False,False,False,False,False,False,False,False,True,False,0.0853658536585367,0.1097560975609757,,,-0.017560975609756,-0.0814178861788616,0.3453658536585366,0.211219512195122,-0.0027545889768328,0.1689631584090687,245.00000000000003,216.7,0.5241038318912238,-0.0025503355704698,-0.0009436947885714,-0.0010511953849516
2007-05-17,205.8598780664828,219.2018144868632,205.02975758455509,206.7,396.0,206.7,203.5,205.0,208.268,221.15733333333333,,False,False,False,False,False,False,False,False,False,False,False,0.0522496371552975,0.1286889211417514,,,-0.0075858732462506,-0.0699435574907273,0.3023705853894533,0.2177068214804064,-0.002411556177201,0.1800487804878048,235.00000000000003,210.0,0.3113207547169811,-0.0015940999097316,0.0009562356607381,0.0003430327996318
2007-05-18,204.2,207.53048929813392,198.3591418915609,204.2,248.0,204.2,204.84,205.0,207.768,220.6466666666667,,False,False,False,False,False,False,False,False,False,True,False,0.0812928501469149,0.0979431929480901,,,-0.0174730656219393,-0.080541952334313,0.3222331047992165,0.232615083251714,-0.0023144091609509,0.1894146341463415,228.3,200.0,0.6262626262626263,-0.002406530360787,-0.0008124304510553,9.714701625006608e-05
2007-05-21,205.0,210.83,199.17,200.0,278.0,200.0,207.34,203.75,207.0,219.9906666666667,,False,False,False,False,False,False,False,False,False,True,False,0.1665,0.1415,,,-0.035,-0.0999533333333334,0.2750000000000001,0.1959999999999999,-0.0029819446885625,0.2016196319018405,243.3,216.7,1.1209677419354838,-0.0037101449275362,-0.0013036145667492,-0.0006675355276116
2007-05-22,202.52870033542777,216.70070865025747,200.85846364624177,211.7,595.0,211.7,205.52,204.34,206.3,219.68,,False,False,False,False,True,False,False,False,False,False,True,0.1020311761927256,0.0392064241851677,,,0.0255077940481812,-0.0376948512045348,0.1728861596598962,0.1535191308455361,-0.001414178198592,0.1977586375648427,245.00000000000003,210.8,2.1402877697841727,-0.0033931168201647,0.0003170281073714,0.0015677664899705
2007-05-23,218.33,230.83,213.33,222.50000000000003,1924.0,222.5,209.02,205.84,206.268,219.60266666666664,,False,False,False,False,False,False,False,False,False,False,False,0.0224719101123595,0.0674157303370786,,,0.0729528089887641,0.0130217228464422,0.1123595505617977,0.0710112359550561,-0.0003521511578488,0.1841721725612125,239.2,214.2,3.233613445378152,-0.0001551379758373,0.0032379788443274,0.0010620270407431
2007-05-24,215.83,218.33,212.5,217.5,354.0,217.5,211.18,207.34,206.336,219.5253333333333,,False,False,False,False,False,False,True,False,False,False,False,0.0726436781609195,0.065287356321839,,,0.0513287356321838,-0.0093118773946359,0.1802298850574712,0.0882758620689654,-0.0003522752119724,0.1748336066364425,241.7,208.3,0.183991683991684,0.0003295595533499,0.0004846975291872,-1.2405412351860177e-07
2007-05-25,209.1415840239098,224.96943350088304,207.4718108952588,220.8,577.0,220.8,214.5,209.67,206.568,219.5466666666667,,False,False,False,False,False,False,True,True,True,False,False,0.0153985507246375,0.0380434782608694,,,0.0644565217391304,0.0056763285024153,0.1662137681159419,0.0339673913043478,9.716992590817968e-05,0.1553870367720708,236.7,234.2,1.6299435028248588,0.0011231168428798,0.0007935572895298,0.0004494451378805
2007-05-28,224.97107101530025,239.96914241632024,222.4713924484636,233.3,1874.0,233.3,221.16,214.25,207.368,219.81333333333333,,False,False,False,False,False,False,True,True,False,False,False,-0.0214316330904414,-0.0214316330904414,,,0.1111530218602658,0.0578082583226175,0.0788684097728245,-0.0497213887698243,0.0012131505519833,0.1194399066511085,235.8,223.3,3.247833622183709,0.0038578758535549,0.0027347590106751,0.0011159806260751
2007-05-29,235.7996785668367,238.29935713367337,230.80032143316333,233.3,640.0,233.3,225.48,215.5,208.368,220.06800000000004,,False,False,False,False,False,False,True,True,False,False,False,-0.0570081440205744,-0.0428632661808829,,,0.1068666952421775,0.0567166738105442,0.0715816545220746,-0.0428632661808829,0.00115721807199,0.1059860788863109,235.00000000000003,215.8,0.3415154749199573,0.0047992014128848,0.0009413255593299,-5.593247999324596e-05
2007-05-30,234.17,234.17,222.50000000000003,227.50000000000003,377.0,227.5,226.48,217.75,209.3,220.20133333333337,,False,False,False,False,False,False,True,True,False,True,False,0.0439560439560439,-0.0364835164835166,,,0.08,0.0320820512820512,0.1393406593406591,-0.0364835164835166,0.0006055064758917,0.0811940298507463,245.00000000000003,210.0,0.5890625,0.0044529383659819,-0.0003462630469029,-0.0005517115960983
2007-05-31,233.3,233.3,227.4707495821369,233.3,360.0,233.3,229.64,220.41,210.764,220.368,,False,False,False,False,False,False,True,True,False,False,False,-0.0068581225889413,0.0038576939562793,,,0.0965966566652379,0.0554307758251179,0.1071581654522074,-0.0784397771110159,0.0007563106561144,0.0514949412458599,232.50000000000003,210.0,0.9549071618037136,0.0069461577878575,0.0024932194218755,0.0001508041802227
2007-06-01,232.5311147789624,234.20133827006288,221.69966543248427,224.2,586.0,224.2,230.32,222.41,211.564,220.424,,False,False,False,False,False,False,True,True,False,True,False,0.0223015165031222,0.111507582515611,,,0.0563603925066904,0.0168421052631578,0.2007136485280999,-0.1043710972346118,0.000254055819693,0.0191538150263027,225.8,212.5,1.6277777777777778,0.0037813616683366,-0.0031647961195208,-0.0005022548364214
2007-06-04,227.4701090526869,230.7996715280515,224.9704375246354,228.3,362.0,228.3,229.32,225.24,212.564,220.49066666666667,,False,False,False,False,False,False,True,True,False,False,False,0.0,0.1498028909329828,,,0.0689268506351293,0.0342064534968608,0.1936049058256679,-0.061760840998686,0.0003023559576217,-0.0047504883679631,229.2,220.0,0.6177474402730375,0.0047044654786323,0.0009231038102956,4.830013792876377e-05
2007-06-05,225.83,228.33,216.67,220.0,389.0,220.0,226.66,226.07,213.396,220.5013333333333,,False,False,False,False,False,False,True,True,False,True,False,0.015,0.1704545454545454,,,0.0300181818181818,-0.0022787878787876,0.2122727272727272,-0.0036363636363636,4.837461300289731e-05,-0.0194629981864024,229.2,234.2,1.074585635359116,0.0038988547114284,-0.0008056107672038,-0.0002539813446188
2007-06-06,220.83,238.33,220.83,237.50000000000003,1132.0,237.5,228.66,227.57,214.69600000000003,220.77866666666665,,False,False,False,False,False,False,True,True,False,False,False,-0.0770526315789475,0.1612631578947367,,,0.0960168421052631,0.0704056140350879,0.0913684210526314,-0.0842105263157895,0.0012561600154605,-0.0350661334973853,218.3,245.00000000000003,2.910025706940874,0.0060550732198086,0.0021562185083801,0.0012077854024576
2007-06-07,230.85989122458668,234.2003237363491,228.3595674882376,231.7,341.0,231.7,228.34,228.99,215.832,221.068,,False,False,False,False,False,False,True,True,False,True,False,0.010789814415192,0.1618472162278809,,,0.068485110056107,0.0458869227449286,0.1148036253776436,-0.0578334052654293,0.0013087978962733,-0.0490851128870256,215.0,239.2,0.3012367491166077,0.0052633529782421,-0.0007917202415664,5.263788081281387e-05
2007-06-08,231.700327267967,231.700327267967,225.85956276999607,229.2,136.0,229.2,229.34,229.83,216.832,221.4573333333333,,False,False,False,False,False,False,True,True,False,True,False,0.0872600349040139,0.1780104712041885,,,0.0539616055846422,0.0337812681791739,0.1596858638743456,0.0069808027923212,0.0017580512122724,-0.0514728277422443,216.7,259.2,0.3988269794721407,0.0046118654073199,-0.0006514875709222,0.0004492533159991
2007-06-11,231.6395611614768,237.46879516489287,225.8003284719485,228.3,510.0,228.3,229.34,229.33,217.46400000000003,221.612,,False,False,False,False,False,False,True,True,False,True,False,0.1498028909329828,0.1169513797634691,,,0.0474638633377134,0.0292947875602278,0.1314060446780552,0.0621988611476128,0.0006979164786504,-0.0403348885884969,219.2,255.00000000000003,3.75,0.0029062281573043,-0.0017056372500156,-0.001060134733622
2007-06-12,227.4694398423857,230.79899252227645,220.80033582590784,223.3,285.0,223.3,230.0,228.33,218.164,221.77866666666665,,False,False,False,False,False,False,True,True,False,False,False,0.1531571876399462,0.1119570085087326,,,0.0230004478280341,0.0068129571577848,0.1831616659202865,0.0935960591133003,0.0007514999939879,-0.0269784960364385,229.2,239.2,0.5588235294117647,0.0032085953686215,0.0003023672113172,5.3583515337499946e-05
2007-06-13,218.3598850207601,221.70034220011863,218.3598850207601,219.2,204.0,219.2,226.34,227.5,218.632,221.8453333333333,,False,False,False,False,False,False,True,True,False,True,False,0.2582116788321169,0.1291058394160585,,,0.0025912408759123,-0.0120681265206811,0.1897810218978103,0.1099452554744526,0.0003005096643906,-0.0128351648351647,223.3,245.00000000000003,0.7157894736842105,0.0021405832632003,-0.0010680121054212,-0.0004509903295972
2007-06-14,222.5285049323141,235.86021266601188,221.6983985993081,234.2,556.0,234.2,226.84,227.59,219.90000000000003,222.19066666666663,,False,False,False,False,False,False,True,True,False,False,False,0.1494449188727583,0.0960717335610589,,,0.0610589239965839,0.0512781098775976,0.1029035012809565,0.0354397950469685,0.0015542206993393,-0.0011424052023374,215.8,235.00000000000003,2.7254901960784315,0.0057662573897227,0.0036256741265223,0.0012537110349486
2007-06-15,237.5285949351848,255.86080186218243,235.85839386764056,249.2,2229.0,249.2,230.84,230.09,221.968,222.39066666666665,,False,False,False,False,False,False,True,True,False,False,True,0.0834670947030498,0.03330658105939,,,0.1092776886035313,0.107581594435527,-0.0337078651685392,-0.0136436597110753,0.000899318316716,0.007562258246773,215.0,228.3,4.008992805755396,0.0093166582570458,0.0035504008673231,-0.0006549023826233
2007-06-18,255.83,262.5,250.00000000000003,262.5,1932.0,262.5,237.68,233.51,224.968,222.91333333333333,,True,True,False,False,False,False,True,True,False,False,False,-0.0285714285714284,-0.0411428571428571,,,0.1429790476190476,0.1508063492063492,-0.057142857142857,-0.0476190476190475,0.0023447079582499,0.0081366965012205,213.3,243.3,0.8667563930013459,0.0133352298993634,0.0040185716423176,0.0014453896415338
2007-06-19,264.17,264.17,253.33,257.5,650.0,257.5,244.52,237.26000000000005,226.436,223.4693333333334,,False,False,False,False,False,False,True,True,False,True,False,-0.0357281553398057,-0.0291262135922329,,,0.1206368932038834,0.1321579288025887,-0.0485436893203882,0.0,0.0024880371355953,0.0083452752254908,208.3,245.00000000000003,0.3364389233954451,0.0064830680633822,-0.0068521618359812,0.0001433291773454
2007-06-20,260.8016314396549,279.969546459776,256.64208389225246,275.8,4100.0,275.8,255.84,241.0900000000001,229.268,224.34666666666664,,False,False,False,False,False,False,True,True,False,False,False,-0.1026105873821609,-0.060188542422045,,,0.1687164612037708,0.1865603094029491,-0.1417693981145758,-0.0511240029006527,0.0039106145251392,0.0106599195321244,204.2,239.2,6.307692307692308,0.0123523561944972,0.005869288131115,0.0014225773895439
2007-06-21,273.360463647509,284.2016718059219,267.529813872274,269.2,3285.0,269.2,262.84000000000003,244.84,231.768,225.136,,False,False,False,False,False,False,True,True,False,True,False,-0.0464338781575037,-0.0404903417533431,,,0.1390490341753343,0.1636849925705794,-0.1456166419019315,-0.0371471025260029,0.0035060289484283,0.0118853128573761,196.7,241.7,0.801219512195122,0.0107866487176832,-0.001565707476814,-0.0004045855767109
2007-06-22,271.67,274.17,262.5,270.0,518.0,270.0,267.0,248.92,234.4,225.90266666666668,,False,False,False,False,False,False,True,True,False,False,False,-0.0462962962962962,-0.002962962962963,,,0.1318518518518518,0.1633234567901234,-0.1140740740740741,-0.002962962962963,0.0033937920166207,0.0107263377792062,204.2,236.7,0.1576864535768645,0.0112286689419795,0.0004420202242963,-0.0001122369318075
2007-06-25,270.0,275.83000000000004,253.33,255.00000000000003,1413.0,255.0,265.5,251.59,236.6,226.3693333333333,,False,False,False,False,False,False,True,True,False,True,False,-0.0129411764705883,0.068627450980392,,,0.0721568627450981,0.1122771241830067,-0.0164705882352941,0.0294117647058822,0.0020615277687789,0.0079494415517309,203.3,235.8,2.727799227799228,0.0092983939137784,-0.001930275028201,-0.0013322642478418
2007-06-26,254.1392944871744,256.6389924696976,245.80030201747675,248.3,599.0,248.3,263.66,254.09,238.064,226.55733333333333,,False,False,False,False,False,False,True,True,False,True,False,0.0068465565847765,0.0741039065646394,,,0.0412243254128071,0.0875661162572157,0.0237615787354006,0.0571888844140152,0.0008298120269777,0.0052343657759061,199.2,235.00000000000003,0.4239207360226468,0.0061496068284158,-0.0031487870853625,-0.0012317157418011
2007-06-27,250.00000000000003,250.83,242.50000000000003,247.50000000000003,328.0,247.5,258.0,256.92,239.064,226.59066666666664,,False,False,False,False,False,False,True,True,False,True,False,0.0472727272727271,0.0472727272727271,,,0.0340848484848486,0.0844821548821551,0.0303030303030303,0.0303030303030303,0.0001471081480259,-0.0012844465203175,205.0,245.00000000000003,0.5475792988313857,0.0041829802897968,-0.001966626538619,-0.0006827038789518
2007-06-28,250.02922039973507,256.7,246.6988311840106,256.7,441.0,256.7,255.5,259.17,240.632,226.824,,False,False,False,False,False,False,True,True,False,False,False,0.0062329567588625,0.0062329567588625,,,0.0625944682508764,0.1163848850798596,-0.0066225165562912,-0.0194779898714452,0.0010286977274599,-0.0064050623143111,203.3,232.50000000000003,1.3445121951219512,0.006516174074936,0.0023331937851391,0.0008815895794339
2007-06-29,257.5,261.67,254.17,257.5,412.0,257.5,253.0,260.0,242.1,226.80133333333336,,False,False,False,False,False,False,True,False,False,True,False,0.0454368932038834,0.0322330097087379,,,0.0598058252427184,0.1192181229773461,0.0128155339805825,0.029126213592233,-9.994062351184768e-05,-0.0021923076923076,204.2,225.8,0.9342403628117912,0.0060636100784799,-0.0004525639964561,-0.0011286383509718
2007-07-02,253.3601978781737,254.20029800929788,245.02920491119323,251.7,280.0,251.7,252.34,258.92,242.836,226.7573333333333,,False,False,False,False,False,False,True,False,False,True,False,0.0826380611839491,0.0262216924910608,,,0.0352165276122366,0.0990968083697522,0.0198649185538339,0.0758839888756457,-0.0001940400310464,0.0100030897574541,212.5,229.2,0.6796116504854369,0.0030308520977121,-0.0030327579807678,-9.409940753460644e-05
2007-07-03,250.83,252.50000000000003,246.67,250.00000000000003,236.0,250.0,252.68,258.17,243.504,226.90133333333333,,False,False,False,False,False,False,True,True,False,True,False,0.0667999999999998,0.0567999999999998,,,0.0259840000000001,0.0923946666666667,0.0167999999999998,0.0899999999999998,0.0006346370816095,0.0187473370259907,205.8,229.2,0.8428571428571429,0.002743281424535,-0.000287570673177,0.0008286771126559
2007-07-04,258.3599027665239,268.361060307906,254.1994212293089,259.2,1020.0,259.2,255.02000000000004,256.51,244.772,227.0906666666667,,False,False,False,False,False,False,True,True,False,False,False,0.0,0.0061728395061729,,,0.0556635802469135,0.1238786008230451,0.0030864197530864,0.0706018518518519,0.0008337345436185,0.0314997465985733,207.5,218.3,4.322033898305085,0.0051803310836206,0.0024370496590856,0.000199097462009
2007-07-05,259.1399024503542,264.13932179770063,254.9703867146673,258.3,614.0,258.3,255.34,255.42,245.772,227.40133333333333,,False,False,False,False,False,False,True,True,False,True,False,0.0,0.0,,,0.0485017421602788,0.1196231771841528,0.0065814943863723,0.067750677506775,0.0013661602687757,0.0424007517030773,202.5,215.0,0.6019607843137255,0.0040688117442182,-0.0011115193394024,0.0005324257251572
2007-07-06,258.3587918415871,269.2,258.3587918415871,269.2,367.0,269.2,257.68,255.34,247.572,227.94666666666672,,False,False,False,False,False,False,True,True,False,False,False,-0.0126300148588409,-0.1054977711738483,,,0.0803417533432391,0.1532441802872707,-0.0312035661218424,0.0029717682020802,0.002392372484792,0.0430406516801129,197.5,216.7,0.5977198697068404,0.007270612185546,0.0032018004413278,0.0010262122160162
2007-07-09,265.0,273.33000000000004,265.0,272.5,479.0,272.5,261.84000000000003,257.09000000000003,249.34,228.33600000000007,,False,False,False,False,False,False,True,True,False,True,True,-0.0521100917431192,-0.0917431192660549,,,0.0849908256880733,0.1620697247706419,-0.055045871559633,0.0304587155963303,0.0017050895755962,0.0430588509860359,187.5,219.2,1.305177111716621,0.0070907194994786,-0.0001798926860674,-0.0006872829091957
2007-07-10,275.0309371132861,275.0309371132861,263.3596242546968,266.7,354.0,266.7,265.18,258.92999999999995,251.208,228.6253333333333,,False,False,False,False,False,False,True,True,False,False,False,-0.009373828271466,-0.0813648293963253,,,0.0580877390326208,0.1427621547306587,-0.0221222347206598,0.1278590176227972,0.0012655348780242,0.0504383424091457,220.8,229.2,0.7390396659707724,0.0074360689150026,0.000345349415524,-0.000439554697572
2007-07-11,264.20057877069104,264.20057877069104,259.2,259.2,207.0,259.2,265.18,260.1,252.076,228.892,,False,False,False,False,False,False,True,True,False,True,False,0.0061728395061729,-0.0868055555555555,,,0.0274845679012345,0.1169290123456789,-0.0516975308641974,0.1315586419753087,0.0011650327082933,0.0604382929642446,205.0,223.3,0.5847457627118644,0.0034434059569336,-0.003992662958069,-0.0001005021697308
2007-07-12,261.6396121240274,263.29941934734643,255.8002903263268,258.3,447.0,258.3,265.18,260.26,253.14,229.11333333333337,,False,False,False,False,False,False,True,True,False,False,False,0.0,-0.1095625241966704,,,0.0199767711962834,0.112995225190347,-0.1289198606271776,0.1451800232288037,0.0009660430063725,0.076730961346346,206.7,215.8,2.1594202898550723,0.0042032077111479,0.0007598017542143,-0.0001989897019207
2007-07-13,264.97009366888614,273.29915359440247,259.14075160817066,265.8,1211.0,265.8,264.5,261.09000000000003,254.604,229.5013333333333,,False,False,False,False,False,False,True,True,False,False,True,-0.0940556809631301,-0.1000752445447705,,,0.0421218961625282,0.1365638324554805,-0.1252821670428893,0.0658389766741911,0.001690621986219,0.0803171320234402,204.2,215.0,2.70917225950783,0.0057501060470378,0.0015468983358899,0.0007245789798464
2007-07-17,261.6396121240274,264.9692254093601,253.3005806526536,258.3,471.0,258.3,261.66,261.75000000000006,255.804,229.8013333333333,,False,False,False,False,False,False,True,True,False,True,False,-0.0418118466898954,-0.0290360046457607,,,0.0096631823461092,0.1103316556975095,-0.1126596980255517,0.1161440185830429,0.0013054754541604,0.0842788920725883,200.0,213.3,0.388934764657308,0.0046910916170192,-0.0010590144300186,-0.0003851465320585
2007-07-18,259.199432183821,269.20056781617893,259.199432183821,264.2,362.0,264.2,261.16,263.17,257.43999999999994,230.19066666666671,,False,False,False,False,False,False,True,True,False,False,False,-0.0726722180166539,-0.0378501135503406,,,0.0255866767600304,0.128725712843805,-0.0726722180166539,0.1040878122634367,0.0016913515172932,0.0857240566933921,211.7,208.3,0.7685774946921444,0.006354878806712,0.0016637871896927,0.0003858760631327
2007-07-19,263.2997124563892,265.7994249127785,255.8005750872216,260.8,240.0,260.8,261.48,263.33000000000004,259.104,230.40133333333333,,False,False,False,False,False,False,True,True,False,False,False,-0.0924079754601227,-0.0222392638036809,,,0.0065030674846626,0.1165593047034765,-0.0479294478527607,0.1088957055214723,0.0009143465604942,0.0895074621197734,222.50000000000003,204.2,0.6629834254143646,0.006422131653699,6.72528469870641e-05,-0.000777004956799
2007-07-20,261.6396121240274,263.29941934734643,257.4700963883405,258.3,425.0,258.3,261.48,263.33000000000004,260.068,230.7453333333333,,False,False,False,False,False,False,True,True,False,True,False,-0.1095625241966704,-0.0127758420441346,,,-0.0068447541618272,0.1066769905794297,-0.0774293457220286,0.0325203252032519,0.0014908210494686,0.0860517221736978,217.5,196.7,1.7708333333333333,0.0037067228570989,-0.0027154087966001,0.0005764744889744
2007-07-23,258.2978200390317,259.1377154009052,239.14020678486887,240.8,606.0,240.8,256.48,260.49000000000007,259.732,230.94533333333337,,False,False,False,False,False,False,False,True,False,True,False,-0.0066445182724253,0.0830564784053156,,,-0.0786212624584718,0.040924695459579,0.0037375415282391,0.0556478405315613,0.0008660058080124,0.091826941533264,220.8,204.2,1.4258823529411764,-0.001293641137788,-0.0050003639948869,-0.0006248152414561
2007-07-24,241.67,250.83,240.83,247.50000000000003,243.0,247.5,254.32,257.99,259.132,231.1893333333333,,False,False,False,False,False,False,False,True,False,True,False,0.0133333333333332,0.037171717171717,,,-0.0469979797979797,0.0659016835016837,-0.0068686868686869,0.0068686868686867,0.0010554120143948,0.0901585332764833,233.3,203.3,0.400990099009901,-0.0023154222558388,-0.0010217811180507,0.0001894062063823
2007-07-25,241.67,247.50000000000003,239.17,245.00000000000003,147.0,245.0,250.48,255.82,258.632,231.4,,False,False,False,False,False,False,False,True,False,False,False,0.0375510204081631,0.0375510204081631,,,-0.0556408163265305,0.0555102040816327,-0.0273469387755102,-0.0069387755102041,0.0009104004609623,0.0769290907669455,233.3,199.2,0.6049382716049383,-0.0019332487859197,0.000382173469919,-0.0001450115534324
2007-07-26,245.0310559006211,247.5313727975662,236.7,236.7,190.0,236.7,245.66,253.57,257.068,231.64533333333333,,False,False,False,False,False,False,False,True,False,True,False,0.0773130544993664,0.0984368398817068,,,-0.0860498521335023,0.0213547387691874,0.04900718208703,0.0912547528517111,0.0010590903334982,0.0726820996174628,227.50000000000003,205.0,1.2925170068027212,-0.0060839933402835,-0.0041507445543638,0.0001486898725358
2007-07-27,230.83,235.83,221.67,230.00000000000003,273.0,230.0,240.0,250.73999999999995,255.5,231.8453333333334,,False,False,False,False,False,False,False,True,False,True,False,0.108695652173913,0.1304347826086955,,,-0.1108695652173911,-0.0080231884057972,0.0943478260869563,0.1052173913043476,0.0008626440615585,0.068198133524767,233.3,203.3,1.436842105263158,-0.0061369863013697,-5.2992961086210585e-05,-0.0001964462719396
2007-07-30,226.6984320776017,239.2,226.6984320776017,239.2,113.0,239.2,239.68,248.08,254.268,232.1453333333334,,False,False,False,False,False,False,False,True,False,False,False,0.0903010033444817,0.0903010033444817,,,-0.0629933110367893,0.029492753623188,0.052257525083612,0.0137959866220737,0.0012922939078393,0.0632054176072233,224.2,204.2,0.4139194139194139,-0.0048452813566787,0.001291704944691,0.0004296498462807
2007-07-31,249.1401985408444,253.29970099270423,246.6404975481402,250.8,246.0,250.8,240.34,247.33,254.1,232.56666666666672,,False,False,False,False,False,False,False,True,False,False,False,0.0235247208931418,0.0267145135566187,,,-0.013157894736842,0.0727006911217435,-0.0462519936204147,-0.0797448165869218,0.0018116669055466,0.0431811749484493,228.3,212.5,2.1769911504424777,-0.0006611570247934,0.0041841243318853,0.0005193729977072
2007-08-01,247.52921273163628,260.03068812212297,245.85901561946727,254.2,252.0,254.2,242.18,246.33,254.336,232.9,,False,False,False,False,False,False,True,True,False,False,False,0.0,0.0259638080251771,,,-0.000535011801731,0.0837922895357985,-0.03933910306845,-0.1018882769472855,0.0014312294260767,0.021678236511996,220.0,205.8,1.024390243902439,0.0009279063915451,0.0015890634163385,-0.0003804374794698
2007-08-02,258.33000000000004,260.0,250.00000000000003,255.00000000000003,263.0,255.0,245.84,245.75,254.636,233.32266666666672,,False,False,False,True,True,False,True,True,False,False,False,0.0196078431372547,-0.036078431372549,,,0.0014274509803922,0.0850091503267972,-0.0654901960784314,-0.1109803921568629,0.0018115113833777,-0.0013428280773143,237.50000000000003,207.5,1.0436507936507935,0.0011781523429522,0.0002502459514071,0.0003802819573009
2007-08-03,259.17,261.67,254.17,255.00000000000003,84.0,255.0,250.84,245.42,254.568,233.8453333333333,,False,False,False,False,False,False,False,True,False,True,False,0.0196078431372547,-0.1176470588235294,,,0.0016941176470588,0.0829594771241831,-0.071764705882353,-0.1403921568627452,0.0022350955617385,-0.0193545758291907,231.7,202.5,0.3193916349809886,-0.0002671191980138,-0.001445271540966,0.0004235841783607
2007-08-06,252.47095809531115,260.8,244.97182072614348,260.8,144.0,260.8,255.16,247.42,254.70000000000005,234.456,,False,False,False,False,False,False,True,True,False,False,True,0.0,-0.1085122699386502,,,0.0233895705521471,0.1010122699386504,-0.1246165644171779,-0.1533742331288343,0.0026046109575642,-0.0407808584592998,229.2,197.5,1.7142857142857142,0.0005182567726738,0.0007853759706876,0.0003695153958257
2007-08-07,260.8604862274516,261.7005844079947,255.02980480772976,256.7,156.0,256.7,256.34000000000003,248.34,254.90000000000003,235.0346666666667,,False,False,False,False,False,False,True,True,False,False,False,0.0031164783794312,-0.1071289442929489,,,0.0070120763537201,0.0843994286456302,-0.1363459291001168,-0.0942734709777949,0.0024620481517622,-0.051059031972296,228.3,187.5,1.0833333333333333,0.0007846214201647,0.0002663646474908,-0.0001425628058019
2007-08-08,256.7002950780973,258.36049100995393,252.52980288783093,254.2,220.0,254.2,256.34000000000003,249.26,255.06800000000004,235.64666666666668,,False,False,False,False,False,False,True,True,False,True,False,0.0259638080251771,-0.0361919748229738,,,-0.0034146341463416,0.0729871492263309,-0.1215578284815105,-0.0952006294256489,0.002597108665516,-0.0598972959961485,223.3,220.8,1.4102564102564104,0.0006586478899744,-0.0001259735301902,0.0001350605137537
2007-08-09,254.17,262.5,254.17,260.0,346.0,260.0,257.34000000000003,251.59,255.1,236.3906666666667,,False,False,False,False,False,False,True,True,False,True,False,-0.0546153846153845,-0.0449999999999999,,,0.0188461538461538,0.090805128205128,-0.1569230769230769,-0.0738461538461538,0.0031473323819892,-0.075559441949203,219.2,205.0,1.5727272727272728,0.0001254410035278,-0.0005332068864466,0.0005502237164732
2007-08-10,251.67,264.17,250.83,260.0,460.0,260.0,258.34000000000003,254.59,255.168,237.2346666666667,,False,False,False,False,False,False,True,True,False,False,False,-0.1346153846153845,-0.0834615384615384,,,0.0185846153846153,0.0875589743589742,-0.173076923076923,-0.0834615384615384,0.0035576588019738,-0.0926980635531636,234.2,206.7,1.329479768786127,0.0002664910960622,0.0001410500925344,0.0004103264199845
2007-08-13,264.13961584173603,272.4686577464249,260.8,260.8,337.0,260.8,258.34000000000003,256.75,254.832,237.9893333333333,,False,False,False,False,False,False,False,True,False,True,False,-0.1085122699386502,-0.0732361963190185,,,0.0228834355828221,0.0874642126789367,-0.2300613496932515,-0.0797546012269938,0.0031710104654548,-0.1013047711781888,249.2,204.2,0.7326086956521739,-0.001318515728009,-0.0015850068240713,-0.0003866483365189
2007-08-14,260.83000000000004,262.5,249.17,257.5,310.0,257.5,258.5,257.42,254.232,238.712,,False,False,False,False,False,False,False,True,False,True,False,-0.1099029126213592,-0.0454368932038834,,,0.0126912621359223,0.0729631067961165,-0.1681553398058252,-0.0357281553398057,0.0030273579320129,-0.0968456219407971,262.5,200.0,0.9198813056379822,-0.002360049089021,-0.0010415333610119,-0.0001436525334419
2007-08-15,255.8005750872216,260.8,252.47095809531115,260.8,102.0,260.8,259.82,258.08000000000004,253.996,239.53333333333333,,False,False,False,False,False,False,False,True,False,False,False,-0.0605828220858895,-0.0862730061349693,,,0.0260889570552147,0.0815439672801636,-0.1595092024539878,-0.0287576687116564,0.0034288895073754,-0.0894683818970862,257.5,211.7,0.3290322580645161,-0.0009291484905273,0.0014309005984936,0.0004015315753625
2007-08-16,256.6386771346052,256.6386771346052,234.14142293454827,245.8,404.0,245.8,256.98,257.16,253.46,240.0773333333333,,False,False,False,False,False,True,False,True,False,True,False,0.0101708706265256,0.0101708706265256,,,-0.0311635475996745,0.023281800922159,-0.1151342554922701,0.0915378356387306,0.0022659365315619,-0.0700342199408929,275.8,222.50000000000003,3.9607843137254894,-0.0021147321076304,-0.001185583617103,-0.0011629529758135
2007-08-17,245.83,245.83,223.33,225.00000000000003,201.0,225.0,249.98,254.16000000000005,252.128,240.36666666666667,,False,False,False,False,False,False,False,True,False,True,False,0.059111111111111,0.1186666666666664,,,-0.1205688888888886,-0.0682962962962961,-0.0297777777777778,0.2075555555555553,0.0012037165441687,-0.0384010072395343,269.2,217.5,0.4975247524752475,-0.0052830308414774,-0.003168298733847,-0.0010622199873932
2007-08-20,231.67,236.67,228.33,232.50000000000003,232.0,232.5,244.32,251.33,250.796,240.744,,False,False,False,False,False,False,False,True,False,True,False,0.0395698924731181,0.0825806451612901,,,-0.0786924731182794,-0.0354580645161289,-0.0073118279569893,0.182795698924731,0.0015673633956955,-0.0060080372418733,270.0,220.8,1.154228855721393,-0.0053110894910604,-2.8058649583006384e-05,0.0003636468515267
2007-08-21,233.3605445738971,235.03076318889907,223.3592355020291,229.2,170.0,229.2,238.66,248.58,249.632,240.96666666666667,,False,False,False,False,False,False,False,True,False,False,False,0.0724258289703316,0.0436300174520069,,,-0.0891448516579407,-0.0513379872018616,0.0580279232111694,0.1780104712041885,0.0009240558860146,0.0200740204360768,255.00000000000003,233.3,0.7327586206896551,-0.0046628637354184,0.0006482257556419,-0.0006433075096808
2007-08-22,232.50000000000003,248.33,230.00000000000003,245.00000000000003,200.0,245.0,235.5,247.66,248.864,241.4893333333333,241.35550000000003,False,False,False,False,False,False,False,True,False,False,False,-0.0273469387755102,-0.0032653061224491,,,-0.0157714285714284,0.0143292517006804,-0.0032653061224491,0.0644897959183672,0.0021643468034474,0.0362997658079624,248.3,233.3,1.1764705882352942,-0.003086022888003,0.0015768408474153,0.0012402909174327
2007-08-23,247.4701002698023,249.13989852212785,243.3006040349535,248.3,127.0,248.3,236.0,246.49,248.364,242.03333333333333,241.368,False,False,False,False,False,False,False,True,False,False,False,0.0,-0.040273862263391,,,-0.0002577527184856,0.0252382870183917,-0.0201369311316955,0.0906161900926298,0.0022476242941744,0.0533895898413729,247.50000000000003,227.50000000000003,0.635,-0.0020131742120436,0.0010728486759594,8.327749072696827e-05
2007-08-24,249.968531028406,249.968531028406,238.3,238.3,143.0,238.3,238.66,244.32,247.56400000000005,242.51066666666665,241.16350000000003,False,False,False,False,False,False,False,True,False,True,False,0.0562316407889214,-0.0067142257658414,,,-0.0388753671842217,-0.0176696041404391,0.0176248426353336,0.1015526647083507,0.0019682983016554,0.0726506221349052,256.7,233.3,1.125984251968504,-0.0032314876153235,-0.0012183134032799,-0.0002793259925189
2007-08-27,242.5301030330616,245.86051640667023,240.85989572557617,241.7,97.0,241.7,240.5,242.41,247.6,243.1,240.822,False,False,False,False,False,False,True,True,False,False,False,0.0413736036408771,-0.0554406288787752,,,-0.0244104261481175,-0.0057923045097228,0.0169631774927597,0.0653702937525859,0.0024242424242424,0.0883214388845346,257.5,224.2,0.6783216783216783,0.0001453957996766,0.0033768834150002,0.000455944122587
2007-08-28,242.4704063783916,246.63989749013547,240.80061017776512,245.8,123.0,245.8,243.82,241.24,247.532,243.87733333333333,240.6425,False,False,False,False,False,False,False,True,False,True,False,-0.0268510984540277,-0.0980471928397071,,,-0.0070463791700569,0.00782207756984,0.0170870626525631,-0.033767290480065,0.0031873947558335,0.0891228651964845,251.7,228.3,1.268041237113402,-0.0002747119564338,-0.0004201077561105,0.000763152331591
2007-08-29,239.9697897872697,243.2993706205681,235.80031468971595,238.3,212.0,238.3,242.48,238.99,247.26400000000004,244.11066666666665,240.313,False,False,False,False,False,False,False,True,False,True,False,0.0247587075115399,-0.0629458665547629,,,-0.0376164498531264,-0.0243838299062804,0.0805707091900964,0.0142677297524128,0.0009558506251262,0.0945227833800576,250.00000000000003,220.0,1.7235772357723578,-0.0010838617833569,-0.000809149826923,-0.0022315441307072
2007-08-30,241.64080457455805,248.3,241.64080457455805,248.3,427.0,248.3,242.48,239.24,247.7280000000001,244.688,240.03800000000004,False,False,False,True,True,False,True,True,True,False,False,-0.040273862263391,-0.117196939186468,,,0.0023036649214656,0.014546919049537,0.0539669754329439,-0.0366492146596859,0.0023594672944047,0.0812155158000334,259.2,237.50000000000003,2.0141509433962264,0.0018730220241557,0.0029568838075126,0.0014036166692785
2007-08-31,245.02920491119323,258.3607938967696,244.1991059721063,251.7,406.0,251.7,245.16,241.91,248.5960000000001,245.28799999999995,239.655,False,False,False,False,False,False,True,True,False,False,False,-0.0595947556615017,-0.145808502185141,,,0.0123321414382197,0.0254747715534367,0.0297973778307508,-0.0830353595550257,0.0024461041714229,0.0523748501508826,258.3,231.7,0.9508196721311476,0.0034916088754444,0.0016185868512887,8.663687701818785e-05
2007-09-03,252.53009893908688,254.20029800929788,246.6994039814042,251.7,167.0,251.7,247.16000000000005,243.83,249.09600000000003,245.9213333333333,239.3385,False,False,False,False,False,False,True,True,False,True,False,-0.0929678188319427,-0.2022248708780293,,,0.0103456495828365,0.0229585485366177,0.0695272149384187,-0.096146205800556,0.0025753492986918,0.024607308370586,269.2,229.2,0.4113300492610837,0.0020072582458166,-0.0014843506296278,0.0001292451272688
2007-09-04,251.70156792239828,251.70156792239828,236.69968641552032,239.2,337.0,239.2,245.84,244.83,248.632,246.444,239.072,False,False,False,False,False,False,False,True,False,True,False,-0.0731605351170568,-0.104515050167224,,,-0.0394314381270903,-0.0302842809364548,0.0974080267558528,-0.0246655518394647,0.002120833400962,0.0054323408079076,272.5,228.3,2.0179640718562872,-0.0018662119115802,-0.0038734701573969,-0.0004545158977298
2007-09-05,242.52979481508785,244.2,240.8595896301757,244.2,272.0,244.2,247.02000000000004,244.75,248.232,246.87733333333333,238.797,False,False,False,False,False,False,False,True,False,False,False,-0.0855855855855855,-0.1023751023751023,,,-0.0165110565110565,-0.0109636909636909,0.0749385749385749,0.0065520065520066,0.0017552576718262,-0.0003677221654746,266.7,223.3,0.8071216617210683,-0.0016113957910342,0.000254816120546,-0.0003655757291357
2007-09-06,240.79968531028405,240.79968531028405,230.80094406914785,238.3,345.0,238.3,245.02,243.75,247.564,247.088,238.5885,False,False,False,False,False,False,False,True,False,True,False,-0.0801510700797315,-0.0872849349559379,,,-0.0388753671842214,-0.0368778850188835,0.0700797314309694,0.0,0.0008525977249669,-0.0095999999999997,259.2,219.2,1.2683823529411764,-0.0026982921587953,-0.0010868963677611,-0.0009026599468592
2007-09-07,240.03042210673087,243.3608442134617,233.3595766256813,236.7,493.0,236.7,242.02,243.59,246.832,247.344,238.4885,False,False,True,False,False,False,False,True,False,True,False,-0.0916772285593578,-0.077735530207013,,,-0.0428052386987748,-0.0449683143219264,0.0633713561470215,-0.0316856780735107,0.0010349957953295,-0.0226199761894987,258.3,234.2,1.4289855072463769,-0.002965579827575,-0.0002672876687797,0.0001823980703626
2007-09-10,228.3,231.6395611614768,225.8003284719485,228.3,468.0,228.3,237.34,242.25000000000009,245.532,247.444,238.43400000000003,False,False,False,False,False,False,False,True,False,True,False,-0.1204555409548839,0.0109505037231712,,,-0.0754796320630749,-0.083854577310556,0.1607533946561541,0.029347349978099,0.0004041318439727,-0.0265015479876163,265.8,249.2,0.949290060851927,-0.00529462554779,-0.002329045720215,-0.0006308639513568
2007-09-11,228.36090133982947,229.2010150223305,220.859886317499,221.7,308.0,221.7,233.84,239.84,244.132,247.2893333333333,238.5135,False,False,False,False,False,False,False,False,False,True,False,-0.03382949932341,0.0938204781235906,,,-0.1011817771763645,-0.1154232446248683,0.221470455570591,0.0261614794767705,-0.0006254481929399,-0.0208889259506337,258.3,262.5,0.6581196581196581,-0.0057346025920403,-0.0004399770442503,-0.0010295800369126
2007-09-12,224.96977566829355,231.6388796847714,223.3,223.3,222.0,223.3,229.66,238.34,242.896,247.15599999999995,238.47600000000003,False,False,False,False,False,False,False,False,False,False,False,-0.0183609493954322,0.0935960591133003,,,-0.0877563815494848,-0.1068338557993727,0.2203313927451858,0.0264218540080608,-0.0005394703480124,-0.0199714693295292,264.2,257.5,0.7207792207792207,-0.0050885975890917,0.0006460050029486,8.597784492753798e-05
2007-09-13,223.3605694209974,224.2006844002373,218.3598850207601,219.2,212.0,219.2,225.84,235.43,241.264,247.0453333333333,238.41350000000003,False,False,False,False,False,False,False,False,False,True,False,-0.0077554744525546,0.1099452554744526,,,-0.1006569343065694,-0.1270316301703162,0.2659671532846716,0.0529197080291971,-0.0004479609680273,-0.0114259015418595,260.8,275.8,0.954954954954955,-0.0067643742953775,-0.0016757767062858,9.150937998503062e-05
2007-09-14,216.67,219.17,212.5,215.0,207.0,215.0,221.5,231.76,239.46400000000003,246.8013333333333,238.3925,False,False,False,False,False,False,False,False,False,True,False,0.0153488372093023,0.1279069767441862,,,-0.113786046511628,-0.1479131782945735,0.2827906976744186,0.0269767441860465,-0.0009886494400354,-8.629616844979707e-05,258.3,269.2,0.9764150943396226,-0.0075167874920655,-0.0007524131966879,-0.000540688472008
2007-09-18,216.63763381964847,216.63763381964847,199.9701239854604,200.8,221.0,200.8,216.0,226.67,237.064,246.4893333333333,238.30900000000003,False,False,False,False,False,False,False,False,False,True,False,0.149402390438247,0.2241035856573705,,,-0.1805976095617529,-0.227536520584329,0.344621513944223,0.045816733067729,-0.0012657748543548,0.0146468434287732,240.8,270.0,1.067632850241546,-0.0101238484122432,-0.0026070609201777,-0.0002771254143193
2007-09-19,208.35918195825744,215.0301162627819,208.35918195825744,214.2,210.0,214.2,214.5,224.17,235.332,246.3013333333333,238.21750000000003,False,False,False,False,False,False,False,False,False,False,False,0.1321195144724558,0.1671335200746967,,,-0.0986554621848739,-0.149866168689698,0.3109243697478993,-0.0508870214752566,-0.0007632926604808,0.0125797385912478,247.50000000000003,255.00000000000003,0.9502262443438914,-0.0073598150697737,0.0027640333424694,0.0005024821938739
2007-09-20,216.6996577998813,220.8602272208788,215.02942921020207,219.2,181.0,219.2,213.68,221.67,233.668,246.2906666666667,238.0425,False,False,False,False,False,False,False,False,False,False,False,0.1140510948905109,0.1747262773722628,,,-0.0660036496350365,-0.1235888077858883,0.3722627737226278,-0.1026459854014598,-4.3309260602355086e-05,0.001849596246673,245.00000000000003,248.3,0.861904761904762,-0.0071212147148945,0.0002386003548791,0.0007199833998785
2007-09-21,215.83,217.5,215.83,217.5,114.0,217.5,213.34,219.59,232.536,246.02400000000003,237.9215,False,False,False,False,False,False,False,False,False,False,False,0.1186206896551724,0.2032183908045976,,,-0.0691310344827586,-0.131144827586207,0.3485057471264368,-0.0611494252873563,-0.00108390509327,-0.0041896261214081,236.7,247.50000000000003,0.6298342541436464,-0.0048680634396394,0.0022531512752551,-0.0010405958326677
2007-09-25,224.13919754500068,224.13919754500068,214.9704575642376,218.3,120.0,218.3,214.0,217.75,232.268,245.8453333333333,237.759,False,False,False,False,False,False,False,False,False,False,False,0.1108566193311956,0.1873568483737974,,,-0.0639853412734766,-0.1261810963505877,0.3550160329821346,0.0,-0.0007267441860467,-0.0007807118254878,230.00000000000003,256.7,1.0526315789473684,-0.001153839530198,0.0037142239094414,0.0003571609072233
2007-09-26,218.301624572196,230.8,218.301624572196,230.8,220.0,230.8,220.0,218.0,232.2,245.86666666666667,237.5005,False,False,False,False,False,False,False,True,False,False,False,0.0649913344887348,0.166377816291161,,,-0.0060658578856151,-0.0652801848642403,0.2274696707105719,-0.108318890814558,8.676789587863098e-05,-0.0153211009174312,239.2,257.5,1.8333333333333333,-0.0002928509905253,0.0008609885396726,0.0008135120819253
2007-09-27,231.67,244.17,228.33,242.50000000000003,334.0,242.5,225.66,220.08,232.732,246.056,237.18400000000003,False,False,False,True,True,False,True,True,True,False,False,0.0309278350515463,0.0824742268041235,,,0.0402804123711341,-0.0146639175257731,0.1888659793814432,-0.2094845360824743,0.0007694725319981,-0.0408942202835332,250.8,251.7,1.518181818181818,0.0022858910678377,0.002578742058363,0.0006827046361195
2007-09-28,243.3598967932178,246.7003071630421,240.02948765204567,244.2,272.0,244.2,230.66,222.17,232.7,246.33466666666664,236.8965000000001,False,False,False,False,False,False,False,True,False,True,False,0.0544635544635545,0.0749385749385749,,,0.047092547092547,-0.0087414687414686,0.1945126945126945,-0.1912366912366912,0.0011312523342226,-0.0641850834946209,254.2,250.00000000000003,0.8143712574850299,-0.0001375161151697,-0.0024234071830075,0.0003617798022244
2007-10-01,245.7996917765997,245.7996917765997,237.4707187769696,243.3,164.0,243.3,235.82,224.58,232.5,246.656,236.7005000000001,False,False,False,False,False,False,False,True,False,True,False,0.0756267981915329,0.0480887792848336,,,0.0443896424167694,-0.0137936703658035,0.1886559802712699,-0.2157829839704069,0.0013027590382288,-0.0920384718140529,255.00000000000003,259.2,0.6029411764705882,-0.0008602150537633,-0.0007226989385935,0.0001715067040061
2007-10-02,246.67,246.67,242.50000000000003,242.50000000000003,227.0,242.5,240.66,227.33,232.66800000000003,246.76666666666668,236.47950000000003,False,False,False,False,False,False,True,True,False,False,False,0.0688659793814431,0.0379381443298967,,,0.0405443298969071,-0.0175945017182129,0.0997938144329895,-0.2164948453608248,0.0004484668377685,-0.1165706242027009,255.00000000000003,258.3,1.3841463414634143,0.000722058899376,0.0015822739531394,-0.0008542922004603
2007-10-03,240.80061017776512,251.6392873123704,236.6411178456657,245.8,522.0,245.8,243.66,231.83,232.832,246.7213333333333,236.2210000000001,False,False,False,False,False,False,True,False,False,True,False,0.0951993490642798,0.0781122864117167,,,0.0527583401139138,-0.0037483048548953,0.034174125305126,-0.2200976403580147,-0.0001837430623485,-0.141612388388043,260.8,269.2,2.299559471365639,0.0007043705332598,-1.7688366116228016e-05,-0.000632209900117
2007-10-04,248.33,258.33000000000004,247.50000000000003,250.00000000000003,750.0,250.0,245.16,235.41,233.0,246.55466666666663,236.1045000000001,False,False,False,False,False,False,True,False,False,False,False,0.0499999999999998,0.0831999999999999,,,0.0680000000000001,0.0137813333333335,-0.0032000000000001,-0.3232000000000001,-0.0006759826083194,-0.1691516927913002,256.7,272.5,1.4367816091954022,0.0007210300429184,1.665950965862599e-05,-0.0004922395459708
2007-10-05,250.83,260.83000000000004,249.17,257.5,561.0,257.5,247.82,239.24,233.768,246.55466666666663,236.0505000000001,False,False,False,False,False,False,True,False,True,False,False,0.0194174757281553,0.058252427184466,,,0.0921631067961165,0.042506148867314,-0.0551456310679611,-0.4143689320388349,0.0,-0.2016385219862899,254.2,266.7,0.748,0.0032853085110023,0.0025642784680838,0.0006759826083194
2007-10-09,265.03038177857604,272.5312416402339,261.7,261.7,781.0,261.7,251.5,243.66,234.304,246.36666666666667,236.0005000000001,False,False,False,False,False,False,True,False,False,True,False,-0.0256018341612531,0.0603744745892243,,,0.1046847535345815,0.0585912622595847,-0.0129919755445165,-0.407718761941154,-0.0007630902448922,-0.2363128950176473,260.0,259.2,1.392156862745098,0.0022876263316033,-0.0009976821793989,-0.0007630902448922
2007-10-10,264.20057877069104,265.03067484662574,257.5298066905892,259.2,329.0,259.2,254.84,247.75,234.604,246.2333333333333,235.93400000000003,False,False,False,False,False,False,True,False,False,True,False,-0.0289351851851851,0.0640432098765433,,,0.0948919753086418,0.0500257201646091,-0.0192901234567901,-0.4405864197530864,-0.0005414918099365,-0.2785065590312814,260.0,258.3,0.4212548015364917,0.0012787505754378,-0.0010088757561655,0.0002215984349556
2007-10-11,259.1988854627187,270.0300925065943,259.1988854627187,269.2,203.0,269.2,259.52000000000004,251.59,235.304,246.22266666666664,235.9425,False,False,False,False,False,False,True,False,False,False,False,-0.0156017830609212,0.0029717682020802,,,0.1259138187221396,0.0853541357107479,-0.0991827637444277,-0.4613670133729569,-4.332122144177607e-05,-0.3136849636313048,260.8,265.8,0.6170212765957447,0.0029748750552476,0.0016961244798098,0.0004981705884947
2007-10-12,268.33000000000004,268.33000000000004,260.0,262.5,131.0,262.5,262.02000000000004,253.59,236.236,246.32266666666663,236.0675,False,False,False,False,False,False,True,True,False,False,False,0.0316190476190476,0.0697142857142857,,,0.1000533333333333,0.0616279365079366,-0.1207619047619047,-0.4731428571428571,0.000405971571164,-0.3401553689025593,257.5,258.3,0.645320197044335,0.0039452073350377,0.0009703322797901,0.0004492927926058
2007-10-15,265.83000000000004,265.83000000000004,255.00000000000003,262.5,172.0,262.5,263.02,255.42,236.968,246.51200000000003,236.10900000000004,False,False,False,False,False,False,True,True,False,True,False,0.0380952380952381,0.1459047619047619,,,0.0972647619047619,0.0609066666666665,-0.1302857142857142,-0.4826666666666666,0.0007680491551461,-0.3690392295043457,260.8,264.2,1.3129770992366412,0.0030890246784375,-0.0008561826566002,0.000362077583982
2007-10-16,259.17,260.0,253.33,255.00000000000003,155.0,255.0,261.68,256.59000000000003,237.636,246.612,236.08000000000004,False,False,False,False,False,False,True,True,False,True,False,0.0882352941176469,0.1501960784313724,,,0.0680941176470589,0.0328941176470589,-0.1109803921568629,-0.4933333333333334,0.0004054952719249,-0.3959234576561831,245.8,260.8,0.9011627906976744,0.0028110218990388,-0.0002780027793986,-0.0003625538832211
2007-10-17,251.7,255.0303969483848,245.02920491119323,251.7,183.0,251.7,260.18,257.51,238.236,246.54533333333336,236.055,False,False,False,False,False,False,True,False,False,True,False,0.0957489074294796,0.1752085816448153,,,0.053492252681764,0.020479406701099,-0.1291219705999205,-0.586015097338101,-0.0002704032794508,-0.4314007223020464,225.00000000000003,258.3,1.1806451612903226,0.0025185110562635,-0.0002925108427753,-0.0006758985513758
2007-10-18,247.50000000000003,266.67,247.50000000000003,265.0,161.0,265.0,259.34000000000003,259.43,239.704,246.64533333333333,236.0635,False,False,False,False,False,False,True,True,False,False,False,0.0188679245283018,0.0690566037735849,,,0.0954566037735848,0.069262893081761,-0.1667924528301886,-0.6573584905660377,0.000405440470527,-0.4745017923910111,232.50000000000003,240.8,0.8797814207650273,0.0061242198711745,0.003605708814911,0.0006758437499778
2007-10-19,267.4703688660784,279.13907617324526,262.4709227190489,270.8,363.0,270.8,261.0,261.51000000000005,241.668,246.9000000000001,236.109,False,False,False,False,False,False,True,True,False,False,False,0.0369276218611521,0.0646233382570162,,,0.1075775480059084,0.0882570162481533,-0.1414327917282126,-0.6152141802067947,0.0010314567301205,-0.5035371496309894,229.2,247.50000000000003,2.254658385093168,0.0081268517139215,0.002002631842747,0.0006260162595935
2007-10-22,259.17,274.17,257.5,272.5,163.0,272.5,263.0,263.01000000000005,243.636,247.20000000000005,236.1715,False,False,False,False,False,False,True,True,False,True,False,0.1038532110091743,0.0704587155963302,,,0.1059229357798165,0.0928440366972475,-0.1559633027522934,-0.6788990825688074,0.0012135922330095,-0.5304361050910613,245.00000000000003,245.00000000000003,0.4490358126721763,0.0080776239964536,-4.922771746788957e-05,0.0001821355028889
2007-10-23,276.67,290.0,268.33000000000004,277.5,691.0,277.5,267.5,264.59000000000003,245.968,247.444,236.32550000000003,False,False,False,False,False,False,True,True,False,False,False,0.0569369369369369,0.0421621621621621,,,0.1136288288288288,0.1083099099099099,-0.1322522522522522,-0.6396396396396397,0.0009860816992933,-0.554026985146831,248.3,236.7,4.2392638036809815,0.0094809080856046,0.0014032840891509,-0.0002275105337161
2007-10-24,289.9684588333394,289.9684588333394,274.97009027299424,275.8,289.0,275.8,272.32,266.25,248.4,247.6773333333333,236.51300000000003,True,True,False,False,False,False,True,True,False,False,False,0.0725163161711385,-0.0329949238578681,,,0.0993473531544597,0.101967609378777,-0.1359680928208847,-0.5768672951414069,0.000942085939771,-0.5674366197183098,238.3,230.00000000000003,0.4182344428364689,0.0097906602254429,0.0003097521398382,-4.399575952230032e-05
2007-10-25,279.17,279.17,266.67,270.0,415.0,270.0,273.32,266.33000000000004,251.168,247.688,236.63800000000003,False,False,False,False,False,False,True,True,False,False,False,0.0492592592592593,-0.0585185185185185,,,0.0697481481481481,0.082637037037037,-0.111111111111111,-0.5648148148148148,4.306493114999396e-05,-0.5778920887620621,241.7,239.2,1.4359861591695502,0.011020512167155,0.0012298519417121,-0.000899021008621
2007-10-26,268.3013353274223,280.8,267.4714239931632,280.8,243.0,280.8,275.32,268.16,253.832,247.7986666666667,236.8255000000001,False,False,False,False,False,False,True,True,False,True,True,0.0267094017094017,-0.1125356125356126,,,0.0960398860398861,0.1175261158594491,-0.1157407407407407,-0.6082621082621082,0.0004465991207917,-0.5913260739856803,245.8,250.8,0.5855421686746988,0.010495130637587,-0.000525381529568,0.0004035341896417
2007-10-29,286.6414120932088,304.1396669215172,284.1416614034505,300.8,1053.0,300.8,280.98,271.99000000000007,257.096,248.25333333333333,237.00850000000003,False,False,False,False,False,False,True,True,False,False,False,-0.0302526595744681,-0.191156914893617,,,0.1452925531914893,0.1746897163120568,-0.1579122340425532,-0.6535904255319149,0.0018314624845586,-0.6086988492223979,238.3,254.2,4.333333333333333,0.0126956467622989,0.0022005161247119,0.0013848633637669
2007-10-30,300.799232945829,300.799232945829,292.4700848873283,293.3,311.0,293.3,284.14,275.82000000000005,260.128,248.708,237.1875000000001,False,False,False,False,False,False,True,True,False,True,False,-0.0139788612342312,-0.1193317422434367,,,0.1130992158199796,0.152035458574838,-0.0852369587453119,-0.6505284691442209,0.0018281143616878,-0.6238126314262926,248.3,255.00000000000003,0.295346628679962,0.0116558002214293,-0.0010398465408695,-3.348122870799929e-06
2007-10-31,293.3002535239834,300.7994929520333,291.6404218639084,295.8,222.0,295.8,288.14,280.23,263.228,249.208,237.3540000000001,False,False,False,False,False,False,True,True,False,False,False,-0.0983772819472617,-0.1406355645706559,,,0.1101149425287356,0.1575118323191346,-0.081473968897904,-0.5970250169033131,0.0020063561362396,-0.6243799735931199,251.7,255.00000000000003,0.7138263665594855,0.0117768626437917,0.0001210624223623,0.0001782417745517
2007-11-01,302.46797021141424,302.46797021141424,279.97035259238345,283.3,546.0,283.3,290.8,282.06000000000006,265.32800000000003,249.4413333333333,237.4915000000001,False,False,False,False,False,False,True,True,False,True,False,-0.1027179668196259,-0.1440169431697846,,,0.0634380515354746,0.1195152370867162,-0.0292975644193434,-0.5792446170137664,0.0009354236934801,-0.6167482096007942,251.7,260.8,2.45945945945946,0.0079147319544112,-0.0038621306893805,-0.0010709324427594
2007-11-02,274.9713869524504,289.1399126001457,273.30156071168454,288.3,163.0,288.3,292.3,283.81000000000006,267.16,249.84133333333327,237.72050000000013,False,False,False,False,False,False,True,True,False,True,False,-0.1356226153312522,-0.199445022545959,,,0.0733263961151577,0.1333980807029717,-0.0634755463059313,-0.6038848421782865,0.0016010161115587,-0.6155878933089038,239.2,256.7,0.2985347985347985,0.006857313969157,-0.0010574179852541,0.0006655924180785
2007-11-05,284.1992285802448,295.8604278808242,284.1992285802448,291.7,173.0,291.7,290.48,285.73,269.06000000000006,250.208,237.91650000000013,False,False,False,False,False,False,True,True,False,False,False,-0.1659238944120671,-0.2173465889612615,,,0.0776139869729171,0.1422420294823448,-0.1059307507713403,-0.6229002399725746,0.0014654474144181,-0.6102964336961467,244.2,254.2,1.0613496932515338,0.0070616219430611,0.0002043079739041,-0.0001355686971405
2007-11-06,288.3599128540305,295.0306048345264,285.02956738250856,289.2,195.0,289.2,289.66,286.9,270.896,250.58666666666667,238.1000000000001,False,False,False,False,False,False,True,True,False,True,False,-0.1068464730290455,-0.2161134163208852,,,0.0632918395573996,0.1335177501152604,-0.0636237897648685,-0.6310511756569848,0.0015111205703948,-0.6095503659811782,238.3,260.0,1.1271676300578035,0.0067775087118302,-0.0002841132312309,4.567315597671048e-05
2007-11-07,285.0320620992237,290.8627179660254,265.0298121273484,266.7,263.0,266.7,283.84000000000003,285.9899999999999,271.86400000000003,250.6986666666667,238.13350000000008,False,False,False,False,False,False,True,True,False,True,False,-0.0468691413573303,-0.1781027371578552,,,-0.0193625796775404,0.0599975003124607,-0.0157480314960629,-0.6280464941882264,0.0004467514785347,-0.6144270778698555,236.7,260.0,1.3487179487179488,0.0035606038313274,-0.0032169048805027,-0.00106436909186
2007-11-08,253.35990085375929,258.36049100995393,243.35872054137,254.2,740.0,254.2,278.02000000000004,284.41,272.20000000000005,250.87733333333333,238.12550000000007,False,False,False,False,False,False,True,True,False,True,False,-0.0460267505900863,-0.131392604248623,,,-0.0708103855232103,0.0130710726462103,0.0129819040125885,-0.5869394177812746,0.0007121674337523,-0.6166801448612917,228.3,260.8,2.8136882129277567,0.001234386480529,-0.0023262173507984,0.0002654159552175
2007-11-09,257.5310029297267,261.70150499658865,244.1993980013645,249.2,497.0,249.2,270.2,281.24999999999994,272.168,250.9,238.10500000000005,False,False,False,False,False,False,False,True,False,True,False,-0.073836276083467,-0.0670144462279292,,,-0.0921669341894061,-0.0068218298555377,-0.0469502407704653,-0.5987158908507223,9.034143749175031e-05,-0.6159288888888889,221.7,257.5,0.6716216216216216,-0.000117574439317,-0.0013519609198461,-0.0006218259962605
2007-11-12,240.80030822340032,249.13927999013688,239.97041055356925,243.3,235.0,243.3,260.52,275.5,271.6,250.87733333333333,238.07550000000003,False,False,False,False,False,False,False,False,False,True,False,-0.0616522811344019,-0.0546650226058363,,,-0.1163173037402384,-0.031143992327716,-0.0065762433210029,-0.5856966707768188,-9.034959980447346e-05,-0.6091470054446461,223.3,260.8,0.4728370221327967,-0.0020913107511045,-0.0019737363117874,-0.0001806910372962
2007-11-13,242.47183834630127,258.3,242.47183834630127,258.3,254.0,258.3,254.34,272.00000000000006,271.464,251.16533333333336,238.11300000000003,False,False,False,False,False,False,False,True,False,False,False,-0.1223383662408053,-0.067750677506775,,,-0.0509639953542392,0.0276216285972382,-0.0739450251645374,-0.615950445218738,0.0011466550585538,-0.6053308823529413,219.2,245.8,1.0808510638297872,-0.0005009872395603,0.0015903235115441,0.0012370046583583
2007-11-14,270.8619664004406,270.8619664004406,249.1994098438053,254.2,1003.0,254.2,251.84,267.84000000000003,271.264,251.48800000000003,238.1505,False,False,False,False,False,False,False,True,False,True,False,-0.1376868607395751,-0.0625491738788354,,,-0.0671282454760032,0.0106687647521634,-0.092053501180173,-0.6294256490952007,0.00128303007168,-0.6085349462365592,215.0,225.00000000000003,3.9488188976377954,-0.0007372891353072,-0.0002363018957468,0.0001363750131261
2007-11-15,250.83,250.83,240.00000000000003,242.50000000000003,695.0,242.5,249.5,263.76,270.196,251.532,238.1505,False,False,False,False,False,False,False,True,False,True,False,-0.0894845360824742,-0.0103092783505154,,,-0.1142103092783504,-0.0372453608247421,-0.0618556701030927,-0.6082474226804124,0.0001749280409648,-0.611654534425235,200.8,232.50000000000003,0.6929212362911267,-0.0039526861981671,-0.0032153970628599,-0.0011081020307151
2007-11-16,235.7993501711216,239.96880821383704,228.3003249144392,230.8,332.0,230.8,245.82,258.01,268.92800000000005,251.2653333333333,238.05850000000007,False,False,False,False,False,False,False,False,False,True,False,0.00736568457539,0.0758232235701906,,,-0.1651993067590989,-0.0886712882726745,0.0108318890814558,-0.5667244367417678,-0.0010612950984087,-0.6085035463741716,214.2,229.2,0.4776978417266187,-0.0047150166587338,-0.0007623304605666,-0.0012362231393736
2007-11-19,234.1392326895283,234.1392326895283,224.1405465773223,228.3,238.0,228.3,242.82,251.67,267.56000000000006,250.92,238.02500000000003,False,False,False,False,False,False,False,False,False,True,False,0.0074463425317565,0.1095050372317126,,,-0.1719667104686817,-0.0990801576872535,0.0766535260621988,-0.5729303547963207,-0.0013762686646473,-0.6036078992331226,219.2,245.00000000000003,0.7168674698795181,-0.0051128718792046,-0.0003978552204708,-0.0003149735662386
2007-11-20,221.69933824502576,227.5301098513257,213.35823443772884,226.7,207.0,226.7,236.5,245.42,266.42800000000005,250.54266666666663,238.017,False,False,False,False,False,False,False,False,False,False,False,0.0621967357741509,0.1835024261138069,,,-0.1752448169386858,-0.1051727687104836,0.0511689457432731,-0.58844287604764,-0.0015060641700416,-0.5989731888191672,217.5,248.3,0.8697478991596639,-0.0042488026783971,0.0008640692008074,-0.0001297955053942
2007-11-21,230.0314824109139,233.36193822147192,218.3598850207601,219.2,158.0,219.2,229.50000000000009,240.67,265.128,250.0653333333333,237.99650000000003,False,False,False,False,False,False,False,False,False,True,False,0.0871350364963504,0.239507299270073,,,-0.2095255474452554,-0.14080900243309,0.0456204379562043,-0.593065693430657,-0.0019088344912528,-0.5952133626958076,218.3,238.3,0.7632850241545893,-0.0049032919948103,-0.0006544893164131,-0.0004027703212112
2007-11-22,219.140225512838,226.63920662953404,216.6405651406059,220.8,122.0,220.8,225.16,237.33,263.36,249.532,238.00450000000004,False,False,False,False,False,False,False,False,False,True,False,0.0869565217391305,0.2454710144927535,,,-0.1927536231884058,-0.1301268115942029,0.0643115942028986,-0.615036231884058,-0.0021373344233737,-0.5979437913453841,230.8,241.7,0.7721518987341772,-0.0067132442284324,-0.0018099522336221,-0.0002284999321208
2007-11-26,226.67,232.50000000000003,222.50000000000003,232.50000000000003,86.0,232.5,225.5,235.66,261.828,249.2093333333333,238.1005,False,False,False,False,False,False,False,False,False,False,False,0.0679569892473117,0.161290322580645,,,-0.1261419354838707,-0.0718681003584227,-0.021505376344086,-0.620215053763441,-0.0012947615659125,-0.6000594076211491,242.50000000000003,245.8,0.7049180327868853,-0.0058511694700339,0.0008620747583985,0.0008425728574612
2007-11-27,230.00000000000003,231.67,223.33,230.00000000000003,159.0,230.0,225.84,234.33,260.128,248.88666666666663,238.1795,False,False,False,False,False,False,False,False,False,True,False,0.1013043478260868,0.1339130434782607,,,-0.1309913043478258,-0.0821159420289852,-0.0034782608695653,-0.5834782608695653,-0.0012964401467871,-0.5999231852515683,244.2,238.3,1.848837209302325,-0.0065352441874768,-0.0006840747174429,-1.6785808745660782e-06
2007-11-28,232.4710376614209,249.1389610928871,231.64114105385545,240.8,786.0,240.8,228.66,232.58,258.66,248.6306666666666,238.296,False,False,False,False,False,False,False,False,False,False,False,0.1142026578073089,0.1245847176079734,,,-0.0741694352159468,-0.0325193798449609,-0.0415282392026578,-0.584717607973422,-0.0010296396797392,-0.596568922521283,243.3,248.3,4.943396226415095,-0.0056754040052577,0.0008598401822191,0.0002668004670478
2007-11-29,248.29874124113624,251.6383208156757,234.97041916670165,238.3,682.0,238.3,232.48,230.99000000000007,257.16,248.34133333333327,238.38350000000003,False,False,False,False,False,False,False,False,False,True,False,0.1401594628619386,0.1015526647083507,,,-0.0791439362148552,-0.0421373618687925,-0.07343684431389,-0.580360889634914,-0.0011650631389055,-0.5912810078358371,242.50000000000003,251.7,0.8676844783715013,-0.0058329444703686,-0.0001575404651109,-0.0001354234591663
2007-11-30,238.33,242.50000000000003,234.17,240.00000000000003,380.0,240.0,236.32,230.74,255.96,248.064,238.48350000000005,False,False,False,False,False,False,False,False,False,False,False,0.1458333333333332,0.0729166666666665,,,-0.0664999999999999,-0.0335999999999998,-0.1250000000000001,-0.5616666666666666,-0.0011179910560713,-0.5864176128976337,245.8,251.7,0.5571847507331378,-0.0046882325363338,0.0011447119340347,4.707208283427199e-05
2007-12-03,243.3006040349535,254.9691942173721,243.3006040349535,248.3,557.0,248.3,239.48,232.49,254.66,247.9413333333333,238.6085000000001,False,False,False,False,False,False,False,False,False,True,True,0.0873942811115585,-0.0434957712444622,,,-0.0256141763995166,0.0014444891931805,-0.1812323801852597,-0.5803463552154652,-0.0004947406913464,-0.5877242031915352,250.00000000000003,239.2,1.4657894736842103,-0.0051048456765884,-0.0004166131402545,0.0006232503647248
2007-12-04,251.640196581534,262.46891406465875,249.97039434729405,253.3,346.0,253.3,244.14,234.99,252.76000000000005,247.84133333333327,238.77900000000008,False,False,False,False,True,False,False,False,False,True,False,0.0296091590998815,-0.0457954994078169,,,0.0021318594551913,0.0215502039742074,-0.2234504540071062,-0.6044216344255824,-0.0004034839494085,-0.5909613175028725,257.5,244.2,0.6211849192100538,-0.0075170121854721,-0.0024121665088837,9.12567419379018e-05
2007-12-05,250.80195654604404,268.3,249.14214213841169,268.3,528.0,268.3,249.64,239.15,251.76000000000008,248.14133333333328,239.0370000000001,False,False,False,False,False,False,False,True,False,False,False,0.0093179276928811,-0.1084606783451361,,,0.0616474096161011,0.0751347993539572,-0.2389116660454715,-0.6578456951174059,0.0012089884259508,-0.5987037424210746,261.7,238.3,1.5260115606936415,-0.0039720368605019,0.0035449753249702,0.0016124723753594
2007-12-06,268.3596311701697,277.5306437957816,267.52953951485256,271.7,499.0,271.7,256.32000000000005,244.4,250.79600000000005,248.76399999999995,239.3455000000001,False,False,False,False,False,False,False,True,False,False,False,-0.033860875966139,-0.1505336768494662,,,0.0769377990430619,0.0844166359955835,-0.1965403018034596,-0.6864188443135811,0.0025030417048555,-0.6089607201309328,259.2,236.7,0.9450757575757576,-0.0038437614635003,0.0001282753970016,0.0012940532789046
2007-12-07,269.17,281.67,269.17,275.0,444.0,275.0,263.32000000000005,249.82,250.46400000000008,249.33066666666664,239.7205000000001,False,False,False,False,False,False,False,True,False,False,False,-0.0636363636363636,-0.1727272727272726,,,0.0892218181818178,0.0933430303030303,-0.2516363636363636,-0.6807272727272727,0.0022727515802309,-0.6163237531022336,269.2,228.3,0.8897795591182365,-0.0013255397981345,0.0025182216653658,-0.0002302901246246
2007-12-10,275.0,275.0,266.67,270.0,265.0,270.0,267.66,253.57,249.732,249.8746666666666,239.98700000000008,False,False,True,False,False,False,False,True,False,True,False,-0.1203703703703702,-0.1359259259259259,,,0.0750666666666666,0.0745382716049385,-0.29,-0.6825925925925926,0.0021770914485126,-0.6230232282998778,262.5,221.7,0.5968468468468469,-0.002931142184422,-0.0016056023862875,-9.56601317182314e-05
2007-12-11,267.46923283364646,267.46923283364646,254.1407660161792,260.8,498.0,260.8,269.16,256.65,248.496,250.08533333333327,240.2370000000001,False,False,False,False,False,False,False,True,False,True,False,-0.0732361963190185,-0.0575153374233128,,,0.0471779141104294,0.0410838445807773,-0.2427147239263804,-0.6633435582822086,0.0008423791345887,-0.6306643288525228,262.5,223.3,1.879245283018868,-0.0049739231214988,-0.0020427809370768,-0.0013347123139239
2007-12-12,259.9711996455341,270.8,254.14184543809773,270.8,325.0,270.8,269.66,259.65000000000003,247.76000000000005,250.38533333333325,240.5200000000001,False,False,False,False,False,False,False,True,False,False,False,-0.1166912850812408,-0.1200147710487444,,,0.0850812407680944,0.0753865091088137,-0.2954209748892171,-0.6794682422451994,0.0011981532464627,-0.6400154053533603,255.00000000000003,219.2,0.6526104417670683,-0.0029706167258635,0.0020033063956353,0.0003557741118739
2007-12-13,265.83000000000004,267.5,262.5,262.5,172.0,262.5,267.82,262.07000000000005,247.59200000000004,250.708,240.7910000000001,False,False,False,False,False,False,False,True,False,False,False,-0.1207619047619047,-0.1268571428571429,,,0.0567923809523807,0.0449219047619048,-0.2761904761904762,-0.6723809523809524,0.0012870218208701,-0.6486816499408556,251.7,215.0,0.5292307692307693,-0.0006785356554331,0.0022920810704304,8.886857440745799e-05
2007-12-14,262.5,263.33000000000004,250.83,257.5,84.0,257.5,264.32,263.82000000000005,247.72400000000005,250.91866666666647,240.9075000000001,False,False,False,False,False,False,True,True,False,False,False,-0.1165048543689319,-0.0873786407766989,,,0.0379650485436891,0.0255585760517804,-0.2555339805825243,-0.6730097087378641,0.0008395814845709,-0.6589720263816239,265.0,200.8,0.4883720930232558,0.0005328510761977,0.0012113867316308,-0.0004474403362992
2007-12-17,255.00000000000003,255.00000000000003,237.50000000000003,237.50000000000003,150.0,237.5,257.82,262.73999999999995,247.25600000000009,250.80799999999988,240.9785000000001,False,False,False,False,False,True,False,False,False,True,False,-0.0176842105263158,-0.0421052631578947,,,-0.0410778947368423,-0.0560336842105256,-0.2875789473684212,-0.6555789473684211,-0.0004412405771213,-0.6660957600669863,270.8,214.2,1.7857142857142858,-0.0018927750994918,-0.0024256261756895,-0.0012808220616922
2007-12-18,233.3589647039351,244.20031034054705,227.52824098977945,241.7,171.0,241.7,254.0,261.58,247.19200000000004,250.85333333333324,241.1080000000001,False,False,False,False,False,False,False,True,False,False,False,0.0169631774927597,-0.0517170045510964,,,-0.0227223831195699,-0.0378706385326158,-0.3760860570955729,-0.6586677699627638,0.000180716487722,-0.6713816040981726,272.5,219.2,1.14,-0.000258908055277,0.0016338670442147,0.0006219570648433
2007-12-19,244.2006271689593,245.8608353890538,239.2,239.2,53.0,239.2,247.68,258.67,246.42800000000005,250.7319999999999,241.25400000000013,False,False,False,False,False,False,False,False,False,True,False,-0.0037625418060199,-0.0351170568561872,,,-0.0302173913043481,-0.0482107023411368,-0.3520066889632107,-0.6596989966555183,-0.0004839164260378,-0.671705261530135,277.5,217.5,0.3099415204678362,-0.0031002970441669,-0.0028413889888899,-0.0006646329137598
2007-12-20,237.46913312827624,244.13826625655244,229.14021574318764,230.8,157.0,230.8,241.34,254.58,245.49200000000005,250.45333333333323,241.3580000000001,False,False,False,False,False,False,False,False,False,True,False,-0.0069324090121318,-0.0433275563258232,,,-0.0636568457538996,-0.0851530906990174,-0.3717504332755633,-0.6425476603119584,-0.0011126490630324,-0.667491554717574,275.8,218.3,2.962264150943396,-0.0038127515356916,-0.0007124544915246,-0.0006287326369945
2007-12-21,227.50000000000003,236.67,222.50000000000003,227.50000000000003,497.0,227.5,235.34,249.83,244.892,250.13066666666657,241.4330000000001,False,False,False,False,False,False,False,False,False,False,False,0.0329670329670329,-0.076923076923077,,,-0.0764483516483515,-0.0994754578754573,-0.3626373626373627,-0.6351648351648352,-0.0012899924306229,-0.663090901813233,270.0,230.8,3.165605095541401,-0.0024500596181175,0.001362691917574,-0.0001773433675904
2007-12-25,234.1398919984572,237.4694638494836,229.9704281489736,233.3,121.0,233.3,234.5,246.16000000000005,244.992,250.052,241.49950000000013,False,False,False,False,False,False,True,False,False,False,False,-0.024860694384912,-0.1285897985426489,,,-0.0501157308186882,-0.0718045435062149,-0.4072010287183883,-0.6236605229318474,-0.0003146012296106,-0.6572148196295093,280.8,242.50000000000003,0.2434607645875251,0.0004081765935213,0.0028582362116389,0.0009753912010122
2007-12-26,237.47101655615668,251.6392873123704,234.97132164503927,245.8,146.0,245.8,235.32,244.66000000000005,245.692,250.07333333333324,241.5575000000001,False,False,False,True,True,False,True,True,True,False,False,-0.0675345809601302,-0.1997558991049634,,,0.0004393816110659,-0.0173854081909407,-0.4475183075671277,-0.6501220504475184,8.530830956229166e-05,-0.6558489332134391,300.8,244.2,1.206611570247934,0.0028490956156489,0.0024409190221275,0.0003999095391729
2007-12-27,246.6389501951076,247.468845718122,238.3,238.3,117.0,238.3,235.14,241.41000000000005,246.15600000000003,250.07333333333324,241.52400000000017,False,False,False,False,False,False,True,False,False,True,False,-0.0314729332773814,-0.1430969366344944,,,-0.0329668485102812,-0.0494055112603156,-0.4578262694083089,-0.6273604699958035,0.0,-0.6503873078994242,293.3,243.3,0.8013698630136986,0.0018849835063944,-0.0009641121092545,-8.530830956229166e-05
2007-12-28,234.200654535934,235.03076318889907,229.2,229.2,75.0,229.2,234.82,238.08,246.556,249.97333333333327,241.47400000000013,False,False,False,False,False,False,True,False,False,True,False,-0.0366492146596857,-0.0475567190226875,,,-0.0757242582897034,-0.0906340895869689,-0.5453752181500873,-0.6282722513089005,-0.0004000426712181,-0.6458333333333334,295.8,242.50000000000003,0.6410256410256411,0.0016223494865262,-0.0002626340198681,-0.0004000426712181
2008-01-04,233.33,235.00000000000003,221.67,235.00000000000003,83.0,235.0,236.32,235.83,247.124,250.0626666666666,241.3530000000001,False,False,False,False,False,False,True,True,False,False,False,-0.1063829787234043,-0.1242553191489362,,,-0.0515914893617019,-0.0640964539007087,-0.6136170212765959,-0.641276595744681,0.0003572437842246,-0.6424119068820761,283.3,245.8,1.106666666666667,0.002298441268351,0.0006760917818247,0.0007572864554428
2008-01-07,234.17,234.17,224.17,227.50000000000003,93.0,227.5,235.16,234.83,246.924,250.14,241.21550000000013,False,False,False,False,False,False,False,True,False,True,False,-0.1063736263736264,-0.1573626373626375,,,-0.0853802197802196,-0.0995164835164833,-0.541978021978022,-0.6347252747252748,0.0003091602036195,-0.6403355618958395,288.3,250.00000000000003,1.120481927710843,-0.0008099658194423,-0.0031084070877934,-4.808358060510884e-05
2008-01-08,230.03010865296503,233.3605445738971,226.69967273203287,229.2,116.0,229.2,231.84,233.58,246.892,250.21866666666665,241.1655000000001,False,False,False,False,False,False,False,True,False,False,False,-0.1417975567190227,-0.138307155322862,,,-0.0771902268760907,-0.0917044793484583,-0.6182373472949388,-0.6365619546247818,0.0003143916787449,-0.6380683277677884,291.7,257.5,1.2473118279569892,-0.0001296113280301,0.0006803544914122,5.231475125406972e-06
2008-01-09,229.97010787159385,232.46978295715465,220.8012996577568,230.8,292.0,230.8,230.34,232.74,246.49200000000005,250.37333333333328,241.09450000000007,False,False,False,False,False,False,False,True,False,True,False,-0.1152512998266898,-0.1733102253032928,,,-0.0679896013864819,-0.084806470248411,-0.5667244367417678,-0.6425476603119584,0.0006177441687079,-0.6362894216722523,289.2,261.7,2.5172413793103448,-0.0016227707187249,-0.0014931593906948,0.0003033524899629
2008-01-10,232.4684146175792,232.4684146175792,220.8,220.8,212.0,220.8,228.66,231.74000000000007,245.792,250.45066666666665,241.02350000000013,False,False,False,False,False,False,False,True,False,True,False,-0.0113224637681159,-0.1394927536231884,,,-0.1131884057971014,-0.1342874396135264,-0.4714673913043478,-0.6014492753623188,0.0003087767118475,-0.6323465953223442,266.7,259.2,0.726027397260274,-0.002847936466606,-0.0012251657478811,-0.0003089674568603
2008-01-11,217.5,224.17,200.83,210.0,366.0,210.0,223.66,229.99,244.592,250.5733333333333,240.9320000000002,False,False,False,False,False,False,False,True,False,True,False,-0.0199999999999999,-0.0871428571428572,,,-0.1647238095238095,-0.193206349206349,-0.4404761904761904,-0.5414285714285715,0.000489543979141,-0.6237662507065524,254.2,269.2,1.7264150943396226,-0.0049061293909857,-0.0020581929243796,0.0001807672672934
2008-01-15,216.63803177101263,222.4671715929769,203.3,203.3,381.0,203.3,218.82,226.99,242.792,250.428,240.7320000000002,False,False,False,False,False,False,False,False,False,True,False,-0.0570585341859322,-0.1677324151500246,,,-0.194254795868175,-0.2318150516478108,-0.4589276930644368,-0.5391047712739794,-0.00058033979161,-0.6161945460152429,249.2,262.5,1.040983606557377,-0.007413753336189,-0.0025076239452032,-0.0010698837707511
2008-01-16,195.8598718665785,208.36177861392176,195.02974525855493,196.7,162.0,196.7,212.32,222.08,240.528,250.128,240.49050000000017,False,False,False,False,False,False,False,False,False,True,False,0.0040671072699543,-0.2333502796136247,,,-0.2228164717844433,-0.2716217590238941,-0.4702592780884595,-0.4829689883070665,-0.0011993859144118,-0.600639409221902,243.3,262.5,0.4251968503937008,-0.0094126255571077,-0.0019988722209186,-0.0006190461228017
2008-01-17,198.3591418915609,204.2,194.1985306362345,204.2,122.0,204.2,207.0,218.67,237.96400000000003,249.95066666666665,240.31550000000016,False,False,False,False,False,False,False,False,False,True,False,-0.0656219392752202,-0.2409402546523016,,,-0.1653476983349659,-0.2240483186418543,-0.4980411361410382,-0.4774730656219392,-0.0007094733360715,-0.5862258197283579,258.3,255.00000000000003,0.7530864197530864,-0.0107747390361565,-0.0013621134790488,0.0004899125783403
2008-01-18,198.3027481335593,220.79965648330509,195.8030916502542,218.3,210.0,218.3,206.5,217.58,235.82800000000003,249.95066666666656,240.1985000000002,False,False,False,False,False,False,False,False,False,False,False,-0.1296381126889602,-0.3357764544205222,,,-0.0802931745304627,-0.1449870209192237,-0.4539624370132845,-0.527256069628951,-3.4112782905644873e-16,-0.5758801360419156,254.2,251.7,1.721311475409836,-0.0090574486490153,0.0017172903871412,0.0007094733360712
2008-01-21,204.970120973619,213.2989068648885,202.4704853519895,205.8,193.0,205.8,205.66,214.66,233.06000000000003,249.6173333333332,240.0440000000002,False,False,False,False,False,False,False,False,False,True,False,-0.0685131195335278,-0.2954324586977648,,,-0.1324586977648203,-0.2129122125040485,-0.4207968901846453,-0.5053449951409136,-0.0013353773509319,-0.5619584459144694,242.50000000000003,265.0,0.919047619047619,-0.01187676993049,-0.0028193212814746,-0.0013353773509316
2008-01-22,195.86065111911097,199.201173892628,191.7,191.7,183.0,191.7,203.34,211.08,229.92800000000005,248.9399999999999,239.8235000000002,False,False,False,False,False,False,False,False,False,True,False,-0.1173708920187793,-0.2785602503912362,,,-0.1994157537819513,-0.2985915492957742,-0.4042775169535732,-0.4694835680751173,-0.0027208698213757,-0.5457172635967406,230.8,270.8,0.9481865284974094,-0.0136216554747572,-0.0017448855442672,-0.0013854924704437
2008-01-23,198.33,205.0,191.67,197.5,278.0,197.5,203.5,207.91000000000005,227.396,248.31733333333327,239.6360000000002,False,False,False,False,False,False,False,False,False,False,False,-0.2364556962025316,-0.3124050632911392,,,-0.1513721518987341,-0.2573029535864976,-0.4430379746835443,-0.4860759493670886,-0.0025075441102244,-0.5300370352556396,228.3,272.5,1.5191256830601092,-0.0111347605059018,0.0024868949688553,0.0002133257111512
2008-01-24,196.63908190536085,199.9685584027669,187.47052350259395,190.8,449.0,190.8,200.82,203.91,224.19600000000003,247.61733333333328,239.3650000000002,False,False,False,False,False,False,False,False,False,True,False,-0.1876310272536688,-0.3228511530398323,,,-0.1750314465408805,-0.2977847658979731,-0.440775681341719,-0.5115303983228512,-0.0028269426480644,-0.5155705948702859,226.7,277.5,1.6151079136690647,-0.0142732252136521,-0.0031384647077502,-0.0003193985378399
2008-01-25,191.67,195.83,188.33,190.0,261.0,190.0,195.16,200.83,221.296,246.9173333333333,239.15250000000023,False,False,False,False,False,False,False,False,False,False,False,-0.2368421052631578,-0.451578947368421,,,-0.1647157894736841,-0.2995649122807015,-0.4778947368421052,-0.5421052631578948,-0.0028349569086549,-0.5086391475377184,219.2,275.8,0.5812917594654788,-0.0131046200563952,0.0011686051572569,-8.014260590501632e-06
2008-01-28,190.0297386132415,198.3610424166536,190.0297386132415,191.7,278.0,191.7,192.34,199.0,218.664,246.196,238.9820000000002,False,False,False,False,False,False,False,False,False,False,False,-0.2436098069900886,-0.5263432446531038,,,-0.1406572769953051,-0.2842775169535733,-0.4522691705790297,-0.5565988523735003,-0.0029299149187366,-0.5097989949748744,220.8,270.0,1.0651340996168583,-0.0120367321552702,0.0010678879011249,-9.49580100817189e-05
2008-01-29,192.5341372583792,194.2044334101791,162.5288171661642,169.2,1554.0,169.2,187.84,195.59,215.932,245.11866666666663,238.68200000000016,False,False,False,False,False,False,False,False,False,True,False,-0.1826241134751771,-0.384160756501182,,,-0.276193853427896,-0.4486918833727343,-0.408983451536643,-0.4958628841607564,-0.0043951501041673,-0.5055473183700598,232.50000000000003,280.8,5.589928057553957,-0.0126521312264972,-0.000615399071227,-0.0014652351854307
2008-01-30,166.63684943313666,166.63684943313666,148.300497248558,150.8,1079.0,150.8,178.5,191.0,212.296,243.6959999999999,238.29000000000013,False,False,False,False,False,False,False,False,False,True,False,-0.0994694960212201,-0.4197612732095491,,,-0.4077984084880635,-0.6160212201591505,-0.3315649867374006,-0.4476127320954908,-0.005837874510319,-0.5032984293193717,230.00000000000003,300.8,0.6943371943371943,-0.017127030184271,-0.0044748989577737,-0.0014427244061516
2008-01-31,148.33,160.83,148.33,155.0,639.0,155.0,171.34,186.08,208.92800000000005,242.27333333333328,237.97350000000017,False,False,False,False,False,False,False,False,False,False,False,-0.1664516129032258,-0.3548387096774194,,,-0.3479225806451616,-0.5630537634408599,-0.36,-0.4341935483870967,-0.0058721554167467,-0.5003761822871884,240.8,293.3,0.5922150139017609,-0.0161203859702861,0.0010066442139848,-3.428090642770571e-05
2008-02-01,152.5,157.5,140.0,145.0,604.0,145.0,162.34,178.75,205.496,240.7506666666666,237.6235000000001,False,False,False,False,False,False,False,False,False,True,False,-0.2813793103448275,-0.1951724137931034,,,-0.4172137931034483,-0.6603494252873559,-0.3503448275862069,-0.3910344827586207,-0.0063246623062311,-0.4882237762237762,238.3,295.8,0.945226917057903,-0.0167010550083702,-0.000580669038084,-0.0004525068894843
2008-02-04,150.0,150.0,141.67000000000002,145.0,386.0,145.0,153.0,172.67000000000002,202.19600000000003,239.0946666666666,237.26500000000016,False,False,False,False,False,False,False,False,False,False,False,-0.3737931034482759,-0.1896551724137931,,,-0.3944551724137933,-0.6489287356321835,-0.3448275862068966,-0.3979310344827586,-0.0069261268897675,-0.4786007992123705,240.00000000000003,283.3,0.6390728476821192,-0.0163207976418919,0.0003802573664782,-0.0006014645835364
2008-02-05,142.46909564085882,144.13873346345696,135.80054218173933,138.3,456.0,138.3,146.82,167.32999999999998,198.396,237.4386666666666,236.8605000000001,False,False,False,False,False,False,False,False,False,True,False,-0.2465654374548084,-0.2046276211135214,,,-0.4345336225596527,-0.716837792239093,-0.2769342010122921,-0.361532899493854,-0.0069744326956014,-0.4699695213052053,248.3,288.3,1.1813471502590671,-0.0191536119679834,-0.0028328143260914,-4.8305805833879015e-05
2008-02-06,128.3016564823677,137.4696311565928,127.4718397997497,135.8,534.0,135.8,143.82,161.16,193.996,235.74933333333323,236.39350000000013,False,False,False,False,False,False,False,False,False,True,False,-0.3556701030927836,-0.2326951399116348,,,-0.428541973490427,-0.7360039273441326,-0.2820324005891017,-0.3519882179675995,-0.0071658032260255,-0.458054107719037,253.3,291.7,1.1710526315789471,-0.0226808800181445,-0.0035272680501611,-0.0001913705304241
2008-02-07,134.20116126035455,135.03135402957344,127.52961213904156,129.2,275.0,129.2,138.66,155.0,189.632,234.07199999999992,235.9230000000001,False,False,False,False,False,False,False,False,False,True,False,-0.2260061919504643,-0.2066563467492259,,,-0.4677399380804955,-0.8117027863777085,-0.2778637770897832,-0.2546439628482971,-0.0071658862800049,-0.4345161290322581,268.3,289.2,0.5149812734082397,-0.0230129935875801,-0.0003321135694355,-8.305397938487835e-08
2008-02-08,126.70647979264665,127.5367188249976,104.2,104.2,1631.0,104.2,130.5,146.42000000000002,184.632,232.1053333333333,235.36500000000007,False,False,False,False,False,False,False,False,False,True,False,0.1199616122840691,0.1439539347408829,,,-0.7719001919385796,-1.227498400511836,-0.1439539347408829,-0.1190019193857966,-0.008473164482792,-0.3981013522742797,271.7,266.7,5.930909090909091,-0.0270808960526885,-0.0040679024651084,-0.0013072782027871
2008-02-12,97.46779698337554,97.46779698337554,89.14054827700099,90.8,2690.0,90.8,119.66,136.32999999999998,178.86399999999998,229.7826666666666,234.74400000000009,False,False,False,False,False,False,False,False,False,True,False,0.2940528634361234,0.3127753303964758,,,-0.9698678414096914,-1.530646108663729,-0.0638766519823788,0.0991189427312775,-0.0101081021486972,-0.3426978654734834,275.0,254.2,1.6492949110974862,-0.0322479649342518,-0.0051670688815632,-0.0016349376659052
2008-02-13,99.19856004607853,106.70071997696074,95.85759815685898,104.2,4071.0,104.2,112.84,129.82999999999998,173.93200000000002,227.56133333333327,234.19850000000005,False,False,False,False,False,False,False,False,False,False,False,0.055662188099808,0.0959692898272552,,,-0.6692130518234166,-1.1838899552143307,-0.1525911708253359,-0.0959692898272552,-0.0097614709001528,-0.3029346067934991,270.0,249.2,1.5133828996282528,-0.0283559092058963,0.0038920557283555,0.0003466312485443
2008-02-14,90.83,99.17,87.5,87.5,4796.0,87.5,103.18,123.5,168.264,225.0946666666666,233.59450000000007,False,False,False,False,False,False,False,False,False,True,False,0.1908571428571429,0.2571428571428571,,,-0.923017142857143,-1.5725104761904751,0.0948571428571428,0.0651428571428571,-0.0109583523376831,-0.2591902834008097,260.8,243.3,1.1780889216408743,-0.0336851614130176,-0.0053292522071213,-0.0011968814375302
2008-02-15,90.83,102.5,86.67,100.0,4333.0,100.0,97.34,118.0,163.03199999999998,222.728,233.07350000000008,False,False,False,False,False,False,False,False,False,False,False,0.025,0.067,,,-0.6303199999999998,-1.22728,0.0,-0.04,-0.0106258156435948,-0.2176271186440678,270.8,258.3,0.9034612176814012,-0.0320918592668925,0.0015933021461251,0.0003325366940882
2008-02-18,111.69871432244794,116.7,107.52764206736953,116.7,3077.0,116.7,99.84,115.17,158.868,220.60666666666663,232.6735000000001,False,False,False,False,False,False,False,False,False,False,False,0.0214224507283633,-0.1499571550985432,,,-0.3613367609254498,-0.8903741788060551,-0.143101970865467,-0.1988003427592116,-0.0096159076486055,-0.1938872970391595,262.5,254.2,0.7101315485806601,-0.0262104388548983,0.0058814204119942,0.0010099079949892
2008-02-19,123.33,130.0,112.5,117.5,4602.0,117.5,105.18,112.42,155.168,218.57333333333327,232.24000000000007,False,False,False,False,False,False,False,False,False,False,False,0.014468085106383,-0.1063829787234042,,,-0.3205787234042553,-0.8601985815602832,-0.1046808510638297,-0.236595744680851,-0.0093027511742818,-0.1720334460060487,257.5,242.50000000000003,1.495612609684758,-0.0238451227057124,0.0023653161491858,0.0003131564743237
2008-02-20,117.5,121.67,108.33,110.0,1487.0,110.0,106.34,109.59,151.436,216.296,231.77350000000013,False,False,False,False,False,False,False,False,False,True,False,0.0381818181818182,-0.0909090909090909,,,-0.3766909090909091,-0.9663272727272728,-0.0527272727272727,-0.1590909090909091,-0.0105287815462758,-0.1468199653253034,237.50000000000003,230.8,0.3231203824424163,-0.0246440740642911,-0.0007989513585787,-0.0012260303719939
2008-02-21,110.8619180186234,115.86335797254488,104.2,104.2,1201.0,104.2,109.68,106.43,147.736,213.6746666666667,231.2985000000001,False,False,False,False,False,False,False,False,False,True,False,0.055662188099808,-0.0326295585412668,,,-0.4178119001919384,-1.05062060140755,-0.0383877159309021,-0.0998080614203455,-0.0122678714057506,-0.1160387108897867,241.7,228.3,0.8076664425016813,-0.0250446742838578,-0.0004006002195666,-0.0017390898594748
2008-02-22,104.17,108.33,100.0,102.5,1066.0,102.5,110.18,103.76,143.668,211.1306666666667,230.7860000000001,False,False,False,False,False,False,False,False,False,True,False,0.0409756097560975,-0.0321951219512194,,,-0.4016390243902439,-1.0598113821138215,-0.104390243902439,-0.0780487804878048,-0.0120494101599008,-0.0950269853508095,239.2,226.7,0.88759367194005,-0.0283152824567752,-0.0032706081729174,0.0002184612458497
2008-02-25,115.85915918435848,119.2,114.19874129394982,119.2,2133.0,119.2,110.68,105.26000000000002,139.70399999999998,208.77600000000004,230.36550000000005,False,False,False,False,False,False,False,False,False,True,True,-0.1677852348993288,-0.209731543624161,,,-0.1720134228187917,-0.7514765100671144,-0.285234899328859,-0.2265100671140939,-0.0112784355800794,-0.107543226296789,230.8,219.2,2.00093808630394,-0.0283742770428908,-5.899458611565225e-05,0.0007709745798214
2008-02-26,129.20251741210035,135.03398506335486,116.69937064697493,119.2,8983.0,119.2,111.02,108.1,136.23999999999995,206.588,229.94050000000007,False,False,False,False,False,False,False,False,False,False,False,-0.1191275167785235,-0.2030201342281879,,,-0.1429530201342277,-0.7331208053691274,-0.2634228187919463,-0.261744966442953,-0.0105911282359093,-0.1419056429232191,227.50000000000003,220.8,4.211439287388655,-0.0254257193188492,0.0029485577240415,0.0006873073441701
2008-02-27,120.86175002189717,122.53218884120172,114.2,114.2,2106.0,114.2,111.86,109.10000000000002,133.13999999999996,204.26666666666668,229.44900000000004,False,False,False,False,False,False,False,False,False,False,False,-0.1243432574430823,-0.1243432574430823,,,-0.1658493870402798,-0.7886748394629306,-0.2495621716287215,-0.2005253940455341,-0.0113642297650129,-0.1524289642529791,233.3,232.50000000000003,0.2344428364688856,-0.0232837614541084,0.0021419578647408,-0.0007731015291035
2008-02-28,114.17,115.83,109.17,110.0,1883.0,110.0,113.01999999999998,111.35,129.63999999999996,201.84400000000005,228.97000000000003,False,False,False,False,False,False,False,False,False,True,False,-0.0836363636363636,-0.1136363636363636,,,-0.1785454545454541,-0.834945454545455,-0.2018181818181818,-0.1790909090909091,-0.012002668727664,-0.1721598563089356,245.8,230.00000000000003,0.8941120607787274,-0.0269978401727861,-0.0037140787186777,-0.0006384389626511
2008-02-29,109.20070310302803,109.20070310302803,103.35906065435456,106.7,2452.0,106.7,113.86,112.02,126.27599999999995,199.4106666666668,228.466,False,False,False,False,False,False,False,False,False,False,False,-0.0702905342080599,-0.1255857544517339,,,-0.1834676663542638,-0.8688909715713848,-0.1865042174320525,-0.1705716963448922,-0.0122026237312611,-0.1838064631315835,238.3,240.8,1.302177376526819,-0.0266400582850264,0.0003577818877596,-0.000199955003597
2008-03-03,101.70075627709994,101.70075627709994,94.19848744580015,99.2,2175.0,99.2,109.86,110.27,122.64399999999996,197.17733333333345,227.9495,False,False,False,False,False,False,False,False,False,True,False,-0.0504032258064516,-0.1008064516129032,,,-0.2363306451612899,-0.9876747311827968,-0.1330645161290322,-0.1048387096774194,-0.0113265216421088,-0.1751156252833953,229.2,238.3,0.8870309951060359,-0.0296141678353608,-0.0029741095503343,0.0008761020891522
2008-03-04,100.0,106.67,100.0,105.0,1994.0,105.0,107.01999999999998,109.02000000000002,119.17599999999996,195.18800000000007,227.487,False,False,False,False,False,False,False,False,False,False,False,-0.0952380952380952,-0.1904761904761904,,,-0.1350095238095234,-0.858933333333334,-0.198095238095238,-0.1428571428571428,-0.0101918833808091,-0.165382498624106,235.00000000000003,240.00000000000003,0.9167816091954024,-0.0290998187554541,0.0005143490799066,0.0011346382612997
2008-03-05,103.33,103.33,98.33,100.0,743.0,100.0,104.18,108.02,116.40799999999996,193.19866666666675,227.0495,False,False,False,False,False,False,False,False,False,False,False,0.0,-0.117,,,-0.1640799999999996,-0.9319866666666676,-0.182,-0.1129999999999999,-0.0102968274453239,-0.1611738566932049,227.50000000000003,248.3,0.372617853560682,-0.0237784344718576,0.0053213842835965,-0.0001049440645147
2008-03-06,102.4695031240702,103.2992561737578,97.4709907765546,100.8,553.0,100.8,102.34,107.68,114.408,191.29866666666675,226.44950000000009,False,False,False,False,False,False,False,False,False,False,False,-0.0327380952380952,-0.0496031746031746,,,-0.135,-0.8978042328042336,-0.181547619047619,-0.1269841269841269,-0.009932113135481,-0.1639115898959881,229.2,253.3,0.7442799461641992,-0.0174812950143342,0.0062971394575233,0.0003647143098428
2008-03-07,97.52949480689726,100.86050216799435,96.69924372290008,99.2,450.0,99.2,100.84,107.35,112.176,189.1773333333334,225.9205,False,False,False,False,False,False,False,False,False,True,False,-0.0594758064516129,0.0080645161290322,,,-0.1308064516129032,-0.9070295698924736,-0.1794354838709677,-0.1330645161290322,-0.0112134646152112,-0.1692594317652537,230.8,268.3,0.8137432188065099,-0.0198973042362002,-0.0024160092218659,-0.0012813514797302
2008-03-10,92.52946798343422,100.03185727938836,88.35813953488372,94.2,938.0,94.2,99.84,104.85,110.14399999999998,187.0440000000001,225.358,False,False,False,False,False,False,False,False,False,False,False,-0.0530785562632696,0.0615711252653927,,,-0.1692569002123139,-0.9856050955414022,-0.1242038216560509,-0.0955414012738853,-0.0114055159926717,-0.1561278016213636,220.8,271.7,2.0844444444444443,-0.0184485764090647,0.0014487278271355,-0.0001920513774605
2008-03-11,89.17,96.67,89.17,95.0,587.0,95.0,97.84,102.43,108.144,185.07733333333343,224.812,False,False,False,False,False,False,False,False,False,True,False,-0.1052631578947368,0.1073684210526316,,,-0.1383578947368421,-0.948182456140352,-0.1263157894736842,-0.1231578947368421,-0.0106261886922943,-0.1407790686322366,210.0,275.0,0.6257995735607675,-0.0184938600384669,-4.528362940223879e-05,0.0007793273003773
2008-03-12,103.33,108.33,96.67,100.0,1116.0,100.0,97.84,101.01,106.612,183.33333333333343,224.312,False,False,False,False,False,False,False,False,False,False,False,-0.117,0.042,,,-0.0661199999999999,-0.8333333333333343,-0.122,-0.167,-0.0095127272727272,-0.1366201366201367,203.3,270.0,1.901192504258944,-0.0143698645555848,0.0041239954828821,0.0011134614195671
2008-03-13,98.33,98.33,94.17,97.5,308.0,97.5,97.18,99.76,105.08,181.58933333333343,223.741,False,False,False,False,False,False,False,False,False,True,False,-0.0174358974358974,0.0276923076923077,,,-0.0777435897435897,-0.8624547008547019,-0.1179487179487179,-0.1435897435897435,-0.0096040883458646,-0.1326182838813152,196.7,260.8,0.2759856630824372,-0.0145793681004948,-0.0002095035449099,-9.136107313738838e-05
2008-03-14,97.46865959498554,98.29839279974284,93.3,93.3,177.0,93.3,96.0,98.42,103.644,179.81066666666672,223.0949999999999,False,False,False,False,False,False,False,False,False,False,False,0.0718113612004287,-0.0160771704180064,,,-0.1108681672025724,-0.927231153983566,-0.0482315112540192,-0.1243301178992496,-0.009891886280384,-0.1277179435074172,204.2,270.8,0.5746753246753247,-0.0138551194473388,0.0007242486531559,-0.0002877979345193
2008-03-17,88.35971739374229,89.2,83.35803521363687,89.2,473.0,89.2,95.0,97.42,103.044,178.07733333333343,222.4534999999999,False,False,False,False,False,False,False,False,False,False,False,0.1210762331838564,-0.0448430493273542,,,-0.155201793721973,-0.9963826606875944,-0.0448430493273542,-0.0728699551569506,-0.009733598885877,-0.1250256620817081,218.3,262.5,2.672316384180791,-0.0058227553278212,0.0080323641195176,0.0001582873945069
2008-03-18,87.5,87.5,84.17,85.0,247.0,85.0,93.0,95.42,102.812,176.26666666666677,221.7744999999999,False,False,False,False,False,False,False,False,False,False,False,0.2376470588235294,0.0329411764705882,,,-0.2095529411764705,-1.0737254901960795,-0.008235294117647,-0.0388235294117646,-0.0102723146747352,-0.1153846153846153,205.8,257.5,0.5221987315010571,-0.0022565459284908,0.0035662093993303,-0.0005387157888581
2008-03-19,88.3,89.96943280878523,86.64056379486018,88.3,395.0,88.3,90.66,94.25,102.17600000000002,174.34400000000008,221.0494999999999,False,False,False,False,False,False,False,False,False,True,False,0.1800679501698755,-0.0294450736126839,,,-0.1571460928652323,-0.9744507361268412,-0.058890147225368,-0.1200453001132502,-0.0110280059346274,-0.116074270557029,191.7,237.50000000000003,1.5991902834008098,-0.0062245537112431,-0.0039680077827523,-0.0007556912598922
2008-03-21,88.3023479077533,97.46947719920692,87.47260774287801,95.8,498.0,95.8,90.32,93.75,102.50800000000002,172.55466666666675,220.362,False,False,False,False,False,False,True,False,True,False,False,0.0459290187891441,-0.0835073068893528,,,-0.0700208768267226,-0.8011969380654149,-0.1304801670146138,-0.2400835073068893,-0.0103696606292884,-0.1275733333333332,197.5,241.7,1.260759493670886,0.0032387716080696,0.0094633253193128,0.0006583453053389
2008-03-24,96.67,102.5,93.33,100.0,499.0,100.0,91.66,93.83,102.508,170.67733333333342,219.72449999999992,False,False,False,False,False,False,False,False,False,True,False,-0.082,-0.132,,,-0.0250799999999999,-0.7067733333333343,-0.175,-0.317,-0.010999312542966,-0.1471810721517638,190.8,239.2,1.002008032128514,-2.772633299879425e-16,-0.0032387716080699,-0.0006296519136775
2008-03-25,101.67,101.67,99.17,100.0,485.0,100.0,93.82,94.41,101.84000000000002,168.8333333333334,219.058,False,False,False,False,False,False,False,False,False,True,True,-0.1479999999999999,-0.14,,,-0.0184000000000001,-0.688333333333334,-0.12,-0.352,-0.0109220138203357,-0.1740281749814639,190.0,230.8,0.9719438877755512,-0.0065593087195598,-0.0065593087195595,7.729872263024726e-05
2008-03-26,100.85876200437389,105.86018826661596,100.5286678710659,105.2,752.0,105.2,97.86,95.43,101.348,167.03600000000006,218.4629999999999,False,False,False,False,True,False,False,False,False,False,False,-0.1653992395437263,-0.1996197718631178,,,0.036615969581749,-0.5877946768060842,-0.0846007604562738,-0.4077946768060836,-0.0107601554954221,-0.204862202661637,191.7,227.50000000000003,1.5505154639175258,-0.0048545605241348,0.001704748195425,0.0001618583249135
2008-03-27,103.02966305078236,105.53038302774311,101.0290870692138,104.2,572.0,104.2,101.04,95.85,101.116,165.11466666666675,217.8424999999999,False,False,False,False,False,False,False,False,False,False,False,-0.1775431861804222,-0.2149712092130518,,,0.0295969289827255,-0.5845937300063987,-0.100767754318618,-0.4568138195777351,-0.0116363577634934,-0.2362023995826813,169.2,233.3,0.7606382978723404,-0.0022943945567467,0.0025601659673881,-0.0008762022680713
2008-03-28,103.36094639113507,104.53129679544774,98.35944893680744,100.2,357.0,100.2,101.92,96.12000000000002,100.956,163.07333333333344,217.24349999999987,False,False,False,False,False,False,False,False,False,False,False,-0.12375249500998,-0.1766467065868263,,,-0.0075449101796407,-0.627478376580174,0.0149700598802395,-0.4291417165668663,-0.0125178856138341,-0.2657095297544736,150.8,245.8,0.6241258741258742,-0.0015848488450413,0.0007095457117053,-0.0008815278503406
2008-03-31,97.63809212675596,99.13760209081998,91.8,91.8,601.0,91.8,100.28,95.97,100.528,160.72000000000008,216.5149999999999,False,False,False,False,False,False,False,False,False,True,False,-0.0544662309368191,-0.1132897603485837,,,-0.0950762527233116,-0.7507625272331164,0.1623093681917212,-0.3627450980392155,-0.0146424423427908,-0.2887360633531309,155.0,238.3,1.6834733893557423,-0.0042575202928537,-0.0026726714478123,-0.0021245567289567
2008-04-01,87.70088059175767,88.03099682986968,83.52941176470588,85.2,792.0,85.2,97.32,95.57000000000002,99.16799999999998,158.23333333333346,215.78249999999983,False,False,False,False,False,False,False,False,False,True,False,0.0093896713615023,-0.0316901408450704,,,-0.1639436619718307,-0.8571987480438199,0.2112676056338028,-0.3169014084507042,-0.0157151885401303,-0.3113947891597781,145.0,229.2,1.3178036605657235,-0.0137141013230077,-0.009456581030154,-0.0010727461973394
2008-04-02,88.4697711488102,88.4697711488102,86.6403962199704,87.8,360.0,87.8,93.84,95.85,97.912,155.73733333333342,215.0754999999999,False,False,False,False,False,False,False,False,False,False,True,-0.0410022779043279,-0.0546697038724373,,,-0.1151708428246014,-0.7737737281700846,0.1594533029612756,-0.3701594533029613,-0.0160269856082465,-0.3409494001043296,145.0,235.00000000000003,0.4545454545454545,-0.0128278454122065,0.0008862559108011,-0.0003117970681162
2008-04-03,88.53099101202288,88.53099101202288,85.02976537877905,85.7,346.0,85.7,90.14,95.59,96.772,153.2800000000001,214.3624999999999,False,False,False,False,False,False,False,False,False,False,False,-0.0455075845974329,0.0245040840140022,,,-0.1291948658109685,-0.7885647607934665,0.1866977829638273,-0.2963827304550759,-0.0160316631871955,-0.3573595564389581,138.3,227.50000000000003,0.9611111111111112,-0.0117802670193857,0.0010475783928208,-4.6775789489736375e-06
2008-04-04,85.6407377889104,87.9699419332802,85.1409085733804,87.8,263.0,87.8,87.66,94.79,95.884,150.9733333333334,213.6849999999999,False,False,False,False,False,False,False,False,False,False,False,-0.0603644646924828,-0.0205011389521639,,,-0.0920728929384966,-0.7195140470766901,0.1560364464692483,-0.2608200455580864,-0.0152786364037801,-0.3602700706825615,135.8,229.2,0.7601156069364162,-0.0092611906053148,0.0025190764140709,0.0007530267834154
2008-04-07,86.64005528043303,87.29982724864678,85.97028676724634,86.8,237.0,86.8,86.66,93.47,95.088,148.52000000000004,213.0229999999999,False,False,False,False,False,False,False,False,False,False,False,-0.0622119815668201,0.0230414746543778,,,-0.0954838709677419,-0.7110599078341019,0.0737327188940092,-0.2315668202764976,-0.0165185384684442,-0.3529474697763988,129.2,230.8,0.9011406844106464,-0.0083711930001683,0.0008899976051464,-0.0012399020646641
2008-04-08,87.5,87.83000000000001,86.0,86.0,186.0,86.0,86.82000000000001,92.07,94.56000000000002,146.16666666666669,212.28199999999995,False,False,False,False,False,False,False,False,False,False,False,-0.0406976744186046,-0.0093023255813953,,,-0.0995348837209304,-0.6996124031007754,0.0116279069767441,-0.2511627906976743,-0.0161003420752566,-0.3435429564461821,104.2,220.8,0.7848101265822784,-0.0055837563451774,0.0027874366549909,0.0004181963931876
2008-04-09,85.20035642152786,85.20035642152786,79.1081858144232,84.2,638.0,84.2,86.1,89.97,93.728,143.85600000000002,211.4569999999999,False,False,False,False,False,False,False,False,False,True,False,-0.0142517814726841,0.0011876484560569,,,-0.1131591448931115,-0.7085035629453684,0.009501187648456,-0.2256532066508313,-0.0160623586549512,-0.3249972212959875,90.8,210.0,3.4301075268817205,-0.0088767497439401,-0.0032929933987627,3.798342030547283e-05
2008-04-10,83.7992667725773,83.7992667725773,80.4704875962361,81.8,100.0,81.8,85.32000000000001,87.72999999999999,93.0,141.78,210.55349999999987,False,False,False,False,False,False,False,False,False,False,False,0.0733496332518337,0.0158924205378972,,,-0.136919315403423,-0.7332518337408314,0.0427872860635696,-0.2053789731051344,-0.0146424037240797,-0.2981876211102243,104.2,203.3,0.1567398119122257,-0.0078279569892472,0.0010487927546928,0.0014199549308715
2008-04-11,82.0,82.83,80.0,82.5,156.0,82.5,84.26,85.96000000000001,92.268,139.65733333333333,209.67849999999987,False,False,False,False,False,False,False,False,False,True,False,0.0424242424242424,0.0096969696969696,,,-0.1184,-0.6928161616161616,0.0096969696969696,-0.2266666666666667,-0.0151991063841975,-0.2760586319218242,87.5,196.7,1.56,-0.0079334113668877,-0.0001054543776405,-0.0005567026601178
2008-04-14,80.48022598870057,81.4,79.31051338737412,81.4,176.0,81.4,83.17999999999999,84.91999999999999,91.556,137.5533333333333,208.70649999999983,False,False,False,False,False,False,False,False,False,False,False,0.0909090909090908,0.0135135135135134,,,-0.1247665847665846,-0.6898443898443894,0.0773955773955773,-0.2444717444717444,-0.0152958852323948,-0.2636599152143191,100.0,204.2,1.1282051282051282,-0.0077766612783433,0.0001567500885444,-9.677884819723864e-05
2008-04-15,81.17,84.0,79.92,82.5,272.0,82.5,82.47999999999999,84.65,91.088,135.576,207.77299999999988,False,False,False,False,False,False,False,False,False,False,False,0.0327272727272727,0.0666666666666666,,,-0.1040969696969696,-0.6433454545454544,0.0703030303030302,-0.2933333333333334,-0.0145846855884029,-0.2611931482575311,116.7,218.3,1.5454545454545454,-0.005137888635166,0.0026387726431773,0.0007111996439918
2008-04-16,82.5,83.83,82.5,83.0,161.0,83.0,82.24000000000001,84.16999999999999,90.608,133.64933333333332,206.83799999999988,False,False,False,False,False,False,False,False,False,True,False,0.0156626506024096,0.1602409638554216,,,-0.0916626506024096,-0.6102329317269074,0.0518072289156626,-0.3469879518072288,-0.0144158344723007,-0.2582868005227514,117.5,205.8,0.5919117647058824,-0.0052975454705985,-0.0001596568354324,0.0001688511161022
2008-04-17,84.9709666401002,88.29982921553,83.30153706022999,87.8,339.0,87.8,83.44,84.38,90.12,131.70933333333332,206.0019999999999,False,False,False,False,False,False,False,False,False,True,True,-0.0535307517084282,0.0671981776765376,,,-0.0264236902050114,-0.500106302201974,0.0056947608200455,-0.3553530751708428,-0.014729404142455,-0.2645176582128464,110.0,191.7,2.1055900621118013,-0.0054150022192631,-0.0001174567486646,-0.0003135696701543
2008-04-18,87.5,87.5,84.33000000000001,86.0,147.0,86.0,84.14,84.2,89.66000000000003,129.57866666666663,205.19049999999987,False,False,False,False,False,False,False,False,False,False,False,-0.0313953488372093,0.1825581395348837,,,-0.042558139534884,-0.5067286821705422,0.0232558139534883,-0.3523255813953488,-0.0164430358906817,-0.2738717339667458,104.2,197.5,0.4336283185840708,-0.005130492973455,0.0002845092458081,-0.0017136317482266
2008-04-21,87.97028031070583,89.13988517392772,86.30084430935494,88.8,337.0,88.8,85.62,84.39999999999999,89.48000000000002,127.58533333333328,204.3969999999999,False,False,False,False,False,False,False,False,False,False,True,-0.0709459459459459,0.2015765765765766,,,-0.0076576576576578,-0.4367717717717712,0.0844594594594594,-0.3693693693693692,-0.0156235303953434,-0.2882701421800946,102.5,190.8,2.292517006802721,-0.0020116227089853,0.0031188702644697,0.0008195054953383
2008-04-22,87.20070447340613,87.53082071151815,85.02994011976048,85.2,280.0,85.2,86.16,84.32,89.32,125.66533333333328,203.53949999999983,False,False,False,False,False,False,False,False,False,False,False,0.0328638497652581,0.2112676056338028,,,-0.0483568075117369,-0.4749452269170572,0.0774647887323942,-0.3873239436619718,-0.015278676696835,-0.3020635673624287,119.2,190.0,0.8308605341246291,-0.00179131213614,0.0002203105728453,0.0003448536985084
2008-04-23,83.47029526858769,86.63916755602988,83.30035574528637,84.3,189.0,84.3,86.42,84.33,89.292,123.65599999999992,202.67349999999988,False,False,False,False,False,False,False,False,False,False,False,0.1423487544483986,0.2075919335705812,,,-0.0592170818505338,-0.4668564650059303,0.1838671411625148,-0.4068801897983392,-0.0162493800004315,-0.3201707577374599,119.2,191.7,0.675,-0.000313577924114,0.0014777342120259,-0.0009707033035965
2008-04-24,83.6901420317766,85.02046220510351,81.68966056812711,83.1,206.0,83.1,85.47999999999999,84.46000000000001,89.084,121.73066666666664,201.83049999999992,False,False,False,False,False,False,False,False,False,True,False,0.1275571600481349,0.2238267148014441,,,-0.0720096269554754,-0.464869634977938,0.1335740072202167,-0.4789410348977136,-0.0158163377072878,-0.3469097797774095,114.2,169.2,1.08994708994709,-0.0023348749494858,-0.0020212970253718,0.0004330422931436
2008-04-25,86.29891995679827,86.29891995679827,82.72020880835233,83.3,181.0,83.3,84.94,84.53999999999999,88.58400000000002,119.7853333333333,200.9969999999999,False,False,False,False,False,False,False,False,False,True,False,0.2208883553421369,0.2184873949579832,,,-0.0634333733493399,-0.4379991996798715,0.1188475390156063,-0.5306122448979591,-0.0162401629581807,-0.376744736219541,110.0,150.8,0.8786407766990292,-0.0056443601553326,-0.0033094852058467,-0.0004238252508929
2008-04-28,84.17,84.17,80.83,82.5,209.0,82.5,83.67999999999999,84.65,87.884,117.80799999999996,200.11349999999987,False,False,False,False,False,False,False,False,False,True,False,0.2933333333333334,0.1296969696969697,,,-0.065260606060606,-0.4279757575757571,0.1636363636363636,-0.5187878787878788,-0.0167843723120105,-0.4033077377436503,106.7,155.0,1.1546961325966851,-0.0079650448318239,-0.0023206846764913,-0.0005442093538297
2008-04-30,82.75,88.0,81.83,88.0,585.0,88.0,84.24,85.2,87.404,116.0373333333333,199.2619999999999,False,False,False,False,True,False,False,False,False,False,False,0.1727272727272727,-0.0113636363636363,,,0.0067727272727273,-0.3186060606060601,0.0625,-0.5818181818181819,-0.0152594567265707,-0.4323943661971831,99.2,145.0,2.799043062200957,-0.0054917395084893,0.0024733053233346,0.0015249155854397
2008-05-01,89.97197134848956,96.3,89.47212706322019,96.3,632.0,96.3,86.64,86.53,87.04799999999999,114.52133333333327,198.39749999999992,False,False,False,False,False,False,False,False,False,False,False,0.0571131879543094,-0.1173416407061266,,,0.0960747663551402,-0.1892142609899613,-0.0685358255451712,-0.6334371754932503,-0.0132377082581413,-0.4629608228360106,105.0,145.0,1.0803418803418805,-0.0040896976380848,0.0014020418704045,0.0020217484684294
2008-05-02,98.20144122984948,102.70288245969894,93.7,93.7,1870.0,93.7,88.76,87.12,86.62799999999999,113.06,197.50349999999992,False,False,False,False,False,False,False,False,False,True,False,0.0853788687299893,-0.0896478121664888,,,0.0754749199573107,-0.2066168623265741,-0.0128068303094984,-0.6072572038420492,-0.0129252904062734,-0.4893250688705233,100.0,138.3,2.9588607594936707,-0.0048483169414046,-0.0007586193033198,0.0003124178518678
2008-05-07,96.1983771023901,102.0300973738566,95.35812924166422,101.7,948.0,101.7,92.44,88.69000000000001,86.68799999999997,111.79333333333334,196.6784999999999,False,False,False,False,False,False,True,False,False,False,False,-0.0019665683382497,-0.1809242871189774,,,0.1476106194690268,-0.0992461488036709,-0.0776794493608653,-0.5988200589970502,-0.0113304311527222,-0.5151651820949374,100.8,135.8,0.506951871657754,0.0006921373200441,0.0055404542614488,0.0015948592535511
2008-05-08,100.0281241211212,106.7,97.85751382769288,106.7,976.0,106.7,97.28,90.48,87.28399999999998,110.49333333333334,195.91599999999988,False,False,False,False,False,False,True,False,True,False,False,-0.1265229615745079,-0.1780693533270853,,,0.1819681349578259,-0.0355513901905654,-0.1143392689784442,-0.6204311152764761,-0.0117654157113551,-0.5418877099911582,99.2,129.2,1.029535864978903,0.0068282846798955,0.0061361473598513,-0.0004349845586328
2008-05-09,110.0319860424542,111.3623727827857,101.85961035184648,103.2,745.0,103.2,100.32,92.28000000000002,88.00399999999998,108.95866666666664,195.1404999999999,False,False,False,False,False,False,True,False,False,False,False,-0.1569767441860465,-0.1443798449612403,,,0.1472480620155041,-0.055801033591731,-0.1065891472868217,-0.5939922480620156,-0.0140848517480637,-0.5619852622453403,94.2,104.2,0.7633196721311475,0.0081814462978955,0.0013531616179999,-0.0023194360367086
2008-05-12,102.29985269566926,104.96906609054308,101.30014730433076,101.8,628.0,101.8,101.42,94.03,88.564,107.572,194.32049999999984,False,False,False,False,False,False,True,False,False,True,False,-0.1650294695481335,-0.1424361493123772,,,0.1300196463654224,-0.0566994106090373,-0.1355599214145383,-0.5579567779960707,-0.0128905911079708,-0.5754546421354887,95.0,90.8,0.8429530201342282,0.0063231109705977,-0.0018583353272978,0.0011942606400928
2008-05-13,101.7,103.36048982000592,100.02950722927118,101.7,253.0,101.7,103.02,95.89,89.204,106.372,193.53749999999985,False,False,False,False,False,False,True,False,False,False,False,-0.1612586037364799,-0.1317600786627336,,,0.1228711897738447,-0.0459390363815142,-0.1022615535889872,-0.528023598820059,-0.0112811642161471,-0.5787881948065492,100.0,104.2,0.4028662420382166,0.0071745661629523,0.0008514551923546,0.0016094268918237
2008-05-14,100.83,101.83,98.33,101.5,486.0,101.5,102.98,97.71,89.752,105.09199999999998,192.72399999999988,False,False,False,False,False,False,True,False,False,True,False,-0.1793103448275862,-0.1330049261083744,,,0.115743842364532,-0.0353891625615762,-0.1103448275862069,-0.5438423645320197,-0.0121798043618925,-0.579265172449084,97.5,87.5,1.9209486166007903,0.0061057135217042,-0.001068852641248,-0.0008986401457454
2008-05-15,93.2,93.2,93.2,93.2,68.0,93.2,100.28,98.78,90.008,103.79066666666664,191.88599999999988,False,False,False,False,False,False,True,False,False,True,False,-0.0590128755364806,0.0332618025751072,,,0.0342489270386266,-0.1136337625178823,-0.0504291845493562,-0.4860515021459228,-0.0125380573718897,-0.5755213605993116,93.3,100.0,0.139917695473251,0.0028441916274108,-0.0032615218942933,-0.0003582530099971
2008-05-16,89.83000000000001,89.83000000000001,85.17,87.0,1172.0,87.0,97.04,98.68,90.04799999999999,102.41733333333332,191.0294999999999,False,False,False,False,False,False,True,False,False,True,False,0.0149425287356321,0.0551724137931034,,,-0.0350344827586205,-0.1772107279693484,0.0206896551724137,-0.4632183908045976,-0.0134091885488132,-0.5650587758411025,89.2,116.7,17.235294117647058,0.0004442075337596,-0.0023999840936512,-0.0008711311769235
2008-05-19,85.67,87.5,84.33000000000001,85.0,363.0,85.0,93.68,97.55,90.08,100.99466666666665,190.25049999999987,False,False,False,False,False,False,True,False,False,True,False,0.0270588235294117,0.1741176470588235,,,-0.0597647058823529,-0.1881725490196076,0.0588235294117647,-0.4505882352941176,-0.0140865524252106,-0.5483341875961045,85.0,117.5,0.3097269624573379,0.0003552397868562,-8.896774690343772e-05,-0.0006773638763973
2008-05-20,84.1404078284308,86.46958865580686,83.4706433845072,85.3,305.0,85.3,90.4,96.71,90.22,99.876,189.43949999999992,False,False,False,False,False,False,True,False,True,False,False,0.0351699882766705,0.1043376318874561,,,-0.0576787807737397,-0.1708792497069168,0.0398593200468933,-0.4759671746776084,-0.0112005553553069,-0.5362423741081583,88.3,110.0,0.8402203856749312,0.0015517623586787,0.0011965225718225,0.0028859970699036
2008-05-21,83.6398775951038,84.63951758070323,81.64059762390495,83.3,401.0,83.3,86.76,94.87,90.25200000000002,98.976,188.631,False,False,False,False,False,False,True,False,False,True,False,0.056422569027611,0.1188475390156063,,,-0.0834573829531816,-0.188187274909964,0.056422569027611,-0.4597839135654261,-0.0090931134820563,-0.5228207020132813,95.8,104.2,1.3147540983606558,0.0003545627797724,-0.0011971995789063,0.0021074418732506
2008-05-22,84.19880232690772,87.7,82.44820349036158,87.7,286.0,87.7,85.66,92.97,90.50400000000002,98.07866666666666,187.886,False,False,False,False,False,False,True,False,True,False,False,0.09806157354618,0.0946408209806157,,,-0.0319726339794756,-0.1183428354237931,-0.0193842645381984,-0.4777651083238313,-0.0091491183947579,-0.5073679681617727,100.0,102.5,0.713216957605985,0.0027844073190134,0.002429844539241,-5.60049127016609e-05
2008-05-23,90.13937507075738,91.63886561757047,86.64056379486018,88.3,384.0,88.3,85.92,91.48,90.736,97.32266666666666,187.1775,False,False,False,False,False,False,True,False,False,True,False,0.0396375990939977,0.058890147225368,,,-0.0275877689694225,-0.1021819554548886,-0.0351075877689693,-0.464326160815402,-0.0077679745725558,-0.4934411893310013,100.0,119.2,1.3426573426573427,0.0025568682771996,-0.0002275390418138,0.001381143822202
2008-05-26,86.800171762281,89.6391961525249,86.800171762281,87.3,185.0,87.3,86.38000000000001,90.02999999999999,90.90800000000002,96.55333333333331,186.41800000000003,False,False,False,False,False,False,True,False,False,True,False,0.143184421534937,0.0274914089347079,,,-0.0413287514318444,-0.1059946544482625,-0.0458190148911798,-0.4581901489117984,-0.0079679624387214,-0.482727979562368,105.2,119.2,0.4817708333333333,0.0018920227042725,-0.000664845572927,-0.0001999878661655
2008-05-27,88.14005434167326,89.13971470621533,86.30067927091588,88.3,196.0,88.3,86.98,88.68999999999998,90.92800000000004,95.88666666666668,185.60550000000003,False,False,False,False,False,False,True,False,False,True,False,0.0668176670441676,0.0475651189127973,,,-0.0297621744054365,-0.0859192147980372,-0.0566251415628539,-0.4620611551528878,-0.0069526524369042,-0.4754763783966624,104.2,114.2,1.0594594594594595,0.0002199542495163,-0.0016720684547562,0.0010153100018171
2008-05-28,88.5,88.5,87.0,88.0,262.0,88.0,87.92,87.33999999999999,91.008,95.24933333333334,184.77450000000005,False,False,False,False,False,False,True,False,False,False,False,0.0590909090909091,0.0659090909090908,,,-0.0341818181818181,-0.0823787878787879,-0.0511363636363636,-0.4579545454545454,-0.0066912104371685,-0.4657659720632012,100.2,110.0,1.336734693877551,0.0008790436005621,0.0006590893510457,0.0002614419997357
2008-05-29,87.64269697913423,96.3,86.64300840859545,96.3,854.0,96.3,89.64,87.64999999999999,91.308,94.81066666666668,183.981,False,False,False,True,True,False,True,False,True,False,True,-0.0031152647975077,-0.0186915887850467,,,0.0518380062305295,0.0154655590169607,-0.1516095534787123,-0.5046728971962616,-0.0046267649209652,-0.4678836280661722,91.8,106.7,3.2595419847328246,0.0032855828623999,0.0024065392618378,0.0020644455162032
2008-05-30,98.79771316563212,99.29754982032014,91.8,91.8,767.0,91.8,90.34,88.12999999999998,91.572,94.64533333333335,183.16500000000008,False,False,False,False,False,False,True,False,False,True,False,0.0185185185185185,0.0043572984749455,,,0.0024836601307188,-0.0309949164851128,-0.0991285403050108,-0.5174291938997821,-0.0017468725346555,-0.4735050493589015,85.2,99.2,0.8981264637002342,0.0028829773293145,-0.0004026055330853,0.0028798923863096
2008-06-02,93.47190223379744,99.96994891315236,92.9720524892317,99.8,709.0,99.8,92.84,89.60999999999999,92.192,94.76533333333336,182.3600000000001,False,False,False,False,False,False,True,True,False,False,False,-0.1012024048096191,-0.1182364729458917,,,0.0762324649298597,0.0504475617902468,-0.1813627254509017,-0.5440881763527053,0.0012662858429243,-0.483539783506305,87.8,105.0,0.924380704041721,0.0067250954529676,0.003842118123653,0.0030131583775799
2008-06-03,99.03153870659446,99.20159286396942,91.52914941064031,94.2,601.0,94.2,94.02,90.5,92.636,94.63200000000002,181.5475000000001,False,False,False,False,False,False,True,False,False,True,False,-0.0180467091295117,-0.0307855626326964,,,0.0166029723991508,-0.0045859872611466,-0.1751592356687898,-0.5159235668789809,-0.0014089666638488,-0.4876243093922652,85.7,100.0,0.847672778561354,0.0047929530636038,-0.0019321423893638,-0.0026752525067731
2008-06-04,94.20032199205754,95.0305892454653,90.8592465385854,93.2,286.0,93.2,95.06,91.49,93.03199999999995,94.70800000000004,180.7425000000001,False,False,False,False,False,False,True,True,False,True,False,0.0064377682403432,-0.0311158798283262,,,0.0018025751072966,-0.01618025751073,-0.2188841201716738,-0.5407725321888412,0.0008024665286989,-0.4955732866979997,87.8,100.8,0.475873544093178,0.0042565998796108,-0.0005363531839929,0.0022114331925477
2008-06-05,93.0,97.33,91.67,96.0,646.0,96.0,95.0,92.32,93.572,94.65466666666669,179.92250000000004,False,False,False,False,False,False,True,False,False,False,False,-0.015625,-0.078125,,,0.0252916666666666,0.0140138888888886,-0.2885416666666667,-0.5489583333333333,-0.0005634517051459,-0.5028162911611784,86.8,99.2,2.2587412587412588,0.0057709571239264,0.0015143572443156,-0.0013659182338449
2008-06-06,96.83,97.17,93.5,93.5,360.0,93.5,95.34,92.84,93.792,94.34533333333336,179.09000000000003,False,False,False,False,False,False,True,False,False,True,False,-0.0139037433155079,-0.0502673796791444,,,-0.0031229946524064,-0.009040998217469,-0.306951871657754,-0.5422459893048128,-0.003278734860583,-0.5104480827229643,86.0,94.2,0.5572755417956656,0.0023456158307744,-0.003425341293152,-0.002715283155437
2008-06-09,91.36055536968888,91.70066912010708,89.7,89.7,148.0,89.7,93.32,93.08,93.528,93.97466666666668,178.2345,False,False,False,False,False,False,False,False,False,True,False,-0.0189520624303233,0.0033444816053511,,,-0.0426755852842809,-0.0476551467855816,-0.3054626532887403,-0.5072463768115942,-0.0039443254210355,-0.515040825096691,84.2,95.0,0.4111111111111111,-0.0028226841159866,-0.005168299946761,-0.0006655905604525
2008-06-10,89.83000000000001,92.5,85.67,92.5,296.0,92.5,92.98,93.5,93.48,93.74133333333334,177.4095,False,False,False,False,False,False,False,False,False,False,False,-0.012972972972973,-0.041081081081081,,,-0.0105945945945946,-0.0134198198198199,-0.3881081081081081,-0.5210810810810811,-0.0024891189941114,-0.5206417112299465,81.8,100.0,2.0,-0.0005134788189987,0.0023092052969878,0.0014552064269241
2008-06-11,92.64037088351272,95.29952040925076,91.8006394543323,93.8,210.0,93.8,93.1,94.08,93.16399999999996,93.60266666666668,176.57449999999997,False,False,False,False,True,False,False,False,False,True,False,-0.0373134328358209,-0.0618336886993603,,,0.0067803837953095,0.0021037668798861,-0.3901918976545842,-0.5469083155650319,-0.0014814392752343,-0.529124149659864,82.5,97.5,0.7094594594594594,-0.0033918681035598,-0.002878389284561,0.0010076797188771
2008-06-12,93.67,95.0,91.33,94.5,194.0,94.5,92.8,93.9,92.676,93.496,175.81800000000004,False,False,False,False,False,False,False,False,False,True,False,-0.0634920634920634,-0.0899470899470899,,,0.0193015873015872,0.0106243386243386,-0.3809523809523809,-0.5735449735449736,-0.0011408687715697,-0.5361022364217253,81.4,93.3,0.923809523809524,-0.0052656566964473,-0.0018737885928875,0.0003405705036645
2008-06-13,94.53075838125204,95.03092112401,92.0299446674623,92.2,155.0,92.2,92.54,93.94,92.236,93.136,175.15400000000002,False,False,False,False,False,False,False,False,False,False,False,-0.0368763557483731,-0.0759219088937093,,,-0.0003904555314533,-0.0101518438177873,-0.368763557483731,-0.5629067245119306,-0.0038653152379316,-0.5405578028528848,82.5,89.2,0.7989690721649485,-0.0047703716553189,0.0004952850411284,-0.0027244464663618
2008-06-16,93.0,93.17,86.33000000000001,88.0,245.0,88.0,92.2,92.76,91.68399999999998,92.72,174.43150000000003,False,False,False,False,False,False,False,False,False,True,False,0.0227272727272727,-0.0534090909090909,,,-0.0418636363636361,-0.0536363636363636,-0.3715909090909091,-0.5772727272727273,-0.0044866264020707,-0.5436610608020699,83.0,85.0,1.5806451612903225,-0.0060206797260156,-0.0012503080706967,-0.000621311164139
2008-06-17,89.9704368772583,91.3,88.14103799408737,91.3,85.0,91.3,91.96,92.47,91.268,92.41466666666668,173.74200000000005,False,False,False,False,False,False,False,False,False,False,False,-0.0284775465498356,-0.0876232201533406,,,0.0003504928806133,-0.0122088353413655,-0.3395399780941949,-0.6024096385542169,-0.0033039488681449,-0.5522872282902563,87.8,88.3,0.3469387755102041,-0.0045580049962745,0.0014626747297411,0.0011826775339258
2008-06-18,88.14071736964463,91.63955496512789,88.14071736964463,90.3,62.0,90.3,91.26,92.18,90.82,92.15200000000002,172.96850000000006,False,False,False,False,False,False,False,False,False,True,False,-0.02547065337763,-0.0753045404208194,,,-0.0057585825027685,-0.0205094130675528,-0.2812846068660021,-0.6423034330011075,-0.002850363168099,-0.5622694727706661,86.0,95.8,0.7294117647058823,-0.004932834177494,-0.0003748291812195,0.0004535857000458
2008-06-19,88.67,89.83000000000001,87.33000000000001,88.5,93.0,88.5,90.06,91.43,90.632,91.90933333333336,172.16950000000006,False,False,False,False,False,False,False,False,False,False,False,-0.0282485875706214,-0.0768361581920903,,,-0.024090395480226,-0.0385235404896425,-0.2463276836158191,-0.672316384180791,-0.0026402831776241,-0.5743191512632615,88.8,100.0,1.5,-0.0020743225350868,0.0028585116424072,0.0002100799904748
2008-06-20,86.64072948328267,89.96960486322187,85.80101317122593,88.8,223.0,88.8,89.38000000000001,90.96,90.704,91.7706666666667,171.422,False,False,False,False,False,False,True,False,False,False,False,-0.0405405405405404,-0.0686936936936936,,,-0.0214414414414414,-0.0334534534534538,-0.2747747747747747,-0.7105855855855856,-0.0015110129598419,-0.5909190853122251,85.2,100.0,2.3978494623655915,0.0007937907920266,0.0028681133271135,0.0011292702177822
2008-06-23,86.67,90.0,86.67,90.0,284.0,90.0,89.78,90.98999999999998,90.904,91.57066666666668,170.66349999999994,False,False,False,False,False,False,True,False,True,False,False,-0.0744444444444444,-0.0922222222222221,,,-0.0100444444444444,-0.017451851851852,-0.2755555555555555,-0.7033333333333333,-0.0021841055359796,-0.6102868447082097,84.3,105.2,1.2735426008968609,0.0022001232068996,0.0014063324148729,-0.0006730925761377
2008-06-24,89.86039246644863,89.86039246644863,86.85937746701252,88.7,318.0,88.7,89.26,90.61,91.04,91.42000000000002,169.87799999999996,False,False,False,False,False,False,True,False,False,True,False,-0.0608793686583991,-0.1240135287485907,,,-0.0263810597519729,-0.0306651634723789,-0.2671927846674183,-0.7181510710259301,-0.0016480711733391,-0.6299525438693301,83.1,104.2,1.119718309859155,0.001493848857645,-0.0007062743492545,0.0005360343626405
2008-06-25,89.5,89.5,86.33000000000001,88.0,358.0,88.0,88.8,90.03,91.228,91.24933333333334,169.12650000000002,False,False,False,False,False,False,True,False,False,False,False,-0.0511363636363636,-0.1727272727272727,,,-0.0366818181818181,-0.0369242424242425,-0.275,-0.678409090909091,-0.0018703332992388,-0.6433411085193824,83.3,100.2,1.1257861635220126,0.0020607708159774,0.0005669219583323,-0.0002222621258996
2008-06-26,86.5,87.0,85.33000000000001,86.0,228.0,86.0,88.3,89.18,91.16,91.07333333333337,168.315,False,True,False,False,False,False,False,False,False,True,False,-0.0499999999999999,-0.2058139534883721,,,-0.0599999999999999,-0.0589922480620158,-0.2848837209302324,-0.6313953488372093,-0.001932508601127,-0.6495851087687823,82.5,91.8,0.6368715083798883,-0.0007459412022816,-0.0028067120182591,-6.217530188818376e-05
2008-06-27,86.03029235646355,86.7005283550546,83.35935188446636,85.2,387.0,85.2,87.58,88.48000000000002,91.036,90.95333333333336,167.48249999999996,False,False,False,False,False,False,False,False,False,True,False,-0.0293427230046948,-0.2394366197183099,,,-0.0684976525821596,-0.0675273865414713,-0.3157276995305165,-0.6091549295774649,-0.0013193579124826,-0.6547242314647379,88.0,85.2,1.6973684210526316,-0.0013620985104793,-0.0006161573081976,0.0006131506886443
2008-06-30,84.29963998559943,84.29963998559943,81.97047881915276,83.3,183.0,83.3,86.24,88.01,90.876,90.79733333333334,166.64049999999995,False,False,False,False,False,False,False,False,False,True,False,-0.0192076830732292,-0.2521008403361344,,,-0.0909483793517407,-0.0900040016006403,-0.3493397358943577,-0.5966386554621849,-0.0017181121325151,-0.6569707987728667,96.3,87.8,0.4728682170542636,-0.0017606408732778,-0.0003985423627985,-0.0003987542200324
2008-07-01,81.97047881915276,84.29963998559943,81.550630025201,83.3,236.0,83.3,85.16,87.21,90.67600000000002,90.57466666666669,165.861,False,False,False,False,False,False,False,False,False,True,False,-0.0672268907563024,-0.3205282112845137,,,-0.0885474189675872,-0.0873309323729494,-0.3205282112845137,-0.5654261704681872,-0.0024583768824246,-0.6539387684898521,93.7,85.7,1.289617486338798,-0.0022056553001895,-0.0004450144269117,-0.0007402647499095
2008-07-02,83.33,85.67,81.67,83.5,640.0,83.5,84.26,86.53,90.496,90.38800000000002,165.0575,False,False,False,False,False,False,False,False,False,False,False,-0.1281437125748503,-0.3149700598802394,,,-0.0837844311377244,-0.082491017964072,-0.3329341317365269,-0.5568862275449101,-0.0020651708928913,-0.6457875881197273,101.7,87.8,2.711864406779661,-0.0019890381895334,0.000216617110656,0.0003932059895332
2008-07-03,83.36060977102976,83.36060977102976,81.52993755356924,81.7,199.0,81.7,83.4,85.85,89.91199999999999,90.23333333333336,164.27449999999996,False,False,True,False,False,False,False,False,False,True,False,-0.164014687882497,-0.2839657282741737,,,-0.1005140758873927,-0.1044471644226849,-0.3145654834761321,-0.5630354957160343,-0.0017140746213519,-0.6351776354105999,106.7,86.8,0.3109375,-0.0064952397900169,-0.0045062016004834,0.0003510962715394
2008-07-04,83.36023950647152,83.36023950647152,80.35915084069191,82.7,115.0,82.7,82.9,85.24,89.54799999999999,90.14666666666666,163.50449999999998,False,False,False,False,False,False,False,False,False,False,False,-0.2164449818621524,-0.2962515114873035,,,-0.0828053204353081,-0.0900443369609027,-0.3688029020556227,-0.5562273276904474,-0.0009613962431596,-0.6196621304551854,103.2,86.0,0.5778894472361809,-0.004064859069996,0.0024303807200209,0.0007526783781922
2008-07-07,83.36060977102976,83.36060977102976,80.35950777519285,81.7,55.0,81.7,82.58,84.41000000000001,88.82399999999998,90.10266666666666,162.77149999999995,False,False,False,False,False,False,False,False,False,True,False,-0.2374541003671971,-0.3231334149326806,,,-0.0871970624235003,-0.1028478172174622,-0.3880048959608323,-0.5385556915544676,-0.0004883318288766,-0.60289065276626,101.8,84.2,0.4782608695652174,-0.0081509501936414,-0.0040860911236453,0.000473064414283
2008-07-08,81.03128621089223,81.20135187331016,76.69961375048281,77.7,189.0,77.7,81.46,83.31000000000002,88.164,89.96133333333333,162.0515,False,False,False,False,False,False,False,False,False,False,False,-0.2715572715572715,-0.223938223938224,,,-0.1346718146718146,-0.1578035178035177,-0.4427284427284428,-0.5083655083655083,-0.001571045337997,-0.5818029048133477,101.7,81.8,3.4363636363636365,-0.0074860487273715,0.0006649014662698,-0.0010827135091204
2008-07-09,76.63841823424413,76.63841823424413,70.97075381024302,72.8,966.0,72.8,79.32000000000001,81.79,87.34800000000001,89.65466666666667,161.299,False,False,False,False,False,False,False,False,False,True,False,-0.2142857142857142,-0.1085164835164834,,,-0.199835164835165,-0.2315201465201466,-0.4629120879120879,-0.4958791208791208,-0.003420532115822,-0.5637608509597751,101.5,82.5,5.111111111111111,-0.0093419425745293,-0.0018558938471578,-0.001849486777825
2008-07-10,72.798024293868,73.29780477096443,66.14094833894336,68.3,924.0,68.3,76.64000000000001,80.02,86.24000000000002,89.232,160.5445,False,False,False,False,False,False,False,False,False,True,False,-0.1434846266471448,-0.0234260614934113,,,-0.2626647144948759,-0.3064714494875549,-0.4187408491947291,-0.4436310395314787,-0.0047367162751778,-0.5462384403899024,93.2,81.4,0.9565217391304348,-0.0128478664192948,-0.0035059238447655,-0.0013161841593557
2008-07-11,66.6391485423415,67.29884312818139,62.47107820453493,64.8,468.0,64.8,73.06,77.97999999999999,85.09200000000001,88.76266666666666,159.7935,False,False,False,False,False,False,False,False,False,True,False,-0.1018518518518517,-0.0061728395061727,,,-0.3131481481481484,-0.3697942386831275,-0.4320987654320988,-0.3703703703703704,-0.0052875082617317,-0.524749935880995,87.0,82.5,0.5064935064935064,-0.0134912800263245,-0.0006434136070296,-0.0005507919865538
2008-07-14,64.05140562248997,66.55341365461847,60.87885943775101,62.3,373.0,62.3,69.18,75.87999999999998,83.99600000000001,88.19066666666667,159.101,False,False,False,False,False,False,False,False,False,False,False,-0.1123595505617977,0.0465489566613163,,,-0.3482504012841093,-0.4155805243445694,-0.4333868378812199,-0.2825040128410914,-0.0064859471145849,-0.496968898260411,85.0,83.0,0.7970085470085471,-0.0130482403923996,0.0004430396339248,-0.0011984388528532
2008-07-15,62.272004241781545,62.272004241781545,55.59964651820431,56.6,1370.0,56.6,64.96000000000001,73.21,82.56,87.55600000000001,158.313,False,False,False,False,False,False,False,False,False,True,False,0.0653710247349822,0.1484098939929328,,,-0.4586572438162544,-0.5469257950530036,-0.3498233215547703,-0.2102473498233215,-0.007248694169065,-0.4670127031826252,85.3,87.8,3.672922252010724,-0.0173934108527132,-0.0043451704603135,-0.0007627470544801
2008-07-16,61.28214098303307,61.28214098303307,57.2,57.2,488.0,57.2,61.84,70.58000000000001,81.09599999999999,86.98266666666666,157.503,False,False,False,False,False,False,False,False,False,True,False,0.1346153846153846,0.1153846153846152,,,-0.4177622377622375,-0.5206759906759905,-0.2867132867132868,-0.1555944055944056,-0.006591351533639,-0.4311419665627657,83.3,86.0,0.3562043795620438,-0.0180526783071916,-0.0006592674544783,0.0006573426354259
2008-07-17,60.00000000000001,62.50000000000001,58.00000000000001,58.50000000000001,314.0,58.5,59.88,68.26000000000002,79.656,86.53866666666667,156.70799999999997,False,False,False,False,False,False,False,False,False,True,False,0.1401709401709401,0.0512820512820512,,,-0.3616410256410255,-0.4792934472934472,-0.3076923076923077,-0.1452991452991454,-0.0051306545051151,-0.3908584822736597,87.7,88.8,0.6434426229508197,-0.0180777342573062,-2.5055950114569875e-05,0.0014606970285239
2008-07-18,58.530170190820016,58.86034038164002,57.6997421351212,58.2,115.0,58.2,58.56,65.81000000000002,78.296,86.17866666666667,155.90749999999997,False,False,False,False,False,False,False,False,False,False,False,0.1065292096219931,0.0017182130584191,,,-0.3452920962199313,-0.4807331042382589,-0.2800687285223368,-0.1701030927835052,-0.0041773679487576,-0.3505546269563897,88.3,85.2,0.3662420382165605,-0.0173699805864922,0.0007077536708139,0.0009532865563575
2008-07-22,58.79810229531899,59.29783119465028,54.30054220133743,55.3,249.0,55.3,57.16,63.17,76.988,85.74533333333335,155.02999999999997,False,False,False,False,False,False,False,False,False,False,False,0.1790235081374323,-0.019891500904159,,,-0.3921880650994576,-0.5505485232067514,-0.18625678119349,-0.18625678119349,-0.0050537249840612,-0.3118568940952984,87.3,84.3,2.165217391304348,-0.016989660726347,0.0003803198601452,-0.0008763570353035
2008-07-23,56.6418199900547,60.3,56.39194430631527,60.3,371.0,60.3,57.90000000000001,61.42999999999999,75.74799999999999,85.40666666666668,154.11899999999997,False,False,False,False,False,False,False,False,False,False,False,0.0779436152570481,-0.0613598673300165,,,-0.2561857379767827,-0.4163626312880047,-0.2039800995024875,-0.2951907131011608,-0.0039653422839747,-0.2853654566172879,88.3,83.1,1.4899598393574298,-0.016370069176744,0.0006195915496029,0.0010883827000864
2008-07-24,60.401386321626624,64.9799753542822,59.31172211953174,64.9,239.0,64.9,59.44000000000001,60.64,74.732,85.10133333333334,153.22249999999997,False,False,False,False,False,False,False,False,False,False,False,-0.016949152542373,-0.1417565485362096,,,-0.1514946070878273,-0.3112686183872625,-0.2865947611710324,-0.3220338983050848,-0.0035878795475198,-0.2640171503957783,88.0,83.3,0.6442048517520216,-0.0135952470160037,0.0027748221607403,0.0003774627364548
2008-07-25,63.608609569521526,67.8605219739013,62.6982000899955,66.7,400.0,66.7,61.080000000000005,60.48,73.86,84.83333333333334,152.3395,False,False,False,False,False,False,False,False,False,False,False,-0.0779610194902548,-0.1604197901049474,,,-0.1073463268365816,-0.2718640679660171,-0.2818590704647676,-0.3523238380809595,-0.0031591355599214,-0.2534722222222222,96.3,82.5,1.6736401673640169,-0.0118061196858922,0.0017891273301115,0.0004287439875984
2008-07-28,65.80956224774914,68.14883576529029,64.15007761564732,64.4,249.0,64.4,62.32000000000001,60.44000000000001,72.884,84.54533333333335,151.44899999999998,False,False,False,False,False,False,False,False,False,True,False,-0.09472049689441,-0.1894409937888199,,,-0.1317391304347825,-0.3128157349896481,-0.2748447204968944,-0.3354037267080746,-0.0034064564967117,-0.2496690933156851,91.8,88.0,0.6225,-0.0133911420887986,-0.0015850224029063,-0.0002473209367903
2008-07-29,61.108117231855154,65.2,61.108117231855154,65.2,188.0,65.2,64.3,60.73,71.89200000000001,84.292,150.546,False,False,False,False,False,False,False,False,False,True,True,-0.1687116564417178,-0.2331288343558282,,,-0.102638036809816,-0.2928220858895705,-0.2837423312883435,-0.2975460122699387,-0.0030054255840808,-0.2514408035567264,99.8,96.3,0.7550200803212851,-0.0137984754910141,-0.0004073334022155,0.0004010309126309
2008-07-30,64.5,67.17,63.830000000000005,65.0,157.0,65.0,65.24000000000001,61.570000000000014,70.944,84.068,149.621,False,False,False,False,False,False,False,False,False,False,False,-0.1292307692307692,-0.3338461538461539,,,-0.0914461538461538,-0.2933538461538461,-0.3123076923076923,-0.243076923076923,-0.0026645096826379,-0.2543446483677117,94.2,93.7,0.8351063829787234,-0.013362652232747,0.0004358232582671,0.0003409159014429
2008-07-31,65.63913520288266,65.63913520288266,62.14078019739934,63.8,80.0,63.8,65.02000000000001,62.23,69.976,83.81866666666669,148.65249999999995,False,False,False,False,False,False,False,False,False,True,False,-0.1269592476489027,-0.3871473354231974,,,-0.0968025078369906,-0.3137722048066879,-0.2946708463949843,-0.2507836990595611,-0.0029746754899462,-0.2630564036638277,93.2,101.7,0.5095541401273885,-0.0138333142791814,-0.0004706620464344,-0.0003101658073083
2008-08-01,60.830000000000005,61.50000000000001,59.330000000000005,61.50000000000001,87.0,61.5,63.98,62.53000000000001,68.99600000000001,83.55333333333334,147.6515,False,False,False,False,False,False,False,False,False,True,False,-0.089430894308943,-0.3544715447154472,,,-0.1218861788617886,-0.358590785907859,-0.2552845528455286,-0.2276422764227643,-0.003175616372776,-0.270590116743963,96.0,106.7,1.0875,-0.0142037219548957,-0.0003704076757143,-0.0002009408828297
2008-08-04,59.29948568489628,59.969141093776784,56.80077147265558,58.3,130.0,58.3,62.760000000000005,62.54,67.92,83.23066666666666,146.647,False,False,False,False,False,False,False,False,False,True,False,-0.1046312178387649,-0.3687821612349914,,,-0.1650085763293311,-0.4276272155517439,-0.1886792452830188,-0.1715265866209262,-0.003876776188264,-0.2707067476814838,93.5,103.2,1.4942528735632183,-0.0158421672555949,-0.0016384453006991,-0.000701159815488
2008-08-05,55.03045966402068,56.3611962340779,51.69861546981724,54.2,319.0,54.2,60.56,62.43000000000001,66.756,82.84666666666668,145.572,False,False,False,False,False,False,False,False,False,True,False,-0.0774907749077491,-0.3487084870848709,,,-0.2316605166051659,-0.5285362853628538,-0.1273062730627307,-0.0867158671586716,-0.0046350688018023,-0.2622136793208394,89.7,101.8,2.453846153846154,-0.0174366349092216,-0.0015944676536267,-0.0007582926135382
2008-08-06,55.68967833156592,57.350265111346765,54.019088016967125,56.6,186.0,56.6,58.88000000000001,62.06000000000002,65.688,82.43066666666668,144.5425,False,False,False,False,False,False,False,False,False,False,False,-0.2349823321554771,-0.3498233215547703,,,-0.160565371024735,-0.4563722025912841,-0.1607773851590106,-0.0865724381625441,-0.0050466654804845,-0.2429906542056077,92.5,101.7,0.5830721003134797,-0.016258677383997,0.0011779575252246,-0.0004115966786822
2008-08-07,53.94905694269805,56.36035566732532,53.94905694269805,55.7,11.0,55.7,57.260000000000005,61.14000000000001,64.57600000000001,82.02666666666669,143.5085,False,False,False,False,False,False,False,False,False,True,False,-0.2980251346499102,-0.2675044883303412,,,-0.1593536804308798,-0.4726511071214844,-0.1436265709156194,-0.0089766606822262,-0.0049252275682704,-0.2132809944389925,93.8,101.5,0.0591397849462365,-0.0172200198216054,-0.0009613424376084,0.0001214379122141
2008-08-08,54.330000000000005,56.00000000000001,54.330000000000005,56.00000000000001,93.0,56.0,56.16,60.07000000000001,63.548,81.58933333333333,142.5135,False,False,False,False,False,False,False,False,False,False,False,-0.2910714285714286,-0.2767857142857143,,,-0.1347857142857141,-0.4569523809523806,-0.1482142857142857,0.0678571428571426,-0.00536017780102,-0.1716330947228234,94.5,93.2,8.454545454545455,-0.0161767482847612,0.0010432715368442,-0.0004349502327495
2008-08-11,56.03220241518114,56.61253594019552,50.529039677975845,52.2,584.0,52.2,54.94,58.85000000000001,62.328,81.14933333333333,141.516,False,False,False,False,False,False,False,False,False,True,False,-0.2950191570881227,-0.1973180076628353,,,-0.1940229885057471,-0.5545849297573434,-0.1513409961685825,0.206896551724138,-0.0054221024613058,-0.1201359388275276,92.2,87.0,6.279569892473118,-0.0195738672827621,-0.0033971189980009,-6.192466028585517e-05
2008-08-12,53.330000000000005,53.330000000000005,48.27,50.0,232.0,50.0,54.1,57.330000000000005,61.06,80.692,140.441,False,False,False,False,False,False,False,False,False,True,False,-0.294,-0.1,,,-0.2212,-0.6138399999999998,-0.09,0.1259999999999999,-0.0056676415671112,-0.0784929356357928,88.0,85.0,0.3972602739726027,-0.0207664592204389,-0.0011925919376767,-0.0002455391058053
2008-08-13,47.29723055619663,47.29723055619663,43.3,43.3,977.0,43.3,51.44000000000001,55.16,59.684,80.16133333333333,139.3035,False,False,False,False,False,False,False,False,False,True,False,-0.1501154734411085,0.1085450346420324,,,-0.3783833718244804,-0.8513010007698231,0.0531177829099308,0.4549653579676677,-0.0066199830342142,-0.0172226250906453,91.3,85.3,4.211206896551724,-0.0230547550432277,-0.0022882958227888,-0.000952341467103
2008-08-14,40.3506397134084,42.85191914022519,38.34961617195497,39.1,1556.0,39.1,48.12,52.69,58.33599999999999,79.57199999999999,138.13649999999998,False,False,False,False,False,False,False,False,False,True,False,0.0434782608695651,0.1841432225063937,,,-0.4919693094629153,-1.0350895140664955,0.09462915601023,0.4578005115089515,-0.0074062903198781,0.0463085974568231,90.3,83.3,1.5926305015353122,-0.0231075150850247,-5.276004179704391e-05,-0.0007863072856638
2008-08-15,44.203403075371824,44.203403075371824,38.35898663977817,39.7,1517.0,39.7,44.86,50.510000000000005,57.192,79.00133333333333,136.9475,False,False,False,False,False,False,False,False,False,False,False,0.0201511335012593,0.2065491183879092,,,-0.4406045340050377,-0.9899580184718724,0.0906801007556673,0.4282115869017632,-0.0072235067762567,0.1096812512373785,88.5,87.7,0.9749357326478147,-0.0200027975940689,0.0031047174909558,0.0001827835436213
2008-08-18,39.11811023622048,39.13809394515341,36.14053760521314,36.8,802.0,36.8,41.78000000000001,48.36,56.072,78.31866666666667,135.75249999999997,False,False,False,False,False,False,False,False,False,False,False,0.1385869565217392,0.269021739130435,,,-0.5236956521739132,-1.1282246376811598,0.1630434782608695,0.630434782608696,-0.0087165256473551,0.1832092638544253,88.8,88.3,0.5286750164798946,-0.0199743187330574,2.847886101149666e-05,-0.0014930188710984
2008-08-19,34.8004245683555,36.63886215680724,33.55148598924426,35.3,1003.0,35.3,38.84,46.470000000000006,54.992,77.50533333333334,134.579,False,False,False,False,False,False,False,False,False,False,False,0.2747875354107649,0.322946175637394,,,-0.5578470254957507,-1.1956185080264403,0.2521246458923514,0.889518413597734,-0.0104939014949508,0.268345168926189,90.0,87.3,1.2506234413965087,-0.0196392202502183,0.0003350984828391,-0.0017773758475956
2008-08-20,34.99147434156937,39.13809394515341,34.47189790931306,36.8,807.0,36.8,37.54,44.49000000000001,54.2,76.74666666666668,133.359,False,False,False,False,False,False,False,False,False,False,False,0.3043478260869566,0.2146739130434784,,,-0.4728260869565219,-1.0855072463768125,0.2038043478260869,0.9021739130434784,-0.0098853370396107,0.3659249269498761,88.7,88.3,0.8045862412761715,-0.0146125461254611,0.0050266741247571,0.0006085644553401
2008-08-21,37.49243203526818,40.8,37.49243203526818,40.8,594.0,40.8,37.88,43.00000000000001,53.544,75.93466666666667,132.059,False,False,False,False,False,False,False,False,False,False,False,0.1348039215686274,0.1029411764705883,,,-0.3123529411764706,-0.8611437908496735,0.0416666666666667,0.8308823529411766,-0.0106934031009114,0.4586046511627906,88.0,88.0,0.7360594795539034,-0.0122516061556851,0.0023609399697759,-0.0008080660613007
2008-08-22,40.34992588932806,41.57052865612648,38.6891057312253,40.5,663.0,40.5,38.04,41.45,52.824,75.052,130.795,False,False,False,False,False,False,False,False,False,True,False,0.182716049382716,0.1308641975308641,,,-0.3042962962962962,-0.853135802469136,-0.0049382716049383,0.9135802469135802,-0.0117607347794417,0.5558504221954159,86.0,96.3,1.116161616161616,-0.0136301681054066,-0.0013785619497214,-0.0010673316785303
2008-08-25,43.45925572519084,43.45925572519084,41.65011927480916,41.9,488.0,41.9,39.06,40.42,52.172,74.23466666666667,129.52550000000002,False,False,False,False,False,False,False,False,False,False,False,0.1145584725536993,0.1288782816229116,,,-0.2451551312649164,-0.7717104216388228,-0.0381861575178998,0.7899761336515514,-0.0110101300380775,0.6251855517070756,85.2,91.8,0.7360482654600302,-0.0124971248945794,0.0011330432108271,0.0007506047413642
2008-08-26,40.91181697023545,45.95957352287872,40.91181697023545,45.0,555.0,45.0,41.0,39.92,51.76000000000001,73.47733333333333,128.334,False,False,False,False,False,False,False,False,False,False,False,0.0377777777777778,0.051111111111111,,,-0.1502222222222225,-0.6328296296296296,-0.1733333333333332,0.6622222222222222,-0.0103070334615664,0.6918837675350699,83.3,99.8,1.1372950819672132,-0.0079598145285932,0.0045373103659862,0.000703096576511
2008-08-27,43.54721701063164,50.00125078173858,43.54721701063164,48.0,764.0,48.0,43.24,40.39,51.26800000000001,72.76133333333333,127.1325,False,False,False,False,False,False,False,False,False,True,True,-0.0687499999999999,-0.0104166666666666,,,-0.0680833333333335,-0.515861111111111,-0.24375,0.5625,-0.0098403914166866,0.7019064124783361,83.3,94.2,1.3765765765765765,-0.0095966294764766,-0.0016368149478834,0.0004666420448797
2008-08-28,47.46924239153896,49.937642995898976,45.240686380315125,46.3,466.0,46.3,44.34,41.11,50.52400000000001,72.02533333333334,125.9055,False,False,False,False,False,False,False,False,False,True,False,-0.0280777537796975,0.0302375809935206,,,-0.0912311015118792,-0.5556227501799857,-0.3023758099352052,0.6198704103671707,-0.0102186267794663,0.71588421308684,83.5,93.2,0.6099476439790575,-0.0147256749267674,-0.0051290454502908,-0.0003782353627797
2008-08-29,45.37736677115987,49.20135841170324,43.97590386624869,47.9,557.0,47.9,45.82,41.93,49.772,71.42133333333334,124.699,False,False,False,False,False,False,False,False,False,True,False,-0.0438413361169102,-0.0041753653444675,,,-0.0390814196242171,-0.4910508002783578,-0.394572025052192,0.6116910229645095,-0.0084568569615054,0.7312186978297163,81.7,96.0,1.1952789699570816,-0.0151088965683518,-0.0003832216415844,0.0017617698179609
2008-09-01,47.35027849185947,48.35070694087404,46.68999571550986,46.7,169.0,46.7,46.78000000000001,42.92,49.06399999999999,70.884,123.59900000000002,False,False,False,False,False,False,False,False,False,False,False,0.0128479657387579,-0.0513918629550322,,,-0.0506209850107064,-0.5178586723768736,-0.4496788008565311,0.6059957173447537,-0.0075804600944266,0.7262348555452004,82.7,93.5,0.3034111310592459,-0.0144301320723953,0.0006787644959565,0.0008763968670788
2008-09-02,46.7,47.52035132819195,44.849207369323054,46.7,429.0,46.7,47.11999999999999,44.06,48.324000000000005,70.37333333333333,122.5615,False,False,False,False,False,False,False,False,False,True,False,0.0128479657387579,-0.0256959314775161,,,-0.0347751605995717,-0.5069236259814418,-0.4282655246252677,0.494646680942184,-0.0072565365668813,0.6886064457557876,81.7,89.7,2.5384615384615383,-0.0153133018789832,-0.0008831698065879,0.0003239235275452
2008-09-03,46.71134989926126,47.03156480859638,44.7,44.7,161.0,44.7,46.46,44.85,47.512,69.832,121.53900000000002,False,False,False,False,False,False,False,False,False,True,False,0.0626398210290827,0.0201342281879194,,,-0.0629082774049216,-0.5622371364653241,-0.4407158836689038,0.5838926174496643,-0.0077519379844962,0.6606465997770343,77.7,92.5,0.3752913752913753,-0.0170904192625022,-0.0017771173835189,-0.0004954014176148
2008-09-04,44.67,45.0,43.0,45.0,239.0,45.0,46.2,45.27,46.75999999999999,69.32133333333333,120.5475,False,False,False,False,False,False,False,False,False,False,False,0.06,-0.0488888888888889,,,-0.0391111111111109,-0.540474074074074,-0.3711111111111111,0.6377777777777779,-0.0073666596141639,0.6430307046609232,72.8,93.8,1.484472049689441,-0.0160821214713432,0.0010082977911589,0.0003852783703322
2008-09-05,44.0,45.92,43.92,45.8,201.0,45.8,45.78000000000001,45.8,46.13199999999999,68.76266666666668,119.485,False,False,False,False,False,False,False,False,False,False,False,0.0414847161572053,-0.0545851528384279,,,-0.007248908296943,-0.5013682678311502,-0.3078602620087336,0.6921397379912665,-0.0081245637167453,0.6240174672489083,68.3,94.5,0.8410041841004184,-0.0136131102054972,0.0024690112658459,-0.0007579041025813
2008-09-08,45.97084301711388,48.96894147475175,45.97084301711388,47.3,450.0,47.3,45.9,46.34,45.69199999999999,68.216,118.4505,False,False,False,False,True,False,False,False,False,False,False,-0.0634249471458773,-0.095137420718816,,,0.0339957716701903,-0.442198731501057,-0.2959830866807611,0.6384778012684991,-0.008013760212658,0.6104876996115668,64.8,92.2,2.238805970149253,-0.009629694476057,0.0039834157294402,0.0001108035040872
2008-09-09,48.29936615254595,48.29936615254595,46.97020916965983,47.3,187.0,47.3,46.02,46.57,45.416,67.68266666666668,117.4745,False,False,False,False,False,False,False,False,False,False,False,-0.0380549682875263,-0.0655391120507398,,,0.039830866807611,-0.4309231853417903,-0.2896405919661733,0.7167019027484145,-0.0078799101690238,0.6162765729010095,62.3,88.0,0.4155555555555555,-0.0060771534261052,0.0035525410499517,0.0001338500436342
2008-09-10,46.67,47.67,45.42,47.5,146.0,47.5,46.58,46.52,45.052,67.13866666666668,116.558,False,False,False,False,False,False,False,False,False,True,False,-0.0399999999999999,-0.0673684210526316,,,0.0515368421052631,-0.413445614035088,-0.2378947368421052,0.7536842105263157,-0.0081026333558406,0.6358555460017195,56.6,91.3,0.7807486631016043,-0.0080795525170912,-0.002002399090986,-0.0002227231868167
2008-09-11,48.55089192025184,50.05246589716684,47.5498426023085,47.7,235.0,47.7,47.11999999999999,46.66,44.732,66.60133333333333,115.655,False,False,False,False,False,False,False,False,False,False,True,-0.1027253668763103,-0.1090146750524109,,,0.0622222222222222,-0.3962543675751221,-0.2243186582809224,0.7756813417190775,-0.0080679065484177,0.651735962280326,57.2,90.3,1.6095890410958904,-0.0071537154609675,0.0009258370561237,3.472680742289298e-05
2008-09-12,49.36104468219006,49.38105726872247,47.67998741346759,47.7,105.0,47.7,47.5,46.64,44.4,65.95333333333332,114.76,False,False,False,False,False,False,False,False,False,True,False,-0.0922431865828093,-0.1551362683438156,,,0.069182389937107,-0.3826694619147445,-0.2515723270440251,0.7064989517819706,-0.0098251288790055,0.6614493996569467,58.50000000000001,88.5,0.4468085106382978,-0.0074774774774774,-0.0003237620165099,-0.0017572223305878
2008-09-16,45.98885630498534,46.79830814346944,42.80101511391834,44.3,598.0,44.3,46.9,46.4,44.084,65.32,113.8855,False,False,False,False,False,False,False,False,False,False,False,-0.0338600451467268,-0.0902934537246049,,,0.0048758465011285,-0.474492099322799,-0.1715575620767493,0.8058690744920994,-0.0096958562972033,0.6808189655172413,58.2,88.8,5.695238095238095,-0.0071681335631974,0.00030934391428,0.0001292725818021
2008-09-17,46.0,46.330000000000005,45.0,45.5,372.0,45.5,46.54,46.28,43.904,64.596,113.009,False,False,False,False,False,False,False,False,False,False,False,-0.0285714285714285,-0.1824175824175823,,,0.035076923076923,-0.4196923076923077,-0.1714285714285713,0.7142857142857143,-0.0112081243420643,0.702895419187554,55.3,90.0,0.6220735785953178,-0.0040998542274052,0.0030682793357921,-0.0015122680448609
2008-09-18,45.02962475312706,46.53061224489796,43.5486504279131,45.6,564.0,45.6,46.16,46.37,43.996,63.94800000000001,112.0745,False,False,False,False,False,False,True,False,True,False,False,-0.0285087719298246,-0.2039473684210527,,,0.0351754385964912,-0.4023684210526317,-0.1622807017543859,0.7061403508771928,-0.0101332332520172,0.7146862195384946,60.3,88.7,1.5161290322580645,0.0020910991908355,0.0061909534182407,0.0010748910900471
2008-09-19,45.9677795937427,46.187625496147554,41.62082652346486,42.8,309.0,42.8,45.17999999999999,46.15,44.144,63.276000000000025,111.1385,False,False,False,False,False,False,True,False,False,False,False,-0.0070093457943924,-0.2453271028037383,,,-0.0314018691588785,-0.4784112149532717,-0.1425233644859811,0.810747663551402,-0.0106201403375684,0.7310942578548213,64.9,88.0,0.5478723404255319,0.0033526640086987,0.0012615648178632,-0.0004869070855512
2008-09-22,44.44920378490653,45.79826909762289,41.801038541426266,43.3,315.0,43.3,44.3,45.900000000000006,44.288,62.57333333333336,110.151,False,False,False,False,False,False,True,False,False,True,False,-0.069284064665127,-0.3302540415704387,,,-0.0228175519630484,-0.4451116243264056,-0.1224018475750576,0.8129330254041571,-0.0112294907308757,0.7427015250544658,66.7,86.0,1.019417475728155,0.0032514450867051,-0.0001012189219935,-0.0006093503933072
2008-09-24,40.30175110903572,42.869950968947,40.30175110903572,42.8,622.0,42.8,44.0,45.45,44.52799999999999,61.89733333333335,109.1735,False,False,False,False,False,False,True,False,False,False,False,-0.058411214953271,-0.3995327102803738,,,-0.0403738317757008,-0.446199376947041,-0.0467289719626168,0.752336448598131,-0.010921310557267,0.7544554455445542,64.4,85.2,1.9746031746031747,0.0053898670499459,0.0021384219632408,0.0003081801736087
2008-09-25,45.36078786506679,45.61095766357256,43.69966040298846,44.2,413.0,44.2,43.74,45.14,44.88399999999999,61.29066666666668,108.1945,False,False,False,False,False,False,True,False,False,False,False,-0.1583710407239819,-0.3959276018099548,,,-0.0154751131221717,-0.3866666666666669,0.0113122171945701,0.6515837104072397,-0.0098981900452489,0.7483385024368631,65.2,83.3,0.6639871382636656,0.0079315569022369,0.0025416898522909,0.0010231205120181
2008-09-26,44.96954658244981,44.96954658244981,42.87096774193548,44.3,127.0,44.3,43.48,44.82,45.184,60.64800000000002,107.1745,False,False,False,False,False,False,True,False,False,True,False,-0.1805869074492099,-0.4356659142212189,,,-0.0199548532731377,-0.3690293453724609,0.0090293453724606,0.6749435665914223,-0.0105966671063623,0.7405176260597952,65.0,83.3,0.3075060532687651,0.0066395184135978,-0.001292038488639,-0.0006984770611134
2008-09-29,43.900000000000006,45.0,42.5,42.5,113.0,42.5,43.42,44.3,45.25199999999999,59.96400000000003,106.1205,False,False,False,False,False,False,True,False,False,True,False,-0.24,-0.3341176470588235,,,-0.0647529411764703,-0.4109176470588241,0.136470588235294,0.9011764705882352,-0.0114068441064637,0.7521444695259596,63.8,83.5,0.889763779527559,0.0015026960134356,-0.0051368224001621,-0.0008101770001013
2008-09-30,38.97098933796181,41.63900322340689,37.97173320109099,40.3,432.0,40.3,42.82000000000001,43.56,45.244,59.241333333333365,104.9805,False,False,False,False,False,False,False,False,False,True,False,-0.2803970223325061,-0.2133995037220843,,,-0.1226799007444169,-0.4700082712985948,0.2406947890818859,1.1712158808933004,-0.0121986901037562,0.7959136822773183,61.50000000000001,81.7,3.8230088495575214,-0.0001768190257269,-0.0016795150391625,-0.0007918459972925
2008-10-01,40.3,41.798884205306216,39.17084056533597,40.3,398.0,40.3,42.32000000000001,43.16,45.18,58.549333333333344,103.8235,False,False,False,False,False,False,False,False,False,True,False,-0.3622828784119106,-0.173697270471464,,,-0.1210918114143921,-0.4528370554177009,0.1985111662531017,1.3771712158808933,-0.0118190927309167,0.8491658943466172,58.3,82.7,0.9212962962962964,-0.0014165559982293,-0.0012397369725023,0.0003795973728395
2008-10-02,39.862146892655375,39.862146892655375,36.85972558514932,37.2,232.0,37.2,40.92,42.33,44.868,57.87200000000002,102.6345,False,False,False,False,False,False,False,False,False,True,False,-0.2822580645161291,-0.0967741935483871,,,-0.2061290322580644,-0.5556989247311832,0.2096774193548386,1.8010752688172045,-0.0117039904156297,0.9473186865107488,54.2,81.7,0.5829145728643216,-0.0069537309441026,-0.0055371749458733,0.000115102315287
2008-10-03,36.63971924029728,37.96862097440132,33.30247729149463,36.3,377.0,36.3,39.32000000000001,41.4,44.39999999999999,57.13866666666669,101.46599999999998,False,False,False,False,False,False,False,False,False,True,False,-0.3112947658402203,-0.0027548209366389,,,-0.2231404958677684,-0.5740679522497711,0.1707988980716254,2.0991735537190084,-0.0128342745134643,1.0748792270531402,56.6,77.7,1.625,-0.0105405405405407,-0.0035868095964381,-0.0011302840978346
2008-10-06,34.30875618811881,34.648545792079204,31.65040222772277,32.3,251.0,32.3,37.28,40.35000000000001,43.83999999999999,56.36533333333335,100.32349999999995,False,False,False,False,False,False,False,False,False,True,False,-0.1238390092879256,0.1455108359133128,,,-0.3572755417956654,-0.7450567595459244,0.3622291021671828,2.705882352941177,-0.0137200170317452,1.2334572490706317,55.7,72.8,0.6657824933687002,-0.0127737226277372,-0.0022331820871965,-0.0008857425182809
2008-10-07,29.34023464458248,30.020703933747413,29.0,29.0,968.0,29.0,35.02,38.92,43.084,55.57200000000002,99.11449999999996,False,False,False,False,False,False,False,False,False,True,False,0.093103448275862,0.2310344827586208,,,-0.4856551724137932,-0.916275862068966,0.4896551724137932,2.9379310344827587,-0.0142757743707863,1.4072456320657758,56.00000000000001,68.3,3.856573705179283,-0.017547117259307,-0.0047733946315697,-0.000555757339041
2008-10-08,26.00023364485981,27.19116043613707,25.66997663551402,25.7,730.0,25.7,32.1,37.21,42.24399999999999,54.73066666666669,97.93049999999997,False,False,False,False,False,False,False,False,False,True,False,0.2957198443579766,0.4280155642023348,,,-0.6437354085603111,-1.1295979247730232,0.6653696498054474,3.443579766536965,-0.0153722471253165,1.623219564633163,52.2,64.8,0.7541322314049587,-0.0198844806363036,-0.0023373633769965,-0.0010964727545302
2008-10-09,25.06694183864916,28.38315196998124,25.06694183864916,26.7,334.0,26.7,30.0,35.459999999999994,41.444,53.88666666666668,96.77649999999996,False,False,False,False,False,False,False,False,False,False,False,0.2584269662921349,0.4119850187265919,,,-0.5522097378277155,-1.0182272159800254,0.7153558052434457,3.243445692883895,-0.0156625015464558,1.8663282571912017,50.0,62.3,0.4575342465753425,-0.0193031560660165,0.000581324570287,-0.0002902544211392
2008-10-10,26.32,26.32,23.020000000000003,25.0,476.0,25.0,27.74,33.53,40.65599999999999,53.03733333333335,95.71399999999998,False,False,False,False,False,False,False,False,False,True,False,0.4480000000000001,0.5280000000000001,,,-0.6262399999999997,-1.121493333333334,0.968,3.508,-0.0160138770174467,2.146137787056367,43.3,56.6,1.4251497005988023,-0.0193821330184969,-7.897695248037725e-05,-0.0003513754709908
2008-10-14,28.3,28.3,28.220084715848923,28.3,1782.0,28.3,26.940000000000005,32.11,39.988,52.24133333333336,94.64699999999996,False,False,False,False,False,False,False,False,False,False,False,0.3074204946996466,0.2968197879858658,,,-0.4130035335689045,-0.8459835100117794,0.6890459363957596,3.0353356890459366,-0.0152369771062503,2.38928682653379,39.1,57.2,3.7436974789915967,-0.0167050115034508,0.002677121515046,0.0007768999111963
2008-10-15,29.19763182822861,31.7,28.8573097568677,31.7,492.0,31.7,27.48,31.25,39.424,51.51733333333336,93.60949999999994,False,False,False,False,False,False,False,False,False,False,False,0.1261829652996846,0.1987381703470031,,,-0.2436593059936908,-0.6251524710830714,0.4984227129337539,2.548895899053628,-0.0140535224390495,2.5625600000000004,39.7,58.50000000000001,0.2760942760942761,-0.0143060064935064,0.0023990050099443,0.0011834546672007
2008-10-16,31.97119711971197,33.7995499549955,29.29360936093609,33.3,1008.0,33.3,29.0,30.55,38.864,50.82533333333336,92.62199999999996,False,False,False,False,False,False,False,False,False,True,False,0.1021021021021022,0.2252252252252252,,,-0.1670870870870871,-0.5262862862862873,0.4504504504504505,2.3993993993994,-0.0136152574831448,2.7011456628477903,36.8,58.2,2.048780487804878,-0.0144092219020173,-0.0001032154085108,0.0004382649559046
2008-10-17,35.031277926720286,37.36336014298481,32.52904378909741,33.6,560.0,33.6,30.380000000000003,30.190000000000005,38.316,50.16266666666669,91.65249999999996,False,False,False,False,False,False,False,False,False,False,False,0.1220238095238095,0.3303571428571429,,,-0.1403571428571428,-0.4929365079365085,0.4732142857142856,2.369047619047618,-0.0132103556429749,2.7750910897648224,35.3,55.3,0.5555555555555556,-0.014302119219125,0.0001071026828923,0.0004049018401698
2008-10-20,33.551463279955826,37.39933738266152,33.551463279955826,36.2,547.0,36.2,32.620000000000005,30.18,37.864,49.53466666666668,90.66699999999996,False,False,False,False,False,False,False,False,False,False,False,0.0552486187845303,0.2348066298342541,,,-0.0459668508287291,-0.3683609576427258,0.4281767955801104,2.102209944751381,-0.0126779898253076,2.775679257786614,36.8,60.3,0.9767857142857144,-0.0119374603845342,0.0023646588345907,0.0005323658176673
2008-10-21,38.24067063277448,39.19118442401298,36.2395889670092,37.0,465.0,37.0,34.36,30.65,37.43600000000001,48.91466666666667,89.62299999999996,False,False,False,False,False,False,False,False,False,False,True,-0.008108108108108,0.3054054054054053,,,-0.0117837837837839,-0.3220180180180181,0.491891891891892,2.054054054054054,-0.0126751349288559,2.695921696574226,40.8,64.9,0.850091407678245,-0.0114328453894644,0.0005046149950698,2.854896451737546e-06
2008-10-22,35.480000000000004,36.97,35.2,35.7,380.0,35.7,35.160000000000004,31.32,36.956,48.30133333333334,88.60999999999993,False,False,False,False,False,False,False,False,False,True,False,0.0644257703081231,0.4005602240896357,,,-0.0351820728291316,-0.3529785247432306,0.6750700280112043,2.1596638655462184,-0.0126980621652955,2.612388250319285,40.5,66.7,0.8172043010752689,-0.0129884186600282,-0.0015555732705638,-2.2927236439635942e-05
2008-10-23,34.19795473138806,36.7,33.69754567766567,36.7,747.0,36.7,35.84,32.42,36.65200000000001,47.688,87.64749999999995,False,False,False,False,True,False,False,False,False,False,False,0.1117166212534058,0.316076294277929,,,0.0013079019073568,-0.299400544959128,0.7166212534059946,2.098092643051771,-0.0128613767265001,2.488278840222085,41.9,64.4,1.9657894736842103,-0.0082942267816215,0.0046941918784066,-0.0001633145612045
2008-10-24,38.360525617202015,38.360525617202015,35.69840722059995,37.7,370.0,37.7,36.66,33.52,36.34000000000001,47.10133333333333,86.66099999999993,False,False,False,False,False,False,False,False,False,True,False,0.1856763925729442,0.1936339522546418,,,0.0360742705570289,-0.2493722369584436,0.4933687002652518,2.0053050397877983,-0.0124554152748685,2.373806682577565,45.0,65.2,0.4953145917001338,-0.0085855806274077,-0.0002913538457861,0.0004059614516315
2008-10-27,35.69803510610428,39.03065234477339,35.69803510610428,38.2,177.0,38.2,37.06,34.84,36.04400000000001,46.574666666666666,85.71449999999996,False,False,False,False,False,False,False,False,False,False,False,0.1701570680628272,0.1125654450261779,,,0.056439790575916,-0.2192321116928445,0.6492146596858639,2.1858638743455496,-0.0113080072142222,2.2718140068886328,48.0,65.0,0.4783783783783784,-0.0082121851070913,0.0003733955203164,0.0011474080606462
2008-10-28,37.20040905372239,39.53231524406873,35.699181892555224,36.7,160.0,36.7,37.0,35.67999999999999,35.80000000000001,46.09333333333333,84.75199999999997,False,False,False,False,False,False,False,False,False,False,False,0.316076294277929,0.1989100817438691,,,0.0245231607629425,-0.2559491371480469,0.5531335149863761,2.0871934604904627,-0.0104425802719121,2.1922645739910323,46.3,63.8,0.903954802259887,-0.0068156424581005,0.0013965426489907,0.00086542694231
2008-10-29,39.17,39.5,36.67,38.0,86.0,38.0,37.46,36.31,35.58800000000001,45.68933333333333,83.78799999999995,False,False,False,False,False,False,False,False,False,False,False,0.3157894736842105,0.1368421052631579,,,0.0634736842105261,-0.2023508771929823,0.4921052631578948,2.1789473684210527,-0.0088423264365131,2.159735610024786,47.9,61.50000000000001,0.5375,-0.0059570641789368,0.0008585782791637,0.001600253835399
2008-10-30,37.9720793534166,40.8,36.503159441587066,40.8,327.0,40.8,38.28000000000001,37.06,35.50800000000001,45.36933333333333,82.88799999999998,False,False,False,False,False,False,False,False,False,False,False,0.1838235294117647,0.0490196078431372,,,0.1297058823529408,-0.1119934640522875,0.4705882352941179,1.860294117647059,-0.0070532224410027,2.105234754452239,46.7,58.3,3.802325581395349,-0.0022530134054297,0.003704050773507,0.0017891039955104
2008-10-31,40.35708529214238,45.030221625251855,40.02686366689053,44.7,671.0,44.7,39.67999999999999,38.17,35.52800000000001,45.13466666666666,82.06149999999998,False,False,False,False,False,False,True,False,False,False,False,0.006711409395973,0.0246085011185681,,,0.2051901565995523,-0.0097240865026097,0.4921700223713646,1.6845637583892616,-0.0051992555611356,2.0327482315954937,46.7,54.2,2.051987767584098,0.0005629362756136,0.0028159496810434,0.0018539668798671
2008-11-04,44.7,45.86077904633983,43.52921423774346,44.7,277.0,44.7,40.98,39.02,35.54400000000001,44.97599999999999,81.26849999999999,False,False,False,False,False,False,True,False,False,True,False,-0.0492170022371365,0.1006711409395973,,,0.2048322147651004,-0.006174496644295,0.5659955257270692,1.5906040268456374,-0.0035278074232183,1.975653511019989,44.7,56.6,0.4128166915052161,0.0004501462975466,-0.000112789978067,0.0016714481379172
2008-11-05,46.64103041589075,48.79968963376784,43.64289261328367,48.3,240.0,48.3,43.3,40.15,35.77600000000001,44.85733333333333,80.52649999999998,False,False,False,False,False,False,True,False,True,False,False,-0.0890269151138715,-0.010351966873706,,,0.2592960662525877,0.0712767425810904,0.5465838509316772,1.3706004140786752,-0.0026454240109382,1.8956413449564136,45.0,55.7,0.8664259927797834,0.0064847942754919,0.0060346479779452,0.00088238341228
2008-11-06,46.68,50.67,45.02,50.0,273.0,50.0,45.7,41.58,36.16400000000001,44.744,79.75549999999998,False,False,False,False,False,False,True,False,False,False,False,-0.1359999999999999,-0.05,,,0.2767199999999998,0.10512,0.55,1.29,-0.0025329280648428,1.8001443001443005,45.8,56.00000000000001,1.1375,0.0107289016701691,0.0042441073946772,0.0001124959460954
2008-11-07,50.13885785226567,52.29751707014276,47.47051520794537,48.3,327.0,48.3,47.2,42.74,36.484,44.612,78.90549999999998,False,False,False,False,False,False,True,False,False,True,False,-0.113871635610766,0.0,,,0.2446376811594202,0.0763561076604553,0.5527950310559007,1.3809523809523812,-0.0029588451537702,1.7271876462330369,47.3,52.2,1.1978021978021978,0.0087709680956033,-0.0019579335745658,-0.0004259170889273
2008-11-10,49.330000000000005,50.5,45.0,45.0,195.0,45.0,47.260000000000005,43.47,36.796,44.47466666666666,78.10149999999997,False,False,False,False,False,False,True,False,False,True,False,0.0177777777777777,0.1,,,0.1823111111111111,0.0116740740740742,0.6622222222222222,1.5,-0.0030879002278453,1.6795491143317232,47.3,50.0,0.5963302752293578,0.008479182519839,-0.0002917855757643,-0.000129055074075
2008-11-11,45.0,45.17,41.830000000000005,42.5,466.0,42.5,46.82,43.9,37.044,44.23733333333333,77.35549999999996,False,False,False,False,False,False,True,False,False,True,False,0.1576470588235294,0.2164705882352942,,,0.1283764705882353,-0.0408784313725489,0.7647058823529411,1.736470588235294,-0.0053650009042134,1.6410022779043278,47.5,43.3,2.3897435897435897,0.0066947413886188,-0.0017844411312201,-0.0022771006763681
2008-11-12,42.52,46.330000000000005,42.52,44.0,233.0,44.0,45.96,44.63,37.512,43.95866666666666,76.58799999999997,False,False,False,False,False,False,True,False,False,False,False,0.0863636363636363,0.2545454545454546,,,0.1474545454545454,0.0009393939393941,0.7045454545454546,1.768181818181818,-0.0063392884224576,1.6168496526999774,47.7,39.1,0.5,0.0124760076775432,0.0057812662889244,-0.0009742875182441
2008-11-13,43.86045865184156,45.031271716469774,42.359416261292566,43.2,456.0,43.2,44.6,45.15,38.08,43.64533333333332,75.84999999999997,False,False,False,False,False,False,True,False,False,False,False,0.0995370370370369,0.3842592592592591,,,0.1185185185185186,-0.0103086419753082,0.787037037037037,1.6435185185185184,-0.0071790798558075,1.5720930232558137,47.7,39.7,1.9570815450643777,0.0149159663865545,0.0024399587090112,-0.0008397914333499
2008-11-14,42.71990643274854,46.63447953216374,42.71990643274854,42.8,491.0,42.8,43.5,45.35,38.764,43.35733333333332,75.11399999999998,False,False,False,False,False,False,True,False,False,False,False,0.1285046728971962,0.4719626168224302,,,0.0942990654205606,-0.0130218068535823,0.752336448598131,1.47196261682243,-0.0066424749369579,1.5367144432194044,44.3,36.8,1.0767543859649122,0.0176452378495512,0.0027292714629966,0.0005366049188496
2008-11-17,46.139777438359154,46.6394501418285,44.97054331224089,45.8,137.0,45.8,43.66,45.46,39.528,43.09866666666665,74.38449999999997,False,False,False,False,False,False,True,False,False,False,False,0.0807860262008734,0.2292576419213974,,,0.136943231441048,0.0589810771470162,0.5240174672489083,1.12882096069869,-0.0060017324588541,1.481082270127585,45.5,35.3,0.2790224032586558,0.0193280712406394,0.0016828333910881,0.0006407424781037
2008-11-18,46.85857230018304,49.2,46.35826723611959,49.2,303.0,49.2,45.0,45.91,40.496,42.887999999999984,73.7845,False,False,False,False,False,False,True,False,False,False,False,0.0508130081300813,0.2804878048780488,,,0.176910569105691,0.1282926829268296,0.4390243902439023,0.8130081300813008,-0.0049120189019461,1.398823785667611,45.6,36.8,2.2116788321167884,0.0239035954168313,0.0045755241761919,0.0010897135569079
2008-11-19,48.969266150951285,49.139159523311726,47.8,47.8,226.0,47.8,45.760000000000005,45.86,41.276,42.67466666666664,73.2695,False,False,False,False,False,False,True,False,False,True,False,0.1548117154811716,0.1924686192468621,,,0.1364853556485354,0.1072245467224552,0.5418410041841005,0.7426778242677825,-0.0049990626757485,1.3334060183166163,42.8,40.8,0.7458745874587459,0.0188971799592984,-0.0050064154575329,-8.704377380238694e-05
2008-11-20,47.17,50.330000000000005,46.0,47.5,494.0,47.5,46.620000000000005,45.61,41.908,42.48799999999998,72.73199999999999,False,False,False,False,False,False,True,False,False,True,False,0.2589473684210526,0.1936842105263158,,,0.1177263157894736,0.1055157894736846,0.631578947368421,1.2484210526315789,-0.0043933973514088,1.3293137469853102,43.3,40.5,2.185840707964602,0.0150806528586426,-0.0038165271006557,0.0006056653243397
2008-11-21,47.47051520794537,49.799068901303535,46.64103041589075,48.3,487.0,48.3,47.720000000000006,45.61,42.508,42.35466666666665,72.24849999999998,False,True,False,False,False,False,True,False,False,True,False,0.3043478260869567,0.2422360248447207,,,0.1199171842650102,0.1230917874396137,0.6045548654244307,1.2422360248447206,-0.0031480198954855,1.3146239859679894,42.8,41.9,0.98582995951417,0.0141149901195069,-0.0009656627391357,0.0012453774559233
2008-11-25,48.35,50.5,48.330000000000005,49.5,653.0,49.5,48.46,46.06,43.144,42.29199999999999,71.77099999999997,False,False,False,False,False,False,True,False,False,False,True,0.1373737373737373,0.3474747474747475,,,0.1284040404040404,0.1456161616161618,0.6404040404040404,1.1878787878787878,-0.0014817617201046,1.2828918801563172,44.2,45.0,1.340862422997947,0.0147413313554606,0.0006263412359537,0.0016662581753809
2008-11-26,49.52874008128508,52.360383201083806,49.52874008128508,51.7,623.0,51.7,48.96,46.98,43.764,42.22666666666665,71.338,False,False,False,False,False,False,True,False,False,True,False,0.2185686653771761,0.3539651837524177,,,0.1535009671179883,0.1832366215344942,0.611218568665377,1.0309477756286265,-0.0015472055573097,1.214133673903789,44.3,48.0,0.9540581929555896,0.0141668951649758,-0.0005744361904848,-6.544383720516488e-05
2008-11-27,53.35899945622621,56.70081566068515,53.02882001087548,55.2,585.0,55.2,50.44,48.1,44.492,42.21999999999999,70.93499999999999,False,False,False,False,False,False,True,False,False,False,False,0.0326086956521739,0.3532608695652173,,,0.1939855072463769,0.235144927536232,0.5344202898550724,0.9329710144927535,-0.0001579030475286,1.131185031185031,42.5,46.3,0.9390048154093098,0.0163624921334171,0.0021955969684412,0.0013893025097811
2008-11-28,56.47166973090423,59.96991475848236,56.47166973090423,59.8,846.0,59.8,52.9,49.760000000000005,45.456,42.270666666666656,70.58799999999998,False,False,False,False,False,False,True,True,False,False,False,-0.051839464882943,0.2959866220735787,,,0.2398662207357858,0.2931326644370124,0.3612040133779265,0.7859531772575251,0.0011986247358293,1.0452170418006428,40.3,47.9,1.446153846153846,0.0212073213657164,0.0048448292322993,0.001356527783358
2008-12-01,61.67,64.33,59.17,63.00000000000001,730.0,63.0,55.84,51.78000000000001,46.508,42.41466666666666,70.38199999999999,False,False,False,False,False,False,True,True,False,False,False,-0.0476190476190476,0.1904761904761903,,,0.2617777777777778,0.3267513227513229,0.2698412698412697,0.6936507936507935,0.0033950520260288,0.9671687910390108,40.3,46.7,0.8628841607565012,0.0226197643416186,0.0014124429759022,0.0021964272901994
2008-12-02,62.96644771879993,62.96644771879993,56.3,56.3,825.0,56.3,57.2,52.83,47.252,42.49866666666667,70.20949999999999,False,False,False,False,False,False,True,True,False,True,False,0.1847246891651866,0.3285968028419183,,,0.1607104795737121,0.2451391355831851,0.3854351687388988,0.8117229129662523,0.0019765325971013,0.9365890592466404,37.2,46.7,1.13013698630137,0.0157453652755438,-0.0068743990660747,-0.0014185194289275
2008-12-03,56.330000000000005,63.00000000000001,56.330000000000005,63.00000000000001,430.0,63.0,59.46,54.21,48.244,42.76133333333334,70.00349999999999,False,False,False,False,False,False,True,True,False,False,False,0.1111111111111109,0.1904761904761903,,,0.2342222222222223,0.3212486772486772,0.2349206349206347,0.7111111111111109,0.0061426210595242,0.9216011805939864,36.3,44.7,0.5212121212121212,0.0205621424425834,0.0048167771670395,0.0041660884624228
2008-12-04,63.330000000000005,63.50000000000001,56.67,57.00000000000001,401.0,57.0,59.82000000000001,55.13000000000001,49.056,43.00000000000001,69.851,False,False,False,False,False,False,True,True,False,True,False,0.3105263157894736,0.3157894736842103,,,0.1393684210526317,0.2456140350877192,0.3596491228070174,0.9298245614035086,0.0055503875968992,0.9379648104480316,32.3,45.0,0.9325581395348838,0.016552511415525,-0.0040096310270584,-0.0005922334626249
2008-12-05,56.7,57.36034939121229,51.697353096876654,56.7,184.0,56.7,59.2,56.05,49.804,43.226666666666674,69.6345,False,False,False,False,False,False,True,True,False,True,False,0.3668430335097001,0.3615520282186948,,,0.1216225749559083,0.2376249265138153,0.384479717813051,0.9541446208112874,0.0052436767427513,0.9132917038358608,29.0,45.8,0.4588528678304239,0.0150188739860253,-0.0015336374294997,-0.0003067108541478
2008-12-08,58.330000000000005,63.17,58.330000000000005,60.00000000000001,344.0,60.0,58.6,57.220000000000006,50.572,43.536,69.351,False,False,False,False,False,False,True,True,False,False,False,0.2499999999999998,0.2499999999999998,,,0.1571333333333333,0.2744000000000001,0.2499999999999998,0.8633333333333331,0.0071052309200047,0.8802866130723522,25.7,47.3,1.8695652173913044,0.0151862690817053,0.0001673950956799,0.0018615541772533
2008-12-09,61.527673616319184,66.7,61.527673616319184,66.7,718.0,66.7,60.68000000000001,58.94000000000001,51.452000000000005,43.95466666666667,69.097,False,False,False,False,False,False,True,True,False,False,False,0.12143928035982,0.0464767616191903,,,0.2286056971514242,0.3410094952523738,0.0944527736131933,0.6866566716641679,0.0095249651155736,0.8325415676959617,26.7,47.3,2.0872093023255816,0.0171033195988494,0.0019170505171441,0.0024197341955688
2008-12-10,66.92,73.25,66.92,70.0,507.0,70.0,62.080000000000005,60.77,52.464000000000006,44.397333333333336,68.89699999999999,False,False,False,False,False,False,True,True,False,False,False,0.0714285714285714,0.0114285714285713,,,0.2505142857142856,0.3657523809523809,0.06,0.5714285714285714,0.0099705688029311,0.7855849925950305,25.0,47.5,0.7061281337047354,0.019289417505337,0.0021860979064875,0.0004456036873575
2008-12-11,73.35946163117718,76.53073523503416,73.35946163117718,74.7,335.0,74.7,65.62,62.720000000000006,53.52,44.84933333333333,68.74950000000001,False,False,False,False,False,False,True,True,False,False,False,0.004016064257028,-0.0133868808567603,,,0.2835341365461847,0.3996073181615351,0.0816599732262382,0.5167336010709503,0.010078187709962,0.7405931122448978,28.3,47.7,0.6607495069033531,0.0197309417040358,0.0004415241986988,0.0001076189070309
2008-12-12,75.33,79.67,72.67,77.5,351.0,77.5,69.78,64.49,54.62000000000001,45.342666666666666,68.62450000000001,False,False,False,False,False,False,True,True,False,False,False,-0.0038709677419354,0.0,,,0.2952258064516127,0.4149333333333333,0.1290322580645161,0.4193548387096774,0.0108801129179287,0.6977826019537912,31.7,47.7,1.0477611940298508,0.0201391431709997,0.0004082014669639,0.0008019252079667
2008-12-15,74.83,75.5,71.58,75.0,312.0,75.0,72.78,65.69,55.68800000000001,45.784,68.40350000000001,False,False,False,False,False,False,True,True,False,True,False,0.0,0.0333333333333333,,,0.2574933333333332,0.3895466666666667,0.2773333333333333,0.4666666666666667,0.0096394664802842,0.6717917491246762,33.3,44.3,0.8888888888888888,0.0191782789829047,-0.000960864188095,-0.0012406464376445
2008-12-16,74.9699318455165,74.9699318455165,73.30060136308967,74.8,173.0,74.8,74.4,67.53999999999999,56.88,46.181333333333335,68.18149999999999,False,False,False,False,False,False,True,True,False,False,False,-0.0668449197860962,0.0855614973262032,,,0.2395721925133689,0.382602495543672,0.393048128342246,0.5066844919786098,0.0086037648689225,0.6418418714835655,33.6,45.5,0.5544871794871795,0.0209563994374119,0.0017781204545072,-0.0010357016113616
2008-12-17,74.17,75.0,72.58,75.0,304.0,75.0,75.4,68.74,58.18,46.54133333333333,67.98549999999999,False,False,False,False,False,False,True,True,False,False,False,-0.056,0.1106666666666666,,,0.2242666666666666,0.3794488888888889,0.5,0.54,0.0077350598750929,0.624381728251382,36.2,45.6,1.7572254335260116,0.0223444482640082,0.0013880488265962,-0.0008687049938296
2008-12-18,74.92,75.17,70.25,75.0,520.0,75.0,75.46000000000001,70.53999999999999,59.42,46.924,67.81049999999999,False,False,False,False,False,False,True,True,False,True,False,-0.0173333333333332,0.1293333333333333,,,0.2077333333333333,0.3743466666666666,0.5960000000000001,0.6506666666666666,0.0081550308299947,0.6024950382761557,37.0,42.8,1.7105263157894737,0.0208683944799731,-0.001476053784035,0.0004199709549017
2008-12-19,75.02915640793054,77.61015938836336,73.35850719191396,77.2,1400.0,77.2,75.4,72.59,60.78,47.31466666666667,67.663,False,False,False,False,False,False,True,True,False,False,False,0.0038860103626942,0.0544041450777202,,,0.2126943005181347,0.3871157167530225,0.4792746113989637,0.8199481865284973,0.0082567773206335,0.5981540157046425,35.7,43.3,2.6923076923076925,0.0223757815070746,0.0015073870271015,0.0001017464906387
2008-12-22,73.83,76.17,72.67,75.0,85.0,75.0,75.4,74.09,62.06800000000001,47.69199999999999,67.542,False,False,False,False,False,False,True,True,False,True,False,0.0333333333333333,0.0666666666666666,,,0.1724266666666665,0.3641066666666667,0.5226666666666667,0.8506666666666668,0.0079118790013697,0.6022405182885678,36.7,42.8,0.0607142857142857,0.0207514339111943,-0.0016243475958803,-0.0003448983192637
2008-12-24,71.6392095088071,71.6392095088071,69.64006873836459,69.8,324.0,69.8,74.4,74.4,63.028,48.0,67.366,False,False,False,False,False,False,True,True,False,True,False,0.1633237822349571,0.1174785100286533,,,0.0970200573065902,0.3123209169054441,0.6232091690544412,0.8624641833810889,0.0064166666666668,0.6190860215053762,37.7,44.2,3.8117647058823527,0.0152313257599794,-0.0055201081512148,-0.0014952123347029
2008-12-25,71.63964421855145,71.63964421855145,67.8012706480305,70.8,218.0,70.8,73.56,74.47999999999999,63.89200000000001,48.348,67.21999999999998,False,False,False,False,False,False,True,True,False,True,False,0.1765536723163842,0.0988700564971751,,,0.0975706214689263,0.3171186440677966,0.5918079096045199,0.8121468926553674,0.0071978158351948,0.641917293233083,38.2,44.3,0.6728395061728395,0.0135228197583423,-0.0017085060016371,0.000781149168528
2008-12-26,74.20020361069636,76.53115243654135,72.52952355097055,73.7,253.0,73.7,73.3,74.38,64.928,48.73066666666666,67.08449999999999,False,False,False,False,False,False,True,True,False,False,False,0.1492537313432835,0.0515603799185888,,,0.1190230664857531,0.3387969244685664,0.5495251017639077,0.6919945725915875,0.0078526868775307,0.6594514654477012,36.7,42.5,1.1605504587155964,0.0159561360275996,0.0024333162692572,0.0006548710423359
2008-12-29,74.17,78.33,73.67,77.5,126.0,77.5,73.36,74.38,66.128,49.153333333333336,66.976,False,False,False,False,False,False,True,True,False,False,False,0.0503225806451613,0.0129032258064516,,,0.1467354838709677,0.365763440860215,0.4516129032258064,0.5741935483870968,0.0085989420859896,0.6755848346329659,38.0,40.3,0.4980237154150198,0.0181466247278006,0.002190488700201,0.0007462552084589
2008-12-30,78.33,78.42,77.5,77.5,50.0,77.5,73.86,74.63000000000001,67.296,49.556,66.8925,False,False,False,False,False,False,True,True,False,True,True,0.032258064516129,-0.032258064516129,,,0.1316645161290321,0.3605677419354839,0.4606451612903226,0.5587096774193548,0.0081254876637876,0.6844432533833575,40.8,40.3,0.3968253968253968,0.01735615786971,-0.0007904668580906,-0.000473454422202
2009-01-05,78.35895035111494,81.2,77.52864358753234,81.2,58.0,81.2,76.14,75.27000000000001,68.56400000000001,50.008,66.82350000000001,False,False,False,False,False,False,True,True,False,False,False,-0.0394088669950739,-0.1009852216748768,,,0.1556157635467979,0.3841379310344827,0.3940886699507389,0.481527093596059,0.009038553831387,0.6802178822904209,44.7,37.2,1.16,0.0184936701475993,0.0011375122778893,0.0009130661675994
2009-01-06,82.30036001440057,86.46885875435017,80.47101884075363,83.3,431.0,83.3,78.64,76.1,69.828,50.48533333333334,66.74,False,False,False,False,False,False,True,True,False,True,False,-0.0660264105642256,-0.1092436974789915,,,0.1617286914765905,0.3939335734293717,0.3481392557022809,0.4369747899159664,0.0094548911895204,0.6674113009198425,44.7,36.3,7.431034482758621,0.0181016211261957,-0.0003920490214035,0.0004163373581333
2009-01-07,85.03011692453053,85.03011692453053,83.3595252155427,84.7,138.0,84.7,80.84,77.07000000000001,71.008,50.97866666666667,66.676,False,False,False,False,False,False,True,True,False,True,False,-0.0850059031877214,-0.0460448642266824,,,0.1616528925619835,0.3981267217630854,0.3341204250295159,0.4167650531286894,0.0096772506146361,0.6414947450369795,48.3,32.3,0.3201856148491879,0.0166178458765208,-0.0014837752496748,0.0002223594251157
2009-01-08,82.97961188897077,82.97961188897077,80.65018422991895,81.4,125.0,81.4,81.62,77.49,71.87200000000001,51.428,66.6165,False,False,False,False,False,False,True,True,False,True,False,-0.0356265356265356,0.0749385749385748,,,0.1170515970515969,0.3682063882063883,0.3857493857493856,0.5749385749385747,0.0087371341163048,0.6167247386759583,50.0,29.0,0.9057971014492754,0.0120213713268034,-0.0045964745497173,-0.0009401164983312
2009-01-09,81.33,81.33,79.17,80.0,190.0,80.0,82.12,77.99,72.552,51.904,66.5705,False,False,False,False,False,False,True,True,False,True,False,-0.0625,0.1974999999999999,,,0.0930999999999999,0.3511999999999999,0.42125,0.4875,0.0091707768187424,0.5809719194768561,48.3,25.7,1.52,0.0093725879369278,-0.0026487833898755,0.0004336427024375
2009-01-13,76.67,79.17,76.67,78.0,155.0,78.0,81.47999999999999,78.81,73.42000000000002,52.33733333333333,66.5355,False,False,False,False,False,False,True,True,False,False,False,-0.0641025641025641,0.3358974358974359,,,0.0587179487179485,0.329008547008547,0.4525641025641025,0.5448717948717948,0.0082796219397242,0.552467960918665,45.0,26.7,0.8157894736842105,0.0118223917188778,0.0024498037819499,-0.0008911548790181
2009-01-14,77.96993447256841,79.96916356160864,76.97031992804831,77.8,109.0,77.8,80.38000000000001,79.50999999999999,74.012,52.766666666666666,66.48299999999999,False,False,False,False,False,False,True,True,False,True,False,-0.0462724935732647,0.4460154241645245,,,0.0486889460154241,0.3217652099400171,0.56426735218509,0.5745501285347044,0.0081364497789008,0.531505471009936,42.5,25.0,0.7032258064516129,0.0079987029130409,-0.0038236888058368,-0.0001431721608234
2009-01-15,78.67,78.67,74.33,77.5,284.0,77.5,78.94,79.89,74.832,53.22933333333333,66.3915,False,False,False,False,False,False,True,True,False,False,False,0.0425806451612902,0.5445161290322581,,,0.0344258064516129,0.3131698924731183,0.4619354838709677,0.6774193548387096,0.0086919493011371,0.5308549255225935,44.0,28.3,2.6055045871559632,0.0109578789822534,0.0029591760692125,0.0005554995222363
2009-01-16,77.5,79.83,77.0,78.5,94.0,78.5,78.36,79.99,75.70400000000001,53.69866666666667,66.28399999999999,False,False,False,False,False,False,True,True,False,False,False,0.1146496815286624,0.4547770700636943,,,0.0356178343949043,0.3159405520169851,0.5388535031847134,0.8050955414012737,0.0087401301087551,0.5535691961495187,43.2,31.7,0.3309859154929577,0.0115185459156717,0.0005606669334182,4.818080761796219e-05
2009-01-19,80.0,81.33,75.0,75.0,92.0,75.0,77.36,79.74,76.304,54.128,66.159,False,False,False,False,False,False,True,True,False,True,False,0.2773333333333333,0.5226666666666667,,,-0.0173866666666666,0.2782933333333333,0.556,0.8759999999999999,0.0079318159424573,0.5833960371206425,42.8,33.3,0.9787234042553192,0.007863283707276,-0.0036552622083956,-0.0008083141662977
2009-01-20,71.83,74.67,68.67,73.0,169.0,73.0,76.36,78.92,76.556,54.512,65.998,False,False,False,False,False,False,True,True,False,True,False,0.4273972602739726,0.552054794520548,,,-0.0487123287671232,0.2532602739726027,0.6438356164383562,0.8602739726027399,0.0070443205165835,0.6194880892042575,45.8,33.6,1.8369565217391304,0.0032917080307225,-0.0045715756765535,-0.0008874954258738
2009-01-21,72.3592557637859,75.8606714304975,72.3592557637859,74.2,149.0,74.2,75.64,78.01000000000002,76.724,54.91066666666667,65.84800000000001,False,False,False,False,False,False,True,True,False,True,False,0.5161725067385444,0.5188679245283019,,,-0.0340161725067385,0.2599640610961365,0.5606469002695417,0.80188679245283,0.0072602772988855,0.656326112036918,49.2,36.2,0.8816568047337278,0.0021896668578281,-0.0011020411728944,0.000215956782302
2009-01-22,76.6415439811951,80.8,76.30167017196585,80.8,174.0,80.8,76.3,77.62,76.968,55.42133333333334,65.75099999999999,False,False,False,True,True,False,True,True,False,False,False,0.4814356435643565,0.4133663366336634,,,0.0474257425742573,0.314092409240924,0.4170792079207921,0.6806930693069309,0.0092142616561612,0.6850038649832519,47.8,37.0,1.167785234899329,0.0031701486331982,0.00098048177537,0.0019539843572757
2009-01-23,83.33,87.5,83.33,87.5,828.0,87.5,78.1,78.22999999999999,77.368,56.05066666666667,65.7295,False,False,False,False,False,False,True,True,False,False,True,0.3051428571428571,0.2857142857142857,,,0.1157942857142857,0.3594209523809523,0.3085714285714285,0.5428571428571428,0.0112279366287644,0.6805573309472072,47.5,35.7,4.758620689655173,0.0051700961637885,0.0019999475305903,0.0020136749726032
2009-01-26,91.64130230616716,95.8,91.64130230616716,95.8,749.0,95.8,82.26,79.80999999999999,78.2,56.79066666666667,65.7825,False,False,False,False,False,False,True,True,False,False,False,0.1920668058455115,0.1816283924843424,,,0.1837160751565761,0.4071955462769658,0.2004175365344468,0.3935281837160752,0.0130303101448593,0.665455456709686,48.3,36.7,0.9045893719806763,0.0106393861892584,0.0054692900254698,0.0018023735160949
2009-01-27,98.35831813381972,104.2,96.6978400691178,104.2,506.0,104.2,88.5,82.42999999999999,79.37599999999999,57.684000000000005,65.86450000000002,False,False,False,False,False,False,True,True,False,False,False,0.0873320537428022,0.0863723608445297,,,0.2382341650671786,0.4464107485604606,0.0796545105566218,0.3032629558541267,0.0154866745255762,0.6310809171418174,49.5,37.7,0.6755674232309746,0.0148155613787541,0.0041761751894957,0.0024563643807168
2009-01-28,112.5,112.5,112.5,112.5,108.0,112.5,96.16,85.9,80.87599999999999,58.7,65.9985,False,False,False,False,False,False,True,True,False,False,False,0.0017777777777778,-0.0017777777777778,,,0.2811022222222223,0.4782222222222222,0.0337777777777777,0.2088888888888889,0.0173083475298125,0.580908032596042,51.7,38.2,0.2134387351778656,0.0185469113210346,0.0037313499422805,0.0018216730042363
2009-01-29,114.35866131862625,120.86029079969916,110.02757583354224,119.7,1586.0,119.7,103.94,90.12,82.664,59.865333333333325,66.158,False,False,False,False,False,False,True,True,False,False,False,-0.0459482038429406,-0.0559732664995823,,,0.309406850459482,0.4998719019771652,0.0175438596491226,0.1420217209690892,0.0194659123811218,0.5143142476697735,55.2,36.7,14.685185185185183,0.0216297299912901,0.0030828186702554,0.0021575648513093
2009-01-30,114.70013138302532,115.53034947884731,112.52956118069544,114.2,521.0,114.2,109.28,93.69,84.14399999999999,61.00133333333333,66.29500000000002,False,False,False,False,False,False,True,True,False,True,False,-0.0148861646234676,-0.0122591943957968,,,0.2631873905429073,0.4658377116170462,0.0,0.1821366024518388,0.0186225437695351,0.4494609883658876,59.8,38.0,0.328499369482976,0.0175888952272293,-0.0040408347640607,-0.0008433686115867
2009-02-02,113.52982394674608,114.2,112.52956118069544,114.2,595.0,114.2,112.96,97.61,85.71199999999999,62.18133333333333,66.43600000000002,False,False,False,False,False,False,True,True,False,False,False,-0.0087565674255691,-0.0043782837127845,,,0.2494570928196148,0.4555049620548745,-0.0735551663747811,0.1602451838879159,0.018976756154044,0.3828501178157975,63.00000000000001,40.8,1.1420345489443378,0.0182938211685644,0.000704925941335,0.0003542123845089
2009-02-03,115.79933821582988,116.46916085767228,112.47021971234447,113.3,347.0,113.3,114.78,101.64,87.45200000000001,63.336,66.58150000000002,False,False,False,False,False,False,True,True,False,False,False,-0.0008826125330979,0.0,,,0.2281376875551631,0.4409885260370697,-0.1394527802294792,0.3168578993821712,0.0182308113342596,0.3412042502951593,56.3,44.7,0.5831932773109244,0.0198966290079131,0.0016028078393487,-0.0007459448197844
2009-02-04,112.7,114.20039939646756,112.52995473506702,112.7,123.0,112.7,114.82,105.49,89.12799999999999,64.50533333333333,66.73600000000003,False,False,False,False,False,False,True,True,False,True,False,-0.0035492457852706,0.0798580301685891,,,0.2091570541259983,0.427636793847974,-0.2085181898846495,0.3220940550133096,0.0181277000351391,0.3067589344961607,63.00000000000001,44.7,0.3544668587896253,0.0188044161206351,-0.0010922128872779,-0.0001031112991205
2009-02-05,115.20026276605064,115.20026276605064,112.19947446789875,114.2,572.0,114.2,113.72,108.83,90.748,65.65066666666667,66.89450000000005,False,False,False,False,False,False,True,True,False,True,False,-0.010507880910683,-0.0078809106830123,,,0.2053590192644483,0.4251255107997665,-0.2705779334500876,0.2495621716287214,0.0174458751370893,0.2729945787007261,57.00000000000001,48.3,4.650406504065041,0.0178516330938424,-0.0009527830267927,-0.0006818248980497
2009-02-06,112.67,114.17,111.83,112.5,797.0,112.5,113.38,111.33,92.148,66.728,67.05000000000004,False,False,False,False,False,False,True,True,False,True,False,0.0026666666666666,0.0737777777777777,,,0.1809066666666667,0.4068622222222223,-0.0506666666666666,0.2177777777777777,0.0161451464652518,0.2462049761968922,56.7,50.0,1.393356643356643,0.0151929504709813,-0.0026586826228611,-0.0013007286718374
2009-02-09,112.52982239109303,114.20026508792084,112.19973491207917,113.2,407.0,113.2,113.18,113.07,93.576,67.79333333333332,67.20350000000005,False,False,False,False,False,False,True,True,False,False,False,0.004416961130742,0.0309187279151943,,,0.173356890459364,0.4011189634864547,-0.0432862190812721,0.2411660777385158,0.0157144261972661,0.233218360307774,60.00000000000001,48.3,0.5106649937264742,0.0152603231597845,6.737268880315991e-05,-0.0004307202679857
2009-02-10,113.2,113.2,111.69960236811876,113.2,152.0,113.2,113.16,113.97,94.85599999999998,68.85466666666665,67.35450000000006,False,False,False,False,False,False,True,True,False,True,False,0.0008833922261483,0.0600706713780918,,,0.1620494699646645,0.3917432273262664,-0.0432862190812721,0.3401060070671377,0.0154141089444432,0.2374309028691763,66.7,45.0,0.3734643734643734,0.013494138483596,-0.0017661846761884,-0.0003003172528228
2009-02-12,112.46995459805927,112.46995459805927,108.30106828095788,112.3,363.0,112.3,113.08,113.95,96.016,69.86933333333333,67.47700000000005,False,False,False,False,False,False,True,True,False,True,False,0.0837043633125557,0.0311665182546749,,,0.1450044523597506,0.3778331849213416,-0.0650044523597506,0.4398931433659839,0.0145223464753256,0.2602018429135585,70.0,42.5,2.388157894736842,0.0120813197800369,-0.0014128187035591,-0.0008917624691175
2009-02-13,112.5,113.33,112.5,113.0,330.0,113.0,112.84,113.28000000000002,97.148,70.88266666666667,67.61200000000004,False,False,False,False,False,False,True,True,False,True,False,0.0026548672566371,0.0132743362831858,,,0.140283185840708,0.3727197640117994,-0.0557522123893805,0.4008849557522125,0.0142959256611865,0.2867231638418079,74.7,44.0,0.9090909090909092,0.011652324288714,-0.0004289954913228,-0.000226420814139
2009-02-16,112.47008774262164,113.13990959851104,111.6403084286094,112.8,263.0,112.8,112.9,113.14,98.404,71.91066666666666,67.73200000000003,False,False,False,False,False,False,True,True,False,False,False,0.0709219858156028,0.0150709219858156,,,0.1276241134751773,0.3624940898345154,-0.0531914893617021,0.4423758865248226,0.0142955148054065,0.3127983029874492,77.5,43.2,0.796969696969697,0.0127637087923255,0.0011113845036114,-4.108557799982482e-07
2009-02-17,112.52969121140144,113.86004222750066,112.02955925046186,113.7,191.0,113.7,113.0,113.09,99.752,72.93733333333333,67.87450000000001,False,False,False,False,False,False,True,True,False,False,False,0.0263852242744063,0.011433597185576,,,0.1226737027264732,0.3585107006742891,-0.0615655233069481,0.4274406332453827,0.0140760104564649,0.3397294190467768,75.0,42.8,0.7262357414448669,0.0135135135135135,0.0007498047211879,-0.0002195043489416
2009-02-18,112.47021971234447,113.3,112.47021971234447,113.3,127.0,113.3,113.02,113.09,101.16400000000002,73.94533333333332,68.01950000000002,False,False,False,False,False,False,True,True,False,False,False,0.059135039717564,-0.0070609002647837,,,0.1071138570167694,0.3473492203589292,-0.0997352162400705,0.445719329214475,0.0136316918804882,0.3526394906711468,74.8,45.8,0.6649214659685864,0.0139575343007395,0.000444020787226,-0.0004443185759767
2009-02-19,114.19815073559629,121.7,114.19815073559629,121.7,213.0,121.7,114.9,113.98999999999998,102.92,75.05866666666667,68.2125,False,False,False,False,False,False,True,True,False,False,True,-0.0484798685291701,-0.0443714050944947,,,0.1543138866064092,0.3832484250890167,-0.114215283483977,0.370583401807724,0.0148328418659183,0.3575752258970084,75.0,49.2,1.6771653543307086,0.0170617955693741,0.0031042612686345,0.0012011499854301
2009-02-20,138.13342451248565,138.13342451248565,112.47021971234447,113.3,947.0,113.3,114.96,113.9,104.352,76.08,68.36250000000001,False,False,False,False,False,False,True,True,False,True,False,0.0105913503971756,0.0750220653133273,,,0.0789761694616063,0.3285083848190644,-0.0291262135922329,0.3724624889673433,0.0134244654749386,0.3698858647936786,75.0,47.8,4.446009389671362,0.0137227844219564,-0.0033390111474176,-0.0014083763909797
2009-02-23,112.47206819498469,121.63979144252257,109.14289497641312,120.8,594.0,120.8,116.56,114.73,106.044,77.184,68.55400000000002,False,False,False,False,False,False,True,True,False,False,True,-0.0521523178807946,-0.0546357615894039,,,0.1221523178807947,0.3610596026490066,-0.0827814569536423,0.3178807947019867,0.0143034825870646,0.3793253726139631,77.2,47.5,0.6272439281942978,0.0159556410546564,0.0022328566327,0.000879017112126
2009-02-24,124.20192851632812,124.36196965800978,112.85901259964002,116.7,330.0,116.7,117.16,115.08,107.712,78.196,68.69750000000002,False,False,False,False,False,False,True,True,False,True,False,-0.014567266495287,-0.0934018851756641,,,0.0770179948586118,0.3299400171379606,-0.0419880034275921,0.3650385604113111,0.01294183845721,0.3914668057003823,75.0,48.3,0.5555555555555556,0.0154857397504456,-0.0004699013042108,-0.0013616441298545
2009-02-25,121.67,121.67,111.33,120.0,1193.0,120.0,118.5,115.76,109.592,79.2,68.81600000000002,False,False,False,False,False,False,True,True,False,False,False,-0.0625,-0.1875,,,0.0867333333333333,0.3399999999999999,-0.0625,0.2583333333333333,0.0126767676767677,0.3826883206634415,69.8,49.5,3.6151515151515152,0.0171545368275056,0.0016687970770599,-0.0002650707804423
2009-02-26,114.14042994042993,118.13939393939393,114.14042994042993,115.8,166.0,115.8,117.32,116.11,111.25600000000004,80.148,68.92650000000002,False,False,False,False,False,False,True,True,False,True,False,0.0043177892918825,-0.2297063903281519,,,0.0392400690846282,0.3078756476683938,-0.0500863557858376,0.3791018998272883,0.0118281179817337,0.3767978640943933,70.8,51.7,0.1391450125733445,0.0149564967282667,-0.0021980400992388,-0.000848649695034
2009-02-27,115.0,116.67,112.5,114.5,98.0,114.5,117.56,116.26,112.604,81.03066666666666,68.99050000000003,False,False,False,False,False,False,True,True,False,True,False,0.0637554585152836,-0.2724890829694323,,,0.0165589519650655,0.2923085880640466,-0.0104803493449781,0.4122270742358077,0.0108929952445987,0.377945983141235,73.7,55.2,0.5903614457831325,0.0119711555539763,-0.0029853411742903,-0.0009351227371349
2009-03-02,115.17,115.33,111.67,114.5,77.0,114.5,116.3,116.43,113.684,81.89066666666668,69.02950000000001,False,False,False,False,False,False,True,True,False,True,False,-0.0026200873362445,-0.0672489082969432,,,0.0071266375545851,0.2847976710334788,-0.0393013100436681,0.5135371179039302,0.0105018072877659,0.3850382203899339,77.5,59.8,0.7857142857142857,0.0095000175926251,-0.0024711379613512,-0.0003911879568327
2009-03-03,115.33,116.5,113.33,115.0,194.0,115.0,115.96,116.56,114.452,82.78,69.08850000000001,False,False,False,False,False,False,True,True,False,True,False,-0.08,-0.0582608695652174,,,0.0047652173913043,0.2801739130434783,-0.0434782608695652,0.4478260869565217,0.0107433357493757,0.3870967741935484,77.5,63.00000000000001,2.51948051948052,0.0067102366057386,-0.0027897809868865,0.0002415284616097
2009-03-04,115.83,117.5,112.5,112.5,121.0,112.5,114.46,116.48,114.784,83.68,69.14200000000001,False,False,False,False,False,False,True,True,False,True,False,-0.1333333333333333,-0.0373333333333333,,,-0.0203022222222222,0.2561777777777777,0.0017777777777778,0.4844444444444444,0.010755258126195,0.3907967032967032,81.2,56.3,0.6237113402061856,0.0028923891831614,-0.0038178474225771,1.1922376819330229e-05
2009-03-05,113.30077366113642,116.3,113.30077366113642,116.3,67.0,116.3,114.56,115.93999999999998,114.936,84.664,69.215,False,False,False,False,False,False,True,True,False,True,False,-0.2330180567497849,-0.0971625107480653,,,0.0117282889079964,0.2720206362854686,-0.0068787618228718,0.4617368873602752,0.0116224133043559,0.4000345006037607,83.3,63.00000000000001,0.5537190082644629,0.0013224751165866,-0.0015699140665748,0.0008671551781608
2009-03-06,117.1411475006156,122.1399162767791,116.64127062299926,121.79999999999998,567.0,121.8,116.02,116.79,115.02000000000004,85.70133333333334,69.31650000000002,False,False,False,False,False,False,True,True,False,True,True,-0.3160919540229884,-0.1239737274220031,,,0.0556650246305414,0.2963765736179528,0.0164203612479475,0.4507389162561577,0.0121040512788599,0.4079972600393868,84.7,57.00000000000001,8.462686567164178,0.0007303077725615,-0.000592167344025,0.0004816379745039
2009-03-09,121.7019707453797,121.7019707453797,113.35977927651749,114.2,40.0,114.2,115.96,116.13,115.02000000000002,86.64800000000001,69.42150000000001,False,False,False,False,False,False,False,True,False,True,False,-0.0647985989492119,-0.0647985989492119,,,-0.0071803852889669,0.2412609457092819,0.2302977232924693,0.5035026269702275,0.0109254300926354,0.4267631103074141,81.4,56.7,0.0705467372134038,-1.2355116253870632e-16,-0.0007303077725616,-0.0011786211862245
2009-03-10,111.63834451478786,111.63834451478786,105.8,105.8,228.0,105.8,114.12,115.04,114.684,87.488,69.51550000000002,False,False,False,False,False,False,False,True,False,True,False,0.0236294896030245,0.0085066162570889,,,-0.0839697542533081,0.1730812854442343,0.3119092627599245,0.5850661625708884,0.0096013167520115,0.4475834492350488,80.0,60.00000000000001,5.7,-0.0029297896829551,-0.002929789682955,-0.0013241133406238
2009-03-11,97.5,97.5,97.5,97.5,113.0,97.5,111.11999999999998,112.79,114.052,88.17733333333334,69.578,False,False,False,False,False,False,False,True,False,True,False,0.1107692307692307,0.0461538461538461,,,-0.1697641025641026,0.0956170940170939,0.3333333333333333,0.7774358974358976,0.0078175797257043,0.4962319354552709,78.0,66.7,0.4956140350877193,-0.0055413320239889,-0.0026115423410338,-0.0017837370263072
2009-03-12,96.70252327015812,96.70252327015812,89.2,89.2,723.0,89.2,105.7,110.13,113.112,88.71066666666667,69.59750000000001,False,False,False,False,False,False,False,True,False,True,False,0.1771300448430492,0.2085201793721972,,,-0.2680717488789236,0.0054857997010463,0.438340807174888,0.8688340807174886,0.006012054168608,0.5387269590483975,77.8,70.0,6.398230088495575,-0.0083103472664263,-0.0027690152424373,-0.0018055255570962
2009-03-13,84.96939877595103,85.79909996399856,80.80090003600144,83.3,306.0,83.3,98.0,107.01000000000002,111.87600000000002,89.184,69.5975,False,False,False,False,False,False,False,True,False,True,False,0.2809123649459785,0.3205282112845138,,,-0.3430492196878754,-0.0706362545018007,0.496998799519808,0.9903961584633856,0.0053073795000597,0.5874217362863281,77.5,74.7,0.4232365145228215,-0.0110479459401478,-0.0027375986737214,-0.0007046746685482
2009-03-18,102.47121595057568,108.2995787700084,100.14187026116258,106.8,347.0,106.8,96.52,106.24,111.648,89.97466666666668,69.693,False,False,False,False,False,False,False,True,False,False,False,0.0,0.0374531835205992,,,-0.0453932584269662,0.1575405742821471,0.1423220973782772,0.5421348314606741,0.0087876587483885,0.5908320783132532,78.5,77.5,1.1339869281045751,-0.0020421324161652,0.0090058135239825,0.0034802792483288
2009-03-19,105.14087510384935,110.13949044585988,105.14087510384935,108.3,245.0,108.3,97.02,105.57,111.452,90.77466666666668,69.793,False,False,False,False,False,False,False,True,False,False,False,-0.0147737765466296,0.0323176361957525,,,-0.0291043397968605,0.1618220991074175,0.1154201292705447,0.6740535549399816,0.0088130315359644,0.6149474282466612,75.0,75.0,0.7060518731988472,-0.0017586046010838,0.0002835278150814,2.537278757588912e-05
2009-03-23,108.3,109.46967599003048,108.3,108.3,119.0,108.3,99.18,105.14999999999998,111.25600000000004,91.55866666666668,69.898,False,False,False,False,False,False,False,True,False,True,False,-0.0581717451523545,0.038781163434903,,,-0.0272945521698988,0.1545829485995689,0.1108033240997229,0.710987996306556,0.0085628158266467,0.6388017118402285,73.0,74.8,0.4857142857142857,-0.0017617027396271,-3.098138543267126e-06,-0.0002502157093177
2009-03-24,105.83,108.0,102.83,105.0,108.0,105.0,102.34,104.01999999999998,110.964,92.26933333333336,69.9815,False,False,False,False,False,False,False,True,False,True,False,0.0266666666666666,0.0476190476190476,,,-0.0567999999999999,0.1212444444444441,0.14,0.4780952380952379,0.0077020895349847,0.6423764660642182,74.2,75.0,0.907563025210084,-0.0026314840849288,-0.0008697813453017,-0.000860726291662
2009-03-25,109.86088872222744,109.86088872222744,105.85976375738258,106.7,89.0,106.7,107.02,102.51,110.712,92.956,70.07499999999999,False,False,False,False,False,False,False,True,False,False,False,0.0309278350515463,0.0618556701030927,,,-0.0376007497656982,0.1288097469540768,0.1246485473289596,0.6101218369259607,0.0073870074730693,0.6617890937469514,80.8,75.0,0.8240740740740741,-0.0022761760242791,0.0003553080606496,-0.0003150820619153
2009-03-26,107.1399045212019,107.1399045212019,106.64004493119909,106.8,38.0,106.8,107.02,101.77,110.47200000000002,93.58266666666668,70.1275,False,False,False,False,False,False,False,True,False,False,False,0.0374531835205992,0.0299625468164794,,,-0.0343820224719103,0.1237578027465666,0.2003745318352059,0.6076779026217228,0.0066963967686325,0.6738724575022109,87.5,77.2,0.4269662921348314,-0.0021724961981314,0.0001036798261476,-0.0006906107044368
2009-03-27,106.8600449985938,106.8600449985938,103.35906065435456,106.7,47.0,106.7,106.7,101.86,110.192,94.16533333333334,70.202,False,False,False,False,False,False,False,True,False,True,False,0.0477975632614807,0.0309278350515463,,,-0.0327272727272726,0.1174757888159949,0.1152764761012183,0.6635426429240862,0.0061876982328951,0.6820145297467111,95.8,75.0,1.236842105263158,-0.002541019311747,-0.0003685231136155,-0.0005086985357373
2009-03-30,105.0,105.83,102.0,102.0,31.0,102.0,105.44,102.31000000000002,109.74,94.77466666666668,70.21300000000001,False,False,False,False,False,False,False,True,False,True,True,0.1029411764705882,0.1049019607843137,,,-0.0758823529411764,0.0708366013071894,0.1813725490196078,0.7009803921568627,0.006429284900325,0.6748118463493301,104.2,69.8,0.6595744680851063,-0.0041188263167486,-0.0015778070050016,0.0002415866674298
2009-03-31,108.29986089214503,109.96939627190947,107.8,107.8,308.0,107.8,106.0,104.17,109.184,95.372,70.28099999999999,False,False,False,False,False,False,False,True,False,True,False,0.0204081632653061,0.0714285714285714,,,-0.0128385899814471,0.1152875695732838,0.1363636363636363,0.7087198515769944,0.0062631939493071,0.6617068253815878,112.5,70.8,9.935483870967742,-0.0050923212192262,-0.0009734949024775,-0.0001660909510178
2009-04-01,109.83,110.17,108.5,110.0,32.0,110.0,106.66,106.84,109.052,96.07866666666668,70.365,False,False,False,False,True,False,False,True,False,False,False,0.0299999999999999,0.1254545454545454,,,0.0086181818181817,0.1265575757575756,0.1818181818181818,0.6663636363636365,0.0073550840283657,0.63655934107076,119.7,73.7,0.1038961038961039,-0.0012104317206469,0.0038818894985792,0.0010918900790585
2009-04-02,111.6397726247406,113.29932328791844,110.14017865198952,110.8,104.0,110.8,107.46,107.24,108.652,96.8,70.439,False,False,False,False,False,False,False,True,False,True,False,-0.0072202166064981,0.2680505415162455,,,0.0193862815884476,0.1263537906137184,0.2788808664259927,0.7527075812274368,0.0074517906336086,0.657963446475196,114.2,77.5,3.25,-0.0036814784817583,-0.0024710467611113,9.67066052429159e-05
2009-04-03,113.29959760350532,114.29932933917551,111.64004292229276,111.8,181.0,111.8,108.48,107.59,108.456,97.49066666666668,70.53049999999999,False,False,False,False,False,False,False,True,False,False,False,-0.0161001788908765,0.2415026833631486,,,0.0299105545617173,0.1279904591532496,0.2584973166368514,0.6788908765652951,0.0070844388522664,0.6585184496700436,114.2,77.5,1.7403846153846154,-0.0018071844803422,0.001874294001416,-0.0003673517813422
2009-04-06,114.83,115.0,112.5,112.5,32.0,112.5,110.58,108.01,108.156,98.10133333333334,70.6445,False,False,False,False,False,False,False,True,False,True,False,0.0017777777777778,0.1555555555555555,,,0.0386133333333332,0.127988148148148,0.2071111111111112,0.7511111111111111,0.0062248559312818,0.662901583186742,113.3,81.2,0.1767955801104972,-0.0027737712193498,-0.0009665867390075,-0.0008595829209845
2009-04-07,113.33,113.33,110.0,110.0,103.0,110.0,111.02,108.51,107.92400000000002,98.63466666666667,70.73199999999999,False,False,False,False,False,False,False,True,False,False,False,0.05,0.1663636363636364,,,0.018872727272727,0.103321212121212,0.2154545454545453,0.8481818181818183,0.00540715907862,0.6995668601972167,112.7,83.3,3.21875,-0.0021496608724656,0.0006241103468841,-0.0008176968526617
2009-04-08,110.80066178417012,113.3,108.14136592252711,113.3,750.0,113.3,111.68,109.17,107.87600000000002,99.14933333333336,70.8295,False,False,False,False,False,False,False,True,False,False,False,0.0926743159752868,0.1006178287731686,,,0.0478729037952337,0.1248955575169164,0.1985878199470434,0.7502206531332747,0.0051908232699498,0.7135659979847943,114.2,84.7,7.281553398058253,-0.00044495531907,0.0017047055533956,-0.0002163358086701
2009-04-09,114.83,114.83,109.67,110.0,417.0,110.0,111.52,109.48999999999998,107.69600000000004,99.58266666666668,70.90699999999998,False,False,False,False,False,False,False,True,False,True,False,0.2772727272727273,0.109090909090909,,,0.0209454545454541,0.0947030303030301,0.2272727272727272,0.7163636363636364,0.004351493566484,0.724175723810394,112.5,81.4,0.556,-0.0016713712672706,-0.0012264159482005,-0.0008393297034658
2009-04-10,114.17,114.83,110.0,110.0,1099.0,110.0,111.16,109.81999999999998,107.496,100.04933333333334,70.99599999999998,False,False,False,False,False,False,False,True,False,True,False,0.2618181818181819,0.0981818181818181,,,0.0227636363636364,0.090460606060606,0.2136363636363636,0.75,0.0046643655796472,0.7326534328901843,113.2,80.0,2.6354916067146283,-0.0018605343454644,-0.0001891630781938,0.0003128720131632
2009-04-13,110.85951007366648,113.8603088666016,110.85951007366648,112.7,92.0,112.7,111.2,110.89,107.50399999999998,100.55466666666668,71.11949999999999,False,False,False,False,False,False,True,True,False,False,False,0.1535048802129547,0.0674356699201419,,,0.0461047027506657,0.1077669328601005,0.2049689440993789,0.7453416149068322,0.005025458788586,0.7368563441248083,113.2,78.0,0.0837124658780709,7.441583568966138e-05,0.0019349501811541,0.0003610932089387
2009-04-14,114.67,116.67,113.33,115.5,185.0,115.5,112.3,111.66,107.472,101.09466666666668,71.24049999999998,False,False,False,False,False,False,False,True,False,True,False,0.1108225108225109,0.0363636363636363,,,0.0695064935064935,0.1247215007215005,0.1774891774891775,0.7766233766233765,0.0053415280726975,0.7436861902203116,112.3,77.8,2.010869565217391,-0.0002977519726066,-0.0003721678082963,0.0003160692841115
2009-04-15,117.1416135023823,123.8,116.80169587337478,123.8,430.0,123.8,114.4,113.04,107.552,101.74533333333332,71.40799999999999,False,False,False,False,False,False,True,True,False,False,False,0.0072697899838449,-0.0306946688206784,,,0.13124394184168,0.178147549811524,0.1042003231017769,0.9264943457189018,0.0063950516977024,0.7712314225053077,113.0,77.5,2.324324324324324,0.0007438262421899,0.0010415782147965,0.0010535236250048
2009-04-16,127.17,140.5,127.17,140.5,819.0,140.5,120.5,116.01,108.60399999999998,102.58933333333334,71.66799999999998,False,False,False,False,False,False,True,True,True,False,False,-0.1316725978647686,-0.0875444839857652,,,0.2270177935943061,0.269826809015421,-0.0391459074733096,0.6427046263345196,0.0082269761638639,0.7574347039048357,112.8,78.5,1.9046511627906977,0.0096865677138961,0.0089427414717062,0.0018319244661614
2009-04-17,138.8,146.1384138874883,132.47136785997264,138.8,171.0,138.8,126.26,118.71,109.924,103.44,71.91799999999998,False,False,False,False,False,False,True,True,False,False,False,-0.1296829971181557,-0.1426512968299712,,,0.2080403458213256,0.2547550432276658,-0.0453890489913545,0.6246397694524496,0.008223769012632,0.7493050290624216,113.7,75.0,0.2087912087912088,0.012008296641316,0.0023217289274198,-3.207151231903599e-06
2009-04-20,140.5,140.5,129.5,130.0,91.0,130.0,129.72,120.46,111.22400000000002,104.2426666666667,72.11799999999998,False,False,False,False,False,False,True,True,False,True,False,-0.0746153846153846,-0.073076923076923,,,0.144430769230769,0.1981333333333331,0.1476923076923076,0.7100000000000001,0.0076999820930651,0.7448945708118878,113.3,73.0,0.5321637426900585,0.0116881248651371,-0.0003201717761788,-0.0005237869195668
2009-04-21,128.3,131.63921920049873,114.97311618483596,128.3,236.0,128.3,132.28000000000003,122.29,112.78800000000004,105.00933333333336,72.31599999999997,False,False,False,False,False,False,True,True,False,False,False,-0.0670303975058457,-0.0452065471551053,,,0.1209041309431018,0.1815328656793971,0.1613406079501168,0.720966484801247,0.0073009383292913,0.7330934663504782,121.7,74.2,2.593406593406593,0.013866723410292,0.0021785985451549,-0.0003990437637738
2009-04-22,130.03128258602712,130.03128258602712,122.02935750381006,124.7,132.0,124.7,132.46,123.43,114.44400000000002,105.68933333333337,72.49949999999998,False,False,False,False,False,False,True,True,False,False,False,-0.0376904570970329,0.0425020048115476,,,0.0822453889334401,0.1524512162523387,0.1443464314354449,0.7441860465116279,0.0064339510767406,0.7326419833103783,113.3,80.8,0.559322033898305,0.0144699591066371,0.000603235696345,-0.0008669872525506
2009-04-23,123.83,123.83,118.17,122.0,198.0,122.0,128.76000000000002,124.63,115.052,106.28266666666669,72.67949999999998,False,False,False,False,False,False,True,True,False,True,False,0.0508196721311474,0.1614754098360654,,,0.056950819672131,0.128830601092896,0.1229508196721311,0.8426229508196722,0.0055825973504615,0.7448447404316779,120.8,87.5,1.5,0.0052845669784096,-0.0091853921282274,-0.0008513537262791
2009-04-24,119.97020607465032,123.29937929322188,116.64103285607878,120.8,379.0,120.8,125.16,125.71,115.552,106.86000000000004,72.85749999999997,False,False,False,False,False,False,True,True,False,True,False,-0.0149006622516556,0.1647350993377482,,,0.0434437086092714,0.1153973509933771,0.1630794701986755,0.8394039735099337,0.0054027075924888,0.7534802322806461,116.7,95.8,1.914141414141414,0.0043270562171143,-0.0009575107612953,-0.0001798897579726
2009-04-27,119.9700822737472,121.13979057591622,114.9713288456744,120.3,240.0,120.3,123.22,126.47,116.032,107.38133333333336,73.04249999999996,False,False,False,False,False,False,True,True,False,True,False,0.0016625103906899,0.1288445552784706,,,0.0354779717373233,0.1073870878359654,0.2610141313383208,0.7888611803823773,0.0048549716896789,0.7575709654463509,120.0,104.2,0.633245382585752,0.0041367898510754,-0.0001902663660388,-0.0005477359028098
2009-04-28,120.03008272750064,120.70025068939584,118.19962396590624,119.7,161.0,119.7,121.5,126.89,116.62,107.86666666666667,73.22449999999996,False,False,False,False,False,False,True,True,False,False,False,0.023391812865497,0.1169590643274852,,,0.0257309941520467,0.0988582567529935,0.350877192982456,0.7736006683375105,0.0044993819530282,0.7573488848609032,115.8,112.5,0.6708333333333333,0.0050420168067227,0.0009052269556472,-0.0003555897366507
2009-04-30,120.0,120.0,119.17,120.0,88.0,120.0,120.56,126.51000000000002,117.152,108.33733333333336,73.40699999999997,False,False,False,False,False,False,True,True,False,True,False,0.0833333333333333,0.1316666666666667,,,0.0237333333333333,0.0971888888888886,0.3191666666666667,0.7775000000000001,0.0043444549739703,0.7427080863172871,114.5,119.7,0.546583850931677,0.0045411089866156,-0.0005009078201071,-0.0001549269790578
2009-05-01,116.85734571272528,128.2,116.85734571272528,128.2,115.0,128.2,121.8,125.28,118.008,108.96133333333336,73.63949999999996,False,False,False,False,False,False,True,True,False,False,False,0.1053042121684867,0.0530421216848674,,,0.0795007800312012,0.1500676027041079,0.2691107644305772,0.6638065522620907,0.0057268021683532,0.7458492975734357,114.5,114.2,1.306818181818182,0.007253745508779,0.0027126365221633,0.0013823471943828
2009-05-07,123.5,125.83,116.83,119.0,141.0,119.0,121.44,123.3,118.5,109.48133333333335,73.82099999999996,False,False,False,False,False,False,True,True,False,True,False,0.1823529411764705,0.1218487394957983,,,0.0042016806722689,0.0799887955182071,0.3638655462184875,0.7899159663865546,0.0047496681321625,0.7637469586374697,115.0,114.2,1.2260869565217392,0.0041518987341772,-0.0031018467746017,-0.0009771340361907
2009-05-08,119.17,122.5,117.0,120.5,263.0,120.5,121.48,122.35,119.24,110.04800000000004,74.01499999999996,False,False,False,False,False,False,True,True,False,False,False,0.1269709543568465,0.1269709543568465,,,0.0104564315352697,0.0867385892116179,0.3593360995850623,0.7526970954356845,0.0051492681981198,0.7683694319574992,112.5,113.3,1.8652482269503543,0.0062059711506205,0.0020540724164433,0.0003996000659573
2009-05-11,122.17,122.5,117.67,122.5,356.0,122.5,122.04,121.77,119.828,110.64400000000003,74.23899999999996,False,False,False,False,False,False,True,True,False,True,False,0.0914285714285713,0.110204081632653,,,0.0218122448979591,0.0967836734693874,0.3616326530612246,0.7412244897959185,0.0053866454575032,0.7706331608770635,116.3,112.7,1.3536121673003805,0.0049070334145609,-0.0012989377360596,0.0002373772593834
2009-05-12,123.17,133.33,123.0,130.0,313.0,130.0,124.04,122.3,120.628,111.34400000000004,74.52499999999995,False,False,False,False,False,False,True,True,False,False,True,0.0446153846153847,0.0515384615384614,,,0.0720923076923076,0.143507692307692,0.1961538461538461,0.7399999999999999,0.0062868228193706,0.7700735895339329,121.79999999999998,114.2,0.8792134831460674,0.0066319594124083,0.0017249259978474,0.0009001773618673
2009-05-13,131.697882402767,141.7,126.8568574857062,141.7,1482.0,141.7,126.74,124.27,121.86399999999998,112.18666666666672,74.89199999999995,False,False,False,False,False,False,True,True,False,False,False,-0.0472829922371206,-0.0472829922371206,,,0.1399858856739591,0.2082804046106793,0.123500352858151,0.5596330275229359,0.0075112907059664,0.7389555001207049,114.2,112.5,4.73482428115016,0.0101424538830169,0.0035104944706085,0.0012244678865958
2009-05-14,139.69978673491147,141.53017701002344,132.5282576242269,140.7,254.0,140.7,131.08,126.26000000000002,123.01999999999995,113.06266666666671,75.27149999999996,False,False,False,False,False,False,True,True,False,True,False,-0.0511727078891257,-0.058280028429282,,,0.1256574271499647,0.1964273868751476,0.1321961620469084,0.555081734186212,0.0077479156102219,0.7088547441786786,105.8,113.2,0.1713900134952766,0.0093968460412939,-0.000745607841723,0.0002366249042555
2009-05-15,144.96797467422516,146.63760583081796,133.6404770669219,135.8,573.0,135.8,134.14,127.81,123.95199999999996,113.90000000000002,75.63899999999995,False,False,False,False,False,False,True,True,False,True,False,0.0,0.0986745213549335,,,0.0872459499263627,0.1612665684830632,0.1119293078055963,0.589101620029455,0.0073514779045944,0.6886002660198731,97.5,113.2,2.255905511811024,0.0075190396282432,-0.0018778064130507,-0.0003964377056275
2009-05-18,134.20011221665294,135.86048477594073,132.52973741303208,133.7,262.0,133.7,136.38000000000002,129.21,124.89999999999998,114.69333333333336,76.02449999999996,False,False,False,False,False,False,True,True,False,False,False,0.0172026925953628,0.1144353029169784,,,0.0658189977561706,0.1421590625779105,0.1944652206432311,0.636499626028422,0.0069169960474308,0.6753347264143641,89.2,112.3,0.4572425828970332,0.0075900720576462,7.103242940308119e-05,-0.0004344818571635
2009-05-19,136.96974158875065,136.96974158875065,127.4718397997497,135.8,172.0,135.8,137.54000000000002,130.79000000000002,125.8,115.42666666666668,76.41749999999996,False,False,False,False,False,False,True,True,False,True,False,0.0066273932253312,0.0508100147275403,,,0.0736377025036819,0.1500245459008345,0.1907216494845359,0.6325478645066271,0.0063532401524776,0.6615184647144274,83.3,113.0,0.6564885496183206,0.0071542130365661,-0.0004358590210801,-0.0005637558949532
2009-05-20,138.83,141.33,134.33,135.0,270.0,135.0,136.2,131.47,126.8,116.06000000000004,76.79999999999997,False,False,False,False,False,False,True,True,False,False,False,0.0,0.0148148148148148,,,0.0607407407407407,0.1402962962962959,0.2837037037037038,0.6274074074074073,0.0054569475558622,0.6577926523161177,106.8,112.8,1.569767441860465,0.0078864353312302,0.0007322222946641,-0.0008962925966154
2009-05-21,135.0,138.33,133.17000000000002,133.5,305.0,133.5,134.76,132.92000000000002,127.74,116.56266666666669,77.17649999999996,False,False,False,False,False,False,True,True,False,True,False,-0.0074906367041198,0.0524344569288389,,,0.0431460674157303,0.1268714107365791,0.247191011235955,0.6741573033707867,0.0043124156390837,0.6476075835088774,108.3,113.7,1.1296296296296295,0.0073586973540002,-0.0005277379772299,-0.0011445319167784
2009-05-22,133.14058749907974,136.13992490613268,129.9712876389605,135.8,353.0,135.8,134.76,134.45,128.66400000000002,116.984,77.57899999999997,False,False,False,False,False,False,True,True,False,True,False,0.0986745213549335,0.117083946980854,,,0.0525478645066273,0.1385567010309279,0.2297496318114874,0.6811487481590573,0.0036016321320292,0.6415767943473412,108.3,113.3,1.157377049180328,0.0071814959895543,-0.0001772013644459,-0.0007107835070545
2009-05-25,138.5,140.0,134.17000000000002,136.0,964.0,136.0,135.22,135.8,129.484,117.29733333333331,77.95749999999995,False,False,False,False,False,False,True,True,False,True,False,0.0955882352941176,0.188970588235294,,,0.0479117647058822,0.1375196078431374,0.25,0.7830882352941179,0.0026712741409294,0.6467599410898378,105.0,121.7,2.7308781869688383,0.0063328287664884,-0.0008486672230658,-0.0009303579910997
2009-05-26,137.03007243725762,138.36036438135653,133.35926684715005,136.7,968.0,136.7,135.4,136.47,130.00000000000003,117.52400000000004,78.31649999999996,False,False,False,False,False,False,True,True,False,True,False,0.043891733723482,0.1580102414045356,,,0.0490124359912213,0.1402779809802483,0.2926115581565472,0.7359180687637163,0.0019286840702046,0.646808822451821,106.7,113.3,1.004149377593361,0.0039692307692309,-0.0023635979972575,-0.0007425900707248
2009-05-27,138.0,140.0,132.17000000000002,135.0,915.0,135.0,135.4,135.8,129.78,117.80133333333336,78.65799999999996,False,False,False,False,False,False,False,True,False,True,False,0.0148148148148148,0.2051851851851851,,,0.0386666666666666,0.1273975308641973,0.2718518518518518,0.7614814814814815,0.0023542461319055,0.667304860088365,106.8,120.8,0.9452479338842976,-0.0016951764524582,-0.0056644072216891,0.0004255620617009
2009-05-28,133.5,135.17000000000002,129.17000000000002,132.5,492.0,132.5,135.2,134.98,129.52800000000002,118.04533333333336,78.99849999999996,False,False,False,False,False,False,False,True,False,True,False,0.060377358490566,0.2249056603773585,,,0.0224301886792451,0.1090918238993708,0.2656603773584904,0.7833962264150944,0.0020670025075112,0.690398577567047,106.7,116.7,0.5377049180327869,-0.0019455252918286,-0.0002503488393704,-0.0002872436243943
2009-05-29,139.19798887175705,149.2,135.19718442045988,149.2,1073.0,149.2,137.88000000000002,136.32,130.296,118.52400000000004,79.41849999999995,False,False,False,False,False,False,True,True,True,False,True,0.0167560321715817,0.0978552278820377,,,0.1267024128686326,0.2056032171581766,0.1615281501340484,0.5603217158176945,0.0040385632164513,0.6862529342723008,102.0,120.0,2.180894308943089,0.0058942715048809,0.0078397967967096,0.0019715607089401
2009-06-01,152.5,159.17000000000002,145.83,149.0,2225.0,149.0,140.48,137.85,131.124,119.00800000000002,79.83849999999995,False,False,False,False,False,False,True,True,False,False,False,0.0852348993288589,0.1194630872483222,,,0.1199731543624161,0.2012885906040266,0.1187919463087247,0.565771812080537,0.0040669534821186,0.6780558578164672,107.8,115.8,2.0736253494874184,0.006314633476709,0.0004203619718281,2.8390265667307263e-05
2009-06-02,150.03154131912805,151.70189247914766,141.69978972453913,142.7,600.0,142.7,141.68,138.54000000000002,131.84399999999997,119.38800000000003,80.23299999999996,False,False,False,False,False,False,True,True,False,True,False,0.1093202522775054,0.089698668535389,,,0.0760756832515769,0.1633637000700767,0.1618780658724598,0.6643307638402246,0.0031828994538815,0.6811029305615705,110.0,114.5,0.2696629213483146,0.0054609993628831,-0.0008536341138259,-0.0008840540282371
2009-06-03,143.33,143.33,136.67000000000002,137.0,567.0,137.0,142.07999999999998,138.74,132.444,119.7146666666667,80.61049999999996,False,False,False,False,False,False,True,True,False,True,False,0.1875912408759123,0.1620437956204378,,,0.0332554744525548,0.1261703163017029,0.2021897810218977,0.7386861313868612,0.0027287104893858,0.6920138388352313,110.8,114.5,0.945,0.0045302165443509,-0.0009307828185321,-0.0004541889644956
2009-06-04,140.33,142.5,135.5,140.5,1229.0,140.5,143.68,139.44,133.232,120.07866666666668,81.02149999999997,False,False,False,False,False,False,True,True,False,False,False,0.1551601423487545,0.1338078291814947,,,0.051729537366548,0.1453475682087781,0.2903914590747332,0.6704626334519572,0.0030313461175449,0.6915519219736088,111.8,115.0,2.1675485008818343,0.0059144950162124,0.0013842784718614,0.000302635628159
2009-06-05,143.85844926485132,152.3601305465814,140.19772532471814,151.7,1328.0,151.7,144.18,141.03000000000003,134.48799999999994,120.59200000000004,81.50899999999997,False,False,False,False,False,False,True,True,False,False,False,0.0797626895187872,-0.0046143704680289,,,0.113460777851022,0.2050626235992086,0.2214897824653924,0.5603164139749506,0.0042567776745834,0.6784372119407215,112.5,112.5,1.0805532953620829,0.0093391231931469,0.0034246281769345,0.0012254315570384
2009-06-08,153.35845240304323,165.86077194284653,152.5282983856003,161.7,1236.0,161.7,146.71999999999997,143.6,136.16799999999998,121.2506666666667,82.03449999999997,False,False,False,False,False,False,True,True,False,False,False,0.0315398886827459,-0.0123685837971552,,,0.1578973407544837,0.2501504844361984,-0.0401978973407544,0.4718614718614721,0.005432272537333,0.6452646239554317,110.0,116.3,0.9307228915662652,0.0123377004876331,0.0029985772944862,0.0011754948627496
2009-06-09,163.29905261163393,164.13889345038845,153.14097770479378,158.3,1017.0,158.3,149.84,145.76000000000002,137.7,121.8546666666667,82.54749999999996,False,False,False,False,False,False,True,True,False,True,False,-0.0176879343019583,0.021478205938092,,,0.1301326595072648,0.2302295220046324,0.0852811118130132,0.4952621604548324,0.0049567244039347,0.6204720087815584,113.3,121.79999999999998,0.8228155339805825,0.011125635439361,-0.0012120650482721,-0.0004755481333983
2009-06-10,156.19880125407266,168.36104383106905,156.19880125407266,162.7,615.0,162.7,154.98000000000002,148.53,139.07999999999996,122.52000000000004,83.08099999999996,False,False,False,False,False,False,True,True,False,True,False,-0.0215119852489244,0.0651505838967426,,,0.1451751690227414,0.2469575906576518,0.0553165334972341,0.4830977258758452,0.0054304059201219,0.5926075540294893,110.0,114.2,0.6047197640117994,0.0099223468507331,-0.0012032885886278,0.0004736815161871
2009-06-11,165.7993531694696,168.29889114766218,159.97043060432452,162.3,481.0,162.3,159.34,151.51,140.81199999999998,123.16800000000003,83.63149999999997,False,False,False,False,False,False,True,True,False,False,False,-0.0184842883548983,0.0258780036968576,,,0.1323967960566853,0.2411090573012937,0.0936537276648181,0.4584103512014785,0.005261106780982,0.5615470926011485,110.0,105.8,0.7821138211382114,0.0123000880606768,0.0023777412099436,-0.0001692991391398
2009-06-12,162.47024354513826,171.7985350668376,162.47024354513826,163.8,979.0,163.8,161.76,152.97,142.54399999999998,123.84133333333334,84.20049999999998,False,False,False,False,False,False,True,True,False,True,False,-0.0781440781440782,0.0195360195360194,,,0.1297680097680099,0.2439479039479039,0.0592185592185591,0.4145299145299144,0.0054370646310868,0.5459240373929528,112.7,97.5,2.035343035343036,0.0121506341901447,-0.000149453870532,0.0001759578501048
2009-06-15,161.64092789066714,169.96942995864055,160.80107894263622,166.8,605.0,166.8,162.78000000000003,154.74999999999997,144.316,124.44266666666664,84.81799999999996,False,False,False,False,False,False,True,True,False,False,False,-0.0425659472422063,0.0191846522781773,,,0.1347961630695444,0.2539408473221425,0.1043165467625897,0.3177458033573141,0.004832211888741,0.5194184168012926,115.5,89.2,0.6179775280898876,0.0122786108262425,0.0001279766360977,-0.0006048527423458
2009-06-16,164.33,164.5,150.0,155.5,486.0,155.5,162.22,156.03,145.336,125.0053333333333,85.39999999999996,False,False,False,False,False,False,True,True,False,True,False,0.0398713826366558,0.1363344051446944,,,0.0653633440514468,0.1961071811361202,0.1787781350482316,0.3472668810289389,0.0045011412846384,0.4890085240017946,123.8,83.3,0.8033057851239669,0.0070182198491771,-0.0052603909770654,-0.0003310706041025
2009-06-17,154.85918200665952,162.53062763083494,154.85918200665952,159.2,306.0,159.2,161.52000000000004,158.25,146.036,125.51733333333333,85.99749999999996,False,False,False,False,False,False,True,True,False,True,False,0.08856783919598,0.0785175879396985,,,0.0826884422110552,0.211574539363484,0.2198492462311558,0.2983668341708543,0.0040791178907563,0.4482148499210111,140.5,106.8,0.6296296296296297,0.0047933386288311,-0.0022248812203459,-0.000422023393882
2009-06-18,157.47034456787802,162.96930898135946,156.30056486537376,159.3,930.0,159.3,160.92,160.13,146.78,126.08533333333332,86.60999999999996,False,False,False,False,False,False,True,True,False,False,False,0.0451977401129942,0.0527306967984932,,,0.0785938480853735,0.2085038711027412,0.1782799748901442,0.2931575643440049,0.0045048855801361,0.4132892025229501,138.8,108.3,3.0392156862745097,0.0050688104646409,0.0002754718358097,0.0004257676893798
2009-06-19,162.67000000000002,162.83,147.5,151.0,340.0,151.0,158.36,160.06,147.388,126.49866666666664,87.18849999999996,False,False,False,False,False,False,True,True,False,True,False,0.1059602649006622,0.147682119205298,,,0.0239205298013244,0.1622604856512143,0.304635761589404,0.3092715231788078,0.0032674916204648,0.3895414219667624,130.0,108.3,0.3655913978494624,0.0041251662279154,-0.0009436442367254,-0.0012373939596713
2009-06-22,153.35880879313584,159.7,151.69849689985594,159.7,145.0,159.7,156.94,159.86,148.428,127.084,87.80299999999997,False,False,False,False,False,False,True,True,False,False,False,0.0644959298685035,0.0438321853475266,,,0.0705823418910456,0.2042329367564182,0.2730118973074516,0.2316844082654978,0.0046058774773643,0.3654447641686476,128.3,105.0,0.4264705882352941,0.0070067642223838,0.0028815979944684,0.0013383858568994
2009-06-23,158.02931898311374,166.36086472443867,155.02876229356096,161.7,347.0,161.7,158.18,160.2,149.46400000000003,127.71333333333334,88.40749999999998,False,False,False,False,False,False,True,True,False,True,True,0.0927643784786642,0.0253555967841683,,,0.0756709956709954,0.2101834673263244,0.2263450834879407,0.1985157699443415,0.0049277026674322,0.3357677902621724,124.7,106.7,2.393103448275862,0.0069314349943801,-7.532922800374767e-05,0.0003218251900679
2009-06-24,161.642018115733,173.3,159.9723071597531,173.3,589.0,173.3,161.0,161.26000000000002,150.996,128.49733333333333,89.07149999999997,False,False,False,False,False,False,True,True,False,False,False,-0.0092325447201386,-0.0496249278707445,,,0.1287016733987305,0.2585266397384113,0.0894402769763416,0.1904212348528563,0.0061012939308726,0.3052833932779361,122.0,106.8,1.697406340057637,0.0101459641315,0.0032145291371199,0.0011735912634404
2009-06-25,176.33,181.67,163.33,166.5,719.0,166.5,162.44,161.68,152.31600000000003,129.184,89.69449999999998,False,False,False,False,False,False,True,True,False,True,False,0.0072072072072071,0.0888888888888889,,,0.085189189189189,0.2241201201201201,0.1561561561561561,0.206006006006006,0.005315415737759,0.2796882731321128,120.8,106.7,1.2207130730050937,0.0086661939651777,-0.0014797701663222,-0.0007858781931136
2009-06-26,169.83,170.0,164.33,167.0,268.0,167.0,165.64,162.0,153.56400000000002,129.91066666666666,90.30449999999998,False,False,False,False,False,False,True,True,False,True,False,0.0377245508982036,0.1095808383233533,,,0.0804550898203591,0.2220918163672655,0.1778443113772454,0.2407185628742514,0.0055935873882564,0.2620370370370369,120.3,102.0,0.3727399165507649,0.0081269047432991,-0.0005392892218786,0.0002781716504974
2009-06-29,169.17000000000002,180.83,164.83,170.0,726.0,170.0,167.7,162.32,154.924,130.6266666666667,90.91449999999998,False,False,False,False,False,False,True,True,False,False,False,-0.0194117647058824,-0.0870588235294118,,,0.0886823529411764,0.2316078431372547,0.2070588235294116,0.2541176470588234,0.0054812697764624,0.2554829965500246,119.7,107.8,2.708955223880597,0.0087784978441041,0.0006515931008049,-0.000112317611794
2009-06-30,168.85866870436408,182.70101884870093,168.85866870436408,176.7,419.0,176.7,170.7,164.44,156.524,131.3586666666667,91.56649999999998,False,False,False,False,False,False,True,True,False,False,False,-0.0616864742501413,-0.0277306168647423,,,0.1141822297679682,0.2566006413884171,0.3497453310696097,0.1980758347481607,0.0055725291568123,0.2406348820238384,120.0,110.0,0.5771349862258953,0.0102220745700339,0.0014435767259298,9.125938034992322e-05
2009-07-01,178.86125123784,180.86160074561656,171.7,171.7,229.0,171.7,170.38000000000002,165.69,157.99199999999996,132.12533333333334,92.1855,False,False,False,False,False,False,True,True,False,True,False,-0.040768782760629,0.0,,,0.0798369248689576,0.2304872840225197,0.3442050087361679,0.1910308677926617,0.0058025712959411,0.2299474923049067,128.2,110.8,0.5465393794749404,0.0092916097017568,-0.0009304648682771,0.0002300421391287
2009-07-02,174.0311325818572,177.53175881195202,167.02988012166753,167.7,242.0,167.7,170.62000000000003,166.53000000000003,159.39999999999998,132.9506666666667,92.7905,False,False,False,False,False,False,True,True,False,True,False,0.0810971973762672,0.0584376863446631,,,0.0494931425163984,0.2072112900019874,0.3446630888491356,0.2623732856290996,0.0062078164331633,0.227166276346604,119.0,111.8,1.056768558951965,0.0088331242158093,-0.0004584854859474,0.0004052451372222
2009-07-03,164.64149887497837,177.29930767899384,161.80199042289274,173.3,475.0,173.3,171.87999999999997,168.76000000000002,160.36399999999998,133.96133333333336,93.4235,False,False,False,False,False,False,True,True,False,True,False,0.0692440854010386,0.0011540680900172,,,0.0746451240623198,0.2269974995191382,0.2827466820542412,0.2071552221581072,0.0075444655671784,0.2177648731926995,120.5,112.5,1.962809917355372,0.0060113242373599,-0.0028217999784493,0.001336649134015
2009-07-06,170.0305993880122,173.36119877602445,164.85966880662386,166.7,372.0,166.7,171.21999999999997,169.46,161.07199999999995,134.9946666666667,94.0335,False,False,False,False,False,False,True,True,False,True,False,-0.0689862027594481,0.1049790041991601,,,0.0337612477504501,0.1901939612077582,0.3245350929814038,0.247750449910018,0.007654623392529,0.2194028089224597,122.5,110.0,0.783157894736842,0.004395549816231,-0.0016157744211289,0.0001101578253505
2009-07-07,167.46969788337455,168.29954772960264,165.64002894530546,165.8,204.0,165.8,169.04000000000002,169.87,161.99599999999998,136.09466666666668,94.6375,False,False,False,False,False,False,True,True,False,False,False,0.0361881785283474,0.1055488540410132,,,0.0229433051869724,0.1791636509851226,0.3118214716525934,0.1749095295536791,0.0080826091642091,0.2170483310767057,130.0,113.3,0.5483870967741935,0.0057038445393715,0.0013082947231404,0.0004279857716801
2009-07-08,164.19990890872654,167.36048460557478,160.85930041901986,164.7,307.0,164.7,167.64,169.01000000000002,163.10399999999998,136.8666666666667,95.232,False,False,False,False,False,False,True,True,False,False,False,0.0425015179113539,0.1791135397692775,,,0.0096903460837887,0.1689941307427643,0.3649058894960535,0.1918639951426838,0.0056405260594253,0.2173244186734512,141.7,110.0,1.5049019607843137,0.0067932116931528,0.0010893671537813,-0.0024420831047838
2009-07-09,166.64242541223183,181.3,164.14283902277614,181.3,622.0,181.3,170.36,170.49,164.736,137.84,95.902,False,False,False,False,False,False,True,True,False,False,True,-0.0209597352454495,0.035300606729178,,,0.0913623827909543,0.2397131825703254,0.225592939878654,0.0546056260341973,0.0070613271425805,0.2011261657575223,140.7,110.0,2.026058631921824,0.0099067599067599,0.003113548213607,0.0014208010831551
2009-07-10,184.6401068364539,214.63525063400425,172.80202341768737,185.3,1706.0,185.3,172.76,172.32,166.08,138.86666666666667,96.59199999999998,False,False,False,False,False,False,True,True,False,True,False,-0.0636805180787912,0.0631408526713437,,,0.1037236913113869,0.2505846375247346,0.1613599568267672,0.0728548300053966,0.0073931829092655,0.1834958217270195,135.8,112.7,2.742765273311897,0.008092485549133,-0.0018142743576268,0.0003318557666849
2009-07-13,175.70396339498615,180.03480054134175,152.52948379197008,155.2,787.0,155.2,170.45999999999998,170.83999999999995,165.82,139.536,97.1305,False,False,False,False,False,False,False,True,False,True,False,0.1868556701030927,0.3099226804123713,,,-0.0684278350515464,0.1009278350515463,0.3679123711340208,0.2641752577319587,0.0047968505140847,0.1837977054553972,133.7,115.5,0.4613130128956623,-0.0015679652635388,-0.0096604508126719,-0.0025963323951807
2009-07-14,161.8017459116569,171.8,160.14203573299193,171.8,198.0,171.8,171.66,170.35,166.36,140.404,97.751,False,False,False,False,False,False,True,True,True,False,False,0.0669383003492433,0.1542491268917345,,,0.0316647264260768,0.1827473806752038,0.2415599534342258,0.1204889406286378,0.0061821600524201,0.175931904901673,135.8,123.8,0.2515883100381194,0.0032459725895649,0.0048139378531038,0.0013853095383353
2009-07-15,185.20235917749167,196.70436884720684,166.69912623055862,171.7,673.0,171.7,173.06,170.35,166.72,141.26933333333335,98.37099999999998,False,False,False,False,False,False,True,True,False,True,False,0.1310425160163075,0.0995923121723938,,,0.029004076878276,0.1772316055134923,0.2422830518345953,0.0966802562609203,0.0061254152823921,0.1664220722042852,135.0,140.5,3.398989898989899,0.0021593090211131,-0.0010866635684517,-5.674477002795553e-05
2009-07-16,180.0,182.5,174.0,177.5,199.0,177.5,172.3,171.32999999999998,167.328,142.21333333333334,99.037,False,False,False,False,False,False,True,True,False,False,True,0.0574647887323943,0.0845070422535211,,,0.0573070422535211,0.1987981220657276,0.2,0.0,0.0066379148696792,0.1397887118426429,133.5,138.8,0.2956909361069836,0.0036335819468349,0.0014742729257218,0.0005124995872871
2009-07-17,180.83,180.83,172.5,173.5,163.0,173.5,169.94,171.35,167.71599999999998,143.16666666666666,99.677,False,False,False,False,False,False,True,True,False,True,False,0.1354466858789625,0.1337175792507204,,,0.0333371757925073,0.1748318924111432,0.2172910662824206,-0.0489913544668587,0.0066589057043072,0.1138605194047272,135.8,130.0,0.8190954773869347,0.0023134346156596,-0.0013201473311753,2.099083462796074e-05
2009-07-21,180.1993484280828,186.70040723244827,180.02932073627625,184.2,156.0,184.2,175.74,173.1,168.412,144.18533333333335,100.37,False,False,False,False,False,False,True,True,False,False,True,0.1036916395222585,0.1140065146579804,,,0.0857111834961996,0.2172348896127396,0.1579804560260587,-0.1585233441910966,0.0070649811816275,0.0719815135759677,136.0,128.3,0.9570552147239264,0.0041327221338148,0.0018192875181551,0.0004060754773202
2009-07-22,186.2995090819833,186.63945344460808,176.97103583701522,183.3,170.0,183.3,178.04000000000002,174.85,169.524,145.16266666666667,101.07249999999998,False,False,False,False,False,False,True,True,False,False,False,0.0818330605564648,0.3011456628477906,,,0.0751554828150573,0.2080596472085834,0.2340425531914892,-0.0632842334969995,0.0067326769049892,0.0480411781527023,136.7,124.7,1.0897435897435896,0.0065595431915244,0.0024268210577096,-0.0003323042766382
2009-07-23,186.6988412216099,204.53159602410256,186.6988412216099,194.2,776.0,194.2,182.54,177.8,170.924,146.27466666666666,101.82699999999998,False,False,False,False,False,False,True,True,False,False,False,-0.0278063851699277,0.188465499485067,,,0.1198558187435632,0.2467833848266392,0.1380020597322348,-0.1503604531410916,0.0076021366196925,0.0130483689538807,135.0,122.0,4.564705882352941,0.0081907748473005,0.0016312316557761,0.0008694597147033
2009-07-24,190.86050514200457,200.03197101294825,186.6998401449352,187.7,574.0,187.7,184.58,178.44,172.06,147.28666666666666,102.5515,False,False,False,False,False,False,True,True,False,True,False,0.0255727224294086,0.2013851891315932,,,0.083324453915823,0.2153081157876043,0.1656899307405435,-0.1278636121470431,0.0068709546010048,-0.005996413360233,132.5,120.8,0.7396907216494846,0.0066023480181331,-0.0015884268291674,-0.0007311820186877
2009-07-27,189.83,199.17,189.83,197.0,815.0,197.0,189.28000000000003,179.61,173.9,148.41333333333333,103.3155,False,False,False,False,False,False,True,True,False,False,False,-0.0015228426395939,0.1284263959390863,,,0.1172588832487309,0.2466328257191201,0.0954314720812183,-0.1868020304568528,0.0075914113736411,-0.0339624742497633,149.2,120.3,1.4198606271777003,0.0105807935595169,0.0039784455413837,0.0007204567726363
2009-07-28,200.14046623715143,205.96960605911573,196.9709339497369,203.3,698.0,203.3,193.1,184.42,175.64399999999998,149.65733333333333,104.1105,False,False,False,False,False,False,True,True,False,True,False,0.0093457943925232,0.0860796851942941,,,0.1360354156419086,0.263859649122807,0.0762420068863748,-0.1800295130349238,0.0083123223719964,-0.0751545385533021,149.0,119.7,0.8564417177914111,0.0099291749220011,-0.0006516186375158,0.0007209109983552
2009-07-29,206.6387384661927,213.29773105430343,196.97020117985176,198.3,1039.0,198.3,196.1,187.07,177.108,150.79066666666665,104.88949999999998,False,False,False,False,False,False,True,True,False,True,False,0.2027231467473525,0.096822995461422,,,0.1068683812405446,0.2395831232139856,0.118003025718608,-0.2223903177004539,0.0075159382101455,-0.1087293526487409,142.7,120.0,1.488538681948424,0.0082661426925945,-0.0016630322294066,-0.0007963841618508
2009-07-30,201.63796006990407,204.1375628872531,185.3005560557115,188.8,601.0,188.8,195.02,188.78,177.72799999999998,151.84133333333332,105.632,False,False,False,False,False,False,True,True,False,True,False,0.222457627118644,0.1906779661016949,,,0.0586440677966103,0.1957556497175142,0.163665254237288,-0.1959745762711864,0.0069195036924509,-0.1361373026803686,137.0,128.2,0.5784408084696824,0.0034884767734964,-0.004777665919098,-0.0005964345176946
2009-07-31,198.83,198.83,192.5,192.5,506.0,192.5,195.98,190.28,178.768,152.94133333333332,106.393,False,False,False,False,False,False,True,True,False,False,False,0.1714285714285715,0.1542857142857142,,,0.0713350649350649,0.2054995670995671,0.1610389610389611,-0.188051948051948,0.0071923003155893,-0.1540887113727138,140.5,119.0,0.8419301164725458,0.0058175959903339,0.0023291192168375,0.0002727966231384
2009-08-03,195.02974525855493,199.7004576193624,194.69969492042503,196.7,274.0,196.7,195.92,192.6,179.956,154.06133333333332,107.1905,False,False,False,False,False,False,True,True,False,False,False,0.1301474326385359,0.0940518556176919,,,0.0851245551601423,0.2167700389764446,0.1606507371631928,-0.1484494153533299,0.0072698319284094,-0.1629802699896158,151.7,120.5,0.541501976284585,0.0066016137278,0.0007840177374661,7.75316128201111e-05
2009-08-04,200.0292440415265,210.8608276063752,200.0292440415265,205.2,941.0,205.2,196.3,194.7,181.364,155.25733333333332,108.035,False,False,False,False,False,False,True,True,False,False,False,0.0760233918128656,0.0346003898635478,,,0.1161598440545808,0.2433853151397011,0.1817738791423004,-0.1388888888888889,0.0077033398315055,-0.1608628659476116,161.7,122.5,3.434306569343066,0.0077633929556031,0.0011617792278031,0.000433507903096
2009-08-05,216.67,238.50000000000003,214.83,238.50000000000003,3427.0,238.5,204.34,200.22,183.836,156.78666666666666,109.066,False,False,False,False,False,False,True,True,False,False,False,-0.0880503144654089,-0.1056603773584906,,,0.2291991614255765,0.3426135569531797,-0.0050314465408805,-0.2306079664570231,0.0097542308019389,-0.1781040855059434,158.3,130.0,3.6418703506907546,0.0134467677712744,0.0056833748156712,0.0020508909704334
2009-08-06,231.7998700342244,232.79974006844864,225.14073560629035,230.8,924.0,230.8,212.74,203.88,186.2,157.99066666666667,110.075,False,False,False,False,False,False,True,True,False,True,False,-0.0259965337954939,-0.0758232235701906,,,0.1932409012131716,0.3154650491045638,0.0303292894280762,-0.1910745233968805,0.0076207033326863,-0.1822150284481067,162.7,141.7,0.2696235774730084,0.0126960257787324,-0.000750741992542,-0.0021335274692526
2009-08-07,232.50000000000003,232.50000000000003,225.00000000000003,225.50000000000003,441.0,225.5,219.34,207.66000000000005,188.512,159.14666666666668,111.074,False,False,False,False,False,False,True,True,False,True,False,-0.0146341463414635,-0.0554323725055433,,,0.1640266075388027,0.294249815225425,0.0478935698447892,-0.197339246119734,0.0072637399463807,-0.1887701049792932,162.3,140.7,0.4772727272727273,0.0122644712272959,-0.0004315545514364,-0.0003569633863056
2009-08-10,228.7991229253812,228.7991229253812,217.97058426663068,222.3,370.0,222.3,224.46,210.19,190.472,160.37733333333333,112.052,False,False,False,False,False,False,True,True,False,True,False,-0.0319388214125057,-0.0499325236167342,,,0.1431758884390463,0.278554505922927,0.0472334682860998,-0.1916329284750338,0.0076735698311481,-0.1892573385984107,163.8,135.8,0.8390022675736961,0.0102902263849805,-0.0019742448423154,0.0004098298847673
2009-08-11,224.6394783317484,224.6394783317484,216.6405651406059,220.8,598.0,220.8,227.58,211.94,192.636,161.61066666666665,113.031,False,False,False,False,False,False,True,True,False,False,False,-0.0384963768115942,-0.0339673913043478,,,0.127554347826087,0.2680676328502416,0.0566123188405797,-0.2065217391304348,0.0076315094713219,-0.1919411154100216,166.8,133.7,1.616216216216216,0.0112336219605888,0.0009433955756083,-4.2060359826161936e-05
2009-08-12,217.5,220.0,213.83,217.5,696.0,217.5,223.38,213.86,194.7040000000001,162.84799999999998,113.977,False,False,False,False,False,False,True,True,False,True,False,-0.0193103448275861,0.0399999999999999,,,0.1048091954022984,0.2512735632183909,0.0919540229885058,-0.2105747126436782,0.0075980873780048,-0.1910128121200785,155.5,135.8,1.1638795986622072,0.0106212507190406,-0.0006123712415481,-3.342209331706064e-05
2009-08-13,221.30046701952588,224.96997731619447,217.80093403905173,224.8,488.0,224.8,222.18,217.46,197.10800000000003,164.21866666666665,114.94249999999998,False,False,False,False,False,False,True,True,False,False,False,-0.0511565836298932,-0.0169039145907473,,,0.1231850533807828,0.2694899169632266,0.0596085409252668,-0.228202846975089,0.0083465947841901,-0.1944265612066587,159.2,135.0,0.7011494252873564,0.0121963593562916,0.0015751086372509,0.0007485074061852
2009-08-14,225.20040509519737,229.2009452221272,220.35975154161227,222.2,292.0,222.2,221.52000000000004,220.43,198.74400000000003,165.57066666666665,115.887,False,False,False,False,False,False,True,True,False,True,False,-0.0414041404140413,-0.0153015301530152,,,0.1055625562556253,0.2548574857485748,0.0562556255625562,-0.2470747074707469,0.0081656976275991,-0.2002903416050445,159.3,133.5,0.5983606557377049,0.0082316950448818,-0.0039646643114098,-0.000180897156591
2009-08-17,224.7013245340893,224.7013245340893,215.02997629781103,215.2,361.0,215.2,220.1,222.28,199.94,166.83599999999996,116.795,False,False,False,False,False,False,True,True,False,True,False,-0.0185873605947955,0.0027881040892194,,,0.0709107806691449,0.224739776951673,0.099907063197026,-0.2179368029739776,0.0075842943569331,-0.2065862875652329,151.0,135.8,1.2363013698630136,0.0059817945383613,-0.0022499005065204,-0.0005814032706659
2009-08-18,208.4705411387934,217.4692695332737,205.3009890265153,212.3,582.0,212.3,218.4,222.99,202.224,168.07066666666665,117.6755,False,False,False,False,False,False,True,True,False,False,False,0.0047103155911446,0.0306170513424399,,,0.0474611398963731,0.2083341183859319,0.1210551106924164,-0.2110221384832784,0.0073461163161529,-0.2132382618054621,159.7,136.0,1.6121883656509697,0.0112944062030223,0.0053126116646609,-0.0002381780407802
2009-08-19,216.46955421178453,217.46941358458727,210.8003515679933,213.3,248.0,213.3,217.56,220.47000000000003,203.884,169.31466666666662,118.557,False,False,False,False,False,False,True,True,False,True,False,0.0604781997187059,0.0393811533052038,,,0.0441443975621192,0.2062134708548213,0.1097046413502108,-0.2226910454758555,0.007347266627817,-0.2122737787454077,161.7,136.7,0.4261168384879725,0.0081418846010476,-0.0031525216019747,1.1503116641581324e-06
2009-08-20,216.63953030516103,216.63953030516103,209.97046828856705,213.3,194.0,213.3,215.26,218.72000000000003,205.54800000000003,170.44933333333327,119.445,False,False,False,False,False,False,True,True,False,True,False,0.0360993905297702,0.0300046882325362,,,0.0363431786216595,0.2008938896702613,0.1312705110173464,-0.2137834036568214,0.0066569146647683,-0.2146580102414047,173.3,135.0,0.782258064516129,0.0080954326969858,-4.645190406180749e-05,-0.0006903519630487
2009-08-21,216.33,221.50000000000003,211.83,213.0,462.0,213.0,213.42,217.47,206.968,171.70266666666663,120.32649999999998,False,False,False,False,False,False,True,True,False,True,False,0.0272300469483568,0.0492957746478874,,,0.0283192488262911,0.1938841940532083,0.1112676056338027,-0.1995305164319248,0.0072994401174124,-0.2149721800708145,166.5,132.5,2.381443298969072,0.0068609640137603,-0.0012344686832254,0.0006425254526441
2009-08-24,214.20042619690287,216.7007813609888,211.2,211.2,201.0,211.2,212.62000000000003,216.36,208.47600000000003,172.91199999999995,121.194,False,False,False,False,False,False,True,True,False,False,False,0.0217803030303031,0.0809659090909092,,,0.012897727272727,0.181287878787879,0.0970643939393939,-0.2069128787878787,0.0069939236914344,-0.2165834719911259,167.0,149.2,0.435064935064935,0.0072334465358124,0.000372482522052,-0.0003055164259779
2009-08-25,214.4698354661792,219.969062016594,211.6402334411476,213.3,713.0,213.3,212.82,215.61,209.64000000000004,174.12266666666662,122.0695,False,False,False,False,False,False,True,True,False,True,False,0.0257852789498359,0.1368963900609471,,,0.0171589310829815,0.1836724488201284,0.0304735114861697,-0.2180028129395217,0.0069529527076697,-0.2177542785585084,170.0,149.0,3.54726368159204,0.0055523755008586,-0.0016810710349537,-4.097098376478359e-05
2009-08-26,221.3593580050405,228.36028651014723,218.8590263960737,226.2,874.0,226.2,215.4,216.48,211.356,175.4053333333333,123.017,False,False,False,False,False,False,True,True,False,False,True,-0.019893899204244,0.0490716180371353,,,0.0656233421750663,0.2245564397288536,-0.0738284703801944,-0.2595048629531388,0.007312586466394,-0.2228381374722837,176.7,142.7,1.2258064516129032,0.0081190030091407,0.002566627508282,0.0003596337587243
2009-08-27,225.00000000000003,225.00000000000003,216.67,221.0,440.0,221.0,216.94,216.1,212.42800000000005,176.46266666666662,123.932,False,False,False,False,False,False,True,True,False,True,False,-0.0058823529411765,0.0760180995475113,,,0.0387873303167418,0.2015263951734542,-0.0647058823529412,-0.2420814479638009,0.0059918245219007,-0.2242480333179084,171.7,137.0,0.5034324942791762,0.0050464157267406,-0.0030725872824001,-0.0013207619444932
2009-08-28,221.29965726819907,223.1394050175936,216.8002741854408,218.8,271.0,218.8,218.1,215.76,213.67200000000005,177.50399999999993,124.822,False,False,False,False,False,False,True,True,False,False,False,0.0214808043875686,0.079981718464351,,,0.0234369287020107,0.1887385740402197,-0.0585009140767825,-0.2422303473491773,0.005866534463073,-0.2237208008898777,167.7,140.5,0.615909090909091,0.0058220075629937,0.0007755918362531,-0.0001252900588277
2009-08-31,218.7995830051429,220.6393272482973,215.8,215.8,99.0,215.8,219.02,215.82,214.4240000000001,178.5706666666666,125.67749999999998,False,False,False,False,False,False,True,True,False,True,False,0.0579240037071362,0.0787766450417052,,,0.0063762743280811,0.1725177633611372,-0.0838739573679333,-0.2252085264133458,0.0059733588196642,-0.2244462978407932,173.3,151.7,0.3653136531365313,0.003507070104093,-0.0023149374589007,0.0001068243565912
2009-09-01,213.6407073984372,220.63974774939453,213.30075400996208,218.8,276.0,218.8,220.12,216.47,215.044,179.70533333333327,126.54799999999996,False,False,False,False,False,False,True,True,False,True,True,0.1083180987202925,0.0662705667276051,,,0.0171663619744058,0.1786776355880563,-0.1010054844606948,-0.2404021937842779,0.0063140400210715,-0.2273756178685268,166.7,161.7,2.787878787878788,0.0028831308941422,-0.0006239392099507,0.0003406812014073
2009-09-02,213.6989173095141,224.2003383407768,211.8586682907024,221.7,520.0,221.7,219.22000000000003,217.31,215.98000000000005,180.85066666666663,127.41499999999998,False,False,False,False,False,False,True,True,False,False,False,0.0703653585926929,0.0712674785746506,,,0.0258006314839871,0.1842549992482335,-0.1258457374830851,-0.2512404149751917,0.0063330335156815,-0.2302701210252634,165.8,158.3,1.884057971014493,0.0043337346050561,0.0014506037109139,1.8993494609985048e-05
2009-09-03,220.530113351846,222.5303864888241,215.0293622251559,219.7,189.0,219.7,218.96000000000004,217.95,217.216,181.98,128.2635,False,False,False,False,False,False,True,True,False,False,False,0.0823850705507511,0.084205735093309,,,0.0113063268092853,0.1716886663632225,-0.060992262175694,-0.2544378698224851,0.006205810162289,-0.2343197981188345,164.7,162.7,0.3634615384615384,0.0056901885680611,0.0013564539630049,-0.0001272233533925
2009-09-04,216.83,228.33,216.67,223.50000000000003,648.0,223.5,219.9,219.0,218.456,183.18,129.1395,False,False,False,False,False,False,True,True,False,True,False,0.0572706935123041,0.050111856823266,,,0.0225682326621925,0.1804026845637584,-0.1015659955257271,-0.2751677852348994,0.0065509335080249,-0.2418721461187214,181.3,162.3,3.4285714285714284,0.0056762002416961,-1.3988326364926772e-05,0.0003451233457359
2009-09-07,231.4695834975693,236.63890421757984,227.9700433582972,228.3,1142.0,228.3,222.4,220.71,219.72,184.4133333333333,130.05599999999998,False,False,False,False,False,False,True,True,False,False,False,0.0197109067017082,0.0367936925098553,,,0.0375821287779238,0.192232442692364,-0.0924222514235655,-0.26982041173894,0.0066878750632634,-0.2481083775089484,185.3,163.8,1.7623456790123455,0.0057527762606954,7.657601899929527e-05,0.0001369415552384
2009-09-08,234.67,250.00000000000003,229.83,242.50000000000003,895.0,242.5,227.14,223.63,221.212,185.8333333333333,131.05599999999998,False,False,False,False,False,False,True,True,False,False,False,-0.0379381443298969,-0.0185567010309278,,,0.0877855670103094,0.2336769759450174,-0.1208247422680414,-0.3162886597938145,0.0076412556053811,-0.2583732057416268,155.2,166.8,0.7837127845884413,0.0067446612299513,0.0009918849692558,0.0009533805421176
2009-09-09,238.29987359373027,243.29924156238152,235.1402730375427,237.3,407.0,237.3,230.26,224.74,221.164,187.1746666666666,132.02249999999998,False,False,False,False,False,False,False,True,False,True,False,0.0008428150021071,-0.0025284450063212,,,0.0679983143699958,0.2112319145947467,-0.1078803202697008,-0.3055204382638011,0.0071662119517598,-0.2632375189107414,171.8,155.5,0.4547486033519553,-0.0002170335135917,-0.006961694743543,-0.0004750436536212
2009-09-10,233.30056763234245,245.46903250220748,231.64077702560647,237.8,662.0,237.8,233.88,226.42,221.44400000000005,188.54533333333325,132.9955,False,False,False,False,False,False,True,True,True,False,False,0.001682085786375,0.0147182506307821,,,0.0687804878048779,0.2071264367816096,-0.1400336417157275,-0.2947855340622372,0.0072696928766908,-0.2686158466566558,171.7,159.2,1.6265356265356266,0.0012644280269506,0.0014814615405423,0.000103480924931
2009-09-11,240.7994287648627,241.96928024372696,233.3003808234249,236.3,496.0,236.3,236.44,228.17,221.87600000000003,189.92933333333323,133.963,False,False,False,False,False,False,True,True,False,False,False,-0.0067710537452391,0.0016927634363096,,,0.0610410495133304,0.196236422626605,-0.1041049513330513,-0.3038510368176048,0.0072869207494716,-0.2747951089100232,177.5,159.3,0.7492447129909365,0.0019470334781589,0.0006826054512082,1.7227872780804093e-05
2009-09-14,234.96972039685608,234.96972039685608,231.6401494652751,232.8,135.0,232.8,237.34,229.87000000000003,222.29600000000005,191.0439999999999,134.89799999999997,False,False,False,False,False,False,True,True,False,True,False,0.0167525773195875,-0.004725085910653,,,0.0451202749140891,0.1793642611683853,-0.1013745704467354,-0.2912371134020619,0.0058346070364244,-0.2811154130595555,173.5,151.0,0.2721774193548387,0.0018893727282542,-5.766074990462642e-05,-0.0014523137130472
2009-09-15,232.80006428663268,233.3,228.1406634380492,233.3,256.0,233.3,235.5,231.32,222.796,192.16799999999992,135.81849999999997,False,False,False,False,False,False,True,True,False,False,False,0.020145735105015,-0.057865409344192,,,0.0450235747963995,0.1763051864552082,-0.1084440634376339,-0.2936133733390484,0.0058490487490114,-0.2862268718658135,184.2,159.7,1.8962962962962964,0.0022442054614981,0.0003548327332438,1.444171258699594e-05
2009-09-16,234.17,243.17,232.50000000000003,237.50000000000003,416.0,237.5,235.54,232.9,223.5960000000001,193.4319999999999,136.76699999999997,False,False,False,False,False,False,True,True,False,False,False,-0.0033684210526317,-0.1178947368421053,,,0.0585431578947365,0.185549473684211,-0.1797894736842105,-0.3052631578947369,0.0065345961371437,-0.2914984972091027,183.3,161.7,1.625,0.0035778815363427,0.0013336760748446,0.0006855473881323
2009-09-17,238.2,241.70044086156943,234.35951631187808,238.2,417.0,238.2,235.62000000000003,234.75,224.13200000000003,194.78133333333324,137.7205,False,False,False,False,False,False,True,True,False,True,False,0.0130142737195634,-0.1322418136020151,,,0.059059613769941,0.1822781975930594,-0.1759026028547438,-0.3060453400503777,0.0069274263105294,-0.2964430244941427,194.2,173.3,1.0024038461538465,0.0023914478967748,-0.0011864336395678,0.0003928301733857
2009-09-18,240.2007031150125,243.36110708654704,229.699360804534,234.7,408.0,234.7,235.3,235.87,224.632,196.03733333333324,138.6525,False,False,False,False,False,False,True,True,False,True,False,0.0085215168299957,-0.1222837665104388,,,0.0428973157221984,0.164732282346258,-0.1853429910524073,-0.2961227098423519,0.0064069428952308,-0.298427099673549,187.7,166.5,0.9784172661870504,0.0022258627443996,-0.0001655851523752,-0.0005204834152985
2009-09-24,240.70050703511217,240.70050703511217,235.3598301432374,236.7,233.0,236.7,236.08,236.71,225.492,197.17066666666665,139.5885,False,False,False,False,False,False,True,True,False,False,False,-0.0211237853823405,-0.164765525982256,,,0.0473510773130545,0.1670018307280665,-0.160118293198141,-0.3020701309674694,0.0057479814441638,-0.3015504203455706,197.0,167.0,0.571078431372549,0.0038138825324179,0.0015880197880183,-0.000658961451067
2009-09-25,239.83,239.83,236.67,238.00000000000003,147.0,238.0,237.02000000000004,236.26,226.52,198.188,140.52,False,False,False,False,False,False,True,True,False,False,False,-0.0764705882352941,-0.173529411764706,,,0.0482352941176471,0.1672773109243699,-0.1756302521008405,-0.2508403361344538,0.0051331732160036,-0.294929315161263,203.3,170.0,0.630901287553648,0.0045382306198129,0.0007243480873949,-0.0006148082281601
2009-09-28,234.69974648244389,238.0301685891748,230.02915451895043,236.7,218.0,236.7,236.86,236.2,227.456,199.2333333333333,141.4275,False,False,False,False,False,False,True,True,False,True,False,-0.1149133924799323,-0.1812420785804815,,,0.0390536544148711,0.1582875651316717,-0.1867342627798901,-0.2353189691592733,0.0052467793207293,-0.287891617273497,198.3,176.7,1.4829931972789117,0.0041150815981991,-0.0004231490216137,0.0001136061047256
2009-09-29,236.6405792897692,241.6399577342229,234.3008701777649,241.3,334.0,241.3,237.48,236.55000000000004,228.576,200.2813333333333,142.335,False,False,False,False,False,False,True,True,False,False,False,-0.1433899709904683,-0.1450476585163696,,,0.0527310401989225,0.1699903301560991,-0.2196435971819312,-0.2403646912556983,0.0052326394205484,-0.2823504544493766,188.8,171.7,1.5321100917431192,0.0048999020019599,0.0007848204037608,-1.4139900180874972e-05
2009-09-30,237.53010520978577,241.36059069590567,235.02978831284065,236.7,263.0,236.7,237.88,236.59,229.524,201.2733333333333,143.2035,False,False,False,False,False,False,True,True,False,True,False,-0.1297000422475707,-0.1516687790452048,,,0.030316856780735,0.1496690606956767,-0.2501056189269117,-0.1833544571187156,0.004928621112252,-0.270298829198191,192.5,167.7,0.7874251497005988,0.0041302870288074,-0.0007696149731525,-0.0003040183082963
2009-10-01,233.3602149609358,235.8605386972849,230.1998057581905,231.7,327.0,231.7,236.88,236.48,230.344,202.17866666666663,144.0805,False,False,False,False,False,False,True,True,False,True,False,-0.146741476046612,-0.1057401812688821,,,0.0058523953388001,0.127411883182276,-0.2878722485973241,-0.2028485110056107,0.0044778875450096,-0.2616288903924221,196.7,173.3,1.2433460076045628,0.0035598930295557,-0.0005703939992517,-0.0004507335672424
2009-10-02,223.46949915844064,228.2988400127372,217.80027293817952,219.8,430.0,219.8,233.24,235.13,230.604,202.8853333333333,144.8645,False,False,False,False,False,False,True,True,False,True,False,-0.1050955414012739,-0.0300272975432212,,,-0.0491537761601455,0.0769548074006674,-0.2948134667879891,-0.2074613284804368,0.0034830840409032,-0.2533917407391655,205.2,166.7,1.3149847094801224,0.0011274739380063,-0.0024324190915494,-0.0009948035041063
2009-10-05,213.17,217.17,208.5,209.5,263.0,209.5,227.8,232.33,229.93600000000004,203.6053333333333,145.62699999999998,False,False,False,False,False,False,False,True,False,True,False,-0.0749403341288782,0.0105011933174223,,,-0.0975465393794751,0.0281368337311059,-0.1804295942720764,-0.1694510739856801,0.0035362531433361,-0.2405199500710197,238.50000000000003,165.8,0.6116279069767442,-0.0029051562173821,-0.0040326301553884,5.316910243283136e-05
2009-10-06,208.7002903178981,208.86031354333,203.35951516911013,206.7,210.0,206.7,220.88,229.18,229.364,204.23866666666663,146.37699999999998,False,False,False,False,False,False,False,True,False,False,False,-0.0019351717464923,-0.0106434446057087,,,-0.1096468311562652,0.0119077568134173,-0.2017416545718432,-0.0914368650217705,0.0031009472577833,-0.2202635483026442,230.8,164.7,0.7984790874524715,-0.0024938525662267,0.0004113036511553,-0.0004353058855527
2009-10-07,211.0,215.17,205.0,206.0,447.0,206.0,214.74,226.31,228.852,204.8613333333333,147.107,False,False,False,False,False,False,False,True,False,False,False,-0.0252427184466018,0.0276699029126213,,,-0.1109320388349514,0.005527508090615,-0.2053398058252427,-0.1067961165048543,0.0030394543300834,-0.2020679598780433,225.50000000000003,181.3,2.128571428571429,-0.0022372537709961,0.0002565987952306,-6.149292769986377e-05
2009-10-08,205.03111246016087,206.7013659128851,193.3593413264532,197.7,672.0,197.7,207.94,222.41,228.128,205.484,147.762,False,False,False,False,False,False,False,True,False,True,False,0.0480526049570055,0.0581689428426909,,,-0.1539099645928174,-0.0393727870510876,-0.1896813353566009,-0.0515933232169953,0.0030302440417098,-0.1780495481318285,222.3,185.3,1.5033557046979866,-0.0031736568943751,-0.000936403123379,-9.21028837364609e-06
2009-10-09,200.86063456551585,200.86063456551585,194.5296689886612,196.7,553.0,196.7,203.32,218.28000000000003,227.244,205.9773333333333,148.3955,False,False,False,False,False,False,False,True,False,True,False,0.0838840874428063,0.0574478901881037,,,-0.1552821555668531,-0.047164887307236,-0.1525165226232842,-0.2796136248093543,0.002395085543393,-0.1792651640095291,220.8,155.2,0.8229166666666666,-0.0038900917075917,-0.0007164348132166,-0.0006351584983168
2009-10-13,197.46943197647423,198.4692772016716,188.30085126141464,193.8,680.0,193.8,200.18,213.99,226.128,206.4053333333333,148.991,False,False,False,False,False,False,False,True,False,True,False,0.0923632610939111,0.0051599587203302,,,-0.1668111455108357,-0.0650429996560024,-0.2043343653250775,-0.3292053663570692,0.00207358982972,-0.1866442357119491,217.5,171.8,1.2296564195298372,-0.0049352579070261,-0.0010451661994343,-0.000321495713673
2009-10-14,195.64154994426409,215.7986187175884,194.9716473610236,206.3,917.0,206.3,200.1,210.49,225.592,206.8453333333333,149.635,False,False,False,False,False,False,False,True,False,False,False,-0.0087251575375667,-0.0484730974309258,,,-0.0935142995637421,-0.0026433995798995,-0.2641783809985458,-0.3640329617062531,0.0021271932651771,-0.1978716328566677,224.8,171.7,1.348529411764706,-0.0023759707791055,0.0025592871279206,5.360343545717959e-05
2009-10-15,205.1393516904845,206.79910371956385,199.9701239854604,200.8,207.0,200.8,199.06,206.9,224.684,207.30266666666665,150.264,False,False,False,False,False,False,False,True,False,True,False,0.0542828685258963,-0.0478087649402391,,,-0.1189442231075696,-0.0323837981407701,-0.221613545816733,-0.3625498007968127,0.0022061140876144,-0.2155147414209763,222.2,177.5,0.2257360959651036,-0.0040412312403198,-0.0016652604612142,7.892082243721394e-05
2009-10-16,216.7013756818072,217.53149587295457,204.69963797847177,207.2,713.0,207.2,200.96,204.45,223.84,207.83866666666663,150.92600000000002,False,False,False,False,False,False,False,True,False,False,False,0.0096525096525096,-0.0405405405405404,,,-0.0803088803088803,-0.0030823680823679,-0.1916023166023165,-0.3943050193050192,0.0025789233957106,-0.2350696991929567,215.2,173.5,3.4444444444444446,-0.0037705503931379,0.0002706808471818,0.0003728093080962
2009-10-19,210.52962424356147,215.86037434911103,208.3593188534972,213.2,379.0,213.2,204.26000000000005,203.79,222.668,208.41466666666665,151.61700000000002,False,False,False,False,False,False,False,True,False,True,False,-0.0243902439024389,-0.0797373358348968,,,-0.0444090056285179,0.0224452782989368,-0.1712007504690431,-0.4268292682926828,0.0027637210433047,-0.2581088375288287,212.3,184.2,0.5315568022440392,-0.0052634415362782,-0.0014928911431402,0.0001847976475941
2009-10-20,215.8605895970142,218.36094392214287,210.35981008173096,211.7,273.0,211.7,207.84,204.01,221.644,208.8813333333333,152.3005,False,False,False,False,False,False,False,True,False,False,False,-0.0798299480396786,-0.0906943788379782,,,-0.0469721303731696,0.0133144386710754,-0.1332073689182805,-0.4331601322626358,0.0022341233619088,-0.2853781677368755,213.3,183.3,0.7203166226912929,-0.0046200212954106,0.0006434202408675,-0.0005295976813959
2009-10-21,210.0,210.5,203.33,204.5,169.0,204.5,207.48,203.79,220.312,209.31866666666667,152.937,False,False,False,False,False,False,False,True,False,True,False,-0.0400977995110023,-0.0792176039119803,,,-0.077320293398533,-0.0235631621841891,-0.087041564792176,-0.4073349633251834,0.0020893183598851,-0.317287403699887,213.3,194.2,0.6190476190476191,-0.0060459711681614,-0.0014259498727508,-0.0001448050020236
2009-10-22,205.0290546605565,212.360093541834,203.698866159588,211.7,189.0,211.7,209.66,204.36,219.32799999999995,209.90533333333337,153.62050000000002,False,False,False,False,False,False,False,True,False,False,True,-0.0968351440717997,-0.1615493623051487,,,-0.0360321209258382,0.0084774051330496,-0.1450165328294756,-0.384506376948512,0.0027949107216588,-0.3454687805832845,213.0,187.7,1.118343195266272,-0.004486431281004,0.0015595398871573,0.0007055923617736
2009-10-23,216.70107568006884,216.70107568006884,209.2,209.2,160.0,209.2,210.06,205.51,218.384,210.38400000000007,154.31750000000002,False,False,False,False,False,False,False,True,False,False,False,-0.0497131931166346,-0.2112810707456978,,,-0.0439005736137665,-0.0056596558317403,-0.1410133843212237,-0.4034416826003824,0.0022752047050474,-0.3796408933871831,211.2,197.0,0.8465608465608465,-0.0043226610008058,0.0001637702801982,-0.0005197060166113
2009-10-26,208.33,209.17,204.33,208.0,212.0,208.0,209.02,206.64000000000004,217.372,210.93466666666671,155.00350000000003,False,False,False,False,False,False,False,True,False,True,False,-0.0567307692307692,-0.2548076923076923,,,-0.0450576923076923,-0.0141089743589745,-0.1576923076923077,-0.3942307692307692,0.0026106029671113,-0.3906310491676346,213.3,203.3,1.325,-0.0046556134184713,-0.0003329524176654,0.0003353982620639
2009-10-27,204.63848483293128,209.63771493096547,189.970743725299,194.8,544.0,194.8,205.64,206.74,215.664,211.3213333333334,155.609,False,False,False,False,False,False,False,True,False,True,False,-0.0118069815195072,-0.1185831622176592,,,-0.1071047227926076,-0.0848117727583849,-0.1185831622176592,-0.3454825462012321,0.0018297568947133,-0.3921350488536326,226.2,198.3,2.5660377358490565,-0.0079197269827139,-0.0032641135642426,-0.0007808460723979
2009-10-28,195.1401772525849,203.2989303723323,194.97020322925687,196.3,345.0,196.3,204.0,205.74,213.988,211.7426666666667,156.203,False,False,False,False,False,False,False,True,False,False,False,-0.0407539480387162,-0.1594498217014773,,,-0.0901069791136015,-0.0786687043640687,-0.1161487519103413,-0.3316352521650536,0.0019898367200437,-0.389180519101779,221.0,188.8,0.6341911764705882,-0.0078322148905545,8.751209215942385e-05,0.0001600798253303
2009-10-29,194.3604958937072,196.53083642830987,187.5294240728148,191.2,190.0,191.2,199.9,204.78,212.248,211.87466666666668,156.7715,False,False,False,False,False,False,False,True,False,True,False,-0.0716527196652719,-0.1438284518828452,,,-0.1100836820083682,-0.1081311018131103,-0.1249999999999998,-0.3164225941422594,0.0006230098297105,-0.3849985350131849,218.8,192.5,0.5507246376811594,-0.0081979571067807,-0.0003657422162262,-0.0013668268903331
2009-10-30,191.8010561786451,202.29947191067748,191.8010561786451,198.8,170.0,198.8,197.82,203.94,210.732,212.0546666666667,157.35950000000005,False,False,True,False,False,False,False,True,False,False,False,-0.1700201207243461,-0.1941649899396379,,,-0.060020120724346,-0.066673373574782,-0.1534205231388329,-0.3586519114688129,0.0008488377210908,-0.3814847504167892,215.8,196.7,0.8947368421052632,-0.0071939714898543,0.0010039856169264,0.0002258278913802
2009-11-02,192.19938828567047,200.70068817862057,191.6993118213794,196.2,127.0,196.2,195.46,202.24,209.06,212.6013333333334,157.924,False,False,False,False,False,False,False,True,False,True,False,-0.2099898063200815,-0.1503567787971458,,,-0.0655453618756371,-0.0835949711179073,-0.1462793068297655,-0.2951070336391436,0.0025713228515345,-0.3683247626582279,218.8,205.2,0.7470588235294118,-0.0079977040084186,-0.0008037325185642,0.0017224851304437
2009-11-04,196.17,196.17,192.5,192.5,74.0,192.5,195.0,200.32,207.292,212.87733333333333,158.46300000000002,False,False,False,False,False,False,False,True,False,True,False,-0.1080519480519481,-0.198961038961039,,,-0.0768415584415584,-0.1058562770562771,-0.1387012987012986,-0.3038961038961039,0.0012965213143091,-0.3552815495207667,221.7,238.50000000000003,0.5826771653543307,-0.0085290315111051,-0.0005313275026864,-0.0012748015372254
2009-11-05,192.4693357404556,194.6389900706208,183.47076939414856,188.3,137.0,188.3,193.4,198.7,205.172,213.0986666666667,158.99750000000003,False,False,False,False,False,False,False,True,False,True,False,-0.1237387148167817,-0.1938396176314391,,,-0.0896016994158257,-0.1316976456009914,-0.109399893786511,-0.3202336696760489,0.0010386425067575,-0.3466029189733267,219.7,230.8,1.8513513513513515,-0.010332793948492,-0.0018037624373869,-0.0002578788075516
2009-11-06,188.33,189.67,173.33,177.5,281.0,177.5,190.66,195.28,202.804,213.0986666666667,159.485,False,False,False,False,False,False,False,False,False,True,False,-0.0777464788732395,-0.1194366197183098,,,-0.1425577464788732,-0.2005558685446011,-0.0394366197183098,-0.300281690140845,0.0,-0.338283490372798,223.50000000000003,225.50000000000003,2.051094890510949,-0.0116762982978639,-0.0013435043493719,-0.0010386425067575
2009-11-09,178.33,178.33,163.33,165.0,430.0,165.0,183.9,190.86,200.136,212.9853333333334,159.92000000000002,False,False,False,False,False,False,False,False,False,True,False,-0.0290909090909091,0.0151515151515151,,,-0.2129454545454545,-0.2908202020202023,0.0151515151515151,-0.2624242424242424,-0.0005321180175159,-0.3245834643193961,228.3,222.3,1.5302491103202849,-0.0133309349642243,-0.0016546366663604,-0.0005321180175159
2009-11-10,165.0,168.33,153.5,155.0,885.0,155.0,175.66,185.56,197.544,212.5960000000001,160.306,False,False,False,False,False,False,False,False,False,False,False,0.0754838709677418,0.1399999999999999,,,-0.2744774193548387,-0.3715870967741941,0.0761290322580645,-0.207741935483871,-0.0018313295326972,-0.3070165984048286,242.50000000000003,220.8,2.058139534883721,-0.0131211274450248,0.0002098075191995,-0.0012992115151812
2009-11-11,156.69737869167588,171.7,156.69737869167588,171.7,914.0,171.7,171.5,183.25,196.032,212.4413333333334,160.77700000000002,False,False,False,False,False,False,False,False,False,False,False,-0.1019219569015725,0.0687245195107746,,,-0.1417122888759465,-0.2372820811492919,-0.0244612696563773,-0.2877111240535818,-0.0007280441345376,-0.301118690313779,237.3,217.5,1.032768361581921,-0.007713026444662,0.0054081010003627,0.0011032853981595
2009-11-12,168.33,174.0,161.67000000000002,165.0,657.0,165.0,166.84,180.12,194.364,212.0520000000001,161.20950000000002,False,False,False,False,False,False,False,False,False,True,False,-0.0799999999999999,0.1315151515151514,,,-0.1779636363636363,-0.285163636363637,0.0151515151515151,-0.2424242424242424,-0.0018360276410187,-0.2924161669997779,237.8,224.8,0.7188183807439825,-0.0085818361424955,-0.0008688096978334,-0.001107983506481
2009-11-13,166.70054988696768,176.7023828435266,162.5297855440826,163.7,753.0,163.7,164.08,177.37,192.672,211.7320000000001,161.65300000000002,False,False,False,False,False,False,False,False,False,True,False,-0.0452046426389736,0.1056811240073305,,,-0.1769822846670739,-0.2934147831398908,0.0128283445326818,-0.2345754428833231,-0.0015113445298773,-0.2844900490500085,236.3,222.2,1.1461187214611872,-0.0087817638266069,-0.0001999276841113,0.0003246831111413
2009-11-16,166.70121745645253,170.7019666604233,160.2,160.2,486.0,160.2,163.11999999999998,173.51000000000002,191.172,211.24133333333347,162.08900000000003,False,False,False,False,False,False,False,False,False,False,False,0.0455680399500625,0.1217228464419475,,,-0.1933333333333334,-0.3186100707449031,0.0436953807740324,-0.2247191011235954,-0.0023227777392049,-0.2704743242464412,232.8,215.2,0.6454183266932271,-0.0078463373297344,0.0009354264968724,-0.0008114332093275
2009-11-17,161.69910001799963,173.36119877602445,161.69910001799963,166.7,854.0,166.7,165.45999999999998,170.56,189.972,210.75333333333344,162.55150000000003,False,False,False,False,False,False,False,False,False,False,False,0.0599880023995201,0.050989802039592,,,-0.1396040791841633,-0.2642671465706866,-0.002999400119976,-0.2489502099580082,-0.0023155031158069,-0.2655370544090057,233.3,212.3,1.757201646090535,-0.0063167203587896,0.0015296169709448,7.274623398037441e-06
2009-11-18,165.7022377894532,165.7022377894532,153.69990270480636,154.2,656.0,154.2,161.95999999999998,166.73000000000002,188.388,210.16533333333345,162.91850000000002,False,False,False,False,False,False,False,False,False,True,False,0.1900129701686122,0.1134889753566796,,,-0.2217120622568094,-0.362939904885431,0.0765239948119326,-0.2172503242542152,-0.0027977972897527,-0.2566424758591737,237.50000000000003,213.3,0.7681498829039812,-0.0084081788648958,-0.0020914585061062,-0.0004822941739458
2009-11-19,155.7992096423632,159.9683856945268,151.64003161430549,151.8,808.0,151.8,159.32,163.08,186.208,209.67200000000008,163.24000000000004,False,False,False,False,False,False,False,False,False,True,False,0.229907773386034,0.1429512516469037,,,-0.2266666666666665,-0.3812384716732547,0.0790513833992094,-0.2147562582345191,-0.0023528813257534,-0.245401030169242,238.2,213.3,1.2317073170731707,-0.0117073380305894,-0.0032991591656936,0.0004449159639993
2009-11-20,150.8010554596047,159.63935904816734,147.47169449241989,156.3,755.0,156.3,157.84,160.96,184.428,209.18933333333345,163.54250000000002,False,False,False,False,False,False,False,False,False,False,False,0.1580294305822136,0.0703774792066538,,,-0.1799616122840689,-0.3383834506291326,0.0364683301343569,-0.2437619961612284,-0.0023073196848785,-0.2391898608349901,234.7,213.0,0.9344059405940596,-0.0096514629015117,0.0020558751290777,4.556164087480413e-05
2009-11-24,161.67000000000002,167.67000000000002,161.67000000000002,167.5,447.0,167.5,159.3,161.20999999999998,182.84,208.80000000000007,163.859,False,False,False,False,False,False,False,False,False,False,False,0.0728358208955223,0.0047761194029851,,,-0.0915820895522388,-0.2465671641791048,-0.0047761194029851,-0.2973134328358209,-0.0018646232439338,-0.2428509397680042,236.7,211.2,0.5920529801324503,-0.0086851892364908,0.0009662736650208,0.0004426964409447
2009-11-25,166.358244184072,193.36282900322635,161.6974528782476,176.7,638.0,176.7,161.3,163.38,181.38,208.42000000000007,164.18,False,False,False,False,False,False,False,False,False,False,False,-0.0084889643463497,-0.052065647990945,,,-0.0264855687606112,-0.1795132993774764,-0.0616864742501413,-0.3480475382003395,-0.0018232415315228,-0.2575590647570079,238.00000000000003,213.3,1.4272930648769575,-0.0080493990517146,0.0006357901847762,4.138171241096101e-05
2009-11-26,168.67000000000002,189.17,166.83,183.5,444.0,183.5,167.16,164.56,180.252,207.68666666666675,164.49900000000002,False,False,False,False,True,False,False,False,False,False,False,-0.0643051771117166,-0.0964577656675748,,,0.0177002724795639,-0.1318074477747507,-0.1019073569482288,-0.3585831062670299,-0.0035309601001508,-0.2656781720952841,236.7,226.2,0.6959247648902821,-0.0062579055988282,0.0017914934528864,-0.0017077185686279
2009-11-27,176.85841859966786,189.5304548133069,175.02812449777682,186.7,426.0,186.7,174.14,166.73,179.53999999999996,207.0986666666668,164.8615,False,False,False,False,False,False,False,False,False,False,False,-0.0707016604177824,-0.1017675415104445,,,0.0383502945902518,-0.109259060881986,-0.1017675415104445,-0.3519014461703267,-0.0028392263912851,-0.2776344988904216,241.3,221.0,0.9594594594594594,-0.0039656900969145,0.0022922155019136,0.0006917337088656
2009-11-30,183.33,185.0,180.0,181.0,278.0,181.0,179.08,168.46,178.31199999999998,206.5053333333334,165.19550000000004,False,False,False,False,False,False,False,False,False,True,False,-0.0756906077348065,-0.0580110497237569,,,0.0148508287292818,-0.1409134438305712,-0.0911602209944751,-0.3370165745856354,-0.002873210699966,-0.2881989789861095,236.7,218.8,0.6525821596244131,-0.0068868051505225,-0.0029211150536079,-3.398430868091105e-05
2009-12-01,181.8603606612122,183.3606111203873,175.52930372349306,179.7,192.0,179.7,181.52,170.41000000000005,177.13199999999995,205.9373333333334,165.5275,False,False,False,False,False,False,False,False,False,False,False,-0.063439065108514,-0.0678909293266554,,,0.0142904841402339,-0.1460063068076428,-0.0818030050083471,-0.3305509181969949,-0.0027581205933195,-0.2986327093480432,231.7,215.8,0.6906474820143885,-0.0066616986202382,0.0002251065302843,0.0001150901066464
2009-12-02,179.86079808186332,186.2018838842268,173.85977050864872,175.2,232.0,175.2,181.22000000000003,171.26000000000002,175.81999999999996,205.3293333333334,165.84,False,False,False,False,False,True,False,False,False,True,False,-0.0439497716894976,-0.0479452054794519,,,-0.0035388127853879,-0.1719710806697113,-0.0593607305936071,-0.3293378995433789,-0.0029610966447398,-0.3066098330024525,219.8,218.8,1.2083333333333333,-0.007462177226709,-0.0008004786064708,-0.0002029760514202
2009-12-03,181.86177549950483,191.70349507776547,168.69947573833517,171.7,531.0,171.7,178.86,173.01000000000002,174.89599999999996,204.7186666666668,166.1275,False,False,False,False,False,False,False,False,False,False,False,-0.0343622597553871,-0.0244612696563773,,,-0.0186138613861384,-0.1923044069112801,-0.0390215492137448,-0.3185789167152009,-0.0029829554705968,-0.3157620946766084,209.5,221.7,2.288793103448276,-0.005283139694447,0.002179037532262,-2.185882585695187e-05
2009-12-04,174.33,174.33,165.83,173.5,442.0,173.5,176.21999999999997,175.18,173.98399999999998,204.0346666666668,166.4325,False,False,False,False,False,False,False,False,False,False,False,-0.0334293948126801,-0.0345821325648415,,,-0.0027896253602304,-0.175992315081653,-0.0472622478386166,-0.3141210374639769,-0.0033523714924261,-0.3243520949880124,206.7,219.7,0.832391713747646,-0.005241861320581,4.127837386594911e-05,-0.0003694160218293
2009-12-07,174.79865535170026,175.13859439431067,163.3007171457599,167.3,551.0,167.3,173.47999999999996,176.28000000000003,173.028,203.3026666666668,166.70300000000003,False,False,False,False,False,False,False,False,False,True,False,0.0191273161984458,-0.0089659294680215,,,-0.034237895995218,-0.2151982466626823,-0.0125523012552302,-0.2898983861326958,-0.0036005430327198,-0.3282278193782619,206.0,223.50000000000003,1.246606334841629,-0.0055251173220518,-0.0002832560014707,-0.0002481715402937
2009-12-08,169.2998217786491,171.4694350383176,166.64029584744253,168.3,289.0,168.3,171.2,176.36,171.808,202.6773333333334,166.97850000000005,False,False,False,False,False,False,False,False,False,True,False,-0.0047534165181224,-0.0065359477124184,,,-0.0208437314319666,-0.2042622301445833,-0.0184194890077244,-0.3006535947712418,-0.0030853639282144,-0.3285325470628261,197.7,228.3,0.5245009074410163,-0.00710094989756,-0.0015758325755082,0.0005151791045053
2009-12-09,168.33,169.17000000000002,166.67000000000002,167.5,177.0,167.5,169.66,175.44,170.65999999999997,202.08000000000007,167.25450000000004,False,False,False,False,False,False,False,False,False,False,False,-0.0041791044776118,-0.0077611940298508,,,-0.0188656716417908,-0.2064477611940302,0.0644776119402985,-0.2997014925373134,-0.0029559250461862,-0.3238144094847241,196.7,242.50000000000003,0.6124567474048442,-0.0067268252666121,0.0003741246309479,0.0001294388820282
2009-12-10,170.79909545920523,171.29900500512576,165.8,165.8,221.0,165.8,168.48000000000002,173.67,169.59199999999998,201.4466666666668,167.51850000000005,False,False,False,False,False,False,False,False,False,False,False,0.0102533172496983,0.0012062726176115,,,-0.0228709288299154,-0.2149979895456378,0.09167671893848,-0.3094089264173704,-0.0031439256047918,-0.3187654747509644,193.8,237.3,1.2485875706214689,-0.0062974668616443,0.0004293584049678,-0.0001880005586055
2009-12-11,167.52996958310968,169.20026838432634,163.52925389157272,167.7,225.0,167.7,167.32000000000002,171.76999999999998,168.768,200.8386666666668,167.79300000000006,False,False,False,False,False,False,False,False,False,False,False,-0.0011926058437685,-0.0232558139534882,,,-0.0063685152057245,-0.1976068376068384,0.0930232558139536,-0.3041144901610017,-0.0030273054989409,-0.313733480817372,206.3,237.8,1.0180995475113122,-0.0048824421691314,0.0014150246925128,0.0001166201058508
2009-12-14,171.0,171.0,166.33,170.5,173.0,170.5,167.95999999999998,170.71999999999997,168.488,200.27200000000008,168.07700000000006,False,False,False,False,True,False,False,False,False,False,False,-0.027565982404692,-0.0498533724340175,,,0.0118005865102639,-0.1746158357771265,0.1337243401759531,-0.318475073313783,-0.0028294852334161,-0.3117385192127459,200.8,236.3,0.7688888888888888,-0.001661839418831,0.0032206027503004,0.0001978202655248
2009-12-15,171.5,171.5,163.33,167.5,173.0,167.5,167.8,169.5,168.588,199.6893333333334,168.34800000000004,False,False,False,False,False,False,True,False,False,False,False,-0.0017910447761194,-0.0047761194029851,,,-0.0064955223880596,-0.1921751243781098,0.102686567164179,-0.3032835820895522,-0.0029178657514673,-0.3089085545722714,207.2,232.8,1.0,0.0005931620281395,0.0022550014469705,-8.838051805120555e-05
2009-12-16,168.29973026434095,171.13921956482648,165.1402985074627,166.8,244.0,166.8,167.66,168.66,169.06,199.0693333333334,168.57350000000005,False,False,False,False,False,False,True,False,True,False,False,-0.0035971223021584,-0.0059952038369304,,,-0.0135491606714627,-0.1934612310151881,0.0443645083932852,-0.2655875299760192,-0.0031144927730372,-0.3025020751808371,213.2,233.3,1.4104046242774566,0.0027919081982728,0.0021987461701332,-0.0001966270215698
2009-12-17,168.17000000000002,168.67000000000002,165.33,167.5,248.0,167.5,168.0,168.24,168.892,198.28666666666672,168.8445,False,False,False,False,False,False,False,False,False,True,False,-0.008955223880597,-0.0161194029850745,,,-0.008310447761194,-0.1838009950248759,0.0388059701492537,-0.2626865671641791,-0.0039471472279191,-0.2968972895863053,211.7,237.50000000000003,1.0163934426229508,-0.0009947185183431,-0.0037866267166159,-0.0008326544548819
2009-12-18,165.5,170.67000000000002,165.0,167.5,259.0,167.5,167.95999999999998,167.64,168.99200000000002,197.57333333333327,169.07800000000003,False,False,False,False,False,False,True,False,False,False,False,-0.0220895522388059,0.0011940298507462,,,-0.0089074626865672,-0.1795422885572138,0.1211940298507463,-0.2435820895522387,-0.0036104737481444,-0.2897876401813408,204.5,238.2,1.0443548387096775,0.0005917439878812,0.0015864625062243,0.0003366734797747
2009-12-21,168.9694265211361,168.9694265211361,165.8,165.8,246.0,165.8,167.01999999999998,167.48999999999998,169.07600000000002,196.86666666666667,169.32350000000002,False,False,False,False,False,False,True,False,False,True,False,-0.02291917973462,-0.0078407720144753,,,-0.0197587454764777,-0.1873743466023321,0.1097708082026537,-0.2478890229191797,-0.0035895699288857,-0.285628992775688,211.7,234.7,0.9498069498069498,0.0004968179990063,-9.492598887483482e-05,2.0903819258671387e-05
2009-12-22,168.20017945803673,173.36110546150624,165.8597595262308,167.2,666.0,167.2,166.95999999999998,167.38,169.35600000000002,196.21866666666668,169.55950000000004,False,False,False,False,False,False,True,False,True,False,False,-0.0029904306220095,-0.013157894736842,,,-0.0128947368421054,-0.1735566188197768,0.1214114832535886,-0.242224880382775,-0.0033024380962735,-0.2797825307683116,209.2,236.7,2.707317073170732,0.0016533219962682,0.0011565039972618,0.0002871318326122
2009-12-24,167.70027080700487,170.03069146055245,165.85993861707888,166.2,274.0,166.2,166.84,167.25,169.336,195.51733333333337,169.81150000000002,False,False,False,False,False,False,False,False,False,True,False,-0.0024067388688325,-0.0084235860409144,,,-0.0188688327316487,-0.1763979141596473,-0.1474127557160048,-0.1799037304452465,-0.0035870647444726,-0.2678624813153961,208.0,238.00000000000003,0.4114114114114114,-0.0001181083762461,-0.0017714303725143,-0.0002846266481991
2009-12-25,167.83,167.83,165.83,166.0,181.0,166.0,166.54000000000002,167.27,169.80800000000002,194.7746666666667,170.06900000000002,False,False,False,False,False,False,True,False,True,False,False,-0.0072289156626505,-0.0060240963855421,,,-0.0229397590361447,-0.1733413654618475,-0.216867469879518,-0.1849397590361445,-0.0038129530876706,-0.2555150355712321,194.8,236.7,0.6605839416058394,0.0027796099123716,0.0028977182886177,-0.0002258883431979
2009-12-28,165.7996337667094,166.63947994872737,162.64021241530858,163.8,407.0,163.8,165.8,166.88,170.28799999999998,194.02933333333337,170.31550000000004,False,False,False,False,False,False,True,False,False,False,False,0.0238095238095236,0.0091575091575091,,,-0.0396092796092794,-0.1845502645502647,-0.1990231990231991,-0.1678876678876678,-0.0038413435769161,-0.2420302013422819,196.3,241.3,2.248618784530387,0.0028187541106828,3.914419831118265e-05,-2.839048924553611e-05
2009-12-29,164.17000000000002,165.0,160.17000000000002,162.0,396.0,162.0,165.04000000000002,166.03,170.51600000000002,193.2093333333333,170.55050000000003,False,False,False,False,False,False,True,False,False,True,False,0.015432098765432,0.019753086419753,,,-0.052567901234568,-0.1926502057613167,-0.2098765432098765,-0.1839506172839506,-0.0042441013891671,-0.2285129193519243,191.2,236.7,0.972972972972973,0.0013371179244178,-0.0014816361862649,-0.0004027578122509
2009-12-30,162.35921881562368,168.03023939521208,161.85912881742362,166.7,360.0,166.7,164.94,165.95,170.484,192.3880000000001,170.8215,False,False,False,False,False,False,False,False,False,True,False,-0.0101979604079183,-0.008998200359928,,,-0.0226994601079785,-0.1540971805638878,-0.2471505698860227,-0.1979604079184163,-0.0042691505360689,-0.2178969569147331,198.8,231.7,0.9090909090909092,-0.0001877008986181,-0.0015248188230359,-2.5049146901820647e-05
2010-01-04,168.6394862208286,168.6394862208286,165.14011939938493,165.8,144.0,165.8,164.86,165.85,170.048,191.36533333333333,171.06900000000002,False,False,False,False,False,False,False,False,False,True,False,-0.0060313630880579,0.0753920386007237,,,-0.0256212303980699,-0.1541938078005629,-0.2629674306393245,-0.1857659831121834,-0.0053440539561331,-0.2098884534217665,196.2,219.8,0.4,-0.0025639819345126,-0.0023762810358945,-0.0010749034200642
2010-01-05,165.13993811806105,166.63966510950678,164.30009100285145,164.8,179.0,164.8,164.61999999999998,165.57999999999998,169.3,190.39866666666668,171.28400000000002,False,False,False,False,False,False,False,False,False,True,False,0.0012135922330096,0.0983009708737863,,,-0.0273058252427184,-0.155331715210356,-0.2718446601941748,-0.1735436893203884,-0.0050770663660109,-0.2009300640173933,192.5,209.5,1.2430555555555556,-0.00441819255759,-0.0018542106230773,0.0002669875901221
2010-01-06,165.52961173734118,167.7,164.02934335301484,167.7,258.0,167.7,165.4,165.6,168.54,189.46400000000003,171.5515,False,False,False,False,False,False,False,False,False,True,False,-0.0143112701252234,0.0930232558139536,,,-0.0050089445438282,-0.129779367918903,-0.2772808586762074,-0.1651759093619558,-0.0049332151050682,-0.1929951690821256,188.3,206.7,1.441340782122905,-0.0045093152960722,-9.1122738482244e-05,0.0001438512609426
2010-01-07,166.33,166.67000000000002,164.5,164.5,165.0,164.5,165.9,165.47,167.88,188.5066666666667,171.845,False,False,False,False,False,False,False,False,False,False,False,0.0042553191489361,0.1750759878419453,,,-0.020547112462006,-0.145937183383992,-0.2079027355623099,-0.1750759878419453,-0.0050785118121375,-0.1857134223726354,177.5,206.0,0.6395348837209303,-0.0039313795568262,0.0005779357392459,-0.0001452967070692
2010-01-08,163.5,165.0,162.0,165.0,259.0,165.0,165.56,165.25,167.292,187.60266666666664,172.1825,False,False,False,False,False,False,False,False,False,False,False,0.0012121212121211,0.1193939393939393,,,-0.0138909090909091,-0.1369858585858584,-0.2436363636363636,-0.1557575757575756,-0.0048186948302088,-0.1770045385779122,165.0,197.7,1.5696969696969696,-0.0035148124237859,0.0004165671330403,0.0002598169819287
2010-01-12,165.13993811806105,165.4698780561791,163.4702420675848,164.8,115.0,164.8,165.36,165.11,166.87599999999998,186.6893333333333,172.56050000000002,False,False,False,False,False,False,False,False,False,False,False,0.0819174757281553,0.0570388349514561,,,-0.0125970873786405,-0.132823624595469,-0.2354368932038835,-0.1516990291262135,-0.0048922630823399,-0.1741869056992309,155.0,196.7,0.444015444015444,-0.0024928689565906,0.0010219434671952,-7.356825213115752e-05
2010-01-13,164.83,165.83,162.0,165.0,130.0,165.0,165.4,165.01,166.60800000000003,185.72266666666664,172.96900000000005,False,False,False,False,False,False,False,False,False,False,False,0.0969696969696969,0.0545454545454545,,,-0.0097454545454547,-0.125591919191919,-0.2272727272727272,-0.216969696969697,-0.0052048933176349,-0.1773831888976424,171.7,193.8,1.1304347826086956,-0.0016085662153074,0.0008843027412832,-0.0003126302352949
2010-01-14,163.64030121575033,165.3,163.64030121575033,165.3,110.0,165.3,164.92,165.16,166.28,184.75066666666663,173.2615000000001,False,False,False,False,False,False,False,False,False,True,False,0.1088929219600726,0.1361161524500907,,,-0.0059286146400483,-0.1176688848558174,-0.2062915910465821,-0.2123411978221417,-0.0052611447500415,-0.1818236861225478,165.0,206.3,0.8461538461538461,-0.0019725763771952,-0.0003640101618878,-5.625143240663676e-05
2010-01-15,165.53005993824544,168.2005448931404,164.1998183689532,165.2,309.0,165.2,165.06,165.48,166.19600000000003,183.824,173.54600000000002,False,False,False,False,False,False,False,False,False,False,False,0.1700968523002422,0.1138014527845037,,,-0.0060290556900728,-0.1127360774818403,-0.2088377723970944,-0.1900726392251814,-0.0050410537615687,-0.1824389654338893,163.7,200.8,2.809090909090909,-0.0005054273267706,0.0014671490504246,0.0002200909884727
2010-01-18,166.53024156929223,166.53024156929223,164.1998183689532,165.2,142.0,165.2,165.1,165.32999999999998,166.072,182.87066666666664,173.83050000000003,False,False,False,False,False,False,False,False,False,True,False,0.1180387409200968,0.1349878934624698,,,-0.0052784503631962,-0.1069652945924131,-0.2282082324455205,-0.2058111380145278,-0.0052131561103295,-0.1832093388979614,160.2,207.2,0.459546925566343,-0.0007466640975,-0.0002412367707293,-0.0001721023487607
2010-01-19,167.1418774182695,184.79890652161723,166.64196153199126,178.3,1087.0,178.3,167.8,166.57999999999998,166.50400000000002,182.07466666666664,174.19700000000003,False,False,False,True,True,False,True,False,True,False,True,-0.0229949523275379,-0.20527201346046,,,0.0661581604038137,-0.0211703122078891,-0.2243409983174425,-0.272013460459899,-0.004371832801195,-0.1924600792412052,166.7,213.2,7.654929577464789,0.0025945322634892,0.0033411963609892,0.0008413233091345
2010-01-20,188.33,189.0,179.17000000000002,181.0,888.0,181.0,171.0,168.2,167.112,181.332,174.56850000000003,False,False,False,False,False,False,True,False,False,False,False,-0.0386740331491712,-0.281767955801105,,,0.0767292817679558,-0.0018342541436463,-0.2596685082872928,-0.2662983425414364,-0.0040956183501348,-0.2022592152199761,154.2,211.7,0.8169273229070837,0.0036382785197949,0.0010437462563056,0.0002762144510602
2010-01-21,179.1406807396498,183.3,169.9721813123875,183.3,499.0,183.3,174.6,169.76,167.73600000000002,180.5586666666666,174.95100000000005,False,False,False,False,False,False,True,False,False,False,False,0.0245499181669394,-0.2842334969994545,,,0.0849099836333878,0.0149554464448085,-0.3016912165848336,-0.276050190943808,-0.0042830031236388,-0.2138901979264844,151.8,204.5,0.5619369369369369,0.0037201316354272,8.185311563227828e-05,-0.000187384773504
2010-01-22,187.30093105053533,195.9695856825118,184.9712926084933,193.3,1262.0,193.3,180.22,172.64,168.648,179.9799999999999,175.38400000000004,False,False,False,False,False,False,True,False,False,False,False,-0.0481117434040352,-0.3378168649767201,,,0.1275323331608898,0.0689084324883606,-0.3574754267977237,-0.3543714433523022,-0.0032151720561545,-0.2333178869323446,156.3,211.7,2.529058116232465,0.0054077131065887,0.0016875814711614,0.0010678310674843
2010-01-25,190.5309470948177,190.5309470948177,183.8598635403693,184.7,504.0,184.7,184.12000000000003,174.61,169.336,179.35333333333327,175.79750000000004,False,False,False,False,False,False,True,False,False,True,False,0.0151597184623714,-0.3205197617758527,,,0.0831835408770978,0.0289478433495761,-0.3410936654033567,-0.3654574986464536,-0.0034940341225883,-0.2546245919477693,167.5,209.2,0.3993660855784469,0.0040629281428639,-0.0013447849637247,-0.0002788620664338
2010-01-26,182.03134868232183,183.3615777688465,173.3598553137739,174.2,329.0,174.2,183.3,175.55,169.632,178.7453333333333,176.1295,False,False,False,False,False,False,True,False,False,True,False,-0.1865671641791045,-0.2985074626865671,,,0.0262227324913891,-0.0260926138538077,-0.2950631458094145,-0.3036739380022962,-0.0034014874047992,-0.2691540871546568,176.7,208.0,0.6527777777777778,0.0017449537823051,-0.0023179743605588,9.25467177891495e-05
2010-01-27,175.0,178.33,170.83,174.0,223.0,174.0,181.9,176.45,169.892,178.27199999999996,176.4495,False,False,False,False,False,False,True,False,False,True,False,-0.2528735632183908,-0.3103448275862069,,,0.0236091954022988,-0.0245517241379308,-0.2971264367816092,-0.3247126436781609,-0.0026551187698198,-0.2795126098044772,183.5,194.8,0.6778115501519757,0.0015303840086642,-0.0002145697736409,0.0007463686349793
2010-01-28,173.4722887717617,189.6397061172337,173.4722887717617,187.8,543.0,187.8,182.8,178.7,170.704,178.01999999999995,176.83450000000005,False,False,False,False,False,False,True,False,False,False,False,-0.3013844515441961,-0.3546325878594249,,,0.0910330138445154,0.0520766773162942,-0.3343982960596379,-0.3929712460063898,-0.0014155712841254,-0.2976496922216003,186.7,196.3,2.4349775784753365,0.0047567719561346,0.0032263879474703,0.0012395474856944
2010-01-29,187.67,188.83,175.83,184.0,258.0,184.0,180.94,180.58,171.43200000000002,177.72666666666663,177.19550000000004,False,False,False,False,False,False,True,False,False,True,False,-0.3043478260869565,-0.2918478260869565,,,0.0683043478260868,0.0340942028985509,-0.3190217391304348,-0.3766304347826086,-0.0016504745114219,-0.3155388193598405,181.0,191.2,0.4751381215469613,0.004246581735032,-0.0005101902211026,-0.0002349032272965
2010-02-01,184.17,187.5,177.5,187.5,255.0,187.5,181.5,182.81,172.24400000000003,177.59066666666664,177.57050000000004,False,False,False,False,False,False,True,False,False,False,False,-0.3306666666666666,-0.3344,,,0.0813653333333331,0.0528497777777779,-0.3376,-0.4490666666666666,-0.0007658060108263,-0.3391499370931568,179.7,198.8,0.9883720930232558,0.0047142425860988,0.0004676608510668,0.0008846685005956
2010-02-02,145.03070515987858,146.7010587986165,137.52911696195383,141.7,6703.0,141.7,175.0,179.15,171.26399999999998,176.85733333333332,177.729,False,False,False,False,False,False,False,False,False,True,False,-0.1376146788990825,-0.1107974594213125,,,-0.20863796753705,-0.2481110326981886,-0.116443189837685,-0.2780522230063514,-0.0041464683398293,-0.3409991627128105,175.2,196.2,26.28627450980392,-0.0057221599402095,-0.0104364025263083,-0.003380662329003
2010-02-03,142.17000000000002,144.17000000000002,124.33,130.0,3482.0,130.0,166.2,174.05,169.824,176.00666666666666,177.8125,False,False,False,False,False,False,False,False,False,True,False,-0.0769230769230769,-0.0192307692307692,,,-0.3063384615384616,-0.3538974358974358,-0.0715384615384615,-0.1707692307692307,-0.0048331502594598,-0.3360528583740305,171.7,192.5,0.5194688945248396,-0.0084793668739398,-0.0027572069337303,-0.0006866819196304
2010-02-04,130.35980788290004,134.2006861324998,126.8590073949836,131.2,1521.0,131.2,154.88000000000002,168.84,168.52,175.00533333333334,177.9185,False,False,False,False,False,False,False,False,False,False,False,-0.0762195121951218,0.0,,,-0.2844512195121953,-0.3338821138211383,-0.0914634146341462,-0.1028963414634145,-0.0057217303853596,-0.3244491826581379,173.5,188.3,0.4368179207352096,-0.0077379539520531,0.0007414129218867,-0.0008885801258998
2010-02-05,126.67,131.17000000000002,126.5,128.0,941.0,128.0,143.68,162.31,167.16,174.03466666666668,178.0085,False,False,False,False,False,False,False,False,False,True,False,0.01796875,0.0210937499999999,,,-0.3059375,-0.3596458333333334,-0.0765624999999999,-0.0054687500000001,-0.0055774328486278,-0.295730392458875,167.3,177.5,0.6186719263642341,-0.0081359176836564,-0.0003979637316032,0.0001442975367317
2010-02-08,128.5,131.83,125.0,125.5,674.0,125.5,131.28,156.39,165.51199999999997,172.9453333333333,178.07249999999996,False,False,False,False,False,False,False,False,False,True,False,-0.0055776892430279,0.0159362549800796,,,-0.3188207171314738,-0.3780504648074367,-0.0621513944223107,-0.0199203187250996,-0.0062987148154717,-0.2653622354370483,168.3,165.0,0.7162592986184909,-0.0099569819710959,-0.0018210642874394,-0.0007212819668439
2010-02-09,126.53106327248916,126.53106327248916,117.02873045755916,122.2,625.0,122.2,127.38000000000002,151.19,163.76799999999997,171.732,178.10599999999994,False,False,False,False,False,False,False,False,False,True,False,0.0310965630114566,0.1317512274959084,,,-0.3401636661211126,-0.4053355155482814,-0.0572831423895253,-0.0032733224222587,-0.0070652722459023,-0.2397645346914479,167.5,155.0,0.9272997032640948,-0.0106492110790874,-0.0006922291079915,-0.0007665574304306
2010-02-10,124.17,124.17,119.17,120.0,429.0,120.0,125.38,145.79000000000002,161.97599999999997,170.50933333333333,178.08699999999996,False,False,False,False,False,False,False,False,False,True,False,0.0625,0.1166666666666666,,,-0.3497999999999998,-0.420911111111111,-0.0191666666666666,0.0274999999999999,-0.0071706729641388,-0.2076274092873312,165.8,171.7,0.6864,-0.0110633674124561,-0.0004141563333686,-0.0001054007182364
2010-02-12,120.5298341173558,121.2,118.35929685565736,121.2,361.0,121.2,123.38,139.13000000000002,160.11599999999996,169.39866666666666,177.99049999999997,False,False,False,False,False,False,False,False,False,True,False,0.0825082508250823,0.056105610561056,,,-0.3210891089108907,-0.3976787678767876,-0.0016501650165016,-0.0041254125412541,-0.0065565254350684,-0.1648817652555166,167.7,165.0,0.8414918414918415,-0.0116165779809638,-0.0005532105685077,0.0006141475290704
2010-02-15,125.97099670068287,130.63992173712884,123.64153303153536,130.3,719.0,130.3,123.84,133.76,158.74799999999996,168.31333333333333,177.94799999999998,False,False,False,False,False,False,False,False,False,False,False,0.003069838833461,-0.046815042210284,,,-0.2183269378357632,-0.2917370171399334,-0.0790483499616271,-0.1112816577129701,-0.0064482908860458,-0.1305322966507177,170.5,163.7,1.9916897506925209,-0.0086174314007105,0.0029991465802533,0.0001082345490225
2010-02-16,128.29915885604422,130.13871665465032,122.4705599615477,124.8,558.0,124.8,123.7,127.49,157.14,167.188,177.92199999999997,False,False,False,False,False,False,False,False,False,True,False,0.0216346153846154,-0.0248397435897435,,,-0.2591346153846153,-0.3396474358974358,-0.0360576923076923,-0.0624999999999999,-0.0067309456021565,-0.0770256490705152,167.5,160.2,0.7760778859527121,-0.0102329133256966,-0.0016154819249861,-0.0002826547161107
2010-02-17,125.0,127.5,124.83,126.0,232.0,126.0,124.46,125.92,155.588,166.09466666666663,177.91049999999998,False,False,False,False,False,False,False,False,False,False,False,0.0976190476190477,-0.0253968253968255,,,-0.2348253968253967,-0.3182116402116399,-0.0674603174603174,-0.073015873015873,-0.0065825914538698,-0.0540025412960611,166.8,166.7,0.4157706093189964,-0.0099750623441396,0.000257850981557,0.0001483541482866
2010-02-18,125.0,130.0,123.67,127.5,547.0,127.5,125.96,125.67,154.088,165.19733333333332,177.92449999999997,False,False,False,False,False,False,False,False,False,False,False,0.0509803921568627,-0.0407843137254902,,,-0.2085333333333333,-0.2956653594771241,-0.0823529411764705,-0.0964705882352941,-0.0054318875203795,-0.0462321954324819,167.5,154.2,2.3577586206896552,-0.0097346970562276,0.0002403652879119,0.0011507039334903
2010-02-19,129.69965693375008,132.53030418540823,128.3593504612335,131.2,491.0,131.2,127.96,125.67,152.724,164.32933333333335,177.97049999999996,False,False,False,False,False,False,False,False,False,False,False,-0.0243902439024389,-0.0472560975609755,,,-0.1640548780487805,-0.2525101626016263,-0.0929878048780487,-0.1021341463414633,-0.0052820758314601,-0.0461526219463676,167.5,151.8,0.8976234003656307,-0.0089311437626044,0.0008035532936231,0.0001498116889193
2010-02-22,132.5304201423433,133.20057396494988,130.02984617739344,130.7,598.0,130.7,128.04000000000002,125.94,151.34399999999997,163.5226666666667,178.01999999999992,False,False,False,False,False,False,False,False,False,True,True,-0.0497322111706196,-0.0413159908186686,,,-0.1579495026778881,-0.2511298138230047,-0.0910482019892883,-0.0948737566947206,-0.004933057190848,-0.0553438145148484,165.8,156.3,1.2179226069246436,-0.0091183000317159,-0.0001871562691115,0.0003490186406121
2010-02-23,130.67000000000002,131.0,125.0,127.5,677.0,127.5,128.57999999999998,126.14,149.83599999999998,162.57200000000003,178.05599999999993,False,False,False,False,False,False,False,False,False,True,False,-0.0454901960784313,-0.0258823529411764,,,-0.17518431372549,-0.2750745098039218,-0.0768627450980392,-0.0847058823529411,-0.005847665444644,-0.0618360551767876,167.2,167.5,1.1321070234113713,-0.0100643370084624,-0.0009460369767464,-0.000914608253796
2010-02-24,133.30108436347865,139.96963782259814,128.47213185859903,138.3,2372.0,138.3,131.04000000000002,127.75,148.236,161.8,178.14899999999997,False,False,False,False,False,False,False,False,False,True,False,-0.1120751988430949,-0.0947216196673896,,,-0.0718438177874185,-0.1699204627621113,-0.1518438177874187,-0.1467823571945047,-0.0047713226205192,-0.0766340508806262,166.2,176.7,3.503692762186115,-0.0107935993955583,-0.0007292623870959,0.0010763428241247
2010-02-25,140.83,143.0,131.5,134.0,1535.0,134.0,132.34,129.15,146.356,161.02,178.21899999999997,False,False,False,False,False,False,False,False,False,True,False,-0.0873134328358209,-0.0992537313432835,,,-0.0922089552238805,-0.2016417910447762,-0.1455223880597015,-0.0880597014925372,-0.0048441187430132,-0.0874951606658924,166.0,183.5,0.647133220910624,-0.0128453906911913,-0.0020517912956329,-7.279612249401577e-05
2010-02-26,131.5,131.83,126.67,128.0,875.0,128.0,131.7,129.82999999999998,144.144,160.216,178.21799999999996,False,False,False,False,False,False,False,False,False,True,False,-0.0234375,-0.0687499999999999,,,-0.126125,-0.2516875,-0.0882812499999999,-0.06015625,-0.0050182253957157,-0.0925826080258798,163.8,186.7,0.5700325732899023,-0.0153457653457652,-0.0025003746545739,-0.0001741066527024
2010-03-01,128.03092534428606,129.20120802126118,122.02947571877266,124.2,707.0,124.2,130.4,129.22,141.38,159.50533333333337,178.24399999999994,False,False,False,False,False,False,False,False,False,True,False,0.0088566827697262,-0.0483091787439613,,,-0.1383252818035426,-0.284261943102523,-0.0644122383252818,-0.0217391304347826,-0.0044554414063477,-0.0838879430428724,162.0,181.0,0.808,-0.0195501485358608,-0.0042043831900956,0.000562783989368
2010-03-02,123.3604093038547,125.8610257253226,121.0298347990466,121.7,968.0,121.7,129.24,128.91000000000005,138.86,158.92800000000005,178.24999999999991,False,False,False,False,False,False,False,False,False,False,False,0.0205423171733771,-0.0328677074774034,,,-0.1410024650780608,-0.3058997534921943,-0.0410846343467543,-0.0197206244864421,-0.0036326722373232,-0.0799007059188585,166.7,179.7,1.3691654879773691,-0.0181477747371451,0.0014023737987156,0.0008227691690245
2010-03-03,121.64028331840754,124.96946999918586,120.97044695921193,122.79999999999998,935.0,122.8,126.14,128.59,136.80399999999997,158.4986666666667,178.25149999999994,False,False,False,False,False,False,False,False,False,False,False,0.0195439739413683,-0.061889250814332,,,-0.1140390879478826,-0.2907057546145499,-0.0024429967426708,-0.035016286644951,-0.0027087504416441,-0.0762889804805972,165.8,175.2,0.9659090909090908,-0.0150288003274761,0.003118974409669,0.0009239217956791
2010-03-04,123.29975476171012,123.63967138069157,121.97008092863564,122.3,496.0,122.3,123.79999999999998,128.07,134.736,157.84000000000003,178.21299999999997,False,False,False,False,False,False,False,False,False,True,False,-0.0130825838103024,-0.0376124284546197,,,-0.1016843826655763,-0.2905968928863453,0.0098119378577269,-0.0367947669664758,-0.004173002196317,-0.070508315764816,164.8,171.7,0.5304812834224599,-0.0153485334283338,-0.0003197331008577,-0.0014642517546728
2010-03-05,122.83,126.67,122.5,125.0,741.0,125.0,123.2,127.45,132.22400000000002,157.3066666666667,178.12949999999998,False,False,False,False,False,False,False,False,False,True,False,-0.0463999999999999,-0.032,,,-0.0577920000000001,-0.2584533333333336,0.0136,-0.0696,-0.0033904051534158,-0.0671635935661043,167.7,173.5,1.4939516129032258,-0.0189980638915777,-0.0036495304632439,0.0007825970429011
2010-03-08,127.46948057129178,127.46948057129178,124.30023936806828,125.3,478.0,125.3,123.42,126.91,129.87600000000003,156.7946666666667,178.0525,False,False,False,False,False,False,False,False,False,False,False,-0.0566640063846767,-0.0422984836392657,,,-0.0365203511572229,-0.2513540835328547,-0.0047885075818036,-0.1101356743814844,-0.0032654171910609,-0.0685525175321093,164.5,167.3,0.6450742240215924,-0.0180787828390155,0.0009192810525621,0.0001249879623548
2010-03-09,123.52983812515102,125.70036240637836,122.19951679149554,124.2,763.0,124.2,123.92,126.58,127.344,156.31466666666668,177.99449999999996,False,False,False,False,False,False,False,False,False,True,False,-0.0523349436392914,-0.0314009661835749,,,-0.0253140096618356,-0.2585721953837896,0.0201288244766505,-0.1223832528180354,-0.0030707291275718,-0.0722072997313952,165.0,168.3,1.596234309623431,-0.0198831511496422,-0.0018043683106266,0.000194688063489
2010-03-10,123.1995206519134,126.36027802189024,123.1995206519134,125.20000000000002,299.0,125.2,124.4,125.26999999999998,126.684,155.7613333333334,177.95199999999997,False,False,False,False,False,False,False,False,False,False,False,-0.0798722044728435,-0.0615015974440895,,,-0.0118530351437698,-0.2441001064962729,0.0886581469648561,-0.1333865814696486,-0.0035524434819079,-0.0700886086054123,164.8,167.5,0.3918741808650065,-0.0052098133939565,0.0146733377556856,-0.000481714354336
2010-03-11,124.2008701417088,124.36090991961548,118.3594182481147,120.7,1442.0,120.7,124.08,123.93999999999998,126.31199999999998,155.31466666666674,177.87649999999994,False,False,False,False,False,False,False,False,False,False,False,-0.0248550124275062,-0.0306545153272576,,,-0.0464954432477214,-0.2867826567246622,0.1209610604805303,-0.1300745650372825,-0.0028758820802499,-0.0739874132644828,165.0,165.8,4.822742474916388,-0.0029450883526506,0.0022647250413058,0.0006765614016579
2010-03-12,116.85941092556853,119.3600402785936,113.8586557019384,119.2,2256.0,119.2,122.92,123.06000000000002,125.832,154.88000000000005,177.79749999999996,False,False,False,False,False,False,False,False,False,True,False,0.0151006711409395,-0.0016778523489933,,,-0.0556375838926173,-0.2993288590604031,0.1434563758389262,-0.1174496644295302,-0.0028064738292012,-0.0796359499431171,165.3,167.7,1.564493758668516,-0.0038146099561319,-0.0008695216034812,6.94082510487048e-05
2010-03-15,118.86016755521706,119.53033764914952,117.199746128459,118.2,900.0,118.2,121.5,122.46,125.43999999999998,154.37200000000007,177.72099999999998,False,False,False,False,False,False,False,False,False,False,False,0.015228426395939,0.0050761421319796,,,-0.0612521150592214,-0.3060236886632831,0.1184433164128594,-0.0947546531302876,-0.0032907522089496,-0.0869671729544339,165.2,170.5,0.3989361702127659,-0.003125,0.0006896099561318,-0.0004842783797484
2010-03-16,117.5299566584516,118.3601682671879,116.69974504971532,117.7,707.0,117.7,120.2,122.06000000000002,125.12799999999996,153.70800000000008,177.63049999999996,False,False,False,False,False,False,False,False,False,False,False,0.0220900594732369,0.0,,,-0.0631096006796937,-0.3059303313508927,0.1359388275276124,-0.0594732370433305,-0.0043198792515678,-0.0910208094379814,165.2,167.5,0.7855555555555556,-0.0024934467105685,0.0006315532894314,-0.0010291270426181
2010-03-17,117.70065121125292,118.03073717113833,114.5298254753842,115.2,1569.0,115.2,118.2,121.30000000000004,124.84799999999996,152.8880000000001,177.5264999999999,False,False,False,False,False,False,False,False,False,False,False,0.0199652777777777,0.0182291666666666,,,-0.0837499999999995,-0.3271527777777785,0.1718749999999999,-0.0798611111111111,-0.0053634032756003,-0.09563066776587,178.3,166.8,2.21923620933522,-0.0022427271562219,0.0002507195543466,-0.0010435240240325
2010-03-18,115.35940341633382,118.20012747514237,115.35940341633382,117.7,949.0,117.7,117.6,120.84000000000005,124.75599999999994,152.01066666666674,177.43149999999986,False,False,False,False,False,False,False,False,False,False,False,-0.005947323704333,-0.0271877655055225,,,-0.0599490229396766,-0.2915094873973384,0.1571792693288019,-0.0841121495327103,-0.0057715248052769,-0.100463422707713,181.0,167.5,0.6048438495857233,-0.0007374394818687,0.0015052876743532,-0.0004081215296765
2010-03-19,118.33,121.67,117.0,121.0,2027.0,121.0,117.96,120.44,124.74799999999992,151.13466666666673,177.36149999999986,False,False,False,False,False,False,False,False,False,False,False,-0.0165289256198347,-0.0355371900826446,,,-0.0309752066115695,-0.2490468319559234,0.1570247933884297,-0.0512396694214876,-0.0057961553052024,-0.0987213550315509,183.3,167.5,2.1359325605900947,-6.41292846380222e-05,0.0006733101972306,-2.463049992549801e-05
2010-03-23,122.5,122.5,119.17,120.0,1324.0,120.0,118.32,119.91,124.33599999999996,150.3213333333334,177.2989999999999,False,False,False,False,False,False,False,False,False,True,False,-0.01,-0.0316666666666666,,,-0.0361333333333329,-0.2526777777777783,0.1308333333333332,-0.0441666666666666,-0.0054106314472995,-0.0920690517888415,193.3,165.8,0.6531820424272323,-0.003313601853043,-0.003249472568405,0.0003855238579028
2010-03-24,119.9700822737472,121.46970830216902,118.30049862877088,120.3,1629.0,120.3,118.84,119.52,124.15599999999996,149.5293333333334,177.15449999999993,False,False,False,False,False,False,False,False,False,False,False,-0.0216126350789691,-0.0299251870324189,,,-0.0320532003325017,-0.2429703518980332,0.1579384871155446,-0.0332502078137988,-0.0052966196153263,-0.0829986613119143,184.7,167.2,1.2303625377643506,-0.0014497889751602,0.0018638128778828,0.0001140118319732
2010-03-25,120.0,120.0,116.67,117.5,1058.0,117.5,119.3,118.75,123.816,148.76000000000005,176.99699999999993,False,False,False,False,False,False,False,False,False,True,False,-0.0017021276595744,0.0425531914893617,,,-0.0537531914893617,-0.2660425531914898,0.1897872340425533,-0.0085106382978723,-0.0051716411221655,-0.0703157894736841,174.2,166.2,0.6494782074892572,-0.0027460102086964,-0.0012962212335362,0.0001249784931607
2010-03-26,117.17,118.33,116.67,117.0,469.0,117.0,119.16,118.38,123.396,148.03066666666672,176.86849999999993,False,False,False,False,False,False,False,False,False,True,False,-0.0213675213675213,0.0555555555555555,,,-0.0546666666666666,-0.2652193732193736,0.1042735042735041,-0.0615384615384615,-0.0049269070372805,-0.0633552965027876,174.0,166.0,0.443289224952741,-0.0034036759700476,-0.0006576657613512,0.000244734084885
2010-03-29,117.67,119.67,117.67,119.0,625.0,119.0,118.76,118.36,122.908,147.30400000000003,176.77849999999992,False,False,False,False,False,False,False,False,False,True,False,-0.0193277310924369,0.0647058823529412,,,-0.0328403361344537,-0.2378487394957985,0.0941176470588234,-0.0823529411764705,-0.0049331088542516,-0.0598175059141601,187.8,163.8,1.3326226012793176,-0.0039704494418589,-0.0005667734718112,-6.201816971133055e-06
2010-03-30,118.47008331229488,118.96995708154506,117.47033577379447,118.8,416.0,118.8,118.52,118.42,122.432,146.65733333333338,176.66999999999993,False,False,False,False,False,False,False,False,False,False,False,-0.0218855218855218,0.0496632996632997,,,-0.0305723905723906,-0.2344893378226716,0.1262626262626263,-0.0808080808080807,-0.0044093715054593,-0.0584360749873332,184.0,162.0,0.6656,-0.0038878724516466,8.257699021232707e-05,0.0005237373487923
2010-03-31,118.86029574233024,119.03033908387864,117.5299566584516,117.7,504.0,117.7,118.0,118.42,122.04000000000002,145.98266666666672,176.49999999999991,False,False,False,False,False,False,False,False,False,False,False,-0.0084961767204757,0.076465590484282,,,-0.036873406966865,-0.2402945341263102,0.1146983857264229,-0.1011045029736619,-0.0046215532437641,-0.0625738895456847,187.5,166.7,1.2115384615384617,-0.0032120616191411,0.0006758108325055,-0.0002121817383047
2010-04-01,117.3,117.79987215545896,116.64016875479416,117.3,629.0,117.3,117.96,118.63,121.20000000000002,145.3133333333334,176.27799999999996,False,False,False,False,False,False,False,False,False,True,False,0.0443307757885763,0.1619778346121058,,,-0.0332480818414323,-0.2388178459789718,0.1065643648763854,-0.1159420289855072,-0.0046061384594209,-0.0661721318384893,141.7,165.8,1.248015873015873,-0.0069306930693069,-0.0037186314501658,1.541478434312349e-05
2010-04-02,116.83,117.67,113.83,114.5,1582.0,114.5,117.46,118.31,120.42000000000002,144.62933333333336,176.05899999999994,False,False,False,False,False,False,False,False,False,False,False,0.0786026200873362,0.1816593886462883,,,-0.051703056768559,-0.2631382823871909,0.1598253275109171,-0.0890829694323144,-0.0047293310716131,-0.0666046826134729,130.0,164.8,2.5151033386327506,-0.0064773293472845,0.0004533637220224,-0.0001231926121921
2010-04-05,115.35965543841606,118.03034199022886,115.35965543841606,116.7,765.0,116.7,117.0,117.88,119.96800000000002,143.9493333333334,175.82899999999995,False,False,False,False,False,False,False,False,False,False,False,0.0856898029134533,0.1679520137103685,,,-0.0280034275921166,-0.2334990002856333,0.1371036846615251,-0.0942587832047986,-0.0047238843296712,-0.0709195792331184,131.2,167.7,0.4835651074589128,-0.0037676713790343,0.0027096579682501,5.446741941928131e-06
2010-04-06,118.03047258328311,118.03047258328311,115.8599121976414,116.2,532.0,116.2,116.48,117.5,119.648,143.2253333333334,175.59849999999992,False,False,False,False,False,False,False,False,False,False,False,0.0731497418244406,0.1376936316695351,,,-0.0296729776247847,-0.2325760183591514,0.0740103270223751,-0.1006884681583477,-0.0050549716530596,-0.076595744680851,128.0,164.5,0.6954248366013072,-0.0026745119015781,0.0010931594774562,-0.0003310873233884
2010-04-07,116.1998714322448,117.03008485471844,116.1998714322448,116.7,387.0,116.7,116.28,117.14,119.448,142.5480000000001,175.36299999999991,False,False,False,False,False,False,False,False,False,False,False,0.0856898029134533,0.1456726649528704,,,-0.0235475578406168,-0.2214910025706948,0.0042844901456726,-0.0934018851756641,-0.0047516158299892,-0.0827215297934095,125.5,165.0,0.7274436090225563,-0.0016743687629763,0.0010001431386017,0.0003033558230703
2010-04-08,119.17,124.17,119.0,122.5,3980.0,122.5,117.31999999999998,117.64,119.43599999999998,141.9573333333334,175.14149999999995,False,False,False,False,True,False,False,False,False,False,True,0.1126530612244898,0.1020408163265306,,,0.0250122448979593,-0.1588353741496603,-0.0097959183673469,-0.1404081632653061,-0.0041608746289966,-0.0961407684461067,122.2,164.8,10.28423772609819,-0.0001004722194314,0.0015738965435449,0.0005907412009925
2010-04-09,125.0,126.33,121.0,123.5,2714.0,123.5,119.12,118.29,119.484,141.37066666666672,174.98149999999998,False,False,False,False,False,False,True,False,False,False,False,0.0955465587044535,0.1028340080971659,,,0.0325182186234818,-0.1447017543859653,-0.048582995951417,-0.1441295546558704,-0.0041498472101709,-0.104573505790853,120.0,165.0,0.6819095477386935,0.0004017274279402,0.0005021996473717,1.1027418825741708e-05
2010-04-12,125.69976316412726,128.2003552538091,123.6992894923818,126.7,2710.0,126.7,121.12,119.06000000000002,119.55199999999996,140.8266666666667,174.819,False,False,False,False,False,False,True,False,False,False,False,0.0757695343330703,0.1049723756906077,,,0.0564167324388321,-0.1114969744804002,-0.1002367797947908,-0.1886345698500395,-0.0038629047528877,-0.1157399630438435,121.2,165.3,0.9985261606484892,0.0005687901498926,0.0001670627219524,0.0002869424572831
2010-04-13,127.53068099783428,127.53068099783428,123.1996390470843,124.7,1456.0,124.7,122.82,119.65,119.52799999999996,140.2786666666667,174.646,False,False,False,False,False,False,False,False,False,True,False,0.0601443464314353,0.0882117080994385,,,0.0414755412991182,-0.1249291633253144,-0.0801924619085805,-0.1764234161988773,-0.0039065098993432,-0.1255328040117008,130.3,165.2,0.537269372693727,-0.0002007897731075,-0.0007695799230002,-4.36051464554354e-05
2010-04-14,124.69952632825452,127.030078155838,122.52901239441069,126.7,1219.0,126.7,124.82,120.55,119.62799999999996,139.73866666666672,174.52449999999996,False,False,False,False,False,False,True,False,False,False,False,0.0552486187845302,0.0994475138121547,,,0.0558168902920287,-0.1029097605893189,-0.1846882399368587,-0.0820836621941594,-0.0038643563222777,-0.1233513065118207,124.8,165.2,0.8372252747252747,0.0008359246999029,0.0010367144730105,4.215357706550656e-05
2010-04-15,129.14157558864522,136.4699625907724,128.47172302501286,136.3,4855.0,136.3,127.58,122.45,120.07199999999996,139.34,174.4075,False,False,False,False,False,False,True,False,True,False,False,-0.0095377842993397,0.0256786500366837,,,0.119060895084373,-0.0223037417461481,-0.2494497432134997,-0.181951577402788,-0.0028611071240613,-0.130583911800735,126.0,178.3,3.982772764561116,0.0036977813312013,0.0028618566312983,0.0010032491982163
2010-04-16,135.63992462868543,136.63970294834849,133.47040567501665,135.3,3059.0,135.3,129.94,124.53000000000002,120.656,138.93066666666667,174.2755,False,False,False,False,False,False,True,False,False,False,False,0.006651884700665,-0.0450849963045086,,,0.1082335550628233,-0.0268341956146833,-0.2032520325203252,-0.1781226903178123,-0.0029463137488243,-0.1395647635108006,127.5,181.0,0.6300720906282183,0.0048402068691158,0.0011424255379145,-8.52066247629896e-05
2010-04-19,133.3006601628402,136.3,131.1411354800851,136.3,1849.0,136.3,131.86,126.49,121.34,138.564,174.09050000000002,False,False,False,False,False,False,True,False,False,False,False,0.0271460014673513,-0.0447542186353633,,,0.1097578870139398,-0.0166104181951576,-0.136463683052091,-0.1636096845194424,-0.0026461899675721,-0.1463356787097792,131.2,183.3,0.6044458973520759,0.0056370529091807,0.0007968460400649,0.0003001237812521
2010-04-20,136.36094423848073,136.36094423848073,130.02950745252326,132.2,2596.0,132.2,133.36,128.09,121.9,138.16666666666666,173.919,False,False,False,False,False,False,True,False,False,True,False,0.0264750378214826,0.0121028744326779,,,0.0779122541603629,-0.0451336359051941,-0.0370650529500756,-0.1316187594553706,-0.002875753920386,-0.1489577640721366,130.7,193.3,1.4040021633315305,0.0045939294503691,-0.0010431234588116,-0.0002295639528138
2010-04-21,133.86003590932893,135.03029849629684,130.85936260941122,133.7,1232.0,133.7,134.76,129.79000000000002,122.54,137.72666666666666,173.75249999999997,False,False,False,False,False,False,True,False,False,False,False,0.0418848167539268,-0.0186985789080029,,,0.0834704562453252,-0.0301171777611568,-0.0800299177262527,-0.1413612565445025,-0.0031947335301805,-0.153170506202327,127.5,184.7,0.4745762711864407,0.0052227843969316,0.0006288549465624,-0.0003189796097945
2010-04-22,134.67000000000002,135.0,132.83,135.0,1619.0,135.0,134.5,131.04000000000002,123.332,137.316,173.57749999999996,False,False,False,False,False,False,True,False,False,False,False,0.0355555555555556,-0.0385185185185184,,,0.0864296296296296,-0.0171555555555555,-0.0977777777777779,-0.1911111111111111,-0.0029906687251788,-0.1582722832722834,138.3,174.2,1.3141233766233766,0.0064216910453084,0.0011989066483768,0.0002040648050016
2010-04-23,136.53007270323857,140.03084379819342,135.02974223397223,136.2,1999.0,136.2,134.68,132.31,124.072,136.9346666666667,173.37499999999997,False,False,False,False,False,False,True,False,False,True,False,-0.0513950073421439,-0.0249632892804697,,,0.0890455212922172,-0.0053940283896233,-0.0947136563876651,-0.1982378854625549,-0.0027847830108761,-0.1637064469805759,134.0,174.0,1.2347127856701667,0.0059642788058547,-0.0004574122394537,0.0002058857143027
2010-04-26,136.67000000000002,140.0,135.33,140.0,2082.0,140.0,135.42,133.64,124.832,136.56533333333334,173.21649999999997,False,False,False,False,False,False,True,False,False,False,False,-0.07,-0.0521428571428572,,,0.1083428571428571,0.0245333333333332,-0.1378571428571428,-0.2321428571428571,-0.002704444270874,-0.1685124214307092,128.0,187.8,1.04152076038019,0.0060881825173031,0.0001239037114484,8.033874000201464e-05
2010-04-27,140.0309574703324,140.0309574703324,135.35992481757202,135.7,2294.0,135.7,136.11999999999998,134.74,125.46,136.18133333333336,173.05650000000003,False,False,False,False,False,False,True,False,False,True,False,-0.0140014738393513,-0.0803242446573322,,,0.075460574797347,-0.0035470400393026,-0.1466470154753131,-0.2240235814296241,-0.0028197697188061,-0.1733709366186731,124.2,184.0,1.1018251681075888,0.0050055794675593,-0.0010826030497438,-0.0001153254479321
2010-04-28,133.30129189693534,139.3,131.8016148711692,139.3,4098.0,139.3,137.24,136.0,126.22,135.83866666666668,172.8865,False,False,False,False,False,False,True,False,False,False,False,-0.0581478822684854,-0.1586503948312994,,,0.0938980617372578,0.0248480497726728,-0.1600861450107682,-0.2376166547020818,-0.0025226003396186,-0.1884558823529411,121.7,187.5,1.786399302528335,0.0060212327681825,0.0010156533006231,0.0002971693791875
2010-04-30,138.97017807337485,142.13949796181078,137.80042909246944,139.8,2245.0,139.8,138.2,136.35,127.112,135.50533333333334,172.75200000000004,False,False,False,False,False,False,True,False,False,False,False,-0.0715307582260371,-0.1323319027181689,,,0.0907582260371961,0.0307200762994754,-0.1645207439198856,-0.2260371959942775,-0.0024599277765205,-0.1929592959295928,122.79999999999998,141.7,0.5478282088823816,0.0070174334445213,0.0009962006763387,6.267256309806487e-05
2010-05-06,137.36189517689866,137.36189517689866,127.69965162189362,129.2,2757.0,129.2,136.8,135.74,127.59999999999998,135.028,172.56900000000007,False,False,False,False,False,False,True,False,False,True,False,0.0278637770897834,-0.0905572755417955,,,0.0123839009287926,-0.0451083591331269,-0.1083591331269348,-0.1733746130030959,-0.0035350692695837,-0.1925740386032121,122.3,130.0,1.2280623608017818,0.0038244514106581,-0.0031929820338631,-0.0010751414930631
2010-05-07,121.69804102327724,135.8613044480295,121.35796266420832,130.2,2866.0,130.2,134.84,135.13,128.048,134.56,172.39650000000006,False,False,False,False,False,False,True,False,False,True,False,0.0192012288786482,-0.1244239631336404,,,0.0165284178187402,-0.0334869431643626,-0.0952380952380951,-0.172811059907834,-0.0034780023781212,-0.1935913564715459,125.0,131.2,1.0395357272397534,0.0034986879920031,-0.000325763418655,5.7066891462498586e-05
2010-05-10,129.97085855189422,137.9690652320108,128.3012329074199,133.8,1816.0,133.8,134.45999999999998,135.29,128.648,134.1413333333333,172.15900000000005,False,False,False,False,False,False,True,False,False,False,False,-0.0672645739910314,-0.1427503736920777,,,0.0385052316890883,-0.0025510712506225,-0.1158445440956652,-0.1965620328849029,-0.003121086217522,-0.1999408677655406,125.3,128.0,0.633635729239358,0.0046638890616254,0.0011652010696223,0.0003569161605991
2010-05-11,134.36072272623312,136.36118014789966,130.35980788290004,131.2,1101.0,131.2,132.84,135.04000000000002,129.188,133.68800000000002,171.88850000000002,False,False,False,False,False,False,True,False,False,True,False,-0.1067073170731706,-0.2126524390243902,,,0.0153353658536585,-0.0189634146341465,-0.1105182926829267,-0.1859756097560975,-0.0033909799932177,-0.2043838862559243,124.2,125.5,0.6062775330396476,0.0041799547945629,-0.0004839342670625,-0.0002698937756956
2010-05-12,131.1396903643226,132.96926750365864,129.30011553570054,129.8,862.0,129.8,130.84,134.52,129.688,133.04133333333334,171.76150000000004,False,False,False,False,False,False,True,False,False,True,False,-0.0654853620955316,-0.2118644067796611,,,0.0008628659476118,-0.0249717514124293,-0.090909090909091,-0.1679506933744222,-0.0048606448121386,-0.2022004162949749,125.20000000000002,122.2,0.7829246139872843,0.0038554068225279,-0.0003245479720349,-0.0014696648189209
2010-05-13,129.97063916283972,134.79954829481292,129.97063916283972,132.8,980.0,132.8,131.56,134.18,130.42000000000002,132.39866666666663,171.56650000000008,False,False,False,False,False,False,True,False,False,False,False,-0.115210843373494,-0.1882530120481928,,,0.0179216867469879,0.003022088353414,-0.0798192771084338,-0.1965361445783133,-0.0048540267273591,-0.2020420330898793,120.7,120.0,1.136890951276102,0.005612636098758,0.0017572292762301,6.618084779511438e-06
2010-05-14,131.69977387502826,132.86003617999546,131.1996608125424,132.7,853.0,132.7,132.06,133.45,131.06000000000003,131.724,171.37150000000003,False,False,False,False,False,False,True,False,False,True,False,-0.1409193669932177,-0.1130369253956291,,,0.0123587038432551,0.0073549359457422,-0.0934438583270534,-0.1838733986435568,-0.0051218203718884,-0.1970775571375045,119.2,121.2,0.8704081632653061,0.0048832595757669,-0.0007293765229911,-0.0002677936445293
2010-05-17,131.63835616438357,131.96827685652488,121.64075943282865,124.8,1367.0,124.8,130.26,132.36,131.40400000000002,130.81066666666663,171.1080000000001,False,True,False,False,False,False,True,False,False,True,False,-0.0809294871794871,0.0200320512820511,,,-0.0529166666666668,-0.0481623931623929,-0.0264423076923076,-0.15625,-0.0069821013576876,-0.1904653974010275,118.2,130.3,1.6025791324736225,0.0026178807342241,-0.0022653788415427,-0.0018602809857991
2010-05-18,127.86272936758556,127.86272936758556,117.2,117.2,1196.0,117.2,127.46,130.15,131.424,129.91066666666663,170.8265000000001,False,False,False,False,False,False,True,False,False,True,False,-0.1186006825938567,0.0494880546075085,,,-0.1213651877133106,-0.1084527872582476,0.0179180887372013,-0.1015358361774744,-0.0069278375909599,-0.1774106799846331,117.7,124.8,0.8749085588880761,0.0001521792062331,-0.002465701527991,5.426376672762901e-05
2010-05-19,117.1410285996868,123.2995054809198,117.1410285996868,121.3,1575.0,121.3,125.76,128.3,131.376,129.20533333333327,170.51200000000009,False,False,False,False,False,False,False,False,False,True,False,-0.156636438582028,0.0041220115416321,,,-0.0830667765869745,-0.0651717504809008,-0.0230832646331409,-0.1079967023907666,-0.005459010979939,-0.1655494933749026,115.2,126.0,1.3168896321070234,-0.000365363536719,-0.0005175427429521,0.0014688266110208
2010-05-20,117.67,120.83,117.5,117.5,561.0,117.5,122.7,127.13,131.13600000000002,128.45199999999997,170.1830000000001,False,False,False,False,False,False,False,False,False,True,False,-0.0825531914893617,0.0493617021276595,,,-0.1160510638297874,-0.0932085106382976,0.0025531914893616,-0.0782978723404255,-0.0058647069203539,-0.1566900023597892,117.7,127.5,0.3561904761904761,-0.0018301610541726,-0.0014647975174535,-0.0004056959404148
2010-05-21,112.5,116.0,110.83,114.0,1172.0,114.0,118.96,125.51,130.628,127.46799999999996,169.78200000000012,False,False,False,False,False,False,False,False,False,True,False,0.0324561403508772,0.0587719298245614,,,-0.1458596491228068,-0.1181403508771926,0.0201754385964912,-0.0412280701754386,-0.0077195845231745,-0.1445303163094576,121.0,131.2,2.089126559714795,-0.003888905900726,-0.0020587448465533,-0.0018548776028205
2010-05-24,112.8595186186448,115.86030347955,112.52943228394524,114.7,471.0,114.7,116.94,123.6,130.228,126.54399999999995,169.41700000000012,False,False,False,False,False,False,False,False,False,False,False,0.1098517872711419,0.0095902353966869,,,-0.1353792502179599,-0.1032606800348731,-0.027898866608544,-0.045335658238884,-0.0073018080667594,-0.1296925566343043,120.0,130.7,0.401877133105802,-0.003071536075191,0.0008173698255349,0.000417776456415
2010-05-25,115.96632149424175,116.29622568469952,102.47024097551534,103.3,957.0,103.3,114.16,120.81,129.292,125.4213333333333,168.94850000000008,False,False,False,False,False,False,False,False,False,True,False,0.1907066795740561,0.1326234269119071,,,-0.2516166505324299,-0.214146498870603,0.0551790900290416,0.0726040658276863,-0.00895116195012,-0.1062825925006208,120.3,127.5,2.031847133757962,-0.0072394270333818,-0.0041678909581908,-0.0016493538833606
2010-05-26,104.96921723834652,106.96863090002932,102.14004690706535,102.3,1494.0,102.3,110.36,118.06,127.932,124.89599999999996,168.44350000000009,False,False,False,False,False,False,False,False,False,True,False,0.1906158357771259,0.1417399804496578,,,-0.2505571847507332,-0.220879765395894,0.0606060606060606,0.1016617790811339,-0.0042061661969425,-0.08148399119092,117.5,138.3,1.561128526645768,-0.0106306475315011,-0.0033912204981192,0.0047449957531775
2010-05-27,103.3012519706946,108.9696744876194,102.47148288973384,107.8,1962.0,107.8,108.42,115.56,126.83200000000002,124.59999999999997,167.99100000000013,False,False,False,False,False,False,False,False,False,False,False,0.1437847866419295,0.0686456400742115,,,-0.1765491651205939,-0.1558441558441555,-0.0259740259740259,0.0686456400742115,-0.0023756019261636,-0.0542575285565939,117.0,134.0,1.313253012048193,-0.0086728901223664,0.0019577574091346,0.0018305642707788
2010-05-28,111.69847029829184,120.03059403416334,111.52842695674344,117.7,1295.0,117.7,109.16,114.06,126.088,124.41999999999996,167.6355000000001,False,False,False,False,False,False,False,False,False,False,False,0.0254885301614273,0.0008496176720475,,,-0.0712659303313508,-0.0570943075615969,-0.1062022090059473,0.0050977060322854,-0.0014467127471468,-0.0330527792389969,119.0,128.0,0.6600407747196738,-0.005900640822283,0.0027722493000833,0.0009288891790168
2010-05-31,123.80082462891696,128.299764391738,123.6408623262389,127.29999999999998,1835.0,127.3,111.68,114.31,125.892,124.41066666666664,167.30950000000013,False,False,False,False,True,False,False,False,False,False,True,-0.0903377847604083,-0.07069913589945,,,0.0110604870384916,0.0226970411102383,-0.1594658287509818,-0.0636292223095049,-7.502036266973078e-05,-0.0230076108826873,118.8,124.2,1.416988416988417,-0.0015568900327264,0.0043437507895566,0.001371692384477
2010-06-01,126.83,126.83,121.0,123.0,604.0,123.0,115.62,114.89,125.464,124.37733333333328,166.94100000000014,False,False,False,False,False,False,False,False,False,True,False,-0.048780487804878,-0.0512195121951219,,,-0.0200325203252032,-0.0111978319783193,-0.0999999999999999,-0.0463414634146341,-0.0002680016723306,-0.017494995212812,117.7,121.7,0.3291553133514986,-0.003411337116623,-0.0018544470838966,-0.0001929813096609
2010-06-02,121.64003939916276,122.79975375523269,119.4705737503078,121.79999999999998,404.0,121.8,119.51999999999998,114.93999999999998,124.93600000000002,124.37199999999994,166.5240000000001,False,False,False,False,False,False,False,False,False,True,False,-0.0410509031198685,-0.0311986863711,,,-0.0257471264367819,-0.0211165845648601,-0.1297208538587847,-0.0418719211822658,-4.288210636911728e-05,-0.010527231599095,117.3,122.79999999999998,0.6688741721854304,-0.0042261637958633,-0.0008148266792402,0.0002251195659615
2010-06-03,123.3,123.7998783750912,121.80036487472634,123.3,374.0,123.3,122.61999999999998,115.52,124.42000000000004,124.41599999999994,165.9480000000001,False,False,False,False,False,False,False,True,False,False,True,-0.0656934306569342,-0.0089213300892132,,,-0.0090835360908357,-0.0090510948905104,-0.1257096512570965,-0.0535279805352797,0.0003536522633744,-0.0082236842105263,114.5,122.3,0.9257425742574258,-0.0041472432084871,7.892058737610577e-05,0.0003965343697435
2010-06-04,124.2008701417088,124.2008701417088,119.6997513880832,120.7,285.0,120.7,123.22,116.19,123.64800000000002,124.40933333333328,165.39750000000006,False,False,True,False,False,False,False,False,False,True,False,-0.024026512013256,-0.0033140016570008,,,-0.0244241922120962,-0.0307318420325872,-0.0488815244407622,-0.024026512013256,-5.358654763303348e-05,-0.0066270763404767,116.7,125.0,0.7620320855614974,-0.006243530020704,-0.0020962868122168,-0.0004072388110074
2010-06-07,116.63978243978244,117.29961149961149,113.800518000518,115.8,501.0,115.8,120.92,116.29999999999998,122.85200000000005,124.21599999999994,164.84900000000005,False,False,False,False,False,False,False,False,False,True,False,0.0215889464594127,0.0492227979274611,,,-0.060898100172712,-0.0726770293609666,-0.0094991364421415,0.0250431778929188,-0.0015564285867629,0.0003439380911437,116.2,125.3,1.7578947368421052,-0.0064793409956694,-0.0002358109749653,-0.0015028420391298
2010-06-08,114.17,118.33,113.5,117.0,440.0,117.0,119.71999999999998,117.67,121.96000000000002,124.11199999999997,164.32250000000008,False,False,False,False,False,False,False,False,False,True,True,-0.0025641025641025,0.0196581196581196,,,-0.0423931623931625,-0.0607863247863245,-0.005982905982906,0.0324786324786324,-0.0008379528168103,-0.0028044531316393,116.7,124.2,0.8782435129740519,-0.0073138734011153,-0.0008345324054459,0.0007184757699525
2010-06-09,117.13991269365744,118.29961482495936,114.14068304373878,116.8,364.0,116.8,118.72,119.11999999999998,121.04000000000002,123.98933333333328,163.80250000000007,False,False,False,False,False,False,False,False,False,True,False,0.0102739726027397,0.0145547945205479,,,-0.0363013698630138,-0.0615525114155246,-0.0025684931506849,0.0231164383561644,-0.0009893324156918,-0.0092343854936197,122.5,125.20000000000002,0.8272727272727273,-0.0076007931262392,-0.0002869197251239,-0.0001513795988814
2010-06-10,117.20052096900234,117.20052096900234,114.35978119301902,115.2,186.0,115.2,117.1,119.86,120.48000000000002,123.8253333333333,163.29100000000005,False,False,False,False,False,False,False,False,False,False,False,0.0607638888888888,0.0225694444444443,,,-0.0458333333333334,-0.0748726851851849,-0.046875,0.0260416666666666,-0.0013244462630154,-0.0128483230435508,123.5,120.7,0.510989010989011,-0.0046480743691899,0.0029527187570493,-0.0003351138473235
2010-06-11,117.47008401934993,119.79949079181873,115.97046592548588,117.8,351.0,117.8,116.52,119.86999999999998,119.984,123.64666666666662,162.75600000000003,False,False,False,False,False,False,False,False,False,False,False,0.0212224108658743,-0.0127334465195246,,,-0.0185398981324278,-0.0496321448783244,-0.0730050933786077,0.0186757215619694,-0.0014449776244138,-0.0115124718444981,126.7,119.2,1.8870967741935485,-0.0041338845179359,0.000514189851254,-0.0001205313613983
2010-06-14,119.96957660779177,119.96957660779177,117.47021042846278,118.3,166.0,118.3,117.02,118.96999999999998,119.36400000000002,123.4813333333333,162.23650000000004,False,False,False,False,False,False,False,False,False,True,False,0.0270498732037193,-0.0574809805579036,,,-0.0089940828402368,-0.0437982530290219,-0.0769230769230768,-0.0025359256128486,-0.0013389338199565,-0.0050432882239218,124.7,118.2,0.4729344729344729,-0.0051941959049627,-0.0010603113870268,0.0001060438044573
2010-06-15,118.20038570326562,119.53072769349448,116.35991257392648,116.7,257.0,116.7,116.96,118.34,118.784,123.33733333333332,161.74400000000006,False,False,False,False,False,False,False,False,False,False,False,0.0222793487574978,-0.065981148243359,,,-0.0178577549271636,-0.0568751785204225,-0.0934018851756641,0.0,-0.0011675297017392,-0.0002535068446846,126.7,117.7,1.5481927710843373,-0.0048828125000001,0.0003113834049626,0.0001714041182172
2010-06-16,118.0,118.67,117.0,118.0,412.0,118.0,117.2,117.96,118.312,123.06666666666666,161.27250000000006,False,False,False,False,False,False,False,False,False,False,False,0.0042372881355932,-0.0805084745762711,,,-0.0026440677966101,-0.0429378531073446,-0.121186440677966,-0.0042372881355932,-0.0021993499458287,0.0036453034927094,136.3,115.2,1.603112840466926,-0.0039894516194469,0.0008933608805531,-0.0010318202440895
2010-06-17,120.52958991569125,132.70257837439632,119.6993861013342,122.2,2360.0,122.2,118.6,117.85,117.888,122.90933333333332,160.81700000000004,False,False,False,False,True,False,False,False,False,False,False,-0.0360065466448445,-0.1407528641571195,,,0.0352864157119476,-0.0058046917621384,-0.146481178396072,-0.0286415711947626,-0.0012800763706581,0.0062791684344506,135.3,117.7,5.728155339805825,-0.0035966340933766,0.0003928175260702,0.0009192735751706
2010-06-18,122.29950137122913,124.96883570181998,119.9700822737472,120.3,658.0,120.3,119.1,117.81,117.392,122.80666666666669,160.35200000000003,False,False,False,False,False,False,False,False,False,True,False,-0.0332502078137988,-0.1255195344970905,,,0.0241729010806317,-0.0208367968966474,-0.1213632585203657,-0.0133000831255194,-0.000836002388578,0.0073847720906546,136.3,121.0,0.2788135593220339,-0.0042251601471992,-0.0006285260538225,0.0004440739820801
2010-06-21,120.33,122.67,119.17,121.5,331.0,121.5,119.74,118.38000000000002,117.26,122.77066666666666,159.89450000000005,False,False,False,False,False,False,False,False,False,False,True,-0.0823045267489712,-0.1193415637860082,,,0.0348971193415637,-0.0104581618655691,-0.139917695473251,0.0765432098765433,-0.0002932296531204,0.0127555330292277,132.2,120.0,0.5030395136778115,-0.0011257035647278,0.0030994565824713,0.0005427727354575
2010-06-22,122.29924578898851,122.29924578898851,118.80012570183524,119.3,333.0,119.3,120.26,118.61,117.344,122.73866666666666,159.43500000000003,False,False,False,False,False,False,True,False,False,False,False,-0.0863369656328583,-0.0720871751886001,,,0.01639564124057,-0.0288236937692092,-0.113160100586756,0.079631181894384,-0.0002607165359462,0.0175364640418177,133.7,120.3,1.0060422960725075,0.0007158440141804,0.0018415475789083,3.251311717415966e-05
2010-06-23,117.83,119.17,116.0,118.5,393.0,118.5,120.36,118.78,117.232,122.68133333333331,158.96100000000004,False,False,False,False,False,False,False,False,False,True,False,-0.0843881856540084,-0.1054852320675105,,,0.0107004219409282,-0.0352855133614625,-0.1113924050632911,0.0827004219409283,-0.0004673354272859,0.0234888028287589,135.0,117.5,1.18018018018018,-0.0009553705472907,-0.0016712145614712,-0.0002066188913397
2010-06-24,116.80025460409064,119.6395315284732,116.64029534074514,117.8,214.0,117.8,119.48,119.04,117.244,122.62133333333334,158.41900000000004,False,False,False,False,False,False,True,False,False,False,False,-0.1086587436332767,-0.0848896434634974,,,0.0047198641765704,-0.0409281267685343,-0.1027164685908318,0.0526315789473684,-0.0004893112672072,0.0261256720430107,136.2,117.0,0.544529262086514,0.0001023506533383,0.0010577212006291,-2.197583992125709e-05
2010-06-25,117.79961316943178,117.79961316943178,115.47021404624772,116.3,300.0,116.3,118.68,118.89,117.33600000000004,122.5053333333333,157.8955,False,False,False,False,False,False,True,False,False,False,False,-0.0954428202923473,-0.0128976784178847,,,-0.0089079965606194,-0.0533562625394092,-0.116079105760963,0.0662080825451419,-0.0009468975500389,0.0307847590209437,140.0,119.0,1.4018691588785046,0.0007840730892483,0.0006817224359099,-0.0004575862828317
2010-06-28,115.83,116.33,110.33,111.5,502.0,111.5,116.68000000000002,118.21,117.208,122.32133333333331,157.359,False,False,False,False,False,False,False,False,False,True,False,-0.0403587443946188,0.0286995515695067,,,-0.0511928251121076,-0.0970523168908817,-0.0789237668161434,0.0744394618834079,-0.0015042347478225,0.0382370357837747,135.7,118.8,1.6733333333333331,-0.0010920756262374,-0.0018761487154858,-0.0005573371977835
2010-06-29,110.17,112.5,107.5,109.0,506.0,109.0,114.62,117.43999999999998,117.43600000000002,122.11866666666664,156.82500000000002,False,False,False,False,False,False,True,False,True,False,False,0.0155963302752293,0.0669724770642201,,,-0.0773944954128442,-0.1203547400611618,0.0669724770642201,0.110091743119266,-0.0016595879417834,0.0487057220708448,139.3,117.7,1.0079681274900398,0.001941483020539,0.0030335586467765,-0.0001553531939609
2010-06-30,105.83,110.83,104.67,108.5,860.0,108.5,112.62,116.48999999999998,117.684,121.89599999999996,156.2735,False,False,False,False,False,False,True,False,False,False,False,-0.0230414746543778,0.0737327188940092,,,-0.0846451612903225,-0.123465437788018,0.0276497695852534,0.1354838709677419,-0.0018266937936165,0.0621512576186799,139.8,117.3,1.699604743083004,0.0021073382957749,0.0001658552752358,-0.000167105851833
2010-07-01,103.83,107.5,103.83,105.0,541.0,105.0,110.06,114.76999999999998,117.572,121.68666666666664,155.69000000000003,False,False,False,False,False,False,False,False,False,True,False,0.0266666666666666,0.0457142857142856,,,-0.1197333333333333,-0.1589206349206346,0.059047619047619,0.159047619047619,-0.001720265161891,0.0806831053411172,129.2,114.5,0.6290697674418605,-0.0009526077637532,-0.0030599460595281,0.0001064286317254
2010-07-02,105.70014262622422,106.8604735190644,104.6998573737758,105.2,487.0,105.2,107.84,113.26000000000002,117.072,121.5,155.1175,False,False,False,False,False,False,False,False,False,True,False,0.0912547528517109,0.0380228136882129,,,-0.1128517110266159,-0.1549429657794676,0.0836501901140684,0.1577946768060834,-0.0015363511659805,0.0978280063570544,130.2,116.7,0.9001848428835489,-0.0042708760420937,-0.0033182682783405,0.0001839139959105
2010-07-05,106.5,107.83,104.83,107.0,360.0,107.0,106.94,111.81000000000002,116.26,121.35066666666664,154.53500000000005,False,False,False,False,False,False,False,False,False,True,False,0.0719626168224299,0.0205607476635514,,,-0.0865420560747664,-0.134118380062305,0.0728971962616822,0.1570093457943925,-0.0012305934317077,0.1058044897594131,133.8,116.2,0.7392197125256673,-0.0069843454326509,-0.0027134693905571,0.0003057577342727
2010-07-06,106.6989156953104,110.7,104.69837354296556,110.7,355.0,110.7,107.28,110.95,115.76799999999996,121.25733333333336,153.94700000000003,False,False,False,False,False,False,False,False,False,False,False,0.050587172538392,-0.044263775971093,,,-0.0457813911472444,-0.0953688647997593,0.0370370370370369,0.1336946702800361,-0.0007697128970889,0.1114015322217216,131.2,116.7,0.9861111111111112,-0.0042498790684821,0.0027344663641687,0.0004608805346188
2010-07-07,110.0,110.83,105.0,106.0,525.0,106.0,106.78,109.7,115.13599999999998,121.13466666666667,153.26450000000006,False,False,False,False,False,False,False,False,False,True,False,0.0990566037735849,-0.0216981132075471,,,-0.0861886792452828,-0.1427798742138365,0.030188679245283,0.2047169811320755,-0.0010126470814852,0.1235186873290792,129.8,122.5,1.4788732394366195,-0.0054891606448024,-0.0012392815763202,-0.0002429341843963
2010-07-08,106.80027821570992,109.1396271909487,106.80027821570992,107.8,314.0,107.8,107.34,108.7,114.516,121.0026666666667,152.61700000000002,False,False,False,False,False,False,False,False,False,False,False,0.0185528756957328,-0.0324675324675324,,,-0.0623005565862709,-0.1224737167594313,0.012987012987013,0.1901669758812617,-0.0010908850493651,0.1378104875804965,132.8,123.5,0.5980952380952381,-0.0054140906074258,7.507003737663824e-05,-7.823796787985882e-05
2010-07-09,112.8005225115388,115.46982495863448,110.8010450230776,114.8,740.0,114.8,109.26,108.55,114.28,120.92000000000004,152.00200000000004,False,False,False,False,True,False,False,False,False,False,False,-0.048780487804878,-0.0792682926829267,,,0.0045296167247386,-0.0533101045296171,-0.063588850174216,0.1036585365853659,-0.0006836475906934,0.1418701059419622,132.7,126.7,2.356687898089172,-0.0020651032551627,0.003348987352263,0.0004072374586716
2010-07-12,113.35964942879568,117.86082672015348,113.35964942879568,114.7,381.0,114.7,110.8,108.87,114.236,120.84933333333336,151.39400000000003,False,False,False,False,False,False,False,False,False,False,True,-0.047951176983435,-0.0889276373147341,,,0.0040453356582388,-0.053612321999419,-0.0819529206625981,0.0871839581517,-0.0005847501572206,0.1430146045742628,124.8,124.7,0.5148648648648648,-0.0003851675478833,0.0016799357072794,9.889743347277886e-05
2010-07-13,115.14029914897274,116.63991231840453,113.30077366113642,116.3,294.0,116.3,111.92,109.6,114.208,120.796,150.8115,False,False,False,False,False,False,False,False,False,False,False,-0.0902837489251934,-0.0902837489251934,,,0.0179879621668099,-0.03865864144454,-0.0868443680137574,0.0859845227858985,-0.0004415157234788,0.1402372262773723,117.2,126.7,0.7716535433070866,-0.0002451667133651,0.0001400008345181,0.0001432344337417
2010-07-14,116.33,117.67,114.33,116.5,355.0,116.5,114.02,110.4,114.196,120.78266666666669,150.22750000000002,False,False,False,False,False,False,False,False,False,False,False,-0.1098712446351931,-0.096137339055794,,,0.0197768240343347,-0.0367610872675251,-0.071244635193133,0.0660944206008583,-0.0001103911157229,0.1328804347826085,121.3,136.3,1.2074829931972788,-0.0001050824897544,0.0001400842236106,0.0003311246077559
2010-07-15,114.9685878175362,116.4681780934171,108.47036328871891,109.8,493.0,109.8,114.42,110.88,113.98000000000002,120.68666666666664,149.589,False,False,False,False,False,True,False,False,False,True,False,-0.0500910746812386,-0.0373406193078323,,,-0.0380692167577415,-0.0991499696417727,-0.0273224043715847,0.1548269581056466,-0.0007954482682432,0.1325757575757576,117.5,135.3,1.388732394366197,-0.0018950693104051,-0.0017899868206506,-0.0006850571525203
2010-07-16,110.36031876889255,113.36114317120088,108.52981588348447,109.2,222.0,109.2,113.3,111.28,113.63600000000002,120.556,148.94400000000002,False,False,False,False,False,False,False,False,False,True,False,-0.032051282051282,-0.0586080586080586,,,-0.0406227106227108,-0.1039926739926739,-0.0137362637362637,0.1785714285714284,-0.0010838669719187,0.134705248023005,114.0,136.3,0.4503042596348884,-0.0030272096870709,-0.0011321403766657,-0.0002884187036755
2010-07-20,108.35976916735368,109.2,107.52954108271504,109.2,131.0,109.2,112.2,111.5,113.272,120.428,148.31650000000002,False,False,False,False,False,False,False,False,False,True,False,-0.043040293040293,-0.0595238095238095,,,-0.0372893772893773,-0.1028205128205127,-0.0155677655677655,0.1785714285714284,-0.0010628757431826,0.1368609865470852,114.7,132.2,0.5900900900900901,-0.0032135037785155,-0.0001862940914446,2.0991228736140207e-05
2010-07-21,109.2990078427667,109.79886610601908,105.8,105.8,442.0,105.8,110.1,111.01000000000002,112.836,120.26933333333336,147.662,False,False,False,False,False,False,False,False,False,True,False,0.0,0.0992438563327032,,,-0.0665028355387523,-0.136761184625079,0.0094517958412098,0.2457466918714557,-0.00131926121372,0.1475542743896944,103.3,133.7,3.3740458015267176,-0.003864015030664,-0.0006505112521484,-0.0002563854705373
2010-07-22,105.3604803704061,107.3610591299315,101.19927655059324,103.7,580.0,103.7,107.54,110.78,112.264,120.08800000000002,146.9905,False,False,False,False,False,False,False,False,False,True,False,0.0154291224686595,0.0752169720347155,,,-0.0825843780135004,-0.158032786885246,0.0414657666345226,0.2680810028929604,-0.0015100037750095,0.1533670337606065,102.3,135.0,1.3122171945701355,-0.005095132901019,-0.001231117870355,-0.0001907425612894
2010-07-23,106.63932713505224,106.79928112719256,104.3,104.3,360.0,104.3,106.43999999999998,110.43000000000002,111.548,119.952,146.3285,False,False,False,False,False,False,False,False,False,True,False,0.0134228187919463,0.0661553211888782,,,-0.0694918504314477,-0.1500671140939597,0.0230105465004794,0.2435282837967401,-0.0011337868480727,0.1582903196595125,107.8,136.2,0.6206896551724138,-0.0064187614300569,-0.0013236285290379,0.0003762169269367
2010-07-26,105.86004542443456,106.36018737579256,103.52938393110628,105.7,654.0,105.7,105.74,109.52,110.964,119.80533333333337,145.6505,False,False,False,False,False,False,False,False,False,False,False,-0.0274361400189215,0.0785241248817407,,,-0.0498013245033112,-0.1334468621885843,0.0245979186376536,0.2175969725638598,-0.0012242081599035,0.1697406866325786,117.7,140.0,1.8166666666666669,-0.0052629681698569,0.0011557932602,-9.042131183079713e-05
2010-07-27,104.5,105.0,103.83,104.5,511.0,104.5,104.8,108.5,110.284,119.64933333333336,144.9895,False,False,False,False,False,False,False,False,False,True,False,-0.017224880382775,0.0985645933014353,,,-0.0553492822966507,-0.1449696969696972,0.0076555023923444,0.2315789473684209,-0.0013038100226217,0.1844239631336407,127.29999999999998,135.7,0.7813455657492355,-0.0061658989517971,-0.0009029307819401,-7.960186271814963e-05
2010-07-28,104.97023528300105,105.8,104.14047056600208,105.8,415.0,105.8,104.8,107.45,109.744,119.50400000000003,144.36,False,False,False,False,False,False,False,False,False,False,False,0.0992438563327032,0.0850661625708884,,,-0.0372778827977315,-0.1295274102079398,-0.0047258979206049,0.2211720226843099,-0.0012161378140758,0.1986970684039088,123.0,139.3,0.812133072407045,-0.0049205423531127,0.0012453565986843,8.76722085458117e-05
2010-07-29,104.64018798063228,105.63990316149244,104.1403303902022,105.3,542.0,105.3,105.12,106.33,109.216,119.27466666666668,143.7875,False,False,False,False,False,False,False,False,False,False,False,0.0588793922127255,0.037037037037037,,,-0.0371889838556504,-0.132712883823995,0.0275403608736942,0.2364672364672363,-0.0019227329636918,0.2169660490924483,121.79999999999998,139.8,1.306024096385542,-0.0048344564898916,8.608586322111141e-05,-0.0007065951496159
2010-07-30,104.35961957036056,106.03009368789628,104.02952588246428,105.7,622.0,105.7,105.4,105.92,108.732,119.03733333333336,143.26850000000002,False,False,False,False,False,False,False,False,False,False,False,0.0520340586565752,0.0331125827814569,,,-0.0286849574266792,-0.1261810154525389,0.0245979186376536,0.2421948912015138,-0.0019937722619232,0.2259252265861029,123.3,129.2,1.14760147601476,-0.0044513114814405,0.000383145008451,-7.103929823138767e-05
2010-08-02,104.63946319167556,105.79912476903628,102.64004667898472,102.8,776.0,102.8,104.82,105.28,108.192,118.71866666666666,142.749,False,False,False,False,False,False,False,False,False,True,False,0.1089494163424124,0.0457198443579766,,,-0.0524513618677042,-0.1548508430609598,0.0632295719844358,0.2889105058365759,-0.0026842170284934,0.2369870820668694,120.7,130.2,1.247588424437299,-0.0049911268855368,-0.0005398154040963,-0.0006904447665701
2010-08-03,103.53024252459336,104.36048504918672,102.19985390084736,102.7,384.0,102.7,104.46,104.63,107.84,118.42533333333336,142.2325,False,False,False,False,False,False,False,False,False,False,False,0.1178188899707886,0.0253164556962024,,,-0.0500486854917234,-0.1531191171697502,0.0662122687439142,0.3291139240506329,-0.0024769474999716,0.2521265411449873,115.8,133.8,0.4948453608247423,-0.0032640949554895,0.0017270319300473,0.0002072695285217
2010-08-04,107.6422333018138,119.29922633886358,106.64249118885928,116.3,2859.0,116.3,106.56,105.68,108.132,118.28666666666666,141.8255,False,False,False,False,True,False,True,False,True,False,True,-0.0128976784178847,-0.0868443680137574,,,0.0702321582115218,-0.0170822585267984,-0.0472914875322442,0.2080825451418745,-0.0011722932987659,0.2479182437547311,117.0,131.2,7.4453125,0.0027004032108904,0.0059644981663799,0.0013046542012056
2010-08-05,115.0,115.5,110.0,111.5,920.0,111.5,107.8,106.46,108.252,117.956,141.39950000000002,False,False,False,False,False,False,True,False,False,True,False,-0.0206278026905829,-0.0295964125560537,,,0.0291300448430493,-0.0579013452914798,0.010762331838565,0.2134529147982063,-0.0028033051872448,0.2423445425511929,116.8,129.8,0.3217908359566282,0.0011085245538187,-0.0015918786570716,-0.0016310118884789
2010-08-06,110.35977332014032,111.86017810560404,110.02968426733833,111.2,299.0,111.2,108.9,107.15,108.5,117.63466666666667,140.9865,False,False,False,False,False,False,True,False,False,False,False,-0.0179856115107913,-0.039568345323741,,,0.0242805755395683,-0.0578657074340528,0.0359712230215827,0.1690647482014388,-0.0027316210640853,0.2346243583761081,115.2,132.8,0.325,0.0022857142857143,0.0011771897318955,7.168412315952102e-05
2010-08-09,112.5,116.0,112.5,114.0,617.0,114.0,111.14,107.98000000000002,108.852,117.33733333333336,140.525,False,False,False,False,False,False,True,False,False,False,False,-0.0570175438596491,-0.0552631578947368,,,0.045157894736842,-0.0292748538011698,0.037719298245614,0.1649122807017544,-0.0025340045225729,0.2289312835710313,117.8,132.7,2.0635451505016724,0.0032337485760482,0.0009480342903339,0.0001976165415124
2010-08-10,116.6395192893843,117.29934686057648,113.30039188365409,114.8,603.0,114.8,113.56,109.01000000000002,109.164,117.10533333333336,140.095,False,False,False,False,False,False,True,False,False,True,False,-0.0827526132404181,-0.063588850174216,,,0.0490940766550522,-0.0200813008130084,0.0383275261324042,0.1411149825783972,-0.0019811224083161,0.219429410145858,118.3,124.8,0.9773095623987034,0.0028580850829943,-0.0003756634930538,0.0005528821142567
2010-08-11,113.1404336845772,116.139649917269,111.64082556823128,114.8,629.0,114.8,113.26,109.91,109.32800000000002,116.85333333333334,139.63299999999998,False,False,False,False,False,False,True,False,False,True,False,-0.0749128919860626,-0.0696864111498257,,,0.0476655052264806,-0.0178861788617886,0.0217770034843205,0.1559233449477351,-0.0021565495207669,0.2126285142389228,116.7,117.2,1.043117744610282,0.0015000731743013,-0.001358011908693,-0.0001754271124508
2010-08-12,111.5306402857928,112.86100577081616,106.8593569661995,109.2,393.0,109.2,112.8,110.3,109.456,116.50933333333334,139.113,False,False,False,False,False,False,True,False,False,True,False,-0.0091575091575091,-0.010989010989011,,,-0.0023443223443223,-0.066935286935287,0.0686813186813186,0.206959706959707,-0.0029525531574007,0.2097914777878513,118.0,121.3,0.6248012718600954,0.0011694196754859,-0.0003306534988154,-0.0007960036366338
2010-08-13,107.52954108271504,109.86018136850784,106.6993129980764,109.2,184.0,109.2,112.4,110.65,109.512,116.14933333333336,138.6005,False,False,False,False,False,False,True,False,False,True,False,-0.021978021978022,-0.0228937728937728,,,-0.0028571428571428,-0.0636385836385838,0.0686813186813186,0.2380952380952379,-0.003099458168794,0.2094893809308629,122.2,117.5,0.4681933842239186,0.0005113594857184,-0.0006580601897674,-0.0001469050113932
2010-08-16,107.67,108.33,106.0,107.5,151.0,107.5,111.1,111.12,109.22,115.71600000000004,138.1155,False,False,False,False,False,False,False,False,False,True,False,0.001860465116279,0.0074418604651162,,,-0.0159999999999999,-0.0764279069767445,0.095813953488372,0.2604651162790697,-0.0037448004885523,0.2070734341252698,120.3,114.0,0.8206521739130435,-0.0026735030214246,-0.003184862507143,-0.0006453423197582
2010-08-17,105.63990316149244,106.6396183423526,104.64018798063228,105.3,189.0,105.3,109.2,111.38,108.844,115.31066666666668,137.58350000000002,False,False,False,False,False,False,False,False,False,True,False,0.0208926875593542,0.0,,,-0.0336562203228869,-0.095068059512504,0.1272554605887939,0.2725546058879393,-0.0035151417041501,0.2020111330579996,121.5,114.7,1.2516556291390728,-0.0034544853184374,-0.0007809822970127,0.0002296587844021
2010-08-18,105.69985871715174,106.2,104.85962136196666,106.2,156.0,106.2,107.48,110.37,108.44,114.86933333333336,137.0685,False,False,False,False,False,False,False,False,False,True,False,0.0056497175141242,-0.0084745762711864,,,-0.0210922787193973,-0.0816321406151916,0.1374764595103577,0.2787193973634652,-0.0038420466152844,0.2087523783636857,119.3,103.3,0.8253968253968254,-0.0037255625230541,-0.0002710772046167,-0.0003269049111343
2010-08-19,106.69958398816678,110.03050753443654,106.35948969215126,108.2,487.0,108.2,107.28,110.04,108.10799999999998,114.44800000000004,136.5695,False,False,False,False,True,False,False,False,False,False,False,-0.0018484288354898,0.0,,,0.0008502772643255,-0.0577449168207027,0.1044362292051755,0.2800369685767098,-0.0036814390232535,0.2152853507815338,118.5,102.3,3.121794871794872,-0.0030710030710032,0.0006545594520509,0.0001606075920309
2010-08-20,106.47009267059812,109.63920247121594,105.14046616119067,106.8,281.0,106.8,106.8,109.6,107.98799999999996,114.14933333333336,136.1295,False,False,False,False,False,False,False,False,False,False,False,-0.0009363295880149,0.0140449438202247,,,-0.0111235955056176,-0.0688139825218479,0.1067415730337079,0.304307116104869,-0.0026164556370603,0.2286496350364963,117.8,107.8,0.5770020533880903,-0.0011112345816203,0.0019597684893829,0.0010649833861932
2010-08-23,108.36018389523544,109.20041794371691,106.6997213708554,107.7,171.0,107.7,106.84,108.97,107.928,113.84933333333336,135.68650000000002,False,False,False,False,False,False,False,False,False,False,False,0.0055710306406684,0.0148560817084493,,,-0.0021169916434539,-0.0570968740328074,0.1142061281337047,0.3351903435468896,-0.0026350615433262,0.2458474809580617,116.3,117.7,0.608540925266904,-0.0005559261730038,0.0005553084086165,-1.860590626593176e-05
2010-08-24,107.67,108.5,105.83,107.5,322.0,107.5,107.28,108.24,107.86,113.49866666666668,135.268,False,False,False,False,False,False,False,False,False,True,False,-0.0204651162790697,0.0186046511627906,,,-0.0033488372093023,-0.055801550387597,0.0976744186046511,0.3953488372093023,-0.0030896104506368,0.2718033998521804,111.5,127.29999999999998,1.8830409356725144,-0.0006304468755794,-7.452070257558366e-05,-0.0004545489073106
2010-08-25,107.2998595900028,107.46981185060376,105.64032575119349,106.8,203.0,106.8,107.4,107.44,107.9,113.17333333333332,134.80800000000002,False,False,False,False,False,False,True,False,False,False,False,-0.0140449438202247,0.0374531835205992,,,-0.0102996254681648,-0.0596754057428213,0.0926966292134832,0.443820224719101,-0.0028746465598494,0.3012844378257632,109.0,123.0,0.6304347826086957,0.0003707136237257,0.0010011604993051,0.0002149638907874
2010-08-26,105.83,108.0,105.17,108.0,174.0,108.0,107.36,107.31999999999998,108.072,112.88266666666668,134.36700000000002,False,False,False,False,False,False,True,False,True,False,False,0.0018518518518518,0.0435185185185185,,,-0.0006666666666666,-0.0452098765432099,0.0879629629629629,0.4351851851851852,-0.0025749450757125,0.3243570629891914,108.5,121.79999999999998,0.8571428571428571,0.0015915315715448,0.0012208179478191,0.0002997014841368
2010-08-27,106.7,106.8600449985938,105.19957813818318,106.7,163.0,106.7,107.34,107.07,108.168,112.53466666666668,133.93800000000002,False,False,False,False,False,False,True,False,False,True,False,0.014995313964386,0.0796626054358013,,,-0.0137582005623243,-0.0546829115901281,0.1124648547328959,0.3992502343017807,-0.0030923804220329,0.3406182871018959,105.0,123.3,0.9367816091954024,0.0008875083203905,-0.0007040232511543,-0.0005174353463203
2010-08-30,109.96953752423153,109.96953752423153,107.47022985322626,108.3,61.0,108.3,107.46,107.15,108.272,112.20933333333336,133.538,False,False,False,True,True,False,True,False,False,False,False,0.0092336103416435,0.0923361034164358,,,0.0002585410895659,-0.0360972606955989,0.0960295475530933,0.4469067405355493,-0.0028993428948273,0.3594027064862347,105.2,120.7,0.3742331288343558,0.0009605438155755,7.303549518504287e-05,0.0001930375272055
2010-08-31,108.29914554258046,108.29914554258046,105.3,105.3,157.0,105.3,107.02,107.15,108.30400000000002,111.94933333333331,133.17700000000002,False,False,False,False,False,False,True,False,False,True,False,0.0398860398860399,0.1320037986704653,,,-0.028528015194682,-0.0631465653687874,0.2421652421652423,0.4406457739791072,-0.0023224792167889,0.3759216052263182,107.0,115.8,2.5737704918032787,0.000295464618112,-0.0006650791974635,0.0005768636780384
2010-09-01,105.3,106.46966676160638,104.64018798063228,105.3,205.0,105.3,106.72,107.06,108.28400000000002,111.79066666666664,132.8785,False,False,False,False,False,False,False,False,False,True,False,0.0522317188983855,0.1139601139601139,,,-0.0283380816714152,-0.0616397594175369,0.2231718898385566,0.4558404558404559,-0.001419319442291,0.3934242480851859,110.7,117.0,1.305732484076433,-0.0001846994939233,-0.0004801641120354,0.0009031597744979
2010-09-02,108.2,108.2,106.35948969215126,108.2,251.0,108.2,106.76000000000002,107.06,108.40000000000002,111.616,132.6445,False,False,False,False,False,False,True,False,True,False,False,0.0415896487985212,0.0785582255083179,,,-0.0018484288354899,-0.0315711645101663,0.1857670979667283,0.4630314232902034,-0.0015648891437306,0.4119185503456005,106.0,116.8,1.224390243902439,0.001070110701107,0.0012548101950303,-0.0001455697014396
2010-09-03,106.9703683190252,109.13976737745776,106.6404597064525,108.3,540.0,108.3,107.08,107.21,108.50400000000002,111.49333333333334,132.3275,False,False,False,False,False,False,True,False,False,True,False,0.0637119113573407,0.0775623268698061,,,-0.0018836565096954,-0.0294859956909819,0.1449676823638042,0.4616805170821793,-0.0011002152595072,0.4276653297267047,107.8,115.2,2.151394422310757,0.0009584900095848,-0.0001116206915221,0.0004646738842233
2010-09-06,108.30027439860972,109.3,108.14031830238729,109.3,258.0,109.3,107.28,107.36999999999998,108.76400000000004,111.43066666666664,132.049,False,False,False,True,True,False,True,False,True,False,False,0.0823421774931381,0.0777676120768527,,,0.0049039341262576,-0.0194937480939308,0.1344922232387923,0.4290942360475754,-0.0005623825876781,0.4370867095091743,114.8,117.8,0.4777777777777778,0.0023904968555773,0.0014320068459924,0.000537832671829
2010-09-07,108.83,109.67,108.33,109.5,138.0,109.5,108.12,107.56999999999998,109.03600000000002,111.36133333333332,131.77800000000002,False,False,False,False,False,False,True,False,False,False,False,0.0885844748858447,0.0840182648401826,,,0.0042374429223742,-0.0169984779299846,0.0940639269406391,0.3817351598173517,-0.0006225979095076,0.435623315050665,114.7,118.3,0.5348837209302325,0.0024945889431011,0.0001040920875237,-6.0215321829512765e-05
2010-09-08,108.64058467923849,113.13936659749164,108.64058467923849,110.8,409.0,110.8,109.22,107.97,108.81600000000002,111.46133333333334,131.531,False,False,False,False,False,False,False,True,False,True,False,0.0586642599277978,0.0902527075812274,,,0.0179061371841153,-0.0059687123947052,0.092057761732852,0.3691335740072201,0.0008971721134984,0.4279892562748912,116.3,116.7,2.963768115942029,-0.0020217615056609,-0.004516350448762,0.0015197700230061
2010-09-09,111.6997337356883,112.7,111.02955533859944,112.7,156.0,112.7,110.12,108.43999999999998,108.86400000000002,111.60000000000002,131.26100000000002,False,False,False,False,False,False,True,True,False,False,False,0.0354924578527063,0.0603371783496006,,,0.0340372670807452,0.009760425909494,0.093167701863354,0.3549245785270629,0.0012425328554361,0.4196790852084103,116.5,118.0,0.3814180929095354,0.0004409171075837,0.0024626786132447,0.0003453607419377
2010-09-10,114.19973951549883,116.03021620213596,114.19973951549883,115.2,451.0,115.2,111.5,109.29,109.024,111.69866666666668,131.06600000000003,False,False,False,False,False,False,True,True,True,False,False,0.0130208333333333,0.0260416666666666,,,0.0536111111111111,0.0303935185185184,0.0564236111111111,0.3515624999999999,0.000883328956478,0.4144935492725775,109.8,122.2,2.891025641025641,0.001467566774288,0.0010266496667042,-0.0003592038989581
2010-09-13,115.800633820671,119.96957660779177,114.97084424913378,118.3,881.0,118.3,113.3,110.29,109.196,111.70666666666666,130.8985,False,False,False,False,False,False,True,True,False,False,False,-0.0042265426880811,0.0143702451394759,,,0.0769568892645815,0.0557340095801634,0.0295857988165679,0.3736263736263737,7.16161375028171e-05,0.4069271919484994,109.2,120.3,1.953436807095344,0.0015751492728671,0.000107582498579,-0.0008117128189752
2010-09-14,118.35978853738357,119.86016614919862,118.02970546278424,119.2,1171.0,119.2,115.24,111.68,109.372,111.59866666666667,130.71300000000002,False,False,False,False,False,False,True,False,False,False,False,-0.0041946308724832,-0.0100671140939597,,,0.0824496644295302,0.0637695749440715,0.0385906040268455,0.3741610738255034,-0.0009677534976522,0.4002507163323783,109.2,121.5,1.3291713961407492,0.0016091869948433,3.403772197619389e-05,-0.001039369635155
2010-09-15,117.46995653285605,118.29974431091792,116.64016875479416,117.3,235.0,117.3,116.54,112.88000000000002,109.472,111.52266666666668,130.46200000000002,False,False,False,False,False,False,True,False,False,True,False,0.0298380221653878,-0.0051150895140664,,,0.0667348678601875,0.0492526285876668,0.0699062233589088,0.4151747655583973,-0.0006814758135864,0.3966158752657687,105.8,119.3,0.2006831767719897,0.0009134755919321,-0.0006957114029111,0.0002862776840657
2010-09-16,117.36016970943687,117.86029827719209,115.85978400617124,116.7,327.0,116.7,117.34,113.73,109.77199999999998,111.45466666666668,130.162,False,False,False,False,False,False,True,False,True,False,False,0.0239931448157669,0.0068551842330762,,,0.0593658954584406,0.0449471579548699,0.0942587832047986,0.456726649528706,-0.0006101135289684,0.3964653125824319,103.7,118.5,1.3914893617021276,0.0027329373610755,0.0018194617691433,7.136228461800641e-05
2010-09-17,116.7,117.36016970943687,115.85978400617124,116.7,129.0,116.7,117.64,114.57,110.07199999999996,111.36666666666667,129.828,False,False,False,False,False,False,True,False,False,True,False,0.0128534704370179,0.0171379605826906,,,0.0567952013710372,0.0457012282205083,0.0994001713796059,0.4250214224507284,-0.0007901825800659,0.3932093916382996,104.3,117.8,0.3944954128440367,0.0027254887709861,-7.448590089419779e-06,-0.0001800690510975
2010-09-21,117.8,118.29987269795468,115.97046592548588,117.8,346.0,117.8,117.54,115.42,110.484,111.328,129.4835,False,False,False,False,False,False,True,False,False,False,False,0.0186757215619694,0.0076400679117148,,,0.0621052631578947,0.0549405772495755,0.0755517826825127,0.3582342954159593,-0.0003473220274025,0.3862415525905389,105.7,116.3,2.682170542635659,0.0037290467397997,0.0010035579688136,0.0004428605526633
2010-09-22,117.85978764641445,119.2001264009438,116.52945141990394,118.7,531.0,118.7,117.44,116.34,111.01999999999998,111.36666666666666,129.172,False,False,False,False,False,False,True,True,False,False,False,-0.0058972198820556,0.1019376579612469,,,0.0647009267059816,0.0617803987643921,0.050547598989048,0.362257792754844,0.0003472014366955,0.3842186694172252,104.5,111.5,1.5346820809248556,0.0048279589263194,0.0010989121865197,0.000694523464098
2010-09-24,119.30037242406686,121.63979144252257,118.97045435736158,120.8,539.0,120.8,118.14,117.34,111.604,111.41733333333336,128.8775,True,True,False,False,False,False,True,True,False,False,False,-0.0339403973509933,0.066225165562914,,,0.0761258278145695,0.0776710816777039,0.0455298013245033,0.3476821192052981,0.0004547467180453,0.3818817112664053,105.8,109.0,1.015065913370998,0.005232787355292,0.0004048284289726,0.0001075452813498
2010-09-27,121.0,121.0,118.33,119.5,404.0,119.5,118.7,118.02,112.05599999999998,111.45333333333332,128.599,False,False,False,False,False,False,True,True,False,True,False,-0.0167364016736401,0.0736401673640168,,,0.0622928870292888,0.0673361227336123,0.0393305439330544,0.415899581589958,0.0003230051441556,0.3879003558718862,105.3,108.5,0.7495361781076066,0.0040336974369956,-0.0011990899182964,-0.0001317415738897
2010-09-28,118.36004061944656,119.86042142675808,117.52982990606752,118.2,268.0,118.2,119.0,118.32,112.512,111.49333333333335,128.3315,False,False,False,False,False,False,True,True,False,False,False,0.0042301184433164,0.0490693739424703,,,0.0481218274111675,0.056739988719684,0.0727580372250422,0.4568527918781724,0.0003587658454918,0.3983265720081135,105.7,105.0,0.6633663366336634,0.0040529010238909,1.9203586895293404e-05,3.576070133619086e-05
2010-09-29,118.5,120.5,118.5,120.0,139.0,120.0,119.44,118.48999999999998,113.004,111.52266666666668,128.064,False,False,False,False,False,False,True,True,False,False,False,-0.0108333333333333,0.0333333333333333,,,0.0582999999999999,0.0706444444444443,0.0724999999999999,0.3933333333333332,0.0002630257526122,0.4002869440459114,102.8,105.2,0.5186567164179104,0.0043538281830732,0.0003009271591822,-9.574009287955703e-05
2010-09-30,120.67,120.67,113.33,118.0,428.0,118.0,119.3,118.37,113.424,111.51866666666666,127.8175,False,False,False,False,False,False,True,False,False,True,False,0.1084745762711865,0.0152542372881354,,,0.038779661016949,0.0549265536723164,0.0906779661016948,0.4152542372881356,-3.5868434582124664e-05,0.4044099011573879,102.7,107.0,3.079136690647482,0.0037029200169276,-0.0006509081661455,-0.0002988941871943
2010-10-01,117.36016970943687,118.53047055798406,115.35965543841606,116.7,705.0,116.7,118.48,118.31000000000002,113.82,111.51866666666668,127.5595,False,False,False,False,False,False,True,True,False,True,False,0.1036846615252785,0.0368466152527848,,,0.0246786632390746,0.0443987432162238,0.1293916023993145,0.4927163667523563,1.2743027817646675e-16,0.4120530808891892,116.3,110.7,1.647196261682243,0.0034791776489192,-0.0002237423680084,3.586843458225209e-05
2010-10-04,116.67,119.17,116.5,117.5,311.0,117.5,118.08,118.39,114.2,111.512,127.3095,False,False,False,False,False,False,True,False,False,True,False,0.0919148936170213,0.0485106382978723,,,0.0280851063829787,0.0509617021276595,0.1191489361702127,0.5276595744680851,-5.978429825198018e-05,0.4191232367598616,111.5,106.0,0.4411347517730496,0.0033274956217163,-0.0001516820272028,-5.978429825210761e-05
2010-10-05,116.35940844358304,119.3601668492458,116.02932501896017,118.7,545.0,118.7,118.18,118.59,114.67999999999996,111.46533333333336,127.074,False,False,False,False,False,False,True,False,False,False,False,0.0446503791069923,0.025273799494524,,,0.0338668913226625,0.0609491715810163,0.0926705981465879,0.497893850042123,-0.0004186652950391,0.4264271861033818,111.2,107.8,1.752411575562701,0.0041855598186254,0.000858064196909,-0.0003588809967871
2010-10-06,118.7,119.2001264009438,116.69949439622482,118.7,507.0,118.7,117.92,118.68000000000002,115.096,111.44400000000002,126.829,False,False,False,False,False,False,True,False,False,True,False,0.0446503791069923,0.0261162594776746,,,0.0303622577927548,0.0611288963774219,0.0842459983150799,0.481044650379107,-0.0001914264862473,0.4386585776878998,114.0,114.8,0.9302752293577982,0.0036143740877184,-0.0005711857309069,0.0002272388087918
2010-10-07,119.14267369869296,130.96996101811513,119.14267369869296,130.8,2170.0,130.8,120.48,119.89,116.116,111.568,126.6305,False,False,False,False,False,False,True,True,False,False,True,-0.0840978593272173,-0.0535168195718655,,,0.1122629969418961,0.1470336391437309,-0.0160550458715598,0.2370030581039755,0.0011114298006595,0.4242222036867126,114.8,114.7,4.280078895463511,0.0087843191291466,0.0051699450414282,0.0013028562869068
2010-10-08,126.64050298843438,128.8,126.14061942094231,128.8,893.0,128.8,122.9,120.69,117.056,111.69466666666663,126.437,False,False,False,False,False,False,True,True,False,True,False,-0.0605590062111802,-0.0256211180124224,,,0.0911801242236025,0.1328053830227746,0.0031055900621116,0.1645962732919253,0.0011340440009069,0.4041759880686053,114.8,116.3,0.4115207373271889,0.0080303444505193,-0.0007539746786272,2.261420024745036e-05
2010-10-12,126.30046754461156,132.96890828333204,126.30046754461156,128.3,873.0,128.3,125.06000000000002,121.57,117.86,111.8253333333333,126.2445,False,False,False,False,False,False,True,True,False,True,False,-0.0397505845674201,-0.004676539360873,,,0.0813717848791894,0.1284073785398808,0.0148090413094308,0.143413873733437,0.00116848895301,0.3755038249568148,109.2,116.5,0.9776035834266518,0.0068216528084167,-0.0012086916421026,3.444495210311446e-05
2010-10-13,126.33,128.83,123.33,124.0,411.0,124.0,126.12,122.15,118.488,111.908,126.027,False,False,False,False,False,False,True,True,False,True,False,-0.0185483870967741,0.0346774193548388,,,0.0444516129032258,0.097516129032258,0.0588709677419355,0.1733870967741935,0.0007387020290479,0.3471142038477282,109.2,109.8,0.4707903780068728,0.0053001147795557,-0.001521538028861,-0.0004297869239621
2010-10-14,123.67,127.5,123.67,124.0,440.0,124.0,127.18000000000002,122.55,119.07600000000002,112.01066666666664,125.8095,False,False,False,False,False,False,True,True,False,True,False,-0.0177419354838711,0.0217741935483871,,,0.0397096774193546,0.0966881720430109,0.0685483870967741,0.1556451612903226,0.0009165793733927,0.3232150142798857,107.5,109.2,1.070559610705596,0.0049380227753705,-0.0003620920041851,0.0001778773443447
2010-10-15,122.9692063756989,124.96870566636066,117.80050070933822,119.79999999999998,547.0,119.8,124.98,122.73,119.48800000000004,112.12133333333333,125.5795,False,False,False,False,False,False,True,True,False,True,False,0.0333889816360602,0.0409015025041737,,,0.0026043405676121,0.0640957150806899,0.139398998330551,0.1911519198664441,0.0009870259599721,0.3014747820418804,105.3,109.2,1.2431818181818182,0.0034480449919658,-0.0014899777834046,7.044658657939242e-05
2010-10-18,121.67,122.5,119.83,121.0,470.0,121.0,123.42,123.16,119.89600000000002,112.28133333333334,125.3485,False,False,False,False,False,False,True,True,False,True,False,0.0371900826446281,0.0438016528925619,,,0.0091239669421486,0.0720550964187327,0.1611570247933884,0.1776859504132231,0.0014249919844201,0.2711919454368302,106.2,105.8,0.8592321755027422,0.0034029492226594,-4.50957693064781e-05,0.000437966024448
2010-10-19,123.53008037671512,124.20024356580336,121.69963465129496,123.2,292.0,123.2,122.4,123.73,120.31600000000002,112.47733333333336,125.13349999999996,False,False,False,False,False,False,True,True,False,False,False,0.036525974025974,0.0081168831168831,,,0.0234090909090907,0.0870346320346318,0.0982142857142857,0.1672077922077922,0.0017425733184762,0.236482663864867,108.2,103.7,0.6212765957446809,0.0034908075401443,8.785831748488876e-05,0.000317581334056
2010-10-20,120.19963014711928,122.86028601956112,119.85954631379964,121.7,242.0,121.7,121.93999999999998,124.03,120.576,112.70000000000005,124.91199999999998,False,False,False,False,False,False,True,True,False,True,False,0.0542317173377157,0.0419063270336893,,,0.0092358258011504,0.0739523418241574,0.0682004930156121,0.1520131470829908,0.0019757468204674,0.2031766508102877,106.8,104.3,0.8287671232876712,0.0021563163481951,-0.0013344911919491,0.0002331735019912
2010-10-21,120.30036936715094,121.79999999999998,120.30036936715094,121.79999999999998,488.0,121.8,121.5,124.34,120.716,112.92133333333334,124.70199999999996,False,False,False,False,False,False,True,True,False,True,False,0.0402298850574714,0.0566502463054187,,,0.0088998357963874,0.0728954570333879,0.0903119868637112,0.1962233169129721,0.0019600665950333,0.1759691169374296,107.7,105.7,2.0165289256198347,0.0011597468438318,-0.0009965695043633,-1.5680225434123746e-05
2010-10-22,121.64052329806992,124.1399176290075,121.47056448356618,123.8,629.0,123.8,122.29999999999998,123.64,120.9,113.14533333333333,124.51099999999995,False,False,False,False,False,False,True,True,False,False,False,0.0072697899838449,0.0395799676898222,,,0.0234248788368335,0.0860635433494884,0.0581583198707593,-0.0040387722132471,0.0019797546518341,0.1514881915237787,107.5,104.5,1.2889344262295082,0.0015219189412738,0.000362172097442,1.9688056800789243e-05
2010-10-25,125.17,128.5,124.5,125.5,581.0,125.5,123.2,123.31000000000002,121.228,113.34266666666666,124.30499999999996,False,False,False,False,False,False,True,True,False,False,False,0.0063745019920318,0.050199203187251,,,0.0340398406374502,0.096871181938911,0.0573705179282867,-0.0302788844621513,0.0017410330913924,0.1316194955802449,106.8,105.8,0.9236883942766296,0.0027056455604314,0.0011837266191576,-0.0002387215604416
2010-10-26,127.19988250959506,128.53019503407222,126.52972507245242,127.7,718.0,127.7,124.1,123.25,121.668,113.632,124.11449999999996,False,False,False,False,False,False,True,True,False,False,False,-0.0274079874706342,0.0297572435395457,,,0.0472357086922474,0.1101644479248237,0.0321064996084573,-0.0540328895849648,0.002546231108608,0.1111561866125759,108.0,105.3,1.2358003442340793,0.0036163987243976,0.0009107531639661,0.0008051980172155
2010-10-27,129.13980363126316,129.13980363126316,126.6403880620276,128.3,408.0,128.3,125.42,123.67999999999998,122.132,113.90533333333336,123.93199999999996,False,False,False,False,False,False,True,True,False,False,True,-0.0116913484021824,0.01091192517537,,,0.048074824629774,0.1121953754221874,0.0537802026500387,-0.058456742010912,0.0023996535134441,0.0873221216041398,106.7,105.7,0.5682451253481894,0.0037991681131889,0.0001827693887913,-0.0001465775951639
2010-10-28,126.7,126.7,124.19940791031816,126.7,676.0,126.7,126.4,123.95,122.488,114.06400000000002,123.72699999999998,False,False,False,False,False,False,True,True,False,True,False,0.0157853196527228,0.0157853196527228,,,0.0332438831886345,0.0997316495659035,0.069455406471981,-0.0071033938437253,0.0013910319352877,0.0708350141185961,108.3,102.8,1.656862745098039,0.0029064071582521,-0.0008927609549368,-0.0010086215781563
2010-10-29,125.03007940964146,126.70048127055426,124.7,124.7,436.0,124.7,126.58,124.44,122.728,114.19733333333336,123.52799999999998,False,False,False,False,False,False,True,True,False,True,False,0.0320769847634321,0.0320769847634321,,,0.0158139534883721,0.0842234696605183,0.0745789895749799,-0.0032076984763432,0.0011675695871474,0.0518322082931532,105.3,102.7,0.6449704142011834,0.0019555439671468,-0.0009508631911053,-0.0002234623481402
2010-11-01,124.64039420565187,126.3,123.64063167893612,126.3,262.0,126.3,126.73999999999998,124.97,122.948,114.33066666666669,123.33449999999998,False,False,False,False,False,False,True,True,False,True,False,0.0435471100554237,0.0229612034837687,,,0.0265399841646872,0.0947690683557665,0.0752177355502772,-0.0364212193190815,0.001166207958203,0.0307273745698968,105.3,116.3,0.6009174311926605,0.0017893743696522,-0.0001661695974946,-1.361628944411596e-06
2010-11-02,125.20024160425224,126.7006040106306,123.0297173230249,124.2,325.0,124.2,126.04,125.07,123.136,114.43333333333334,123.13149999999996,False,False,False,False,False,False,True,True,False,True,False,0.0587761674718196,0.0483091787439612,,,0.0085668276972625,0.0786366076221148,0.1151368760064412,-0.0499194847020934,0.0008971744829593,0.009274806108579,108.2,111.5,1.2404580152671756,0.0015267671517671,-0.000262607217885,-0.0002690334752436
2010-11-04,122.97090593708111,127.79976346290309,122.47102420562958,126.8,306.0,126.8,125.73999999999998,125.58,123.48,114.65999999999998,122.94049999999996,False,False,False,False,False,False,True,True,False,False,True,0.0228706624605677,0.0354889589905363,,,0.0261829652996844,0.0957413249211357,0.0985804416403786,-0.0678233438485804,0.001976859119716,-0.012342729734034,108.3,111.2,0.9415384615384615,0.002785876255264,0.0012591091034969,0.0010796846367567
2010-11-05,124.35898810911634,130.03031009559336,124.35898810911634,128.7,1288.0,128.7,126.14,126.27,123.828,114.92,122.75749999999996,False,False,False,False,False,False,True,True,False,False,False,0.0,0.0295260295260296,,,0.0378554778554777,0.1070707070707069,0.1173271173271175,-0.0675990675990675,0.0022624434389141,-0.0380929753702384,109.3,114.0,4.209150326797386,0.0028103498401007,2.447358483669915e-05,0.0002855843191981
2010-11-08,128.35992072744227,129.36015388202378,127.3596875728608,128.7,832.0,128.7,126.94,126.76,124.256,115.18000000000002,122.57499999999996,False,False,False,False,False,False,True,True,False,False,False,0.0,0.0606060606060607,,,0.0345299145299144,0.1050505050505048,0.1655011655011656,-0.0753690753690752,0.0022573363431152,-0.0452035342379298,109.5,114.8,0.6459627329192547,0.0034445016739634,0.0006341518338626,-5.1070957989038206e-06
2010-11-09,129.47053022832438,131.96996131381326,128.80068269741335,131.8,937.0,131.8,128.04000000000002,127.39,124.86,115.52666666666669,122.40799999999996,False,False,False,False,False,False,True,True,False,False,False,-0.0197268588770866,0.066009104704097,,,0.0526555386949924,0.12346990389479,0.1699544764795142,-0.1100151745068286,0.0030007501875468,-0.0533793861370594,110.8,114.8,1.1262019230769231,0.004837417908057,0.0013929162340936,0.0007434138444315
2010-11-10,131.5,131.83,130.0,131.5,832.0,131.5,129.5,127.77,125.42,115.89733333333336,122.17399999999998,False,False,False,False,False,False,True,True,False,True,False,-0.0098859315589354,0.0288973384030419,,,0.0462357414448669,0.1186514575411911,0.1787072243346007,-0.11787072243346,0.0031982329187903,-0.0599514753071925,112.7,109.2,0.887940234791889,0.004464997608037,-0.00037242030002,0.0001974827312434
2010-11-11,131.5304233824323,131.86049973008406,129.52996066939153,129.7,653.0,129.7,130.08,127.91,125.86,116.236,121.91749999999996,False,False,False,False,False,False,True,True,False,True,False,0.0123361603700849,0.0023130300693909,,,0.0296067848882034,0.1038087895142635,0.1511179645335391,-0.0917501927525057,0.0029136125354162,-0.0633257759362051,115.2,109.2,0.7848557692307693,0.0034959478785952,-0.0009690497294417,-0.000284620383374
2010-11-12,130.70046630916298,130.70046630916298,128.52996036372113,128.7,233.0,128.7,130.08,128.11,126.25999999999998,116.54266666666668,121.64449999999997,False,False,False,False,False,False,True,True,False,True,False,0.0295260295260296,0.031857031857032,,,0.018958818958819,0.0944625744625743,0.2175602175602175,-0.0885780885780885,0.0026313681970552,-0.0714229958629304,118.3,107.5,0.3568147013782542,0.0031680658957704,-0.0003278819828247,-0.000282244338361
2010-11-15,128.7,129.8602704593145,128.52996036372113,128.7,241.0,128.7,130.08,128.51000000000002,126.176,116.86533333333335,121.32149999999996,False,False,False,False,False,False,False,True,False,True,False,0.0606060606060607,0.0178710178710179,,,0.0196114996114995,0.0919554519554517,0.1787101787101787,-0.0947940947940947,0.0027610126755582,-0.08038284958369,119.2,105.3,1.034334763948498,-0.0006657367486683,-0.0038338026444387,0.000129644478503
2010-11-16,128.69988387396452,130.03019276921884,128.52984439111248,129.2,334.0,129.2,129.56,128.8,126.19199999999996,117.17733333333337,121.04399999999998,False,False,False,False,False,False,True,True,False,False,False,0.0874613003095976,0.0270897832817337,,,0.0232817337461302,0.0930546955624351,0.1865325077399382,-0.1006191950464395,0.0026626309980315,-0.0867236024844721,117.3,106.2,1.3858921161825726,0.0001267909217697,0.000792527670438,-9.838167752670946e-05
2010-11-17,128.19953906430052,130.5300760543904,128.19953906430052,130.2,283.0,130.2,129.3,129.40000000000003,126.26799999999996,117.5093333333334,120.82399999999996,False,False,False,False,False,False,True,True,False,False,False,0.0391705069124425,0.012288786482335,,,0.0301996927803381,0.0974705581157188,0.2158218125960063,-0.1574500768049154,0.0028253074933058,-0.0973724884080373,116.7,108.2,0.8473053892215568,0.0006018943833749,0.0004751034616052,0.0001626764952742
2010-11-18,130.4701895987208,131.46996116652707,129.14049341353842,131.3,362.0,131.3,129.61999999999998,129.85000000000002,126.55999999999996,117.85066666666668,120.61049999999996,False,False,False,False,False,False,True,True,True,False,False,-0.0099009900990099,0.0297029702970295,,,0.0361005331302364,0.1024320893627823,0.2056359482102056,-0.1759329779131759,0.0028963207675245,-0.1082017712745477,116.7,106.8,1.2791519434628975,0.002307206068268,0.001705311684893,7.101327421876009e-05
2010-11-19,133.0,134.67000000000002,129.33,132.5,1096.0,132.5,130.38,130.23000000000002,126.89999999999998,118.24666666666668,120.33399999999996,False,False,False,False,False,False,True,True,False,False,False,0.0022641509433963,0.0226415094339622,,,0.0422641509433963,0.107572327044025,0.1788679245283018,-0.3094339622641509,0.0033489316118847,-0.1326883206634417,117.8,107.7,3.027624309392265,0.0026792750197006,0.0003720689514326,0.0004526108443602
2010-11-22,133.33,136.5,133.33,136.5,371.0,136.5,131.94,131.01000000000002,127.56799999999996,118.69733333333336,120.09649999999996,False,False,False,False,False,False,True,True,False,False,False,-0.0402930402930402,-0.0183150183150183,,,0.0654358974358977,0.1304224664224662,0.1084249084249085,-0.452014652014652,0.0037967716208171,-0.1715899549652698,118.7,107.5,0.3385036496350365,0.0052364229273797,0.002557147907679,0.0004478400089324
2010-11-24,133.33,141.5,133.33,140.5,877.0,140.5,134.2,131.88,128.34799999999998,119.02,119.86149999999996,False,False,False,False,False,False,True,True,False,False,False,-0.0555160142348755,-0.0334519572953735,,,0.086491103202847,0.1528825622775801,0.0797153024911031,-0.395017793594306,0.0027110289587181,-0.2015468607825295,120.8,106.8,2.3638814016172507,0.0060772275376322,0.0008408046102525,-0.001085742662099
2010-11-25,140.46885391265795,140.79878075814676,135.3,135.3,757.0,135.3,135.21999999999997,132.26,128.832,119.3373333333333,119.82949999999995,False,False,False,False,False,False,True,True,False,True,False,-0.0258684405025868,0.023651145602365,,,0.0478048780487806,0.1179797979797982,0.1286031042128601,-0.3532889874353289,0.0026591287442876,-0.2253893845455919,119.5,108.0,0.863169897377423,0.0037568306010929,-0.0023203969365393,-5.1900214430456153e-05
2010-11-26,136.67000000000002,137.0,129.33,130.0,671.0,130.0,134.95999999999998,132.29,129.164,119.58799999999997,119.82949999999995,False,False,False,False,False,False,True,True,False,True,False,0.0399999999999999,0.0715384615384616,,,0.0064307692307693,0.0800923076923079,0.1976923076923076,-0.2946153846153846,0.0020960854489301,-0.2452944289061908,118.2,106.7,0.8863936591809776,0.0025703756464649,-0.001186454954628,-0.0005630432953575
2010-11-29,130.3005646314839,133.29988707370325,129.6407136941956,132.8,450.0,132.8,135.01999999999998,132.7,129.604,119.83866666666664,119.83749999999996,False,False,False,False,False,False,True,True,False,False,True,0.0203313253012047,0.0828313253012048,,,0.0240662650602409,0.0976004016064259,0.2236445783132529,-0.2944277108433735,0.0020917010647649,-0.2654107008289373,120.0,108.3,0.6706408345752608,0.0033949569457734,0.0008245812993085,-4.384384165246995e-06
2010-11-30,133.83,134.17000000000002,130.0,131.0,284.0,131.0,133.92000000000002,132.93,129.89200000000002,120.05466666666662,119.85249999999998,False,False,False,False,False,False,True,True,False,True,False,0.0229007633587786,0.1450381679389313,,,0.0084580152671753,0.0835521628498731,0.250381679389313,-0.2595419847328244,0.0017991803733852,-0.2813510870382907,118.0,105.3,0.6311111111111111,0.0022172266190374,-0.001177730326736,-0.0002925206913796
2010-12-01,131.35969699253786,133.03007462124066,131.35969699253786,132.7,131.0,132.7,132.36,133.28,130.18,120.29333333333332,119.88849999999996,False,False,False,False,False,False,True,True,False,True,False,0.0233609645817635,0.1620195930670686,,,0.0189902034664655,0.0934940969605626,0.250941974378297,-0.2705350414468726,0.0019840390157396,-0.2977941176470588,116.7,105.3,0.4612676056338028,0.0022123214011367,-4.905217900684836e-06,0.0001848586423543
2010-12-02,133.29965865129336,134.13946749601763,131.8,131.8,86.0,131.8,131.66,133.44,130.34400000000002,120.59466666666664,119.93649999999998,False,False,False,False,False,False,True,True,False,True,False,0.0508345978755689,0.1760242792109255,,,0.0110470409711683,0.0850177035913002,0.2898330804248861,-0.2845220030349014,0.0024987285230965,-0.3101768585131894,117.5,108.2,0.6564885496183206,0.00125820904683,-0.0009541123543067,0.0005146895073569
2010-12-03,134.19977805726123,135.3600355108382,133.85970259673002,135.2,321.0,135.2,132.7,133.82999999999998,130.62,120.94133333333332,120.01249999999996,False,False,False,False,False,False,True,True,False,False,False,0.0303254437869824,0.1042899408284025,,,0.0338757396449703,0.1054635108481262,0.2300295857988167,-0.3106508875739644,0.0028664035455207,-0.3233953523126354,118.7,108.3,3.732558139534884,0.0021129995406521,0.000854790493822,0.0003676750224242
2010-12-06,136.67000000000002,137.0,135.0,135.5,223.0,135.5,133.24,134.13,130.972,121.31466666666664,120.08399999999996,False,False,False,False,False,False,True,True,False,False,False,0.0612546125461255,0.1564575645756456,,,0.0334169741697416,0.104688806888069,0.1808118081180811,-0.2915129151291513,0.0030773965225418,-0.3215537165436516,118.7,109.3,0.6947040498442367,0.0026875973490517,0.0005745978083995,0.000210992977021
2010-12-07,136.33,136.33,132.33,134.0,198.0,134.0,133.84,133.88,131.34400000000002,121.69733333333332,120.10249999999998,False,False,False,False,False,False,True,True,False,False,False,0.1194029850746268,0.1320895522388059,,,0.0198208955223878,0.0918109452736319,0.2067164179104476,-0.2820895522388059,0.0031444129151009,-0.304302360322677,130.8,109.5,0.8878923766816144,0.0028322572785967,0.000144659929545,6.701639255913237e-05
2010-12-08,133.97040418169772,135.8,133.30055216078924,135.8,140.0,135.8,134.45999999999998,133.41,131.72400000000002,122.09199999999996,120.15749999999998,False,False,False,False,False,False,True,True,False,False,False,0.1354933726067745,0.1288659793814432,,,0.0300147275405006,0.1009425625920475,0.198821796759941,-0.2930780559646539,0.0032325350282298,-0.2936061764485421,128.8,110.8,0.7070707070707071,0.0028848197746803,5.256249608358863e-05,8.812211312888164e-05
2010-12-09,136.67000000000002,138.5,135.83,138.5,347.0,138.5,135.8,133.73,132.29600000000002,122.49599999999998,120.21999999999998,False,False,False,False,False,False,True,True,False,False,True,0.1191335740072202,0.1429602888086643,,,0.0447942238267146,0.1155523465703972,0.2216606498194945,-0.3126353790613718,0.0032980668756532,-0.2895386225977714,128.3,112.7,2.4785714285714286,0.0043236379028844,0.0014388181282041,6.553184742344583e-05
2010-12-10,140.7996770257662,140.9696404220197,137.97028637048734,139.3,522.0,139.3,136.61999999999998,134.66,132.79600000000002,122.92933333333328,120.27899999999998,False,False,False,False,False,False,True,True,False,True,False,0.0717875089734386,0.1363962670495333,,,0.0466905958363244,0.117520938023451,0.2361809045226129,-0.3180186647523331,0.0035250604683446,-0.2919946532006534,124.0,115.2,1.5043227665706052,0.0037651736498087,-0.0005584642530757,0.0002269935926913
2010-12-13,140.47069456997846,143.9699645414726,138.9710074393381,143.8,1406.0,143.8,138.28000000000003,135.76,133.4,123.41066666666664,120.34199999999996,False,False,False,False,False,False,True,True,False,False,False,0.0897079276773294,0.0862308762169678,,,0.0723226703755215,0.141789522484933,0.1627260083449233,-0.3428372739916551,0.0039002571360663,-0.2971420153211549,124.0,118.3,2.6934865900383143,0.0045277361319339,0.0007625624821251,0.0003751966677216
2010-12-14,143.33,155.0,143.33,150.0,1883.0,150.0,141.48000000000002,137.66,134.25200000000004,123.9773333333333,120.43849999999996,False,False,False,False,False,False,True,True,False,False,False,0.0113333333333332,0.0086666666666667,,,0.1049866666666664,0.1734844444444446,0.1133333333333333,-0.3866666666666666,0.0045707279825344,-0.3104750835391544,119.79999999999998,119.2,1.3392603129445235,0.0063462741709623,0.0018185380390283,0.0006704708464681
2010-12-15,150.02918855808522,155.0301615100214,149.02899396769797,154.2,855.0,154.2,145.16,139.81,135.14800000000002,124.60933333333332,120.572,False,False,False,False,False,False,True,True,False,False,False,-0.0058365758754862,-0.0162127107652399,,,0.1235538261997403,0.1918979680069174,0.1297016861219196,-0.3891050583657587,0.0050718512256975,-0.3229382733710035,121.0,117.3,0.4540626659585767,0.0066297688460057,0.0002834946750434,0.0005011232431631
2010-12-16,154.17000000000002,156.17000000000002,153.67000000000002,155.0,596.0,155.0,148.45999999999998,142.13,136.08800000000002,125.23599999999996,120.6555,False,False,False,False,False,False,True,True,False,False,False,0.0212903225806452,-0.0148387096774194,,,0.1220129032258063,0.1920258064516131,0.1580645161290322,-0.3851612903225807,0.0050038859965715,-0.3332864279181031,123.2,116.7,0.6970760233918128,0.0069072952795249,0.0002775264335192,-6.796522912596616e-05
2010-12-17,155.1388267595259,155.1388267595259,147.64033348958682,149.3,655.0,149.3,150.45999999999998,143.54,136.872,125.80399999999996,120.73199999999996,False,False,False,False,False,False,True,True,False,True,False,0.0602813127930341,0.0428667113194908,,,0.0832417950435364,0.1573744139316815,0.1908908238446081,-0.3549899531145346,0.0045149597787033,-0.3376759091542427,121.7,116.7,1.098993288590604,0.005727979426033,-0.0011793158534919,-0.0004889262178682
2010-12-20,149.3585944979894,158.36031786557731,149.3585944979894,156.7,882.0,156.7,153.04000000000002,145.66000000000005,137.99200000000002,126.44933333333331,120.8755,False,False,False,False,False,False,True,True,False,False,False,-0.0031908104658583,0.0370134014039566,,,0.119387364390555,0.1930482875983833,0.1218889597957882,-0.3886407147415443,0.0051034933622954,-0.3474529726760954,121.79999999999998,117.8,1.3465648854961831,0.0081164125456548,0.0023884331196218,0.0005885335835921
2010-12-21,154.20049449462647,154.20049449462647,149.85963605195488,151.7,800.0,151.7,153.38000000000002,147.43,138.912,127.06799999999998,121.013,False,False,False,False,False,False,True,True,False,True,False,-0.0026367831245878,0.0797626895187872,,,0.0842979564930783,0.1623731048121292,0.0665787738958472,-0.3849703361898484,0.004868784168057,-0.357254290171607,123.8,118.7,0.90702947845805,0.006622897949781,-0.0014935145958737,-0.0002347091942384
2010-12-22,152.30019565642732,154.6397378203874,151.30039131285463,153.3,579.0,153.3,153.2,149.18,139.876,127.70799999999998,121.171,False,False,False,False,False,False,True,True,False,False,False,-0.010437051532942,0.0828440965427266,,,0.0875668623613829,0.1669406392694065,-0.0215264187866928,-0.3881278538812786,0.0050114323300028,-0.3662689368548064,125.5,120.8,0.72375,0.0068918184677857,0.0002689205180046,0.0001426481619458
2010-12-24,154.14078822712057,158.3,151.97119939367144,158.3,1331.0,158.3,153.86,151.16,141.0,128.37599999999998,121.3485,False,False,False,False,False,False,True,True,False,False,False,-0.0353758686039167,0.0739102969046114,,,0.1092861655085281,0.189033480732786,-0.0732785849652559,-0.3891345546430828,0.005203464822085,-0.3735776660492195,127.7,119.5,2.2987910189982728,0.0079716312056737,0.0010798127378879,0.0001920324920822
2010-12-27,156.64031453293754,158.3,154.4707256994884,158.3,799.0,158.3,155.66,153.06,142.08,129.04266666666666,121.52849999999998,False,False,False,False,False,False,True,True,False,True,False,-0.0164245104232471,0.0505369551484523,,,0.102463676563487,0.1848220678037482,-0.0808591282375237,-0.3512318382817435,0.0051662499225063,-0.3763230105840847,128.3,118.2,0.6003005259203607,0.0076013513513514,-0.0003702798543222,-3.721489957866659e-05
2010-12-28,158.86051098162258,158.86051098162258,155.35983863738232,156.2,402.0,156.2,155.56,154.3,143.028,129.668,121.6845,False,False,False,False,False,False,True,True,False,True,False,0.0403329065300897,0.0243277848911652,,,0.0843277848911651,0.1698591549295773,-0.08258642765685,-0.3777208706786171,0.0048225725185345,-0.3795852235904083,126.7,120.0,0.5031289111389237,0.0066280728249012,-0.0009732785264501,-0.0003436774039717
2010-12-29,153.63953611313025,154.7993061521179,149.9702636621952,151.3,539.0,151.3,155.48000000000002,154.43,143.62,130.22533333333334,121.8145,False,False,False,False,False,False,True,True,False,True,False,0.0826173165895571,0.0687376074025114,,,0.0507600793126239,0.139290592641551,-0.0568407138136154,-0.342366159947125,0.0042797612343732,-0.3752509227481706,124.7,118.0,1.3407960199004976,0.0041219885809776,-0.0025060842439236,-0.0005428112841613
2010-12-30,150.19970330322408,154.20049449462647,150.02966967758948,151.7,386.0,151.7,155.16,154.18,144.06799999999998,130.77066666666667,121.95199999999998,False,False,False,False,False,False,True,True,False,True,False,0.0942649967040211,0.0731707317073172,,,0.0503098220171391,0.1379652823555261,-0.0606460118655239,-0.3638760711931443,0.0041701502885458,-0.3727461408743028,126.3,116.7,0.7161410018552876,0.0031096426687396,-0.001012345912238,-0.0001096109458273
2011-01-04,150.19950874435054,153.5301630968756,150.19950874435054,152.7,254.0,152.7,154.04000000000002,153.95,144.764,131.304,122.0895,False,False,False,False,False,False,True,True,False,False,False,0.1132940406024886,0.1080550098231827,,,0.0519711853307136,0.1401178781925343,-0.0582842174197772,-0.3713163064833005,0.0040618209143158,-0.3713543358233192,124.2,117.5,0.6580310880829016,0.0048078251498993,0.0016981824811597,-0.0001083293742299
2011-01-05,153.85964540373868,156.2000963576797,152.52938909231065,155.7,257.0,155.7,153.51999999999998,154.59,145.792,131.84400000000002,122.26449999999998,False,False,False,False,False,False,True,True,False,False,True,0.0680796403339757,0.1059730250481695,,,0.063635195889531,0.1532177263969169,-0.0995504174694926,-0.3757225433526011,0.0040957495221627,-0.3733747331651465,126.8,118.7,1.0118110236220472,0.0070511413520631,0.0022433162021638,3.392860784683614e-05
2011-01-06,155.33,162.67000000000002,155.33,162.5,596.0,162.5,154.78,155.17000000000002,146.98,132.43333333333334,122.481,False,False,False,False,False,False,True,True,False,False,False,-0.0153846153846153,0.0289230769230768,,,0.0955076923076923,0.185025641025641,-0.1033846153846154,-0.408,0.004450037754845,-0.3754591738093704,128.7,118.7,2.3190661478599224,0.0080827323445365,0.0010315909924734,0.0003542882326823
2011-01-07,163.9699688701703,166.29954220838675,161.14048709027654,163.8,960.0,163.8,157.27999999999997,156.38000000000002,148.292,133.028,122.709,False,False,False,False,False,False,True,True,False,False,False,-0.0128205128205129,0.0195360195360194,,,0.0946764346764347,0.1878632478632479,-0.2472527472527473,-0.3956043956043956,0.0044702368423689,-0.3766466300038368,128.7,130.8,1.610738255033557,0.0088474091657001,0.0007646768211635,2.0199087523870354e-05
2011-01-11,164.17000000000002,166.0,157.83,166.0,498.0,166.0,160.14,157.65,149.624,133.67733333333334,122.9505,False,False,False,False,False,False,True,True,False,False,False,-0.0192771084337348,0.0493975903614457,,,0.0986506024096385,0.194714859437751,-0.266867469879518,-0.4036144578313253,0.0048574677332483,-0.3783698065334602,131.8,128.8,0.51875,0.008902315136609,5.490597090887332e-05,0.0003872308908793
2011-01-12,166.17000000000002,174.83,166.17000000000002,170.0,1115.0,170.0,163.6,158.82,151.152,134.38799999999998,123.2245,False,False,False,False,False,False,True,True,False,False,False,-0.0047058823529412,0.0558823529411764,,,0.1108705882352941,0.2094823529411766,-0.2894117647058823,-0.3970588235294117,0.0052881705707848,-0.3792973177181715,131.5,128.3,2.238955823293173,0.0101090293214776,0.0012067141848686,0.0004307028375365
2011-01-13,168.2996392713281,168.63957794745386,165.14020922262972,166.3,642.0,166.3,165.71999999999997,159.61999999999998,152.39600000000002,135.04933333333332,123.46750000000002,False,False,False,False,False,False,True,True,False,True,False,0.0354780517137701,0.0691521346963319,,,0.0836079374624172,0.1879174183203047,-0.2736019242333133,-0.3908598917618762,0.0048969759199108,-0.3832853025936598,129.7,124.0,0.5757847533632287,0.0081629439092891,-0.0019460854121885,-0.000391194650874
2011-01-14,163.83,166.0,159.17000000000002,160.0,1349.0,160.0,165.22,160.0,153.376,135.612,123.66250000000002,False,False,False,False,False,False,True,True,False,True,False,0.0449999999999999,0.09875,,,0.0413999999999999,0.152425,-0.21375,-0.375,0.0041490920174222,-0.383,128.7,124.0,2.101246105919003,0.0063895263926558,-0.0017734175166332,-0.0007478839024885
2011-01-17,160.85984412692522,163.36030803488586,160.85984412692522,161.7,538.0,161.7,164.8,161.04,154.484,136.18533333333335,123.87100000000002,False,False,False,False,False,False,True,True,False,False,False,0.0327767470624614,0.0006184291898579,,,0.0446258503401359,0.1577901463615748,-0.2312925170068026,-0.3766233766233766,0.0042099491868925,-0.386177347242921,128.7,119.79999999999998,0.3988139362490734,0.0071722637943088,0.0007827374016529,6.0857169470213135e-05
2011-01-18,162.14012159921393,167.46913959344104,161.6402137198305,162.8,575.0,162.8,164.16,162.15,155.564,136.74533333333335,124.0835,False,False,False,False,False,False,True,True,False,True,False,0.0700245700245698,-0.0786240786240786,,,0.0444471744471745,0.16004095004095,-0.2524570024570025,-0.3753071253071253,0.0040952037363859,-0.3871723712611779,129.2,121.0,1.0687732342007434,0.0069424802653569,-0.0002297835289519,-0.0001147454505066
2011-01-19,163.52899450257135,170.03014718921793,163.52899450257135,169.2,723.0,169.2,164.0,163.8,156.792,137.40800000000002,124.342,False,False,False,False,False,False,True,True,False,False,False,0.0608747044917258,-0.1329787234042553,,,0.0733333333333332,0.1878959810874703,-0.3026004728132387,-0.4013002364066194,0.0048226207110697,-0.3901098901098901,130.2,123.2,1.257391304347826,0.0078320322465432,0.0008895519811863,0.0007274169746838
2011-01-20,169.02944763896147,172.7000871231922,167.0290991461927,172.2,982.0,172.2,165.18,165.45,158.108,138.12800000000004,124.618,False,False,False,False,False,False,True,True,False,False,False,0.0325203252032521,-0.1550522648083623,,,0.0818350754936119,0.1978629500580717,-0.3135888501742159,-0.440766550522648,0.0052125564693619,-0.3967361740707161,131.3,121.7,1.3582295988934994,0.0083234244946492,0.0004913922481059,0.0003899357582922
2011-01-21,172.86101573248789,174.86137464856134,164.3594903391757,167.2,1115.0,167.2,166.61999999999998,165.92000000000002,159.04399999999998,138.75733333333338,124.859,False,False,False,False,False,False,True,True,False,True,False,0.0514354066985647,-0.1429425837320573,,,0.0487799043062201,0.1701116427432213,-0.2822966507177033,-0.4318181818181817,0.0045354960218318,-0.3991682738669239,132.5,121.79999999999998,1.1354378818737272,0.0058851638540276,-0.0024382606406215,-0.00067706044753
2011-01-24,166.83,170.67000000000002,164.33,167.0,557.0,167.0,167.68,166.24,159.724,139.41066666666669,125.10000000000002,False,False,False,False,False,False,True,True,False,True,False,-0.0311377245508981,-0.1455089820359282,,,0.0435688622754491,0.1652055888223551,-0.2874251497005988,-0.4323353293413174,0.0046863941544404,-0.4028512993262753,136.5,123.8,0.4995515695067264,0.004257343918259,-0.0016278199357686,0.0001508981326085
2011-01-25,172.02962622724922,174.2,167.85890796348394,174.2,507.0,174.2,169.95999999999998,167.06,160.52399999999997,140.17733333333337,125.38250000000002,False,False,False,False,False,False,True,True,False,False,False,-0.1389207807118254,-0.1819747416762341,,,0.0785074626865672,0.1953080750095673,-0.3266360505166475,-0.4500574052812858,0.0054692627433822,-0.4076978331138513,140.5,125.5,0.910233393177738,0.0049836784530661,0.000726334534807,0.0007828685889418
2011-01-26,174.83,181.67,174.83,179.5,1068.0,179.5,172.01999999999998,168.01000000000002,161.504,141.00400000000002,125.69350000000004,False,False,False,False,False,False,True,True,False,False,False,-0.1827298050139276,-0.1988857938718662,,,0.1002562674094708,0.2144623955431754,-0.3537604456824512,-0.4707520891364902,0.0058627178425197,-0.4155109814891971,135.3,127.7,2.106508875739645,0.0060679611650486,0.0010842827119825,0.0003934550991374
2011-01-27,181.2994095484452,181.2994095484452,176.80016870044426,177.8,747.0,177.8,173.14,169.16000000000005,162.64399999999998,141.792,126.01000000000002,False,False,False,False,False,False,True,True,False,False,False,-0.1816647919010124,-0.2114735658042746,,,0.085241844769404,0.2025196850393701,-0.3374578177727784,-0.4235095613048369,0.0055574362446399,-0.4187751241428236,130.0,128.3,0.699438202247191,0.0070091734094094,0.0009412122443607,-0.0003052815978798
2011-01-28,176.13994198942163,179.79931752260708,174.97014161405906,175.8,358.0,175.8,174.86,170.73999999999998,163.408,142.55333333333334,126.3055,False,False,False,False,False,False,True,True,False,True,False,-0.1848691695108077,-0.171217292377702,,,0.0704891922639364,0.1891164201744406,-0.332764505119454,-0.4368600682593857,0.0053406912032923,-0.4247393698020381,132.8,126.7,0.4792503346720214,0.0046754136884363,-0.002333759720973,-0.0002167450413475
2011-01-31,168.29879503182354,170.7983315825249,160.97015386516716,161.8,2357.0,161.8,173.82,170.74999999999997,163.812,142.96666666666667,126.5335,False,False,False,False,False,False,True,True,False,True,False,-0.1180469715698394,-0.2379480840543882,,,-0.0124351050679851,0.1163988463123197,-0.2799752781211372,-0.3776266996291718,0.0028911168104452,-0.424831625183016,131.0,124.7,6.583798882681564,0.0024662417893684,-0.0022091718990679,-0.0024495743928471
2011-02-01,161.17000000000002,162.67000000000002,148.67000000000002,150.0,4033.0,150.0,168.98000000000002,169.46999999999997,163.68,143.24933333333334,126.70000000000002,False,False,False,False,False,False,False,True,False,True,False,-0.05,-0.1886666666666666,,,-0.0912,0.0450044444444444,-0.2253333333333333,-0.3446666666666667,0.0019732494392062,-0.4224936566944001,132.7,126.3,1.711073398387781,-0.0008064516129032,-0.0032726934022717,-0.000917867371239
2011-02-02,146.7,150.0306811208836,144.5295561464512,146.7,3000.0,146.7,162.42000000000002,167.21999999999997,163.21599999999998,143.49466666666666,126.821,False,False,False,False,False,False,False,True,False,True,False,-0.0197682344921607,-0.176550783912747,,,-0.1125835037491478,0.0218495796409906,-0.2522154055896386,-0.3374233128834355,0.0017097034965293,-0.4171749790694892,131.8,124.2,0.7438631291842301,-0.0028428585432802,-0.0020364069303769,-0.0002635459426768
2011-02-03,146.5,146.5,144.17000000000002,145.5,748.0,145.5,155.95999999999998,164.55,162.70399999999998,143.78133333333335,126.93100000000004,False,False,False,False,False,False,False,True,False,True,False,-0.036426116838488,-0.1697594501718213,,,-0.1182405498281785,0.011812142038946,-0.2563573883161512,-0.3278350515463917,0.0019937683148486,-0.4068064418109997,135.2,126.8,0.2493333333333333,-0.0031468187629068,-0.0003039602196266,0.0002840648183192
2011-02-04,143.3,143.3,142.14024279634413,143.3,924.0,143.3,149.45999999999998,162.16,162.188,144.0386666666667,127.014,False,False,False,False,False,False,False,True,False,True,False,0.0167480809490577,-0.1221214235868807,,,-0.1318073970690856,-0.0051546871365435,-0.3614794138171668,-0.3265875785066295,0.0017865573133141,-0.3971386285150468,135.5,128.7,1.2352941176470589,-0.0031814930821021,-3.467431919532008e-05,-0.0002072110015345
2011-02-07,143.36013878180415,143.70021027546085,142.52996425317164,142.7,1043.0,142.7,145.64,159.73,161.844,144.34400000000002,127.104,False,False,False,False,False,False,False,True,False,False,False,-0.1359495444989488,-0.1289418360196215,,,-0.1341555711282411,-0.0115206727400142,-0.4758234057463209,-0.3153468815697266,0.0021153171128229,-0.3861516308771051,134.0,128.7,1.128787878787879,-0.0021255035713402,0.0010559895107619,0.0003287597995088
2011-02-08,142.67000000000002,143.17000000000002,141.33,142.5,1304.0,142.5,144.14,156.56,161.476,144.63066666666668,127.183,False,False,False,False,False,False,False,True,False,True,False,-0.1459649122807017,-0.1459649122807017,,,-0.1331649122807017,-0.0149520467836258,-0.4035087719298245,-0.3136842105263158,0.00198206005181,-0.3724450689831374,135.8,131.8,1.250239693192713,-0.0022789764423195,-0.0001534728709793,-0.0001332570610129
2011-02-09,143.6400333727317,149.79874852256137,142.64024195230482,143.8,2613.0,143.8,143.56,152.99,161.12,144.90533333333332,127.22050000000002,False,False,False,False,False,False,False,True,False,False,False,-0.1599443671766343,-0.1794158553546593,,,-0.1204450625869262,-0.0076866017617058,-0.3915159944367177,-0.327538247566064,0.0018954903891273,-0.3566899797372377,138.5,131.5,2.003834355828221,-0.00220953326713,6.9443175189515e-05,-8.656966268271219e-05
2011-02-10,138.85971320539343,141.20021402582577,135.69903688378398,140.2,1488.0,140.2,142.5,149.23,160.50000000000003,145.15200000000002,127.24500000000002,False,False,False,False,False,False,False,True,False,True,False,-0.1383737517831668,-0.1569186875891582,,,-0.1447931526390873,-0.0353209700427962,-0.3459343794579171,-0.3223965763195434,0.0016993680188126,-0.3455069356027608,139.3,129.7,0.5694603903559128,-0.0038629283489095,-0.0016533950817794,-0.0001961223703147
2011-02-14,140.1988673028077,145.7,140.1988673028077,145.7,1532.0,145.7,142.98000000000002,146.22,159.828,145.47066666666672,127.292,False,False,False,False,False,False,False,True,False,True,False,-0.1365820178448867,-0.1763898421413863,,,-0.0969663692518875,0.0015740105239071,-0.3568977350720658,-0.3740562800274536,0.0021905905428817,-0.3373683490630557,143.8,128.7,1.0295698924731185,-0.0042045198588484,-0.0003415915099389,0.000491222524069
2011-02-15,123.1400389199708,123.46995864753102,120.64064704451472,123.3,13204.0,123.3,139.1,142.37,158.208,145.46400000000003,127.24750000000002,False,False,False,False,False,False,False,False,False,True,False,0.008110300081103,-0.0348742903487428,,,-0.2831143552311436,-0.1797566909975671,-0.2133008921330089,-0.2684509326845093,-4.583035436045361e-05,-0.3268244714476364,150.0,128.7,8.618798955613578,-0.0102396844660194,-0.006035164607171,-0.0022364208972421
2011-02-16,123.3604093038547,123.70049313717432,119.69950686282569,121.7,5888.0,121.7,134.94,139.54000000000002,156.436,145.41333333333333,127.1875,False,False,False,False,False,False,False,False,False,True,False,0.0,-0.0361544782251438,,,-0.2854231717337716,-0.19485072582854,-0.2046014790468365,-0.2645850451930978,-0.0003484320557493,-0.3194782857961876,154.2,129.2,0.445925477128143,-0.0113273159630774,-0.001087631497058,-0.0003026017013889
2011-02-17,120.8,121.63979144252257,119.30037242406686,120.8,2511.0,120.8,130.33999999999995,136.95,154.468,145.32133333333334,127.11650000000002,False,False,False,False,False,False,False,False,False,True,False,-0.0231788079470198,-0.0397350993377483,,,-0.2787086092715231,-0.202991169977925,-0.2193708609271523,-0.2781456953642384,-0.0006330797955793,-0.3139101861993428,155.0,130.2,0.426460597826087,-0.0127405028873295,-0.001413186924252,-0.0002846477398299
2011-02-18,121.13991558387816,121.46983365058344,120.3001241413556,120.8,1849.0,120.8,126.46,134.48,152.648,145.22133333333332,127.0395,False,False,False,False,False,False,False,False,False,False,False,-0.0215231788079469,-0.0248344370860927,,,-0.2636423841059602,-0.2021633554083884,-0.2284768211920529,-0.265728476821192,-0.0006886040618459,-0.3080755502676978,149.3,131.3,0.7363600159299084,-0.0119228551962684,0.000817647691061,-5.552426626663769e-05
2011-02-21,122.47079392831598,125.8,121.97091313677184,125.8,4093.0,125.8,122.48,132.73,151.28,145.2093333333333,126.96850000000002,False,False,False,False,False,False,False,False,False,False,False,-0.0461049284578696,-0.0675675675675675,,,-0.202543720190779,-0.1542872284048751,-0.2368839427662956,-0.2965023847376788,-8.263931611394731e-05,-0.304980034656822,156.7,132.5,2.2136289886425096,-0.0090428344791115,0.0028800207171569,0.000605964745732
2011-02-22,128.13907343360412,128.13907343360412,121.80060323333066,124.3,3714.0,124.3,122.68,130.89,149.78400000000002,145.20399999999995,126.9115,False,False,False,False,False,False,False,False,False,True,False,-0.0426387771520514,-0.0627514078841512,,,-0.2050201126307322,-0.1681737731295249,-0.2260659694288012,-0.2743362831858407,-3.672993397798858e-05,-0.300939720375888,151.7,136.5,0.907402882970926,-0.0099877156438603,-0.0009448811647488,4.590938213595873e-05
2011-02-23,121.86003945097394,123.86053258814827,121.19987671570642,121.7,2097.0,121.7,122.68,128.81,148.14,145.14266666666663,126.82350000000002,False,False,False,False,False,False,False,False,False,True,False,-0.0361544782251438,-0.0451930977814297,,,-0.2172555464256366,-0.1926266776225688,-0.2111750205423171,-0.2539030402629417,-0.000422572733035,-0.2950857852651192,153.3,140.5,0.5646203554119548,-0.0110976103685705,-0.0011098947247101,-0.000385842799057
2011-02-24,120.83,121.67,117.83,118.0,2140.0,118.0,122.11999999999998,126.22999999999998,146.092,145.05999999999997,126.7145,False,False,False,False,False,False,False,False,False,True,False,-0.0169491525423728,-0.0703389830508474,,,-0.2380677966101696,-0.2293220338983048,-0.1932203389830508,-0.2415254237288135,-0.0005698791304746,-0.2863820011090864,158.3,135.3,1.0205054840247971,-0.0140185636448263,-0.0029209532762558,-0.0001473063974396
2011-02-25,118.36004061944656,119.03021071337903,117.02970297029704,118.2,929.0,118.2,121.6,124.03,143.93200000000002,144.94533333333334,126.6595,False,False,True,False,False,False,False,False,False,True,False,-0.0033840947546531,-0.0846023688663282,,,-0.2176988155668359,-0.2262718556119571,-0.1962774957698815,-0.2529610829103215,-0.0007911028525694,-0.2791260178988954,158.3,130.0,0.4341121495327102,-0.015007086679821,-0.0009885230349946,-0.0002212237220948
2011-02-28,118.5,120.0,118.17,120.0,1330.0,120.0,120.44,121.46,142.04399999999998,144.82933333333335,126.60850000000002,False,False,False,False,False,False,False,False,False,False,False,-0.0225,-0.2375,,,-0.1836999999999998,-0.2069111111111112,-0.2125,-0.2791666666666667,-0.0008009427187861,-0.2677424666556892,156.2,132.8,1.4316469321851453,-0.0132916561065587,0.0017154305732622,-9.839866216654273e-06
2011-03-01,120.67,121.33,119.0,119.0,1107.0,119.0,119.38,121.03000000000002,140.12400000000002,144.7,126.5345,False,False,False,False,False,False,False,False,False,True,False,-0.0210084033613445,-0.3714285714285714,,,-0.177512605042017,-0.2159663865546217,-0.226890756302521,-0.2663865546218487,-0.0008938032711358,-0.2675369743038918,151.3,131.0,0.8323308270676691,-0.0137021495247063,-0.0004104934181476,-9.28605523497426e-05
2011-03-02,118.29974431091792,118.46970084377396,117.3,117.3,948.0,117.3,118.5,120.59,137.84800000000004,144.50666666666666,126.465,False,False,False,False,False,False,False,False,False,True,False,-0.0093776641091218,-0.2753623188405797,,,-0.1751747655583976,-0.2319408922989485,-0.19693094629156,-0.2625745950554135,-0.0013378852186749,-0.2673521850899744,151.7,132.7,0.8563685636856369,-0.0165109395856304,-0.002808790060924,-0.0004440819475391
2011-03-03,116.67,117.5,115.0,116.0,1147.0,116.0,118.1,120.11,135.30800000000002,144.29999999999998,126.396,False,False,False,False,False,False,False,False,False,True,False,-0.0543103448275861,-0.2456896551724137,,,-0.1664482758620691,-0.2439655172413791,-0.178448275862069,-0.2655172413793103,-0.0014322014322015,-0.2660894180334692,152.7,131.8,1.209915611814346,-0.0187719868743904,-0.00226104728876,-9.431621352651277e-05
2011-03-04,116.97021132139524,117.8,115.80050920818128,117.8,1252.0,117.8,118.02,119.81,132.90800000000002,144.1413333333333,126.32099999999998,False,False,False,False,False,False,False,False,False,False,False,-0.0814940577249575,-0.2215619694397283,,,-0.1282512733446521,-0.2236106395019805,-0.1825127334465195,-0.2809847198641765,-0.0011007714650436,-0.2675903513897004,155.7,135.2,1.0915431560592852,-0.0180576037559816,0.0007143831184088,0.0003314299671578
2011-03-07,117.3,117.969828688315,116.64016875479416,117.3,484.0,117.3,117.48,118.96,130.568,143.9893333333333,126.244,False,False,False,False,False,False,False,False,False,False,False,-0.2199488491048593,-0.2011935208866154,,,-0.1131116794543905,-0.2275305484512642,-0.1832907075873827,-0.2625745950554135,-0.0010556337506483,-0.2640383322125083,162.5,135.5,0.3865814696485623,-0.0179216959745113,0.0001359077814702,4.513771439533e-05
2011-03-08,118.33,122.17,116.0,116.5,2062.0,116.5,116.98000000000002,118.18,128.756,143.82666666666665,126.2025,False,False,False,False,False,False,False,False,False,False,False,-0.3579399141630902,-0.167381974248927,,,-0.1052017167381974,-0.234563662374821,-0.1991416309012876,-0.2600858369098712,-0.0011309910076942,-0.262565577931968,163.8,134.0,4.260330578512397,-0.0140731305725559,0.0038485654019554,-7.535725704594623e-05
2011-03-09,118.36055780321942,118.36055780321942,116.2,116.2,517.0,116.2,116.76000000000002,117.63,127.404,143.65333333333328,126.1975,False,False,False,False,False,False,False,False,False,False,False,-0.2685025817555938,-0.1669535283993115,,,-0.096419965576592,-0.2362593230063104,-0.1927710843373494,-0.2383820998278829,-0.0012066085019494,-0.2610728555640566,166.0,135.8,0.2507274490785645,-0.0106119117139179,0.0034612188586379,-7.561749425517633e-05
2011-03-10,116.36182182912374,117.0320051062278,108.69972645208352,109.7,2538.0,109.7,115.5,116.8,125.924,143.37999999999997,126.1395,False,False,False,False,False,False,False,False,False,True,False,-0.2023701002734731,-0.1403828623518687,,,-0.147894257064722,-0.3070191431175931,-0.1185050136736554,-0.1978122151321787,-0.0019063560701165,-0.2571061643835615,170.0,138.5,4.909090909090909,-0.0117531209300847,-0.0011412092161667,-0.0006997475681671
2011-03-11,105.3592123509291,110.53064620504762,105.19916797633356,108.2,2532.0,108.2,113.58,115.8,124.432,143.072,126.09300000000002,False,False,False,False,False,False,False,False,False,True,False,-0.1524953789279112,-0.1386321626617375,,,-0.1500184842883548,-0.3222920517560074,-0.0508317929759704,-0.1839186691312385,-0.0021527622455823,-0.2506908462867011,166.3,139.3,0.9976359338061466,-0.011990484762762,-0.0002373638326772,-0.0002464061754658
2011-03-14,91.5,91.5,91.5,91.5,235.0,91.5,108.42,112.95,122.36,142.52533333333332,125.9805,False,False,False,False,False,False,False,False,False,True,False,0.0240437158469945,0.0491803278688524,,,-0.3372677595628415,-0.5576539162112931,0.0622950819672131,-0.0524590163934425,-0.0038355754298652,-0.2316069057104914,160.0,143.8,0.0928120063191153,-0.0169336384439359,-0.0049431536811739,-0.0016828131842828
2011-03-15,74.8,74.8,74.8,74.8,1149.0,74.8,100.08,108.53000000000002,119.644,141.70266666666663,125.78100000000002,False,False,False,False,False,False,False,False,False,True,False,0.2967914438502674,0.286096256684492,,,-0.5995187165775402,-0.8944206773618534,0.3302139037433155,0.1631016042780749,-0.005805583522305,-0.2005896987008202,161.7,150.0,4.889361702127659,-0.0227006786800842,-0.0057670402361482,-0.0019700080924398
2011-03-16,73.67,86.5,73.67,85.0,4713.0,85.0,93.84,105.3,117.344,140.96266666666662,125.6895,False,False,False,False,False,False,False,False,False,False,False,0.1388235294117646,0.1294117647058823,,,-0.3805176470588234,-0.6583843137254897,0.1352941176470588,0.0329411764705882,-0.0052496169198464,-0.1748338081671416,162.8,154.2,4.101827676240209,-0.0196004908644669,0.0031001878156172,0.0005559666024586
2011-03-17,83.33,89.5,80.42,87.5,2175.0,87.5,89.4,102.45,115.09199999999996,140.3253333333333,125.6155,False,False,False,False,False,False,False,False,False,False,False,0.0777142857142856,0.088,,,-0.3153371428571423,-0.6037180952380949,0.0971428571428571,0.0114285714285714,-0.0045418266124433,-0.1486578818936066,169.2,155.0,0.4614894971355824,-0.0195669551315472,3.353573291969142e-05,0.0007077903074031
2011-03-18,85.85808879677103,95.03108977855352,85.85808879677103,91.7,2319.0,91.7,86.1,99.84,113.15199999999996,139.81466666666668,125.53500000000004,False,False,False,False,False,False,False,False,False,False,False,0.0163576881134133,0.0359869138495092,,,-0.2339367502726276,-0.5246964740094512,0.0599781897491821,-0.0425299890948746,-0.0036524542012756,-0.1232972756410256,172.2,149.3,1.0662068965517242,-0.0171450791855203,0.0024218759460269,0.0008893724111676
2011-03-22,95.86069179032776,97.53122664673856,93.02978541688908,93.7,2139.0,93.7,86.53999999999999,97.48,111.07199999999996,139.29333333333332,125.41500000000002,False,False,False,False,False,False,False,False,False,True,False,0.0245464247598719,0.0085378868729989,,,-0.1854002134471713,-0.486588402703664,0.0266808964781216,-0.0576307363927428,-0.0037427012539486,-0.1002256873204761,167.2,156.7,0.9223803363518758,-0.0187265917602996,-0.0015815125747792,-9.024705267302816e-05
2011-03-23,95.33,98.0,94.0,97.0,1007.0,97.0,90.98,95.53000000000002,110.02,138.84000000000003,125.26350000000002,False,False,False,False,False,False,False,False,False,False,False,-0.0082474226804123,-0.0515463917525773,,,-0.1342268041237113,-0.4313402061855673,0.0206185567010309,-0.1030927835051546,-0.0032651493325647,-0.0810216685857848,167.0,151.7,0.4707807386629266,-0.0095618978367566,0.0091646939235429,0.0004775519213839
2011-03-24,98.63942992874108,98.63942992874108,96.140204482082,96.8,723.0,96.8,93.34,93.59,109.024,138.3613333333333,125.13250000000002,False,False,False,False,False,False,False,False,False,False,False,-0.0082644628099173,-0.0268595041322313,,,-0.1262809917355372,-0.4293526170798896,0.0227272727272727,-0.1033057851239669,-0.0034595407194692,-0.0637888663318733,174.2,153.3,0.717974180734856,-0.0091356031699441,0.0004262946668124,-0.0001943913869045
2011-03-25,98.46867380472808,98.46867380472808,93.3003180324393,94.3,773.0,94.3,94.7,92.05,107.964,137.8613333333333,124.995,False,False,False,False,False,False,False,False,False,True,False,0.0095440084835631,0.0106044538706256,,,-0.1448992576882291,-0.4619441498762811,0.0869565217391304,-0.0858960763520678,-0.0036268327594877,-0.0500814774579033,179.5,158.3,1.0691562932226832,-0.0098180875106517,-0.0006824843407075,-0.0001672920400185
2011-03-28,95.0305892454653,95.0305892454653,91.02930127723516,93.2,938.0,93.2,95.0,90.55,106.86,137.30133333333333,124.8445,False,False,False,False,False,False,False,False,False,True,False,0.01931330472103,0.0332618025751072,,,-0.1465665236051501,-0.4731902718168812,0.0869098712446351,-0.0643776824034334,-0.0040786202610315,-0.0355604638321367,177.8,158.3,1.2134540750323417,-0.0103312745648512,-0.0005131870541994,-0.0004517875015437
2011-03-29,93.33,96.17,92.5,96.0,453.0,96.0,95.46,91.0,105.668,136.77466666666666,124.72100000000002,False,False,False,False,False,False,False,False,False,True,True,-0.015625,-0.0020833333333333,,,-0.1007083333333334,-0.424736111111111,0.0416666666666666,-0.1114583333333333,-0.0038506156110781,-0.0418681318681317,175.8,156.2,0.4829424307036247,-0.0112806147556497,-0.0009493401907985,0.0002280046499534
2011-03-30,96.53010294270562,97.36036185920766,95.1996880524072,96.2,387.0,96.2,95.3,93.14,104.544,136.27066666666667,124.623,False,False,False,False,False,False,False,False,False,False,False,-0.0436590436590436,-0.0301455301455302,,,-0.0867359667359666,-0.4165349965349965,0.0478170478170477,-0.106029106029106,-0.0036985215698168,-0.0649559802447927,161.8,151.3,0.8543046357615894,-0.0107514539332722,0.0005291608223774,0.0001520940412612
2011-03-31,96.83,96.83,94.33,96.0,523.0,96.0,95.14,94.24,103.516,135.74000000000004,124.51800000000004,False,False,False,False,False,False,False,False,False,False,False,-0.0187499999999999,-0.0229166666666666,,,-0.0782916666666667,-0.4139583333333337,0.059375,-0.1072916666666666,-0.0039094347035997,-0.0780984719864175,150.0,151.7,1.351421188630491,-0.0099308319486841,0.000820621984588,-0.0002109131337829
2011-04-01,96.03026163707052,96.36036566144794,94.85989282336872,95.2,376.0,95.2,95.32,95.01000000000002,102.60399999999998,135.1626666666667,124.41000000000004,False,False,False,False,False,False,False,False,False,False,False,0.0010504201680671,0.0157563025210084,,,-0.0777731092436972,-0.4197759103641459,0.0640756302521007,-0.1039915966386555,-0.0042713964408318,-0.088938006525629,146.7,152.7,0.7189292543021033,-0.0088885423570233,0.0010422895916608,-0.000361961737232
2011-04-04,95.67,96.67,95.0,95.0,353.0,95.0,95.68,95.34,101.676,134.57200000000003,124.309,False,False,False,False,False,False,False,False,False,True,False,0.0136842105263157,0.0810526315789474,,,-0.0702736842105263,-0.4165473684210529,0.0136842105263157,-0.1,-0.0043892241080363,-0.0945038808474932,145.5,155.7,0.9388297872340424,-0.0091270309610919,-0.0002384886040686,-0.0001178276672044
2011-04-05,95.17,95.83,91.67,94.5,385.0,94.5,95.38,95.42,100.656,133.91466666666673,124.19250000000002,False,False,False,False,False,False,False,False,False,True,False,0.0137566137566137,0.0285714285714286,,,-0.0651428571428572,-0.4170864197530871,0.0052910052910052,-0.1058201058201058,-0.0049085985104939,-0.099245441207294,143.3,162.5,1.0906515580736544,-0.0101335240820218,-0.0010064931209299,-0.0005193744024576
2011-04-06,92.0,92.83,91.17,92.0,476.0,92.0,94.54,94.92,99.576,133.1413333333334,124.061,False,False,False,False,False,False,False,False,False,True,False,0.0141304347826086,0.0815217391304347,,,-0.0823478260869564,-0.4471884057971021,0.0304347826086956,-0.0891304347826087,-0.0058083640442237,-0.0978718921196798,142.7,163.8,1.2363636363636363,-0.0108459869848157,-0.0007124629027938,-0.0008997655337297
2011-04-07,93.35973239885314,94.53010512902198,91.69920356801528,94.2,376.0,94.2,94.18,94.66,98.652,132.34133333333335,123.94850000000002,False,False,False,False,False,False,False,False,False,False,False,-0.0042462845010616,0.024416135881104,,,-0.0472611464968152,-0.4048973814578911,0.0169851380042462,-0.1157112526539278,-0.0060449746111069,-0.0990914853158674,142.5,166.0,0.7899159663865546,-0.0093662571463324,0.0014797298384832,-0.0002366105668831
2011-04-08,94.14036504772892,95.63989300325186,93.3006293926361,95.3,508.0,95.3,94.2,94.76,97.824,131.54533333333336,123.835,False,False,False,False,False,False,False,False,False,False,False,0.0146904512067156,0.0073452256033578,,,-0.0264847848898216,-0.3803287862889125,-0.0031479538300104,-0.1353620146904511,-0.0060511458660638,-0.1040523427606586,143.8,170.0,1.351063829787234,-0.0084641805691855,0.0009020765771469,-6.1712549569237565e-06
2011-04-11,95.14036125817502,96.6398941139832,94.97041420118344,96.3,279.0,96.3,94.46,95.07,96.964,130.83866666666668,123.7055,False,False,False,False,False,False,False,False,False,True,False,0.0664589823468328,0.0093457943925234,,,-0.0068951194184839,-0.3586569747317413,0.0643821391484943,-0.1401869158878504,-0.0054010537150078,-0.1116019774902704,140.2,166.3,0.5492125984251969,-0.0088692710696753,-0.0004050905004898,0.0006500921510559
2011-04-12,95.8,96.29984347281643,94.8003130543671,95.8,241.0,95.8,94.72,95.04999999999998,96.104,130.02666666666667,123.583,False,False,False,False,False,False,False,False,False,True,False,0.0146137787056368,0.0041753653444677,,,-0.0031732776617954,-0.3572720946416146,0.0334029227557411,-0.1356993736951983,-0.0062448728465956,-0.1140452393477116,145.7,160.0,0.8637992831541219,-0.0089486389744443,-7.93679047690083e-05,-0.0008438191315877
2011-04-13,94.1397299903568,94.1397299903568,91.30064288010286,93.3,1934.0,93.3,94.98,94.75999999999998,95.17600000000004,129.248,123.442,False,False,False,False,False,False,False,False,False,True,False,0.0664523043944266,0.0610932475884244,,,-0.0201071811361205,-0.38529474812433,0.0793140407288317,-0.1178992497320471,-0.0060245935462574,-0.1152384972562261,123.3,161.7,8.024896265560166,-0.0097503572329153,-0.000801718258471,0.0002202793003382
2011-04-14,93.47010550996482,94.1398912927635,92.47042523713095,93.8,753.0,93.8,94.9,94.53999999999998,94.28000000000004,128.45466666666664,123.3145,False,False,False,False,False,False,False,False,False,False,False,0.0287846481876332,0.0554371002132196,,,-0.005117270788913,-0.3694527363184077,0.0479744136460554,-0.1247334754797441,-0.0061759790743298,-0.1169875185106832,121.7,162.8,0.3893485005170631,-0.0095036062791684,0.0002467509537469,-0.0001513855280724
2011-04-15,93.52901624081927,98.36051515464985,93.52901624081927,96.7,427.0,96.7,95.18,94.68999999999998,93.76000000000002,127.63333333333334,123.2055,False,False,False,False,True,False,False,False,False,False,False,-0.0072388831437435,0.0599793174767321,,,0.0304033092037226,-0.3198896932092382,0.0051706308169596,-0.1685625646328852,-0.0064351005484458,-0.1235610940965254,120.8,169.2,0.5670650730411687,-0.0055460750853244,0.0039575311938439,-0.0002591214741159
2011-04-18,108.36165384240772,111.53258011103536,101.35960845427095,102.7,2880.0,102.7,96.46,95.46,93.53999999999998,126.892,123.13,False,False,False,False,False,False,False,False,False,False,False,-0.053554040895813,-0.0136319376825706,,,0.0891918208373907,-0.2355598831548198,-0.0477117818889971,-0.2697176241480039,-0.0058422385440638,-0.1416300020951183,120.8,172.2,6.744730679156909,-0.0023519350010695,0.0031941400842549,0.000592862004382
2011-04-19,101.36128434702069,101.53133683235566,97.2,97.2,701.0,97.2,96.74,95.73,93.76799999999996,126.10533333333332,123.0345,False,False,False,False,False,False,True,False,True,False,False,-0.0102880658436214,0.0288065843621398,,,0.0353086419753091,-0.2973799725651576,-0.007201646090535,-0.2376543209876544,-0.0062381712642342,-0.154914864723702,125.8,167.2,0.2434027777777777,0.0024315331456358,0.0047834681467053,-0.0003959327201704
2011-04-20,98.67,100.0,98.33,99.5,806.0,99.5,97.98,96.48000000000002,94.756,125.41466666666663,122.9745,False,False,False,False,False,False,True,False,False,False,False,-0.0050251256281407,0.0130653266331658,,,0.0476783919597989,-0.2604489112227802,-0.0180904522613065,-0.2422110552763818,-0.0055070645644849,-0.170190713101161,124.3,167.0,1.1497860199714691,0.0104267803621938,0.007995247216558,0.0007311066997492
2011-04-21,99.67,99.67,95.5,96.5,795.0,96.5,98.52,96.71,95.21599999999998,124.67866666666664,122.912,False,False,False,False,False,False,True,False,False,True,False,0.0259067357512953,0.0538860103626943,,,0.0133056994818654,-0.2920069084628667,0.0134715025906735,-0.2227979274611398,-0.0059031750954452,-0.1807465618860511,121.7,174.2,0.9863523573200992,0.00483112082003,-0.0055956595421638,-0.0003961105309603
2011-04-22,96.67,97.33,95.0,96.0,734.0,96.0,98.38,96.78,95.556,123.92266666666666,122.8495,False,False,False,False,False,False,True,False,False,True,False,0.0677083333333333,0.0552083333333333,,,0.004625,-0.290861111111111,0.0072916666666666,-0.2270833333333333,-0.0061005788556302,-0.1898119446166563,118.0,179.5,0.9232704402515725,0.0035581229854746,-0.0012729978345553,-0.000197403760185
2011-04-25,96.69984563136772,97.36004939796234,96.1996912627354,97.2,346.0,97.2,97.28,96.87,95.77599999999998,123.14266666666668,122.8105,False,False,False,False,False,False,True,False,False,True,False,0.0421810699588476,-0.0092592592592593,,,0.014650205761317,-0.2668998628257889,-0.0226337448559671,-0.2561728395061728,-0.0063341165260887,-0.2014039434293383,118.2,177.8,0.4713896457765668,0.0022970263949213,-0.0012610965905533,-0.0002335376704584
2011-04-26,96.36004991161484,96.86020588541125,96.0299469689092,96.2,511.0,96.2,97.08,96.91,95.876,122.25866666666668,122.76550000000005,False,False,False,False,False,False,True,False,False,True,False,0.0395010395010394,-0.0124740124740125,,,0.0033679833679833,-0.270880110880111,-0.0519750519750519,-0.2640332640332641,-0.007230571247846,-0.2141161902796409,120.0,175.8,1.476878612716763,0.0010430138929452,-0.001254012501976,-0.0008964547217573
2011-04-27,97.83,100.67,97.67,99.0,1259.0,99.0,96.98,97.48,95.956,121.39466666666672,122.72550000000004,False,False,False,False,False,False,True,False,False,True,True,0.0181818181818181,-0.0424242424242424,,,0.0307474747474747,-0.2262087542087547,-0.0888888888888888,-0.2848484848484848,-0.00711728137425,-0.2305088223225278,119.0,161.8,2.463796477495108,0.0008337154529159,-0.0002092984400293,0.000113289873596
2011-04-28,99.67,99.67,97.83,99.0,1085.0,99.0,97.48,98.0,96.044,120.50133333333336,122.667,False,False,False,False,False,False,True,False,False,False,False,0.0272727272727273,-0.0323232323232323,,,0.0298585858585858,-0.2171851851851854,-0.0959595959595959,-0.3,-0.0074134726033462,-0.2476530612244899,117.3,150.0,0.8617950754567116,0.0009162467202531,8.253126733725135e-05,-0.0002961912290961
2011-05-02,99.33,102.5,99.0,102.5,842.0,102.5,98.78,98.58,96.372,119.60133333333336,122.6495,False,False,False,False,False,False,True,False,True,False,False,-0.0117073170731707,-0.073170731707317,,,0.0597853658536585,-0.1668422764227644,-0.1492682926829268,-0.3385365853658537,-0.0075249997212963,-0.2648610265773992,116.0,146.7,0.776036866359447,0.0034034781886855,0.0024872314684323,-0.0001115271179501
2011-05-06,101.63989933879404,101.63989933879404,97.64108358827592,101.3,628.0,101.3,99.6,98.44,96.69600000000004,118.73466666666668,122.61700000000002,False,False,False,False,False,False,True,False,False,True,False,-0.0493583415597235,0.0118460019743336,,,0.045449160908193,-0.1721092464626523,-0.1243830207305034,-0.2467917077986179,-0.0072991881056923,-0.2624949207639171,117.8,145.5,0.7458432304038005,0.0033507073715566,-5.277081712890376e-05,0.000225811615604
2011-05-09,100.0,101.17,99.17,100.0,248.0,100.0,100.36,98.72,96.85600000000002,117.93466666666669,122.543,False,False,False,False,False,False,True,False,False,True,True,-0.05,-0.01,,,0.0314399999999997,-0.1793466666666668,-0.115,-0.2609999999999999,-0.0067834168070456,-0.2647893030794165,117.3,143.3,0.3949044585987261,0.0016519368960103,-0.0016987704755462,0.0005157712986466
2011-05-10,99.9702469503124,101.4698006545671,99.3004462957453,100.8,212.0,100.8,100.72,98.85,97.04000000000002,117.12266666666665,122.4735,False,False,False,False,False,False,True,False,False,False,False,-0.0595238095238095,-0.0009920634920634,,,0.037301587301587,-0.1619312169312167,-0.1051587301587301,-0.2678571428571428,-0.0069329022563241,-0.2673748103186647,116.5,142.7,0.8548387096774194,0.0018961253091508,0.0002441884131404,-0.0001494854492785
2011-05-11,101.02980230156388,104.2007376807318,101.02980230156388,101.7,1161.0,101.7,101.26,99.37,97.268,116.30799999999998,122.40050000000002,False,False,False,False,False,False,True,False,False,False,False,-0.0580137659783678,-0.0334316617502458,,,0.0435791543756145,-0.1436381514257618,-0.1071779744346116,-0.2822025565388397,-0.0070043906409418,-0.273221294153165,116.2,142.5,5.476415094339623,0.0023440391495659,0.0004479138404151,-7.148838461767688e-05
2011-05-12,101.46994966939702,102.29970393762952,100.80014803118524,101.3,698.0,101.3,101.02,99.9,97.512,115.40266666666663,122.3245,False,False,False,False,False,False,True,False,False,False,False,-0.0621915103652517,-0.0404738400789732,,,0.0373938795656465,-0.1392168476472521,-0.1164856860809476,-0.2922013820335636,-0.0078449949163509,-0.2795795795795796,109.7,143.8,0.6012058570198106,0.0025022561325785,0.0001582169830126,-0.000840604275409
2011-05-13,94.64051697290564,96.3,92.64113983182808,96.3,1715.0,96.3,100.02,99.81,97.56400000000002,114.39066666666666,122.257,False,False,False,False,False,False,True,False,False,True,False,0.0643821391484943,0.0155763239875389,,,-0.0131256490134997,-0.1878573901003807,-0.083073727933541,-0.249221183800623,-0.0088468756192227,-0.2789299669371807,108.2,140.2,2.45702005730659,0.0005329834775124,-0.0019692726550661,-0.0010018807028717
2011-05-16,95.0,95.67,94.83,95.0,417.0,95.0,99.02,99.69,97.58400000000002,113.42799999999998,122.186,False,False,False,False,False,False,True,False,False,True,False,0.0421052631578947,0.0157894736842105,,,-0.0272000000000001,-0.1939789473684208,-0.0894736842105263,-0.2263157894736842,-0.0084870284820915,-0.275353596148059,91.5,145.7,0.2431486880466472,0.0002049516314149,-0.0003280318460974,0.0003598471371312
2011-05-17,96.13957608351788,96.29952546662447,93.64036697247708,94.8,145.0,94.8,97.82,99.27,97.69600000000004,112.46533333333332,122.11400000000002,False,False,False,False,False,False,True,False,True,False,False,0.0622362869198312,0.0305907172995781,,,-0.0305485232067515,-0.1863431786216595,-0.0791139240506329,-0.2267932489451476,-0.0085596746849399,-0.2697693160068501,74.8,123.3,0.3477218225419664,0.0011464133639045,0.0009414617324896,-7.26462028483952e-05
2011-05-18,94.30046958155066,96.13989356151518,94.1405196702494,95.8,248.0,95.8,96.64,98.95,97.76000000000003,111.42,122.064,False,False,False,False,False,False,True,False,False,True,False,0.0260960334029227,0.0208768267223382,,,-0.0204592901878918,-0.1630480167014614,-0.0970772442588726,-0.2348643006263048,-0.0093819182672169,-0.2633653360282972,85.0,121.7,1.710344827586207,0.0006546644844516,-0.0004917488794529,-0.000822243582277
2011-05-19,95.0,96.33,94.83,95.0,149.0,95.0,95.38,98.2,97.748,110.29333333333334,122.0205,False,False,False,False,False,False,False,False,False,True,False,0.0231578947368421,0.0178947368421052,,,-0.0289263157894737,-0.1609824561403509,-0.103157894736842,-0.2452631578947368,-0.0102151837524177,-0.2537678207739308,87.5,120.8,0.6008064516129032,-0.0001227646601467,-0.0007774291445984,-0.0008332654852007
2011-05-20,96.33,103.33,96.0,102.5,1484.0,102.5,96.62,98.32,97.99600000000002,109.28933333333336,122.0115,False,False,False,True,True,False,True,False,True,False,False,-0.0458536585365853,-0.073170731707317,,,0.0439414634146339,-0.066237398373984,-0.1736585365853658,-0.3141463414634146,-0.0091866238852218,-0.2607811228641172,91.7,120.8,9.95973154362416,0.0025307155394099,0.0026534801995567,0.0010285598671958
2011-05-23,97.67,101.5,97.67,99.0,339.0,99.0,97.42,98.22,98.124,108.26533333333334,121.978,False,False,False,False,False,False,True,False,False,True,False,-0.0252525252525252,-0.0787878787878787,,,0.0088484848484848,-0.0935892255892257,-0.1262626262626262,-0.3070707070707071,-0.0094582445596622,-0.2654245571166768,93.7,125.8,0.2284366576819407,0.0013044718927068,-0.001226243646703,-0.0002716206744403
2011-05-24,101.70029800337738,102.0303963444919,98.5293533326711,100.7,377.0,100.7,98.6,98.21,98.42,107.45066666666666,121.959,False,False,False,False,False,False,True,False,False,False,False,-0.0297914597815292,-0.1042701092353525,,,0.0226415094339622,-0.0670374048328367,-0.1439920556107249,-0.3118172790466733,-0.0075817739613839,-0.2699317788412584,97.0,124.3,1.112094395280236,0.0030075187969925,0.0017030469042856,0.0018764705982782
2011-05-25,99.96949049120308,100.79923726228007,97.800152547544,98.3,256.0,98.3,99.1,97.87,98.6,106.76133333333334,121.9215,False,False,False,False,False,False,True,False,False,True,False,-0.005086469989827,-0.0895218718209562,,,-0.0030518819938962,-0.0860766361478468,-0.0996948118006103,-0.2929806714140386,-0.0064567696169648,-0.2709716971492797,96.8,121.7,0.6790450928381963,0.0018255578093305,-0.0011819609876619,0.0011250043444191
2011-05-26,99.70077184316148,100.3609756097561,97.2,97.2,234.0,97.2,99.54,97.46,98.62,106.10133333333334,121.881,False,False,False,False,False,False,True,False,False,True,False,-0.0051440329218107,-0.102880658436214,,,-0.0146090534979424,-0.0915775034293553,-0.0946502057613169,-0.2962962962962963,-0.0062204684829596,-0.2712907859634721,94.3,118.0,0.9140625,0.0002027986209694,-0.001622759188361,0.0002363011340051
2011-05-27,99.79938669119902,99.79938669119902,96.64035571910458,97.8,127.0,97.8,98.6,97.61,98.424,105.46533333333332,121.8415,False,False,False,False,False,False,False,False,False,True,False,-0.0286298568507157,-0.0930470347648261,,,-0.0063803680981596,-0.0783776414451259,-0.0971370143149284,-0.2995910020449897,-0.0060304175779721,-0.2763036574121504,93.2,118.2,0.5427350427350427,-0.001991384215232,-0.0021941828362015,0.0001900509049875
2011-05-30,97.83,98.0,96.0,96.5,158.0,96.5,98.1,97.76,98.396,104.84133333333334,121.81,False,False,False,False,False,False,False,False,False,False,False,-0.054922279792746,-0.082901554404145,,,-0.0196476683937823,-0.0864386873920553,-0.1015544041450776,-0.2870466321243524,-0.0059518510511119,-0.282221767594108,96.0,120.0,1.2440944881889764,-0.0002845644131875,0.0017068198020444,7.856652686016267e-05
2011-05-31,95.35928125319955,97.7,95.02917989147129,97.7,287.0,97.7,97.5,98.05,98.32399999999998,104.24133333333334,121.785,False,False,False,False,False,False,False,False,False,True,False,-0.0767656090071647,-0.0767656090071647,,,-0.0063868986693959,-0.0669532582736268,-0.1095189355168884,-0.2968270214943705,-0.0057558741893809,-0.289036206017338,96.2,119.0,1.816455696202532,-0.0007322728936985,-0.0004477084805109,0.0001959768617309
2011-06-01,97.64004906470409,97.96994786875192,96.47040785035266,97.8,98.0,97.8,97.4,98.25,98.376,103.64533333333333,121.69249999999998,False,False,False,False,False,False,True,False,False,False,False,-0.0848670756646216,-0.0715746421267893,,,-0.0058895705521473,-0.0597682344921608,-0.1022494887525562,-0.2995910020449897,-0.0057503794993183,-0.2953689567430027,96.0,117.3,0.3414634146341463,0.0005285842075305,0.001260857101229,5.494690062636358e-06
2011-06-02,98.36051515464985,98.36051515464985,95.6996896658736,96.7,327.0,96.7,97.3,98.42,98.404,103.01733333333333,121.61849999999998,False,False,False,False,False,False,True,False,False,True,False,-0.0982419855222337,-0.0744570837642192,,,-0.0176215098241984,-0.0653291968286796,-0.0847983453981386,-0.2823164426059979,-0.0060960615042128,-0.2989229831335094,95.2,116.0,3.336734693877551,0.0002845412788097,-0.0002440429287207,-0.0003456820048945
2011-06-03,96.0,96.83,95.0,95.0,239.0,95.0,96.74,97.67,98.316,102.41466666666666,121.53749999999998,False,False,False,False,False,False,False,False,False,True,False,-0.0663157894736841,-0.0705263157894737,,,-0.0349052631578947,-0.0780491228070174,-0.0757894736842105,-0.2831578947368421,-0.0058845738240616,-0.295791952493089,95.0,117.8,0.7308868501529052,-0.0008950730298221,-0.0011796143086318,0.0002114876801512
2011-06-06,93.86087528792366,94.53109575518263,89.19934188877922,91.2,510.0,91.2,95.68,96.89,98.116,101.688,121.4235,False,False,False,False,False,False,False,False,False,True,False,-0.0296052631578947,-0.0515350877192982,,,-0.0758333333333333,-0.1149999999999999,-0.0317982456140351,-0.2675438596491228,-0.0071460414863765,-0.2919805965527919,94.5,117.3,2.133891213389121,-0.0020384035223613,-0.0011433304925391,-0.0012614676623149
2011-06-07,91.70049905733616,91.70049905733616,87.52911167794167,90.2,290.0,90.2,94.18,95.84,97.76399999999998,101.24666666666668,121.30049999999996,False,False,False,False,False,False,False,False,False,True,False,0.0,-0.0321507760532151,,,-0.0838580931263855,-0.122468588322247,-0.0354767184035477,-0.270509977827051,-0.0043589912425098,-0.2878756260434058,92.0,116.5,0.5686274509803921,-0.0036005073442168,-0.0015621038218555,0.0027870502438666
2011-06-08,88.67,91.17,88.17,89.5,152.0,89.5,92.52,94.96,97.38399999999996,100.81733333333332,121.17399999999998,False,False,False,False,False,False,False,False,False,True,False,0.0145251396648044,-0.0335195530726257,,,-0.0880893854748598,-0.1264506517690874,-0.0301675977653631,-0.3094972067039106,-0.0042585269728753,-0.2893850042122999,94.2,116.2,0.5241379310344828,-0.0039020783701637,-0.0003015710259468,0.0001004642696345
2011-06-09,88.70051623264885,88.70051623264885,83.35867844441896,87.2,498.0,87.2,90.62,93.96,96.77199999999998,100.36933333333332,121.064,False,False,False,False,False,False,False,False,False,True,False,0.0263761467889907,-0.0229357798165137,,,-0.1097706422018345,-0.151024464831804,-0.0114678899082568,-0.2912844036697248,-0.004463514752182,-0.2888463175819498,95.3,109.7,3.276315789473684,-0.006324143347249,-0.0024220649770852,-0.0002049877793067
2011-06-10,88.35988496673058,89.86039246644863,88.19983083342733,88.7,142.0,88.7,89.35999999999999,93.05,96.26799999999996,99.94133333333332,120.9615,False,False,False,False,False,False,False,False,False,False,False,-0.0045095828635851,-0.0450958286358511,,,-0.0853213077790299,-0.1267343104096202,-0.0169109357384441,-0.2671927846674183,-0.0042825124072789,-0.2856528747984954,96.3,108.2,0.285140562248996,-0.0052353845514607,0.0010887587957882,0.0001810023449031
2011-06-13,89.67,89.67,87.5,88.5,50.0,88.5,88.82,92.25,95.808,99.444,120.8665,False,False,False,False,False,False,False,False,False,False,False,-0.0225988700564971,-0.0225988700564971,,,-0.0825762711864407,-0.1236610169491525,-0.0361581920903955,-0.2508474576271187,-0.0050011396698977,-0.2821680216802168,95.8,91.5,0.352112676056338,-0.0048012692050763,0.0004341153463843,-0.0007186272626188
2011-06-14,87.19900188532772,90.2,87.19900188532772,90.2,68.0,90.2,88.82,91.5,95.384,98.98933333333332,120.791,False,False,False,False,False,False,False,False,False,False,False,-0.0321507760532151,-0.0443458980044345,,,-0.0574722838137472,-0.097442719881744,-0.0465631929046563,-0.2427937915742794,-0.004593087470704,-0.2767213114754099,93.3,74.8,1.36,-0.0044451899689676,0.0003560792361086,0.0004080521991937
2011-06-15,89.30049543102498,94.63873169657602,88.80066057469999,90.8,113.0,90.8,89.08,90.8,94.948,98.57733333333331,120.714,False,False,False,False,False,False,False,False,False,True,False,-0.0473568281938325,-0.0253303964757708,,,-0.0456828193832598,-0.0856534508076356,-0.0561674008810572,-0.3083700440528634,-0.0041794597811532,-0.2774229074889869,93.8,85.0,1.661764705882353,-0.0045919871929899,-0.0001467972240223,0.0004136276895508
2011-06-16,91.67,91.83,89.5,89.5,52.0,89.5,89.53999999999999,90.08,94.47600000000004,98.19733333333332,120.6205,False,False,False,False,False,False,False,False,False,True,False,-0.0480446927374301,-0.0167597765363128,,,-0.0555977653631289,-0.0971769087523275,-0.046927374301676,-0.3273743016759776,-0.0038697588529219,-0.2818605683836589,96.7,87.5,0.4601769911504424,-0.0049959778144708,-0.0004039906214809,0.0003097009282313
2011-06-17,91.13903543529943,91.13903543529943,88.14005434167326,88.3,180.0,88.3,89.46000000000001,89.41,94.15600000000002,97.79866666666666,120.528,False,False,False,False,False,False,False,False,False,False,False,-0.0407701019252547,0.0,,,-0.0663193657984147,-0.1075726689316723,-0.0317100792751981,-0.320498301245753,-0.0040764018596026,-0.2855385303657308,102.7,91.7,3.4615384615384617,-0.0033986150643615,0.0015973627501093,-0.0002066430066806
2011-06-20,88.17,88.33000000000001,84.83000000000001,86.5,210.0,86.5,89.06,88.93999999999998,93.81600000000002,97.352,120.42199999999998,False,False,False,False,False,False,False,False,False,True,False,0.0,0.0023121387283237,,,-0.0845780346820811,-0.1254566473988439,-0.0231213872832369,-0.3005780346820809,-0.0045881611745691,-0.2888464133123453,97.2,93.7,1.1666666666666667,-0.0036241152895028,-0.0002255002251413,-0.0005117593149665
2011-06-21,86.64022672621093,88.13971143936791,84.64091377533494,87.3,132.0,87.3,88.48,88.64999999999999,93.51600000000002,96.92933333333336,120.32099999999998,False,False,False,False,False,False,False,False,False,False,False,-0.0126002290950743,-0.0034364261168384,,,-0.0712027491408937,-0.1103016418480339,-0.0400916380297823,-0.3104238258877433,-0.0043605650852164,-0.292836999435984,99.5,97.0,0.6285714285714286,-0.003208007185936,0.0004161081035668,0.0002275960893526
2011-06-22,86.67,87.0,86.17,86.5,141.0,86.5,87.62,88.35,93.14400000000002,96.51866666666666,120.21949999999998,False,False,False,False,False,False,False,False,False,True,False,0.0231213872832369,0.015028901734104,,,-0.0768092485549135,-0.1158227360308284,-0.0369942196531792,-0.3121387283236994,-0.0042547900924176,-0.2930390492359931,96.5,96.8,1.068181818181818,-0.0039938160267972,-0.0007858088408611,0.0001057749927987
2011-06-23,86.36040859457556,86.53046847481508,84.19964776329694,85.2,320.0,85.2,86.76,88.15,92.752,96.108,120.1055,False,False,False,False,False,False,False,False,False,True,False,0.0328638497652581,0.0387323943661971,,,-0.088638497652582,-0.1280281690140845,-0.0328638497652581,-0.3110328638497652,-0.0042729706857562,-0.2949517867271696,96.0,94.3,2.269503546099291,-0.0042263239606695,-0.0002325079338723,-1.8180593338503782e-05
2011-06-24,86.70070863351836,86.70070863351836,84.02976260777135,84.7,189.0,84.7,86.03999999999999,87.75,92.04,95.66666666666669,119.9955,False,False,False,False,False,False,False,False,False,True,False,0.0425029515938606,0.036599763872491,,,-0.0866587957497048,-0.1294765840220387,-0.0224321133412043,-0.2916174734356552,-0.0046132404181183,-0.2974358974358974,97.2,93.2,0.590625,-0.0077357670578008,-0.0035094430971312,-0.0003402697323621
2011-06-27,84.17,86.5,84.17,86.5,182.0,86.5,86.03999999999999,87.55000000000001,91.54,95.256,119.8865,False,False,False,False,False,False,False,False,False,False,False,0.0023121387283237,0.0208092485549132,,,-0.0582658959537573,-0.1012254335260115,-0.0427745664739884,-0.2867052023121386,-0.0043111894963748,-0.3010850942318674,96.2,96.0,0.9629629629629628,-0.0054620930740659,0.0022736739837348,0.0003020509217434
2011-06-28,86.53011488917257,86.53011488917257,85.19965185099223,86.2,103.0,86.2,85.82,87.15000000000002,90.96,94.852,119.791,False,False,False,False,False,False,False,False,False,True,False,0.0092807424593967,0.0092807424593967,,,-0.0552204176334105,-0.1003712296983758,-0.0452436194895592,-0.2923433874709977,-0.0042592670686964,-0.3062535857716582,99.0,96.2,0.5659340659340659,-0.0063764291996483,-0.0009143361255823,5.192242767842071e-05
2011-06-29,86.33000000000001,88.67,85.67,88.5,263.0,88.5,86.22,86.92000000000002,90.568,94.48266666666666,119.707,False,False,False,False,False,False,False,False,False,False,False,-0.007909604519774,-0.0192090395480226,,,-0.023367231638418,-0.0676007532956684,-0.072316384180791,-0.319774011299435,-0.0039090062374757,-0.3074091118269674,99.0,96.0,2.5533980582524274,-0.0043282395548096,0.0020481896448387,0.0003502608312206
2011-06-30,88.0,88.33000000000001,86.83000000000001,88.0,225.0,88.0,86.78,86.77000000000001,90.2,94.19333333333331,119.60600000000002,False,False,False,False,False,False,False,False,False,False,False,0.0056818181818181,-0.0204545454545454,,,-0.025,-0.0703787878787876,-0.0863636363636363,-0.3204545454545455,-0.0030716965107227,-0.3066728131842804,102.5,95.2,0.8555133079847909,-0.0040798226164079,0.0002484169384016,0.000837309726753
2011-07-01,88.3,88.96977244424318,87.30033963545793,88.3,185.0,88.3,87.5,86.77000000000001,89.82,93.92799999999998,119.50600000000004,False,False,False,False,False,False,False,False,False,True,False,-0.0056625141562853,-0.0124575311438277,,,-0.0172140430351075,-0.0637372593431482,-0.1506228765571913,-0.320498301245753,-0.0028248587570621,-0.3066728131842804,101.3,95.0,0.8222222222222222,-0.0042306835894011,-0.0001508609729932,0.0002468377536606
2011-07-04,90.03115264797509,91.03149878850816,84.35919003115265,86.7,351.0,86.7,87.53999999999999,86.78999999999999,89.42800000000001,93.864,119.393,False,False,False,False,False,False,False,False,False,True,False,0.0184544405997692,-0.0161476355247982,,,-0.0314648212226067,-0.0826297577854671,-0.1453287197231834,-0.3275663206459054,-0.0006818375522029,-0.3093674386450051,100.0,94.5,1.8972972972972968,-0.0043834145905083,-0.0001527310011072,0.0021430212048591
2011-07-05,88.33000000000001,88.33000000000001,86.33000000000001,87.0,101.0,87.0,87.7,86.75999999999999,89.0,94.02666666666666,119.28050000000002,False,False,False,False,False,False,False,True,False,True,False,0.0,-0.0114942528735632,,,-0.0229885057471264,-0.0807662835249041,-0.1333333333333332,-0.3298850574712644,0.0017300056721495,-0.3113185799907791,100.8,92.0,0.2877492877492877,-0.004808988764045,-0.0004255741735367,0.0024118432243525
2011-07-06,88.29982921553,88.29982921553,86.6403962199704,87.8,345.0,87.8,87.56,86.88999999999999,88.6,94.064,119.1655,False,False,False,False,False,False,False,True,False,False,False,-0.0113895216400911,-0.0239179954441912,,,-0.0091116173120728,-0.0713439635535307,-0.1457858769931662,-0.3314350797266514,0.0003968928956172,-0.3132696512832315,101.7,94.2,3.415841584158416,-0.0045146726862303,0.0002943160778147,-0.0013331127765323
2011-07-07,88.33000000000001,89.17,87.0,88.5,195.0,88.5,87.66,87.22,88.272,94.07733333333334,119.0445,False,False,False,False,True,False,False,True,False,False,False,-0.0259887005649717,-0.0361581920903955,,,0.0025762711864406,-0.0630207156308852,-0.1615819209039547,-0.3389830508474576,0.000141727373225,-0.3160972254070165,101.3,95.3,0.5652173913043478,-0.0037157875657058,0.0007988851205244,-0.0002551655223921
2011-07-08,89.63937151315041,89.63937151315041,87.6400546510304,87.8,175.0,87.8,87.56,87.53,87.98400000000001,94.02533333333332,118.9075,False,False,False,False,False,False,False,False,False,False,False,-0.0068337129840546,-0.0261958997722095,,,-0.0020956719817768,-0.0709035687167804,-0.1765375854214123,-0.3246013667425968,-0.0005530424424625,-0.3193190905975094,96.3,96.3,0.8974358974358975,-0.0032733224222585,0.0004424651434473,-0.0006947698156875
2011-07-11,87.97011207970111,88.3,87.30033963545793,88.3,108.0,88.3,87.88000000000001,87.71,87.86800000000001,93.95333333333332,118.7575,False,False,False,False,False,False,False,False,False,False,False,-0.0339750849377123,-0.0430351075877689,,,0.0048924122310304,-0.0640241600604,-0.1981879954699887,-0.3148357870894677,-0.0007663378982473,-0.3220841409189373,95.0,95.8,0.6171428571428571,-0.0013201620612737,0.0019531603609848,-0.0002132954557848
2011-07-12,87.0,87.33000000000001,85.5,87.0,190.0,87.0,87.88000000000001,87.78999999999999,87.74,93.82,118.59650000000002,False,False,False,False,False,False,False,False,False,True,False,-0.0114942528735632,-0.0367816091954023,,,-0.0085057471264367,-0.078390804597701,-0.1862068965517241,-0.3022988505747125,-0.0014211610886093,-0.3230436268367694,94.8,93.3,1.7592592592592593,-0.0014588557100525,-0.0001386936487788,-0.0006548231903619
2011-07-13,86.9699412645399,87.13988252907981,85.80034550270643,86.8,149.0,86.8,87.68,87.61999999999998,87.632,93.68666666666668,118.444,False,False,False,False,False,False,False,False,False,False,False,-0.0126728110599077,-0.0403225806451612,,,-0.0095852534562212,-0.0793394777265747,-0.2016129032258064,-0.3122119815668202,-0.0014231836618513,-0.3223008445560371,95.8,93.8,0.7842105263157895,-0.0012324265108634,0.000226429199189,-2.0225732420158828e-06
2011-07-14,86.86022977834513,86.86022977834513,86.2,86.2,54.0,86.2,87.22,87.44,87.59199999999998,93.57866666666668,118.2915,False,False,False,False,False,False,False,False,False,False,False,-0.0104408352668214,-0.0440835266821345,,,-0.0161484918793501,-0.0855993812838361,-0.2134570765661253,-0.3120649651972158,-0.0011541091986778,-0.3214775846294602,95.0,96.7,0.3624161073825503,-0.0004566627089234,0.00077576380194,0.0002690744631735
2011-07-15,85.85953883216703,87.2,85.35936675461743,87.2,115.0,87.2,87.1,87.33000000000001,87.53199999999998,93.49866666666668,118.14400000000002,False,False,False,False,False,False,False,False,False,True,False,-0.0194954128440367,-0.0504587155963303,,,-0.003807339449541,-0.0722324159021407,-0.125,-0.3256880733944954,-0.000855627174719,-0.3219970227871294,102.5,102.7,2.1296296296296298,-0.0006854636018827,-0.0002288008929593,0.0002984820239587
2011-07-19,85.63988046408062,85.96976444392358,84.97011602015704,85.3,219.0,85.3,86.5,87.19000000000001,87.40400000000001,93.356,117.9815,False,False,False,False,False,False,False,False,False,True,False,-0.0093786635404454,-0.0293083235638921,,,-0.0246658851113717,-0.094443141852286,-0.133645955451348,-0.3165298944900351,-0.0015282002942144,-0.3209083610505793,99.0,97.2,1.9043478260869569,-0.0014644638689301,-0.0007790002670473,-0.0006725731194954
2011-07-20,85.33000000000001,86.67,85.33000000000001,86.0,66.0,86.0,86.3,87.09,87.236,93.22,117.818,False,False,False,False,False,False,False,False,False,True,False,-0.0255813953488372,-0.0430232558139535,,,-0.0143720930232558,-0.083953488372093,-0.1418604651162791,-0.3313953488372093,-0.0014589143960523,-0.3210471925594212,100.7,99.5,0.3013698630136986,-0.0019258104452291,-0.0004613465762989,6.92858981621526e-05
2011-07-21,85.02976537877905,85.86005602894829,85.02976537877905,85.7,164.0,85.7,86.08,86.88000000000001,87.03200000000001,93.08266666666668,117.6425,False,False,False,False,False,False,False,False,False,True,False,-0.0280046674445741,-0.0420070011668612,,,-0.0155425904317387,-0.0861454686892261,-0.1481913652275379,-0.3290548424737456,-0.001475391050249,-0.3207872928176795,98.3,96.5,2.484848484848485,-0.0023439654379997,-0.0004181549927706,-1.647665419675609e-05
2011-07-22,85.14005625219734,85.3,84.64023204031407,85.3,157.0,85.3,85.9,86.56,86.86399999999999,92.95066666666666,117.47150000000002,False,False,False,False,False,False,False,False,False,False,False,-0.0339976553341147,-0.0574443141852285,,,-0.0183352872215708,-0.0896912856584603,-0.1594372801875732,-0.3751465416178194,-0.0014201081577326,-0.3242837338262477,97.2,96.0,0.9573170731707316,-0.0019340578375393,0.0004099076004603,5.528289251643492e-05
2011-07-25,85.67,85.67,84.67,85.5,138.0,85.5,85.56,86.33,86.75200000000001,92.824,117.308,False,False,False,False,False,False,False,False,False,False,False,-0.031578947368421,-0.1228070175438596,,,-0.0146432748538012,-0.0856608187134502,-0.1543859649122807,-0.3883040935672515,-0.0013645896176276,-0.330591914745743,97.8,97.2,0.8789808917197452,-0.0012910365178898,0.0006430213196495,5.551854010501524e-05
2011-07-26,85.17,85.33000000000001,84.33000000000001,84.5,108.0,84.5,85.4,85.95,86.67200000000001,92.69066666666669,117.1305,False,False,False,False,False,False,False,False,False,False,False,-0.0201183431952663,-0.1230769230769231,,,-0.0257041420118344,-0.0969309664694282,-0.1301775147928994,-0.3940828402366864,-0.001438476365833,-0.3384525887143688,96.5,96.2,0.782608695652174,-0.0009230201218386,0.0003680163960512,-7.388674820546525e-05
2011-07-27,84.46976022903495,84.46976022903495,83.47011809614696,83.8,190.0,83.8,84.96000000000001,85.63,86.53200000000001,92.58133333333332,116.9595,False,False,False,False,False,False,False,False,False,True,False,-0.0178997613365155,-0.1002386634844867,,,-0.032601431980907,-0.1047891805887031,-0.1252983293556085,-0.3937947494033413,-0.0011809436027424,-0.347541749386897,97.7,99.0,1.7592592592592593,-0.0016178985808718,-0.0006948784590331,0.0002575327630906
2011-07-28,83.38004804804804,83.38004804804804,82.12929729729728,83.3,404.0,83.3,84.48,85.27999999999999,86.404,92.436,116.7925,False,False,False,False,False,False,False,False,False,False,False,-0.014405762304922,-0.0996398559423769,,,-0.0372629051620648,-0.1096758703481393,-0.120048019207683,-0.3913565426170468,-0.001572259004428,-0.3554174484052531,97.8,99.0,2.126315789473684,-0.0014814128975512,0.0001364856833206,-0.0003913154016855
2011-07-29,82.47998058723611,82.47998058723611,81.98010191701044,82.4,220.0,82.4,83.9,84.89999999999999,86.292,92.264,116.617,False,False,False,False,False,False,False,False,False,False,False,-0.0242718446601941,-0.0995145631067961,,,-0.0472330097087378,-0.1197087378640775,-0.1298543689320388,-0.3871359223300971,-0.0018642157287784,-0.3628975265017666,96.7,102.5,0.5445544554455446,-0.0012979186946645,0.0001834942028866,-0.0002919567243503
2011-08-01,81.89032959072799,83.21984788120245,81.89032959072799,82.8,229.0,82.8,83.36,84.45999999999998,86.21600000000001,92.084,116.4375,False,False,False,False,False,False,False,False,False,False,False,-0.0942028985507246,-0.1268115942028985,,,-0.0412560386473431,-0.1121256038647343,-0.1509661835748792,-0.3997584541062801,-0.0019547369792797,-0.3703528297418894,95.0,101.3,1.040909090909091,-0.0008815069128699,0.0004164117817946,-9.05212505012971e-05
2011-08-02,82.47011952191234,82.8,81.30054328141976,82.8,266.0,82.8,83.02000000000001,84.21,86.06800000000001,91.91066666666669,116.258,False,False,False,False,False,False,False,False,False,True,False,-0.1050724637681159,-0.144927536231884,,,-0.0394685990338166,-0.1100322061191629,-0.1714975845410628,-0.4045893719806763,-0.0018858891967561,-0.3791711198194988,91.2,100.0,1.1615720524017468,-0.0017195705721057,-0.0008380636592358,6.884778252360638e-05
2011-08-03,82.14005830195555,82.88978501153893,81.39033159237216,82.3,289.0,82.3,82.72,83.83999999999999,85.912,91.764,116.0155,False,False,False,False,False,False,False,False,False,True,False,-0.0838396111786147,-0.1397326852976913,,,-0.0438882138517619,-0.1149939246658566,-0.157958687727825,-0.4070473876063183,-0.0015983028929284,-0.3868082061068701,90.2,100.8,1.086466165413534,-0.0018158115280753,-9.624095596957676e-05,0.0002875863038276
2011-08-04,82.1,83.27028508771929,81.18977826510721,82.1,283.0,82.1,82.47999999999999,83.47999999999999,85.65599999999999,91.608,115.78199999999998,False,False,False,False,False,False,False,False,False,True,False,-0.0864799025578562,-0.1559074299634591,,,-0.0433130328867234,-0.1158099878197321,-0.15347137637028,-0.4129110840438489,-0.0017029080429655,-0.3953042644944897,89.5,101.7,0.9792387543252596,-0.0029886989819745,-0.0011728874538992,-0.0001046051500371
2011-08-05,79.48022879880627,80.8098980353146,77.98060184033822,80.4,284.0,80.4,82.08,82.99,85.352,91.39066666666668,115.54249999999998,False,False,False,False,False,False,False,False,False,True,False,-0.0771144278606965,-0.1567164179104478,,,-0.061592039800995,-0.1366998341625207,-0.1492537313432835,-0.4154228855721393,-0.0023780692412062,-0.3993252199060127,87.2,101.3,1.0035335689045937,-0.0035617208735587,-0.0005730218915841,-0.0006751611982406
2011-08-08,78.08,78.5,74.25,75.0,263.0,75.0,80.52000000000001,81.94,84.82,91.02133333333332,115.2975,False,False,False,False,False,False,False,False,False,True,False,-0.036,0.0173333333333332,,,-0.1309333333333332,-0.2136177777777775,-0.0866666666666666,-0.3773333333333333,-0.004057656813055,-0.3984622894801073,88.7,96.3,0.926056338028169,-0.0062721056354634,-0.0027103847619046,-0.0016795875718488
2011-08-09,67.01808855291576,74.27004589632828,66.68799946004319,74.1,685.0,74.1,78.78,80.9,84.316,90.71333333333337,115.048,False,False,False,False,False,False,False,False,False,False,False,-0.0445344129554655,-0.0026990553306341,,,-0.137867746288799,-0.2242015294646879,-0.0715249662618083,-0.3481781376518219,-0.0033953112368628,-0.3943139678615575,88.5,95.0,2.6045627376425857,-0.005977513164761,0.0002945924707024,0.0006623455761922
2011-08-10,74.23031026252984,75.4,74.1503314770618,75.4,527.0,75.4,77.4,80.06,83.85199999999999,90.392,114.82599999999998,False,False,False,False,False,False,False,False,False,False,False,-0.0610079575596818,-0.0212201591511937,,,-0.1120954907161801,-0.1988328912466842,-0.0888594164456233,-0.3594164456233423,-0.0035548868631446,-0.3910816887334499,90.2,94.8,0.7693430656934307,-0.0055335591279875,0.0004439540367734,-0.0001595756262818
2011-08-11,74.17,75.17,73.08,75.0,478.0,75.0,75.97999999999999,79.22999999999999,83.34,90.10533333333332,114.596,False,False,False,False,False,False,False,False,False,True,False,-0.076,-0.0266666666666666,,,-0.1112,-0.2014044444444442,-0.0866666666666666,-0.3466666666666667,-0.003181461696681,-0.3868484160040388,90.8,95.8,0.9070208728652752,-0.0061435085193182,-0.0006099493913307,0.0003734251664636
2011-08-12,74.36006471619254,74.36006471619254,73.27962788189295,74.2,345.0,74.2,74.74,78.41,82.76799999999999,89.81466666666665,114.35099999999998,False,False,False,False,False,False,False,False,False,True,False,-0.0862533692722372,-0.0336927223719676,,,-0.1154716981132073,-0.2104402515723268,-0.0646900269541778,-0.330188679245283,-0.0032362939980107,-0.3814564468817752,89.5,95.0,0.7217573221757322,-0.0069108834332111,-0.0007673749138928,-5.4832301329693287e-05
2011-08-15,71.8002073828287,74.29917046868519,70.8006221484861,72.3,248.0,72.3,74.2,77.36,82.148,89.48266666666666,114.104,False,False,False,False,False,False,False,False,False,True,False,0.0553250345781466,0.0,,,-0.1362102351313969,-0.237657906869525,-0.0580912863070539,-0.2904564315352697,-0.0037102157587316,-0.3709927611168563,88.3,102.5,0.7188405797101449,-0.0075473535569945,-0.0006364701237834,-0.0004739217607208
2011-08-16,71.13985599322321,71.46971622193985,69.47056332062685,70.8,853.0,70.8,73.54,76.16,81.448,89.144,113.849,False,False,False,False,False,False,False,False,False,True,False,0.0437853107344634,0.038135593220339,,,-0.1503954802259886,-0.2590960451977402,-0.0564971751412429,-0.2937853107344632,-0.0037990965927785,-0.3601628151260504,86.5,99.0,3.439516129032258,-0.008594440624693,-0.0010470870676985,-8.888083404698377e-05
2011-08-17,69.1407030919102,70.8,68.89080897924607,70.8,464.0,70.8,72.62,75.00999999999999,80.8,88.768,113.58399999999996,False,False,False,False,False,False,False,False,False,False,False,0.0423728813559322,0.0353107344632768,,,-0.1412429378531073,-0.2537853107344633,-0.0706214689265536,-0.2867231638418079,-0.0042357606344629,-0.3480869217437674,87.3,100.7,0.5439624853458382,-0.0080198019801979,0.0005746386444951,-0.0004366640416843
2011-08-18,70.71938554738209,70.71938554738209,69.2200346170489,69.3,259.0,69.3,71.48,73.72999999999999,80.09999999999998,88.37200000000001,113.30299999999995,False,False,False,False,False,False,False,False,False,True,False,0.0533910533910534,0.0577200577200577,,,-0.1558441558441556,-0.2752092352092354,-0.1082251082251082,-0.2958152958152958,-0.0044810573484812,-0.335955513359555,86.5,98.3,0.5581896551724138,-0.0087390761548067,-0.0007192741746087,-0.0002452967140183
2011-08-19,66.97036709420611,68.63962848297214,66.7204776647501,67.8,469.0,67.8,70.2,72.46999999999998,79.36399999999999,87.90933333333334,113.00349999999996,False,False,False,False,False,False,False,False,False,True,False,0.0575221238938054,0.0575221238938054,,,-0.1705604719764011,-0.296597836774828,-0.0884955752212389,-0.2743362831858406,-0.0052629982406116,-0.3213743618048846,85.2,97.2,1.8108108108108107,-0.0092737261226751,-0.0005346499678684,-0.0007819408921304
2011-08-22,71.30196515131665,79.13888379405213,68.80294772697498,76.3,2401.0,76.3,71.0,72.6,78.92799999999998,87.57600000000001,112.74349999999995,False,False,False,False,False,False,False,False,False,False,False,-0.0524246395806028,-0.0786369593709043,,,-0.0344429882044559,-0.1477850589777196,-0.1480996068152031,-0.3538663171690694,-0.0038062178374592,-0.3190082644628099,84.7,97.8,5.119402985074627,-0.0055240218933712,0.0037497042293038,0.0014567804031524
2011-08-23,78.64871482683984,78.89864718614719,71.81056547619048,73.9,1267.0,73.9,71.62,72.58,78.472,87.22800000000002,112.47949999999996,False,False,False,False,False,False,False,False,False,True,False,-0.0054127198917456,-0.0717185385656293,,,-0.061867388362652,-0.1803518267929637,-0.1028416779431665,-0.3464140730717187,-0.0039895446416286,-0.3188206117387709,86.5,96.5,0.5276967930029155,-0.0058109899072279,-0.0002869680138566,-0.0001833268041694
2011-08-24,73.96993092238927,76.63884599756196,72.47054043071921,73.8,329.0,73.8,72.22,72.41999999999999,77.98399999999998,86.86800000000002,112.22499999999997,False,False,False,False,False,False,False,False,False,True,False,-0.0067750677506775,-0.0609756097560975,,,-0.0566937669376691,-0.1770731707317076,-0.0745257452574525,-0.3495934959349593,-0.0041442188147534,-0.3177299088649543,86.2,97.7,0.2596685082872928,-0.0062576938859254,-0.0004467039786975,-0.0001546741731247
2011-08-25,75.25,75.25,72.5,73.0,192.0,73.0,72.96000000000001,72.22,77.476,86.48533333333336,111.95849999999996,False,False,False,False,False,False,False,False,False,True,False,0.0041095890410958,-0.047945205479452,,,-0.0613150684931506,-0.1847305936073063,-0.1397260273972603,-0.3383561643835617,-0.0044246423285643,-0.3168097479922458,88.5,97.8,0.5835866261398176,-0.0065568692240175,-0.000299175338092,-0.0002804235138109
2011-08-26,72.6103809125157,72.6103809125157,71.52992884051905,71.7,221.0,71.7,73.74,71.97,76.932,86.09066666666669,111.69599999999996,False,False,False,False,False,False,False,False,False,True,False,0.0,-0.0460251046025104,,,-0.0729707112970711,-0.2007066480706651,-0.1603905160390516,-0.3403068340306834,-0.004584314211374,-0.3177712935945531,88.0,96.7,1.1510416666666667,-0.0070711797431497,-0.0005143105191322,-0.0001596718828096
2011-08-29,71.22044794691,72.88975528826214,71.22044794691,72.3,141.0,72.3,72.94,71.97,76.404,85.7706666666667,111.4235,False,False,False,False,False,False,False,False,False,False,False,-0.0276625172890733,-0.0525587828492392,,,-0.0567634854771784,-0.1863162747810055,-0.1701244813278008,-0.3360995850622406,-0.003730879243875,-0.322356537446158,88.3,95.0,0.6380090497737556,-0.0069106329511544,0.0001605467919952,0.0008534349674989
2011-08-30,73.33,74.33,72.42,73.5,179.0,73.5,72.86,72.24,75.96399999999998,85.48400000000002,111.14749999999998,False,False,False,False,False,False,False,False,False,False,True,-0.0666666666666667,-0.0639455782312925,,,-0.0335238095238093,-0.1630476190476193,-0.1768707482993197,-0.3469387755102041,-0.0033534540576795,-0.3276578073089699,86.7,91.2,1.2695035460992907,-0.0057922173661209,0.0011184155850335,0.0003774251861955
2011-08-31,74.22062798634812,74.22062798634812,73.04982935153583,73.3,126.0,73.3,72.76,72.48999999999998,75.544,85.19733333333336,110.87049999999998,False,False,False,False,False,False,False,False,False,False,False,-0.0545702592087312,-0.0627557980900408,,,-0.0306139154160982,-0.16231014097317,-0.1787175989085947,-0.3519781718963164,-0.003364737550471,-0.3341150503517724,87.0,90.2,0.7039106145251397,-0.0055596738324683,0.0002325435336526,-1.1283492791486825e-05
2011-09-01,72.47033956088913,73.79979544524751,72.47033956088913,73.3,308.0,73.3,72.82000000000001,72.88999999999999,75.14399999999999,84.89733333333336,110.57799999999996,False,False,False,False,False,False,False,False,False,False,False,-0.0518417462482946,-0.0654843110504774,,,-0.025156889495225,-0.1582173715325152,-0.1882673942701227,-0.3315143246930422,-0.0035336798957171,-0.3374948552613526,87.8,89.5,2.4444444444444446,-0.005323112956457,0.0002365608760113,-0.0001689423452461
2011-09-02,72.28024277940561,72.53034742570114,71.19979070740897,71.7,387.0,71.7,72.82000000000001,73.28,74.716,84.58666666666669,110.27899999999995,False,False,False,False,False,False,False,False,False,True,False,-0.0460251046025104,-0.0320781032078102,,,-0.0420641562064154,-0.179730357973036,-0.1813110181311018,-0.3096234309623431,-0.003672761664565,-0.3406113537117904,88.5,87.2,1.2564935064935066,-0.005728358049146,-0.000405245092689,-0.0001390817688479
2011-09-05,70.88974832930471,70.88974832930471,70.05010664012512,70.3,192.0,70.3,72.42,72.67999999999999,74.216,84.15733333333336,109.98199999999996,False,False,False,False,False,False,False,False,False,True,False,-0.0256045519203413,-0.0312944523470839,,,-0.0557041251778093,-0.1971171171171174,-0.1465149359886201,-0.3314366998577525,-0.0051015558160904,-0.3383324160704457,87.8,88.7,0.4961240310077519,-0.006737091732241,-0.0010087336830949,-0.0014287941515254
2011-09-06,70.35051035287255,70.35051035287255,67.84978127734033,68.6,212.0,68.6,71.44000000000001,72.15,73.64799999999998,83.75200000000004,109.68149999999996,False,False,False,False,False,False,False,False,False,True,False,0.0029154518950437,-0.0262390670553935,,,-0.0735860058309036,-0.2208746355685137,-0.1005830903790085,-0.3075801749271136,-0.0048396854204474,-0.3345807345807347,88.3,88.5,1.1041666666666667,-0.0077123615033675,-0.0009752697711265,0.000261870395643
2011-09-07,67.8006490696668,69.63985287754218,67.4707918649935,69.3,291.0,69.3,70.64,71.7,73.12799999999999,83.33333333333337,109.38449999999996,False,False,False,False,False,False,False,False,False,False,False,-0.0086580086580085,-0.0505050505050505,,,-0.055238095238095,-0.2025012025012031,-0.1197691197691197,-0.3145743145743145,-0.0050239999999999,-0.3311018131101813,87.0,90.2,1.3726415094339623,-0.0071108193851875,0.0006015421181799,-0.0001843145795525
2011-09-08,70.0,70.0,69.0,69.5,256.0,69.5,69.88,71.35,72.62399999999998,82.94933333333337,109.08599999999996,False,False,False,False,False,False,False,False,False,False,False,-0.014388489208633,-0.1107913669064748,,,-0.0449496402877695,-0.1935155875299765,-0.1338129496402877,-0.3237410071942446,-0.0046293319616794,-0.3296426068675542,86.8,90.8,0.8797250859106529,-0.0069398545935228,0.0001709647916646,0.0003946680383205
2011-09-09,68.31002630809705,71.14919614147911,68.31002630809705,68.4,540.0,68.4,69.22,71.02,72.14399999999998,82.56533333333337,108.77699999999996,False,False,False,False,False,False,False,False,False,False,False,0.0146198830409356,-0.0964912280701755,,,-0.0547368421052627,-0.2070955165692012,-0.1257309941520469,-0.2807017543859649,-0.0046508623473935,-0.3238524359335397,86.2,89.5,2.109375,-0.0066533599467731,0.0002864946467496,-2.153038571416077e-05
2011-09-12,68.5,68.67,67.75,68.5,135.0,68.5,68.85999999999999,70.64,71.88399999999999,82.1746666666667,108.46299999999997,False,False,False,False,False,False,False,False,False,False,False,-0.0058394160583942,-0.0510948905109489,,,-0.0494014598540143,-0.1996301703163021,-0.1240875912408759,-0.3138686131386861,-0.0047541010205903,-0.3216308040770101,87.2,88.3,0.25,-0.0036169384007566,0.0030364215460165,-0.0001032386731968
2011-09-13,69.05018181818181,69.22030545454545,67.46903272727272,68.8,304.0,68.8,68.9,70.17,71.67199999999998,81.80533333333338,108.14449999999997,False,False,False,False,False,False,False,False,False,False,False,-0.0290697674418604,-0.0363372093023255,,,-0.0417441860465114,-0.1890310077519387,-0.1526162790697674,-0.3197674418604651,-0.0045147830622288,-0.3187972067835258,85.3,86.5,2.251851851851852,-0.0029579194106485,0.000659018990108,0.0002393179583615
2011-09-14,68.02970729576234,68.7,67.85963302752293,68.7,47.0,68.7,68.78,69.71000000000001,71.404,81.4186666666667,107.80549999999997,False,False,False,False,False,False,False,False,False,True,False,-0.042212518195051,-0.0058224163027657,,,-0.0393595342066956,-0.1851334303736054,-0.1513828238719069,-0.2940320232896652,-0.0047491156819077,-0.312867594319323,86.0,87.3,0.1546052631578947,-0.0037532911321492,-0.0007953717215007,-0.0002343326196789
2011-09-15,69.08,69.08,67.42,68.5,142.0,68.5,68.58,69.22999999999999,71.14399999999999,81.02800000000003,107.44549999999995,False,False,False,False,False,False,False,False,False,False,False,-0.0978102189781022,-0.0832116788321168,,,-0.0385985401459852,-0.1828905109489056,-0.1430656934306569,-0.291970802919708,-0.0048213786180907,-0.3088256536183734,85.7,86.5,3.021276595744681,-0.0036545597661082,9.873136604102248e-05,-7.226293618306946e-05
2011-09-16,68.48026505329877,69.4,67.48055315471046,69.4,181.0,69.4,68.78,69.0,70.952,80.66400000000003,107.11599999999996,False,False,False,False,False,False,False,False,False,False,False,-0.1095100864553315,-0.1325648414985591,,,-0.0223631123919307,-0.1623054755043231,-0.1570605187319885,-0.2939481268011528,-0.0045125458692849,-0.3072463768115942,85.3,85.2,1.2746478873239435,-0.0027060547976095,0.0009485049684986,0.0003088327488058
2011-09-20,68.6901733254994,68.6901733254994,65.84933901292597,68.1,318.0,68.1,68.7,68.78,70.78399999999999,80.30533333333337,106.80649999999996,False,False,False,False,False,False,False,False,False,False,False,-0.0455212922173273,-0.1189427312775329,,,-0.0394126284875183,-0.1792266275085664,-0.1292217327459618,-0.277533039647577,-0.004466287004599,-0.3018319278860133,85.5,84.7,1.7569060773480665,-0.002373417721519,0.0003326370760904,4.625886468590228e-05
2011-09-21,68.2993266497082,68.2993266497082,66.30022445009726,66.8,143.0,66.8,68.3,68.6,70.624,79.98000000000003,106.47649999999996,False,False,False,False,False,False,False,False,False,False,False,-0.0074850299401197,-0.0943113772455089,,,-0.0572455089820359,-0.1973053892215574,-0.0943113772455089,-0.2395209580838324,-0.0040676835875635,-0.2951895043731777,84.5,86.5,0.449685534591195,-0.002265518803806,0.000107898917713,0.0003986034170355
2011-09-22,67.30114068441064,67.30114068441064,64.21879847908745,65.8,332.0,65.8,67.72,68.24999999999999,70.42399999999999,79.6546666666667,106.15049999999997,False,False,False,False,False,False,False,False,False,True,False,0.0379939209726443,-0.0851063829787233,,,-0.0702735562310029,-0.210557244174266,-0.0775075987841943,-0.2325227963525835,-0.004084297216317,-0.287179487179487,83.8,86.2,2.3216783216783217,-0.0028399409292287,-0.0005744221254226,-1.6613628753544413e-05
2011-09-26,62.46967491508976,63.63910722950024,60.14080543425521,61.8,321.0,61.8,66.38000000000001,67.47999999999999,70.12399999999998,79.28533333333337,105.79599999999996,False,False,False,False,False,False,False,False,False,True,False,0.0161812297734627,-0.0372168284789643,,,-0.1346925566343039,-0.2829341963322552,-0.0339805825242717,-0.1909385113268608,-0.0046582806403874,-0.2745998814463543,83.3,88.5,0.966867469879518,-0.0042781358735955,-0.0014381949443667,-0.0005739834240703
2011-09-27,61.22028141678796,62.049878699660354,60.14080543425521,61.8,215.0,61.8,64.86,66.82,69.88399999999999,78.9466666666667,105.44599999999996,False,False,False,False,False,False,False,False,False,False,False,-0.0258899676375403,-0.0501618122977345,,,-0.1308090614886729,-0.2774541531823091,-0.0404530744336569,-0.1909385113268608,-0.0042898159094747,-0.2662376533971863,82.4,88.0,0.6697819314641744,-0.0034342624921297,0.0008438733814657,0.0003684647309126
2011-09-28,61.66666666666666,66.83333333333333,61.66666666666666,65.0,20400.0,65.0,64.24,66.47,69.43199999999999,78.6306666666667,105.09499999999996,False,False,False,False,False,False,False,False,False,True,False,-0.0769230769230769,-0.0769230769230769,,,-0.0681846153846152,-0.2097025641025646,-0.0953846153846154,-0.2261538461538462,-0.0040187882590338,-0.2574093576049345,82.8,88.3,94.88372093023256,-0.0065099665860121,-0.0030757040938824,0.0002710276504409
2011-09-29,66.63316582914572,66.63316582914572,65.46708542713567,66.3,11000.0,66.3,64.14,66.22,69.12799999999999,78.33466666666672,104.74899999999994,False,False,False,False,False,False,False,False,False,False,False,-0.0874811463046756,-0.0693815987933633,,,-0.0426546003016589,-0.1815183509301165,-0.1206636500754147,-0.2488687782805431,-0.0037786590866535,-0.2500755058894594,82.8,86.7,0.5392156862745098,-0.004397639162134,0.0021123274238781,0.0002401291723802
2011-09-30,66.80073170731707,68.3,65.13487804878048,68.3,23100.0,68.3,64.64,66.17999999999999,68.90799999999999,78.04266666666672,104.42049999999996,False,False,False,False,False,False,False,False,False,False,False,-0.1185944363103952,-0.1068814055636895,,,-0.0089019033674961,-0.1426451927769652,-0.158125915080527,-0.2708638360175696,-0.0037415430875418,-0.2476579026896341,82.3,87.0,2.1,-0.0031926626806756,0.0012049764814583,3.71159991116865e-05
2011-10-03,64.13262599469496,66.96445623342174,61.46737400530503,62.8,23000.0,62.8,64.84,65.60999999999999,68.49999999999999,77.6693333333334,104.05549999999997,False,False,False,False,False,False,False,False,False,True,False,-0.0525477707006369,-0.0414012738853502,,,-0.0907643312101909,-0.2367728237791942,-0.0843949044585986,-0.1831210191082802,-0.0048067019158138,-0.2368541380887057,82.1,87.8,0.9956709956709956,-0.005956204379562,-0.0027635416988863,-0.001065158828272
2011-10-04,62.36786703601108,62.36786703601108,60.2,60.2,21600.0,60.2,64.52000000000001,64.69,68.03999999999998,77.27866666666671,103.66399999999996,False,False,False,False,False,False,False,False,False,True,False,-0.0249169435215946,-0.0066445182724253,,,-0.1302325581395344,-0.2836987818383173,-0.1146179401993356,-0.1495016611295681,-0.0050552977104507,-0.2226000927500385,80.4,88.5,0.9391304347826088,-0.0067607289829513,-0.0008045246033892,-0.0002485957946368
2011-10-05,60.0,61.66666666666666,60.0,60.0,11700.0,60.0,63.52,63.88000000000001,67.54799999999999,76.90133333333338,103.26749999999996,False,False,False,False,False,False,False,False,False,True,False,0.0,0.0,,,-0.1257999999999998,-0.2816888888888897,-0.1283333333333333,-0.145,-0.0049067202996045,-0.209455228553538,75.0,87.8,0.5416666666666666,-0.0072837093622311,-0.0005229803792798,0.0001485774108461
2011-10-06,61.33333333333333,62.0,60.16666666666666,60.5,8600.0,60.5,62.36,63.25,67.02799999999999,76.55466666666672,102.85099999999996,False,False,False,False,False,False,False,False,False,True,False,0.0198347107438018,-0.0363636363636364,,,-0.1079008264462808,-0.2653663911845739,-0.1537190082644627,-0.140495867768595,-0.0045283544656541,-0.1996837944664032,74.1,88.3,0.7350427350427351,-0.0077579519006981,-0.0004742425384669,0.0003783658339504
2011-10-07,60.36675900277008,61.36731301939058,58.69916897506925,60.2,26900.0,60.2,60.74,62.69000000000001,66.50399999999999,76.19333333333338,102.40199999999996,False,False,False,False,False,False,False,False,False,True,False,0.0132890365448504,-0.03156146179402,,,-0.1047176079734217,-0.2656699889258037,-0.1561461794019935,-0.0863787375415282,-0.0047423221629189,-0.1853565161907801,75.4,87.0,3.127906976744186,-0.0078792253097558,-0.0001212734090576,-0.0002139676972647
2011-10-11,60.16666666666666,61.66666666666666,59.33333333333333,59.5,26300.0,59.5,60.08,62.46,65.95199999999998,75.83333333333339,101.92849999999994,False,False,False,False,False,False,False,False,False,True,False,0.0117647058823529,-0.0134453781512604,,,-0.1084369747899157,-0.2745098039215695,-0.1478991596638655,-0.0672268907563025,-0.0047472527472527,-0.1735510726865193,75.0,86.8,0.9776951672862454,-0.0083697234352257,-0.0004904981254699,-4.930584333835003e-06
2011-10-12,59.86732954545455,60.36761363636364,58.7,58.7,29800.0,58.7,59.78,62.15,65.43199999999999,75.48000000000003,101.44699999999996,False,False,False,False,False,False,False,False,False,False,False,0.018739352640545,-0.0034071550255537,,,-0.114684838160136,-0.2858603066439528,-0.1396933560477002,-0.0715502555366269,-0.0046811517399755,-0.1621882542236523,74.2,86.2,1.1330798479087452,-0.0079471818070668,0.0004225416281589,6.610100727720818e-05
2011-10-13,59.16666666666666,60.83333333333333,59.16666666666666,60.0,32600.0,60.0,59.78,61.65,65.02,75.1506666666667,101.00049999999996,False,False,False,False,False,False,False,False,False,False,False,0.0,-0.0116666666666667,,,-0.0836666666666666,-0.2525111111111116,-0.1716666666666666,-0.0966666666666666,-0.0043823075421819,-0.1490673154906731,72.3,87.2,1.0939597315436242,-0.0063365118425098,0.0016106699645569,0.0002988441977935
2011-10-14,61.366486486486494,61.86675675675677,60.03243243243244,61.70000000000001,99400.0,61.7,60.02,61.19000000000001,64.744,74.82000000000004,100.52549999999997,False,False,False,False,False,False,False,False,False,False,False,-0.0551053484602919,-0.0194489465153972,,,-0.0493354943273904,-0.2126418152350085,-0.20097244732577,-0.113452188006483,-0.0044194956785172,-0.134662526556627,70.8,85.3,3.049079754601227,-0.0042629432843197,0.0020735685581901,-3.71881363352344e-05
2011-10-17,63.16666666666666,63.5,60.83333333333333,61.0,68400.0,61.0,60.17999999999999,60.46,64.41199999999999,74.48400000000002,100.07199999999996,False,False,False,False,False,False,False,False,False,True,False,-0.0442622950819672,-0.004918032786885,,,-0.055934426229508,-0.2210491803278692,-0.2,-0.0950819672131147,-0.0045110359271791,-0.1152828316242143,70.8,86.0,0.6881287726358148,-0.0051543190709806,-0.0008913757866609,-9.154024866193931e-05
2011-10-18,60.03324099722992,62.03434903047091,59.86648199445983,60.2,33000.0,60.2,60.32000000000001,60.2,64.03999999999999,74.1066666666667,99.60649999999995,False,False,False,False,False,False,False,False,False,True,False,-0.0249169435215946,-0.0083056478405315,,,-0.0637873754152822,-0.2310077519379849,-0.1993355481727574,-0.0863787375415282,-0.0050917596257645,-0.1053156146179403,69.3,85.7,0.4824561403508772,-0.0058088694565896,-0.0006545503856089,-0.0005807236985853
2011-10-19,60.13314763231197,61.46573816155989,59.8,59.8,46400.0,59.8,60.540000000000006,60.15999999999999,63.696,73.7306666666667,99.11399999999996,False,False,False,False,False,False,False,False,False,False,False,-0.0217391304347825,-0.0083612040133779,,,-0.0651505016722408,-0.2329542920847276,-0.2140468227424748,-0.0919732441471572,-0.0050996419400338,-0.0995678191489359,67.8,85.3,1.406060606060606,-0.0054006531022355,0.0004082163543541,-7.88231426931095e-06
2011-10-20,60.0,61.0,59.83333333333333,60.0,16900.0,60.0,60.540000000000006,60.15999999999999,63.356,73.35333333333337,98.62249999999996,False,False,False,False,False,False,False,False,False,False,False,-0.0116666666666667,-0.02,,,-0.0559333333333333,-0.2225555555555561,-0.2216666666666666,-0.095,-0.0051440516222849,-0.0945811170212765,76.3,85.5,0.3642241379310345,-0.0053665004103793,3.415269185614179e-05,-4.440968225104952e-05
2011-10-21,59.96571428571429,60.29885714285714,56.46771428571429,58.3,55200.0,58.3,59.86,59.94,62.93599999999999,72.9746666666667,98.13299999999994,False,False,False,False,False,False,False,False,False,True,False,0.0377358490566038,0.0,,,-0.0795197255574613,-0.2517095483133226,-0.1715265866209263,-0.0703259005145796,-0.005189015366063,-0.0875875875875875,73.9,84.5,3.266272189349112,-0.0066734460404221,-0.0013069456300427,-4.4963743778104505e-05
2011-10-24,59.13285714285714,59.466,57.46714285714285,58.3,25700.0,58.3,59.32000000000001,59.74999999999999,62.52,72.59200000000003,97.66799999999994,False,False,False,False,False,False,False,False,False,False,False,0.0411663807890225,-0.013722126929674,,,-0.0723842195540309,-0.2451457975986283,-0.1715265866209263,-0.0274442538593481,-0.00527147160385,-0.0818410041841003,73.8,83.8,0.4655797101449275,-0.0066538707613562,1.957527906595521e-05,-8.245623778698266e-05
2011-10-25,59.20028409090909,59.36704545454546,57.3659090909091,58.7,38000.0,58.7,59.02,59.67,62.128,72.20400000000002,97.20299999999992,False,False,False,False,False,False,False,False,False,False,False,0.0170357751277683,-0.020442930153322,,,-0.0583986371379897,-0.2300511073253836,-0.1652470187393526,-0.0289608177172061,-0.0053736635089469,-0.0780961957432545,73.0,83.3,1.4785992217898831,-0.0063095544681947,0.0003443162931614,-0.0001021919050969
2011-10-26,59.0,59.16666666666666,56.66666666666666,58.5,15800.0,58.5,58.760000000000005,59.65000000000001,61.692,71.80400000000003,96.73199999999991,False,False,False,False,False,False,False,False,False,True,False,0.0136752136752136,-0.0888888888888889,,,-0.0545641025641025,-0.2274188034188039,-0.1504273504273504,0.0393162393162392,-0.0055707202941339,-0.0672254819782064,71.7,82.4,0.4157894736842105,-0.0070673669195357,-0.000757812451341,-0.0001970567851869
2011-10-27,58.46713483146068,59.63314606741573,57.13455056179775,59.3,35500.0,59.3,58.620000000000005,59.58,61.34,71.42400000000002,96.24999999999991,False,False,False,False,False,False,False,False,False,False,False,-0.0084317032040472,-0.118043844856661,,,-0.0344013490725127,-0.2044519392917373,-0.1349072512647554,-0.026981450252951,-0.0053203405017922,-0.0602551191675058,72.3,82.8,2.2468354430379747,-0.005738506684056,0.0013288602354797,0.0002503797923416
2011-10-28,59.33333333333333,60.5,57.83333333333333,60.5,79200.0,60.5,59.06,59.46,61.088,71.05333333333336,95.73999999999992,False,False,False,False,False,False,False,False,False,False,False,-0.0363636363636364,-0.1537190082644627,,,-0.0097190082644628,-0.1744352617079893,-0.1735537190082644,0.028099173553719,-0.0052167386001125,-0.0457450386814665,73.5,82.8,2.230985915492958,-0.0041251964379256,0.0016133102461303,0.0001036019016796
2011-10-31,60.533241758241765,60.70000000000001,59.03241758241759,60.70000000000001,76600.0,60.7,59.54,59.43000000000001,60.88400000000001,70.70266666666669,95.22449999999996,False,False,False,False,False,False,False,False,False,False,False,-0.0527182866556838,-0.1630971993410217,,,-0.0030313014827017,-0.164788577704558,-0.1680395387149919,0.0922570016474462,-0.0049597374922209,-0.0265858993774189,73.3,82.3,0.9671717171717172,-0.0033506339925102,0.0007745624454154,0.0002570011078915
2011-11-01,60.20027932960894,60.533798882681566,58.53268156424581,59.7,42200.0,59.7,59.74000000000001,59.38000000000001,60.8,70.34133333333335,94.69299999999994,False,False,False,False,False,False,False,False,False,False,False,-0.0368509212730318,-0.1507537688442211,,,-0.0184254606365158,-0.1782467895030711,-0.1825795644891123,0.0921273031825795,-0.0051368564713018,-0.0085887504210172,73.3,82.1,0.5509138381201044,-0.0013815789473685,0.0019690550451416,-0.0001771189790808
2011-11-02,59.46657303370787,60.29943820224719,58.300561797752806,59.3,22200.0,59.3,59.9,59.33,60.7,69.98266666666667,94.13949999999994,False,False,False,False,False,False,False,False,False,True,False,-0.1011804384485666,-0.1483979763912309,,,-0.0236087689713323,-0.1801461495222036,-0.1703204047217537,0.0843170320404721,-0.0051250785908893,0.0091016349233101,71.7,80.4,0.5260663507109005,-0.00164744645799,-0.0002658675106214,1.1777880412513e-05
2011-11-04,59.29971671388102,59.96600566572238,58.13371104815864,58.8,23600.0,58.8,59.80000000000001,59.21,60.452,69.60400000000001,93.60199999999992,False,False,False,False,False,False,False,False,False,True,False,-0.1105442176870748,-0.1547619047619046,,,-0.0280952380952381,-0.1837414965986397,-0.1615646258503401,0.0748299319727892,-0.0054403003658792,0.0261780104712042,70.3,75.0,1.063063063063063,-0.004102428372924,-0.002454981914934,-0.0003152217749899
2011-11-07,58.79971428571428,58.79971428571428,56.80085714285714,58.3,15700.0,58.3,59.36,59.21,60.132,69.24400000000001,93.0934999999999,False,False,False,False,False,False,False,False,False,True,False,-0.1217838765008575,-0.1543739279588336,,,-0.0314236706689537,-0.1877186963979419,-0.1715265866209263,0.072041166380789,-0.0051990064121078,0.0401959128525587,68.6,74.1,0.6652542372881356,-0.0053216257566686,-0.0012191973837446,0.0002412939537713
2011-11-08,58.0,58.0,56.5,57.5,22200.0,57.5,58.720000000000006,59.13,59.7,68.86400000000002,92.5724999999999,False,False,False,False,False,False,False,False,False,True,False,-0.1165217391304349,-0.151304347826087,,,-0.0382608695652174,-0.1976347826086959,-0.1652173913043478,0.0695652173913043,-0.0055181226765798,0.0497209538305429,69.3,75.4,1.414012738853503,-0.0072361809045225,-0.0019145551478538,-0.0003191162644719
2011-11-09,57.5,58.16666666666666,56.83333333333333,57.5,21300.0,57.5,58.28,59.01000000000001,59.48799999999999,68.48800000000003,92.0459999999999,False,False,False,False,False,False,False,False,False,False,False,-0.1182608695652173,-0.1617391304347825,,,-0.0345739130434781,-0.1910956521739135,-0.1600000000000001,0.0695652173913043,-0.0054900128489661,0.0594814438230806,69.5,75.0,0.9594594594594594,-0.0035637439483595,0.003672436956163,2.8109827613756293e-05
2011-11-10,56.1315625,56.298125,49.96875,53.3,81300.0,53.3,57.08,58.49,59.21199999999999,68.06133333333337,91.46649999999993,False,False,False,False,False,False,False,False,False,True,False,-0.0525328330206378,-0.1181988742964352,,,-0.110919324577861,-0.2769480925578493,-0.1125703564727955,0.150093808630394,-0.00626885554206,0.0697555137630362,68.4,74.2,3.816901408450704,-0.0046612173208134,-0.0010974733724538,-0.0007788426930939
2011-11-11,52.466560509554135,52.466560509554135,49.96815286624204,52.3,33700.0,52.3,55.78000000000001,57.79,58.90399999999999,67.61866666666668,90.86699999999992,False,False,False,False,False,False,False,False,False,True,False,-0.0497131931166346,-0.1070745697896748,,,-0.1262715105162522,-0.2928999362651374,-0.0822179732313575,0.179732313575526,-0.0065465157550185,0.0896348849281883,68.5,72.3,0.4145141451414514,-0.0052288469373896,-0.0005676296165762,-0.0002776602129585
2011-11-14,52.033876221498375,52.033876221498375,50.19934853420196,51.2,16300.0,51.2,54.36,56.86,58.532,67.17466666666668,90.28699999999992,False,False,False,False,False,False,False,False,False,True,False,-0.0371093750000001,-0.0566406250000002,,,-0.1432031249999998,-0.3120052083333335,-0.0625,0.2050781250000001,-0.0066096345844664,0.1065775589166374,68.8,70.8,0.4836795252225519,-0.0063554978473312,-0.0011266509099416,-6.31188294478429e-05
2011-11-15,50.46688524590163,50.96655737704917,50.30032786885245,50.79999999999999,19400.0,50.8,53.02,55.870000000000005,58.15599999999999,66.73466666666668,89.70599999999992,False,False,False,False,False,False,False,False,False,True,False,-0.0393700787401573,-0.0492125984251968,,,-0.1448031496062992,-0.3136745406824153,-0.0649606299212596,0.269685039370079,-0.0065932748596431,0.1229640236262752,68.7,70.8,1.1901840490797546,-0.0064653690074971,-0.0001098711601659,1.6359724823275697e-05
2011-11-16,51.20032894736842,51.70065789473684,50.533223684210526,50.7,13900.0,50.7,51.66,54.970000000000006,57.804,66.30000000000003,89.08849999999993,False,False,False,False,False,False,False,False,False,False,False,-0.04930966469428,-0.0335305719921105,,,-0.1401183431952662,-0.3076923076923081,-0.0335305719921105,0.2623274161735699,-0.006556058320764,0.1391668182645078,68.5,69.3,0.7164948453608248,-0.0060895439761952,0.0003758250313019,3.7216538879059936e-05
2011-11-17,50.16666666666666,50.66666666666666,49.33333333333333,50.5,24100.0,50.5,51.1,54.09,57.47599999999999,65.87466666666668,88.44349999999993,False,False,False,False,False,False,False,False,False,False,False,-0.0693069306930693,-0.0158415841584157,,,-0.1381386138613859,-0.3044488448844888,-0.0198019801980198,0.2673267326732673,-0.0064567056632798,0.1571454982436679,69.4,67.8,1.733812949640288,-0.0057067297654675,0.0003828142107277,9.935265748418128e-05
2011-11-18,50.53389261744967,50.53389261744967,49.533221476510064,49.7,13500.0,49.7,50.58,53.18000000000001,57.06399999999999,65.43333333333335,87.80299999999994,False,False,False,False,False,False,False,False,False,True,False,-0.0603621730382293,0.0321931589537222,,,-0.1481690140845068,-0.3165660630449365,-0.0543259557344064,0.2736418511066397,-0.0067447784004075,0.1771342610003759,68.1,76.3,0.5601659751037344,-0.0072199635496985,-0.001513233784231,-0.0002880727371276
2011-11-21,49.96621621621621,49.96621621621621,48.63378378378378,49.3,7400.0,49.3,50.2,52.28,56.568000000000005,64.98666666666668,87.17049999999992,False,False,False,False,False,False,False,False,False,True,False,-0.0202839756592293,0.0141987829614605,,,-0.147423935091278,-0.3181879648411091,-0.0365111561866125,0.2819472616632861,-0.0068732047599508,0.1987375669472073,66.8,73.9,0.5481481481481482,-0.0087682081742325,-0.001548244624534,-0.0001284263595433
2011-11-22,48.96655290102389,49.46621160409556,47.96723549488055,48.8,12900.0,48.8,49.8,51.41,56.08,64.54,86.60549999999992,False,False,False,False,False,False,False,False,False,False,False,-0.0102459016393444,0.0348360655737705,,,-0.1491803278688525,-0.3225409836065576,-0.026639344262295,0.2766393442622951,-0.0069207726474538,0.2205796537638592,65.8,73.8,1.7432432432432432,-0.0087018544935807,6.635368065185075e-05,-4.756788750301822e-05
2011-11-24,48.36678200692042,48.53356401384083,47.53287197231834,48.2,9600.0,48.2,49.3,50.48,55.6,64.08800000000001,86.09649999999992,False,False,False,False,False,False,False,False,False,False,False,0.0165975103734439,0.0124481327800828,,,-0.1535269709543568,-0.3296265560165976,-0.024896265560166,0.3029045643153525,-0.0070528023967045,0.2456418383518226,61.8,73.0,0.7441860465116279,-0.0086330935251798,6.876096840091779e-05,-0.0001320297492506
2011-11-25,46.66666666666666,47.83333333333333,46.66666666666666,47.0,19600.0,47.0,48.6,49.85,55.088,63.64266666666668,85.59799999999994,False,False,False,False,False,False,False,False,False,True,False,0.0574468085106383,0.0468085106382979,,,-0.1720851063829787,-0.3540992907801421,0.0468085106382979,0.3255319148936169,-0.0069974021620715,0.2633901705115345,61.8,71.7,2.0416666666666665,-0.0092942201568399,-0.0006611266316601,5.5400234632982034e-05
2011-11-28,46.86678571428571,46.86678571428571,46.03285714285715,46.7,19600.0,46.7,48.0,49.29,54.556,63.26533333333334,85.10399999999994,False,False,False,False,False,False,False,False,False,True,False,0.0985010706638114,0.0556745182012846,,,-0.168222698072805,-0.3547180585296217,0.0064239828693789,0.3447537473233403,-0.0059642985099792,0.2799756542909313,65.0,72.3,1.0,-0.0097514480533764,-0.0004572278965364,0.0010331036520922
2011-11-29,47.46724137931034,48.29999999999999,46.46793103448275,48.29999999999999,14000.0,48.3,47.8,49.0,54.15599999999999,62.92133333333335,84.62899999999992,False,False,False,False,False,False,False,False,False,False,False,0.0351966873706006,0.0,,,-0.1212422360248447,-0.3027191166321607,-0.0310559006211178,0.3105590062111803,-0.0054671441588436,0.2908163265306122,66.3,73.5,0.7142857142857143,-0.007386069872221,0.0023653781811553,0.0004971543511355
2011-11-30,48.13344827586207,48.29999999999999,47.13413793103447,48.29999999999999,18700.0,48.3,47.7,48.75,53.75599999999999,62.56000000000001,84.15699999999991,False,False,False,False,False,False,False,False,False,True,False,0.0455486542443066,-0.0062111801242233,,,-0.11296066252588,-0.2952380952380957,0.0041407867494826,0.2670807453416153,-0.0057757885763002,0.2906666666666667,68.3,73.3,1.3357142857142856,-0.0074410298385296,-5.495996630852998e-05,-0.0003086444174565
2011-12-01,48.16666666666666,49.0,47.66666666666666,49.0,22400.0,49.0,47.86,48.58,53.368,62.21333333333335,83.68949999999991,False,False,False,False,False,False,False,False,False,False,False,-0.0040816326530612,-0.0142857142857144,,,-0.0891428571428571,-0.2696598639455786,-0.010204081632653,0.3163265306122449,-0.0055722246035146,0.2962124331000413,62.8,73.3,1.1978609625668448,-0.0072702743216907,0.0001707555168388,0.0002035639727855
2011-12-02,48.6993288590604,49.7,48.1989932885906,49.7,11500.0,49.7,48.4,48.5,53.01599999999999,61.88666666666668,83.21899999999991,False,False,False,False,False,False,False,False,False,False,False,-0.0100603621730382,-0.0482897384305836,,,-0.0667203219315892,-0.2452045606975186,-0.0140845070422535,0.3581488933601608,-0.0052784660131424,0.3055670103092785,60.2,71.7,0.5133928571428571,-0.0066395050550779,0.0006307692666128,0.0002937585903721
2011-12-05,49.46785714285714,51.96623376623376,49.46785714285714,51.3,21200.0,51.3,49.31999999999999,48.66,52.696,61.60666666666668,82.7744999999999,False,False,False,False,False,False,False,False,False,False,True,-0.0389863547758284,-0.0643274853801169,,,-0.0272124756335282,-0.2009096816114363,-0.0409356725146197,0.2923976608187135,-0.0045449626663779,0.3074393752568847,60.0,70.3,1.8434782608695648,-0.0060725671777742,0.0005669378773036,0.0007335033467644
2011-12-06,51.5,51.66666666666666,50.0,50.0,21600.0,50.0,49.66,48.73,52.276,61.32933333333333,82.2959999999999,False,False,False,False,False,False,False,False,False,True,False,-0.0340000000000002,-0.04,,,-0.04552,-0.2265866666666666,0.0159999999999998,0.31,-0.0045220340456989,0.3102811409809153,60.5,68.6,1.018867924528302,-0.0080342795929297,-0.0019617124151554,2.292862067905348e-05
2011-12-07,49.66666666666666,51.66666666666666,49.16666666666666,50.5,27700.0,50.5,50.1,48.9,51.868,61.058666666666674,81.9319999999999,False,False,False,False,False,False,False,False,False,False,False,-0.0495049504950495,-0.0594059405940594,,,-0.0270891089108911,-0.2090825082508252,0.0,0.2534653465346534,-0.004432895139101,0.3077709611451943,60.2,69.3,1.2824074074074074,-0.0078661216935297,0.0001681578993999,8.913890659792249e-05
2011-12-08,50.13242320819113,50.29897610921502,47.800682593856656,48.8,29200.0,48.8,50.06,48.96,51.432,60.78533333333333,81.56749999999991,False,False,False,False,False,False,False,False,False,True,False,-0.0102459016393444,0.0040983606557377,,,-0.0539344262295083,-0.2456010928961748,0.0245901639344262,0.3278688524590164,-0.0044966987650532,0.3102532679738563,59.5,69.5,1.0541516245487366,-0.008477212630269,-0.0006110909367393,-6.380362595218621e-05
2011-12-09,50.53423728813559,50.53423728813559,48.8664406779661,49.2,40600.0,49.2,49.96,49.18,51.02799999999999,60.53733333333332,81.20949999999992,False,False,False,False,False,False,False,False,False,False,False,-0.0386178861788619,0.0060975609756096,,,-0.0371544715447152,-0.230433604336043,0.0162601626016259,0.2947154471544715,-0.004096645596106,0.307238714924766,58.7,68.4,1.3904109589041096,-0.0079172219173789,0.0005599907128901,0.0004000531689471
2011-12-12,50.13277027027027,50.46587837837838,49.13344594594594,49.3,22100.0,49.3,49.56,49.44,50.648,60.17733333333334,80.85199999999992,False,False,False,False,False,False,False,False,False,False,False,-0.0263691683569979,-0.0466531440162271,,,-0.0273427991886411,-0.220635564570656,0.0202839756592292,0.3042596348884381,-0.0059823189240686,0.3033980582524272,60.0,68.5,0.5443349753694581,-0.0075027641762752,0.0004144577411036,-0.0018856733279625
2011-12-13,48.96620689655172,49.13275862068965,47.300689655172405,48.29999999999999,23800.0,48.3,49.22,49.440000000000005,50.24799999999999,59.83600000000001,80.4644999999999,False,False,False,False,False,False,False,False,False,True,False,-0.0062111801242233,-0.0165631469979294,,,-0.0403312629399586,-0.2388405797101454,0.031055900621118,0.3395445134575572,-0.0057044811373307,0.3062297734627833,61.70000000000001,68.8,1.0769230769230769,-0.0079605158414267,-0.0004577516651515,0.0002778377867378
2011-12-14,48.33333333333333,49.16666666666666,46.83333333333333,48.0,22600.0,48.0,48.72,49.41,49.868,59.492,80.0829999999999,False,False,False,False,False,False,False,False,False,False,False,-0.0104166666666666,-0.0104166666666666,,,-0.0389166666666667,-0.2394166666666666,0.0374999999999997,0.3229166666666667,-0.005782290055806,0.3116777980165959,61.0,68.7,0.9495798319327732,-0.0076201171091679,0.0003403987322588,-7.780891847530922e-05
2011-12-15,48.46655172413792,48.799655172413786,47.300689655172405,48.29999999999999,27100.0,48.3,48.61999999999999,49.34,49.49999999999999,59.16266666666669,79.7159999999999,False,False,False,False,False,False,False,False,False,False,False,0.0144927536231886,-0.0269151138716354,,,-0.0248447204968944,-0.2248999309868882,0.0621118012422361,0.2836438923395448,-0.0055665735148287,0.3084718281313335,60.2,68.5,1.1991150442477876,-0.0074343434343436,0.0001857736748243,0.0002157165409773
2011-12-16,47.79964788732394,48.29929577464789,47.13345070422535,47.3,22700.0,47.3,48.24,49.10000000000001,49.25999999999999,58.83733333333335,79.3624999999999,False,False,False,False,False,False,False,False,False,False,False,0.0465116279069768,0.0401691331923891,,,-0.0414376321353064,-0.2439182522903457,0.0824524312896407,0.3276955602536998,-0.0055293691080494,0.3052953156822809,59.8,69.4,0.8376383763837638,-0.0048721071863581,0.0025622362479854,3.7204406779341e-05
2011-12-19,47.33333333333333,48.83333333333333,46.83333333333333,48.0,16700.0,48.0,47.98,48.77,49.088,58.51333333333336,79.01149999999988,False,False,False,False,False,False,False,False,False,False,False,-0.0208333333333333,-0.0208333333333333,,,-0.0226666666666666,-0.2190277777777782,0.0687499999999999,0.2979166666666666,-0.0055371994986896,0.3059257740414188,60.0,68.1,0.73568281938326,-0.0035039113428941,0.0013681958434639,-7.830390640175058e-06
2011-12-20,46.83333333333333,49.0,46.0,48.0,26500.0,48.0,47.92,48.57000000000001,48.96,58.17333333333336,78.65149999999988,False,False,False,False,False,False,False,False,False,False,False,-0.0104166666666666,-0.025,,,-0.02,-0.211944444444445,0.0833333333333333,0.2958333333333334,-0.0058446023378408,0.3045089561457688,58.3,66.8,1.5868263473053892,-0.0026143790849673,0.0008895322579268,-0.0003074028391512
2011-12-21,48.0,48.33333333333333,47.33333333333333,47.5,13400.0,47.5,47.82,48.27,48.828,57.82933333333335,78.2939999999999,False,False,False,False,False,False,False,False,False,True,False,0.0,0.0210526315789473,,,-0.0279578947368421,-0.2174596491228074,0.1578947368421052,0.2905263157894736,-0.0059485382274279,0.3084731717422828,58.3,65.8,0.5056603773584906,-0.0027033669206192,-8.898783565195086e-05,-0.0001039358895871
2011-12-22,48.83333333333333,50.0,47.5,49.0,59100.0,49.0,47.96,48.29,48.75999999999999,57.50533333333336,77.95249999999989,False,False,False,False,True,False,False,False,False,False,False,-0.0408163265306122,-0.010204081632653,,,0.0048979591836736,-0.1735782312925175,0.1326530612244898,0.2448979591836734,-0.0056342600106655,0.3000621246634914,58.7,61.8,4.41044776119403,-0.0013945857260051,0.0013087811946141,0.0003142782167624
2011-12-26,50.5,50.5,47.83333333333333,49.5,47300.0,49.5,48.4,48.32,48.71999999999999,57.20933333333334,77.6199999999999,False,False,False,False,False,False,False,False,False,False,False,-0.006060606060606,-0.0101010101010101,,,0.0157575757575759,-0.1557441077441078,0.101010101010101,0.2363636363636365,-0.005173980935512,0.2940811258278147,58.5,61.8,0.8003384094754653,-0.0008210180623973,0.0005735676636078,0.0004602790751534
2011-12-27,48.83333333333333,49.0,46.83333333333333,47.0,21100.0,47.0,48.2,48.09,48.61199999999999,56.898666666666685,77.2659999999999,False,False,False,False,False,False,False,False,False,True,False,0.0,0.0468085106382979,,,-0.0342978723404252,-0.2106099290780145,0.1531914893617021,0.3127659574468087,-0.0054599990626609,0.2948637970472031,59.3,65.0,0.4460887949260042,-0.0022216736608245,-0.0014006555984272,-0.0002860181271488
2011-12-28,47.66666666666666,47.66666666666666,46.33333333333333,47.5,40900.0,47.5,48.1,48.01,48.53999999999999,56.61733333333335,76.9169999999999,False,False,False,False,False,False,False,False,False,False,False,-0.0147368421052632,0.0694736842105261,,,-0.021894736842105,-0.1919438596491231,0.1515789473684211,0.2905263157894736,-0.0049690318630337,0.289939595917517,60.5,66.3,1.938388625592417,-0.0014833127317675,0.000738360929057,0.0004909671996271
2011-12-29,47.33333333333333,47.66666666666666,46.5,47.5,30500.0,47.5,48.1,47.96,48.48799999999999,56.32666666666669,76.5719999999999,False,False,False,False,False,False,False,False,False,False,False,0.0210526315789473,0.0631578947368421,,,-0.0207999999999998,-0.1858245614035092,0.1621052631578948,0.2905263157894736,-0.0051603740087583,0.286697247706422,60.70000000000001,68.3,0.7457212713936431,-0.001072430292031,0.0004108824397365,-0.0001913421457245
2011-12-30,47.5,47.83333333333333,47.0,47.0,6900.0,47.0,47.7,47.83,48.44,56.02666666666668,76.2259999999999,False,False,False,False,False,False,False,False,False,False,False,0.0319148936170212,0.0638297872340425,,,-0.0306382978723403,-0.1920567375886527,0.1702127659574468,0.3085106382978723,-0.0053545930509283,0.2891490696215764,59.7,62.8,0.2262295081967213,-0.0009909165978529,8.151369417810504e-05,-0.00019421904217
2012-01-04,47.532203389830514,50.36745762711865,47.532203389830514,49.2,65700.0,49.2,47.64,48.02,48.528,55.77066666666668,75.9234999999999,False,False,False,False,True,False,True,False,True,False,True,-0.0040650406504065,0.0162601626016259,,,0.0136585365853659,-0.1335501355013551,0.1036585365853657,0.2560975609756096,-0.0045902266424404,0.2819658475635149,59.3,60.2,9.521739130434783,0.0018133860863831,0.002804302684236,0.0007643664084878
2012-01-05,49.33333333333333,49.5,46.83333333333333,47.0,75400.0,47.0,47.64,47.92,48.53999999999999,55.484000000000016,75.6174999999999,False,False,False,False,False,False,True,False,False,True,False,0.0468085106382979,0.0702127659574467,,,-0.0327659574468083,-0.1805106382978726,0.1553191489361701,0.3723404255319149,-0.0051666546511906,0.2892320534223707,58.8,60.0,1.147640791476408,0.0002472187886277,-0.0015661672977553,-0.0005764280087501
2012-01-06,47.13309608540926,48.79857651245552,46.8,46.8,15100.0,46.8,47.5,47.8,48.48,55.19066666666668,75.3939999999999,False,False,False,False,False,False,False,False,False,True,False,0.0854700854700853,0.0641025641025639,,,-0.0358974358974358,-0.1792877492877496,0.1581196581196582,0.3611111111111112,-0.0053149083178315,0.2956066945606697,58.3,60.5,0.2002652519893899,-0.0012376237623761,-0.0014848425510039,-0.0001482536666409
2012-01-10,47.0,48.5,47.0,48.5,41600.0,48.5,47.7,47.9,48.48799999999999,54.92133333333335,75.2624999999999,False,False,False,False,False,False,True,False,False,False,True,0.0412371134020618,0.02680412371134,,,0.0002474226804125,-0.1323986254295536,0.1690721649484536,0.3402061855670103,-0.0049039838799736,0.3006263048016704,57.5,60.2,2.7549668874172184,0.0001649892756969,0.0014026130380731,0.0004109244378578
2012-01-11,48.33333333333333,49.0,48.0,48.5,31300.0,48.5,48.0,47.85,48.468,54.654666666666685,75.0799999999999,False,False,False,False,False,False,False,False,False,True,False,0.0309278350515463,0.0577319587628865,,,0.0006597938144329,-0.126900343642612,0.1752577319587628,0.3463917525773195,-0.0048791198067868,0.3109717868338557,57.5,59.5,0.7524038461538461,-0.000412643393579,-0.000577632669276,2.4864073186855323e-05
2012-01-12,49.0,49.5,48.5,49.0,22600.0,49.0,47.96,47.8,48.44,54.38266666666668,74.8874999999999,False,False,False,False,False,False,False,False,False,True,False,0.0204081632653061,0.0448979591836735,,,0.0114285714285714,-0.1098503401360546,0.2408163265306122,0.3428571428571428,-0.005001593645034,0.3219665271966527,53.3,58.7,0.7220447284345048,-0.000578034682081,-0.000165391288502,-0.0001224738382472
2012-01-13,49.5335593220339,50.03389830508475,49.03322033898305,49.2,30700.0,49.2,48.4,48.02,48.356,54.13066666666668,74.67499999999991,False,False,False,False,False,False,False,False,False,True,True,0.0223577235772356,0.0426829268292681,,,0.0171544715447154,-0.1002168021680218,0.1727642276422764,0.315040650406504,-0.0046554017439283,0.3221574344023323,52.3,60.0,1.3584070796460177,-0.0017371163867978,-0.0011590817047167,0.0003461919011057
2012-01-16,49.63409836065573,50.79999999999999,49.63409836065573,50.79999999999999,70000.0,50.8,49.2,48.35,48.388000000000005,53.91733333333334,74.46049999999991,False,False,False,False,False,False,True,False,False,False,False,-0.0196850393700787,0.0236220472440946,,,0.0474803149606296,-0.0613648293963257,0.2244094488188979,0.2854330708661419,-0.0039566744151541,0.321406411582213,51.2,61.70000000000001,2.280130293159609,0.0006613209886749,0.0023984373754727,0.0006987273287741
2012-01-17,50.66666666666666,50.83333333333333,50.0,50.5,47500.0,50.5,49.6,48.65,48.388000000000005,53.71333333333335,74.22799999999992,False,False,False,False,False,False,False,False,False,True,False,-0.013861386138614,0.0891089108910891,,,0.0418217821782177,-0.063630363036304,0.3128712871287128,0.2574257425742574,-0.0037979396797813,0.3177800616649537,50.79999999999999,61.0,0.6785714285714286,0.0,-0.0006613209886749,0.0001587347353728
2012-01-18,50.0,50.5,49.66666666666666,50.0,29700.0,50.0,49.9,48.95,48.43599999999999,53.55600000000001,73.99399999999993,False,False,False,False,False,False,True,False,False,False,False,0.0259999999999999,0.11,,,0.0312800000000001,-0.0711200000000002,0.304,0.284,-0.0029377349565565,0.3152196118488254,50.7,60.2,0.6252631578947369,0.0009909984309188,0.0009909984309188,0.0008602047232247
2012-01-19,50.83333333333333,50.83333333333333,49.66666666666666,50.0,25300.0,50.0,50.1,49.03,48.468,53.39866666666667,73.77249999999992,False,False,False,False,False,False,True,False,False,True,False,0.024,0.09,,,0.0306399999999999,-0.0679733333333334,0.2859999999999999,0.2759999999999999,-0.0029463906714276,0.3171527636141137,50.5,59.8,0.8518518518518519,0.000660229429727,-0.0003307690011918,-8.655714871125177e-06
2012-01-20,49.80033112582781,50.3,49.30066225165563,50.3,14000.0,50.3,50.31999999999999,49.36,48.508,53.20266666666668,73.55799999999994,False,False,False,False,False,False,True,False,False,False,False,0.0198807157057654,0.0775347912524852,,,0.0356262425447315,-0.057707090788602,0.2564612326043738,0.2485089463220676,-0.003684025863365,0.3049027552674229,49.7,60.0,0.5533596837944664,0.0008246062505153,0.0001643768207883,-0.0007376351919374
2012-01-23,50.29966555183946,50.466220735785946,49.63344481605351,49.79999999999999,18900.0,49.8,50.12,49.66,48.56799999999999,52.98266666666668,73.32699999999991,False,False,False,False,False,False,True,False,False,False,False,0.0441767068273094,0.098393574297189,,,0.0247389558232931,-0.0639089692101745,0.2550200803212853,0.2309236947791166,-0.0041523013815838,0.292186870720902,49.3,58.3,1.35,0.0012353813210341,0.0004107750705188,-0.0004682755182188
2012-01-24,49.96655518394648,50.29966555183946,48.80066889632106,49.79999999999999,44600.0,49.8,49.98,49.790000000000006,48.63999999999999,52.73600000000002,73.09499999999991,False,False,False,False,False,False,True,False,False,False,False,0.1044176706827311,0.1084337349397593,,,0.0232931726907629,-0.0589558232931732,0.2349397590361448,0.2108433734939759,-0.0046773867313915,0.2793733681462137,48.8,58.3,2.35978835978836,0.0014802631578947,0.0002448818368606,-0.0005250853498076
2012-01-25,50.800324675324674,51.46655844155844,49.80097402597402,51.3,101400.0,51.3,50.24,50.07000000000001,48.75999999999999,52.58266666666669,72.87149999999991,False,False,False,False,False,False,True,False,False,False,False,0.0818713450292398,0.0721247563352827,,,0.0495126705653022,-0.0250032488628984,0.1988304093567252,0.1442495126705654,-0.0029160433095822,0.2590373477132014,48.2,58.7,2.273542600896861,0.0024610336341262,0.0009807704762314,0.0017613434218092
2012-01-26,51.36677524429968,51.700325732899024,50.5328990228013,51.2,66200.0,51.2,50.48,50.290000000000006,48.916,52.462666666666685,72.65149999999991,False,False,False,False,False,False,True,False,False,False,False,0.0644531249999999,0.0605468749999998,,,0.0446093750000001,-0.0246614583333336,0.1972656249999999,0.1093749999999998,-0.0022873408392,0.2356333267051102,47.0,58.5,0.6528599605522682,0.0031891405675035,0.0007281069333773,0.0006287024703822
2012-01-27,50.800324675324674,51.63311688311688,50.300649350649344,51.3,29800.0,51.3,50.67999999999999,50.5,49.048,52.346666666666685,72.43299999999991,False,False,False,False,False,False,True,False,False,True,False,0.0565302144249513,0.0584795321637426,,,0.0438986354775827,-0.0204028589993506,0.2027290448343082,0.115009746588694,-0.0022159959246051,0.2156435643564358,46.7,59.3,0.4501510574018127,0.0026912412330779,-0.0004978993344256,7.134491459483572e-05
2012-01-30,51.33333333333333,52.0,50.33333333333333,52.0,70200.0,52.0,51.120000000000005,50.62,49.20799999999999,52.23333333333335,72.22049999999992,False,False,False,False,False,False,True,False,False,False,False,0.0519230769230769,0.0423076923076923,,,0.0536923076923078,-0.0044871794871797,0.1865384615384617,0.073076923076923,-0.0021697511167837,0.1939944685894903,48.29999999999999,60.5,2.355704697986577,0.0032515038205167,0.0005602625874388,4.624480782145944e-05
2012-01-31,52.0,60.0,51.83333333333333,55.0,177700.0,55.0,52.16,51.07,49.508,52.16400000000002,72.03549999999993,False,False,False,False,False,False,True,False,False,False,False,0.0036363636363636,0.0309090909090909,,,0.0998545454545454,0.0515636363636359,0.1727272727272727,0.0236363636363635,-0.0013291414257596,0.1693753671431367,48.29999999999999,60.70000000000001,2.531339031339032,0.0060596267269938,0.002808122906477,0.000840609691024
2012-02-01,54.5,55.5,53.5,55.5,51000.0,55.5,53.0,51.620000000000005,49.768,52.11066666666668,71.84199999999993,False,False,False,False,False,False,True,False,False,True,False,-0.009009009009009,0.027027027027027,,,0.1032792792792792,0.0610690690690688,0.1531531531531531,0.0216216216216216,-0.0010234628866772,0.142386671832623,49.0,59.7,0.2870005627462014,0.0052242404758077,-0.0008353862511861,0.0003056785390824
2012-02-02,55.5,55.5,53.83333333333333,54.5,37700.0,54.5,53.66,52.07000000000001,49.96799999999999,52.05466666666669,71.63799999999993,False,False,False,False,False,False,True,False,False,True,False,-0.0036697247706422,0.1155963302752293,,,0.0831559633027524,0.0448685015290515,0.1743119266055046,0.055045871559633,-0.0010757921159804,0.1204148261955059,49.7,59.3,0.7392156862745098,0.004002561639449,-0.0012216788363586,-5.232922930321687e-05
2012-02-03,54.2,55.03384615384616,53.69969230769231,54.2,26000.0,54.2,54.24,52.46,50.25599999999999,51.97733333333335,71.42749999999995,False,False,False,False,False,False,True,False,False,False,False,0.0018450184501843,0.0645756457564575,,,0.0727675276752769,0.0410086100861006,0.1678966789667895,0.0830258302583025,-0.0014878280276019,0.1042699199390012,51.3,58.8,0.6896551724137931,0.005730659025788,0.001728097386339,-0.0004120359116215
2012-02-06,53.86615853658537,55.36707317073171,53.86615853658537,54.7,17400.0,54.7,54.78,52.95,50.544,51.884000000000015,71.22199999999994,False,False,False,False,False,False,True,False,False,True,False,-0.0091407678244972,0.1371115173674588,,,0.0759780621572213,0.0514808043875683,0.1553930530164533,0.0786106032906763,-0.0017988846914912,0.0897072710103871,50.0,58.3,0.6692307692307692,0.0056980056980057,-3.265332778226802e-05,-0.0003110566638893
2012-02-07,54.69969788519638,55.53353474320242,54.69969788519638,55.2,34300.0,55.2,54.81999999999999,53.49,50.852,51.80666666666667,71.03149999999994,False,False,False,False,False,False,True,False,False,False,False,0.0271739130434782,0.201086956521739,,,0.0787681159420291,0.0614734299516907,0.1286231884057969,0.0869565217391303,-0.0014927293784585,0.0781454477472424,50.5,57.5,1.971264367816092,0.0060567922598914,0.0003587865618856,0.0003061553130327
2012-02-08,55.16666666666666,55.66666666666666,54.16666666666666,55.0,29700.0,55.0,54.720000000000006,53.85999999999999,51.172,51.73733333333334,70.83749999999995,False,False,False,False,False,False,True,False,False,False,False,0.0363636363636363,0.1854545454545455,,,0.0696,0.059321212121212,0.1418181818181817,0.1054545454545454,-0.0013401025693889,0.0746379502413667,48.8,57.5,0.8658892128279884,0.0062534198389744,0.0001966275790829,0.0001526268090695
2012-02-09,55.29938650306748,55.29938650306748,53.30061349693251,54.3,24400.0,54.3,54.68000000000001,54.17,51.376,51.664,70.62549999999995,False,False,False,False,False,False,True,False,False,True,False,0.1197053406998158,0.1841620626151013,,,0.0538489871086556,0.0485451197053406,0.147329650092081,0.1381215469613259,-0.0014194280995148,0.0777182942588148,49.2,53.3,0.8215488215488216,0.0039707256306446,-0.0022826942083297,-7.932553012594368e-05
2012-02-10,55.132822085889565,55.132822085889565,54.3,54.3,8800.0,54.3,54.7,54.46999999999999,51.66799999999999,51.58800000000001,70.38349999999994,False,True,False,False,False,False,True,False,False,False,False,0.0626151012891345,0.1639042357274402,,,0.0484714548802947,0.0499447513812152,0.1565377532228361,0.1325966850828729,-0.0014732108242225,0.0796768863594641,49.3,52.3,0.360655737704918,0.0056514670589145,0.0016807414282698,-5.3782724707661335e-05
2012-02-13,53.199384615384616,55.03384615384616,53.199384615384616,54.2,17400.0,54.2,54.6,54.69,51.964,51.53333333333333,70.16849999999995,False,False,False,False,False,False,True,False,False,False,False,0.1476014760147601,0.1531365313653136,,,0.0412546125461255,0.0492004920049201,0.1678966789667895,0.121771217712177,-0.0010608020698578,0.0844761382336805,48.29999999999999,51.2,1.9772727272727275,0.0056962512508661,4.478419195160649e-05,0.0004124087543646
2012-02-14,54.53205882352942,56.7,54.53205882352942,56.7,25500.0,56.7,54.9,54.86,52.29200000000001,51.51199999999999,69.95449999999995,False,False,False,False,False,False,True,False,False,False,False,0.1693121693121692,0.0846560846560846,,,0.0777425044091709,0.091499118165785,0.0793650793650794,0.0723104056437388,-0.0004141429828649,0.0893182646737147,48.0,50.79999999999999,1.4655172413793105,0.0062724699762871,0.000576218725421,0.0006466590869929
2012-02-15,56.66666666666666,58.16666666666666,56.33333333333333,57.0,52100.0,57.0,55.3,55.010000000000005,52.632000000000005,51.48933333333333,69.75699999999996,False,False,False,False,False,False,True,False,False,False,False,0.143859649122807,0.0789473684210526,,,0.0766315789473683,0.0966783625730995,0.131578947368421,0.057894736842105,-0.0004402206282207,0.0928922014179237,48.29999999999999,50.7,2.0431372549019606,0.0064599483204133,0.0001874783441261,-2.6077645355791377e-05
2012-02-16,58.3013698630137,62.29917808219178,58.3013698630137,60.8,120300.0,60.8,56.6,55.64,53.104000000000006,51.52,69.58099999999995,False,False,False,False,False,False,True,True,False,False,False,0.0575657894736842,0.0082236842105263,,,0.1265789473684209,0.1526315789473683,0.1101973684210526,-0.0180921052631578,0.0005952380952382,0.0844716031631921,47.3,50.5,2.309021113243762,0.0088882193431756,0.0024282710227623,0.0010354587234589
2012-02-17,60.201445086705206,61.70231213872833,57.7,57.7,60300.0,57.7,57.28,55.99,53.444,51.498666666666665,69.38349999999996,False,False,False,False,False,False,True,False,False,True,False,0.095320623916811,0.0693240901213172,,,0.0737608318890814,0.1074754477180821,0.1490467937608317,0.0571923743500866,-0.0004142502071251,0.0818003214859797,48.0,49.7,0.5012468827930174,0.0063617992665218,-0.0025264200766537,-0.0010094883023634
2012-02-20,59.36514745308311,62.2,58.19785522788204,62.2,93300.0,62.2,58.88,56.74,53.900000000000006,51.52133333333333,69.21349999999997,False,False,False,False,False,False,True,True,False,False,False,0.0048231511254018,-0.0080385852090031,,,0.1334405144694533,0.1716827438370847,0.0530546623794211,-0.0241157556270095,0.0004399472063352,0.0704970038773353,48.0,49.3,1.5472636815920398,0.0084601113172542,0.0020983120507323,0.0008541974134604
2012-02-21,62.46859296482412,66.46658291457285,61.63567839195979,66.3,146700.0,66.3,60.8,57.85,54.53200000000001,51.596,69.04999999999997,False,False,False,False,False,False,True,True,False,False,False,-0.0723981900452488,-0.0271493212669682,,,0.1774962292609349,0.2217797888386123,-0.0452488687782805,-0.0904977375565612,0.0014471406052148,0.0504753673292999,47.5,48.8,1.572347266881029,0.0115895254162694,0.0031294140990152,0.0010071933988796
2012-02-22,66.36726342710998,66.53401534526854,63.53248081841432,65.2,55400.0,65.2,62.44,58.870000000000005,55.14000000000001,51.66933333333333,68.88099999999997,False,False,False,False,False,False,True,True,False,True,False,-0.0567484662576687,-0.0184049079754601,,,0.1542944785276072,0.2075255623721882,-0.0061349693251534,-0.0460122699386503,0.0014192815854665,0.0346526244267027,49.0,48.2,0.3776414451261077,0.0110264780558577,-0.0005630473604116,-2.7859019748349527e-05
2012-02-23,65.13290155440414,65.13290155440414,62.80077720207253,64.3,21900.0,64.3,63.14,59.86999999999999,55.71200000000001,51.736,68.68999999999997,False,False,False,False,False,False,True,True,False,True,False,-0.046656298600311,-0.004665629860031,,,0.1335614307931568,0.1953965785381026,-0.0093312597200621,-0.0590979782270606,0.0012885933714757,0.0151995991314516,49.5,47.0,0.3953068592057762,0.0102670878805284,-0.0007593901753292,-0.0001306882139907
2012-02-24,64.36728232189974,65.03430079155673,62.36622691292876,63.2,78000.0,63.2,64.24,60.760000000000005,56.22800000000001,51.79466666666666,68.49949999999998,False,False,False,False,False,False,True,True,False,True,False,-0.0237341772151897,0.0015822784810125,,,0.1103164556962024,0.1804641350210972,0.0174050632911391,-0.0537974683544304,0.001132677753179,-0.0024687294272549,47.0,46.7,3.5616438356164384,0.0091769225297004,-0.001090165350828,-0.0001559156182966
2012-02-27,63.33333333333333,63.33333333333333,60.5,62.5,90500.0,62.5,64.3,61.59,56.736,51.85066666666666,68.31199999999998,False,False,False,False,False,False,True,True,False,True,False,-0.0127999999999998,0.0112,,,0.092224,0.1703893333333334,0.0352,-0.0527999999999999,0.0010800246862786,-0.0185094982951777,47.5,48.29999999999999,1.1602564102564104,0.0089537507050195,-0.0002231718246809,-5.26530669004658e-05
2012-02-28,60.5,62.16666666666666,60.5,61.5,40900.0,61.5,63.34,62.07000000000001,57.20399999999999,51.904,68.1155,False,False,False,False,False,False,True,True,False,True,False,0.048780487804878,0.0130081300813007,,,0.0698536585365854,0.1560325203252032,0.032520325203252,-0.0276422764227642,0.0010275380189068,-0.0277106492669567,47.5,48.29999999999999,0.4519337016574585,0.0081812460667085,-0.0007725046383109,-5.248666737177007e-05
2012-02-29,61.33333333333333,61.83333333333333,61.33333333333333,61.5,40400.0,61.5,62.6,62.52,57.612,51.95733333333333,67.9145,False,False,False,False,False,False,True,True,False,True,False,0.040650406504065,0.0211382113821137,,,0.0632195121951219,0.1551653116531165,0.008130081300813,-0.0373983739837397,0.0010264832683226,-0.036468330134357,47.0,49.0,0.9877750611246944,0.0070818579462613,-0.0010993881204472,-1.0547505842467813e-06
2012-03-01,61.63315217391304,61.63315217391304,60.80027173913043,61.3,15300.0,61.3,62.0,62.56999999999999,58.01599999999999,52.064,67.71449999999999,False,False,False,False,False,False,True,True,False,True,False,0.0440456769983687,0.0163132137030995,,,0.0535725938009788,0.150668841761827,0.0244698205546492,-0.029363784665579,0.0020487604998976,-0.0375579351126736,49.2,49.7,0.3787128712871287,0.0069635962493103,-0.0001182616969509,0.0010222772315749
2012-03-02,61.19972972972974,61.70000000000001,61.03297297297298,61.70000000000001,21300.0,61.7,61.7,62.970000000000006,58.432,52.18933333333333,67.5415,False,False,False,False,False,False,True,True,False,False,True,0.0259319286871958,0.0178282009724471,,,0.0529659643435981,0.1541437061048084,0.0097244732576983,-0.0113452188006484,0.0024015124418782,-0.0436715896458631,47.0,51.3,1.392156862745098,0.0071193866374591,0.0001557903881487,0.0003527519419806
2012-03-05,61.19972972972974,62.03351351351352,61.19972972972974,61.70000000000001,12600.0,61.7,61.540000000000006,62.92,58.82000000000001,52.32933333333333,67.375,False,False,False,False,False,False,True,True,False,True,False,0.0243111831442462,0.0259319286871958,,,0.046677471636953,0.1518746623446787,0.0081037277147486,-0.0113452188006484,0.0026753637220679,-0.0424348378893833,46.8,50.0,0.5915492957746479,0.0065963957837471,-0.000522990853712,0.0002738512801897
2012-03-06,62.16666666666666,64.83333333333333,62.16666666666666,64.5,94000.0,64.5,62.14000000000001,62.74,59.2,52.51199999999999,67.22349999999999,False,False,False,False,False,False,True,True,False,True,False,-0.0341085271317829,-0.0511627906976742,,,0.0821705426356588,0.1858604651162791,-0.0496124031007752,-0.0496124031007752,0.0034785699776558,-0.0380937201147593,48.5,50.5,7.46031746031746,0.0064189189189188,-0.0001774768648282,0.0008032062555878
2012-03-07,63.0,64.0,62.83333333333333,64.0,38700.0,64.0,62.64000000000001,62.620000000000005,59.540000000000006,52.68933333333332,67.0645,False,False,False,False,False,False,True,True,False,True,False,-0.01875,0.0078125,,,0.0696874999999999,0.1767291666666668,-0.046875,-0.0546875,0.0033656401042588,-0.0389651868412649,48.5,48.8,0.4117021276595745,0.0057104467584817,-0.000708472160437,-0.0001129298733969
2012-03-08,64.0,64.66666666666666,63.83333333333333,64.0,29200.0,64.0,63.18000000000001,62.59,59.92000000000001,52.86933333333332,66.90949999999998,False,False,False,False,False,False,True,True,False,False,False,-0.0265625,0.0546875,,,0.0637499999999998,0.1739166666666668,-0.0437499999999998,-0.046875,0.0034046201957026,-0.0377057037865474,49.0,49.2,0.7545219638242894,0.0063417890520694,0.0006313422935877,3.8980091443748064e-05
2012-03-09,64.63263157894737,64.63263157894737,62.80026315789473,63.3,49600.0,63.3,63.5,62.6,60.284,53.05066666666665,66.71349999999998,False,False,False,False,False,False,True,True,False,True,False,-0.0078988941548183,0.0473933649289099,,,0.0476461295418641,0.1619167983149028,-0.0252764612954184,-0.0647709320695101,0.0034181160148787,-0.0388178913738019,49.2,49.3,1.6986301369863013,0.006038086391082,-0.0003037026609874,1.349581917614237e-05
2012-03-12,63.03324538258576,63.53350923482849,62.69973614775726,63.2,13000.0,63.2,63.8,62.67,60.624,53.23599999999998,66.5345,False,False,False,False,False,False,True,True,False,True,False,0.0015822784810125,0.036392405063291,,,0.040759493670886,0.1576582278481015,-0.0300632911392405,-0.0300632911392405,0.0034813534700828,-0.0365406095420456,50.79999999999999,48.29999999999999,0.2620967741935484,0.0056083399313803,-0.0004297464597016,6.323745520413595e-05
2012-03-13,62.46657754010695,62.9663101604278,62.3,62.3,14300.0,62.3,63.36,62.75,60.908,53.41599999999998,66.34249999999999,False,False,False,False,False,False,True,True,False,True,False,-0.017656500802568,0.0160513643659711,,,0.0223434991974317,0.1426003210272875,-0.0160513643659711,-0.0256821829855535,0.0033697768458888,-0.0363346613545815,50.5,48.0,1.1,0.004662770079464,-0.0009455698519162,-0.000111576624194
2012-03-14,63.29973474801061,64.63236074270557,62.30026525198939,62.8,42600.0,62.8,63.120000000000005,62.88,61.22,53.61066666666666,66.16499999999998,False,False,False,False,False,False,True,True,False,False,False,0.0270700636942675,0.0318471337579617,,,0.0251592356687897,0.1463269639065818,-0.0207006369426751,-0.036624203821656,0.0036311181854359,-0.0362595419847328,50.0,48.29999999999999,2.979020979020979,0.0050963737340737,0.0004336036546097,0.000261341339547
2012-03-15,63.29946524064171,63.29946524064171,62.13342245989304,62.3,16800.0,62.3,62.78000000000001,62.98,61.53999999999999,53.81466666666666,65.99049999999998,False,False,False,False,False,False,True,True,False,False,False,0.0834670947030498,0.0224719101123596,,,0.0121990369181381,0.1362011771000535,-0.0080256821829855,-0.0337078651685392,0.003790788137063,-0.0366783105747855,50.0,47.3,0.3943661971830985,0.0051998700032498,0.000103496269176,0.000159669951627
2012-03-16,61.96710875331564,63.133156498673735,61.80053050397878,62.8,17800.0,62.8,62.68000000000001,63.09,61.88,54.02933333333333,65.81549999999997,False,False,False,False,False,False,True,True,False,False,False,0.0557324840764331,0.0238853503184713,,,0.0146496815286623,0.1396602972399151,0.0270700636942675,-0.0557324840764331,0.0039731503874438,-0.0410524647329212,50.3,48.0,1.0595238095238095,0.0054945054945056,0.0002946354912558,0.0001823622503808
2012-03-19,62.46710526315789,63.3,62.30052631578947,63.3,23200.0,63.3,62.7,63.25,62.24399999999999,54.22933333333333,65.64949999999997,False,False,False,False,False,False,True,True,False,False,False,0.0347551342812006,0.0221169036334914,,,0.0166824644549763,0.1432964718272775,0.0063191153238547,-0.0315955766192733,0.0036880409126672,-0.0430039525691699,49.79999999999999,48.0,1.303370786516854,0.0058479532163741,0.0003534477218684,-0.0002851094747766
2012-03-21,62.5340599455041,62.5340599455041,57.36457765667576,61.20000000000001,213200.0,61.2,62.48,62.92,62.424,54.401333333333326,65.46699999999998,False,False,False,False,False,False,True,True,False,True,False,0.0343137254901958,0.037581699346405,,,-0.0199999999999998,0.1110893246187366,0.0620915032679736,-0.019607843137255,0.0031616872135486,-0.0400508582326764,49.79999999999999,47.5,9.189655172413794,0.002883506343714,-0.00296444687266,-0.0005263536991186
2012-03-22,65.16666666666666,66.16666666666666,63.33333333333333,64.5,249700.0,64.5,62.82000000000001,62.970000000000006,62.724,54.608,65.30049999999999,False,False,False,False,False,False,True,True,False,False,False,0.0046511627906976,-0.0387596899224806,,,0.0275348837209302,0.1533643410852713,0.0124031007751937,-0.0108527131782946,0.0037845492723899,-0.0355724948388122,51.3,49.0,1.1712007504690432,0.0047828582360818,0.0018993518923677,0.0006228620588413
2012-03-23,64.66666666666666,67.83333333333333,63.83333333333333,67.5,204200.0,67.5,63.86,63.32000000000001,62.99199999999999,54.84533333333333,65.15449999999998,False,False,False,False,False,False,True,True,False,True,True,-0.0562962962962962,-0.0696296296296296,,,0.0667851851851853,0.1874765432098766,-0.0251851851851852,-0.0666666666666666,0.0043273204648222,-0.0377447883765003,51.2,49.5,0.8177813376051262,0.0042545085090169,-0.0005283497270649,0.0005427711924323
2012-03-26,66.7997487437186,67.96582914572863,66.3,66.3,81200.0,66.3,64.56,63.620000000000005,63.33599999999999,55.04533333333334,65.01099999999998,False,False,False,False,False,False,True,True,False,False,False,-0.0301659125188536,-0.0603318250377073,,,0.0447058823529412,0.1697536450477625,-0.0241327300150828,-0.0573152337858219,0.0036333688596068,-0.0370952530650738,51.3,47.0,0.3976493633692458,0.0054313502589364,0.0011768417499195,-0.0006939516052154
2012-03-27,66.66666666666666,66.66666666666666,64.33333333333333,65.5,67500.0,65.5,65.0,63.85,63.46799999999999,55.25200000000001,64.8825,False,False,False,False,False,False,True,True,False,True,False,-0.0122137404580152,-0.0503816793893129,,,0.0310229007633589,0.1564580152671754,-0.0030534351145038,-0.0503816793893129,0.0037404377518763,-0.0391542678151917,52.0,47.5,0.8312807881773399,0.0020797882397428,-0.0033515620191936,0.0001070688922695
2012-03-28,64.96578947368421,64.96578947368421,61.63421052631579,63.3,77600.0,63.3,65.42,63.95,63.34799999999999,55.42266666666668,64.74799999999998,False,False,False,False,False,False,False,True,False,True,False,0.0031595576619273,-0.0315955766192733,,,-0.0007582938388624,0.1244444444444442,0.0031595576619273,-0.0205371248025276,0.0030793658430967,-0.0386239249413605,55.0,47.5,1.1496296296296296,-0.0018942981625307,-0.0039740864022735,-0.0006610719087795
2012-03-29,61.96812339331619,65.63290488431876,61.96812339331619,64.8,34400.0,64.8,65.48,64.15,63.33199999999999,55.63600000000001,64.62449999999998,False,False,False,False,False,False,False,True,False,False,False,-0.0432098765432098,-0.0586419753086419,,,0.0226543209876544,0.1414197530864195,-0.0092592592592591,-0.0555555555555553,0.0038344477197018,-0.0405300077942323,55.5,47.0,0.4432989690721649,-0.0002526368976189,0.0016416612649117,0.0007550818766051
2012-03-30,64.867277486911,65.53429319371728,62.532722513089006,63.7,48700.0,63.7,64.72,64.28999999999999,63.30799999999999,55.82933333333333,64.50699999999998,False,False,False,False,False,False,False,True,False,True,False,-0.0141287284144427,-0.0392464678178962,,,0.0061538461538463,0.1235583464154893,0.0015698587127157,-0.0235478806907378,0.0034629346580051,-0.0395084772126301,54.5,49.2,1.4156976744186047,-0.0003790990080241,-0.0001264621104051,-0.0003715130616967
2012-04-02,64.63316062176165,64.63316062176165,63.96683937823833,64.3,20900.0,64.3,64.32000000000001,64.44,63.35199999999999,56.02933333333334,64.38499999999998,False,False,False,False,False,False,True,True,False,False,False,-0.031104199066874,-0.040435458786936,,,0.0147433903576984,0.1286262312078795,-0.0233281493001555,0.015552099533437,0.0035695588025321,-0.0324332712600868,54.2,47.0,0.4291581108829568,0.0006945321378961,0.0010736311459203,0.000106624144527
2012-04-03,64.53324742268042,65.53376288659794,64.53324742268042,64.7,22700.0,64.7,64.16,64.58000000000001,63.43999999999999,56.248000000000005,64.26599999999999,False,False,False,False,False,False,True,True,True,False,False,-0.0386398763523956,-0.0525502318392582,,,0.0194744976816076,0.1306336939721792,-0.0525502318392582,-0.0680061823802165,0.003887545631252,-0.0360792815113041,54.7,46.8,1.0861244019138756,0.0013871374527112,0.000692605314815,0.0003179868287198
2012-04-04,64.66666666666666,65.0,63.33333333333333,63.5,30400.0,63.5,64.2,64.81,63.51999999999999,56.45466666666667,64.13249999999998,False,False,False,False,False,False,True,True,False,True,False,-0.0346456692913386,-0.0346456692913386,,,-0.000314960629921,0.1109501312335957,-0.0503937007874017,-0.0267716535433071,0.003660754351574,-0.0367227279740782,55.2,48.5,1.3392070484581498,0.0012594458438286,-0.0001276916088825,-0.0002267912796779
2012-04-05,63.33333333333333,63.33333333333333,61.66666666666666,62.0,28600.0,62.0,63.64,64.56,63.53999999999999,56.63733333333335,63.98849999999999,False,False,False,False,False,False,True,True,False,True,False,-0.0161290322580645,-0.0080645161290322,,,-0.0248387096774192,0.0864946236559136,-0.0532258064516128,-0.0161290322580645,0.0032251989265034,-0.0373296158612144,55.0,48.5,0.9407894736842104,0.0003147623544224,-0.0009446834894062,-0.0004355554250706
2012-04-06,61.96710875331564,62.96657824933686,61.134217506631295,62.8,29400.0,62.8,63.46,64.09,63.6,56.844,63.85499999999998,False,False,False,False,False,False,True,True,False,False,False,-0.0254777070063692,-0.0159235668789808,,,-0.0127388535031847,0.0948407643312101,-0.0955414012738853,-0.0175159235668787,0.0036356812797595,-0.0322983304727726,54.3,49.0,1.027972027972028,0.0009433962264152,0.0006286338719927,0.000410482353256
2012-04-09,61.46711229946524,62.79973262032085,61.46711229946524,62.3,6500.0,62.3,63.06,63.69,63.624,57.03466666666667,63.72499999999998,False,False,False,False,False,False,True,True,False,True,False,-0.0096308186195824,0.0353130016051364,,,-0.0212520064205458,0.0845157838416263,-0.0818619582664525,0.014446227929374,0.0033429960725641,-0.025121683152771,54.3,49.2,0.2210884353741496,0.000377216144851,-0.0005661800815642,-0.0002926852071953
2012-04-10,62.2,62.53351206434317,62.03324396782842,62.2,6300.0,62.2,62.56,63.36,63.644,57.22400000000002,63.6035,False,False,False,False,False,False,True,True,False,True,False,-0.0144694533762058,0.0241157556270096,,,-0.0232154340836012,0.0799999999999997,-0.1028938906752412,-0.0112540192926045,0.0033086350715319,-0.0211489898989898,54.2,50.79999999999999,0.9692307692307692,0.0003142480045251,-6.296814032590519e-05,-3.436100103220135e-05
2012-04-11,61.13342391304348,61.79972826086957,60.46711956521739,61.3,20000.0,61.3,62.120000000000005,63.16,63.51599999999999,57.408000000000015,63.4735,False,False,False,False,False,False,False,True,False,True,False,0.0,0.0603588907014682,,,-0.0361500815660684,0.063491027732463,-0.0815660685154975,-0.0244698205546492,0.0032051282051281,-0.0215326155794807,56.7,50.5,3.1746031746031744,-0.0020152402544241,-0.0023294882589493,-0.0001035068664037
2012-04-12,61.33333333333333,61.33333333333333,60.5,61.0,9400.0,61.0,61.92,62.78,63.396,57.56800000000002,63.346,False,False,False,False,False,False,False,True,False,False,False,0.0081967213114754,0.0704918032786884,,,-0.0392786885245901,0.0562622950819669,-0.0704918032786884,0.0081967213114754,0.0027793218454697,-0.0151322077094616,57.0,50.0,0.47,-0.0018928639030852,0.0001223763513389,-0.0004258063596583
2012-04-13,61.033242506812,62.700817438692106,59.5324250681199,61.20000000000001,13300.0,61.2,61.6,62.53000000000001,63.284,57.72400000000002,63.226000000000006,False,False,False,False,False,False,False,True,False,False,False,0.0098039215686272,0.0751633986928102,,,-0.0340522875816991,0.0567973856209148,-0.0604575163398694,-0.0032679738562093,0.0027025154181969,-0.0131137054213978,60.8,50.0,1.4148936170212767,-0.0017697996333986,0.0001230642696865,-7.680642727285339e-05
2012-04-16,60.36594594594595,61.70000000000001,60.36594594594595,61.70000000000001,5400.0,61.7,61.48,62.27,63.22,57.92000000000001,63.111,False,False,False,False,False,False,False,True,False,False,False,0.045380875202593,0.0486223662884925,,,-0.0246353322528361,0.0612641815235008,-0.0486223662884928,-0.027552674230146,0.0033839779005523,-0.0175044162518068,57.7,50.3,0.4060150375939849,-0.0010123378677633,0.0007574617656353,0.0006814624823554
2012-04-17,61.79972826086957,62.13288043478261,60.80027173913043,61.3,6200.0,61.3,61.3,61.92999999999999,63.144,58.10400000000001,62.985,False,False,False,False,False,False,False,True,False,True,False,0.0391517128874389,0.065252854812398,,,-0.0300815660685155,0.0521370309951057,-0.0375203915171288,-0.029363784665579,0.003166735508743,-0.0134022283222992,62.2,49.79999999999999,1.148148148148148,-0.0012035981249208,-0.0001912602571574,-0.0002172423918093
2012-04-18,60.96684782608696,62.29945652173913,60.96684782608696,61.3,9600.0,61.3,61.30000000000001,61.71,63.104,58.28800000000002,62.8605,False,False,False,False,False,False,False,True,False,False,False,0.0603588907014682,0.0358890701468189,,,-0.0294290375203915,0.0491353996737353,-0.0212071778140293,0.0032626427406199,0.0031567389514137,-0.0103710905849942,66.3,49.79999999999999,1.5483870967741935,-0.0006338742393508,0.0005697238855699,-9.99655732927384e-06
2012-04-19,61.66666666666666,61.66666666666666,61.0,61.5,5700.0,61.5,61.4,61.66,63.052,58.48133333333335,62.72549999999999,False,False,False,False,False,False,False,True,False,True,False,0.0617886178861788,0.0439024390243902,,,-0.0252357723577235,0.049084010840108,-0.0113821138211382,0.1918699186991869,0.0033058981783361,0.010379500486539,65.2,51.3,0.59375,-0.0008247161073399,-0.000190841867989,0.0001491592269223
2012-04-20,61.96657681940701,62.133153638814015,61.63342318059299,61.8,5200.0,61.8,61.52,61.55999999999999,63.03199999999999,58.64933333333335,62.59449999999999,False,False,False,False,False,False,False,True,False,False,False,0.0647249190938511,0.0323624595469255,,,-0.019935275080906,0.050981661272923,0.0,0.1440129449838188,0.0028644826880669,0.026640675763483,64.3,51.2,0.912280701754386,-0.0003172991496384,0.0005074169577015,-0.0004414154902692
2012-04-23,68.33333333333333,70.83333333333333,64.5,64.5,239800.0,64.5,62.08,61.78000000000001,63.1,58.88266666666669,62.47549999999999,False,False,False,False,True,False,True,True,True,False,True,0.0031007751937984,-0.0263565891472868,,,0.0217054263565891,0.0870904392764854,-0.0465116279069767,0.0418604651162791,0.0039626828495086,0.0294593719650372,63.2,51.3,46.11538461538461,0.0010776545166404,0.0013949536662788,0.0010982001614417
2012-04-24,64.53376963350786,64.867277486911,63.03298429319372,63.7,64100.0,63.7,62.56,61.93000000000001,63.11600000000001,59.10800000000002,62.3605,False,False,False,False,False,False,True,True,False,True,False,0.0251177394034536,-0.0376766091051806,,,0.0091679748822605,0.0720879120879118,-0.0455259026687599,0.0941915227629513,0.0038122307189099,0.040206684966898,62.5,52.0,0.2673060884070058,0.0002535014893213,-0.0008241530273191,-0.0001504521305986
2012-04-25,65.33333333333333,65.5,64.0,65.0,45300.0,65.0,63.3,62.30000000000001,63.268,59.32800000000002,62.2505,False,False,False,False,False,False,True,True,True,False,False,-0.023076923076923,-0.0723076923076924,,,0.0266461538461538,0.0872615384615382,-0.0646153846153846,0.0923076923076923,0.0037081984897518,0.0520064205457463,61.5,55.0,0.7067082683307332,0.0024024783460832,0.0021489768567618,-0.0001040322291581
2012-04-26,66.1329081632653,66.1329081632653,65.13341836734693,65.3,9800.0,65.3,64.06,62.73,63.29999999999999,59.55200000000002,62.13799999999999,False,False,False,False,False,False,True,True,False,True,False,-0.016845329249617,-0.1010719754977028,,,0.0306278713629403,0.08802450229709,-0.0765696784073508,0.0520673813169985,0.0037614185921548,0.0562729156703333,61.5,55.5,0.2163355408388521,0.0005055292259082,-0.001896949120175,5.322010240294949e-05
2012-04-27,65.30025316455696,65.8,63.467848101265815,65.8,33800.0,65.8,64.86,63.19,63.232,59.77600000000003,62.02449999999999,False,False,False,False,False,False,False,True,False,True,False,-0.0303951367781155,-0.1367781155015197,,,0.0390273556231002,0.0915501519756833,-0.0927051671732522,0.0866261398176292,0.0037473233404712,0.0652001899034658,61.3,54.5,3.4489795918367347,-0.0010754048582994,-0.0015809340842076,-1.4095251683545524e-05
2012-05-01,65.03350515463919,65.53376288659794,64.19974226804125,64.7,55100.0,64.7,64.9,63.49,63.168,59.98266666666669,61.909,False,False,False,False,False,False,False,True,False,False,False,-0.0293663060278207,-0.115919629057187,,,0.0236785162287481,0.0729108706852135,-0.0571870170015456,0.0942812982998453,0.003445439793718,0.0771775082690187,61.70000000000001,54.2,1.6301775147928994,-0.0010131712259371,6.22336323622642e-05,-0.0003018835467532
2012-05-02,65.3,65.96632653061225,64.80025510204082,65.3,26200.0,65.3,65.22,63.89,63.16,60.17600000000002,61.794,False,False,False,False,False,False,False,True,False,False,False,-0.0612557427258805,-0.1454823889739663,,,0.0327718223583461,0.0784686064318525,-0.0704441041347624,0.1225114854517611,0.0032127980147124,0.0920331820316165,61.70000000000001,54.7,0.4754990925589836,-0.0001266624445852,0.0008865087813519,-0.0002326417790055
2012-05-07,65.5,65.5,63.33333333333333,63.5,33700.0,63.5,64.92,64.11,63.168,60.34933333333337,61.6765,False,False,False,False,False,False,True,True,False,False,False,-0.0503937007874017,-0.1133858267716535,,,0.0052283464566929,0.0496167979002619,-0.0503937007874017,0.1259842519685039,0.0028721664972827,0.1038839494618623,64.5,55.2,1.286259541984733,0.0001266464032421,0.0002533088478274,-0.0003406315174297
2012-05-08,63.69974025974027,64.70025974025974,63.69974025974027,64.2,12100.0,64.2,64.7,64.38000000000001,63.144,60.5386666666667,61.563500000000005,False,False,False,False,False,False,False,True,False,True,False,-0.0856697819314641,-0.116822429906542,,,0.0164485981308411,0.0570301142263754,-0.0311526479750778,0.1292834890965731,0.0031274777552638,0.0980118049083564,64.0,55.0,0.3590504451038576,-0.000380083618396,-0.0005067300216382,0.0002553112579811
2012-05-09,63.96657963446475,64.29973890339426,63.63342036553525,63.8,62100.0,63.8,64.3,64.58,63.148,60.7226666666667,61.4515,False,False,False,False,False,False,True,True,False,False,False,-0.109717868338558,-0.0987460815047021,,,0.010219435736677,0.0482340647857884,-0.0517241379310344,0.2068965517241379,0.0030301699530103,0.1043666769897802,64.0,54.3,5.132231404958677,6.334325711035802e-05,0.0004434268755064,-9.73078022534356e-05
2012-05-10,62.46684350132625,63.79946949602122,62.46684350132625,62.8,56100.0,62.8,63.92,64.41,63.088,60.88933333333336,61.32949999999999,False,False,False,False,False,True,False,True,False,True,False,-0.0891719745222929,-0.0652866242038215,,,-0.0045859872611465,0.0304246284501056,-0.0477707006369426,0.3646496815286625,0.0027372062977642,0.136003726129483,63.3,54.3,0.9033816425120772,-0.0009510524980979,-0.0010143957552082,-0.0002929636552461
2012-05-11,62.79918478260869,62.79918478260869,61.3,61.3,26800.0,61.3,63.120000000000005,64.16999999999999,62.95199999999999,61.04266666666669,61.20949999999998,False,False,False,False,False,False,False,True,False,True,False,-0.0897226753670473,-0.0375203915171288,,,-0.0269494290375202,0.0041979336595971,-0.0342577487765088,0.3588907014681892,0.0025119042418416,0.1614461586411098,63.2,54.2,0.4777183600713012,-0.0021603761596138,-0.0012093236615159,-0.0002253020559225
2012-05-14,60.13342541436463,61.63259668508287,60.13342541436463,60.29999999999999,32600.0,60.3,62.48,63.69999999999999,62.823999999999984,61.1826666666667,61.08099999999997,False,False,False,False,False,False,False,True,False,False,False,-0.0663349917081259,-0.0049751243781092,,,-0.0418573797678274,-0.0146379215035938,-0.0082918739635156,0.3515754560530682,0.0022882297818555,0.1864992150706438,62.3,56.7,1.2164179104477613,-0.0020374379218134,0.0001229382378003,-0.0002236744599861
2012-05-15,59.86732954545455,60.034090909090914,58.03295454545455,58.7,73000.0,58.7,61.38,63.040000000000006,62.69199999999999,61.281333333333365,60.945999999999984,False,False,False,False,False,False,False,True,False,True,False,-0.0340715502555366,0.0357751277683133,,,-0.0680068143100509,-0.0439750141964797,0.0085178875638841,0.4906303236797273,0.00161006070364,0.228743654822335,62.8,57.0,2.239263803680981,-0.0021055318062909,-6.809388447749209e-05,-0.0006781690782155
2012-05-16,58.132551319648094,58.132551319648094,56.13372434017595,56.8,20900.0,56.8,59.98,62.14,62.45199999999999,61.35600000000002,60.80349999999999,False,False,False,False,False,False,False,True,False,True,False,0.0123239436619718,0.0880281690140845,,,-0.099507042253521,-0.0802112676056342,0.0475352112676056,0.5105633802816901,0.0012169415650736,0.2695526231091084,62.3,60.8,0.2863013698630137,-0.0038429513866649,-0.001737419580374,-0.0003931191385663
2012-05-17,56.032653061224494,57.533527696793,55.86588921282799,57.2,16400.0,57.2,58.86,61.39000000000001,62.24799999999999,61.434666666666686,60.66199999999997,False,False,False,False,False,False,False,True,False,False,False,0.0262237762237762,0.0751748251748251,,,-0.088251748251748,-0.0740326340326343,0.0664335664335663,0.4597902097902097,0.0012804930983591,0.3057501221697342,62.8,57.7,0.784688995215311,-0.0032772137257422,0.0005657376609227,6.355153328553532e-05
2012-05-18,55.13373134328358,55.966567164179104,54.13432835820896,55.8,23400.0,55.8,57.760000000000005,60.44,61.99199999999999,61.48533333333335,60.518499999999975,False,False,False,False,False,False,False,True,False,True,False,0.0573476702508961,0.089605734767025,,,-0.1109677419354837,-0.101887694145759,0.0931899641577061,0.514336917562724,0.0008240447586415,0.3448047650562542,63.3,62.2,1.4268292682926829,-0.0041295651051748,-0.0008523513794326,-0.0004564483397175
2012-05-21,55.80029585798816,56.96627218934911,55.80029585798816,56.3,10700.0,56.3,56.96,59.71999999999999,61.792,61.50266666666669,60.380999999999965,False,False,False,False,False,False,False,True,False,False,False,0.0657193605683837,0.0799289520426287,,,-0.0975488454706928,-0.0924097098875079,0.0888099467140319,0.4795737122557726,0.0002818305981313,0.3807769591426658,61.20000000000001,66.3,0.4572649572649572,-0.0032366649404451,0.0008929001647296,-0.0005422141605102
2012-05-22,56.3664705882353,56.86676470588236,56.199705882352944,56.7,11700.0,56.7,56.56,58.970000000000006,61.61999999999999,61.51866666666669,60.247999999999976,False,False,False,False,False,False,False,True,False,False,False,0.0723104056437388,0.0634920634920632,,,-0.0867724867724865,-0.0849853027630808,0.0670194003527336,0.4902998236331569,0.000260083660244,0.4186874682041714,64.5,65.2,1.0934579439252337,-0.0027913015254789,0.0004453634149662,-2.174693788734315e-05
2012-05-23,56.66666666666666,57.5,55.83333333333333,57.5,22500.0,57.5,56.7,58.34,61.472,61.55866666666669,60.12349999999997,False,False,True,False,False,False,False,True,False,False,False,0.0747826086956521,0.0382608695652174,,,-0.0690782608695652,-0.0705855072463771,0.0608695652173913,0.4782608695652174,0.0006497866533821,0.4477202605416522,67.5,64.3,1.9230769230769231,-0.0024076002082247,0.0003837013172542,0.0003897029931381
2012-05-24,57.53267045454546,58.7,57.3659090909091,58.7,10200.0,58.7,57.0,57.93000000000001,61.352,61.61866666666669,60.00299999999997,False,False,False,False,False,False,False,True,False,False,False,0.0477001703577512,0.039182282793867,,,-0.0451788756388414,-0.0497217490062468,0.0085178875638841,0.4650766609880749,0.000973730904055,0.4584843776972205,66.3,63.2,0.4533333333333333,-0.0019559264571652,0.0004516737510594,0.0003239442506729
2012-05-25,61.33333333333333,62.33333333333333,58.83333333333333,59.0,9500.0,59.0,57.64,57.7,61.25999999999999,61.67600000000001,59.88399999999997,False,False,False,False,False,False,False,True,False,False,False,0.0305084745762711,0.028813559322034,,,-0.0383050847457625,-0.0453559322033899,0.0389830508474575,0.4525423728813559,0.0009295890351728,0.4684575389948007,65.5,62.5,0.931372549019608,-0.0015017956252041,0.0004541308319611,-4.4141868882276495e-05
2012-05-28,57.66666666666666,60.0,57.66666666666666,60.0,10600.0,60.0,58.38,57.67,61.208,61.74000000000001,59.772499999999965,False,False,False,False,False,False,False,True,False,False,False,0.0133333333333332,0.0049999999999998,,,-0.0201333333333333,-0.0290000000000001,0.0116666666666668,0.4116666666666667,0.0010366051182377,0.474770244494538,63.3,61.5,1.1157894736842104,-0.0008495621487386,0.0006522334764655,0.0001070160830649
2012-05-29,58.96767123287671,61.13315068493151,58.96767123287671,60.8,11500.0,60.8,59.2,57.88,61.17999999999999,61.81733333333335,59.66599999999997,False,False,False,False,False,False,False,True,False,False,True,-0.0082236842105264,0.0230263157894737,,,-0.0062499999999999,-0.0167324561403512,-0.0049342105263157,0.3898026315789474,0.0012509975627117,0.4642363510711819,64.8,61.5,1.0849056603773586,-0.0004576659038902,0.0003918962448483,0.000214392444474
2012-05-30,60.80053908355795,61.8,60.80053908355795,61.8,9600.0,61.8,60.06,58.38,61.17999999999999,61.91733333333335,59.572999999999965,False,False,False,False,True,False,False,True,False,False,False,-0.0339805825242717,-0.0210355987055015,,,0.0100323624595469,-0.0018985976267533,-0.0258899676375403,0.3559870550161812,0.0016150566346526,0.4482699554641999,63.7,61.3,0.8347826086956521,0.0,0.0004576659038902,0.0003640590719408
2012-05-31,60.83333333333333,61.83333333333333,60.66666666666666,61.5,23500.0,61.5,60.620000000000005,58.81,61.05999999999999,62.01333333333334,59.50549999999996,False,False,False,False,False,False,False,True,False,True,False,-0.008130081300813,-0.0276422764227642,,,0.0071544715447156,-0.0083468834688348,-0.0357723577235772,0.4796747967479675,0.0015480541818961,0.4504335997279373,64.3,61.70000000000001,2.4479166666666665,-0.0019652800524075,-0.0019652800524075,-6.700245275648186e-05
2012-06-01,60.8,61.13315068493151,60.30027397260274,60.8,18800.0,60.8,60.98,59.30999999999999,60.94399999999999,62.10133333333335,59.43899999999996,False,False,False,False,False,False,False,True,False,False,False,-0.001644736842105,-0.0263157894736841,,,-0.0023684210526314,-0.0214035087719301,0.0082236842105263,0.4769736842105263,0.0014170388182756,0.4471421345472941,64.7,61.70000000000001,0.8,-0.0019033867156733,6.18933367341431e-05,-0.0001310153636205
2012-06-04,58.13479452054794,61.29972602739726,56.80219178082192,60.8,13500.0,60.8,61.14,59.75999999999999,60.776,62.15600000000002,59.36599999999995,False,False,False,False,False,False,False,True,False,True,False,-0.0082236842105264,-0.0164473684210526,,,0.0003947368421051,-0.0223026315789477,-0.013157894736842,0.5164473684210528,0.0008795074758135,0.4511378848728248,63.5,64.5,0.7180851063829787,-0.0027642490456756,-0.0008608623300022,-0.000537531342462
2012-06-05,59.4671270718232,61.29944751381215,58.96740331491712,60.29999999999999,15700.0,60.3,61.04,60.11999999999999,60.57599999999999,62.20000000000002,59.29249999999995,False,False,False,False,False,False,False,True,False,True,False,0.03150912106136,-0.0182421227197344,,,-0.0045771144278607,-0.0315091210613603,0.0580431177446104,0.5207296849087897,0.0007073954983922,0.4544244843646045,62.0,64.0,1.162962962962963,-0.0033016376122558,-0.0005373885665801,-0.0001721119774213
2012-06-06,59.86675977653631,61.36759776536313,59.03296089385475,59.7,36900.0,59.7,60.61999999999999,60.34000000000001,60.33199999999999,62.18533333333336,59.21999999999996,False,False,False,False,False,False,False,False,False,True,False,0.0134003350083751,-0.0033500837520938,,,-0.0105862646566161,-0.041630374092686,0.0552763819095476,0.5376884422110552,-0.0002358541135099,0.4603911170036458,62.8,64.0,2.35031847133758,-0.0040442882715641,-0.0007426506593082,-0.0009432496119022
2012-06-07,60.0,61.0,57.66666666666666,61.0,18900.0,61.0,60.52,60.57000000000001,60.184,62.22933333333336,59.16349999999995,False,False,False,False,False,False,False,True,False,False,False,-0.019672131147541,0.0,,,0.0133770491803279,-0.0201530054644812,0.0245901639344262,0.5032786885245902,0.0007070620500513,0.4642562324583127,62.3,63.3,0.5121951219512195,-0.0024591253489297,0.0015851629226343,0.0009429161635613
2012-06-08,61.70054945054946,61.70054945054946,60.36648351648352,60.70000000000001,17900.0,60.7,60.5,60.74000000000001,60.0,62.20933333333336,59.11299999999996,False,False,False,False,False,False,False,False,False,True,False,-0.0247116968698518,0.0049423393739701,,,0.0115321252059309,-0.0248654585392644,0.0247116968698516,0.502471169686985,-0.0003214951668559,0.4692130391834046,62.2,63.2,0.9470899470899472,-0.0030666666666666,-0.0006075413177368,-0.0010285572169073
2012-06-11,60.63314917127071,60.63314917127071,60.13342541436463,60.29999999999999,4800.0,60.3,60.4,60.77,59.87199999999999,62.12933333333334,59.06049999999996,False,False,False,False,False,False,False,False,False,False,False,-0.0082918739635156,0.0165837479270316,,,0.0070978441127694,-0.0303372028745166,0.0281923714759537,0.5887230514096188,-0.0012876365431254,0.4867533322363006,61.3,62.3,0.2681564245810056,-0.0021378941742384,0.0009287724924281,-0.0009661413762694
2012-06-12,59.03163538873995,62.2,59.03163538873995,62.2,16100.0,62.2,60.78,60.91,59.792,62.08933333333334,59.02499999999996,False,False,False,False,False,False,False,False,False,False,True,-0.0482315112540192,-0.0273311897106109,,,0.0387138263665595,0.0017792068595926,-0.0160771704180063,0.5643086816720256,-0.0006442330405651,0.5043506813331144,61.0,62.8,3.3541666666666665,-0.0013379716350011,0.0007999225392373,0.0006434035025602
2012-06-13,62.16666666666666,62.16666666666666,59.83333333333333,60.5,9000.0,60.5,60.94,60.78,59.66,62.03866666666667,58.988499999999966,False,False,False,False,False,False,False,False,False,True,False,-0.0165289256198347,0.0082644628099173,,,0.0138842975206612,-0.0254325068870524,0.028099173553719,0.6066115702479339,-0.0008166949644308,0.5296150049358341,61.20000000000001,62.3,0.5590062111801242,-0.0022125377137111,-0.0008745660787099,-0.0001724619238656
2012-06-14,59.30027855153203,60.13314763231197,59.30027855153203,59.8,2900.0,59.8,60.7,60.60999999999999,59.54,61.99333333333335,58.90599999999997,False,False,False,False,False,False,False,False,False,False,False,0.020066889632107,-0.0100334448160534,,,0.0043478260869564,-0.0366778149386847,0.0919732441471572,0.6354515050167224,-0.0007312614259596,0.5451245669031516,61.70000000000001,62.8,0.3222222222222222,-0.0020154517971111,0.0001970859165999,8.54335384712242e-05
2012-06-15,61.20112676056338,61.20112676056338,58.86647887323944,59.2,3000.0,59.2,60.4,60.45,59.456,61.94933333333334,58.83249999999996,False,False,False,False,False,True,False,False,False,False,False,0.0304054054054053,0.0354729729729728,,,-0.0043243243243243,-0.0464414414414415,0.0185810810810808,0.5624999999999999,-0.0007102578451208,0.5536807278742762,61.3,63.3,1.0344827586206895,-0.001412809472551,0.00060264232456,2.100358083883375e-05
2012-06-18,59.13370473537604,59.96657381615599,58.96713091922005,59.8,5400.0,59.8,60.3,60.35,59.43599999999999,61.92666666666668,58.76249999999996,False,False,False,False,False,False,False,False,False,False,False,0.0250836120401337,0.0150501672240804,,,0.0060869565217392,-0.0355629877369009,0.0334448160535117,0.5719063545150502,-0.0003660243298525,0.5592377796188897,61.3,61.20000000000001,1.8,-0.0003364963994886,0.0010763130730623,0.0003442335152683
2012-06-19,58.86647887323944,60.36732394366197,58.86647887323944,59.2,3500.0,59.2,59.7,60.24,59.456,61.89600000000002,58.69349999999998,False,False,False,False,False,False,True,False,False,False,False,0.0219594594594594,0.0219594594594594,,,-0.0043243243243243,-0.0455405405405408,0.0304054054054053,0.5624999999999999,-0.0004954547412862,0.5634130146082338,61.5,64.5,0.6481481481481481,0.0003363832077504,0.0006728796072391,-0.0001294304114337
2012-06-20,59.66666666666666,60.66666666666666,59.33333333333333,59.5,2200.0,59.5,59.5,60.220000000000006,59.56399999999999,61.87200000000001,58.63249999999997,False,False,False,False,False,False,True,False,True,False,False,0.0252100840336134,0.0117647058823529,,,-0.0010756302521007,-0.0398655462184875,0.0369747899159665,0.5546218487394958,-0.0003878975950351,0.5650946529392227,61.8,67.5,0.6285714285714286,0.0018131757437376,0.0014767925359872,0.0001075571462511
2012-06-21,61.0,61.0,60.66666666666666,61.0,2900.0,61.0,59.74,60.220000000000006,59.716,61.86266666666669,58.57599999999999,False,False,False,False,False,False,True,False,False,False,False,-0.0295081967213114,-0.0278688524590164,,,0.0210491803278688,-0.0141420765027326,0.0360655737704918,0.4868852459016396,-0.000150871823609,0.5634340750581202,64.5,66.3,1.318181818181818,0.0025453814723023,0.0007322057285647,0.0002370257714261
2012-06-22,59.66666666666666,61.0,59.66666666666666,61.0,3800.0,61.0,60.1,60.25,59.924,61.85333333333335,58.51349999999999,False,False,False,False,False,False,True,False,False,False,False,0.0049180327868851,0.0049180327868851,,,0.017639344262295,-0.0139890710382516,0.0081967213114754,0.5196721311475411,-0.0001508945893512,0.5651452282157676,63.7,65.5,1.3103448275862069,0.003471063346906,0.0009256818746036,-2.2765742212796333e-08
2012-06-25,61.63315217391304,61.63315217391304,61.13342391304348,61.3,8700.0,61.3,60.4,60.35,60.124,61.81066666666669,58.45349999999998,False,False,False,False,False,False,True,False,False,True,False,-0.0097879282218594,-0.0212071778140293,,,0.0191843393148449,-0.0083306144643832,-0.0244698205546492,0.4600326264274063,-0.0006902799948228,0.5521126760563381,65.0,63.3,2.289473684210526,0.003326458652119,-0.000144604694787,-0.0005393854054716
2012-06-26,60.5,61.16666666666666,59.0,60.5,15900.0,60.5,60.66,60.17999999999999,60.276,61.76400000000002,58.38949999999998,False,False,False,False,False,False,True,False,False,True,False,0.0,0.0545454545454545,,,0.0037024793388429,-0.0208925619834713,0.0165289256198347,0.512396694214876,-0.0007555641905749,0.5468594217347958,65.3,64.8,1.827586206896552,0.0025217333598779,-0.000804725292241,-6.528419575217053e-05
2012-06-27,60.5,61.0,57.0,61.0,19000.0,61.0,60.96,60.23,60.416,61.72400000000002,58.33599999999997,False,False,False,False,False,False,True,False,False,True,False,-0.0131147540983606,0.0327868852459016,,,0.0095737704918033,-0.0118688524590166,0.0,0.3967213114754099,-0.0006480461408852,0.525651668603686,65.8,63.7,1.1949685534591197,0.0023172669491524,-0.0002044664107254,0.0001075180496897
2012-06-28,60.53408450704226,60.86760563380282,59.2,59.2,17000.0,59.2,60.6,60.17,60.43600000000001,61.66933333333334,58.28049999999998,False,False,False,False,False,False,True,False,False,True,False,0.001689189189189,0.0557432432432431,,,-0.0208783783783784,-0.0417117117117118,0.0135135135135134,0.4611486486486486,-0.0008864481535935,0.5083928868206751,64.7,64.3,0.8947368421052632,0.0003309285856113,-0.001986338363541,-0.0002384020127083
2012-06-29,59.13451086956522,61.3,59.13451086956522,61.3,21500.0,61.3,60.66,60.38,60.528,61.64400000000001,58.24399999999998,False,False,False,False,False,False,True,False,True,False,True,0.0,0.0146818923327896,,,0.0125938009787927,-0.0056117455138664,-0.029363784665579,0.3654159869494292,-0.0004109618670645,0.4885723749585959,65.3,64.7,1.2647058823529411,0.0015199577055245,0.0011890291199131,0.0004754862865289
2012-07-02,61.367032967032976,62.03406593406594,60.19972527472528,60.70000000000001,10900.0,60.7,60.54,60.470000000000006,60.556,61.622666666666674,58.20099999999999,False,False,False,False,False,False,True,False,False,True,False,-0.0115321252059309,0.0214168039538713,,,0.0023723228995059,-0.0152004393190554,0.0131795716639207,0.4052718286655681,-0.0003461929593007,0.4719695716884407,63.5,63.5,0.5069767441860465,0.000462381927472,-0.0010575757780525,6.476890776380931e-05
2012-07-03,60.66666666666666,61.33333333333333,60.33333333333333,60.5,7200.0,60.5,60.540000000000006,60.6,60.544,61.59200000000002,58.15599999999999,False,False,False,False,False,False,False,False,False,True,False,0.0545454545454545,0.0115702479338844,,,-0.0007272727272726,-0.0180495867768598,0.2115702479338842,0.4181818181818181,-0.0004979001601937,0.4577557755775577,64.2,62.0,0.6605504587155964,-0.0001982029598308,-0.0006605848873029,-0.0001517072008929
2012-07-04,60.53351800554017,61.70083102493074,59.1994459833795,60.2,17500.0,60.2,60.38000000000001,60.67,60.48,61.564,58.11499999999999,False,False,False,False,False,False,False,False,False,True,False,0.0465116279069766,0.0332225913621262,,,-0.0046511627906975,-0.02265780730897,0.1744186046511628,0.5614617940199335,-0.0004548112533301,0.4585462337234217,63.8,62.8,2.430555555555556,-0.001058201058201,-0.0008599980983701,4.308890686357229e-05
2012-07-05,58.8002808988764,60.46601123595506,58.8002808988764,59.3,8800.0,59.3,60.4,60.5,60.392,61.51733333333335,58.06899999999999,False,False,False,False,False,False,False,False,False,True,False,0.0539629005059022,0.1011804384485666,,,-0.0184148397976392,-0.037391793142215,0.1332209106239461,0.6644182124789209,-0.0007585937838655,0.4758677685950412,62.8,62.3,0.5028571428571429,-0.0014571466419392,-0.0003989455837381,-0.0003037825305353
2012-07-06,59.301086956521736,61.3,59.301086956521736,61.3,13000.0,61.3,60.40000000000001,60.53,60.412,61.49066666666669,58.03149999999998,False,False,False,False,True,False,True,False,False,False,False,0.0146818923327896,-0.0163132137030996,,,0.0144861337683523,-0.0031103860793914,0.1370309951060359,0.7096247960848288,-0.0004336701504833,0.4951263836114323,61.3,62.2,1.4772727272727273,0.0003310600542937,0.001788206696233,0.0003249236333821
2012-07-09,59.33333333333333,61.16666666666666,59.33333333333333,60.0,5200.0,60.0,60.260000000000005,60.4,60.38,61.47466666666667,57.98799999999999,False,False,False,False,False,False,False,False,False,True,False,0.0333333333333333,0.0299999999999999,,,-0.0063333333333333,-0.0245777777777778,0.1833333333333333,0.7633333333333333,-0.0002602698130398,0.5253311258278145,60.29999999999999,61.3,0.4,-0.0005299768135143,-0.0008610368678081,0.0001734003374435
2012-07-10,63.96657963446475,64.29973890339426,62.30078328981723,63.8,57400.0,63.8,60.92,60.73,60.51999999999999,61.46533333333334,57.96449999999998,False,False,False,False,False,False,True,False,True,False,True,-0.0407523510971784,-0.0438871473354231,,,0.0514106583072101,0.0365935214211074,0.0768025078369906,0.5956112852664577,-0.0001518471116509,0.5340029639387452,58.7,61.0,11.038461538461538,0.0023132848645073,0.0028432616780217,0.0001084227013888
2012-07-11,63.33333333333333,63.83333333333333,62.5,63.0,20300.0,63.0,61.48,60.93000000000001,60.652,61.40533333333334,57.93249999999998,False,False,False,False,False,False,True,False,False,True,False,-0.0126984126984126,-0.0206349206349204,,,0.0372698412698412,0.0253121693121692,0.1349206349206349,0.5873015873015873,-0.0009771138229035,0.5532578368619726,56.8,61.20000000000001,0.3536585365853658,0.0021763503264527,-0.0001369345380546,-0.0008252667112526
2012-07-12,63.33333333333333,63.5,60.0,62.5,5600.0,62.5,62.120000000000005,61.260000000000005,60.712,61.35466666666668,57.90449999999998,False,False,False,False,False,False,True,False,False,True,False,0.0447999999999999,0.0112,,,0.0286079999999999,0.0183253333333331,0.1327999999999999,0.5968,-0.0008257997218357,0.5666013712047009,57.2,61.70000000000001,0.2758620689655172,0.0009882724996706,-0.0011880778267821,0.0001513141010678
2012-07-13,61.86648793565684,63.53404825737265,61.03270777479893,62.2,37700.0,62.2,62.3,61.35000000000001,60.772,61.31066666666667,57.88149999999999,False,False,False,False,False,False,True,False,False,True,False,-0.0305466237942124,-0.0112540192926045,,,0.0229581993569132,0.0142979635584137,0.1784565916398713,0.6430868167202572,-0.0007176565252377,0.5944580277098611,55.8,61.3,6.732142857142857,0.0009872967814124,-9.757182581999427e-07,0.0001081431965979
2012-07-17,63.33333333333333,63.33333333333333,61.83333333333333,62.0,57600.0,62.0,62.7,61.48,60.84,61.293333333333344,57.86249999999998,False,False,False,False,False,False,True,False,False,False,False,-0.0032258064516129,-0.0354838709677419,,,0.0187096774193547,0.0113978494623654,0.1532258064516129,0.6854838709677419,-0.0002827931259515,0.6223162003903708,56.3,61.3,1.5278514588859415,0.0011176857330704,0.000130388951658,0.0004348633992861
2012-07-18,62.03378746594007,62.03378746594007,61.20000000000001,61.20000000000001,3800.0,61.2,62.17999999999999,61.55,60.8,61.24533333333333,57.85949999999999,False,False,False,False,False,False,False,False,False,True,False,-0.0032679738562093,0.0049019607843135,,,0.0065359477124185,-0.0007407407407404,0.1846405228758168,0.7892156862745096,-0.0007837331823923,0.6589764419171406,56.7,61.5,0.0659722222222222,-0.0006578947368422,-0.0017755804699126,-0.0005009400564408
2012-07-19,61.19946380697051,62.36675603217159,61.19946380697051,62.2,8300.0,62.2,62.02,61.75,60.868,61.22533333333333,57.8615,False,False,False,False,False,False,True,False,True,False,False,-0.0080385852090031,-0.0192926045016077,,,0.0214147909967845,0.0156698821007503,0.2379421221864951,0.7411575562700964,-0.0003266621659878,0.676761133603239,57.5,61.8,2.1842105263157894,0.0011171715844122,0.0017750663212544,0.0004570710164045
2012-07-20,62.96785714285714,65.79974489795919,62.63469387755102,65.3,110200.0,65.3,62.580000000000005,62.35,61.088,61.23866666666666,57.86299999999999,False,False,False,False,False,False,True,True,False,False,False,-0.0321592649310872,-0.0811638591117916,,,0.0645022970903521,0.0621949974476774,0.3124042879019909,0.6339969372128639,0.0002177273617974,0.6734562951082599,58.7,64.5,13.27710843373494,0.0036013619696175,0.0024841903852053,0.0005443895277853
2012-07-23,63.96464088397789,64.63093922651933,60.29999999999999,60.29999999999999,22400.0,60.3,62.20000000000001,62.24999999999999,61.132,61.180000000000014,57.83299999999999,False,False,False,False,False,False,True,False,False,True,False,0.0199004975124379,-0.013266998341625,,,-0.0137976782752903,-0.0145936981757881,0.3814262023217249,0.8374792703150913,-0.0009589190367219,0.6857831325301207,59.0,63.7,0.2032667876588021,0.0007197539750048,-0.0028816079946127,-0.0011766463985193
2012-07-24,59.467924528301886,62.29973045822102,59.467924528301886,61.8,10400.0,61.8,62.15999999999999,62.42999999999999,61.212,61.15733333333335,57.80049999999999,False,True,False,False,False,False,True,False,True,False,True,-0.0323624595469255,-0.0048543689320387,,,0.009514563106796,0.0103991370010784,0.3187702265372168,0.7766990291262136,-0.0003706287607918,0.6873298093865131,60.0,65.0,0.4642857142857143,0.001306933281056,0.0005871793060512,0.00058829027593
2012-07-25,64.5,65.16666666666666,61.0,61.0,20900.0,61.0,62.11999999999999,62.15,61.284,61.14400000000001,57.79149999999999,False,False,False,False,False,False,True,False,False,True,False,0.0081967213114754,0.201639344262295,,,-0.004655737704918,-0.0023606557377051,0.4344262295081967,0.6229508196721312,-0.0002180644598543,0.6904263877715205,60.8,65.3,2.0096153846153846,0.001174858037987,-0.000132075243069,0.0001525643009374
2012-07-26,61.53324324324325,61.70000000000001,60.69945945945947,61.70000000000001,10600.0,61.7,62.02,62.02,61.372,61.12933333333334,57.79899999999999,False,False,False,False,False,False,True,False,False,False,False,-0.0113452188006484,0.1458670988654779,,,0.0053160453808753,0.0092490545650999,0.3905996758508911,0.7260940032414908,-0.0002399284576963,0.7044501773621411,61.8,65.8,0.507177033492823,0.0014338786417258,0.0002590206037388,-2.1863997841944303e-05
2012-07-27,62.69973614775726,63.2,62.03271767810026,63.2,11900.0,63.2,61.6,62.09000000000001,61.46,61.141333333333336,57.815,False,False,False,False,False,False,True,True,False,True,False,-0.0506329113924051,0.0632911392405063,,,0.0275316455696202,0.0325738396624472,0.3212025316455695,0.5664556962025316,0.0001962665736216,0.7012401352874855,61.5,64.7,1.1226415094339623,0.0014318255776114,-2.053064114413989e-06,0.0004361950313179
2012-07-30,63.16666666666666,63.33333333333333,60.33333333333333,61.5,9400.0,61.5,61.84,62.02,61.48,61.132,57.82,False,False,False,False,False,False,True,False,False,True,False,-0.032520325203252,0.1333333333333334,,,0.0003252032520325,0.0059837398373984,0.3739837398373983,0.6308943089430894,-0.0001526750856071,0.7000967429861331,60.8,65.3,0.7899159663865546,0.0003253090435913,-0.0011065165340201,-0.0003489416592288
2012-07-31,61.46573816155989,61.46573816155989,59.46685236768802,59.8,11300.0,59.8,61.44000000000001,61.79999999999999,61.42,61.112,57.818000000000005,False,False,False,False,False,False,False,False,False,True,False,0.028428093645485,0.1872909698996656,,,-0.0270903010033445,-0.0219397993311037,0.3929765886287625,0.7341137123745821,-0.0003272679670113,0.7048543689320391,60.8,63.5,1.202127659574468,-0.0009768804949527,-0.001302189538544,-0.0001745928814041
2012-08-01,60.33333333333333,62.0,58.66666666666666,61.5,28000.0,61.5,61.54,61.83,61.46,61.11866666666666,57.828,False,False,False,False,False,False,True,True,False,False,False,0.1918699186991869,0.1170731707317073,,,0.000650406504065,0.0062005420054201,0.3739837398373983,0.6390243902439023,0.0001090774231548,0.689956331877729,60.29999999999999,64.2,2.47787610619469,0.0006508298080051,0.0016277103029578,0.0004363453901661
2012-08-02,61.5,61.66666666666666,60.33333333333333,61.0,15600.0,61.0,61.4,61.71,61.46000000000001,61.116,57.8395,False,False,False,False,False,False,True,False,False,True,False,0.159016393442623,0.1721311475409836,,,-0.0075409836065575,-0.0019016393442622,0.3934426229508196,0.7295081967213115,-4.363287300646018e-05,0.6887052341597795,59.7,63.8,0.5571428571428572,1.1561059807356007e-16,-0.000650829808005,-0.0001527102961613
2012-08-03,61.0,61.0,59.33333333333333,60.0,3900.0,60.0,60.760000000000005,61.17999999999999,61.492,61.09333333333332,57.8395,False,False,False,False,False,False,True,False,False,False,False,0.12,0.1799999999999999,,,-0.0248666666666666,-0.0182222222222219,0.4333333333333333,0.7716666666666666,-0.0003710170231342,0.7026806145799284,61.0,62.8,0.25,0.0005203928966367,0.0005203928966366,-0.0003273841501277
2012-08-06,58.66666666666666,60.0,58.66666666666666,59.5,8600.0,59.5,60.36,61.1,61.42000000000001,61.06933333333333,57.828500000000005,False,False,False,False,False,False,False,False,False,True,False,0.1714285714285714,0.2319327731092436,,,-0.0322689075630253,-0.026375350140056,0.4403361344537815,0.761344537815126,-0.0003929959390417,0.6950900163666119,60.70000000000001,61.3,2.2051282051282053,-0.0011722565939431,-0.0016926494905799,-2.1978915907521943e-05
2012-08-07,59.5,61.5,59.33333333333333,61.5,8700.0,61.5,60.7,61.07000000000001,61.452,61.07200000000001,57.831,False,False,False,False,True,False,True,True,False,False,False,0.1544715447154471,0.1626016260162601,,,0.000780487804878,0.0069593495934957,0.3772357723577236,0.6666666666666666,4.366430879416149e-05,0.6839692156541672,60.29999999999999,60.29999999999999,1.0116279069767442,0.000520731627937,0.0016929882218802,0.0004366602478359
2012-08-08,66.80295454545455,74.79931818181818,65.13704545454546,73.3,489400.0,73.3,63.06,62.3,61.964,61.22933333333333,57.8965,False,False,False,False,False,False,True,True,True,False,True,-0.0627557980900408,-0.0109140518417462,,,0.1546521145975443,0.164674852205548,0.1527967257844475,0.4529331514324693,0.0025695744958841,0.6627608346709472,62.2,58.7,56.2528735632184,0.008262862307146,0.007742130679209,0.0025259101870899
2012-08-09,72.03396226415094,73.03443396226416,69.36603773584906,70.7,99700.0,70.7,65.0,63.2,62.38399999999999,61.34799999999999,57.951,False,False,False,False,False,False,True,True,False,True,False,0.0113154172560112,0.089108910891089,,,0.1176237623762377,0.1322772277227724,0.1852899575671852,0.5063649222065063,0.0019343200539,0.6390822784810126,60.5,56.8,0.2037188393951777,0.0067324955116695,-0.0015303667954765,-0.000635254441984
2012-08-10,67.86699751861043,70.70173697270472,66.69975186104219,67.2,92600.0,67.2,66.44,63.60000000000001,62.7,61.384,57.987,False,False,False,False,False,False,True,True,False,True,False,0.0535714285714284,0.275297619047619,,,0.0669642857142857,0.086547619047619,0.3541666666666666,0.663690476190476,0.0005864720448326,0.6488993710691823,59.8,57.2,0.9287863590772316,0.0050398724082936,-0.0016926231033759,-0.0013478480090674
2012-08-13,68.53277511961723,70.86722488038278,67.36555023923445,69.7,86200.0,69.7,68.47999999999999,64.42,63.036,61.46399999999999,58.044,False,False,False,False,False,False,True,True,False,False,False,0.0516499282639884,0.1951219512195121,,,0.0956097560975609,0.1181635581061694,0.2883787661406025,0.6814921090387375,0.0013015749056356,0.6541446755665942,59.2,55.8,0.9308855291576674,0.0053302874547877,0.0002904150464941,0.000715102860803
2012-08-14,68.33333333333333,72.33333333333333,68.33333333333333,71.0,79400.0,71.0,70.38,65.54,63.476000000000006,61.54399999999999,58.1075,False,False,False,False,False,False,True,True,False,False,False,0.0070422535211267,0.1478873239436619,,,0.1059718309859154,0.1331830985915494,0.2985915492957747,0.6647887323943662,0.001299883010529,0.6480012206286239,59.8,56.3,0.9211136890951276,0.0069317537336947,0.0016014662789069,-1.6918951066514053e-06
2012-08-15,69.7004854368932,70.53422330097088,67.6995145631068,68.7,25400.0,68.7,69.46000000000001,66.26,63.672,61.58933333333333,58.157500000000006,False,False,False,False,False,False,True,True,False,True,False,0.0553129548762736,0.2736535662299854,,,0.0731877729257642,0.1035031538088307,0.3347889374090247,0.7248908296943231,0.0007360581918947,0.6568065197706008,59.2,56.7,0.3198992443324937,0.0030782761653472,-0.0038534775683474,-0.0005638248186342
2012-08-16,70.33333333333333,72.33333333333333,69.66666666666666,71.5,38900.0,71.5,69.62,67.31,64.012,61.66533333333332,58.22250000000001,False,False,False,False,False,False,True,True,False,False,False,0.0769230769230769,0.1999999999999999,,,0.1047272727272727,0.1375477855477857,0.2839160839160838,0.6713286713286714,0.0012324590801962,0.6517605110681922,59.5,57.5,1.531496062992126,0.0053115040929826,0.0022332279276353,0.0004964008883014
2012-08-17,71.46635294117647,72.29929411764707,70.8,70.8,27000.0,70.8,70.34,68.39,64.34400000000001,61.74666666666667,58.28000000000001,False,False,False,False,False,False,True,True,False,True,False,0.21045197740113,0.1793785310734463,,,0.0911864406779659,0.1278719397363464,0.2951977401129944,0.692090395480226,0.0013172101058089,0.6454159964907152,61.0,58.7,0.6940874035989717,0.0051597662563721,-0.0001517378366104,8.475102561268763e-05
2012-08-20,70.96772727272727,73.46659090909091,70.96772727272727,73.3,143500.0,73.3,71.06,69.76999999999998,64.788,61.85333333333333,58.344000000000015,False,False,False,False,False,False,True,True,False,False,False,0.1364256480218281,0.1527967257844475,,,0.11612551159618,0.1561618917689859,0.2442019099590724,0.6603001364256483,0.0017245095925845,0.6370933065787592,61.0,59.0,5.314814814814815,0.0068531209483235,0.0016933546919514,0.0004072994867756
2012-08-21,73.33333333333333,73.5,70.66666666666666,71.5,54500.0,71.5,71.16,70.77,65.16799999999999,61.96,58.39800000000001,False,False,False,False,False,False,True,True,False,True,False,0.1398601398601398,0.165034965034965,,,0.0885594405594406,0.1334265734265734,0.3398601398601398,0.7930069930069928,0.0017215407789972,0.6502755404832558,61.3,60.0,0.3797909407665505,0.005831082739995,-0.0010220382083285,-2.9688135872913985e-06
2012-08-22,73.16666666666666,73.33333333333333,71.66666666666666,72.5,61800.0,72.5,71.92,70.69,65.62,62.07066666666667,58.46200000000002,False,False,False,False,False,False,True,True,False,False,False,0.2068965517241379,0.1655172413793103,,,0.0948965517241378,0.1438528735632183,0.3420689655172413,0.8248275862068967,0.0017829140979099,0.6886405432168625,60.5,60.8,1.1339449541284403,0.0068881438585798,0.0010570611185848,6.137331891267078e-05
2012-08-23,72.5,77.16666666666666,72.33333333333333,77.0,142400.0,77.0,73.02000000000001,71.32000000000001,66.212,62.24666666666667,58.55050000000002,False,False,False,False,False,False,True,True,False,False,True,0.1142857142857142,0.1038961038961039,,,0.140103896103896,0.1916017316017315,0.2623376623376623,0.6987012987012988,0.0028274606404627,0.7077958496915309,61.0,61.8,2.3042071197411005,0.0089409774663202,0.0020528336077403,0.0010445465425527
2012-08-24,79.69766536964981,87.36731517509729,78.53054474708172,85.7,263300.0,85.7,76.0,73.17,67.028,62.55199999999999,58.68500000000002,False,False,False,False,False,False,True,True,False,False,False,-0.0256709451575262,0.0035005834305717,,,0.2178763127187864,0.2701050175029172,0.1411901983663943,0.5367561260210033,0.0048812721149335,0.6918135848025148,59.2,61.5,1.849016853932584,0.012174016828788,0.0032330393624677,0.0020538114744708
2012-08-27,86.632,89.2976,83.3,83.3,144800.0,83.3,78.0,74.53,67.94800000000001,62.84533333333333,58.81000000000002,False,False,False,False,False,False,True,True,False,False,False,0.014405762304922,0.028811524609844,,,0.1842977190876349,0.2455542216886755,0.1104441776710684,0.5882352941176473,0.0046675435991004,0.6812022004561921,61.3,60.8,0.5499430307633878,0.0135397657031848,0.0013657488743968,-0.000213728515833
2012-08-28,83.33333333333333,86.33333333333333,79.16666666666666,81.5,53300.0,81.5,80.0,75.58,68.736,63.12800000000001,58.93000000000002,False,False,False,False,False,False,True,True,False,True,False,0.0220858895705521,0.0392638036809816,,,0.1566134969325152,0.2254233128834355,0.1533742331288343,0.6196319018404908,0.0044776749883835,0.6761047896268856,60.70000000000001,60.8,0.3680939226519337,0.0114641527001861,-0.0020756130029986,-0.0001898686107169
2012-08-29,81.5,88.33333333333333,81.5,87.5,78900.0,87.5,83.0,77.46000000000001,69.796,63.51199999999999,59.08000000000002,False,False,False,False,False,False,True,True,False,False,False,-0.0342857142857142,-0.0342857142857142,,,0.2023314285714285,0.2741485714285715,0.0571428571428571,0.5771428571428572,0.0060461015241212,0.6605990188484376,60.5,60.29999999999999,1.4803001876172608,0.0151871167402143,0.0037229640400281,0.0015684265357376
2012-08-30,87.46601941747572,87.46601941747572,83.63417475728156,85.8,54800.0,85.8,84.76,78.89,70.76,63.89866666666666,59.24250000000001,False,False,False,False,False,False,True,True,False,True,False,-0.0093240093240092,-0.0233100233100233,,,0.1752913752913752,0.2552602952602953,0.0780885780885781,0.5536130536130538,0.0060512478090309,0.6479908733679806,60.2,59.7,0.6945500633713562,0.013623516110797,-0.0015636006294173,5.146284909703612e-06
2012-08-31,86.0,86.66666666666666,82.33333333333333,83.5,51700.0,83.5,84.32000000000001,80.16,71.572,64.24933333333333,59.398500000000006,False,False,False,False,False,False,True,True,False,True,False,0.029940119760479,0.0898203592814371,,,0.1428502994011975,0.2305469061876248,0.0862275449101798,0.5652694610778441,0.0054579035839542,0.6354790419161677,59.3,61.0,0.9434306569343066,0.0113452188006482,-0.0022782973101487,-0.0005933442250766
2012-09-03,83.66666666666666,85.66666666666666,82.66666666666666,84.5,42600.0,84.5,84.56,81.28,72.492,64.632,59.56500000000001,False,False,False,False,False,False,True,True,False,False,False,0.0142011834319526,0.0627218934911242,,,0.1421065088757395,0.2351242603550295,0.0970414201183432,0.5502958579881657,0.0059206997565707,0.6243848425196851,61.3,60.70000000000001,0.8239845261121856,0.0126910555647519,0.0013458367641037,0.0004627961726165
2012-09-04,84.4662,84.4662,82.8002,83.3,16800.0,83.3,84.92,82.46,73.432,64.99199999999999,59.727500000000006,False,False,False,False,False,False,True,True,False,False,False,0.0168067226890757,0.106842737094838,,,0.1184633853541416,0.2197839135654262,0.0744297719087635,0.5690276110444177,0.0055391432791725,0.6041717196216352,60.0,60.29999999999999,0.3943661971830985,0.0128009587100991,0.0001099031453471,-0.0003815564773981
2012-09-05,83.33333333333333,84.5,83.33333333333333,84.5,14000.0,84.5,84.32000000000001,83.66,74.35199999999999,65.36266666666667,59.8965,False,False,False,False,False,False,True,True,False,True,False,0.0,0.085207100591716,,,0.1200946745562131,0.2264773175542406,0.0828402366863905,0.650887573964497,0.0056709232589451,0.5897681090126704,63.8,62.2,0.8333333333333334,0.0123735743490422,-0.0004273843610568,0.0001317799797725
2012-09-06,84.33333333333333,87.16666666666666,83.5,85.0,54900.0,85.0,84.16,84.46,75.31199999999998,65.72933333333334,60.069,False,False,False,False,False,False,True,True,False,False,False,-0.0141176470588235,0.0799999999999999,,,0.1139764705882354,0.2267137254901959,0.0023529411764706,0.6447058823529414,0.0055784327646713,0.5853658536585368,63.0,60.5,3.9214285714285713,0.0127469725940088,0.0003733982449666,-9.249049427376144e-05
2012-09-07,85.83333333333333,86.66666666666666,84.16666666666666,86.0,18100.0,86.0,84.66,84.49,76.35199999999999,66.09333333333333,60.2505,False,False,False,False,False,False,True,True,False,False,False,0.0581395348837209,0.0662790697674419,,,0.112186046511628,0.2314728682170542,0.005813953488372,0.5872093023255814,0.0055073633245913,0.5904840809563262,62.5,59.8,0.3296903460837887,0.0136211232187762,0.0008741506247674,-7.106944008005572e-05
2012-09-10,86.2001945525292,86.2001945525292,84.69961089494164,85.7,31600.0,85.7,84.9,84.73,77.39999999999999,66.44933333333333,60.4325,False,False,False,False,False,False,True,True,False,True,True,0.0478413068844806,0.0641773628938156,,,0.0968494749124855,0.2246285492026449,-0.0233372228704784,0.6359393232205366,0.0053574653369985,0.5953027263070932,62.2,59.2,1.7458563535911602,0.0135400516795865,-8.107153918969143e-05,-0.0001498979875928
2012-09-11,85.86712598425197,85.86712598425197,84.53326771653543,84.7,25600.0,84.7,85.17999999999999,85.05000000000001,78.328,66.77866666666667,60.61200000000001,False,False,False,False,False,False,True,True,False,True,False,0.0885478158205431,0.1310507674144037,,,0.0752302243211334,0.2115859897678079,0.0070838252656433,0.8276269185360096,0.0049317147192716,0.6161081716637269,62.0,59.8,0.810126582278481,0.0118476151567767,-0.0016924365228098,-0.0004257506177268
2012-09-12,84.5,85.0,84.16666666666666,84.5,58700.0,84.5,85.17999999999999,84.75000000000001,78.77600000000001,67.09466666666665,60.7935,False,False,False,False,False,False,True,True,False,True,False,0.085207100591716,0.1514792899408283,,,0.067739644970414,0.2059802761341224,0.0153846153846153,0.7928994082840237,0.0047097633194887,0.6377581120943951,61.20000000000001,59.2,2.29296875,0.0056870112724688,-0.0061606038843079,-0.0002219513997829
2012-09-13,83.46679920477136,84.46640159045725,83.13359840954274,83.8,40600.0,83.8,84.94,84.55,79.3,67.38799999999999,60.977500000000006,False,False,False,False,False,False,True,True,False,False,False,0.0954653937947494,0.1599045346062053,,,0.0536992840095465,0.1958472553699284,0.1217183770883055,0.8973747016706445,0.0043529016046378,0.6720283855706684,62.2,59.5,0.6916524701873935,0.0066078184110969,0.000920807138628,-0.0003568617148508
2012-09-14,84.5,91.5,84.16666666666666,91.0,146700.0,91.0,85.94,85.3,80.252,67.78133333333334,61.199000000000005,False,False,False,False,False,False,True,True,False,False,True,0.0076923076923077,0.0747252747252747,,,0.1181098901098901,0.2551501831501831,0.0846153846153846,0.8274725274725276,0.0058029742702023,0.6990621336459556,65.3,61.0,3.6133004926108376,0.011862632706973,0.005254814295876,0.0014500726655645
2012-09-18,90.96623376623376,93.1320964749536,88.96697588126159,89.8,140000.0,89.8,86.76,85.83,81.056,68.168,61.40650000000001,False,False,False,False,False,False,True,True,False,True,False,0.0155902004454343,0.0300668151447661,,,0.0973719376391982,0.2408908685968818,0.1670378619153674,0.8006681514476613,0.0056722606892775,0.7243388092741466,60.29999999999999,61.0,0.9543285616905248,0.0099190682984603,-0.0019435644085126,-0.0001307135809248
2012-09-19,91.53309222423148,92.70018083182642,89.699095840868,92.2,47100.0,92.2,88.26,86.72,81.904,68.58666666666667,61.626000000000005,False,False,False,False,False,False,True,True,False,False,False,0.0390455531453361,0.019522776572668,,,0.1116702819956616,0.256109906001446,0.1475054229934923,0.7266811279826463,0.006104199066874,0.7395064575645756,61.8,61.3,0.3364285714285714,0.0103535846845086,0.0004345163860483,0.0004319383775965
2012-09-20,94.2009090909091,94.2009090909091,90.19945454545454,91.7,77600.0,91.7,89.7,87.44000000000001,82.824,69.00533333333333,61.839500000000015,False,False,False,False,False,False,True,True,False,False,False,0.0610687022900762,0.0087241003271537,,,0.096793893129771,0.2474881861141404,0.1101417666303161,0.6652126499454742,0.0060671638907135,0.7402790484903934,61.0,60.5,1.6475583864118897,0.011107891432435,0.0007543067479263,-3.7035176160471125e-05
2012-09-21,91.63339382940109,93.4660617059891,90.3005444646098,91.8,32700.0,91.8,91.3,88.12,83.63600000000001,69.43333333333334,62.05000000000001,False,False,False,False,False,False,True,True,False,True,False,0.0588235294117647,0.0076252723311547,,,0.0889324618736382,0.2436456063907043,0.0893246187363834,0.6100217864923749,0.0061641862698033,0.7359282796187017,61.70000000000001,61.0,0.4213917525773196,0.0097087378640778,-0.0013991535683572,9.702237908977648e-05
2012-09-24,93.534,93.70072727272728,91.19981818181816,91.7,35500.0,91.7,91.44,88.69000000000001,84.472,69.84266666666666,62.25200000000002,False,False,False,False,False,False,True,True,False,False,False,0.0665212649945473,-0.010905125408942,,,0.0788222464558343,0.2383569611050528,0.0883315158124317,0.6379498364231186,0.0058607918750714,0.7402187394294732,63.2,59.2,1.0856269113149848,0.0098967705275118,0.000188032663434,-0.0003033943947319
2012-09-25,91.70018281535648,92.3670932358318,89.86617915904935,91.2,32300.0,91.2,91.72,89.24000000000001,85.18799999999999,70.24933333333333,62.45800000000001,False,False,False,False,False,False,True,True,False,True,False,0.0142543859649122,0.0164473684210526,,,0.0659210526315791,0.2297222222222223,0.1206140350877193,0.6995614035087718,0.0057889042837891,0.7460779919318689,61.5,61.3,0.9098591549295776,0.0084049396628632,-0.0014918308646486,-7.188759128226325e-05
2012-09-26,91.63478260869564,96.29982608695651,91.13495652173911,95.8,64500.0,95.8,92.44,90.35,86.16,70.72266666666667,62.68450000000001,False,False,False,False,False,False,True,True,False,False,False,-0.0187891440501043,-0.0657620041753653,,,0.1006263048016701,0.2617675713291579,0.0908141962421712,0.6158663883089772,0.0066928094717395,0.7246264526840067,59.8,60.70000000000001,1.9969040247678016,0.0112813370473538,0.0028763973844906,0.0009039051879503
2012-09-27,97.46660958904108,99.13270547945204,96.6335616438356,97.3,51000.0,97.3,93.56,91.63,87.152,71.19066666666667,62.92700000000001,False,False,False,False,False,False,True,True,False,False,False,-0.0493319630010277,-0.0596094552929085,,,0.1042959917780061,0.2683384720794792,0.1253854059609455,0.5549845837615623,0.0065738954544603,0.7003164902324568,61.5,60.5,0.7906976744186046,0.0113824123370663,0.0001010752897124,-0.0001189140172791
2012-09-28,97.2,98.3670668953688,95.86620926243567,97.2,37800.0,97.2,94.64,92.97,87.96,71.68,63.16700000000001,False,False,False,False,False,False,True,True,False,True,False,-0.0483539094650206,-0.1234567901234567,,,0.0950617283950618,0.262551440329218,0.1141975308641974,0.5411522633744856,0.0068266369047619,0.6659137356136388,61.0,60.2,0.7411764705882353,0.0091859936334696,-0.0021964187035966,0.0002527414503015
2012-10-01,97.13356047700172,97.8,91.30221465076662,97.8,55900.0,97.8,95.86,93.65,88.44400000000002,72.18666666666667,63.40950000000001,False,False,False,False,False,False,True,True,False,True,False,-0.0725971370143147,-0.1155419222903885,,,0.0956646216768914,0.261895023858214,0.0910020449897751,0.5828220858895707,0.0070188400443294,0.6415376401494923,60.0,59.3,1.4788359788359788,0.0054723893084892,-0.0037136043249804,0.0001922031395675
2012-10-02,97.5,98.0,92.16666666666666,92.5,42100.0,92.5,96.12,93.92,88.81200000000001,72.63066666666667,63.63050000000001,False,False,False,False,False,False,True,True,False,True,False,0.0021621621621621,-0.0951351351351351,,,0.0398702702702701,0.2148036036036035,0.1978378378378376,0.7005405405405407,0.0061131202614139,0.6321337308347529,59.5,61.3,0.7531305903398927,0.0041435842003332,-0.001328805108156,-0.0009057197829154
2012-10-03,90.83333333333331,95.66666666666666,90.0,94.0,44100.0,94.0,95.76,94.1,89.31200000000001,73.08666666666667,63.86050000000001,False,False,False,False,False,False,True,True,False,False,False,-0.0478723404255319,-0.0925531914893617,,,0.0498723404255317,0.222482269503546,0.1680851063829787,0.7159574468085108,0.0062391681109185,0.6312433581296492,61.5,60.0,1.0475059382422802,0.0055983518452167,0.0014547676448835,0.0001260478495046
2012-10-04,94.0,94.16666666666666,91.83333333333331,92.5,34700.0,92.5,94.8,94.18,89.512,73.53066666666668,64.08150000000002,False,False,False,False,False,False,True,True,False,True,False,-0.0108108108108108,-0.0724324324324324,,,0.0323027027027027,0.2050738738738737,0.0702702702702702,0.7297297297297297,0.0060382969463988,0.6376088341473768,73.3,63.8,0.7868480725623582,0.002234337295558,-0.0033640145496587,-0.0002008711645197
2012-10-05,94.0,94.16666666666666,91.5,92.5,37600.0,92.5,93.86,94.25,89.78,73.97066666666666,64.30750000000002,False,False,False,False,False,False,True,True,False,False,False,-0.0789189189189188,0.0162162162162162,,,0.0294054054054053,0.2003171171171172,0.1513513513513513,0.7913513513513513,0.0059483038321494,0.6553846153846152,70.7,63.0,1.0835734870317002,0.0029850746268656,0.0007507373313076,-8.999311424935739e-05
2012-10-09,92.5340073529412,94.03455882352942,89.19944852941177,90.70000000000002,53100.0,90.7,92.44,94.15,90.068,74.36666666666666,64.52100000000002,False,False,False,False,False,False,True,True,False,False,False,-0.0463065049614114,0.0882028665931641,,,0.0069680264608601,0.1800808526277106,0.0915104740904077,0.8213891951488419,0.0053249663827879,0.6730748805098248,67.2,62.5,1.4122340425531914,0.0031975840476084,0.0002125094207427,-0.0006233374493614
2012-10-10,90.8660071942446,93.03345323741009,85.03057553956835,92.7,43300.0,92.7,92.48,94.3,90.396,74.78933333333333,64.74450000000003,False,False,False,False,False,False,True,True,False,False,False,-0.0970873786407767,0.1305285868392663,,,0.0248543689320388,0.1932110751528227,0.081984897518878,0.7346278317152104,0.00565142979391,0.6765641569459173,69.7,62.2,0.815442561205273,0.0036284791362449,0.0004308950886365,0.000326463411122
2012-10-11,91.0,92.5,88.33333333333333,89.5,43600.0,89.5,91.58,93.67,90.644,75.16533333333332,64.95450000000002,False,False,False,False,False,False,True,True,False,True,False,-0.046927374301676,0.1821229050279329,,,-0.0127821229050279,0.1601638733705774,0.158659217877095,0.770949720670391,0.0050023060276012,0.6917903277463435,71.0,62.0,1.0069284064665127,0.0027359781121751,-0.0008925010240698,-0.0006491237663088
2012-10-12,91.16666666666666,92.33333333333331,89.5,91.5,24700.0,91.5,91.38,93.09,90.924,75.57866666666668,65.16700000000003,False,False,False,False,False,False,True,True,False,False,False,-0.0622950819672131,0.1125683060109289,,,0.006295081967213,0.1740036429872494,0.101639344262295,0.66448087431694,0.0054689153905866,0.703405306692448,68.7,61.20000000000001,0.5665137614678899,0.0030794949628261,0.0003435168506509,0.0004666093629854
2012-10-15,91.20234833659492,92.2027397260274,83.69941291585128,85.2,55200.0,85.2,89.92,91.89,90.932,75.90133333333334,65.34550000000002,False,False,False,False,False,False,True,True,False,True,False,0.1032863849765257,0.1737089201877933,,,-0.0672769953051643,0.1091392801251955,0.238262910798122,0.8274647887323942,0.0042511330499244,0.732070954402003,71.5,62.2,2.2348178137651824,8.797782958689533e-05,-0.0029915171332392,-0.0012177823406622
2012-10-16,86.83333333333333,87.5,85.66666666666666,86.5,22600.0,86.5,89.08,90.76000000000002,90.952,76.26533333333334,65.54300000000002,False,False,False,False,False,False,True,True,False,False,False,0.1410404624277457,0.153757225433526,,,-0.0514682080924855,0.1183198458574179,0.2289017341040462,0.8034682080924855,0.004772810713474,0.7549581313353897,70.8,65.3,0.4094202898550724,0.0002198962089893,0.0001319183794024,0.0005216776635496
2012-10-17,86.53446215139442,86.7011952191235,80.19860557768925,83.7,60800.0,83.7,87.28,89.88000000000002,90.872,76.56400000000001,65.72400000000002,False,False,False,False,False,False,False,True,False,True,False,0.2520908004778971,0.2210274790919952,,,-0.0856869772998804,0.0852568697729987,0.2520908004778971,0.9976105137395458,0.0039008759556274,0.7831553182020469,73.3,60.29999999999999,2.690265486725664,-0.000880359186548,-0.0011002553955374,-0.0008719347578465
2012-10-18,83.633984375,86.299609375,83.633984375,85.3,19200.0,85.3,86.44,89.01000000000002,90.896,76.892,65.91300000000003,False,False,False,False,False,False,True,True,False,False,False,0.2403282532239156,0.2250879249706917,,,-0.0656037514654162,0.098569753810082,0.201641266119578,1.198124267291911,0.0042657233522341,0.8300190989776424,71.5,61.8,0.3157894736842105,0.0002640380214751,0.0011443972080231,0.0003648473966066
2012-10-19,85.30019417475728,85.8,83.80077669902913,85.8,10500.0,85.8,85.3,88.34,90.948,77.22933333333333,66.10700000000001,False,False,False,False,False,False,True,True,False,False,False,0.1864801864801865,0.2762237762237762,,,-0.0599999999999999,0.0998912198912199,0.2412587412587413,0.94988344988345,0.0043679430958875,0.8521621009735114,72.5,61.0,0.546875,0.0005717552887363,0.0003077172672612,0.0001022197436534
2012-10-22,97.5,102.5,90.0,94.0,567601.0,94.0,87.06,88.49,91.35600000000002,77.68,66.33100000000002,False,False,False,True,True,False,True,True,True,False,False,0.0638297872340425,0.152127659574468,,,0.0281276595744678,0.1736170212765956,0.1329787234042553,0.8351063829787234,0.0058015791280468,0.8567069725392702,77.0,61.70000000000001,54.0572380952381,0.004466044923158,0.0038942896344217,0.0014336360321592
2012-10-23,95.36554054054054,98.7,95.0320945945946,98.7,182500.0,98.7,89.5,89.28999999999999,91.664,78.20533333333333,66.58950000000003,False,False,False,False,False,False,True,True,False,True,False,0.0111448834853089,0.0810536980749746,,,0.0712867274569402,0.207646065518406,0.1327254305977709,0.6889564336372845,0.0067173594298767,0.8417515959233958,85.7,63.2,0.3215286794773089,0.0033600977482978,-0.0011059471748601,0.0009157803018299
2012-10-24,96.9691573926868,114.96343402225754,96.63593004769476,104.8,453900.0,104.8,93.72,90.5,92.264,78.78533333333333,66.87950000000002,False,False,False,False,False,False,True,True,False,False,False,-0.0248091603053434,0.0572519083969464,,,0.119618320610687,0.2482315521628499,0.1183206106870229,0.5677480916030536,0.007361776303542,0.8209944751381216,83.3,61.5,2.487123287671233,0.0065030781236451,0.0031429803753472,0.0006444168736653
2012-10-25,106.63307086614174,108.9656692913386,103.80062992125984,105.8,136400.0,105.8,97.82,92.13,92.808,79.396,67.16600000000003,False,False,False,False,False,False,True,True,False,True,False,-0.0122873345935727,0.0378071833648393,,,0.122797731568998,0.2495652173913043,0.1172022684310019,0.5434782608695654,0.007691403429224,0.7939867578421796,81.5,59.8,0.3005067195417493,0.0058615636583054,-0.0006415144653396,0.0003296271256819
2012-10-26,105.96530278232406,105.96530278232406,100.4671031096563,101.8,105600.0,101.8,101.02,93.16,93.21200000000005,79.90266666666666,67.4325,False,False,False,False,False,False,True,True,False,True,False,0.0756385068762279,-0.0275049115913555,,,0.0843614931237716,0.215101506221349,0.1640471512770137,0.7210216110019646,0.0063410482754016,0.7987333619579219,87.5,61.5,0.7741935483870968,0.0043342058962369,-0.0015273577620684,-0.0013503551538224
2012-10-29,102.83333333333331,104.83333333333331,98.0,100.0,76700.0,100.0,102.22,94.64,93.54000000000002,80.39600000000002,67.68750000000001,False,False,False,False,False,False,True,True,False,True,False,0.0829999999999999,0.065,,,0.0645999999999998,0.1960399999999998,0.195,0.8530000000000001,0.0061362920211621,0.8018808114961962,85.8,61.0,0.7263257575757576,0.0035065212743208,-0.000827684621916,-0.0002047562542394
2012-10-30,99.96661101836396,100.13322203672789,96.13455759599331,99.8,120700.0,99.8,102.43999999999998,95.96999999999998,93.86400000000002,80.89333333333335,67.94050000000001,False,False,False,False,False,False,True,True,False,True,False,0.0691382765531062,-0.0080160320641282,,,0.0594789579158314,0.189445557782231,0.2004008016032064,0.7985971943887776,0.006148013845393,0.8013962696676047,83.5,60.0,1.5736636245110822,0.0034518026080286,-5.4718666292257086e-05,1.1721824230902409e-05
2012-10-31,100.8662316476346,104.20065252854812,97.19836867862968,102.2,79400.0,102.2,101.92,97.82,94.304,81.42666666666666,68.1975,False,False,False,False,False,False,True,True,False,False,False,0.0841487279843442,-0.0185909980430528,,,0.0772602739726027,0.2032615786040444,0.190802348336595,0.7465753424657534,0.0065498608154574,0.7788795747290943,84.5,59.5,0.6578293289146645,0.0046657617916523,0.0012139591836237,0.0004018469700644
2012-11-01,102.66666666666666,104.5,100.5,104.5,44400.0,104.5,101.66,99.74,94.652,81.99333333333334,68.46750000000002,False,False,False,False,False,False,True,True,False,True,False,0.0507177033492822,-0.0076555023923444,,,0.0942392344497607,0.2153748006379584,0.2267942583732056,0.6775119617224882,0.0069111309862591,0.7324042510527371,83.3,61.5,0.5591939546599496,0.003676625956134,-0.0009891358355183,0.0003612701708016
2012-11-02,104.83333333333331,109.66666666666666,103.83333333333331,109.5,95800.0,109.5,103.2,102.11,95.14,82.63733333333333,68.76500000000001,False,False,False,False,False,False,True,True,False,False,False,-0.0958904109589041,-0.0794520547945205,,,0.1311415525114155,0.2453211567732116,0.2082191780821919,0.5753424657534246,0.0077930878698892,0.6972872392517874,84.5,73.3,2.1576576576576576,0.0051292831616565,0.0014526572055224,0.00088195688363
2012-11-05,111.13246153846154,111.29907692307692,107.63353846153846,108.3,78900.0,108.3,104.86,103.54,95.584,83.25200000000001,69.05650000000001,False,False,False,False,False,False,True,True,False,True,False,-0.0166204986149584,-0.025854108956602,,,0.1174145891043397,0.2312834718374883,0.2077562326869807,0.5623268698060941,0.0073832060090649,0.6706586826347304,85.0,70.7,0.8235908141962421,0.0046451288918647,-0.0004841542697917,-0.0004098818608242
2012-11-06,108.3671875,110.034375,104.19921875,106.7,55700.0,106.7,106.24,104.34,95.94,83.804,69.33850000000001,False,False,False,False,False,False,True,True,False,True,False,-0.0721649484536082,-0.0037488284910965,,,0.1008434864104967,0.2145829428303655,0.2343017806935331,0.6401124648547328,0.0065867977662163,0.6658041019743147,86.0,67.2,0.70595690747782,0.0037106524911402,-0.0009344764007245,-0.0007964082428486
2012-11-07,111.6330827067669,113.46586466165412,109.96691729323308,110.79999999999998,88900.0,110.8,107.96,104.94,96.672,84.47733333333333,69.6435,False,False,False,False,False,False,True,True,False,False,False,-0.0947653429602887,-0.0541516245487363,,,0.127509025270758,0.2375691937424788,0.1940433212996392,0.5613718411552349,0.0079705798794153,0.6645702306079666,85.7,69.7,1.5960502692998204,0.0075719960278053,0.0038613435366651,0.001383782113199
2012-11-08,109.96661608497725,110.2998482549317,107.6339908952959,109.8,50900.0,109.8,109.01999999999998,105.34,97.30400000000002,85.11733333333333,69.9435,False,False,False,False,False,False,True,True,False,True,False,-0.0555555555555555,-0.0664845173041894,,,0.1138069216757739,0.224796599878567,0.2021857923497268,0.5619307832422586,0.007519032551145,0.6660337953294094,84.7,71.0,0.5725534308211474,0.0064951081147745,-0.0010768879130308,-0.0004515473282702
2012-11-09,103.16666666666666,103.33333333333331,98.33333333333331,99.0,122000.0,99.0,106.92,105.06,97.564,85.62400000000001,70.182,False,False,False,False,False,False,True,True,False,True,False,0.0181818181818181,0.0757575757575757,,,0.0145050505050505,0.135111111111111,0.3939393939393939,0.7878787878787878,0.0059173440468405,0.672187321530554,84.5,68.7,2.3968565815324165,0.0026649173875607,-0.0038301907272137,-0.0016016885043045
2012-11-12,100.0,108.33333333333331,97.0,106.5,108800.0,106.5,106.56,105.71,98.124,86.22133333333333,70.4585,False,False,False,False,False,False,True,True,False,False,True,-0.0093896713615023,0.0,,,0.0786478873239437,0.1904100156494522,0.251643192488263,0.6075117370892018,0.0069279064732625,0.6485668337905592,83.8,71.5,0.8918032786885246,0.0057070645305939,0.0030421471430332,0.0010105624264219
2012-11-13,106.5,107.33333333333331,98.0,99.0,84200.0,99.0,105.01999999999998,105.63,98.456,86.69866666666667,70.697,False,False,False,False,False,False,True,True,False,True,False,0.0737373737373737,0.1292929292929292,,,0.0054949494949494,0.1242558922558922,0.3202020202020201,0.7494949494949493,0.0055056594488189,0.643851178642431,91.0,70.8,0.7738970588235294,0.0033720646786382,-0.0023349998519557,-0.0014222470244436
2012-11-14,98.96710963455148,101.79950166112955,98.96710963455148,100.3,32900.0,100.3,102.92,105.43999999999998,98.76,87.216,70.93849999999999,False,False,False,False,False,False,True,True,False,True,False,0.0448654037886341,0.1684945164506481,,,0.0153539381854435,0.1304486540378863,0.3060817547357926,0.7168494516450648,0.0059316333394483,0.6408383915022766,89.8,73.3,0.3907363420427553,0.0030781692993114,-0.0002938953793267,0.0004259738906294
2012-11-15,100.86575562700963,103.86672025723472,100.03215434083602,103.7,47000.0,103.7,101.7,105.36,99.328,87.80133333333333,71.182,False,False,False,False,False,False,True,True,False,False,False,-0.0115718418514947,0.1398264223722276,,,0.0421600771456123,0.1533140469302475,0.2603664416586305,0.5834136933461908,0.0066665654280117,0.6315489749430527,92.2,71.5,1.4285714285714286,0.0057184278350515,0.00264025853574,0.0007349320885634
2012-11-16,105.96495867768594,105.96495867768594,99.63371900826446,100.8,70000.0,100.8,102.06,104.48999999999998,99.7,88.32533333333335,71.40849999999999,False,False,False,False,False,False,True,True,False,True,False,0.056547619047619,0.1755952380952381,,,0.0109126984126983,0.1237566137566135,0.3839285714285714,0.5843253968253967,0.0059326127649298,0.632883529524357,91.7,72.5,1.4893617021276595,0.0037311935807422,-0.0019872342543092,-0.0007339526630819
2012-11-19,102.5,105.66666666666666,101.5,105.5,105500.0,105.5,101.86,104.21,100.512,88.91866666666668,71.66349999999998,False,False,False,False,False,False,True,True,False,False,False,0.0094786729857819,0.1327014218009478,,,0.0472796208530805,0.1571690363349129,0.3251184834123223,0.4853080568720378,0.006672764623851,0.625275885231744,91.8,77.0,1.5071428571428571,0.0080786373766316,0.0043474437958893,0.0007401518589211
2012-11-20,104.96708463949842,106.63322884012538,102.96771159874608,106.3,42200.0,106.3,103.32,104.17,101.304,89.53600000000002,71.92399999999999,False,False,False,False,False,False,True,True,False,True,False,0.0517403574788334,0.1269990592662276,,,0.0469990592662276,0.1577046095954843,0.284101599247413,0.5352775164628409,0.0068948058136764,0.6145723336853223,91.7,85.7,0.4,0.007818052594172,-0.0002605847824596,0.0002220411898254
2012-11-21,107.96565977742448,107.96565977742448,104.30015898251192,104.8,46900.0,104.8,104.22,103.57,102.148,90.14,72.17449999999997,False,False,False,False,False,False,True,True,False,False,False,0.1183206106870229,0.161259541984733,,,0.0253053435114503,0.1398854961832061,0.3377862595419846,0.560114503816794,0.0067006878189481,0.6147533069421652,91.2,83.3,1.1113744075829384,0.0082625210478912,0.0004444684537192,-0.0001941179947283
2012-11-22,106.0,106.33333333333331,100.16666666666666,102.5,144300.0,102.5,103.98000000000002,102.84,102.83600000000004,90.68666666666668,72.41099999999997,False,False,False,False,False,False,True,True,False,True,False,0.1531707317073171,0.250731707317073,,,-0.0032780487804882,0.115252032520325,0.5102439024390245,0.5736585365853659,0.0060280820407264,0.616297160637884,95.8,81.5,3.076759061833689,0.0066902641098452,-0.001572256938046,-0.0006726057782216
2012-11-26,106.66666666666666,107.83333333333331,105.0,106.5,157000.0,106.5,105.12,103.59,103.66400000000002,91.12933333333336,72.66849999999998,False,False,False,False,False,False,True,True,False,False,True,0.1126760563380281,0.2422535211267606,,,0.0266291079812205,0.1443255086071984,0.4225352112676056,0.5868544600938967,0.0048575650723515,0.5968722849695918,97.3,87.5,1.088011088011088,0.0079873437258833,0.0012970796160381,-0.0011705169683749
2012-11-27,106.33333333333331,106.5,105.5,106.5,76400.0,106.5,105.32,103.59,104.16400000000002,91.60666666666668,72.92949999999998,False,False,False,False,False,False,True,True,False,True,False,0.1220657276995305,0.2281690140845071,,,0.0219342723004693,0.1398435054773081,0.4929577464788732,0.5352112676056338,0.0052106833563785,0.5894391350516459,97.2,85.8,0.486624203821656,0.0048001228831458,-0.0031872208427375,0.000353118284027
2012-11-28,107.30134128166917,112.29985096870342,107.13472429210134,111.8,193700.0,111.8,106.42,104.87,104.68800000000002,92.20133333333334,73.21699999999998,False,False,False,False,False,False,True,True,False,False,True,0.071556350626118,0.1779964221824686,,,0.0636135957066187,0.1753011329755515,0.4874776386404295,0.426654740608229,0.0064496536564907,0.5569753027557929,97.8,83.5,2.5353403141361257,0.0050053492281827,0.0002052263450369,0.0012389703001121
2012-11-29,124.36870554765292,124.36870554765292,116.53314366998578,117.2,338000.0,117.2,108.9,106.56,105.184,92.83466666666668,73.53199999999998,False,False,False,False,False,False,True,True,False,True,False,0.0383959044368601,0.128839590443686,,,0.1025255972696246,0.2078953356086461,0.379692832764505,0.349829351535836,0.0068221641340879,0.5191441441441441,92.5,84.5,1.74496644295302,0.0047155460906599,-0.0002898031375228,0.0003725104775971
2012-11-30,119.70042313117068,119.70042313117068,117.1997179125529,118.2,99600.0,118.2,112.04,108.01000000000002,105.67999999999998,93.464,73.83949999999999,False,False,False,False,False,False,True,True,False,True,False,0.0846023688663281,0.1167512690355329,,,0.1059221658206431,0.2092724196277496,0.3468697123519457,0.3663282571912013,0.0067334303403804,0.4962503471900748,94.0,83.3,0.2946745562130177,0.004693414080242,-2.2132010417934105e-05,-8.873379370743454e-05
2012-12-03,117.83333333333331,119.16666666666666,116.66666666666666,118.5,68800.0,118.5,114.44,109.78000000000002,106.348,94.128,74.14699999999999,False,False,False,False,False,False,True,True,False,False,False,0.1164556962025317,0.1645569620253164,,,0.102548523206751,0.2056708860759493,0.2886075949367088,0.3400843881856541,0.0070542240353561,0.4713062488613589,92.5,84.5,0.6907630522088354,0.0062812652800242,0.0015878511997822,0.0003207936949756
2012-12-04,119.16666666666666,120.5,115.33333333333331,119.5,96000.0,119.5,117.04,111.18000000000002,107.128,94.768,74.44049999999999,False,False,False,False,False,False,True,True,False,False,False,0.094560669456067,0.1154811715481172,,,0.103531380753138,0.2069623430962343,0.2368200836820084,0.311297071129707,0.006753334458889,0.4527792768483538,92.5,85.0,1.3953488372093024,0.0072810096333358,0.0009997443533115,-0.000300889576467
2012-12-05,119.46675938803897,119.8,116.96745479833102,119.8,40900.0,119.8,118.64,112.53000000000002,107.928,95.42133333333334,74.75099999999999,False,False,False,False,False,False,True,True,False,False,False,0.0993322203672787,0.0909849749582637,,,0.0990984974958263,0.2034947134112409,0.2537562604340567,0.2170283806343907,0.0068468267054188,0.4198880298587041,90.70000000000002,86.0,0.4260416666666666,0.0074123489733896,0.0001313393400538,9.349224652971908e-05
2012-12-06,120.03287671232876,122.53356164383564,118.53246575342467,121.70000000000002,88200.0,121.7,119.54,114.22,108.70799999999996,96.06666666666668,75.04849999999999,False,False,False,False,False,False,True,True,False,True,False,0.087099424815119,0.0764174198849628,,,0.1067543138866069,0.2106272254176938,0.2736236647493835,0.1503697617091206,0.0067175572519084,0.3783050253895991,92.7,85.7,2.156479217603912,0.007175184898995,-0.0002371640743945,-0.0001292694535103
2012-12-07,121.69830949284784,129.20026007802338,120.86475942782832,128.2,175800.0,128.2,121.54,116.79,109.656,96.82266666666668,75.35799999999999,False,False,False,False,False,False,True,True,False,False,False,0.0296411856474259,0.0195007800312012,,,0.1446489859594382,0.2447529901196046,0.2074882995319814,0.2480499219968799,0.0078080890149689,0.3468618888603476,89.5,84.7,1.9931972789115648,0.0086452177719418,0.0014700328729467,0.0010905317630604
2012-12-10,128.13438287153653,132.9664987405542,127.63450881612091,132.3,175700.0,132.3,124.3,119.37,110.568,97.62000000000002,75.69349999999999,False,False,False,False,False,False,True,True,False,True,False,0.0430839002267572,0.0544217687074829,,,0.1642630385487529,0.2621315192743763,0.1436130007558579,0.2184429327286468,0.008167725192925,0.3112172237580632,91.5,84.5,0.9994311717861206,0.0082483177772953,-0.0003968999946464,0.000359636177956
2012-12-11,132.7994904458599,133.96585987261147,128.30063694267517,130.8,183700.0,130.8,126.56,121.8,111.468,98.33733333333336,76.02599999999998,False,False,False,False,False,False,True,True,False,True,False,0.0191131498470948,0.0688073394495412,,,0.1477981651376147,0.2481855249745156,0.1452599388379205,0.2629969418960243,0.0072946185239923,0.2864532019704434,85.2,83.8,1.045532157085942,0.0080740660996878,-0.0001742516776074,-0.0008731066689326
2012-12-12,132.70025316455695,135.03417721518986,129.53278481012657,131.7,231200.0,131.7,128.94,123.79,112.468,98.95066666666668,76.36849999999998,False,False,False,False,False,False,True,True,False,False,False,-0.0075930144267274,0.0364464692482916,,,0.1460288534548214,0.2486661604657047,0.1753986332574033,0.2414578587699317,0.0061983749477852,0.2690039583165037,86.5,91.0,1.2585737615677737,0.0088914180033431,0.0008173519036553,-0.001096243576207
2012-12-13,130.80037783375317,132.9664987405542,130.80037783375317,132.3,108500.0,132.3,131.06,125.3,113.32800000000002,99.604,76.71749999999999,False,False,False,False,False,False,True,True,False,True,False,-0.0098261526832956,0.0597127739984881,,,0.1434013605442176,0.24713529856387,0.1889644746787603,0.2758881330309901,0.0065593081937805,0.262170790103751,83.7,89.8,0.4692906574394463,0.0075885924043485,-0.0013028255989946,0.0003609332459953
2012-12-14,133.33333333333331,135.0,131.5,132.0,177200.0,132.0,131.82,126.68,114.216,100.27733333333336,77.06999999999998,False,False,False,False,False,False,True,True,False,False,False,-0.0098484848484849,0.1727272727272728,,,0.1347272727272727,0.2403232323232321,0.221969696969697,0.2484848484848485,0.0067147112009363,0.2510262077676032,85.3,92.2,1.6331797235023042,0.0077747425929815,0.0001861501886329,0.0001554030071557
2012-12-17,133.33333333333331,138.0,133.16666666666666,138.0,158600.0,138.0,132.95999999999998,128.63,115.776,100.95066666666668,77.45249999999999,False,False,False,False,False,False,True,True,False,False,False,0.0108695652173913,0.0978260869565217,,,0.1610434782608696,0.2684734299516907,0.1594202898550724,0.1521739130434782,0.0066699245836248,0.2322164347352873,85.8,91.7,0.8950338600451467,0.0134742951907131,0.0056995525977316,-4.478661731148817e-05
2012-12-18,138.13212500000003,138.29875,129.46762500000003,133.3,190800.0,133.3,133.45999999999998,130.01,116.84800000000004,101.58400000000002,77.81249999999999,False,False,False,False,False,False,True,True,False,True,False,0.0487621905476369,0.1927981995498873,,,0.1234208552138032,0.2379294823705925,0.2430607651912976,0.1762940735183795,0.0062345776237728,0.2192139066225675,94.0,91.8,1.2030264817150065,0.0091743119266058,-0.0042999832641072,-0.000435346959852
2012-12-19,133.3673469387755,133.3673469387755,126.69897959183672,130.7,96900.0,130.7,133.26,131.1,118.116,102.21333333333337,78.1575,False,False,False,False,False,False,True,True,False,False,False,0.0443764345830146,0.2723794950267791,,,0.0962815608263197,0.2179546034174952,0.2639632746748279,0.2142310635042081,0.0061570571354032,0.2189168573607934,98.7,91.7,0.5078616352201258,0.0107352094551115,0.0015608975285056,-7.75204883696045e-05
2012-12-20,130.5,132.5,129.5,131.0,58100.0,131.0,133.0,132.03,119.344,102.83333333333334,78.50399999999999,False,False,False,False,False,False,True,True,False,True,False,0.0702290076335877,0.2343511450381678,,,0.0889770992366412,0.2150127226463103,0.2274809160305344,0.1694656488549617,0.0060291734197728,0.2203287131712489,104.8,91.2,0.5995872033023736,0.0102895830540286,-0.0004456264010829,-0.0001278837156303
2012-12-21,132.53380102040816,132.53380102040816,129.0329081632653,130.7,49500.0,130.7,132.74,132.28000000000003,120.424,103.46533333333332,78.835,False,False,False,False,False,False,True,True,False,True,False,0.1843917368018364,0.2180566182096404,,,0.0786228003060442,0.2083754144350931,0.2127008416220353,0.1836266258607498,0.0061083261382232,0.2140157242213484,105.8,95.8,0.8519793459552496,0.0089683119643925,-0.001321271089636,7.915271845034249e-05
2012-12-25,134.16666666666666,142.83333333333331,133.33333333333331,139.5,163600.0,139.5,133.04000000000002,133.0,121.972,104.19866666666668,79.2125,False,False,False,False,False,False,True,True,False,False,False,0.086021505376344,0.0946236559139784,,,0.1256487455197133,0.2530561529271206,0.0917562724014337,0.1304659498207884,0.007037837976174,0.204812030075188,101.8,97.3,3.305050505050505,0.0126914373790705,0.0037231254146779,0.0009295118379507
2012-12-26,141.63289630512514,143.965673420739,135.13444576877237,139.8,164300.0,139.8,134.34,133.9,123.344,104.92933333333336,79.59149999999998,False,False,False,False,False,False,True,True,False,True,False,0.1373390557939913,0.0572246065808297,,,0.1177110157367669,0.2494325226514066,0.1137339055793989,0.1394849785407725,0.0069634166486652,0.1923076923076925,100.0,97.2,1.004278728606357,0.0111233623038007,-0.0015680750752697,-7.442132750875522e-05
2012-12-27,140.0,140.16666666666666,134.83333333333331,136.5,82700.0,136.5,135.5,134.38,124.552,105.60266666666668,79.95749999999998,False,False,False,False,False,False,True,True,False,True,False,0.2183150183150184,0.1003663003663002,,,0.0875311355311354,0.2263540903540902,0.1428571428571428,0.1648351648351648,0.0063761016135954,0.1847001041821701,99.8,97.8,0.5033475349969568,0.00969876035712,-0.0014246019466807,-0.0005873150350697
2012-12-28,136.3657550535077,141.7003567181926,135.8656361474435,140.2,166100.0,140.2,137.34,135.17000000000002,125.968,106.32933333333334,80.34249999999999,False,False,False,False,False,False,True,True,False,False,False,0.1533523537803138,0.1055634807417975,,,0.1015121255349499,0.241588207322872,0.1925820256776034,0.1804564907275322,0.0068341128819892,0.1753347636309831,102.2,92.5,2.0084643288996373,0.0112409500825606,0.0015421897254406,0.0004580112683937
2013-01-04,148.30139935414425,161.6318622174381,146.63509149623252,154.8,553901.0,154.8,142.16,137.45,128.06,107.26400000000002,80.80499999999998,False,False,False,False,False,False,True,True,False,False,False,0.0284237726098189,0.0,,,0.1727390180878553,0.307080103359173,0.2112403100775192,0.0581395348837209,0.0087137032617344,0.1551109494361587,104.5,94.0,3.3347441300421434,0.0163360924566609,0.0050951423741003,0.0018795903797452
2013-01-07,155.16666666666666,156.66666666666666,151.0,151.5,244400.0,151.5,144.56,138.8,129.86,108.15733333333334,81.24849999999998,False,False,False,False,False,False,True,True,False,True,False,0.0079207920792078,-0.0013201320132012,,,0.1428382838283827,0.286090209020902,0.1042904290429043,0.1405940594059406,0.0082595724746663,0.1538184438040343,109.5,92.5,0.4412340833470241,0.0138610811643309,-0.00247501129233,-0.000454130787068
2013-01-08,151.83333333333331,160.0,146.66666666666666,159.0,344500.0,159.0,148.4,141.37,131.96,109.16000000000004,81.73199999999999,False,False,False,False,False,False,True,True,False,False,False,-0.0704402515723269,-0.0578616352201257,,,0.1700628930817609,0.3134591194968551,0.0849056603773584,0.0345911949685534,0.0091852937583977,0.1382895946806251,108.3,92.5,1.4095744680851063,0.0159139133070627,0.0020528321427317,0.0009257212837313
2013-01-09,158.13496993987977,166.3,155.80210420841684,166.3,461100.0,166.3,154.36,144.93,134.14,110.16400000000002,82.24949999999998,False,False,False,False,False,False,True,True,False,False,False,-0.0968129885748648,-0.0691521346963319,,,0.1933854479855684,0.3375586289837642,0.0024052916416114,0.0144317498496691,0.0091136850513777,0.1172290071068792,106.7,90.70000000000002,1.3384615384615384,0.0162516773520201,0.0003377640449574,-7.160870702001623e-05
2013-01-10,168.36804123711337,171.70206185567008,160.69979381443298,161.7,266200.0,161.7,158.66,148.0,135.92,111.12266666666667,82.7415,False,False,False,False,False,False,True,True,False,True,False,-0.0414347557204699,-0.0272108843537413,,,0.1594310451453308,0.3127849927849926,0.0160791589363019,0.0760667903525047,0.0086271027813106,0.1081081081081081,110.79999999999998,92.7,0.5773151160268922,0.013095938787522,-0.003155738564498,-0.000486582270067
2013-01-11,162.36732984293192,165.53465968586386,150.03141361256544,159.2,178300.0,159.2,159.54000000000002,150.85,137.56,112.01600000000003,83.23149999999998,False,False,False,False,False,False,True,True,False,True,False,-0.0276381909547737,0.0131909547738694,,,0.1359296482412059,0.2963819095477384,0.0257537688442212,0.0665829145728644,0.0079750511831645,0.0971826317533973,109.8,89.5,0.6697971450037565,0.0119220703692935,-0.0011738684182285,-0.0006520515981461
2013-01-15,154.20032751091702,155.8673580786026,151.3663755458515,152.7,179600.0,152.7,159.78000000000003,152.17000000000002,138.928,112.82933333333337,83.67249999999999,False,False,False,False,False,False,True,True,False,True,False,-0.009168303863785,0.0478061558611657,,,0.0901899148657497,0.2611045623226367,0.1473477406679764,0.1414538310412575,0.0072085273333175,0.0985739633304856,99.0,91.5,1.007291082445317,0.0098468271334791,-0.0020752432358143,-0.0007665238498469
2013-01-16,154.13190529875988,154.13190529875988,145.6338218714769,147.8,172600.0,147.8,157.54000000000002,152.97,140.06,113.576,84.07399999999998,False,False,False,False,False,False,True,True,False,True,False,0.013531799729364,0.1211096075778076,,,0.0523680649526387,0.2315561569688769,0.2537212449255751,0.2056833558863327,0.0065741588598526,0.1051840230110479,106.5,85.2,0.9610244988864144,0.0080822504640868,-0.0017645766693923,-0.0006343684734648
2013-01-17,147.86614872364038,152.86725860155383,147.0326304106548,150.2,134200.0,150.2,154.32,154.34,141.27599999999998,114.356,84.49349999999998,False,False,False,False,False,False,True,True,False,False,False,0.0306258322237018,0.099866844207723,,,0.0594141145139814,0.2386418109187749,0.1950732356857524,0.2017310252996006,0.006820805204799,0.1093041337307242,99.0,86.5,0.7775202780996524,0.0086072652113591,0.0005250147472723,0.0002466463449463
2013-01-18,150.83333333333331,155.83333333333331,149.16666666666666,155.0,133400.0,155.0,152.98,155.82,142.608,115.20666666666666,84.94099999999999,False,False,False,False,False,False,True,True,False,False,False,0.0148387096774194,0.0374193548387097,,,0.0799483870967741,0.2567311827956989,0.1516129032258064,0.1438709677419355,0.0073838319541693,0.106340649467334,100.3,83.7,0.9940387481371088,0.0093402894648268,0.0007330242534676,0.0005630267493702
2013-01-21,160.79870828848226,162.63164693218516,150.96749192680304,154.8,190000.0,154.8,152.1,155.82,143.672,115.99333333333334,85.39849999999998,False,False,False,False,False,False,True,True,False,True,False,0.0419896640826873,0.0239018087855296,,,0.0718863049095608,0.2506890611541774,0.1324289405684754,0.1963824289405683,0.0067819989654578,0.1200744448722885,103.7,85.3,1.424287856071964,0.007405757558884,-0.0019345319059427,-0.0006018329887114
2013-01-22,154.96585903083704,157.6319383259912,148.63392070484585,151.3,224400.0,151.3,151.82,155.8,144.43200000000002,116.71333333333334,85.83099999999996,False,False,False,False,False,False,True,True,False,True,False,0.0575016523463317,0.0066093853271645,,,0.0453932584269662,0.2285966071821987,0.1401189689358888,0.1962987442167877,0.0061689609870337,0.1254813863928111,100.8,85.8,1.1810526315789474,0.0052619918023707,-0.0021437657565132,-0.0006130379784241
2013-01-23,149.9666295884316,154.96551724137933,148.63359288097888,149.8,143200.0,149.8,152.21999999999997,154.88,145.192,117.41466666666663,86.26149999999998,False,False,False,False,False,False,True,True,False,True,False,0.1061415220293723,0.0393858477970626,,,0.0307610146862483,0.2161904761904764,0.1295060080106807,0.0226969292389851,0.0059731322605917,0.124870867768595,105.5,94.0,0.6381461675579323,0.0052344481789629,-2.75436234078337e-05,-0.0001958287264419
2013-01-24,150.46759956942952,155.79978471474706,150.46759956942952,154.8,135000.0,154.8,153.14,153.72999999999996,146.116,118.17466666666664,86.71399999999998,False,False,False,False,False,False,True,True,False,False,False,0.0671834625322995,0.007751937984496,,,0.0560981912144702,0.2365977605512491,0.1304909560723513,-0.0717054263565892,0.0064311583983031,0.1170233526312368,106.3,98.7,0.9427374301675978,0.0063237427797093,0.0010892946007463,0.0004580261377113
2013-01-25,157.4666313559322,158.29978813559325,155.30042372881357,157.3,130100.0,157.3,153.6,153.29,147.116,119.03866666666664,87.17699999999996,False,False,False,False,False,False,True,True,False,False,False,0.0222504767959313,0.0629370629370627,,,0.0647425301970756,0.2432379741470652,0.0998092816274633,-0.0432294977749523,0.0072581458125651,0.1048992106464871,104.8,104.8,0.9637037037037036,0.0067973571875254,0.0004736144078161,0.000826987414262
2013-01-28,155.80113636363637,161.3,155.3012396694215,161.3,143000.0,161.3,154.9,153.49999999999997,148.28800000000004,119.93599999999996,87.66599999999997,False,False,False,False,False,False,True,True,False,False,False,-0.0173589584624923,0.1624302541847488,,,0.0806695598264102,0.2564414135151893,0.0632362058276502,-0.0502169869807812,0.0074817680540731,0.0925732899022803,102.5,105.8,1.0991544965411222,0.0079035390591283,0.0011061818716028,0.000223622241508
2013-01-29,162.83333333333331,164.16666666666666,159.0,160.0,128600.0,160.0,156.64,154.22999999999996,149.16800000000003,120.83599999999996,88.15599999999996,False,False,False,False,False,False,True,True,False,True,False,-0.0481249999999999,0.045625,,,0.0676999999999997,0.2447750000000002,0.10625,-0.0449999999999999,0.0074481114899532,0.0734617130260004,106.5,101.8,0.8993006993006993,0.0058993886088168,-0.0020041504503114,-3.365656411993042e-05
2013-01-30,163.36619718309856,171.03440643863178,163.19949698189131,165.7,316900.0,165.7,159.82000000000002,156.01999999999998,150.46400000000003,121.812,88.67049999999998,False,False,False,False,False,False,True,True,False,False,False,-0.060350030175015,0.0410380205190103,,,0.0919493059746527,0.2648642124321061,0.0331925165962583,-0.0386240193120095,0.0080123468952159,0.0490321753621332,106.5,100.0,2.464230171073095,0.0086133560187153,0.0027139674098985,0.0005642354052626
2013-01-31,163.36629667003027,166.36690211907165,158.36528758829465,165.2,145900.0,165.2,161.9,157.52,151.84400000000002,122.80533333333332,89.18499999999999,False,False,False,False,False,False,True,True,False,False,False,-0.0556900726392251,0.0090799031476997,,,0.0808474576271184,0.2566263115415658,0.0484261501210653,-0.1628329297820822,0.0080886823590722,0.012252412392077,111.8,99.8,0.4603976017671189,0.0090882748083559,0.0004749187896405,7.63354638563668e-05
2013-02-01,163.46611398963734,164.13264248704667,159.1336787564767,160.8,110400.0,160.8,162.6,158.1,153.03600000000003,123.71333333333334,89.67799999999997,False,False,False,False,False,False,True,True,False,True,False,0.0398009950248754,0.0217661691542288,,,0.0482835820895521,0.2306384742951907,0.0708955223880595,0.015547263681592,0.0073395484183867,-0.0003162555344719,117.2,102.2,0.7566826593557231,0.0077890169633289,-0.0012992578450269,-0.0007491339406855
2013-02-04,160.66666666666666,163.0,157.83333333333331,158.5,98800.0,158.5,162.04000000000002,158.47,154.14800000000002,124.63333333333334,90.16399999999996,False,False,False,False,False,False,True,True,False,True,False,0.1829652996845426,0.0302839116719243,,,0.0274574132492112,0.2136698212407991,0.03596214511041,-0.028391167192429,0.0073816528483551,-0.0223386129866853,118.2,104.5,0.894927536231884,0.0072138464332978,-0.0005751705300311,4.210442996847169e-05
2013-02-05,159.96498905908098,159.96498905908098,150.80032822757113,152.3,122600.0,152.3,160.5,158.57,154.66000000000005,125.444,90.62049999999998,False,False,False,False,False,False,True,True,False,True,False,0.0984898227183191,0.150361129349967,,,-0.0154957321076824,0.1763361785948785,0.0485883125410372,0.078135259356533,0.0064623789632558,-0.0335498518004668,118.5,109.5,1.2408906882591093,0.003310487521014,-0.0039033589122838,-0.0009192738850993
2013-02-06,154.86648822269805,158.03383297644538,153.3661670235546,155.7,77700.0,155.7,158.5,159.16000000000005,155.29600000000002,126.384,91.09299999999998,False,False,False,False,False,False,True,True,False,False,True,0.1078998073217727,0.1901091843288376,,,0.0025947334617852,0.1882851637764932,0.0064226075786769,0.0513808606294155,0.0074376503354854,-0.0305353103794925,119.5,108.3,0.633768352365416,0.0040954049041827,0.0007849173831687,0.0009752713722296
2013-02-07,155.66666666666666,157.66666666666666,154.83333333333331,156.0,78900.0,156.0,156.66,159.28,156.07600000000002,127.31066666666668,91.56449999999997,False,False,False,False,False,False,True,True,False,False,False,0.0685897435897435,0.1506410256410256,,,-0.0004871794871796,0.1839059829059828,0.046153846153846,-0.0051282051282052,0.0072787826105171,-0.02404570567554,119.8,106.7,1.0154440154440154,0.0049975652887055,0.0009021603845227,-0.0001588677249683
2013-02-08,156.3645064805583,168.5335992023928,156.0311066799601,167.2,300700.0,167.2,157.94,160.27,157.156,128.42400000000004,92.09399999999998,False,False,False,False,False,False,True,True,False,False,True,-0.0173444976076553,0.0675837320574163,,,0.0600717703349281,0.2319138755980858,-0.0221291866028707,-0.0651913875598084,0.0086691999418594,-0.0264553565857614,121.70000000000002,110.79999999999998,3.811153358681876,0.0068721525108808,0.0018745872221752,0.0013904173313423
2013-02-12,176.66666666666666,199.3333333333333,176.0,187.5,625001.0,187.5,163.74,162.89,158.464,129.78666666666672,92.72499999999998,False,False,False,False,False,False,True,True,False,False,False,-0.1290666666666666,-0.0650666666666666,,,0.1548586666666666,0.3078044444444441,-0.1397333333333332,-0.1573333333333333,0.0104992808711733,-0.03916753637424,128.2,109.8,2.078486863984037,0.0082542407108238,0.001382088199943,0.0018300809293138
2013-02-13,163.300796812749,174.96513944223108,159.46822709163348,167.3,473400.0,167.3,166.74,163.62,159.09599999999998,130.87333333333336,93.25399999999996,False,False,False,False,False,False,True,True,False,True,False,0.0472205618649131,0.0310818888224745,,,0.0490376569037659,0.2177326160589757,0.0101613867304243,-0.0573819485953378,0.0083031939279708,-0.0404596015157069,132.3,99.0,0.7574387880979391,0.0039724443103533,-0.0042817964004705,-0.0021960869432024
2013-02-14,170.83333333333331,174.66666666666666,165.33333333333331,172.5,199600.0,172.5,170.1,164.3,159.636,131.92000000000002,93.80749999999996,False,False,False,False,False,False,True,True,False,True,False,0.0742028985507247,-0.0191304347826087,,,0.0745739130434782,0.2352463768115941,-0.0521739130434782,-0.0655072463768116,0.0079341014756416,-0.0432744978697505,130.8,106.5,0.4216307562315167,0.0033826956325642,-0.0005897486777891,-0.0003690924523292
2013-02-15,172.53449999999998,172.8679,160.5321,166.7,258000.0,166.7,172.24,164.45,159.65199999999996,132.82666666666665,94.31849999999996,False,False,False,False,False,False,True,True,False,True,False,0.0767846430713858,0.0497900419916017,,,0.0422795440911819,0.2031993601279744,-0.0431913617276544,-0.0863827234553088,0.0068259385665526,-0.0356339312861051,131.7,99.0,1.2925851703406814,0.0001002179740934,-0.0032824776584707,-0.001108162909089
2013-02-18,164.79989858012172,171.631845841785,162.13377281947265,164.3,174300.0,164.3,171.66,164.8,159.756,133.62,94.82149999999996,False,False,False,False,False,False,True,True,False,False,True,0.0864272671941569,0.052951917224589,,,0.0276567255021303,0.1867315885575167,-0.0371272063298844,-0.1095556908094948,0.0059372349448686,-0.0479975728155341,132.3,100.3,0.6755813953488372,0.0006509927639653,0.0005507747898718,-0.000888703621684
2013-02-19,162.13357142857143,168.1323469387755,161.46704081632652,163.3,156000.0,163.3,166.82,165.28,159.92,134.38666666666666,95.31299999999996,False,False,False,False,False,False,True,True,False,False,False,0.0734843845682792,0.0502143294549907,,,0.0206981016533987,0.1770565421514596,-0.0110226576852419,-0.0434782608695653,0.0057049310447463,-0.0494312681510163,132.0,103.7,0.8950086058519794,0.0010255127563781,0.0003745199924128,-0.0002323039001222
2013-02-20,163.69781160799238,176.70028544243576,163.69781160799238,175.2,220700.0,175.2,168.4,167.57,160.82,135.36533333333335,95.86249999999995,False,False,False,False,False,False,True,True,False,False,False,-0.0154109589041095,0.0102739726027397,,,0.0820776255707762,0.227366818873668,-0.0936073059360729,-0.1312785388127854,0.0072298175800798,-0.0695828608939544,138.0,100.8,1.4147435897435898,0.0055963188658127,0.0045708061094346,0.0015248865353334
2013-02-21,178.8011690647482,203.13012589928056,178.8011690647482,185.3,438900.0,185.3,170.95999999999998,170.53,162.32,136.50266666666667,96.45999999999997,False,False,False,False,False,False,True,True,False,False,False,-0.0868861305990287,-0.076092822450081,,,0.1240151106314086,0.2633423277567908,-0.1543443065299515,-0.1662169454937939,0.0083319495589828,-0.0911276608221426,133.3,105.5,1.9886724059809693,0.0092410054213898,0.0036446865555771,0.001102131978903
2013-02-22,180.8333333333333,183.16666666666663,176.66666666666666,179.5,134200.0,179.5,173.52,172.88,163.49200000000002,137.56533333333334,97.03399999999996,False,False,False,False,False,False,True,True,False,True,False,-0.0250696378830083,-0.0350974930362117,,,0.0891810584958216,0.2336193129062209,-0.1877437325905291,-0.1710306406685236,0.0077248143912226,-0.1071841739935215,130.7,106.3,0.3057644110275689,0.007168546473222,-0.0020724589481677,-0.0006071351677602
2013-02-25,181.8333333333333,183.0,176.66666666666666,178.5,108300.0,178.5,176.36,174.01,164.43200000000002,138.58266666666668,97.59999999999997,False,False,False,False,False,False,True,True,False,True,False,-0.0308123249299719,-0.0352941176470588,,,0.0788123249299719,0.223626517273576,-0.2156862745098039,-0.1484593837535014,0.0073409854046201,-0.1154531348773057,131.0,104.8,0.8070044709388972,0.0057166488274788,-0.0014518976457432,-0.0003838289866024
2013-02-26,176.63307984790876,177.4662547528517,172.30057034220533,175.3,79600.0,175.3,178.76,172.79,165.252,139.52666666666667,98.15899999999996,False,False,False,False,False,False,True,True,False,True,False,-0.0216771249286937,-0.0633200228180263,,,0.0573188819167142,0.2040692146795969,-0.0872789503707929,-0.0376497432972049,0.0067657317597591,-0.1030152207882399,130.7,102.5,0.7349953831948292,0.0049621184615011,-0.0007545303659776,-0.000575253644861
2013-02-27,178.16666666666666,185.8333333333333,171.83333333333331,172.5,179300.0,172.5,178.21999999999997,173.31,166.1,140.36666666666667,98.70049999999996,False,False,False,False,False,False,True,True,False,False,True,0.0260869565217391,-0.0742028985507247,,,0.0371014492753623,0.1862801932367149,-0.0655072463768116,0.009855072463768,0.0059843267632391,-0.0961860250418326,139.5,106.5,2.2525125628140703,0.0051053582179409,0.0001432397564397,-0.0007814049965199
2013-02-28,172.03389162561575,173.86758620689656,166.69950738916256,169.2,181800.0,169.2,175.0,172.98,166.87600000000003,141.17866666666666,99.22749999999996,False,False,False,False,False,False,True,True,False,True,False,0.0118203309692671,-0.0738770685579196,,,0.0137352245862881,0.1656107171000788,-0.0236406619385342,0.0650118203309692,0.0057515771976879,-0.0834778587119896,139.8,106.5,1.0139431121026212,0.004650159399794,-0.0004551988181468,-0.0002327495655512
2013-03-01,170.83333333333331,179.0,170.16666666666666,175.0,201500.0,175.0,174.1,173.81,167.68400000000003,142.08933333333331,99.78849999999994,False,False,False,False,False,False,True,True,False,False,True,-0.0102857142857143,-0.0674285714285714,,,0.0418057142857141,0.1880609523809525,-0.0657142857142857,0.02,0.0064091135154409,-0.0727806225188421,136.5,111.8,1.1083608360836084,0.0048185873428591,0.000168427943065,0.000657536317753
2013-03-04,178.33333333333331,181.0,171.16666666666666,173.0,174100.0,173.0,173.0,174.68,168.312,142.91866666666667,100.34699999999997,False,False,False,False,False,False,True,True,False,True,False,-0.0046242774566474,-0.0549132947976878,,,0.0270982658959536,0.1738805394990366,-0.0242774566473987,0.0375722543352601,0.0058028342460514,-0.0583924891229676,140.2,117.2,0.8640198511166253,0.0037311659299395,-0.0010874214129195,-0.0006062792693894
2013-03-05,171.66666666666666,174.66666666666666,169.16666666666666,171.5,108100.0,171.5,172.24,175.5,168.72,143.7413333333333,100.90299999999996,False,False,False,False,False,False,True,True,False,True,False,-0.0425655976676385,-0.059475218658892,,,0.0162099125364431,0.1618581146744414,-0.0390670553935859,0.0915451895043731,0.0057232436042518,-0.045128205128205,154.8,118.2,0.6209075244112578,0.0024182076813654,-0.001312958248574,-7.959064179963692e-05
2013-03-06,175.33333333333331,179.66666666666666,173.33333333333331,177.0,129900.0,177.0,173.14,175.68,169.4,144.78133333333332,101.49449999999996,False,False,False,False,False,False,True,True,False,False,False,-0.0977401129943503,-0.0451977401129943,,,0.0429378531073446,0.1820263653483993,-0.1016949152542373,-0.0073446327683616,0.007183246459028,-0.0327299635701275,151.5,118.5,1.2016651248843664,0.0040141676505313,0.0015959599691658,0.0014600028547761
2013-03-07,178.0346640701071,178.0346640701071,171.03330087633884,171.2,151700.0,171.2,173.54000000000002,174.27,169.62,145.644,102.06649999999996,False,False,False,False,False,False,True,True,False,True,False,-0.084696261682243,-0.0449766355140186,,,0.0092289719626167,0.1492757009345793,-0.0841121495327101,-0.0508177570093457,0.0059231184715242,-0.0203133069375107,159.0,119.5,1.167821401077752,0.0012970168612191,-0.0027171507893121,-0.0012601279875037
2013-03-08,171.19961501443694,174.86698748796917,171.03291626564,173.2,90300.0,173.2,173.18,173.64,169.94,146.63333333333333,102.64649999999996,False,False,False,False,False,False,True,True,False,False,False,-0.0577367205542725,-0.0790993071593532,,,0.0188221709006927,0.1533872209391839,-0.0837182448036951,-0.0317551963048498,0.0067469879518071,-0.005874222529371,166.3,119.8,0.5952537903757416,0.0018830175356007,0.0005860006743815,0.0008238694802828
2013-03-11,173.86698935140367,174.03368828654402,171.19980638915777,172.2,69300.0,172.2,173.02000000000004,173.01000000000002,170.396,147.592,103.22849999999998,False,False,False,False,False,False,True,True,False,False,False,-0.0505226480836236,-0.0813008130081301,,,0.0104761904761904,0.1429036004645759,-0.1103368176538908,0.0174216027874564,0.0064953836702984,0.0111554245419338,161.7,121.70000000000002,0.7674418604651163,0.0026761191577266,0.0007931016221258,-0.0002516042815087
2013-03-12,171.8682233502538,172.20162436548222,163.1997969543147,164.2,224800.0,164.2,171.56,171.90000000000003,170.62399999999997,148.39866666666668,103.76799999999996,False,False,False,False,False,False,True,True,False,True,False,-0.0176613885505479,-0.0164433617539585,,,-0.0391230207064554,0.0962322371092162,-0.0578562728380024,0.1102314250913521,0.0054358080485898,0.0255962769051772,159.2,128.2,3.243867243867244,0.0013362715678918,-0.0013398475898347,-0.0010595756217085
2013-03-13,160.53350730688936,163.0340292275574,158.5330897703549,159.7,185500.0,159.7,168.1,170.62000000000003,170.91999999999996,149.18400000000003,104.283,False,False,False,False,False,False,True,True,False,False,False,0.0582341891045711,-0.0056355666875389,,,-0.070256731371321,0.0658484658735126,-0.0125234815278647,0.1534126487163431,0.0052641927641928,0.0391513304419175,152.7,132.3,0.8251779359430605,0.0017318043529135,0.0003955327850217,-0.000171615284397
2013-03-14,158.36702127659572,160.20074468085105,155.03297872340426,156.7,205000.0,156.7,165.2,169.37000000000003,170.95999999999995,149.86666666666673,104.779,False,False,False,False,False,False,True,True,False,True,False,0.0433950223356733,0.0,,,-0.0910019144862792,0.0436077430333966,0.0165922144224634,0.1793235481812382,0.004555160142349,0.0495365176831787,147.8,130.8,1.105121293800539,0.0002339728591482,-0.0014978314937653,-0.0007090326218438
2013-03-15,155.19836567926455,163.86680286006128,155.19836567926455,163.2,135800.0,163.2,163.2,168.19000000000003,171.24799999999996,150.6253333333334,105.3015,False,False,False,False,False,False,True,True,True,False,False,-0.0226715686274509,-0.1066176470588234,,,-0.0493137254901959,0.0770506535947707,-0.0257352941176469,0.130514705882353,0.0050367800015933,0.0604673286164456,150.2,131.7,0.6624390243902439,0.0016817714659441,0.0014477986067958,0.0004816198592443
2013-03-18,164.16666666666666,167.33333333333331,161.66666666666666,163.5,121500.0,163.5,161.45999999999998,167.24000000000004,171.09999999999994,151.40800000000007,105.824,False,False,False,False,False,False,False,True,False,True,False,-0.0324159021406728,-0.1437308868501529,,,-0.0464831804281341,0.073957186544342,0.0122324159021406,0.2599388379204893,0.0051692556976293,0.082336761540301,155.0,132.3,0.894698085419735,-0.0008649912331971,-0.0025467626991412,0.000132475696036
2013-03-19,163.4662190082645,166.46559917355373,160.6334710743802,161.3,76800.0,161.3,160.87999999999997,166.22,170.05199999999994,152.19200000000006,106.3305,False,False,False,False,False,False,False,True,False,True,False,0.0012399256044636,-0.0080595164290143,,,-0.0542591444513324,0.056466212027278,0.0154990700557966,0.3031618102913823,0.0051513877207737,0.1028155456623751,154.8,132.0,0.6320987654320988,-0.0061628207842307,-0.0052978295510336,-1.7867976855687022e-05
2013-03-21,161.66666666666666,170.5,161.66666666666666,169.0,189600.0,169.0,162.74,165.42000000000002,170.11999999999998,153.0253333333334,106.87149999999998,False,False,False,False,False,False,True,True,False,False,False,-0.0603550295857987,-0.0461538461538462,,,-0.0066272189349111,0.0945246548323467,0.0224852071005917,0.2396449704142011,0.0054457214056061,0.1285817918026839,151.3,138.0,2.46875,0.0003997178462264,0.0065625386304571,0.0002943336848323
2013-03-22,166.5,168.66666666666666,162.83333333333331,163.5,133200.0,163.5,164.1,164.65,169.75999999999996,153.7853333333334,107.37999999999998,False,False,False,False,False,False,False,True,False,True,False,-0.0415902140672783,0.0103975535168195,,,-0.0382874617737,0.0594169215086642,0.0061162079510703,0.3290519877675841,0.0049419537190368,0.1671424233221984,149.8,133.3,0.7025316455696202,-0.0021206409048068,-0.0025203587510332,-0.0005037676865692
2013-03-25,160.0,164.66666666666666,159.0,159.5,110500.0,159.5,163.36,163.28,169.47199999999998,154.42133333333342,107.86999999999998,False,False,False,False,False,False,False,True,False,False,False,-0.0858934169278996,0.0250783699059561,,,-0.0625203761755484,0.0318411703239283,0.0576802507836989,0.3310344827586207,0.0041186019202875,0.2042503674669279,154.8,130.7,0.8295795795795796,-0.0016993957703926,0.0004212451344142,-0.0008233517987493
2013-03-26,157.19978925184404,160.86722866174918,156.3662802950474,158.2,69300.0,158.2,162.3,161.88,169.22799999999995,154.96800000000007,108.357,False,False,False,False,False,False,False,True,False,False,False,-0.1150442477876105,0.0670037926675096,,,-0.0697092288242728,0.020429835651074,0.099873577749684,0.2989886219974716,0.0035276100012044,0.2333827526562886,157.3,131.0,0.6271493212669683,-0.0014418417755928,0.0002575539947997,-0.000590991919083
2013-03-27,157.83333333333331,162.0,157.5,161.5,62000.0,161.5,162.34,161.61,169.15599999999995,155.54533333333342,108.8605,False,False,False,False,False,False,False,True,False,False,False,-0.0092879256965944,0.0204334365325078,,,-0.0474055727554176,0.0368710010319912,0.0513931888544892,0.3888544891640867,0.0037116724813345,0.2614318420889796,161.3,130.7,0.8946608946608947,-0.0004256426020951,0.0010161991734977,0.00018406248013
2013-03-28,161.9660020986359,162.96579223504722,156.1338929695698,158.8,77500.0,158.8,160.3,161.52,168.49999999999997,156.08266666666674,109.353,False,False,False,False,False,False,False,True,False,True,False,0.0151133501259444,0.0012594458438286,,,-0.0610831234256924,0.017111670864819,0.0976070528967254,0.4219143576826196,0.0034426201500059,0.287890044576523,160.0,139.5,1.25,-0.0038931750741838,-0.0034675324720887,-0.0002690523313286
2013-03-29,157.2001063829787,159.36723404255318,155.36638297872338,156.7,77400.0,156.7,158.94,161.52,167.356,156.57866666666675,109.838,False,False,False,False,False,False,False,True,False,True,False,0.0542437779195915,0.0006381620931718,,,-0.0680025526483727,0.0007743033397143,0.1372048500319081,0.5424377791959158,0.0031677367712928,0.3231178801386825,165.7,139.8,0.9987096774193548,-0.0068357274313438,-0.0029425523571599,-0.000274883378713
2013-04-01,155.96434285714287,156.2976,144.96685714285715,145.8,127000.0,145.8,156.2,159.78,166.00799999999998,156.9253333333334,110.262,False,False,False,False,False,False,False,True,False,True,False,0.1213991769547324,0.0884773662551438,,,-0.1386008230452672,-0.0763054412437133,0.2379972565157749,0.609739368998628,0.0022091185616938,0.3689447990987607,165.2,136.5,1.6408268733850129,-0.0081200905980435,-0.0012843631666997,-0.000958618209599
2013-04-02,139.16666666666666,146.33333333333331,136.0,140.0,155000.0,140.0,152.56,157.43,164.468,157.1693333333334,110.6585,False,False,False,False,False,False,False,True,False,True,False,0.2057142857142858,0.0942857142857142,,,-0.1747714285714285,-0.1226380952380958,0.2664285714285715,0.8,0.001552465705778,0.4185987422981643,160.8,140.2,1.220472440944882,-0.0093635236033756,-0.0012434330053321,-0.0006566528559158
2013-04-03,143.83333333333331,161.5,142.5,160.0,302800.0,160.0,152.26,157.3,163.85600000000002,157.59333333333342,111.157,False,False,False,False,False,False,False,True,False,False,False,0.03,-0.033125,,,-0.0241000000000001,0.0150416666666661,0.1574999999999999,0.89875,0.0026904691399805,0.4792752701843609,158.5,154.8,1.9535483870967745,-0.0037349868176933,0.0056285367856823,0.0011380034342025
2013-04-04,156.0322647362978,164.5340227507756,151.86473629782833,161.2,187900.0,161.2,152.74,156.52,163.40400000000002,157.97866666666673,111.652,False,False,False,False,False,False,False,True,False,False,False,-0.0136476426799006,-0.021712158808933,,,-0.0136724565756826,0.0199834574028118,0.1228287841191067,0.8287841191066999,0.0024391479018262,0.5411449016100179,152.3,151.5,0.6205416116248349,-0.0027661501554429,0.0009688366622504,-0.0002513212381543
2013-04-05,170.20100908173563,173.0349142280525,162.03269424823412,165.2,222600.0,165.2,154.44,156.69,163.244,158.4373333333334,112.1755,False,False,False,False,True,False,False,True,False,False,False,-0.0508474576271185,-0.0357142857142855,,,0.0118401937046004,0.04093623890234,-0.072639225181598,0.7736077481840195,0.0028949405863939,0.5877847980088071,155.7,159.0,1.1846726982437468,-0.0009801279066919,0.0017860222487509,0.0004557926845676
2013-04-08,167.0,168.33333333333331,161.66666666666666,163.5,169300.0,163.5,157.98,157.09,162.784,158.86133333333342,112.69400000000002,False,False,False,False,False,False,False,True,False,True,False,-0.0293577981651376,-0.0275229357798165,,,0.0043792048929664,0.028371049949031,-0.1211009174311927,0.6593272171253823,0.0026689943430749,0.6212998917817811,156.0,166.3,0.7605570530098832,-0.0028258305484568,-0.0018457026417649,-0.0002259462433189
2013-04-09,166.63376110562686,169.9664363277394,163.46771964461996,168.8,192600.0,168.8,163.74,158.15,162.616,159.34800000000007,113.242,False,False,False,False,False,False,False,True,False,False,False,-0.0924170616113745,-0.0195497630331754,,,0.0366350710900473,0.0559952606635067,-0.1084123222748815,0.4514218009478672,0.0030541121737746,0.6354094214353461,167.2,161.7,1.1376255168340224,-0.0010331086731931,0.0017927218752637,0.0003851178306997
2013-04-10,166.1330637007078,166.79959555106169,162.3005055611729,164.8,93800.0,164.8,164.7,158.48,162.34799999999998,159.7853333333334,113.767,False,False,False,False,False,False,False,True,False,True,False,-0.0612864077669904,-0.0060679611650485,,,0.0148786407766991,0.0304288025889964,-0.0703883495145632,0.5121359223300969,0.0027370054823554,0.6477158001009592,187.5,159.2,0.4870197300103842,-0.0016507748786559,-0.0006176662054627,-0.0003171066914192
2013-04-11,164.83333333333331,165.33333333333331,156.0,159.0,154100.0,159.0,164.26,158.5,161.628,160.06533333333337,114.266,False,False,False,False,False,True,False,True,False,True,False,-0.0081761006289308,0.0867924528301887,,,-0.0165283018867923,-0.0067002096436061,-0.0389937106918238,0.4477987421383647,0.0017492857083355,0.6502839116719242,167.3,152.7,1.6428571428571428,-0.0044546736951518,-0.0028038988164959,-0.0009877197740198
2013-04-12,158.29968119022317,161.46567481402764,155.80021253985123,156.8,113200.0,156.8,162.58,158.51,161.05200000000002,160.37866666666667,114.75249999999998,False,False,False,False,False,False,False,True,False,False,False,0.0159438775510204,0.0491071428571427,,,-0.0271173469387755,-0.0228231292517006,0.0159438775510204,0.4400510204081632,0.0019537095540552,0.6401488865055834,172.5,147.8,0.7345879299156391,-0.0035764846136649,0.0008781890814868,0.0002044238457196
2013-04-15,155.86607142857142,159.53350840336134,155.36596638655462,158.7,105600.0,158.7,161.62000000000003,159.8,160.472,160.75200000000004,115.241,False,False,True,False,False,False,False,True,False,True,True,0.001890359168242,0.0630119722747322,,,-0.0111657214870826,-0.0129300567107753,-0.1285444234404535,0.7378701953371143,0.0023224179688797,0.6526282853566959,166.7,150.2,0.9328621908127208,-0.0036143377037739,-3.785309010901142e-05,0.0003687084148245
2013-04-16,153.36670293797604,154.8670293797606,151.19956474428724,153.2,133000.0,153.2,158.5,161.12,159.712,161.04800000000003,115.702,False,False,False,False,False,False,False,True,False,True,False,0.0802872062663186,0.1357702349869452,,,-0.0425065274151436,-0.0512271540469976,0.0659268929503918,0.7415143603133161,0.0018379613531369,0.64827457795432,164.3,155.0,1.259469696969697,-0.004758565417752,-0.0011442277139781,-0.0004844566157428
2013-04-17,154.7,155.70021551724136,153.03297413793103,154.7,107300.0,154.7,156.48000000000002,160.59,159.332,161.36800000000002,116.169,False,False,False,False,False,False,False,True,False,False,False,0.0588235294117648,0.0976082740788624,,,-0.0299418228829993,-0.043102779573368,-0.0045248868778279,0.8442146089204915,0.0019830449655445,0.6421944081200575,163.3,154.8,0.8067669172932331,-0.0023849571962945,0.0023736082214575,0.0001450836124076
2013-04-18,155.86627906976744,161.70084566596194,155.69957716701902,157.7,98800.0,157.7,156.21999999999997,160.24,159.25199999999998,161.6106666666667,116.65500000000002,False,False,False,False,False,False,False,True,False,False,False,0.0957514267596704,0.1052631578947369,,,-0.0098414711477488,-0.0247981399281338,0.0412175015852885,0.6772352568167408,0.0015015510527358,0.6268721917124312,175.2,151.3,0.9207828518173344,-0.00050234847914,0.0018826087171544,-0.0004814939128086
2013-04-19,157.63368200836825,160.79968619246864,155.13420502092052,159.3,66900.0,159.3,156.71999999999997,159.65000000000003,159.356,161.8706666666667,117.14650000000002,False,False,False,False,False,False,True,True,False,False,False,0.0326428123038291,0.11864406779661,,,-0.0003515379786565,-0.0161372672107136,0.027620841180163,1.0790960451977398,0.0016062206041036,0.6568117757594735,185.3,149.8,0.6771255060728745,0.0006526268229625,0.0011549753021025,0.0001046695513677
2013-04-22,161.66666666666666,161.66666666666666,158.0,159.0,83100.0,159.0,156.78,159.20000000000002,159.188,162.17066666666665,117.64550000000004,False,False,False,False,False,False,False,True,False,True,False,0.061006289308176,0.1352201257861635,,,-0.0011823899371068,-0.0199412997903562,-0.0238993710691824,0.8805031446540881,0.0018499029828655,0.6788944723618087,179.5,154.8,1.242152466367713,-0.0010553559313516,-0.0017079827543141,0.0002436823787618
2013-04-23,160.0,165.83333333333331,158.5,165.5,119000.0,165.5,159.24,158.87,159.268,162.50799999999998,118.16650000000004,False,False,False,False,True,False,True,True,False,False,False,0.0513595166163142,0.0712990936555891,,,0.037655589123867,0.0180785498489427,-0.0555891238670694,0.6779456193353474,0.0020757952429008,0.702964688109775,178.5,157.3,1.4320096269554754,0.0005022980134114,0.001557653944763,0.0002258922600353
2013-04-24,165.46632756866737,165.46632756866737,161.80040691759922,163.8,56300.0,163.8,161.06,158.77,159.36800000000002,162.628,118.682,False,False,False,False,False,False,True,True,False,False,False,0.0366300366300366,0.1306471306471305,,,0.0270573870573869,0.0071550671550673,-0.0354090354090354,0.8693528693528692,0.0007378803158128,0.7399382754928508,175.3,161.3,0.473109243697479,0.000627478540234,0.0001251805268226,-0.001337914927088
2013-04-25,164.63490838958538,173.2999035679846,164.63490838958538,172.8,194700.0,172.8,164.08,160.14999999999998,159.52,162.91199999999998,119.2435,False,False,False,False,False,False,True,True,False,False,True,0.0086805555555555,0.0474537037037036,,,0.0768518518518518,0.0572222222222224,-0.0873842592592593,0.769097222222222,0.0017432724415634,0.7720886668748048,172.5,160.0,3.458259325044405,0.000952858575727,0.000325380035493,0.0010053921257506
2013-04-26,173.33333333333331,178.66666666666666,162.83333333333331,164.5,296100.0,164.5,165.12,160.92,159.56,162.9853333333333,119.765,False,False,False,False,False,False,True,True,False,True,False,0.0832826747720364,-0.0686930091185411,,,0.0300303951367781,0.0092077001013173,-0.0200607902735563,0.7823708206686929,0.0004499382357512,0.8054934128759634,169.2,165.7,1.5208012326656395,0.0002506893958385,-0.0007021691798885,-0.0012933342058122
2013-04-30,162.03201581027668,171.20049407114624,161.5319169960474,168.7,97800.0,168.7,167.06,161.92000000000002,159.928,163.0173333333333,120.31200000000004,False,False,False,False,False,False,True,True,True,False,False,0.069946650859514,-0.1481920569057498,,,0.0519976289270894,0.033685042481723,-0.0972139893301717,0.7486662714878484,0.0001962981441646,0.8062005928853752,175.0,165.2,0.3302938196555218,0.0023010354659596,0.0020503460701211,-0.0002536400915865
2013-05-01,169.33333333333331,175.83333333333331,169.33333333333331,174.0,101000.0,174.0,168.76,164.0,160.55999999999997,163.18133333333333,120.87550000000002,False,False,False,False,False,False,True,True,False,False,False,0.0189655172413793,-0.1350574712643678,,,0.0772413793103449,0.062176245210728,-0.1591954022988505,0.6994252873563218,0.0010050169136993,0.8009146341463416,173.0,160.8,1.032719836400818,0.0039362232187342,0.0016351877527746,0.0008087187695346
2013-05-02,173.7992149165849,173.7992149165849,165.63415112855742,169.8,94500.0,169.8,169.95999999999998,165.51,160.892,163.32266666666663,121.4245,False,False,False,False,False,False,True,True,False,True,False,0.0906949352179032,-0.0977620730270908,,,0.0524617196702003,0.0381468394189244,-0.0800942285041226,0.6489988221436983,0.000865362635927,0.7812820977584437,171.5,158.5,0.9356435643564356,0.0020634960097458,-0.0018727272089884,-0.0001396542777722
2013-05-07,173.63346080305928,175.63307839388145,171.30057361376674,174.3,71500.0,174.3,170.26,167.17000000000002,161.512,163.61066666666665,121.977,False,False,False,False,False,False,True,True,False,False,False,0.0384394721744118,-0.123350545037292,,,0.0733677567412507,0.0613272136163704,-0.1267928858290305,0.6798623063683304,0.0017602764285947,0.7805228210803371,177.0,152.3,0.7566137566137566,0.0038387240576551,0.0017752280479093,0.0008949137926676
2013-05-08,175.866230121609,178.866791393826,174.53264733395696,178.2,109400.0,178.2,173.0,169.06,162.372,164.016,122.55300000000004,False,False,False,False,False,False,True,True,False,False,False,-0.1402918069584736,-0.1060606060606059,,,0.0888215488215486,0.0795959595959595,-0.1329966329966329,0.6004489337822672,0.0024713036126557,0.7334082574234,171.2,155.7,1.53006993006993,0.0052964796886163,0.0014577556309611,0.0007110271840609
2013-05-09,179.16666666666666,182.3333333333333,176.83333333333331,180.5,128400.0,180.5,175.36,171.20999999999998,163.76000000000002,164.42,123.14300000000004,False,False,False,False,False,False,True,True,False,False,False,-0.2038781163434903,-0.2337950138504154,,,0.092742382271468,0.0890858725761773,-0.1756232686980608,0.5916897506925208,0.0024571220046222,0.7048069622101515,173.2,156.0,1.1736745886654478,0.0084758182706399,0.0031793385820236,-1.4181608033463683e-05
2013-05-10,184.46531954887217,185.7984022556391,174.9671052631579,177.3,229900.0,177.3,176.01999999999998,172.39,165.252,164.71733333333333,123.7185,True,True,False,False,False,False,True,True,False,False,False,-0.1511562323745065,-0.0789622109419063,,,0.0679526226734348,0.0709682271103591,-0.1426959954878737,0.6452340665538633,0.0018051125969337,0.701258773710772,172.2,167.2,1.7904984423676011,0.0090286350543411,0.0005528167837011,-0.0006520094076885
2013-05-13,175.53159315931592,185.2,175.36489648964897,185.2,140500.0,185.2,179.1,174.53,166.26000000000005,165.12266666666665,124.3345,False,False,False,False,False,False,True,True,False,True,False,-0.1727861771058315,-0.1684665226781856,,,0.1022678185745137,0.1084089272858171,-0.0890928725701944,0.533477321814255,0.0024547407180115,0.6676789090700739,164.2,187.5,0.6111352762070466,0.0060627932154459,-0.0029658418388952,0.0006496281210777
2013-05-14,185.0,185.0,177.0,181.0,169800.0,181.0,180.44,175.35,167.05200000000002,165.51866666666663,124.93350000000002,False,False,False,False,False,False,True,True,False,True,False,-0.1558011049723756,-0.0928176795580111,,,0.0770607734806628,0.0855322283609578,-0.0375690607734807,0.4906077348066299,0.0023924793980939,0.639406900484745,159.7,167.3,1.208540925266904,0.0047410387184827,-0.0013217544969632,-6.226131991757082e-05
2013-05-15,163.53558215451577,166.03612622415667,151.69967355821544,153.2,545401.0,153.2,175.44,174.22,166.572,165.564,125.38850000000002,False,False,False,False,False,False,False,True,False,True,False,0.0398172323759792,0.0685378590078329,,,-0.0872845953002612,-0.0807049608355091,0.1762402088772846,0.7134464751958226,0.0002738115371298,0.6324187808517965,156.7,172.5,3.212020023557126,-0.0028816367696852,-0.0076226754881679,-0.0021186678609641
2013-05-16,152.36867749419957,153.368909512761,133.86438515081207,143.7,316500.0,143.7,168.08,171.72,165.78,165.416,125.78050000000002,False,False,False,False,False,False,False,False,False,True,False,-0.0375782881002086,0.0800278357689631,,,-0.1536534446764093,-0.1511203897007655,0.2421711899791232,0.8267223382045931,-0.0008947139333558,0.6372583275098997,163.2,166.7,0.5803069668005743,-0.0047774158523344,-0.0018957790826491,-0.0011685254704856
2013-05-17,144.5,151.33333333333331,144.5,150.5,120700.0,150.5,162.71999999999997,169.37,165.048,165.32533333333333,126.2315,False,False,True,False,False,False,False,False,False,False,False,0.0850498338870432,0.0385382059800665,,,-0.0966644518272425,-0.0985071982281284,0.1926910299003322,0.8219269102990032,-0.0005484136329177,0.6472811005490936,163.5,164.3,0.3813586097946287,-0.004435073433183,0.0003423424191513,0.0003463003004381
2013-05-20,152.6998911860718,153.86681175190424,150.53275299238302,153.2,130100.0,153.2,156.32,167.71,164.58399999999995,165.21733333333336,126.68850000000002,False,False,False,False,False,False,False,False,False,False,False,0.0052219321148825,0.0313315926892951,,,-0.0743080939947778,-0.0784421235857269,0.2219321148825065,0.8550913838120106,-0.0006536844398891,0.6660902748792559,161.3,163.3,1.0778790389395194,-0.0028192290866673,0.0016158443465157,-0.0001052708069714
2013-05-21,160.63162486368594,160.63162486368594,151.63358778625954,152.8,177700.0,152.8,150.67999999999998,165.56,164.33599999999998,165.12133333333333,127.14750000000002,False,False,False,False,False,False,False,False,False,False,False,0.0746073298429317,0.0320680628272249,,,-0.0754973821989527,-0.0806369982547991,0.1498691099476438,0.8488219895287957,-0.0005813906541454,0.681505194491423,169.0,175.2,1.3658724058416605,-0.0015091033005547,0.0013101257861125,7.229378574370097e-05
2013-05-22,153.30125523012555,159.79989539748956,151.63493723849373,159.3,214100.0,159.3,151.9,163.67000000000002,164.43599999999998,165.036,127.6355,False,False,False,False,False,False,True,False,False,False,False,0.027620841180163,0.0119271814187066,,,-0.0322410546139357,-0.0360075329566854,0.020087884494664,0.6967984934086628,-0.0005170589043198,0.6918189038919774,163.5,185.3,1.204839617332583,0.0006081393368848,0.0021172426374395,6.433174982562015e-05
2013-05-23,157.62867469879518,158.2951807228916,137.46686746987953,138.3,327800.0,138.3,150.82,159.45,163.62,164.67733333333334,128.011,False,False,False,False,False,False,False,False,False,True,False,0.1221981200289224,0.1012292118582791,,,-0.1830802603036875,-0.1907254760183176,0.2125813449023859,0.9522776572668112,-0.0021779965670239,0.7257447475697714,159.5,179.5,1.5310602522185894,-0.0049871653832048,-0.0055953047200896,-0.0016609376627041
2013-05-24,149.8027551020408,163.3,146.63673469387754,163.3,672901.0,163.3,153.38000000000002,158.04999999999998,164.02399999999997,164.71066666666664,128.52,False,False,False,False,False,False,True,True,True,False,False,-0.0428658909981628,-0.1041028781383955,,,-0.0044335578689526,-0.0086384976525819,0.0728720146968767,0.7225964482547458,0.0002023750738667,0.7344511230623222,158.2,178.5,2.05277913361806,0.0024630541871919,0.0074502195703967,0.0023803716408907
2013-05-27,160.0,164.16666666666666,150.83333333333331,154.0,403000.0,154.0,153.54000000000002,154.92999999999998,163.99599999999998,164.65066666666664,128.991,False,False,False,False,False,False,False,False,False,True,False,0.0259740259740259,0.0142857142857142,,,-0.0649090909090907,-0.0691601731601729,0.1837662337662338,0.803896103896104,-0.0003644078776885,0.7653779126056934,161.5,175.3,0.5988993923326017,-0.0001707358716065,-0.0026337900587984,-0.0005667829515552
2013-05-28,154.03126903553297,170.86802030456852,154.03126903553297,164.2,356300.0,164.2,155.82000000000002,153.24999999999997,164.25600000000003,164.80933333333329,129.5045,False,False,False,False,False,False,True,True,True,False,False,-0.0395858708891595,-0.0730816077953715,,,-0.0003410475030453,-0.0037109216402758,0.1218026796589525,0.6918392204628504,0.0009627286480537,0.7899510603588914,158.8,172.5,0.8841191066997519,0.0015828949931816,0.0017536308647882,0.0013271365257423
2013-05-29,166.7006109979633,167.36741344195516,159.69918533604886,163.7,228900.0,163.7,156.7,154.3,164.43200000000002,164.91599999999997,130.018,False,False,False,False,False,False,True,True,False,True,True,-0.015271838729383,-0.0562003665241294,,,-0.0044715943799635,-0.0074282223579717,0.1288943188759928,0.708613317043372,0.0006467939233711,0.7889176928062217,156.7,169.2,0.6424361493123772,0.0010703512698257,-0.0005125437233559,-0.0003159347246826
2013-05-30,161.70139634801288,162.03480128893662,154.03308270676692,155.2,109400.0,155.2,160.08,155.45,164.28,164.90533333333332,130.49400000000003,False,False,False,False,False,False,False,False,False,True,False,-0.0186855670103091,-0.0412371134020617,,,-0.0585051546391753,-0.0625343642611683,0.1887886597938145,0.9761597938144332,-6.468357603140761e-05,0.8041170794467671,145.8,175.0,0.4779379641764963,-0.0009252495738983,-0.001995600843724,-0.0007114774994025
2013-05-31,158.2995735607676,161.96545842217486,154.9669509594883,156.3,88500.0,156.3,158.67999999999998,156.03000000000003,163.91199999999998,164.75999999999996,130.978,False,False,False,False,False,False,False,False,False,True,False,-0.0639795265515035,-0.0275111964171465,,,-0.0487012156110042,-0.0541266794625716,0.3179782469609724,0.9193857965451054,-0.0008820911224408,0.8139460360187138,140.0,173.0,0.8089579524680073,-0.0022451071306556,-0.0013198575567573,-0.0008174075464094
2013-06-03,153.33333333333331,167.66666666666666,152.16666666666666,158.0,215800.0,158.0,159.48,156.51000000000002,163.68,164.36666666666665,131.46050000000002,False,False,False,False,False,False,False,False,False,False,False,-0.0113924050632912,0.0677215189873417,,,-0.0359493670886076,-0.0402953586497889,0.3303797468354429,0.8746835443037974,-0.0023930237274385,0.8160500926458372,160.0,171.5,2.438418079096045,-0.0014173998044964,0.0008277073261592,-0.0015109326049977
2013-06-04,158.36680761099365,160.86733615221988,150.69852008456658,157.7,188600.0,157.7,158.18,157.00000000000003,163.076,164.23866666666666,131.88250000000002,False,False,False,False,False,False,False,False,False,True,False,-0.0348763474952441,0.1046290424857324,,,-0.0340900443880786,-0.0414626928767702,0.3284717818642994,1.0038046924540267,-0.0007793536235883,0.8317197452229295,161.2,177.0,0.8739573679332715,-0.0037037945497805,-0.0022863947452841,0.0016136701038502
2013-06-05,157.8659772492244,171.53547052740433,157.6992761116856,161.2,226900.0,161.2,157.68,157.19,162.944,164.08800000000002,132.335,False,False,False,False,False,False,False,False,False,False,False,-0.0415632754342431,0.1178660049627791,,,-0.010818858560794,-0.0179156327543426,0.3480148883374691,1.0142679900744418,-0.0009182064908258,0.8641134932247597,165.2,171.2,1.2030752916224814,-0.0008100942655145,0.0028937002842659,-0.0001388528672375
2013-06-06,156.1324945295405,158.96520787746172,149.96717724288845,152.3,102900.0,152.3,157.1,158.59,162.288,163.89600000000002,132.7605,False,False,False,False,False,False,False,False,False,True,False,-0.0229809586342744,0.1720288903479973,,,-0.065581089954038,-0.0761391989494419,0.3939592908732764,1.051871306631648,-0.0011714745936447,0.8744561447758369,163.5,173.2,0.4535037461436756,-0.0040421965887803,-0.0032321023232657,-0.0002532681028189
2013-06-07,145.63348519362188,152.2986332574032,141.96765375854216,146.3,146100.0,146.3,155.1,156.89,161.18,163.65599999999998,133.14350000000002,False,False,False,False,False,False,False,False,False,True,False,0.0389610389610388,0.2269309637730689,,,-0.1017088174982911,-0.1186329460013668,0.4046479835953519,1.414900888585099,-0.0014664906877843,0.9406590604882406,168.8,172.2,1.4198250728862971,-0.0068743020225834,-0.0028321054338031,-0.0002950160941395
2013-06-10,148.8651013874066,157.70032017075775,148.6983991462113,156.2,106700.0,156.2,154.74,157.11,160.636,163.56133333333335,133.56950000000003,False,False,False,False,False,False,False,False,False,False,False,0.0800256081946222,0.1984635083226632,,,-0.0283994878361076,-0.0471276141698678,0.4359795134443023,1.3335467349551855,-0.0005787839016553,0.9931258354019474,164.8,164.2,0.730321697467488,-0.0033865385094251,0.0034877635131583,0.0008877067861289
2013-06-11,155.86746987951807,156.70098576122672,150.86637458926614,152.2,63400.0,152.2,153.64,155.91000000000005,159.75199999999998,163.2546666666667,133.98700000000002,False,False,False,False,False,False,False,False,False,True,False,0.1445466491458607,0.1544021024967148,,,-0.0496189224704336,-0.0726325010950507,0.4835742444152432,1.5262812089356113,-0.0018784557460326,1.0769033416714768,159.0,159.7,0.5941893158388004,-0.0055335770444189,-0.0021470385349938,-0.0012996718443772
2013-06-12,150.0,155.83333333333331,148.33333333333331,154.5,82100.0,154.5,152.3,154.99,158.80399999999997,162.84400000000005,134.40200000000002,False,False,False,False,False,False,False,False,False,True,False,0.1663430420711973,0.0517799352750809,,,-0.0278576051779933,-0.0540064724919097,0.5644012944983818,1.483495145631068,-0.0025218409438889,1.1563326666236529,156.8,156.7,1.2949526813880126,-0.0059696229314123,-0.0004360458869934,-0.0006433851978563
2013-06-13,148.30011198208288,151.96595744680857,148.30011198208288,148.8,42800.0,148.8,151.6,154.35,157.53599999999997,162.4346666666667,134.792,False,False,False,False,False,False,False,False,False,True,False,0.1995967741935483,0.1270161290322579,,,-0.0587096774193545,-0.0916308243727599,0.5772849462365589,1.454301075268817,-0.002519987523189,1.203174603174603,158.7,163.2,0.5213154689403167,-0.0080489538899045,-0.0020793309584921,1.8534206999761688e-06
2013-06-14,158.83333333333331,158.83333333333331,152.0,152.0,132800.0,152.0,152.74,153.92000000000002,156.52399999999997,162.08133333333336,135.18550000000002,False,False,False,False,False,False,False,False,False,False,False,0.1809210526315789,0.1526315789473683,,,-0.0297631578947366,-0.0663245614035089,0.6578947368421053,1.3894736842105262,-0.0021799754855586,1.2503898128898123,153.2,163.5,3.102803738317757,-0.0064654621655465,0.001583491724358,0.0003400120376303
2013-06-17,154.53053359683793,172.53409090909088,153.19693675889326,168.7,204100.0,168.7,155.24,154.99,155.86399999999998,161.99333333333337,135.6715,False,False,False,False,True,False,False,False,False,False,True,0.1096621221102549,0.080616478956728,,,0.0760877296976882,0.0397549891325822,0.8008298755186724,1.151748666271488,-0.000543232231779,1.2779534163494417,154.7,161.3,1.5368975903614457,-0.0042344608119899,0.0022310013535565,0.0016367432537795
2013-06-18,163.86468899521532,176.70047846889952,163.86468899521532,174.2,175000.0,174.2,159.64,156.64,155.59199999999998,162.01600000000005,136.18,False,False,False,False,False,False,False,True,False,False,False,0.0086107921928817,0.0574052812858783,,,0.1068197474167623,0.0699425947187137,0.6923076923076925,1.0091848450057406,0.0001399038778063,1.275663942798774,157.7,169.0,0.8574228319451249,-0.0017481618592214,0.0024862989527684,0.0006831361095854
2013-06-19,176.69935245143384,183.2005550416281,174.36558741905642,180.2,216800.0,180.2,164.78000000000003,158.54000000000002,156.67199999999997,162.16266666666672,136.69600000000003,False,False,False,False,False,False,True,True,True,False,False,-0.0982241953385127,0.0255271920088791,,,0.1305660377358491,0.1000961894191635,0.625971143174251,0.870144284128746,0.000904441630626,1.256149867541314,159.3,163.5,1.2388571428571429,0.006893382352941,0.0086415442121625,0.0007645377528197
2013-06-20,178.5,182.5,176.66666666666666,178.5,118200.0,178.5,170.71999999999997,161.16000000000005,158.06399999999996,162.20933333333338,137.16000000000005,False,False,False,False,False,False,True,True,False,False,False,-0.0605042016806723,0.0336134453781512,,,0.1144873949579834,0.0912642390289446,0.5198879551820729,0.876750700280112,0.0002876940907632,1.233432613551749,159.0,159.5,0.5452029520295203,0.008806559368357,0.001913177015416,-0.0006167475398628
2013-06-21,174.0,181.3333333333333,167.66666666666666,179.5,123200.0,179.5,176.21999999999997,164.48000000000002,159.224,162.29600000000002,137.64100000000002,False,False,False,False,False,False,True,True,False,True,False,-0.0239554317548747,0.1476323119777158,,,0.112958217270195,0.0958440111420611,0.3649025069637883,0.8902506963788301,0.0005340037133795,1.1798394941634245,165.5,158.2,1.0423011844331642,0.007285333869266,-0.0015212254990909,0.0002463096226162
2013-06-24,188.366874443455,191.20071237756008,183.36598397150487,187.2,128600.0,187.2,179.92,167.58,160.58399999999995,162.50533333333334,138.16950000000003,False,False,False,False,False,False,True,True,False,False,False,-0.0261752136752135,0.1228632478632478,,,0.1421794871794874,0.1319159544159543,0.3311965811965812,0.8493589743589745,0.0012881628500397,1.12859529776823,163.8,161.5,1.0438311688311688,0.0084690878294223,0.0011837539601562,0.0007541591366601
2013-06-25,186.8687855787476,186.8687855787476,172.0326375711575,175.7,146800.0,175.7,180.22000000000003,169.93,161.49999999999997,162.48800000000006,138.61050000000003,False,False,False,False,False,False,True,False,False,True,False,0.0483779169038133,0.1923733636881048,,,0.080819578827547,0.0751963574274327,0.3101878201479795,1.0500853727945365,-0.0001066745441711,1.084858471135173,172.8,158.8,1.1415241057542769,0.0056718266253871,-0.0027972612040351,-0.0013948373942108
2013-06-26,175.0,176.5,158.33333333333331,162.5,72500.0,162.5,176.68,170.73000000000002,161.628,162.37200000000007,138.99400000000003,False,False,False,False,False,False,True,False,False,True,False,0.1372307692307693,0.3372307692307693,,,0.0053661538461539,0.0007876923076918,0.3895384615384616,1.1895384615384617,-0.0007144088882318,1.058747730334446,164.5,156.7,0.4938692098092643,0.0007919419902493,-0.0048798846351378,-0.0006077343440607
2013-06-27,166.5331013916501,170.867296222664,161.69880715705764,167.7,99100.0,167.7,174.51999999999998,172.62,162.80399999999997,162.29866666666675,139.41500000000005,False,True,False,False,False,False,True,False,True,False,False,0.1001788908765653,0.2659511031604056,,,0.0291949910554562,0.0322083084873777,0.6446034585569471,1.1753130590339895,-0.0004518418717754,1.035974973931178,168.7,145.8,1.3668965517241378,0.0072234097442322,0.0064314677539829,0.0002625670164564
2013-06-28,168.03196955280683,178.20057088487152,166.53168411037106,175.2,65400.0,175.2,173.66,174.94,163.27999999999994,162.3386666666668,139.86850000000004,False,False,False,False,False,False,True,True,False,True,False,0.1757990867579909,0.1729452054794521,,,0.0680365296803655,0.0734094368340935,0.5228310502283107,1.159246575342466,0.000246398475615,1.017606036355322,174.0,140.0,0.6599394550958627,0.0029152376286132,-0.004308172115619,0.0006982403473904
2013-07-01,180.63363802559417,183.13318098720293,174.46809872029252,182.3,61900.0,182.3,172.67999999999998,176.3,164.41199999999992,162.5800000000001,140.36350000000004,False,False,False,False,False,False,True,True,False,False,False,0.1530444322545253,0.2303894679100384,,,0.0981239714755901,0.1081733406472842,0.5650027427317608,1.0707624794295116,0.0014843974248573,1.010266591038003,169.8,160.0,0.9464831804281344,0.0068851422037319,0.0039699045751187,0.0012379989492422
2013-07-02,183.3665158371041,188.20072398190047,176.86533936651583,184.2,108900.0,184.2,174.38000000000002,177.3,165.21199999999996,162.90666666666675,140.86200000000005,False,False,False,False,False,False,True,True,False,True,False,0.1373507057546146,0.225841476655809,,,0.103083604777416,0.115598986608758,0.4359391965255158,1.0646036916395225,0.002005238173187,1.0160180485053585,174.3,161.2,1.7592891760904683,0.0048422632738544,-0.0020428789298775,0.0005208407483297
2013-07-03,183.30027051397656,186.1330928764653,178.80108205590622,184.8,89000.0,184.8,178.84,177.76000000000002,166.05599999999995,163.28133333333338,141.36100000000005,False,False,False,False,False,False,True,True,False,False,False,0.1758658008658008,0.3079004329004328,,,0.1014285714285717,0.1164430014430012,0.792207792207792,1.2932900432900432,0.0022946080793066,1.0596309630963097,178.2,165.2,0.8172635445362718,0.0050826227296815,0.000240359455827,0.0002893699061196
2013-07-04,184.5,186.66666666666663,171.66666666666666,184.5,53300.0,184.5,182.2,178.36,167.22799999999995,163.5653333333334,141.85350000000005,False,False,False,False,False,False,True,True,False,False,False,0.1506775067750678,0.2720867208672086,,,0.0936151761517617,0.113467028003613,0.6205962059620597,1.6747967479674797,0.0017363092423823,1.141567616057412,180.5,163.5,0.5988764044943821,0.0070083957232042,0.0019257729935227,-0.0005582988369242
2013-07-05,185.5,225.0,184.16666666666663,206.0,432300.0,206.0,188.36,181.01,169.21599999999998,164.13200000000006,142.45500000000004,False,False,False,False,False,False,True,True,False,False,False,-0.0024271844660194,0.2233009708737864,,,0.1785631067961166,0.2032427184466016,0.3480582524271844,1.3048543689320389,0.0034525057067888,1.185072647920005,177.3,168.8,8.110694183864915,0.011748298033283,0.0047399023100788,0.0017161964644064
2013-07-08,216.70103092783503,218.36796193497224,209.86661379857256,210.2,183300.0,210.2,193.94,183.31,171.30399999999997,164.78400000000008,143.08250000000007,False,False,False,False,False,False,True,True,False,False,False,0.0670789724072313,0.4452901998097052,,,0.1850428163653664,0.2160608943862983,0.4567078972407231,1.3420551855375835,0.0039566948247403,1.2373574818613278,185.2,164.8,0.4240111034004163,0.0121888572362583,0.0004405592029752,0.0005041891179515
2013-07-09,210.16666666666663,212.66666666666663,191.8333333333333,209.5,106100.0,209.5,199.0,186.69,173.37599999999998,165.32400000000007,143.70750000000007,False,False,False,False,False,False,True,True,False,True,False,0.0778042959427208,0.4071599045346062,,,0.1724295942720765,0.2108639618138421,0.4591885441527445,1.275417661097852,0.0032663134209188,1.2592533076222614,181.0,159.0,0.5788325150027278,0.0119509043927648,-0.0002379528434934,-0.0006903814038214
2013-07-10,204.4686349693252,254.79424846625767,200.46924846625768,217.3,303800.0,217.3,205.5,192.17,175.61999999999998,166.0413333333334,144.37500000000003,False,False,False,False,False,False,True,True,False,False,False,0.112287160607455,0.3483663138518177,,,0.19180855959503,0.2358889400214754,0.3492867004141738,1.273354809019788,0.0043202094257654,1.2667429879793934,153.2,156.8,2.8633364750235626,0.0127775879740348,0.0008266835812699,0.0010538960048465
2013-07-11,208.3006279434851,218.2990580847724,204.9678178963893,212.3,249600.0,212.3,211.06,196.63,178.02,166.74533333333338,144.98150000000004,False,False,False,False,False,False,True,True,False,False,False,0.105511069241639,0.2779086198775318,,,0.1614696184644371,0.2145768566493953,0.3895430993876589,1.2501177578897784,0.0042220072125955,1.2727457661597923,143.7,158.7,0.8215931533903884,0.0134816312773847,0.0007040433033499,-9.820221316991436e-05
2013-07-12,209.0,212.5,201.8333333333333,205.5,162300.0,205.5,210.96,199.66,180.388,167.37600000000003,145.56000000000003,False,False,False,False,False,False,True,True,False,True,False,0.2262773722627737,0.1922141119221411,,,0.1221995133819951,0.1855182481751823,0.4389294403892943,1.4126520681265209,0.0037679635471432,1.2971050786336773,150.5,153.2,0.6502403846153846,0.0131272590194469,-0.0003543722579378,-0.0004540436654522
2013-07-16,205.8027488855869,227.46619613670137,205.8027488855869,224.3,181800.0,224.3,213.78000000000003,203.86,183.112,168.21333333333334,146.22050000000002,False,False,False,False,False,False,True,True,False,False,False,0.3544360231832367,0.1110120374498438,,,0.1836290682122158,0.2500520136721653,0.2483281319661167,1.1154703522068656,0.0049778059606846,1.2973609339742955,153.2,154.7,1.1201478743068392,0.0148761413779544,0.0017488823585074,0.0012098424135413
2013-07-17,224.1335793357933,235.6318819188192,212.4686346863469,225.8,227000.0,225.8,217.04,208.02,186.05600000000007,169.10666666666668,146.89100000000002,False,False,False,False,False,False,True,True,False,False,False,0.3055801594331266,0.0194862710363152,,,0.1760141718334807,0.2510776498376144,0.2967227635075288,1.2697077059344553,0.0052826618307971,1.314969714450534,152.8,157.7,1.2486248624862486,0.0158231930171565,0.000947051639202,0.0003048558701125
2013-07-18,228.3648275862069,266.70344827586206,227.53137931034485,241.7,406300.0,241.7,221.92,213.71,189.544,170.24000000000004,147.64050000000003,False,False,False,False,False,False,True,True,False,False,False,0.2122465866776997,-0.0657840297889945,,,0.2157881671493586,0.2956557716177077,0.1799751758378154,1.4170459247000418,0.0066572681704261,1.3283889382808478,159.3,159.3,1.7898678414096916,0.0184020596800739,0.0025788666629174,0.0013746063396289
2013-07-19,231.6995738636364,243.36789772727272,229.0325284090909,234.7,264800.0,234.7,226.4,218.73,192.98,171.42533333333338,148.35550000000003,False,False,False,False,False,False,True,True,False,True,False,0.1559437579889221,0.1751171708564125,,,0.1777588410737111,0.2695980684561849,0.224115892628888,1.414571793779293,0.0069145750530844,1.3084167695332147,138.3,159.0,0.6517351710558701,0.0178049538812311,-0.0005971057988428,0.0002573068826582
2013-07-22,233.5,256.8333333333333,233.5,252.0,232700.0,252.0,235.7,223.33,196.98,172.91866666666672,149.15950000000004,False,False,False,False,False,False,True,True,False,False,False,-0.0277777777777777,0.0587301587301587,,,0.2183333333333333,0.3138148148148146,0.1575396825396825,1.11984126984127,0.0086360446915313,1.2874669771190612,163.3,165.5,0.8787764350453172,0.0203066301147324,0.0025016762335013,0.0017214696384468
2013-07-23,246.97290181020296,318.63170597915524,245.63971475589688,303.8,1021001.0,303.8,251.6,232.69,202.384,174.83600000000004,150.19950000000003,False,False,False,False,False,False,True,True,False,False,False,-0.1797235023041475,-0.0608953258722844,,,0.3338248847926268,0.4245029624753126,-0.065174456879526,0.7337063857801186,0.0109664676229913,1.210236795736817,154.0,163.8,4.387627847013322,0.0267017155506364,0.0063950854359039,0.00233042293146
2013-07-24,288.9673261729791,311.6314301865461,275.1355568117581,294.8,635901.0,294.8,265.4,241.22000000000003,207.20800000000003,176.6173333333333,151.187,False,False,False,False,False,False,True,True,False,True,False,-0.2191316146540027,-0.1027815468113975,,,0.2971234735413839,0.400890999547716,-0.0848032564450474,0.8317503392130257,0.0100858352898541,1.1583202056214237,164.2,172.8,0.6228211333779301,0.023280954403305,-0.0034207611473313,-0.0008806323331372
2013-07-25,290.0,361.5,286.16666666666663,293.0,799501.0,293.0,275.66,248.79,211.72000000000003,178.3213333333333,152.16600000000005,False,False,False,False,False,False,True,True,False,True,False,-0.2293515358361774,0.1303754266211603,,,0.2774061433447098,0.3913947667804324,-0.1040955631399317,0.8515358361774744,0.0095557831928877,1.1121427710116965,163.7,164.5,1.2572727515761102,0.0213111656905346,-0.0019697887127704,-0.0005300520969663
2013-07-26,259.6347665847666,293.7972358722359,258.30159705159707,271.3,842901.0,271.3,282.98,254.69,215.432,179.75866666666664,153.03350000000003,False,False,False,False,False,False,True,True,False,True,False,0.0165868042757095,0.1021009952082565,,,0.2059270180611869,0.3374173731416637,-0.0324364172502764,1.2698120162182085,0.0079959056216111,1.1174368840551256,155.2,168.7,1.054283859557399,0.0172304950053843,-0.0040806706851503,-0.0015598775712766
2013-07-29,262.0,271.0,242.0,245.0,622501.0,245.0,281.58000000000004,258.64,218.05200000000005,180.77466666666663,153.79600000000002,False,False,False,False,False,False,True,True,False,True,False,0.0889795918367347,0.133469387755102,,,0.1099918367346936,0.2621442176870749,0.1191836734693877,1.3877551020408163,0.0056202565256193,1.1195870708320448,156.3,174.0,0.7385220802917543,0.0120154825454481,-0.0052150124599361,-0.0023756490959918
2013-07-30,250.0334448160535,258.3678929765886,242.0323745819398,249.2,202300.0,249.2,270.66,261.13,220.532,181.9,154.57200000000003,False,False,False,False,False,False,True,True,False,True,False,0.1448635634028893,0.2287319422150883,,,0.1150401284109148,0.2700642054574638,0.1404494382022472,1.2070626003210274,0.0061865493861098,1.1282885918890977,158.0,169.8,0.3249793976234576,0.0112455335280138,-0.0007699490174342,0.0005662928604904
2013-07-31,246.0356263577117,246.0356263577117,225.8660391020999,230.2,405300.0,230.2,257.74,261.57,222.712,182.8493333333333,155.26050000000004,False,False,False,False,False,False,True,True,False,True,False,0.1490008688097307,0.3279756733275413,,,0.0325282363162467,0.2056935997683175,0.2271937445699392,1.4074717636837537,0.005191888403567,1.1406506862407773,157.7,174.3,2.0034602076124566,0.0097884263084161,-0.0014571072195977,-0.0009946609825427
2013-08-01,236.9650184501845,238.2981549815498,213.96841328413285,225.8,246400.0,225.8,244.3,259.98,225.24400000000003,183.7693333333333,155.92700000000002,False,False,False,False,False,False,True,True,False,False,False,0.4667847652790078,0.2984942426926482,,,0.0024623560673161,0.186141127841748,0.1970770593445527,1.3361381753764392,0.0050062759836606,1.1319332256327408,161.2,178.2,0.6079447322970639,0.0112411429383248,0.0014527166299086,-0.0001856124199064
2013-08-02,225.8060422960725,275.8,225.472749244713,275.8,817501.0,275.8,245.2,264.09000000000003,229.56800000000004,185.33066666666664,156.85250000000002,False,False,False,False,False,False,True,True,False,False,True,0.0841189267585206,0.0696156635242929,,,0.1676287164612036,0.3280251389896061,-0.0210297316896302,0.8973894126178388,0.0084245816486569,1.0823204210685746,152.3,180.5,3.3177800324675326,0.0188353777529969,0.0075942348146721,0.0034183056649963
2013-08-05,262.46720799500315,284.9643972517177,255.63472829481577,266.8,361700.0,266.8,249.56,265.57000000000005,233.232,186.8453333333333,157.72300000000004,False,False,False,False,False,False,True,True,False,True,False,0.040854572713643,0.1083208395802098,,,0.1258170914542729,0.2996801599200402,0.0543478260869565,0.9741379310344828,0.0081065266102443,1.0678917046353122,146.3,177.3,0.4424459419621505,0.0157096796322972,-0.0031256981206997,-0.0003180550384125
2013-08-06,271.4682827102804,291.6325934579439,261.6360981308412,285.3,220100.0,285.3,256.78,263.72,237.352,188.58666666666656,158.70200000000003,False,False,False,False,False,False,True,True,False,False,False,0.0732562215212056,-0.0185769365580091,,,0.1680616894497021,0.3389881995560233,-0.0262881177707676,0.8254468980021028,0.0092335972850675,1.0801607765812224,156.2,185.2,0.6085153442079071,0.0173581853112676,0.0016485056789703,0.0011270706748232
2013-08-07,267.5,283.0,263.66666666666663,264.5,281000.0,264.5,263.64,260.69,240.564,190.0106666666666,159.56700000000004,False,False,False,False,False,False,True,True,False,True,False,0.1557655954631379,0.1069943289224953,,,0.0904952741020794,0.2816231884057973,0.0502835538752363,1.0729678638941398,0.0074943161085695,1.1075223445471636,152.2,181.0,1.2766924125397547,0.0133519562361782,-0.0040062290750894,-0.001739281176498
2013-08-08,283.3618520382486,331.2,271.6940110719678,331.2,988001.0,331.2,284.72,264.51,246.42000000000004,192.3026666666666,160.79700000000005,False,False,False,False,False,False,True,True,False,False,True,-0.1147342995169082,-0.1388888888888889,,,0.255978260869565,0.419376006441224,-0.1554951690821256,0.6253019323671497,0.0119187114756599,1.0754980908094214,154.5,153.2,3.516017793594306,0.0237643048453861,0.0104123486092078,0.0044243953670903
2013-08-09,324.8333333333333,324.8333333333333,288.3333333333333,299.0,639001.0,299.0,289.36,267.28,251.00000000000003,194.16933333333327,161.85950000000005,False,False,False,False,False,False,True,True,False,True,False,-0.0133779264214046,-0.0391304347826086,,,0.160535117056856,0.350604236343367,0.0257525083612039,0.7892976588628763,0.009613601873279,1.0237578569290635,148.8,143.7,0.646761491132094,0.0182470119521911,-0.0055172928931949,-0.0023051096023808
2013-08-12,285.70096038415363,298.0357743097239,275.6997599039616,277.7,136500.0,277.7,291.54,270.54999999999995,253.868,195.66533333333325,162.82950000000005,False,False,False,False,False,False,True,True,False,True,False,0.0648181490817429,0.0504141159524666,,,0.0858192293842275,0.2954075141039494,0.0803024846957148,0.9175369103348938,0.007645707977567,0.979892810940677,152.0,150.5,0.2136146891788901,0.011297209573479,-0.0069498023787121,-0.0019678938957119
2013-08-13,277.030157866086,324.86869896570494,277.030157866086,306.2,613901.0,306.2,295.72,276.24999999999994,257.708,197.564,163.93400000000003,False,False,False,False,False,False,True,True,False,False,False,-0.085564990202482,-0.0725016329196603,,,0.1583670803396471,0.3547877204441542,-0.0326583932070542,0.7743305029392553,0.0096103878574371,0.9366153846153852,168.7,153.2,4.497443223443224,0.0149005851583964,0.0036033755849174,0.0019646798798701
2013-08-14,304.3665212649945,316.70119956379494,296.19896401308614,305.7,312600.0,305.7,303.96000000000004,283.79999999999995,261.556,199.336,165.03350000000006,False,False,False,False,False,False,True,True,False,True,False,-0.0421982335623159,-0.1174353941772979,,,0.1444030094864246,0.3479358848544324,0.0336931632319267,0.7500817795224076,0.0088895131837703,0.8783298097251591,174.2,152.8,0.5092026238758367,0.0147119546101024,-0.0001886305482939,-0.0007208746736667
2013-08-15,308.0350198976691,308.0350198976691,291.5331438317225,293.2,138800.0,293.2,296.36,290.54,264.592,201.052,166.02950000000004,False,False,False,False,False,False,True,True,False,True,False,-0.0272851296043656,-0.104706684856753,,,0.0975716234652114,0.3142837653478854,0.1074351978171896,0.8188949522510232,0.0085351053458805,0.8367522544227988,180.2,159.3,0.4440179142674344,0.0114742698191933,-0.0032376847909091,-0.0003544078378897
2013-08-16,289.16666666666663,299.3333333333333,282.8333333333333,295.0,124300.0,295.0,295.56,292.46,267.9,202.736,167.01100000000002,False,False,False,False,False,False,True,True,False,False,False,-0.0261016949152541,-0.1101694915254237,,,0.0918644067796611,0.3127593220338983,0.059322033898305,0.7542372881355932,0.0083063688738063,0.822710798057854,178.5,138.3,0.8955331412103746,0.0123478910041059,0.0008736211849126,-0.0002287364720742
2013-08-19,295.1999436302142,299.3670800450958,288.5325253664036,295.7,57400.0,295.7,299.16,295.35,271.508,204.35866666666664,167.96550000000002,False,False,False,False,False,False,True,True,False,False,False,-0.0135272235373689,-0.0727088265133581,,,0.0818126479540074,0.3088986585503326,0.194792018938113,0.8008116334122422,0.0079402879903958,0.8068393431521921,179.5,163.3,0.4617860016090104,0.0132887428731381,0.0009408518690322,-0.0003660808834104
2013-08-20,285.8333333333333,290.0,279.5,280.0,170400.0,280.0,293.92,294.82,273.736,205.828,168.8365,False,False,False,False,False,False,True,True,False,True,False,0.0142857142857142,0.0149999999999999,,,0.0223714285714286,0.2648999999999999,0.3017857142857142,0.904642857142857,0.00713864650744,0.8143273862017502,187.2,154.0,2.9686411149825784,0.0081392290381974,-0.0051495138349407,-0.0008016414829558
2013-08-21,290.13363688104727,303.29880478087654,284.46761525327264,292.8,255400.0,292.8,291.34000000000003,297.65,276.416,207.408,169.79150000000004,False,False,False,False,False,False,True,True,False,False,True,-0.078551912568306,-0.0351775956284153,,,0.0559562841530055,0.2916393442622951,0.3131830601092896,0.8415300546448088,0.0076178353776131,0.7940198219385186,175.7,164.2,1.4988262910798122,0.009695531373003,0.0015563023348056,0.000479188870173
2013-08-22,285.5333722969024,290.03389830508473,280.0327293980128,285.2,135800.0,285.2,289.74,293.05,278.15599999999995,208.83466666666664,170.71750000000003,False,False,False,False,False,False,True,True,False,True,False,-0.0795932678821879,-0.0522440392706871,,,0.0246984572230015,0.2677606358111268,0.3453716690042075,0.8611500701262271,0.0068315605327339,0.8196212250469203,162.5,163.7,0.5317149569303053,0.0062554825349802,-0.0034400488380228,-0.0007862748448791
2013-08-23,289.6330626450116,295.96566125290025,285.8001740139211,287.3,76300.0,287.3,288.2,291.88,280.26,210.25866666666667,171.65500000000003,False,False,False,False,False,False,True,True,False,False,False,-0.0863209189001044,-0.0602158022972503,,,0.0245040027845458,0.2681563986541362,0.2711451444483118,0.8882701009397841,0.0067726102451585,0.8294847197478417,167.7,155.2,0.5618556701030928,0.0075073146364091,0.0012518321014289,-5.895028757542994e-05
2013-08-26,289.03302857142853,294.2002857142857,284.3658285714285,291.7,48100.0,291.7,287.4,293.28,281.848,211.784,172.60250000000005,False,False,False,False,False,False,True,True,False,True,True,-0.0599931436407267,-0.0356530682207746,,,0.0337744257799107,0.2739664038395611,0.2451148440178265,0.8282482002056907,0.007202306752792,0.8210242771412983,175.2,156.3,0.6304062909567497,0.0056342425704635,-0.0018730720659456,0.0004296965076335
2013-08-27,295.0,295.0,281.5,284.0,72700.0,284.0,288.2,291.06,281.056,213.1013333333333,173.50000000000003,False,False,False,False,False,False,False,True,False,True,False,0.0007042253521126,-0.0218309859154929,,,0.0103661971830986,0.2496431924882629,0.278169014084507,0.7471830985915491,0.0061817226233528,0.8187315330172473,182.3,158.0,1.5114345114345114,-0.0028179437549813,-0.0084521863254449,-0.0010205841294392
2013-08-28,278.29894996911673,279.96541074737496,266.30043236565785,269.8,74000.0,269.8,283.6,287.47,280.056,214.2853333333333,174.30150000000006,False,False,False,False,False,True,False,True,False,True,False,0.0470719051148998,0.0296515937731653,,,-0.0380133432171978,0.2057622930565852,0.2972572275759821,0.8747220163083768,0.0055253431561656,0.8312867429644832,184.2,157.7,1.0178817056396148,-0.0035707144285428,-0.0007527706735615,-0.0006563794671872
2013-08-29,271.5,274.16666666666663,260.5,262.5,76600.0,262.5,279.06,284.4,278.836,215.74266666666665,175.07250000000008,False,False,False,False,False,False,False,True,False,True,False,0.0297142857142857,0.0655238095238094,,,-0.062232380952381,0.1781231746031746,0.2838095238095238,0.9493333333333333,0.0067549611574283,0.8434599156118144,184.8,161.2,1.0351351351351352,-0.0043753317362175,-0.0008046173076747,0.0012296180012627
2013-08-30,259.8333333333333,264.66666666666663,256.66666666666663,262.5,77700.0,262.5,274.1,281.15,278.4839999999999,217.32666666666665,175.85150000000004,False,False,False,False,False,False,False,True,False,False,False,0.0285714285714285,0.1683809523809523,,,-0.0608914285714282,0.1720888888888889,0.2761904761904762,0.9333333333333332,0.0072885671339611,0.861212875689134,184.5,152.3,1.014360313315927,-0.001263986440873,0.0031113452953445,0.0005336059765328
2013-09-02,263.5320364741641,274.86674772036474,263.5320364741641,274.2,38400.0,274.2,270.6,279.0,279.652,218.976,176.66850000000005,False,False,False,False,False,False,True,True,True,False,False,0.025893508388038,0.0940919037199125,,,-0.0198832968636032,0.2014004376367614,0.237417943107221,0.847921225382932,0.007532027863023,0.8663082437275987,206.0,146.3,0.4942084942084942,0.0041766195128233,0.0054406059536963,0.0002434607290619
2013-09-03,283.366568914956,285.033431085044,276.6991202346041,284.2,66900.0,284.2,270.64,279.42,281.0519999999999,220.72266666666667,177.54050000000004,False,False,False,True,True,False,True,True,False,False,False,-0.0225193525686135,0.0422237860661506,,,0.0110767065446871,0.2233544452263663,0.2181562280084447,0.6597466572836032,0.00791339962064,0.8414573044162906,210.2,156.2,1.7421875,0.0049812846021374,0.000804665089314,0.0003813717576169
2013-09-04,283.3333333333333,288.3333333333333,278.66666666666663,282.5,80400.0,282.5,273.18,278.39,283.14399999999995,222.45200000000003,178.45800000000003,False,False,False,False,False,False,True,True,False,False,False,-0.0166371681415928,0.1185840707964601,,,-0.0022796460176989,0.2125592920353981,0.2750442477876105,0.6460176991150443,0.0077739617235779,0.8216171557886419,209.5,152.2,1.201793721973094,0.007388466645947,0.0024071820438096,-0.0001394378970621
2013-09-05,281.96522811344016,283.7983353884094,266.6337854500616,270.3,61300.0,270.3,274.74,276.9,284.924,223.932,179.27700000000004,False,False,False,False,False,False,True,True,False,True,False,0.0347761746207916,0.20125786163522,,,-0.0541028486866443,0.1715427302996671,0.316315205327414,0.7924528301886792,0.0066091492060087,0.8146984470928135,217.3,154.5,0.7624378109452736,0.0062472799764148,-0.0011411866695322,-0.0011648125175691
2013-09-06,272.16666666666663,274.8333333333333,265.0,270.0,61900.0,270.0,276.24,275.17,284.69199999999995,225.688,180.13200000000003,False,False,False,False,False,False,False,True,False,True,False,0.1359259259259259,0.1574074074074074,,,-0.0544148148148146,0.1641185185185185,0.3511111111111111,0.7907407407407407,0.0077806529367977,0.8046662063451683,212.3,148.8,1.0097879282218598,-0.0008149157686202,-0.007062195745035,0.0011715037307889
2013-09-09,283.2997630331754,283.2997630331754,273.3009478672986,281.3,43400.0,281.3,277.66,274.13,285.272,227.26133333333337,181.03700000000003,False,False,False,False,False,False,True,True,True,False,False,0.0664770707429789,0.2559544969783149,,,-0.0141201564166369,0.1921033297784096,0.3448275862068965,0.9854248133665126,0.0069230137404223,0.8207055046875571,205.5,152.0,0.7011308562197092,0.0020331473120391,0.0028480630806594,-0.0008576391963753
2013-09-10,281.2995800839832,287.13221355728854,276.6334733053389,277.8,58400.0,277.8,276.38,273.51000000000005,284.972,228.912,181.90750000000008,False,False,False,False,False,False,False,True,False,True,False,0.066234701223902,0.3120950323974081,,,-0.0258171346292295,0.1759827213822894,0.3588912886969042,0.9906407487401008,0.007210922392302,0.8455997952542866,224.3,168.7,1.345622119815668,-0.0010527350055444,-0.0030858823175836,0.0002879086518796
2013-09-11,275.1336532693461,280.96628674265145,275.1336532693461,277.8,43600.0,277.8,275.43999999999994,274.31000000000006,285.504,230.42666666666668,182.79250000000008,False,False,False,False,False,False,True,True,True,False,True,0.1375089992800575,0.3840892728581713,,,-0.0277321814254859,0.1705303575713943,0.368970482361411,0.8754499640028797,0.0065733132739266,0.8457584484707081,225.8,174.2,0.7465753424657534,0.0018633714413809,0.0029161064469254,-0.0006376091183753
2013-09-12,279.1999404052443,281.7002383790226,274.1993444576877,279.7,118000.0,279.7,277.32,276.03000000000003,283.444,231.97333333333333,183.66350000000008,False,False,False,False,False,False,False,True,False,True,False,0.1608866642831605,0.3718269574544154,,,-0.013385770468359,0.1706352043856512,0.5151948516267431,0.8519842688594924,0.0066674330382802,0.836539506575372,241.7,180.2,2.706422018348624,-0.0072677495378275,-0.0091311209792085,9.411976435355716e-05
2013-09-13,276.1966847826087,308.36684782608694,276.1966847826087,306.7,209800.0,306.7,284.66,280.44999999999993,283.752,233.99333333333337,184.6655000000001,False,False,False,False,True,False,True,True,True,False,False,0.0189109879360939,0.1907401369416367,,,0.0748223019237038,0.2370611890011953,0.6090642321486796,0.6824258232800783,0.008632724579048,0.8106257799964348,234.7,178.5,1.777966101694915,0.0010854549042825,0.0083532044421101,0.0019652915407677
2013-09-17,303.3333333333333,306.66666666666663,297.16666666666663,300.0,105800.0,300.0,288.4,283.03,284.644,235.9093333333333,185.6415000000001,False,False,False,False,False,False,True,True,False,False,False,0.1776666666666667,0.2106666666666666,,,0.0511866666666666,0.2136355555555556,0.5826666666666667,0.7166666666666667,0.0081217642936266,0.797053315902908,252.0,179.5,0.5042897998093422,0.0031337389862424,0.0020482840819598,-0.0005109602854213
2013-09-18,300.0337647720877,301.86730444569497,292.1995498030388,296.2,68400.0,296.2,292.08000000000004,284.23,284.244,237.752,186.61000000000004,False,False,False,False,False,False,False,True,False,True,False,0.2305874409182985,0.225523295070898,,,0.0403646185010126,0.1973261309925725,0.6620526671168131,0.8315327481431466,0.007750372937627,0.8143756816662563,303.8,187.2,0.6465028355387523,-0.0014072416656111,-0.0045409806518536,-0.0003713913559996
2013-09-19,300.0,324.16666666666663,297.8333333333333,316.0,195900.0,316.0,299.72,287.58,284.656,239.8626666666667,187.65750000000008,False,False,False,False,False,False,True,True,True,False,False,0.2167721518987341,0.1075949367088607,,,0.0991898734177215,0.240940928270042,0.5085443037974683,0.7025316455696202,0.0087994797022742,0.8186243827804438,294.8,175.7,2.8640350877192984,0.0014473610252374,0.0028546026908485,0.0010491067646471
2013-09-20,311.5319815195072,333.36755646817244,309.8651437371663,324.7,199900.0,324.7,308.72,293.02,285.916,242.0426666666667,188.7485000000001,False,False,False,False,False,False,True,True,False,False,False,0.1817061903295349,0.0378811210348013,,,0.119445642131198,0.2545652397084487,0.5214043732676317,0.6769325531259625,0.0090066765088248,0.805337519623234,293.0,162.5,1.0204185809086268,0.0044068887365519,0.0029595277113145,0.0002071968065505
2013-09-24,322.5,322.5,305.0,312.5,243500.0,312.5,309.88,297.27,286.616,244.1786666666667,189.75200000000004,False,False,False,False,False,False,True,True,False,True,False,0.1686399999999999,0.072,,,0.0828288,0.2186282666666666,0.52864,0.6768,0.0087476929461487,0.7931510075015978,271.3,167.7,1.2181090545272637,0.0024422921260501,-0.0019645966105018,-0.000258983562676
2013-09-25,314.8036320754717,371.4649528301887,314.1370283018868,353.3,804101.0,353.3,320.54,304.47,288.92,246.93866666666668,190.93250000000003,False,False,False,False,False,False,True,True,False,False,False,0.0280215114633455,-0.0396263798471553,,,0.1822247381828474,0.3010510425511841,0.4033399377299745,0.4803283328615906,0.0111768644305738,0.7390875948369295,245.0,175.2,3.302262833675565,0.0079745258202963,0.0055322336942462,0.0024291714844251
2013-09-26,345.0,364.8333333333333,331.66666666666663,364.5,348700.0,364.5,334.2,313.14,292.3,249.7160000000001,192.16400000000004,False,False,False,False,False,False,True,True,False,False,False,-0.0041152263374485,-0.0502057613168724,,,0.1980795610425239,0.3149080932784634,0.3017832647462277,0.4238683127572016,0.0111219678888554,0.6800791978028998,249.2,182.3,0.4336519914786824,0.0115634621963735,0.0035889363760771,-5.4896541718415376e-05
2013-09-27,381.1666666666666,431.5,377.6666666666666,384.5,466600.0,384.5,347.9,323.81000000000006,295.968,252.8133333333334,193.49400000000003,False,False,False,False,False,False,True,True,False,False,False,-0.0897269180754226,-0.0631989596879064,,,0.2302522756827047,0.3424880797572603,0.3328998699609883,0.365409622886866,0.0122514635304043,0.6259534912448655,230.2,184.2,1.3381129911098366,0.0123932317007244,0.0008297695043508,0.0011294956415489
2013-09-30,361.6980886185925,405.2018679409209,355.3642050390964,383.7,324500.0,383.7,359.7,334.21,299.908,255.8693333333334,194.815,False,False,False,False,False,False,True,True,False,False,False,-0.1217096690122491,-0.0727130570758404,,,0.2183789418816783,0.3331526366084613,0.5225436538962733,0.434714620797498,0.0119435962105658,0.5850812363484038,225.8,184.8,0.6954564937848264,0.0131373621243848,0.0007441304236603,-0.0003078673198385
2013-10-01,374.2008215426746,389.2021907804656,359.6994979461433,365.2,191500.0,365.2,370.24,340.05999999999995,303.024,258.7546666666668,196.042,False,False,False,False,False,False,True,True,False,True,False,-0.0826944140197152,-0.0010952902519166,,,0.1702519167579408,0.2914713399050744,0.551752464403067,0.4759036144578313,0.0111508455886145,0.5645768393812858,275.8,184.5,0.5901386748844376,0.0102830138866887,-0.002854348237696,-0.0007927506219513
2013-10-02,361.8665442863699,374.3676916016521,356.69940339605324,363.2,149900.0,363.2,372.22,346.37999999999994,305.884,261.57066666666674,197.2495,False,False,False,False,False,False,True,True,False,True,False,-0.0658039647577092,0.0415748898678414,,,0.1578083700440528,0.2798164464023492,0.4708149779735684,0.4000550660792952,0.0107657331607006,0.5341532421040478,266.8,206.0,0.7827676240208877,0.0093499496541172,-0.0009330642325715,-0.0003851124279138
2013-10-03,360.6666666666666,371.1666666666666,355.0,363.0,84500.0,363.0,371.92,353.05999999999995,309.044,264.16133333333346,198.4235,False,False,False,False,False,False,True,True,False,False,False,-0.0462809917355372,0.0399449035812672,,,0.1486391184573003,0.2722828282828279,0.4509641873278238,0.3705234159779614,0.0098071380620935,0.4923808984308618,285.3,210.2,0.5637091394262842,0.0102250812182083,0.000875131564091,-0.0009585950986071
2013-10-04,358.3333333333333,358.3333333333333,343.66666666666663,350.0,114700.0,350.0,365.02,356.4599999999999,312.25199999999995,266.5053333333334,199.512,False,False,False,False,False,False,True,True,False,False,False,0.0291428571428571,0.0865714285714286,,,0.1078514285714287,0.2385561904761902,0.5428571428571428,0.5085714285714286,0.0087953211693071,0.4753408517084668,264.5,209.5,1.357396449704142,0.0102737532505795,4.8672032371258056e-05,-0.0010118168927863
2013-10-07,350.16666666666663,351.66666666666663,336.0,337.0,52700.0,337.0,355.68,357.68999999999994,315.232,268.5960000000001,200.54300000000003,False,False,False,False,False,False,True,True,False,True,False,0.0557863501483679,0.257566765578635,,,0.0645934718100889,0.2029792284866465,0.6097922848664689,0.5014836795252225,0.0077836850387448,0.4595040398110096,331.2,217.3,0.4594594594594595,0.0094533549893414,-0.0008203982612381,-0.0010116361305623
2013-10-08,327.16666666666663,342.3333333333333,323.5,335.0,105600.0,335.0,349.64,359.94,318.13199999999995,270.6826666666667,201.5595,False,False,False,False,False,False,True,True,False,True,False,0.088955223880597,0.4731343283582089,,,0.0503522388059703,0.1919920398009949,0.8382089552238805,0.5223880597014925,0.0077089039071579,0.4464910818469744,299.0,212.3,2.0037950664136623,0.0091157129744883,-0.000337642014853,-7.478113158697428e-05
2013-10-09,326.63457760314344,344.46615913556,323.1349214145383,339.3,135400.0,339.3,344.86,358.5400000000001,320.73599999999993,272.8133333333334,202.59450000000004,False,False,False,False,False,False,True,True,False,True,False,0.1149425287356321,0.3993516062481579,,,0.0547126436781611,0.1959524511248647,0.7241379310344827,0.3999410551134688,0.0078099799618787,0.4387516037262228,277.7,205.5,1.2821969696969695,0.0081188266985931,-0.0009968862758951,0.0001010760547208
2013-10-10,332.69870004814635,348.70024073182475,326.031391429947,346.2,245500.0,346.2,341.5,356.71000000000004,323.21599999999995,274.93333333333345,203.66550000000004,False,False,False,False,False,False,True,True,False,True,False,0.0904101675332178,0.4220103986135183,,,0.0663893703061815,0.2058540342769108,0.5886770652801849,0.257943385326401,0.0077109602327839,0.4227243419023855,306.2,224.3,1.81314623338257,0.0076728874808178,-0.0004459392177753,-9.901972909483366e-05
2013-10-11,350.36575659416934,365.0337806571032,350.36575659416934,360.2,185100.0,360.2,343.54,354.28,326.324,277.39333333333343,204.77650000000003,False,False,False,False,False,False,True,True,False,False,False,0.0558023320377568,0.3234314269850083,,,0.0940477512493058,0.2298908014066256,0.5385896724042201,0.3395335924486397,0.0088682736907879,0.4204866207519477,305.7,225.8,0.7539714867617108,0.0095242764859466,0.0018513890051288,0.001157313458004
2013-10-15,362.29939110070256,373.2983606557377,353.1335831381733,355.8,132200.0,355.8,347.3,351.49,329.7439999999999,279.9706666666668,205.889,False,False,False,False,False,False,True,True,False,False,False,0.1911186059584036,0.3884204609331084,,,0.073232152894885,0.2131234776091434,0.482574480044969,0.4881956155143338,0.0092057263141853,0.4257873623716178,293.2,241.7,0.7142085359265262,0.010371682274734,0.0008474057887873,0.0003374526233973
2013-10-16,354.9675650982184,375.7989949748744,340.96884422110554,364.8,193500.0,364.8,353.26,351.45,333.536,282.5986666666667,207.05950000000004,False,False,False,False,False,False,True,True,False,False,False,0.3527960526315789,0.3094846491228069,,,0.0857017543859649,0.2253326023391812,0.4344846491228068,0.4076206140350877,0.0092994069327996,0.4186939820742639,295.0,234.7,1.4636913767019668,0.0113690875947426,0.0009974053200086,9.36806186142957e-05
2013-10-17,373.1337885462555,393.2986784140969,368.3008810572687,378.3,236400.0,378.3,361.06,352.96000000000004,337.416,285.3066666666668,208.296,False,False,False,False,False,False,True,True,False,False,True,0.2550885540576262,0.3106000528680941,,,0.1080729579698652,0.2458190148911795,0.3922812582606398,0.4208300290774517,0.0094915412655391,0.4208408884859472,295.7,252.0,1.2217054263565892,0.0114991583090309,0.0001300707142883,0.0001921343327395
2013-10-18,381.8333333333333,384.6666666666666,370.3333333333333,377.5,113900.0,377.5,367.32,354.41,341.404,287.90933333333334,209.53,False,False,False,False,False,False,True,True,False,False,False,0.3041059602649006,0.2569536423841059,,,0.0956185430463576,0.2373262693156732,0.3796026490066224,0.4649006622516556,0.0090398829261059,0.4306876216811037,280.0,303.8,0.4818104906937394,0.0116811753816592,0.0001820170726282,-0.0004516583394331
2013-10-21,377.6335670464505,395.1320333041192,377.4669149868536,380.3,135500.0,380.3,371.34,357.44000000000005,345.504,290.524,210.734,False,False,False,False,False,False,True,True,False,False,False,0.2534840915067051,0.3476202997633447,,,0.0914961872206152,0.236066263476203,0.441756508019984,0.245069681830134,0.0089998301918831,0.4033124440465531,292.8,294.8,1.189640035118525,0.0118667222376586,0.0001855468559994,-4.0052734222797634e-05
2013-10-22,377.9702713330712,439.4654345261502,377.6369642154935,423.8,442800.0,423.8,384.94,366.12000000000006,351.268,293.71066666666667,212.154,False,False,False,False,False,False,True,True,False,False,False,0.165644171779141,0.3784804152902313,,,0.1711467673430864,0.3069592575114048,0.270174610665408,0.0783388390750353,0.0108496797301652,0.3566590189009065,285.2,293.0,3.26789667896679,0.0164091235182252,0.0045424012805665,0.0018498495382821
2013-10-23,422.6666666666666,507.5,419.3333333333333,493.5,953101.0,493.5,410.68,381.97,358.74,297.8306666666667,213.939,False,False,False,False,False,False,True,True,False,False,False,-0.032016210739615,0.1483282674772037,,,0.2730699088145896,0.3964930766632894,0.0840932117527862,-0.0759878419452887,0.0138333639249148,0.2862266670157342,287.3,271.3,2.1524412827461608,0.0208284551485756,0.0044193316303504,0.0029836841947495
2013-10-24,468.4671112671113,483.2994032994033,446.96862056862057,474.8,358100.0,474.8,429.98,395.5200000000001,365.732,301.4146666666666,215.612,False,False,False,False,False,False,True,True,False,True,False,0.044229149115417,0.1251053074978939,,,0.2297135636057287,0.3651755124964899,0.1215248525695029,-0.0206402695871946,0.0118905959011061,0.2396338996763751,291.7,245.0,0.3757209361861964,0.019117823980401,-0.0017106311681746,-0.0019427680238086
2013-10-25,481.3007447528775,558.2955314827352,479.13422477995937,492.3,430500.0,492.3,452.94,410.13,373.5759999999999,305.176,217.2995,False,False,False,False,False,False,True,True,False,False,False,-0.0361568149502336,0.0698760918139346,,,0.2411618931545807,0.3801015640869389,0.1035953686776354,-0.071704245378834,0.0123251282320148,0.2007168458781361,284.0,249.2,1.2021781625244343,0.0209970661926887,0.0018792422122877,0.0004345323309087
2013-10-28,479.7002097902098,511.7024475524475,463.3657342657343,476.7,267000.0,476.7,472.22,421.78,380.004,308.73866666666663,218.9255,False,False,False,False,False,False,True,True,False,True,False,0.0750996433815817,0.1327879169288861,,,0.2028445563247324,0.3523417942801203,0.1222991399202853,-0.0979651772603314,0.0115394249289581,0.1551045568779933,269.8,230.2,0.6202090592334495,0.0169156114146169,-0.0040814547780717,-0.0007857033030566
2013-10-29,472.5,508.3333333333333,471.6666666666666,494.0,271600.0,494.0,486.2600000000001,435.6,386.776,312.428,220.6005,False,False,False,False,False,False,True,True,False,False,False,0.182591093117409,0.0981781376518218,,,0.2170526315789473,0.3675546558704453,0.0795546558704452,-0.1305668016194332,0.0118085873651957,0.0955004591368226,262.5,225.8,1.0172284644194756,0.0175088423273419,0.0005932309127249,0.0002691624362375
2013-10-30,498.0347522679693,506.702023726448,467.53262386601534,477.7,402100.0,477.7,483.1,446.89,393.38400000000007,315.96666666666664,222.1575,False,False,False,False,False,False,True,True,False,True,False,0.1863093992045218,0.2890935733724094,,,0.17650408205987,0.338566743423348,0.0833158886330333,-0.1009001465354825,0.0111994936174701,0.0490277249434984,262.5,275.8,1.4804860088365244,0.0167978362109289,-0.0007110061164129,-0.0006090937477255
2013-10-31,475.6346890756303,504.1327731092437,472.4682352941177,495.8,270300.0,495.8,487.3,458.64,399.08400000000006,319.83733333333333,223.82800000000003,False,False,False,False,False,False,True,True,False,True,False,0.0774505849132715,0.1799112545381201,,,0.1950705929810406,0.3549065483393842,0.0740217829770068,-0.1125453812020976,0.0121019851757977,0.0008939473225188,274.2,266.8,0.6722208405869187,0.0142827073999458,-0.002515128810983,0.0009024915583276
2013-11-01,489.0,495.3333333333333,458.3333333333333,474.5,260700.0,474.5,483.74,468.34,403.4840000000001,323.1733333333333,225.40450000000004,False,False,False,False,False,False,True,True,False,True,False,0.1100105374077977,0.1591148577449947,,,0.1496649104320335,0.3189181594661047,0.1239199157007375,-0.0663856691253951,0.010322633880683,-0.0433232267156338,284.2,285.3,0.9644839067702552,0.0109050172993229,-0.0033776901006228,-0.0017793512951146
2013-11-05,482.5,556.6666666666666,474.1666666666666,512.5,460400.0,512.5,490.9,481.56000000000006,408.604,326.99600000000004,227.2035,False,False,False,False,False,False,True,True,False,False,False,0.0536585365853658,0.0813658536585366,,,0.2027239024390244,0.3619590243902438,0.0520975609756098,-0.1317073170731707,0.0116902551305421,-0.0755046100174434,282.5,264.5,1.7660145761411583,0.0125304695989268,0.0016254522996038,0.001367621249859
2013-11-06,507.5289586305278,616.7018544935806,502.5286733238232,584.2,446100.0,584.2,508.94,497.6,416.624,331.56266666666664,229.38550000000004,False,False,False,False,False,False,True,True,False,False,False,-0.0713796644984595,-0.0970558028072578,,,0.2868469702156795,0.4324500741755107,-0.0914070523793223,-0.2588154741526875,0.0137731630420793,-0.110128617363344,270.3,331.2,0.9689400521285838,0.0192499711970506,0.0067195015981238,0.0020829079115372
2013-11-07,575.0338235294118,593.3682352941178,561.699705882353,566.7,175200.0,566.7,526.74,504.92,424.6840000000001,335.9893333333333,231.468,False,False,False,False,False,False,True,True,False,True,False,0.0866419622375152,-0.0765837303688019,,,0.2506017293100405,0.407112522792777,-0.0427033703899771,-0.2535733192165167,0.0131750214292517,-0.1295650796165729,270.0,299.0,0.3927370544720914,0.0189788171911351,-0.0002711540059154,-0.0005981416128275
2013-11-08,561.7017160686428,563.3684867394696,530.033073322933,534.2,137900.0,534.2,534.4200000000001,510.86,431.5240000000001,339.752,233.364,False,False,False,False,False,False,True,True,False,True,False,0.095095469861475,-0.0140396855110445,,,0.1922051666042679,0.3639985024335455,-0.0016847622613255,-0.2147135904155747,0.0110747447157535,-0.1485925693927886,281.3,277.7,0.7871004566210046,0.0158507985650856,-0.0031280186260495,-0.0021002767134982
2013-11-11,543.3677215189874,558.3686708860761,517.532753164557,526.7,90300.0,526.7,544.86,514.3,438.0720000000001,342.724,235.2235,False,False,False,False,False,False,True,True,False,True,False,0.0442377064742736,-0.0112018226694514,,,0.1682703626352761,0.3492994114296564,-0.0579077273590281,-0.1797987469147523,0.0086717008438276,-0.1591483569900835,277.8,306.2,0.6548223350253807,0.0149473145966873,-0.0009034839683983,-0.0024030438719258
2013-11-12,530.8333333333333,550.0,516.6666666666666,540.0,108700.0,540.0,550.36,520.6299999999999,445.67200000000014,345.99333333333334,237.167,False,False,False,False,False,False,True,True,False,False,False,0.0262962962962963,0.0153703703703702,,,0.1746814814814812,0.3592716049382716,-0.0633333333333332,-0.1675925925925926,0.0094491223337637,-0.1656262604920959,277.8,305.7,1.203765227021041,0.0170528998905024,0.0021055852938151,0.000777421489936
2013-11-13,531.6666666666666,558.3333333333333,515.0,542.5,216900.0,542.5,542.0200000000001,525.4799999999999,453.8920000000001,349.32,239.1305,False,False,False,False,False,False,True,True,False,False,False,-0.0276497695852534,-0.007741935483871,,,0.163332718894009,0.3560921658986175,-0.0567741935483871,-0.1373271889400921,0.0095232642467269,-0.1660006089670395,279.7,293.2,1.9954001839926403,0.0181100349862962,0.0010571350957937,7.414191296323432e-05
2013-11-14,583.3017591339648,659.1309878213802,564.9694181326116,615.8,1423701.0,615.8,551.8399999999999,539.29,465.1240000000001,353.91333333333336,241.4355,False,False,False,False,False,False,True,True,False,False,False,-0.1502111075024358,-0.1312114322832087,,,0.244683338746346,0.4252787701634729,-0.1758687885677167,-0.2245859045144526,0.0129786953491439,-0.1784568599454838,306.7,295.0,6.563858921161826,0.0241483991365742,0.006038364150278,0.003455431102417
2013-11-15,592.5,612.5,565.0,585.0,572701.0,585.0,562.0,548.21,474.95200000000006,358.44666666666666,243.574,False,False,False,False,False,False,True,True,False,True,False,-0.0996581196581195,-0.0897435897435897,,,0.1881162393162392,0.3872706552706553,-0.1338461538461539,-0.1854700854700854,0.0126471627578253,-0.1851662684007954,300.0,295.7,0.4022621322876081,0.0206926173592278,-0.0034557817773464,-0.0003315325913185
2013-11-18,573.3333333333333,583.3333333333333,539.1666666666666,550.0,446200.0,550.0,566.6600000000001,555.76,483.104,362.4573333333334,245.5175,False,False,False,False,False,False,True,True,False,True,False,-0.0530909090909091,-0.0121818181818182,,,0.1216290909090909,0.3409866666666665,-0.1423636363636364,-0.15,0.0110652104339639,-0.1918274075140348,296.2,280.0,0.7791151054389638,0.0168742134198846,-0.0038184039393432,-0.0015819523238614
2013-11-19,550.0330827067669,573.3678195488721,541.6992481203008,554.2,326200.0,554.2,569.5,559.9300000000001,490.864,366.7773333333334,247.4885,False,False,False,False,False,False,True,True,False,True,False,-0.0106459761818839,-0.0346445326596897,,,0.1142836521111513,0.3381859737760134,-0.1609527246481415,-0.1564417177914111,0.0117782632878076,-0.1938277999035595,316.0,292.8,0.7310623038995966,0.0158088594804263,-0.0010653539394582,0.0007130528538437
2013-11-20,552.5,561.6666666666666,522.5,527.5,380900.0,527.5,566.5,554.26,497.732,370.80000000000007,249.2975,False,False,False,False,False,False,True,True,False,True,False,0.020473933649289,0.010995260663507,,,0.0564322274881516,0.2970616113744074,-0.0815165876777251,-0.1658767772511848,0.0108486156058971,-0.1843178291776422,324.7,285.2,1.1676885346413244,0.013798590406082,-0.0020102690743442,-0.0009296476819104
2013-11-21,524.9665605095541,545.7985668789809,513.3006369426752,523.3,266700.0,523.3,548.0,549.92,504.072,374.1,251.088,False,False,False,False,False,False,True,True,False,True,False,0.0223581119816549,-0.0110835085037262,,,0.0367437416395947,0.2851137015096502,-0.0760557997324669,-0.173514236575578,0.0088211708099437,-0.1761528949665405,312.5,287.3,0.7001837752690995,0.0125775682838959,-0.0012210221221861,-0.0020274447959534
2013-11-22,525.0332278481013,537.5340189873418,514.1992088607595,526.7,258700.0,526.7,536.3399999999999,549.17,510.008,377.5653333333333,252.9175,False,False,False,False,False,False,True,True,False,True,False,0.011011961268274,0.011011961268274,,,0.0316916650844884,0.2831491677741916,0.0603759255743306,-0.1712549838617809,0.0091781025094109,-0.1719321885754866,353.3,291.7,0.9700037495313086,0.011639033113206,-0.0009385351706898,0.0003569316994672
2013-11-25,525.79968,529.1328,512.4672,520.8,182500.0,520.8,530.5,548.58,515.7399999999999,380.7053333333333,254.729,False,False,False,False,False,False,True,True,False,True,False,0.0432027649769585,0.0240015360983102,,,0.0097158218125961,0.2689989759344598,0.0618279569892474,-0.1762672811059907,0.0082478487299013,-0.1715884647635714,364.5,284.0,0.7054503285659065,0.0111141272734321,-0.0005249058397738,-0.0009302537795096
2013-11-26,514.9686930091185,548.3,513.3021276595744,548.3,298400.0,548.3,529.32,549.4100000000001,522.4599999999999,384.4893333333333,256.709,False,False,False,False,False,False,True,True,False,False,False,-0.0242567937260622,-0.0165967536020425,,,0.0471274849534926,0.2987610189069244,-0.0497902608061279,-0.2339959875980302,0.0098416254287072,-0.1782093518501666,384.5,269.8,1.635068493150685,0.0128622286873636,0.0017481014139314,0.0015937766988059
2013-11-27,537.4667182662538,554.9656346749226,529.1339009287925,538.3,411400.0,538.3,531.4799999999999,548.99,527.04,387.2506666666666,258.62200000000007,False,False,False,False,False,False,True,True,False,True,False,-0.009288500835965,-0.0139327512539476,,,0.0209177038825933,0.2806043717877269,-0.0377113133940181,-0.1593906743451606,0.0071306096309709,-0.1804040146450755,383.7,262.5,1.378686327077748,0.0086900425015179,-0.0041721861858456,-0.0027110157977363
2013-11-28,543.3333333333333,547.5,531.6666666666666,535.0,163400.0,535.0,533.8199999999999,540.9100000000001,528.6999999999999,390.3973333333333,260.51700000000005,False,False,False,False,False,False,True,True,False,True,False,-0.0327102803738317,0.014018691588785,,,0.0117757009345795,0.2702853582554518,-0.0355140186915887,-0.2242990654205607,0.0080601643453849,-0.1797156643434214,365.2,262.5,0.3971803597472046,0.0031397768110459,-0.005550265690472,0.000929554714414
2013-11-29,526.6666666666666,540.0,525.0,532.5,77400.0,532.5,534.9799999999999,535.6600000000001,531.0079999999999,393.7946666666666,262.3435,False,False,False,False,False,False,True,True,False,False,False,0.0,0.0015023474178402,,,0.0028018779342724,0.2604794992175275,-0.0328638497652582,-0.2244131455399061,0.0086271694893447,-0.1835305977672404,363.2,274.2,0.4736842105263157,0.0043464505242858,0.0012066737132399,0.0005670051439597
2013-12-02,524.9677914110429,547.4664110429447,524.9677914110429,543.3,175000.0,543.3,539.4799999999999,534.99,533.0479999999999,396.956,264.12250000000006,False,False,False,False,False,False,True,True,False,True,False,-0.0184060371801951,-0.0866924351187189,,,0.0188698693171361,0.2693613105098471,-0.0014724829744155,-0.251794588625069,0.0079639389084266,-0.193910166545169,363.0,284.2,2.260981912144703,0.0038270474703965,-0.0005194030538892,-0.000663230580918
2013-12-03,545.0,545.0,532.5,535.0,99600.0,535.0,536.8199999999999,533.07,535.3799999999999,400.0133333333333,265.96100000000007,False,False,False,False,False,False,True,True,False,False,False,0.0078504672897197,-0.0545794392523363,,,-0.0007102803738315,0.2523115264797508,0.005607476635514,-0.2485981308411215,0.0076430785640477,-0.2032941264749471,350.0,282.5,0.5691428571428572,0.0043557846763046,0.000528737205908,-0.0003208603443788
2013-12-04,529.966875,541.6328124999999,524.9671874999999,533.3,114700.0,533.3,535.82,533.65,536.9519999999998,403.2146666666666,267.7650000000001,False,False,False,False,False,False,True,True,False,True,False,-0.0046877929870616,-0.0405025314082129,,,-0.0068479279954993,0.2439252453278331,0.0210013125820364,-0.2499531220701293,0.007939526009305,-0.211655579499672,337.0,270.3,1.1516064257028114,0.0029276359898089,-0.0014281486864957,0.0002964474452572
2013-12-05,531.6666666666666,538.3333333333333,512.5,517.5,151900.0,517.5,532.3199999999999,533.0699999999999,538.5439999999999,406.1813333333333,269.5190000000001,False,False,False,False,False,False,True,True,False,False,False,0.0483091787439613,-0.0193236714975845,,,-0.0406647342995166,0.2151085346215781,0.0125603864734299,-0.1893719806763285,0.0073037986318099,-0.2132365355394225,335.0,270.0,1.3243243243243243,0.0029561187201047,2.848273029582146e-05,-0.000635727377495
2013-12-06,526.6666666666666,541.6666666666666,519.1666666666666,532.5,206300.0,532.5,532.3199999999999,533.65,540.012,409.33866666666665,271.3600000000001,False,False,False,False,False,False,True,True,False,True,False,0.0015023474178402,-0.0484507042253522,,,-0.014107042253521,0.2312888888888889,-0.0178403755868544,-0.1399061032863849,0.0077132545504292,-0.2100627752272088,339.3,281.3,1.358130348913759,0.0027184581083384,-0.0002376606117662,0.0004094559186193
2013-12-09,538.2996874999999,538.2996874999999,529.966875,533.3,46900.0,533.3,530.32,534.9,542.3639999999999,412.7159999999999,273.2100000000001,False,False,False,False,False,False,True,True,False,False,False,-0.0695668479279955,-0.1155072192012,,,-0.0169960622538908,0.2261091318207389,-0.0268141758859927,-0.127132945809113,0.0081831897317604,-0.2050850626285286,346.2,277.8,0.2273388269510421,0.0043365710113502,0.0016181129030117,0.0004699351813311
2013-12-10,523.3656877897992,543.3669242658424,522.5323029366307,539.2,126900.0,539.2,531.1600000000001,533.99,543.4319999999999,416.00133333333326,275.03000000000014,False,False,False,False,False,False,True,True,False,True,False,-0.0619436201780414,-0.1376112759643917,,,-0.007848664688427,0.2284841740850645,-0.0263353115727003,-0.149666172106825,0.0078974105852225,-0.1965205340923987,360.2,277.8,2.7057569296375266,0.0019652872852536,-0.0023712837260965,-0.0002857791465378
2013-12-11,529.1334379905808,541.6326530612245,524.9670329670329,530.8,91300.0,530.8,530.6600000000001,533.24,541.2959999999999,419.276,276.75750000000016,False,False,False,False,False,False,False,True,False,True,False,-0.0359834212509419,-0.0872268274302938,,,-0.0197739261492087,0.2101055011303691,0.0371137905048983,-0.1616428033157497,0.0078102888471239,-0.1967969394644062,355.8,279.7,0.7194641449960599,-0.0039460849516714,-0.0059113722369251,-8.712173809860817e-05
2013-12-12,537.5,547.5,531.6666666666666,542.5,123200.0,542.5,535.6600000000001,533.99,540.3279999999999,422.6786666666666,278.57250000000016,False,False,False,False,True,False,False,True,False,False,False,-0.064516129032258,-0.1087557603686635,,,0.0040036866359449,0.2208688172043012,-0.0064516129032258,-0.1705069124423963,0.0080502446302783,-0.1913706249180696,364.8,306.7,1.3493975903614457,-0.0017915044195379,0.0021545805321335,0.0002399557831544
2013-12-13,542.4660937499999,542.4660937499999,526.63375,533.3,73800.0,533.3,535.82,534.0699999999999,540.2919999999999,425.8999999999999,280.34650000000016,False,False,False,False,False,False,False,True,False,False,False,-0.0498781173823364,0.0472529533095819,,,-0.013110819426214,0.2013875867241703,-0.0465029064316519,-0.1599474967185448,0.0075635908272677,-0.1849383039676445,378.3,300.0,0.599025974025974,-6.66306367666827e-05,0.0017248737827712,-0.0004866538030106
2013-12-16,535.8693315418205,536.7027208599261,488.5328182734296,496.19999999999993,132700.0,496.2,528.4,529.36,539.072,428.7293333333333,281.95100000000014,False,False,False,False,False,False,False,True,False,True,False,-0.0493752519145504,0.1144699717855704,,,-0.0864006449012496,0.135974741367728,0.0026199113260783,-0.1334139459895202,0.006599346285302,-0.1732469397007708,377.5,296.2,1.7981029810298104,-0.0022631485219041,-0.0021965178851374,-0.0009642445419657
2013-12-17,497.8005271828666,514.9660626029655,497.8005271828666,505.80000000000007,46200.0,505.8,521.72,526.44,537.704,431.8759999999999,283.6175000000001,False,False,False,False,False,False,False,True,False,True,False,-0.0806642941874259,0.030051403716884,,,-0.0630763147489123,0.1461526294978255,0.0438908659549227,-0.1834717279557138,0.0072860419811859,-0.1665716890813768,380.3,316.0,0.348153730218538,-0.0025441506851354,-0.0002810021632312,0.0006866956958838
2013-12-18,510.0332247557003,515.8669381107492,498.36579804560256,511.7,47500.0,511.7,517.9,524.28,536.472,435.1986666666666,285.3300000000001,False,False,False,False,False,False,False,True,False,False,False,-0.0531561461794019,0.0123119015047879,,,-0.0484111784248583,0.1495042668230083,-0.0111393394567128,-0.1870236466679695,0.0076348273125837,-0.1600862134737162,423.8,324.7,1.0281385281385282,-0.002296485184688,0.0002476655004473,0.0003487853313978
2013-12-19,511.6666666666666,515.0,501.6666666666666,507.5,84000.0,507.5,510.9,523.28,532.14,438.46533333333326,286.9925000000001,False,False,False,False,False,False,False,True,False,True,False,-0.0472906403940886,0.0167487684729064,,,-0.048551724137931,0.1360288998357965,0.0049261083743842,-0.1635467980295566,0.007450227916156,-0.1575256077052437,493.5,312.5,1.768421052631579,-0.0081407148494756,-0.0058442296647876,-0.0001845993964277
2013-12-20,505.0332236842105,510.0335526315789,501.6996710526315,506.69999999999993,73900.0,506.7,505.58,520.7,529.008,441.5653333333332,288.6610000000001,False,False,False,False,False,False,False,True,False,False,False,0.102230116439708,0.0163805012828104,,,-0.044026050917703,0.1285468061311757,-0.0625616735741068,-0.1543319518452732,0.0070204786607642,-0.1590167082773191,474.8,353.3,0.8797619047619047,-0.0059205153797295,0.0022201994697461,-0.0004297492553917
2013-12-24,501.70212014134273,502.5355123674912,468.3664310954064,471.7,155200.0,471.7,500.68,514.54,525.8760000000001,444.0653333333332,290.1620000000001,False,False,False,False,False,False,False,True,False,True,False,0.1723553105787577,0.1500953996184015,,,-0.1148526605893578,0.0585852589922976,-0.0767436930252278,-0.0926436294254822,0.0056298022212947,-0.1562366385509387,492.3,364.5,2.1001353179972937,-0.0059557766469661,-3.526126723659654e-05,-0.0013906764394694
2013-12-25,467.0,482.5,452.6666666666666,465.0,137500.0,465.0,492.5200000000001,507.12,522.3080000000001,446.49866666666657,291.6020000000001,False,False,False,False,False,False,False,True,False,True,False,0.1204301075268817,0.1569892473118279,,,-0.1232430107526884,0.0397878136200719,0.0376344086021505,-0.0698924731182795,0.0054498109736797,-0.1490179839091339,476.7,384.5,0.8859536082474226,-0.0068312183615797,-0.0008754417146136,-0.0001799912476149
2013-12-26,457.5,491.0,457.5,484.5,219500.0,484.5,487.0799999999999,502.49,520.5880000000001,449.35466666666656,293.1685000000001,False,False,False,False,False,False,False,True,False,False,False,0.0691434468524251,0.1238390092879257,,,-0.0744850361197112,0.0725393876848987,0.0928792569659442,-0.0970072239422084,0.0063557813278894,-0.1426695058608131,494.0,383.7,1.5963636363636364,-0.0033039562955735,0.0035272620660062,0.0009059703542096
2013-12-27,499.5,507.0,479.0,483.5,231800.0,483.5,482.2799999999999,496.59,518.9960000000001,452.2013333333332,294.7200000000001,False,False,False,False,False,False,False,True,False,False,False,0.0672182006204757,0.0837642192347466,,,-0.0734146845915203,0.0647335401585662,0.062047569803516,-0.0527404343329886,0.0062951310773076,-0.1308725507964315,477.7,365.2,1.0560364464692482,-0.0030674610208941,0.0002364952746793,-6.065025058178512e-05
2013-12-30,484.0,558.5,484.0,558.5,675700.0,558.5,492.64,499.11,520.2680000000001,455.8973333333333,296.6515000000001,False,False,False,False,True,False,True,True,True,False,True,-0.0778871978513876,-0.063563115487914,,,0.06845478961504,0.18371113100567,-0.0376007162041181,-0.1763652641002685,0.0081070884380403,-0.1328564845424856,495.8,363.2,2.9150129421915443,0.0024448937855106,0.0055123548064047,0.0018119573607326
2014-01-06,573.5,615.0,544.5,553.0,831000.0,553.0,508.9,504.79,521.556,459.56666666666666,298.59550000000013,False,False,False,False,False,False,True,True,False,False,False,-0.0189873417721519,-0.0614828209764918,,,0.0568607594936708,0.1689572031344183,0.0,-0.1636528028933092,0.0079843330673824,-0.1361754392915866,474.5,363.0,1.229835725913867,0.0024695334729154,2.463968740482612e-05,-0.0001227553706578
2014-01-07,551.0,551.0,508.0,521.0,384200.0,521.0,520.1,506.31000000000006,520.464,462.8093333333333,300.4020000000001,False,False,False,False,False,False,False,True,False,True,False,0.0326295585412667,0.0076775431861804,,,0.001028790786948,0.1116903390914907,-0.0911708253358925,-0.1238003838771593,0.0070064850319929,-0.1301771641879482,512.5,350.0,0.4623345367027677,-0.0020981278244028,-0.0045676612973182,-0.0009778480353894
2014-01-08,533.0,534.0,502.5,518.0,274000.0,518.0,526.8,506.94,519.6520000000002,465.9866666666667,302.2085000000001,False,False,False,False,False,True,False,True,False,False,False,0.0511583011583011,0.0627413127413127,,,-0.0031891891891894,0.1004118404118403,-0.1177606177606177,-0.138030888030888,0.0068185069672952,-0.1252416459541563,584.2,337.0,0.7131702238417491,-0.0015625841909583,0.0005355436334444,-0.0001879780646977
2014-01-09,518.5,528.5,507.5,516.0,278900.0,516.0,533.3,507.79,518.892,468.7773333333334,303.9725000000001,False,False,False,False,False,False,False,True,False,False,False,0.0155038759689922,0.0445736434108527,,,-0.0056046511627907,0.0915167958656329,-0.1162790697674418,-0.1395348837209302,0.0059530750917991,-0.1228657515902243,566.7,335.0,1.017883211678832,-0.0014646593125353,9.792487842299569e-05,-0.000865431875496
2014-01-10,516.5,519.0,510.0,515.0,307400.0,515.0,524.6,508.62,518.192,471.64400000000006,305.7300000000001,False,False,False,False,False,False,False,True,False,False,False,0.0155339805825242,-0.0126213592233009,,,-0.0061980582524271,0.0841864077669901,-0.0970873786407767,-0.1368932038834951,0.0060780306050043,-0.1211513507136958,534.2,339.3,1.1021871638580136,-0.0013508506499522,0.0001138086625831,0.0001249555132051
2014-01-14,512.5,574.0,500.0,542.5,831400.0,542.5,522.5,515.7,518.16,474.928,307.6360000000001,False,False,False,False,True,False,False,True,False,False,False,-0.0433179723502304,-0.0829493087557603,,,0.0448663594470046,0.1245566820276497,-0.1576036866359447,-0.1788018433179723,0.0069147323383753,-0.1298235408183053,526.7,346.2,2.704619388418998,-6.175698625914603e-05,0.001289093663693,0.000836701733371
2014-01-15,564.0,564.0,528.0,538.0,262300.0,538.0,525.9,523.0,518.28,477.8880000000001,309.48100000000005,False,False,False,False,False,False,True,True,False,False,False,-0.0241635687732342,-0.0185873605947955,,,0.0366542750929368,0.1117323420074347,-0.2007434944237918,-0.1710037174721189,0.0061939199142897,-0.1393881453154875,540.0,360.2,0.3154919413038248,0.0002315350775642,0.0002932920638234,-0.0007208124240856
2014-01-16,533.0,555.0,528.0,544.5,281600.0,544.5,531.2,529.0,518.7280000000001,480.8186666666666,311.3860000000001,False,False,False,False,False,False,True,True,False,False,False,0.0110192837465564,-0.0707070707070707,,,0.0473314967860421,0.1169537802265076,-0.2112029384756657,-0.1616161616161616,0.0060951599216888,-0.1455576559546313,542.5,355.8,1.0735798703774304,0.0008636510849618,0.0006321160073975,-9.875999260090892e-05
2014-01-17,534.0,540.0,511.0,524.0,526700.0,524.0,532.8,533.05,518.988,483.63866666666667,313.2085000000001,False,False,False,False,False,False,True,True,False,True,False,0.0286259541984732,-0.0267175572519083,,,0.009564885496183,0.0770254452926208,-0.1803435114503817,-0.1688931297709923,0.0058307993019583,-0.1562705187130662,615.8,364.8,1.8703835227272727,0.0005009749743731,-0.0003626761105886,-0.0002643606197305
2014-01-20,524.5,528.0,517.0,523.0,137900.0,523.0,534.4,529.5,518.6080000000001,485.9013333333334,315.0325,False,False,False,False,False,False,False,True,False,True,False,-0.0277246653919694,-0.0917782026768642,,,0.0083977055449329,0.0709343530911407,-0.1586998087954111,-0.1902485659655831,0.0046566381103435,-0.1575070821529744,585.0,378.3,0.261818872223277,-0.0007327306944744,-0.0012337056688476,-0.0011741611916147
2014-01-21,525.0,530.0,515.5,519.0,134500.0,519.0,529.7,526.1,518.036,487.9613333333334,316.82000000000005,False,False,False,False,False,False,False,True,False,True,False,-0.0414258188824662,-0.1608863198458574,,,0.0018574181117534,0.059804752729608,-0.1464354527938343,-0.1888246628131021,0.0042216459774135,-0.1599505797376925,550.0,377.5,0.9753444525018128,-0.0011041703665384,-0.000371439672064,-0.00043499213293
2014-01-22,514.5,529.0,512.5,525.0,226500.0,525.0,527.1,526.5,517.4680000000001,489.8346666666668,318.65100000000007,False,False,False,False,False,False,False,True,False,False,False,0.0057142857142857,-0.0809523809523809,,,0.0143466666666665,0.066981587301587,-0.1523809523809524,-0.1180952380952381,0.003824419668133,-0.1593542260208926,554.2,380.3,1.6840148698884758,-0.0010976524152215,6.517951316898458e-06,-0.0003972263092804
2014-01-23,534.0,560.0,532.0,550.5,635700.0,550.5,528.3,529.75,518.256,492.0586666666667,320.62000000000006,False,False,False,False,False,False,True,True,True,False,True,-0.0808356039963669,-0.0381471389645776,,,0.0585722070844687,0.1061604601877081,-0.2134423251589464,-0.2098092643051771,0.0045197862585488,-0.166682397357244,527.5,423.8,2.8066225165562915,0.0015204840850851,0.0026181365003067,0.0006953665904158
2014-01-24,536.5,551.5,528.5,539.0,252000.0,539.0,531.3,532.05,518.116,494.376,322.586,False,False,False,False,False,False,False,True,False,True,False,-0.0538033395176252,-0.0473098330241187,,,0.0387458256029684,0.0827903525046382,-0.2152133580705009,-0.2031539888682745,0.0046873904342712,-0.1730100554459166,523.3,493.5,0.3964134025483719,-0.0002702097599765,-0.0017906938450616,0.0001676041757224
2014-01-27,513.5,525.5,505.5,508.5,242600.0,508.5,528.4,531.4,517.124,496.3133333333333,324.42850000000004,False,False,False,False,False,True,False,True,False,True,False,-0.0658800393313667,0.0570304818092428,,,-0.0169596853490659,0.0239659128154704,-0.1750245821042281,-0.1740412979351032,0.0039034480905878,-0.1766089574708317,526.7,474.8,0.9626984126984128,-0.0019183019933322,-0.0016480922333557,-0.0007839423436834
2014-01-28,520.5,520.5,495.0,497.5,186000.0,497.5,524.1,526.9,517.1759999999999,498.1066666666667,326.11600000000004,False,False,False,False,False,False,True,True,False,False,False,-0.1246231155778894,0.1115577889447236,,,-0.0395497487437184,-0.0012194304857621,-0.1316582914572864,-0.1457286432160804,0.0036002998019167,-0.1734674511292465,520.8,492.3,0.7666941467436109,0.0001005460423529,0.0020188480356851,-0.0003031482886711
2014-01-29,518.5,544.5,513.0,528.0,314500.0,528.0,524.7,525.9,518.064,500.48,327.95,False,False,False,False,False,False,True,True,True,False,False,-0.0861742424242424,-0.1032196969696969,,,0.0188181818181818,0.052121212121212,-0.1486742424242424,-0.2234848484848484,0.0047421142369991,-0.1787412055523864,548.3,476.7,1.6908602150537635,0.0017140739368109,0.001613527894458,0.0011418144350824
2014-01-30,509.5,515.0,500.0,506.0,278400.0,506.0,515.8,522.05,517.836,502.73333333333335,329.654,False,False,False,False,False,False,False,True,False,True,False,0.0464426877470355,-0.0968379446640316,,,-0.0233913043478261,0.006455862977602,-0.075098814229249,-0.183794466403162,0.0044821641692083,-0.1810171439517286,538.3,494.0,0.8852146263910969,-0.0004402938382035,-0.0021543677750144,-0.0002599500677908
2014-01-31,500.5,526.5,481.0,510.0,454300.0,510.0,510.0,520.65,517.936,505.06666666666666,331.3865,False,False,False,False,False,False,True,True,False,False,False,0.0068627450980392,-0.1058823529411764,,,-0.0155607843137255,0.009673202614379,-0.0637254901960784,-0.1774509803921568,0.0046198521647306,-0.1818880245846537,535.0,477.7,1.6318247126436782,0.0001930740477588,0.0006333678859623,0.0001376879955223
2014-02-03,499.5,499.5,461.0,475.0,493900.0,475.0,503.3,515.85,516.668,506.876,332.9175,False,False,False,False,False,False,False,True,False,True,False,0.131578947368421,-0.0210526315789473,,,-0.0877221052631579,-0.0671073684210525,0.0031578947368421,-0.0631578947368421,0.0035695778323166,-0.1701075894155277,532.5,495.8,1.0871670702179177,-0.0024541872150007,-0.0026472612627596,-0.001050274332414
2014-02-04,422.5,447.5,405.0,435.5,752000.0,435.5,490.9,507.5,515.22,508.06666666666666,334.271,False,False,False,False,False,False,False,True,False,True,False,0.269804822043628,0.0493685419058553,,,-0.1830539609644088,-0.1666283964791427,0.0734787600459242,0.0114810562571756,0.0023435244718541,-0.1526108374384236,543.3,474.5,1.5225754201255317,-0.0028104499048949,-0.0003562626898941,-0.0012260533604624
2014-02-05,480.5,496.0,451.5,482.5,764800.0,482.5,481.8,503.25,515.92,509.69733333333335,335.8885,False,False,False,False,False,False,True,True,True,False,False,-0.0186528497409326,-0.1088082901554404,,,-0.0692642487046631,-0.056367530224525,-0.0310880829015544,-0.0787564766839378,0.0031992842811289,-0.149130650769995,535.0,512.5,1.0170212765957447,0.0013567995037989,0.0041672494086938,0.0008557598092748
2014-02-06,475.0,549.0,475.0,529.5,542400.0,529.5,486.5,501.15,517.72,512.0133333333333,337.75199999999995,False,False,False,True,True,False,True,True,False,False,False,-0.1369216241737488,-0.1888574126534466,,,0.0222474032105759,0.0330248662259993,-0.1690273843248347,-0.1397544853635505,0.0045233197052159,-0.1414746084006784,533.3,584.2,0.7092050209205021,0.0034767828169668,0.0021199833131679,0.0013240354240869
2014-02-07,540.0,545.0,502.5,513.5,355400.0,513.5,487.2,498.6,518.92,513.996,339.526,False,False,False,False,False,False,True,True,False,True,False,-0.1119766309639727,-0.1635832521908471,,,-0.0105550146056474,-0.0009659201557935,-0.1577409931840311,-0.112950340798442,0.0038573581636173,-0.1318692338547934,517.5,566.7,0.6552359882005899,0.0023124951823015,-0.0011642876346652,-0.0006659615415986
2014-02-10,525.0,550.0,515.0,537.5,446600.0,537.5,499.7,501.5,518.08,516.1186666666666,341.4475,False,False,False,False,False,False,False,True,False,True,True,-0.1348837209302325,-0.1813953488372093,,,0.0361302325581394,0.0397792248062016,-0.187906976744186,-0.1395348837209302,0.004112749264381,-0.1284147557328015,532.5,534.2,1.2566122678671918,-0.0016213712168003,-0.0039338663991019,0.0002553911007636
2014-02-12,539.5,559.5,538.5,553.0,368800.0,553.0,523.2,507.05,518.08,518.4586666666665,343.439,False,False,False,False,False,False,False,True,False,False,False,-0.1735985533453888,-0.1989150090415913,,,0.063146473779385,0.0624617239300785,-0.2242314647377938,-0.1754068716094032,0.0045133781156451,-0.1318410413174243,533.3,526.7,0.825794894760412,0.0,0.0016213712168003,0.0004006288512641
2014-02-13,520.0,520.0,460.0,473.5,1326700.0,473.5,521.4,501.6,516.18,519.7013333333332,345.018,False,False,False,False,False,False,False,True,False,True,False,-0.0918690601900739,-0.0601900739176346,,,-0.0901372756071804,-0.0975740936290035,-0.1129883843717001,-0.0359028511087645,0.002391116949222,-0.1131379585326953,539.2,540.0,3.59734273318872,-0.003680886512457,-0.003680886512457,-0.0021222611664231
2014-02-14,473.5,481.0,453.0,457.0,494000.0,457.0,506.9,496.7,513.74,520.144,346.5065,False,False,False,False,False,False,False,True,False,True,False,-0.0601750547045951,-0.0525164113785558,,,-0.1241575492341356,-0.1381706783369803,-0.0098468271334792,-0.0076586433260393,0.000851046376901,-0.0962351520032212,530.8,542.5,0.3723524534559433,-0.0047494841748743,-0.0010685976624172,-0.001540070572321
2014-02-17,451.5,457.5,435.0,456.0,364700.0,456.0,495.4,491.3,511.34,519.644,347.9914999999999,False,False,False,False,False,False,False,False,False,False,False,-0.0581140350877193,-0.0723684210526315,,,-0.1213596491228069,-0.1395701754385965,-0.0899122807017543,-0.0109649122807017,-0.0009621971965422,-0.0798900875228984,542.5,615.8,0.7382591093117409,-0.0046935502796574,5.593389521689647e-05,-0.0018132435734432
2014-02-18,448.5,469.0,447.5,465.0,275000.0,465.0,480.9,490.3,509.34,519.5133333333333,349.4889999999999,False,False,False,False,False,False,False,False,False,False,False,-0.053763440860215,-0.0978494623655914,,,-0.0953548387096773,-0.1172329749103942,-0.1118279569892473,-0.0182795698924731,-0.0002515174458147,-0.0756679583928207,533.3,585.0,0.7540444200712915,-0.0039266501747359,0.0007669001049215,0.0007106797507275
2014-02-19,457.0,471.0,452.5,457.0,194300.0,457.0,461.7,492.45,505.92,519.0426666666666,350.955,False,False,False,False,False,False,False,False,False,True,True,-0.0306345733041575,-0.0547045951859956,,,-0.1070459518599562,-0.1357607585703864,-0.1105032822757111,-0.0262582056892779,-0.0009067976428399,-0.0787897248451619,496.19999999999993,550.0,0.7065454545454546,-0.0067599620493357,-0.0028333118745998,-0.0006552801970252
2014-02-20,450.0,452.0,424.0,430.0,483600.0,430.0,453.0,487.2,501.6,518.42,352.241,False,False,False,False,False,False,False,False,False,True,False,0.0348837209302325,0.0453488372093023,,,-0.1665116279069768,-0.2056279069767441,-0.0651162790697674,0.0209302325581395,-0.0012010853490734,-0.0699917898193759,505.80000000000007,554.2,2.4889346371590326,-0.0086124401913875,-0.0018524781420517,-0.0002942877062334
2014-02-21,427.5,438.5,425.5,429.5,239100.0,429.5,447.5,477.2,497.0,517.56,353.566,False,False,False,False,False,False,False,False,False,True,False,0.0081490104772991,0.089639115250291,,,-0.1571594877764842,-0.2050291036088473,-0.0686845168800931,0.0325960419091967,-0.0016616430945204,-0.0530176026823135,511.7,527.5,0.4944168734491315,-0.0092555331991952,-0.0006430930078076,-0.000460557745447
2014-02-24,428.0,439.5,424.0,429.5,207000.0,429.5,442.2,468.8,493.22,516.9173333333333,354.87,False,False,False,False,False,False,False,False,False,False,False,-0.0151338766006984,0.1117578579743888,,,-0.1483585564610012,-0.2035327900659681,-0.0232828870779976,0.0186263096623981,-0.0012432677823403,-0.0398890784982934,507.5,523.3,0.8657465495608532,-0.007663922793074,0.0015916104061211,0.0004183753121801
2014-02-25,439.0,442.5,432.0,440.0,201600.0,440.0,437.2,459.05,489.9,516.1733333333333,356.2,False,False,False,False,False,False,False,False,False,False,False,-0.046590909090909,0.0829545454545454,,,-0.1134090909090908,-0.173121212121212,0.0409090909090909,-0.0272727272727272,-0.0014413762818691,-0.027012308027448,506.69999999999993,526.7,0.9739130434782608,-0.0067768932435191,0.0008870295495548,-0.0001981084995288
2014-02-26,437.5,447.0,426.0,443.0,298900.0,443.0,434.4,448.05,486.86,515.7533333333333,357.566,False,False,False,False,False,False,False,False,False,False,False,-0.0248306997742663,0.0553047404063205,,,-0.0990067720090293,-0.1642287434161023,0.0507900677200902,-0.0214446952595936,-0.0008143427736772,-0.0081464122307778,471.7,520.8,1.4826388888888888,-0.00624409481165,0.000532798431869,0.0006270335081919
2014-02-27,441.0,451.5,436.0,445.0,260100.0,445.0,437.4,445.2,483.66,514.8533333333334,358.9195,False,False,False,False,False,False,False,False,False,True,False,0.0101123595505617,0.0505617977528089,,,-0.086876404494382,-0.1569737827715356,0.0303370786516853,-0.0056179775280898,-0.0017480706479514,-0.0049415992812218,465.0,548.3,0.8701906992305118,-0.0066162180043832,-0.0003721231927331,-0.0009337278742742
2014-02-28,439.5,445.0,423.5,433.0,278000.0,433.0,438.1,442.8,478.96,512.8373333333334,360.1935,False,False,False,False,False,False,False,False,False,True,False,0.0808314087759815,0.0161662817551963,,,-0.1061431870669745,-0.184381832178599,0.0277136258660508,0.0346420323325635,-0.0039310710608691,-0.0007904245709124,484.5,538.3,1.0688196847366398,-0.0098129280106899,-0.0031967100063067,-0.0021830004129176
2014-03-03,425.0,434.5,408.5,423.0,281500.0,423.0,436.8,439.5,474.32,510.9213333333333,361.406,False,False,False,False,False,False,False,False,False,False,False,0.1288416075650118,0.0224586288416075,,,-0.1213238770685579,-0.2078518518518517,0.0638297872340425,0.0449172576832151,-0.0037500880761815,0.0046643913538111,483.5,535.0,1.012589928057554,-0.0097824253668409,3.050264384900012e-05,0.0001809829846875
2014-03-04,415.5,422.0,410.5,419.5,244100.0,419.5,432.7,434.95,470.76,509.392,362.617,False,False,False,False,False,False,False,False,False,False,False,0.135876042908224,0.0405244338498212,,,-0.1221930870083432,-0.2142836710369487,0.067938021454112,0.0381406436233611,-0.0030022719896136,0.0103460167835383,558.5,532.5,0.8671403197158082,-0.0075622397824794,0.0022201855843615,0.0007478160865678
2014-03-05,422.5,436.0,422.0,432.0,171800.0,432.0,430.5,432.45,468.14,508.1293333333333,363.85100000000006,False,False,False,False,False,False,False,False,False,False,False,0.0821759259259259,-0.0069444444444444,,,-0.0836574074074073,-0.1762253086419752,-0.0046296296296296,-0.0069444444444444,-0.0024849316578194,0.0124869927159209,553.0,543.3,0.7038099139696845,-0.0055966163968043,0.001965623385675,0.0005173403317942
2014-03-06,432.5,449.5,432.5,449.5,239300.0,449.5,431.4,434.4,465.0,506.9226666666666,365.1935000000001,False,False,False,False,False,False,False,False,False,True,True,0.0400444938820912,-0.0656284760845383,,,-0.0344827586206896,-0.127747868001483,-0.0812013348164627,-0.0355951056729699,-0.002380376230957,0.0066758747697975,521.0,535.0,1.3928987194412108,-0.0067526881720429,-0.0011560717752385,0.0001045554268623
2014-03-07,455.0,469.5,452.5,468.0,383700.0,468.0,438.4,438.25,463.48,505.9293333333333,366.7675,False,False,False,False,True,False,False,False,False,False,False,-0.0598290598290598,-0.0331196581196581,,,0.0096581196581196,-0.081045584045584,-0.1111111111111111,-0.1025641025641025,-0.0019633835555425,-0.0075299486594409,518.0,533.3,1.60342666109486,-0.0032795374126175,0.0034731507594254,0.0004169926754144
2014-03-10,468.5,478.5,463.5,477.5,261800.0,477.5,449.3,443.05,462.18,504.0853333333334,368.4365,False,False,False,False,False,False,False,False,False,False,False,-0.094240837696335,-0.1308900523560209,,,0.0320837696335078,-0.0556760907504364,-0.1109947643979057,-0.1287958115183246,-0.0036581107960555,-0.0231350863333709,516.0,517.5,0.6823038832421162,-0.0028127569345276,0.0004667804780898,-0.0016947272405129
2014-03-11,480.0,484.5,471.5,476.5,186600.0,476.5,460.7,446.7,462.24,502.63866666666667,370.0665,False,False,False,False,False,False,True,False,False,False,False,-0.0839454354669464,-0.1332633788037775,,,0.0299265477439664,-0.0548555438964672,-0.1007345225603357,-0.1080797481636936,-0.0028781444059219,-0.0317886724871278,515.0,532.5,0.7127578304048893,0.0001298026998961,0.0029425596344238,0.0007799663901336
2014-03-12,467.5,471.5,464.0,467.5,129300.0,467.5,467.8,449.15,463.52,501.5386666666667,371.638,False,False,False,False,False,False,True,False,True,False,False,-0.0823529411764705,-0.1304812834224599,,,0.0085133689839572,-0.0728099821746881,-0.0844919786096256,-0.0930481283422459,-0.0021932506367072,-0.0391851274629855,542.5,533.3,0.6929260450160771,0.0027614773904038,0.0026316746905076,0.0006848937692146
2014-03-13,468.5,473.0,466.0,467.5,92900.0,467.5,471.4,451.4,462.92,500.3826666666668,373.2115000000001,False,False,False,False,False,False,False,False,False,True,False,-0.1016042780748663,-0.1401069518716577,,,0.0097967914438502,-0.070337254901961,-0.0748663101604278,-0.0909090909090909,-0.002310231902517,-0.0478511298183428,538.0,539.2,0.7184841453982985,-0.0012961202799619,-0.0040575976703657,-0.0001169812658098
2014-03-14,466.0,466.0,437.5,440.0,237900.0,440.0,465.8,452.1,459.34,499.216,374.615,False,False,False,False,False,True,False,False,False,True,False,0.0284090909090909,-0.0909090909090909,,,-0.0439545454545454,-0.1345818181818182,-0.0056818181818181,-0.0409090909090909,-0.002336997745799,-0.0550763105507631,544.5,530.8,2.5608180839612484,-0.0077937910915662,-0.0064976708116043,-2.6765843281954024e-05
2014-03-17,435.5,447.5,431.0,432.5,134500.0,432.5,456.8,453.05,456.1,498.0053333333333,376.08600000000007,False,False,False,False,False,False,False,False,False,False,False,-0.0404624277456647,-0.030057803468208,,,-0.0545664739884393,-0.1514574181117532,0.0589595375722543,0.0011560693641618,-0.0024310315284442,-0.059044255600927,524.0,542.5,0.5653635981504834,-0.0071037053277788,0.0006900857637873,-9.403378264524624e-05
2014-03-18,436.0,449.0,434.5,436.5,170700.0,436.5,448.8,454.75,452.06,496.8026666666667,377.4520000000001,False,False,False,False,False,False,False,False,False,True,False,-0.0538373424971363,0.0492554410080183,,,-0.0356471935853379,-0.1381504390988928,0.0538373424971363,-0.0229095074455899,-0.0024208136295562,-0.0645409565695437,523.0,533.3,1.2691449814126394,-0.0089368667875946,-0.0018331614598157,1.0217898887975203e-05
2014-03-19,436.5,440.0,421.0,429.0,159400.0,429.0,441.1,454.45,447.1,495.57866666666666,378.8270000000001,False,False,False,False,False,False,False,False,False,True,False,-0.0524475524475524,0.085081585081585,,,-0.0421911421911422,-0.1551950271950271,0.0780885780885781,-0.0303030303030303,-0.0024698399715888,-0.0667840246451754,519.0,496.19999999999993,0.9338019917984768,-0.0110937150525609,-0.0021568482649662,-4.902634203257997e-05
2014-03-20,429.0,431.0,406.0,420.0,439400.0,420.0,431.6,451.5,444.96,493.86800000000005,380.1060000000001,False,False,False,False,False,False,False,False,False,False,False,-0.0428571428571428,0.0916666666666666,,,-0.0594285714285713,-0.1758761904761906,0.0869047619047619,-0.0416666666666666,-0.0034638135426199,-0.0675526024363233,525.0,505.80000000000007,2.756587202007528,-0.004809421071557,0.0062842939810038,-0.000993973571031
2014-03-24,421.0,455.0,421.0,452.5,373600.0,452.5,434.1,449.95,444.78,492.7240000000001,381.55000000000007,False,False,False,False,True,False,False,False,False,False,False,-0.1160220994475138,-0.0165745856353591,,,0.017060773480663,-0.0888928176795582,-0.0132596685082872,-0.1093922651933701,-0.0023217866391731,-0.0681186798533169,550.5,511.7,0.8502503413746018,-0.0004046944556859,0.0044047266158711,0.0011420269034467
2014-03-25,460.0,465.0,407.5,415.0,810400.0,415.0,430.6,443.7,443.14,491.124,382.8490000000001,False,False,False,False,False,False,False,False,False,True,False,0.0108433734939759,0.0843373493975903,,,-0.0678072289156626,-0.1834313253012048,0.0698795180722891,-0.0265060240963855,-0.0032578330523453,-0.0576966418751407,539.0,507.5,2.1691648822269807,-0.0037008620300581,-0.0032961675743722,-0.0009360464131722
2014-03-26,416.5,421.0,410.5,413.0,274600.0,413.0,425.9,437.35,441.06,489.5306666666667,384.1325000000001,False,False,False,False,False,False,False,False,False,True,False,0.1089588377723971,0.0847457627118644,,,-0.0679418886198547,-0.1853042776432608,0.0762711864406779,-0.0375302663438256,-0.0032548182204451,-0.0503029610152052,508.5,506.69999999999993,0.3388450148075024,-0.0047159116673468,-0.0010150496372886,3.0148319002908097e-06
2014-03-27,414.5,414.5,392.0,406.5,231900.0,406.5,421.4,431.25,439.04,487.70666666666665,385.37500000000006,False,False,False,False,False,False,False,False,False,False,False,0.1451414514145141,0.057810578105781,,,-0.0800492004920049,-0.199770397703977,0.0959409594095941,-0.022140221402214,-0.0037399529771995,-0.0430144927536232,497.5,471.7,0.8445010924981792,-0.0046009475218658,0.0001149641454809,-0.0004851347567544
2014-03-28,401.0,406.5,393.0,402.0,300000.0,402.0,417.8,424.7,437.92,485.9333333333333,386.5965000000001,False,False,False,False,False,False,False,False,False,False,False,0.140547263681592,0.0273631840796019,,,-0.0893532338308458,-0.2087893864013265,0.1094527363184079,-0.0161691542288557,-0.0036493346138016,-0.0352013185778196,528.0,465.0,1.2936610608020698,-0.0025575447570332,0.0020434027648325,9.061836339785888e-05
2014-03-31,409.5,412.0,397.0,400.0,246400.0,400.0,407.3,420.7,436.74,484.156,387.7905,False,False,False,False,False,False,False,False,False,True,False,0.1125,0.04,,,-0.09185,-0.21039,0.14125,-0.025,-0.003670993095889,-0.0336344188257665,506.0,484.5,0.8213333333333334,-0.0027018363328296,-0.0001442915757963,-2.165848208738946e-05
2014-04-01,401.0,419.5,401.0,419.5,249900.0,419.5,408.2,419.4,436.34,482.8493333333333,389.1265000000001,False,False,False,False,False,False,False,False,False,False,False,0.0727056019070321,0.0119189511323003,,,-0.0401430274135875,-0.151011521652761,0.0381406436233611,-0.0715137067938021,-0.0027061581666608,-0.0410109680495946,510.0,483.5,1.0142045454545454,-0.0009167163221341,0.0017851200106954,0.0009648349292282
2014-04-02,422.5,494.5,420.0,458.0,744300.0,458.0,417.2,421.55,437.06,481.856,390.68500000000006,False,False,False,False,True,False,True,False,True,False,True,-0.0218340611353711,-0.0644104803493449,,,0.0457205240174672,-0.0520873362445414,-0.0753275109170305,-0.1659388646288209,-0.0020614734139105,-0.0564583086229391,475.0,558.5,2.978391356542617,0.0016473710703336,0.0025640873924678,0.0006446847527502
2014-04-03,450.5,467.5,448.0,465.5,323100.0,465.5,429.0,425.2,437.96,480.952,392.2315000000001,False,False,False,False,False,False,True,False,False,False,False,-0.0762620837808807,-0.0805585392051557,,,0.0591621911922664,-0.0331944146079484,-0.0955961331901181,-0.1632653061224489,-0.0018796054491924,-0.0707902163687675,435.5,553.0,0.43409915356711,0.0020549821901543,0.0004076111198206,0.0001818679647181
2014-04-04,457.0,460.5,452.0,458.5,205600.0,458.5,440.3,429.05,438.5,479.876,393.763,False,False,False,False,False,False,True,False,False,True,False,-0.099236641221374,-0.0567066521264994,,,0.0436205016357688,-0.0466215921483096,0.0098146128680479,-0.0817884405670665,-0.0022422459135277,-0.0748164549586295,482.5,521.0,0.6363354998452492,0.0012314709236032,-0.000823511266551,-0.0003626404643352
2014-04-07,445.0,447.5,434.0,445.0,348000.0,445.0,449.3,428.3,438.98,478.732,395.2155,False,False,False,False,False,False,True,False,False,True,False,-0.0651685393258427,-0.0168539325842696,,,0.0135280898876404,-0.0758022471910113,-0.0224719101123595,-0.0629213483146067,-0.0023896459814676,-0.0699276208265234,529.5,518.0,1.6926070038910506,0.0010934438926602,-0.0001380270309429,-0.0001474000679398
2014-04-08,439.5,464.0,437.0,450.0,337800.0,450.0,455.4,431.8,440.06,477.4986666666667,396.7215000000001,False,False,False,False,False,False,True,False,False,False,True,-0.0566666666666666,0.0177777777777777,,,0.0220888888888888,-0.0611081481481481,-0.0455555555555555,-0.0833333333333333,-0.0025829042454569,-0.0754979157017138,513.5,516.0,0.9706896551724138,0.0024542107894377,0.0013607668967774,-0.0001932582639893
2014-04-09,442.5,449.0,436.5,448.0,267100.0,448.0,453.4,435.3,441.2,476.3613333333333,398.20150000000007,False,False,False,False,False,False,True,False,False,False,False,-0.0435267857142857,0.0267857142857142,,,0.0151785714285714,-0.0633065476190475,-0.0625,-0.1049107142857142,-0.0023875433494463,-0.0821272685504249,537.5,515.0,0.790704558910598,0.0025838621940162,0.0001296514045785,0.0001953608960105
2014-04-10,448.0,459.5,416.5,430.0,402300.0,430.0,446.3,437.65,441.12,475.4786666666667,399.5080000000001,False,False,False,False,False,False,False,False,False,True,False,-0.0046511627906976,0.0755813953488372,,,-0.025860465116279,-0.1057643410852713,-0.0116279069767441,-0.0906976744186046,-0.0018563749092141,-0.0885410716325831,553.0,542.5,1.5061774616248595,-0.0001813565469713,-0.0027652187409875,0.0005311684402322
2014-04-11,413.0,418.0,409.0,413.0,154700.0,413.0,437.2,438.75,439.66,474.2413333333333,400.70200000000006,False,False,False,False,False,False,False,False,False,True,False,0.0472154963680387,0.1053268765133172,,,-0.0645520581113802,-0.1482841000807101,-0.0072639225181598,-0.0569007263922518,-0.0026090794841446,-0.0921937321937321,473.5,538.0,0.3845389013174248,-0.0033207478506117,-0.0031393913036404,-0.0007527045749305
2014-04-14,414.0,427.0,413.0,416.0,185500.0,416.0,431.4,440.35,437.58,472.9653333333334,401.8810000000001,False,False,False,False,False,False,False,False,False,True,False,0.0516826923076923,0.0733173076923077,,,-0.0518749999999999,-0.1369358974358975,-0.0072115384615384,-0.0973557692307692,-0.002697872148487,-0.0987850573407516,457.0,544.5,1.1990950226244343,-0.0047534165181224,-0.0014326686675107,-8.87926643423631e-05
2014-04-15,422.0,440.0,422.0,424.5,181300.0,424.5,426.3,440.85,435.46,471.8586666666667,403.1110000000001,False,False,False,False,False,False,False,False,False,True,False,0.0789163722025912,0.0459363957597173,,,-0.0258186101295641,-0.1115634079308991,-0.0117785630153121,-0.1177856301531213,-0.0023453350438267,-0.1032097085176363,456.0,524.0,0.9773584905660376,-0.0048684150094153,-0.0001149984912928,0.0003525371046603
2014-04-16,428.5,434.0,421.0,428.5,142500.0,428.5,422.4,437.9,433.54,470.816,404.3560000000001,False,False,False,False,False,False,False,False,False,False,False,0.073512252042007,0.0373395565927654,,,-0.0117619603267211,-0.0987537922987163,0.0385064177362893,-0.1306884480746791,-0.0022145948027822,-0.0993377483443708,465.0,523.0,0.7859900717043574,-0.0044286571019974,0.0004397579074179,0.0001307402410444
2014-04-17,432.5,439.0,427.5,428.0,74600.0,428.0,422.0,434.15,431.96,470.23333333333335,405.56000000000006,False,False,False,False,False,False,False,False,False,False,False,0.080607476635514,0.0408878504672897,,,-0.009252336448598,-0.0986760124610592,0.0292056074766355,-0.1600467289719626,-0.0012391011554546,-0.0984682713347921,457.0,519.0,0.5235087719298246,-0.0036577460876007,0.0007709110143966,0.0009754936473275
2014-04-18,431.5,434.0,424.0,432.5,78800.0,432.5,425.9,431.55,430.56,469.8,406.8440000000001,False,False,False,False,True,False,False,False,False,False,False,0.0554913294797687,0.0312138728323699,,,0.0044855491329479,-0.086242774566474,0.0277456647398843,-0.153757225433526,-0.0009223783170143,-0.1057814853435292,430.0,525.0,1.0563002680965148,-0.0032515793385358,0.0004061667490649,0.0003167228384403
2014-04-21,438.0,442.5,433.0,437.5,102100.0,437.5,430.2,430.8,430.46,469.17333333333335,408.2190000000001,False,False,False,False,False,False,False,False,False,False,False,0.0205714285714285,0.0434285714285714,,,0.0160914285714286,-0.0723961904761905,0.0411428571428571,-0.184,-0.0013356826190746,-0.1181522748375116,429.5,550.5,1.2956852791878173,-0.0002323096222646,0.0030192697162712,-0.0004133043020603
2014-04-22,512.0,512.5,453.5,458.0,1238300.0,458.0,436.9,431.6,431.48,468.8333333333333,409.6705,False,False,False,False,False,False,True,False,True,False,False,-0.0305676855895196,-0.0491266375545851,,,0.0579039301310043,-0.0236535662299854,-0.0054585152838427,-0.1834061135371179,-0.0007252044081052,-0.1287071362372567,429.5,539.0,12.128305582761998,0.0023639566144434,0.002596266236708,0.0006104782109693
2014-04-23,460.0,466.0,445.0,460.0,255700.0,460.0,443.2,432.8,432.42,467.52,411.0945000000001,False,False,False,False,False,False,True,False,False,True,False,-0.033695652173913,-0.0793478260869565,,,0.0599565217391304,-0.0163478260869564,0.0054347826086956,-0.1434782608695652,-0.0028091489847136,-0.1327402957486136,440.0,508.5,0.2064927723491884,0.0021738124971092,-0.0001901441173341,-0.0020839445766083
2014-04-24,458.0,467.0,454.0,462.5,151500.0,462.5,450.1,436.05,433.76,466.3133333333333,412.4955000000001,False,False,False,False,False,False,True,False,False,False,False,-0.0367567567567567,-0.0897297297297297,,,0.0621405405405405,-0.0082450450450449,-0.014054054054054,-0.1578378378378378,-0.0025876735242398,-0.1395482169475978,443.0,497.5,0.5924912006257332,0.0030892659535226,0.0009154534564133,0.0002214754604737
2014-04-25,463.0,466.5,450.0,456.5,134900.0,456.5,454.9,440.4,435.22,465.4533333333333,413.857,False,False,False,False,False,False,True,False,False,False,False,-0.0230010952902519,0.0142387732749178,,,0.0466155531215771,-0.0196129974443227,0.0,-0.1423877327491785,-0.0018476610616172,-0.1475930971843778,445.0,528.0,0.8904290429042905,0.0033546252470015,0.0002653592934789,0.0007400124626226
2014-04-28,447.0,451.0,440.0,446.5,98700.0,446.5,456.7,443.45,434.98,464.5,415.1655,False,False,False,False,False,False,False,False,False,True,False,0.0223964165733482,-0.0257558790593505,,,0.0258006718924971,-0.0403135498320268,0.0156774916013437,-0.122060470324748,-0.0020523860782202,-0.1497350321344006,433.0,506.0,0.7316530763528539,-0.0005517495057244,-0.003906374752726,-0.000204725016603
2014-04-30,446.0,450.0,441.0,444.0,93400.0,444.0,453.9,445.4,436.14,463.54,416.463,False,False,False,False,False,False,True,False,True,False,False,-0.0191441441441441,-0.0326576576576576,,,0.0177027027027027,-0.044009009009009,0.0157657657657657,-0.1238738738738738,-0.0020710186823143,-0.150202065559048,423.0,510.0,0.9463019250253292,0.0026596964277524,0.0032114459334769,-1.863260409404148e-05
2014-05-01,442.0,447.5,439.0,444.5,112100.0,444.5,450.8,447.0,437.4,462.6,417.6555,False,False,False,False,False,False,True,False,False,False,False,-0.0472440944881889,-0.0551181102362204,,,0.0159730033745782,-0.0407199100112486,0.0269966254218222,-0.1372328458942632,-0.0020319930825767,-0.1507829977628635,419.5,475.0,1.2002141327623126,0.0028806584362139,0.0002209620084614,3.902559973758407e-05
2014-05-02,440.0,448.5,436.5,445.5,101500.0,445.5,447.4,448.75,438.96,461.3066666666667,418.8320000000001,False,False,False,False,False,False,True,False,False,False,False,-0.0549943883277216,-0.0460157126823793,,,0.0146801346801347,-0.035480733258511,-0.0011223344556677,-0.1268237934904601,-0.0028036302676455,-0.1475208913649024,432.0,435.5,0.9054415700267618,0.0035538545653362,0.0006731961291222,-0.0007716371850688
2014-05-07,438.0,451.5,432.0,446.0,134700.0,446.0,445.3,450.1,440.72,460.08,420.01450000000006,False,False,False,False,False,False,True,False,False,False,False,0.0381165919282511,-0.0807174887892376,,,0.0118385650224214,-0.0315695067264573,-0.0156950672645739,-0.1266816143497758,-0.002666202979192,-0.144856698511442,449.5,482.5,1.3270935960591133,0.0039934652387004,0.0004396106733641,0.0001374272884534
2014-05-08,447.5,461.5,447.5,456.5,142000.0,456.5,447.3,452.0,442.98,458.9066666666667,421.2105,False,False,False,False,False,False,True,False,False,False,False,-0.0470974808324205,-0.0952902519167579,,,0.029616648411829,-0.005271997079226,-0.0284775465498357,-0.1544359255202628,-0.0025568016735428,-0.1420353982300884,468.0,529.5,1.0541945063103193,0.0051018104654837,0.0011083452267833,0.0001094013056492
2014-05-09,450.0,451.0,431.0,435.5,282300.0,435.5,445.6,449.75,443.62,457.7266666666667,422.32650000000007,False,False,False,False,False,False,True,False,False,True,False,-0.0137772675086107,-0.0367393800229621,,,-0.0186452353616532,-0.0510371220818982,0.0045924225028702,-0.1067738231917336,-0.0025779577331449,-0.1344080044469149,477.5,513.5,1.9880281690140844,0.0014426761642847,-0.003659134301199,-2.115605960216005e-05
2014-05-12,435.5,440.0,422.5,423.5,225200.0,423.5,441.4,446.1,442.24,456.4,423.4165000000001,False,False,False,False,False,False,False,False,False,True,False,-0.0082644628099173,0.050767414403778,,,-0.044250295159386,-0.077685950413223,0.0106257378984651,-0.0802833530106257,-0.002906806894537,-0.1283344541582604,476.5,537.5,0.7977329082536309,-0.0031204775687409,-0.0045631537330256,-0.000328849161392
2014-05-13,403.5,429.0,392.5,421.0,661600.0,421.0,436.5,441.95,440.46,455.0933333333333,424.4,False,False,False,False,False,False,False,False,False,True,False,0.009501187648456,0.0463182897862232,,,-0.0462232779097386,-0.0809817893903404,0.0296912114014251,-0.0688836104513064,-0.0028712059064807,-0.1195836633103291,467.5,553.0,2.937833037300177,-0.0040412296235754,-0.0009207520548344,3.5600988056318835e-05
2014-05-14,413.5,467.0,413.5,463.0,640100.0,463.0,439.9,442.6,440.64,454.26666666666665,425.58600000000007,False,False,False,False,True,False,True,False,False,False,False,-0.1144708423326133,-0.0399568034557235,,,0.0482937365010799,0.0188624910007199,-0.0442764578833693,-0.1663066954643628,-0.0018197828001173,-0.1221192950745594,467.5,473.5,0.967503022974607,0.0004084967320261,0.0044497263556015,0.0010514231063633
2014-05-15,435.0,443.5,427.0,435.0,335500.0,435.0,435.6,441.45,440.24,452.7266666666667,426.5525,False,False,False,False,False,False,False,False,False,True,False,-0.0505747126436781,0.0471264367816091,,,-0.0120459770114942,-0.0407509578544061,0.0298850574712643,-0.0896551724137931,-0.0034016109793988,-0.1189262657152565,440.0,457.0,0.5241368536166224,-0.0009085953116481,-0.0013170920436742,-0.0015818281792814
2014-05-16,427.5,437.5,427.5,429.5,233200.0,429.5,434.4,440.0,439.42,451.26666666666665,427.5265,False,False,False,False,False,False,False,False,False,True,False,-0.0232828870779976,0.0605355064027939,,,-0.0230966239813737,-0.0506790842064415,0.029103608847497,-0.0954598370197904,-0.0032353375683262,-0.1161363636363636,432.5,456.0,0.6950819672131148,-0.0018660962177415,-0.0009575009060934,0.0001662734110725
2014-05-19,429.0,431.0,417.5,420.0,193500.0,420.0,433.7,437.55,438.3,450.0866666666666,428.3665,False,False,False,False,False,False,False,False,False,True,False,0.0595238095238095,0.1011904761904761,,,-0.0435714285714286,-0.0716349206349204,0.0369047619047619,-0.0880952380952381,-0.0026217172988907,-0.1113015655353673,436.5,465.0,0.8297598627787307,-0.0025553274013233,-0.0006892311835817,0.0006136202694355
2014-05-20,425.0,434.0,421.0,425.0,157100.0,425.0,434.5,435.5,438.1,449.12,428.9725,False,False,False,False,False,False,False,False,False,False,False,0.0364705882352941,0.0729411764705882,,,-0.0308235294117647,-0.0567529411764705,0.0094117647058823,-0.1023529411764705,-0.0021523572022323,-0.1088404133180252,429.0,457.0,0.8118863049095607,-0.0004565167769915,0.0020988106243317,0.0004693600966583
2014-05-21,424.5,424.5,406.0,410.0,149000.0,410.0,423.9,431.9,437.98,447.5466666666667,429.5485,False,False,False,False,False,False,False,False,False,False,False,0.0841463414634146,0.1134146341463414,,,-0.0682439024390244,-0.0915772357723577,0.0573170731707317,-0.0682926829268292,-0.0035154620747184,-0.1031488770548737,420.0,430.0,0.9484404837683004,-0.0002739851134755,0.000182531663516,-0.0013631048724861
2014-05-22,413.0,420.0,407.0,413.0,166200.0,413.0,419.5,427.55,437.86,446.3066666666667,430.1485,False,False,False,False,False,False,False,False,False,True,False,0.1029055690072639,0.0980629539951573,,,-0.0601937046004842,-0.0806456820016142,0.0169491525423728,-0.072639225181598,-0.0027783586771427,-0.0947257630686469,452.5,429.5,1.1154362416107382,-0.000274060201891,-7.508841551426455e-08,0.0007371033975756
2014-05-23,428.0,428.0,414.0,419.5,151200.0,419.5,417.5,425.95,437.66,445.1,430.8895,False,False,False,False,False,False,False,False,False,True,False,0.0858164481525625,0.0750893921334922,,,-0.0432896305125149,-0.0610250297973778,-0.0083432657926102,-0.0953516090584028,-0.0027110012731221,-0.0935555816410376,415.0,429.5,0.9097472924187726,-0.0004569757345884,-0.0001829155326974,6.735740402068679e-05
2014-05-26,431.0,447.0,430.0,445.0,337800.0,445.0,422.5,428.1,438.32,444.7,431.8895,False,False,False,True,True,False,True,False,True,False,True,0.0393258426966292,0.0258426966292134,,,0.0150112359550561,0.0006741573033708,-0.0449438202247191,-0.1516853932584269,-0.0008994827973915,-0.1009110021023126,413.0,440.0,2.234126984126984,0.0015057492243109,0.0019627249588994,0.0018115184757305
2014-05-27,452.5,455.0,438.5,440.5,193500.0,440.5,425.6,430.05,438.82,444.76666666666665,432.846,False,False,False,False,False,False,True,True,False,True,False,0.0351872871736662,0.0102156640181611,,,0.0038138479001135,-0.0096859629209231,-0.0374574347332576,-0.1475595913734392,0.0001498913287866,-0.1088245552842692,406.5,443.0,0.5728241563055062,0.0011394193518982,-0.0003663298724126,0.0010493741261781
2014-05-28,445.5,446.0,439.0,444.5,120400.0,444.5,432.5,428.2,439.3,444.26,433.9175,False,False,False,False,False,False,True,False,False,True,False,0.0269966254218222,-0.0123734533183352,,,0.0116985376827896,0.0005399325084364,-0.0438695163104611,-0.1642294713160854,-0.0011404732964179,-0.1083605791686127,402.0,445.0,0.6222222222222222,0.0010926473935807,-4.677195831753484e-05,-0.0012903646252046
2014-05-29,451.5,456.5,447.5,455.5,189600.0,455.5,441.0,430.25,440.02,443.2733333333333,435.066,False,False,False,False,False,False,True,False,False,False,True,-0.0043907793633369,-0.0263446761800219,,,0.0339846322722283,0.0268422978412001,-0.0735455543358946,-0.1855104281009879,-0.0022258651546826,-0.1184195235328297,400.0,433.0,1.5747508305647842,0.001636289259579,0.0005436418659983,-0.0010853918582646
2014-05-30,455.5,465.5,447.5,455.5,364600.0,455.5,448.2,432.85,439.92,442.5,435.9645,False,False,False,False,False,False,False,False,False,True,False,-0.0098792535675082,-0.0395170142700329,,,0.0342041712403951,0.0285400658616904,-0.0493962678375411,-0.1942919868276619,-0.0017476459510357,-0.1286819914520042,419.5,423.0,1.9229957805907167,-0.0002273140571012,-0.0018636033166802,0.0004782192036468
2014-06-02,457.5,467.0,456.0,462.5,148100.0,462.5,451.7,437.1,440.02,441.5,436.943,False,False,False,False,False,False,True,False,False,False,False,-0.0129729729729729,-0.0745945945945946,,,0.0486054054054054,0.0454054054054054,-0.0778378378378378,-0.2043243243243243,-0.0022650056625141,-0.1405856783344773,458.0,419.5,0.4061985737794844,0.0002272623971636,0.0004545764542649,-0.0005173597114784
2014-06-03,463.0,465.5,452.0,456.0,101700.0,456.0,454.8,440.2,439.76,440.20666666666665,437.7964999999999,False,False,False,False,False,False,False,False,False,True,False,-0.0241228070175438,-0.0493421052631578,,,0.0356140350877193,0.0346345029239766,-0.087719298245614,-0.1535087719298245,-0.0029380139631385,-0.1456156292594274,465.5,432.0,0.6866981769074949,-0.0005912315808622,-0.0008184939780259,-0.0006730083006244
2014-06-04,458.0,458.0,450.0,456.5,107900.0,456.5,457.2,444.85,439.76,439.98,438.7565,False,False,False,False,False,False,False,False,False,False,False,-0.0383351588170865,-0.0306681270536692,,,0.036670317634173,0.0361883899233296,-0.1182913472070098,-0.1325301204819277,-0.0005151749321938,-0.1513993480948634,458.5,449.5,1.0609636184857425,0.0,0.0005912315808622,0.0024228390309447
2014-06-05,457.0,457.0,449.0,453.5,81400.0,453.5,456.8,448.9,440.04,439.9333333333333,439.368,False,True,False,False,False,False,True,False,False,False,False,-0.022050716648291,-0.01212789415656,,,0.0296802646085997,0.0299154722528483,-0.1113561190738699,-0.1289966923925027,-0.0001060766782847,-0.1563822677656493,445.0,468.0,0.7544022242817423,0.0006363057903827,0.0006363057903827,0.000409098253909
2014-06-06,455.0,459.5,448.5,451.0,106300.0,451.0,455.9,452.05,440.32,439.8666666666667,440.12799999999993,False,False,False,False,False,False,True,False,False,True,False,-0.0299334811529933,-0.0199556541019955,,,0.023680709534368,0.0246858832224685,-0.1042128603104212,-0.1330376940133037,-0.0001515610791147,-0.1597168454816944,450.0,477.5,1.305896805896806,0.0006359011627906,-4.0462759212395866e-07,-4.548440082999492e-05
2014-06-09,451.5,458.0,449.0,456.5,75800.0,456.5,454.7,453.2,440.8,439.7533333333333,441.022,False,False,False,False,False,False,True,False,False,False,False,-0.0624315443592552,-0.0460021905805038,,,0.0343921139101861,0.0366849215041987,-0.1292442497261774,-0.140197152245345,-0.0002577202371027,-0.1585392762577228,448.0,476.5,0.7130761994355598,0.0010889292196007,0.0004530280568101,-0.000106159157988
2014-06-10,459.5,459.5,444.0,445.0,125800.0,445.0,452.5,453.65,440.78,439.5933333333333,441.716,False,False,False,False,False,False,False,False,False,True,False,-0.0258426966292134,-0.0359550561797752,,,0.0094831460674157,0.0121498127340824,-0.1067415730337078,-0.149438202247191,-0.0003639727627048,-0.1587126639479775,430.0,467.5,1.6596306068601585,-4.537410953318811e-05,-0.0011343033291339,-0.000106252525602
2014-06-11,444.0,444.5,436.5,439.0,176900.0,439.0,449.0,453.1,440.5,439.7133333333333,442.3825,False,False,False,False,False,False,False,True,False,True,False,0.0079726651480637,-0.0125284738041002,,,-0.0034168564920273,-0.0016249050873196,-0.0990888382687927,-0.1503416856492027,0.0002729050745182,-0.1573604060913705,413.0,467.5,1.4062003179650238,-0.0006356413166855,-0.0005902672071523,0.0006368778372231
2014-06-12,430.0,446.5,425.0,443.5,151900.0,443.5,447.0,451.9,439.98,439.9,443.134,False,False,False,False,False,False,False,True,False,True,False,0.0101465614430665,-0.0529875986471251,,,0.0079368658399097,0.0081172491544532,-0.1206313416009019,-0.1623449830890642,0.0004243388648935,-0.1550121708342552,416.0,440.0,0.8586772187676653,-0.0011818719032682,-0.0005462305865827,0.0001514337903752
2014-06-13,436.0,439.5,432.0,437.5,203300.0,437.5,444.3,450.1,440.06,440.00666666666666,443.84649999999993,False,False,False,False,False,False,True,True,False,False,False,0.0102857142857142,-0.0491428571428571,,,-0.0058514285714285,-0.0057295238095237,-0.1097142857142857,-0.1657142857142857,0.0002424205693853,-0.1520773161519663,424.5,432.5,1.338380513495721,0.0001817933918101,0.0013636652950784,-0.0001819182955081
2014-06-16,438.0,438.5,423.5,428.0,198800.0,428.0,438.6,446.65,440.24,439.8466666666667,444.508,False,False,False,False,False,False,True,False,False,False,False,0.0175233644859813,-0.0070093457943925,,,-0.0285981308411215,-0.0276791277258567,-0.1074766355140186,-0.1892523364485981,-0.0003637631295753,-0.1502294861748572,428.5,436.5,0.9778652238071815,0.0004088678902417,0.0002270744984315,-0.0006061836989607
2014-06-17,428.0,437.5,427.5,433.5,155900.0,433.5,436.3,444.4,440.74,439.72,445.2754999999999,False,False,False,False,False,False,True,False,True,False,False,-0.0103806228373702,-0.021914648212226,,,-0.0167012687427912,-0.0143483275663207,-0.1014994232987312,-0.1880046136101499,-0.0002880621001243,-0.1535778577857786,428.0,429.0,0.78420523138833,0.0011344556881608,0.0007255877979191,7.570102945106763e-05
2014-06-18,433.0,445.0,432.0,442.5,284100.0,442.5,437.0,443.0,439.92,439.68666666666667,446.024,False,False,False,False,True,False,False,False,False,True,False,-0.0203389830508474,-0.03954802259887,,,0.0058305084745762,0.0063578154425612,-0.0485875706214689,-0.2090395480225988,-7.581156277961547e-05,-0.1612866817155755,432.5,420.0,1.8223220012828736,-0.0018639752682305,-0.0029984309563913,0.0002122505373447
2014-06-19,447.0,449.5,437.5,448.0,170700.0,448.0,437.9,442.45,440.44,439.88666666666666,446.838,False,False,False,False,False,False,True,True,True,False,False,-0.0625,-0.0580357142857142,,,0.016875,0.018110119047619,-0.0691964285714285,-0.1919642857142857,0.0004546625645999,-0.1677025652616114,437.5,452.5,0.600844772967265,0.0011806375442738,0.0030446128125044,0.0005304741273795
2014-06-20,444.0,446.5,435.0,442.0,152200.0,442.0,438.8,441.55,440.94,440.14,447.6114999999999,False,False,False,False,False,False,True,True,False,True,False,-0.0588235294117647,-0.0203619909502262,,,0.0023981900452488,0.0042081447963801,-0.0667420814479638,-0.1866515837104072,0.0005755744384362,-0.1731400747367228,458.0,415.0,0.8916227299355595,0.0011339411257767,-4.6696418497116886e-05,0.0001209118738363
2014-06-23,440.0,441.5,432.5,435.5,102400.0,435.5,440.3,439.45,441.56,440.35333333333335,448.3304999999999,False,False,False,False,False,False,True,True,False,False,False,-0.0241102181400688,-0.0206659012629161,,,-0.0139150401836969,-0.0111442786069652,-0.079219288174512,-0.2319173363949483,0.0004844594492302,-0.1823870747525315,460.0,413.0,0.6727989487516426,0.0014041126913669,0.0002701715655902,-9.111498920600892e-05
2014-06-24,435.0,435.0,427.5,429.0,185800.0,429.0,439.4,437.85,441.72,440.3133333333333,449.0554999999999,False,False,False,False,False,False,True,False,False,True,False,-0.0116550116550116,-0.0303030303030303,,,-0.0296503496503497,-0.0263714063714062,-0.0885780885780885,-0.2727272727272727,-9.084439868595996e-05,-0.1945871873929429,462.5,406.5,1.814453125,0.0003622204111202,-0.0010418922802467,-0.0005753038479161
2014-06-25,433.0,435.5,429.0,433.5,201100.0,433.5,437.6,437.3,442.66,440.1,449.874,False,False,False,False,False,False,True,False,True,False,False,-0.0196078431372549,-0.0715109573241061,,,-0.0211303344867359,-0.0152249134948097,-0.1014994232987312,-0.3091118800461361,-0.0004847383170489,-0.2103818888634804,456.5,402.0,1.0823466092572658,0.0021235259567162,0.0017613055455959,-0.000393893918363
2014-06-26,432.5,433.0,414.0,420.0,324800.0,420.0,432.0,434.95,442.94,439.46,450.66149999999993,False,False,False,False,False,False,True,False,False,True,False,0.0047619047619047,-0.0404761904761904,,,-0.0546190476190476,-0.0463333333333332,-0.1059523809523809,-0.2773809523809524,-0.0014563327720385,-0.2217496263938383,446.5,400.0,1.6151168572849328,0.0006321397931999,-0.0014913861635162,-0.0009715944549895
2014-06-27,420.5,421.5,413.0,416.0,173000.0,416.0,426.8,432.8,442.8,438.64,451.4289999999999,False,False,False,False,False,False,False,False,False,True,False,0.0408653846153846,-0.0288461538461538,,,-0.0644230769230769,-0.0544230769230768,-0.0997596153846153,-0.2824519230769231,-0.0018694145540762,-0.2332486136783733,444.0,419.5,0.5326354679802956,-0.0003161698283649,-0.0009483096215648,-0.0004130817820377
2014-06-30,420.5,425.5,416.5,425.0,132900.0,425.0,424.7,432.5,442.0,437.9533333333333,452.183,False,False,False,False,False,False,False,False,False,True,False,0.0035294117647058,-0.0647058823529411,,,-0.04,-0.0304784313725489,-0.1235294117647058,-0.2741176470588235,-0.0015678991673389,-0.2416184971098265,444.5,458.0,0.7682080924855491,-0.0018099547511312,-0.0014937849227663,0.0003015153867372
2014-07-01,425.0,426.0,421.0,424.0,156600.0,424.0,423.7,431.55,441.34,437.3733333333333,452.882,False,False,False,False,False,False,False,False,False,False,False,-0.0188679245283018,-0.0625,,,-0.0408962264150942,-0.0315408805031445,-0.1521226415094339,-0.2558962264150943,-0.0013260982227236,-0.2484069053412118,445.5,465.5,1.1783295711060948,-0.0014954456881316,0.0003145090629995,0.0002418009446153
2014-07-02,425.0,426.0,420.5,425.0,194000.0,425.0,422.0,429.8,440.56,436.8066666666667,453.5945,False,False,False,False,False,False,False,False,False,True,False,-0.0529411764705882,-0.0694117647058823,,,-0.0366117647058823,-0.0277803921568627,-0.1388235294117647,-0.2752941176470588,-0.0012972939973442,-0.2551186598417869,446.0,458.5,1.23882503192848,-0.0017704739422552,-0.0002750282541235,2.880422537940102e-05
2014-07-03,425.0,426.0,419.0,422.0,152900.0,422.0,422.4,427.2,439.22,436.56666666666666,454.353,False,False,False,False,False,False,False,False,False,True,False,-0.0450236966824644,-0.0758293838862559,,,-0.0408056872037915,-0.034518167456556,-0.1540284360189573,-0.2689573459715639,-0.0005497442162327,-0.2631086142322097,456.5,445.0,0.7881443298969072,-0.0030508628933108,-0.0012803889510555,0.0007475497811114
2014-07-04,424.5,435.5,421.5,433.0,264200.0,433.0,425.8,426.3,438.32,436.5733333333333,455.168,False,False,False,False,False,False,False,True,False,False,False,-0.0669745958429561,-0.1004618937644341,,,-0.0122863741339491,-0.0082525019245573,-0.1362586605080831,-0.2990762124711316,1.527043948323444e-05,-0.2746891860192353,435.5,450.0,1.7279267495094832,-0.0020532943967878,0.0009975684965229,0.0005650146557159
2014-07-07,430.5,433.0,425.5,426.5,102300.0,426.5,426.1,425.4,436.88,436.44,455.894,False,False,False,False,False,False,False,False,False,True,False,-0.0679953106682297,-0.104337631887456,,,-0.024337631887456,-0.023305978898007,-0.0762016412661195,-0.2391559202813599,-0.0003055020926893,-0.2755054066760695,423.5,448.0,0.3872066616199848,-0.003296099615455,-0.0012428052186672,-0.0003207725321725
2014-07-08,425.0,426.5,414.0,416.0,227400.0,416.0,424.5,424.1,435.28,436.26666666666665,456.585,False,False,True,False,False,False,False,False,False,True,False,-0.0444711538461538,-0.063701923076923,,,-0.0463461538461537,-0.0487179487179486,-0.063701923076923,-0.2596153846153846,-0.0003973105134474,-0.2742277764678142,421.0,430.0,2.222873900293255,-0.0036757948906451,-0.0003796952751901,-9.180842075814471e-05
2014-07-09,413.0,414.5,400.5,402.5,244100.0,402.5,420.0,421.0,433.12,436.03333333333336,457.2085,False,False,False,False,False,False,False,False,False,True,False,-0.017391304347826,0.0459627329192546,,,-0.0760745341614907,-0.0833126293995859,-0.0273291925465838,-0.2372670807453416,-0.0005351272838467,-0.2671021377672208,463.0,413.0,1.073438874230431,-0.004987070557813,-0.0013112756671678,-0.0001378167703992
2014-07-10,410.0,410.5,402.5,403.0,141400.0,403.0,416.2,419.3,431.1,435.3733333333333,457.825,False,False,False,False,False,False,False,False,False,False,False,-0.032258064516129,0.0347394540942928,,,-0.069727047146402,-0.080330851943755,-0.0272952853598014,-0.2406947890818858,-0.0015159403423883,-0.2635344621989029,435.0,416.0,0.5792707906595658,-0.004685687775458,0.0003013827823549,-0.0009808130585416
2014-07-11,401.5,406.5,395.5,404.0,175500.0,404.0,410.4,418.1,429.22,435.2266666666667,458.3115,False,False,False,False,False,False,False,False,False,False,False,-0.0358910891089108,0.021039603960396,,,-0.0624257425742574,-0.0772937293729373,-0.0371287128712871,-0.2487623762376237,-0.0003369891550761,-0.260224826596508,429.5,424.5,1.2411598302687412,-0.0043800382088439,0.0003056495666141,0.0011789511873122
2014-07-14,404.0,404.5,396.5,397.5,108100.0,397.5,404.6,415.35,426.86,435.02,458.799,False,False,False,False,False,False,False,False,False,True,False,-0.0389937106918239,0.0088050314465408,,,-0.0738616352201258,-0.0943899371069181,-0.0352201257861635,-0.2238993710691824,-0.0004750739429605,-0.2553268327916215,420.0,428.5,0.6159544159544159,-0.0055287447875181,-0.0011487065786742,-0.0001380847878844
2014-07-15,395.5,400.0,393.5,397.5,143400.0,397.5,400.9,412.7,424.96,434.9,459.30550000000005,False,False,False,False,False,False,False,False,False,False,False,-0.020125786163522,-0.0163522012578616,,,-0.0690817610062892,-0.0940880503144653,-0.0213836477987421,-0.1861635220125786,-0.0002759255001149,-0.2486067361279379,425.0,428.0,1.326549491211841,-0.0044710090361446,0.0010577357513735,0.0001991484428455
2014-07-16,400.5,401.5,394.5,395.5,177100.0,395.5,399.5,409.75,423.22,434.8133333333333,459.703,False,False,False,False,False,False,False,False,False,False,False,0.0644753476611883,-0.0151706700379266,,,-0.0700884955752213,-0.0994016013485038,-0.0151706700379266,-0.1997471554993679,-0.0001993192481065,-0.2411226357535082,410.0,432.5,1.2350069735006974,-0.0041113368933414,0.0003596721428032,7.660625200843209e-05
2014-07-17,397.0,397.0,389.0,390.0,170700.0,390.0,396.9,406.55,421.08,434.68,460.0295,False,False,False,False,False,False,False,False,False,True,False,0.0692307692307692,-0.0371794871794871,,,-0.0796923076923076,-0.1145641025641025,-0.0102564102564102,-0.191025641025641,-0.0003067390570839,-0.2334276226786374,413.0,437.5,0.96386222473179,-0.0050821696589722,-0.0009708327656308,-0.0001074198089774
2014-07-18,389.0,390.5,380.0,389.5,149600.0,389.5,394.0,402.2,419.16,434.28,460.4145,False,False,False,False,False,False,False,False,False,False,False,0.0590500641848523,-0.0385109114249037,,,-0.0761489088575096,-0.1149679075738125,-0.0012836970474967,-0.1771501925545571,-0.000921064750852,-0.2209099950273495,419.5,458.0,0.8763913298183948,-0.0045805897509303,0.0005015799080419,-0.000614325693768
2014-07-22,390.0,391.0,380.5,382.0,164000.0,382.0,390.9,397.75,417.32,433.26666666666665,460.5580000000001,False,False,False,False,False,False,False,False,False,False,False,0.0497382198952879,-0.0248691099476439,,,-0.0924607329842931,-0.1342059336823734,0.0196335078534031,-0.1138743455497382,-0.0023388213571318,-0.2086737900691389,445.0,460.0,1.0962566844919786,-0.004409086552286,0.0001715031986442,-0.0014177566062797
2014-07-23,385.5,395.5,383.0,389.5,273100.0,389.5,389.3,395.1,415.56,432.2533333333333,460.6830000000001,False,False,False,False,False,False,False,False,False,False,False,0.0038510911424903,-0.0770218228498074,,,-0.0669062901155327,-0.1097646555412921,0.0064184852374839,-0.1206675224646983,-0.0023443042660169,-0.1946342698051127,440.5,462.5,1.6652439024390244,-0.0042352488208682,0.0001738377314178,-5.482908885107163e-06
2014-07-24,408.5,437.5,403.5,421.0,797600.0,421.0,394.4,396.95,414.7,431.7533333333333,460.86550000000005,False,False,False,False,True,False,False,False,False,False,True,-0.0748218527315914,-0.1306413301662707,,,0.0149643705463183,-0.0255423594615992,-0.0831353919239905,-0.1923990498812351,-0.0011580686503095,-0.1900743166645673,444.5,456.5,2.9205419260344194,-0.0020737882806848,0.0021614605401833,0.0011862356157073
2014-07-25,421.0,426.0,412.0,417.0,424400.0,417.0,399.8,398.35,413.46,431.38,461.032,False,False,False,False,False,False,False,False,False,True,False,-0.0995203836930455,-0.1438848920863309,,,0.0084892086330935,-0.0344844124700239,-0.0503597122302158,-0.1786570743405275,-0.0008654395969522,-0.1837580017572487,455.5,446.5,0.5320962888665998,-0.0029990809268127,-0.0009252926461279,0.0002926290533573
2014-07-28,415.0,420.0,408.5,412.5,182600.0,412.5,404.4,399.2,412.28,430.88,461.2685,False,False,False,False,False,False,False,False,False,False,False,-0.0921212121212121,-0.0933333333333333,,,0.0005333333333333,-0.0445575757575757,-0.0581818181818181,-0.1357575757575757,-0.001160415893056,-0.1722194388777555,455.5,444.0,0.4302544769085768,-0.0028621325312894,0.0001369483955233,-0.0002949762961037
2014-07-29,410.0,413.0,398.0,401.0,275800.0,401.0,408.2,399.55,410.9,430.2533333333333,461.4575,False,False,False,False,False,True,False,False,False,True,False,-0.071072319201995,-0.0174563591022443,,,-0.0246882793017455,-0.0729509559434744,-0.0448877805486284,-0.1271820448877805,-0.0014565062443832,-0.1625578776123138,462.5,444.5,1.5104052573932092,-0.0033584813823314,-0.000496348851042,-0.0002960903513272
2014-07-30,399.0,399.0,389.5,391.0,232800.0,391.0,408.5,398.9,409.38,429.73333333333335,461.5975,False,False,False,False,False,False,False,False,False,True,False,-0.0805626598465473,-0.0038363171355498,,,-0.047007672634271,-0.0990622335890878,-0.0242966751918158,-0.0140664961636828,-0.0012100527458887,-0.1456505389822009,456.0,445.5,0.8440899202320522,-0.0037129317504518,-0.0003544503681204,0.0002464534984945
2014-07-31,392.5,392.5,387.5,389.5,154000.0,389.5,402.2,398.3,407.62,429.42,461.795,False,False,False,False,False,False,False,False,False,True,False,-0.0603337612323491,0.0051347881899871,,,-0.0465211810012837,-0.1024903722721438,-0.0192554557124518,0.0282413350449293,-0.0007296663716951,-0.1232739141350741,456.5,446.0,0.6615120274914089,-0.004317746921152,-0.0006048151707001,0.0004803863741935
2014-08-01,382.5,387.0,372.5,375.5,285800.0,375.5,393.9,396.85,405.84,428.88,461.9875,False,False,False,False,False,False,False,False,False,True,False,-0.0492676431424767,0.0439414114513981,,,-0.0807989347536617,-0.1421571238348868,0.0199733688415446,0.0772303595206391,-0.001259093452714,-0.0976439460753433,453.5,456.5,1.855844155844156,-0.0043859649122807,-6.821799112874394e-05,-0.0005294270810189
2014-08-04,375.5,385.5,373.0,374.5,121400.0,374.5,386.3,395.35,404.18,428.2133333333333,462.185,False,False,False,False,False,False,False,False,False,False,False,-0.0013351134846461,0.0387182910547396,,,-0.0792523364485981,-0.1434267912772585,0.0133511348464619,0.0881174899866488,-0.0015568563955661,-0.0722144934867838,451.0,435.5,0.4247725682295311,-0.0041070810035132,0.0002788839087675,-0.000297762942852
2014-08-05,376.0,379.0,372.5,372.5,125300.0,372.5,380.6,394.4,402.08,427.4666666666666,462.351,False,False,False,False,False,False,False,False,False,True,False,0.0577181208053691,0.0295302013422818,,,-0.0794093959731543,-0.1475615212527962,0.0134228187919463,0.0805369127516778,-0.0017467248908298,-0.0537525354969573,456.5,423.5,1.0321252059308073,-0.0052228412256267,-0.0011157602221135,-0.0001898684952637
2014-08-06,371.0,371.0,357.0,359.5,133600.0,359.5,374.3,391.4,399.5,426.5533333333333,462.4175,False,False,False,False,False,False,False,False,False,True,False,0.0834492350486787,0.082058414464534,,,-0.1112656467315716,-0.1865183124710244,0.0445062586926286,0.1335187760778859,-0.0021411937545909,-0.0298926928972917,445.0,421.0,1.066241021548284,-0.0064580725907383,-0.0012352313651115,-0.0003944688637611
2014-08-07,356.5,367.0,353.5,366.0,122700.0,366.0,369.6,385.9,397.14,425.6666666666667,462.4465,False,False,False,False,False,False,False,False,False,False,False,0.0696721311475409,0.064207650273224,,,-0.0850819672131147,-0.1630236794171221,0.0150273224043715,0.110655737704918,-0.002083007047768,0.0011661052086033,439.0,463.0,0.9184131736526946,-0.0059424887948834,0.0005155837958549,5.818670682293352e-05
2014-08-08,358.5,366.0,347.5,357.0,194700.0,357.0,365.9,379.9,394.54,424.5933333333333,462.4525,False,False,False,False,False,False,False,False,False,True,False,0.0980392156862745,0.0812324929971988,,,-0.1051540616246499,-0.1893370681605975,0.0392156862745098,0.1442577030812324,-0.0025279090580792,0.0343511450381679,443.5,435.0,1.58679706601467,-0.006589952856491,-0.0006474640616075,-0.0004449020103111
2014-08-11,364.5,375.0,362.5,374.0,181000.0,374.0,365.8,376.05,392.18,423.47333333333336,462.4985,False,False,False,False,False,False,False,False,False,False,False,0.0401069518716577,0.0401069518716577,,,-0.0486096256684492,-0.1322816399286988,-0.0187165775401069,0.124331550802139,-0.002644794634845,0.0619598457651908,437.5,429.5,0.9296353364149974,-0.0060176449589474,0.0005723078975435,-0.0001168855767658
2014-08-12,371.5,402.5,371.5,394.0,393200.0,394.0,370.1,375.35,390.88,422.5933333333333,462.577,False,False,False,False,True,False,False,False,False,False,False,-0.0266497461928934,-0.0114213197969543,,,0.0079187817258883,-0.0725719120135363,-0.065989847715736,0.1091370558375634,-0.0020823802236982,0.0871186892233914,428.0,420.0,2.1723756906077347,-0.0033258288988948,0.0026918160600526,0.0005624144111468
2014-08-13,395.0,395.0,380.5,389.5,144500.0,389.5,376.1,375.2,389.82,421.62,462.637,False,False,False,False,False,False,False,False,False,False,False,-0.0012836970474967,0.0064184852374839,,,-0.0008215661103979,-0.0824646983311938,-0.0089858793324775,0.1501925545571245,-0.002308555887608,0.1042110874200427,433.5,425.0,0.367497456765005,-0.0027192037350572,0.0006066251638376,-0.0002261756639097
2014-08-14,389.5,395.0,386.5,391.5,115400.0,391.5,381.2,375.4,389.38,420.7533333333333,462.693,False,False,False,False,False,False,False,False,False,False,False,-0.0051085568326947,-0.0140485312899106,,,0.0054150702426564,-0.0747211579395485,0.0114942528735632,0.3358876117496807,-0.0020597975060607,0.1362546616941929,442.5,410.0,0.7986159169550173,-0.0011300015409111,0.001589202194146,0.0002487583815473
2014-08-15,393.0,394.0,389.5,392.0,78000.0,392.0,388.2,377.05,388.94,420.0266666666666,462.534,False,False,False,False,False,False,False,False,False,True,True,-0.0153061224489795,0.010204081632653,,,0.0078061224489795,-0.0714965986394555,0.0076530612244897,0.2602040816326531,-0.001730048885785,0.155019228219069,448.0,413.0,0.6759098786828422,-0.0011312798889288,-1.278348017691444e-06,0.0003297486202756
2014-08-18,390.0,392.5,387.5,389.0,75800.0,389.0,391.2,378.5,388.34,419.29333333333335,462.0115,False,False,False,False,False,False,False,False,False,True,False,0.0,-0.0012853470437017,,,0.0016966580976864,-0.0778748928877464,0.0051413881748071,0.2879177377892031,-0.0017489744649725,0.1752972258916777,442.0,419.5,0.9717948717948718,-0.0015450378534274,-0.0004137579644985,-1.8925579187496072e-05
2014-08-19,390.0,391.0,382.0,383.5,100600.0,383.5,389.1,379.6,387.78,418.48,461.555,False,False,False,False,False,True,False,False,False,False,False,0.0156453715775749,-0.0013037809647979,,,-0.01116036505867,-0.0912125162972621,0.0234680573663624,0.2750977835723598,-0.0019435417064933,0.1946786090621706,435.5,445.0,1.3271767810026385,-0.0014441177987518,0.0001009200546755,-0.0001945672415207
2014-08-20,386.0,390.5,382.5,389.0,65000.0,389.0,389.0,382.55,387.44,417.7266666666667,461.0385,False,False,False,False,False,False,False,False,False,False,False,0.0077120822622107,-0.0192802056555269,,,0.0040102827763496,-0.0738474721508141,-0.0269922879177377,0.2249357326478149,-0.0018034121195678,0.2035028100901842,429.0,440.5,0.6461232604373758,-0.0008775552343588,0.000566562564393,0.0001401295869255
2014-08-21,389.0,390.0,382.5,389.5,74500.0,389.5,388.6,384.9,387.2,416.97333333333336,460.6025,False,False,False,False,False,False,False,False,False,False,False,-0.0089858793324775,-0.0192554557124518,,,0.0059050064184852,-0.0705348737697904,-0.042362002567394,0.1810012836970475,-0.001806670290666,0.2100545596258769,433.5,444.5,1.146153846153846,-0.0006198347107438,0.0002577205236149,-3.258171098250275e-06
2014-08-22,390.0,392.5,382.5,386.0,102400.0,386.0,387.4,387.8,387.04,416.03333333333336,460.0625,False,False,False,False,False,False,False,False,False,False,False,0.0259067357512953,-0.0077720207253886,,,-0.0026943005181347,-0.0778065630397237,-0.0375647668393782,0.1865284974093264,-0.002259434340197,0.2137699845281072,420.0,455.5,1.374496644295302,-0.000413393964448,0.0002064407462957,-0.000452764049531
2014-08-25,390.0,392.0,387.0,389.0,110000.0,389.0,387.4,389.3,387.02,415.41333333333336,459.619,False,False,False,False,False,False,False,False,False,False,False,-0.0012853470437017,-0.0244215938303341,,,0.0050899742930591,-0.0679005998286204,-0.0616966580976863,0.1722365038560411,-0.0014924894081396,0.2182121756999742,416.0,455.5,1.07421875,-5.167691592175767e-05,0.0003617170485262,0.0007669449320573
2014-08-26,390.0,391.5,385.0,389.5,132300.0,389.5,388.6,388.85,387.32,414.96,459.0875,False,False,False,False,False,False,True,False,False,False,False,-0.0166880616174582,-0.0308087291399229,,,0.005596919127086,-0.0653658536585365,-0.1091142490372272,0.1258023106546855,-0.0010924747766854,0.2200077150572199,425.0,462.5,1.2027272727272726,0.0007745533409067,0.0008262302568285,0.0004000146314542
2014-08-27,387.5,393.0,387.5,392.0,58400.0,392.0,389.2,389.1,387.42,414.5733333333333,458.675,False,False,False,False,False,False,True,False,False,True,False,-0.0267857142857142,-0.0420918367346938,,,0.0116836734693877,-0.0575850340136054,-0.1020408163265306,0.1084183673469387,-0.0009326858135271,0.2157543048059624,424.0,456.0,0.4414210128495843,0.0002581178049662,-0.0005164355359405,0.0001597889631582
2014-08-28,391.0,391.0,384.0,386.0,72000.0,386.0,388.5,388.55,386.02,413.5466666666667,458.0425,False,False,False,False,False,True,False,False,False,True,False,-0.0103626943005181,-0.0375647668393782,,,-5.181347150254355e-05,-0.0713644214162349,-0.0932642487046632,0.1632124352331606,-0.002482589631158,0.1984300604812764,425.0,456.5,1.2328767123287672,-0.0036267550904099,-0.0038848728953761,-0.0015499038176309
2014-08-29,387.0,397.5,380.0,396.0,163800.0,396.0,390.5,388.95,385.18,413.0266666666666,457.1015,False,False,False,False,False,False,False,False,False,False,False,-0.0328282828282828,-0.0631313131313131,,,0.0273232323232323,-0.0429966329966327,-0.0858585858585858,0.1123737373737373,-0.0012589986118735,0.183442601876848,422.0,453.5,2.275,-0.0021807985876732,0.0014459565027366,0.0012235910192844
2014-09-01,399.0,399.0,386.5,388.5,62900.0,388.5,390.4,388.9,384.22,412.48,456.2105,False,False,False,False,False,False,False,False,False,True,False,-0.0231660231660231,-0.0553410553410553,,,0.0110167310167309,-0.0617245817245817,-0.0746460746460746,0.1634491634491634,-0.0013253167830357,0.1709951144253021,433.0,451.0,0.384004884004884,-0.0024985685284471,-0.0003177699407739,-6.63181711621475e-05
2014-09-02,388.5,388.5,382.0,383.0,71300.0,383.0,389.1,388.85,383.5,411.9866666666667,455.4545,False,False,False,False,False,False,False,False,False,False,False,-0.0143603133159268,-0.0391644908616188,,,-0.0013054830287206,-0.0756832027850304,-0.1266318537859007,0.185378590078329,-0.0011974497556555,0.162144785907162,426.5,456.5,1.1335453100158983,-0.001877444589309,0.0006211239391381,0.0001278670273801
2014-09-03,384.0,388.5,381.0,381.5,54600.0,381.5,387.0,388.1,383.12,411.4066666666667,454.7285,False,False,False,False,False,False,False,False,False,False,False,-0.0157273918741808,0.0117955439056356,,,-0.0042463958060288,-0.0783923110528615,-0.182175622542595,0.2765399737876802,-0.0014097972808737,0.1670961092501931,416.0,445.0,0.7657784011220197,-0.0009918563374399,0.0008855882518691,-0.0002123475252181
2014-09-04,386.0,392.5,380.5,382.0,134900.0,382.0,386.2,387.35,382.82,411.03333333333336,453.9385,False,False,False,False,False,False,False,False,False,False,False,-0.0274869109947644,0.0366492146596858,,,-0.0021465968586387,-0.0760034904013962,-0.2159685863874345,0.2604712041884817,-0.0009082799448544,0.1749064153866012,402.5,439.0,2.470695970695971,-0.0007836581160859,0.000208198221354,0.0005015173360192
2014-09-05,381.0,384.0,376.5,383.0,49400.0,383.0,383.6,387.05,383.12,410.6333333333333,453.141,False,False,False,False,False,False,True,False,False,False,False,-0.031331592689295,0.031331592689295,,,-0.0003133159268929,-0.0721496953872932,-0.2075718015665796,0.2624020887728459,-0.0009741050409936,0.1824053739826895,403.0,443.5,0.3661971830985915,0.0007830444769263,0.0015667025930122,-6.582509613923464e-05
2014-09-08,382.5,383.0,377.5,379.5,46500.0,379.5,381.8,386.1,383.32,410.1,451.9595,False,False,False,False,False,False,True,False,False,True,False,-0.0329380764163372,0.0303030303030303,,,-0.0100658761528326,-0.0806324110671937,-0.2134387351778656,0.2964426877470356,-0.001300495814029,0.1946386946386945,404.0,437.5,0.9412955465587044,0.000521757278514,-0.0002612871984123,-0.0003263907730353
2014-09-09,386.0,386.0,377.0,377.5,68000.0,377.5,380.7,384.9,383.52,409.2,450.922,False,False,False,False,False,False,True,False,False,True,False,-0.0251655629139072,0.0397350993377483,,,-0.0159470198675496,-0.0839735099337748,-0.1827814569536424,0.343046357615894,-0.0021994134897361,0.2161600415692389,397.5,428.0,1.4623655913978495,0.0005214851898205,-2.720886934261388e-07,-0.0008989176757071
2014-09-10,377.5,380.5,373.5,375.5,40500.0,375.5,379.5,383.25,384.16,408.3333333333333,450.0495,False,False,False,False,False,False,True,False,True,False,False,0.0279627163781624,0.0079893475366178,,,-0.0230625832223702,-0.087438970261873,-0.1597869507323568,0.3129161118508655,-0.0021224489795918,0.2366601435094585,397.5,433.5,0.5955882352941176,0.0016659725114536,0.001144487321633,7.696451014429844e-05
2014-09-11,378.0,379.5,370.0,371.5,88600.0,371.5,377.4,381.8,384.38,407.36,449.1360000000001,False,False,False,False,False,False,True,False,False,True,False,0.0659488559892328,0.0040376850605652,,,-0.0346702557200538,-0.0965275908479139,-0.17092866756393,0.2987886944818304,-0.0023893689447498,0.250130958617077,395.5,442.5,2.1876543209876544,0.0005723502783702,-0.0010936222330833,-0.0002669199651579
2014-09-12,370.0,371.5,365.5,371.0,68000.0,371.0,375.0,379.3,384.94,406.23333333333335,448.3535,False,False,False,False,False,False,True,False,True,False,False,0.0646900269541779,0.0013477088948787,,,-0.0375741239892183,-0.0949685534591195,-0.1684636118598382,0.3477088948787062,-0.0027734471157791,0.2740574742947534,390.0,448.0,0.7674943566591422,0.0014547721722865,0.0008824218939163,-0.0003840781710292
2014-09-16,374.5,374.5,366.0,367.0,49800.0,367.0,372.5,377.15,384.66,405.0533333333333,447.572,False,False,False,False,False,False,False,False,False,True,False,0.0653950953678474,-0.0054495912806539,,,-0.0481198910081744,-0.1036875567665757,-0.1730245231607629,0.3664850136239782,-0.0029131966160836,0.2944451809624818,389.5,442.0,0.7323529411764705,-0.0007279155617947,-0.0021826877340813,-0.0001397495003045
2014-09-17,371.0,371.0,367.5,368.0,23000.0,368.0,370.6,375.65,383.62,403.79333333333335,446.77850000000007,False,False,False,False,False,False,False,False,False,True,False,0.0665760869565217,-0.0570652173913043,,,-0.042445652173913,-0.0972644927536232,-0.1182065217391304,0.3804347826086957,-0.003120408129571,0.3139890855849861,382.0,435.5,0.4618473895582329,-0.0027110161096919,-0.0019831005478971,-0.0002072115134874
2014-09-18,369.0,388.0,368.5,386.0,89900.0,386.0,372.7,376.1,383.48,402.86,446.1045,False,False,False,False,True,False,False,False,False,False,False,-0.0194300518134715,-0.0880829015544041,,,0.0065284974093263,-0.0436787564766839,-0.2020725388601036,0.2966321243523316,-0.0023167684389945,0.3160063812815739,389.5,429.0,3.908695652173913,-0.0003650777093981,0.0023459384002938,0.0008036396905765
2014-09-19,387.0,397.0,381.5,396.0,198200.0,396.0,377.6,377.5,383.66,402.0533333333333,445.343,False,False,False,False,False,False,True,False,False,False,False,-0.058080808080808,-0.1161616161616161,,,0.0311616161616161,-0.0152861952861951,-0.2247474747474747,0.2815656565656566,-0.0020063673144526,0.3180132450331126,421.0,433.5,2.2046718576195774,0.0004691654068706,0.0008342431162687,0.0003104011245418
2014-09-22,395.0,397.5,389.5,395.0,53100.0,395.0,382.4,378.7,383.78,401.2733333333333,444.6265,False,False,False,False,False,False,True,False,False,True,False,-0.0594936708860759,-0.0835443037974683,,,0.0284050632911393,-0.0158818565400843,-0.2253164556962025,0.2835443037974683,-0.0019438121978368,0.320042249801954,417.0,420.0,0.2679112008072654,0.0003126791390899,-0.0001564862677807,6.255511661581417e-05
2014-09-24,392.5,395.0,388.5,391.0,56400.0,391.0,387.2,379.85,383.86,400.47333333333336,443.9065,False,False,False,False,False,False,True,False,False,True,False,-0.0664961636828644,-0.0805626598465473,,,0.0182608695652173,-0.024228473998295,-0.2237851662404092,0.2928388746803069,-0.0019976361305787,0.3195998420429116,412.5,416.0,1.0621468926553672,0.0002084093158965,-0.0001042698231934,-5.382393274188323e-05
2014-09-25,393.5,393.5,389.5,392.5,44200.0,392.5,392.1,381.35,384.22,399.62,443.2065,False,False,False,False,False,False,True,False,False,False,False,-0.1159235668789809,-0.1477707006369426,,,0.0210955414012738,-0.018140127388535,-0.2140127388535032,0.3184713375796178,-0.0021353619271641,0.3171627114199554,401.0,425.0,0.7836879432624113,0.0009369631981677,0.0007285538822712,-0.0001377257965854
2014-09-26,385.0,393.0,377.5,378.5,79400.0,378.5,390.6,381.65,383.8,398.73333333333335,442.3825,False,False,False,False,False,False,False,False,False,True,False,-0.0700132100396301,-0.1756935270805812,,,-0.014002642007926,-0.0534566270365478,-0.1453104359313078,0.3302509907529722,-0.0022237084099648,0.3188785536486311,391.0,424.0,1.7963800904977376,-0.0010943199583116,-0.0020312831564794,-8.834648280067357e-05
2014-09-29,378.0,378.0,371.5,373.0,54400.0,373.0,386.0,381.8,383.14,397.85333333333335,441.5725,False,False,False,False,False,False,False,False,False,True,False,-0.0616621983914209,-0.1970509383378016,,,-0.0271849865951742,-0.0666309204647006,-0.1514745308310991,0.3471849865951742,-0.0022118703709909,0.3235987427972761,389.5,425.0,0.6851385390428212,-0.0017226079239965,-0.0006282879656848,1.183803897388848e-05
2014-09-30,373.0,373.0,367.5,371.5,62100.0,371.5,381.3,381.85,382.56,396.8933333333333,440.7635,False,False,False,False,False,False,False,False,False,False,False,-0.02557200538358,-0.1830417227456258,,,-0.0297711978465679,-0.0683535217586361,-0.1507402422611036,0.3660834454912516,-0.0024187859038533,0.3253895508707607,375.5,422.0,1.1415441176470589,-0.0015161020493516,0.0002065058746448,-0.0002069155328623
2014-10-01,370.0,370.0,364.0,365.0,92900.0,365.0,376.1,381.65,381.6,395.9266666666667,440.001,False,False,False,False,False,False,False,False,False,True,False,-0.0150684931506849,-0.1821917808219178,,,-0.0454794520547945,-0.0847305936073059,-0.121917808219178,0.3780821917808219,-0.002441529576184,0.326477138739683,374.5,433.0,1.49597423510467,-0.0025157232704401,-0.0009996212210885,-2.274367233072276e-05
2014-10-02,358.5,359.0,345.5,347.0,148000.0,347.0,367.0,379.55,379.9,394.8466666666667,439.0735,False,False,False,False,False,False,False,False,False,True,False,-0.0360230547550432,-0.1109510086455331,,,-0.0948126801152737,-0.1378866474543708,-0.0244956772334293,0.4438040345821326,-0.0027352389957282,0.3319720721907522,372.5,426.5,1.5931108719052745,-0.0044748618057384,-0.0019591385352982,-0.0002937094195441
2014-10-03,352.0,364.5,348.5,352.0,133800.0,352.0,361.7,376.15,378.3,393.76,438.167,False,False,False,False,False,False,False,False,False,False,False,-0.1136363636363636,-0.1036931818181818,,,-0.0747159090909091,-0.1186363636363636,-0.0269886363636363,0.4332386363636363,-0.0027597182717053,0.3450751030174133,359.5,416.0,0.904054054054054,-0.0042294475284165,0.0002454142773219,-2.4479275977098373e-05
2014-10-06,359.5,359.5,347.5,350.0,148100.0,350.0,357.1,371.55,376.86,392.5266666666666,437.221,False,False,False,False,False,False,False,False,False,False,False,-0.1442857142857143,-0.12,,,-0.0767428571428571,-0.1215047619047616,-0.0285714285714285,0.3828571428571428,-0.0031420370590534,0.3554030413134167,366.0,402.5,1.1068759342301944,-0.0038210476038847,0.0004083999245317,-0.0003823187873481
2014-10-07,358.0,406.0,347.5,362.0,2018100.0,362.0,355.2,368.25,375.5,391.38,436.377,False,False,False,False,False,False,False,False,False,False,False,-0.1616022099447513,-0.1477900552486188,,,-0.037292817679558,-0.0811602209944751,-0.0538674033149171,0.3674033149171271,-0.0029298039416081,0.3642905634758994,357.0,403.0,13.62660364618501,-0.0036218375499334,0.0001992100539512,0.0002122331174453
2014-10-08,350.5,364.5,330.5,359.5,1063700.0,359.5,354.1,365.1,374.34,390.28,435.462,False,False,False,False,False,False,False,False,False,False,False,-0.1696801112656467,-0.1557719054242002,,,-0.041279554937413,-0.0856189151599443,-0.0083449235048678,0.3059805285118219,-0.0028184892897407,0.3662010408107367,374.0,404.0,0.5270799266636935,-0.0030987871988032,0.0005230503511301,0.0001113146518673
2014-10-09,359.5,360.0,332.0,334.5,571800.0,334.5,351.6,359.3,372.4,388.9333333333333,434.468,False,False,False,False,False,False,False,False,False,True,False,-0.077727952167414,-0.0298953662182361,,,-0.113303437967115,-0.162730443447932,0.046337817638266,0.3273542600896861,-0.0034624614329791,0.3677984970776509,394.0,397.5,0.537557582025007,-0.0052094522019333,-0.0021106650031301,-0.0006439721432383
2014-10-10,325.0,325.5,307.0,312.0,451600.0,312.0,343.6,352.65,369.62,387.3733333333333,433.547,False,False,False,False,False,False,False,False,False,True,False,0.0112179487179487,-0.0128205128205128,,,-0.1846794871794872,-0.2415811965811964,0.235576923076923,0.4022435897435897,-0.0040271228444566,0.374875939316603,389.5,397.5,0.7897866386848549,-0.0075212380282451,-0.0023117858263117,-0.0005646614114775
2014-10-14,303.5,305.5,293.5,299.5,348900.0,299.5,333.5,345.3,366.32,385.5866666666666,432.5155,False,False,False,False,False,False,False,False,False,True,False,0.028380634390651,0.025041736227045,,,-0.2231051752921535,-0.2874346132442958,0.337228714524207,0.4891485809682804,-0.0046336318683219,0.3877787431219229,391.5,395.5,0.7725863596102746,-0.0090085171434811,-0.0014872791152359,-0.0006065090238652
2014-10-15,303.0,310.5,297.0,303.5,312400.0,303.5,321.8,338.5,363.14,384.03333333333336,431.4745,False,False,False,False,False,False,False,False,False,False,False,0.0164744645799011,0.0082372322899505,,,-0.1965074135090609,-0.2653487095002746,0.3327841845140032,0.4250411861614497,-0.0040447877788383,0.3935007385524371,392.0,390.0,0.8953854972771568,-0.0087569532411742,0.0002515639023069,0.0005888440894835
2014-10-16,296.5,301.0,293.0,298.5,305000.0,298.5,309.6,331.85,359.9,382.4666666666666,430.4295,False,False,False,False,False,False,False,False,False,True,False,0.016750418760469,0.016750418760469,,,-0.2056951423785593,-0.281295365717476,0.3651591289782244,0.4422110552763819,-0.0040962175352974,0.3995781226457736,389.0,389.5,0.9763124199743918,-0.0090025006946374,-0.0002455474534632,-5.142975645911364e-05
2014-10-17,299.5,315.0,299.0,308.5,582000.0,308.5,304.4,328.0,357.14,380.91333333333336,429.4385,False,False,False,False,False,False,False,False,False,False,False,0.0518638573743922,0.0,,,-0.1576661264181523,-0.2347271745002702,0.3047001620745543,0.4213938411669368,-0.0040779179865933,0.3969512195121951,383.5,382.0,1.908196721311476,-0.0077280618244945,0.0012744388701428,1.8299548704132744e-05
2014-10-20,311.0,317.0,304.5,315.5,293000.0,315.5,305.1,324.35,354.74,379.4666666666666,428.6575,False,False,False,False,False,False,False,False,False,False,False,-0.0237717908082408,0.0253565768621236,,,-0.1243740095087163,-0.2027469624933964,0.2916006339144215,0.3898573692551506,-0.0038123682361211,0.3923231077539694,389.0,389.5,0.5034364261168385,-0.0067655184078479,0.0009625434166466,0.0002655497504721
2014-10-21,321.5,323.0,300.5,308.0,517300.0,308.0,306.8,320.15,352.2,377.9066666666667,427.8725,False,False,False,False,False,False,False,False,False,True,False,-0.0032467532467532,0.0275974025974025,,,-0.1435064935064934,-0.226969696969697,0.3198051948051948,0.5422077922077922,-0.0041280033870794,0.4077776042480088,389.5,421.0,1.7655290102389078,-0.0072118114707553,-0.0004462930629073,-0.0003156351509582
2014-10-22,307.0,317.5,305.5,308.5,433900.0,308.5,307.8,314.8,349.7,376.3933333333333,426.9925,False,False,False,False,False,False,False,False,False,False,False,-0.0081037277147487,0.0226904376012965,,,-0.1335494327390599,-0.2200756347920042,0.3241491085899514,0.5364667747163695,-0.004020616730725,0.4250317662007624,386.0,417.0,0.8387782717958632,-0.0071489848441521,6.282662660318013e-05,0.0001073866563543
2014-10-23,305.0,310.0,297.5,303.5,269400.0,303.5,308.8,309.2,347.16,374.6666666666667,426.0925,False,False,False,False,False,False,False,False,False,True,False,0.0,0.0560131795716639,,,-0.1438550247116969,-0.2344865458539264,0.385502471169687,0.5420098846787479,-0.0046085409252668,0.4503557567917206,389.0,412.5,0.6208803871859876,-0.0073165111187923,-0.0001675262746402,-0.0005879241945417
2014-10-24,310.5,327.0,309.0,324.5,536700.0,324.5,312.0,308.2,345.42,373.3066666666667,424.9225,False,False,False,False,False,False,False,False,False,False,False,-0.049306625577812,0.0431432973805855,,,-0.0644684129429892,-0.1504057524396507,0.3466872110939907,0.4314329738058551,-0.0036431173655261,0.4617131732641142,389.5,401.0,1.9922048997772828,-0.0050373458398471,0.0022791652789452,0.0009654235597406
2014-10-27,323.0,324.0,306.0,308.0,353500.0,308.0,310.5,307.8,342.3,371.8666666666667,423.6975,False,False,False,False,False,False,False,False,False,True,False,0.0503246753246753,0.112012987012987,,,-0.1113636363636364,-0.2073593073593073,0.4545454545454545,0.5243506493506493,-0.0038723556830405,0.4740090968161142,392.0,391.0,0.6586547419414943,-0.0091148115687993,-0.0040774657289521,-0.0002292383175143
2014-10-28,307.5,311.5,305.5,307.0,166800.0,307.0,310.3,308.55,338.74,370.5933333333333,422.6275,False,False,False,False,False,False,False,False,False,True,True,0.0309446254071661,0.1074918566775244,,,-0.1033876221498371,-0.2071444082519,0.7035830618892508,0.5472312703583062,-0.0034359315691954,0.4798249878463782,386.0,389.5,0.4718528995756718,-0.0105095353368365,-0.0013947237680372,0.000436424113845
2014-10-29,308.5,309.0,305.5,306.0,300300.0,306.0,309.8,308.8,335.18,369.3,421.5675,False,False,False,False,False,False,False,False,False,True,False,0.0310457516339869,0.119281045751634,,,-0.095359477124183,-0.2068627450980392,0.6143790849673203,0.5277777777777778,-0.0035021211300657,0.4899611398963731,396.0,375.5,1.8003597122302155,-0.0106211587803568,-0.0001116234435203,-6.618956087034271e-05
2014-10-30,305.5,310.5,301.0,303.5,558800.0,303.5,309.8,309.3,331.68,367.96,420.505,False,False,False,False,False,False,False,False,False,False,False,0.0560131795716639,0.1746293245469522,,,-0.0928500823723229,-0.2123887973640856,0.6507413509060955,0.4991762767710049,-0.0036417001848027,0.4954736501778208,388.5,374.5,1.8608058608058609,-0.010552339604438,6.881917591881719e-05,-0.0001395790547369
2014-10-31,304.0,310.0,300.5,308.5,355700.0,308.5,306.6,309.3,328.32,366.7733333333333,419.4725,False,False,False,False,False,False,False,False,False,False,False,0.0972447325769854,0.1345218800648298,,,-0.0642463533225283,-0.1888924905456509,0.5850891410048622,0.5170178282009724,-0.0032354224225679,0.5050113158745554,383.0,372.5,0.6365425912670007,-0.010233918128655,0.000318421475783,0.0004062777622348
2014-11-04,324.5,326.5,317.5,323.5,670500.0,323.5,309.7,310.1,326.12,365.7866666666667,418.3775,False,False,False,False,False,False,False,False,False,False,True,0.0587326120556414,0.1916537867078825,,,-0.0080989180834621,-0.1307161257083978,0.472952086553323,0.4621329211746522,-0.0026973828096521,0.5122541115769105,381.5,359.5,1.885015462468372,-0.0067459830737151,0.0034879350549398,0.0005380396129158
2014-11-05,319.5,321.5,313.5,316.5,214900.0,316.5,311.6,310.95,323.86,364.73333333333335,417.27,False,False,False,False,False,False,False,False,False,True,False,0.0742496050552922,0.2654028436018957,,,-0.0232543443917851,-0.1523959978936282,0.4533965244865718,0.4849921011058452,-0.0028879546700786,0.5065123010130246,382.0,366.0,0.3205070842654735,-0.0069783239671462,-0.0002323408934311,-0.0001905718604264
2014-11-06,319.5,325.0,315.0,315.5,247700.0,315.5,313.5,311.65,321.62,363.74,416.125,False,False,False,False,False,False,False,False,False,False,False,0.0855784469096671,0.2820919175911252,,,-0.0193977812995245,-0.1529001584786054,0.4516640253565768,0.4643423137876387,-0.002730888363483,0.4992780362586235,383.0,357.0,1.1526291298278268,-0.0069647409986941,1.3582968452129952e-05,0.0001570663065955
2014-11-07,320.0,322.0,315.0,320.5,202700.0,320.5,316.9,313.35,319.84,362.82,415.1075,False,False,False,False,True,False,False,False,False,False,False,0.1123244929797191,0.2714508580343214,,,0.0020592823712949,-0.1320436817472698,0.422776911076443,0.4742589703588143,-0.0025356926299542,0.4925801819052177,379.5,374.0,0.818328623334679,-0.0055652826413207,0.0013994583573733,0.0001951957335287
2014-11-10,324.0,339.0,321.5,338.5,259800.0,338.5,322.9,314.75,319.5,362.24,414.185,False,False,False,False,False,False,False,False,False,False,False,0.0339734121122599,0.1890694239290989,,,0.0561299852289512,-0.0701329394387001,0.2954209748892171,0.3500738552437223,-0.0016011484098939,0.4835583796664018,377.5,394.0,1.281697089294524,-0.0010641627543035,0.0045011198870172,0.0009345442200603
2014-11-11,347.5,347.5,336.5,342.5,222800.0,342.5,326.7,318.2,319.12,361.6133333333333,413.3025,False,False,False,False,False,False,False,False,False,True,False,0.1255474452554744,0.1897810218978102,,,0.0682627737226277,-0.0558053527980533,0.2686131386861314,0.3576642335766423,-0.0017329744478449,0.4660590823381521,375.5,389.5,0.8575827559661278,-0.0011907746302331,-0.0001266118759296,-0.000131826037951
2014-11-12,344.5,344.5,333.0,340.0,206900.0,340.0,331.4,321.5,318.72,360.53333333333336,412.3775,False,False,False,False,False,False,False,False,False,True,False,0.1779411764705882,0.1955882352941176,,,0.0625882352941175,-0.0603921568627451,0.3205882352941177,0.363235294117647,-0.0029955621301773,0.447433903576983,371.5,391.5,0.9286355475763016,-0.0012550200803212,-6.424545008808691e-05,-0.0012625876823323
2014-11-13,337.5,342.5,333.5,342.5,130200.0,342.5,336.8,325.15,317.94,359.54,411.3375,False,False,False,False,False,False,False,False,False,True,False,0.181021897810219,0.1927007299270073,,,0.0717080291970803,-0.0497518248175183,0.2861313868613138,0.3284671532846715,-0.0027627894902746,0.427341227125942,371.0,392.0,0.6292895118414693,-0.002453293074165,-0.0011982729938438,0.0002327726399026
2014-11-14,337.5,357.5,335.0,356.5,636500.0,356.5,344.0,330.45,317.82,358.7933333333333,410.425,False,False,False,False,False,False,False,False,False,False,False,0.1430575035063113,0.1795231416549789,,,0.1084992987377279,-0.0064329125759699,0.2678821879382889,0.3141654978962132,-0.0020810494435052,0.4085338175215615,367.0,389.0,4.88863287250384,-0.0003775722106853,0.0020757208634797,0.0006817400467693
2014-11-17,358.0,365.0,348.5,350.0,426500.0,350.0,346.3,334.6,318.44,358.11333333333334,409.6325,False,False,False,False,False,False,True,False,True,False,False,0.15,0.2485714285714285,,,0.0901714285714285,-0.0231809523809524,0.2971428571428571,0.4371428571428571,-0.0018988402181803,0.4015242080095635,368.0,383.5,0.6700706991358995,0.0019469915839718,0.0023245637946571,0.0001822092253249
2014-11-18,360.0,392.5,357.5,385.5,1276100.0,385.5,354.9,340.8,321.38,358.04,409.0725,False,False,False,False,False,False,True,False,False,False,False,0.0570687418936446,0.1621271076523995,,,0.1663294422827496,0.0712321660181581,0.2632944228274967,0.304798962386511,-0.0002048188284362,0.3848298122065727,386.0,389.0,2.9920281359906213,0.0091480490385213,0.0072010574545494,0.001694021389744
2014-11-19,384.0,404.5,375.5,400.5,824600.0,400.5,367.0,349.2,325.42,358.18666666666667,408.435,False,False,False,False,False,False,True,True,False,False,False,0.0149812734082397,0.3058676654182272,,,0.187465667915106,0.1056512692467748,0.2022471910112359,0.3333333333333333,0.0004094699225729,0.3698453608247424,396.0,389.5,0.646187602852441,0.0124147255853973,0.003266676546876,0.0006142887510091
2014-11-20,411.0,420.0,402.5,404.5,698900.0,404.5,379.4,358.1,329.46,358.5733333333333,407.9275,False,False,False,False,False,False,True,True,False,True,False,0.0098887515451174,0.2212608158220024,,,0.185512978986403,0.1135393489905233,0.1953028430160692,0.3671199011124845,0.0010783475253783,0.3612119519687237,395.0,386.0,0.8475624545234053,0.0122624901353729,-0.0001522354500244,0.0006688776028054
2014-11-21,404.0,410.0,397.5,407.5,333700.0,407.5,389.6,366.8,333.82,359.0133333333333,407.415,False,False,False,False,False,False,True,True,False,False,False,0.0319018404907975,0.2294478527607362,,,0.1808098159509202,0.1189856850715746,0.207361963190184,0.4085889570552147,0.0012255812226101,0.35659760087241,391.0,389.0,0.4774645872084704,0.0130609310406806,0.0007984409053077,0.0001472336972317
2014-11-25,411.0,412.0,399.0,402.5,300800.0,402.5,400.1,373.2,337.58,359.41333333333336,407.0525,False,False,False,False,False,False,True,True,False,True,False,0.0857142857142857,0.2149068322981366,,,0.1612919254658385,0.1070476190476189,0.2596273291925466,0.4795031055900621,0.0011129247662858,0.3704448017148982,392.5,389.5,0.9014084507042254,0.0111381005983766,-0.0019228304423039,-0.0001126564563242
2014-11-26,400.0,410.0,396.0,407.5,204100.0,407.5,404.5,379.7,341.26,360.05333333333334,406.9125,False,False,False,False,False,False,True,True,False,True,False,0.0993865030674846,0.1693251533742331,,,0.1625521472392638,0.1164335378323108,0.2098159509202454,0.4687116564417178,0.0017775144423048,0.3821437977350539,378.5,392.0,0.6785239361702128,0.0107835667819258,-0.0003545338164508,0.0006645896760189
2014-11-27,406.0,411.0,406.0,406.5,93200.0,406.5,405.7,386.35,345.2,360.5933333333333,406.5325,False,False,False,False,False,False,True,True,False,False,False,0.2865928659286593,0.1316113161131611,,,0.15079950799508,0.1129315293152932,0.1869618696186961,0.5067650676506765,0.0014975318456616,0.3969198912902809,373.0,386.0,0.4566389024987751,0.0114136732329084,0.0006301064509826,-0.0002799825966431
2014-11-28,406.5,411.0,401.0,408.5,126000.0,408.5,406.5,392.95,349.2,361.28,405.9275,False,False,False,False,False,False,True,True,False,False,False,0.2093023255813953,0.1211750305997552,,,0.1451652386780906,0.115593635250918,0.2239902080783353,0.4675642594859241,0.0019006495423678,0.4102303091996437,371.5,396.0,1.351931330472103,0.0114547537227949,4.1080489886508725e-05,0.0004031176967062
2014-12-01,417.5,428.5,410.5,420.5,402400.0,420.5,409.1,399.35,353.88,361.9,405.4625,False,False,False,False,False,False,True,True,False,False,False,0.1914387633769322,0.084423305588585,,,0.1584304399524375,0.1393579072532699,0.1926278240190249,0.3900118906064209,0.0017131804365847,0.4166771002879679,365.0,388.5,3.193650793650794,0.0132248219735503,0.0017700682507554,-0.0001874691057831
2014-12-02,424.0,444.0,423.0,437.0,472800.0,437.0,416.0,408.05,358.38,362.47333333333336,404.96,False,False,False,False,False,False,True,True,False,True,False,0.1189931350114416,0.0034324942791762,,,0.1799084668192219,0.1705415713196033,0.1624713958810068,0.3215102974828375,0.0015817255522246,0.4047298125229752,347.0,383.0,1.1749502982107356,0.0125565042692114,-0.0006683177043389,-0.00013145488436
2014-12-03,444.0,451.5,429.0,448.0,619200.0,448.0,424.1,414.3,363.98,363.2533333333333,404.435,True,True,False,False,False,False,True,True,False,False,False,0.0636160714285714,-0.0301339285714285,,,0.1875446428571428,0.1891666666666668,0.1171875,0.2622767857142857,0.0021472617824105,0.3986241853729182,352.0,381.5,1.3096446700507614,0.0153854607396011,0.0028289564703896,0.0005655362301859
2014-12-04,463.0,523.0,462.5,523.0,1341600.0,523.0,447.4,426.55,372.62,365.00666666666666,404.6825,False,False,False,False,False,False,True,True,False,False,False,-0.1204588910133843,-0.141491395793499,,,0.2875334608030592,0.3020905035054175,-0.0296367112810707,0.0831739961759082,0.0048035652316854,0.3660766615871528,350.0,382.0,2.1666666666666665,0.0231871611829745,0.0078017004433734,0.0026563034492748
2014-12-05,508.0,515.0,482.5,494.0,759800.0,494.0,464.5,435.5,380.14,366.3666666666667,404.8675,False,False,False,False,False,False,True,True,False,True,False,-0.0728744939271255,-0.1082995951417004,,,0.2304858299595142,0.2583670715249662,0.0263157894736842,0.1923076923076923,0.003712128104813,0.3462686567164178,362.0,383.0,0.5663387000596303,0.0197821855106013,-0.0034049756723732,-0.0010914371268723
2014-12-08,494.0,565.0,493.5,501.0,524100.0,501.0,480.6,444.85,388.04,367.86,405.0925,False,False,False,False,False,False,True,True,False,False,False,-0.0898203592814371,-0.0978043912175648,,,0.2254690618762474,0.2657485029940119,0.0089820359281437,0.1946107784431137,0.0040595153953496,0.3234798246599977,359.5,379.5,0.6897867859963148,0.020358725904546,0.0005765403939446,0.0003473872905366
2014-12-09,494.0,510.5,484.5,489.0,337800.0,489.0,491.0,453.5,395.26,369.26666666666665,405.2125,False,False,False,False,False,False,True,True,False,True,False,-0.1032719836400818,-0.0715746421267893,,,0.1916973415132924,0.2448534423994547,0.058282208588957,0.2290388548057259,0.0038093518685682,0.2994487320837926,334.5,377.5,0.6445334859759588,0.0182664575216312,-0.0020922683829147,-0.0002501635267814
2014-12-10,477.5,488.5,465.5,476.5,248300.0,476.5,496.7,460.4,401.38,370.4333333333333,405.31,False,False,False,False,False,False,True,True,False,True,False,-0.0881427072402938,0.0220356768100734,,,0.1576495278069255,0.2225953130465198,0.0566631689401888,0.29800629590766,0.0031494645910194,0.2843179843614248,312.0,375.5,0.7350503256364713,0.0152473964821366,-0.0030190610394946,-0.0006598872775488
2014-12-11,461.5,472.0,454.0,460.0,379900.0,460.0,484.1,465.75,407.12,371.3733333333333,405.46,False,False,False,False,False,False,True,True,False,True,False,-0.0239130434782608,0.0467391304347826,,,0.1149565217391304,0.1926666666666668,0.092391304347826,0.325,0.0025311456575593,0.2689210950080515,299.5,371.5,1.5300040273862263,0.0140990371389271,-0.0011483593432095,-0.0006183189334601
2014-12-12,456.0,478.0,456.0,458.0,367500.0,458.0,476.9,470.7,412.82,372.3333333333333,405.6025,False,False,False,False,False,False,True,True,False,True,False,-0.0382096069868995,0.0556768558951965,,,0.098646288209607,0.1870451237263464,0.1080786026200873,0.4639737991266375,0.0025783348254253,0.2706607180794562,303.5,371.0,0.9673598315346144,0.0138074705682863,-0.0002915665706407,4.718916786602056e-05
2014-12-15,460.0,468.5,455.0,456.0,195200.0,456.0,467.9,474.25,418.24,373.2266666666667,405.735,False,False,False,False,False,False,True,True,False,True,False,-0.0087719298245614,0.0789473684210526,,,0.0828070175438596,0.1815204678362572,0.1030701754385964,0.3717105263157895,0.0023935410117177,0.2697944122298367,298.5,367.0,0.531156462585034,0.0129590665646519,-0.0008484040036344,-0.0001847938137076
2014-12-16,448.5,455.0,433.5,438.5,300900.0,438.5,457.8,474.4,422.24,373.88,405.7275,False,False,False,False,False,False,True,True,False,True,False,0.0353477765108323,0.1562143671607753,,,0.0370809578107183,0.1473660205245154,0.1425313568985176,0.4606613454960091,0.0017474412467457,0.282672849915683,308.5,368.0,1.5414959016393444,0.0094732853353543,-0.0034857812292976,-0.0006460997649719
2014-12-17,435.0,444.5,432.0,434.5,261900.0,434.5,449.4,473.05,425.92,374.44666666666666,405.685,False,False,False,False,False,False,True,True,False,True,False,0.1208285385500575,0.1346375143843498,,,0.0197468354430379,0.1382125047947833,0.1611047180667434,0.5005753739930955,0.0015133441344561,0.304618962054751,315.5,386.0,0.8703888334995015,0.0086401202103681,-0.0008331651249861,-0.0002340971122896
2014-12-18,444.5,454.0,432.5,449.0,471100.0,449.0,447.2,465.65,430.28,375.2866666666667,405.705,False,False,False,False,False,False,True,True,False,False,False,0.0723830734966592,0.0746102449888641,,,0.0416926503340757,0.1641722345953971,0.0779510022271715,0.3975501113585746,0.0022382889524453,0.3384516267582949,308.0,396.0,1.7987781596029018,0.0101329366923862,0.001492816482018,0.0007249448179891
2014-12-19,449.0,453.5,440.0,440.5,262600.0,440.5,443.7,460.3,434.2,375.88,405.7425,False,False,False,False,False,False,True,True,False,True,False,0.097616345062429,0.1350737797956867,,,0.0143019296254256,0.1466969353007945,0.1237230419977298,0.3927355278093076,0.0015785179667268,0.3593308711709755,308.5,395.0,0.557418807047336,0.0090280976508521,-0.001104839041534,-0.0006597709857184
2014-12-22,448.0,452.5,441.0,452.0,134500.0,452.0,442.9,455.4,438.02,376.7266666666667,405.8875,False,False,False,False,False,False,True,True,False,True,False,0.0884955752212389,0.1095132743362831,,,0.030929203539823,0.1665339233038347,0.038716814159292,0.3495575221238938,0.002247429612982,0.3764822134387353,303.5,391.0,0.5121858339680122,0.0087210629651613,-0.0003070346856907,0.0006689116462551
2014-12-24,461.0,463.5,448.5,454.0,468100.0,454.0,446.0,451.9,442.18,377.67333333333335,406.06,False,False,False,False,False,False,True,True,False,False,False,0.1167400881057268,0.118942731277533,,,0.0260352422907488,0.1681204111600587,-0.0220264317180616,0.3623348017621145,0.0025065753473018,0.3910157114405843,324.5,392.5,3.4802973977695166,0.0094079334207789,0.0006868704556175,0.0002591457343198
2014-12-25,457.5,494.5,455.5,487.0,461600.0,487.0,456.5,452.95,446.24,379.08,406.335,False,False,False,False,False,False,True,True,False,True,True,0.0123203285420944,0.0277207392197125,,,0.0836960985626283,0.2216016427104723,-0.1016427104722792,0.2156057494866529,0.0037107382786394,0.3819406115465285,308.0,378.5,0.9861140781884212,0.0090982430978845,-0.0003096903228943,0.0012041629313375
2014-12-26,475.5,484.0,465.5,481.5,234000.0,481.5,463.0,455.1,449.48,380.4066666666667,406.495,False,False,False,False,False,False,True,True,False,True,False,0.0020768431983385,0.0539979231568016,,,0.0665005192107995,0.2099550017307026,-0.0737279335410176,0.1609553478712357,0.0034874958377877,0.3643155350472422,307.0,373.0,0.5069324090121318,0.0072083296253448,-0.0018899134725396,-0.0002232424408516
2014-12-29,480.0,494.0,477.5,483.5,146800.0,483.5,471.6,457.65,452.64,381.7466666666666,406.5725,False,False,False,False,False,False,True,True,False,True,False,0.0341261633919338,0.0486039296794208,,,0.0638262668045501,0.2104515684246812,-0.1054808686659772,0.139607032057911,0.0035101812720475,0.3306019884190977,306.0,371.5,0.6273504273504273,0.0069812654648284,-0.0002270641605163,2.268543425982053e-05
2014-12-30,483.0,496.0,473.5,492.0,223600.0,492.0,479.6,461.25,456.02,383.2466666666666,406.645,False,False,False,False,False,False,True,True,False,False,False,0.0193089430894308,0.0274390243902439,,,0.073130081300813,0.2210433604336044,-0.125,0.2022357723577235,0.0039139283664132,0.3128455284552844,303.5,365.0,1.5231607629427792,0.0074119556159817,0.0004306901511532,0.0004037470943657
2015-01-05,492.0,510.0,490.5,507.0,411000.0,507.0,490.2,468.1,460.2,384.97333333333336,406.7975,False,False,False,False,False,False,True,True,False,False,False,0.0019723865877712,0.0207100591715976,,,0.0923076923076923,0.2406837606837606,-0.1351084812623274,0.2169625246548323,0.0044851591452223,0.2886135441145054,308.5,347.0,1.838103756708408,0.0090830073880921,0.0016710517721104,0.0005712307788091
2015-01-06,490.0,501.5,481.0,493.0,363600.0,493.0,491.4,473.95,463.62,386.54,406.925,False,False,False,False,False,False,True,True,False,True,False,0.0152129817444219,0.0212981744421906,,,0.0595943204868154,0.2159432048681541,-0.1105476673427992,0.2190669371196754,0.0040530518618167,0.261947462812533,323.5,352.0,0.8846715328467153,0.007376730943445,-0.001706276444647,-0.0004321072834055
2015-01-07,485.5,493.0,478.0,482.5,216800.0,482.5,491.6,477.3,466.66,388.02,407.0,False,False,False,False,False,False,True,True,False,True,False,0.0518134715025906,0.0414507772020725,,,0.0328290155440414,0.1958134715025907,-0.0155440414507772,0.2569948186528497,0.0038142363795679,0.2486905510161323,316.5,350.0,0.5962596259625963,0.0065143787768397,-0.0008623521666053,-0.0002388154822488
2015-01-08,489.5,502.5,478.5,500.0,325900.0,500.0,494.9,483.25,470.32,389.74,407.3,False,False,False,False,False,False,True,True,False,False,False,0.014,0.015,,,0.05936,0.22052,-0.052,0.2,0.0044131985426182,0.2305225038799792,315.5,362.0,1.503228782287823,0.0077819357033508,0.0012675569265111,0.0005989621630502
2015-01-09,498.5,505.5,492.0,501.5,262400.0,501.5,496.8,488.2,473.56,391.53333333333336,407.645,False,False,False,False,False,False,True,True,False,True,False,0.007976071784646,0.0029910269192422,,,0.0557128614157527,0.2192755068128946,-0.0667996011964107,0.1774675972083748,0.0045802826494126,0.2140516181892668,320.5,359.5,0.8051549555078245,0.0068417940704451,-0.0009401416329056,0.0001670841067943
2015-01-13,493.0,512.5,490.5,508.0,347000.0,508.0,497.0,493.6,476.4,393.4,408.0025,False,False,False,False,False,False,True,True,False,True,False,0.0187007874015748,-0.0137795275590551,,,0.0622047244094488,0.2255905511811024,-0.0856299212598425,0.1515748031496063,0.0047449584816131,0.193982982171799,338.5,334.5,1.322408536585366,0.0059613769941225,-0.0008804170763226,0.0001646758322005
2015-01-14,507.5,518.0,498.0,500.5,317300.0,500.5,498.5,494.95,478.5,394.9266666666667,408.36,False,False,False,False,False,False,True,True,False,True,False,0.0059940059940059,0.0079920079920079,,,0.0439560439560439,0.2109357309357309,-0.0619380619380619,0.1438561438561438,0.00386569658502,0.1867865440953631,342.5,312.0,0.9144092219020172,0.0043887147335423,-0.0015726622605801,-0.000879261896593
2015-01-15,502.5,511.5,487.5,507.5,402400.0,507.5,503.5,497.55,477.88,396.41333333333336,408.7975,False,False,False,False,False,False,False,True,False,True,False,-0.0098522167487684,-0.0463054187192118,,,0.0583645320197044,0.2188899835796387,-0.064039408866995,0.0975369458128078,0.0037502943056069,0.1801828961913376,340.0,299.5,1.2682004412228176,-0.0012973968360257,-0.0056861115695681,-0.0001154022794131
2015-01-16,497.5,509.0,497.5,507.0,214000.0,507.0,504.9,499.9,478.4,397.9066666666667,409.07,False,False,False,False,False,False,True,True,True,False,False,0.0009861932938856,-0.0236686390532544,,,0.0564102564102564,0.2151742274819197,-0.0779092702169625,0.1469428007889546,0.0037529738967262,0.1807361472294459,342.5,303.5,0.5318091451292246,0.001086956521739,0.0023843533577648,2.679591119242753e-06
2015-01-19,512.0,526.0,503.0,505.5,218600.0,505.5,505.7,501.25,478.58,399.4333333333333,409.5225,False,False,False,False,False,False,True,True,False,True,False,-0.0049455984174085,-0.0712166172106825,,,0.0532542037586548,0.209825255522585,-0.0999010880316518,0.1869436201780415,0.0038220812818157,0.1792518703241895,356.5,298.5,1.0214953271028038,0.0003761126666388,-0.0007108438551002,6.910738508948775e-05
2015-01-20,501.0,520.0,500.5,517.5,215200.0,517.5,507.6,502.3,479.72,401.1,410.045,False,False,False,False,False,False,True,True,True,False,False,-0.0318840579710144,-0.1420289855072463,,,0.0730048309178743,0.224927536231884,-0.0956521739130434,0.1130434782608695,0.0041552397573341,0.1686243280907823,350.0,308.5,0.9844464775846294,0.0023763862252981,0.0020002735586593,0.0003331584755184
2015-01-21,510.5,517.0,494.5,503.5,349700.0,503.5,508.2,503.35,480.8,402.76666666666665,410.53,False,False,False,False,False,False,True,True,False,True,False,0.0019860973187686,-0.1310824230387288,,,0.0450844091360476,0.200066203243959,-0.0605759682224429,0.1489572989076464,0.0041380451874533,0.1617164994536604,385.5,315.5,1.625,0.0022462562396006,-0.0001301299856975,-1.7194569880833385e-05
2015-01-22,507.0,507.5,499.0,502.5,65500.0,502.5,507.2,505.35,482.5,404.4933333333333,411.0325,False,False,False,False,False,False,True,True,False,False,False,-0.0368159203980099,-0.1124378109452736,,,0.0398009950248756,0.1950381426202322,-0.0646766169154228,0.1492537313432835,0.0042687147707419,0.151380231522707,400.5,308.0,0.1873034029167858,0.0035233160621761,0.0012770598225755,0.0001306695832885
2015-01-23,507.0,510.0,499.0,507.5,94300.0,507.5,507.3,506.1,484.48,406.3066666666667,411.57,False,False,False,False,False,False,True,True,False,False,False,-0.0246305418719211,-0.1477832512315271,,,0.04535960591133,0.1993957307060755,-0.0896551724137931,0.2620689655172414,0.0044629672168806,0.1576763485477177,404.5,308.5,1.4396946564885496,0.004086856010568,0.0005635399483919,0.0001942524461387
2015-01-26,498.0,507.5,498.0,503.0,75800.0,503.0,506.8,506.25,486.36,408.14666666666665,411.9875,False,False,False,False,False,False,True,True,False,True,False,-0.0666003976143141,-0.1441351888667992,,,0.0330815109343936,0.1885752153744201,-0.0606361829025844,0.2276341948310139,0.0045081833327888,0.1626666666666667,407.5,303.5,0.8038176033934252,0.0038654494613043,-0.0002214065492636,4.5216115908150965e-05
2015-01-27,500.0,502.5,495.0,501.0,122200.0,501.0,503.5,505.55,488.86,410.2,412.2025,False,False,False,False,False,False,True,True,False,False,False,-0.1137724550898203,-0.124750499001996,,,0.0242315369261476,0.1812375249500998,-0.0878243512974051,0.3143712574850299,0.0050056882821388,0.1788151518148551,402.5,324.5,1.6121372031662269,0.0051139385509143,0.0012484890896099,0.00049750494935
2015-01-28,499.0,508.5,497.0,504.5,108500.0,504.5,503.7,505.95,491.66,412.23333333333335,412.3975,False,False,False,False,False,False,True,True,False,False,False,-0.132804757185332,-0.130822596630327,,,0.0254509415262635,0.1828873472084572,-0.0782953419226957,0.3567888999008919,0.0049324816042694,0.2000197647988931,407.5,308.0,0.8878887070376432,0.0056949924744742,0.0005810539235598,-7.320667786932331e-05
2015-01-29,504.5,504.5,481.0,484.0,177100.0,484.0,500.0,503.6,493.06,414.02,412.525,False,False,False,False,False,False,True,True,False,True,False,-0.0785123966942148,-0.018595041322314,,,-0.0187190082644628,0.1445867768595041,-0.0423553719008264,0.4855371900826446,0.0043154114938085,0.2377879269261318,406.5,307.0,1.632258064516129,0.0028394110250273,-0.0028555814494469,-0.0006170701104608
2015-01-30,486.5,500.0,485.0,495.0,134500.0,495.0,497.5,502.4,495.24,415.79333333333335,412.775,False,False,False,False,False,False,True,True,False,False,False,-0.1262626262626262,-0.0424242424242424,,,-0.0004848484848485,0.1600134680134679,-0.0808080808080808,0.5707070707070707,0.0042649393127997,0.2797571656050956,408.5,306.0,0.7594579333709769,0.0044019061465148,0.0015624951214875,-5.0472181008878216e-05
2015-02-02,487.5,487.5,460.0,469.5,309200.0,469.5,490.8,498.8,495.94,417.26,412.8725,False,False,False,False,False,False,True,True,False,True,False,-0.0830670926517571,-0.0031948881789137,,,-0.0563152289669861,0.1112673056443024,-0.0021299254526091,0.650692225772098,0.0035149946476217,0.3240777866880514,420.5,303.5,2.2988847583643124,0.0014114610638383,-0.0029904450826764,-0.0007499446651779
2015-02-03,467.0,475.0,443.0,444.0,360900.0,444.0,479.4,491.45,495.54,418.72,412.8525,False,False,False,False,False,False,False,True,False,True,False,-0.0123873873873873,0.0461711711711711,,,-0.1160810810810811,0.0569369369369368,0.1328828828828828,0.7421171171171171,0.0034868169659916,0.3840675551938143,437.0,308.5,1.1672056921086675,-0.000807200226016,-0.0022186612898543,-2.8177681630043097e-05
2015-02-04,449.0,452.0,430.0,437.5,449200.0,437.5,466.0,484.85,493.56,420.3933333333333,412.89,False,False,False,False,False,False,False,True,False,True,False,0.0022857142857142,0.0731428571428571,,,-0.1281371428571428,0.0391009523809524,0.1497142857142857,0.7028571428571428,0.0039803993085839,0.4372486335980199,448.0,323.5,1.2446661124965364,-0.0040116703136397,-0.0032044700876236,0.0004935823425922
2015-02-05,444.0,453.0,437.5,446.0,195200.0,446.0,458.4,479.2,492.14,422.3466666666667,413.055,False,False,False,False,False,False,False,True,False,False,False,0.0650224215246636,0.0650224215246636,,,-0.1034529147982062,0.0530343796711509,0.1973094170403587,0.5919282511210763,0.0046249526455361,0.4818447412353924,523.0,316.5,0.4345503116651825,-0.0028853578250091,0.0011263124886305,0.0006445533369522
2015-02-06,447.5,452.0,430.0,432.5,301300.0,432.5,445.9,471.7,490.1,424.06666666666666,413.1375,False,False,False,False,False,False,False,True,False,True,False,0.0959537572254335,0.0809248554913294,,,-0.1331791907514451,0.0194990366088632,0.2786127167630058,0.7526011560693642,0.0040559660430749,0.5303158787364851,494.0,315.5,1.5435450819672132,-0.0041624158335032,-0.0012770580084941,-0.0005689866024612
2015-02-09,431.5,435.0,427.5,430.5,258700.0,430.5,438.1,464.45,487.64,425.82666666666665,413.1675,False,False,False,False,False,False,False,True,False,True,False,0.0871080139372822,0.056910569105691,,,-0.1327293844367015,0.0108555942702284,0.3333333333333333,0.7816492450638792,0.0041331371136925,0.5863925072666595,501.0,320.5,0.8586126783936276,-0.0050447051103273,-0.000882289276824,7.717107061764195e-05
2015-02-10,429.5,443.0,429.5,438.5,155400.0,438.5,437.0,458.2,484.9,427.56,413.2175,False,False,False,False,False,False,False,True,False,True,False,0.0592930444697833,0.0672748004561003,,,-0.1058152793614594,0.0249486887115165,0.3580387685290764,0.7787913340935005,0.0040540119125581,0.6345482322130076,489.0,338.5,0.6006957866254349,-0.005650649618478,-0.0006059445081506,-7.91252011344435e-05
2015-02-12,446.0,455.0,438.5,438.5,173700.0,438.5,437.2,451.6,482.72,429.2,413.27,False,False,False,False,False,False,False,True,False,False,False,0.0706955530216647,0.0786773090079817,,,-0.1008437856328392,0.0212086659064994,0.3648802736602052,0.7491448118586089,0.003821062441752,0.6767050487156776,476.5,342.5,1.117760617760618,-0.0045160755717599,0.0011345740467181,-0.000232949470806
2015-02-13,440.0,496.0,440.0,475.0,804100.0,475.0,443.0,450.7,482.42,431.4266666666667,413.4825,False,False,False,False,False,False,False,True,False,False,False,0.0,-0.0105263157894736,,,-0.0156210526315789,0.0917333333333333,0.2894736842105263,0.5557894736842105,0.0051611706894953,0.6844907921011761,460.0,340.0,4.6292458261370175,-0.0006218647651424,0.0038942108066174,0.0013401082477433
2015-02-16,471.0,480.5,470.0,474.0,305900.0,474.0,451.3,448.6,481.38,433.6333333333333,413.665,False,False,False,False,False,False,False,True,False,True,False,-0.0137130801687763,-0.0253164556962025,,,-0.0155696202531645,0.0851617440225035,0.2647679324894514,0.630801687763713,0.0050887846875239,0.6913731609451627,458.0,342.5,0.3804253202338017,-0.0021604553575138,-0.0015385905923714,-7.238600197138467e-05
2015-02-17,475.0,480.5,467.5,468.0,240600.0,468.0,458.8,448.45,480.04,435.82666666666665,413.715,False,False,False,False,False,False,False,True,False,True,False,-0.0277777777777777,0.0096153846153846,,,-0.0257264957264957,0.0687464387464387,0.2489316239316239,0.6346153846153846,0.0050325817603328,0.6897089976586019,456.0,356.5,0.7865315462569468,-0.0027914340471626,-0.0006309786896488,-5.620292719113983e-05
2015-02-18,465.5,472.5,461.0,464.5,126200.0,464.5,464.0,450.5,478.3,437.6933333333333,413.7375,False,False,False,False,False,False,False,True,False,True,True,0.007534983853606,-0.0161463939720129,,,-0.0297093649085037,0.0577108001435235,0.2432723358449946,0.7050592034445641,0.004264782039175,0.686126526082131,438.5,350.0,0.5245220282626767,-0.0036378841731131,-0.0008464501259504,-0.0007677997211577
2015-02-19,475.0,476.0,468.0,469.5,139100.0,469.5,470.2,453.7,477.06,439.8466666666667,413.7725,False,False,False,False,False,False,False,True,False,False,False,0.007454739084132,-0.0095846645367412,,,-0.0161022364217252,0.0631593894213702,0.2044728434504792,0.7209797657082002,0.0048956454522031,0.6881199030196165,434.5,385.5,1.1022187004754358,-0.0025992537626294,0.0010386304104836,0.000630863413028
2015-02-20,475.0,481.0,472.5,475.0,139500.0,475.0,470.2,456.6,475.76,442.0866666666666,413.865,False,False,False,False,False,False,False,True,False,True,False,-0.0105263157894736,-0.0242105263157894,,,-0.0015999999999999,0.0692912280701756,0.1926315789473684,0.7789473684210526,0.0050668797973245,0.7069645203679368,449.0,400.5,1.0028756290438534,-0.0027324701530183,-0.0001332163903888,0.0001712343451214
2015-02-23,475.5,477.5,467.0,467.5,122500.0,467.5,468.9,460.1,474.18,444.24,413.97,False,False,False,False,False,False,False,True,False,True,False,-0.0117647058823529,-0.0267379679144385,,,-0.0142887700534759,0.0497540106951871,0.2598930481283422,0.758288770053476,0.004847229725674,0.7078895892197347,440.5,404.5,0.8781362007168458,-0.0033320679910582,-0.0005995978380398,-0.0002196500716505
2015-02-24,464.0,468.0,440.0,455.0,163900.0,455.0,466.3,462.55,472.16,446.26,414.025,False,False,False,False,False,False,False,True,False,True,False,0.0384615384615384,0.0296703296703296,,,-0.0377142857142857,0.0192087912087912,0.3153846153846154,0.8791208791208791,0.0045265092098776,0.7178683385579937,452.0,407.5,1.3379591836734694,-0.004278210776008,-0.0009461427849498,-0.0003207205157963
2015-02-25,461.5,475.5,456.5,468.0,209600.0,468.0,467.0,465.5,470.18,448.38666666666666,414.1425,False,False,False,False,False,False,False,True,False,False,False,-0.0235042735042735,0.0747863247863247,,,-0.0046581196581196,0.0419088319088319,0.2841880341880342,0.9615384615384616,0.0047429302090457,0.7366272824919441,454.0,402.5,1.278828553996339,-0.0042111531753796,6.705760062841303e-05,0.0002164209991681
2015-02-26,468.0,475.5,468.0,473.0,152300.0,473.0,467.7,468.95,468.96,450.38,414.28,False,False,False,False,True,False,False,True,False,False,False,-0.0169133192389006,0.0634249471458773,,,0.0085412262156448,0.0478224101479915,0.3076109936575052,0.9915433403805496,0.0044258922095415,0.7611685680776202,487.0,407.5,0.7266221374045801,-0.0026015011941317,0.0016096519812479,-0.0003170379995041
2015-02-27,470.0,479.5,461.5,470.0,253600.0,470.0,466.7,468.45,467.66,452.4266666666667,414.4,False,False,False,False,False,False,False,True,False,True,False,-0.0138297872340425,0.1361702127659574,,,0.0049787234042552,0.0373900709219858,0.2968085106382979,1.0340425531914894,0.0045237533891312,0.8093713309851639,481.5,406.5,1.665134602757715,-0.0027797972886283,-0.0001782960944966,9.7861179589649e-05
2015-03-02,466.5,467.5,461.0,462.0,106800.0,462.0,465.6,467.25,465.84,454.38,414.4275,False,False,False,False,False,False,False,True,False,True,False,-0.0151515151515151,0.1969696969696969,,,-0.0083116883116882,0.0164935064935065,0.4512987012987013,0.9913419913419912,0.0042988981322534,0.8454788657035847,483.5,408.5,0.4211356466876971,-0.0039069208311867,-0.0011271235425583,-0.0002248552568777
2015-03-03,469.0,476.0,461.5,472.5,140000.0,472.5,469.1,467.7,464.62,456.4066666666667,414.6125,False,False,False,False,False,False,False,True,False,False,False,-0.0084656084656084,0.2148148148148148,,,0.0166772486772486,0.0340599647266313,0.3238095238095238,0.9132275132275132,0.0044404843633602,0.8734231344879198,492.0,420.5,1.310861423220974,-0.0026258017304463,0.0012811191007404,0.0001415862311067
2015-03-04,465.0,466.5,446.5,457.0,291200.0,457.0,466.9,466.95,462.86,457.9866666666667,414.78,False,False,False,False,False,False,False,True,False,True,False,0.1006564551422319,0.3030634573304157,,,-0.0128227571115974,-0.0021590080233406,0.4015317286652078,0.9212253829321664,0.0034498820926373,0.8948495556269407,507.0,437.0,2.08,-0.0038024456639156,-0.0011766439334693,-0.0009906022707229
2015-03-05,464.5,476.0,461.0,465.0,181700.0,465.0,465.3,466.5,461.28,459.62,415.0,False,False,False,False,False,False,False,True,False,False,False,0.0817204301075268,0.2870967741935484,,,0.008,0.0115698924731182,0.4021505376344086,0.9225806451612903,0.0035536602700781,0.915112540192926,493.0,448.0,0.6239697802197802,-0.0034252514741589,0.0003771941897566,0.0001037781774408
2015-03-06,460.5,469.0,456.0,463.5,161900.0,463.5,464.0,465.35,460.46,461.26666666666665,415.0025,False,False,True,False,False,False,False,True,False,False,False,0.1521035598705501,0.3214670981661273,,,0.0065587918015102,0.0048184106436533,0.3538295577130528,0.8813376483279396,0.0035698800404682,0.9256473622004944,482.5,523.0,0.8910291689598239,-0.0017808278677843,0.0016444236063745,1.6219770390069055e-05
2015-03-09,458.0,462.5,453.5,455.0,84300.0,455.0,462.6,464.1,458.86,462.76666666666665,415.1025,False,False,False,False,False,False,False,True,False,True,False,0.2153846153846154,0.3175824175824175,,,-0.0084835164835165,-0.017069597069597,0.3483516483516483,0.934065934065934,0.0032413743427213,0.943331178625296,500.0,494.0,0.5206917850525016,-0.0034869023231485,-0.0017060744553642,-0.0003285056977469
2015-03-10,464.0,478.0,463.0,468.5,259300.0,468.5,461.8,465.45,458.82,464.26,415.2975,False,False,False,False,False,False,False,True,False,False,True,0.2251867662753468,0.247598719316969,,,0.0206616862326574,0.0090501600853788,0.3020277481323372,0.8207043756670224,0.0032165884059219,0.9372650123536364,501.5,501.0,3.0759193357058128,-8.718015779613021e-05,0.0033997221653524,-2.4785936799331942e-05
2015-03-11,474.0,512.0,472.0,503.0,662600.0,503.0,471.0,468.95,461.18,466.3,415.7125,False,False,False,False,False,False,True,True,True,False,False,0.18389662027833,0.1481113320079523,,,0.0831411530815109,0.072962226640159,0.2296222664015904,0.7077534791252486,0.0043748659661162,0.9102249706791768,508.0,489.0,2.5553413035094485,0.0051173077757058,0.0052044879335019,0.0011582775601942
2015-03-12,505.5,507.5,490.5,503.0,274000.0,503.0,478.6,471.95,463.8,467.8666666666667,416.1025,False,False,False,False,False,False,True,True,False,False,False,0.1898608349900596,0.1242544731610338,,,0.0779324055666003,0.0698475811795891,0.1769383697813121,0.8429423459244533,0.0033485323453975,0.8949041211992795,500.5,476.5,0.4135224871717476,0.005648986632169,0.0005316788564632,-0.0010263336207187
2015-03-13,508.5,540.0,508.5,534.0,704000.0,534.0,492.7,478.35,467.32,469.64666666666665,416.7225,False,False,False,False,False,False,True,True,False,False,False,0.147003745318352,0.0608614232209737,,,0.1248689138576779,0.1205118601747815,0.046816479400749,0.6910112359550562,0.0037900833250528,0.858471830249817,507.5,460.0,2.56934306569343,0.0075323119061884,0.0018833252740193,0.0004415509796552
2015-03-16,524.0,560.5,514.5,553.0,570200.0,553.0,512.3,487.45,472.14,471.62666666666667,417.4225,True,True,False,False,False,False,True,True,False,False,False,0.0840867992766726,0.0650994575045208,,,0.1462206148282097,0.1471488848704038,-0.0036166365280289,0.6311030741410488,0.0041982358927966,0.8200841111908915,507.0,458.0,0.8099431818181818,0.0102088363620959,0.0026765244559075,0.0004081525677437
2015-03-17,556.0,591.5,555.5,574.0,438200.0,574.0,533.4,497.6,477.88,473.8466666666667,418.195,False,False,False,False,False,False,True,True,False,False,False,0.0182926829268292,0.0426829268292682,,,0.1674564459930313,0.1744831591173054,0.0304878048780487,0.4581881533101045,0.0046850598646538,0.7694935691318328,505.5,456.0,0.7685022799017889,0.0120113836109483,0.0018025472488524,0.0004868239718572
2015-03-18,590.0,610.0,582.0,595.5,393800.0,595.5,551.9,511.45,484.16,476.42,418.9475,False,False,False,False,False,False,True,True,False,False,False,-0.0302267002518891,0.0092359361880772,,,0.1869689336691855,0.1999664147774978,0.0361041141897565,0.4072208228379513,0.005401396526874,0.713755010264933,517.5,438.5,0.8986764034687358,0.0129709187045605,0.0009595350936121,0.0007163366622201
2015-03-19,593.0,609.0,590.5,598.5,305200.0,598.5,571.0,524.8,490.56,478.9666666666666,419.7375,False,False,False,False,False,False,True,True,False,False,False,-0.0551378446115288,0.0334168755221386,,,0.1803508771929824,0.1997215260373156,0.0041771094402673,0.3350041771094402,0.0053170018790449,0.6520579268292684,503.5,434.5,0.7750126968004063,0.0130463144161773,7.539571161684772e-05,-8.439464782906535e-05
2015-03-20,600.0,648.0,599.5,612.5,630100.0,612.5,586.7,539.7,496.06,481.7133333333333,420.5775,False,False,False,False,False,False,True,True,False,True,False,-0.0751020408163265,-0.0048979591836734,,,0.1901061224489796,0.2135292517006803,-0.0097959183673469,0.3126530612244897,0.005701869715045,0.5938484343153604,502.5,449.0,2.0645478374836173,0.0110873684634923,-0.001958945952685,0.000384867836
2015-03-23,610.0,612.0,593.0,599.5,284600.0,599.5,596.0,554.15,501.08,484.26,421.2975,False,False,False,False,False,False,True,True,False,True,False,-0.0175145954962468,0.1184320266889074,,,0.1641701417848207,0.1922268557130942,0.0008340283569641,0.3311092577147623,0.0052588829692039,0.5374898493187765,507.5,440.5,0.4516743374067608,0.0100183603416619,-0.0010690081218303,-0.0004429867458411
2015-03-24,592.5,595.0,579.0,584.5,231700.0,584.5,598.1,565.75,505.74,486.44666666666666,421.9425,False,False,False,False,False,False,True,True,False,True,False,0.0239520958083832,0.0701454234388366,,,0.1347476475620188,0.1677559167379526,0.0102651839178785,0.4097519247219846,0.0044951827538476,0.5008395934600088,503.0,452.0,0.8141250878425861,0.0092142207458378,-0.0008041395958241,-0.0007637002153562
2015-03-25,578.0,582.5,570.5,577.5,219000.0,577.5,594.5,573.2,510.26,488.32,422.5175,False,False,False,False,False,False,True,True,False,True,False,0.0406926406926406,0.109090909090909,,,0.1164329004329004,0.1544242424242424,0.0129870129870129,0.4735930735930735,0.0038362822193097,0.4799371946964408,501.0,454.0,0.9451877427708244,0.0088582291380864,-0.0003559916077514,-0.0006589005345378
2015-03-26,574.5,576.0,556.5,565.5,273900.0,565.5,587.9,579.45,514.1,489.88666666666666,423.065,False,False,False,False,False,False,True,True,False,True,False,0.0937223695844385,0.1529619805481874,,,0.090893015030946,0.1337105806071323,0.0123784261715296,0.506631299734748,0.0031980185893335,0.4510311502286649,504.5,487.0,1.2506849315068491,0.0074693639369773,-0.0013888652011091,-0.0006382636299761
2015-03-27,562.0,585.0,561.0,566.5,163400.0,566.5,578.7,582.7,517.76,490.4666666666666,423.615,False,False,False,False,False,False,True,True,False,True,False,0.0759046778464254,0.1076787290379523,,,0.0860370697263901,0.1342159458664314,-0.0167696381288614,0.5745807590467784,0.0011825472339267,0.4410502831645786,484.0,481.5,0.5965680905439942,0.0070689122373299,-0.0004004516996473,-0.0020154713554068
2015-03-30,568.0,591.0,568.0,589.0,129100.0,589.0,576.6,586.3,522.62,491.73333333333335,424.2925,False,False,False,False,False,False,True,True,False,False,False,0.1383701188455008,0.0415959252971137,,,0.1126994906621392,0.1651386530843236,-0.0127334465195246,0.6740237691001698,0.0025759219088939,0.4465290806754223,495.0,483.5,0.7900856793145655,0.0092992996823696,0.0022303874450396,0.0013933746749671
2015-03-31,592.0,609.5,591.0,598.5,180400.0,598.5,579.4,588.75,528.36,493.03333333333336,425.03,False,False,False,False,False,False,True,True,False,False,False,0.0451127819548872,0.0192147034252297,,,0.1171929824561403,0.1762183235867446,0.0025062656641604,0.6056808688387636,0.0026367385572307,0.4615711252653928,469.5,492.0,1.3973663826491092,0.010863804981452,0.0015645052990824,6.0816648336862057e-05
2015-04-01,590.0,608.0,587.0,601.0,346500.0,601.0,584.1,589.3,533.68,494.5266666666666,425.7525,False,False,False,False,False,False,True,True,False,True,False,0.0657237936772046,0.0291181364392678,,,0.1120133111480866,0.1771602884082087,-0.0415973377703826,0.6638935108153078,0.0030197225629893,0.4876972679450197,444.0,507.0,1.920731707317073,0.0099685204616997,-0.0008952845197522,0.0003829840057585
2015-04-02,605.0,630.0,601.0,618.5,392200.0,618.5,594.7,591.3,539.5,496.42,426.62,False,False,False,False,False,False,True,True,False,False,True,0.0541632983023443,-0.0428455941794664,,,0.1277283751010509,0.1973807599029911,-0.0646725949878739,0.6604688763136621,0.0038139747257028,0.5212244207677998,437.5,493.0,1.131890331890332,0.0107877664504171,0.0008192459887173,0.0007942521627135
2015-04-03,615.0,629.0,607.0,609.5,180800.0,609.5,603.3,591.0,545.08,498.41333333333336,427.4725,False,False,False,False,False,False,True,True,False,True,False,0.0295324036095159,-0.0828547990155865,,,0.1056931911402788,0.1822586819797648,-0.0525020508613617,0.7210828547990156,0.0039993579626013,0.5634517766497462,446.0,482.5,0.4609892911779704,0.0102370294268731,-0.0005507370235439,0.0001853832368984
2015-04-06,607.5,674.5,600.5,670.5,382700.0,670.5,619.6,598.1,553.42,501.2466666666666,428.6075,False,False,False,False,False,False,True,True,False,False,True,-0.0850111856823266,-0.1782252050708426,,,0.1746159582401193,0.2524285359184688,-0.0447427293064877,0.4571215510812826,0.0056525729181904,0.5748202641698712,432.5,500.0,2.1167035398230087,0.0150699288063313,0.0048328993794581,0.0016532149555891
2015-04-07,666.0,666.0,613.5,625.5,506700.0,625.5,625.0,602.2,559.54,503.50666666666666,429.5475,False,False,False,False,False,False,True,True,False,True,False,-0.0247801758593125,-0.0543565147881694,,,0.1054516386890488,0.1950333066879829,-0.0127897681854516,0.4948041566746602,0.0044885205094935,0.5825307206908003,430.5,501.5,1.3240135876665795,0.0109375558494477,-0.0041323729568836,-0.0011640524086969
2015-04-08,630.0,645.5,616.5,640.5,239400.0,640.5,632.9,608.5,566.88,506.2,430.61,False,False,False,False,False,False,True,True,False,False,False,-0.0343481654957064,-0.0366900858704137,,,0.1149414519906323,0.20967993754879,0.0281030444964871,0.4644808743169399,0.0053206901093111,0.580443714050945,438.5,508.0,0.4724689165186501,0.0129480666102173,0.0020105107607696,0.0008321695998176
2015-04-09,647.5,666.5,644.0,652.0,285200.0,652.0,639.6,617.15,574.36,509.1,431.7025,False,False,False,False,False,False,True,True,False,False,False,-0.0920245398773006,-0.0782208588957055,,,0.1190797546012269,0.2191717791411042,0.0498466257668711,0.4432515337423313,0.0056963268513062,0.5727132787814957,438.5,500.5,1.191311612364244,0.013023191030016,7.512441979866218e-05,0.000375636741995
2015-04-10,650.5,650.5,620.5,627.5,235600.0,627.5,643.2,623.25,580.92,511.48,432.6275,False,False,False,False,False,False,True,True,False,True,False,-0.1091633466135458,-0.0334661354581673,,,0.0742310756972112,0.1848924302788844,0.145816733067729,0.4772908366533864,0.0046531633690466,0.562936221419976,475.0,507.5,0.8260869565217391,0.0112924326929696,-0.0017307583370463,-0.0010431634822596
2015-04-13,630.0,632.0,598.0,613.5,365600.0,613.5,631.8,625.7,587.26,513.7866666666666,433.455,False,False,False,False,False,False,True,True,False,True,False,-0.1018744906275468,-0.0220048899755501,,,0.0427709861450692,0.16253192067373,0.267318663406683,0.5778321108394459,0.0044895417034306,0.5539395876618186,474.0,507.0,1.5517826825127334,0.0107958996015394,-0.0004965330914302,-0.000163621665616
2015-04-14,606.0,622.0,600.5,610.0,194500.0,610.0,628.7,626.85,592.92,515.8933333333333,434.295,False,False,False,False,False,False,True,True,False,True,False,-0.030327868852459,-0.031967213114754,,,0.028,0.1542732240437158,0.2704918032786885,0.6639344262295082,0.0040835314793756,0.5597032782962431,468.0,505.5,0.5320021881838074,0.0095459758483437,-0.0012499237531956,-0.000406010224055
2015-04-15,611.0,620.5,605.0,618.5,145800.0,618.5,624.3,628.6,597.54,518.0866666666667,435.21,False,False,False,False,False,False,True,True,False,True,False,-0.0024252223120452,-0.0541632983023443,,,0.0338884397736459,0.162349770951226,0.2506063055780113,0.6491511721907841,0.0042335259223039,0.558542793509386,464.5,517.5,0.7496143958868895,0.0077316999698765,-0.0018142758784672,0.0001499944429283
2015-04-16,622.5,632.5,587.5,592.0,470500.0,592.0,612.3,625.95,601.1,519.4866666666667,436.025,False,False,False,False,False,False,True,True,False,True,False,0.0152027027027027,-0.0329391891891891,,,-0.0153716216216216,0.1224887387387387,0.2584459459459459,0.6638513513513513,0.0026949681095439,0.5584311845994088,469.5,503.5,3.2270233196159124,0.0059224754616537,-0.0018092245082227,-0.0015385578127599
2015-04-17,582.5,583.5,556.5,559.0,501200.0,559.0,598.6,620.9,602.1,520.52,436.6525,False,False,False,False,False,False,True,True,False,True,False,0.0849731663685152,-0.0035778175313059,,,-0.0771019677996422,0.0688372093023256,0.2701252236135957,0.740608228980322,0.0019851942928865,0.5588661620228701,475.0,502.5,1.065249734325186,0.0016608536787908,-0.0042616217828628,-0.0007097738166574
2015-04-20,559.0,563.0,547.5,551.0,118300.0,551.0,586.1,608.95,602.02,521.42,437.3075,False,False,False,False,False,False,False,True,False,True,False,0.0889292196007259,0.0553539019963702,,,-0.092595281306715,0.0536842105263158,0.3756805807622504,0.8185117967332124,0.0017260557707797,0.5935626898760159,467.5,507.5,0.2360335195530726,-0.0001328859506329,-0.0017937396294238,-0.0002591385221067
2015-04-21,568.0,595.0,566.5,591.5,272500.0,591.5,582.4,605.55,602.72,522.7466666666667,438.185,False,False,False,False,False,False,True,True,True,False,False,-0.0016906170752324,0.0143702451394759,,,-0.0189687235841082,0.1162355593124823,0.2967032967032967,0.687235841081995,0.0025378768555834,0.6129138799438529,455.0,503.0,2.3034657650042267,0.0011614016458721,0.001294287596505,0.0008118210848036
2015-04-22,595.0,620.5,588.5,617.0,320000.0,617.0,582.1,603.2,603.58,524.2133333333334,439.145,False,False,False,True,True,False,True,True,False,False,False,-0.0518638573743922,-0.06645056726094,,,0.0217504051863856,0.1503835764451647,0.2641815235008103,0.6628849270664505,0.0027978431173059,0.633786472148541,468.0,501.0,1.1743119266055049,0.0014248318367076,0.0002634301908355,0.0002599662617225
2015-04-23,607.0,617.0,590.5,601.0,356000.0,601.0,583.9,598.1,603.68,525.6533333333333,440.03,False,False,False,False,False,False,True,True,False,True,False,-0.0474209650582362,-0.0374376039933444,,,-0.0044592346089849,0.1253688297282307,0.2762063227953411,0.519134775374376,0.0027394480519479,0.6430362815582679,473.0,504.5,1.1125,0.0001656506758546,-0.001259181160853,-5.8395065358049416e-05
2015-04-24,600.0,606.5,591.0,606.5,146700.0,606.5,593.4,596.0,603.44,527.3066666666666,440.9375,False,False,False,False,False,False,False,True,False,True,False,-0.0816158285243198,-0.0478153338829348,,,0.0050453421269578,0.1305743336081342,0.2184666117065127,0.4113767518549052,0.003135430363103,0.6369127516778524,470.0,484.0,0.4120786516853932,-0.0003977197401562,-0.0005633704160108,0.000395982311155
2015-04-27,605.0,618.0,597.5,600.0,147200.0,600.0,603.2,594.65,603.46,528.64,441.8275,False,False,False,False,False,False,True,True,False,False,False,-0.0308333333333333,0.0675,,,-0.0057666666666667,0.1189333333333333,0.2883333333333333,0.4466666666666666,0.0025221953188055,0.6238123265786598,462.0,495.0,1.003408316291752,3.3142213236969825e-05,0.0004308619533932,-0.0006132350442974
2015-04-28,594.0,598.0,587.5,590.5,119900.0,590.5,603.0,592.7,603.7,529.8266666666667,442.615,False,False,False,False,False,False,True,True,False,False,False,0.0160880609652836,0.0457239627434377,,,-0.0223539373412363,0.1027490826982782,0.2955122777307367,0.353090601185436,0.0022397261997635,0.5927113210730554,472.5,469.5,0.8145380434782609,0.0003975484512175,0.0003644062379805,-0.000282469119042
2015-04-30,590.0,594.0,580.5,585.0,105300.0,585.0,596.6,589.35,604.0,530.8533333333334,443.4075,False,False,False,False,False,False,True,True,False,False,False,-0.0153846153846153,0.1256410256410256,,,-0.0324786324786324,0.0925584045584045,0.3538461538461538,0.294017094017094,0.001933993067765,0.5571392211758718,457.0,444.0,0.878231859883236,0.0004966887417217,9.91402905042719e-05,-0.0003057331319984
2015-05-01,576.0,583.0,565.0,572.5,186800.0,572.5,590.9,587.4,604.28,531.8133333333334,444.19,False,False,False,False,False,False,True,True,False,True,False,0.0104803493449781,0.1956331877729257,,,-0.0555109170305676,0.0710684133915574,0.411353711790393,0.2768558951965065,0.0018051446622875,0.5190670752468505,465.0,437.5,1.773979107312441,0.0004633613556628,-3.332738605888651e-05,-0.0001288484054774
2015-05-07,557.5,564.5,554.5,557.0,261300.0,557.0,581.0,587.2,603.9,532.4733333333334,444.9625,False,False,False,False,False,False,False,True,False,True,False,0.0368043087971274,0.2908438061041292,,,-0.0842010771992818,0.0440335128665469,0.5170556552962298,0.3913824057450628,0.0012394986916402,0.4858651226158037,463.5,446.0,1.3988222698072803,-0.000629243252194,-0.0010926046078569,-0.0005656459706473
2015-05-08,563.0,590.0,563.0,581.5,169300.0,581.5,577.3,590.25,603.6,533.4666666666667,445.855,False,False,False,False,False,False,False,True,False,False,True,0.1014617368873602,0.3370593293207222,,,-0.0380051590713671,0.0826024648896531,0.413585554600172,0.1865864144453998,0.0018620344913771,0.4253282507412113,455.0,432.5,0.6479142747799465,-0.000497017892644,0.00013222535955,0.0006225357997369
2015-05-11,584.0,603.5,577.5,600.0,162500.0,600.0,579.2,591.1,603.66,534.7266666666667,446.835,False,False,False,False,False,False,True,True,False,False,False,0.0291666666666666,0.2916666666666667,,,-0.0060999999999999,0.1087888888888888,0.425,0.1916666666666666,0.0023563440511663,0.3754017932667907,468.5,430.5,0.9598346131128176,9.939369843942854e-05,0.0005964115910834,0.0004943095597891
2015-05-12,587.5,590.0,569.5,576.0,194100.0,576.0,577.4,587.0,602.66,535.5066666666667,447.7275,False,False,False,False,False,False,False,True,False,True,False,0.1432291666666666,0.3428819444444444,,,-0.0462847222222221,0.0703009259259259,0.59375,0.2951388888888889,0.0014565644996638,0.3373083475298126,503.0,438.5,1.1944615384615385,-0.0016593103906016,-0.001758704089041,-0.0008997795515024
2015-05-13,572.5,580.0,562.5,578.5,215900.0,578.5,578.6,584.75,601.06,536.5066666666667,448.6325,False,False,False,False,False,False,False,True,False,True,False,0.1832324978392394,0.2878133102852204,,,-0.0389974070872946,0.0725900316911553,0.6283491789109766,0.2584269662921348,0.0018639097370644,0.3108165882855921,503.0,438.5,1.11231324059763,-0.0026619638638405,-0.0010026534732389,0.0004073452374006
2015-05-14,590.0,591.5,570.0,577.5,224700.0,577.5,582.7,581.85,599.78,537.5066666666667,449.5425,False,False,False,False,False,False,False,True,False,False,False,0.245021645021645,0.2294372294372294,,,-0.0385800865800865,0.0692525252525252,0.6554112554112554,0.2658008658008658,0.0018604420410289,0.2958666322935463,534.0,475.0,1.040759610930987,-0.0021341158424755,0.000527848021365,-3.467696035517904e-06
2015-05-15,627.5,661.5,613.5,640.5,948600.0,640.5,594.5,585.9,598.58,539.28,450.795,False,False,False,False,True,False,False,True,False,False,True,0.213895394223263,0.1834504293520687,,,0.0654488680718188,0.1580327868852459,0.4363778298204527,0.1303669008587041,0.0032883350640359,0.2623314558798431,553.0,474.0,4.221628838451268,-0.0020047445621302,0.0001293712803452,0.001427893023007
2015-05-18,640.5,647.5,597.0,617.5,570000.0,617.5,598.0,588.6,598.26,540.8066666666666,451.935,False,False,False,False,False,False,False,True,False,False,False,0.2550607287449393,0.2421052631578947,,,0.0311578947368421,0.124199730094467,0.4639676113360323,0.0963562753036437,0.002822943504148,0.2358137954468228,574.0,468.0,0.6008855154965211,-0.0005348844983787,0.0014698600637515,-0.0004653915598878
2015-05-19,638.5,664.0,621.5,658.5,582700.0,658.5,614.5,595.95,598.98,542.9066666666666,453.3175,False,False,False,False,False,False,True,True,True,False,False,0.1746393318147304,0.1845102505694761,,,0.090387243735763,0.1755403695267021,0.3333333333333333,0.0280941533788914,0.0038680681762365,0.207148250692172,595.5,464.5,1.022280701754386,0.0012020434739056,0.0017369279722844,0.0010451246720885
2015-05-20,658.0,808.0,652.0,684.5,986200.0,684.5,635.7,607.15,600.28,545.3066666666666,454.7925,False,False,False,False,False,False,True,True,False,False,False,0.0883856829802775,0.1205259313367421,,,0.1230387143900657,0.2033503774044315,0.3060628195763331,0.0445580715850986,0.0044011932123819,0.1822449147657086,598.5,469.5,1.6924661060580055,0.0021656560271872,0.0009636125532815,0.0005331250361453
2015-05-21,714.5,768.5,710.5,719.0,785800.0,719.0,664.0,623.35,603.94,548.44,456.2825,False,False,False,False,False,False,True,True,False,False,False,-0.0125173852573018,0.0278164116828929,,,0.1600278164116828,0.2372183588317106,0.2127955493741307,-0.0222531293463143,0.0057131743369072,0.1399695195315633,612.5,475.0,0.7967957817886838,0.0060602046560917,0.0038945486289045,0.0013119811245253
2015-05-22,733.0,820.0,729.0,777.5,948800.0,777.5,691.4,642.95,610.5,552.2066666666667,458.085,False,False,False,False,False,False,True,True,False,False,False,-0.02508038585209,-0.0057877813504823,,,0.2147909967845659,0.2897663451232583,0.1318327974276527,-0.0803858520900321,0.0068211176974803,0.1091064623998755,599.5,467.5,1.207431916518198,0.0107452907452906,0.0046850860891988,0.001107943360573
2015-05-25,765.5,788.0,760.0,775.0,437600.0,775.0,722.9,660.45,617.1,556.28,459.8975,False,False,False,False,False,False,True,True,False,True,False,-0.0103225806451612,-0.0129032258064516,,,0.2037419354838709,0.2822193548387097,0.1006451612903225,-0.0516129032258064,0.0073224515232136,0.0827466121583768,584.5,455.0,0.4612141652613828,0.0106951871657754,-5.010357951521979e-05,0.0005013338257332
2015-05-26,775.0,800.0,764.5,773.5,273100.0,773.5,745.9,680.2,623.3,560.6733333333333,461.76,False,False,False,False,False,False,True,True,False,True,False,0.0084033613445378,0.0239172592113768,,,0.1941822882999354,0.2751475975005387,0.1105365223012281,0.0019392372333548,0.0078358164587816,0.0555718906204056,577.5,468.0,0.6240859232175503,0.0099470559922989,-0.0007481311734764,0.000513364935568
2015-05-27,748.0,780.0,722.0,745.0,1338100.0,745.0,758.0,696.85,629.42,564.7733333333333,463.53,False,False,False,False,False,False,True,True,False,True,False,0.0295302013422818,0.0845637583892617,,,0.1551409395973154,0.2419149888143177,0.2442953020134228,0.0389261744966442,0.0072595495538033,0.0369519982779651,565.5,473.0,4.899670450384474,0.0097232372660544,-0.0002238187262444,-0.0005762669049783
2015-05-28,750.0,764.0,702.0,710.0,955900.0,710.0,756.2,710.1,635.46,568.2933333333333,465.1325,False,False,False,False,False,False,True,True,False,True,False,0.0408450704225352,0.1901408450704225,,,0.1049859154929577,0.1995868544600939,0.271830985915493,0.1422535211267605,0.0061939843273426,0.0288691733558653,566.5,470.0,0.7143711232344369,0.009504925565732,-0.0002183117003224,-0.0010655652264606
2015-05-29,710.0,762.0,708.0,758.0,1061400.0,758.0,752.3,721.85,643.74,572.6333333333333,467.045,False,False,False,False,False,False,True,True,False,False,False,0.0197889182058047,0.0844327176781002,,,0.1507387862796833,0.244547053649956,0.1899736147757255,0.0659630606860158,0.0075790208976076,0.0237583985592574,589.0,462.0,1.1103671932210482,0.0128623357256034,0.0033574101598714,0.0013850365702649
2015-06-01,744.0,770.0,744.0,767.0,473900.0,767.0,750.7,736.8,650.76,577.12,469.0075,False,False,False,False,False,False,True,True,False,True,False,-0.0026075619295958,0.1147327249022164,,,0.1515514993481095,0.2475619295958279,0.0912646675358539,0.0430247718383311,0.0077742352832455,0.0196796959826275,598.5,472.5,0.4464857735066893,0.0107873870551355,-0.0020749486704679,0.0001952143856379
2015-06-02,779.0,820.0,768.0,780.0,715300.0,780.0,752.0,748.95,657.28,581.6733333333333,471.045,False,False,False,False,False,False,True,True,False,True,False,0.0153846153846153,0.1769230769230769,,,0.1573333333333333,0.2542649572649573,0.0743589743589743,0.032051282051282,0.0078279905101373,0.0202283196475064,601.0,457.0,1.509390166701836,0.0099196689386562,-0.0008677181164792,5.3755226891774414e-05
2015-06-03,772.0,781.0,756.0,767.0,285900.0,767.0,756.4,757.2,663.92,586.0533333333333,473.0825,False,False,False,False,False,False,True,True,False,False,False,0.0534550195567144,0.2281616688396349,,,0.134393741851369,0.2359148196436332,0.0417209908735332,0.1251629726205997,0.0074737225280975,0.0286582144743792,618.5,465.0,0.3996924367398294,0.0100012049644535,8.153602579727588e-05,-0.0003542679820397
2015-06-04,763.0,772.0,736.0,739.0,459900.0,739.0,762.2,759.2,669.22,589.5733333333334,474.9475,False,False,False,False,False,False,True,True,False,True,False,0.1434370771312584,0.2936400541271989,,,0.0944248985115019,0.2022011727559765,0.087956698240866,0.2354533152909337,0.0059704192862636,0.0536090621707059,609.5,463.5,1.608604407135362,0.0079196676728132,-0.0020815372916403,-0.0015033032418338
2015-06-05,740.0,780.0,739.0,773.0,700500.0,773.0,765.2,758.75,676.14,593.56,477.0275,False,False,False,False,False,False,True,True,False,False,False,0.0633893919793014,0.1901681759379042,,,0.1253040103492885,0.2321345407503235,0.0323415265200517,0.1642949547218628,0.006716535256194,0.0786161449752882,670.5,455.0,1.523157208088715,0.010234566805691,0.0023148991328778,0.0007461159699304
2015-06-08,780.0,784.0,762.0,765.0,214800.0,765.0,764.8,757.75,683.12,597.52,478.9825,False,False,False,False,False,False,True,True,False,True,False,0.1176470588235294,0.1816993464052287,,,0.107032679738562,0.2189281045751634,0.0771241830065359,0.2444444444444444,0.0066273932253314,0.1086770042890135,625.5,468.5,0.3066381156316916,0.0102178241011828,-1.6742704508233147e-05,-8.91420308626609e-05
2015-06-09,774.0,814.0,771.0,792.0,779100.0,792.0,767.2,759.6,691.4,601.8866666666667,480.9725,False,False,False,False,False,False,True,True,False,False,True,0.1590909090909091,0.1085858585858585,,,0.127020202020202,0.2400420875420875,0.0744949494949494,0.2032828282828283,0.0072549649435663,0.1294102159031068,640.5,503.0,3.627094972067039,0.0119757014752675,0.0017578773740846,0.0006275717182349
2015-06-10,790.0,813.0,784.0,808.0,824000.0,808.0,775.4,765.9,700.82,606.4,483.065,False,False,False,False,False,False,True,True,False,False,False,0.1658415841584158,0.1064356435643564,,,0.1326485148514851,0.2495049504950495,0.0544554455445544,0.1126237623762376,0.0074428320140721,0.1364407886147016,652.0,503.0,1.0576305994095752,0.013441397220399,0.0014656957451315,0.0001878670705057
2015-06-11,816.0,846.0,816.0,845.0,663100.0,845.0,796.6,779.4,712.34,611.3333333333334,485.3325,False,False,False,False,False,False,True,True,False,False,False,0.1313609467455621,0.0319526627218934,,,0.1569940828402366,0.2765285996055226,0.0556213017751479,0.1159763313609467,0.0080697928026173,0.1336925840390044,627.5,534.0,0.8047330097087378,0.016172052671477,0.002730655451078,0.0006269607885452
2015-06-12,850.0,852.0,814.0,822.0,669900.0,822.0,806.4,785.8,721.96,616.06,487.4825,False,False,False,False,False,False,True,True,False,True,False,0.1192214111922141,0.0705596107055961,,,0.1217031630170315,0.2505352798053528,0.1995133819951338,0.1776155717761557,0.007672412860219,0.1448205650292696,613.5,553.0,1.0102548635198312,0.0133248379411601,-0.0028472147303168,-0.0003973799423982
2015-06-15,826.0,870.0,824.0,855.0,799300.0,855.0,824.4,794.6,732.16,621.3933333333333,489.8125,False,False,False,False,False,False,True,True,False,False,False,0.0573099415204678,-0.0023391812865497,,,0.1436725146198831,0.273224171539961,0.1239766081871345,0.1157894736842105,0.0085828621699621,0.151522778756607,610.0,574.0,1.1931631586804,0.013931381118881,0.0006065431777208,0.000910449309743
2015-06-16,879.0,965.0,875.0,918.0,2918100.0,918.0,849.6,808.4,745.84,627.3933333333333,492.485,False,False,False,False,False,False,True,True,False,False,False,-0.0435729847494553,-0.0642701525054466,,,0.1875381263616557,0.3165649963689179,0.0893246187363834,0.0642701525054466,0.0095633786354121,0.153142008906482,618.5,595.5,3.6508194670336542,0.0183417354928671,0.0044103543739861,0.0009805164654499
2015-06-17,948.0,958.0,918.0,942.0,877300.0,942.0,876.4,825.9,760.38,633.6466666666666,495.25,False,False,False,False,False,False,True,True,False,False,False,-0.0509554140127388,-0.0159235668789808,,,0.1928025477707006,0.3273389950460014,0.0902335456475583,0.0435244161358811,0.0098688017507128,0.1432376801065505,592.0,598.5,0.3006408279359857,0.0191220179383991,0.0007802824455319,0.0003054231153006
2015-06-18,954.0,1023.0,950.0,956.0,1698900.0,956.0,898.6,847.6,775.52,640.1266666666667,498.0825,False,False,False,False,False,False,True,True,False,False,False,-0.0878661087866108,-0.055439330543933,,,0.1887866108786611,0.3304114365411436,0.0972803347280334,0.0188284518828451,0.0101229964902779,0.121165644171779,559.0,612.5,1.936509745811011,0.0195223849804002,0.000400367042001,0.0002541947395651
2015-06-19,953.0,953.0,888.0,920.0,1350500.0,920.0,918.2,862.3,786.7,646.2333333333333,500.7525,False,False,False,False,False,False,True,True,False,True,False,-0.0434782608695652,-0.0195652173913043,,,0.144891304347826,0.2975724637681159,0.0619565217391304,0.05,0.0094496311961624,0.1097065986315667,551.0,599.5,0.7949261286714934,0.0142112622346511,-0.005311122745749,-0.0006733652941155
2015-06-22,899.0,913.0,865.0,904.0,1090000.0,904.0,928.0,876.2,798.16,651.9866666666667,503.3275,False,False,False,False,False,False,True,True,False,False,False,-0.0564159292035398,-0.0741150442477876,,,0.1170796460176991,0.2787758112094395,0.03429203539823,0.040929203539823,0.0088243113356101,0.0908468386213192,591.5,584.5,0.807108478341355,0.0143580234539439,0.0001467612192928,-0.0006253198605522
2015-06-23,934.0,934.0,861.0,878.0,1544300.0,878.0,920.0,884.8,806.94,657.6,505.77,False,False,False,False,False,False,True,True,False,True,False,-0.0216400911161731,-0.0455580865603644,,,0.0809339407744874,0.2510250569476082,0.0683371298405467,0.082004555808656,0.0085360908353609,0.0799050632911392,617.0,577.5,1.416788990825688,0.0108806107021588,-0.003477412751785,-0.0002882205002492
2015-06-24,885.0,922.0,881.0,894.0,745300.0,894.0,910.4,893.4,815.32,663.32,508.28,False,False,False,False,False,False,True,True,False,True,False,0.0369127516778523,-0.1062639821029082,,,0.0880089485458612,0.2580313199105145,0.052572706935123,0.0369127516778523,0.0086232889103298,0.0726438325498096,601.0,565.5,0.4826134818364307,0.0102781729872933,-0.0006024377148655,8.719807496897214e-05
2015-06-25,882.0,883.0,854.0,872.0,523400.0,872.0,893.6,896.1,821.44,668.7666666666667,510.71,False,False,False,False,False,False,True,True,False,True,False,0.0355504587155963,-0.0779816513761468,,,0.0579816513761467,0.233065749235474,0.0630733944954128,0.0676605504587156,0.0081443453122662,0.0680727597366365,606.5,566.5,0.702267543271166,0.0074503311258278,-0.0028278418614655,-0.0004789435980636
2015-06-26,870.0,898.0,854.0,880.0,488000.0,880.0,885.6,901.9,825.54,674.4333333333333,513.13,False,False,False,False,False,False,True,True,False,True,False,0.025,-0.0931818181818181,,,0.0618863636363636,0.2335984848484849,0.1,0.1045454545454545,0.0084021153561013,0.0616476327752522,600.0,589.0,0.9323653037829576,0.0049664462049081,-0.0024838849209196,0.000257770043835
2015-06-29,843.0,876.0,841.0,853.0,524300.0,853.0,875.4,901.7,828.66,679.56,515.4525,False,False,False,False,False,False,True,True,False,True,False,-0.0187573270808909,-0.0339976553341148,,,0.0285345838218054,0.2033294255568582,0.1899179366940211,0.1383352872215709,0.007544097160908,0.0637684373960297,590.5,598.5,1.0743852459016394,0.0037651147635942,-0.0012013314413139,-0.0008580181951933
2015-06-30,841.0,869.0,831.0,859.0,601100.0,859.0,871.6,895.8,832.08,684.3066666666666,517.8325,False,False,False,False,False,False,True,True,False,False,False,-0.0244470314318975,-0.009313154831199,,,0.0313387660069848,0.2033682576639504,0.1874272409778812,0.1071012805587892,0.0069364612357032,0.0678722929225274,585.0,601.0,1.1464810223154682,0.0041101817132968,0.0003450669497026,-0.0006076359252047
2015-07-01,910.0,935.0,898.0,927.0,830900.0,927.0,878.2,894.3,839.36,689.96,520.56,False,False,False,False,False,False,True,True,False,False,False,-0.1380798274002157,-0.0809061488673139,,,0.0945415318230852,0.2557065803667745,0.0625674217907227,-0.0226537216828478,0.0081937117127564,0.0610533378061053,572.5,618.5,1.3822991182831477,0.008673274876096,0.0045630931627991,0.0012572504770531
2015-07-02,942.0,942.0,903.0,903.0,373900.0,903.0,884.4,889.0,847.08,694.88,523.165,False,False,False,False,False,False,True,True,False,False,False,-0.1096345514950166,-0.0121816168327796,,,0.0619269102990032,0.2304761904761904,0.0775193798449612,-0.0332225913621262,0.0070803591987105,0.0560179977502811,557.0,609.5,0.4499939824286917,0.0091136610473627,0.0004403861712666,-0.0011133525140459
2015-07-03,907.0,911.0,882.0,902.0,372500.0,902.0,888.8,887.2,852.84,699.5333333333333,525.76,False,False,False,False,False,False,True,True,False,True,False,-0.1152993348115299,0.0931263858093126,,,0.05450110864745,0.2244641537324464,0.1108647450110864,-0.0066518847006651,0.006652053750119,0.0502705139765553,581.5,670.5,0.9962556833377908,0.0067539046010974,-0.0023597564462652,-0.0004283054485914
2015-07-06,890.0,896.0,833.0,837.0,889600.0,837.0,885.6,880.5,855.64,703.04,528.0475,False,False,False,False,False,False,True,True,False,True,False,-0.015531660692951,0.1481481481481481,,,-0.0222700119474312,0.1600477897252091,0.1923536439665472,0.0979689366786141,0.0049878622363829,0.0557637705848949,600.0,625.5,2.388187919463088,0.0032724042821746,-0.0034815003189228,-0.0016641915137361
2015-07-07,849.0,865.0,836.0,838.0,509700.0,838.0,881.4,876.5,857.96,706.2733333333333,530.35,False,False,False,False,False,False,True,True,False,True,False,0.0155131264916467,0.1933174224343675,,,-0.02381861575179,0.1571917263325378,0.2243436754176611,0.0930787589498806,0.0045780198412324,0.0567027952082145,576.0,640.5,0.5729541366906474,0.0027040887687072,-0.0005683155134674,-0.0004098423951505
2015-07-08,836.0,839.0,798.0,799.0,474000.0,799.0,855.8,867.0,859.24,708.9466666666667,532.4675,False,False,False,False,False,False,True,True,False,True,False,0.0663329161451814,0.2853566958698373,,,-0.0753942428035043,0.1127075511055485,0.1426783479349186,0.1526908635794743,0.0037708525323955,0.0675893886966551,578.5,652.0,0.9299587992937022,0.0014896885619849,-0.0012144002067222,-0.0008071673088368
2015-07-09,784.0,810.0,741.0,804.0,843900.0,804.0,836.0,860.2,861.84,711.5,534.63,False,False,False,False,False,False,True,True,False,False,False,0.1094527363184079,0.3047263681592039,,,-0.0719402985074627,0.1150497512437811,0.0646766169154228,0.1703980099502487,0.0035886624502224,0.0771913508486398,577.5,627.5,1.780379746835443,0.0030168012624153,0.0015271127004303,-0.0001821900821731
2015-07-10,825.0,829.0,792.0,798.0,514800.0,798.0,815.2,852.0,862.84,714.1466666666666,536.765,False,False,False,False,False,False,True,True,False,True,False,0.2355889724310776,0.2243107769423558,,,-0.0812531328320802,0.1050793650793651,0.087719298245614,0.1290726817042606,0.0037060547786635,0.079225352112676,640.5,613.5,0.610024884464984,0.0011589634231143,-0.0018578378393009,0.000117392328441
2015-07-13,795.0,830.0,785.0,824.0,278100.0,824.0,812.6,849.1,865.2,717.34,539.05,False,False,False,False,False,False,True,True,False,False,False,0.1662621359223301,0.1347087378640776,,,-0.05,0.1294417475728154,-0.0303398058252427,0.0703883495145631,0.0044516314904137,0.0724296313743964,617.5,610.0,0.5402097902097902,0.0027276930189551,0.0015687295958408,0.0007455767117501
2015-07-14,836.0,859.0,828.0,851.0,425600.0,851.0,815.2,848.3,867.56,720.9866666666667,541.465,False,False,False,False,False,False,True,True,False,True,False,0.1750881316098707,0.1022326674500587,,,-0.0194594594594593,0.1527771249510379,-0.1104582843713278,-0.0411280846063454,0.0050578836409364,0.0575268183425675,658.5,618.5,1.5303847536857245,0.0027202729494212,-7.420069533920024e-06,0.0006062521505227
2015-07-15,851.0,869.0,838.0,852.0,325300.0,852.0,825.8,840.8,869.32,724.8066666666666,543.795,False,False,False,False,False,False,True,True,False,True,False,0.2053990610328638,0.1044600938967136,,,-0.0203286384976526,0.1492879499217528,-0.142018779342723,-0.0129107981220657,0.0052703709494944,0.0592293054234063,684.5,592.0,0.7643327067669173,0.002024570929002,-0.0006957020204191,0.000212487308558
2015-07-16,854.0,897.0,850.0,892.0,542100.0,892.0,843.4,839.7,871.2,729.1466666666666,546.275,False,False,False,True,True,False,True,True,False,False,False,0.1760089686098654,0.0392376681614349,,,0.0233183856502241,0.1825710014947683,-0.1311659192825112,-0.0459641255605381,0.0059521632593351,0.0579969036560675,719.0,559.0,1.6664617276360283,0.0021579430670339,0.0001333721380318,0.0006817923098406
2015-07-17,895.0,1039.0,894.0,986.0,1769000.0,986.0,881.0,848.1,877.76,734.44,549.23,False,False,False,False,False,False,True,True,False,False,True,-0.0091277890466531,-0.0182555780933062,,,0.1097768762677484,0.2551318458417849,-0.3002028397565923,-0.1480730223123732,0.0072073053392154,0.0409149864402781,777.5,551.0,3.2632355653938387,0.0074735690849434,0.0053156260179094,0.0012551420798803
2015-07-21,993.0,1028.0,950.0,961.0,1179200.0,961.0,908.4,860.5,882.0,739.2733333333333,552.08,False,False,False,False,False,False,True,True,False,True,False,-0.0270551508844953,0.0561914672216441,,,0.0822060353798126,0.230724939299341,-0.2559833506763788,-0.1155046826222684,0.0065379516822825,0.0178965717606042,775.0,591.5,0.6665912945166761,0.0048072562358276,-0.0026663128491157,-0.0006693536569329
2015-07-22,971.0,1050.0,962.0,1000.0,1264600.0,1000.0,938.2,876.7,885.28,744.5933333333334,555.1175,False,False,False,False,False,False,True,True,False,True,False,-0.062,0.02,,,0.11472,0.2554066666666666,-0.254,-0.114,0.0071448396887787,-0.0043344359530056,773.5,617.0,1.0724219810040705,0.003705042472438,-0.0011022137633896,0.0006068880064962
2015-07-23,1000.0,1065.0,1000.0,1027.0,1148300.0,1027.0,973.2,899.5,888.68,750.04,558.36,False,False,False,False,False,False,True,True,False,False,False,-0.0837390457643622,-0.0408958130477117,,,0.1346835443037975,0.2696786757546252,-0.2911392405063291,-0.1285296981499513,0.0072618349243595,-0.0324624791550862,745.0,601.0,0.9080341609995256,0.0038258990862852,0.0001208566138471,0.0001169952355807
2015-07-24,1040.0,1060.0,1013.0,1049.0,673300.0,1049.0,1004.6,924.0,892.4,755.9,561.74,False,False,False,False,False,False,True,True,False,False,False,-0.1163012392755004,-0.0724499523355576,,,0.1492850333651096,0.2794089609151573,-0.3031458531935176,-0.0877025738798856,0.0077523481942056,-0.0563852813852814,710.0,606.5,0.5863450317861186,0.0041685342895562,0.000342635203271,0.000490513269846
2015-07-27,1046.0,1048.0,965.0,977.0,772700.0,977.0,1002.8,941.9,894.68,759.9866666666667,564.7675,False,False,False,False,False,False,True,True,False,True,False,-0.0092118730808597,0.0255885363357216,,,0.0842579324462641,0.2221221426134424,-0.2589559877175025,-0.0184237461617195,0.0053772873208302,-0.0681601019216476,758.0,600.0,1.1476310708450914,0.0025483971922921,-0.001620137097264,-0.0023750608733753
2015-07-28,970.0,970.0,924.0,935.0,978800.0,935.0,997.6,953.0,895.92,764.1133333333333,567.6175,False,False,False,False,False,False,True,True,False,True,False,0.0855614973262032,0.067379679144385,,,0.0417967914438503,0.1827664884135472,-0.2759358288770053,0.0363636363636363,0.0054005950251707,-0.0698845750262329,767.0,590.5,1.2667270609550925,0.0013840521475131,-0.001164345044779,2.330770434054788e-05
2015-07-29,942.0,959.0,927.0,938.0,709800.0,938.0,985.2,961.7,898.32,768.08,570.5725,False,False,False,False,False,False,True,True,False,False,False,0.0874200426439232,0.0938166311300639,,,0.0423027718550106,0.1811513859275053,-0.2782515991471215,0.0255863539445629,0.0051643925979933,-0.0631173962774254,780.0,585.0,0.7251736820596649,0.0026716537536736,0.0012876016061604,-0.0002362024271774
2015-07-30,935.0,941.0,902.0,941.0,943300.0,941.0,968.0,970.6,900.2,771.9333333333333,573.5175,False,False,False,False,False,False,True,True,False,True,False,0.0467587672688629,-0.0297555791710945,,,0.0433581296493092,0.1796670208997521,-0.2401700318809776,0.0435706695005313,0.0049917954918385,-0.0571811250772717,767.0,572.5,1.328965905888983,0.0020884247944901,-0.0005832289591835,-0.0001725971061547
2015-07-31,978.0,978.0,919.0,927.0,786000.0,927.0,943.6,974.1,902.4,775.9266666666666,576.4025,False,False,False,False,False,False,True,True,False,False,False,0.0496224379719525,-0.0765911542610571,,,0.0265372168284789,0.1629701546206401,-0.2416396979503775,0.1262135922330097,0.0051465344663155,-0.0407555692434042,739.0,557.0,0.8332449909890809,0.0024379432624112,0.0003495184679211,0.000154738974477
2015-08-03,934.0,983.0,919.0,968.0,566100.0,968.0,941.8,972.3,905.92,780.6533333333333,579.4325,False,False,False,False,False,False,True,True,False,False,False,0.0351239669421487,-0.1033057851239669,,,0.0641322314049587,0.1935399449035812,-0.2613636363636363,0.3057851239669421,0.0060547575535022,0.0046282011724776,773.0,581.5,0.7202290076335878,0.0038855528081949,0.0014476095457836,0.0009082230871866
2015-08-04,958.0,1038.0,941.0,1015.0,916000.0,1015.0,957.8,977.7,912.4,786.0533333333333,582.71,False,False,False,False,False,False,True,True,False,False,True,-0.0167487684729064,-0.212807881773399,,,0.1010837438423645,0.2255632183908046,-0.2758620689655172,0.2019704433497537,0.0068697628659632,0.0369233916334252,765.0,600.0,1.6180886769122065,0.0071021481806225,0.0032165953724275,0.000815005312461
2015-08-05,1011.0,1039.0,998.0,1020.0,625600.0,1020.0,974.2,979.7,918.84,791.4066666666666,586.1375,False,False,False,False,False,False,True,True,False,True,False,0.0058823529411764,-0.257843137254902,,,0.0991764705882352,0.2241111111111111,-0.2401960784313725,0.2598039215686274,0.0067643268104893,0.0755333265285291,792.0,576.0,0.6829694323144104,0.0070088372295503,-9.331095107219244e-05,-0.0001054360554739
2015-08-06,1037.0,1057.0,977.0,985.0,904700.0,985.0,983.0,975.5,921.16,796.6466666666666,589.5025,False,False,False,False,False,False,True,True,False,True,False,-0.0730964467005076,-0.2578680203045685,,,0.0648121827411167,0.1912216582064298,-0.2142131979695431,0.2903553299492385,0.0065775709850456,0.1187083546899025,808.0,578.5,1.4461317135549872,0.002518563550306,-0.0044902736792442,-0.0001867558254437
2015-08-07,980.0,984.0,952.0,973.0,561400.0,973.0,992.2,967.9,923.96,802.1666666666666,592.87,False,False,False,False,False,False,True,True,False,False,False,-0.1202466598150051,-0.2034943473792394,,,0.0504008221993833,0.1755738266529634,-0.1664953751284686,0.4049331963001027,0.0068813629752752,0.1698522574646141,845.0,577.5,0.6205371946501603,0.0030304342179315,0.0005118706676255,0.0003037919902296
2015-08-10,982.0,1029.0,975.0,1002.0,802200.0,1002.0,999.0,970.4,927.96,808.18,596.3625,False,False,False,False,False,False,True,True,False,False,True,-0.1337325349301397,-0.311377245508982,,,0.0738922155688622,0.1934331337325349,-0.1936127744510978,0.3283433133732535,0.0074405866679864,0.2051731244847486,822.0,640.5,1.428927680798005,0.0043105306263201,0.0012800964083885,0.0005592236927112
2015-08-11,996.0,1005.0,958.0,998.0,722000.0,998.0,995.6,976.7,934.4,813.6,599.86,False,False,False,False,False,False,True,True,False,False,False,-0.1993987975951903,-0.2835671342685371,,,0.0637274549098196,0.1847695390781563,-0.1983967935871743,0.3476953907815631,0.0066617502458211,0.2358963857888807,855.0,617.5,0.900024931438544,0.0068921232876711,0.002581592661351,-0.0007788364221653
2015-08-12,1008.0,1040.0,989.0,1026.0,816600.0,1026.0,996.8,985.5,941.92,819.0533333333333,603.4475,False,False,False,False,False,False,True,True,False,False,False,-0.2621832358674464,-0.2729044834307992,,,0.0819493177387914,0.2017024041585445,-0.2153996101364522,0.2641325536062378,0.0066580930830714,0.2588533739218669,918.0,658.5,1.1310249307479223,0.0079836928826227,0.0010915695949515,-3.657162749704998e-06
2015-08-13,951.0,953.0,859.0,913.0,1985900.0,913.0,982.4,982.7,946.48,823.2133333333334,606.435,False,False,False,False,False,False,True,True,False,True,False,-0.1993428258488499,-0.2026286966046002,,,-0.036670317634173,0.0983424607520992,-0.0547645125958378,0.4304490690032859,0.0050533681022336,0.2954106034395033,942.0,684.5,2.431912809208915,0.0048178514073198,-0.0031658414753028,-0.0016047249808378
2015-08-14,914.0,915.0,846.0,856.0,1833500.0,856.0,959.0,975.6,948.56,826.54,609.175,False,False,False,False,False,False,True,True,False,True,False,-0.094626168224299,-0.1460280373831775,,,-0.1081308411214952,0.0344158878504673,0.0665887850467289,0.655373831775701,0.0040248102531838,0.343070930709307,956.0,719.0,0.9232589757792437,0.0021927975035843,-0.0026250539037355,-0.0010285578490497
2015-08-17,863.0,879.0,851.0,868.0,804600.0,868.0,932.2,965.6,951.36,830.1133333333333,611.9725,False,False,False,False,False,False,True,True,False,False,False,-0.2050691244239631,-0.1658986175115207,,,-0.096036866359447,0.0436482334869431,0.0368663594470046,0.6059907834101382,0.0043046331023073,0.3704432477216238,920.0,777.5,0.4388328333787837,0.0029431550622267,0.0007503575586424,0.0002798228491235
2015-08-18,865.0,867.0,792.0,799.0,2363000.0,799.0,892.4,944.0,950.36,832.8933333333333,614.45,False,False,False,False,False,False,False,True,False,True,False,-0.1051314142678347,-0.1526908635794743,,,-0.1894367959949937,-0.0424196912807676,0.1914893617021276,0.6921151439299124,0.0033377623385147,0.4157838983050847,904.0,775.0,2.9368630375341787,-0.0010522328380824,-0.0039953879003091,-0.0009668707637926
2015-08-19,799.0,804.0,742.0,757.0,2336900.0,757.0,838.6,917.7,946.6,835.1866666666666,616.6125,False,False,False,False,False,False,False,True,False,True,False,-0.0145310435931307,-0.1056803170409511,,,-0.2504623513870542,-0.1032848965213561,0.2589167767503302,0.7291941875825627,0.0027458931336706,0.4589735207584178,878.0,773.5,0.9889547185780788,-0.0039721107120219,-0.0029198778739395,-0.000591869204844
2015-08-20,772.0,773.0,724.0,731.0,1621900.0,731.0,802.2,892.3,941.76,837.3,618.7275,False,False,False,False,False,False,False,True,False,True,False,-0.0041039671682626,-0.0218878248974008,,,-0.2883173734610122,-0.1454172366621066,0.2298221614227086,0.786593707250342,0.0025239858274612,0.5044267622996752,894.0,745.0,0.6940391116436304,-0.0051393136255521,-0.0011672029135302,-0.0002219073062093
2015-08-21,768.0,807.0,761.0,775.0,2599500.0,775.0,786.0,872.5,937.08,840.2066666666667,621.0675,False,False,False,False,False,False,False,True,False,False,False,-0.0567741935483871,-0.0929032258064516,,,-0.2091354838709677,-0.0841376344086022,0.2167741935483871,0.6683870967741935,0.003459466321778,0.5300859598853869,872.0,710.0,1.6027498612738147,-0.0049942374183633,0.0001450762071888,0.0009354804943167
2015-08-24,733.0,754.0,683.0,690.0,1608100.0,690.0,750.4,841.3,925.24,841.6533333333333,622.9875,False,False,False,False,False,False,False,True,False,True,False,0.0492753623188405,0.036231884057971,,,-0.3409275362318841,-0.2197874396135265,0.4028985507246377,0.8043478260869565,0.0017188391103224,0.576607631047189,880.0,758.0,0.6186189651856127,-0.0127966797803813,-0.0078024423620179,-0.0017406272114556
2015-08-25,690.0,790.0,674.0,715.0,1950100.0,715.0,733.6,813.0,915.4,843.1866666666666,625.045,False,False,False,False,False,False,False,True,False,False,False,-0.0531468531468531,0.0279720279720279,,,-0.2802797202797202,-0.1792820512820512,0.3342657342657342,0.8671328671328671,0.0018184980787172,0.630258302583026,853.0,767.0,1.2126733412101238,-0.0107493991697618,0.0020472806106194,9.965896839474902e-05
2015-08-26,765.0,775.0,717.0,746.0,1149800.0,746.0,731.4,785.0,905.24,845.4533333333334,627.2325,False,False,False,False,False,False,False,True,False,True,False,-0.0924932975871313,0.0388739946380697,,,-0.2134584450402145,-0.1333154602323503,0.3096514745308311,0.8699731903485255,0.0026810074279677,0.700891719745223,859.0,780.0,0.589610789190298,-0.0112235429278423,-0.0004741437580804,0.0008625093492505
2015-08-27,740.0,772.0,722.0,728.0,1592800.0,728.0,730.8,766.5,893.28,847.4466666666667,629.255,False,False,False,False,False,False,False,True,False,True,False,-0.0178571428571428,0.0631868131868131,,,-0.227032967032967,-0.1640750915750916,0.3502747252747252,0.9945054945054944,0.0023521637546512,0.7609915198956294,927.0,767.0,1.3852843972864846,-0.0133888590363604,-0.0021653161085181,-0.0003288436733165
2015-08-28,740.0,755.0,724.0,731.0,928400.0,731.0,722.0,754.0,880.56,849.4933333333333,631.3275,False,False,False,False,False,False,False,True,False,True,False,-0.0383036935704514,0.1094391244870041,,,-0.2045964432284541,-0.1620975832193342,0.332421340629275,0.9699042407660738,0.0024092792566548,0.7932360742705569,903.0,739.0,0.5828729281767956,-0.014445352957209,-0.0010564939208486,5.711550200366341e-05
2015-08-31,731.0,736.0,710.0,724.0,826000.0,724.0,728.8,739.6,870.44,850.6066666666667,633.37,False,False,False,False,False,False,False,True,False,False,False,-0.0124309392265193,0.1160220994475138,,,-0.2022651933701658,-0.1748710865561694,0.3342541436464088,1.1077348066298345,0.0013088697478662,0.8459978366684693,902.0,773.0,0.8897027143472641,-0.011626303938238,0.002819049018971,-0.0011004095087886
2015-09-01,715.0,715.0,675.0,677.0,1071400.0,677.0,721.2,727.4,860.12,851.4,635.1525,False,False,False,False,False,False,False,True,False,True,False,0.0856720827178729,0.1816838995568685,,,-0.2704874446085672,-0.2576070901033973,0.3899556868537666,1.1506646971935008,0.0009317986062171,0.8912565301072314,837.0,765.0,1.297094430992736,-0.0119983258150026,-0.0003720218767646,-0.000377071141649
2015-09-02,647.0,697.0,644.0,677.0,1729100.0,677.0,707.4,719.4,849.68,851.6466666666666,636.845,False,False,True,False,False,False,False,True,False,True,False,0.1447562776957164,0.1890694239290989,,,-0.25506646971935,-0.257971442639094,0.4032496307237814,1.190546528803545,0.0002896349816434,0.9364748401445648,838.0,792.0,1.6138697031920852,-0.0122869786272479,-0.0002886528122453,-0.0006421636245737
2015-09-03,697.0,726.0,688.0,715.0,1239000.0,715.0,704.8,717.8,840.64,852.0533333333333,638.7075,False,False,False,False,False,False,False,True,False,False,False,0.0825174825174825,0.206993006993007,,,-0.1757202797202797,-0.1916829836829836,0.2965034965034965,0.9916083916083916,0.0004772784176264,0.9572304263025916,799.0,808.0,0.7165577468046961,-0.0107537114579367,0.0015332671693112,0.0001876434359829
2015-09-04,701.0,716.0,691.0,703.0,1526900.0,703.0,699.2,710.6,831.68,851.84,640.5225,False,False,False,False,False,False,False,False,False,True,False,0.1536273115220483,0.2987197724039829,,,-0.1830440967283071,-0.2117211948790896,0.3243243243243243,1.1024182076813656,-0.000250438266967,1.0030959752321982,804.0,845.0,1.232364810330912,-0.0107733743747595,-1.966291682280012e-05,-0.0007277166845935
2015-09-07,706.0,735.0,704.0,715.0,1697300.0,715.0,697.4,713.1,821.56,851.0066666666667,642.385,False,False,False,False,False,False,False,False,False,True,True,0.13006993006993,0.2587412587412587,,,-0.1490349650349649,-0.1902191142191142,0.3594405594405594,1.088111888111888,-0.0009792324384454,1.0308512130136025,798.0,822.0,1.111598663959657,-0.0123180291153415,-0.0015446547405819,-0.0007287941714783
2015-09-08,719.0,741.0,719.0,735.0,1265600.0,735.0,709.0,715.1,810.36,850.4733333333334,644.2775,False,False,False,False,False,False,False,False,False,True,False,0.0884353741496598,0.2952380952380952,,,-0.1025306122448979,-0.1571065759637188,0.3210884353741496,0.891156462585034,-0.0006271017707785,1.0328625367081528,824.0,855.0,0.7456548636069051,-0.0138210178192407,-0.0015029887038991,0.0003521306676669
2015-09-09,774.0,784.0,747.0,775.0,960300.0,775.0,728.6,718.0,800.56,850.4933333333333,646.4025,False,False,False,False,False,False,False,True,False,False,False,0.0387096774193548,0.2296774193548387,,,-0.0329806451612902,-0.097410752688172,0.2270967741935484,0.704516129032258,2.3515763400044457e-05,1.0143454038997213,851.0,918.0,0.7587705436156763,-0.0122414309983012,0.0015795868209394,0.0006506175341786
2015-09-10,750.0,780.0,741.0,774.0,642300.0,774.0,740.4,722.6,792.12,850.88,648.345,False,False,False,False,False,False,False,True,False,False,False,0.1149870801033591,0.1614987080103359,,,-0.0234108527131783,-0.099328165374677,0.1705426356589147,0.8204134366925064,0.0004544314905352,0.9955715471907002,852.0,942.0,0.668853483286473,-0.0106549512700095,0.0015864797282917,0.0004309157271352
2015-09-11,785.0,825.0,768.0,811.0,1252100.0,811.0,762.0,730.6,785.64,852.2266666666667,650.3975,False,False,False,False,True,False,False,True,False,False,False,0.12577065351418,0.1627620221948212,,,0.0312700369913686,-0.0508343608713522,0.0764488286066584,0.7225647348951911,0.0015801742885304,0.967834656446756,892.0,956.0,1.949400591623852,-0.0082480525431495,0.0024068987268599,0.0011257427979951
2015-09-14,819.0,832.0,798.0,808.0,724900.0,808.0,780.6,739.0,777.88,852.8933333333333,652.415,False,False,False,False,False,False,False,True,False,True,False,0.1138613861386138,0.198019801980198,,,0.0372772277227722,-0.0555610561056105,0.1089108910891089,0.698019801980198,0.0007816530398486,0.9246278755074424,986.0,920.0,0.5789473684210527,-0.0099758317478274,-0.0017277792046778,-0.0007985212486818
2015-09-15,807.0,826.0,792.0,800.0,485600.0,800.0,793.6,751.3,769.96,853.3333333333334,654.3775,False,False,False,False,False,False,False,True,False,True,False,0.19,0.1925,,,0.0375499999999999,-0.0666666666666667,0.14875,0.5675,0.000515625,0.866231864767736,961.0,904.0,0.6698855014484757,-0.0102862486362927,-0.0003104168884653,-0.0002660280398485
2015-09-16,811.0,816.0,794.0,805.0,459200.0,805.0,799.6,764.1,761.12,853.6666666666666,656.39,False,False,False,False,False,False,False,True,False,True,False,0.1838509316770186,0.2136645962732919,,,0.0545093167701863,-0.060455486542443,0.1378881987577639,0.6124223602484472,0.0003904724716906,0.8107577542206515,1000.0,878.0,0.9456342668863262,-0.0116144628967837,-0.0013282142604909,-0.0001251525283094
2015-09-17,808.0,867.0,803.0,863.0,1122400.0,863.0,817.4,778.9,759.12,854.9466666666667,658.6675,False,False,False,False,False,False,False,True,False,False,False,0.0417149478563151,0.1390498261877172,,,0.1203707995365005,0.0093317883352645,0.06720741599073,0.4090382387022016,0.0014971694140766,0.7496469379894724,1027.0,894.0,2.4442508710801394,-0.0026346295710823,0.0089798333257014,0.0011066969423859
2015-09-18,906.0,939.0,886.0,913.0,2298400.0,913.0,837.8,799.9,761.4,857.2666666666667,661.2,False,False,False,False,False,False,True,True,True,False,False,0.0328587075575027,0.0668127053669222,,,0.1660460021905805,0.0610441767068273,0.0306681270536692,0.2880613362541073,0.0027062757601679,0.6659582447805975,1049.0,872.0,2.0477548111190305,0.0029944838455476,0.0056291134166299,0.0012091063460912
2015-09-24,891.0,935.0,889.0,900.0,1214800.0,900.0,856.2,818.4,762.68,858.96,663.6575,False,False,False,False,False,False,True,True,False,True,False,0.0755555555555555,0.0733333333333333,,,0.1525777777777778,0.0455999999999999,0.0011111111111111,0.3155555555555555,0.0019713762379312,0.590542521994135,977.0,880.0,0.5285415941524538,0.0016782923375465,-0.0013161915080011,-0.0007348995222366
2015-09-25,915.0,969.0,902.0,952.0,2034600.0,952.0,886.6,840.1,768.8,861.4533333333334,666.315,False,False,False,False,False,False,True,True,False,False,False,0.0021008403361344,-0.0115546218487394,,,0.192436974789916,0.0951120448179271,-0.0735294117647058,0.1869747899159664,0.002894333606773,0.5185097012260446,935.0,853.0,1.6748435956536056,0.0079604578563995,0.006282165518853,0.0009229573688418
2015-09-28,949.0,978.0,941.0,953.0,1037300.0,953.0,916.2,857.9,776.64,863.6,668.895,False,False,False,False,False,False,True,True,False,False,False,0.0251836306400839,-0.0031479538300104,,,0.1850577124868835,0.0938090241343126,-0.1437565582371458,0.130115424973767,0.0024857186969275,0.4585616039165404,938.0,859.0,0.5098299420033422,0.0100947672023074,0.0021343093459078,-0.0004086149098454
2015-09-29,931.0,940.0,867.0,899.0,772700.0,899.0,923.4,870.4,783.36,864.8133333333334,671.15,False,False,False,False,False,False,True,True,False,True,False,0.0934371523915461,0.0311457174638487,,,0.1286318131256952,0.0380274378939561,-0.064516129032258,0.1345939933259176,0.0014030002620989,0.3929227941176472,941.0,927.0,0.7449146823484045,0.008578431372549,-0.0015163358297583,-0.0010827184348285
2015-09-30,910.0,955.0,904.0,943.0,601300.0,943.0,929.4,883.6,790.08,866.12,673.25,False,False,False,False,False,False,True,True,False,True,False,0.0328738069989395,-0.0127253446447507,,,0.1621633085896076,0.08152704135737,-0.0975609756097561,0.1792152704135737,0.0015086439138532,0.3398596650067905,927.0,903.0,0.7781804063672836,0.008505467800729,-7.29635718199808e-05,0.0001056436517543
2015-10-01,958.0,995.0,955.0,968.0,817600.0,968.0,943.0,899.6,801.2,868.0666666666667,675.62,False,False,False,False,False,False,True,True,False,False,False,-0.0020661157024793,0.0041322314049586,,,0.1723140495867768,0.1032369146005509,-0.1322314049586777,0.2355371900826446,0.0022425312955994,0.2964650955980435,968.0,902.0,1.359720605355064,0.0138791812281577,0.0053737134274286,0.0007338873817461
2015-10-02,953.0,967.0,938.0,954.0,456200.0,954.0,943.4,915.0,810.76,869.3866666666667,677.885,False,False,False,False,False,False,True,True,False,True,False,-0.0136268343815513,0.0178197064989517,,,0.150146750524109,0.0886932215234102,-0.1090146750524109,0.2431865828092243,0.0015183117600146,0.2672131147540983,1015.0,837.0,0.5579745596868885,0.0117914055947505,-0.0020877756334072,-0.0007242195355848
2015-10-05,973.0,991.0,962.0,977.0,694200.0,977.0,948.2,932.2,820.0,870.1733333333333,680.325,False,False,False,False,False,False,True,True,False,True,False,-0.0276356192425793,-0.0266120777891504,,,0.1606960081883316,0.1093415216649608,-0.0931422722620266,0.2333674513817809,0.0009040344452445,0.233855395837803,1020.0,838.0,1.52170100832968,0.0112682926829268,-0.0005231129118236,-0.00061427731477
2015-10-06,990.0,1017.0,976.0,983.0,659500.0,983.0,965.0,944.2,830.2,870.72,682.8575,False,False,False,False,False,False,True,True,False,False,False,-0.056968463886063,-0.0783316378433367,,,0.1554425228891149,0.1142217700915564,-0.0895218718209562,0.2400813835198372,0.0006278329045694,0.2184918449481041,985.0,799.0,0.9500144050705848,0.0122861960973259,0.0010179034143991,-0.0002762015406751
2015-10-07,976.0,982.0,943.0,974.0,553600.0,974.0,971.2,950.3,839.92,870.96,685.4275,False,False,False,False,False,False,True,True,False,True,False,-0.0441478439425051,-0.1036960985626283,,,0.1376591375770021,0.1057905544147843,-0.0174537987679671,0.2731006160164271,0.00027555800496,0.2174050299905294,973.0,804.0,0.8394238059135709,0.011572530717211,-0.0007136653801149,-0.0003522748996094
2015-10-08,994.0,1054.0,956.0,966.0,1097400.0,966.0,970.8,956.9,849.6,871.5733333333334,687.9675,False,False,False,False,False,False,True,True,False,True,False,0.0062111801242236,-0.072463768115942,,,0.1204968944099378,0.0977501725327811,-0.0072463768115942,0.3716356107660455,0.0007037082364459,0.2237433378618455,1002.0,798.0,1.982297687861272,0.0113935969868174,-0.0001789337303936,0.0004281502314859
2015-10-09,965.0,981.0,933.0,941.0,540400.0,941.0,968.2,955.8,860.16,872.0666666666667,690.3925,False,False,False,False,False,False,True,True,False,False,False,0.0318809776833156,-0.0233793836344314,,,0.0859086078639745,0.0732554020545518,0.0297555791710945,0.3846971307120085,0.0005657059857809,0.2432517263025737,998.0,824.0,0.4924366684891562,0.0122767857142856,0.0008831887274682,-0.000138002250665
2015-10-13,947.0,972.0,936.0,950.0,721000.0,950.0,962.8,955.5,871.08,873.0266666666666,692.95,False,False,False,False,False,False,True,True,False,False,False,0.0010526315789473,-0.0357894736842105,,,0.0830736842105262,0.0810245614035087,0.0126315789473684,0.3,0.0010996227683002,0.2601779173207744,1026.0,851.0,1.33419689119171,0.012536162005786,0.0002593762915003,0.0005339167825193
2015-10-14,949.0,955.0,925.0,927.0,437900.0,927.0,951.6,958.3,879.56,873.4666666666667,695.4125,True,True,False,False,False,False,True,True,False,True,True,-0.0226537216828478,-0.0064724919093851,,,0.051175836030205,0.0577490111470693,0.0593311758360302,0.2632146709816613,0.0005037398870402,0.2722529479286237,913.0,852.0,0.6073509015256588,0.0096411842284777,-0.0028949777773082,-0.00059588288126
2015-10-15,935.0,949.0,926.0,931.0,484100.0,931.0,943.0,957.1,888.68,874.2533333333333,697.8225,False,False,False,False,False,False,True,True,False,False,False,-0.0622986036519871,0.0107411385606874,,,0.0454564983888292,0.0609523809523809,0.1213748657357679,0.2416756176154672,0.0008998154615747,0.278445303521053,856.0,892.0,1.105503539620918,0.0102624116667416,0.0006212274382639,0.0003960755745345
2015-10-16,940.0,998.0,936.0,972.0,884100.0,972.0,944.2,957.5,898.96,875.48,700.48,False,False,False,False,False,False,True,True,False,False,False,-0.0781893004115226,-0.0730452674897119,,,0.0751440329218106,0.0993004115226337,0.3004115226337449,0.1625514403292181,0.0014011361386515,0.2710182767624021,868.0,986.0,1.8262755629002272,0.0114354365044051,0.0011730248376634,0.0005013206770767
2015-10-19,993.0,993.0,957.0,971.0,378000.0,971.0,950.2,959.2,908.4,877.0533333333333,703.075,False,False,False,False,False,False,True,True,False,True,False,-0.0535530381050463,-0.0916580844490216,,,0.0644696189495365,0.0967524888431171,0.2564366632337796,0.1338825952626158,0.0017938855865853,0.259904086738949,799.0,961.0,0.4275534441805225,0.0103918978423601,-0.001043538662045,0.0003927494479337
2015-10-20,974.0,981.0,941.0,951.0,403100.0,951.0,950.4,956.6,915.44,878.28,705.56,False,False,False,False,False,False,True,True,False,True,False,-0.0368033648790746,-0.1419558359621451,,,0.0373922187171398,0.0764668769716088,0.3512092534174553,0.1650893796004206,0.0013966692474685,0.2531883754965502,757.0,1000.0,1.0664021164021165,0.0076902910076029,-0.0027016068347571,-0.0003972163391167
2015-10-21,963.0,966.0,896.0,906.0,1535300.0,906.0,946.2,948.9,920.72,878.0,707.655,False,False,False,False,False,False,True,False,False,True,False,0.0165562913907284,-0.0717439293598234,,,-0.0162472406181015,0.0309050772626931,0.4028697571743929,0.0584988962472406,-0.0003189066059225,0.2359574243861313,731.0,1027.0,3.80873232448524,0.0057346424537318,-0.0019556485538711,-0.001715575853391
2015-10-22,907.0,910.0,865.0,873.0,1151400.0,873.0,934.6,938.8,923.2,877.6,709.6125,False,False,False,False,False,False,True,False,False,True,False,0.0778923253150057,-0.0252004581901489,,,-0.0575028636884307,-0.0052691867124857,0.565864833906071,0.1786941580756013,-0.0004557885141294,0.2267788666382617,775.0,1049.0,0.7499511496124536,0.002686308492201,-0.0030483339615307,-0.0001368819082068
2015-10-23,881.0,898.0,873.0,896.0,765300.0,896.0,919.4,931.8,926.72,877.52,711.675,False,False,False,False,False,False,True,False,False,False,False,0.0055803571428571,-0.0625,,,-0.0342857142857143,0.020625,0.4854910714285714,0.1372767857142857,-9.116601331028458e-05,0.2031551835157758,690.0,977.0,0.6646690984887963,0.0037983425414364,0.0011120340492353,0.0003646225008191
2015-10-26,897.0,922.0,892.0,919.0,373300.0,919.0,909.0,929.6,931.48,878.6133333333333,713.81,False,False,False,False,False,False,True,True,False,False,False,-0.0402611534276387,-0.0750816104461371,,,-0.0135799782372143,0.0439463184620964,0.4635473340587595,0.1109902067464635,0.0012443850916596,0.1756669535283994,715.0,935.0,0.4877825689272181,0.0051101472924807,0.0013118047510443,0.0013355511049699
2015-10-27,923.0,936.0,908.0,916.0,292700.0,916.0,902.0,926.2,935.92,879.6533333333333,715.855,False,False,False,False,False,False,True,True,False,True,False,-0.1091703056768559,-0.0327510917030567,,,-0.0217467248908296,0.0396797671033479,0.4159388646288209,0.2052401746724891,0.001182283930033,0.165838911682142,746.0,938.0,0.7840878649879454,0.004743995213266,-0.0003661520792147,-6.210116162661569e-05
2015-10-28,937.0,957.0,921.0,921.0,479100.0,921.0,905.0,925.6,938.24,881.28,717.995,False,False,False,False,False,False,True,True,False,True,False,-0.0868621064060803,-0.0282301845819761,,,-0.0187187839305103,0.0431270358306189,0.4180238870792617,0.1194353963083604,0.0018458000484144,0.1514693171996542,728.0,941.0,1.6368295182781003,0.0024727148703956,-0.0022712803428703,0.0006635161183814
2015-10-29,950.0,960.0,934.0,941.0,1122200.0,941.0,918.6,926.6,939.36,883.1066666666667,720.2875,False,False,False,True,True,False,True,True,False,True,False,-0.0956429330499468,0.0170031880977683,,,0.0017428267800212,0.0615232022670917,0.5058448459086079,0.0945802337938363,0.0020684553017378,0.1366285344269372,731.0,927.0,2.342308495094969,0.0011923011412025,-0.0012804137291931,0.0002226552533234
2015-10-30,940.0,944.0,880.0,901.0,1118800.0,901.0,919.6,919.5,939.4,884.48,722.2925,False,False,False,False,False,False,True,True,False,True,False,-0.0677025527192008,0.0643729189789123,,,-0.0426193118756936,0.0183351831298556,0.5471698113207547,0.1243063263041065,0.0015527013989387,0.1326808047852093,724.0,968.0,0.9969702370343968,4.258037044918418e-05,-0.0011497207707533,-0.0005157539027991
2015-11-02,888.0,898.0,878.0,882.0,376600.0,882.0,912.2,910.6,936.6,885.2533333333333,724.195,False,False,False,False,False,False,False,True,False,True,False,-0.0362811791383219,0.0986394557823129,,,-0.0619047619047619,-0.0036885865457293,0.5328798185941043,0.1485260770975056,0.000873572913215,0.1340874148912805,677.0,1015.0,0.3366106542724347,-0.0029895366218235,-0.0030321169922727,-0.0006791284857237
2015-11-04,897.0,903.0,808.0,816.0,1257500.0,816.0,892.2,897.1,931.12,884.7866666666666,725.735,False,False,False,False,False,False,False,False,False,True,False,0.0857843137254902,0.1789215686274509,,,-0.141078431372549,-0.0842973856209149,0.6041666666666666,0.2708333333333333,-0.0005274341084103,0.1432393267194291,677.0,1020.0,3.339086563993628,-0.0058853853423833,-0.0028958487205598,-0.0014010070216253
2015-11-05,832.0,848.0,824.0,841.0,719800.0,841.0,876.2,890.6,928.8,884.64,727.4375,False,False,False,False,False,False,False,False,False,False,False,0.0642092746730083,0.1676575505350772,,,-0.1043995243757431,-0.0518906064209274,0.5529131985731273,0.1747919143876337,-0.000165792488093,0.1548394340893779,715.0,985.0,0.5724055666003977,-0.0024978466838932,0.0033875386584901,0.0003616416203172
2015-11-06,835.0,856.0,834.0,851.0,524400.0,851.0,858.2,888.4,925.12,884.0933333333334,729.155,False,False,False,False,False,False,False,False,False,True,False,0.1245593419506463,0.226792009400705,,,-0.0870975323149236,-0.0388875832354093,0.5193889541715628,0.1762632197414806,-0.0006183359223007,0.1545475011256191,703.0,973.0,0.7285357043623228,-0.0039778623313731,-0.0014800156474799,-0.0004525434342077
2015-11-09,857.0,861.0,827.0,840.0,1090900.0,840.0,846.0,882.8,920.0,882.1466666666666,730.82,False,False,False,False,False,False,False,False,False,True,False,0.1416666666666666,0.5047619047619047,,,-0.0952380952380952,-0.0501746031746031,0.4821428571428571,0.1642857142857142,-0.0022067381085534,0.1572270049841414,715.0,1002.0,2.080282227307399,-0.0055652173913043,-0.0015873550599311,-0.0015884021862526
2015-11-10,844.0,863.0,840.0,850.0,470600.0,850.0,839.6,875.9,915.84,880.6666666666666,732.5425,False,False,False,False,False,False,False,False,False,False,False,0.14,0.4352941176470588,,,-0.0774588235294118,-0.0360784313725489,0.5705882352941176,0.3270588235294118,-0.0016805450416351,0.1785591962552802,735.0,998.0,0.4313869282244019,-0.0045422781271837,0.0010229392641206,0.0005261930669182
2015-11-11,850.0,894.0,846.0,886.0,792800.0,886.0,853.6,872.9,912.2,879.1466666666666,734.385,False,False,False,False,False,False,False,False,False,False,False,0.0857787810383747,0.4503386004514673,,,-0.0295711060948081,0.0077351392024078,0.5744920993227991,0.3713318284424379,-0.0017289492841543,0.1953259250773285,775.0,1026.0,1.6846578835529111,-0.0039903529927647,0.000551925134419,-4.840424251916506e-05
2015-11-12,900.0,917.0,885.0,895.0,516900.0,895.0,864.4,870.3,908.68,877.3866666666667,736.3425,False,False,False,False,False,False,False,False,False,False,False,0.0972067039106145,0.4201117318435754,,,-0.0152849162011172,0.0196797020484171,0.6223463687150838,0.3262569832402234,-0.0020059570846756,0.2168217855911755,774.0,913.0,0.6519929364278506,-0.0038737509354229,0.0001166020573418,-0.0002770078005213
2015-11-13,917.0,961.0,906.0,957.0,908400.0,957.0,885.6,871.9,908.0,876.16,738.615,False,False,False,False,True,False,False,False,False,False,False,0.0909090909090909,0.4284221525600836,,,0.051201671891327,0.0844723092998955,0.5047021943573667,0.238244514106583,-0.001400048697346,0.2323660970294759,811.0,856.0,1.7573998839233895,-0.000748898678414,0.0031248522570088,0.0006059083873296
2015-11-16,935.0,966.0,929.0,959.0,550500.0,959.0,909.4,877.7,907.72,875.92,740.8725,False,False,False,False,False,False,False,False,False,False,False,0.3180396246089677,0.3879040667361835,,,0.0534723670490093,0.0866319082377476,0.5912408759124088,0.2033368091762252,-0.0002739976253539,0.24028711404808,808.0,868.0,0.6060105680317041,-0.0003084651654694,0.0004404335129445,0.001126051071992
2015-11-17,970.0,990.0,960.0,969.0,744800.0,969.0,933.2,886.4,908.84,876.3733333333333,743.2025,False,False,False,False,False,False,True,True,True,False,False,0.2590299277605779,0.3880288957688338,,,0.0620846233230133,0.0955899552803577,0.5025799793601651,0.1671826625386996,0.0005172833495618,0.2414259927797835,800.0,799.0,1.3529518619436876,0.0012323401258747,0.0015408052913442,0.0007912809749158
2015-11-18,969.0,974.0,957.0,962.0,658100.0,962.0,948.4,901.0,909.32,876.6933333333334,745.5075,False,False,False,False,False,False,True,True,False,True,False,0.3357588357588357,0.3482328482328482,,,0.0547609147609147,0.0886763686763686,0.5415800415800416,0.2286902286902287,0.0003650079085047,0.237402885682575,805.0,757.0,0.88359291084855,0.0005278669775216,-0.000704473148353,-0.0001522754410571
2015-11-19,968.0,984.0,956.0,982.0,613500.0,982.0,965.8,915.1,911.52,877.24,747.895,False,False,False,False,False,False,True,True,True,False,False,0.2942973523421588,0.329938900203666,,,0.0717718940936863,0.1066802443991853,0.45010183299389,0.2016293279022403,0.0006231665982702,0.2393181073106763,863.0,731.0,0.932229144506914,0.0024135509917499,0.0018856840142282,0.0002581586897655
2015-11-20,976.0,1047.0,975.0,1044.0,1119700.0,1044.0,983.2,934.4,916.04,878.8,750.695,False,False,False,False,False,False,True,True,False,False,False,0.3093869731800766,0.35727969348659,,,0.1225670498084291,0.1582375478927203,0.4157088122605364,0.1829501915708812,0.001775147928994,0.2387628424657534,913.0,775.0,1.825101874490628,0.004934282345749,0.0025207313539991,0.0011519813307237
2015-11-24,1040.0,1332.0,1040.0,1264.0,3862900.0,1264.0,1044.2,976.8,927.72,882.7466666666667,754.54,False,False,False,False,False,False,True,True,False,False,False,0.053006329113924,0.1028481012658227,,,0.2660443037974683,0.3016244725738397,0.1811708860759493,0.0348101265822784,0.0044708938766879,0.2187755937755938,900.0,690.0,3.4499419487362686,0.0125900056051395,0.0076557232593904,0.0026957459476939
2015-11-25,1255.0,1255.0,1184.0,1220.0,2088300.0,1220.0,1094.4,1013.8,937.68,885.48,758.2925,False,False,False,False,False,False,True,True,False,True,False,0.1024590163934426,0.1081967213114754,,,0.2314098360655738,0.2741967213114754,0.1393442622950819,0.0827868852459016,0.0030868380238213,0.1933320181495364,952.0,715.0,0.5406042092728262,0.0106219605835678,-0.0019680450215716,-0.0013840558528665
2015-11-26,1223.0,1311.0,1210.0,1285.0,1377600.0,1285.0,1159.0,1053.7,951.04,889.0133333333333,762.4975,False,False,False,False,False,False,True,True,False,False,False,0.0093385214007782,0.0186770428015564,,,0.2598910505836576,0.3081608300907912,0.0280155642023346,0.0132295719844357,0.003974443577899,0.1564012527284805,953.0,746.0,0.6596753340037351,0.0140477792732167,0.0034258186896488,0.0008876055540776
2015-11-27,1284.0,1306.0,1245.0,1271.0,624800.0,1271.0,1216.8,1091.3,965.64,892.8266666666667,766.665,False,False,False,False,False,False,True,True,False,False,False,0.027537372147915,0.027537372147915,,,0.2402517702596381,0.2975399947547862,0.1085759244689221,0.041699449252557,0.0042710791195006,0.1291120681755705,899.0,728.0,0.4535423925667828,0.0151195062342073,0.0010717269609906,0.0002966355416016
2015-11-30,1272.0,1377.0,1256.0,1367.0,1347300.0,1367.0,1281.4,1132.3,985.4,898.08,771.27,False,False,False,False,False,False,True,True,False,False,False,0.0365764447695683,-0.0541331382589612,,,0.279151426481346,0.3430285296269202,0.021945866861741,-0.0453547915142648,0.0058495160045133,0.0988253996290736,943.0,731.0,2.156370038412292,0.0200527704485488,0.0049332642143414,0.0015784368850126
2015-12-01,1350.0,1383.0,1310.0,1331.0,1106500.0,1331.0,1294.8,1169.5,1002.8,902.4666666666668,775.7625,False,False,False,False,False,False,True,True,False,True,False,0.0473328324567994,-0.0646130728775356,,,0.2465815176558978,0.3219634360130227,0.0308039068369646,-0.0277986476333583,0.0048607520130015,0.0758443779392903,968.0,724.0,0.8212721739775848,0.0173514160351016,-0.0027013544134471,-0.0009887639915118
2015-12-02,1345.0,1395.0,1338.0,1345.0,869500.0,1345.0,1319.8,1207.1,1019.84,907.0933333333334,780.335,False,False,False,False,False,False,True,True,False,True,False,0.0052044609665427,-0.0074349442379182,,,0.2417546468401486,0.3255811648079306,-0.0676579925650557,-0.037174721189591,0.0051005409219189,0.0559191450584044,954.0,677.0,0.7858111161319475,0.0167085032946345,-0.0006429127404671,0.0002397889089174
2015-12-03,1323.0,1332.0,1280.0,1297.0,1013100.0,1297.0,1322.2,1240.6,1035.08,910.7066666666668,784.6275,False,False,False,False,False,False,True,True,False,True,False,0.0092521202775636,0.0755589822667694,,,0.2019429452582884,0.2978360318684142,0.0007710100231303,-0.0053970701619121,0.0039676148924645,0.0361115589231018,977.0,677.0,1.165152386428982,0.0147234996328785,-0.001985003661756,-0.0011329260294543
2015-12-04,1278.0,1331.0,1249.0,1306.0,1027700.0,1306.0,1329.2,1273.0,1050.48,915.9466666666668,788.965,False,False,False,False,False,False,True,True,False,True,False,0.0,0.111791730474732,,,0.1956508422664624,0.2986625829504848,-0.0689127105666156,-0.001531393568147,0.0057208571095842,0.0194815396700706,983.0,715.0,1.0144112131082814,0.0146599649683954,-6.35346644830316e-05,0.0017532422171196
2015-12-07,1308.0,1436.0,1308.0,1417.0,1706400.0,1417.0,1339.2,1310.3,1069.52,923.4266666666666,793.675,False,False,False,False,False,False,True,True,False,False,False,-0.0875088214537755,0.0162314749470712,,,0.2452223006351447,0.3483227475888026,-0.1700776287932251,-0.0494001411432604,0.008100264233218,-0.0009921392047622,974.0,703.0,1.660406733482534,0.0178023786371456,0.0031424136687501,0.0023794071236338
2015-12-08,1409.0,1459.0,1365.0,1394.0,943300.0,1394.0,1351.8,1323.3,1089.24,930.44,798.275,False,False,False,False,False,False,True,True,False,False,False,-0.1068866571018651,0.0946915351506456,,,0.2186226685796269,0.3325394548063127,-0.1506456241032998,-0.0114777618364418,0.00753765243684,-0.0055165117509256,966.0,715.0,0.5528012189404594,0.0181043663471778,0.0003019877100322,-0.000562611796378
2015-12-09,1388.0,1417.0,1332.0,1352.0,645900.0,1352.0,1353.2,1336.5,1108.04,937.8133333333334,802.695,False,False,False,False,False,False,True,True,False,True,False,-0.0125739644970414,0.0769230769230769,,,0.1804437869822485,0.3063510848126232,-0.1642011834319526,0.0214497041420118,0.0078622611464968,-0.0108492330714552,941.0,735.0,0.6847238418318669,0.0169668965019312,-0.0011374698452465,0.0003246087096567
2015-12-10,1314.0,1358.0,1302.0,1309.0,632600.0,1309.0,1355.6,1338.9,1127.76,945.1733333333332,806.9175,False,False,False,False,False,False,True,True,False,False,False,0.0656990068754774,0.1329258976317799,,,0.1384568372803667,0.2779424497071557,-0.1772345301757066,-0.0106951871657754,0.0077869314975734,-0.0131451191276421,950.0,775.0,0.97940857717913,0.0174859899269348,0.0005190934250035,-7.532964892340444e-05
2015-12-11,1281.0,1347.0,1265.0,1306.0,957700.0,1306.0,1355.6,1342.4,1146.36,952.84,811.1,False,False,False,False,False,False,True,True,False,True,False,0.111791730474732,0.0903522205206738,,,0.1222358346094947,0.2704134762633997,-0.2189892802450229,0.004594180704441,0.0080461217693073,-0.0166120381406437,927.0,774.0,1.5139108441353146,0.0162252695488327,-0.001260720378102,0.0002591902717339
2015-12-14,1269.0,1312.0,1262.0,1293.0,405800.0,1293.0,1330.8,1335.0,1164.04,959.7466666666668,815.19,False,False,False,False,False,False,True,True,False,True,False,0.1136890951276102,0.1430781129156999,,,0.0997370456303171,0.2577365300335137,-0.139984532095901,-0.0595514307811291,0.0071963434795294,-0.0178277153558052,931.0,811.0,0.4237235042288817,0.0151884814954813,-0.0010367880533514,-0.0008497782897779
2015-12-15,1290.0,1363.0,1241.0,1245.0,824800.0,1245.0,1301.0,1326.4,1180.24,967.1466666666666,819.0775,False,False,False,False,False,False,True,True,False,True,False,0.2257028112449799,0.1991967871485943,,,0.0520160642570281,0.2231753681392236,-0.0393574297188755,-0.0602409638554216,0.0076513731112825,-0.0208082026537998,972.0,808.0,2.032528339083292,0.0137260218260693,-0.0014624596694119,0.0004550296317531
2015-12-16,1305.0,1353.0,1272.0,1335.0,1076700.0,1335.0,1297.6,1325.4,1199.64,975.4133333333332,823.4775,False,False,False,False,False,False,True,True,False,False,False,0.0906367041198501,0.0411985018726591,,,0.1013932584269662,0.2693533083645444,-0.1116104868913857,-0.0913857677902621,0.0084750396413143,-0.0262562245359892,971.0,800.0,1.3054073714839962,0.0161715181221033,0.002445496296034,0.0008236665300317
2015-12-17,1380.0,1426.0,1353.0,1395.0,841100.0,1395.0,1314.8,1335.2,1220.0,984.0666666666668,828.1125,False,False,False,False,False,False,True,True,False,False,True,0.0630824372759856,-0.0530465949820788,,,0.1254480286738351,0.2945758661887693,-0.1362007168458781,-0.1111111111111111,0.0087934421787144,-0.037147992810066,951.0,805.0,0.7811832451007709,0.0166885245901638,0.0005170064680604,0.0003184025374001
2015-12-18,1390.0,1471.0,1375.0,1452.0,1292600.0,1452.0,1344.0,1349.8,1242.28,993.72,833.0075,False,False,False,False,False,False,True,True,False,False,False,-0.0192837465564738,-0.0296143250688705,,,0.144435261707989,0.3156198347107438,-0.1604683195592286,-0.1880165289256198,0.0097143393846689,-0.0568232330715661,906.0,863.0,1.5367970514802043,0.0179347651093151,0.0012462405191512,0.0009208972059544
2015-12-21,1464.0,1494.0,1405.0,1440.0,1206200.0,1440.0,1373.4,1352.1,1261.6,1003.1733333333332,837.8575,False,False,False,False,False,False,True,True,False,True,False,0.0263888888888888,-0.0298611111111111,,,0.1238888888888889,0.303351851851852,-0.1388888888888889,-0.1826388888888888,0.0094234296499107,-0.0710006656312403,873.0,913.0,0.9331579761720564,0.0153138871274571,-0.0026208779818579,-0.0002909097347581
2015-12-22,1469.0,1598.0,1463.0,1526.0,1337200.0,1526.0,1429.6,1365.3,1284.28,1013.8666666666668,843.1775,False,False,False,False,False,False,True,True,False,False,False,-0.0216251638269986,-0.1009174311926605,,,0.1584010484927916,0.3356050677151593,-0.1317169069462647,-0.2326343381389252,0.010547080483956,-0.095143924412217,896.0,900.0,1.1086055380533908,0.0176597003768649,0.0023458132494077,0.0011236508340453
2015-12-24,1568.0,1598.0,1446.0,1456.0,1122800.0,1456.0,1453.8,1375.7,1303.76,1024.253333333333,848.095,False,False,False,False,False,False,True,True,False,True,False,-0.0453296703296703,-0.1387362637362637,,,0.1045604395604395,0.2965293040293041,-0.1050824175824175,-0.1675824175824175,0.0101407203946936,-0.1142690993675947,919.0,952.0,0.839664971582411,0.0149414002577161,-0.0027183001191487,-0.0004063600892624
2015-12-25,1450.0,1510.0,1425.0,1483.0,546900.0,1483.0,1471.4,1393.1,1324.6,1035.0,853.225,False,False,False,False,False,False,True,True,False,False,False,-0.1092380310182063,-0.1247471341874578,,,0.1068105192178018,0.3020903573836817,-0.1672285906945381,-0.1820633850303439,0.0103832528180356,-0.1312181465795707,916.0,953.0,0.4870858567866049,0.0157330514872413,0.0007916512295252,0.0002425324233419
2015-12-28,1483.0,1495.0,1380.0,1424.0,722400.0,1424.0,1465.8,1404.9,1342.28,1044.4533333333334,858.02,False,False,False,False,False,False,True,True,False,True,False,-0.0105337078651685,-0.146067415730337,,,0.0573876404494382,0.2665355805243445,-0.1776685393258427,-0.1896067415730337,0.0090509868001123,-0.1497615488646879,921.0,899.0,1.3208996160175537,0.0131716184402658,-0.0025614330469755,-0.0013322660179232
2015-12-29,1424.0,1482.0,1391.0,1478.0,641700.0,1478.0,1473.4,1423.4,1359.64,1054.7866666666666,863.0925,False,False,False,False,False,False,True,True,False,True,False,-0.0548037889039242,-0.2043301759133964,,,0.0800811907983761,0.2863419034731619,-0.2178619756427605,-0.1677943166441136,0.0097966097409902,-0.1598285794576366,941.0,943.0,0.8882890365448505,0.0127680856697361,-0.0004035327705296,0.0007456229408778
2015-12-30,1498.0,1544.0,1471.0,1493.0,714500.0,1493.0,1466.8,1448.2,1368.8,1065.16,868.2825,False,False,False,False,False,False,True,True,False,True,False,-0.0810448760884126,-0.2069658405894172,,,0.0831882116543871,0.286563965170797,-0.2431346282652377,-0.1574012056262558,0.0097387559928399,-0.1681397597016986,901.0,968.0,1.113448652018077,0.0066919929865574,-0.0060760926831787,-5.785374815021373e-05
2016-01-04,1485.0,1508.0,1383.0,1390.0,1411100.0,1390.0,1453.6,1453.7,1375.6,1073.8933333333334,872.89,False,False,False,False,False,False,True,True,False,True,False,-0.097841726618705,-0.1870503597122302,,,0.0103597122302158,0.2274148681055155,-0.2079136690647482,-0.0712230215827338,0.008132402969879,-0.1659214418380684,882.0,954.0,1.9749475157452765,0.0049432974701947,-0.0017486955163626,-0.0016063530229609
2016-01-05,1400.0,1423.0,1316.0,1321.0,1903400.0,1321.0,1421.2,1446.3,1377.04,1081.1733333333334,876.98,False,False,False,False,False,False,True,True,False,True,False,-0.0174110522331567,-0.1847085541256623,,,-0.0424224072672217,0.1815493313146605,-0.1612414837244511,-0.0083270249810749,0.0067334254143646,-0.1568139390168014,816.0,977.0,1.348876762809156,0.0010457212571893,-0.0038975762130054,-0.0013989775555144
2016-01-06,1323.0,1436.0,1323.0,1409.0,1656900.0,1409.0,1418.2,1442.0,1382.56,1089.64,881.51,False,False,False,False,False,False,True,True,False,False,False,-0.1369765791341377,-0.276082327892122,,,0.0187650816181689,0.2266572036905606,-0.319375443577005,-0.1156848828956707,0.0077701503860602,-0.1496532593619972,841.0,983.0,0.8704949038562573,0.0039925934498321,0.0029468721926428,0.0010367249716956
2016-01-07,1375.0,1431.0,1369.0,1397.0,1011700.0,1397.0,1402.0,1437.7,1383.76,1097.4533333333334,885.825,False,False,False,False,False,False,True,True,False,True,False,-0.1581961345740873,-0.2040085898353615,,,0.009477451682176,0.2144213791457885,-0.2634216177523264,-0.1388690050107373,0.0071195130544654,-0.1453015232663282,851.0,974.0,0.6105981048946828,0.0008672024050413,-0.0031253910447908,-0.0006506373315948
2016-01-08,1374.0,1412.0,1356.0,1372.0,924800.0,1372.0,1377.8,1422.3,1385.4,1104.9733333333334,889.92,False,False,False,False,False,False,True,True,False,False,False,-0.1370262390670553,-0.1282798833819242,,,-0.0097667638483965,0.194625850340136,-0.2572886297376093,-0.0889212827988338,0.0068055941018184,-0.1304928636715179,840.0,966.0,0.9141049718295936,0.0011837736393822,0.0003165712343408,-0.000313918952647
2016-01-12,1310.0,1328.0,1234.0,1254.0,1114800.0,1254.0,1350.6,1402.1,1381.76,1111.0266666666666,893.32,False,False,False,False,False,False,False,True,False,True,False,-0.098883572567783,-0.0542264752791068,,,-0.1018819776714513,0.114013822434875,-0.1858054226475279,-0.003987240829346,0.0054484140794699,-0.1153270094857712,850.0,941.0,1.2054498269896194,-0.0026343214451135,-0.0038180950844957,-0.0013571800223484
2016-01-13,1290.0,1310.0,1261.0,1298.0,700900.0,1298.0,1346.0,1383.6,1381.8,1117.6,896.8325,False,False,False,False,False,False,True,True,False,False,False,-0.1702619414483821,-0.071648690292758,,,-0.0645608628659475,0.1389830508474576,-0.1494607087827426,-0.0701078582434514,0.0058816511572416,-0.1039317721884937,886.0,950.0,0.6287226408324363,2.8947749312464628e-05,0.002663269194426,0.0004332370777716
2016-01-14,1238.0,1239.0,1169.0,1216.0,1097100.0,1216.0,1307.4,1362.8,1378.2,1122.3066666666666,899.92,False,False,False,False,False,False,False,True,False,True,False,-0.1611842105263158,0.0024671052631578,,,-0.1333881578947368,0.0770504385964912,-0.1521381578947368,0.015625,0.0041937438370974,-0.0843117111828587,895.0,927.0,1.5652732201455273,-0.0026121027427078,-0.0026410504920202,-0.0016879073201442
2016-01-15,1270.0,1275.0,1172.0,1176.0,1346900.0,1176.0,1263.2,1332.6,1368.56,1125.8133333333333,902.7375,False,False,False,False,False,False,False,True,False,True,False,-0.0544217687074829,0.0544217687074829,,,-0.1637414965986394,0.0426757369614513,-0.1241496598639455,0.0467687074829932,0.0031147851627267,-0.0634849167041872,957.0,931.0,1.227691185853614,-0.0070439001578302,-0.0044317974151223,-0.0010789586743706
2016-01-18,1157.0,1196.0,1133.0,1184.0,1223900.0,1184.0,1225.6,1301.7,1360.16,1129.6,905.66,False,False,False,False,False,False,False,True,False,False,False,0.0101351351351351,0.1190878378378378,,,-0.1487837837837838,0.045945945945946,-0.1444256756756756,0.0591216216216216,0.0033522190745986,-0.0415610355688715,959.0,972.0,0.9086791892493876,-0.006175744030114,0.0008681561277161,0.0002374339118718
2016-01-19,1147.0,1153.0,1095.0,1130.0,1640900.0,1130.0,1200.8,1275.7,1351.28,1131.9733333333334,908.3875,False,False,False,False,False,False,False,True,False,True,False,0.0495575221238938,0.1530973451327433,,,-0.1958230088495575,-0.0017463126843658,-0.1035398230088495,0.115929203539823,0.0020966336073877,-0.0243787724386612,969.0,971.0,1.3407141106299534,-0.0065715469776805,-0.0003958029475664,-0.0012555854672108
2016-01-20,1139.0,1148.0,1074.0,1077.0,920000.0,1077.0,1156.6,1251.3,1342.0,1133.6266666666668,910.885,False,False,False,False,False,False,False,True,False,True,False,0.1188486536675951,0.1467038068709378,,,-0.2460538532961931,-0.0525781491798205,-0.0371402042711234,0.0817084493964716,0.0014584460492579,-0.0169423799248781,962.0,951.0,0.5606679261380949,-0.0069150521609537,-0.0003435051832732,-0.0006381875581298
2016-01-21,1086.0,1126.0,1018.0,1020.0,1693300.0,1020.0,1117.4,1212.4,1330.56,1135.24,913.1575,False,False,False,False,False,False,False,True,False,True,False,0.1950980392156862,0.1480392156862745,,,-0.304470588235294,-0.1129803921568627,-0.0313725490196078,0.2549019607843137,0.0014211385551365,0.0174034971956449,982.0,906.0,1.8405434782608696,-0.0085978835978836,-0.0016828314369298,-3.730749412135482e-05
2016-01-22,1071.0,1115.0,1044.0,1112.0,1096700.0,1112.0,1104.6,1183.9,1323.32,1137.493333333333,915.885,False,False,False,False,False,False,False,True,False,False,False,0.1151079136690647,0.039568345323741,,,-0.1900359712230215,-0.0229256594724218,-0.099820143884892,0.1690647482014388,0.0019809639909975,0.0500886899231353,1044.0,873.0,0.6476702297289316,-0.0054710878699029,0.0031267957279806,0.0005598254358609
2016-01-25,1145.0,1232.0,1127.0,1196.0,1485100.0,1196.0,1107.0,1166.3,1321.36,1140.5333333333333,918.92,False,False,False,False,False,False,False,True,False,False,False,0.1078595317725752,-0.0551839464882943,,,-0.1048160535117056,0.0463768115942029,-0.1822742474916387,0.0994983277591973,0.0026654196866964,0.0715081882877476,1264.0,896.0,1.3541533691985046,-0.0014833202155355,0.0039877676543674,0.0006844556956989
2016-01-26,1153.0,1223.0,1150.0,1186.0,1020500.0,1186.0,1118.2,1159.5,1315.4,1143.6266666666668,921.8575,False,False,False,False,False,False,False,True,False,True,False,0.0986509274873524,-0.0716694772344013,,,-0.109106239460371,0.0357279370432826,-0.0489038785834738,0.0370994940978077,0.0027048454040947,0.0761535144458818,1220.0,919.0,0.6871591138643862,-0.0045309411585827,-0.0030476209430472,3.942571739825066e-05
2016-01-27,1245.0,1269.0,1188.0,1205.0,1235200.0,1205.0,1143.8,1150.2,1307.8,1146.6666666666667,924.8775,False,False,False,False,False,False,False,True,False,True,False,0.0248962655601659,-0.0804979253112033,,,-0.085311203319502,0.0484094052558782,0.0082987551867219,0.0141078838174273,0.0026511627906976,0.0861589288819335,1285.0,916.0,1.2103870651641353,-0.0058112861293776,-0.0012803449707948,-5.368261339705818e-05
2016-01-28,1182.0,1233.0,1158.0,1219.0,1193600.0,1219.0,1183.6,1150.5,1298.48,1149.8133333333333,927.88,False,False,False,False,False,False,False,True,False,True,False,-0.0393765381460213,-0.2132895816242822,,,-0.0652009844134536,0.0567569045665846,-0.0262510254306808,0.0369155045118949,0.0027366760981491,0.0883963494132986,1271.0,921.0,0.966321243523316,-0.0071776230669705,-0.0013663369375928,8.551330745150626e-05
2016-01-29,1232.0,1243.0,1156.0,1240.0,1227300.0,1240.0,1209.2,1156.9,1290.48,1153.36,931.0325,False,False,False,False,False,False,False,True,False,False,True,-0.0677419354838709,-0.1701612903225806,,,-0.0407096774193548,0.0698709677419355,-0.0443548387096774,0.0129032258064516,0.0030750734087072,0.0845362606966893,1367.0,941.0,1.0282339142091153,-0.0061992436922695,0.000978379374701,0.0003383973105581
2016-02-01,1276.0,1331.0,1251.0,1325.0,1249900.0,1325.0,1235.0,1171.0,1282.44,1158.1466666666668,934.305,False,False,False,False,True,False,False,True,False,True,False,-0.1471698113207547,-0.2309433962264151,,,0.032120754716981,0.1259270440251571,-0.1290566037735849,-0.1026415094339622,0.004133040144599,0.0659265584970111,1331.0,901.0,1.018414405605801,-0.0062692991484981,-7.00554562286038e-05,0.0010579667358917
2016-02-02,1300.0,1330.0,1288.0,1303.0,536900.0,1303.0,1258.4,1188.3,1276.32,1162.9733333333334,937.6925,False,False,False,False,False,False,False,True,False,False,False,-0.1550268610897927,-0.2164236377590176,,,0.0204758250191865,0.1074648247633665,-0.1320030698388334,-0.1227935533384497,0.0041502814624582,0.0404779937726164,1345.0,882.0,0.4295543643491479,-0.0047950357277172,0.0014742634207808,1.724131785922709e-05
2016-02-03,1245.0,1282.0,1219.0,1235.0,929000.0,1235.0,1264.4,1204.1,1266.4,1166.7733333333333,940.665,False,False,False,False,False,False,False,True,False,True,False,-0.1028340080971659,-0.1060728744939271,,,-0.0254251012145749,0.0552442645074224,-0.042914979757085,-0.1004048582995951,0.003256845088449,0.0223403371812973,1297.0,816.0,1.7303035947103744,-0.0078332280480099,-0.0030381923202927,-0.0008934363740092
2016-02-04,1235.0,1239.0,1170.0,1171.0,609000.0,1171.0,1254.8,1219.2,1256.28,1170.0266666666666,943.26,False,False,False,False,False,False,False,True,False,True,False,-0.1810418445772843,-0.1195559350982066,,,-0.0728266438941075,0.0008311984059208,0.0076857386848847,-0.0503842869342442,0.0027805634059622,-0.0041010498687664,1306.0,841.0,0.6555435952637244,-0.0080555290221925,-0.0002223009741826,-0.0004762816824867
2016-02-05,1154.0,1178.0,1122.0,1156.0,792600.0,1156.0,1238.0,1223.6,1243.4,1173.0266666666666,945.9025,False,False,False,False,False,False,False,True,False,True,False,-0.1098615916955017,-0.1089965397923875,,,-0.07560553633218,-0.0147289504036908,0.0683391003460207,-0.0051903114186851,0.00255748661582,-0.0199411572409283,1417.0,851.0,1.3014778325123153,-0.010358693903812,-0.0023031648816194,-0.0002230767901422
2016-02-08,1126.0,1145.0,1105.0,1130.0,1387900.0,1130.0,1199.0,1217.0,1228.88,1175.1333333333334,948.485,False,False,False,False,False,False,False,True,False,True,False,-0.0982300884955752,-0.1035398230088495,,,-0.0875044247787611,-0.0399410029498526,0.1575221238938053,0.015929203539823,0.0017927043739718,-0.0283483976992604,1394.0,840.0,1.7510724198839265,-0.0118156370027992,-0.0014569430989872,-0.0007647822418481
2016-02-09,1098.0,1122.0,1065.0,1101.0,1193000.0,1101.0,1158.6,1208.5,1217.32,1176.8666666666666,950.94,False,False,False,False,False,False,False,True,False,False,False,-0.072661217075386,-0.0799273387829246,,,-0.1056494096276112,-0.0689070541931576,0.1998183469573115,0.0245231607629427,0.0014728374780488,-0.029954489035995,1352.0,850.0,0.8595720152748757,-0.0094962704958434,0.0023193665069558,-0.0003198668959229
2016-02-10,1120.0,1153.0,1073.0,1108.0,1167600.0,1108.0,1133.2,1198.8,1208.8,1178.96,953.3875,False,False,False,False,False,False,False,True,False,False,False,-0.003610108303249,-0.0640794223826714,,,-0.0909747292418772,-0.064043321299639,0.1750902527075812,-0.0279783393501805,0.0017755762140644,-0.0342008675342008,1309.0,886.0,0.9787091366303436,-0.0070483123759099,0.0024479581199334,0.0003027387360156
2016-02-12,1065.0,1069.0,889.0,959.0,2280100.0,959.0,1090.8,1172.8,1190.8,1179.6666666666667,955.2225,False,False,False,False,False,False,False,True,False,True,False,0.0750782064650677,0.0302398331595411,,,-0.2417101147028154,-0.2301007994438652,0.3806047966631908,0.1741397288842544,0.0005990392766318,-0.024556616643929,1306.0,895.0,1.952809181226448,-0.0151158884783338,-0.0080675761024239,-0.0011765369374326
2016-02-15,1026.0,1035.0,983.0,1029.0,727100.0,1029.0,1065.4,1151.7,1176.08,1181.746666666667,957.5725,False,False,True,False,False,False,False,True,False,False,False,0.0009718172983479,-0.0272108843537414,,,-0.1429348882410106,-0.148441852931649,0.2682215743440233,0.053449951409135,0.0017601065090093,-0.021620213597291,1293.0,957.0,0.3188895223893689,-0.0125161553635807,0.0025997331147531,0.0011610672323775
2016-02-16,1022.0,1059.0,1015.0,1019.0,1210200.0,1019.0,1043.2,1121.1,1161.96,1183.3866666666668,959.9125,False,False,False,False,False,False,False,True,False,False,False,-0.0058881256133464,-0.0402355250245338,,,-0.1402944062806673,-0.1613215570821067,0.2698724239450442,0.0520117762512266,0.0013858530319759,-0.0053518865400053,1245.0,959.0,1.6644202998212074,-0.0121518813040034,0.0003642740595772,-0.0003742534770334
2016-02-17,1006.0,1053.0,1001.0,1021.0,1010300.0,1021.0,1027.2,1092.9,1152.64,1184.746666666667,962.06,False,False,False,False,False,False,False,True,False,False,False,-0.0078354554358472,0.1047992164544564,,,-0.1289324191968659,-0.1603787136793995,0.2683643486777669,0.019588638589618,0.001147924732151,0.0109799615701345,1335.0,969.0,0.83482069079491,-0.0080857856746251,0.0040660956293783,-0.0002379282998249
2016-02-18,1057.0,1115.0,1054.0,1104.0,1102100.0,1104.0,1026.4,1079.8,1144.88,1187.253333333333,964.495,False,False,False,False,False,False,False,True,False,False,False,-0.0606884057971014,0.1005434782608695,,,-0.0370289855072464,-0.0754106280193234,0.1684782608695652,-0.0380434782608695,0.0021113157540088,0.018707167994073,1395.0,962.0,1.0908640997723449,-0.0067780029348053,0.0013077827398197,0.0009633910218578
2016-02-19,1090.0,1090.0,997.0,1031.0,1126900.0,1031.0,1040.8,1065.8,1137.48,1188.72,966.645,False,False,False,False,False,False,False,True,False,False,False,-0.0417070805043646,0.1513094083414161,,,-0.103278370514064,-0.1529776915615907,0.2647914645974781,0.026188166828322,0.0012338201314581,0.0270219553387126,1452.0,982.0,1.0225024952363668,-0.0065056088898267,0.0002723940449786,-0.0008774956225507
2016-02-22,1007.0,1046.0,974.0,1030.0,1472400.0,1030.0,1041.0,1053.2,1131.64,1189.9066666666668,968.7625,False,False,False,False,False,False,False,True,False,False,False,-0.0281553398058252,0.1504854368932038,,,-0.0986796116504855,-0.1552491909385114,0.3077669902912621,-0.0223300970873786,0.0009972770973634,0.0257311052031901,1440.0,1044.0,1.3065933090780015,-0.0051606517973913,0.0013449570924353,-0.0002365430340947
2016-02-23,1035.0,1090.0,1005.0,1013.0,1552300.0,1013.0,1039.8,1041.5,1124.8,1191.4,970.8275,False,False,False,False,False,False,False,True,False,True,False,-0.0345508390918065,0.1391905231984205,,,-0.1103652517275419,-0.1761105626850938,0.3603158933859822,-0.050345508390918,0.0012534273403838,0.0193951032165146,1526.0,1264.0,1.05426514534094,-0.0060810810810812,-0.0009204292836898,0.0002561502430204
2016-02-24,1003.0,1033.0,987.0,1013.0,697600.0,1013.0,1038.2,1032.7,1120.12,1193.1466666666668,972.94,False,False,False,False,False,False,False,True,False,False,False,0.1135241855873642,0.1164856860809476,,,-0.1057453109575517,-0.1778348140835802,0.3632773938795656,-0.014807502467917,0.0014639161433073,0.0154933669022949,1456.0,1220.0,0.4493976679765509,-0.004178123772453,0.0019029573086282,0.0002104888029234
2016-02-25,1023.0,1046.0,1013.0,1037.0,839400.0,1037.0,1024.8,1025.6,1118.52,1196.0933333333332,975.2,False,False,False,False,False,False,False,True,False,False,False,0.171648987463838,0.1398264223722276,,,-0.0786113789778206,-0.1534169077467051,0.2487945998071359,-0.0790742526518804,0.0024635758636448,0.0106279251170047,1483.0,1285.0,1.2032683486238531,-0.0014304616815076,0.0027476620909453,0.0009996597203374
2016-02-26,1042.0,1047.0,986.0,988.0,1195300.0,988.0,1016.2,1028.5,1117.24,1198.0533333333333,977.2775,False,False,False,False,False,False,False,True,False,False,True,0.201417004048583,0.194331983805668,,,-0.1308097165991903,-0.212604588394062,0.3279352226720647,-0.0576923076923076,0.0016359872682351,-0.011181332036947,1424.0,1271.0,1.4239933285680249,-0.0011456804267659,0.0002847812547416,-0.0008275885954096
2016-02-29,1002.0,1032.0,989.0,1001.0,1161000.0,1001.0,1010.4,1025.7,1112.8,1200.0533333333333,979.4975,False,False,False,False,False,False,False,True,False,True,False,0.1838161838161838,0.2337662337662337,,,-0.1116883116883116,-0.1988544788544788,0.2147852147852147,-0.0569430569430569,0.0016665925958846,-0.0221312274544214,1478.0,1367.0,0.9713042750773864,-0.0039899352983465,-0.0028442548715806,3.060532764946004e-05
2016-03-01,998.0,1008.0,927.0,978.0,1178700.0,978.0,1003.4,1021.6,1104.08,1201.8933333333334,981.48,False,False,False,False,False,False,False,True,False,True,False,0.1799591002044989,0.3374233128834356,,,-0.1289161554192228,-0.22892978868439,0.1963190184049079,-0.058282208588957,0.0015309178851147,-0.0329874706342991,1493.0,1331.0,1.0152454780361757,-0.0078979784073618,-0.0039080431090152,-0.0001356747107699
2016-03-02,1008.0,1128.0,1004.0,1128.0,1963200.0,1128.0,1026.4,1032.3,1101.76,1205.6,984.12,False,False,False,False,True,False,False,True,False,False,True,0.0026595744680851,0.1710992907801418,,,0.0232624113475177,-0.0687943262411346,0.075354609929078,-0.1861702127659574,0.0030745410307452,-0.0549258936355709,1390.0,1345.0,1.6655637566810892,-0.0021057217542839,0.0057922566530778,0.0015436231456305
2016-03-03,1188.0,1260.0,1181.0,1215.0,2405000.0,1215.0,1062.0,1043.4,1102.16,1209.986666666667,987.315,False,False,False,False,False,False,True,True,False,False,False,-0.0271604938271604,0.0716049382716049,,,0.092872427983539,0.0041262002743482,0.0205761316872428,-0.2469135802469135,0.0036253843017556,-0.07906843013226,1321.0,1297.0,1.225040749796251,0.0003629237134355,0.0024686454677195,0.0005508432710104
2016-03-04,1210.0,1233.0,1176.0,1187.0,1163700.0,1187.0,1101.8,1059.0,1100.88,1213.88,990.3575,False,False,False,False,False,False,False,True,False,True,False,-0.0058972198820556,0.1154170176916596,,,0.0725526537489468,-0.0226453243470936,-0.0067396798652064,-0.2780117944397641,0.0032073461407496,-0.111614730878187,1409.0,1306.0,0.4838669438669438,-0.0011627061986773,-0.0015256299121129,-0.0004180381610059
2016-03-07,1200.0,1204.0,1171.0,1185.0,663500.0,1185.0,1138.6,1074.5,1098.68,1216.92,993.395,False,False,False,False,False,False,False,True,False,True,False,0.0421940928270042,0.1012658227848101,,,0.07284388185654,-0.0269367088607595,-0.0067510548523206,-0.2464135021097046,0.0024981099825789,-0.1350395532805956,1397.0,1417.0,0.5701641316490504,-0.0020024028834601,-0.0008396966847827,-0.0007092361581707
2016-03-08,1181.0,1183.0,1104.0,1154.0,778500.0,1154.0,1173.8,1088.6,1091.84,1219.52,995.9625,False,False,False,False,False,False,False,True,False,True,False,0.1334488734835355,0.121317157712305,,,0.0538648180242635,-0.0567764298093587,0.0147313691507798,-0.2218370883882149,0.0021319863552872,-0.1521219915487781,1372.0,1394.0,1.1733232856066316,-0.006264654161782,-0.0042622512783218,-0.0003661236272916
2016-03-09,1125.0,1153.0,1105.0,1131.0,731400.0,1131.0,1174.4,1100.4,1084.96,1221.68,998.53,False,False,False,False,False,False,False,True,False,True,False,0.1679929266136162,0.1450044208664898,,,0.040707338638373,-0.0801768346595933,0.0716180371352785,-0.169761273209549,0.001768057101696,-0.1665757906215922,1254.0,1352.0,0.9394990366088632,-0.0063412476035981,-7.659344181610087e-05,-0.0003639292535911
2016-03-10,1147.0,1188.0,1142.0,1182.0,619300.0,1182.0,1167.8,1114.9,1082.84,1224.6133333333332,1001.1475,False,False,False,False,False,False,False,True,False,False,False,0.1015228426395939,0.0913705583756345,,,0.0838917089678511,-0.0360518894529045,0.0262267343485617,-0.2318104906937394,0.002395313894998,-0.1816306395192394,1298.0,1309.0,0.8467322942302433,-0.001957814635588,0.0043834329680101,0.0006272567933019
2016-03-11,1175.0,1193.0,1153.0,1180.0,673400.0,1180.0,1166.4,1134.1,1083.2,1227.253333333333,1003.625,False,False,False,False,False,False,True,True,False,False,False,0.1220338983050847,0.1050847457627118,,,0.0820338983050847,-0.0400451977401128,-0.0220338983050847,-0.1830508474576271,0.0021511451045151,-0.1925756106163476,1216.0,1306.0,1.0873566930405296,0.0003323485967504,0.0022901632323384,-0.0002441687904828
2016-03-14,1187.0,1258.0,1165.0,1235.0,997600.0,1235.0,1176.4,1157.5,1086.36,1229.8,1006.205,False,False,False,False,False,False,True,True,True,False,False,0.0566801619433198,0.0906882591093117,,,0.1203562753036438,0.0042105263157895,-0.0040485829959514,-0.1676113360323886,0.0020707974196347,-0.2016414686825053,1176.0,1293.0,1.481437481437481,0.0029087963474353,0.0025764477506848,-8.034768488034919e-05
2016-03-15,1252.0,1349.0,1252.0,1308.0,1583800.0,1308.0,1207.2,1190.5,1093.48,1230.3866666666668,1008.8575,False,False,False,False,False,False,True,True,False,False,False,-0.010703363914373,0.0535168195718654,,,0.164006116207951,0.0593374108053006,-0.0382262996941896,-0.2423547400611621,0.0004768148766242,-0.2178916421671566,1184.0,1245.0,1.5876102646351242,0.0065113216519736,0.0036025253045382,-0.0015939825430105
2016-03-16,1308.0,1375.0,1302.0,1321.0,1298400.0,1321.0,1245.2,1209.8,1102.28,1231.7333333333331,1011.5875,False,False,False,False,False,False,True,True,False,False,False,-0.0196820590461771,0.0454201362604087,,,0.1655715367146101,0.067575069391875,-0.0227100681302043,-0.2816048448145344,0.0010933102403115,-0.2278062489667713,1130.0,1335.0,0.819800479858568,0.0079834524803134,0.0014721308283398,0.0006164953636872
2016-03-17,1346.0,1373.0,1292.0,1302.0,829800.0,1302.0,1269.2,1218.5,1110.04,1231.96,1014.23,False,False,False,False,False,False,True,True,False,True,False,-0.0092165898617511,-0.0053763440860215,,,0.1474347158218126,0.0537941628264208,0.0061443932411674,-0.3233486943164362,0.0001839886576406,-0.2361099712761592,1077.0,1395.0,0.63909426987061,0.0069907390724658,-0.0009927134078476,-0.0009093215826708
2016-03-18,1327.0,1363.0,1284.0,1324.0,857700.0,1324.0,1298.0,1232.2,1124.64,1232.6666666666667,1017.125,False,False,False,False,False,False,True,True,False,False,False,-0.0151057401812688,-0.0090634441087613,,,0.1505740181268881,0.0689828801611278,-0.0589123867069486,-0.3489425981873111,0.0005732828555976,-0.2441973705567278,1020.0,1452.0,1.0336225596529285,0.0129819319960166,0.0059911929235507,0.000389294197957
2016-03-22,1350.0,1351.0,1276.0,1305.0,729200.0,1305.0,1312.0,1244.2,1135.68,1231.84,1020.1,False,False,False,False,False,False,True,False,False,True,False,0.032183908045977,-0.0681992337164751,,,0.1297471264367815,0.0560613026819924,-0.0781609195402298,-0.3149425287356321,-0.0006710828246093,-0.2514065262819482,1112.0,1440.0,0.8501807158680191,0.0097210481825866,-0.00326088381343,-0.001244365680207
2016-03-23,1311.0,1332.0,1278.0,1294.0,490000.0,1294.0,1309.2,1258.2,1146.68,1231.3466666666666,1022.78,False,False,False,False,False,False,True,False,False,True,False,0.0649149922720247,-0.0958268933539412,,,0.1138485316846985,0.0484183410613086,-0.0340030911901081,-0.2805255023183925,-0.0004006453638834,-0.2571133365124781,1196.0,1526.0,0.6719692814042787,0.0095929117103289,-0.0001281364722576,0.0002704374607259
2016-03-24,1308.0,1336.0,1289.0,1295.0,800800.0,1295.0,1304.0,1274.6,1157.64,1230.68,1025.42,False,False,False,False,False,False,True,False,False,True,False,0.0664092664092664,-0.0633204633204633,,,0.1060694980694979,0.0496679536679536,-0.0355212355212355,-0.2633204633204633,-0.0005417059403472,-0.2654950572728698,1186.0,1456.0,1.6342857142857143,0.0094675374036833,-0.0001253743066455,-0.0001410605764637
2016-03-25,1302.0,1315.0,1283.0,1290.0,334100.0,1290.0,1301.6,1285.4,1165.08,1230.5866666666666,1027.97,False,False,False,False,False,False,True,False,False,True,False,0.003875968992248,-0.0387596899224806,,,0.0968372093023256,0.0460568475452197,-0.0643410852713178,-0.2736434108527131,-7.584458361335175e-05,-0.2694103002956278,1205.0,1483.0,0.4172077922077922,0.0063858275826551,-0.0030817098210282,0.0004658613567338
2016-03-28,1309.0,1310.0,1272.0,1304.0,408300.0,1304.0,1297.6,1297.8,1176.0,1230.56,1030.655,False,False,False,False,False,False,True,False,False,False,False,0.0061349693251533,-0.0958588957055214,,,0.0981595092024539,0.056319018404908,-0.0529141104294478,-0.2737730061349693,-2.1670350626253425e-05,-0.277700724302666,1219.0,1424.0,1.2220891948518409,0.0092857142857143,0.0028998867030592,5.417423298709832e-05
2016-03-29,1315.0,1369.0,1315.0,1347.0,491800.0,1347.0,1306.0,1309.0,1188.68,1229.6266666666668,1033.695,False,False,False,False,False,False,True,False,False,False,False,-0.0972531551596139,-0.1262063845582776,,,0.1175352635486265,0.0871368473150209,-0.0861172976985894,-0.2620638455827765,-0.0007590379735853,-0.2864782276546982,1240.0,1478.0,1.204506490325741,0.010667294814416,0.0013815805287016,-0.000737367622959
2016-03-30,1347.0,1417.0,1338.0,1378.0,697200.0,1378.0,1322.8,1316.0,1203.28,1229.4133333333334,1036.72,False,False,False,False,False,False,True,False,False,False,False,-0.1509433962264151,-0.1502177068214804,,,0.1267924528301887,0.1078277697145621,-0.0899854862119013,-0.2873730043541364,-0.0001735244994902,-0.2909574468085106,1325.0,1493.0,1.41764945099634,0.0121335017618508,0.0014662069474348,0.000585513474095
2016-03-31,1400.0,1443.0,1379.0,1381.0,726300.0,1381.0,1340.0,1322.0,1218.0,1229.8,1039.8,False,False,False,False,False,False,True,True,False,True,False,-0.1216509775524982,-0.1223750905141202,,,0.1180304127443881,0.1094858797972484,-0.0868935553946415,-0.2686459087617668,0.0003144142679025,-0.2895612708018154,1303.0,1390.0,1.0417383820998278,0.0120853858784893,-4.8115883361515496e-05,0.0004879387673928
2016-04-01,1403.0,1414.0,1261.0,1295.0,1016100.0,1295.0,1341.0,1321.3,1228.32,1229.6133333333332,1042.315,False,False,False,False,False,False,True,False,False,True,False,-0.0424710424710424,-0.0633204633204633,,,0.0514903474903475,0.0504916344916345,-0.1003861003861003,-0.2254826254826255,-0.0001518092408454,-0.2799515628547642,1235.0,1321.0,1.399008674101611,0.008401719421649,-0.0036836664568403,-0.0004662235087479
2016-04-04,1295.0,1325.0,1255.0,1312.0,908900.0,1312.0,1342.6,1320.1,1241.28,1229.6933333333334,1044.835,False,True,False,False,False,False,True,True,False,False,False,-0.1013719512195122,-0.1204268292682926,,,0.0539024390243902,0.0627337398373983,-0.024390243902439,-0.2446646341463414,6.505687054779616e-05,-0.2695250359821226,1171.0,1409.0,0.8944985729751008,0.0104408352668213,0.0020391158451723,0.0002168661113932
2016-04-05,1289.0,1294.0,1195.0,1216.0,979200.0,1216.0,1316.4,1311.2,1249.88,1228.6666666666667,1046.69,False,False,False,False,False,False,True,False,False,True,False,-0.0320723684210526,0.0115131578947368,,,-0.0278618421052632,-0.0104166666666667,0.069078947368421,-0.2113486842105263,-0.0008355941399891,-0.2596095179987798,1156.0,1397.0,1.0773462427109692,0.0068806605434122,-0.003560174723409,-0.0009006510105369
2016-04-06,1191.0,1194.0,1127.0,1170.0,1577900.0,1170.0,1274.8,1298.8,1257.56,1227.6666666666667,1048.43,False,False,False,False,False,False,True,False,False,True,False,0.0008547008547008,0.0752136752136752,,,-0.0748376068376067,-0.0492877492877493,0.1239316239316239,-0.1555555555555555,-0.0008145533532446,-0.2481521404373267,1130.0,1372.0,1.6114174836601307,0.0061070644740607,-0.0007735960693515,2.104078674449079e-05
2016-04-07,1180.0,1234.0,1174.0,1213.0,1105100.0,1213.0,1241.2,1290.6,1260.96,1226.04,1050.22,False,False,False,False,False,False,True,False,False,True,False,-0.0008244023083264,0.0643033800494641,,,-0.0395383347073372,-0.010750206100577,0.0140148392415498,-0.2159934047815334,-0.001326764760258,-0.2436076243607623,1101.0,1254.0,0.7003612396222828,0.0026963583301612,-0.0034107061438995,-0.0005122114070134
2016-04-08,1175.0,1253.0,1142.0,1240.0,1277800.0,1240.0,1230.2,1285.6,1261.96,1223.9733333333334,1051.83,False,False,False,False,False,False,True,False,False,True,False,-0.021774193548387,0.0564516129032258,,,-0.0177096774193548,0.0129247311827956,-0.014516129032258,-0.1927419354838709,-0.0016884899453146,-0.2356876166770379,1108.0,1298.0,1.1562754501855037,0.0007924181432058,-0.0019039401869554,-0.0003617251850566
2016-04-11,1218.0,1220.0,1150.0,1179.0,1024200.0,1179.0,1203.6,1273.1,1261.64,1220.3333333333333,1053.015,False,False,False,False,False,False,False,False,False,True,False,-0.0212044105173876,0.0568278201865988,,,-0.0700932994062766,-0.0350579587220808,0.0720949957591179,-0.1721798134011874,-0.0029827915869981,-0.2259052705993244,959.0,1216.0,0.8015338863671936,-0.0002536381218096,-0.0010460562650154,-0.0012943016416835
2016-04-12,1190.0,1197.0,1162.0,1177.0,540400.0,1177.0,1195.8,1256.1,1261.32,1216.8266666666666,1054.12,False,False,False,False,False,False,False,False,False,True,False,0.0450297366185216,0.022090059473237,,,-0.0716397621070517,-0.0338374398187481,0.0671197960917587,-0.1801189464740866,-0.0028818128026999,-0.2177374412865217,1029.0,1176.0,0.5276313220074205,-0.0002537024704279,-6.434861827810329e-08,0.0001009787842982
2016-04-13,1171.0,1184.0,1150.0,1171.0,652600.0,1171.0,1196.0,1235.4,1262.0,1212.0933333333332,1055.375,False,False,False,False,False,False,True,False,False,False,False,0.0742954739538855,0.067463706233988,,,-0.0777113578138343,-0.0350925135212068,0.0153714773697694,-0.2049530315969257,-0.0039050898170658,-0.2087582969078841,1019.0,1184.0,1.2076239822353811,0.0005388272583201,0.0007925297287481,-0.0010232770143658
2016-04-14,1193.0,1212.0,1177.0,1212.0,906200.0,1212.0,1195.8,1218.5,1265.24,1208.84,1056.915,False,False,False,False,False,False,True,False,True,False,False,0.0651815181518151,0.0305280528052805,,,-0.0439273927392739,0.0026072607260726,-0.0569306930693069,-0.2285478547854785,-0.0026912853093323,-0.2039392695937628,1021.0,1130.0,1.3885994483604045,0.0025607789826436,0.0020219517243234,0.0012138045077334
2016-04-15,1194.0,1233.0,1187.0,1213.0,820900.0,1213.0,1190.4,1210.3,1266.48,1205.24,1058.59,False,False,False,False,False,False,True,False,False,True,False,0.0799670239076669,-0.0049464138499587,,,-0.0440890354492992,0.0063973619126133,-0.0840890354492992,-0.2028029678483099,-0.0029869569546313,-0.2015202842270511,1104.0,1077.0,0.9058706687265504,0.0009790916556124,-0.0015816873270312,-0.000295671645299
2016-04-18,1153.0,1181.0,1148.0,1154.0,783400.0,1154.0,1185.4,1194.5,1265.44,1201.64,1059.89,False,False,False,False,False,False,False,False,False,True,False,0.0797227036395147,0.0701906412478336,,,-0.0965684575389948,-0.0412824956672444,-0.0363951473136915,-0.1603119584055459,-0.0029959055956858,-0.1928003348681456,1031.0,1020.0,0.9543184309903764,-0.0008218485269945,-0.0018009401826069,-8.948641054452953e-06
2016-04-19,1195.0,1230.0,1177.0,1230.0,472000.0,1230.0,1196.0,1195.9,1265.24,1198.3333333333333,1061.68,False,False,False,False,False,False,False,False,False,False,False,-0.0219512195121951,0.0008130081300813,,,-0.028650406504065,0.0257452574525745,-0.065040650406504,-0.1878048780487805,-0.0027593880389431,-0.1904005351618028,1030.0,1112.0,0.6025019147306612,-0.0001580727767064,0.0006637757502881,0.0002365175567426
2016-04-20,1243.0,1277.0,1241.0,1258.0,530200.0,1258.0,1213.4,1204.7,1263.24,1195.2,1063.57,False,False,False,False,False,False,False,False,False,True,False,-0.0063593004769475,-0.0031796502384737,,,-0.0041653418124006,0.0499205087440381,-0.0874403815580286,-0.1891891891891892,-0.0026215975011154,-0.1936581721590438,1013.0,1196.0,1.1233050847457626,-0.0015832304233558,-0.0014251576466493,0.0001377905378276
2016-04-21,1299.0,1320.0,1277.0,1291.0,770200.0,1291.0,1229.2,1212.5,1262.04,1193.88,1065.76,False,False,False,False,True,False,False,False,False,False,False,-0.0325329202168861,-0.0232378001549186,,,0.0224322230828815,0.0752285050348566,-0.1262587141750581,-0.2339271882261812,-0.001105638757664,-0.1957113402061855,1013.0,1186.0,1.4526593738211997,-0.0009508414947228,0.0006323889286329,0.0015159587434514
2016-04-22,1290.0,1327.0,1254.0,1310.0,950700.0,1310.0,1248.6,1219.5,1262.36,1193.7333333333331,1068.015,False,False,False,False,False,False,True,False,False,False,False,-0.0786259541984732,-0.1106870229007633,,,0.0363664122137405,0.0887531806615777,-0.1778625954198473,-0.2900763358778626,-0.0001228638445216,-0.206150061500615,1037.0,1205.0,1.2343547130615424,0.0002534934567,0.0012043349514229,0.0009827749131423
2016-04-25,1320.0,1320.0,1238.0,1246.0,619600.0,1246.0,1267.0,1226.2,1259.24,1191.56,1069.61,False,False,False,False,False,False,False,False,False,True,False,-0.0088282504012841,0.0272873194221508,,,-0.0106260032102728,0.0436918138041734,-0.0963081861958266,-0.2640449438202247,-0.0018239394854922,-0.2152992986462241,988.0,1219.0,0.6517303039865362,-0.0024776849528286,-0.0027311784095287,-0.0017010756409706
2016-04-26,1234.0,1239.0,1165.0,1203.0,595800.0,1203.0,1261.6,1228.8,1255.16,1188.9733333333334,1071.11,False,False,False,False,False,False,False,False,False,True,False,0.0232751454696591,0.0806317539484621,,,-0.0433582709891937,0.0116597395400387,-0.0989193682460515,-0.2917705735660847,-0.0021755464097876,-0.2261555989583333,1001.0,1240.0,0.9615881213686248,-0.0032505815991586,-0.00077289664633,-0.0003516069242953
2016-04-27,1222.0,1273.0,1221.0,1250.0,768200.0,1250.0,1260.0,1236.7,1253.4,1187.3466666666666,1072.85,False,False,False,False,False,False,False,False,False,False,False,0.0032,0.052,,,-0.00272,0.0501226666666667,-0.1424,-0.3672,-0.0013700014598377,-0.2424193417967171,978.0,1325.0,1.289358845250084,-0.0014041806286899,0.0018464009704686,0.0008055449499499
2016-04-28,1275.0,1299.0,1221.0,1249.0,745200.0,1249.0,1251.6,1240.4,1251.56,1187.28,1074.91,False,False,False,False,False,False,False,False,False,True,False,0.0096076861489191,-0.0152121697357886,,,-0.0020496397117693,0.0494155324259407,-0.166533226581265,-0.3803042433947157,-5.615075354306148e-05,-0.2576588197355692,1128.0,1303.0,0.9700598802395208,-0.0014701652337883,-6.598460509839267e-05,0.0013138507062946
2016-05-02,1165.0,1207.0,1160.0,1207.0,367400.0,1207.0,1231.0,1239.8,1248.24,1186.0666666666666,1076.755,False,False,False,False,False,False,False,False,False,True,False,-0.0347970173985087,0.0124275062137531,,,-0.0341673570836785,0.0173432753383043,-0.12013256006628,-0.3512841756420878,-0.0010229891518183,-0.2721406678496532,1215.0,1235.0,0.4930220075147611,-0.0026597449208485,-0.0011895796870601,-0.0009668383982753
2016-05-06,1208.0,1238.0,1207.0,1235.0,419800.0,1235.0,1228.8,1247.9,1245.48,1186.32,1078.935,False,False,False,False,False,False,False,True,False,False,True,0.0364372469635627,0.0234817813765182,,,-0.0084858299595141,0.039417004048583,-0.1433198380566801,-0.3951417004048583,0.0002135455301548,-0.2946550204343297,1187.0,1171.0,1.1426238432226457,-0.0022160131033818,0.0004437318174666,0.0012365346819732
2016-05-09,1232.0,1254.0,1207.0,1231.0,593400.0,1231.0,1234.4,1248.0,1240.84,1187.0533333333333,1081.07,False,False,False,False,False,False,False,True,False,True,False,0.0560519902518277,0.0203086921202274,,,-0.0079935012185214,0.0356999729217438,-0.181965881397238,-0.413484971567831,0.0006177762302171,-0.3169070512820512,1185.0,1156.0,1.413530252501191,-0.0037394023403501,-0.0015233892369683,0.0004042307000622
2016-05-10,1245.0,1266.0,1224.0,1254.0,927900.0,1254.0,1235.2,1247.6,1235.88,1187.986666666667,1083.35,False,False,False,False,True,False,False,True,False,True,False,0.0486443381180223,-0.0518341307814992,,,0.0144497607655501,0.0526422115895798,-0.2328548644338118,-0.3939393939393939,0.000785642936509,-0.3375280538634177,1154.0,1130.0,1.563700707785642,-0.0040133346279572,-0.000273932287607,0.0001678667062919
2016-05-11,1265.0,1277.0,1256.0,1261.0,460800.0,1261.0,1237.6,1244.6,1231.08,1189.7333333333331,1085.535,False,False,False,False,False,False,False,True,False,False,False,-0.0245836637589214,-0.0935765265662172,,,0.0237272006344171,0.0565159925984669,-0.2085646312450436,-0.4290245836637589,0.0014681161044487,-0.3575445926402056,1131.0,1101.0,0.4966052376333656,-0.0038990154985867,0.0001143191293704,0.0006824731679397
2016-05-12,1262.0,1262.0,1081.0,1165.0,2315100.0,1165.0,1229.2,1230.1,1225.88,1190.9066666666668,1087.105,False,False,False,False,False,False,False,True,False,True,False,0.0489270386266094,-0.0463519313304721,,,-0.0522575107296138,-0.0222374821173105,-0.1802575107296137,-0.3802575107296137,0.0009852437358653,-0.3668807414031379,1182.0,1108.0,5.024088541666667,-0.0042418507521126,-0.0003428352535258,-0.0004828723685834
2016-05-13,1171.0,1333.0,1142.0,1280.0,2368800.0,1280.0,1238.2,1233.5,1224.6,1194.3733333333332,1089.245,False,False,False,False,False,False,False,True,False,False,True,-0.0125,-0.13125,,,0.04328125,0.0668958333333334,-0.27265625,-0.4375,0.0029024983812988,-0.384596676124848,1180.0,959.0,1.0231955423091874,-0.0010452392617999,0.0031966114903126,0.0019172546454334
2016-05-16,1281.0,1369.0,1281.0,1300.0,1656600.0,1300.0,1252.0,1243.2,1227.96,1196.88,1091.285,False,False,False,False,False,False,True,True,True,False,False,-0.0338461538461538,-0.1153846153846153,,,0.0554153846153845,0.0793230769230768,-0.2738461538461538,-0.4523076923076923,0.002094334157699,-0.4006595881595882,1235.0,1029.0,0.6993414387031408,0.0027362454803089,0.0037814847421088,-0.0008081642235997
2016-05-17,1321.0,1336.0,1302.0,1315.0,587400.0,1315.0,1264.2,1249.7,1233.76,1198.4666666666667,1092.93,False,False,False,False,False,False,True,True,False,False,False,-0.0958174904942965,-0.1269961977186312,,,0.0617794676806083,0.0886185044359949,-0.2996197718631179,-0.4479087452471483,0.0013239138899704,-0.4089781547571417,1308.0,1019.0,0.3545816733067729,0.0047010763843859,0.0019648309040769,-0.0007704202677286
2016-05-18,1311.0,1311.0,1221.0,1230.0,985700.0,1230.0,1258.0,1247.8,1234.44,1199.0533333333333,1094.275,False,False,False,False,False,False,True,True,False,True,False,-0.0707317073170731,-0.0829268292682926,,,-0.003609756097561,0.025159891598916,-0.2536585365853658,-0.4138211382113821,0.0004892748723992,-0.4123256932200673,1321.0,1021.0,1.678072863466122,0.0005508570687923,-0.0041502193155935,-0.0008346390175711
2016-05-19,1233.0,1239.0,1192.0,1222.0,837900.0,1222.0,1269.4,1249.3,1233.72,1199.28,1095.385,False,False,False,False,False,False,False,True,False,True,False,-0.0908346972176759,-0.1186579378068739,,,-0.0095908346972176,0.0185924713584288,-0.251227495908347,-0.4108019639934533,0.000189002290263,-0.4180741215080444,1302.0,1104.0,0.8500557979101147,-0.0005836008170411,-0.0011344578858335,-0.0003002725821362
2016-05-20,1222.0,1295.0,1213.0,1264.0,963900.0,1264.0,1266.2,1252.2,1237.12,1199.88,1096.57,False,False,False,False,False,False,True,True,True,False,False,-0.120253164556962,-0.1091772151898734,,,0.0212658227848102,0.0507278481012657,-0.3219936708860759,-0.4106012658227848,0.0005000500050006,-0.4195815364957675,1324.0,1031.0,1.150375939849624,0.0027483186756336,0.0033319194926747,0.0003110477147375
2016-05-23,1264.0,1287.0,1240.0,1256.0,630800.0,1256.0,1257.4,1254.7,1240.28,1200.0933333333332,1097.605,False,False,False,False,False,False,True,True,False,True,False,-0.0843949044585987,-0.1369426751592356,,,0.012515923566879,0.0445116772823779,-0.2890127388535032,-0.3837579617834395,0.0001777639516924,-0.416593608033793,1305.0,1030.0,0.6544247328561054,0.0025478117844358,-0.0002005068911977,-0.0003222860533081
2016-05-24,1256.0,1256.0,1179.0,1189.0,948400.0,1189.0,1232.2,1248.2,1241.0,1198.28,1098.665,False,False,False,False,False,False,True,False,False,True,False,-0.0344827586206896,-0.0984020185029436,,,-0.0437342304457527,-0.0078048780487804,-0.2447434819175778,-0.3574432296047098,-0.0015132801459869,-0.4132350584842173,1294.0,1013.0,1.5034876347495243,0.00058017727639,-0.0019676345080458,-0.0016910440976794
2016-05-25,1215.0,1216.0,1133.0,1143.0,1138400.0,1143.0,1214.8,1236.4,1238.24,1196.1466666666668,1099.705,False,False,False,False,False,False,False,False,False,True,False,-0.0131233595800524,-0.0892388451443569,,,-0.0833245844269466,-0.0464975211431905,-0.1784776902887139,-0.3342082239720035,-0.0017835048098894,-0.404318990617923,1295.0,1013.0,1.200337410375369,-0.0022289701511823,-0.0028091474275723,-0.0002702246639024
2016-05-26,1145.0,1145.0,1067.0,1111.0,1277500.0,1111.0,1192.6,1231.0,1234.16,1194.493333333333,1100.57,False,False,False,False,False,False,False,False,False,True,False,-0.0306030603060306,-0.0441044104410441,,,-0.1108550855085509,-0.0751515151515149,-0.1827182718271827,-0.333033303330333,-0.0013841293937739,-0.4001624695369618,1290.0,1037.0,1.1221890372452563,-0.0033058922668048,-0.0010769221156225,0.0003993754161155
2016-05-27,1115.0,1118.0,1091.0,1112.0,636100.0,1112.0,1162.2,1214.2,1232.48,1193.7066666666667,1101.425,False,False,False,False,False,False,False,False,False,False,False,0.0125899280575539,-0.0485611510791366,,,-0.1083453237410072,-0.0734772182254197,-0.1330935251798561,-0.329136690647482,-0.0006590117058348,-0.3897216274089936,1304.0,988.0,0.4979256360078278,-0.0013631052836557,0.0019427869831491,0.000725117687939
2016-05-30,1119.0,1160.0,1114.0,1150.0,526300.0,1150.0,1141.0,1199.2,1229.28,1193.6266666666668,1102.54,False,False,False,False,False,False,False,False,False,True,False,-0.057391304347826,-0.1243478260869565,,,-0.0689391304347825,-0.037936231884058,-0.1060869565217391,-0.3478260869565217,-6.702263130844421e-05,-0.3789192795196798,1347.0,1001.0,0.8273856311900645,-0.0026031498112716,-0.0012400445276159,0.0005919890745263
2016-05-31,1139.0,1148.0,1120.0,1148.0,620900.0,1148.0,1132.8,1182.5,1224.88,1193.8666666666666,1103.44,False,False,False,False,False,False,False,True,False,True,False,-0.0662020905923344,-0.1620209059233449,,,-0.0669686411149826,-0.0399535423925666,-0.1367595818815331,-0.3606271777003484,0.0002010274737545,-0.3694714587737843,1378.0,978.0,1.179745392361771,-0.0035921886225588,-0.0009890388112871,0.000268050105063
2016-06-01,1130.0,1148.0,1116.0,1128.0,476200.0,1128.0,1129.8,1172.3,1218.36,1194.2266666666667,1104.005,False,False,False,False,False,False,False,True,False,True,False,-0.077127659574468,-0.1152482269503546,,,-0.0801063829787233,-0.0587115839243499,-0.1586879432624113,-0.351063829787234,0.0003014503109405,-0.3630470016207455,1381.0,1128.0,0.7669511998711548,-0.0053514560556815,-0.0017592674331227,0.0001004228371859
2016-06-02,1105.0,1116.0,1071.0,1077.0,521800.0,1077.0,1123.0,1157.8,1209.04,1193.8133333333333,1104.29,False,False,False,False,False,False,False,False,False,True,False,-0.0139275766016713,-0.1132776230269266,,,-0.1225998142989786,-0.1084617765397709,-0.1819870009285051,-0.3026926648096564,-0.0003462294496069,-0.3523924684746934,1295.0,1215.0,1.0957580848383033,-0.0077085952491232,-0.0023571391934416,-0.0006476797605474
2016-06-03,1077.0,1132.0,1077.0,1126.0,627800.0,1126.0,1125.8,1144.0,1204.24,1196.04,1104.995,False,False,False,False,False,False,False,True,False,False,False,-0.0603907637655417,-0.1731793960923623,,,-0.0694849023090586,-0.0622024866785079,-0.2344582593250444,-0.3463587921847247,0.0018616991627927,-0.3453671328671329,1312.0,1187.0,1.2031429666538904,-0.0039859164286188,0.0037226788205043,0.0022079286123997
2016-06-06,1092.0,1106.0,1069.0,1084.0,706800.0,1084.0,1112.6,1126.8,1199.48,1196.7733333333333,1105.55,False,False,False,False,False,False,False,True,False,False,False,-0.0710332103321033,-0.1291512915129151,,,-0.1065313653136531,-0.1040344403444034,-0.1752767527675277,-0.2924354243542435,0.000612758751309,-0.3359957401490947,1216.0,1185.0,1.125836253583944,-0.0039683863007303,1.7530127888533073e-05,-0.0012489404114837
2016-06-07,1090.0,1094.0,1043.0,1072.0,1106500.0,1072.0,1097.4,1115.1,1192.36,1197.48,1105.9,False,False,True,False,False,False,False,True,False,True,False,-0.1026119402985074,-0.1408582089552238,,,-0.1122761194029849,-0.1170522388059701,-0.1315298507462686,-0.2481343283582089,0.0005901281580207,-0.3252623083131557,1170.0,1154.0,1.565506508205999,-0.0059713509342816,-0.0020029646335513,-2.263059328832292e-05
2016-06-08,1068.0,1076.0,1030.0,1041.0,1145400.0,1041.0,1080.0,1104.9,1184.04,1197.746666666667,1106.115,False,False,False,False,False,False,False,True,False,True,False,-0.0413064361191162,-0.1181556195965417,,,-0.1374063400576368,-0.1505731668267693,-0.0835734870317002,-0.2103746397694524,0.0002226402912136,-0.3135125350710472,1213.0,1131.0,1.0351558969724357,-0.0070267896354852,-0.0010554387012035,-0.000367487866807
2016-06-09,1041.0,1066.0,1030.0,1062.0,578600.0,1062.0,1077.0,1100.0,1178.24,1197.1866666666667,1106.295,False,False,False,False,False,False,False,False,False,False,False,-0.1007532956685499,-0.1384180790960452,,,-0.1094538606403013,-0.1272944130571249,-0.1177024482109227,-0.1854990583804143,-0.0004677633117643,-0.2991818181818182,1240.0,1182.0,0.5051510389383621,-0.0049225964149918,0.0021041932204934,-0.000690403602978
2016-06-10,1063.0,1067.0,1051.0,1058.0,783800.0,1058.0,1063.4,1094.6,1171.16,1197.5466666666666,1107.02,False,False,False,False,False,False,False,True,False,True,False,-0.1200378071833648,-0.1899810964083176,,,-0.1069565217391305,-0.1318966603654694,-0.1049149338374291,-0.1956521739130435,0.000300614589828,-0.2861319203361958,1179.0,1180.0,1.3546491531282403,-0.0060452884319819,-0.00112269201699,0.0007683779015924
2016-06-13,1044.0,1046.0,1005.0,1007.0,665300.0,1007.0,1048.0,1080.3,1162.2,1197.24,1107.775,False,False,False,False,False,False,False,False,False,True,False,-0.0625620655412115,-0.1132075471698113,,,-0.1541211519364449,-0.1889175769612711,-0.012909632571996,-0.182720953326713,-0.0002561446883386,-0.2699250208275478,1177.0,1235.0,0.8488134728247002,-0.0077095164343486,-0.0016642280023667,-0.0005567592781667
2016-06-14,1007.0,1010.0,949.0,962.0,971300.0,962.0,1026.0,1061.7,1150.52,1196.56,1108.245,False,False,False,False,False,False,False,False,False,True,False,-0.0426195426195426,-0.0665280665280665,,,-0.1959667359667359,-0.2438253638253637,0.0207900207900207,-0.1185031185031185,-0.0005682957812396,-0.2463972873693133,1171.0,1308.0,1.4599428829099654,-0.0101519313006293,-0.0024424148662806,-0.0003121510929009
2016-06-15,965.0,1013.0,959.0,998.0,890400.0,998.0,1017.4,1048.7,1140.0,1196.36,1109.24,False,False,False,False,False,False,False,False,False,False,False,-0.0801603206412825,-0.0591182364729458,,,-0.1422845691382765,-0.19875751503006,0.0120240480961923,-0.1723446893787575,-0.0001671737604066,-0.2280919233336512,1212.0,1321.0,0.916709564501184,-0.0092280701754385,0.0009238611251907,0.000401122020833
2016-06-16,998.0,1019.0,945.0,955.0,727900.0,955.0,996.0,1036.5,1131.6,1195.2666666666669,1110.23,False,False,False,False,False,False,False,False,False,False,False,-0.0418848167539267,-0.0492146596858638,,,-0.1849214659685863,-0.2515881326352532,0.050261780104712,-0.1350785340314136,-0.0009147191700594,-0.2117703810902074,1213.0,1302.0,0.8174977538185085,-0.007423117709438,0.0018049524660005,-0.0007475454096528
2016-06-17,976.0,990.0,925.0,931.0,445800.0,931.0,970.6,1017.0,1117.64,1194.506666666667,1111.23,False,False,False,False,False,False,False,False,False,True,False,-0.079484425349087,0.0354457572502685,,,-0.2004726100966703,-0.2830361618331545,0.0644468313641246,-0.1106337271750805,-0.0006362459257936,-0.1876106194690265,1154.0,1324.0,0.612446764665476,-0.0124906052038221,-0.0050674874943841,0.0002784732442657
2016-06-20,944.0,965.0,937.0,944.0,523700.0,944.0,958.0,1003.0,1103.4,1193.746666666667,1112.075,False,False,False,False,False,False,False,False,False,True,False,-0.0540254237288135,0.0889830508474576,,,-0.1688559322033899,-0.2645621468926556,0.0158898305084745,-0.1197033898305084,-0.0006366509923936,-0.169890329012961,1230.0,1305.0,1.1747420367877972,-0.012905564618452,-0.0004149594146298,-4.050666000629012e-07
2016-06-21,950.0,974.0,897.0,921.0,982600.0,921.0,949.8,987.9,1087.64,1192.986666666667,1113.23,False,False,False,False,False,False,False,False,False,True,False,-0.0249728555917481,0.0760043431053203,,,-0.1809337676438654,-0.2953166847629391,0.0727470141150923,-0.1118349619978284,-0.0006370565750944,-0.1559874481222796,1258.0,1294.0,1.8762650372350584,-0.014490088632268,-0.0015845240138159,-4.055827007448405e-07
2016-06-22,925.0,940.0,911.0,918.0,777800.0,918.0,933.8,975.6,1075.16,1190.1866666666667,1114.245,False,False,False,False,False,False,False,False,False,False,False,0.022875816993464,0.0337690631808278,,,-0.1711982570806101,-0.2964996368917938,0.0359477124183006,-0.0969498910675381,-0.0023525721455459,-0.1446289462894629,1291.0,1295.0,0.7915733767555465,-0.0116075746865582,0.0028825139457097,-0.0017155155704515
2016-06-23,923.0,923.0,904.0,915.0,400700.0,915.0,925.8,960.9,1062.88,1186.1866666666667,1115.09,False,False,False,False,False,False,False,False,False,False,False,-0.0076502732240437,-0.0371584699453551,,,-0.1616174863387979,-0.2963788706739527,0.0939890710382513,-0.0950819672131147,-0.0033721505327997,-0.1353939015506296,1310.0,1290.0,0.5151709951144253,-0.0115535149781724,5.405970838581048e-05,-0.0010195783872538
2016-06-24,919.0,936.0,808.0,857.0,936700.0,857.0,911.0,940.8,1046.6,1181.7866666666666,1115.735,False,False,False,False,False,False,False,False,False,True,False,0.1248541423570595,0.0058343057176196,,,-0.2212368728121352,-0.3789809412679891,0.1388564760793465,-0.0163360560093348,-0.0037231762077758,-0.1177721088435373,1246.0,1304.0,2.337659096580983,-0.0155551309000575,-0.004001615921885,-0.000351025674976
2016-06-27,874.0,920.0,873.0,893.0,700100.0,893.0,900.8,929.4,1032.08,1177.8933333333334,1116.545,False,False,False,False,False,False,False,False,False,False,False,0.1511758118701008,0.0011198208286674,,,-0.1557446808510637,-0.319029488615155,0.0806270996640537,-0.0593505039193729,-0.0033053360802335,-0.1051215838175166,1203.0,1347.0,0.7474111241592826,-0.014068676846756,0.0014864540533014,0.0004178401275423
2016-06-28,880.0,917.0,867.0,898.0,533100.0,898.0,896.2,923.0,1020.44,1174.48,1117.415,False,False,False,False,False,False,False,False,False,False,False,0.1035634743875278,0.0367483296213808,,,-0.136347438752784,-0.3078841870824054,0.0367483296213808,-0.0612472160356347,-0.0029062507095339,-0.0994582881906825,1250.0,1378.0,0.7614626481931153,-0.0114068441064637,0.0026618327402922,0.0003990853706995
2016-06-29,920.0,959.0,913.0,939.0,757200.0,939.0,900.4,917.1,1012.28,1171.92,1118.725,False,False,False,False,False,False,False,False,False,False,False,0.0106496272630457,0.0159744408945686,,,-0.0780404685835995,-0.2480511182108627,-0.0042598509052183,-0.101171458998935,-0.0021844494504743,-0.0917021044597099,1249.0,1381.0,1.4203714124929656,-0.0080610107875292,0.0033458333189345,0.0007218012590595
2016-06-30,950.0,959.0,905.0,908.0,656600.0,908.0,899.0,912.4,1004.16,1168.2666666666669,1119.88,False,False,False,False,False,False,False,False,False,True,False,-0.0297356828193832,0.0319383259911894,,,-0.1059030837004404,-0.2866372980910428,0.0649779735682819,-0.0352422907488986,-0.003127139922392,-0.081543182814555,1207.0,1295.0,0.8671421024828315,-0.0080863607393244,-2.534995179519217e-05,-0.0009426904719176
2016-07-01,908.0,974.0,908.0,964.0,658500.0,964.0,920.4,915.7,998.24,1165.3866666666668,1121.125,False,False,False,False,False,False,False,False,False,False,True,-0.1058091286307053,-0.0176348547717842,,,-0.0355186721991701,-0.2089073305670817,0.0051867219917012,-0.0560165975103734,-0.0024712827788202,-0.0758982199410287,1235.0,1312.0,1.0028936947913494,-0.0059304375701233,0.002155923169201,0.0006558571435717
2016-07-04,976.0,1040.0,974.0,1028.0,1053400.0,1028.0,947.4,924.1,993.36,1162.6266666666668,1122.75,False,False,False,False,True,False,False,False,False,False,False,-0.1303501945525292,-0.0330739299610894,,,0.0336964980544746,-0.1309597924773023,-0.0282101167315175,-0.0972762645914396,-0.0023739348830808,-0.0738015366302348,1231.0,1216.0,1.5996962794229308,-0.0049126197954417,0.0010178177746816,9.73478957394529e-05
2016-07-05,1030.0,1041.0,989.0,991.0,563300.0,991.0,966.0,931.1,987.08,1158.4,1124.13,False,False,False,False,False,False,False,False,False,True,False,-0.0605449041372351,-0.0090817356205852,,,0.0039556004036326,-0.168920282542886,0.0292633703329969,-0.0706357214934409,-0.0036487108655617,-0.0697025024164965,1254.0,1170.0,0.5347446364154167,-0.0063621996190784,-0.0014495798236367,-0.0012747759824808
2016-07-06,966.0,969.0,938.0,949.0,533300.0,949.0,968.0,934.2,979.92,1153.44,1125.2,False,False,False,False,False,False,False,False,False,True,False,0.0052687038988408,0.0642781875658588,,,-0.0325816649104319,-0.2154267650158061,0.042149631190727,-0.0273972602739726,-0.0043001803301429,-0.0627274673517448,1261.0,1213.0,0.946742410793538,-0.0073067189158299,-0.0009445192967514,-0.0006514694645811
2016-07-07,948.0,953.0,875.0,881.0,964300.0,881.0,962.6,930.8,972.08,1147.8266666666666,1125.73,False,False,False,False,False,False,False,False,False,True,False,0.0635641316685584,0.1384790011350737,,,-0.1033825198637912,-0.302867953083617,0.0556186152099886,0.0261066969353007,-0.0048904015705043,-0.0511388053287493,1165.0,1240.0,1.8081755109694355,-0.0080651798205908,-0.0007584609047608,-0.0005902212403614
2016-07-08,904.0,911.0,856.0,862.0,796300.0,862.0,942.2,931.3,961.52,1141.6666666666667,1126.17,False,False,False,False,False,False,False,False,False,True,False,0.0986078886310904,0.1496519721577726,,,-0.1154524361948955,-0.3244392884764115,0.0638051044083526,0.0301624129930394,-0.005395620437956,-0.0468162783206269,1280.0,1179.0,0.8257803588094991,-0.0109826108661286,-0.0029174310455378,-0.0005052188674517
2016-07-11,907.0,914.0,886.0,894.0,610700.0,894.0,915.4,931.4,953.92,1136.1866666666667,1126.585,False,False,False,False,False,False,False,False,False,False,False,0.1118568232662192,0.0727069351230425,,,-0.0670246085011185,-0.2709023117076809,-0.046979865771812,-0.0111856823266219,-0.0048231511254019,-0.0421945458449645,1300.0,1177.0,0.7669220143162124,-0.0079671251257967,0.0030154857403319,0.0005724693125541
2016-07-12,930.0,959.0,927.0,931.0,785800.0,931.0,903.4,934.7,948.28,1131.3466666666666,1127.2,False,False,False,False,False,False,False,False,False,False,True,0.0547798066595059,0.0612244897959183,,,-0.0185606874328678,-0.2151951306838524,-0.150375939849624,-0.0612244897959183,-0.0042780874709786,-0.0422595485182411,1315.0,1171.0,1.2867201571966596,-0.0059476104104272,0.0020195147153694,0.0005450636544232
2016-07-13,976.0,983.0,927.0,954.0,847600.0,954.0,904.4,936.2,944.8,1126.8,1127.97,False,False,False,False,True,False,False,False,False,False,False,0.0587002096436058,-0.0031446540880503,,,0.009643605870021,-0.181132075471698,-0.1886792452830188,-0.1153039832285115,-0.0040350254407762,-0.0437940610980559,1230.0,1212.0,1.0786459658946297,-0.0036833192209991,0.0022642911894281,0.0002430620302024
2016-07-14,965.0,987.0,933.0,937.0,594100.0,937.0,915.6,939.1,939.8,1122.0933333333332,1128.63,False,False,False,False,False,False,False,False,False,True,False,0.0704375667022411,0.0683030949839914,,,-0.0029882604055495,-0.1975382426182852,-0.1643543223052294,-0.0896478121664887,-0.0041945411552218,-0.0491960387605154,1222.0,1213.0,0.700920245398773,-0.005320280910832,-0.0016369616898329,-0.0001595157144456
2016-07-15,933.0,954.0,923.0,947.0,574100.0,947.0,932.6,937.4,935.36,1117.3333333333333,1129.05,False,False,False,False,False,False,False,False,False,False,False,0.0464625131995776,0.0306230200633579,,,0.0122914466737064,-0.1798662442801829,-0.2111932418162618,-0.0675818373812038,-0.0042601431980906,-0.050352037550672,1264.0,1154.0,0.966335633731695,-0.0047468354430379,0.0005734454677941,-6.560204286886091e-05
2016-07-19,948.0,997.0,938.0,994.0,624000.0,994.0,952.6,934.0,934.84,1112.6266666666668,1129.455,False,False,False,False,False,False,False,False,False,False,False,-0.0352112676056338,-0.0291750503018108,,,0.0595171026156941,-0.1193427230046949,-0.2736418511066398,-0.1116700201207243,-0.0042302299663257,-0.051713062098501,1256.0,1230.0,1.0869186552865355,-0.0005562449189165,0.0041905905241213,2.9913231764922693e-05
2016-07-20,973.0,984.0,932.0,982.0,699300.0,982.0,962.8,933.1,935.64,1107.3466666666666,1129.865,False,False,False,False,False,False,True,False,False,False,False,0.0061099796334012,-0.0519348268839103,,,0.0472097759674134,-0.1276442634080107,-0.2260692464358452,-0.1578411405295315,-0.0047681545074714,-0.0608723609473797,1189.0,1258.0,1.1206730769230768,0.0008550297122824,0.001411274631199,-0.0005379245411457
2016-07-21,998.0,1019.0,993.0,1010.0,485800.0,1010.0,974.0,939.2,936.12,1102.4,1130.155,False,False,False,False,False,False,True,False,False,True,True,-0.0584158415841584,-0.0742574257425742,,,0.0731485148514851,-0.0914851485148515,-0.2871287128712871,-0.1207920792079207,-0.0044871794871793,-0.0706984667802386,1143.0,1291.0,0.6946946946946947,0.0005127547750288,-0.0003422749372535,0.0002809750202921
2016-07-22,986.0,1012.0,981.0,1003.0,520400.0,1003.0,987.2,951.4,938.04,1098.506666666667,1130.405,False,False,False,False,False,False,True,False,True,False,False,-0.0019940179461615,-0.0358923230309072,,,0.064765702891326,-0.0952210036556997,-0.2801595214356929,-0.2293120638085742,-0.0035442054668154,-0.0963842758040781,1111.0,1310.0,1.0712227254013995,0.002046821031086,0.0015340662560571,0.0009429740203638
2016-07-25,1011.0,1016.0,985.0,991.0,532700.0,991.0,996.0,964.3,940.44,1094.2266666666667,1130.865,False,False,False,False,False,False,True,False,False,False,False,-0.0151362260343087,-0.0221997981836528,,,0.0510191725529767,-0.1041641439623276,-0.2734611503531786,-0.1987891019172553,-0.003911438215117,-0.1182204708078398,1112.0,1246.0,1.0236356648731746,0.0025519969376037,0.0005051759065177,-0.0003672327483016
2016-07-26,976.0,985.0,946.0,959.0,552300.0,959.0,989.0,970.8,941.04,1090.8,1130.945,False,False,False,False,False,False,True,False,False,True,False,0.0062565172054223,0.0417101147028154,,,0.0187278415015641,-0.1374348279457768,-0.2575599582898853,-0.2064650677789364,-0.0031414252536365,-0.1367943963741243,1150.0,1203.0,1.0367936925098555,0.0006375924509052,-0.0019144044866984,0.0007700129614805
2016-07-27,968.0,993.0,960.0,988.0,437000.0,988.0,990.2,976.5,943.72,1088.3733333333332,1131.045,False,False,False,False,False,False,True,False,True,False,False,-0.0576923076923076,0.0323886639676113,,,0.0448178137651821,-0.1015924426450741,-0.2651821862348178,-0.2024291497975708,-0.0022296270887441,-0.1506400409626216,1148.0,1250.0,0.7912366467499548,0.0028398253719324,0.0022022329210271,0.0009117981648924
2016-07-28,960.0,968.0,948.0,951.0,322700.0,951.0,978.4,976.2,945.04,1084.88,1131.03,False,False,False,False,False,False,True,False,False,True,False,-0.0168243953732912,0.0399579390115667,,,0.006267087276551,-0.1407781282860148,-0.241850683491062,-0.1566771819137749,-0.0032200181894155,-0.1546814177422659,1128.0,1249.0,0.7384439359267735,0.0013967662744433,-0.001443059097489,-0.0009903911006714
2016-07-29,941.0,1005.0,938.0,1001.0,467200.0,1001.0,978.0,982.6,948.48,1081.6933333333334,1131.15,False,False,False,False,False,False,True,False,False,False,True,-0.0339660339660339,-0.0709290709290709,,,0.0524675324675324,-0.0806127206127206,-0.2807192807192807,-0.1478521478521478,-0.0029459982496579,-0.1601872582943211,1077.0,1207.0,1.447784319801673,0.0036268556005398,0.0022300893260965,0.0002740199397575
2016-08-01,965.0,989.0,963.0,976.0,253900.0,976.0,975.0,985.5,953.24,1078.986666666667,1131.115,False,False,False,False,False,False,True,False,False,False,False,-0.0071721311475409,-0.0604508196721311,,,0.0233196721311475,-0.1055191256830603,-0.2366803278688524,-0.1526639344262295,-0.0025085265187087,-0.1683409436834094,1126.0,1235.0,0.5434503424657534,0.0049934958667282,0.0013666402661883,0.0004374717309492
2016-08-02,968.0,980.0,963.0,965.0,235000.0,965.0,976.2,982.6,956.12,1076.16,1131.07,False,False,False,False,False,False,True,False,False,True,False,0.0352331606217616,-0.1170984455958549,,,0.0092020725388601,-0.1151917098445596,-0.1979274611398963,-0.1398963730569948,-0.0026266230548123,-0.171280276816609,1084.0,1231.0,0.925561244584482,0.0030121742040747,-0.0019813216626534,-0.0001180965361035
2016-08-03,944.0,949.0,918.0,931.0,528500.0,931.0,964.8,977.5,957.44,1072.96,1130.895,False,False,False,False,False,False,True,False,False,True,False,0.0955961331901181,-0.150375939849624,,,-0.0283995703544576,-0.1524812030075188,-0.1793770139634801,-0.1095596133190118,-0.0029824038174769,-0.1667519181585677,1072.0,1254.0,2.248936170212766,0.0013786764705882,-0.0016334977334865,-0.0003557807626646
2016-08-04,928.0,951.0,917.0,935.0,436100.0,935.0,961.6,970.0,957.28,1069.2666666666669,1130.865,False,False,False,False,False,False,False,False,False,True,False,0.0577540106951871,-0.1721925133689839,,,-0.0238288770053475,-0.1436007130124779,-0.1860962566844919,-0.1294117647058823,-0.0034540806783463,-0.1679381443298968,1041.0,1261.0,0.8251655629139073,-0.0001671402306536,-0.0015458167012418,-0.0004716768608694
2016-08-05,947.0,1032.0,941.0,967.0,925500.0,967.0,954.8,966.4,959.64,1065.986666666667,1130.95,False,False,False,False,False,False,True,False,True,False,False,-0.0382626680455015,-0.1902792140641158,,,0.0076111685625646,-0.1023647018269564,-0.233712512926577,-0.1509824198552223,-0.0030769615629963,-0.1598716887417218,1062.0,1165.0,2.1222196743866086,0.0024592555541661,0.0026263957848197,0.0003771191153499
2016-08-08,982.0,995.0,946.0,969.0,424400.0,969.0,953.4,964.2,959.84,1063.52,1131.16,False,False,False,False,False,False,True,False,False,True,False,-0.0536635706914344,-0.2291021671826625,,,0.0094530443756449,-0.0975438596491228,-0.2301341589267286,-0.1671826625386996,-0.0023193420590745,-0.1566065131715411,1058.0,1280.0,0.4585629389519179,0.0002083680613436,-0.0022508874928225,0.0007576195039218
2016-08-09,962.0,999.0,960.0,999.0,344100.0,999.0,960.2,968.2,958.68,1060.44,1131.5,False,False,False,False,False,False,False,False,False,True,True,-0.1471471471471471,-0.2772772772772773,,,0.0403603603603604,-0.0615015015015015,-0.2492492492492492,-0.1981981981981982,-0.00290445475463,-0.1559595124974178,1007.0,1300.0,0.8107917059377945,-0.0012099970793174,-0.001418365140661,-0.0005851126955555
2016-08-10,999.0,1042.0,999.0,1020.0,529800.0,1020.0,978.0,971.4,959.84,1057.2666666666669,1131.74,False,False,False,False,False,False,True,False,True,False,False,-0.2245098039215686,-0.2549019607843137,,,0.0589803921568627,-0.0365359477124185,-0.2803921568627451,-0.2362745098039215,-0.0030014502805976,-0.1596664607782582,962.0,1315.0,1.5396687009590235,0.0012085347557927,0.0024185318351101,-9.699552596753332e-05
2016-08-12,1045.0,1078.0,983.0,989.0,1389600.0,989.0,988.8,975.2,961.44,1053.24,1131.83,False,False,False,False,False,False,True,False,False,False,False,-0.217391304347826,-0.2719919110212335,,,0.0278665318503538,-0.0649544994944388,-0.2598584428715874,-0.2275025278058645,-0.0038231235679112,-0.1668375717801477,998.0,1230.0,2.622876557191393,0.0016641704110501,0.0004556356552573,-0.0008216732873136
2016-08-15,974.0,976.0,927.0,930.0,758000.0,930.0,981.4,968.1,963.4,1048.1733333333334,1131.725,False,False,False,False,False,False,True,False,False,False,False,-0.1580645161290322,-0.2236559139784946,,,-0.0359139784946236,-0.127068100358423,-0.1924731182795699,-0.2064516129032258,-0.0048338061134926,-0.17260613572978,955.0,1222.0,0.5454807138744963,0.0020344612829561,0.000370290871906,-0.0010106825455813
2016-08-16,933.0,935.0,907.0,917.0,509000.0,917.0,971.0,962.2,965.6,1043.7866666666666,1131.78,False,False,False,False,False,False,True,False,False,False,False,-0.1853871319520174,-0.2148309705561614,,,-0.0529989094874591,-0.1382624500181751,-0.1973827699018538,-0.2104689203925845,-0.0042026467732871,-0.1782373726875909,931.0,1264.0,0.6715039577836411,0.0022783761391881,0.000243914856232,0.0006311593402055
2016-08-17,902.0,909.0,848.0,852.0,973600.0,852.0,941.6,950.9,963.92,1039.1066666666666,1131.675,False,False,False,False,False,False,False,False,False,True,False,-0.1525821596244131,-0.1643192488262911,,,-0.1313615023474177,-0.2196087636932706,-0.0997652582159624,-0.1373239436619718,-0.0045038687077361,-0.1784625092018087,944.0,1256.0,1.912770137524558,-0.0017428832268238,-0.0040212593660119,-0.000301221934449
2016-08-18,830.0,832.0,785.0,791.0,2018200.0,791.0,895.8,936.9,958.32,1032.986666666667,1131.15,False,False,False,False,False,False,False,False,False,True,False,-0.0391908975979772,-0.0821744627054361,,,-0.2115297092288243,-0.3059249894648128,0.0189633375474083,-0.0505689001264222,-0.0059245682422486,-0.1745116874799872,921.0,1189.0,2.072925225965489,-0.0058435595625677,-0.0041006763357438,-0.0014206995345124
2016-08-19,799.0,810.0,761.0,774.0,1070600.0,774.0,852.8,920.8,951.12,1026.6533333333334,1130.425,False,False,False,False,False,False,False,False,False,True,False,-0.0697674418604651,-0.0684754521963824,,,-0.2288372093023256,-0.3264254952627047,0.0620155038759689,0.0129198966408268,-0.0061689112845622,-0.1633362293657689,918.0,1143.0,0.5304726984441581,-0.0075700227100681,-0.0017264631475004,-0.0002443430423135
2016-08-22,789.0,798.0,777.0,783.0,878900.0,783.0,823.4,902.4,944.96,1021.0,1129.76,False,False,False,False,False,False,False,False,False,False,False,-0.0779054916985951,-0.0804597701149425,,,-0.206845466155811,-0.3039591315453384,0.1047254150702426,0.0217113665389527,-0.0055370551746654,-0.1486037234042553,915.0,1111.0,0.8209415281150757,-0.0065187944463257,0.0010512282637424,0.0006318561098968
2016-08-23,780.0,782.0,718.0,747.0,1361300.0,747.0,789.4,880.2,936.96,1014.4933333333332,1128.89,False,False,False,False,False,False,False,False,False,True,False,-0.036144578313253,-0.002677376171352,,,-0.2542971887550201,-0.358090138331102,0.1392235609103079,0.0682730923694779,-0.0064137106207368,-0.1281526925698705,857.0,1112.0,1.548867903060644,-0.0085382513661202,-0.0020194569197944,-0.0008766554460714
2016-08-24,761.0,761.0,710.0,722.0,1352700.0,722.0,763.4,852.5,926.08,1007.7066666666668,1127.795,False,False,False,False,False,False,False,False,False,True,False,-0.0138504155124653,0.0720221606648199,,,-0.2826592797783934,-0.3957156048014776,0.1398891966759002,0.0969529085872576,-0.0067347640847863,-0.1008797653958944,893.0,1150.0,0.9936825093660472,-0.0117484450587422,-0.003210193692622,-0.0003210534640494
2016-08-25,736.0,777.0,733.0,760.0,968300.0,760.0,757.2,826.5,917.2,1001.12,1127.09,False,False,False,False,False,False,False,False,False,False,False,-0.0447368421052631,0.0052631578947368,,,-0.2068421052631579,-0.3172631578947368,0.1157894736842105,0.025,-0.0065792978530713,-0.072595281306715,898.0,1148.0,0.715827604051157,-0.0096816397732228,0.0020668052855193,0.0001554662317149
2016-08-26,749.0,752.0,713.0,720.0,1008600.0,720.0,746.4,799.6,905.6,993.9066666666666,1126.28,False,False,False,False,False,False,False,False,False,True,False,0.0013888888888888,0.0569444444444444,,,-0.2577777777777778,-0.3804259259259259,0.1472222222222222,0.0847222222222222,-0.0072575560414794,-0.0392696348174086,939.0,1128.0,1.041619332851389,-0.0128091872791519,-0.0031275475059291,-0.000678258188408
2016-08-29,735.0,745.0,715.0,722.0,761900.0,722.0,734.2,778.8,894.36,988.0,1125.81,False,False,False,False,False,False,False,False,False,False,False,-0.002770083102493,0.0263157894736842,,,-0.2387257617728532,-0.3684210526315789,0.1440443213296399,0.0803324099722991,-0.0059784075573548,-0.0082177709296353,908.0,1077.0,0.7554035296450525,-0.0125676461380204,0.0002415411411314,0.0012791484841245
2016-08-30,722.0,736.0,716.0,720.0,900000.0,720.0,728.8,759.1,883.52,980.5333333333332,1125.205,False,False,False,False,False,False,False,False,False,False,False,0.0347222222222222,0.0361111111111111,,,-0.2271111111111111,-0.3618518518518516,0.15,0.0736111111111111,-0.0076149034539027,0.023975760769332,964.0,1126.0,1.1812573828586428,-0.0122691053965954,0.000298540741425,-0.0016364958965478
2016-08-31,725.0,727.0,698.0,712.0,1454700.0,712.0,726.8,745.1,873.64,972.6933333333334,1124.51,False,False,False,False,False,False,False,False,False,False,False,0.0870786516853932,0.0533707865168539,,,-0.2270224719101123,-0.3661423220973783,0.1671348314606741,0.0688202247191011,-0.0080600943085862,0.0467051402496308,1028.0,1084.0,1.6163333333333334,-0.0113090059978938,0.0009600993987016,-0.0004451908546834
2016-09-01,725.0,732.0,719.0,726.0,1237900.0,726.0,720.0,738.6,863.16,964.84,1123.94,False,False,False,False,False,False,False,False,False,True,False,0.0523415977961432,0.0110192837465564,,,-0.1889256198347107,-0.3289807162534435,0.1267217630853994,0.0523415977961432,-0.0081395188148639,0.057676685621446,991.0,1072.0,0.850965834880044,-0.0121414338013809,-0.0008324278034871,-7.94245062777036e-05
2016-09-02,725.0,750.0,721.0,721.0,833100.0,721.0,720.2,733.3,853.96,958.0533333333332,1123.295,False,False,False,False,False,False,False,False,False,False,False,0.0554785020804438,0.015256588072122,,,-0.1844105409153953,-0.3287840961627367,0.1497919556171983,0.0457697642163661,-0.0070838088345814,0.0612300559116324,949.0,1041.0,0.6729945876080459,-0.010773338329664,0.0013680954717169,0.0010557099802825
2016-09-05,725.0,730.0,716.0,720.0,399200.0,720.0,719.8,727.0,842.72,951.36,1122.465,False,False,False,False,False,False,False,False,False,True,False,0.0291666666666666,0.0430555555555555,,,-0.1704444444444444,-0.3213333333333333,0.15,0.0902777777777777,-0.0070355421011322,0.068363136176066,881.0,1062.0,0.4791741687672548,-0.0133377634326941,-0.00256442510303,4.826673344920929e-05
2016-09-06,728.0,747.0,723.0,745.0,691900.0,745.0,724.8,726.8,833.48,944.44,1121.715,False,False,False,False,False,False,False,False,False,False,False,0.0013422818791946,-0.0120805369127516,,,-0.1187651006711409,-0.2677046979865772,0.1315436241610738,0.07248322147651,-0.0073270933039684,0.0687947165657677,862.0,1058.0,1.7332164328657316,-0.0110860488554014,0.0022517145772926,-0.0002915512028362
2016-09-07,755.0,788.0,751.0,774.0,1211400.0,774.0,737.2,732.0,825.84,938.0133333333332,1120.8,False,False,False,False,False,False,False,False,False,False,True,-0.0310077519379844,-0.0090439276485788,,,-0.0669767441860465,-0.211903531438415,0.0852713178294573,0.020671834625323,-0.0068513596110931,0.0609289617486339,894.0,1007.0,1.750831044948692,-0.0092511866705414,0.0018348621848599,0.0004757336928753
2016-09-08,769.0,776.0,757.0,764.0,758100.0,764.0,744.8,732.4,819.16,932.3466666666668,1119.825,False,False,False,False,False,False,False,False,False,False,False,-0.0392670157068062,0.0549738219895288,,,-0.0721989528795811,-0.2203490401396162,0.1034031413612565,0.0366492146596858,-0.0060778537310868,0.0621245221190606,931.0,962.0,0.6258048538880634,-0.0081546950534694,0.001096491617072,0.0007735058800062
2016-09-09,765.0,772.0,757.0,761.0,540200.0,761.0,752.8,736.5,812.2,927.2533333333332,1118.785,False,False,False,False,False,False,False,False,False,True,True,-0.038107752956636,0.0801576872536136,,,-0.0672798948751643,-0.2184669294787558,0.1090670170827858,0.0433639947437582,-0.0054929253422296,0.0579769178547183,954.0,998.0,0.712570900936552,-0.0085693179019944,-0.000414622848525,0.0005849283888572
2016-09-12,739.0,756.0,733.0,741.0,531800.0,741.0,757.0,738.4,803.16,922.32,1117.68,False,False,False,False,False,False,False,False,False,True,False,0.0134952766531713,0.1673414304993252,,,-0.0838866396761133,-0.2446963562753037,0.1821862348178137,0.1106612685560054,-0.0053488304854423,0.0610780065005417,937.0,955.0,0.9844502036282858,-0.0112555406145725,-0.002686222712578,0.0001440948567873
2016-09-13,746.0,760.0,738.0,746.0,515100.0,746.0,757.2,741.0,794.24,917.44,1116.5,False,False,False,False,False,False,False,False,False,False,False,-0.0134048257372654,0.1407506702412868,,,-0.0646648793565683,-0.2298123324396783,0.2198391420911528,0.1380697050938338,-0.0053191489361702,0.0676113360323887,947.0,931.0,0.9685972169988718,-0.0112308622078968,2.467840667572975e-05,2.9681549272118392e-05
2016-09-14,751.0,785.0,748.0,750.0,1377900.0,750.0,752.4,744.8,784.28,912.1066666666668,1115.03,False,False,False,False,False,False,False,False,False,True,False,0.0226666666666666,0.0973333333333333,,,-0.0457066666666666,-0.2161422222222224,0.2373333333333333,0.1226666666666666,-0.005847269325225,0.0730397422126746,994.0,944.0,2.6750145602795574,-0.0126995460804815,-0.0014686838725847,-0.0005281203890548
2016-09-15,740.0,743.0,721.0,734.0,659800.0,734.0,746.4,745.6,772.84,906.5866666666668,1112.38,False,False,False,False,False,False,False,False,False,True,False,0.0980926430517711,0.1553133514986376,,,-0.0529155313351499,-0.2351316984559493,0.2547683923705722,0.103542234332425,-0.0060887725387533,0.078057939914163,982.0,921.0,0.4788446186225416,-0.0148025464520469,-0.0021030003715654,-0.0002415032135283
2016-09-16,734.0,736.0,721.0,732.0,354100.0,732.0,740.6,746.7,762.56,901.3066666666666,1109.94,False,False,False,False,False,False,False,False,False,False,False,0.1229508196721311,0.1284153005464481,,,-0.0417486338797813,-0.2312932604735882,0.2609289617486339,0.1065573770491803,-0.0058581614840677,0.0839694656488548,1010.0,918.0,0.5366777811458018,-0.0134809064204785,0.0013216400315684,0.0002306110546856
2016-09-20,741.0,759.0,720.0,751.0,736600.0,751.0,742.6,749.8,755.4,896.96,1107.27,False,False,False,False,False,False,False,False,False,False,False,0.151797603195739,0.099866844207723,,,-0.0058588548601863,-0.1943541944074567,0.2037283621837549,0.0838881491344873,-0.004845998335117,0.0833555614830621,1003.0,915.0,2.08020333239198,-0.0094784220280645,0.0040024843924139,0.0010121631489507
2016-09-21,742.0,744.0,712.0,736.0,963100.0,736.0,740.6,748.9,748.16,891.76,1104.595,False,False,False,False,False,False,False,False,False,True,False,0.15625,0.125,,,-0.0165217391304347,-0.2116304347826086,0.2065217391304347,0.1005434782608695,-0.0058311653359648,0.0861263186006142,991.0,857.0,1.3074938908498506,-0.0096770744225834,-0.0001986523945188,-0.0009851670008478
2016-09-23,736.0,773.0,736.0,767.0,821300.0,767.0,744.0,748.2,744.76,887.5333333333333,1101.595,False,False,False,False,True,False,False,False,False,False,False,0.0730117340286831,0.0834419817470664,,,0.0289960886571056,-0.1571490656236418,0.1525423728813559,0.0482398956975228,-0.0047622624502366,0.0890136327185243,959.0,893.0,0.8527671062194996,-0.0045652290670819,0.0051118453555014,0.0010689028857282
2016-09-26,763.0,813.0,760.0,806.0,1249800.0,806.0,758.4,752.4,745.36,883.9866666666667,1098.97,False,False,False,False,False,False,True,False,False,False,True,0.0521091811414392,0.0148883374689826,,,0.0752357320099255,-0.0967576509511993,0.0843672456575682,-0.0037220843672456,-0.0040121268797417,0.0843965975544922,988.0,898.0,1.521733836600511,0.0008049801438231,0.0053702092109051,0.0007501355704949
2016-09-27,800.0,828.0,790.0,822.0,893800.0,822.0,776.4,758.5,747.28,881.0666666666667,1096.355,False,False,False,False,False,False,True,False,True,False,False,0.0048661800486618,0.0085158150851581,,,0.0909002433090024,-0.0718572587185726,0.0267639902676399,-0.0170316301703163,-0.0033141646489103,0.0775214238628872,951.0,939.0,0.7151544247079533,0.0025693180601648,0.0017643379163416,0.0006979622308313
2016-09-28,822.0,873.0,820.0,865.0,1403200.0,865.0,799.2,770.9,750.56,878.44,1094.195,False,False,False,False,False,False,True,False,False,False,False,-0.0450867052023121,-0.0427745664739884,,,0.1323005780346821,-0.0155375722543353,-0.0138728323699421,-0.0693641618497109,-0.0029901492038917,0.057854455830847,1001.0,908.0,1.5699261579771762,0.0043700703474738,0.001800752287309,0.0003240154450186
2016-09-29,877.0,877.0,847.0,851.0,977500.0,851.0,822.2,781.4,754.72,875.68,1091.92,False,False,False,False,False,False,True,False,False,False,False,-0.027027027027027,-0.0094007050528789,,,0.1131374853113983,-0.0290011750881315,0.0376028202115158,-0.0564042303172738,-0.0031518362872283,0.0377527514717174,976.0,964.0,0.6966220068415051,0.0055119779520883,0.0011419076046144,-0.0001616870833365
2016-09-30,836.0,848.0,822.0,823.0,456400.0,823.0,833.4,788.7,758.76,873.2266666666667,1088.95,False,False,False,False,False,False,True,False,False,True,False,0.0097205346294046,0.0206561360874848,,,0.078055893074119,-0.061028756581612,0.0729040097205346,-0.0352369380315917,-0.002809503450803,0.0220616203879801,965.0,1028.0,0.4669053708439897,0.0053244767779007,-0.0001875011741875,0.0003423328364252
2016-10-03,827.0,853.0,822.0,848.0,433600.0,848.0,841.8,800.1,762.28,871.7066666666667,1086.22,False,False,False,False,False,False,True,False,False,True,False,-0.035377358490566,-0.0058962264150943,,,0.1010849056603774,-0.0279559748427673,-0.0247641509433962,-0.0495283018867924,-0.0017437058337666,0.0069991251093613,931.0,991.0,0.9500438212094654,0.0046177257700582,-0.0007067510078425,0.0010657976170363
2016-10-04,843.0,846.0,823.0,826.0,472300.0,826.0,842.6,809.5,766.52,869.4133333333333,1083.59,False,False,False,False,False,False,True,False,False,False,False,0.0036319612590799,0.0217917675544794,,,0.0720096852300242,-0.0525585149313962,0.0750605326876513,-0.0072639225181598,-0.0026377940680306,-0.0034589252625076,935.0,949.0,1.0892527675276753,0.0055314929812659,0.0009137672112077,-0.0008940882342639
2016-10-05,826.0,834.0,822.0,826.0,391400.0,826.0,834.8,817.0,770.68,867.6933333333334,1081.175,False,False,False,False,False,False,True,False,False,True,False,0.0024213075060532,0.0605326876513317,,,0.0669733656174334,-0.0504761904761905,-0.0641646489104116,-0.0411622276029055,-0.0019822671604406,-0.0152998776009791,967.0,881.0,0.8287105653186534,0.0053978304873617,-0.0001336624939042,0.00065552690759
2016-10-06,828.0,832.0,821.0,828.0,431200.0,828.0,830.2,826.2,775.0,866.32,1078.785,False,False,False,False,False,False,True,False,False,False,False,0.0181159420289855,0.0990338164251207,,,0.0640096618357488,-0.046280193236715,-0.0410628019323671,-0.0688405797101449,-0.0015852494844091,-0.0309852335996127,969.0,862.0,1.1016862544711292,0.0055741935483871,0.0001763630610253,0.0003970176760314
2016-10-07,821.0,832.0,809.0,831.0,457100.0,831.0,831.8,832.6,779.76,864.8133333333334,1076.475,False,False,False,False,False,False,True,False,False,False,False,0.0108303249097472,0.1167268351383874,,,0.0616606498194945,-0.0406899318090654,-0.0842358604091456,-0.0818291215403128,-0.0017421871386503,-0.0433581551765554,999.0,894.0,1.0600649350649352,0.006104442392531,0.0005302488441438,-0.0001569376542411
2016-10-11,821.0,830.0,815.0,818.0,335500.0,818.0,825.8,833.8,783.44,863.44,1074.34,False,False,False,False,False,False,True,False,False,True,False,0.030562347188264,0.1259168704156479,,,0.0422493887530561,-0.0555501222493888,-0.0366748166259168,-0.0537897310513447,-0.0015905370765002,-0.0482130007195969,1020.0,931.0,0.7339750601618902,0.004697232717247,-0.0014072096752839,0.0001516500621501
2016-10-12,808.0,839.0,804.0,829.0,540700.0,829.0,826.4,834.5,787.76,862.2533333333333,1071.81,False,False,False,False,False,False,True,False,False,False,False,0.0180940892641737,0.1133896260554885,,,0.0497466827503015,-0.0401125854443104,-0.0325693606755126,-0.0772014475271411,-0.0013762390016855,-0.0541641701617735,989.0,954.0,1.611624441132638,0.0054839037270233,0.0007866710097762,0.0002142980748146
2016-10-13,840.0,843.0,817.0,828.0,349700.0,828.0,826.8,830.8,792.08,861.0933333333334,1068.975,False,False,False,False,False,False,True,False,False,True,False,0.0579710144927536,0.0917874396135265,,,0.0433816425120772,-0.0399677938808373,0.0301932367149758,-0.0712560386473429,-0.0013471245857978,-0.0542850264805006,930.0,937.0,0.6467542075087849,0.0054539945460055,-2.990918101786113e-05,2.9114415887709693e-05
2016-10-14,831.0,844.0,827.0,843.0,359800.0,843.0,829.8,830.0,796.0,860.9066666666666,1065.93,False,False,False,False,False,False,True,False,False,True,False,0.0794780545670225,0.0533807829181494,,,0.0557532621589561,-0.0212415974693554,-0.0189798339264531,-0.0759193357058125,-0.0002168256721596,-0.0562650602409639,917.0,947.0,1.0288818987703745,0.0049246231155778,-0.0005293714304276,0.0011302989136382
2016-10-17,839.0,840.0,817.0,840.0,500200.0,840.0,831.6,831.7,798.64,860.2,1062.93,False,False,False,False,False,False,True,False,False,True,True,0.1047619047619047,0.0523809523809523,,,0.0492380952380952,-0.0240476190476191,-0.0119047619047619,-0.0952380952380952,-0.0008215143765015,-0.0622820728628111,852.0,994.0,1.3902167871039466,0.0033056195532404,-0.0016190035623373,-0.0006046887043418
2016-10-18,841.0,851.0,836.0,843.0,397600.0,843.0,836.6,831.2,801.8,859.4666666666667,1059.515,False,False,False,False,False,False,True,False,False,False,False,0.092526690391459,0.0367734282325029,,,0.0488730723606169,-0.0195334124159747,-0.0166073546856465,-0.0723606168446026,-0.0008532423208191,-0.0646053897978826,791.0,982.0,0.7948820471811275,0.0039411324519829,0.0006355128987425,-3.172794431762784e-05
2016-10-19,840.0,847.0,833.0,844.0,430600.0,844.0,839.6,833.0,805.12,858.2,1056.455,False,False,False,False,False,False,True,False,False,False,True,0.0936018957345971,0.0,,,0.0460663507109004,-0.016824644549763,-0.0355450236966824,-0.0924170616113744,-0.0014759574302804,-0.0731092436974789,774.0,1010.0,1.0829979879275653,0.0041236089030207,0.0001824764510377,-0.0006227151094612
2016-10-20,855.0,887.0,854.0,876.0,627200.0,876.0,849.2,838.0,810.52,857.7733333333333,1053.42,False,False,False,False,False,False,True,False,False,False,False,0.0319634703196347,-0.026255707762557,,,0.0747488584474886,0.0208066971080669,-0.0627853881278538,-0.1210045662100456,-0.0004974119036886,-0.0812649164677804,783.0,1003.0,1.456572224802601,0.0066623895770616,0.0025387806740408,0.0009785455265917
2016-10-21,878.0,914.0,874.0,910.0,878000.0,910.0,862.6,846.2,817.08,857.0533333333333,1050.85,False,False,False,False,False,False,True,False,False,False,False,-0.0241758241758241,-0.0296703296703296,,,0.10210989010989,0.0581831501831502,-0.1131868131868131,-0.1186813186813186,-0.0008400877424975,-0.0865043724887733,747.0,991.0,1.3998724489795915,0.0080285896117883,0.0013662000347267,-0.0003426758388088
2016-10-24,925.0,946.0,911.0,928.0,1013600.0,928.0,880.2,855.9,824.2,855.72,1048.1,False,False,False,False,False,False,True,False,False,False,False,-0.0474137931034482,-0.0484913793103448,,,0.111853448275862,0.0778879310344827,-0.136853448275862,-0.2198275862068965,-0.0015581420713939,-0.1014137165556723,722.0,959.0,1.1544419134396355,0.0086386799320553,0.0006100903202669,-0.0007180543288963
2016-10-25,930.0,930.0,901.0,921.0,587100.0,921.0,895.8,866.2,831.68,854.7866666666666,1045.24,False,False,False,False,False,False,True,False,False,False,False,-0.0510314875135722,-0.1020629750271444,,,0.0969815418023887,0.0718928700687658,-0.1541802388707926,-0.2128121606948968,-0.0010918903742065,-0.1177557146155622,760.0,988.0,0.5792225730071034,0.0089938437860714,0.0003551638540161,0.0004662516971874
2016-10-26,921.0,932.0,916.0,923.0,347200.0,923.0,911.6,875.6,839.32,854.44,1042.905,False,False,False,False,False,False,True,False,False,False,False,-0.085590465872156,-0.037919826652221,,,0.0906608884073672,0.0742795232936077,-0.1722643553629469,-0.2156013001083423,-0.0004057238269118,-0.1319095477386934,720.0,951.0,0.5913813660364503,0.00910260687223,0.0001087630861585,0.0006861665472946
2016-10-27,923.0,923.0,893.0,904.0,582500.0,904.0,917.2,883.2,845.44,854.7466666666667,1040.82,False,False,False,False,False,False,True,True,False,True,False,-0.0564159292035398,-0.1449115044247787,,,0.0647787610619468,0.0544837758112094,-0.1836283185840708,-0.1946902654867256,0.0003587807693507,-0.1440217391304348,722.0,1001.0,1.6777073732718897,0.0072388342165026,-0.0018637726557273,0.0007645045962625
2016-10-28,890.0,895.0,854.0,888.0,1181200.0,888.0,912.8,887.7,851.52,855.0933333333334,1038.215,False,False,False,False,False,False,True,True,False,True,False,-0.0056306306306306,-0.1058558558558558,,,0.0410810810810811,0.037057057057057,-0.1846846846846846,-0.1689189189189189,0.0004054138339674,-0.1529796102286809,720.0,976.0,2.027811158798283,0.007140172867343,-9.8661349159636e-05,4.663306461676975e-05
2016-10-31,883.0,889.0,877.0,884.0,509700.0,884.0,904.0,892.1,856.2,854.96,1035.65,False,True,False,False,False,False,True,False,False,True,False,-0.001131221719457,-0.1391402714932126,,,0.0314479638009049,0.0328506787330316,-0.168552036199095,-0.1640271493212669,-0.0001559527151367,-0.1595112655531891,712.0,965.0,0.4315103284795124,0.0054660126138753,-0.0016741602534676,-0.0005613665491042
2016-11-01,884.0,888.0,863.0,874.0,441800.0,874.0,894.6,895.2,858.92,854.2,1033.16,False,False,False,False,False,False,True,False,False,True,False,-0.0537757437070938,-0.0983981693363844,,,0.017254004576659,0.0226544622425628,-0.1407322654462242,-0.154462242562929,-0.0008897213767267,-0.1672252010723861,726.0,931.0,0.8667843829703747,0.0031667675685743,-0.0022992450453009,-0.0007337686615899
2016-11-02,860.0,869.0,838.0,844.0,448100.0,844.0,878.8,895.2,859.8,852.7333333333333,1031.11,False,False,False,False,False,False,True,False,False,True,False,0.0521327014218009,-0.0497630331753554,,,-0.0187203791469193,-0.010347551342812,-0.0710900473933649,-0.0912322274881516,-0.0017199593464154,-0.1671134941912422,721.0,935.0,1.014259846084201,0.0010234938357757,-0.0021432737327986,-0.0008302379696887
2016-11-04,829.0,859.0,824.0,853.0,503100.0,853.0,868.6,892.9,859.32,851.6133333333333,1028.885,False,False,False,False,False,False,False,False,False,True,False,-0.0937866354044548,0.0,,,-0.0074091441969519,0.0016256350136772,-0.0621336459554513,-0.104337631887456,-0.0013151508509339,-0.1656400492776346,720.0,967.0,1.1227404597188129,-0.0005585812037423,-0.0015820750395181,0.0004048084954815
2016-11-07,854.0,888.0,849.0,883.0,474600.0,883.0,867.6,890.2,860.6,850.76,1027.22,False,False,False,False,False,False,True,False,True,False,False,-0.1007927519818799,-0.0634201585503963,,,0.0253680634201585,0.0365118912797282,-0.0962627406568516,-0.1585503963759909,-0.0010030247465011,-0.1697371377218602,745.0,969.0,0.94335122242099,0.0014873344178479,0.0020459156215903,0.0003121261044327
2016-11-08,877.0,902.0,877.0,883.0,383300.0,883.0,867.4,885.7,863.0,849.28,1025.755,False,False,False,False,False,False,True,False,False,False,False,-0.1381653454133635,-0.0600226500566251,,,0.0226500566251415,0.0381879954699887,-0.1030577576443941,-0.1653454133635334,-0.0017426525998493,-0.1640510330811788,774.0,999.0,0.8076274757690687,0.0027809965237543,0.0012936621059063,-0.0007396278533481
2016-11-09,880.0,882.0,794.0,827.0,804700.0,827.0,858.0,876.3,862.16,847.2133333333334,1023.97,False,False,False,False,False,False,False,False,False,True,False,-0.0471584038694075,0.0024183796856106,,,-0.042515114873035,-0.0244417573559049,-0.0580411124546553,-0.0991535671100362,-0.0024393698556836,-0.1528015519799155,764.0,1020.0,2.0993999478215497,-0.0009742971142247,-0.003755293637979,-0.0006967172558343
2016-11-10,880.0,889.0,858.0,888.0,529100.0,888.0,866.8,872.8,864.64,845.5866666666667,1022.76,False,False,False,False,False,False,True,False,True,False,False,-0.0968468468468468,-0.0833333333333333,,,0.0263063063063063,0.0477627627627627,-0.1204954954954955,-0.1689189189189189,-0.0019237137135558,-0.1478001833180568,761.0,989.0,0.6575121163166397,0.0028682457438934,0.0038425428581182,0.0005156561421277
2016-11-11,903.0,942.0,769.0,773.0,2175000.0,773.0,850.8,859.7,862.52,842.52,1021.24,False,False,False,False,False,False,False,False,False,True,False,0.1034928848641656,0.0620957309184993,,,-0.1158085381630012,-0.0899353169469598,0.0090556274256144,-0.055627425614489,-0.0036398740287075,-0.1345818308712342,741.0,930.0,4.110754110754111,-0.002457914019385,-0.0053261597632784,-0.0017161603151517
2016-11-14,773.0,795.0,760.0,794.0,860700.0,794.0,833.0,850.3,861.16,839.8933333333333,1020.11,False,False,False,False,False,False,False,False,False,False,False,0.0415617128463476,0.0163727959697733,,,-0.0845843828715364,-0.0578001679261124,-0.026448362720403,-0.0768261964735516,-0.0031273812547625,-0.1256027284487827,746.0,917.0,0.3957241379310345,-0.0015792651772028,0.0008786488421822,0.000512492773945
2016-11-15,791.0,794.0,748.0,761.0,1213700.0,761.0,808.6,838.0,858.36,837.2533333333333,1018.355,False,False,False,False,False,False,False,False,False,True,False,0.090670170827858,0.052562417871222,,,-0.1279369250985545,-0.1002014892685063,0.0,-0.0367936925098554,-0.0031531675000796,-0.1134844868735083,750.0,852.0,1.410131288486116,-0.0032620345775664,-0.0016827694003636,-2.5786245317101567e-05
2016-11-16,770.0,792.0,762.0,788.0,1074600.0,788.0,800.8,829.4,857.16,834.5866666666667,1016.315,False,False,False,False,False,False,False,False,False,False,False,0.0520304568527918,-0.0114213197969543,,,-0.0877664974619289,-0.0591201353637902,-0.0304568527918781,-0.0697969543147208,-0.0031951944275808,-0.1050156739811912,734.0,791.0,0.8853917772101837,-0.00139997200056,0.0018620625770064,-4.202692750126342e-05
2016-11-17,782.0,809.0,782.0,802.0,1064400.0,802.0,783.6,825.2,856.08,832.6,1014.395,False,False,False,False,False,False,False,False,False,False,False,0.0149625935162094,-0.0473815461346633,,,-0.067431421446384,-0.0381546134663341,-0.0598503740648379,-0.0860349127182044,-0.0023860997677956,-0.1045807077072225,732.0,774.0,0.9905080960357342,-0.0012615643397812,0.0001384076607787,0.0008090946597851
2016-11-18,816.0,861.0,815.0,853.0,1425600.0,853.0,799.6,825.2,857.08,830.6266666666667,1012.635,False,False,False,False,False,False,True,False,True,False,False,-0.0375146541617819,-0.1348182883939038,,,-0.0047831184056272,0.0262289957014458,-0.0797186400937866,-0.104337631887456,-0.0023757163266289,-0.1045807077072225,751.0,783.0,1.33934611048478,0.0011667522284967,0.002428316568278,1.0383441166754695e-05
2016-11-21,860.0,861.0,815.0,827.0,966400.0,827.0,806.2,819.6,856.44,828.64,1010.675,False,False,False,False,False,False,False,False,False,True,False,-0.0241837968561064,-0.124546553808948,,,-0.0355985489721887,-0.0019830713422007,-0.0338573155985489,-0.090689238210399,-0.0023975027354058,-0.0973645680819913,736.0,747.0,0.6778900112233446,-0.000747279435804,-0.0019140316643007,-2.178640877690012e-05
2016-11-22,830.0,837.0,815.0,830.0,502900.0,830.0,820.0,814.3,856.04,826.84,1008.625,False,False,False,False,False,False,False,False,False,False,False,-0.0349397590361445,-0.1144578313253012,,,-0.0313734939759035,0.0038072289156626,-0.0481927710843373,-0.0951807228915662,-0.0021769628948768,-0.0897703549060541,767.0,722.0,0.5203849337748344,-0.0004672678846783,0.0002800115511256,0.0002205398405289
2016-11-24,830.0,833.0,815.0,829.0,549000.0,829.0,828.2,814.5,855.48,825.48,1006.145,False,False,False,False,False,False,False,False,False,True,False,-0.060313630880579,-0.0940892641737032,,,-0.0319420989143546,0.0042460796139927,-0.0446320868516284,-0.1049457177322074,-0.0016475262877356,-0.0903621853898097,806.0,760.0,1.09166832372241,-0.0006546032636647,-0.0001873353789863,0.0005294366071411
2016-11-25,820.0,828.0,802.0,814.0,636300.0,814.0,830.6,807.1,854.28,823.8666666666667,1003.7,False,False,False,False,False,False,False,False,False,True,False,-0.0614250614250614,-0.0368550368550368,,,-0.0494840294840294,-0.0121212121212121,-0.0245700245700245,-0.0786240786240786,-0.0019582456708205,-0.0805352496592739,822.0,720.0,1.159016393442623,-0.0014046916701784,-0.0007500884065136,-0.0003107193830848
2016-11-28,805.0,822.0,785.0,821.0,503600.0,821.0,824.2,811.9,852.08,821.92,1001.63,False,False,False,False,False,False,False,False,False,True,True,-0.1010962241169305,-0.02557856272838,,,-0.0378562728380024,-0.0011205846528623,0.002436053593179,-0.0925700365408039,-0.0023684381286094,-0.0841236605493286,865.0,722.0,0.7914505736287915,-0.002581917190874,-0.0011772255206955,-0.0004101924577889
2016-11-29,806.0,814.0,803.0,807.0,344800.0,807.0,820.2,813.2,847.96,819.76,999.81,False,False,False,False,False,False,False,False,False,True,False,-0.1028500619578686,-0.0111524163568773,,,-0.0507558859975217,-0.015811648079306,0.0520446096654275,-0.0483271375464684,-0.00263491753684,-0.0812838170191835,851.0,720.0,0.6846703733121525,-0.0048587197509316,-0.0022768025600576,-0.0002664794082305
2016-11-30,800.0,807.0,798.0,801.0,274100.0,801.0,814.4,817.2,842.88,817.12,998.035,False,False,False,False,False,False,False,False,False,True,False,-0.0823970037453183,-0.0112359550561797,,,-0.0522846441947565,-0.0201248439450686,0.0511860174781523,-0.0736579275905118,-0.0032308596044644,-0.0846793930494371,823.0,712.0,0.794953596287703,-0.0060269552012149,-0.0011682354502832,-0.0005959420676244
2016-12-01,805.0,810.0,774.0,779.0,1347800.0,779.0,804.4,816.3,837.2,813.9066666666666,996.28,False,False,False,False,False,False,False,False,False,True,False,-0.0359435173299101,0.0,,,-0.0747111681643132,-0.0448095849379546,0.0397946084724005,-0.0256739409499358,-0.0039480366299166,-0.0804851157662623,848.0,726.0,4.917183509668004,-0.006784519827998,-0.000757564626783,-0.0007171770254522
2016-12-02,768.0,768.0,753.0,764.0,1066500.0,764.0,794.4,812.5,830.84,810.9066666666666,994.595,False,False,False,False,False,False,False,False,False,True,False,0.0261780104712041,0.0222513089005235,,,-0.0874869109947644,-0.0613961605584641,0.0602094240837696,0.0287958115183246,-0.0036995626294846,-0.0696615384615384,826.0,721.0,0.7912895088292031,-0.0076549034711858,-0.0008703836431877,0.0002484740004319
2016-12-05,750.0,751.0,731.0,738.0,1021800.0,738.0,777.8,801.0,824.2,808.3466666666667,992.745,False,False,False,False,False,False,False,False,False,True,False,0.084010840108401,0.056910569105691,,,-0.1168021680216802,-0.0953206865401987,0.1029810298102981,0.0257452574525745,-0.0031669580707946,-0.0571785268414481,826.0,720.0,0.9580872011251758,-0.0080562970152875,-0.0004013935441017,0.00053260455869
2016-12-06,737.0,739.0,721.0,724.0,996100.0,724.0,761.2,790.7,817.64,805.7733333333333,991.57,False,False,False,False,False,False,False,False,False,False,False,0.1022099447513812,0.0676795580110497,,,-0.1293370165745856,-0.1129465930018416,0.1187845303867403,0.042817679558011,-0.00319361938014,-0.0445175161249526,828.0,745.0,0.9748483069093756,-0.0080230908468275,3.320616846000726e-05,-2.6661309345407235e-05
2016-12-07,724.0,738.0,718.0,735.0,787200.0,735.0,748.0,781.2,811.68,804.2133333333334,990.1,False,False,False,False,False,False,False,False,False,False,False,0.0775510204081632,0.0353741496598639,,,-0.1043265306122448,-0.0941678004535147,0.0938775510204081,0.0530612244897959,-0.001939783805292,-0.0299539170506913,831.0,774.0,0.7902821001907439,-0.0073427951902227,0.0006802956566047,0.0012538355748479
2016-12-08,744.0,757.0,733.0,751.0,956200.0,751.0,742.4,773.4,806.76,803.68,988.76,False,False,False,False,False,False,False,False,False,False,False,0.0372836218375499,0.0173102529960053,,,-0.0742476697736351,-0.0701464713715045,0.0692410119840213,0.0186418109187749,-0.0006636140420732,-0.0171967933798809,818.0,764.0,1.2146849593495934,-0.0060984679458574,0.0012443272443653,0.0012761697632188
2016-12-09,760.0,791.0,751.0,784.0,1642100.0,784.0,746.4,770.4,804.36,803.8133333333334,987.575,False,False,False,False,False,False,False,True,False,False,False,-0.0038265306122448,-0.0382653061224489,,,-0.025969387755102,-0.0252721088435374,0.0306122448979591,-0.0369897959183673,0.0001658759911091,-0.0127206645898234,829.0,761.0,1.7173185526040575,-0.0029837386244964,0.0031147293213609,0.0008294900331824
2016-12-12,788.0,802.0,783.0,800.0,1133400.0,800.0,758.8,768.3,802.24,804.04,986.055,False,False,True,False,False,False,False,True,False,False,False,-0.025,-0.01875,,,-0.0028,-0.0050499999999999,0.00625,-0.03375,0.0002819096894017,-0.0063777170376154,828.0,741.0,0.6902137506850984,-0.0026426007179896,0.0003411379065068,0.0001160336982925
2016-12-13,797.0,812.0,787.0,798.0,850400.0,798.0,773.6,767.4,798.84,804.72,984.89,False,False,False,False,False,False,False,True,False,True,False,-0.031328320802005,0.0012531328320802,,,-0.0010526315789474,-0.0084210526315789,0.006265664160401,-0.0338345864661654,0.0008450144149518,-0.0048214751107635,843.0,746.0,0.7503088053643904,-0.0042561714486004,-0.0016135707306108,0.0005631047255501
2016-12-14,800.0,808.0,791.0,792.0,500200.0,792.0,785.0,766.5,795.2,805.6533333333333,983.7,False,False,False,False,False,False,False,True,False,True,False,-0.0391414141414141,-0.0025252525252525,,,-0.004040404040404,-0.0172390572390572,0.0025252525252525,-0.0265151515151515,0.0011584800741426,0.0001304631441618,840.0,750.0,0.5881937911571026,-0.0045774647887323,-0.0003212933401319,0.0003134656591907
2016-12-15,790.0,794.0,775.0,779.0,549800.0,779.0,790.6,766.5,793.28,805.9066666666666,982.53,False,False,False,False,False,False,False,True,False,False,False,-0.0192554557124518,0.0166880616174582,,,-0.0183311938382541,-0.0345400085579802,0.0346598202824133,-0.0500641848523748,0.0003143457472329,-0.0023483365949118,843.0,734.0,1.0991603358656536,-0.0024203307785398,0.0021571340101925,-0.0008441343269097
2016-12-16,784.0,806.0,776.0,781.0,659900.0,781.0,790.0,768.2,789.0,806.72,981.37,False,False,False,False,False,False,False,True,False,True,True,-0.0345710627400768,0.0166453265044814,,,-0.0102432778489116,-0.032932138284251,0.0499359795134443,-0.0486555697823303,0.0010081978051038,-0.0101536058318147,844.0,732.0,1.2002546380502002,-0.005424588086185,-0.0030042573076451,0.0006938520578709
2016-12-19,781.0,792.0,774.0,780.0,507300.0,780.0,786.0,772.4,789.28,807.4933333333333,980.085,False,False,False,False,False,False,True,True,False,False,False,0.0064102564102564,0.0551282051282051,,,-0.0118974358974358,-0.0352478632478632,0.0153846153846153,-0.0512820512820512,0.0009576962451702,-0.0177369238736405,876.0,751.0,0.7687528413395969,0.0003547536995742,0.0057793417857592,-5.050155993365174e-05
2016-12-20,774.0,777.0,767.0,773.0,546800.0,773.0,781.0,777.3,788.44,808.2,979.01,False,False,False,False,False,False,False,True,False,True,False,0.0336351875808538,0.0983182406209573,,,-0.019974126778784,-0.0455368693402329,-0.0025873221216041,-0.0413971539456662,0.000874371030273,-0.0257300913418242,910.0,736.0,1.0778631973191406,-0.0010653949571304,-0.0014201486567046,-8.332521489712904e-05
2016-12-21,778.0,783.0,759.0,761.0,827100.0,761.0,774.8,779.9,788.44,808.8533333333334,977.81,False,False,False,False,False,False,False,True,False,False,False,0.038107752956636,0.1064388961892247,,,-0.0360578186596584,-0.0628821725799387,0.0026281208935611,-0.064388961892247,0.0008077278122114,-0.0369278112578535,928.0,767.0,1.512618873445501,0.0,0.0010653949571304,-6.664321806158953e-05
2016-12-22,755.0,772.0,751.0,764.0,614300.0,764.0,771.8,781.2,787.48,809.36,976.74,False,False,False,False,False,False,False,True,False,True,False,0.0366492146596858,0.0602094240837696,,,-0.0307329842931937,-0.0593717277486911,0.013089005235602,-0.0641361256544502,0.0006260090277091,-0.0449308755760368,921.0,806.0,0.7427155120299843,-0.0012190785797735,-0.0012190785797735,-0.0001817187845023
2016-12-26,764.0,770.0,751.0,754.0,690200.0,754.0,766.4,778.2,785.56,809.8,974.87,False,False,False,False,False,False,False,True,False,True,False,0.053050397877984,0.0742705570291777,,,-0.0418567639257293,-0.0740053050397877,0.0145888594164456,-0.0676392572944297,0.0005433440355642,-0.0479311231046004,923.0,822.0,1.123555266156601,-0.0024441162992006,-0.0012250377194271,-8.266499214486505e-05
2016-12-27,758.0,786.0,757.0,785.0,584400.0,785.0,767.4,776.7,782.84,810.6666666666666,972.72,False,False,False,False,True,False,False,True,False,True,False,0.0484076433121019,0.0369426751592356,,,0.0027515923566878,-0.032696390658174,-0.0203821656050955,-0.0777070063694267,0.0010690789473684,-0.0524011844985194,904.0,865.0,0.8467110982323964,-0.0034745286393131,-0.0010304123401124,0.0005257349118041
2016-12-28,790.0,808.0,784.0,799.0,647300.0,799.0,772.6,776.8,781.72,811.3866666666667,970.78,False,False,False,False,False,False,False,True,False,False,False,0.0625782227784731,0.013767209011264,,,0.0216270337922402,-0.015502711722987,-0.0250312891113892,-0.0688360450563204,0.0008873697702698,-0.0559989701338826,888.0,851.0,1.1076317590691307,-0.0014327380647802,0.0020417905745329,-0.0001817091770985
2016-12-29,800.0,802.0,781.0,790.0,581600.0,790.0,778.4,776.6,780.12,811.6,968.805,False,False,False,False,False,False,False,True,False,True,False,0.0658227848101265,0.0177215189873417,,,0.012506329113924,-0.0273417721518987,-0.0379746835443038,-0.0683544303797468,0.0002628552653195,-0.0602626834921453,884.0,823.0,0.8985014676347907,-0.0020509665179716,-0.0006182284531913,-0.0006245145049502
2016-12-30,783.0,797.0,775.0,792.0,376500.0,792.0,784.0,777.9,778.64,811.9733333333334,966.995,False,False,False,False,False,False,False,True,False,False,False,0.0227272727272727,0.0138888888888888,,,0.0168686868686868,-0.0252188552188552,-0.0126262626262626,-0.0555555555555555,0.0004597852146211,-0.0608047306851779,874.0,848.0,0.6473521320495186,-0.0019007500256858,0.0001502164922857,0.0001969299493015
2017-01-04,786.0,803.0,783.0,794.0,813100.0,794.0,792.0,779.2,777.84,812.4133333333333,965.31,False,False,False,False,False,False,False,True,False,False,False,0.0201511335012594,0.017632241813602,,,0.020352644836272,-0.0231905961376993,-0.035264483627204,-0.0629722921914357,0.0005415962318031,-0.0622433264887063,844.0,826.0,2.159628154050465,-0.0010284891494394,0.0008722608762464,8.181101718194276e-05
2017-01-05,799.0,828.0,797.0,823.0,1276900.0,823.0,799.6,783.5,777.92,813.5066666666667,963.515,False,False,False,False,False,False,True,True,False,False,False,-0.0109356014580801,-0.0218712029161603,,,0.054775212636695,0.0115350344268934,-0.0643985419198055,-0.0729040097205346,0.0013439758739941,-0.0644543714103382,853.0,826.0,1.5704095437215595,0.0001028383381323,0.0011313274875717,0.0008023796421909
2017-01-06,821.0,863.0,821.0,849.0,1420800.0,849.0,809.6,791.1,779.6,814.88,961.86,False,False,False,False,False,False,True,True,True,False,False,-0.0459363957597173,-0.0541813898704358,,,0.0817432273262661,0.040188457008245,-0.055359246171967,-0.094228504122497,0.0016853197198769,-0.0699026671722918,883.0,828.0,1.1126948077374892,0.0021549512570549,0.0020521129189226,0.0003413438458828
2017-01-10,855.0,861.0,837.0,842.0,737400.0,842.0,820.0,799.2,781.24,816.1066666666667,959.895,False,False,False,False,False,False,True,True,False,True,False,-0.0451306413301662,-0.0570071258907363,,,0.0721615201900237,0.0307521773555027,-0.1401425178147268,-0.0807600950118764,0.0015030714939223,-0.0715715715715716,883.0,831.0,0.5190033783783784,0.0020992268701039,-5.572438695106152e-05,-0.0001822482259545
2017-01-11,840.0,843.0,808.0,810.0,634200.0,810.0,823.6,803.8,782.48,817.12,957.405,False,False,False,False,False,False,True,True,False,True,False,-0.0086419753086419,-0.0049382716049382,,,0.0339753086419752,-0.0087901234567901,-0.1049382716049382,-0.0444444444444444,0.0012401279289863,-0.0695446628514555,827.0,818.0,0.8600488201790073,0.0015847050403844,-0.0005145218297194,-0.000262943564936
2017-01-12,813.0,823.0,802.0,810.0,356900.0,810.0,826.8,809.4,784.32,818.16,954.85,False,False,False,False,False,False,True,True,False,False,False,-0.0024691358024691,0.0123456790123456,,,0.0317037037037036,-0.010074074074074,-0.1061728395061728,-0.0345679012345679,0.0012711450083112,-0.0662218927600692,888.0,829.0,0.5627562283191422,0.0023459812321501,0.0007612761917657,3.101707932494455e-05
2017-01-13,803.0,817.0,803.0,814.0,512700.0,814.0,825.0,812.3,787.36,819.0,952.41,False,False,False,False,False,False,True,True,False,False,False,-0.011056511056511,-0.027027027027027,,,0.0327272727272727,-0.0061425061425061,-0.1056511056511056,-0.0393120393120393,0.001025641025641,-0.0624153637818539,773.0,828.0,1.4365368450546372,0.0038610038610038,0.0015150226288536,-0.0002455039826702
2017-01-16,822.0,826.0,804.0,810.0,382800.0,810.0,817.2,813.4,790.8,819.9866666666667,949.84,False,False,False,False,False,False,True,True,False,False,False,-0.0086419753086419,-0.0481481481481481,,,0.0237037037037037,-0.0123292181069959,-0.0888888888888888,-0.0259259259259259,0.0012032715979121,-0.0581509712318661,794.0,843.0,0.7466354593329433,0.0043500252908446,0.0004890214298408,0.0001776305722711
2017-01-17,815.0,815.0,801.0,804.0,391100.0,804.0,809.6,814.8,793.56,820.48,947.335,False,False,False,False,False,False,True,True,False,True,False,-0.0124378109452736,-0.0509950248756218,,,0.0129850746268657,-0.0204975124378109,-0.0808457711442786,-0.0099502487562189,0.000601274050962,-0.0524054982817868,761.0,840.0,1.021682340647858,0.0034779978829577,-0.0008720274078868,-0.0006019975469501
2017-01-18,799.0,808.0,789.0,803.0,414200.0,803.0,808.2,815.9,795.64,820.44,944.88,False,False,False,False,False,False,True,False,False,True,False,0.0037359900373599,-0.0361145703611457,,,0.0091656288916563,-0.0217185554171856,-0.0797011207970112,-0.0112079701120797,-4.875432694647216e-05,-0.0480451035666134,788.0,843.0,1.059064177959601,0.0026142476496908,-0.0008637502332669,-0.0006500283779085
2017-01-19,811.0,820.0,804.0,808.0,325700.0,808.0,807.8,817.3,796.6,820.2533333333333,942.445,False,False,False,False,False,False,True,False,False,True,False,0.0148514851485148,-0.0532178217821782,,,0.014108910891089,-0.0151650165016501,-0.0507425742574257,-0.0148514851485148,-0.0002275719696354,-0.0433133488315183,802.0,844.0,0.7863351038145824,0.0012051217675119,-0.0014091258821788,-0.0001788176426889
2017-01-20,805.0,814.0,799.0,805.0,573800.0,805.0,806.0,815.5,796.8,819.4533333333334,940.02,False,False,False,False,False,False,True,False,False,True,False,-0.0161490683229813,-0.0447204968944099,,,0.0101863354037267,-0.0179544513457557,-0.0509316770186335,-0.0124223602484472,-0.0009762605964951,-0.0372777437155119,853.0,876.0,1.76174393613755,0.0002510040160641,-0.0009541177514477,-0.0007486886268597
2017-01-23,805.0,813.0,800.0,803.0,524800.0,803.0,804.6,810.9,797.0,818.8133333333334,937.515,False,False,False,False,False,False,True,False,False,True,False,-0.0398505603985056,-0.0298879202988792,,,0.0074719800747198,-0.0196928185969282,-0.074719800747198,-0.0348692403486924,-0.000781618928205,-0.0310765815760265,827.0,910.0,0.9146043917741372,0.0002509410288582,-6.298720589607799e-08,0.0001946416682901
2017-01-24,800.0,810.0,789.0,794.0,624300.0,794.0,802.6,806.1,797.08,818.4266666666666,934.75,False,False,False,False,False,False,True,False,False,True,False,-0.0390428211586901,-0.0428211586901763,,,-0.0038790931989924,-0.0307640638119226,-0.0717884130982367,-0.026448362720403,-0.0004724512071944,-0.025431087954348,830.0,928.0,1.189596036585366,0.0001003663371305,-0.0001505746917276,0.0003091677210106
2017-01-25,808.0,817.0,800.0,806.0,508800.0,806.0,803.2,805.7,798.16,817.8666666666667,931.89,False,False,False,False,False,False,True,False,True,False,False,-0.0397022332506203,-0.0297766749379652,,,0.009727047146402,-0.014722911497105,-0.075682382133995,-0.0148883374689826,-0.0006847081838929,-0.0224649373215837,829.0,921.0,0.8149927919269582,0.0013531121579632,0.0012527458208326,-0.0002122569766985
2017-01-26,816.0,826.0,809.0,820.0,585400.0,820.0,805.6,806.7,799.72,817.7866666666666,929.085,False,False,False,False,False,False,True,False,False,False,False,-0.0670731707317073,-0.0658536585365853,,,0.0247317073170731,0.0026991869918699,-0.1,-0.0146341463414634,-9.782502364109744e-05,-0.0204537002603198,814.0,923.0,1.1505503144654088,0.0019506827389587,0.0005975705809954,0.0005868831602518
2017-01-27,822.0,822.0,790.0,792.0,837600.0,792.0,803.0,804.5,800.2,817.3333333333334,926.57,False,False,False,False,False,False,True,False,False,True,False,-0.029040404040404,-0.0277777777777777,,,-0.0103535353535354,-0.031986531986532,-0.0782828282828282,0.005050505050505,-0.0005546492659052,-0.0160348042262274,821.0,904.0,1.430816535702084,0.0005998500374906,-0.001350832701468,-0.0004568242422641
2017-01-30,792.0,793.0,766.0,771.0,925800.0,771.0,796.6,800.6,800.12,816.5733333333334,923.865,False,False,False,False,False,False,False,False,False,True,False,0.0103761348897535,0.040207522697795,,,-0.0377691309987029,-0.0591093817552962,-0.0492866407263294,0.0272373540856031,-0.0009307186127394,-0.0108668498626031,807.0,888.0,1.1053008595988538,-9.99850022497137e-05,-0.0006998350397403,-0.0003760693468341
2017-01-31,762.0,764.0,750.0,763.0,1078000.0,763.0,790.4,796.5,800.2,815.6666666666666,921.6,False,False,False,False,False,False,True,False,False,False,False,-0.0039318479685452,-0.0511140235910878,,,-0.0487549148099607,-0.0690257754477937,-0.0393184796854521,0.0537352555701179,-0.0011115651818554,-0.0047708725674826,801.0,884.0,1.164398358176712,9.997500624848904e-05,0.0001999600084982,-0.000180846569116
2017-02-01,754.0,774.0,754.0,774.0,492700.0,774.0,784.0,793.6,800.6,815.08,919.62,False,False,False,False,False,False,True,False,False,False,False,0.0103359173126615,-0.0633074935400516,,,-0.0343669250645995,-0.0530749354005168,-0.0529715762273901,0.0361757105943152,-0.0007197657489652,-0.0001260080645161,779.0,874.0,0.4570500927643784,0.0004996252810391,0.0003996502747907,0.0003917994328901
2017-02-02,780.0,780.0,763.0,765.0,473700.0,765.0,773.0,789.3,801.04,814.2266666666667,917.38,False,False,False,False,False,False,True,False,False,False,False,0.0013071895424836,-0.05359477124183,,,-0.047111111111111,-0.0643485838779956,-0.0418300653594771,-0.0326797385620915,-0.0010480292138143,-0.0017737235525148,764.0,844.0,0.9614369799066368,0.0005492859282931,4.966064725395278e-05,-0.0003282634648491
2017-02-03,764.0,779.0,756.0,769.0,369400.0,769.0,768.4,785.7,800.4,813.44,915.025,False,False,False,False,False,False,False,False,False,True,False,0.0013003901170351,-0.0533159947984395,,,-0.0408322496749024,-0.0577893368010403,-0.0065019505851755,-0.0520156046814044,-0.000967086283766,-0.0056001018200332,738.0,853.0,0.7798184504960946,-0.0007996001999,-0.0013488861281931,8.094293004833682e-05
2017-02-06,777.0,782.0,766.0,779.0,398000.0,779.0,770.0,783.3,799.6,812.5866666666667,913.025,False,False,False,False,False,False,False,False,False,True,False,0.0295250320924261,-0.0526315789473684,,,-0.0264441591784339,-0.0431151048352589,-0.0346598202824133,-0.0808729139922978,-0.0010501443948543,-0.0100855355547044,724.0,883.0,1.077422847861397,-0.001000500250125,-0.0002009000502249,-8.305811108829417e-05
2017-02-07,773.0,773.0,759.0,760.0,377800.0,760.0,769.4,779.9,798.4,811.52,910.94,False,False,False,False,False,False,False,False,False,True,False,-0.0473684210526315,-0.0276315789473684,,,-0.0505263157894736,-0.0677894736842105,-0.0118421052631578,-0.0736842105263157,-0.0013144058885384,-0.0146172586229003,735.0,883.0,0.9492462311557788,-0.0015030060120241,-0.000502505761899,-0.0002642614936841
2017-02-08,761.0,782.0,756.0,782.0,681700.0,782.0,771.0,777.5,798.0,810.7066666666667,908.995,False,False,False,False,False,False,False,False,False,False,False,-0.0728900255754475,-0.0549872122762148,,,-0.0204603580562659,-0.0367092924126172,-0.0511508951406649,-0.0856777493606138,-0.0010032399717118,-0.0217363344051446,751.0,827.0,1.804393859184754,-0.000501253132832,0.001001752879192,0.0003111659168265
2017-02-09,771.0,784.0,763.0,766.0,706900.0,766.0,771.2,772.1,796.88,809.6666666666666,906.765,False,False,False,False,False,False,False,False,False,True,False,-0.0548302872062663,0.0013054830287206,,,-0.0403133159268929,-0.0570060922541339,-0.02088772845953,-0.0783289817232376,-0.0012844792095513,-0.028105167724388,784.0,888.0,1.036966407510635,-0.0014054813773717,-0.0009042282445397,-0.0002812392378395
2017-02-10,777.0,777.0,760.0,770.0,721000.0,770.0,771.4,769.9,794.76,808.2533333333333,904.55,False,False,False,False,False,False,False,False,False,True,False,-0.0545454545454545,-0.0077922077922077,,,-0.0321558441558441,-0.0496796536796536,-0.0324675324675324,-0.0649350649350649,-0.0017486266682062,-0.0351993765424081,800.0,773.0,1.0199462441646625,-0.0026674719412149,-0.0012619905638432,-0.0004641474586549
2017-02-13,780.0,807.0,776.0,802.0,997700.0,802.0,776.0,773.0,792.88,806.8133333333334,902.79,False,False,False,False,True,False,False,False,False,False,True,-0.0798004987531172,-0.0735660847880299,,,0.0113715710723192,-0.0060016625103907,-0.0423940149625935,-0.098503740648379,-0.0017847994579497,-0.0479948253557568,798.0,794.0,1.3837725381414705,-0.0023711028150539,0.0002963691261609,-3.6172789743425934e-05
2017-02-14,751.0,757.0,721.0,724.0,3063300.0,724.0,768.8,769.1,788.16,804.0933333333334,900.26,False,False,False,False,False,False,False,False,False,True,False,0.0207182320441988,0.0179558011049723,,,-0.0886187845303867,-0.1106261510128913,0.0248618784530386,-0.0096685082872928,-0.0033826918931467,-0.0544792614744506,792.0,761.0,3.0703618322140924,-0.0059886317498985,-0.0036175289348445,-0.001597892435197
2017-02-15,727.0,734.0,724.0,725.0,720900.0,725.0,757.4,764.2,784.76,801.48,897.595,False,False,False,False,False,False,False,False,False,False,False,0.0193103448275862,0.0275862068965517,,,-0.0824275862068965,-0.1054896551724138,0.0468965517241379,-0.0151724137931034,-0.0032606344928548,-0.0599319549856059,779.0,788.0,0.2353344432474782,-0.0043325347877057,0.0016560969621927,0.0001220574002918
2017-02-16,725.0,732.0,703.0,724.0,1973800.0,724.0,749.0,760.1,781.32,798.8266666666667,894.76,False,False,False,False,False,False,False,False,False,True,False,0.0593922651933701,0.0193370165745856,,,-0.0791712707182321,-0.1033517495395949,0.0856353591160221,0.0069060773480662,-0.0033215382561089,-0.0563083804762532,781.0,802.0,2.7379664308503258,-0.0044028055086263,-7.02707209205844e-05,-6.090376325402873e-05
2017-02-17,722.0,731.0,717.0,728.0,848300.0,728.0,740.6,756.0,777.88,796.48,891.85,False,False,False,False,False,False,False,False,False,True,False,0.0494505494505494,0.0027472527472527,,,-0.0685164835164835,-0.0940659340659341,0.0398351648351648,-0.0068681318681318,-0.0029462970403107,-0.0519841269841269,780.0,853.0,0.4297801195663188,-0.0044222759294493,-1.9470420822991635e-05,0.0003752412157981
2017-02-20,728.0,739.0,727.0,738.0,599800.0,738.0,727.8,751.9,775.0,794.48,889.31,False,False,False,False,False,False,False,False,False,False,False,0.0067750677506775,-0.0067750677506775,,,-0.0501355013550135,-0.0765311653116531,0.0230352303523035,-0.0203252032520325,-0.0025173698519786,-0.0458837611384492,773.0,827.0,0.7070611811859012,-0.003716129032258,0.0007061468971912,0.000428927188332
2017-02-21,738.0,739.0,729.0,739.0,706000.0,739.0,730.8,749.8,772.4,792.5466666666666,886.99,False,False,False,False,False,False,False,False,False,False,False,-0.0027063599458728,-0.0081190798376184,,,-0.0451962110960757,-0.0724582769508344,0.047361299052774,-0.0148849797023004,-0.0024393936844939,-0.0400106695118698,761.0,830.0,1.1770590196732245,-0.0033661315380632,0.0003499974941948,7.79761674847084e-05
2017-02-22,743.0,748.0,735.0,739.0,424300.0,739.0,733.6,745.5,769.84,790.7466666666667,884.435,False,False,False,False,False,False,False,False,False,False,False,0.0081190798376184,-0.0081190798376184,,,-0.0417320703653586,-0.0700225529995489,0.0351826792963464,-0.0013531799729364,-0.0022763295450712,-0.0313883299798792,764.0,829.0,0.6009915014164305,-0.0033253663098825,4.07652281807073e-05,0.0001630641394226
2017-02-23,740.0,767.0,739.0,767.0,1163100.0,767.0,742.2,745.6,768.2,789.72,882.025,False,False,False,False,False,False,False,False,False,False,False,-0.0378096479791395,-0.044328552803129,,,-0.0015645371577575,-0.0296219035202086,-0.0156453715775749,-0.0338983050847457,-0.0013000388323287,-0.0268240343347639,754.0,814.0,2.741220834315343,-0.0021348607133558,0.0011905055965266,0.0009762907127425
2017-02-24,794.0,798.0,755.0,764.0,1218900.0,764.0,749.4,745.0,766.56,788.5333333333333,879.81,False,False,False,False,False,False,False,False,False,True,False,-0.0445026178010471,0.0,,,-0.003350785340314,-0.032111692844677,0.0117801047120418,-0.0196335078534031,-0.0015049036185323,-0.0221476510067114,785.0,821.0,1.047975238586536,-0.0021394280943436,-4.567380987812505e-06,-0.0002048647862036
2017-02-27,756.0,758.0,734.0,743.0,799100.0,743.0,750.4,739.1,764.16,786.6666666666666,877.35,False,False,False,False,False,False,False,False,False,True,False,-0.0134589502018842,0.0121130551816958,,,-0.028479138627187,-0.0587707492148945,0.0376850605652759,0.0080753701211305,-0.0023728813559322,-0.0108239751048572,799.0,807.0,0.6555911067355813,-0.0031407035175879,-0.0010012754232442,-0.0008679777373998
2017-02-28,748.0,753.0,735.0,737.0,831500.0,737.0,750.0,740.4,761.88,784.72,874.88,False,False,False,False,False,False,False,False,False,False,False,-0.005427408412483,0.0189959294436906,,,-0.0337584803256445,-0.0647489823609226,0.0461329715061058,0.1004070556309362,-0.0024807149896352,0.0001350621285791,790.0,801.0,1.0405456138155424,-0.0029925972594108,0.000148106258177,-0.000107833633703
2017-03-01,735.0,747.0,732.0,745.0,891000.0,745.0,751.2,742.4,759.44,783.6266666666667,872.335,False,False,False,False,False,False,False,False,False,True,False,-0.0161073825503355,-0.0040268456375838,,,-0.0193825503355705,-0.0518478747203579,-0.0067114093959731,0.0832214765100671,-0.00139522221466,0.009967672413793,792.0,779.0,1.0715574263379437,-0.0032128937111555,-0.0002202964517446,0.0010854927749752
2017-03-02,750.0,752.0,735.0,738.0,793600.0,738.0,745.4,743.8,756.16,781.6266666666667,869.72,False,False,False,False,False,False,False,False,False,True,False,-0.0067750677506775,0.016260162601626,,,-0.0246070460704606,-0.0591147244805781,0.0067750677506775,0.1233062330623306,-0.0025587663334584,0.0215111589136864,794.0,764.0,0.8906846240179573,-0.0043377063055439,-0.0011248125943884,-0.0011635441187983
2017-03-03,737.0,738.0,726.0,730.0,598500.0,730.0,738.6,744.0,753.68,781.0533333333333,867.545,False,False,False,False,False,False,False,False,False,False,False,0.0465753424657534,0.0205479452054794,,,-0.0324383561643834,-0.0699360730593606,0.0136986301369863,0.1876712328767123,-0.0007340514518855,0.0405913978494624,823.0,738.0,0.7541582661290323,-0.0032905211760959,0.0010471851294479,0.0018247148815728
2017-03-06,730.0,734.0,727.0,733.0,461400.0,733.0,736.6,743.5,752.16,780.24,864.81,False,False,False,False,False,False,False,False,False,False,False,0.0259208731241473,0.0477489768076398,,,-0.0261391541609822,-0.0644474761255116,0.0109140518417462,0.223738062755798,-0.0010424142998734,0.064694014794889,849.0,724.0,0.7709273182957393,-0.0020208466283769,0.001269674547719,-0.0003083628479879
2017-03-07,733.0,739.0,729.0,733.0,407100.0,733.0,735.8,742.9,750.96,779.8666666666667,861.975,False,False,False,False,False,False,False,False,False,False,False,0.024556616643929,0.0122783083219645,,,-0.0245020463847203,-0.0639381537062301,-0.0286493860845839,0.233287858117326,-0.0004787143101384,0.0892448512585813,842.0,735.0,0.8823146944083224,-0.0015979546180887,0.0004228920102881,0.0005636999897349
2017-03-08,730.0,742.0,727.0,733.0,804700.0,733.0,733.4,742.3,749.32,779.1333333333333,859.065,False,False,False,False,False,False,False,False,False,True,False,0.0122783083219645,0.0354706684856753,,,-0.0222646657571624,-0.06293769895407,-0.024556616643929,0.2714870395634379,-0.0009412167365448,0.1162602721271724,810.0,751.0,1.976664210267748,-0.0021886510436128,-0.0005906964255241,-0.0004625024264064
2017-03-09,740.0,742.0,731.0,733.0,436500.0,733.0,732.4,738.9,748.04,778.2133333333334,856.58,False,False,False,False,False,False,False,False,False,False,False,0.0231923601637107,0.0723055934515689,,,-0.0205184174624828,-0.0616825829922692,-0.0409276944065484,0.2892223738062756,-0.0011821951135934,0.1490052781161185,810.0,784.0,0.5424381757176587,-0.0017111384417946,0.0004775126018181,-0.0002409783770485
2017-03-10,746.0,764.0,737.0,764.0,1157000.0,764.0,739.2,738.9,747.84,777.0266666666666,854.29,False,False,False,False,True,False,False,False,False,False,False,-0.0248691099476439,-0.0091623036649214,,,0.0211518324607329,-0.0170506108202442,-0.0523560209424083,0.2761780104712042,-0.0015271891140587,0.1795912843415889,814.0,800.0,2.6506300114547536,-0.000267436884895,0.0014437015568995,-0.0003449940004653
2017-03-13,760.0,761.0,748.0,752.0,608100.0,752.0,743.0,739.8,746.76,776.0266666666666,851.73,False,False,False,False,False,False,False,False,False,True,False,0.0212765957446808,0.0039893617021276,,,0.0069680851063829,-0.031950354609929,-0.0106382978723404,0.3098404255319149,-0.0012886155114944,0.2100567721005678,810.0,798.0,0.5255834053586863,-0.0014462477904548,-0.0011788109055597,0.0002385736025643
2017-03-14,751.0,755.0,744.0,751.0,339000.0,751.0,746.6,741.2,746.4,774.9733333333334,849.205,False,False,False,False,False,False,False,False,False,False,False,-0.0119840213049267,0.0306258322237017,,,0.0061251664447403,-0.0319218819351975,-0.0199733688415446,0.255659121171771,-0.0013591865526555,0.2255801403130058,804.0,792.0,0.5574740996546621,-0.0004823151125402,0.0009639326779146,-7.057104116106215e-05
2017-03-15,748.0,749.0,739.0,742.0,481400.0,742.0,748.4,740.9,744.8,773.8133333333334,846.97,False,False,False,False,False,True,False,False,False,True,False,0.022911051212938,0.0309973045822102,,,-0.0037735849056603,-0.0428751123090746,0.0080862533692722,0.2641509433962264,-0.0014990695430422,0.2437575921176947,803.0,779.0,1.4200589970501476,-0.0021482277121375,-0.0016659125995973,-0.0001398829903866
2017-03-16,740.0,750.0,733.0,750.0,611600.0,750.0,751.8,742.1,744.16,772.96,845.005,False,False,False,False,False,False,False,False,False,False,False,0.048,0.0066666666666666,,,0.0077866666666667,-0.0306133333333333,-0.008,0.2666666666666666,-0.001103981232319,0.2580514755423797,808.0,781.0,1.2704611549646865,-0.0008600301010535,0.0012881976110839,0.0003950883107231
2017-03-17,746.0,752.0,737.0,745.0,570800.0,745.0,748.0,743.6,743.16,771.9466666666667,843.175,False,False,False,False,False,False,False,False,False,True,False,0.0161073825503355,0.0375838926174496,,,0.0024697986577181,-0.0361700223713647,0.0241610738255033,0.2684563758389262,-0.0013126986320298,0.266003227541689,805.0,780.0,0.9332897318508828,-0.0013456052532429,-0.0004855751521893,-0.0002087173997107
2017-03-21,743.0,768.0,741.0,768.0,1013000.0,768.0,751.2,747.1,741.8,771.4266666666666,841.455,False,False,False,False,False,False,False,False,False,True,False,-0.0169270833333333,0.00390625,,,0.0341145833333333,-0.0044618055555554,0.0013020833333333,0.2174479166666666,-0.0006740757384587,0.2651586133047785,803.0,773.0,1.7747021723896286,-0.0018333782690752,-0.0004877730158323,0.000638622893571
2017-03-22,744.0,755.0,742.0,742.0,549900.0,742.0,749.4,748.0,742.52,770.64,839.415,False,False,False,False,False,False,True,False,False,False,False,0.0431266846361186,0.0390835579514824,,,-0.0007008086253369,-0.0385983827493261,0.0431266846361186,0.2668463611859838,-0.0010207965673552,0.2684491978609625,794.0,761.0,0.5428430404738401,0.0009696708506168,0.002803049119692,-0.0003467208288964
2017-03-23,746.0,766.0,743.0,759.0,563100.0,759.0,752.8,750.6,743.88,770.3733333333333,837.47,False,False,False,False,False,False,True,False,True,False,False,0.0079051383399209,-0.0250329380764163,,,0.0199209486166007,-0.0149846288976723,0.0197628458498023,0.2345191040843214,-0.000346152514798,0.2647215560884625,806.0,764.0,1.0240043644298964,0.0018282518685809,0.0008585810179641,0.0006746440525572
2017-03-24,766.0,787.0,758.0,786.0,999000.0,786.0,760.0,755.9,746.36,770.6666666666666,835.76,False,False,False,False,False,False,True,True,False,False,False,-0.0394402035623409,-0.05470737913486,,,0.0504325699745546,0.0195080576759966,-0.005089058524173,0.1908396946564885,0.0003806228373701,0.2546633152533404,820.0,754.0,1.7741076185402238,0.0033227932901013,0.0014945414215203,0.0007267753521681
2017-03-27,771.0,779.0,753.0,757.0,667200.0,757.0,762.4,755.2,747.52,770.92,834.16,False,False,False,False,False,False,True,True,False,True,False,0.0211360634081902,-0.0224570673712021,,,0.0125231175693527,-0.0183883751651254,0.0330250990752972,0.2443857331571994,0.0003286117020356,0.2514565677966101,792.0,785.0,0.6678678678678679,0.0015517979452054,-0.0017709953448958,-5.2011135334531966e-05
2017-03-28,759.0,765.0,748.0,755.0,629900.0,755.0,759.8,755.5,748.2,771.3333333333334,832.305,False,False,False,False,False,False,True,True,False,True,False,0.0211920529801324,-0.0185430463576158,,,0.0090066225165562,-0.0216335540838852,0.0450331125827814,0.2410596026490066,0.0005358686257563,0.244606221045665,771.0,799.0,0.9440947242206236,0.0009088479016306,-0.0006429500435747,0.0002072569237207
2017-03-29,753.0,776.0,753.0,774.0,557000.0,774.0,766.2,757.8,749.6,771.8533333333334,830.755,False,False,False,False,False,False,True,True,True,False,True,-0.003875968992248,-0.0801033591731266,,,0.0315245478036175,0.0027734711455641,0.0284237726098191,0.189922480620155,0.0006737031214911,0.2379255740300872,763.0,790.0,0.8842673440228608,0.0018676627534684,0.0009588148518378,0.0001378344957347
2017-03-30,780.0,790.0,760.0,765.0,672600.0,765.0,767.4,760.1,750.64,772.04,829.22,False,False,False,False,False,False,True,True,False,True,False,-0.0326797385620915,-0.065359477124183,,,0.0187712418300653,-0.0092026143790849,0.0379084967320261,0.1725490196078431,0.0002417836726939,0.2287856860939349,774.0,792.0,1.20754039497307,0.0013854843866566,-0.0004821783668118,-0.0004319194487971
2017-03-31,765.0,769.0,754.0,755.0,480100.0,755.0,761.2,760.6,750.16,771.6533333333333,827.79,False,False,False,False,False,False,False,False,False,True,False,-0.0158940397350993,-0.0688741721854304,,,0.0064105960264901,-0.0220573951434878,0.0543046357615894,0.1880794701986755,-0.0005010885717247,0.2210097291611885,765.0,794.0,0.7137972048765983,-0.0006398634957875,-0.0020253478824442,-0.0007428722444186
2017-04-03,761.0,776.0,753.0,773.0,393500.0,773.0,764.4,763.4,750.52,771.2933333333333,826.345,False,False,False,False,False,False,True,False,False,False,True,-0.0426908150064683,-0.0633893919793014,,,0.0290815006468305,0.0022078482104355,0.0284605433376455,0.1630012936610608,-0.0004667484917109,0.2105056326958345,769.0,823.0,0.8196209123099354,0.0004796674305814,0.001119530926369,3.4340080013857464e-05
2017-04-04,770.0,784.0,762.0,771.0,671300.0,771.0,767.6,763.7,751.64,770.9333333333333,824.91,False,False,False,False,False,False,True,False,True,False,False,-0.0389105058365758,-0.0350194552529182,,,0.0251102464332036,8.64677907480152e-05,0.0051880674448767,0.178988326848249,-0.000466966447596,0.2066256383396621,779.0,849.0,1.7059720457433292,0.0014900750359214,0.0010104076053399,-2.1795588509503734e-07
2017-04-05,782.0,797.0,766.0,771.0,869100.0,771.0,767.0,766.6,753.0,770.6533333333333,823.73,False,False,False,False,False,False,True,False,False,False,True,-0.0765239948119325,-0.0453955901426718,,,0.0233463035019455,0.0004496325118893,0.0025940337224383,0.1543450064850843,-0.0003633280852609,0.1955387424993477,760.0,842.0,1.2946521674363176,0.0018061088977423,0.0003160338618209,0.000103638362335
2017-04-06,761.0,763.0,733.0,740.0,672400.0,740.0,762.0,764.7,752.8,770.1333333333333,822.62,False,False,False,False,False,False,False,False,False,True,False,-0.0337837837837837,0.0108108108108108,,,-0.0172972972972972,-0.0407207207207207,0.0729729729729729,0.2094594594594594,-0.0006752077562326,0.1930168693605334,782.0,810.0,0.7736739155448165,-0.0002656748140276,-0.00207178371177,-0.0003118796709717
2017-04-07,745.0,756.0,727.0,743.0,703400.0,743.0,759.6,760.4,753.0,769.6266666666667,821.345,False,False,False,False,False,False,True,False,False,False,False,-0.053835800807537,0.0013458950201884,,,-0.0134589502018842,-0.0358366980708838,0.0874831763122476,0.2113055181695827,-0.0006583278472679,0.1950289321409785,766.0,810.0,1.046103509815586,0.000265604249668,0.0005312790636957,1.6879908964731742e-05
2017-04-10,739.0,750.0,738.0,740.0,363000.0,740.0,753.0,758.7,753.4,769.0933333333334,820.27,False,False,False,False,False,False,True,False,False,False,False,-0.0216216216216216,0.031081081081081,,,-0.018108108108108,-0.0393153153153153,0.0756756756756756,0.1689189189189189,-0.0006934572310252,0.1875576644259917,770.0,814.0,0.5160648279783907,0.0005309264666843,0.0002653222170162,-3.512938375730551e-05
2017-04-11,740.0,752.0,737.0,741.0,344300.0,741.0,747.0,757.3,753.72,768.6666666666666,819.32,False,False,False,False,False,False,True,False,False,True,False,0.0040485829959514,0.0377867746288798,,,-0.017165991902834,-0.0373369320737741,0.068825910931174,0.1889338731443994,-0.0005550737207286,0.1823583784497557,802.0,810.0,0.9484848484848484,0.0004245608448761,-0.0001063656218081,0.0001383835102966
2017-04-12,730.0,739.0,701.0,712.0,670500.0,712.0,735.2,751.1,752.88,768.0133333333333,818.16,False,False,False,False,False,False,False,False,False,True,False,0.0337078651685393,0.0870786516853932,,,-0.0574157303370786,-0.0786704119850187,0.1292134831460674,0.2275280898876404,-0.0008506796757,0.1858607375848755,724.0,804.0,1.9474295672378736,-0.0011157156518967,-0.0015402764967729,-0.0002956059549714
2017-04-13,700.0,718.0,696.0,715.0,601900.0,715.0,730.2,746.1,752.16,767.36,817.13,False,False,False,False,False,False,False,False,False,False,False,0.0461538461538461,0.0825174825174825,,,-0.0519720279720279,-0.0732307692307692,0.1216783216783216,0.2489510489510489,-0.0008514039477341,0.1932716793995442,725.0,803.0,0.8976882923191648,-0.0009572431397575,0.0001584725121392,-7.242720341482612e-07
2017-04-14,715.0,720.0,701.0,703.0,371000.0,703.0,722.2,740.9,750.96,766.68,816.055,False,False,False,False,False,False,False,False,False,True,False,0.0583214793741109,0.112375533428165,,,-0.068221906116643,-0.090583214793741,0.0526315789473684,0.2332859174964438,-0.0008869410966766,0.1975975165339451,724.0,808.0,0.6163814587140721,-0.0015979546180887,-0.0006407114783312,-3.5537148942473245e-05
2017-04-17,700.0,728.0,700.0,724.0,487600.0,724.0,719.0,736.0,749.36,765.8666666666667,815.1,False,False,False,False,False,False,False,False,False,True,False,0.0538674033149171,0.080110497237569,,,-0.0350276243093922,-0.0578268876611418,0.0069060773480662,0.2223756906077348,-0.0010619777158773,0.2036684782608695,728.0,805.0,1.3142857142857145,-0.0021351553325504,-0.0005372007144617,-0.0001750366192006
2017-04-18,737.0,751.0,736.0,744.0,561600.0,744.0,719.6,733.3,749.04,765.1333333333333,814.535,False,False,False,False,False,False,False,False,False,False,False,0.0336021505376344,0.0604838709677419,,,-0.006774193548387,-0.0284050179211469,-0.0376344086021505,0.1975806451612903,-0.0009584386163631,0.2056457111686896,738.0,803.0,1.151763740771124,-0.0004272134999466,0.0017079418326038,0.0001035390995141
2017-04-19,735.0,753.0,733.0,736.0,473300.0,736.0,724.4,729.8,748.44,764.4133333333333,813.75,False,False,False,False,False,False,False,False,False,True,False,0.0516304347826086,0.0815217391304347,,,-0.0169021739130435,-0.038605072463768,-0.0434782608695652,0.2567934782608695,-0.0009418987982069,0.2162236229103865,739.0,794.0,0.8427706552706553,-0.000801667468334,-0.0003744539683873,1.6539818156241417e-05
2017-04-20,744.0,750.0,735.0,748.0,359000.0,748.0,731.0,730.6,748.68,763.8266666666667,813.0,False,False,False,False,False,False,True,False,False,False,False,0.03475935828877,0.0614973262032085,,,-0.0009090909090908,-0.0211586452762923,-0.0441176470588235,0.2179144385026738,-0.0007680625621867,0.2170818505338078,739.0,806.0,0.7585041200084514,0.0003205641929795,0.0011222316613135,0.0001738362360201
2017-04-21,752.0,753.0,738.0,744.0,440700.0,744.0,739.2,730.7,748.44,763.16,812.025,False,False,False,False,False,False,False,False,False,True,False,0.0510752688172043,0.0698924731182795,,,-0.0059677419354839,-0.0257526881720429,-0.0510752688172043,0.1182795698924731,-0.0008735608085679,0.207609141918708,767.0,820.0,1.2275766016713092,-0.0003206669873335,-0.000641231180313,-0.0001054982463812
2017-04-24,729.0,771.0,729.0,763.0,1177200.0,763.0,747.0,733.0,749.16,762.36,811.3,False,False,False,True,True,False,True,False,False,False,True,0.0249017038007863,0.0419397116644823,,,0.0181389252948886,0.0008387942332896,-0.0563564875491481,0.0681520314547837,-0.0010493729996326,0.1969986357435197,764.0,792.0,2.6712049012933967,0.0009610764055741,0.0012817433929076,-0.0001758121910646
2017-04-25,769.0,774.0,763.0,769.0,484000.0,769.0,752.0,735.8,749.2,761.2933333333333,810.325,False,False,False,False,False,False,True,False,False,True,False,0.0260078023407022,0.0078023407022106,,,0.0257477243172951,0.0100216731686173,-0.059817945383615,0.0377113133940182,-0.0014011244023329,0.1811633596085894,743.0,771.0,0.4111450900441726,5.339028296860292e-05,-0.0009076861226055,-0.0003517514027002
2017-04-26,777.0,790.0,772.0,774.0,724400.0,774.0,759.6,742.0,750.48,760.3866666666667,809.055,False,False,False,False,False,False,True,False,True,False,False,0.0284237726098191,-0.0012919896640826,,,0.0303875968992247,0.0175882859603789,-0.0736434108527131,0.0426356589147286,-0.0011923758087989,0.1622641509433962,737.0,763.0,1.4966942148760332,0.0017055750986035,0.0016521848156349,0.0002087485935339
2017-04-27,770.0,777.0,760.0,774.0,501300.0,774.0,764.8,747.9,751.08,759.9066666666666,807.97,False,False,False,False,False,False,True,False,False,True,False,0.0258397932816537,0.0258397932816537,,,0.0296124031007751,0.0182084409991387,-0.0775193798449612,0.065891472868217,-0.0006316565192216,0.1440032089851585,745.0,774.0,0.6920209828823854,0.0007988496564946,-0.0009067254421088,0.0005607192895773
2017-04-28,778.0,789.0,776.0,782.0,632600.0,782.0,772.4,755.8,750.92,759.5333333333333,807.135,False,False,False,False,False,False,False,False,False,True,False,0.0179028132992327,0.0332480818414322,,,0.0397442455242967,0.0287297527706735,-0.067774936061381,0.0332480818414322,-0.0004915298867725,0.1242392167240011,738.0,765.0,1.2619190105725115,-0.0002130719650563,-0.0010119216215509,0.0001401266324491
2017-05-01,780.0,784.0,769.0,782.0,360100.0,782.0,776.2,761.6,751.92,759.1066666666667,806.64,False,False,False,False,False,False,True,False,True,False,False,0.0166240409207161,0.0179028132992327,,,0.0384654731457801,0.0292753623188405,-0.0754475703324808,0.047314578005115,-0.0005620641807035,0.1070115546218487,730.0,769.0,0.569238065128043,0.0013299287158208,0.0015430006808771,-7.053429393099047e-05
2017-05-02,782.0,794.0,781.0,789.0,399800.0,789.0,780.2,766.1,753.28,758.8266666666667,806.275,False,False,False,False,False,False,True,False,False,False,False,-0.017743979721166,0.0038022813688212,,,0.0452724968314322,0.0382425010561892,-0.0836501901140684,0.0697084917617237,-0.0003689907225189,0.094374102597572,733.0,779.0,1.1102471535684533,0.0018054375531011,0.0004755088372802,0.0001930734581846
2017-05-08,795.0,810.0,792.0,796.0,709700.0,796.0,784.6,772.1,754.16,758.72,805.785,False,False,False,False,False,False,True,False,False,True,False,-0.028894472361809,0.0100502512562814,,,0.0525628140703518,0.0468341708542713,-0.0854271356783919,0.092964824120603,-0.0001405876564037,0.0787462763890687,733.0,760.0,1.7751375687843922,0.0011668611435239,-0.0006385764095772,0.0002284030661151
2017-05-09,802.0,807.0,792.0,794.0,572300.0,794.0,788.6,776.7,755.32,758.6,805.1,False,False,False,False,False,False,True,False,False,False,False,0.0,0.0100755667506297,,,0.0487153652392946,0.0445843828715364,-0.070528967254408,0.0692695214105793,-0.000158186132349,0.0643749195313505,733.0,782.0,0.8063970691841623,0.001535772917439,0.0003689117739151,-1.7598475945280356e-05
2017-05-10,797.0,805.0,788.0,796.0,964000.0,796.0,791.4,781.9,756.96,758.44,804.31,False,False,False,False,False,False,True,False,False,False,False,0.0150753768844221,-0.0703517587939698,,,0.0490452261306532,0.0471859296482411,-0.0690954773869346,0.0640703517587939,-0.0002109593375876,0.0592147333418596,733.0,766.0,1.684431242355408,0.0021665609807651,0.000630788063326,-5.277320523856791e-05
2017-05-11,798.0,812.0,794.0,795.0,755000.0,795.0,794.0,785.1,757.84,758.3066666666666,803.6,False,False,False,False,False,False,True,False,False,True,False,0.0012578616352201,-0.0830188679245283,,,0.0467421383647798,0.0461551362683438,-0.0578616352201257,0.0930817610062893,-0.0001758303588699,0.0617755699910839,764.0,770.0,0.783195020746888,0.0011611949751926,-0.0010053660055725,3.512897871773559e-05
2017-05-12,792.0,794.0,768.0,775.0,820000.0,775.0,791.2,785.7,758.0,757.9333333333333,802.74,False,True,False,False,False,False,True,False,False,True,False,0.0219354838709677,-0.0761290322580645,,,0.0219354838709677,0.0220215053763441,-0.0335483870967741,0.1470967741935483,-0.0004925675081361,0.0725467735777014,752.0,802.0,1.086092715231788,0.0002110817941952,-0.0009501131809974,-0.0003167371492662
2017-05-15,770.0,783.0,762.0,773.0,1064800.0,773.0,786.6,785.6,758.08,757.6533333333333,801.635,False,False,False,False,False,False,True,False,False,True,False,0.0401034928848641,-0.0892626131953428,,,0.0193014230271668,0.0198533850797757,0.0491591203104786,0.1979301423027167,-0.0003695621568351,0.0878309572301425,751.0,724.0,1.2985365853658537,0.0001055297593922,-0.000105552034803,0.000123005351301
2017-05-16,782.0,803.0,778.0,794.0,821700.0,794.0,786.6,787.6,760.24,757.4933333333333,800.695,False,False,False,False,False,False,True,False,True,False,True,0.0100755667506297,-0.0994962216624685,,,0.0425188916876574,0.0459781696053736,0.0163727959697733,0.1435768261964735,-0.0002112229810602,0.0956069070594209,742.0,725.0,0.7716942148760331,0.0028412080395664,0.0027356782801742,0.0001583391757748
2017-05-17,794.0,821.0,784.0,808.0,1307800.0,808.0,789.0,790.2,762.84,757.3333333333334,799.685,False,False,False,False,False,False,True,False,False,False,False,-0.0841584158415841,-0.1262376237623762,,,0.0558910891089108,0.0627062706270626,0.0259900990099009,0.125,-0.0002112676056337,0.1047835990888382,750.0,724.0,1.5915784349519289,0.0034083162917519,0.0005671082521854,-4.462457346341137e-08
2017-05-18,785.0,800.0,785.0,796.0,441300.0,796.0,789.2,791.6,765.08,757.3866666666667,798.65,False,False,False,False,False,False,True,True,False,True,False,-0.0841708542713567,-0.0954773869346733,,,0.0388442211055275,0.0485092127303182,0.0891959798994974,0.1281407035175879,7.041757622696222e-05,0.112809499747347,745.0,728.0,0.3374369169597798,0.0029277984001673,-0.0004805178915845,0.0002816851818607
2017-05-19,795.0,810.0,792.0,792.0,368300.0,792.0,792.6,791.9,767.12,757.6666666666666,797.655,False,False,False,False,False,False,True,True,False,True,False,-0.0959595959595959,-0.0871212121212121,,,0.0314141414141414,0.0433501683501683,0.1325757575757575,0.106060606060606,0.0003695556533215,0.1164288420255083,768.0,738.0,0.8345796510310446,0.0026592971112732,-0.000268501288894,0.0002991380770946
2017-05-22,795.0,807.0,794.0,804.0,275400.0,804.0,798.8,792.7,770.8,758.2133333333334,796.88,False,False,False,False,False,False,True,True,False,False,False,-0.1243781094527363,-0.1082089552238805,,,0.0412935323383085,0.0569485903814261,0.1243781094527363,0.0771144278606965,0.0007209932121127,0.1147975274378705,742.0,739.0,0.7477599782785772,0.0047742605085624,0.0021149633972891,0.0003514375587912
2017-05-23,812.0,817.0,800.0,802.0,538800.0,802.0,800.4,793.5,774.28,758.5866666666667,795.95,False,False,False,False,False,False,True,True,False,True,False,-0.1084788029925187,-0.1097256857855361,,,0.0345635910224439,0.0541313383208644,0.1620947630922693,0.0960099750623441,0.0004921432840018,0.1174543163201008,759.0,739.0,1.9564270152505447,0.0044944981143772,-0.0002797623941852,-0.0002288499281109
2017-05-24,780.0,784.0,738.0,740.0,2688400.0,740.0,786.8,787.9,775.76,758.2533333333333,794.895,False,False,False,False,False,False,True,False,False,True,False,-0.0459459459459459,-0.0148648648648648,,,-0.0483243243243243,-0.0246666666666666,0.277027027027027,0.1918918918918919,-0.0004396068156641,0.1298388120319838,786.0,767.0,4.989606533036377,0.0019078065381045,-0.0025866915762726,-0.0009317500996659
2017-05-25,744.0,746.0,726.0,729.0,956300.0,729.0,773.4,781.3,775.96,757.72,793.535,False,False,False,False,False,False,True,False,False,True,False,-0.0123456790123456,-0.0082304526748971,,,-0.0644170096021948,-0.0393964334705075,0.3374485596707819,0.2249657064471879,-0.0007038659839166,0.1424548828874953,757.0,764.0,0.3557134355006695,0.0002577452446002,-0.0016500612935042,-0.0002642591682525
2017-05-26,726.0,727.0,707.0,716.0,1276300.0,716.0,758.2,775.4,774.84,756.88,792.235,False,False,False,False,False,False,False,False,False,True,False,0.0097765363128491,0.0097765363128491,,,-0.0821787709497207,-0.0570949720670391,0.3756983240223464,0.2681564245810056,-0.0011098192580065,0.1535981428939902,755.0,743.0,1.3346230262469936,-0.0014454597078106,-0.0017032049524109,-0.0004059532740899
2017-05-29,716.0,718.0,704.0,704.0,742200.0,704.0,738.2,768.5,773.56,756.1333333333333,790.93,False,False,False,False,False,False,False,False,False,True,False,0.018465909090909,0.034090909090909,,,-0.0988068181818181,-0.0740530303030302,0.3394886363636363,0.2897727272727273,-0.0009874801622288,0.1616135328562134,774.0,737.0,0.581524719893442,-0.0016546874192048,-0.0002092277113941,0.0001223390957777
2017-05-30,708.0,716.0,701.0,715.0,837900.0,715.0,720.8,760.6,772.24,755.24,789.85,False,False,False,False,False,False,False,False,False,True,False,-0.0013986013986013,0.0321678321678321,,,-0.080055944055944,-0.0562797202797202,0.3118881118881119,0.2923076923076923,-0.0011828469537277,0.1757822771496186,765.0,745.0,1.1289409862570736,-0.001709313166891,-5.462574768621176e-05,-0.0001953667914988
2017-05-31,711.0,715.0,703.0,706.0,562900.0,706.0,714.0,750.4,770.72,754.44,788.705,False,False,False,False,False,False,False,False,False,True,False,0.0325779036827195,0.0495750708215297,,,-0.091671388101983,-0.0686118980169972,0.3456090651558073,0.3087818696883853,-0.0010603891628226,0.1937633262260127,755.0,738.0,0.6717985439789951,-0.0019721818559269,-0.0002628686890358,0.000122457790905
2017-06-01,708.0,722.0,705.0,720.0,691300.0,720.0,712.2,742.8,769.0,753.7733333333333,787.47,False,False,False,False,False,False,False,False,False,True,False,0.0041666666666666,0.0402777777777777,,,-0.0680555555555555,-0.0469074074074073,0.3125,0.3180555555555555,-0.0008844391771178,0.212843295638126,773.0,730.0,1.2281044590513412,-0.0022366710013004,-0.0002644891453735,0.0001759499857048
2017-06-02,730.0,733.0,717.0,723.0,573500.0,723.0,713.6,735.9,767.16,752.72,786.24,False,False,False,False,False,False,False,False,False,True,False,0.0,0.0359612724757952,,,-0.0610788381742738,-0.0411065006915629,0.293222683264177,0.3125864453665283,-0.0013993693980939,0.2341350727000952,771.0,733.0,0.8295964125560538,-0.0023984566452891,-0.0001617856439887,-0.000514930220976
2017-06-05,722.0,724.0,712.0,717.0,648100.0,717.0,716.2,727.2,764.88,752.6266666666667,784.83,False,False,False,False,False,False,False,False,False,True,False,0.0153417015341701,0.1311018131101813,,,-0.0667782426778242,-0.0496885169688516,0.3110181311018131,0.3347280334728033,-0.0001240101333995,0.2614136413641362,771.0,733.0,1.1300784655623366,-0.0029808597427047,-0.0005824030974155,0.0012753592646944
2017-06-06,717.0,720.0,705.0,714.0,706900.0,714.0,716.0,718.4,762.48,752.48,783.3,False,False,False,False,False,False,False,False,False,True,False,0.0336134453781512,0.1302521008403361,,,-0.0678991596638655,-0.0538935574229692,0.3123249299719888,0.3249299719887955,-0.0001949110496845,0.2861915367483296,740.0,733.0,1.0907267397006637,-0.003147623544224,-0.0001667638015193,-7.090091628506195e-05
2017-06-07,706.0,731.0,706.0,729.0,698700.0,729.0,720.6,717.3,760.36,752.5466666666666,782.0,False,False,False,False,False,False,False,True,False,False,False,0.0164609053497942,0.1371742112482853,,,-0.0430178326474623,-0.0322999542752628,0.2839506172839506,0.3100137174211248,8.858808313097664e-05,0.2983410009758818,743.0,733.0,0.9884000565850898,-0.0027881529801672,0.0003594705640567,0.0002834991328155
2017-06-08,731.0,733.0,723.0,723.0,424700.0,723.0,721.2,716.7,758.0,752.48,780.965,False,False,False,False,False,False,False,False,False,True,False,0.0359612724757952,0.1991701244813278,,,-0.0484094052558782,-0.040774550484094,0.3029045643153527,0.3029045643153527,-8.859593167473691e-05,0.3062648248918654,740.0,764.0,0.6078431372549019,-0.0031134564643799,-0.0003253034842126,-0.0001771840148057
2017-06-09,722.0,731.0,717.0,723.0,425900.0,723.0,721.2,717.4,755.36,752.28,779.995,False,False,False,False,False,False,False,False,False,True,False,0.0359612724757952,0.2406639004149377,,,-0.0447579529737206,-0.0404979253112032,0.2959889349930844,0.2918395573997234,-0.0002658584569575,0.3086144410370783,741.0,752.0,1.002825523899223,-0.0034950222410506,-0.0003815657766706,-0.0001772625252828
2017-06-12,723.0,733.0,719.0,728.0,729700.0,728.0,723.4,719.8,752.64,752.1333333333333,779.375,False,False,False,False,False,False,False,False,False,True,True,0.114010989010989,0.2417582417582417,,,-0.0338461538461538,-0.0331501831501831,0.2651098901098901,0.3090659340659341,-0.0001950008863676,0.310502917477077,712.0,751.0,1.7133129842686077,-0.0036139455782313,-0.0001189233371807,7.085757058993716e-05
2017-06-13,729.0,747.0,729.0,738.0,630400.0,738.0,728.2,722.1,750.4,752.12,779.11,False,False,True,False,False,False,False,False,False,False,False,0.0934959349593495,0.2628726287262872,,,-0.0168021680216801,-0.0191327913279132,0.2154471544715447,0.3252032520325203,-1.772766757076159e-05,0.3138069519457139,715.0,742.0,0.863916678086885,-0.0029850746268656,0.0006288709513656,0.0001772732187968
2017-06-14,746.0,750.0,739.0,741.0,468200.0,741.0,730.6,725.6,748.2,751.7733333333333,778.945,False,False,False,False,False,False,False,False,False,False,False,0.1187584345479082,0.2753036437246963,,,-0.0097165991902834,-0.0145389113810166,0.2105263157894736,0.3198380566801619,-0.0004611319014596,0.3149117971334068,703.0,750.0,0.7427030456852792,-0.0029403902699811,4.4684356884486937e-05,-0.0004434042338889
2017-06-15,738.0,754.0,735.0,749.0,497200.0,749.0,735.8,728.5,746.36,751.5733333333334,778.775,False,False,False,False,True,False,False,False,False,False,False,0.157543391188251,0.30173564753004,,,0.0035246995994659,-0.0034356920338229,0.2002670226969292,0.3164218958611482,-0.0002661084303149,0.3147563486616334,724.0,745.0,1.0619393421614696,-0.0024652982474945,0.0004750920224866,0.0001950234711447
2017-06-16,751.0,760.0,740.0,749.0,648900.0,749.0,741.0,731.1,745.32,751.6533333333333,778.785,False,False,False,False,False,False,False,True,False,False,False,0.1975967957276368,0.315086782376502,,,0.0049132176234979,-0.0035425011125945,0.2136181575433912,0.315086782376502,0.0001064320431403,0.3150047873067979,744.0,768.0,1.305108608205953,-0.0013953737991734,0.001069924448321,0.0003725404734553
2017-06-19,763.0,812.0,762.0,811.0,2606700.0,811.0,757.6,740.5,746.84,752.64,779.23,False,False,False,False,False,False,True,True,True,False,False,0.1146732429099876,0.1627620221948212,,,0.0791122071516645,0.071960542540074,0.0974106041923551,0.2022194821208384,0.0013109410430839,0.3007427413909521,736.0,742.0,4.017105871474803,0.0020352418188634,0.0034306156180369,0.0012045089999435
2017-06-20,820.0,837.0,788.0,807.0,1530600.0,807.0,771.4,749.8,747.36,753.4666666666667,779.465,False,False,False,False,False,False,True,True,False,True,False,0.1548946716232961,0.1623296158612144,,,0.073903345724907,0.0663362247005369,0.1090458488228005,0.1945477075588599,0.0010971509467351,0.2870098692984796,748.0,759.0,0.5871791920819427,0.0006957824876899,-0.0013394593311734,-0.0002137900963487
2017-06-21,803.0,843.0,801.0,829.0,1487300.0,829.0,789.0,759.8,748.2,754.68,780.01,False,False,False,False,False,False,True,True,False,False,False,0.1399276236429433,0.1459589867310012,,,0.0974668275030156,0.0896501809408927,0.0856453558504222,0.1761158021712907,0.0016077454461934,0.2727033429849961,744.0,786.0,0.9717104403501896,0.0011226944667201,0.0004269119790301,0.0005105944994582
2017-06-22,830.0,956.0,830.0,867.0,3052400.0,867.0,812.6,774.2,751.04,756.5066666666667,780.735,False,False,False,False,False,False,True,True,False,False,False,0.1245674740484429,0.0899653979238754,,,0.1337485582468282,0.1274432910419069,-0.0023068050749711,0.1257208765859284,0.0024146074940957,0.2534228881425987,763.0,757.0,2.0523095542257783,0.0037814230933105,0.0026587286265903,0.0008068620479023
2017-06-23,876.0,936.0,875.0,897.0,3141700.0,897.0,842.2,791.6,755.24,758.6933333333334,781.62,False,False,False,False,False,False,True,True,False,False,False,0.0981047937569676,0.0423634336677814,,,0.1580379041248606,0.1541880341880341,-0.0178372352285395,0.0869565217391304,0.0028821482548944,0.2310510358767053,769.0,755.0,1.0292556676713407,0.0055611461257349,0.0017797230324244,0.0004675407607987
2017-06-26,912.0,930.0,891.0,904.0,1582300.0,904.0,860.8,809.2,759.24,760.9733333333334,782.58,False,False,False,False,False,False,True,True,False,True,False,0.0431415929203539,0.0398230088495575,,,0.1601327433628318,0.1582153392330383,-0.0331858407079646,0.0685840707964601,0.002996162809034,0.2058823529411763,774.0,774.0,0.5036445236655314,0.0052684263210578,-0.000292719804677,0.0001140145541395
2017-06-27,906.0,935.0,889.0,932.0,1162500.0,932.0,885.8,828.6,764.44,763.6266666666667,783.61,True,True,False,False,False,False,True,True,False,False,False,0.0064377682403433,0.0053648068669527,,,0.1797854077253218,0.1806580829756795,-0.0418454935622317,0.0139484978540772,0.0034746472971085,0.1736664252956794,774.0,765.0,0.7346900082158883,0.0068023651300298,0.0015339388089719,0.0004784844880744
2017-06-28,928.0,956.0,922.0,945.0,1300300.0,945.0,909.0,849.0,772.64,766.4533333333334,784.73,False,False,False,False,False,False,True,True,False,False,False,0.0052910052910052,-0.0095238095238095,,,0.1823915343915344,0.1889382716049382,-0.0825396825396825,-0.0264550264550264,0.0036879827430242,0.1386336866902238,782.0,755.0,1.1185376344086022,0.0106129633464484,0.0038105982164185,0.0002133354459157
2017-06-29,955.0,978.0,939.0,975.0,862900.0,975.0,930.6,871.6,782.48,769.2666666666667,786.005,False,False,False,False,False,False,True,True,False,False,False,-0.0307692307692307,-0.0338461538461538,,,0.1974564102564102,0.211008547008547,-0.0923076923076923,-0.0615384615384615,0.0036571626657421,0.1009637448370812,782.0,773.0,0.6636160885949396,0.0125754012882118,0.0019624379417634,-3.08200772820128e-05
2017-06-30,960.0,987.0,956.0,985.0,914500.0,985.0,948.2,895.2,793.24,772.3733333333333,787.205,False,False,False,False,False,False,True,True,False,False,False,-0.0507614213197969,-0.048730964467005,,,0.1946802030456852,0.2158646362098139,-0.0954314720812182,-0.0741116751269035,0.0040222344979975,0.0637846291331545,789.0,771.0,1.0597983543863716,0.0135646210478543,0.0009892197596424,0.0003650718322553
2017-07-03,993.0,996.0,939.0,943.0,1404200.0,943.0,956.0,908.4,802.8,774.9333333333333,788.05,False,False,False,False,False,False,True,True,False,True,False,-0.0031813361611876,-0.0233297985153764,,,0.1486744432661718,0.1782255213856487,-0.0190880169671261,-0.0424178154825026,0.0033035099793529,0.0404007045354469,796.0,771.0,1.535483870967742,0.0119083208769306,-0.0016563001709236,-0.0007187245186445
2017-07-04,957.0,970.0,926.0,938.0,1069600.0,938.0,957.2,921.5,811.72,777.5466666666666,788.92,False,False,False,False,False,False,True,True,False,True,False,-0.0010660980810234,-0.0437100213219616,,,0.1346268656716417,0.1710589907604833,-0.0287846481876332,-0.0394456289978678,0.0033609986967556,0.018773738469886,794.0,740.0,0.7617148554336989,0.010989010989011,-0.0009193098879195,5.748871740262869e-05
2017-07-05,938.0,955.0,927.0,950.0,613400.0,950.0,958.2,933.6,821.48,780.2133333333334,789.865,False,False,False,False,False,False,True,True,False,False,False,-0.0147368421052631,-0.0557894736842105,,,0.1352842105263157,0.1787228070175438,-0.1242105263157894,-0.0505263157894736,0.0034178686171304,-0.0022493573264781,796.0,743.0,0.5734854151084517,0.0118809952768174,0.0008919842878063,5.6869920374833394e-05
2017-07-06,950.0,956.0,941.0,945.0,307400.0,945.0,952.2,941.4,830.48,782.88,790.885,False,False,False,False,False,False,True,True,False,True,False,-0.0031746031746031,-0.0486772486772486,,,0.1211851851851851,0.1715555555555555,-0.1375661375661375,-0.056084656084656,0.0034062265821921,-0.0194391332058635,795.0,740.0,0.5011411803064885,0.0108371062518061,-0.0010438890250112,-1.164203493825549e-05
2017-07-07,930.0,945.0,923.0,935.0,539700.0,935.0,942.2,945.2,838.96,785.1066666666667,791.83,False,False,False,False,False,False,True,True,False,True,False,0.002139037433155,-0.027807486631016,,,0.1027165775401069,0.160313725490196,-0.146524064171123,-0.055614973262032,0.0028361326698707,-0.03311468472281,775.0,741.0,1.7556929082628496,0.010107752455421,-0.0007293537963851,-0.0005700939123214
2017-07-10,935.0,944.0,914.0,940.0,561700.0,940.0,941.6,948.8,847.88,787.7466666666667,792.78,False,False,False,False,False,False,True,True,False,False,False,-0.0202127659574468,-0.0531914893617021,,,0.098,0.1619716312056737,-0.1414893617021276,-0.0670212765957446,0.0033513312232358,-0.0461635750421584,773.0,712.0,1.040763387066889,0.0105203566542434,0.0004126041988224,0.000515198553365
2017-07-11,943.0,951.0,928.0,937.0,435700.0,937.0,941.4,949.3,856.8,790.12,793.795,False,False,False,False,False,False,True,True,False,True,False,-0.0426894343649946,-0.0448239060832443,,,0.0855923159018143,0.1567556029882604,-0.119530416221985,-0.0683030949839914,0.0030037631414637,-0.0542505003686927,794.0,715.0,0.775680968488517,0.0104108309990662,-0.0001095256551772,-0.0003475680817721
2017-07-12,932.0,940.0,921.0,936.0,431200.0,936.0,938.6,948.4,865.08,792.12,794.815,False,False,False,False,False,False,True,True,False,True,False,-0.0416666666666666,-0.0384615384615384,,,0.0757692307692307,0.1537179487179487,-0.1367521367521367,-0.0715811965811965,0.0025248699691965,-0.0587304934626739,808.0,703.0,0.9896717925177876,0.009571369121931,-0.0008394618771352,-0.0004788931722671
2017-07-13,944.0,958.0,938.0,942.0,576300.0,942.0,938.0,945.1,873.84,794.5866666666667,795.77,False,False,False,False,False,False,True,True,False,False,False,-0.0456475583864118,-0.0817409766454352,,,0.0723566878980891,0.156489738145789,-0.1305732484076433,-0.0711252653927813,0.0031043393630231,-0.0596762247381229,796.0,724.0,1.3365027829313545,0.0100247184839329,0.0004533493620019,0.0005794693938265
2017-07-14,937.0,946.0,931.0,937.0,458400.0,937.0,938.4,940.3,882.4,797.0133333333333,796.775,False,False,False,False,False,False,True,True,False,True,False,-0.0298826040554962,-0.0597652081109925,,,0.0582710779082177,0.1493987904660263,-0.0992529348986125,-0.0832443970117396,0.0030447002141327,-0.0605126023609486,792.0,744.0,0.7954190525767829,0.0097008159564822,-0.0003239025274507,-5.963914889045791e-05
2017-07-18,931.0,935.0,907.0,921.0,595500.0,921.0,934.6,938.1,890.12,798.9733333333334,797.545,False,False,False,False,False,False,True,True,False,True,False,-0.0336590662323561,-0.0510314875135722,,,0.033528773072747,0.1324936663047412,-0.0553745928338762,-0.0694896851248642,0.0024531482068655,-0.0632128770919945,804.0,736.0,1.2990837696335078,0.0086729879117422,-0.0010278280447399,-0.0005915520072671
2017-07-19,908.0,911.0,884.0,897.0,1072300.0,897.0,926.6,934.0,896.48,800.7333333333333,798.0,False,False,False,False,False,False,True,True,False,True,False,-0.0022296544035674,-0.0044593088071348,,,0.0005797101449275,0.1073206986250464,-0.0535117056856187,-0.0512820512820512,0.0021979851802514,-0.0644539614561028,802.0,748.0,1.800671704450042,0.0070944137069427,-0.0015785742047995,-0.000255163026614
2017-07-20,903.0,914.0,893.0,897.0,629300.0,897.0,918.8,928.7,902.72,802.6266666666667,798.375,False,False,False,False,False,False,True,True,False,True,False,0.0033444816053511,-0.0334448160535117,,,-0.0063768115942029,0.1052099591230026,-0.0557413600891861,-0.0702341137123745,0.0023589215409405,-0.06643695488317,740.0,744.0,0.5868693462650377,0.0069124423963133,-0.0001819713106293,0.0001609363606891
2017-07-21,893.0,912.0,889.0,899.0,459700.0,899.0,910.2,924.1,908.72,804.3066666666666,798.545,False,False,False,False,False,False,True,True,False,True,False,-0.0378197997775305,-0.0155728587319243,,,-0.0108120133481646,0.1053318502039303,-0.0333704115684093,-0.0912124582869855,0.0020887555327154,-0.0699058543447679,729.0,763.0,0.7304941999046559,0.0066026938991108,-0.0003097484972025,-0.000270166008225
2017-07-24,895.0,911.0,886.0,909.0,441400.0,909.0,904.6,921.5,915.12,806.1466666666666,798.835,False,False,False,False,False,False,True,True,False,False,False,-0.0308030803080308,-0.0198019801980198,,,-0.0067326732673267,0.1131499816648331,-0.022002200220022,-0.1155115511551155,0.0022824630753709,-0.0758545849158979,716.0,769.0,0.960191429192952,0.0069936183232799,0.0003909244241691,0.0001937075426554
2017-07-25,912.0,913.0,878.0,890.0,588000.0,890.0,898.4,916.5,918.28,807.7333333333333,799.17,False,False,False,False,False,False,True,True,False,True,False,-0.0179775280898876,0.0393258426966292,,,-0.0317752808988763,0.0924344569288389,0.0404494382022471,-0.1179775280898876,0.0019643446682073,-0.0808510638297872,704.0,774.0,1.33212505663797,0.0034412161867839,-0.003552402136496,-0.0003181184071635
2017-07-26,888.0,900.0,884.0,895.0,304800.0,895.0,898.0,912.3,921.8,809.8,799.405,False,False,False,False,False,False,True,True,False,False,False,-0.0022346368715083,0.017877094972067,,,-0.0299441340782122,0.095195530726257,0.0145251396648044,-0.0212290502793296,0.0025520704700748,-0.0762906938507069,715.0,774.0,0.5183673469387755,0.0038186157517899,0.000377399565006,0.0005877258018674
2017-07-27,893.0,910.0,893.0,900.0,404600.0,900.0,898.6,908.7,924.64,811.8933333333333,799.775,False,False,False,False,False,False,True,True,False,True,False,-0.0366666666666666,-0.0755555555555555,,,-0.0273777777777777,0.0978962962962963,0.01,-0.04,0.002578335413519,-0.0731814680312534,706.0,782.0,1.3274278215223096,0.0030714656514968,-0.0007471501002931,2.626494344421188e-05
2017-07-28,888.0,892.0,862.0,865.0,592000.0,865.0,891.8,901.0,924.56,813.56,799.97,False,False,False,False,False,False,False,True,False,True,False,0.0231213872832369,-0.0578034682080924,,,-0.0688554913294797,0.0594682080924856,0.038150289017341,-0.0705202312138728,0.0020486094039365,-0.0731409544950055,720.0,782.0,1.463173504695996,-8.652764558280796e-05,-0.0031579932970796,-0.0005297260095824
2017-07-31,862.0,886.0,860.0,881.0,684200.0,881.0,886.2,895.4,923.92,815.4266666666666,800.235,False,False,False,False,False,False,False,True,False,True,False,0.0113507377979568,-0.094211123723042,,,-0.0487173666288308,0.0744305713204692,-0.0056753688989784,-0.0737797956867196,0.0022891901172392,-0.0721465266919812,723.0,789.0,1.1557432432432433,-0.0006927006667243,-0.0006061730211415,0.0002405807133026
2017-08-01,878.0,884.0,865.0,874.0,303100.0,874.0,883.0,890.7,922.72,817.5866666666667,800.45,False,False,False,False,False,False,False,True,False,True,False,0.0583524027459954,-0.0766590389016018,,,-0.0557437070938215,0.0645461479786422,-0.0091533180778032,-0.0663615560640732,0.0026419217534533,-0.071853598293477,717.0,796.0,0.4429991230634317,-0.0013005028611062,-0.0006078021943818,0.0003527316362141
2017-08-02,875.0,906.0,872.0,893.0,594200.0,893.0,882.6,890.3,921.16,819.96,800.825,False,False,False,False,False,False,False,True,False,True,False,0.0201567749160134,-0.0761478163493841,,,-0.0315341545352743,0.0817917133258678,-0.0156774916013437,-0.0615901455767077,0.0028944501357789,-0.0728967763675165,714.0,794.0,1.9604091059056417,-0.0016935168700335,-0.0003930140089272,0.0002525283823256
2017-08-03,891.0,892.0,864.0,867.0,455000.0,867.0,876.0,887.3,918.04,822.1466666666666,801.015,False,False,False,False,False,False,False,True,False,True,False,-0.0403690888119953,-0.0680507497116493,,,-0.058869665513264,0.0517339484813533,0.0173010380622837,-0.0553633217993079,0.0026597038646793,-0.0714527217401104,729.0,796.0,0.7657354426119152,-0.00339854472572,-0.0017050278556865,-0.0002347462710995
2017-08-04,869.0,892.0,868.0,885.0,275900.0,885.0,880.0,885.9,914.44,824.2933333333333,801.3,False,False,False,False,False,False,False,True,False,True,False,-0.0790960451977401,-0.0745762711864406,,,-0.0332655367231639,0.0685951035781544,0.0090395480225988,-0.0610169491525423,0.0026042509139141,-0.0684050118523535,723.0,795.0,0.6063736263736264,-0.0039368356589824,-0.0005382909332624,-5.545295076527174e-05
2017-08-07,890.0,898.0,881.0,891.0,320500.0,891.0,882.0,884.1,910.68,826.2533333333333,801.54,False,False,False,False,False,False,False,True,False,True,False,-0.1043771043771043,-0.052749719416386,,,-0.022087542087542,0.0726674148896371,0.0190796857463524,-0.0628507295173961,0.0023721538188449,-0.063001922859405,723.0,775.0,1.1616527727437478,-0.0041287828875127,-0.0001919472285302,-0.0002320970950691
2017-08-08,894.0,925.0,891.0,925.0,586700.0,925.0,892.2,887.6,909.96,828.7733333333333,801.965,False,False,False,False,True,False,False,True,False,False,True,-0.1275675675675675,-0.0594594594594594,,,0.0162594594594594,0.1040288288288288,-0.0183783783783783,-0.0789189189189189,0.003040638373178,-0.0591482649842271,728.0,773.0,1.830577223088924,-0.0007912435711458,0.0033375393163668,0.000668484554333
2017-08-09,927.0,941.0,907.0,911.0,566400.0,911.0,895.8,889.2,908.88,830.9466666666667,802.305,False,False,False,False,False,False,False,True,False,True,False,-0.0944017563117453,-0.0680570801317233,,,0.0023271130625686,0.0878741309915842,0.0142700329308452,-0.0362239297475301,0.0026154907655526,-0.0606162843004949,738.0,794.0,0.96539969319925,-0.0011882756799577,-0.0003970321088119,-0.0004251476076253
2017-08-10,836.0,845.0,820.0,832.0,1309000.0,832.0,888.8,882.4,904.16,832.12,802.245,False,False,False,False,False,False,False,True,False,True,False,-0.0288461538461538,0.0180288461538461,,,-0.0867307692307692,-0.0001442307692307,0.110576923076923,0.1045673076923077,0.0014100530372221,-0.0471441523118767,741.0,808.0,2.311087570621469,-0.0052203149884976,-0.0040320393085398,-0.0012054377283304
2017-08-14,817.0,833.0,810.0,815.0,699900.0,815.0,874.8,877.4,898.96,832.8133333333334,801.94,False,False,False,False,False,False,False,True,False,True,False,0.0049079754601227,0.0662576687116564,,,-0.1030184049079755,-0.0218568507157464,0.1644171779141104,0.1570552147239264,0.0008325194921631,-0.0258718942329609,749.0,796.0,0.5346829640947288,-0.0057844620450297,-0.000564147056532,-0.0005775335450589
2017-08-15,809.0,812.0,777.0,798.0,1162300.0,798.0,856.2,869.1,893.48,833.2,801.38,False,False,False,False,False,False,False,True,False,True,False,0.0576441102756892,0.1140350877192982,,,-0.1196491228070175,-0.0441102756892231,0.1892230576441102,0.1766917293233082,0.0004640742518802,-0.0024162927166034,749.0,792.0,1.6606658094013431,-0.0061333213949948,-0.0003488593499651,-0.0003684452402828
2017-08-16,813.0,817.0,799.0,807.0,418600.0,807.0,832.6,862.4,888.16,833.64,800.775,False,False,False,False,False,False,False,True,False,False,False,0.0780669144981412,0.1474597273853779,,,-0.1005700123915736,-0.0330111524163568,0.1858736059479553,0.1771995043370508,0.0005278057674774,0.0208719851576994,811.0,804.0,0.3601479824485933,-0.0059899117276167,0.0001434096673781,6.373151559720927e-05
2017-08-17,805.0,826.0,799.0,825.0,457600.0,825.0,815.4,855.6,883.68,834.32,800.295,False,False,False,False,False,False,False,True,False,False,False,0.029090909090909,0.1006060606060606,,,-0.0711272727272726,-0.0112969696969697,0.1466666666666666,0.1393939393939394,0.0008150349985617,0.0409069658719027,807.0,802.0,1.093167701863354,-0.0050697084917617,0.0009202032358549,0.0002872292310842
2017-08-18,803.0,819.0,802.0,808.0,501200.0,808.0,810.6,849.7,878.56,834.6666666666666,799.72,False,False,False,False,False,False,False,True,False,True,False,0.0482673267326732,0.125,,,-0.0873267326732672,-0.0330033003300329,0.1819306930693069,0.193069306930693,0.0004153354632586,0.0651994821701776,829.0,740.0,1.0952797202797202,-0.0058277180841376,-0.0007580095923759,-0.000399699535303
2017-08-21,812.0,823.0,808.0,819.0,310200.0,819.0,811.4,843.1,873.64,835.16,799.295,False,False,False,False,False,False,False,True,False,False,False,0.061050061050061,0.0964590964590964,,,-0.0667155067155067,-0.0197313797313796,0.1501831501831501,0.2051282051282051,0.000590705174258,0.0920412762424386,867.0,729.0,0.6189146049481244,-0.0056316102742547,0.0001961078098828,0.0001753697109993
2017-08-22,825.0,846.0,822.0,844.0,394500.0,844.0,820.6,838.4,869.92,835.8933333333333,799.075,False,False,False,False,False,False,False,True,False,False,False,0.0533175355450237,0.0379146919431279,,,-0.0307109004739336,0.0096050552922591,0.1066350710900474,0.2251184834123222,0.0008773049192879,0.1218988549618321,897.0,716.0,1.2717601547388782,-0.0042762552878425,0.0013553549864122,0.0002865997450299
2017-08-23,850.0,877.0,849.0,870.0,455300.0,870.0,833.2,832.9,867.88,836.88,799.005,False,False,False,False,True,False,False,True,False,False,False,0.064367816091954,-0.0045977011494252,,,0.0024367816091954,0.0380689655172413,0.0954022988505747,0.164367816091954,0.0011789822515374,0.1486372913915236,904.0,704.0,1.1541191381495564,-0.0023505553763192,0.0019256999115233,0.0003016773322495
2017-08-24,897.0,909.0,847.0,849.0,850300.0,849.0,838.0,826.7,865.96,837.6133333333333,798.88,False,False,False,False,False,False,False,True,False,False,False,0.0694935217903415,0.0353356890459364,,,-0.0199764428739694,0.0134118570867687,0.1519434628975265,0.2520612485276796,0.0008755034144633,0.179629853634934,932.0,715.0,1.8675598506479243,-0.0022171924800221,0.0001333628962971,-0.0003034788370741
2017-08-25,854.0,867.0,846.0,847.0,369200.0,847.0,845.8,828.2,863.96,838.2933333333333,798.895,False,False,False,False,False,False,False,True,False,True,False,0.0731995277449822,0.0413223140495867,,,-0.0200236127508855,0.0102794175521448,0.1546635182998819,0.2715466351829988,0.0008111719048224,0.196570876599855,945.0,706.0,0.4341996942255674,-0.002314921987129,-9.772950710690894e-05,-6.433150964089756e-05
2017-08-28,852.0,872.0,851.0,869.0,360200.0,869.0,855.8,833.6,862.76,839.28,798.975,False,False,False,False,False,False,False,True,False,False,False,0.0333716915995397,0.0276179516685845,,,0.007180667433832,0.0342002301495972,0.1346375143843498,0.2474108170310702,0.0011756108410383,0.2057341650671785,975.0,720.0,0.9756229685807152,-0.0013908850665307,0.0009240369205983,0.0003644389362159
2017-08-29,873.0,890.0,857.0,889.0,455000.0,889.0,864.8,842.7,861.96,840.8,799.005,False,False,False,False,False,False,False,True,False,False,False,-0.014623172103487,0.0213723284589426,,,0.030416197975253,0.0542182227221597,0.107986501687289,0.21822272215973,0.0018078020932445,0.2098018274593567,985.0,723.0,1.263187118267629,-0.0009281173140284,0.0004627677525022,0.0006321912522061
2017-08-30,900.0,928.0,890.0,926.0,799500.0,926.0,876.0,854.6,863.4,842.84,799.22,False,False,False,False,False,False,True,True,True,False,False,-0.0647948164146868,-0.019438444924406,,,0.0676025917926566,0.0898056155507559,0.0529157667386609,0.1814254859611231,0.0024203882112857,0.2098057570793354,943.0,717.0,1.7571428571428571,0.0016678248783877,0.0025959421924161,0.0006125861180412
2017-08-31,922.0,925.0,901.0,908.0,546100.0,908.0,887.8,862.9,863.92,844.36,799.625,False,False,False,False,False,False,True,True,False,True,False,-0.0319383259911894,0.0176211453744493,,,0.0485462555066079,0.0700881057268722,0.0616740088105726,0.1674008810572687,0.0018001800180017,0.2120755591609689,938.0,714.0,0.6830519074421514,0.0006019075840355,-0.0010659172943521,-0.0006202081932839
2017-09-01,912.0,917.0,904.0,909.0,478100.0,909.0,900.2,873.0,864.28,845.7066666666667,799.73,False,False,False,False,False,False,True,True,False,True,False,-0.0297029702970297,0.0165016501650165,,,0.0491969196919692,0.0696296296296295,0.0726072607260726,0.1309130913091309,0.0015923566878981,0.2053837342497135,950.0,729.0,0.8754806811939205,0.0004165316795483,-0.0001853759044872,-0.0002078233301036
2017-09-04,916.0,920.0,891.0,898.0,322200.0,898.0,906.0,880.9,865.6,847.0666666666667,800.355,False,False,False,False,False,False,True,True,True,False,False,-0.0055679287305122,0.0567928730512249,,,0.0360801781737193,0.0567186340014847,0.086859688195991,0.1514476614699332,0.001605540689438,0.1999091837893064,945.0,723.0,0.6739175904622464,0.0015249537892791,0.0011084221097308,1.318400153995725e-05
2017-09-05,898.0,899.0,869.0,876.0,422800.0,876.0,903.4,884.1,865.4,848.1866666666666,800.765,False,False,False,False,False,False,False,True,False,True,False,0.0365296803652968,0.0833333333333333,,,0.0121004566210045,0.0317503805175038,0.1130136986301369,0.1917808219178082,0.0013204640487941,0.1966972061983938,935.0,723.0,1.3122284295468654,-0.0002311070025422,-0.0017560607918214,-0.0002850766406439
2017-09-06,861.0,873.0,842.0,866.0,412800.0,866.0,891.4,883.7,865.08,849.0133333333333,801.29,False,False,False,False,False,False,False,True,False,True,False,0.0484988452655889,0.1050808314087759,,,0.0010623556581985,0.0196150885296381,0.115473441108545,0.1859122401847575,0.0009736792512092,0.1988231300215005,940.0,728.0,0.9763481551561022,-0.0003699079853885,-0.0001388009828463,-0.0003467847975848
2017-09-07,873.0,882.0,866.0,879.0,363300.0,879.0,885.6,886.7,864.52,850.04,801.745,False,False,False,False,False,False,False,True,False,True,True,0.0511945392491467,0.0762229806598407,,,0.0164732650739476,0.0329465301478953,0.0750853242320819,0.1626848691695108,0.0012077863002525,0.1901432276982067,937.0,738.0,0.8800872093023255,-0.0006477582936196,-0.000277850308231,0.0002341070490432
2017-09-08,876.0,889.0,872.0,882.0,382900.0,882.0,880.2,890.2,865.12,851.9333333333333,802.145,False,False,False,False,False,False,True,True,False,False,False,0.0476190476190476,0.082766439909297,,,0.0191383219954648,0.0340891912320484,0.0430839002267573,0.1609977324263038,0.0022223961186321,0.1795102224219276,936.0,741.0,1.0539499036608864,0.0006935454041058,0.0013413036977254,0.0010146098183796
2017-09-11,891.0,902.0,890.0,893.0,256400.0,893.0,879.2,892.6,865.44,854.12,802.345,False,False,False,False,False,False,True,True,False,True,False,0.0627099664053751,0.0548712206047032,,,0.0308622620380738,0.043538633818589,0.024636058230683,0.1287793952967525,0.0025601398710564,0.1678243334080215,942.0,749.0,0.6696265343431705,0.0003697541135145,-0.0003237912905912,0.0003377437524243
2017-09-12,905.0,911.0,893.0,908.0,370500.0,908.0,885.6,894.5,866.12,856.68,802.75,False,False,False,False,False,False,True,True,False,False,False,0.0451541850220264,0.0286343612334801,,,0.0461233480176211,0.0565198237885463,0.0044052863436123,0.0881057268722467,0.0029882803380491,0.1547233091112354,937.0,749.0,1.4450078003120126,0.0007851106082297,0.0004153564947151,0.0004281404669927
2017-09-13,904.0,918.0,890.0,908.0,386100.0,908.0,894.0,892.7,865.44,859.4,803.14,False,False,False,False,False,False,False,True,False,True,False,0.0539647577092511,0.0495594713656387,,,0.0468722466960351,0.0535242290748898,-0.0055066079295154,0.1013215859030837,0.0031649988363975,0.1465217878346588,921.0,811.0,1.0421052631578946,-0.0007857274912182,-0.001570838099448,0.0001767184983483
2017-09-14,910.0,928.0,910.0,924.0,392700.0,924.0,903.0,894.3,865.96,862.1866666666666,803.615,False,False,False,False,False,False,True,True,False,False,False,0.0238095238095238,0.0584415584415584,,,0.0628138528138527,0.0668975468975469,-0.0248917748917748,0.0670995670995671,0.0032320920450327,0.1361959074136196,897.0,807.0,1.017094017094017,0.0006004896300059,0.0013862171212242,6.709320863522786e-05
2017-09-15,918.0,926.0,907.0,924.0,226200.0,924.0,911.4,895.8,869.64,865.0933333333334,804.165,False,False,False,False,False,False,True,True,True,False,False,0.0335497835497835,0.0584415584415584,,,0.0588311688311688,0.0637518037518037,-0.0238095238095238,0.0562770562770562,0.003359945747665,0.128488501897745,897.0,829.0,0.5760122230710466,0.0042316360792971,0.0036311464492911,0.0001278537026323
2017-09-19,936.0,955.0,933.0,949.0,529300.0,949.0,922.6,900.9,875.0,868.1466666666666,804.805,False,False,False,False,False,False,True,True,False,False,False,-0.0073761854583772,0.0389884088514225,,,0.0779768177028451,0.085198454513523,-0.060063224446786,0.0010537407797681,0.0035170708482437,0.1127761127761128,899.0,867.0,2.339964633068081,0.0061257142857143,0.0018940782064171,0.0001571251005786
2017-09-20,942.0,953.0,935.0,949.0,323500.0,949.0,930.8,908.2,881.04,871.16,805.515,False,False,False,False,False,False,True,True,False,False,False,-0.0158061116965226,0.0379346680716543,,,0.0716122233930453,0.0820231822971549,-0.0695468914646996,-0.0084299262381454,0.003458989546505,0.0924906408280114,909.0,897.0,0.6111845834120536,0.0068555343684735,0.0007298200827592,-5.808130173868328e-05
2017-09-21,955.0,967.0,947.0,957.0,408700.0,957.0,940.6,917.3,887.04,874.36,806.295,False,False,False,False,False,False,True,True,False,True,False,-0.0041797283176593,0.018808777429467,,,0.0731034482758621,0.0863531870428422,-0.083594566353187,-0.0198537095088819,0.0036598197538771,0.0719502888913114,890.0,904.0,1.263369397217929,0.0067640692640692,-9.146510440431745e-05,0.0002008302073721
2017-09-22,956.0,957.0,942.0,946.0,336600.0,946.0,945.0,924.0,891.88,877.4533333333334,807.13,False,False,False,False,False,False,True,True,False,True,False,0.0338266384778012,0.0190274841437632,,,0.0572093023255814,0.07245947850599,-0.0771670190274841,-0.0285412262156448,0.0035253536750292,0.053030303030303,895.0,932.0,0.8235869831172009,0.005426739023187,-0.0013373302408822,-0.0001344660788478
2017-09-25,958.0,967.0,950.0,955.0,364100.0,955.0,951.2,931.3,897.76,880.4666666666667,808.085,False,False,False,False,False,False,True,True,False,False,False,0.0240837696335078,0.0209424083769633,,,0.0599371727748691,0.07804537521815,-0.0900523560209424,-0.0335078534031413,0.0034224275005678,0.0339310641039407,900.0,945.0,1.0816993464052287,0.0065496346462306,0.0011228956230436,-0.0001029261744614
2017-09-26,950.0,952.0,937.0,942.0,354700.0,942.0,949.8,936.2,902.68,883.3866666666667,809.105,False,False,False,False,False,False,True,True,False,True,False,0.0467091295116772,0.0360934182590233,,,0.0417409766454352,0.0622222222222222,-0.0711252653927813,-0.0360934182590233,0.0033054608023666,0.0178380687887202,865.0,975.0,0.974182916781104,0.0054504364780431,-0.0010991981681874,-0.0001169666982012
2017-09-27,937.0,940.0,923.0,934.0,332000.0,934.0,946.8,938.8,906.28,886.2,810.155,False,False,False,False,False,False,True,True,False,True,False,0.0546038543897216,0.0438972162740899,,,0.029678800856531,0.0511777301927194,-0.0802997858672376,-0.0096359743040685,0.0031746031746032,0.0083084789092459,881.0,985.0,0.9360022554271216,0.0039722822968619,-0.0014781541811811,-0.0001308576277633
2017-09-28,949.0,954.0,925.0,953.0,411000.0,953.0,946.0,943.3,909.6,889.2,811.245,False,False,False,False,False,False,True,True,False,True,False,0.0230849947534102,0.0136411332633788,,,0.0455403987408184,0.0669464847848897,-0.1007345225603357,-0.0251836306400839,0.0033738191632928,-0.0040284108979115,874.0,943.0,1.2379518072289155,0.0036499560246262,-0.0003223262722356,0.0001992159886896
2017-09-29,960.0,979.0,951.0,978.0,448200.0,978.0,952.4,948.7,914.76,892.4,812.38,False,False,False,False,False,False,True,True,False,False,False,-0.0143149284253578,-0.0337423312883435,,,0.0646625766871165,0.0875255623721881,-0.1298568507157464,-0.0143149284253578,0.0035858359480053,-0.0120164435543376,893.0,938.0,1.0905109489051097,0.0056408238226419,0.0019908677980157,0.0002120167847124
2017-10-02,989.0,991.0,972.0,978.0,424600.0,978.0,957.0,954.1,920.0,895.56,813.35,False,False,False,False,False,False,True,True,False,False,False,-0.0030674846625766,-0.0593047034764826,,,0.0593047034764826,0.0842944785276074,-0.147239263803681,0.0030674846625766,0.0035285184688909,-0.0170841630856305,867.0,950.0,0.9473449352967426,0.005695652173913,5.482835127108322e-05,-5.731747911436481e-05
2017-10-03,991.0,1005.0,977.0,986.0,557900.0,986.0,965.8,957.8,924.68,898.72,814.28,False,False,False,False,False,False,True,True,False,True,False,-0.0101419878296146,-0.0720081135902637,,,0.0621906693711968,0.0885192697768762,-0.1713995943204868,-0.0273833671399594,0.0035161118034538,-0.019941532679056,885.0,945.0,1.313942534149788,0.0050612103646666,-0.0006344418092464,-1.2406665437045706e-05
2017-10-04,993.0,1004.0,981.0,985.0,395000.0,985.0,976.0,961.4,928.52,901.8666666666668,815.215,False,False,False,False,False,False,True,True,False,True,False,-0.0101522842639593,-0.0741116751269035,,,0.0573401015228426,0.0843993231810489,-0.1837563451776649,-0.0213197969543147,0.0034890597279717,-0.0212190555439983,891.0,935.0,0.7080121885642588,0.0041356136647568,-0.0009255966999097,-2.705207548217396e-05
2017-10-05,985.0,985.0,970.0,975.0,345100.0,975.0,980.4,963.2,930.48,904.0533333333332,816.13,False,False,False,False,False,False,True,True,False,True,False,-0.0092307692307692,-0.0738461538461538,,,0.0456615384615384,0.0727658119658121,-0.1948717948717948,-0.0112820512820512,0.0024187363577366,-0.0203488372093023,925.0,940.0,0.8736708860759493,0.0021064396870432,-0.0020291739777135,-0.001070323370235
2017-10-06,975.0,978.0,963.0,964.0,336900.0,964.0,977.6,965.0,932.72,906.1466666666666,817.055,False,False,False,False,False,False,True,True,False,False,False,-0.0197095435684647,-0.0653526970954356,,,0.0324481327800829,0.0600138312586445,-0.0912863070539419,-0.0197095435684647,0.0023101484675035,-0.019481865284974,911.0,937.0,0.9762387713706172,0.0024015781799468,0.0002951384929035,-0.0001085878902331
2017-10-10,975.0,992.0,964.0,975.0,762900.0,975.0,977.0,967.0,935.36,908.0933333333334,818.025,False,False,False,False,False,False,True,True,False,False,False,-0.0564102564102564,-0.0748717948717948,,,0.0406564102564102,0.0686222222222222,-0.1138461538461538,-0.0482051282051282,0.0021436856710764,-0.0209927611168562,832.0,936.0,2.2644701691896705,0.0028224426958604,0.0004208645159135,-0.0001664627964271
2017-10-11,978.0,990.0,971.0,976.0,592200.0,976.0,975.0,970.4,938.48,909.5466666666666,819.005,False,False,False,False,False,False,True,True,False,False,False,-0.0625,-0.0860655737704918,,,0.0384426229508196,0.0680874316939891,-0.1762295081967213,-0.0358606557377049,0.0015978656033774,-0.0210222588623247,815.0,942.0,0.7762485253637436,0.0033245247634472,0.0005020820675868,-0.000545820067699
2017-10-12,984.0,1002.0,972.0,975.0,817800.0,975.0,973.0,974.5,942.44,910.5866666666668,820.015,False,False,False,False,False,False,True,True,False,False,False,-0.0646153846153846,-0.0943589743589743,,,0.0333948717948717,0.0660649572649571,-0.163076923076923,-0.0184615384615384,0.001142120830527,-0.0218573627501282,798.0,937.0,1.380952380952381,0.0042018590042867,0.0008773342408395,-0.0004557447728503
2017-10-13,970.0,978.0,952.0,966.0,1295200.0,966.0,971.2,975.8,946.44,911.4133333333332,821.04,False,False,False,False,False,False,True,True,False,False,False,-0.0652173913043478,-0.0921325051759834,,,0.0202484472049688,0.0565079365079366,-0.15527950310559,-0.0600414078674948,0.000907016209257,-0.0253125640500101,807.0,921.0,1.5837613108339448,0.004226364059,2.4505054713258416e-05,-0.0002351046212699
2017-10-16,961.0,962.0,944.0,945.0,635800.0,945.0,967.4,972.5,949.08,911.5866666666668,821.945,False,False,False,False,False,False,True,True,False,True,False,-0.0465608465608465,-0.0761904761904762,,,-0.0043174603174603,0.0353580246913578,-0.1132275132275132,-0.1068783068783068,0.0001901446562041,-0.034344473007712,825.0,897.0,0.4908894379246448,0.0027816411682892,-0.0014447228907107,-0.0007168715530529
2017-10-17,940.0,942.0,916.0,920.0,730900.0,920.0,956.4,966.7,950.6,911.2533333333332,822.775,False,False,False,False,False,False,True,False,False,True,False,-0.0195652173913043,-0.0554347826086956,,,-0.0332608695652174,0.0095072463768117,-0.1097826086956521,-0.0782608695652174,-0.0003657965585862,-0.0423088859004862,808.0,897.0,1.1495753381566531,0.0015989901115085,-0.0011826510567807,-0.0005559412147904
2017-10-18,927.0,927.0,911.0,915.0,580600.0,915.0,944.2,959.6,951.48,910.4533333333334,823.425,False,False,False,False,False,False,True,False,False,True,False,-0.0251366120218579,-0.0437158469945355,,,-0.0398688524590164,0.0049690346083788,-0.0918032786885245,-0.0546448087431694,-0.000878683146857,-0.0450187578157566,819.0,899.0,0.7943631139690792,0.0009248749316853,-0.0006741151798231,-0.0005128865882708
2017-10-19,920.0,921.0,910.0,912.0,406700.0,912.0,931.6,952.3,951.64,909.48,823.99,False,False,False,False,False,False,True,False,False,True,False,-0.031798245614035,-0.0581140350877193,,,-0.0434649122807017,0.0027631578947368,-0.0844298245614035,-0.0668859649122807,-0.0010702086173784,-0.0495642129581013,844.0,909.0,0.7004822597313124,0.0001681308057668,-0.0007567441259185,-0.0001915254705213
2017-10-20,927.0,949.0,897.0,903.0,1545300.0,903.0,919.0,945.1,951.44,908.9466666666668,824.555,False,False,False,False,False,False,False,False,False,True,False,-0.0287929125138427,-0.0509413067552602,,,-0.0536434108527132,-0.0065854558877816,-0.0564784053156146,-0.0354374307862679,-0.0005867597658826,-0.0521637921913025,870.0,890.0,3.799606589623801,-0.0002102076851928,-0.0003783384909597,0.0004834488514957
2017-10-23,909.0,909.0,889.0,901.0,726800.0,901.0,910.2,938.8,950.52,908.4533333333334,825.1,False,False,False,False,False,False,False,False,False,True,False,-0.0310765815760266,-0.0554938956714761,,,-0.0549611542730299,-0.0082722900480947,-0.025527192008879,-0.0199778024417314,-0.0005430475239969,-0.0524073285044737,849.0,895.0,0.4703293858797644,-0.0009678912595211,-0.0007576835743282,4.3712241885733344e-05
2017-10-24,902.0,910.0,888.0,902.0,624200.0,902.0,906.6,931.5,949.64,907.8133333333334,825.64,False,False,False,False,False,False,False,False,False,False,False,-0.0365853658536585,-0.0753880266075388,,,-0.0528159645232815,-0.0064449371766445,0.0188470066518847,0.0687361419068736,-0.0007049907469964,-0.0411164787976381,847.0,900.0,0.8588332416070446,-0.0009266669474748,4.122431204635303e-05,-0.0001619432229994
2017-10-25,905.0,908.0,889.0,892.0,707100.0,892.0,902.0,923.1,947.36,907.1066666666668,825.985,False,False,False,False,False,False,False,False,False,True,False,-0.0190582959641255,-0.0840807174887892,,,-0.0620627802690583,-0.0169357249626309,0.0571748878923766,0.1356502242152466,-0.0007790337042316,-0.0245910518903694,869.0,865.0,1.1328099967958989,-0.0024066880594493,-0.0014800211119745,-7.404295723525728e-05
2017-10-26,890.0,890.0,867.0,883.0,653200.0,883.0,896.2,913.9,944.72,906.4133333333332,826.155,False,False,False,False,False,False,False,False,False,True,False,-0.0271800679501698,-0.0894677236693091,,,-0.0698980747451868,-0.0265156662891655,0.0634201585503963,0.1710079275198188,-0.0007649196098913,-0.0063464273990589,889.0,881.0,0.9237731579691698,-0.0027944787873655,-0.0003877907279161,1.4114094340381069e-05
2017-10-27,878.0,880.0,869.0,877.0,623700.0,877.0,891.0,905.0,941.52,905.5733333333334,826.33,False,False,False,False,False,False,False,False,False,True,False,-0.0228050171037628,-0.104903078677309,,,-0.0735689851767388,-0.0325807677689092,0.0832383124287343,0.2063854047890536,-0.0009275891516238,0.02,926.0,874.0,0.9548377219840783,-0.0033987594527997,-0.0006042806654342,-0.0001626695417324
2017-10-30,878.0,879.0,863.0,873.0,1767800.0,873.0,885.4,897.8,938.6,904.72,826.645,False,False,False,False,False,False,False,False,False,False,False,-0.0252004581901489,0.0034364261168384,,,-0.0751431844215349,-0.0363344788087056,0.0767468499427262,0.2382588774341351,-0.0009432015798626,0.054577856983738,908.0,893.0,2.834375501042168,-0.0031110164074152,0.0002877430453845,-1.561242823886681e-05
2017-10-31,878.0,882.0,861.0,869.0,885900.0,869.0,878.8,892.7,935.16,903.8266666666668,826.94,False,False,False,False,False,False,False,False,False,True,False,-0.0402761795166858,-0.0057537399309551,,,-0.0761334867663981,-0.0400767165324129,0.1093210586881473,0.2462600690448791,-0.0009883901042971,0.0869272992046599,909.0,867.0,0.5011313497001924,-0.0036785149065401,-0.0005674984991248,-4.5188524434471695e-05
2017-11-01,875.0,884.0,868.0,875.0,812200.0,875.0,875.4,888.7,932.48,902.9333333333332,827.245,False,False,False,False,False,False,False,False,False,False,False,-0.0662857142857142,-0.0811428571428571,,,-0.0656914285714286,-0.0319238095238093,0.128,0.2685714285714285,-0.0009893679858243,0.1193878699223583,898.0,885.0,0.9168077661135569,-0.0028740562800274,0.0008044586265127,-9.77881527200724e-07
2017-11-02,877.0,879.0,858.0,859.0,899700.0,859.0,870.6,883.4,929.48,901.8933333333332,827.49,False,False,False,False,False,False,False,False,False,True,False,-0.0640279394644936,-0.0500582072176949,,,-0.0820488940628638,-0.0499340318199455,0.2037252619324796,0.2980209545983702,-0.0011531297123088,0.1559882273035998,876.0,891.0,1.107732085693179,-0.0032276111374101,-0.0003535548573827,-0.0001637617264845
2017-11-06,860.0,867.0,852.0,857.0,772300.0,857.0,866.6,878.8,925.64,901.04,827.755,False,False,False,False,False,False,False,False,False,True,False,-0.0840140023337222,-0.0478413068844807,,,-0.0800933488914819,-0.0513885647607934,0.1820303383897316,0.234539089848308,-0.000947053774897,0.1833181611288122,866.0,925.0,0.8583972435256196,-0.0041484810509485,-0.0009208699135384,0.0002060759374118
2017-11-07,852.0,856.0,842.0,851.0,1032300.0,851.0,862.2,873.8,920.56,900.4266666666666,827.995,False,False,False,False,False,False,False,False,False,True,False,0.0293772032902467,-0.0152761457109283,,,-0.0817391304347825,-0.0580806893850371,0.2491186839012926,0.2150411280846063,-0.0006811585618669,0.2073701075761044,879.0,911.0,1.33665673960896,-0.0055183801164509,-0.0013698990655023,0.00026589521303
2017-11-08,845.0,849.0,816.0,834.0,1136200.0,834.0,855.2,867.0,914.8,899.5866666666667,828.125,False,False,False,False,False,False,False,False,False,True,False,0.0359712230215827,-0.0179856115107913,,,-0.0968824940047961,-0.0786410871302958,0.2913669064748201,0.2038369304556355,-0.0009337621722567,0.2214532871972318,882.0,832.0,1.100649036132907,-0.0062964582422387,-0.0007780781257878,-0.0002526036103898
2017-11-09,835.0,837.0,806.0,817.0,1259300.0,817.0,843.6,859.5,908.04,898.4933333333333,828.185,False,False,False,False,False,False,False,False,False,True,False,-0.0159118727050183,0.0171358629130966,,,-0.1114320685434516,-0.0997470420236638,0.3268053855569155,0.2019583843329253,-0.0012168519150578,0.2285049447353113,893.0,815.0,1.108343601478613,-0.0074446059644949,-0.0011481477222562,-0.000283089742801
2017-11-10,809.0,814.0,802.0,804.0,943700.0,804.0,832.6,851.6,900.8,897.0933333333334,828.19,False,False,False,False,False,False,False,False,False,True,False,0.0149253731343283,0.0385572139303482,,,-0.1203980099502487,-0.115787728026534,0.3470149253731343,0.1878109452736318,-0.0015605957016735,0.2306247064349459,908.0,798.0,0.7493845787342174,-0.0080373001776199,-0.0005926942131249,-0.0003437437866156
2017-11-13,801.0,802.0,784.0,785.0,756200.0,785.0,818.2,842.4,893.2,895.6933333333334,828.145,False,False,True,False,False,False,False,False,False,True,False,0.0394904458598726,0.0853503184713375,,,-0.1378343949044586,-0.1410106157112527,0.3936305732484076,0.2394904458598726,-0.0015630349673251,0.233974358974359,908.0,807.0,0.8013139768994384,-0.0085087326466635,-0.0004714324690436,-2.4392656515729184e-06
2017-11-14,890.0,891.0,840.0,876.0,2273200.0,876.0,823.2,842.7,889.68,895.44,828.495,False,False,False,False,False,False,False,False,False,False,False,-0.0433789954337899,0.002283105022831,,,-0.0156164383561643,-0.0221917808219178,0.2100456621004566,0.1107305936073059,-0.0002829149170612,0.2207191171235314,924.0,825.0,3.0060830468130124,-0.0039564787339269,0.0045522539127366,0.0012801200502638
2017-11-15,865.0,874.0,850.0,864.0,1220300.0,864.0,829.2,842.2,885.24,894.96,828.715,False,False,False,False,False,False,False,False,False,True,False,-0.0520833333333333,0.0636574074074074,,,-0.0245833333333333,-0.0358333333333333,0.1898148148148148,0.125,-0.0005363368195226,0.2082640702920921,924.0,808.0,0.5368203413689953,-0.0050155889928154,-0.0010591102588885,-0.0002534219024614
2017-11-16,861.0,867.0,802.0,804.0,1270600.0,804.0,826.6,835.1,878.36,894.1466666666666,828.775,False,False,False,False,False,False,False,False,False,True,False,0.0335820895522388,0.1728855721393034,,,-0.0924875621890547,-0.11212271973466,0.2860696517412935,0.1927860696517413,-0.0009096196000656,0.2004550353251107,949.0,819.0,1.0412193722855037,-0.0078327792704585,-0.0028171902776431,-0.0003732827805429
2017-11-17,807.0,824.0,806.0,816.0,747700.0,816.0,829.0,830.8,872.0,893.28,829.0,False,False,False,False,False,False,False,False,False,False,False,0.0232843137254901,0.150735294117647,,,-0.0686274509803921,-0.0947058823529411,0.2794117647058823,0.1752450980392156,-0.0009702071765478,0.1878911892152142,949.0,844.0,0.5884621438690383,-0.0072935779816513,0.0005392012888071,-6.058757648218748e-05
2017-11-20,831.0,832.0,808.0,816.0,588500.0,816.0,835.2,826.7,866.0,892.5066666666667,829.265,False,False,False,False,False,False,False,False,False,False,False,0.0441176470588235,0.1642156862745098,,,-0.0612745098039215,-0.0937581699346405,0.258578431372549,0.230392156862745,-0.000866473453046,0.1872505140921736,957.0,870.0,0.7870803798314833,-0.0069284064665127,0.0003651715151386,0.0001037337235017
2017-11-21,828.0,849.0,822.0,838.0,931600.0,838.0,827.6,825.4,861.72,891.7733333333333,829.585,False,False,False,False,False,False,False,False,False,False,False,0.0477326968973747,0.1217183770883054,,,-0.0283054892601432,-0.0641686555290373,0.2195704057279236,0.2040572792362768,-0.0008223315341716,0.1860915919554155,946.0,849.0,1.5830076465590484,-0.0049668105649166,0.001961595901596,4.4141918874448464e-05
2017-11-22,855.0,855.0,814.0,819.0,913600.0,819.0,818.6,823.9,857.68,891.1333333333333,829.855,False,False,False,False,False,False,False,False,False,False,False,0.1221001221001221,0.177045177045177,,,-0.0472283272283271,-0.088074888074888,0.2503052503052503,0.2918192918192918,-0.0007181865788882,0.1948051948051948,955.0,847.0,0.9806784027479604,-0.0047103814942636,0.0002564290706529,0.0001041449552833
2017-11-24,819.0,839.0,815.0,831.0,497500.0,831.0,824.0,825.3,854.32,890.4133333333333,830.165,False,False,False,False,False,False,False,False,False,False,False,0.1347773766546329,0.187725631768953,,,-0.0280625752105897,-0.0714961893301243,0.2129963898916967,0.2707581227436823,-0.0008086132283134,0.2017448200654307,942.0,869.0,0.5445490367775832,-0.0039329525236444,0.0007774289706192,-9.04266494251814e-05
2017-11-27,829.0,838.0,816.0,835.0,706300.0,835.0,827.8,828.4,851.24,889.6666666666666,830.445,False,False,False,False,False,False,False,False,False,False,False,0.1245508982035928,0.2383233532934131,,,-0.0194491017964071,-0.0654690618762474,0.1832335329341317,0.2455089820359281,-0.0008392656425627,0.2075084500241429,934.0,889.0,1.4196984924623115,-0.0036182510220384,0.0003147015016059,-3.065241424928791e-05
2017-11-28,846.0,867.0,844.0,852.0,688200.0,852.0,835.0,835.1,849.2,888.6933333333334,830.905,False,False,False,False,True,False,False,False,False,False,False,0.1150234741784037,0.1889671361502347,,,0.0032863849765257,-0.0430672926447574,0.1737089201877934,0.136150234741784,-0.0010952409530095,0.1972218895940605,953.0,926.0,0.9743734956817216,-0.0024022609514837,0.0012159900705547,-0.0002559753104468
2017-11-29,860.0,880.0,853.0,878.0,816200.0,878.0,843.0,835.3,848.28,888.2533333333333,831.385,False,False,False,False,False,False,False,False,False,False,False,0.0706150341685649,0.2107061503416856,,,0.0338496583143508,-0.0116780561883067,0.123006833712984,0.0740318906605922,-0.0004953541782375,0.1933437088471208,978.0,908.0,1.1859924440569602,-0.0010845475550526,0.001317713396431,0.000599886774772
2017-11-30,890.0,937.0,886.0,919.0,1654700.0,919.0,863.0,840.8,848.96,889.4133333333333,832.15,False,False,False,False,False,False,True,True,False,False,True,0.0489662676822633,0.1719260065288357,,,0.0762132752992382,0.0321944142183533,0.0620239390642002,-0.0119695321001088,0.0013042305040026,0.1779257849666984,978.0,909.0,2.0273217348689045,0.0008009800226159,0.0018855275776686,0.0017995846822401
2017-12-01,914.0,945.0,903.0,943.0,1097100.0,943.0,885.4,854.7,851.0,891.12,833.015,False,False,False,False,False,False,True,True,True,False,False,0.0466595970307529,0.1495227995758218,,,0.0975609756097561,0.0550159066808059,0.0074231177094379,-0.0540827147401908,0.0019151928659066,0.1509301509301509,986.0,898.0,0.6630204870973591,0.002397179788484,0.0015961997658681,0.000610962361904
2017-12-04,943.0,945.0,926.0,939.0,628000.0,939.0,906.2,867.0,853.24,893.0,833.7,False,False,False,False,False,False,True,True,False,False,False,0.101171458998935,0.1533546325878594,,,0.0913312034078807,0.0489882854100106,0.0021299254526091,-0.0266240681576144,0.0021052631578947,0.1294117647058824,985.0,876.0,0.5724181934190138,0.002625287140781,0.0002281073522969,0.0001900702919881
2017-12-05,928.0,954.0,928.0,950.0,442800.0,950.0,925.8,880.4,856.16,894.9066666666666,834.83,False,False,False,False,False,False,True,True,False,False,False,0.0663157894736842,0.151578947368421,,,0.098778947368421,0.0579929824561403,-0.0126315789473684,-0.0452631578947368,0.0021305760004767,0.1012039981826442,975.0,866.0,0.7050955414012738,0.0034105774621565,0.0007852903213755,2.5312842582008496e-05
2017-12-06,948.0,961.0,936.0,940.0,730900.0,940.0,938.2,890.6,858.84,896.44,835.905,False,False,False,False,False,False,True,True,False,True,False,0.1308510638297872,0.1276595744680851,,,0.0863404255319148,0.0463404255319148,-0.0223404255319148,-0.0095744680851063,0.0017104695610787,0.0798338198966988,964.0,879.0,1.65063233965673,0.0031204881002282,-0.0002900893619282,-0.000420106439398
2017-12-07,950.0,965.0,941.0,964.0,462900.0,964.0,947.2,905.1,862.64,898.52,837.105,False,False,False,False,False,False,True,True,False,False,False,0.1172199170124481,0.0663900414937759,,,0.1051452282157676,0.0679253112033195,-0.0425311203319502,-0.0051867219917012,0.0023149178649333,0.0515965086730747,975.0,882.0,0.6333287727459297,0.0044050820736343,0.001284593973406,0.0006044483038546
2017-12-08,967.0,987.0,966.0,987.0,539300.0,987.0,956.0,920.7,867.12,900.76,838.4,False,False,False,False,False,False,True,True,False,False,False,0.0982776089159067,0.0476190476190476,,,0.1214589665653495,0.0873758865248227,-0.0800405268490375,-0.022289766970618,0.0024867889337892,0.02389486260454,976.0,893.0,1.1650464463166992,0.0051665282775163,0.000761446203882,0.0001718710688558
2017-12-11,988.0,1037.0,981.0,1034.0,1177300.0,1034.0,975.0,940.6,874.12,903.2933333333332,839.88,False,False,False,False,False,False,True,True,False,False,False,0.0473887814313346,0.0096711798839458,,,0.1546228239845261,0.1264087685364282,-0.1054158607350096,-0.086073500967118,0.0028045522310949,-0.0078673187327237,975.0,908.0,2.183015019469683,0.0080080538141216,0.0028415255366052,0.0003177632973056
2017-12-12,1039.0,1039.0,1007.0,1013.0,972300.0,1013.0,987.6,956.7,880.36,905.2,841.25,False,False,False,False,False,False,True,True,False,True,False,0.0799605133267522,0.0138203356367226,,,0.1309378084896347,0.106416584402764,-0.0829220138203356,-0.1204343534057255,0.0021063485049346,-0.0326121041078708,966.0,908.0,0.8258727597044084,0.0070880094506792,-0.0009200443634423,-0.0006982037261602
2017-12-13,1013.0,1074.0,1009.0,1063.0,1056400.0,1063.0,1012.2,975.2,888.84,908.0533333333332,842.87,False,False,False,False,False,False,True,True,False,False,False,-0.0028222013170272,-0.0385700846660395,,,0.163838193791157,0.145763562245218,-0.0931326434619002,-0.1533396048918156,0.0031422530247853,-0.0553732567678424,945.0,924.0,1.0864959374678598,0.0095405247288601,0.0024525152781808,0.0010359045198507
2017-12-14,1072.0,1083.0,1049.0,1077.0,942000.0,1077.0,1034.8,991.0,898.56,911.12,844.42,False,False,False,False,False,False,True,True,False,False,False,-0.0454967502321262,-0.0492107706592386,,,0.1656824512534819,0.1540204271123491,-0.0891364902506963,-0.1727019498607242,0.0033658208212604,-0.0721493440968718,920.0,924.0,0.8917076864823931,0.0108173076923075,0.0012767829634474,0.000223567796475
2017-12-15,1081.0,1105.0,1064.0,1084.0,866900.0,1084.0,1054.2,1005.1,909.24,913.9866666666668,846.02,False,False,False,False,False,False,True,True,False,False,False,-0.0461254612546125,-0.070110701107011,,,0.1612177121771217,0.1568388683886837,-0.1153136531365313,-0.1706642066420664,0.0031364425447491,-0.0844692070440751,915.0,949.0,0.920276008492569,0.0117460736439224,0.0009287659516148,-0.0002293782765113
2017-12-18,1095.0,1111.0,1074.0,1083.0,575800.0,1083.0,1064.0,1019.5,920.4,916.5733333333334,847.72,True,True,False,False,False,False,True,True,False,False,False,-0.0360110803324099,-0.087719298245614,,,0.1501385041551246,0.1536718990458602,-0.1098799630655586,-0.1772853185595568,0.0028221055234713,-0.0996566944580677,912.0,949.0,0.6642057907486446,0.0121251629726205,0.000379089328698,-0.0003143370212777
2017-12-19,1084.0,1100.0,1068.0,1094.0,485400.0,1094.0,1080.2,1033.9,932.76,918.8133333333334,849.505,False,False,False,False,False,False,True,True,False,False,False,-0.0612431444241316,-0.0859232175502742,,,0.1473857404021938,0.1601340645947592,-0.1188299817184643,-0.1901279707495429,0.0024379271814369,-0.1142276815939647,903.0,957.0,0.8430010420284821,0.0132509970410395,0.0011258340684189,-0.0003841783420344
2017-12-20,1094.0,1094.0,1056.0,1060.0,472700.0,1060.0,1079.6,1045.9,940.12,920.84,851.08,False,False,False,False,False,False,True,True,False,True,False,-0.0358490566037735,-0.0698113207547169,,,0.1130943396226415,0.1312830188679245,-0.1084905660377358,-0.1660377358490566,0.0022008890433372,-0.1288842145520604,901.0,946.0,0.9738360115368768,0.0078287878143215,-0.0054222092267179,-0.0002370381380997
2017-12-21,1050.0,1058.0,1024.0,1028.0,980500.0,1028.0,1069.8,1052.3,946.68,922.4266666666666,852.53,False,False,False,False,False,False,True,True,False,True,False,-0.0038910505836575,-0.0505836575875486,,,0.0791050583657588,0.1026977950713359,-0.0972762645914396,-0.1391050583657587,0.0017201006042033,-0.1412144825620069,902.0,955.0,2.074254283900994,0.0069294798664806,-0.0008993079478408,-0.0004807884391338
2017-12-22,1032.0,1046.0,1016.0,1034.0,586600.0,1034.0,1059.8,1057.0,955.88,924.24,854.05,False,False,False,False,False,False,True,True,False,False,False,-0.0251450676982591,-0.081237911025145,,,0.0755512572533849,0.1061508704061895,-0.0899419729206963,-0.167311411992263,0.0019619723592718,-0.154872280037843,892.0,942.0,0.5982661907190209,0.0096246390760346,0.002695159209554,0.0002418717550685
2017-12-25,1032.0,1045.0,1028.0,1044.0,300500.0,1044.0,1052.0,1058.0,965.0,926.48,855.605,False,False,False,False,False,False,True,True,False,True,False,-0.053639846743295,-0.0986590038314176,,,0.0756704980842911,0.1125670498084291,-0.0833333333333333,-0.1704980842911877,0.0024177532164752,-0.1631379962192816,883.0,934.0,0.5122741220593249,0.0094507772020725,-0.0001738618739621,0.0004557808572034
2017-12-26,1040.0,1055.0,1024.0,1027.0,490400.0,1027.0,1038.6,1059.4,973.44,928.6266666666668,857.075,False,False,False,False,False,False,True,True,False,True,False,-0.0262901655306718,-0.0866601752677702,,,0.0521518987341771,0.0957870821161959,-0.11587147030185,-0.1372930866601752,0.0023116573578188,-0.1647158769114594,877.0,953.0,1.631946755407654,0.0086702827087443,-0.0007804944933282,-0.0001060958586564
2017-12-27,1020.0,1042.0,1016.0,1022.0,532000.0,1022.0,1031.0,1055.3,980.8,930.5333333333332,858.52,False,False,False,False,False,False,True,True,False,True,False,-0.035225048923679,-0.1007827788649706,,,0.0403131115459883,0.0894977168949773,-0.1741682974559686,-0.12133072407045,0.0020490041553228,-0.1616601914147634,873.0,978.0,1.0848287112561177,0.0075040783034256,-0.0011662044053186,-0.0002626532024959
2017-12-28,1030.0,1048.0,1021.0,1024.0,309200.0,1024.0,1030.2,1050.0,989.0,932.4266666666666,859.975,False,False,False,False,False,False,True,True,False,False,False,-0.046875,-0.0986328125,,,0.0341796875,0.0894270833333333,-0.171875,-0.1025390625,0.0020305439569868,-0.1547619047619047,869.0,978.0,0.5812030075187969,0.0082912032355915,0.0007871249321658,-1.8460198335945848e-05
2017-12-29,1025.0,1030.0,1002.0,1008.0,353500.0,1008.0,1025.0,1042.4,996.08,933.96,861.195,False,False,False,False,False,False,True,True,False,True,False,-0.0575396825396825,-0.0992063492063492,,,0.0118253968253967,0.0734523809523809,-0.1418650793650793,-0.0952380952380952,0.0016417548217626,-0.1473522640061398,875.0,986.0,1.1432729624838291,0.0071078628222633,-0.0011833404133282,-0.0003887891352242
2018-01-04,1007.0,1013.0,979.0,988.0,1072400.0,988.0,1013.8,1032.9,1002.2,935.0266666666666,862.375,False,False,False,False,False,False,True,True,False,True,False,-0.0475708502024291,-0.0637651821862348,,,-0.0143724696356275,0.0536167341430499,-0.138663967611336,-0.0617408906882591,0.0011407874285224,-0.136024784587085,859.0,985.0,3.0336633663366337,0.0061065655557772,-0.001001297266486,-0.0005009673932401
2018-01-05,988.0,1010.0,988.0,1000.0,625100.0,1000.0,1008.4,1023.5,1008.12,936.2533333333332,863.62,False,False,False,False,False,False,True,True,False,True,False,-0.062,-0.071,,,-0.00812,0.0637466666666667,-0.129,-0.073,0.0013101867016048,-0.1240840254030288,857.0,975.0,0.5828981723237598,0.0058723167876839,-0.0002342487680933,0.0001693992730824
2018-01-09,1006.0,1012.0,972.0,986.0,859300.0,986.0,1001.2,1016.1,1012.44,937.08,864.84,False,False,False,False,False,False,True,True,False,True,False,-0.0679513184584178,-0.0223123732251521,,,-0.026815415821501,0.0496146044624746,-0.1044624746450304,-0.1004056795131845,0.000882172991278,-0.1174097037693141,851.0,964.0,1.3746600543912977,0.0042669195211568,-0.0016053972665271,-0.0004280137103268
2018-01-10,983.0,993.0,971.0,976.0,929800.0,976.0,991.6,1010.9,1014.72,937.7733333333332,865.97,False,False,False,False,False,False,True,True,False,True,False,-0.0543032786885245,0.0051229508196721,,,-0.039672131147541,0.0391666666666668,-0.0122950819672131,-0.0860655737704918,0.0007393399968718,-0.112177267781185,834.0,975.0,1.0820435237984405,0.0022469252601702,-0.0020199942609865,-0.0001428329944062
2018-01-11,970.0,977.0,927.0,950.0,833300.0,950.0,980.0,1002.5,1015.0,937.7866666666666,866.995,False,False,False,False,False,False,True,True,False,True,False,-0.0442105263157894,0.0094736842105263,,,-0.0684210526315789,0.0128561403508772,0.0663157894736842,-0.0589473684210526,1.4217874712196336e-05,-0.1014463840399002,817.0,976.0,0.896214239621424,0.0002758620689654,-0.0019710631912047,-0.0007251221221596
2018-01-12,959.0,960.0,940.0,941.0,530900.0,941.0,970.6,992.2,1015.08,937.68,867.86,False,False,False,False,False,False,True,False,False,True,False,-0.0170031880977683,0.0244420828905419,,,-0.0787247608926674,0.0035281615302869,0.0988310308182784,-0.0170031880977683,-0.0001137559366379,-0.0861721427131626,804.0,975.0,0.6371054842193687,7.881152224459248e-05,-0.0001970505467208,-0.0001279738113501
2018-01-15,947.0,953.0,932.0,938.0,849100.0,938.0,958.2,983.3,1014.6,937.4266666666666,868.84,False,False,False,False,False,False,False,False,False,True,False,-0.009594882729211,0.0277185501066098,,,-0.0816631130063966,0.0006112295664534,0.1279317697228145,0.0170575692963752,-0.0002702433612584,-0.0709854571341401,785.0,966.0,1.599359578074967,-0.0004730928444707,-0.0005519043667153,-0.0001564874246205
2018-01-16,938.0,940.0,917.0,919.0,891900.0,919.0,944.8,973.0,1013.76,937.0666666666668,869.64,False,False,False,False,False,False,False,False,False,True,False,0.0489662676822633,0.0282916213275299,,,-0.1031120783460282,-0.019659049691694,0.176278563656148,0.0478781284004352,-0.0003841775754124,-0.0544707091469681,876.0,945.0,1.0504063125662466,-0.0008285984848485,-0.0003555056403777,-0.0001139342141539
2018-01-17,916.0,936.0,907.0,923.0,1122700.0,923.0,934.2,962.9,1012.12,936.64,870.325,False,False,False,False,False,False,False,False,False,True,False,0.0628385698808234,0.0054171180931744,,,-0.096554712892741,-0.0147778981581798,0.1733477789815818,0.0270855904658721,-0.0004555289830317,-0.0415411776923875,864.0,920.0,1.2587734050902568,-0.0016203612219894,-0.0007917627371409,-7.135140761933091e-05
2018-01-18,933.0,934.0,908.0,908.0,510600.0,908.0,925.8,952.9,1008.96,936.1866666666666,871.08,False,False,False,False,False,False,False,False,False,True,False,0.0561674008810572,0.0363436123348017,,,-0.1111894273127753,-0.0310425844346548,0.2224669603524229,-0.1200440528634361,-0.0004842339134645,-0.043341378948473,804.0,915.0,0.4547964727888127,-0.0031319378369806,-0.0015115766149911,-2.870493043285864e-05
2018-01-19,916.0,932.0,915.0,925.0,414400.0,925.0,922.6,946.6,1004.6,936.0666666666668,871.93,False,False,False,False,False,False,False,False,False,True,False,0.0421621621621621,0.0345945945945945,,,-0.086054054054054,-0.0119639639639641,0.2054054054054054,-0.134054054054054,-0.0001281959974358,-0.0502852313543207,816.0,912.0,0.8115942028985508,-0.0043400358351582,-0.0012080979981776,0.0003560379160287
2018-01-22,925.0,934.0,918.0,929.0,436800.0,929.0,920.8,939.5,1001.24,935.7466666666668,872.705,False,False,False,False,False,False,False,False,False,False,False,0.0376749192680301,-0.022604951560818,,,-0.0777610333692142,-0.0072622891998566,0.138858988159311,-0.138858988159311,-0.0003419728986478,-0.0566258648217137,816.0,903.0,1.054054054054054,-0.0033558387599376,0.0009841970752205,-0.0002137769012119
2018-01-23,934.0,966.0,934.0,964.0,734700.0,964.0,929.8,937.3,997.28,935.56,873.7,False,False,False,False,False,False,False,False,False,True,False,-0.0197095435684647,-0.1244813278008298,,,-0.0345228215767634,0.0295020746887967,0.0726141078838174,-0.2738589211618257,-0.0001995239927603,-0.0743625306732102,838.0,901.0,1.6820054945054943,-0.003970800577571,-0.0006149618176333,0.0001424489058875
2018-01-24,976.0,983.0,953.0,981.0,1380200.0,981.0,941.4,937.8,993.44,935.6,874.83,False,False,False,False,False,False,False,True,False,False,False,-0.0540265035677879,-0.1355759429153924,,,-0.0126809378185525,0.0462793068297655,0.0234454638124362,-0.291539245667686,4.275331338186972e-05,-0.0958626572830027,819.0,902.0,1.8785899006397169,-0.0038653567402157,0.0001054438373552,0.0002422773061421
2018-01-25,980.0,992.0,956.0,959.0,787800.0,959.0,951.6,938.7,988.44,935.24,875.76,False,False,False,False,False,False,False,False,False,True,False,-0.0187695516162669,-0.0980187695516162,,,-0.0306986444212722,0.0247758081334723,0.0239833159541188,-0.2419186652763295,-0.000384927932937,-0.1145200809630339,831.0,892.0,0.5707868424865962,-0.005058475982356,-0.0011931192421403,-0.0004276812463188
2018-01-26,959.0,971.0,958.0,964.0,447500.0,964.0,959.4,941.0,983.68,934.96,876.725,False,False,False,False,False,False,False,False,False,False,True,-0.0072614107883817,-0.1172199170124481,,,-0.020414937759336,0.0301244813278007,-0.0093360995850622,-0.216804979253112,-0.0002994780525369,-0.134750265674814,835.0,883.0,0.568037572988068,-0.0048389720234223,0.0002195039589336,8.544988040003697e-05
2018-01-29,960.0,971.0,956.0,964.0,391700.0,964.0,966.4,943.6,978.48,934.8133333333334,877.69,False,False,False,False,False,False,False,False,False,True,False,-0.0580912863070539,-0.0964730290456431,,,-0.0150207468879668,0.0302766251728906,0.0093360995850622,-0.2199170124481327,-0.0001568940679778,-0.1585417549809241,852.0,877.0,0.8753072625698324,-0.0053143651377646,-0.0004753931143422,0.000142583984559
2018-01-30,961.0,962.0,932.0,945.0,627300.0,945.0,962.6,946.2,973.88,934.56,878.715,False,False,False,False,False,False,False,False,False,False,False,-0.1068783068783068,-0.0656084656084656,,,-0.0305608465608465,0.0110476190476191,0.0296296296296296,-0.1809523809523809,-0.0002710723049707,-0.1808285774677658,878.0,873.0,1.601480725044677,-0.0047233745430648,0.0005909905946997,-0.0001141782369928
2018-01-31,930.0,938.0,921.0,928.0,480400.0,928.0,952.0,946.7,969.88,933.9333333333332,879.64,False,False,False,False,False,False,False,False,False,False,False,-0.0862068965517241,0.0387931034482758,,,-0.0451293103448275,-0.0063936781609193,0.0474137931034482,-0.1734913793103448,-0.0006709972160755,-0.200380268300412,919.0,869.0,0.7658217758648175,-0.0041242215531818,0.000599152989883,-0.0003999249111047
2018-02-01,930.0,944.0,930.0,941.0,395300.0,941.0,948.4,950.0,966.16,933.4666666666668,880.645,False,False,False,False,False,False,False,False,False,False,True,-0.0807651434643995,0.0765143464399575,,,-0.0267375132837406,0.0080056677293657,0.0191285866099893,-0.1689691817215728,-0.0004999285816308,-0.2049473684210526,943.0,875.0,0.8228559533721899,-0.0038502939471723,0.0002739276060094,0.0001710686344446
2018-02-02,945.0,961.0,940.0,957.0,427600.0,957.0,947.0,953.2,962.68,933.2266666666668,881.725,False,False,False,False,False,False,False,False,False,False,False,-0.1107628004179728,0.0804597701149425,,,-0.0059352142110762,0.0248415186346219,0.0020898641588296,-0.1974921630094044,-0.0002571722482569,-0.2110784725136383,939.0,859.0,1.0817100935997976,-0.0036149083807703,0.0002353855664019,0.0002427563333739
2018-02-05,935.0,946.0,906.0,908.0,601100.0,908.0,935.8,951.1,957.92,932.4533333333334,882.705,False,False,False,False,False,False,False,False,False,True,False,-0.040748898678414,0.1651982378854625,,,-0.0549779735682818,-0.0269309838472834,0.105726872246696,-0.1552863436123348,-0.0008293533903395,-0.21280622437178,950.0,857.0,1.4057530402245089,-0.0049690997160514,-0.001354191335281,-0.0005721811420826
2018-02-06,870.0,876.0,811.0,844.0,933200.0,844.0,915.6,939.1,950.8,931.1066666666668,883.35,False,False,False,False,False,False,False,False,False,True,False,0.0462085308056872,0.2808056872037914,,,-0.1265402843601895,-0.1032069510268564,0.1954976303317535,-0.0651658767772511,-0.0014463076196066,-0.1932701522734533,940.0,851.0,1.552487106970554,-0.0074884307951199,-0.0025193310790684,-0.0006169542292671
2018-02-07,880.0,886.0,846.0,848.0,511700.0,848.0,899.6,925.8,943.76,930.1466666666666,884.075,False,False,False,False,False,False,False,False,False,False,False,0.1367924528301886,0.2771226415094339,,,-0.1129245283018867,-0.0968710691823899,0.2476415094339622,-0.0837264150943396,-0.0010320952967992,-0.1728235039965435,964.0,834.0,0.5483283326189455,-0.0074595236076968,2.890718742307001e-05,0.0004142123228074
2018-02-08,847.0,871.0,847.0,865.0,437700.0,865.0,884.4,916.4,938.04,929.48,884.78,False,False,False,False,False,False,False,False,False,False,False,0.1710982658959537,0.2832369942196532,,,-0.0844393063583814,-0.074543352601156,0.2208092485549133,-0.1005780346820809,-0.0007172469194244,-0.1587734613705805,987.0,817.0,0.8553840140707446,-0.006097820988444,0.0013617026192528,0.0003148483773747
2018-02-09,825.0,854.0,819.0,851.0,575000.0,851.0,863.2,905.1,932.56,928.6666666666666,885.315,False,False,False,False,False,False,False,False,False,False,False,0.2150411280846063,0.3102232667450059,,,-0.0958401880141009,-0.0912651782216999,0.2220916568742655,-0.0857814336075205,-0.000875807609476,-0.1457297536183846,1034.0,804.0,1.3136851724925749,-0.0058762975036458,0.0002215234847981,-0.0001585606900515
2018-02-13,866.0,883.0,856.0,871.0,737500.0,871.0,855.8,895.8,927.4,928.24,885.99,False,False,True,False,False,False,False,False,False,False,False,0.2146957520091848,0.2146957520091848,,,-0.0647531572904707,-0.0657175660160735,0.1113662456946039,-0.0838117106773823,-0.0004596512396218,-0.1317258316588524,1013.0,785.0,1.2826086956521738,-0.0055639422040111,0.0003123552996347,0.0004161563698541
2018-02-14,884.0,887.0,805.0,883.0,1834900.0,883.0,863.6,889.6,923.28,928.0,886.665,False,False,False,False,False,False,False,False,False,False,False,0.2242355605889014,0.1710079275198188,,,-0.045617214043035,-0.0509626274065685,0.0679501698754246,-0.1483578708946772,-0.0002586206896551,-0.1281474820143885,1063.0,876.0,2.488,-0.0044623516159778,0.0011015905880333,0.0002010305499667
2018-02-15,898.0,965.0,898.0,964.0,1673700.0,964.0,886.8,893.2,922.8,928.8266666666668,887.765,False,False,False,False,True,False,False,True,False,False,True,0.1234439834024896,0.0414937759336099,,,0.0427385892116183,0.0364868603042875,-0.0580912863070539,-0.25,0.0008900117711235,-0.1365875503806538,1077.0,864.0,0.91214780097008,-0.000520156046814,0.0039421955691637,0.0011486324607787
2018-02-16,960.0,1015.0,950.0,1013.0,1186100.0,1013.0,916.4,900.4,925.32,930.44,889.015,False,False,False,False,False,False,True,True,True,False,False,0.0957551826258637,-0.0306021717670286,,,0.0865547877591312,0.0815004935834155,-0.1194471865745311,-0.2655478775913129,0.0017339466632273,-0.1477121279431364,1084.0,804.0,0.7086694150684113,0.0027233821812995,0.0032435382281136,0.0008439348921037
2018-02-19,1020.0,1035.0,1004.0,1034.0,515600.0,1034.0,953.0,908.1,929.04,932.4533333333334,890.34,False,False,False,False,False,False,True,True,False,False,False,0.0783365570599613,-0.0764023210831721,,,0.1015087040618955,0.098207607994842,-0.11605415860735,-0.2833655705996131,0.0021591786541596,-0.1579121242153947,1083.0,816.0,0.4347019644212124,0.004004133298889,0.0012807511175895,0.0004252319909323
2018-02-20,1034.0,1070.0,1031.0,1058.0,663100.0,1058.0,990.4,923.1,933.84,934.8666666666668,891.76,False,False,False,False,False,False,True,True,False,False,False,0.0,-0.0803402646502835,,,0.1173534971644612,0.1163831127914302,-0.1427221172022684,-0.2920604914933837,0.0025814732938744,-0.173545661358466,1094.0,816.0,1.2860744763382468,0.0051400668208687,0.0011359335219796,0.0004222946397148
2018-02-21,1059.0,1112.0,1059.0,1081.0,956000.0,1081.0,1030.0,946.8,940.32,937.64,893.295,True,True,False,False,False,False,True,True,False,False,False,-0.0434782608695652,-0.0999074930619796,,,0.1301387604070304,0.1326179463459759,-0.1387604070305272,-0.3006475485661424,0.0029577805269967,-0.1977186311787071,1060.0,838.0,1.4417131654350777,0.0068912710566615,0.0017512042357928,0.0003763072331222
2018-02-22,1076.0,1086.0,1052.0,1083.0,742700.0,1083.0,1053.8,970.3,946.72,940.4933333333332,894.8,False,False,False,False,False,False,True,True,False,True,False,-0.0729455216989843,-0.1024930747922437,,,0.1258356417359187,0.1315851031086489,-0.1144967682363804,-0.3019390581717451,0.003033868749734,-0.2193136143460785,1028.0,819.0,0.7768828451882845,0.0067601825249281,-0.0001310885317334,7.608822273736911e-05
2018-02-23,1090.0,1115.0,1084.0,1110.0,842100.0,1110.0,1073.2,994.8,954.8,943.6266666666668,896.44,False,False,False,False,False,False,True,True,False,False,False,-0.1153153153153153,-0.136036036036036,,,0.1398198198198198,0.1498858858858857,-0.1306306306306306,-0.3315315315315315,0.0033205222404343,-0.2421592279855247,1034.0,831.0,1.1338360037700284,0.0084625052366987,0.0017023227117705,0.0002866534907002
2018-02-26,1117.0,1135.0,1106.0,1115.0,557800.0,1115.0,1089.4,1021.2,962.4,947.04,898.07,False,False,False,False,False,False,True,True,False,True,False,-0.1434977578475336,-0.1399103139013452,,,0.1368609865470852,0.1506367713004484,-0.1524663677130044,-0.337219730941704,0.0036042124232695,-0.2655699177438308,1044.0,835.0,0.6623916399477496,0.0078969243557772,-0.0005655808809214,0.0002836901828352
2018-02-27,1110.0,1113.0,1053.0,1058.0,820400.0,1058.0,1089.4,1039.9,967.56,949.72,899.38,False,False,False,False,False,False,True,True,False,True,False,-0.0803402646502835,-0.051039697542533,,,0.0854820415879017,0.10234404536862,-0.1578449905482041,-0.3223062381852552,0.0028218843448596,-0.2865660159630734,1027.0,852.0,1.4707780566511297,0.0053330026044896,-0.0025639217512876,-0.0007823280784099
2018-02-28,1055.0,1070.0,1033.0,1034.0,695700.0,1034.0,1080.0,1055.0,970.36,952.16,900.58,False,False,False,False,False,False,True,True,False,True,False,-0.0589941972920696,-0.0241779497098646,,,0.0615473887814313,0.0791489361702127,-0.1295938104448742,-0.327852998065764,0.002562594521929,-0.3021800947867298,1022.0,878.0,0.8480009751340809,0.0028855270208995,-0.00244747558359,-0.0002592898229305
2018-03-01,1020.0,1022.0,1003.0,1004.0,624200.0,1004.0,1064.2,1059.0,971.28,954.4266666666666,901.62,False,False,False,False,False,False,True,True,False,True,False,-0.0318725099601593,0.0537848605577689,,,0.0325896414342629,0.0493758300132802,-0.1125498007968127,-0.2888446215139442,0.0023748987175546,-0.3056657223796034,1024.0,919.0,0.8972258157251689,0.000947203689976,-0.0019383233309234,-0.0001876958043743
2018-03-02,981.0,1005.0,978.0,982.0,539100.0,982.0,1038.6,1055.9,972.2,956.6266666666668,902.555,False,False,False,False,False,False,True,True,False,True,False,-0.0234215885947046,0.075356415478615,,,0.0099796334012219,0.0258384249830277,-0.0845213849287169,-0.2749490835030549,0.0022997477246437,-0.3066578274457809,1008.0,943.0,0.8636654918295418,0.0009463073441679,-8.963458081304079e-07,-7.515099291097128e-05
2018-03-05,977.0,989.0,950.0,955.0,388200.0,955.0,1006.6,1048.0,971.84,958.64,903.455,False,False,False,False,False,False,False,True,False,True,False,0.0041884816753926,0.0890052356020942,,,-0.0176335078534031,-0.0038115183246073,-0.0670157068062827,-0.256544502617801,0.0021001975020166,-0.3043893129770992,988.0,939.0,0.7200890372843628,-0.0003704313467237,-0.0013167386908916,-0.000199550222627
2018-03-06,979.0,988.0,968.0,973.0,444200.0,973.0,989.6,1039.5,972.2,961.1466666666666,904.455,False,False,False,False,False,False,True,True,False,False,False,0.0318602261048304,-0.0051387461459403,,,0.0008221993833504,0.0121822541966427,-0.0894141829393627,-0.2682425488180884,0.002607996004772,-0.3022607022607023,1000.0,950.0,1.1442555383822772,0.0003702941781526,0.0007407255248764,0.0005077985027554
2018-03-07,958.0,1006.0,958.0,973.0,523300.0,973.0,977.4,1028.7,973.32,962.44,905.35,False,False,False,False,False,False,True,True,True,False,False,0.0369989722507708,-0.0308324768756423,,,-0.0003288797533402,0.010853031860226,-0.0914696813977389,-0.2682425488180884,0.0013438067134921,-0.2992125984251969,986.0,940.0,1.1780729401170644,0.00115070069453,0.0007804065163774,-0.0012641892912798
2018-03-08,979.0,993.0,968.0,972.0,435000.0,972.0,971.0,1017.6,975.08,963.88,906.17,False,False,False,False,False,False,True,True,False,False,False,0.088477366255144,-0.0658436213991769,,,-0.0031687242798354,0.0083539094650205,-0.0895061728395061,-0.25,0.0014939619039713,-0.2942216981132075,976.0,964.0,0.8312631377794764,0.0018049801041965,0.0006542794096665,0.0001501551904792
2018-03-09,982.0,982.0,951.0,959.0,500100.0,959.0,966.4,1002.5,975.8,965.9466666666668,906.985,False,False,False,False,False,False,True,True,False,True,False,0.1011470281543274,-0.0698644421272158,,,-0.0175182481751824,-0.0072436565867224,-0.1021897810218978,-0.2492179353493222,0.0021395246114348,-0.285785536159601,950.0,987.0,1.1496551724137931,0.0007378561180568,-0.0010671239861396,0.0006455627074635
2018-03-12,977.0,985.0,951.0,959.0,347400.0,959.0,967.2,986.9,975.88,967.8533333333334,907.82,False,False,False,False,False,False,True,True,False,True,False,0.0844629822732012,-0.0469238790406673,,,-0.0176016684045881,-0.0092318387208898,-0.0969760166840458,-0.2356621480709071,0.0019699954538564,-0.275103860573513,941.0,1034.0,0.6946610677864428,8.19772922900776e-05,-0.0006558788257668,-0.0001695291575783
2018-03-13,961.0,1006.0,958.0,1004.0,608700.0,1004.0,973.4,981.5,979.72,970.36,908.82,False,False,False,True,True,False,True,True,True,False,False,-0.0358565737051792,-0.096613545816733,,,0.0241832669322708,0.0335059760956175,-0.1175298804780876,-0.2938247011952191,0.002583233713948,-0.2719307182883341,938.0,1013.0,1.7521588946459412,0.0039194872004246,0.0038375099081345,0.0006132382600915
2018-03-14,1005.0,1027.0,986.0,1009.0,658200.0,1009.0,980.6,979.0,986.32,972.64,909.855,False,False,False,False,False,False,True,True,False,False,False,-0.0654112983151635,-0.0773042616451932,,,0.0224777006937561,0.0360356788899901,-0.110009910802775,-0.3310208126858275,0.0023441355486099,-0.272114402451481,919.0,1063.0,1.0813208477082306,0.006691540270906,0.0027720530704813,-0.0002390981653381
2018-03-15,1025.0,1059.0,1016.0,1058.0,656000.0,1058.0,997.8,984.4,994.72,975.8266666666668,911.445,False,False,False,False,False,False,True,True,False,False,True,-0.1417769376181474,-0.0935727788279773,,,0.0598109640831757,0.0776685570258347,-0.1313799621928166,-0.3695652173913043,0.0032656072799815,-0.2808817553839902,923.0,1077.0,0.996657550896384,0.0084445874215859,0.0017530471506799,0.0009214717313716
2018-03-16,1061.0,1073.0,1036.0,1056.0,639400.0,1056.0,1017.2,991.8,1002.36,978.8266666666668,913.08,False,False,False,False,False,False,True,True,False,True,False,-0.1553030303030303,-0.0861742424242424,,,0.0507954545454545,0.0730808080808079,-0.1363636363636363,-0.3797348484848485,0.0030648940227755,-0.2919943537003427,908.0,1084.0,0.9746951219512195,0.0076220120515583,-0.0008225753700276,-0.000200713257206
2018-03-19,1046.0,1067.0,1023.0,1040.0,555000.0,1040.0,1033.4,1000.3,1009.92,981.56,914.7,False,False,False,False,False,False,True,True,False,True,False,-0.1211538461538461,-0.0913461538461538,,,0.0289230769230769,0.0561923076923077,-0.1086538461538461,-0.3615384615384615,0.0027846828857462,-0.3026092172348295,925.0,1083.0,0.8680012511729747,0.0074857414448668,-0.0001362706066914,-0.0002802111370292
2018-03-20,1018.0,1019.0,966.0,968.0,1088700.0,968.0,1026.2,999.8,1013.8,983.1066666666668,916.02,False,False,False,False,False,False,True,True,False,True,False,-0.0630165289256198,-0.0795454545454545,,,-0.0473140495867768,-0.0156060606060607,-0.0423553719008264,-0.2944214876033058,0.0015732440020074,-0.3051610322064412,929.0,1094.0,1.9616216216216216,0.0038271848490826,-0.0036585565957842,-0.0012114388837388
2018-03-22,958.0,967.0,932.0,943.0,914100.0,943.0,1013.0,996.8,1016.2,983.9733333333334,917.16,False,False,False,False,False,False,True,True,False,True,False,-0.0127253446447507,-0.0455991516436903,,,-0.0776246023329799,-0.0434499823259102,-0.0593849416755037,-0.2916224814422057,0.0008807826770372,-0.307483948635634,964.0,1060.0,0.8396252411132543,0.0023617398149971,-0.0014654450340855,-0.0006924613249702
2018-03-23,915.0,943.0,906.0,908.0,895000.0,908.0,983.0,990.4,1013.96,983.8266666666668,918.17,False,False,False,False,False,False,False,False,False,True,False,0.0561674008810572,-0.0187224669603524,,,-0.1166960352422907,-0.083509544787078,-0.0176211453744493,-0.2665198237885463,-0.0001490777508231,-0.3093699515347334,981.0,1028.0,0.9791051307296794,-0.0022091601246597,-0.0045708999396568,-0.0010298604278603
2018-03-26,887.0,894.0,864.0,892.0,740700.0,892.0,950.2,983.7,1009.12,983.1466666666666,919.03,False,False,False,False,False,False,False,False,False,True,False,0.0818385650224215,0.0078475336322869,,,-0.1313004484304932,-0.1021823617339312,0.0022421524663677,-0.2298206278026905,-0.000691656721276,-0.3080207380298871,959.0,1034.0,0.8275977653631285,-0.0047962581258918,-0.0025870980012321,-0.0005425789704529
2018-03-27,915.0,922.0,898.0,914.0,559200.0,914.0,925.0,979.2,1004.32,982.8133333333334,919.985,False,False,False,False,False,False,False,False,False,False,False,0.0339168490153172,-0.0251641137855579,,,-0.0988183807439825,-0.0752881108679796,0.012035010940919,-0.2264770240700218,-0.0003391624045257,-0.3074959150326797,964.0,1044.0,0.7549615228837586,-0.004779353194201,1.690493169089185e-05,0.0003524943167503
2018-03-28,899.0,912.0,890.0,907.0,503200.0,907.0,912.8,969.5,998.28,982.24,920.935,False,False,False,False,False,False,False,False,False,True,False,-0.0176405733186328,-0.0231532524807056,,,-0.1006394707828004,-0.082954796030871,0.051819184123484,-0.2304299889746416,-0.0005836998425368,-0.3017019082001031,964.0,1027.0,0.899856938483548,-0.0060504066995232,-0.0012710535053222,-0.0002445374380111
2018-03-29,921.0,934.0,909.0,931.0,427100.0,931.0,910.4,961.7,992.28,982.12,922.02,False,False,False,False,False,False,False,False,False,False,False,-0.033297529538131,-0.0504833512352309,,,-0.0658216970998925,-0.0549087003222341,0.0343716433941997,-0.2320085929108485,-0.0001221846617521,-0.2918789643339919,945.0,1022.0,0.8487678855325914,-0.0060466803724755,3.7263270477464255e-06,0.0004615151807847
2018-03-30,943.0,967.0,934.0,959.0,703800.0,959.0,920.6,951.8,987.32,982.0533333333332,923.17,False,False,False,False,False,False,False,False,False,False,False,-0.0709071949947862,-0.0771637122002085,,,-0.0295307612095933,-0.0240389294403891,-0.0114702815432742,-0.2606882168925964,-6.788497569734849e-05,-0.2801008615255305,928.0,1024.0,1.6478576445797235,-0.0050237005226268,0.0010229798498486,5.429968605478418e-05
2018-04-02,958.0,974.0,944.0,965.0,446800.0,965.0,935.2,942.7,981.52,981.76,924.38,False,False,True,False,False,False,False,False,False,True,False,-0.0683937823834196,-0.1077720207253886,,,-0.0171191709844559,-0.0173678756476683,-0.172020725388601,-0.2549222797927461,-0.000298783137766,-0.2663625755807786,941.0,1008.0,0.6348394430235862,-0.0059092020539571,-0.0008855015313303,-0.0002308981620686
2018-04-03,946.0,954.0,934.0,945.0,522000.0,945.0,941.4,933.2,974.72,980.5733333333334,925.49,False,False,False,False,False,False,False,False,False,True,False,-0.0571428571428571,-0.0835978835978836,,,-0.0314497354497354,-0.0376437389770723,-0.1523809523809524,-0.2455026455026455,-0.0012101763594087,-0.2536433776253751,957.0,988.0,1.1683079677708146,-0.0069763624425475,-0.0010671603885903,-0.0009113932216426
2018-04-04,943.0,947.0,887.0,891.0,978100.0,891.0,938.2,925.5,968.04,978.9466666666668,926.305,False,False,False,False,False,False,False,False,False,False,False,-0.0056116722783389,-0.0056116722783389,,,-0.0864646464646464,-0.09870557426113,-0.1021324354657687,-0.1986531986531986,-0.0016616499366665,-0.2440842787682333,908.0,1000.0,1.8737547892720303,-0.0069005412999463,7.58211426012071e-05,-0.0004514735772577
2018-04-05,900.0,913.0,887.0,900.0,544500.0,900.0,932.0,921.2,962.68,976.7733333333332,927.115,False,False,False,False,False,False,False,False,False,False,False,-0.0177777777777777,-0.0022222222222222,,,-0.0696444444444443,-0.0853037037037035,-0.2222222222222222,-0.1955555555555555,-0.0022250129678672,-0.2344767694311767,844.0,986.0,0.5566915448318168,-0.0055677899198072,0.0013327513801391,-0.0005633630312007
2018-04-06,903.0,910.0,876.0,891.0,774900.0,891.0,918.4,919.5,958.16,974.2933333333332,927.865,False,False,False,False,False,False,False,False,False,False,False,-0.0067340067340067,0.031425364758698,,,-0.0753759820426486,-0.0934829779274222,-0.2199775533108866,-0.1840628507295174,-0.0025454346398073,-0.2264274061990212,848.0,976.0,1.4231404958677687,-0.0047173749686899,0.0008504149511172,-0.00032042167194
2018-04-09,885.0,900.0,878.0,899.0,532500.0,899.0,905.2,920.2,954.84,971.8266666666668,928.615,False,False,False,False,False,False,False,False,False,False,False,-0.0422691879866518,0.014460511679644,,,-0.0621134593993326,-0.0810085279940676,-0.1913236929922135,-0.2614015572858731,-0.0025381755319875,-0.2295153227559226,865.0,950.0,0.6871854432830042,-0.0034770223283481,0.0012403526403418,7.259107819781226e-06
2018-04-10,902.0,905.0,880.0,891.0,560200.0,891.0,894.4,917.9,952.28,969.2666666666668,929.325,False,False,False,False,False,False,False,False,False,False,False,-0.0280583613916947,0.0404040404040404,,,-0.068776655443322,-0.0878413767302657,-0.1526374859708193,-0.2356902356902357,-0.0026411720200839,-0.2304172567817845,851.0,941.0,1.052018779342723,-0.0026882849582056,0.0007887373701425,-0.0001029964880964
2018-04-11,898.0,900.0,877.0,886.0,683700.0,886.0,893.4,915.8,948.8,966.4933333333332,929.7,False,False,False,False,False,False,False,False,False,True,False,0.0,0.04627539503386,,,-0.0708803611738148,-0.0908502633559065,-0.1512415349887133,-0.2099322799097065,-0.0028694800446978,-0.2284341559292421,871.0,938.0,1.220456979650125,-0.0036677908937605,-0.0009795059355549,-0.0002283080246139
2018-04-12,885.0,896.0,875.0,884.0,379200.0,884.0,890.2,911.1,945.24,964.1466666666666,930.085,False,False,False,False,False,False,False,False,False,True,False,0.0158371040723981,0.003393665158371,,,-0.0692760180995475,-0.0906636500754147,-0.1244343891402715,-0.1459276018099547,-0.0024339312137848,-0.2200636593129184,883.0,919.0,0.5546292233435718,-0.0037662392619863,-9.844836822575728e-05,0.000435548830913
2018-04-13,890.0,890.0,876.0,885.0,406700.0,885.0,889.0,903.7,941.76,962.24,930.365,False,False,False,False,False,False,False,False,False,False,False,0.0384180790960452,0.007909604519774,,,-0.0641355932203389,-0.0872768361581921,-0.1333333333333333,-0.2248587570621469,-0.0019814876399511,-0.2162221976319576,964.0,923.0,1.0725210970464134,-0.0036952089704383,7.103029154796863e-05,0.0004524435738336
2018-04-16,885.0,886.0,857.0,861.0,549300.0,861.0,881.4,893.3,937.84,959.9333333333332,930.335,False,False,False,False,False,False,False,False,False,True,False,0.0592334494773519,0.0383275261324041,,,-0.0892450638792102,-0.1149051490514903,-0.0917537746806039,-0.2160278745644599,-0.0024029446489341,-0.2120228366730101,1013.0,908.0,1.3506269977870666,-0.0041798174528703,-0.000484608482432,-0.0004214570089829
2018-04-17,856.0,869.0,837.0,866.0,736300.0,866.0,876.4,885.4,934.12,957.56,930.18,False,False,False,False,False,False,False,False,False,False,False,0.0704387990762124,0.0681293302540415,,,-0.0786605080831408,-0.1057274826789837,-0.1131639722863741,-0.2228637413394919,-0.0024785217984598,-0.2095098260673142,1034.0,925.0,1.3404332787183688,-0.0039823577270586,0.0001974597258117,-7.557714952572021e-05
2018-04-18,875.0,892.0,869.0,886.0,552300.0,886.0,876.4,884.9,929.4,955.68,930.09,False,False,False,False,False,False,False,False,False,True,False,0.04627539503386,0.0767494356659142,,,-0.0489841986455981,-0.0786455981941308,-0.1343115124153499,-0.2426636568848758,-0.0019671856688431,-0.2139224771160582,1058.0,929.0,0.7501018606546245,-0.0050785452980417,-0.0010961875709831,0.0005113361296167
2018-04-19,898.0,903.0,886.0,898.0,530500.0,898.0,879.2,884.7,924.96,954.0266666666666,929.92,False,False,False,False,False,False,False,False,False,False,False,-0.0122494432071269,0.0723830734966592,,,-0.030022271714922,-0.0623904974016332,-0.121380846325167,-0.2171492204899777,-0.0017330053667262,-0.2161184582344298,1081.0,964.0,0.9605286981712836,-0.0048002075765437,0.0002783377214979,0.0002341803021168
2018-04-20,908.0,924.0,897.0,919.0,642800.0,919.0,886.0,887.5,919.4,952.6266666666668,929.79,False,False,False,False,False,False,False,False,False,True,True,-0.029379760609358,0.0315560391730141,,,-0.0004352557127312,-0.0365904969169388,-0.1545157780195865,-0.2252448313384113,-0.0014696208378236,-0.220281690140845,1083.0,981.0,1.2116870876531574,-0.0060474222318904,-0.0012472146553466,0.0002633845289025
2018-04-23,917.0,919.0,902.0,912.0,402200.0,912.0,896.2,888.8,913.64,951.3466666666668,929.475,False,False,False,False,False,False,False,False,False,True,False,-0.0197368421052631,-0.1239035087719298,,,-0.001798245614035,-0.0431432748538013,-0.1469298245614035,-0.25,-0.0013454611708314,-0.2191719171917191,1110.0,959.0,0.6257000622277535,-0.0063044525195919,-0.0002570302877015,0.0001241596669922
2018-04-24,913.0,936.0,905.0,927.0,486400.0,927.0,908.4,892.4,909.12,950.5333333333332,929.185,False,False,False,False,True,False,False,False,False,False,False,-0.0021574973031283,-0.1359223300970873,,,0.0192880258899676,-0.0253865516001436,-0.1607335490830636,-0.2621359223300971,-0.0008556599803622,-0.221985656656208,1115.0,964.0,1.2093485827946295,-0.0049718409010911,0.0013326116185008,0.0004898011904692
2018-04-25,925.0,944.0,921.0,927.0,500400.0,927.0,916.6,896.5,907.48,949.56,929.105,False,False,False,False,False,False,False,False,False,False,False,0.029126213592233,-0.1370010787486515,,,0.0210571736785328,-0.0243365695792879,-0.1391585760517799,-0.2588996763754045,-0.0010250361570972,-0.2269938650306748,1058.0,964.0,1.028782894736842,-0.0018072023625864,0.0031646385385046,-0.000169376176735
2018-04-26,925.0,925.0,886.0,887.0,879200.0,887.0,914.4,896.8,905.24,948.24,928.85,False,False,False,False,False,False,False,False,False,True,False,0.0856820744081172,-0.2108229988726042,,,-0.0205636978579481,-0.0690417136414881,-0.1521984216459977,-0.222096956031567,-0.0013920526448999,-0.23450044603033,1034.0,945.0,1.756994404476419,-0.002474481905351,-0.0006672795427645,-0.0003670164878027
2018-04-27,891.0,900.0,886.0,892.0,455100.0,892.0,909.0,897.5,904.6,947.12,928.56,False,False,False,False,False,False,False,False,False,False,False,0.0627802690582959,-0.2208520179372197,,,-0.0141255605381166,-0.0617937219730941,-0.1894618834080717,-0.2600896860986547,-0.001182532308472,-0.2379944289693593,1004.0,928.0,0.5176296633303002,-0.0007074950254255,0.0017669868799254,0.0002095203364279
2018-05-01,890.0,896.0,871.0,894.0,368100.0,894.0,905.4,900.8,904.68,946.3733333333332,928.305,False,False,False,False,False,False,True,False,False,False,True,-0.1062639821029082,-0.1868008948545861,,,-0.0119463087248321,-0.0585831469052944,-0.1677852348993288,-0.2606263982102908,-0.0007889768660713,-0.2423401420959147,982.0,941.0,0.8088332234673699,8.842905778830885e-05,0.0007959240832138,0.0003935554424007
2018-05-02,906.0,927.0,906.0,925.0,459400.0,925.0,905.0,906.7,905.12,946.16,928.255,False,False,False,False,True,False,True,False,False,False,False,-0.134054054054054,-0.1837837837837838,,,0.0214918918918918,-0.0228756756756756,-0.1989189189189189,-0.3048648648648648,-0.0002254727882527,-0.2505790228300431,955.0,957.0,1.248030426514534,0.0004861233869542,0.0003976943291659,0.0005635040778185
2018-05-07,940.0,958.0,932.0,954.0,606500.0,954.0,910.4,913.5,907.0,946.3733333333332,928.325,False,False,False,False,False,False,True,True,True,False,False,-0.1614255765199161,-0.2117400419287211,,,0.0492662473794549,0.0079944095038435,-0.2148846960167715,-0.3417190775681342,0.0002254219617345,-0.2608648056923918,973.0,908.0,1.3202002612102743,0.0020727673649393,0.001586643977985,0.0004508947499873
2018-05-08,963.0,976.0,954.0,963.0,582400.0,963.0,925.6,920.0,908.28,946.96,928.455,False,False,False,False,False,False,True,True,False,True,False,-0.2731048805815161,-0.1962616822429906,,,0.056822429906542,0.0166562824506749,-0.2149532710280373,-0.3457943925233644,0.0006195263439499,-0.2740217391304348,973.0,844.0,0.9602638087386643,0.001409257057295,-0.0006635103076442,0.0003941043822153
2018-05-09,957.0,967.0,944.0,948.0,458500.0,948.0,936.8,922.9,907.84,947.2933333333332,928.515,False,False,False,False,False,False,False,True,False,True,False,-0.2668776371308017,-0.1909282700421941,,,0.0423628691983122,0.0007454289732772,-0.2025316455696202,-0.3206751054852321,0.0003518797415793,-0.2836710369487484,972.0,848.0,0.7872596153846154,-0.0004846669016566,-0.0018939239589516,-0.0002676466023706
2018-05-10,889.0,897.0,798.0,799.0,3562400.0,799.0,917.8,911.6,901.2,945.84,927.8,False,False,False,False,False,True,False,False,False,True,False,-0.0901126408010012,-0.0212765957446808,,,-0.127909887359199,-0.1837797246558198,-0.0713391739674593,-0.1827284105131414,-0.0015365530463219,-0.2781921895568232,959.0,865.0,7.76968375136314,-0.0073679538393253,-0.0068832869376687,-0.0018884327879012
2018-05-11,800.0,816.0,774.0,801.0,1861100.0,801.0,893.0,899.0,895.44,944.1866666666666,927.12,False,False,False,False,False,False,False,False,False,False,False,-0.0574282147315855,-0.0411985018726591,,,-0.1179026217228465,-0.1787598834789845,-0.0774032459425717,-0.1510611735330836,-0.0017510661733556,-0.2685205784204671,959.0,851.0,0.5224286997529756,-0.0064325917984454,0.0009353620408798,-0.0002145131270336
2018-05-14,807.0,815.0,799.0,800.0,1025600.0,800.0,862.2,886.3,891.8,942.4666666666668,926.515,False,False,False,False,False,False,False,False,False,False,False,-0.06,-0.04125,,,-0.1147499999999999,-0.1780833333333335,-0.10375,-0.15,-0.0018249982315906,-0.2588288389935687,1004.0,871.0,0.5510719466981893,-0.0040816326530613,0.0023509591453841,-7.393205823500392e-05
2018-05-15,798.0,807.0,699.0,700.0,3868100.0,700.0,809.6,867.6,883.8,938.9466666666668,925.53,False,False,False,False,False,False,False,False,False,True,False,0.1057142857142857,0.1271428571428571,,,-0.2625714285714285,-0.3413523809523812,-0.0071428571428571,-0.0314285714285714,-0.0037488817256215,-0.2442369755647763,1009.0,883.0,3.771548361934477,-0.0090518216791129,-0.0049701890260515,-0.0019238834940309
2018-05-16,700.0,719.0,680.0,695.0,2803700.0,695.0,759.0,847.9,875.96,935.1333333333332,924.52,False,False,False,False,False,False,False,False,False,False,False,0.1035971223021582,0.1179856115107913,,,-0.2603741007194245,-0.3455155875299758,0.0273381294964028,-0.0129496402877697,-0.0040778498609826,-0.2236112749144946,1058.0,964.0,0.7248261420335566,-0.0089501803735329,0.0001016413055799,-0.000328968135361
2018-05-17,697.0,728.0,691.0,727.0,1664500.0,727.0,744.6,831.2,869.08,932.04,923.66,False,False,False,False,False,False,False,False,False,False,False,0.0756533700137551,0.0701513067400275,,,-0.1954332874828061,-0.2820357634112792,-0.0206327372764786,-0.0605226960110041,-0.0033188847402828,-0.2053657362848893,1056.0,1013.0,0.5936797802903306,-0.0079164173608873,0.0010337630126455,0.0007589651206998
2018-05-18,727.0,759.0,722.0,755.0,1697700.0,755.0,735.4,814.2,863.64,929.2533333333332,922.89,False,False,False,False,False,False,False,False,False,False,False,0.0172185430463576,0.0304635761589403,,,-0.1438940397350993,-0.2307991169977923,-0.0596026490066225,-0.119205298013245,-0.0029988234281287,-0.186072218128224,1040.0,1034.0,1.0199459297086213,-0.0062989208466491,0.0016174965142382,0.0003200613121541
2018-05-21,770.0,773.0,743.0,752.0,1509400.0,752.0,725.8,794.0,858.28,926.4266666666666,922.2,False,False,False,False,False,False,False,False,False,False,False,0.0199468085106383,0.0611702127659574,,,-0.1413297872340425,-0.231950354609929,-0.0531914893617021,-0.1103723404255319,-0.0030511499381133,-0.1602015113350126,968.0,1058.0,0.8890852329622431,-0.0062450482360069,5.387261064221643e-05,-5.232650998462929e-05
2018-05-22,741.0,775.0,740.0,774.0,1180600.0,774.0,740.6,775.1,853.88,924.1466666666666,921.595,False,False,False,False,False,False,False,False,False,False,False,0.0193798449612403,-0.0284237726098191,,,-0.103204134366925,-0.1939879414298018,-0.0801033591731266,-0.1679586563307493,-0.0024671408578724,-0.1379176880402528,943.0,1081.0,0.7821650987147211,-0.0051529488921159,0.0010920993438909,0.0005840090802409
2018-05-23,771.0,784.0,760.0,767.0,1269900.0,767.0,755.0,757.0,849.16,922.0,920.93,False,False,False,False,False,False,False,False,False,True,False,0.0130378096479791,-0.0573663624511082,,,-0.1071186440677965,-0.2020860495436766,-0.0495436766623207,-0.2033898305084746,-0.0023282718727403,-0.121664464993395,908.0,1083.0,1.0756395053362695,-0.0055584342173442,-0.0004054853252282,0.000138868985132
2018-05-24,805.0,835.0,775.0,782.0,3109300.0,782.0,766.0,755.3,846.0,919.88,920.515,False,False,False,False,False,False,False,False,False,False,False,-0.0051150895140664,-0.0485933503836317,,,-0.0818414322250639,-0.1763171355498721,-0.0792838874680307,-0.2199488491048593,-0.0023046484324042,-0.1253806434529325,892.0,1110.0,2.4484605087014724,-0.0037352245862883,0.0018232096310558,2.362344033616636e-05
2018-05-25,780.0,793.0,760.0,768.0,1227000.0,768.0,768.6,752.0,842.08,917.36,919.95,False,False,False,False,False,False,False,False,False,True,False,0.0130208333333333,-0.03515625,,,-0.0964583333333333,-0.1944791666666666,-0.0455729166666666,-0.2044270833333333,-0.0027470131682218,-0.1307180851063829,914.0,1115.0,0.3946225838613192,-0.0046551396541895,-0.0009199150679011,-0.0004423647358176
2018-05-28,758.0,783.0,753.0,767.0,802100.0,767.0,771.6,748.7,837.32,915.48,919.415,False,False,False,False,False,False,False,False,False,True,False,0.0404172099087353,-0.0234680573663624,,,-0.0916818774445893,-0.1935853976531943,-0.075619295958279,-0.2007822685788787,-0.0020535675274173,-0.1358354481100575,907.0,1058.0,0.6537082314588427,-0.0056848038981512,-0.0010296642439616,0.0006934456408045
2018-05-29,771.0,792.0,766.0,789.0,931500.0,789.0,774.6,757.6,832.96,914.7466666666668,918.895,False,False,False,False,False,False,False,False,False,False,True,-0.0468948035487959,-0.0418250950570342,,,-0.0557160963244613,-0.1593747359526828,-0.1444866920152091,-0.2357414448669201,-0.0008016791534267,-0.1558870116156283,931.0,1034.0,1.1613265178905374,-0.0052343449865539,0.0004504589115972,0.0012518883739905
2018-05-30,776.0,783.0,771.0,777.0,616700.0,777.0,776.6,765.8,827.28,913.8,918.445,False,False,False,False,False,False,False,False,False,True,False,-0.0694980694980695,-0.027027027027027,,,-0.0647104247104246,-0.176061776061776,-0.1415701415701415,-0.229086229086229,-0.0010359670241484,-0.1762862366153042,959.0,1004.0,0.6620504562533548,-0.0068658737066048,-0.0016315287200508,-0.0002342878707217
2018-05-31,785.0,794.0,777.0,778.0,593800.0,778.0,775.8,770.9,821.92,912.64,917.91,False,False,False,False,False,False,False,False,False,False,False,-0.0437017994858611,-0.0462724935732647,,,-0.0564524421593829,-0.1730591259640102,-0.1580976863753213,-0.2339331619537275,-0.0012710378681626,-0.1930211441172654,965.0,982.0,0.9628668720609695,-0.0065213159431575,0.0003445577634473,-0.0002350708440142
2018-06-01,775.0,787.0,771.0,778.0,516600.0,778.0,777.8,773.2,815.96,911.6666666666666,917.345,False,False,False,False,False,False,False,False,False,True,False,-0.0475578406169665,-0.0501285347043701,,,-0.0487917737789203,-0.1718080548414738,-0.1465295629820051,-0.2133676092544987,-0.0010676416819013,-0.2022762545266426,945.0,955.0,0.86998989558774,-0.0073042796215499,-0.0007829636783924,0.0002033961862613
2018-06-04,793.0,802.0,790.0,798.0,812100.0,798.0,784.0,777.8,810.8,910.6933333333334,916.71,False,False,False,False,False,False,False,False,False,False,False,-0.0614035087719298,-0.1015037593984962,,,-0.0160401002506265,-0.1412197159565581,-0.144110275689223,-0.2243107769423558,-0.0010687827589235,-0.2134224736436102,891.0,973.0,1.5720092915214867,-0.0063640848544648,0.0009401947670851,-1.1410770221994583e-06
2018-06-05,792.0,793.0,742.0,752.0,1373300.0,752.0,776.6,775.6,805.4,908.9466666666668,915.915,False,False,False,False,False,False,False,False,False,True,False,0.0053191489361702,-0.0757978723404255,,,-0.0710106382978723,-0.2087056737588654,-0.1117021276595744,-0.1835106382978723,-0.0019216382332662,-0.2150593089221248,900.0,973.0,1.691047900504864,-0.0067047429848522,-0.0003406581303873,-0.0008528554743427
2018-06-06,740.0,741.0,710.0,723.0,1197400.0,723.0,765.8,771.2,798.64,905.7333333333332,915.37,False,False,False,False,False,False,False,False,False,True,False,0.0456431535269709,-0.0124481327800829,,,-0.1046196403872752,-0.2527431996311663,-0.0788381742738589,-0.1466113416320885,-0.0035477697629916,-0.2098029045643154,891.0,972.0,0.8719143668535644,-0.0084643894620855,-0.0017596464772333,-0.0016261315297253
2018-06-07,729.0,745.0,727.0,744.0,745300.0,744.0,759.0,767.4,792.64,902.1466666666666,915.015,False,False,False,False,False,False,False,False,False,False,False,-0.0026881720430107,-0.043010752688172,,,-0.0653763440860214,-0.2125627240143369,-0.0766129032258064,-0.1478494623655914,-0.0039757023987229,-0.2027625749283294,899.0,959.0,0.6224319358610322,-0.0075696406943883,0.0008947487676971,-0.0004279326357313
2018-06-08,738.0,743.0,735.0,741.0,446400.0,741.0,751.6,764.7,785.28,898.24,914.73,False,False,False,False,False,False,False,False,False,True,False,-0.0026990553306342,-0.0418353576248313,,,-0.0597570850202428,-0.2121997300944669,-0.0458839406207827,-0.1565452091767881,-0.004349245932787,-0.1981169085916045,891.0,959.0,0.5989534415671541,-0.0093724531377343,-0.0018028124433459,-0.000373543534064
2018-06-11,743.0,754.0,742.0,749.0,391600.0,749.0,741.8,762.9,777.08,894.12,914.44,False,False,False,False,False,False,False,False,False,True,False,-0.0427236315086782,-0.0493991989319092,,,-0.0374899866488652,-0.1937516688918558,-0.0680907877169559,-0.1602136181575434,-0.0046078826108352,-0.1941276707301088,886.0,1004.0,0.8772401433691757,-0.0105523240850362,-0.0011798709473018,-0.0002586366780481
2018-06-12,755.0,756.0,746.0,756.0,474500.0,756.0,742.6,759.6,768.8,889.7866666666666,914.095,False,False,False,False,False,False,False,False,False,True,False,-0.0806878306878306,-0.0582010582010582,,,-0.0169312169312168,-0.1769664902998236,-0.0542328042328042,-0.1666666666666666,-0.0048700812179698,-0.1870721432332807,884.0,1009.0,1.2116956077630234,-0.0107700312174819,-0.0002177071324457,-0.0002621986071346
2018-06-13,758.0,761.0,750.0,756.0,535700.0,756.0,749.2,757.5,761.12,885.4266666666666,913.835,False,False,False,False,False,False,False,False,False,False,False,-0.0555555555555555,-0.0357142857142857,,,-0.0067724867724867,-0.1711992945326278,-0.0621693121693121,-0.1613756613756613,-0.004924179679853,-0.1801980198019802,885.0,1058.0,1.128977871443625,-0.0100903931048979,0.0006796381125839,-5.409846188315047e-05
2018-06-14,754.0,757.0,741.0,742.0,502300.0,742.0,748.8,753.9,758.84,880.52,913.45,False,False,False,False,False,False,False,False,False,False,False,-0.0404312668463611,-0.0296495956873315,,,-0.0226954177897574,-0.1866846361185983,-0.0309973045822102,-0.1509433962264151,-0.0055724647556746,-0.1717734447539461,861.0,1056.0,0.937651670711219,-0.0030045859469716,0.0070858071579263,-0.0006482850758216
2018-06-15,748.0,754.0,739.0,739.0,526100.0,739.0,748.4,750.0,756.36,875.5066666666667,912.925,False,False,False,False,False,False,False,False,False,True,False,-0.0392422192151556,-0.0081190798376184,,,-0.0234912043301759,-0.1847180875056382,-0.0351826792963464,-0.1542625169147496,-0.0057262080623791,-0.1657333333333332,866.0,1040.0,1.0473820426040217,-0.0032788619176053,-0.0002742759706337,-0.0001537433067044
2018-06-18,733.0,734.0,703.0,717.0,1017200.0,717.0,742.0,741.9,753.04,870.96,912.16,False,False,False,False,False,False,False,False,False,True,False,-0.00697350069735,-0.0111576011157601,,,-0.0502649930264992,-0.2147280334728034,-0.00418410041841,-0.1645746164574616,-0.0052202933161874,-0.1593206631621511,886.0,968.0,1.9334727238167648,-0.0044087963454797,-0.0011299344278743,0.0005059147461916
2018-06-19,709.0,715.0,692.0,695.0,940700.0,695.0,729.8,736.2,752.84,866.44,911.39,False,False,False,False,False,False,False,False,False,False,False,0.0244604316546762,-0.0287769784172661,,,-0.0832230215827338,-0.2466762589928058,0.0417266187050359,-0.1453237410071942,-0.0052167489958912,-0.1555283890247215,898.0,943.0,0.9247935509241054,-0.0002656606981562,0.0041431356473234,3.5443202962412088e-06
2018-06-20,691.0,714.0,675.0,714.0,896100.0,714.0,721.4,735.3,753.6,862.5733333333334,910.725,False,False,False,False,False,False,True,False,True,False,False,0.0210084033613445,-0.0658263305322128,,,-0.0554621848739496,-0.2080859010270775,0.0182072829131652,-0.1988795518207282,-0.0044827106487564,-0.1606147150822792,919.0,908.0,0.9525884979270756,0.0010084925690021,0.0012741532671583,0.0007340383471347
2018-06-21,717.0,718.0,704.0,712.0,555700.0,712.0,715.4,732.1,753.0,858.9733333333334,909.94,False,False,False,False,False,False,False,False,False,True,False,0.0112359550561797,-0.0800561797752809,,,-0.0575842696629213,-0.2064232209737828,-0.0674157303370786,-0.1938202247191011,-0.0041910497803579,-0.1651413741292172,912.0,892.0,0.6201316817319495,-0.000796812749004,-0.0018053053180061,0.0002916608683984
2018-06-22,704.0,722.0,702.0,710.0,626800.0,710.0,709.6,729.0,751.2,855.7066666666667,909.045,False,False,False,False,False,False,False,False,False,True,False,0.0323943661971831,-0.0647887323943662,,,-0.0580281690140845,-0.2052206572769953,-0.0408450704225352,-0.2450704225352112,-0.0038175075571067,-0.1737997256515775,927.0,914.0,1.1279467338491993,-0.0023961661341852,-0.0015993533851812,0.0003735422232511
2018-06-25,718.0,723.0,706.0,712.0,625800.0,712.0,708.6,725.3,749.6,852.2266666666667,907.975,False,False,False,False,False,False,False,False,False,False,False,-0.0042134831460674,-0.0407303370786516,,,-0.0528089887640449,-0.1969475655430712,-0.0168539325842696,-0.2050561797752809,-0.0040834206862024,-0.1782710602509306,927.0,907.0,0.9984045947670708,-0.0021344717182497,0.0002616944159354,-0.0002659131290956
2018-06-26,705.0,719.0,695.0,712.0,572500.0,712.0,712.0,720.9,747.12,848.7466666666667,906.995,False,False,False,False,False,False,False,False,False,True,False,-0.0519662921348314,-0.0617977528089887,,,-0.0493258426966292,-0.1920599250936329,0.0603932584269662,-0.2261235955056179,-0.0041001633781576,-0.1842141767235399,887.0,931.0,0.9148290188558644,-0.0033194132134061,-0.0011849414951564,-1.6742691955178197e-05
2018-06-27,713.0,738.0,713.0,729.0,617000.0,729.0,715.0,718.2,745.6,845.5066666666667,906.095,False,False,False,False,False,False,False,False,False,False,False,-0.0850480109739369,-0.0864197530864197,,,-0.0227709190672153,-0.1598171010516689,-0.0589849108367626,-0.2373113854595336,-0.0038320218251778,-0.1920077972709553,892.0,959.0,1.0777292576419213,-0.002038626609442,0.0012807866039641,0.0002681415529798
2018-06-28,743.0,743.0,702.0,720.0,813900.0,720.0,716.6,716.0,743.12,842.32,905.205,False,False,False,False,False,False,False,False,False,True,False,-0.0902777777777777,-0.0458333333333333,,,-0.0321111111111111,-0.1698888888888889,-0.0625,-0.2013888888888889,-0.0037832019501693,-0.1972067039106146,894.0,965.0,1.3191247974068072,-0.0033372806545376,-0.0012986540450956,4.881987500850648e-05
2018-06-29,724.0,735.0,717.0,733.0,410800.0,733.0,721.2,715.4,741.72,839.3066666666666,904.49,False,False,False,False,False,False,False,False,False,False,False,-0.0941336971350614,-0.0354706684856753,,,-0.0118963165075034,-0.1450295588904046,-0.0818553888130968,-0.2141882673942701,-0.003590264980619,-0.2033827229521946,925.0,945.0,0.5047303108489987,-0.0018875047187617,0.0014497759357758,0.0001929369695502
2018-07-02,733.0,737.0,708.0,709.0,598400.0,709.0,720.6,714.6,739.4,835.3733333333333,903.705,False,False,False,False,False,False,False,False,False,True,False,-0.0366713681241184,-0.0155148095909732,,,-0.0428772919605077,-0.178241654913023,-0.0535966149506347,-0.2059238363892807,-0.0047084736564888,-0.2075286873775539,954.0,891.0,1.4566699123661149,-0.0031376791993508,-0.0012501744805891,-0.0011182086758698
2018-07-03,710.0,712.0,668.0,675.0,1697600.0,675.0,713.2,712.6,734.84,830.92,902.685,False,False,False,False,False,False,False,False,False,True,False,-0.0103703703703703,0.0592592592592592,,,-0.0886518518518519,-0.2309925925925925,0.0414814814814814,-0.1348148148148148,-0.0053595211733179,-0.2067078304799327,963.0,900.0,2.836898395721925,-0.0062054324750965,-0.0030677532757456,-0.0006510475168291
2018-07-04,665.0,673.0,652.0,667.0,1099400.0,667.0,700.8,707.9,730.44,825.7066666666667,901.61,False,False,False,False,False,False,False,False,False,False,False,-0.0014992503748125,0.0629685157421289,,,-0.095112443778111,-0.2379410294852574,0.0674662668665667,0.025487256371814,-0.0063137837488695,-0.1856194377736968,948.0,891.0,0.6476201696512723,-0.0060237664969059,0.0001816659781906,-0.0009542625755515
2018-07-05,670.0,680.0,653.0,655.0,711100.0,655.0,687.8,702.2,725.52,820.36,900.42,False,False,False,False,False,False,False,False,False,True,False,0.048854961832061,0.0977099236641221,,,-0.1076641221374045,-0.2524580152671756,0.0442748091603053,0.1175572519083969,-0.0065174638776472,-0.1565081173454857,799.0,899.0,0.6468073494633436,-0.0067813430367185,-0.0007575765398126,-0.0002036801287776
2018-07-06,657.0,665.0,641.0,664.0,917600.0,664.0,674.0,697.6,720.96,815.3466666666667,899.2,False,False,False,False,False,False,False,False,False,False,False,0.0647590361445783,0.0737951807228915,,,-0.0857831325301205,-0.2279317269076305,0.0301204819277108,0.0873493975903614,-0.006148713839512,-0.124283256880734,801.0,891.0,1.290395162424413,-0.0063249001331557,0.0004564429035628,0.0003687500381352
2018-07-09,662.0,689.0,648.0,683.0,1098800.0,683.0,668.8,694.7,716.36,811.5466666666666,898.075,False,False,False,False,False,False,False,False,False,True,False,0.0219619326500732,0.0453879941434846,,,-0.0488433382137628,-0.1882088823816495,0.0058565153733528,0.0322108345534407,-0.0046824171130024,-0.1006189722182238,800.0,886.0,1.1974716652136006,-0.0064213523926517,-9.64522594960552e-05,0.0014662967265095
2018-07-10,689.0,689.0,667.0,668.0,589000.0,668.0,667.4,690.3,713.0,807.88,896.795,False,False,False,False,False,False,False,False,False,False,False,0.0703592814371257,0.0838323353293413,,,-0.0673652694610778,-0.2094011976047904,0.0329341317365269,0.0119760479041916,-0.0045386278490204,-0.0767782123714327,700.0,884.0,0.5360393156170368,-0.0047124824684432,0.0017088699242085,0.0001437892639819
2018-07-11,658.0,676.0,653.0,666.0,695900.0,666.0,667.2,684.0,710.72,804.6533333333333,895.505,False,False,False,False,False,False,False,False,False,False,False,0.0645645645645645,0.0915915915915916,,,-0.0671471471471471,-0.2081881881881881,-0.009009009009009,0.0915915915915916,-0.0040100084508442,-0.0432748538011696,695.0,885.0,1.1814940577249575,-0.0032080144079243,0.0015044680605188,0.0005286193981761
2018-07-12,667.0,689.0,664.0,687.0,667300.0,687.0,673.6,680.7,708.44,801.92,894.195,False,False,False,False,False,False,False,False,False,True,False,0.0465793304221251,-0.0334788937409024,,,-0.0312081513828239,-0.167278020378457,-0.0378457059679767,0.1120815138282387,-0.0034084862995477,-0.0108711620390775,727.0,861.0,0.9589021411122288,-0.0032183388854383,-1.0324477514069876e-05,0.0006015221512965
2018-07-13,694.0,708.0,689.0,707.0,644100.0,707.0,682.2,678.1,707.08,799.16,892.985,False,False,False,False,False,False,False,False,False,False,False,0.0084865629420084,-0.0367751060820367,,,-0.0001131541725601,-0.1303536067892503,-0.0905233380480905,0.0749646393210749,-0.0034536263076229,0.0200560389323109,755.0,866.0,0.9652330286228084,-0.0019234032924138,0.0012949355930244,-4.514000807522185e-05
2018-07-17,707.0,711.0,696.0,698.0,551200.0,698.0,685.2,677.0,705.04,796.3733333333333,891.69,False,False,False,False,False,False,False,False,False,True,False,0.0229226361031518,0.0028653295128939,,,-0.0100859598853867,-0.1409360076408787,-0.1002865329512893,0.1189111747851002,-0.0034991963568175,0.0539143279172821,752.0,886.0,0.855767737928893,-0.0028934528537389,-0.000970049561325,-4.5570049194538186e-05
2018-07-18,710.0,733.0,704.0,715.0,595200.0,715.0,694.6,681.0,703.4,793.4933333333333,890.535,False,False,False,False,True,False,False,False,False,False,True,0.0125874125874125,0.0559440559440559,,,0.0162237762237762,-0.1097808857808858,-0.1188811188811188,0.0867132867132867,-0.0036295200967871,0.0760646108663729,774.0,898.0,1.0798258345428158,-0.0023315325561557,0.0005619202975831,-0.0001303237399696
2018-07-19,716.0,717.0,704.0,709.0,436700.0,709.0,703.2,685.2,701.52,790.16,889.305,False,False,False,False,False,False,False,False,False,True,False,0.0253878702397743,-0.0324400564174894,,,0.0105500705218618,-0.1144710860366713,-0.0916784203102961,0.1170662905500705,-0.0042185548918363,0.0852305896088732,767.0,919.0,0.7337029569892473,-0.0026798950849583,-0.0003483625288025,-0.0005890347950491
2018-07-20,710.0,727.0,709.0,719.0,489000.0,719.0,709.6,691.6,700.6,786.88,888.19,False,False,False,False,False,False,False,False,False,False,False,-0.0764951321279554,-0.0611961057023643,,,0.0255910987482614,-0.0944089012517385,-0.0917941585535466,0.1084840055632823,-0.0041683611224074,0.0845864661654135,782.0,912.0,1.1197618502404396,-0.0013131601484441,0.0013667349365142,5.019376942885269e-05
2018-07-23,715.0,718.0,704.0,713.0,394400.0,713.0,710.8,696.5,699.56,783.7866666666666,887.085,False,False,False,False,False,False,False,False,False,True,False,-0.0448807854137447,-0.0561009817671809,,,0.0188499298737728,-0.0992800374006544,-0.0462833099579242,0.1107994389901823,-0.003946652150245,0.0870064608758076,768.0,927.0,0.8065439672801636,-0.0014866487506433,-0.0001734886021992,0.0002217089721624
2018-07-24,716.0,720.0,708.0,714.0,470200.0,714.0,714.0,699.6,699.44,781.4266666666666,885.89,False,False,False,False,False,False,False,False,False,False,False,-0.0196078431372549,-0.0602240896358543,,,0.020392156862745,-0.0944351073762837,-0.0476190476190476,0.0896358543417367,-0.0030201170508642,0.0926243567753001,767.0,927.0,1.1921906693711968,-0.0001715658240876,0.0013150829265556,0.0009265350993807
2018-07-25,721.0,726.0,711.0,724.0,451000.0,724.0,715.8,705.2,700.6,779.08,884.62,False,False,False,False,False,False,True,False,True,False,False,0.042817679558011,-0.0290055248618784,,,0.0323204419889502,-0.0760773480662984,-0.0635359116022099,0.0400552486187845,-0.0030120997415754,0.0948667044809982,789.0,887.0,0.9591663122075712,0.0016557236654295,0.0018272894895172,8.017309288827976e-06
2018-07-26,725.0,734.0,722.0,727.0,451300.0,727.0,719.4,711.3,701.12,776.8933333333333,883.365,False,False,False,False,False,False,True,False,False,True,False,-0.0563961485557083,-0.0206327372764786,,,0.0355983493810178,-0.0686290692342961,-0.0563961485557083,0.0165061898211829,-0.0028146292069268,0.087164346970336,777.0,892.0,1.0006651884700666,0.0007416704701049,-0.0009140531953246,0.0001974705346486
2018-07-27,637.0,665.0,614.0,664.0,3395800.0,664.0,708.4,709.0,699.2,773.76,881.755,False,False,False,False,False,True,False,False,False,True,False,0.0165662650602409,0.0301204819277108,,,-0.0530120481927711,-0.1653012048192771,0.0286144578313253,0.1024096385542168,-0.0040494899365867,0.0861777150916784,778.0,894.0,7.524484821626412,-0.0027459954233409,-0.0034876658934458,-0.0012348607296598
2018-07-30,655.0,700.0,651.0,681.0,1521800.0,681.0,702.0,706.4,698.04,770.96,880.235,False,False,False,False,False,False,False,False,False,False,False,-0.0117474302496328,0.0044052863436123,,,-0.025022026431718,-0.1320998531571219,-0.0234948604992657,0.0954478707782672,-0.0036318356334958,0.088193657984145,778.0,925.0,0.4481418222510159,-0.0016617958856227,0.0010841995377181,0.0004176543030908
2018-07-31,683.0,709.0,664.0,700.0,1211700.0,700.0,699.2,706.6,697.56,768.48,878.86,False,False,False,False,False,False,False,False,False,False,False,-0.0414285714285714,-0.0185714285714285,,,0.0034857142857143,-0.0978285714285714,-0.0442857142857142,0.0885714285714285,-0.0032271496981053,0.085196716671384,798.0,954.0,0.796228150873965,-0.0006881128505075,0.0009736830351152,0.0004046859353904
2018-08-01,713.0,758.0,712.0,755.0,2163000.0,755.0,705.4,710.6,699.28,766.76,877.815,False,False,False,False,False,False,True,False,True,False,True,-0.0688741721854304,-0.086092715231788,,,0.0738013245033113,-0.0155761589403973,-0.1470198675496688,0.0370860927152317,-0.0022432051750222,0.0799324514494792,752.0,963.0,1.7850953206239168,0.0024596728063151,0.0031477856568226,0.0009839445230831
2018-08-02,750.0,753.0,684.0,686.0,2066700.0,686.0,697.2,708.3,697.56,764.1066666666667,876.37,False,False,False,False,False,False,False,False,False,True,False,0.0379008746355685,-0.0379008746355685,,,-0.0168513119533526,-0.1138581146744412,-0.1093294460641399,0.1239067055393586,-0.0034724645773713,0.0804743752647183,723.0,948.0,0.9554785020804438,-0.0024657377143185,-0.0049254105206336,-0.0012292594023491
2018-08-03,687.0,689.0,662.0,675.0,1161500.0,675.0,699.4,703.9,695.76,761.6266666666667,874.865,False,False,False,False,False,False,False,False,False,True,False,0.0133333333333333,-0.0207407407407407,,,-0.0307555555555555,-0.1283358024691358,-0.0962962962962963,0.2577777777777778,-0.0032561885088057,0.0946157124591561,744.0,799.0,0.5620070644021871,-0.0025870989996549,-0.0001213612853364,0.0002162760685656
2018-08-06,670.0,679.0,658.0,673.0,768900.0,673.0,697.8,699.9,693.36,759.0533333333333,873.355,False,False,False,False,False,False,False,False,False,True,False,0.0163447251114413,-0.0445765230312035,,,-0.0302526002971768,-0.1278652798415056,-0.0921248142644873,0.2496285289747399,-0.0033901877777583,0.1078725532218888,741.0,801.0,0.6619888075764098,-0.0034614053305641,-0.0008743063309091,-0.0001339992689525
2018-08-07,672.0,678.0,667.0,671.0,515100.0,671.0,692.0,695.6,691.84,756.1866666666666,871.88,False,False,False,False,False,False,False,False,False,False,False,0.0238450074515648,-0.0640834575260804,,,-0.0310581222056632,-0.1269547938400396,-0.0864381520119225,0.2786885245901639,-0.0037909510879148,0.1262219666474985,749.0,800.0,0.6699180647678502,-0.0021970397779833,0.0012643655525808,-0.0004007633101564
2018-08-08,677.0,713.0,675.0,703.0,893700.0,703.0,681.6,693.5,692.96,753.5866666666667,870.67,False,False,False,False,True,False,True,False,True,False,False,-0.0184921763869132,-0.1038406827880512,,,0.0142816500711237,-0.0719582740635372,-0.1422475106685633,0.2034139402560455,-0.0034501672004103,0.143042537851478,756.0,700.0,1.7350029120559114,0.0016162549064881,0.0038132946844714,0.0003407838875044
2018-08-09,704.0,717.0,699.0,712.0,477000.0,712.0,686.8,692.0,694.76,750.8266666666667,869.63,False,False,False,False,False,False,True,False,False,False,False,-0.0730337078651685,-0.095505617977528,,,0.0242134831460674,-0.0545318352059925,-0.1587078651685393,0.2457865168539325,-0.003675948288109,0.166907514450867,756.0,695.0,0.5337361530715005,0.0025908227301513,0.0009745678236632,-0.0002257810876987
2018-08-10,710.0,710.0,684.0,684.0,599000.0,684.0,688.6,694.0,695.92,747.7866666666666,868.475,False,False,False,False,False,False,True,False,False,True,True,-0.033625730994152,-0.0453216374269005,,,-0.0174269005847952,-0.0932553606237816,-0.1286549707602339,0.3172514619883041,-0.0040653305755653,0.1878962536023054,742.0,727.0,1.2557651991614256,0.00166685825957,-0.0009239644705813,-0.0003893822874562
2018-08-13,679.0,690.0,671.0,684.0,609300.0,684.0,690.8,694.3,696.72,744.5466666666666,867.335,False,False,False,False,False,False,True,False,False,True,False,-0.0599415204678362,-0.0058479532163742,,,-0.0185964912280702,-0.0885185185185184,-0.1052631578947368,0.3114035087719298,-0.0043516412671692,0.2091314993518652,739.0,755.0,1.017195325542571,0.0011482374555058,-0.0005186208040641,-0.0002863106916039
2018-08-14,683.0,688.0,669.0,687.0,673600.0,687.0,694.0,693.0,696.88,741.3466666666667,866.255,False,False,False,False,False,False,True,False,False,True,False,-0.0858806404657933,-0.0101892285298398,,,-0.0143813682678311,-0.0791072295002426,-0.098981077147016,0.2940320232896652,-0.0043164691282529,0.2297258297258297,717.0,752.0,1.1055309371409814,0.0002295947652393,-0.0009186426902665,3.517213891630032e-05
2018-08-15,696.0,698.0,682.0,690.0,577500.0,690.0,691.4,686.5,697.76,738.72,865.2,False,False,False,False,False,False,True,False,True,False,False,-0.0869565217391304,-0.017391304347826,,,-0.0112463768115941,-0.0706086956521739,-0.1101449275362318,0.2565217391304348,-0.0035556999494621,0.25360524399126,695.0,774.0,0.857333729216152,0.0012611786287548,0.0010315838635155,0.0007607691787908
2018-08-16,682.0,682.0,660.0,660.0,658100.0,660.0,681.0,683.9,697.52,735.6266666666667,863.99,False,False,False,False,False,False,False,False,False,True,False,-0.0242424242424242,0.0393939393939393,,,-0.0568484848484848,-0.1145858585858585,-0.0651515151515151,0.3090909090909091,-0.0042050315377365,0.2719695861968124,714.0,767.0,1.1395670995670997,-0.0003440761555224,-0.0016052547842773,-0.0006493315882744
2018-08-17,657.0,669.0,653.0,661.0,443500.0,661.0,676.4,682.5,696.48,732.52,862.835,False,False,False,False,False,False,False,False,False,True,False,-0.0121028744326777,0.0332829046898638,,,-0.0536762481089259,-0.1081996974281391,-0.0408472012102874,0.264750378214826,-0.0042410673656237,0.2726739926739927,712.0,782.0,0.6739097401610697,-0.0014932230645531,-0.0011491469090306,-3.603582788714276e-05
2018-08-20,659.0,660.0,639.0,643.0,613900.0,643.0,668.2,679.5,693.92,728.76,861.635,False,False,False,False,False,False,False,False,False,True,False,0.0575427682737169,0.0342146189735614,,,-0.0791912908242612,-0.1333748055987558,-0.0279937791601866,0.328149300155521,-0.0051594489269443,0.2802060338484179,710.0,768.0,1.384216459977452,-0.0036891860733226,-0.0021959630087695,-0.0009183815613206
2018-08-21,638.0,641.0,622.0,628.0,520500.0,628.0,656.4,675.2,691.12,724.4133333333333,860.39,False,False,False,False,False,False,False,False,False,True,False,0.0828025477707006,0.0652866242038216,,,-0.1005095541401274,-0.153524416135881,0.001592356687898,0.3136942675159235,-0.0060002576797776,0.2834715639810426,712.0,767.0,0.8478579573220394,-0.0040513948373653,-0.0003622087640427,-0.0008408087528333
2018-08-22,625.0,636.0,616.0,630.0,626100.0,630.0,644.4,667.9,687.72,719.9733333333334,859.175,False,False,False,False,False,False,False,False,False,True,False,0.0761904761904762,0.0222222222222222,,,-0.0916190476190476,-0.1428148148148148,0.0,0.3031746031746031,-0.0061668950701877,0.2937565503817937,712.0,789.0,1.2028818443804037,-0.0049438725062525,-0.0008924776688871,-0.00016663739041
2018-08-23,630.0,648.0,630.0,644.0,430100.0,644.0,641.2,661.1,685.12,715.92,858.05,False,False,False,False,False,False,False,False,False,False,False,0.0652173913043478,-0.0512422360248447,,,-0.0638509316770186,-0.1116770186335403,-0.015527950310559,0.2624223602484472,-0.0056617126680821,0.2958705188322493,729.0,777.0,0.6869509662993132,-0.0037949556282111,0.0011489168780413,0.0005051824021055
2018-08-24,650.0,661.0,648.0,653.0,467000.0,653.0,639.6,658.0,682.48,713.9733333333334,856.94,False,False,False,False,False,False,False,False,False,True,False,0.0459418070444104,-0.0658499234303215,,,-0.0451454823889739,-0.0933741704951506,-0.0352220520673813,0.2327718223583461,-0.0027265257339208,0.2873860182370821,720.0,778.0,1.0857940013950245,-0.0038682452233032,-7.328959509207743e-05,0.0029351869341613
2018-08-27,663.0,689.0,657.0,680.0,733200.0,680.0,647.0,657.6,681.16,712.36,856.045,False,False,False,False,False,False,False,False,False,False,False,-0.0220588235294117,-0.1014705882352941,,,-0.0017058823529411,-0.0475882352941176,-0.0808823529411764,0.1397058823529411,-0.0022647724933086,0.2696167883211678,733.0,778.0,1.5700214132762311,-0.0019378706911739,0.0019303745321292,0.0004617532406122
2018-08-28,680.0,686.0,669.0,680.0,559900.0,680.0,657.4,656.9,679.8,710.76,855.16,False,False,False,False,True,False,False,False,False,True,False,-0.0161764705882352,-0.0985294117647058,,,0.0002941176470588,-0.045235294117647,-0.1191176470588235,0.1323529411764706,-0.0022511114862963,0.2528543157253768,709.0,798.0,0.7636388434260775,-0.0020005884083554,-6.271771718146537e-05,1.3661007012250904e-05
2018-08-29,685.0,694.0,673.0,678.0,517500.0,678.0,667.0,655.7,677.96,710.4666666666667,854.295,False,False,False,False,False,False,False,False,False,True,False,-0.0501474926253687,-0.1106194690265486,,,5.899705014743897e-05,-0.0478859390363815,-0.1238938053097345,0.0811209439528023,-0.0004128741672139,0.2347109958822631,675.0,752.0,0.9242721914627612,-0.0027140244262197,-0.0007134360178642,0.0018382373190824
2018-08-30,686.0,689.0,676.0,686.0,422100.0,686.0,675.4,658.3,676.32,710.3466666666667,853.555,False,False,False,False,False,False,False,False,False,False,True,-0.1093294460641399,-0.1268221574344023,,,0.0141107871720115,-0.0354907677356657,-0.1661807580174927,0.0991253644314868,-0.0001689316014715,0.213124715175452,667.0,723.0,0.8156521739130435,-0.0024248876271587,0.0002891367990609,0.0002439425657423
2018-08-31,683.0,689.0,676.0,683.0,273900.0,683.0,681.4,660.5,677.08,709.76,852.885,False,False,False,False,False,False,True,False,True,False,False,-0.1068814055636896,-0.1273792093704246,,,0.0086676427525621,-0.0391800878477305,-0.1595900439238653,0.0571010248901903,-0.0008265704839194,0.1918243754731265,655.0,744.0,0.6488983653162758,0.0011224670644532,0.0035473546916119,-0.0006576388824479
2018-09-03,686.0,695.0,660.0,665.0,538300.0,665.0,678.4,662.7,676.44,708.56,852.19,False,False,False,False,False,False,False,False,False,True,False,-0.081203007518797,-0.0796992481203007,,,-0.017203007518797,-0.0655037593984961,-0.193984962406015,0.0827067669172932,-0.0016935757028339,0.1676475026407121,664.0,741.0,1.9653158086893023,-0.0009461297380403,-0.0020685968024935,-0.0008670052189144
2018-09-04,665.0,675.0,657.0,669.0,510600.0,669.0,676.2,666.8,675.2,707.4533333333334,851.61,False,False,False,False,False,False,False,False,False,True,False,-0.0837070254110612,-0.0747384155455904,,,-0.0092675635276532,-0.0574788241155954,-0.1539611360239162,0.0612855007473841,-0.0015642963493468,0.1432213557288542,683.0,749.0,0.9485417053687536,-0.0018364928909952,-0.0008903631529549,0.0001292793534871
2018-09-05,662.0,669.0,643.0,644.0,751700.0,644.0,669.4,668.2,670.76,705.72,850.45,False,False,False,False,False,False,False,False,False,True,False,-0.0636645962732919,-0.046583850931677,,,-0.0415527950310558,-0.0958385093167702,-0.1444099378881987,0.0822981366459627,-0.0024561204632621,0.1222687818018556,668.0,756.0,1.472189580885233,-0.0066193571471167,-0.0047828642561215,-0.0008918241139153
2018-09-06,639.0,641.0,611.0,611.0,965600.0,611.0,654.4,664.9,667.76,703.64,849.185,False,False,False,False,False,False,False,False,False,False,False,-0.0196399345335515,0.0098199672667757,,,-0.0928968903436988,-0.151620294599018,-0.0900163666121112,0.2078559738134206,-0.0029560570746404,0.116558881034742,666.0,756.0,1.2845550086470667,-0.0044926320833832,0.0021267250637335,-0.0004999366113783
2018-09-07,603.0,616.0,591.0,610.0,762300.0,610.0,639.8,660.6,665.16,701.3466666666667,848.215,False,False,False,False,False,False,False,False,False,False,False,-0.0229508196721311,0.0393442622950819,,,-0.0904262295081966,-0.1497486338797814,-0.0573770491803278,0.2,-0.0032698998117905,0.112776264002422,687.0,742.0,0.7894573322286661,-0.0039088339647603,0.0005837981186228,-0.00031384273715
2018-09-10,610.0,619.0,608.0,611.0,433500.0,611.0,629.0,653.7,662.68,699.2533333333333,847.19,False,False,False,False,False,False,False,False,False,False,False,0.0016366612111292,0.0229132569558101,,,-0.0845826513911619,-0.1444408074195308,-0.0572831423895253,0.1996726677577741,-0.0029936694378766,0.1180969863851918,707.0,739.0,0.5686737504919324,-0.0037423794289853,0.000166454535775,0.0002762303739139
2018-09-11,617.0,618.0,603.0,613.0,627200.0,613.0,617.8,647.0,660.36,697.2,846.175,False,False,False,False,False,False,False,False,False,False,False,0.0097879282218597,0.0261011419249592,,,-0.0772593800978793,-0.1373572593800979,-0.0815660685154975,0.2495921696574225,-0.0029451137884872,0.1290571870170015,698.0,717.0,1.4468281430219148,-0.0035132352050395,0.0002291442239457,4.855564938942075e-05
2018-09-12,613.0,618.0,601.0,603.0,431300.0,603.0,609.6,639.5,656.36,694.72,845.0,False,False,False,False,False,False,False,False,False,True,False,0.0182421227197346,0.044776119402985,,,-0.0884908789386401,-0.152106135986733,-0.0315091210613598,0.2271973466003316,-0.0035697835099032,0.1433932759968726,715.0,695.0,0.6876594387755102,-0.0060942165884575,-0.0025809813834179,-0.000624669721416
2018-09-13,599.0,605.0,597.0,599.0,440500.0,599.0,607.2,630.8,651.84,692.3466666666667,843.9,False,False,False,False,False,False,False,False,False,True,False,0.030050083472454,0.0584307178631051,,,-0.0882136894824708,-0.1558375069560378,0.1419031719532554,0.2771285475792988,-0.0034279551669683,0.1609067850348763,709.0,714.0,1.021330860190123,-0.0069342169857633,-0.0008400003973057,0.0001418283429349
2018-09-14,594.0,603.0,585.0,596.0,716700.0,596.0,604.4,622.1,648.32,689.92,842.725,False,False,False,False,False,False,False,False,False,False,False,0.0637583892617449,0.0570469798657718,,,-0.0877852348993289,-0.1575838926174496,0.2281879194630872,0.2483221476510067,-0.0035173160173161,0.180678347532551,719.0,712.0,1.6270147559591372,-0.0054294175715695,0.0015047994141937,-8.93608503477342e-05
2018-09-18,595.0,615.0,593.0,612.0,624400.0,612.0,604.6,616.8,645.44,687.7066666666667,841.61,False,False,False,False,False,False,False,False,False,False,False,0.0212418300653594,0.0212418300653594,,,-0.054640522875817,-0.1237037037037037,0.1797385620915032,0.2565359477124183,-0.003218426460894,0.1987678339818418,713.0,710.0,0.8712152923119855,-0.0044620723847297,0.0009673451868397,0.000298889556422
2018-09-19,620.0,628.0,616.0,619.0,654700.0,619.0,605.8,611.8,642.72,685.32,840.445,False,False,False,False,False,False,False,False,False,False,False,0.0161550888529886,-0.0323101777059773,,,-0.0383198707592892,-0.107140549273021,0.1389337641357027,0.2730210016155089,-0.0034825580264207,0.221314154952599,714.0,712.0,1.048526585522101,-0.0042320139407518,0.0002300584439779,-0.0002641315655266
2018-09-20,618.0,619.0,605.0,614.0,456700.0,614.0,608.0,608.8,639.68,683.48,839.125,False,False,False,False,False,False,False,False,False,True,False,0.0260586319218241,-0.0325732899022801,,,-0.0418241042345276,-0.1131596091205212,0.1009771986970684,0.2280130293159609,-0.0026921051091473,0.2366951379763469,724.0,712.0,0.6975714067511838,-0.0047523761880941,-0.0005203622473423,0.0007904529172733
2018-09-21,610.0,618.0,609.0,617.0,458800.0,617.0,611.6,609.4,637.96,682.0666666666667,837.615,False,False,False,False,False,False,False,False,False,False,False,0.0275526742301458,-0.072933549432739,,,-0.0339708265802269,-0.1054565099945976,0.1782820097244732,0.2495948136142625,-0.0020721337112696,0.2408926813258944,727.0,729.0,1.0045982045106197,-0.0026960937989841,0.00205628238911,0.0006199713978777
2018-09-25,622.0,635.0,619.0,634.0,774700.0,634.0,619.2,611.8,636.88,680.6,836.07,False,False,False,False,False,False,False,False,False,False,True,-0.0063091482649842,-0.0946372239747634,,,-0.0045425867507886,-0.0735015772870662,0.2050473186119873,0.2160883280757097,-0.0021549613086492,0.2423994769532528,664.0,720.0,1.6885353095030515,-0.0016957668634594,0.0010003269355246,-8.282759737965589e-05
2018-09-26,631.0,641.0,622.0,625.0,607500.0,625.0,621.8,613.2,636.16,679.0533333333333,834.5,False,False,False,False,False,False,False,False,False,False,False,0.0,-0.1424,,,-0.0178559999999999,-0.0864853333333332,0.216,0.2064,-0.0022776806927291,0.2429876060013046,681.0,733.0,0.7841745191687105,-0.0011317907444668,0.0005639761189925,-0.0001227193840799
2018-09-27,628.0,643.0,626.0,629.0,753300.0,629.0,623.8,614.8,636.2,677.4533333333334,832.895,False,False,False,False,False,False,True,False,False,False,False,-0.0476947535771065,-0.1001589825119236,,,-0.0114467408585056,-0.0770323264440912,0.2416534181240063,0.1764705882352941,-0.002361786297703,0.2355237475601823,700.0,709.0,1.24,6.287331027990774e-05,0.0011946640547467,-8.410560497382983e-05
2018-09-28,630.0,639.0,626.0,630.0,440700.0,630.0,627.0,617.5,636.2,675.7733333333333,831.345,False,False,False,False,False,False,False,False,False,True,False,-0.0571428571428571,-0.1253968253968254,,,-0.0098412698412699,-0.0726560846560846,0.2333333333333333,0.1634920634920635,-0.0024860406842531,0.2289878542510121,755.0,675.0,0.5850258861011549,0.0,-6.287331027990774e-05,-0.0001242543865501
2018-10-01,631.0,636.0,628.0,634.0,380700.0,634.0,630.4,621.0,635.8,674.1466666666666,829.695,False,False,False,False,False,False,False,False,False,True,False,-0.0977917981072555,-0.1230283911671924,,,-0.0028391167192428,-0.0633228180862249,0.2492113564668769,0.1608832807570978,-0.0024129269595142,0.217391304347826,686.0,667.0,0.863852961198094,-0.0006291286568104,-0.0006291286568104,7.311372473894863e-05
2018-10-02,641.0,649.0,630.0,630.0,583200.0,630.0,629.6,624.4,634.88,672.6533333333333,827.91,False,False,False,False,False,False,False,False,False,True,False,-0.0888888888888888,-0.0873015873015873,,,-0.0077460317460317,-0.0677037037037036,0.2650793650793651,0.1571428571428571,-0.002220063826835,0.2083600256245996,675.0,655.0,1.5319148936170213,-0.0014490927419354,-0.0008199640851249,0.0001928631326792
2018-10-03,628.0,637.0,620.0,625.0,465000.0,625.0,629.6,625.7,632.68,671.1333333333333,825.865,False,False,False,False,False,False,False,False,False,True,False,-0.1424,-0.0784,,,-0.0122879999999999,-0.0738133333333333,0.2672,0.1808,-0.0022648256680242,0.2008949976026848,673.0,664.0,0.7973251028806584,-0.0034772712903838,-0.0020281785484484,-4.476184118917988e-05
2018-10-04,630.0,634.0,598.0,599.0,1030100.0,599.0,623.6,623.7,629.44,669.56,823.795,False,False,False,False,False,False,False,False,False,True,False,-0.0550918196994991,-0.0601001669449081,,,-0.0508180300500835,-0.1177963272120199,0.2988313856427379,0.2203672787979966,-0.0023498018599279,0.1956068622735289,671.0,683.0,2.215268817204301,-0.0051474326385356,-0.0016701613481518,-8.497619190377288e-05
2018-10-05,595.0,597.0,586.0,594.0,641200.0,594.0,616.4,621.7,626.08,668.2133333333334,821.45,False,False,False,False,False,False,False,False,False,True,False,-0.0723905723905724,-0.0168350168350168,,,-0.054006734006734,-0.1249382716049383,0.2676767676767677,0.1936026936026936,-0.0020153244472821,0.1922148946437188,703.0,668.0,0.6224638384622853,-0.0053667262969588,-0.0002192936584232,0.0003344774126458
2018-10-09,590.0,591.0,570.0,572.0,621800.0,572.0,604.0,617.2,621.52,666.32,818.925,False,False,False,False,False,False,False,False,False,True,False,-0.0279720279720279,0.1958041958041958,,,-0.0865734265734265,-0.1648951048951049,0.291958041958042,0.2482517482517482,-0.0028414775683355,0.1916720674011664,712.0,666.0,0.9697442295695572,-0.0073368515896512,-0.0019701252926923,-0.0008261531210533
2018-10-10,581.0,581.0,565.0,574.0,483000.0,574.0,592.8,611.2,617.16,664.48,816.375,False,False,False,False,False,False,False,False,False,False,False,0.0017421602787456,0.2752613240418118,,,-0.0751916376306619,-0.1576306620209059,0.2752613240418118,0.2508710801393728,-0.0027690825908981,0.1946989528795811,684.0,687.0,0.7767770987455773,-0.0070646185754099,0.0002722330142413,7.239497743731548e-05
2018-10-11,534.0,547.0,531.0,536.0,973900.0,536.0,575.0,602.3,612.0,662.16,813.64,False,False,False,False,False,False,False,False,False,True,False,0.0746268656716417,0.3470149253731343,,,-0.1417910447761194,-0.2353731343283581,0.3917910447761194,0.3451492537313433,-0.0035036849099916,0.2068736510044828,684.0,707.0,2.016356107660456,-0.0084313725490195,-0.0013667539736095,-0.0007346023190934
2018-10-12,532.0,569.0,532.0,566.0,846400.0,566.0,568.4,596.0,607.88,660.2133333333334,811.0,False,False,False,False,False,False,False,False,False,False,False,-0.0053003533568904,0.2455830388692579,,,-0.0739929328621908,-0.1664546525323911,0.3462897526501767,0.215547703180212,-0.002948541885451,0.2109060402684564,687.0,698.0,0.8690830680768046,-0.0067776534842403,0.0016537190647792,0.0005551430245405
2018-10-15,556.0,561.0,545.0,551.0,780100.0,551.0,559.8,588.1,604.16,658.0666666666667,808.455,False,False,False,False,False,False,False,False,False,False,False,0.0598911070780399,0.2268602540834845,,,-0.0964791288566242,-0.1943133696309741,0.4210526315789473,0.294010889292196,-0.003262080842873,0.2237714674375106,690.0,715.0,0.9216682419659736,-0.0061573093220339,0.0006203441622063,-0.0003135389574219
2018-10-16,550.0,559.0,549.0,556.0,723100.0,556.0,556.6,580.3,601.96,655.76,806.095,False,False,False,False,False,False,False,False,False,False,False,0.2302158273381295,0.3075539568345323,,,-0.0826618705035971,-0.1794244604316546,0.3866906474820143,0.2284172661870503,-0.0035175470700663,0.231087368602447,660.0,709.0,0.92693244455839,-0.0036547278888961,0.0025025814331377,-0.0002554662271933
2018-10-17,566.0,576.0,558.0,575.0,933600.0,575.0,556.8,574.8,600.56,653.8266666666667,803.8,False,False,False,False,False,False,False,False,False,False,False,0.2730434782608695,0.328695652173913,,,-0.0444521739130433,-0.1370898550724638,0.4765217391304348,0.177391304347826,-0.0029569508738298,0.233820459290188,661.0,719.0,1.2911077306043424,-0.0023311575862529,0.0013235703026431,0.0005605961962364
2018-10-18,578.0,582.0,571.0,576.0,440100.0,576.0,564.8,569.9,599.16,651.7333333333333,801.46,False,False,False,False,False,False,False,False,False,True,False,0.2534722222222222,0.3194444444444444,,,-0.0402083333333332,-0.1314814814814815,0.4600694444444444,0.2291666666666666,-0.0032119476268412,0.239164765748377,643.0,713.0,0.4714010282776349,-0.0023366045797449,-5.446993491956334e-06,-0.0002549967530114
2018-10-19,560.0,569.0,547.0,563.0,1035400.0,563.0,564.2,566.3,597.16,649.7866666666666,799.14,False,False,False,False,False,False,False,False,False,True,False,0.2522202486678508,0.3872113676731794,,,-0.0606749555950265,-0.1541503848431023,0.5239786856127886,0.2699822380106572,-0.0029958550498625,0.2442168461945966,628.0,714.0,2.352647125653261,-0.003349186147766,-0.0010125815680211,0.0002160925769786
2018-10-22,569.0,585.0,565.0,584.0,1011600.0,584.0,570.8,565.3,596.4,648.5733333333334,796.95,False,False,False,False,False,False,False,False,False,False,False,0.1575342465753424,0.3304794520547945,,,-0.0212328767123287,-0.1105707762557078,0.4486301369863014,0.0804794520547945,-0.0018707727730607,0.2326198478683885,630.0,724.0,0.9770137145064708,-0.0012743125419181,0.0020748736058479,0.0011250822768018
2018-10-23,644.0,684.0,632.0,684.0,6763700.0,684.0,596.4,576.5,599.8,648.8,795.25,False,False,False,True,True,False,True,True,True,False,True,0.0628654970760233,0.1578947368421052,,,0.1230994152046784,0.0514619883040936,0.2967836257309941,-0.0847953216374269,0.0003493629264281,0.1934084995663486,644.0,727.0,6.686140767101621,0.005668556185395,0.0069428687273132,0.0022201356994888
2018-10-24,685.0,742.0,684.0,732.0,5773000.0,732.0,627.8,592.3,605.24,649.8266666666667,793.87,False,False,False,False,False,False,True,True,False,False,False,0.0437158469945355,0.0887978142076502,,,0.1731693989071038,0.1122586520947176,0.2308743169398907,-0.1666666666666666,0.0015799084884175,0.1433395238899208,653.0,664.0,0.8535269157413842,0.0089881699821559,0.0033196137967608,0.0012305455619894
2018-10-25,708.0,736.0,701.0,722.0,2772300.0,722.0,657.0,610.9,609.64,650.6,792.54,False,False,False,False,False,False,True,True,False,True,False,0.0526315789473684,0.0969529085872576,,,0.1556232686980609,0.0988919667590027,0.242382271468144,-0.1108033240997229,0.0011886463777026,0.0955966606645931,680.0,681.0,0.4802182574051619,0.0072173741880453,-0.0017707957941105,-0.0003912621107149
2018-10-26,729.0,729.0,685.0,705.0,2247700.0,705.0,685.4,624.8,613.08,650.8933333333333,791.065,False,False,False,False,False,False,True,True,False,True,False,0.1078014184397163,0.1035460992907801,,,0.1303829787234042,0.0767470449172577,0.2609929078014184,-0.1191489361702127,0.0004506626789847,0.0604993597951345,680.0,700.0,0.8107708400966707,0.0056110132446011,-0.0016063609434442,-0.0007379836987178
2018-10-29,699.0,712.0,673.0,676.0,1450000.0,676.0,703.8,637.3,615.56,651.0,789.515,False,False,False,False,False,False,True,True,False,True,False,0.1494082840236686,0.1139053254437869,,,0.0894082840236687,0.03698224852071,0.2825443786982248,-0.0488165680473372,0.0001638504864311,0.0287148909461793,678.0,755.0,0.6451038839702807,0.0040288517772433,-0.0015821614673577,-0.0002868121925535
2018-10-30,677.0,729.0,677.0,727.0,2127900.0,727.0,712.4,654.4,619.96,651.8133333333334,788.27,False,False,False,False,False,False,True,True,False,False,False,0.0894085281980742,0.0165061898211829,,,0.1472352132049518,0.1034204493351672,0.1884456671251719,-0.1017881705639614,0.0012478010064231,-0.0027506112469436,686.0,686.0,1.4675172413793105,0.0070972320794891,0.0030683803022458,0.001083950519992
2018-10-31,733.0,764.0,731.0,764.0,1897600.0,764.0,718.8,673.3,625.16,652.84,787.34,False,False,False,False,False,False,True,True,False,False,False,0.0431937172774869,-0.0418848167539267,,,0.1817277486910995,0.1454973821989528,0.094240837696335,-0.1400523560209424,0.0015726160570226,-0.0337145403237783,683.0,675.0,0.8917712298510269,0.0083178706251198,0.0012206385456307,0.0003248150505994
2018-11-01,767.0,776.0,750.0,760.0,1010700.0,760.0,726.4,691.7,630.56,653.5466666666666,786.435,False,False,False,False,False,False,True,True,False,False,False,0.0421052631578947,-0.0184210526315789,,,0.1703157894736842,0.1400701754385965,0.1236842105263157,-0.1460526315789473,0.0010812795821771,-0.0679485326008385,665.0,673.0,0.5326201517706577,0.0085638162902816,0.0002459456651617,-0.0004913364748454
2018-11-02,764.0,781.0,757.0,781.0,1346700.0,781.0,741.6,713.5,636.64,654.6533333333333,785.65,False,False,False,False,False,False,True,True,False,False,False,-0.0038412291933418,-0.0243277848911651,,,0.1848399487836107,0.1617755014938114,0.056338028169014,-0.1715749039692701,0.0016904621275382,-0.1059565522074282,669.0,671.0,1.3324428613831998,0.0095501382256849,0.0009863219354032,0.0006091825453611
2018-11-05,784.0,789.0,769.0,777.0,975200.0,777.0,761.8,732.8,642.52,655.48,784.94,False,False,False,False,False,False,True,True,False,True,False,-0.0308880308880308,0.0077220077220077,,,0.1730759330759331,0.1563963963963963,0.0566280566280566,-0.1814671814671814,0.0012611623034519,-0.1288209606986899,644.0,703.0,0.7241404915719908,0.0091514661022224,-0.0003986721234624,-0.0004292998240862
2018-11-06,781.0,797.0,781.0,792.0,907700.0,792.0,774.8,743.6,648.84,656.5866666666667,784.285,False,False,False,False,False,False,True,True,False,False,False,-0.0669191919191919,-0.0265151515151515,,,0.1807575757575757,0.1709764309764309,0.0265151515151515,-0.1881313131313131,0.0016854845260336,-0.1391877353415815,611.0,712.0,0.9307834290401968,0.0097404598976636,0.0005889937954411,0.0004243222225816
2018-11-07,790.0,805.0,776.0,797.0,1139800.0,797.0,781.4,750.1,655.52,657.6266666666667,783.73,False,False,False,False,False,False,True,True,False,False,False,-0.0815558343789209,0.0652446675031367,,,0.1775156838143036,0.1748724383103304,0.0100376411543287,-0.1806775407779172,0.0015814443858723,-0.1409145447273697,610.0,684.0,1.2557012228709927,0.0101903832072247,0.0004499233095611,-0.0001040401401612
2018-11-08,808.0,812.0,792.0,792.0,706000.0,792.0,787.8,757.1,662.2,658.68,783.065,True,True,False,False,False,False,True,True,False,True,False,-0.058080808080808,0.0618686868686868,,,0.1638888888888888,0.1683333333333334,-0.0214646464646464,-0.1868686868686868,0.001599157911783,-0.1485933166028265,611.0,684.0,0.6194069134935953,0.0100875868317729,-0.0001027963754517,1.7713525910713996e-05
2018-11-09,787.0,802.0,777.0,778.0,924800.0,778.0,787.2,764.4,669.36,659.5333333333333,782.31,False,False,False,False,False,False,True,True,False,False,False,-0.0205655526992287,0.1028277634961439,,,0.1396401028277634,0.1522707797772065,-0.0102827763496143,-0.1503856041131105,0.0012938441322147,-0.15149136577708,613.0,687.0,1.309915014164306,0.0106967849886458,0.0006091981568728,-0.0003053137795683
2018-11-12,763.0,779.0,748.0,753.0,899200.0,753.0,782.4,772.1,675.72,659.92,781.255,False,False,False,False,False,False,True,True,False,True,False,0.0398406374501992,0.1235059760956175,,,0.1026294820717131,0.1236122177954847,-0.0265604249667994,-0.1620185922974767,0.0005859296076291,-0.1615075767387644,603.0,690.0,0.972318339100346,0.009412182560824,-0.0012846024278217,-0.0007079145245855
2018-11-13,708.0,754.0,708.0,739.0,1490100.0,739.0,771.8,773.3,682.4,660.08,780.045,False,False,False,False,False,False,True,True,False,False,False,0.0433017591339648,0.2002706359945872,,,0.0765899864682003,0.1067929634641406,0.020297699594046,-0.1880920162381597,0.000242394861229,-0.169662485451959,599.0,660.0,1.6571396797153024,0.0097889800703399,0.0003767975095158,-0.0003435347464001
2018-11-14,739.0,759.0,730.0,732.0,888600.0,732.0,758.8,770.1,688.72,660.9866666666667,778.91,False,False,False,False,False,False,True,True,False,True,False,0.1598360655737705,0.2308743169398907,,,0.0591256830601092,0.0970127504553733,-0.0136612021857923,-0.2377049180327868,0.0013716867712913,-0.1790676535514868,596.0,661.0,0.5963358163881619,0.0091764432570566,-0.0006125368132832,0.0011292919100622
2018-11-15,728.0,750.0,727.0,746.0,1068400.0,746.0,749.6,768.7,697.12,661.8533333333334,777.82,False,False,False,False,False,False,True,True,False,False,False,0.1273458445040214,0.2024128686327077,,,0.0655227882037533,0.1127971403038426,-0.03485254691689,-0.2225201072386059,0.0013094542597554,-0.186548718615845,612.0,643.0,1.202340760747243,0.0120495753959145,0.0028731321388579,-6.223251153591341e-05
2018-11-16,750.0,777.0,750.0,762.0,947900.0,762.0,746.4,766.8,704.96,662.68,776.81,False,False,False,False,False,False,True,True,False,True,False,0.1259842519685039,0.1666666666666666,,,0.0748556430446193,0.1303412073490814,-0.0682414698162729,-0.2270341207349081,0.0012474598096616,-0.1920970266040688,619.0,628.0,0.8872145263946087,0.0111211983658647,-0.0009283770300498,-6.199445009377334e-05
2018-11-19,753.0,786.0,747.0,783.0,809600.0,783.0,752.4,767.4,714.24,663.0533333333333,776.0,False,False,False,False,False,False,True,True,False,False,False,0.0804597701149425,0.10727969348659,,,0.0878160919540229,0.1531885908897403,-0.1098339719029374,-0.2554278416347382,0.0005630517404331,-0.1996351316132394,614.0,630.0,0.8540985336005907,0.0129928315412186,0.0018716331753538,-0.0006844080692285
2018-11-20,769.0,796.0,762.0,771.0,1337300.0,771.0,758.8,765.3,722.84,664.1866666666666,775.215,False,False,False,False,False,False,True,True,False,True,False,0.1504539559014267,0.1206225680933852,,,0.0624643320363164,0.1385386943363598,-0.0428015564202334,-0.2607003891050584,0.0017063476131207,-0.2069776558212465,617.0,644.0,1.6518033596837944,0.0118975153560954,-0.0010953161851231,0.0011432958726876
2018-11-21,774.0,861.0,774.0,849.0,3549500.0,849.0,782.2,770.5,733.8,666.5066666666667,774.755,False,False,False,False,False,False,True,True,False,False,True,0.061248527679623,-0.0153121319199057,,,0.1356890459363958,0.2149509226541028,-0.1378091872791519,-0.3133097762073027,0.0034808354004961,-0.2214146658014276,634.0,653.0,2.65422866970762,0.0149359498500952,0.0030384344939998,0.0017744877873753
2018-11-22,855.0,859.0,826.0,841.0,1069600.0,841.0,801.2,775.4,744.4,668.7466666666667,774.175,False,False,False,False,False,False,True,True,False,True,False,0.0665873959571938,0.0154577883472057,,,0.1148632580261593,0.2048196591359492,-0.1284185493460166,-0.3103448275862069,0.0033495494058537,-0.2345885994325509,625.0,680.0,0.3013382166502324,0.0142396560988716,-0.0006962937512236,-0.0001312859946424
2018-11-26,835.0,860.0,824.0,858.0,753900.0,858.0,820.4,783.4,756.2,671.24,773.925,False,False,False,False,False,False,True,True,False,False,False,0.0361305361305361,-0.0384615384615384,,,0.1186480186480185,0.2176689976689976,-0.1072261072261072,-0.324009324009324,0.0037145184037502,-0.2527444472810825,629.0,680.0,0.7048429319371727,0.015604337476858,0.0013646813779864,0.0003649689978965
2018-11-27,867.0,883.0,844.0,846.0,1022100.0,846.0,833.0,792.7,766.68,673.1466666666666,773.935,False,False,False,False,False,False,True,True,False,True,False,0.0248226950354609,-0.0295508274231678,,,0.093758865248227,0.2043183609141056,-0.1252955082742316,-0.3238770685579196,0.0028324684070831,-0.2689542071401539,630.0,678.0,1.35575009948269,0.0136693274899565,-0.0019350099869014,-0.0008820499966671
2018-11-28,854.0,893.0,854.0,887.0,1202600.0,887.0,856.2,807.5,774.8,675.48,774.13,False,False,False,False,False,False,True,True,False,True,False,-0.0259301014656144,-0.0834272829763247,,,0.1264937993235626,0.238466741826381,-0.1375422773393461,-0.370913190529876,0.0034543337083753,-0.2875541795665635,634.0,686.0,1.1765972018393505,0.0104801239029427,-0.0031892035870138,0.0006218653012922
2018-11-29,901.0,933.0,893.0,901.0,1527200.0,901.0,866.6,824.4,781.56,678.3733333333333,774.31,False,False,False,False,False,False,True,True,False,True,False,-0.0721420643729189,-0.1065482796892341,,,0.1325638179800222,0.2470884202737698,-0.174250832408435,-0.3740288568257491,0.0042651047604072,-0.3014313440077632,630.0,683.0,1.2699151837685017,0.008649367930805,-0.0018307559721376,0.0008107710520318
2018-11-30,900.0,927.0,891.0,897.0,727700.0,897.0,877.8,839.5,788.56,681.2133333333334,774.54,False,False,False,False,False,False,True,True,False,False,False,-0.0479375696767001,-0.1360089186176142,,,0.120891861761427,0.240564845782237,-0.1426978818283166,-0.3534002229654404,0.0041690317277015,-0.3139964264443121,625.0,665.0,0.4764929282346778,0.0088769402455108,0.0002275723147057,-9.6073032705625e-05
2018-12-03,904.0,911.0,883.0,889.0,541700.0,889.0,884.0,852.2,795.92,683.9066666666666,774.63,False,False,False,False,False,False,True,True,False,False,False,-0.0719910011248594,-0.1338582677165354,,,0.1047019122609674,0.2307011623547057,-0.1136107986501687,-0.3577052868391451,0.00393815920301,-0.326331846984276,599.0,669.0,0.7444001649031194,0.0092471605186451,0.0003702202731343,-0.0002308725246915
2018-12-04,880.0,893.0,858.0,867.0,817700.0,867.0,888.2,860.6,803.56,686.2666666666667,774.55,False,False,False,False,False,False,True,True,False,False,False,-0.0530565167243368,-0.154555940023068,,,0.0731718569780854,0.2084582852748943,-0.1303344867358708,-0.3310265282583621,0.0034388964445308,-0.3332558679990705,594.0,644.0,1.5095071072549382,0.0095076907760465,0.0002605302574014,-0.0004992627584792
2018-12-05,860.0,876.0,853.0,864.0,785900.0,864.0,883.6,869.9,809.04,688.9866666666667,774.05,False,False,False,False,False,False,True,True,False,True,False,-0.0590277777777777,-0.1273148148148148,,,0.0636111111111111,0.2025617283950617,-0.1076388888888889,-0.3229166666666667,0.0039478267600728,-0.3386596160478216,572.0,611.0,0.961110431698667,0.006773459903095,-0.0027342308729515,0.0005089303155419
2018-12-06,856.0,864.0,820.0,836.0,765400.0,836.0,870.6,868.6,811.92,691.32,773.165,False,False,False,False,False,False,True,True,False,True,False,-0.0370813397129186,-0.1363636363636363,,,0.0288038277511962,0.1730622009569377,-0.0777511961722488,-0.3050239234449761,0.0033751856352099,-0.3379000690766751,574.0,610.0,0.9739152563939432,0.0035471475022169,-0.003226312400878,-0.0005726411248628
2018-12-07,849.0,860.0,833.0,854.0,675000.0,854.0,862.0,869.9,815.68,694.1333333333333,772.265,False,False,False,False,False,False,True,True,False,False,False,-0.0925058548009367,-0.1569086651053864,,,0.0448711943793911,0.1871975019516003,-0.117096018735363,-0.3185011709601874,0.0040530157510563,-0.3386596160478216,536.0,611.0,0.8818918212699243,0.004609650843468,0.001062503341251,0.0006778301158463
2018-12-10,845.0,853.0,821.0,825.0,503800.0,825.0,849.2,866.6,817.44,696.76,771.1,False,False,False,False,False,False,True,True,False,True,False,-0.0666666666666666,-0.1393939393939394,,,0.0091636363636362,0.1554424242424242,-0.103030303030303,-0.2957575757575758,0.0037698298792506,-0.3360258481421648,566.0,613.0,0.7463703703703704,0.0021530632217656,-0.0024565876217023,-0.0002831858718057
2018-12-11,829.0,835.0,815.0,821.0,568000.0,821.0,840.0,864.1,819.2,699.3066666666666,769.8,False,False,False,False,False,False,True,True,False,True,False,-0.1071863580998782,-0.1510353227771011,,,0.002192448233861,0.1482257409663013,-0.1071863580998782,-0.2898903775883069,0.003641702257474,-0.3328318481657216,551.0,603.0,1.1274315204446208,0.0021484374999999,-4.6257217656505735e-06,-0.0001281276217766
2018-12-12,815.0,818.0,796.0,813.0,856100.0,813.0,829.8,856.7,820.04,701.56,768.45,False,False,False,False,False,False,True,True,False,True,False,-0.072570725707257,-0.092250922509225,,,-0.0086592865928658,0.1370725707257073,-0.094710947109471,-0.2755227552275522,0.003211889693445,-0.3234504493988561,556.0,599.0,1.507218309859155,0.0010243402760839,-0.0011240972239159,-0.0004298125640289
2018-12-13,820.0,831.0,802.0,805.0,713700.0,805.0,823.6,847.1,820.36,703.5866666666667,766.925,False,False,False,False,False,False,True,True,False,True,False,-0.1031055900621118,-0.0906832298136646,,,-0.0190807453416149,0.1259792960662525,-0.0944099378881987,-0.2683229813664596,0.0028804790691505,-0.3128320151103765,575.0,596.0,0.8336642915547249,0.0003900726510313,-0.0006342676250526,-0.0003314106242945
2018-12-14,808.0,810.0,775.0,775.0,672400.0,775.0,807.8,834.9,819.68,704.8533333333334,765.225,False,False,False,False,False,False,False,True,False,True,False,-0.0709677419354838,-0.0541935483870967,,,-0.0576516129032257,0.0905118279569892,-0.0477419354838709,-0.2438709677419354,0.0017970641646488,-0.3020721044436458,576.0,612.0,0.9421325486899256,-0.0008295920359165,-0.0012196646869478,-0.0010834149045016
2018-12-17,775.0,786.0,763.0,770.0,642600.0,770.0,796.8,823.0,819.36,706.0533333333333,763.785,False,False,False,False,False,False,False,True,False,False,False,-0.0779220779220779,-0.0051948051948051,,,-0.0641038961038961,0.0830476190476191,-0.0506493506493506,-0.2532467532467532,0.0016995883219397,-0.2914945321992709,563.0,619.0,0.9556811421772754,-0.0003905487209528,0.0004390433149636,-9.747584270918852e-05
2018-12-18,750.0,760.0,731.0,733.0,704600.0,733.0,779.2,809.6,818.56,706.7866666666666,762.28,False,False,False,False,False,False,False,True,False,True,False,-0.0491132332878581,0.0095497953615279,,,-0.116725784447476,0.0357617098681219,-0.0327421555252387,-0.2114597544338335,0.0010375596596804,-0.2800148221343874,584.0,614.0,1.0964830376595085,-0.0009773260359656,-0.0005867773150128,-0.0006620286622592
2018-12-19,736.0,765.0,731.0,754.0,604900.0,754.0,767.4,798.6,819.16,707.6933333333334,761.03,False,False,False,False,False,False,True,True,False,False,False,-0.0212201591511936,0.0145888594164456,,,-0.086419098143236,0.0614146772767461,-0.053050397877984,-0.2108753315649867,0.0012811575635398,-0.2688454795892813,684.0,617.0,0.8585012773204656,0.0007324576395332,0.0017097836754988,0.0002435979038594
2018-12-20,740.0,746.0,716.0,722.0,564400.0,722.0,750.8,787.2,818.76,708.2133333333334,759.73,False,False,False,False,False,False,False,True,False,True,False,0.0138504155124653,0.0304709141274238,,,-0.1340166204986149,0.0190951061865188,-0.0055401662049861,-0.1842105263157894,0.0007342420362978,-0.2572408536585365,732.0,634.0,0.9330467845924948,-0.0004885436513752,-0.0012210012909084,-0.0005469155272419
2018-12-21,718.0,730.0,708.0,720.0,603700.0,720.0,739.8,773.8,817.72,708.9466666666667,758.555,False,False,False,False,False,False,False,True,False,True,False,0.0180555555555555,0.0680555555555555,,,-0.1357222222222222,0.0153518518518517,0.0013888888888888,-0.1805555555555555,0.001034398450283,-0.2433445334711811,722.0,625.0,1.0696314670446492,-0.0012718289879175,-0.0007832853365423,0.0003001564139851
2018-12-25,670.0,723.0,666.0,710.0,681400.0,710.0,727.8,762.3,815.64,709.4933333333333,757.24,False,False,False,False,False,False,False,True,False,True,False,0.0788732394366197,0.1098591549295774,,,-0.1487887323943661,0.0007136150234741,-0.0309859154929577,-0.1718309859154929,0.0007705028940839,-0.2310114128295945,705.0,629.0,1.128706311081663,-0.0025501446716689,-0.0012783156837513,-0.000263895556199
2018-12-26,713.0,728.0,684.0,697.0,690400.0,697.0,720.6,749.9,812.2,710.2,755.86,False,False,False,False,False,False,False,True,False,True,False,0.0616929698708751,0.0817790530846484,,,-0.1652797704447633,-0.0189383070301291,0.0229555236728837,-0.152080344332855,0.0009950248756219,-0.2172289638618482,676.0,630.0,1.013208100968594,-0.0042354099975374,-0.0016852653258685,0.0002245219815379
2018-12-27,734.0,756.0,724.0,738.0,595100.0,738.0,717.4,742.4,810.88,711.8933333333333,754.69,False,False,False,False,False,False,False,True,False,False,False,0.0365853658536585,0.0447154471544715,,,-0.0987533875338753,0.0353748870822041,-0.0745257452574525,-0.2032520325203252,0.0023786335031464,-0.2094558189655172,727.0,634.0,0.8619640787949016,-0.0016278610891871,0.0026075489083503,0.0013836086275245
2018-12-28,739.0,759.0,721.0,732.0,744300.0,732.0,719.4,735.1,806.2,713.52,753.555,False,False,False,False,False,False,False,True,False,True,False,0.0163934426229508,0.0532786885245901,,,-0.1013661202185793,0.0252459016393442,-0.0751366120218579,-0.1926229508196721,0.0022797772545502,-0.2013331519521153,764.0,630.0,1.2507141656864391,-0.0058050111634829,-0.0041771500742958,-9.885624859624216e-05
2019-01-04,716.0,736.0,714.0,733.0,530300.0,733.0,722.0,730.9,801.88,715.1466666666666,752.425,False,False,False,False,False,False,False,True,False,False,False,0.0491132332878581,0.0286493860845839,,,-0.0939699863574352,0.024356525693497,-0.034106412005457,-0.1978171896316507,0.002274591692147,-0.196470105349569,760.0,625.0,0.7124815262662905,-0.0053873397515838,0.0004176714118991,-5.185562403145754e-06
2019-01-07,766.0,774.0,750.0,766.0,490200.0,766.0,733.2,730.5,798.2,717.1866666666666,751.235,False,False,False,False,False,False,False,True,False,False,False,0.0287206266318537,-0.0339425587467362,,,-0.0420365535248042,0.0637249782419496,-0.0665796344647519,-0.2101827676240208,0.0028444477495398,-0.1919233401779603,781.0,599.0,0.9243824250424288,-0.0046103733400149,0.0007769664115688,0.0005698560573927
2019-01-08,768.0,770.0,740.0,740.0,556800.0,740.0,741.8,731.2,793.96,719.0133333333333,749.89,False,False,False,False,False,False,False,True,False,True,False,0.0189189189189189,-0.0094594594594594,,,-0.0729189189189189,0.0283603603603603,-0.1472972972972973,-0.1891891891891892,0.0025405184882988,-0.1896881838074398,777.0,594.0,1.1358629130966953,-0.0053403194115572,-0.0007299460715422,-0.0003039292612409
2019-01-09,765.0,800.0,763.0,765.0,1099400.0,765.0,747.2,732.3,789.08,721.2266666666667,748.425,False,False,False,False,False,False,False,True,False,True,False,0.0078431372549019,-0.0379084967320261,,,-0.0314771241830065,0.0572200435729847,-0.1816993464052287,-0.2235294117647059,0.0030688456703394,-0.1910419227092721,792.0,572.0,1.9744971264367817,-0.0061844172960916,-0.0008440978845343,0.0005283271820406
2019-01-10,754.0,769.0,742.0,744.0,504100.0,744.0,749.6,734.5,782.8,723.2,746.865,False,False,False,False,False,False,False,True,False,True,False,0.0362903225806451,-0.0201612903225806,,,-0.0521505376344085,0.0279569892473117,-0.1801075268817204,-0.2043010752688172,0.0027286135693215,-0.1930565010211027,797.0,574.0,0.4585228306348917,-0.0080224833929485,-0.0018380660968568,-0.0003402321010179
2019-01-11,759.0,792.0,758.0,769.0,755600.0,769.0,756.8,739.4,777.68,725.2933333333333,745.51,False,False,False,False,False,False,False,True,False,False,False,-0.0195058517555266,-0.0403120936280884,,,-0.0112873862158646,0.0568357173818812,-0.165149544863459,-0.2418725617685305,0.0028861885765757,-0.1993508249932377,792.0,536.0,1.498908946637572,-0.0065836848060899,0.0014387985868585,0.0001575750072542
2019-01-15,761.0,796.0,756.0,788.0,650400.0,788.0,761.2,747.2,773.64,727.5466666666666,744.61,False,False,False,False,True,False,False,True,False,False,False,-0.0609137055837563,-0.0723350253807106,,,0.0182233502538071,0.0767174280879865,-0.2119289340101522,-0.2550761421319797,0.0030971667338635,-0.2078426124197002,778.0,566.0,0.860772895712017,-0.0052220671113178,0.001361617694772,0.0002109781572877
2019-01-16,791.0,799.0,752.0,754.0,646200.0,754.0,764.0,752.9,769.12,729.4133333333333,743.665,False,False,False,False,False,False,False,True,False,True,False,-0.0278514588859416,-0.059681697612732,,,-0.0200530503978779,0.0326083112290009,-0.1472148541114058,-0.2427055702917772,0.0025591342814316,-0.2164962146367379,753.0,551.0,0.9935424354243544,-0.0058768462658622,-0.0006547791545443,-0.0005380324524319
2019-01-17,757.0,782.0,757.0,771.0,579900.0,771.0,765.2,756.2,765.4,731.4666666666667,742.98,False,False,False,False,False,False,False,True,False,False,False,-0.0453955901426718,-0.0739299610894941,,,0.0072632944228275,0.0512753999135321,-0.1530479896238651,-0.2360570687418936,0.0028071454611739,-0.2197831261571013,739.0,556.0,0.8974001857010213,-0.0048602038149987,0.0010166424508635,0.0002480111797423
2019-01-18,788.0,793.0,771.0,771.0,359700.0,771.0,770.6,760.1,762.8,733.2933333333333,742.375,False,False,False,False,False,False,False,True,False,False,False,-0.0544747081712062,-0.0687418936446173,,,0.0106355382619974,0.0489061824470385,-0.1478599221789883,-0.2088197146562905,0.0024910449660889,-0.2212866728062097,732.0,575.0,0.620279358510088,-0.0034084950183534,0.0014517087966452,-0.000316100495085
2019-01-21,788.0,788.0,754.0,754.0,331900.0,754.0,767.6,762.2,758.8,735.0133333333333,741.575,False,False,False,False,False,False,False,True,False,True,False,-0.0212201591511936,-0.0437665782493368,,,-0.006366047745358,0.0251812555260831,-0.1392572944297082,-0.1790450928381962,0.0023400936037441,-0.2193649960640252,746.0,576.0,0.9227133722546568,-0.0052714812862414,-0.0018629862678879,-0.0001509513623447
2019-01-22,768.0,770.0,728.0,740.0,476400.0,740.0,758.0,759.6,755.4,736.4933333333333,740.74,False,False,False,False,False,False,False,True,False,False,False,-0.0121621621621621,-0.0702702702702702,,,-0.0208108108108107,0.0047387387387387,-0.1256756756756756,-0.1391891891891891,0.0020095226026033,-0.2124802527646129,762.0,563.0,1.4353721000301296,-0.0045009266613714,0.00077055462487,-0.0003305710011408
2019-01-23,730.0,751.0,726.0,733.0,287700.0,733.0,753.8,758.9,751.88,737.8666666666667,739.75,False,False,False,False,False,False,False,True,False,True,False,-0.0327421555252387,-0.0272851296043656,,,-0.0257571623465211,-0.0066393815370623,-0.1323328785811732,-0.1527967257844474,0.0018612215395735,-0.2089866912636711,783.0,584.0,0.603904282115869,-0.0046815981273607,-0.0001806714659892,-0.0001483010630298
2019-01-24,718.0,737.0,703.0,736.0,943700.0,736.0,746.8,756.0,748.8,739.2266666666667,738.635,False,False,False,False,False,False,False,True,False,False,False,-0.029891304347826,-0.0720108695652173,,,-0.017391304347826,-0.0043840579710145,-0.1263586956521739,-0.2010869565217391,0.0018397604704015,-0.2067460317460316,771.0,684.0,3.2801529370872435,-0.0041132478632479,0.0005683502641128,-2.146106917202831e-05
2019-01-25,739.0,748.0,726.0,729.0,491000.0,729.0,738.4,754.5,745.76,740.5466666666666,737.455,False,False,False,False,False,False,False,True,False,False,False,-0.0150891632373113,-0.0713305898491083,,,-0.0229903978052126,-0.0158390489254686,-0.1042524005486968,-0.1920438957475994,0.0017824670063555,-0.2055666003976143,849.0,732.0,0.5202924658260041,-0.0040763784595579,3.686940368993232e-05,-5.729346404593984e-05
2019-01-28,728.0,742.0,722.0,738.0,306800.0,738.0,735.2,751.4,744.28,742.0533333333333,736.42,False,False,False,False,False,False,False,True,False,False,False,-0.0230352303523035,-0.040650406504065,,,-0.0085094850948509,-0.0054923215898825,-0.1273712737127371,-0.2005420054200542,0.0020304021274301,-0.2013574660633483,841.0,722.0,0.624847250509165,-0.0019884989520073,0.0020878795075506,0.0002479351210746
2019-01-29,727.0,732.0,706.0,731.0,504300.0,731.0,733.4,745.7,742.72,743.8133333333334,735.62,False,False,True,False,False,False,False,True,False,True,False,-0.0588235294117647,-0.0218878248974008,,,-0.0160328317373461,-0.0175284997720019,-0.0957592339261285,-0.188782489740082,0.0023661850643532,-0.1944481695051629,858.0,705.0,1.64374185136897,-0.0021003877638947,-0.0001118888118874,0.000335782936923
2019-01-30,729.0,729.0,689.0,709.0,1224800.0,709.0,728.6,741.2,741.76,745.3466666666667,734.665,False,False,False,False,False,False,False,True,False,False,False,0.005641748942172,-0.1100141043723554,,,-0.0462059238363892,-0.0512646920545369,-0.1100141043723554,-0.1382228490832158,0.0020572082789216,-0.1841608202914193,846.0,676.0,2.428713067618481,-0.0012942191544435,0.0008061686094512,-0.0003089767854315
2019-01-31,722.0,727.0,710.0,714.0,361400.0,714.0,724.2,735.5,740.16,747.24,733.78,False,False,False,False,False,False,False,True,False,True,False,-0.0434173669467787,-0.1232492997198879,,,-0.0366386554621848,-0.0465546218487395,-0.1596638655462184,-0.1596638655462184,0.0025337687133094,-0.1763426240652618,887.0,727.0,0.2950685826257348,-0.0021616947686986,-0.0008674756142551,0.0004765604343877
2019-02-01,720.0,734.0,713.0,718.0,260100.0,718.0,722.0,730.2,740.0,749.16,732.875,False,False,False,False,False,False,False,True,False,False,False,-0.0571030640668523,-0.1504178272980501,,,-0.0306406685236768,-0.0433983286908077,-0.2228412256267409,-0.1657381615598885,0.0025628704148645,-0.1718707203505888,901.0,764.0,0.7197011621472054,-0.0002162162162161,0.0019454785524825,2.910170155519297e-05
2019-02-04,720.0,733.0,714.0,721.0,338600.0,721.0,718.6,726.9,740.04,751.6266666666667,732.025,False,False,False,False,False,False,True,True,False,False,False,-0.0180305131761442,-0.1095700416088765,,,-0.0264077669902912,-0.0424780397595931,-0.1955617198335645,-0.1705963938973647,0.0032817710920315,-0.1710001375705048,897.0,760.0,1.3018069973087274,5.405113237117402e-05,0.0002702673485873,0.0007189006771669
2019-02-05,726.0,726.0,684.0,688.0,856800.0,688.0,710.0,721.7,739.16,753.2533333333333,731.035,False,False,False,False,False,False,False,True,False,True,False,0.0392441860465116,-0.0973837209302325,,,-0.074360465116279,-0.09484496124031,-0.1438953488372093,-0.1337209302325581,0.0021595213651007,-0.1707080504364695,889.0,781.0,2.5304193738924985,-0.0011905406136695,-0.0012445917460407,-0.0011222497269308
2019-02-06,698.0,715.0,696.0,713.0,460200.0,713.0,710.8,719.7,739.8,755.4133333333333,730.18,False,False,False,False,False,False,True,True,False,False,False,-0.1150070126227209,-0.0981767180925666,,,-0.0375876577840111,-0.0594857410004674,-0.182328190743338,-0.1725105189340813,0.002859361762214,-0.1727108517437822,867.0,777.0,0.5371148459383753,0.0008650986753176,0.0020556392889872,0.0006998403971133
2019-02-07,705.0,712.0,678.0,683.0,442300.0,683.0,704.6,714.4,737.6,757.1066666666667,729.17,False,False,False,False,False,False,False,True,False,True,False,-0.0834553440702781,-0.0439238653001464,,,-0.0799414348462665,-0.1085017081503172,-0.1654465592972181,-0.1522693997071742,0.002236584893366,-0.1678331466965285,864.0,792.0,0.9611038678835288,-0.0029826464208242,-0.0038477450961418,-0.0006227768688479
2019-02-08,676.0,683.0,666.0,677.0,402800.0,677.0,696.4,709.2,735.4,758.4666666666667,728.25,False,False,False,False,False,False,False,True,False,True,False,-0.0989660265878877,-0.0295420974889217,,,-0.0862629246676513,-0.1203348104382078,-0.138847858197932,-0.1344165435745938,0.0017930913246022,-0.1621545403271291,836.0,797.0,0.9106940990278092,-0.0029915692140332,-8.922793209038566e-06,-0.0004434935687637
2019-02-12,680.0,715.0,671.0,708.0,838400.0,708.0,693.8,706.2,734.4,760.2266666666667,727.46,False,False,False,False,False,False,False,True,False,False,False,-0.0932203389830508,-0.0833333333333333,,,-0.0372881355932203,-0.0737664783427495,-0.1807909604519774,-0.1723163841807909,0.0023150990055597,-0.1591617105635798,854.0,792.0,2.081429990069513,-0.0013616557734204,0.0016299134406127,0.0005220076809574
2019-02-13,710.0,725.0,702.0,715.0,968500.0,715.0,699.2,704.6,732.36,762.2533333333333,726.605,False,False,False,False,False,False,False,True,False,True,False,-0.1314685314685314,-0.0951048951048951,,,-0.0242797202797203,-0.066088578088578,-0.1888111888111888,-0.1734265734265734,0.0026587836064999,-0.1575361907465228,825.0,778.0,1.155176526717557,-0.0027855153203342,-0.0014238595469137,0.0003436846009402
2019-02-14,718.0,718.0,630.0,631.0,2048800.0,631.0,682.8,696.8,728.0,762.88,725.27,False,False,False,False,False,False,False,True,False,True,False,0.0190174326465927,0.0079239302694136,,,-0.1537242472266244,-0.2090015847860538,-0.0935023771790808,-0.0665610142630744,0.0008214485458612,-0.1512629161882893,821.0,753.0,2.1154362416107384,-0.005989010989011,-0.0032034956686767,-0.0018373350606386
2019-02-15,627.0,648.0,619.0,626.0,980100.0,626.0,671.4,688.0,722.44,762.1066666666667,723.805,False,False,False,False,False,False,False,False,False,True,False,0.0431309904153354,0.0271565495207667,,,-0.1540575079872205,-0.2174227902023429,-0.108626198083067,-0.0686900958466453,-0.0010147310962594,-0.1428779069767441,813.0,739.0,0.4783775868801249,-0.0076961408559879,-0.0017071298669769,-0.0018361796421207
2019-02-18,629.0,634.0,608.0,610.0,1091700.0,610.0,658.0,677.2,717.08,760.48,722.295,False,False,False,False,False,False,False,False,False,False,False,0.0770491803278688,0.0704918032786885,,,-0.1755409836065574,-0.2466885245901639,-0.0754098360655737,-0.0688524590163934,-0.0021389999298688,-0.1337861783815712,805.0,732.0,1.1138659320477502,-0.0074747587437942,0.0002213821121936,-0.0011242688336093
2019-02-19,617.0,646.0,613.0,642.0,1167900.0,642.0,644.8,669.3,712.0,759.4133333333333,720.87,False,False,False,False,False,False,False,False,False,False,False,0.0109034267912772,0.0031152647975077,,,-0.1090342679127725,-0.1828868120456905,-0.0965732087227414,-0.1728971962616822,-0.0014045930191727,-0.1335723890632003,775.0,746.0,1.0697993954383072,-0.0071348314606742,0.00033992728312,0.000734406910696
2019-02-20,642.0,644.0,614.0,621.0,820700.0,621.0,626.0,662.6,705.32,758.2933333333333,719.34,False,False,False,False,False,False,False,False,False,True,False,0.0418679549114331,0.0644122383252818,,,-0.1357809983896941,-0.2210842726784755,-0.0805152979066022,-0.143317230273752,-0.0014770009846673,-0.134470268638696,770.0,762.0,0.7027142734823187,-0.0094708784665115,-0.0023360470058373,-7.240796549456453e-05
2019-02-21,629.0,648.0,623.0,643.0,778000.0,643.0,628.4,655.6,700.88,757.8533333333334,718.12,False,False,False,False,False,False,False,False,False,False,False,-0.0108864696734059,-0.0186625194401244,,,-0.0900155520995334,-0.1786210471747019,-0.0979782270606531,-0.2006220839813375,-0.0005805872728231,-0.1368212324588164,733.0,783.0,0.9479712440599488,-0.0063348932770232,0.0031359851894883,0.0008964137118441
2019-02-22,653.0,667.0,647.0,653.0,899300.0,653.0,633.8,652.6,696.16,756.8666666666667,716.925,False,False,False,False,False,False,False,False,False,True,False,-0.0153139356814701,-0.0811638591117917,,,-0.066094946401225,-0.1590607452782031,-0.1041347626339969,-0.2404287901990811,-0.0013036201884964,-0.1455715599141893,754.0,771.0,1.1559125964010282,-0.0067800505630889,-0.0004451572860657,-0.0007230329156732
2019-02-25,657.0,666.0,650.0,657.0,520500.0,657.0,643.2,650.6,691.6,755.44,715.74,False,False,False,False,False,False,False,False,False,False,False,-0.0060882800608828,-0.1506849315068493,,,-0.0526636225266362,-0.1498325722983258,-0.1156773211567732,-0.2374429223744292,-0.0018885241272193,-0.1560098370734706,722.0,849.0,0.5787834982764373,-0.0065934065934065,0.0001866439696824,-0.0005849039387229
2019-02-26,653.0,656.0,642.0,649.0,504300.0,649.0,644.6,644.7,687.4,753.96,714.36,False,False,False,False,False,False,False,False,False,False,False,-0.0077041602465331,-0.1063174114021571,,,-0.0591679506933743,-0.1617257318952235,-0.1032357473035439,-0.2203389830508474,-0.0019629688577643,-0.1606948968512486,720.0,841.0,0.9688760806916428,-0.0061099796334012,0.0004834269600052,-7.444473054496687e-05
2019-02-27,649.0,664.0,643.0,647.0,740800.0,647.0,649.8,637.9,683.68,752.1733333333333,712.825,False,False,False,False,False,False,False,False,False,False,False,0.0216383307573415,-0.0896445131375579,,,-0.0566924265842348,-0.1625553838227717,-0.1020092735703245,-0.2380216383307573,-0.0023753390176024,-0.1671108324188744,710.0,858.0,1.468966884790799,-0.0054411420547625,0.0006688375786387,-0.000412370159838
2019-02-28,638.0,648.0,632.0,636.0,351600.0,636.0,648.4,638.4,679.8,750.2933333333333,711.19,False,False,False,False,False,False,False,False,False,True,False,-0.0078616352201257,-0.0833333333333333,,,-0.0688679245283018,-0.1797064989517819,-0.0833333333333333,-0.2468553459119497,-0.0025056866647711,-0.1849937343358396,697.0,846.0,0.474622030237581,-0.0057075610473668,-0.0002664189926043,-0.0001303476471686
2019-03-01,632.0,645.0,631.0,643.0,310800.0,643.0,646.4,640.1,676.08,748.3066666666666,709.665,False,False,False,False,False,False,False,False,False,False,True,-0.0668740279937791,-0.1135303265940902,,,-0.0514463452566097,-0.1637739761534473,-0.0839813374805598,-0.2659409020217729,-0.0026548830247848,-0.2044992969848461,738.0,887.0,0.8839590443686007,-0.0055023074192401,0.0002052536281266,-0.0001491963600137
2019-03-04,643.0,656.0,643.0,653.0,358800.0,653.0,645.6,644.4,673.04,746.3866666666667,708.935,False,False,False,False,False,False,False,False,False,False,False,-0.1454823889739663,-0.1071975497702909,,,-0.0306891271056661,-0.1430117406840224,-0.0980091883614088,-0.2848392036753445,-0.0025723932188855,-0.2254810676598385,732.0,901.0,1.1544401544401544,-0.0045168192083681,0.000985488210872,8.248980589926512e-05
2019-03-05,643.0,649.0,636.0,644.0,398600.0,644.0,644.6,644.6,669.28,744.4133333333333,708.15,False,False,False,False,False,False,False,False,False,True,False,-0.0993788819875776,-0.0993788819875776,,,-0.0392546583850931,-0.1559213250517598,-0.0900621118012422,-0.2531055900621118,-0.0026508570507424,-0.2334781259695935,733.0,897.0,1.1109253065774805,-0.0056179775280898,-0.0011011583197217,-7.84638318568529e-05
2019-03-06,650.0,664.0,650.0,661.0,445400.0,661.0,647.4,648.6,666.48,742.8533333333334,707.455,False,False,False,False,False,False,False,False,False,False,True,-0.1089258698940998,-0.1225416036308623,,,-0.0082904689863842,-0.1238325769036813,-0.1301059001512859,-0.2450832072617246,-0.0021000107692859,-0.2432932469935245,766.0,889.0,1.117410938283994,-0.0042011763293721,0.0014168011987177,0.0005508462814565
2019-03-07,655.0,656.0,628.0,631.0,728300.0,631.0,646.4,647.4,663.36,741.2266666666667,707.11,False,False,False,False,False,False,False,False,False,True,False,-0.0760697305863708,-0.0935023771790808,,,-0.051283676703645,-0.1746856840993133,-0.0839936608557844,-0.2012678288431061,-0.0021945603683983,-0.2434352795798578,740.0,867.0,1.63515940727436,-0.0047033285094066,-0.0005021521800345,-9.454959911240571e-05
2019-03-08,621.0,625.0,597.0,600.0,666100.0,600.0,637.8,642.1,658.8,739.3733333333333,706.635,False,False,False,False,False,False,False,False,False,True,False,-0.05,-0.07,,,-0.0979999999999999,-0.2322888888888888,-0.0083333333333333,-0.1583333333333333,-0.0025066272338737,-0.2357888179411307,765.0,864.0,0.9145956336674448,-0.0069216757741348,-0.0022183472647282,-0.0003120668654754
2019-03-11,600.0,604.0,557.0,558.0,2222900.0,558.0,618.8,632.2,652.4,737.0533333333333,705.79,False,False,False,False,False,False,False,False,False,True,False,0.0448028673835125,0.010752688172043,,,-0.1691756272401433,-0.3208841099163679,0.0555555555555555,-0.089605734767025,-0.0031476690967637,-0.2227143309079406,744.0,836.0,3.3371866086173245,-0.0098099325567136,-0.0028882567825787,-0.00064104186289
2019-03-12,575.0,583.0,562.0,580.0,1099000.0,580.0,606.0,625.3,646.76,734.84,704.915,False,False,False,False,False,False,False,False,False,False,False,0.0,0.0,,,-0.115103448275862,-0.2669655172413793,0.0172413793103448,-0.1189655172413793,-0.0030119935405438,-0.2133375979529825,769.0,854.0,0.4943992082414863,-0.0087203908714205,0.001089541685293,0.0001356755562198
2019-03-13,585.0,608.0,576.0,589.0,1293000.0,589.0,591.6,619.5,642.8,732.5333333333333,704.1,False,False,False,False,False,False,False,False,False,False,False,-0.0152801358234295,-0.030560271646859,,,-0.0913412563667231,-0.2436898698358799,-0.0016977928692699,-0.1222410865874363,-0.0031488896978522,-0.2020984665052461,788.0,825.0,1.1765241128298454,-0.0061605476042315,0.002559843267189,-0.0001368961573084
2019-03-14,598.0,601.0,582.0,583.0,770000.0,583.0,582.0,614.2,637.6,729.8666666666667,703.145,False,False,False,False,False,False,False,False,False,True,False,-0.0188679245283018,-0.0051457975986277,,,-0.0936535162950257,-0.251915380217267,0.0137221269296741,-0.1200686106346483,-0.0036536353671903,-0.1896776294366656,754.0,821.0,0.5955143078112916,-0.0081555834378919,-0.0019950358336604,-0.000504745669338
2019-03-15,579.0,584.0,566.0,570.0,1119300.0,570.0,576.0,606.9,633.08,727.1866666666666,702.16,False,False,False,False,False,False,False,False,False,False,False,-0.0210526315789473,0.0263157894736842,,,-0.1106666666666667,-0.2757660818713449,0.031578947368421,-0.1140350877192982,-0.0036854361099397,-0.1744933267424616,771.0,813.0,1.4536363636363636,-0.0071396979844569,0.001015885453435,-3.180074274946156e-05
2019-03-18,570.0,589.0,567.0,583.0,868700.0,583.0,581.0,599.9,629.32,723.64,701.165,False,False,False,False,False,False,False,False,False,False,False,-0.0325900514579759,-0.0034305317324185,,,-0.0794511149228131,-0.2412349914236706,0.0137221269296741,-0.1252144082332761,-0.0049011479004292,-0.157692948824804,771.0,805.0,0.7761100687929956,-0.005974702853874,0.0011649951305829,-0.0012157117904894
2019-03-19,582.0,587.0,572.0,580.0,753500.0,580.0,581.0,593.5,624.2,720.16,700.225,False,False,False,False,False,False,False,False,False,True,False,0.0,0.0034482758620689,,,-0.0762068965517242,-0.241655172413793,0.0137931034482758,-0.1155172413793103,-0.0048322594978893,-0.143218197135636,754.0,775.0,0.8673880511108553,-0.0082024991989746,-0.0022277963451006,6.888840253986908e-05
2019-03-20,580.0,584.0,574.0,580.0,817100.0,580.0,579.2,585.4,618.8,716.4533333333334,699.29,False,False,False,False,False,False,False,False,False,True,False,-0.0155172413793103,0.0017241379310344,,,-0.0668965517241378,-0.235264367816092,0.043103448275862,-0.1224137931034482,-0.0051736330814753,-0.1296549367953535,740.0,770.0,1.084406104844061,-0.0087265675500971,-0.0005240683511224,-0.0003413735835859
2019-03-22,580.0,580.0,569.0,572.0,713900.0,572.0,577.0,579.5,616.44,712.8,698.205,False,False,False,False,False,False,False,False,False,False,False,0.0139860139860139,0.0192307692307692,,,-0.0776923076923077,-0.246153846153846,0.0489510489510489,-0.1048951048951049,-0.0051253273475496,-0.1194132873166522,733.0,733.0,0.873699669563089,-0.0038284342352863,0.0048981333148107,4.830573392561842e-05
2019-03-25,555.0,562.0,549.0,558.0,1171600.0,558.0,574.6,575.3,613.72,708.4133333333333,697.11,False,False,False,False,False,False,False,False,False,True,False,0.0483870967741935,0.0555555555555555,,,-0.0998566308243728,-0.2695579450418159,0.064516129032258,-0.0698924731182795,-0.0061922418173947,-0.1105510168607682,736.0,754.0,1.6411262081524025,-0.0044319885289709,-0.0006035542936845,-0.001066914469845
2019-03-26,564.0,571.0,558.0,564.0,810800.0,564.0,570.8,575.9,611.88,703.92,696.04,False,False,False,False,False,False,False,False,False,False,False,0.0301418439716312,0.0443262411347517,,,-0.0848936170212765,-0.2480851063829786,0.0496453900709219,-0.1099290780141844,-0.0063833011327044,-0.1125195346414307,729.0,722.0,0.692045066575623,-0.0030071255801791,0.0014248629487917,-0.0001910593153097
2019-03-27,564.0,581.0,564.0,580.0,478500.0,580.0,570.8,575.9,609.4,699.6933333333334,695.05,False,False,False,False,False,False,False,False,False,True,False,0.0034482758620689,0.0103448275862068,,,-0.0506896551724137,-0.2063678160919541,0.0051724137931034,-0.1206896551724138,-0.0060407416582501,-0.1126931758985934,738.0,720.0,0.5901578687715836,-0.0040695766327535,-0.0010624510525743,0.0003425594744543
2019-03-28,575.0,578.0,565.0,571.0,439300.0,571.0,569.0,574.1,607.4,695.4533333333334,693.915,False,False,False,False,False,False,False,False,False,False,False,0.0175131348511383,0.0070052539404553,,,-0.0637478108581435,-0.2179568009340339,0.0280210157618213,-0.0963222416812609,-0.0060967426522747,-0.1100853509841491,731.0,710.0,0.9180773249738768,-0.0032927230819888,0.0007768535507647,-5.6000994024639136e-05
2019-03-29,570.0,584.0,568.0,580.0,450700.0,580.0,570.6,573.8,604.88,691.6266666666667,693.055,False,False,False,False,False,False,False,False,False,True,False,0.0051724137931034,-0.0034482758620689,,,-0.0428965517241379,-0.1924597701149425,-0.0155172413793103,-0.1068965517241379,-0.0055328500925355,-0.1087486929243638,709.0,697.0,1.0259503755975417,-0.0041661155931754,-0.0008733925111866,0.0005638925597392
2019-04-01,590.0,596.0,580.0,585.0,645200.0,585.0,576.0,575.3,602.16,687.9066666666666,692.365,False,False,False,False,False,False,False,False,False,True,True,0.0068376068376068,0.017094017094017,,,-0.0293333333333332,-0.1759088319088318,0.0068376068376068,-0.1094017094017094,-0.0054077103483031,-0.1082913262645575,714.0,738.0,1.4315509207898824,-0.0045170718745848,-0.0003509562814093,0.0001251397442324
2019-04-02,590.0,593.0,580.0,581.0,703400.0,581.0,579.4,575.1,599.12,684.5066666666667,691.55,False,False,False,False,False,False,False,False,False,True,False,0.0137693631669535,0.0137693631669535,,,-0.0311876075731497,-0.178152610441767,0.0499139414802065,-0.1067125645438898,-0.004967080914722,-0.10641627543036,718.0,732.0,1.0902045877247366,-0.0050741086927493,-0.0005570368181644,0.000440629433581
2019-04-03,580.0,591.0,570.0,582.0,570100.0,582.0,579.8,575.3,596.44,680.88,690.755,False,False,False,False,False,False,False,False,False,False,False,0.0068728522336769,0.0137457044673539,,,-0.0248109965635739,-0.1698969072164948,0.063573883161512,-0.1082474226804123,-0.0053264402929542,-0.1056839909612375,721.0,733.0,0.8104918965027011,-0.0044933270739721,0.0005807816187771,-0.0003593593782322
2019-04-04,588.0,588.0,579.0,581.0,433900.0,581.0,581.8,575.4,593.8,677.6266666666667,689.915,False,False,False,False,False,False,False,False,False,False,False,-0.0103270223752151,0.0120481927710843,,,-0.0220309810671255,-0.166310958118187,0.0963855421686747,-0.1067125645438898,-0.0048010704025815,-0.1041014946124434,688.0,766.0,0.7610945448166988,-0.004445941394409,4.738567956309031e-05,0.0005253698903726
2019-04-05,581.0,585.0,575.0,583.0,349500.0,583.0,582.4,576.5,591.68,674.4533333333334,689.05,False,False,False,False,False,False,False,False,False,False,False,-0.0085763293310463,0.0137221269296741,,,-0.0148885077186963,-0.1568667810177245,0.0651801029159519,-0.1183533447684391,-0.0047050450735409,-0.1054640069384214,713.0,740.0,0.8054851348236921,-0.0035830178474851,0.0008629235469239,9.602532904057996e-05
2019-04-08,591.0,592.0,583.0,589.0,389400.0,589.0,583.2,579.6,589.52,671.4666666666667,688.215,False,False,False,False,False,False,False,False,False,True,False,0.0101867572156196,-0.0016977928692699,,,-0.0008828522920203,-0.1400113186191285,-0.0016977928692699,-0.1375212224108658,-0.0044479745830024,-0.1121463077984817,683.0,765.0,1.1141630901287554,-0.0036639978287419,-8.097998125683849e-05,0.0002570704905385
2019-04-09,593.0,601.0,580.0,589.0,430500.0,589.0,584.8,582.1,586.96,668.5866666666667,687.45,False,False,False,False,True,False,False,False,False,True,False,0.0,0.0033955857385398,,,0.0034634974533106,-0.135121675155631,0.0,-0.1612903225806451,-0.0043075941289087,-0.117333791444769,677.0,744.0,1.105546995377504,-0.0043614556358183,-0.0006974578070763,0.0001403804540936
2019-04-10,587.0,590.0,577.0,586.0,819900.0,586.0,585.6,582.7,584.64,666.0666666666667,686.685,False,False,False,False,False,False,False,False,False,False,False,0.0068259385665529,0.0034129692832764,,,0.002320819112628,-0.1366325369738339,0.0068259385665529,-0.1723549488054607,-0.003783405064558,-0.1225330358675133,708.0,769.0,1.9045296167247387,-0.003968253968254,0.0003932016675643,0.0005241890643506
2019-04-11,586.0,588.0,569.0,575.0,513300.0,575.0,584.4,583.1,581.2,663.4666666666667,685.975,False,False,False,False,False,False,False,False,False,True,False,0.0226086956521739,0.0521739130434782,,,-0.0107826086956522,-0.1538550724637681,0.0313043478260869,-0.1808695652173913,-0.0039188102893891,-0.1308523409363745,715.0,788.0,0.6260519575557995,-0.0059187887130074,-0.0019505347447534,-0.000135405224831
2019-04-12,578.0,583.0,574.0,578.0,250300.0,578.0,583.4,582.9,579.08,661.4,685.39,False,False,False,False,False,False,False,False,False,False,False,0.0224913494809688,0.0380622837370242,,,-0.0018685121107267,-0.1442906574394463,0.0570934256055363,-0.1816608996539792,-0.0031246850115916,-0.138274146508835,631.0,754.0,0.4876290668225209,-0.0036609794846998,0.0022578092283075,0.0007941252777974
2019-04-15,585.0,598.0,584.0,595.0,556900.0,595.0,584.6,583.9,578.88,659.28,684.795,False,False,False,False,False,False,False,False,False,False,False,-0.0117647058823529,-0.0016806722689075,,,0.0270924369747899,-0.1080336134453781,0.0084033613445378,-0.2033613445378151,-0.003215629171217,-0.1477992806987497,626.0,771.0,2.224930083899321,-0.0003454947484799,0.0033154847362199,-9.094415962543866e-05
2019-04-16,595.0,598.0,586.0,589.0,362100.0,589.0,584.6,584.7,580.12,657.5066666666667,684.18,False,False,False,False,False,False,True,False,True,False,False,0.0033955857385398,0.0050933786078098,,,0.0150764006791171,-0.1163101301641199,0.0169779286926994,-0.1256366723259762,-0.0026970575710258,-0.1496493928510348,610.0,771.0,0.6502065002693482,0.0021374887954216,0.0024829835439015,0.0005185716001912
2019-04-17,586.0,593.0,579.0,590.0,408100.0,590.0,585.4,585.5,580.52,655.7733333333333,683.58,False,False,False,False,False,False,True,False,False,True,False,-0.0033898305084745,-0.011864406779661,,,0.0160677966101695,-0.1114802259887005,0.0135593220338983,0.0,-0.0026431897200252,-0.1386848847139197,642.0,754.0,1.1270367301850317,0.0006890374147315,-0.00144845138069,5.386785100062845e-05
2019-04-18,593.0,601.0,585.0,588.0,459700.0,588.0,588.0,586.2,580.48,654.1466666666666,682.96,False,False,False,False,False,False,False,False,False,True,False,0.0289115646258503,-0.0017006802721088,,,0.0127891156462584,-0.1124943310657596,0.0136054421768707,0.0119047619047619,-0.0024867002303255,-0.126748549982941,621.0,740.0,1.126439598137711,-6.890848952584691e-05,-0.0007579459042574,0.0001564894896997
2019-04-19,589.0,594.0,586.0,591.0,268600.0,591.0,590.6,587.0,580.8,652.7333333333333,682.355,False,False,False,False,False,False,True,False,False,False,False,0.015228426395939,-0.0338409475465313,,,0.017258883248731,-0.1044557247602933,-0.0016920473773265,0.0287648054145516,-0.0021652538045142,-0.1119250425894379,643.0,733.0,0.5842941048509898,0.0005509641873277,0.0006198726768535,0.0003214464258112
2019-04-22,584.0,595.0,584.0,588.0,305600.0,588.0,589.2,586.9,581.52,650.7333333333333,681.65,False,False,False,False,False,False,True,False,True,False,False,0.010204081632653,0.0017006802721088,,,0.0110204081632653,-0.1066893424036281,-0.0153061224489795,0.0663265306122449,-0.0030734555885667,-0.091497699778497,653.0,736.0,1.1377513030528668,0.0012381345439538,0.0006871703566261,-0.0009082017840524
2019-04-23,588.0,594.0,585.0,591.0,475400.0,591.0,589.6,587.1,581.84,648.8533333333334,681.005,False,False,False,False,False,False,True,False,False,True,False,0.0016920473773265,0.0321489001692047,,,0.0154991539763112,-0.0978905809362662,-0.0084602368866328,0.0287648054145516,-0.0028974190366595,-0.0723897121444387,657.0,729.0,1.5556282722513088,0.0005499793757734,-0.0006881551681803,0.0001760365519072
2019-04-24,596.0,617.0,588.0,588.0,807700.0,588.0,589.2,587.3,582.16,646.92,680.28,False,False,False,False,False,False,True,False,False,True,False,-0.0085034013605442,0.0527210884353741,,,0.0099319727891157,-0.1002040816326529,-0.0034013605442176,0.0748299319727891,-0.0029885199612523,-0.0476758045292014,649.0,738.0,1.6989903239377366,0.0005496770647243,-3.0231104912947174e-07,-9.110092459285127e-05
2019-04-25,594.0,605.0,594.0,605.0,664600.0,605.0,592.6,590.3,583.16,644.7733333333333,679.76,False,False,False,False,False,False,True,False,True,False,True,-0.0297520661157024,0.052892561983471,,,0.036099173553719,-0.0657410468319558,-0.0231404958677685,0.0909090909090909,-0.0033293353736713,-0.0204980518380482,647.0,731.0,0.8228302587594404,0.0017147952534467,0.0011651181887223,-0.0003408154124189
2019-04-26,604.0,605.0,591.0,600.0,478100.0,600.0,594.4,592.5,584.28,642.9066666666666,679.385,False,False,False,False,False,False,True,False,False,False,False,-0.0483333333333333,0.035,,,0.0262,-0.071511111111111,-0.0183333333333333,0.0716666666666666,-0.0029034800282052,0.0045569620253165,636.0,709.0,0.7193800782425519,0.0019168891627302,0.0002020939092834,0.000425855345466
2019-05-07,597.0,599.0,589.0,594.0,666500.0,594.0,595.6,592.4,585.72,640.6266666666667,679.02,False,False,False,False,False,False,True,False,False,False,False,-0.0084175084175084,-0.0101010101010101,,,0.0139393939393938,-0.0784960718294051,-0.0185185185185185,0.0774410774410774,-0.0035590151310175,0.0327481431465225,643.0,714.0,1.3940598201213137,0.0024585125998771,0.0005416234371469,-0.0006555351028122
2019-05-08,589.0,603.0,589.0,592.0,620400.0,592.0,595.8,592.7,586.84,638.6,678.705,False,False,False,False,False,False,True,False,False,True,False,0.0304054054054054,-0.0050675675675675,,,0.0087162162162161,-0.0787162162162162,-0.0405405405405405,0.0608108108108108,-0.0031736089362145,0.0512907035599797,653.0,718.0,0.9308327081770442,0.0019085270261059,-0.0005499855737712,0.0003854061948029
2019-05-09,592.0,595.0,581.0,583.0,694400.0,583.0,594.8,592.0,586.96,636.12,678.3,False,False,False,False,False,False,True,False,False,True,False,0.0617495711835334,0.0120068610634648,,,-0.0067924528301887,-0.091114922813036,-0.0891938250428816,0.0840480274442538,-0.0038986354775828,0.0596283783783783,644.0,721.0,1.119277885235332,0.0002044432329289,-0.0017040837931769,-0.0007250265413682
2019-05-10,581.0,603.0,579.0,587.0,747700.0,587.0,591.2,591.9,587.6,633.44,677.82,False,False,False,False,False,False,True,False,True,False,False,0.0851788756388415,0.0102214650766609,,,-0.0010221465076661,-0.0791141396933561,-0.0936967632027257,0.1073253833049403,-0.004230866380399,0.0690995100523736,661.0,688.0,1.0767569124423964,0.0010891763104152,0.0008847330774862,-0.0003322309028161
2019-05-13,581.0,591.0,558.0,571.0,1119400.0,571.0,585.4,589.9,587.24,631.0,677.335,False,False,False,False,False,False,False,False,False,True,False,0.0875656742556917,0.0700525394045534,,,-0.0284413309982487,-0.1050788091068301,-0.0998248686514886,0.1225919439579684,-0.0038668779714739,0.0783183590439058,631.0,713.0,1.4971245151798849,-0.0006130372590423,-0.0017022135694575,0.000363988408925
2019-05-14,515.0,591.0,512.0,589.0,1267300.0,589.0,584.4,590.0,587.4,628.5733333333334,676.95,False,False,False,False,True,False,True,False,False,False,False,-0.0016977928692699,0.0186757215619694,,,0.0027164685908319,-0.0671873231465762,-0.1578947368421052,0.098471986417657,-0.0038605943618351,0.0815254237288135,600.0,683.0,1.1321243523316062,0.0002723867892406,0.0008854240482829,6.283609638745458e-06
2019-05-15,598.0,641.0,598.0,610.0,1092700.0,610.0,588.0,591.9,588.56,626.4266666666666,676.565,False,False,False,False,False,False,True,False,True,False,True,-0.0344262295081967,-0.0180327868852459,,,0.0351475409836066,-0.0269289617486338,-0.1786885245901639,0.0754098360655737,-0.003426844323358,0.0861632032437911,558.0,677.0,0.862226781346169,0.0019709120565447,0.001698525267304,0.0004337500384771
2019-05-16,608.0,629.0,595.0,619.0,663200.0,619.0,595.2,595.0,590.04,624.6266666666667,676.125,False,False,False,False,False,False,True,False,False,False,False,-0.0468497576736672,-0.0339256865912762,,,0.0467851373182553,-0.0090899299946149,-0.1825525040387722,0.0500807754442649,-0.0028817213482185,0.0835294117647059,580.0,708.0,0.6069369451816601,0.0025083045217273,0.0005373924651826,0.0005451229751394
2019-05-17,636.0,640.0,627.0,637.0,542300.0,637.0,605.2,598.2,592.28,623.2533333333333,675.82,False,False,False,False,False,False,True,False,False,False,False,-0.0690737833594976,-0.06436420722135,,,0.0702040816326531,0.0215803244374673,-0.2260596546310832,0.0423861852433281,-0.0022034913571795,0.0784018722835171,589.0,715.0,0.8177020506634499,0.0037819950023637,0.0012736904806363,0.000678229991039
2019-05-20,639.0,650.0,620.0,621.0,678600.0,621.0,615.2,600.3,593.8,621.76,675.35,False,False,False,False,False,False,True,False,False,True,False,-0.0161030595813204,-0.0499194847020934,,,0.0438003220611917,-0.0012238325281803,-0.2286634460547504,0.0466988727858293,-0.0024017841825356,0.0757954356155255,583.0,631.0,1.2513368983957218,0.002559784439205,-0.0012222105631586,-0.000198292825356
2019-05-21,615.0,616.0,588.0,588.0,523600.0,588.0,615.0,599.7,593.76,619.7866666666666,674.745,False,False,False,False,False,False,False,False,False,True,False,0.0204081632653061,-0.0153061224489795,,,-0.0097959183673469,-0.0540589569160997,-0.1972789115646258,0.1071428571428571,-0.0031838912313914,0.0787060196765048,570.0,626.0,0.771588564692013,-6.736728644564069e-05,-0.0026271517256507,-0.0007821070488558
2019-05-22,589.0,597.0,573.0,589.0,397500.0,589.0,610.8,599.4,593.76,617.92,674.095,False,False,False,False,False,False,False,False,False,False,False,0.0169779286926994,-0.0050933786078098,,,-0.0080814940577249,-0.0491001697792868,-0.2071307300509338,0.1086587436332767,-0.003020887277749,0.0834167500834167,583.0,610.0,0.7591673032849503,0.0,6.736728644564069e-05,0.0001630039536424
2019-05-23,584.0,596.0,584.0,590.0,304600.0,590.0,605.0,600.1,593.92,615.9466666666667,673.48,False,False,False,False,False,False,True,False,False,False,False,0.0135593220338983,-0.0067796610169491,,,-0.0066440677966101,-0.0439774011299435,-0.1847457627118644,0.111864406779661,-0.0032037405836001,0.0861523079486751,580.0,642.0,0.7662893081761006,0.000269396551724,0.000269396551724,-0.0001828533058511
2019-05-24,585.0,595.0,581.0,593.0,333300.0,593.0,596.2,600.7,594.64,614.1066666666667,672.875,False,False,False,False,False,False,True,False,True,False,False,0.0050590219224283,-0.0033726812816188,,,-0.0027655986509274,-0.035593029792018,-0.1585160202360876,0.0708263069139966,-0.0029962221546745,0.0825703346096219,580.0,621.0,1.0942219304005252,0.0012108166285484,0.0009414200768243,0.0002075184289255
2019-05-27,600.0,611.0,593.0,611.0,201200.0,611.0,594.2,604.7,595.96,612.8,672.31,False,False,False,True,True,False,True,False,False,False,True,-0.0343698854337152,-0.0360065466448445,,,0.0246153846153845,-0.0029459901800326,-0.1751227495908347,0.072013093289689,-0.0021322889469104,0.0777244914833801,572.0,643.0,0.6036603660366037,0.0022149137526009,0.0010040971240525,0.0008639332077641
2019-05-28,607.0,608.0,590.0,600.0,492900.0,600.0,596.6,605.8,596.16,611.28,671.675,False,False,False,False,False,False,True,False,False,True,False,-0.035,-0.0283333333333333,,,0.0064,-0.0187999999999999,-0.1583333333333333,0.0766666666666666,-0.0024865855254547,0.075602509078904,558.0,653.0,2.4498011928429424,0.000335480407944,-0.0018794333446568,-0.0003542965785442
2019-05-29,595.0,604.0,591.0,599.0,442400.0,599.0,598.6,604.7,596.56,609.6933333333334,671.35,False,False,False,False,False,False,True,False,False,False,False,-0.021702838063439,-0.0517529215358931,,,0.0040734557595994,-0.0178519755147468,-0.1519198664440734,0.0517529215358931,-0.0026024012071641,0.0732594675045476,564.0,657.0,0.8975451410022317,0.0006705109293281,0.000335030521384,-0.0001158156817093
2019-05-30,593.0,602.0,592.0,598.0,298500.0,598.0,600.2,602.6,596.88,608.0533333333333,670.935,False,False,False,False,False,False,True,False,False,True,False,-0.020066889632107,-0.1120401337792642,,,0.0018729096989966,-0.0168115942028984,-0.1454849498327759,0.0451505016722408,-0.0026971318305413,0.0728509790906073,580.0,649.0,0.6747287522603979,0.000536121163383,-0.0001343897659451,-9.473062337721735e-05
2019-05-31,592.0,601.0,590.0,596.0,483200.0,596.0,600.8,598.5,597.2,606.8266666666667,670.415,False,False,False,False,False,False,True,False,False,True,False,-0.0083892617449664,-0.1073825503355704,,,-0.002013422818792,-0.018165548098434,-0.1325503355704698,0.1291946308724832,-0.0020214448936542,0.081704260651629,571.0,647.0,1.6187604690117252,0.0005358338914937,-2.872718892876335e-07,0.000675686936887
2019-06-03,590.0,598.0,586.0,590.0,494500.0,590.0,596.6,595.4,597.16,605.1866666666666,669.59,False,False,False,False,False,False,False,False,False,True,False,-0.0016949152542372,-0.1288135593220339,,,-0.0121355932203389,-0.0257401129943501,-0.1305084745762711,0.159322033898305,-0.0027099076868846,0.0930466912999663,580.0,636.0,1.023385761589404,-6.698372295545132e-05,-0.0006028176144491,-0.0006884627932303
2019-06-04,586.0,590.0,574.0,579.0,555800.0,579.0,592.4,594.5,596.8,603.8,669.055,False,False,False,False,False,False,False,False,False,True,False,0.006908462867012,-0.1433506044905008,,,-0.0307426597582037,-0.0428324697754748,-0.1278065630397236,0.1951640759930915,-0.0022965661918957,0.1015979814970563,585.0,643.0,1.123963599595551,-0.0006032171581769,-0.0005362334352215,0.0004133414949888
2019-06-05,589.0,593.0,583.0,586.0,622700.0,586.0,589.8,594.2,596.6,602.5866666666667,668.61,False,False,False,False,False,False,False,False,False,False,False,-0.030716723549488,-0.1450511945392491,,,-0.0180887372013652,-0.0283048919226394,-0.1296928327645051,0.220136518771331,-0.0020135416205689,0.112588354089532,581.0,653.0,1.1203670385030586,-0.0003352329869257,0.0002679841712511,0.0002830245713267
2019-06-06,586.0,592.0,584.0,586.0,373700.0,586.0,587.4,593.8,596.52,600.96,668.175,False,False,False,False,False,False,False,False,False,False,False,-0.0938566552901023,-0.136518771331058,,,-0.017952218430034,-0.0255290102389079,-0.1245733788395904,0.204778156996587,-0.0027067802626908,0.1217581677332436,582.0,644.0,0.6001284727798297,-0.0001341111781667,0.000201121808759,-0.0006932386421218
2019-06-07,583.0,597.0,577.0,591.0,627500.0,591.0,586.4,593.6,595.96,599.3066666666666,667.775,False,False,False,False,False,False,False,False,False,True,False,-0.0998307952622673,-0.1658206429780034,,,-0.0083925549915398,-0.0140552735476592,-0.1387478849407783,0.1539763113367174,-0.0027587434368605,0.130053908355795,581.0,661.0,1.679154401926679,-0.0009396603798911,-0.0008055492017244,-5.1963174169715465e-05
2019-06-10,591.0,596.0,589.0,589.0,333700.0,589.0,586.2,591.4,595.52,598.7466666666667,667.205,False,False,False,False,False,False,False,False,False,False,False,-0.1273344651952462,-0.1867572156196944,,,-0.01106960950764,-0.0165478211658177,-0.1307300509337861,0.1714770797962648,-0.0009352870440474,0.1401758539059857,583.0,631.0,0.531792828685259,-0.0007388500806019,0.0002008102992892,0.001823456392813
2019-06-11,589.0,590.0,579.0,583.0,330600.0,583.0,587.0,589.7,595.08,598.1733333333333,666.56,False,False,False,False,False,False,False,False,False,True,False,-0.1492281303602058,-0.1903945111492281,,,-0.0207204116638079,-0.0260263007432818,-0.1097770154373928,0.2058319039451115,-0.0009584735751065,0.1531287095133117,589.0,600.0,0.9907102187593648,-0.0007393963836794,-5.463030774871839e-07,-2.3186531059038885e-05
2019-06-12,581.0,582.0,563.0,568.0,652800.0,568.0,583.4,586.6,594.12,597.6133333333333,665.98,False,False,False,False,False,False,False,False,False,True,False,-0.1179577464788732,-0.1778169014084507,,,-0.0459859154929577,-0.0521361502347418,-0.1161971830985915,0.2588028169014084,-0.000937060752772,0.1737129219229457,589.0,558.0,1.9745916515426496,-0.0016158351848112,-0.0008764388011318,2.141282233446708e-05
2019-06-13,561.0,562.0,530.0,531.0,1127200.0,531.0,572.4,579.9,592.04,596.1333333333333,665.215,False,False,False,False,False,False,False,False,False,True,False,-0.0470809792843691,-0.0941619585687382,,,-0.1149529190207155,-0.1226616446955429,-0.03954802259887,0.3032015065913371,-0.0024826660702304,0.1988273840317297,586.0,580.0,1.72671568627451,-0.0035132761299912,-0.00189744094518,-0.0015456053174583
2019-06-14,533.0,539.0,528.0,532.0,588100.0,532.0,560.6,573.5,589.84,594.9466666666667,664.44,False,False,False,False,False,False,False,False,False,True,False,-0.0733082706766917,-0.0620300751879699,,,-0.1087218045112782,-0.1183208020050126,-0.0300751879699248,0.2725563909774436,-0.0019945765446761,0.2129032258064516,575.0,589.0,0.521735273243435,-0.0037298250372981,-0.0002165489073068,0.0004880895255542
2019-06-17,527.0,529.0,512.0,514.0,769100.0,514.0,545.6,565.9,587.56,593.2266666666667,663.56,False,False,False,False,False,False,False,False,False,True,False,-0.0680933852140077,-0.0194552529182879,,,-0.1431128404669259,-0.1541374837872892,0.0077821011673151,0.3132295719844358,-0.0028993976445204,0.2276020498321259,578.0,583.0,1.3077707872810749,-0.003880454762067,-0.0001506297247688,-0.0009048210998442
2019-06-18,512.0,514.0,494.0,496.0,601400.0,496.0,528.2,557.6,583.84,591.1333333333333,662.74,False,False,False,False,False,False,False,False,False,True,False,-0.0483870967741935,0.0181451612903225,,,-0.1770967741935484,-0.1918010752688171,0.0504032258064516,0.3850806451612903,-0.0035412202548776,0.2449784791965567,595.0,570.0,0.7819529319984397,-0.0063716086599066,-0.0024911538978396,-0.0006418226103572
2019-06-19,504.0,504.0,497.0,501.0,444500.0,501.0,514.8,549.1,579.48,589.0533333333333,661.94,False,False,False,False,False,False,False,False,False,True,False,-0.0678642714570858,0.0139720558882235,,,-0.1566467065868264,-0.1757551563539586,0.0359281437125748,0.4251497005988024,-0.0035310894316304,0.2640684756874886,589.0,583.0,0.7391087462587296,-0.007523987022848,-0.0011523783629414,1.01308232472023e-05
2019-06-20,507.0,507.0,499.0,506.0,358700.0,506.0,509.8,541.1,574.96,587.1466666666666,661.255,False,False,False,False,False,False,False,False,False,True,False,-0.0494071146245059,0.0098814229249011,,,-0.1362845849802372,-0.1603689064558629,0.025691699604743,0.4505928853754941,-0.003247343082932,0.2879319903899463,590.0,580.0,0.8069741282339707,-0.0078614164463614,-0.0003374294235133,0.0002837463486983
2019-06-21,504.0,505.0,491.0,493.0,720200.0,493.0,502.0,531.3,569.2,585.0933333333334,660.58,False,False,False,False,False,False,False,False,False,True,False,0.0121703853955375,0.0486815415821501,,,-0.1545638945233266,-0.1868018931710615,0.0527383367139959,0.4645030425963489,-0.0035094116038465,0.3192170148691888,588.0,580.0,2.007805965988291,-0.0101194659170765,-0.0022580494707151,-0.0002620685209144
2019-06-24,492.0,492.0,466.0,479.0,1016000.0,479.0,495.0,520.3,563.52,583.0,659.825,False,False,False,False,False,False,False,False,False,False,False,0.0521920668058455,0.0709812108559499,,,-0.1764509394572024,-0.2171189979123173,0.0730688935281837,0.4279749478079332,-0.0035906232132647,0.3459542571593312,591.0,572.0,1.410719244654263,-0.0100795002839296,3.9965633146883325e-05,-8.121160941817552e-05
2019-06-25,479.0,484.0,471.0,472.0,490700.0,472.0,490.2,509.2,558.88,580.72,658.965,False,False,False,False,False,False,False,False,False,False,False,0.0699152542372881,0.0699152542372881,,,-0.1840677966101694,-0.2303389830508475,0.0762711864406779,0.4449152542372881,-0.0039261606281856,0.3711704634721132,588.0,558.0,0.4829724409448819,-0.0083023189235613,0.0017771813603683,-0.0003355374149208
2019-06-26,466.0,471.0,458.0,467.0,464100.0,467.0,483.4,499.1,554.0,578.24,658.035,False,False,False,False,False,False,False,False,False,True,False,0.0877944325481798,0.0920770877944325,,,-0.1862955032119914,-0.2382012847965739,0.0578158458244111,0.436830835117773,-0.0042888765910348,0.3901021839310757,591.0,564.0,0.9457917261055636,-0.0088086642599277,-0.0005063453363664,-0.0003627159628492
2019-06-27,473.0,481.0,471.0,481.0,360200.0,481.0,478.4,494.1,549.64,576.0666666666667,657.04,False,False,False,False,False,False,False,False,False,False,False,0.0623700623700623,0.0665280665280665,,,-0.1427027027027026,-0.1976437976437977,0.0083160083160083,0.4137214137214137,-0.0037727114917254,0.4017405383525602,588.0,580.0,0.7761258349493644,-0.0079324648861072,0.0008761993738204,0.0005161650993094
2019-06-28,484.0,502.0,483.0,499.0,1086300.0,499.0,479.6,490.8,545.88,573.9066666666666,656.135,False,False,False,False,False,False,False,False,False,False,False,0.0360721442885771,0.0200400801603206,,,-0.0939478957915831,-0.1501135604542417,-0.0561122244488977,0.3567134268537074,-0.0037636781822829,0.4111654441727791,605.0,571.0,3.015824541921155,-0.0068879607239686,0.0010445041621386,9.033309442441594e-06
2019-07-01,505.0,510.0,501.0,504.0,517100.0,504.0,484.6,489.8,541.6,572.2133333333334,655.265,False,False,False,False,False,False,False,False,False,True,False,0.0178571428571428,0.0158730158730158,,,-0.0746031746031746,-0.1353439153439154,-0.0615079365079365,0.3194444444444444,-0.0029592692702021,0.412004899959167,600.0,580.0,0.4760195157875356,-0.0079025110782865,-0.0010145503543178,0.0008044089120808
2019-07-02,503.0,506.0,498.0,505.0,266000.0,505.0,491.2,490.7,537.8,570.9466666666667,654.36,False,False,False,False,False,False,False,False,False,False,False,0.0,0.0277227722772277,,,-0.0649504950495048,-0.1305874587458746,-0.0613861386138613,0.3445544554455445,-0.0022185376334041,0.407784797228449,594.0,585.0,0.5144072713208276,-0.0070658237262924,0.000836687351994,0.000740731636798
2019-07-03,507.0,522.0,505.0,508.0,770900.0,508.0,499.4,491.4,534.16,570.28,653.485,False,False,False,False,False,False,False,False,False,False,False,0.0039370078740157,-0.0118110236220472,,,-0.0514960629921259,-0.1225984251968503,0.0137795275590551,0.265748031496063,-0.0011690163896099,0.3913308913308915,592.0,581.0,2.89812030075188,-0.0068144376216863,0.000251386104606,0.0010495212437942
2019-07-04,508.0,517.0,506.0,511.0,394300.0,511.0,505.4,491.9,530.68,569.36,652.715,False,False,False,False,False,False,False,False,False,False,False,0.0039138943248532,-0.0019569471624266,,,-0.0385127201565556,-0.1142074363992172,0.1545988258317025,0.2681017612524461,-0.0016158493747364,0.3724334214271194,583.0,582.0,0.5114800882085874,-0.006557624180297,0.0002568134413893,-0.0004468329851265
2019-07-05,511.0,517.0,511.0,517.0,230700.0,517.0,509.0,494.3,527.52,568.4,651.955,False,False,False,False,False,False,False,False,False,False,False,-0.0154738878143133,-0.0019342359767891,,,-0.020348162475822,-0.0994197292069632,0.1508704061895551,0.2398452611218568,-0.001688951442646,0.3493829658102366,587.0,581.0,0.585087496829825,-0.0059902942068546,0.0005673299734423,-7.31020679096135e-05
2019-07-08,517.0,519.0,512.0,513.0,228500.0,513.0,510.8,497.7,524.44,567.4666666666667,651.3,False,False,False,False,False,False,False,False,False,False,False,-0.0019493177387914,0.0097465886939571,,,-0.0223001949317739,-0.1061728395061729,0.1851851851851851,0.2612085769980506,-0.0016447368421051,0.3327305605786618,571.0,583.0,0.9904638058084092,-0.0058729311265348,0.0001173630803198,4.421460054091831e-05
2019-07-09,510.0,514.0,502.0,505.0,660300.0,505.0,510.8,501.0,521.48,566.6,650.77,False,False,False,False,False,False,False,False,False,False,False,0.0277227722772277,0.0316831683168316,,,-0.0326336633663366,-0.121980198019802,0.2415841584158415,0.2851485148514851,-0.0015295917166725,0.3173652694610778,589.0,589.0,2.8897155361050326,-0.0056761524890696,0.0001967786374651,0.0001151451254326
2019-07-10,505.0,512.0,498.0,510.0,436700.0,510.0,511.2,505.3,518.44,565.6266666666667,650.27,False,False,False,False,False,False,False,False,False,True,False,-0.0156862745098039,0.0176470588235294,,,-0.0165490196078432,-0.1090718954248366,0.192156862745098,0.292156862745098,-0.0017208052425628,0.3037799327132395,610.0,589.0,0.6613660457367863,-0.0058637450813979,-0.0001875925923283,-0.0001912135258903
2019-07-11,515.0,525.0,511.0,513.0,573300.0,513.0,511.6,508.5,515.52,564.7333333333333,649.78,False,False,False,False,False,False,False,False,False,False,False,-0.0058479532163742,0.0116959064327485,,,-0.0049122807017543,-0.1008447043534763,0.2319688109161793,0.2826510721247563,-0.0015818675481052,0.2912487708947886,619.0,586.0,1.3128005495763682,-0.0056641837368095,0.0001995613445883,0.0001389376944575
2019-07-12,518.0,520.0,508.0,509.0,440000.0,509.0,510.0,509.5,512.24,563.7866666666666,649.26,False,False,False,False,False,False,False,False,False,True,False,0.0137524557956778,0.0196463654223968,,,-0.0063654223968566,-0.1076358873608381,0.2966601178781925,0.2789783889980353,-0.0016791221265727,0.2836113837095191,637.0,575.0,0.767486481772196,-0.0064032484772762,-0.0007390647404666,-9.725457846751408e-05
2019-07-16,510.0,520.0,507.0,512.0,566200.0,512.0,509.8,510.3,509.16,562.9866666666667,648.805,False,False,False,False,True,False,False,False,False,False,False,0.01171875,0.00390625,,,0.0055468749999999,-0.0995833333333333,0.255859375,0.302734375,-0.001420992800303,0.2819909856946894,621.0,578.0,1.286818181818182,-0.0060491790399873,0.0003540694372888,0.0002581293262697
2019-07-17,519.0,522.0,514.0,519.0,415200.0,519.0,512.6,511.7,506.6,562.4666666666667,648.405,False,False,False,False,False,False,False,False,False,False,False,0.0038535645472061,-0.0211946050096339,,,0.0238921001926781,-0.0837508028259473,0.233140655105973,0.2890173410404624,-0.0009244992295839,0.276529216337698,588.0,595.0,0.7333097845284352,-0.0050532964863797,0.0009958825536076,0.0004964935707191
2019-07-18,517.0,519.0,500.0,502.0,543000.0,502.0,511.0,511.1,503.96,561.64,647.935,False,False,False,False,False,False,False,False,False,True,False,0.0338645418326693,-0.0159362549800796,,,-0.0039043824701194,-0.118804780876494,0.250996015936255,0.3247011952191235,-0.0014718799705624,0.2823322246135784,589.0,589.0,1.3078034682080926,-0.005238510992936,-0.0001852145065562,-0.0005473807409785
2019-07-19,501.0,517.0,499.0,510.0,517700.0,510.0,510.4,511.0,503.12,560.7066666666667,647.425,False,False,False,False,False,False,False,False,False,False,False,0.0176470588235294,-0.0490196078431372,,,0.0134901960784313,-0.0994248366013072,0.2392156862745098,0.3333333333333333,-0.0016645661427245,0.2888454011741683,590.0,590.0,0.9534069981583794,-0.0016695818095086,0.0035689291834274,-0.000192686172162
2019-07-22,512.0,519.0,509.0,516.0,356700.0,516.0,511.8,510.9,502.48,559.9733333333334,646.91,False,False,False,False,False,False,False,False,False,False,False,0.005813953488372,-0.0872093023255814,,,0.0262015503875968,-0.0852196382428941,0.2596899224806202,0.3430232558139535,-0.00130958617077,0.2992757878254061,593.0,588.0,0.6890090786169596,-0.0012736825346282,0.0003958992748803,0.0003549799719544
2019-07-23,519.0,520.0,513.0,518.0,275400.0,518.0,513.0,511.4,502.64,559.1466666666666,646.43,False,False,False,False,False,False,True,False,False,False,False,-0.0077220077220077,-0.0868725868725868,,,0.0296525096525096,-0.0794337194337194,0.2374517374517374,0.3436293436293436,-0.0014784433422358,0.3075870160344154,611.0,591.0,0.7720773759461732,0.0003183192742319,0.0015920018088602,-0.0001688571714658
2019-07-24,520.0,522.0,512.0,521.0,356800.0,521.0,513.4,513.0,503.64,558.2933333333333,645.95,False,False,False,False,False,False,True,False,True,False,True,-0.0249520153550863,-0.0902111324376199,,,0.033320537428023,-0.071580294305822,0.2418426103646833,0.1439539347408829,-0.0015284677111196,0.29317738791423,600.0,588.0,1.2955700798838057,0.0019855452307203,0.0016672259564883,-5.002436888377148e-05
2019-07-25,521.0,528.0,518.0,519.0,347300.0,519.0,516.8,513.9,504.36,557.4666666666667,645.375,False,False,False,False,False,False,True,False,False,True,False,-0.048169556840077,-0.0077071290944123,,,0.0282080924855491,-0.0741168914579319,0.2639691714836223,0.1078998073217726,-0.0014828988280314,0.2745670363884024,599.0,591.0,0.9733744394618834,0.0014275517487509,-0.0005579934819694,4.556888308819172e-05
2019-07-26,516.0,522.0,514.0,519.0,277500.0,519.0,518.6,514.5,504.88,556.6266666666667,644.845,False,False,False,False,False,False,True,False,False,True,False,-0.0655105973025048,0.1368015414258188,,,0.0272061657032755,-0.0724983943481053,0.2524084778420039,0.0693641618497109,-0.001509090473567,0.253061224489796,598.0,588.0,0.7990210192916787,0.0010299477103469,-0.0003976040384039,-2.619164553557384e-05
2019-07-29,518.0,524.0,514.0,519.0,268000.0,519.0,519.2,515.5,505.92,555.8,644.295,False,False,False,False,False,False,True,False,False,False,False,-0.0924855491329479,0.1464354527938343,,,0.0252023121387282,-0.0709055876685933,0.279383429672447,0.0539499036608863,-0.0014873455679501,0.2304558680892336,596.0,605.0,0.9657657657657658,0.002055660974067,0.0010257132637201,2.1744905616838872e-05
2019-07-30,519.0,519.0,510.0,514.0,292300.0,514.0,518.4,515.7,507.32,554.88,643.715,False,False,False,False,False,False,True,False,False,False,False,-0.0797665369649805,0.1828793774319066,,,0.0129961089494163,-0.079533073929961,0.2645914396887159,0.0797665369649805,-0.0016580161476354,0.2082606166375799,590.0,600.0,1.0906716417910447,0.0027595994638492,0.0007039384897821,-0.0001706705796852
2019-07-31,512.0,518.0,507.0,508.0,557700.0,508.0,515.8,514.6,508.76,553.8,643.085,False,False,False,False,False,False,True,False,False,False,False,-0.0669291338582677,0.234251968503937,,,-0.0014960629921259,-0.0901574803149605,0.281496062992126,0.0787401574803149,-0.0019501625135428,0.1873299650213757,579.0,594.0,1.907971262401642,0.0028304111958487,7.081173199952355e-05,-0.0002921463659074
2019-08-01,502.0,502.0,493.0,494.0,314700.0,494.0,510.8,513.8,509.84,552.5333333333333,642.405,False,False,False,False,False,False,True,False,False,True,False,0.0425101214574898,0.2307692307692307,,,-0.0320647773279351,-0.1184885290148447,0.3218623481781376,0.1518218623481781,-0.002292471042471,0.1704943557804593,586.0,592.0,0.5642818719741797,0.0021183116271771,-0.0007120995686716,-0.0003423085289281
2019-08-02,484.0,490.0,477.0,485.0,433800.0,485.0,504.0,511.3,510.0,551.1866666666666,641.705,False,False,False,False,False,False,True,False,False,True,False,0.2164948453608247,0.3030927835051546,,,-0.0515463917525773,-0.1364673539518899,0.3525773195876289,0.1979381443298969,-0.0024432134304168,0.1568550752982593,586.0,583.0,1.3784556720686367,0.0003137254901961,-0.0018045861369809,-0.0001507423879458
2019-08-05,477.0,480.0,458.0,471.0,457800.0,471.0,494.4,506.8,508.88,549.8,641.065,False,False,False,False,False,False,False,False,False,True,False,0.2632696390658174,0.4012738853503185,,,-0.0804246284501061,-0.1673036093418258,0.3481953290870488,0.2377919320594479,-0.0025221292591245,0.1454222573007103,591.0,587.0,1.0553250345781466,-0.0022009118063197,-0.0025146372965158,-7.891582870766644e-05
2019-08-06,455.0,474.0,453.0,473.0,524800.0,473.0,486.2,502.3,507.64,548.4,640.46,False,False,False,False,False,False,False,False,False,True,False,0.2854122621564482,0.3594080338266385,,,-0.0732346723044397,-0.1594080338266384,0.3847780126849894,0.2431289640591966,-0.0025528811086797,0.134182759307187,589.0,571.0,1.146352118829183,-0.0024426759120636,-0.0002417641057439,-3.07518495552433e-05
2019-08-07,471.0,481.0,462.0,474.0,774700.0,474.0,479.4,497.6,506.4,546.7866666666666,639.97,False,False,False,False,False,False,False,False,False,True,False,0.3227848101265823,0.350210970464135,,,-0.0683544303797467,-0.1535583684950772,0.3628691983122363,0.2362869198312236,-0.0029505718256968,0.1428858520900321,583.0,589.0,1.4761814024390243,-0.0024486571879936,-5.981275930014036e-06,-0.000397690717017
2019-08-08,536.0,536.0,486.0,515.0,4867300.0,515.0,483.6,497.2,506.68,545.8,639.675,False,False,False,False,True,False,True,False,False,False,False,0.1805825242718446,0.2194174757281553,,,0.0161553398058252,-0.0598058252427183,0.2233009708737864,0.1572815533980582,-0.0018077439843654,0.1480289621882541,568.0,610.0,6.282819155802246,0.0005526170363938,0.0030012742243875,0.0011428278413313
2019-08-09,531.0,601.0,524.0,590.0,3872800.0,590.0,504.6,504.3,509.84,545.8,639.945,False,False,False,False,False,False,True,False,True,False,True,0.0711864406779661,0.0711864406779661,,,0.135864406779661,0.0749152542372882,0.059322033898305,-0.059322033898305,0.0,0.1318659528058694,531.0,619.0,0.7956772748751875,0.0061980229091479,0.005645405872754,0.0018077439843654
2019-08-13,581.0,600.0,579.0,595.0,1127800.0,595.0,529.4,511.9,512.96,545.8933333333333,640.09,False,False,False,False,False,False,True,True,False,True,False,0.1092436974789916,0.0924369747899159,,,0.1378823529411764,0.0825322128851541,0.1310924369747899,-0.0789915966386554,0.0001709735723707,0.1152568861105684,532.0,637.0,0.2912104936996488,0.0060823456019963,-0.0001156773071515,0.0001709735723707
2019-08-14,596.0,610.0,591.0,608.0,1073500.0,608.0,556.4,521.3,516.76,546.12,640.375,False,False,False,False,False,False,True,True,False,False,False,0.0575657894736842,0.0542763157894736,,,0.1500657894736842,0.1017763157894736,0.125,-0.0871710526315789,0.000415049195537,0.0951467485133321,514.0,621.0,0.951853165454868,0.007353510333617,0.0012711647316206,0.0002440756231663
2019-08-15,600.0,646.0,596.0,627.0,1819100.0,627.0,587.0,533.2,521.64,546.64,640.73,False,False,False,False,False,False,True,True,False,False,False,0.0207336523125996,0.0318979266347687,,,0.1680382775119617,0.1281658692185008,0.1036682615629984,-0.1291866028708134,0.0009512659154104,0.0703300825206301,496.0,588.0,1.6945505356311132,0.0093551108043861,0.002001600470769,0.0005362167198734
2019-08-16,618.0,619.0,604.0,608.0,1089300.0,608.0,605.6,544.6,525.56,546.8666666666667,640.895,False,False,False,False,False,False,True,True,False,True,False,0.0328947368421052,0.0789473684210526,,,0.1355921052631579,0.100548245614035,0.1759868421052631,-0.0970394736842105,0.0004144825064001,0.0442526625045905,501.0,589.0,0.5988125996371833,0.0074587107085774,-0.0018964000958087,-0.0005367834090103
2019-08-19,616.0,636.0,614.0,632.0,634100.0,632.0,614.0,559.3,530.32,547.4533333333334,641.175,False,False,False,False,False,False,True,True,False,False,False,0.0,0.0284810126582278,,,0.160886075949367,0.1337763713080168,0.1170886075949367,-0.1265822784810126,0.0010716286319686,0.0116216699445735,506.0,590.0,0.5821169558432021,0.0089757127771913,0.0015170020686138,0.0006571461255685
2019-08-20,622.0,662.0,616.0,660.0,1347700.0,660.0,627.0,578.2,536.36,548.1866666666666,641.66,False,False,False,False,False,False,True,True,False,False,False,-0.0151515151515151,0.006060606060606,,,0.1873333333333333,0.1694141414141415,0.0333333333333333,-0.153030303030303,0.0013377438342168,-0.0255966793497061,493.0,593.0,2.1253745466014826,0.0112610932955476,0.0022853805183563,0.0002661152022481
2019-08-21,653.0,655.0,632.0,643.0,857900.0,643.0,634.0,595.2,541.6,548.76,641.955,False,False,False,False,False,False,True,True,False,True,False,-0.0031104199066874,0.0108864696734059,,,0.1576982892690512,0.1465629860031104,0.0730948678071539,-0.1290824261275272,0.0010447797458513,-0.0581317204301075,479.0,611.0,0.6365660013356088,0.0096750369276218,-0.0015860563679258,-0.0002929640883655
2019-08-22,645.0,658.0,635.0,640.0,705800.0,640.0,636.6,611.8,546.44,549.3733333333333,641.735,False,False,False,False,False,False,True,True,False,True,False,0.0109375,0.0171875,,,0.1461874999999999,0.1416041666666666,0.0984375,-0.14375,0.0011164235613911,-0.08989865969271,472.0,600.0,0.822706609161907,0.0088573310885001,-0.0008177058391217,7.164381553984196e-05
2019-08-23,638.0,638.0,617.0,628.0,900900.0,628.0,640.6,623.1,551.48,549.8533333333334,641.215,True,True,False,False,False,False,True,True,False,False,False,0.0445859872611464,0.0398089171974522,,,0.1218471337579617,0.1244373673036093,0.1385350318471337,-0.125796178343949,0.0008729600620771,-0.1139463970470229,467.0,599.0,1.2764239161235478,0.0091390440269818,0.0002817129384817,-0.0002434634993139
2019-08-26,618.0,643.0,607.0,632.0,710400.0,632.0,640.6,627.3,556.36,550.5066666666667,640.765,False,False,False,False,False,False,True,True,False,True,False,0.0284810126582278,0.0379746835443038,,,0.1196835443037974,0.1289451476793249,0.0949367088607595,-0.1344936708860759,0.0011867855066847,-0.1211541527179977,481.0,598.0,0.7885447885447886,0.008771299158818,-0.0003677448681638,0.0003138254446075
2019-08-27,638.0,658.0,637.0,650.0,532000.0,650.0,638.6,632.8,561.72,551.3466666666667,640.49,False,False,False,False,False,False,True,True,False,False,False,0.0215384615384615,-0.023076923076923,,,0.1358153846153845,0.1517743589743589,0.0415384615384615,-0.1446153846153846,0.0015235423568959,-0.127528445006321,499.0,596.0,0.7488738738738738,0.0095421206294951,0.0007708214706771,0.0003367568502111
2019-08-28,649.0,649.0,628.0,641.0,541200.0,641.0,638.2,636.1,566.64,552.28,640.315,False,False,False,False,False,False,True,True,False,True,False,0.0140405616224648,0.0218408736349454,,,0.11600624024961,0.138408736349454,0.0530421216848674,-0.1372854914196568,0.0016899640279084,-0.1323691243515171,504.0,590.0,1.0172932330827067,0.0086827615417195,-0.0008593590877756,0.0001664216710125
2019-08-29,632.0,647.0,630.0,647.0,443500.0,647.0,639.6,638.1,571.68,553.0533333333333,639.915,False,False,False,False,False,False,True,True,False,False,False,0.0061823802163833,-0.0015455950540958,,,0.1164142194744977,0.1452035033487893,0.061823802163833,-0.142194744976816,0.0013982979338942,-0.1336781068797995,505.0,579.0,0.8194752402069475,0.0088161209068009,0.0001333593650814,-0.0002916660940142
2019-08-30,650.0,657.0,640.0,656.0,547100.0,656.0,645.2,642.9,577.16,553.6666666666666,639.375,False,False,False,False,False,False,True,True,False,False,False,-0.0045731707317073,-0.0396341463414634,,,0.1201829268292683,0.1559959349593496,0.0884146341463414,-0.1417682926829268,0.0011077664057796,-0.1379685798724528,508.0,586.0,1.2335963923337092,0.009494767482154,0.000678646575353,-0.0002905315281145
2019-09-02,646.0,655.0,642.0,650.0,427500.0,650.0,648.8,644.7,582.4,554.08,638.825,False,False,False,False,False,False,True,True,False,True,False,0.0092307692307692,-0.0384615384615384,,,0.104,0.1475692307692307,0.1292307692307692,-0.1276923076923077,0.000745981326403,-0.1380487048239491,511.0,586.0,0.7813927983915189,0.0089972527472527,-0.0004975147349012,-0.0003617850793766
2019-09-03,651.0,664.0,641.0,664.0,515600.0,664.0,651.6,645.1,588.2,554.44,638.24,False,False,False,False,False,False,True,True,False,False,False,-0.0436746987951807,0.0135542168674698,,,0.114156626506024,0.1649999999999999,0.0873493975903614,-0.1521084337349397,0.0006493038020345,-0.137963106495117,517.0,591.0,1.2060818713450292,0.0098605916354982,0.0008633388882454,-9.667752436855854e-05
2019-09-04,656.0,658.0,643.0,650.0,503000.0,650.0,653.4,645.8,593.64,554.8266666666667,637.605,False,False,False,False,False,False,True,True,False,True,False,0.0076923076923076,0.0523076923076923,,,0.0867076923076923,0.1464205128205127,0.0523076923076923,-0.123076923076923,0.0006969143516293,-0.1373490244657788,513.0,589.0,0.9755624515128006,0.0091638029782358,-0.0006967886572623,4.7610549594808696e-05
2019-09-05,656.0,656.0,641.0,651.0,725900.0,651.0,654.2,646.9,599.36,555.6666666666666,636.9,False,False,False,False,False,False,True,True,False,False,False,-0.0076804915514592,0.0629800307219662,,,0.0793241167434715,0.1464413722478239,0.0476190476190476,-0.1105990783410138,0.0015116976604677,-0.1340238058432523,505.0,583.0,1.443141153081511,0.0095435130806193,0.0003797101023835,0.0008147833088384
2019-09-06,644.0,658.0,641.0,653.0,488900.0,653.0,653.6,649.4,605.72,556.52,636.18,False,False,False,False,False,False,True,True,False,False,False,-0.0352220520673813,0.0949464012251148,,,0.0724042879019907,0.1477488514548239,0.0275650842266462,-0.119448698315467,0.001533338125015,-0.1333538651062519,510.0,568.0,0.6735087477613997,0.0104999009443307,0.0009563878637113,2.164046454725013e-05
2019-09-09,650.0,661.0,644.0,656.0,565900.0,656.0,654.8,651.8,612.56,557.4,635.5,False,False,False,False,False,False,True,True,False,False,False,-0.0472560975609756,0.0762195121951219,,,0.066219512195122,0.1503048780487805,0.0365853658536585,-0.1539634146341463,0.0015787585217079,-0.1353175820803926,513.0,531.0,1.1574964205358969,0.0111662531017368,0.0006663521574061,4.542039669291225e-05
2019-09-10,649.0,650.0,627.0,635.0,1020200.0,635.0,649.0,650.3,619.12,557.96,634.785,False,False,False,False,False,False,True,True,False,True,False,0.0598425196850393,0.074015748031496,,,0.025007874015748,0.1213228346456692,0.0661417322834645,-0.1322834645669291,0.00100365617607,-0.13409195755805,509.0,532.0,1.802792012723096,0.0105956841969247,-0.000570568904812,-0.0005751023456378
2019-09-11,632.0,657.0,624.0,655.0,906400.0,655.0,650.0,651.7,626.4,558.5466666666666,634.295,False,False,False,False,False,False,True,True,False,False,True,0.0442748091603053,0.0534351145038167,,,0.0436641221374046,0.1472569974554708,0.015267175572519,-0.1511450381679389,0.0010503449428276,-0.135491790701243,512.0,514.0,0.8884532444618702,0.0116219667943805,0.0010262825974557,4.668876675759885e-05
2019-09-12,655.0,655.0,635.0,646.0,490400.0,646.0,649.0,651.6,633.28,559.16,633.83,False,False,False,False,False,False,True,True,False,True,False,0.0712074303405572,0.088235294117647,,,0.0196904024767802,0.1344272445820434,0.0510835913312693,-0.1594427244582043,0.0010968834203686,-0.1372007366482504,519.0,496.0,0.5410414827890556,0.0108640727640222,-0.0007578940303583,4.653847754099334e-05
2019-09-13,641.0,643.0,625.0,630.0,699500.0,630.0,644.4,649.0,637.88,559.5733333333334,633.32,False,False,False,False,False,False,True,True,False,True,False,0.1349206349206349,0.1349206349206349,,,-0.0125079365079365,0.1117883597883597,0.0206349206349206,-0.1206349206349206,0.0007386580251621,-0.1351309707241911,502.0,501.0,1.4263866231647635,0.0072113877218285,-0.0036526850421936,-0.0003582253952064
2019-09-17,620.0,634.0,605.0,625.0,744200.0,625.0,638.2,646.5,639.28,559.9333333333333,632.715,False,False,False,False,False,False,True,True,False,True,False,0.1296,0.1072,,,-0.0228479999999999,0.1041066666666667,0.0368,-0.112,0.000642933682581,-0.1336426914153131,510.0,506.0,1.0639027877055038,0.0021899637091727,-0.0050214240126558,-9.57243425810879e-05
2019-09-18,644.0,675.0,643.0,673.0,1383000.0,673.0,645.8,647.4,642.4,560.96,632.27,False,False,False,False,False,False,True,True,False,False,False,0.013372956909361,0.0059435364041604,,,0.0454680534918276,0.1664784546805348,-0.0475482912332838,-0.1768202080237741,0.0018301958547253,-0.1362372567191843,516.0,493.0,1.8583714055361464,0.0048567870485678,0.002666823339395,0.0011872621721443
2019-09-19,667.0,695.0,666.0,684.0,1196800.0,684.0,651.6,650.8,645.44,562.2133333333334,631.775,False,False,False,False,False,False,True,True,False,True,False,0.0087719298245614,-0.0131578947368421,,,0.0563742690058478,0.1780506822612085,-0.0540935672514619,-0.1885964912280701,0.0022292842574586,-0.1430547019053471,518.0,479.0,0.8653651482284888,0.0047099652949926,-0.0001468217535751,0.0003990884027332
2019-09-20,680.0,702.0,678.0,692.0,760300.0,692.0,660.8,654.9,648.04,563.72,631.38,False,False,False,False,False,False,True,True,False,True,False,0.0158959537572254,-0.0072254335260115,,,0.0635260115606937,0.1853757225433525,-0.0621387283236994,-0.2138728323699422,0.0026727216821589,-0.1537639334249503,521.0,472.0,0.6352774064171123,0.0040120980186406,-0.0006978672763519,0.0004434374247003
2019-09-24,698.0,732.0,697.0,715.0,1094800.0,715.0,677.8,661.1,652.32,565.44,630.71,False,False,False,False,False,False,True,True,False,False,False,0.0,-0.0013986013986013,,,0.0876643356643356,0.2091748251748251,-0.0783216783216783,-0.2321678321678321,0.0030418788907753,-0.165633035849342,519.0,467.0,1.4399579113507823,0.006561196958548,0.0025490989399073,0.0003691572086163
2019-09-25,715.0,719.0,700.0,706.0,618900.0,706.0,694.0,666.1,655.28,567.04,630.035,False,False,False,False,False,False,True,True,False,True,False,-0.0198300283286118,0.0396600566572237,,,0.0718413597733711,0.1968271954674221,-0.0679886685552408,-0.2294617563739376,0.0028216704288937,-0.1735475153880799,519.0,481.0,0.5653087321885276,0.0045171529727748,-0.0020440439857732,-0.0002202084618816
2019-09-26,706.0,708.0,678.0,682.0,814300.0,682.0,695.8,670.8,656.16,568.2533333333333,629.155,False,False,False,False,False,False,True,True,False,True,False,-0.0073313782991202,0.0586510263929618,,,0.0378885630498534,0.1667839687194525,-0.0454545454545454,-0.2140762463343108,0.0021351979164223,-0.1815742397137745,519.0,499.0,1.3157214412667635,0.0013411363082175,-0.0031760166645573,-0.0006864725124714
2019-09-27,681.0,693.0,670.0,690.0,560600.0,690.0,697.0,674.3,658.04,569.6,628.375,False,False,False,False,False,False,True,True,False,False,False,-0.0217391304347826,-0.008695652173913,,,0.0463188405797101,0.1744927536231883,-0.0333333333333333,-0.2130434782608695,0.0023642322097378,-0.1877502595283997,514.0,504.0,0.6884440623848704,0.0028569691812047,0.0015158328729872,0.0002290342933155
2019-09-30,689.0,706.0,684.0,703.0,887300.0,703.0,699.2,680.0,660.56,571.2,627.455,False,False,False,False,False,False,True,True,False,False,False,-0.0227596017069701,-0.0298719772403982,,,0.0603698435277383,0.1874822190611663,-0.0483641536273115,-0.22475106685633,0.0028011204481793,-0.1942647058823529,508.0,505.0,1.5827684623617553,0.0038149448952403,0.0009579757140355,0.0004368882384414
2019-10-01,703.0,715.0,697.0,715.0,476600.0,715.0,699.2,688.5,664.04,573.16,626.525,False,False,False,False,False,False,True,True,False,False,False,-0.0013986013986013,-0.0615384615384615,,,0.0712727272727273,0.1983776223776224,-0.0699300699300699,-0.2265734265734265,0.0034196384953589,-0.2043572984749456,494.0,508.0,0.5371351290431646,0.0052406481537257,0.0014257032584853,0.0006185180471796
2019-10-02,696.0,700.0,682.0,692.0,679900.0,692.0,696.4,695.2,666.44,575.3066666666666,625.5,False,False,False,False,False,False,True,True,False,True,False,0.0606936416184971,-0.0173410404624277,,,0.036936416184971,0.1686319845857418,-0.0173410404624277,-0.2052023121387283,0.003731343283582,-0.2127445339470657,485.0,511.0,1.42656315568611,0.0036012244163016,-0.001639423737424,0.0003117047882231
2019-10-03,684.0,687.0,669.0,677.0,745900.0,677.0,695.4,695.6,667.52,577.24,624.44,False,False,False,False,False,False,True,True,False,True,False,0.0664697193500738,0.0,,,0.0140029542097489,0.1473559822747415,0.0236336779911373,-0.1949778434268833,0.003349271244774,-0.2144910868315124,471.0,517.0,1.097073098985145,0.0016179290508148,-0.0019832953654868,-0.0003820720388079
2019-10-04,679.0,682.0,661.0,675.0,820600.0,675.0,692.4,694.7,668.88,579.3866666666667,623.48,False,False,False,False,False,False,True,True,False,False,False,0.0133333333333333,-0.0148148148148148,,,0.0090666666666666,0.1416493827160494,0.0311111111111111,-0.1792592592592592,0.0037050674276245,-0.2136173888009213,473.0,513.0,1.1001474728515888,0.0020332496112905,0.0004153205604756,0.0003557961828504
2019-10-07,690.0,696.0,677.0,687.0,999300.0,687.0,689.2,694.2,670.48,581.9333333333333,622.595,False,False,False,False,False,False,True,True,False,False,False,-0.007278020378457,-0.0116448326055312,,,0.024046579330422,0.1529354682193111,-0.1324599708879185,-0.2037845705967976,0.004376217207011,-0.212618841832325,474.0,505.0,1.2177674872044846,0.0023863500775564,0.0003531004662658,0.0006711497793864
2019-10-08,688.0,715.0,684.0,714.0,1050000.0,714.0,689.0,694.1,672.8,584.7733333333333,621.985,False,False,False,False,False,False,True,True,False,False,False,-0.0602240896358543,-0.0994397759103641,,,0.057703081232493,0.1809897292250233,-0.1946778711484593,-0.2086834733893557,0.004856582607506,-0.2102002593286269,515.0,510.0,1.0507355148604025,0.0034482758620688,0.0010619257845124,0.000480365400495
2019-10-09,710.0,738.0,710.0,734.0,1438800.0,734.0,697.4,696.9,676.16,587.8133333333334,621.385,False,False,False,False,False,False,True,True,False,False,True,-0.0735694822888283,-0.1171662125340599,,,0.0788010899182561,0.1991643960036329,-0.2438692098092643,-0.2356948228882834,0.0051717098398585,-0.21093413689195,590.0,513.0,1.3702857142857143,0.0049692380501656,0.0015209621880967,0.0003151272323524
2019-10-10,721.0,729.0,712.0,722.0,972900.0,722.0,706.4,700.9,678.48,590.8666666666667,620.87,False,False,False,False,False,False,True,True,False,True,False,-0.0623268698060941,-0.1121883656509695,,,0.0602770083102492,0.1816251154201292,-0.242382271468144,-0.2077562326869806,0.0051675504908043,-0.2103010415180482,595.0,509.0,0.6761884904086739,0.0034194080886688,-0.0015498299614967,-4.159349054204051e-06
2019-10-11,712.0,723.0,682.0,684.0,784400.0,684.0,708.2,700.3,679.84,593.6,620.185,False,False,False,False,False,False,True,True,False,True,False,-0.0277777777777777,-0.0540935672514619,,,0.0060818713450291,0.1321637426900584,-0.1885964912280701,-0.1403508771929824,0.0046046720575022,-0.2031986291589318,608.0,512.0,0.8062493575907081,0.002000470698988,-0.0014189373896808,-0.0005628784333021
2019-10-15,685.0,693.0,675.0,682.0,591000.0,682.0,707.2,698.2,681.08,596.4,619.53,False,False,False,False,False,False,True,True,False,True,False,-0.0043988269794721,-0.0483870967741935,,,0.001348973607038,0.1255131964809384,-0.1964809384164222,-0.1246334310850439,0.004694835680751,-0.1933543397307361,627.0,519.0,0.7534421213666497,0.0018206378105362,-0.0001798328884517,9.016362324882567e-05
2019-10-16,685.0,690.0,665.0,671.0,1070000.0,671.0,698.6,693.8,681.8,599.12,618.86,False,False,False,False,False,False,True,True,False,True,False,-0.0417287630402384,-0.0178837555886736,,,-0.0160953800298061,0.1071236959761549,-0.1520119225037257,-0.1311475409836065,0.0045399919882494,-0.1839146728163734,608.0,502.0,1.8104906937394247,0.0010560281607508,-0.0007646096497853,-0.0001548436925016
2019-10-17,668.0,685.0,665.0,680.0,658600.0,680.0,687.8,692.6,682.76,601.7733333333333,618.385,False,False,False,False,False,False,True,True,False,False,False,-0.0470588235294117,-0.0323529411764705,,,-0.0040588235294117,0.1150392156862745,-0.1455882352941176,-0.1544117647058823,0.0044091906144062,-0.1788911348541726,632.0,510.0,0.6155140186915888,0.0014060577655399,0.000350029604789,-0.0001308013738432
2019-10-18,670.0,679.0,669.0,677.0,462200.0,677.0,678.8,692.6,684.44,604.1466666666666,617.92,False,False,False,False,False,False,True,True,False,False,False,-0.053175775480059,-0.0384047267355982,,,-0.0109896602658789,0.1076120137863121,-0.138847858197932,-0.1654357459379616,0.0039284059058506,-0.1760034652035806,660.0,516.0,0.7017916793197692,0.0024545613932558,0.0010485036277159,-0.0004807847085555
2019-10-21,668.0,676.0,662.0,665.0,422300.0,665.0,675.0,691.6,684.84,606.2933333333333,617.58,False,False,False,False,False,False,True,True,False,True,False,-0.0270676691729323,0.0030075187969924,,,-0.0298345864661654,0.088280701754386,-0.1157894736842105,-0.1368421052631579,0.0035406403940886,-0.1719201850780797,643.0,518.0,0.9136737343141496,0.0005840780328251,-0.0018704833604307,-0.000387765511762
2019-10-23,660.0,683.0,650.0,679.0,830300.0,679.0,674.4,690.8,686.16,608.6133333333333,617.205,False,False,False,False,False,False,True,True,True,False,False,-0.0441826215022091,-0.0147275405007363,,,-0.0105449189985271,0.1036622484045164,-0.1369661266568483,-0.2901325478645066,0.0038119440914867,-0.1803705848291834,640.0,521.0,1.966137816717973,0.001923749562784,0.0013396715299589,0.0002713036973981
2019-10-24,669.0,669.0,630.0,643.0,1290300.0,643.0,668.8,683.7,686.68,610.4133333333333,616.81,False,False,False,False,False,False,True,True,False,True,False,0.0248833592534992,0.0342146189735614,,,-0.0679315707620527,0.0506791083462934,-0.0730948678071539,-0.2301710730948678,0.0029488215635306,-0.1820974111452391,628.0,519.0,1.554016620498615,0.0007572668491873,-0.0011664827135967,-0.000863122527956
2019-10-25,635.0,649.0,622.0,648.0,1121000.0,648.0,662.4,675.1,687.6,612.24,616.45,False,False,False,False,False,False,True,True,True,False,False,0.015432098765432,0.0493827160493827,,,-0.0611111111111111,0.0551851851851851,-0.1435185185185185,-0.2299382716049382,0.002983579424191,-0.1808620945045178,632.0,519.0,0.868790203828567,0.0013379872018616,0.0005807203526742,3.475786066037311e-05
2019-10-28,646.0,651.0,635.0,641.0,497400.0,641.0,655.2,667.0,686.32,613.8933333333333,616.105,False,False,False,False,False,False,False,True,False,True,False,0.0156006240249609,0.0811232449297972,,,-0.0707020280811233,0.0422880915236609,-0.1450858034321372,-0.2184087363494539,0.0026931931714521,-0.1815592203898051,650.0,519.0,0.4437109723461195,-0.0018650192330108,-0.0032030064348724,-0.0002903862527389
2019-10-29,641.0,655.0,636.0,647.0,481100.0,647.0,651.6,663.3,684.84,615.68,615.855,False,False,False,False,False,False,False,True,False,True,False,0.0309119010819165,0.0757341576506955,,,-0.0584853168469861,0.0484080370942813,-0.142194744976816,-0.2163833075734157,0.0029019404019403,-0.1892054877129504,641.0,514.0,0.9672295938882188,-0.0021610887214532,-0.0002960694884424,0.0002087472304882
2019-10-30,649.0,656.0,641.0,649.0,459700.0,649.0,645.6,660.0,683.12,617.6,615.41,False,False,False,False,False,False,False,True,False,True,False,0.0308166409861325,-0.0816640986132511,,,-0.052573189522342,0.048382126348228,-0.1587057010785824,-0.2526964560862866,0.0031088082901555,-0.2021212121212121,647.0,508.0,0.9555186032009976,-0.0025178592341023,-0.0003567705126491,0.0002068678882152
2019-10-31,648.0,663.0,641.0,659.0,492300.0,659.0,648.8,658.8,680.88,619.5866666666667,615.045,False,False,False,False,False,False,False,True,False,True,False,0.0091047040971168,-0.1274658573596358,,,-0.0332018209408194,0.0598077895801719,-0.1669195751138088,-0.2928679817905918,0.0032064387010695,-0.2184274438372798,656.0,494.0,1.070915814661736,-0.0032898601809423,-0.0007720009468399,9.763041091399124e-05
2019-11-01,658.0,661.0,652.0,658.0,218800.0,658.0,650.8,656.6,678.96,621.52,614.67,False,False,False,False,False,False,False,True,False,False,False,0.033434650455927,-0.1565349544072948,,,-0.0318541033434651,0.0554407294832827,-0.1610942249240121,-0.3161094224924012,0.0031106534517526,-0.2348461772768809,650.0,485.0,0.4444444444444444,-0.0028278543655001,0.0004620058154422,-9.578524931694225e-05
2019-11-05,655.0,661.0,648.0,651.0,400500.0,651.0,652.8,654.0,677.72,623.4133333333333,614.095,False,False,False,False,False,False,False,True,False,False,False,0.064516129032258,-0.1597542242703533,,,-0.0410445468509985,0.0423758320532514,-0.141321044546851,-0.325652841781874,0.0030370433741123,-0.2510703363914373,664.0,471.0,1.830438756855576,-0.001829664168093,0.000998190197407,-7.361007764022064e-05
2019-11-06,650.0,671.0,648.0,667.0,913100.0,667.0,656.8,654.2,676.8,625.48,613.73,False,False,False,False,False,False,False,True,False,False,False,0.0434782608695652,-0.1679160419790105,,,-0.0146926536731633,0.0622488755622188,-0.1604197901049475,-0.3793103448275862,0.0033041290955213,-0.2757566493427086,650.0,473.0,2.279900124843945,-0.0013593380614658,0.0004703261066272,0.000267085721409
2019-11-07,661.0,671.0,654.0,669.0,806900.0,669.0,660.8,653.2,675.44,627.48,613.25,False,False,False,False,False,False,False,True,False,True,False,-0.109118086696562,-0.1808669656203288,,,-0.0096263079222721,0.0620627802690582,-0.1808669656203288,-0.3467862481315396,0.0031873525849429,-0.2815370483772199,651.0,474.0,0.8836929142481655,-0.0020135023096054,-0.0006541642481396,-0.0001167765105784
2019-11-08,666.0,671.0,657.0,665.0,849800.0,665.0,662.0,655.4,673.44,629.6533333333333,612.855,False,False,False,False,False,False,False,True,False,True,True,-0.1353383458646616,-0.1443609022556391,,,-0.0126917293233083,0.0531528822055138,-0.1744360902255639,-0.3774436090225564,0.0034516347619853,-0.2963075984131827,653.0,515.0,1.0531664394596605,-0.0029698265621287,-0.0009563242525233,0.0002642821770424
2019-11-11,670.0,687.0,666.0,680.0,792300.0,680.0,666.4,658.6,672.96,631.92,612.41,False,False,False,False,True,False,False,True,False,False,False,-0.1838235294117647,-0.1455882352941176,,,0.0103529411764705,0.0707058823529412,-0.1955882352941176,-0.3897058823529412,0.003586951934844,-0.3124810203461889,656.0,590.0,0.932337020475406,-0.0007132667617689,0.0022565598003598,0.0001353171728586
2019-11-12,681.0,700.0,678.0,693.0,2015200.0,693.0,674.8,663.8,673.6,634.28,611.935,False,False,False,False,False,False,True,True,False,False,False,-0.2106782106782107,-0.1587301587301587,,,0.0279942279942279,0.0847330447330447,-0.1976911976911977,-0.404040404040404,0.0037207542410292,-0.3311238324796625,635.0,595.0,2.5434810046699483,0.0009501187648455,0.0016633855266145,0.0001338023061851
2019-11-13,700.0,702.0,668.0,696.0,1409800.0,696.0,680.6,668.7,674.44,636.6533333333333,611.645,False,False,False,False,False,False,True,True,False,False,False,-0.2025862068965517,-0.1551724137931034,,,0.0309770114942527,0.0852681992337165,-0.2054597701149425,-0.4396551724137931,0.0037278267607698,-0.3535217586361597,655.0,608.0,0.6995831679237793,0.001245477729672,0.0002953589648264,7.072519740641478e-06
2019-11-14,639.0,639.0,596.0,596.0,3042600.0,596.0,666.0,663.4,670.8,637.6533333333333,610.77,False,False,False,False,False,True,False,True,False,True,False,-0.0805369127516778,-0.0167785234899328,,,-0.1255033557046979,-0.0698881431767337,-0.0687919463087248,-0.3993288590604026,0.00156825025092,-0.3675007536930961,646.0,627.0,2.1581784650305007,-0.0054263565891474,-0.0066718343188195,-0.0021595765098498
2019-11-15,576.0,580.0,538.0,575.0,3479600.0,575.0,648.0,655.0,665.24,638.4,609.79,False,False,False,False,False,False,False,True,False,True,False,-0.0104347826086956,0.0365217391304347,,,-0.1569391304347826,-0.1102608695652173,-0.0208695652173913,-0.368695652173913,0.0011695906432748,-0.3751145038167939,630.0,608.0,1.1436271609807402,-0.008357885875774,-0.0029315292866266,-0.0003986596076451
2019-11-18,568.0,568.0,545.0,555.0,2058700.0,555.0,623.0,644.7,658.08,638.88,608.795,False,False,False,False,False,False,False,True,False,True,False,0.0468468468468468,0.0,,,-0.1857297297297298,-0.1511351351351351,0.0216216216216216,-0.3855855855855856,0.0007513148009016,-0.382038157282457,625.0,632.0,0.5916484653408438,-0.010880136153659,-0.002522250277885,-0.0004182758423732
2019-11-19,555.0,555.0,539.0,547.0,1223700.0,547.0,593.8,634.3,651.08,639.2533333333333,607.83,False,False,False,False,False,False,False,True,False,False,False,0.0658135283363802,0.0018281535648994,,,-0.1902742230347349,-0.1686532602071907,0.0292504570383912,-0.4223034734917733,0.0005840146837977,-0.3912974932997003,673.0,660.0,0.5944042356827124,-0.0107513669595134,0.0001287691941456,-0.0001673001171038
2019-11-20,540.0,556.0,531.0,555.0,1480700.0,555.0,565.6,623.1,645.92,639.8,606.94,False,False,False,False,False,False,False,True,False,False,False,0.0594594594594594,0.0,,,-0.1638198198198197,-0.1527927927927927,0.027027027027027,-0.4612612612612612,0.0008544336771907,-0.3988123896645803,684.0,643.0,1.2100187954564028,-0.0079886054000496,0.0027627615594637,0.0002704189933929
2019-11-21,546.0,548.0,533.0,548.0,1292700.0,548.0,556.0,611.0,640.56,640.3333333333334,606.0,False,False,False,False,False,False,False,True,False,True,False,0.0693430656934306,-0.0036496350364963,,,-0.168905109489051,-0.1684914841849149,0.0565693430656934,-0.4434306569343065,0.0008328995314941,-0.4085106382978724,692.0,640.0,0.8730330249206456,-0.0083676782815037,-0.000379072881454,-2.1534145696578745e-05
2019-11-22,574.0,586.0,565.0,569.0,2734000.0,569.0,554.8,601.4,636.48,641.3333333333334,605.2,False,False,True,False,False,False,False,True,False,False,False,0.047451669595782,-0.0351493848857645,,,-0.1185940246045694,-0.1271236086701816,0.0105448154657293,-0.4850615114235501,0.0015592515592515,-0.4191885600266045,715.0,628.0,2.114953198731337,-0.0064102564102562,0.0019574218712474,0.0007263520277574
2019-11-25,570.0,592.0,569.0,581.0,1631800.0,581.0,560.0,591.5,632.52,642.6133333333333,604.415,False,False,False,False,False,False,False,True,False,False,False,-0.0447504302925989,-0.0499139414802065,,,-0.0886746987951807,-0.1060470453241537,-0.0447504302925989,-0.5163511187607573,0.0019918665449414,-0.4321217244294167,706.0,632.0,0.5968544257498171,-0.006260671599317,0.0001495848109392,0.0004326149856898
2019-11-26,585.0,593.0,577.0,583.0,938600.0,583.0,567.2,580.5,628.76,644.1066666666667,603.675,False,False,False,False,False,False,False,True,False,False,False,-0.0600343053173241,-0.0411663807890223,,,-0.0784905660377358,-0.1048141795311606,-0.0548885077186964,-0.5420240137221269,0.0023184565703403,-0.4465116279069767,682.0,650.0,0.5751930383625444,-0.0059800241745657,0.0002806474247512,0.0003265900253988
2019-11-27,587.0,591.0,582.0,588.0,618600.0,588.0,573.8,569.7,625.68,645.64,603.07,False,False,False,False,False,False,False,True,False,False,False,-0.0561224489795918,-0.0476190476190476,,,-0.0640816326530611,-0.0980272108843537,-0.0544217687074829,-0.532312925170068,0.0023749044875368,-0.4562050201860628,690.0,641.0,0.6590666950777754,-0.0049226441631505,0.0010573800114152,5.644791719654164e-05
2019-11-28,587.0,594.0,584.0,586.0,535400.0,586.0,581.4,568.7,621.96,647.1333333333333,602.43,False,False,False,False,False,False,False,True,False,True,False,-0.068259385665529,-0.0648464163822525,,,-0.0613651877133106,-0.1043230944254834,-0.0733788395904436,-0.5051194539249146,0.0023076130627382,-0.467205908211711,703.0,647.0,0.8655027481409635,-0.0059810920316417,-0.0010584478684912,-6.729142479862784e-05
2019-11-29,587.0,606.0,587.0,596.0,1269300.0,596.0,586.8,570.8,620.08,648.2133333333334,601.82,False,False,False,False,False,False,False,True,False,False,True,-0.0788590604026845,-0.0788590604026845,,,-0.0404026845637584,-0.0876062639821029,-0.0704697986577181,-0.4681208053691275,0.0016661181504032,-0.4772249474421864,715.0,656.0,2.370750840493089,-0.0030318668558895,0.0029492251757522,-0.000641494912335
2019-12-02,580.0,584.0,554.0,555.0,2340800.0,555.0,581.6,570.8,616.36,647.7466666666667,600.99,False,False,False,False,False,False,False,False,False,True,False,-0.0054054054054054,-0.0144144144144144,,,-0.1105585585585585,-0.1671111111111111,0.0,-0.4432432432432432,-0.0007204462650007,-0.4828311142256482,692.0,650.0,1.8441660757898053,-0.0060354338373678,-0.0030035669814782,-0.0023865644154039
2019-12-03,545.0,550.0,538.0,548.0,1573800.0,548.0,574.6,570.9,612.64,647.12,600.29,False,False,False,False,False,False,False,False,False,True,False,0.0200729927007299,0.0145985401459854,,,-0.117956204379562,-0.1808759124087591,0.010948905109489,-0.437956204379562,-0.0009683932913009,-0.4843229987738658,677.0,664.0,0.6723342447026658,-0.006072081483416,-3.664764604826426e-05,-0.0002479470263001
2019-12-04,544.0,559.0,542.0,555.0,1090600.0,555.0,568.0,570.9,608.96,646.4133333333333,599.5,False,False,False,False,False,False,False,False,False,False,False,0.009009009009009,-0.0036036036036036,,,-0.0972252252252253,-0.1647087087087086,0.0,-0.4612612612612612,-0.0010932117736845,-0.4843229987738658,675.0,650.0,0.6929724234337273,-0.0060430898581186,2.899162529740318e-05,-0.0001248184823836
2019-12-05,551.0,554.0,545.0,546.0,866100.0,546.0,560.0,570.7,604.84,645.3333333333334,598.815,False,False,False,False,False,False,False,False,False,True,False,0.0036630036630036,0.0164835164835164,,,-0.1077655677655678,-0.181929181929182,-0.0036630036630036,-0.4432234432234432,-0.0016735537190081,-0.4843175048186438,687.0,651.0,0.7941500091692646,-0.0068117188016665,-0.0007686289435478,-0.0005803419453235
2019-12-06,550.0,557.0,547.0,549.0,784500.0,549.0,550.6,568.7,600.44,644.5466666666666,598.175,False,False,False,False,False,False,False,False,False,True,False,0.0,0.0255009107468123,,,-0.0936976320582878,-0.1740376442015785,0.0,-0.4462659380692167,-0.0012204960592458,-0.4805697204149816,714.0,653.0,0.9057845514374784,-0.0073279594963692,-0.0005162406947027,0.0004530576597622
2019-12-09,549.0,556.0,549.0,552.0,540900.0,552.0,550.0,565.8,596.2,643.48,597.395,False,False,False,False,False,False,False,False,False,False,False,-0.0090579710144927,0.0271739130434782,,,-0.080072463768116,-0.1657246376811594,-0.0144927536231884,-0.4492753623188406,-0.0016576531775138,-0.4738423471191233,734.0,656.0,0.6894837476099427,-0.0071117074807111,0.0002162520156581,-0.0004371571182679
2019-12-10,552.0,560.0,548.0,559.0,764300.0,559.0,552.2,563.4,592.52,642.1333333333333,596.615,False,False,False,False,False,False,False,False,False,False,False,-0.0053667262969588,0.0071556350626118,,,-0.0599642218246869,-0.1487179487179487,-0.0411449016100178,-0.4865831842576029,-0.0020971760797342,-0.4680511182108626,722.0,635.0,1.4130153447957108,-0.0062107608182003,0.0009009466625108,-0.0004395229022204
2019-12-11,560.0,565.0,557.0,560.0,876200.0,560.0,553.2,560.6,588.24,641.0266666666666,596.26,False,False,False,False,False,False,False,False,False,True,False,-0.0125,0.0178571428571428,,,-0.0504285714285714,-0.1446904761904761,-0.0303571428571428,-0.4696428571428571,-0.0017263972377644,-0.4614698537281484,684.0,655.0,1.1464084783461992,-0.0072759417924656,-0.0010651809742652,0.0003707788419698
2019-12-12,561.0,567.0,547.0,548.0,939800.0,548.0,553.6,556.8,583.4,639.8,595.87,False,False,False,False,False,False,False,False,False,True,False,0.0127737226277372,0.0565693430656934,,,-0.0645985401459853,-0.1675182481751824,-0.0054744525547445,-0.4507299270072992,-0.001917265812233,-0.4558189655172413,682.0,646.0,1.0725861675416573,-0.0082961947206034,-0.0010202529281378,-0.0001908685744685
2019-12-13,549.0,557.0,547.0,549.0,831500.0,549.0,553.6,552.1,578.76,638.7466666666667,595.565,False,False,False,False,False,False,False,False,False,False,False,0.0255009107468123,0.0473588342440801,,,-0.054207650273224,-0.1634729811778992,0.0072859744990892,-0.4207650273224044,-0.0016490627478811,-0.4510052526716174,671.0,630.0,0.8847627154713769,-0.0080171400926117,0.0002790546279916,0.0002682030643518
2019-12-16,550.0,556.0,547.0,547.0,662800.0,547.0,552.6,551.3,573.44,637.6133333333333,595.09,False,False,False,False,False,False,False,False,False,True,False,0.036563071297989,0.0146252285191956,,,-0.0483363802559416,-0.1656550883607556,0.0054844606946983,-0.4040219378427788,-0.0017774617845716,-0.4471249773263195,680.0,625.0,0.7971136500300662,-0.0092773437499998,-0.0012602036573881,-0.0001283990366904
2019-12-17,546.0,556.0,537.0,556.0,944800.0,556.0,552.0,552.1,567.96,636.36,594.765,False,False,False,False,False,False,False,False,False,True,False,0.0125899280575539,-0.0089928057553956,,,-0.0215107913669065,-0.1445323741007194,-0.0197841726618705,-0.3992805755395683,-0.0019695350640098,-0.4432168085491759,677.0,673.0,1.4254677127338564,-0.0096485668004789,-0.000371223050479,-0.0001920732794382
2019-12-18,559.0,563.0,552.0,553.0,645700.0,553.0,550.6,551.9,562.24,635.1866666666666,594.315,False,False,False,False,False,False,False,False,False,True,False,0.0307414104882459,0.0054249547920434,,,-0.0167088607594936,-0.1486196503918022,0.0018083182640144,-0.4195298372513562,-0.0018472260123009,-0.4390288095669504,665.0,684.0,0.6834250635055038,-0.0101735913488902,-0.0005250245484112,0.0001223090517089
2019-12-19,554.0,560.0,549.0,555.0,695600.0,555.0,552.0,552.8,560.6,633.96,593.825,False,False,False,False,False,False,False,False,False,False,False,0.0432432432432432,-0.0216216216216216,,,-0.0100900900900901,-0.1422702702702703,-0.0144144144144144,-0.4126126126126126,-0.001934927545376,-0.4359623733719246,679.0,692.0,1.0772804708068762,-0.0029254370317516,0.0072481543171385,-8.770153307505234e-05
2019-12-20,556.0,563.0,552.0,563.0,734500.0,563.0,554.8,554.2,560.12,632.72,593.355,False,False,False,False,True,False,False,False,False,False,False,0.0213143872113676,-0.0159857904085257,,,0.0051154529307282,-0.1238365896980462,0.0035523978685612,-0.4245115452930728,-0.0019597926412947,-0.4337784193431974,643.0,715.0,1.0559229442208165,-0.0008569592230236,0.002068477808728,-2.486509591873368e-05
2019-12-23,566.0,572.0,562.0,567.0,601900.0,567.0,558.8,555.7,560.6,631.6133333333333,592.945,False,False,False,False,False,False,True,False,False,False,False,-0.0211640211640211,-0.0211640211640211,,,0.0112874779541445,-0.1139564961787184,-0.0105820105820105,-0.4356261022927689,-0.0017521268286504,-0.4324275688321037,648.0,706.0,0.8194690265486726,0.0008562254727078,0.0017131846957315,0.0002076658126442
2019-12-24,567.0,572.0,556.0,563.0,828300.0,563.0,560.2,556.1,561.24,630.2666666666667,592.525,False,False,False,False,False,False,True,False,False,False,False,-0.0213143872113676,-0.0159857904085257,,,0.0031261101243339,-0.1194789816459443,0.0159857904085257,-0.4103019538188277,-0.0021366617304844,-0.4247437511238986,641.0,682.0,1.3761422163150026,0.0011403321217304,0.0002841066490225,-0.000384534901834
2019-12-25,570.0,576.0,566.0,570.0,814800.0,570.0,563.6,557.1,561.84,629.2,592.195,False,False,False,False,False,False,True,False,False,True,False,-0.0245614035087719,-0.0263157894736842,,,0.0143157894736841,-0.1038596491228071,0.031578947368421,-0.4,-0.001695274422547,-0.4176987973433854,647.0,690.0,0.9837015574067368,0.0010679196924391,-7.241242929126074e-05,0.0004413873079374
2019-12-26,565.0,581.0,565.0,579.0,668000.0,579.0,568.4,560.2,563.08,628.24,591.875,False,False,False,False,False,False,True,False,False,False,False,-0.0621761658031088,-0.0604490500863557,,,0.027495682210708,-0.0850431778929188,0.0310880829015544,-0.4438687392055268,-0.00152807844136,-0.4171724384148519,649.0,703.0,0.819833087874325,0.0022021737586133,0.0011342540661741,0.000167195981187
2019-12-27,573.0,586.0,572.0,575.0,768700.0,575.0,570.8,562.8,563.32,627.2,591.485,False,False,False,False,False,False,True,False,False,True,False,-0.0365217391304347,-0.0452173913043478,,,0.0203130434782607,-0.0907826086956522,0.0139130434782608,-0.4643478260869565,-0.001658163265306,-0.421641791044776,659.0,715.0,1.150748502994012,0.0004260455868778,-0.0017761281717355,-0.000130084823946
2019-12-30,572.0,574.0,554.0,555.0,842000.0,555.0,568.4,563.6,562.28,625.8533333333334,591.04,False,False,False,False,False,False,False,False,False,True,False,0.0,-0.0198198198198198,,,-0.013117117117117,-0.1276636636636637,0.036036036036036,-0.4324324324324324,-0.0021517288395577,-0.4244144783534422,658.0,692.0,1.0953557954988942,-0.0018496122928079,-0.0022756578796858,-0.0004935655742517
2020-01-06,552.0,553.0,541.0,551.0,735100.0,551.0,566.0,563.1,561.0,624.7333333333333,590.49,False,False,False,False,False,False,False,False,False,True,False,0.0054446460980036,-0.0272232304900181,,,-0.0181488203266787,-0.1338173018753781,0.0254083484573502,-0.4464609800362976,-0.0017927649130295,-0.4290534540934115,651.0,677.0,0.873040380047506,-0.0022816399286987,-0.0004320276358907,0.0003589639265281
2020-01-07,556.0,563.0,552.0,556.0,1083600.0,556.0,563.2,563.4,559.72,623.4133333333333,590.115,False,False,False,False,False,False,False,False,False,True,False,-0.0017985611510791,-0.0233812949640287,,,-0.0066906474820144,-0.1212470023980814,0.0323741007194244,-0.4442446043165468,-0.0021173753101207,-0.431487397941072,667.0,675.0,1.4740851584818393,-0.0022868577145715,-5.217785872819146e-06,-0.0003246103970911
2020-01-08,554.0,557.0,535.0,543.0,1200100.0,543.0,556.0,562.2,558.0,622.04,589.83,False,False,False,False,False,False,False,False,False,True,False,0.001841620626151,0.003683241252302,,,-0.0276243093922651,-0.1455616942909759,-0.1123388581952117,-0.4088397790055249,-0.0022077894240456,-0.4311632870864461,669.0,687.0,1.1075119970468807,-0.0030824372759857,-0.0007955795614141,-9.041411392490904e-05
2020-01-09,555.0,556.0,550.0,554.0,692800.0,554.0,551.8,561.3,556.32,621.0266666666666,589.81,False,False,False,False,False,False,False,False,False,False,False,-0.0090252707581227,-0.0018050541516245,,,-0.004187725631769,-0.1209867629362213,-0.1064981949458483,-0.3953068592057762,-0.0016317066363226,-0.4282914662390878,665.0,714.0,0.5772852262311474,-0.0030198446937013,6.259258228433554e-05,0.0005760827877229
2020-01-10,556.0,559.0,552.0,555.0,602400.0,555.0,551.8,560.1,556.32,620.0933333333334,589.685,False,False,False,False,False,False,False,False,False,False,False,-0.0198198198198198,-0.009009009009009,,,-0.0023783783783784,-0.1172852852852853,-0.1009009009009009,-0.3981981981981982,-0.0015051497624012,-0.4245670415997143,680.0,734.0,0.8695150115473441,0.0,0.0030198446937013,0.0001265568739213
2020-01-14,561.0,562.0,549.0,554.0,633400.0,554.0,552.4,559.2,556.56,618.5066666666667,589.51,False,False,False,False,False,False,True,False,False,False,False,-0.0324909747292418,-0.0162454873646209,,,-0.0046209386281587,-0.1164380264741275,-0.095667870036101,-0.3826714801444043,-0.0025653186168837,-0.4218526466380544,693.0,722.0,1.051460823373174,0.0004312203536005,0.0004312203536005,-0.0010601688544824
2020-01-15,559.0,564.0,553.0,555.0,812700.0,555.0,552.2,557.7,556.56,616.7866666666666,589.37,False,False,False,False,False,False,False,False,False,True,False,-0.0216216216216216,-0.0018018018018018,,,-0.0028108108108107,-0.1113273273273272,-0.0864864864864864,-0.3603603603603603,-0.0027886465336475,-0.4179666487358795,696.0,684.0,1.2830754657404484,0.0,-0.0004312203536005,-0.0002233279167638
2020-01-16,551.0,551.0,542.0,544.0,723200.0,544.0,552.4,554.2,556.48,614.8133333333334,589.24,False,False,False,False,False,False,False,False,False,True,False,0.0018382352941176,0.0055147058823529,,,-0.0229411764705882,-0.130171568627451,-0.1084558823529411,-0.2941176470588235,-0.0032096462883041,-0.4031035727174306,596.0,682.0,0.8898732619662852,-0.0001437607820585,-0.0001437607820585,-0.0004209997546566
2020-01-17,548.0,551.0,545.0,549.0,506500.0,549.0,551.4,551.6,556.48,612.6,589.07,False,False,False,False,False,False,False,False,False,False,False,0.0072859744990892,0.029143897996357,,,-0.0136247723132969,-0.1158469945355191,-0.151183970856102,-0.2987249544626594,-0.0036130155620851,-0.3863306744017404,575.0,671.0,0.7003595132743363,0.0,0.0001437607820585,-0.0004033692737809
2020-01-20,545.0,547.0,537.0,544.0,890100.0,544.0,549.2,550.5,556.16,610.44,588.89,False,False,False,False,False,False,False,False,False,True,False,0.0110294117647058,0.03125,,,-0.0223529411764705,-0.1221323529411765,-0.1727941176470588,-0.3198529411764705,-0.0035384312954589,-0.3751135331516803,555.0,680.0,1.757354392892399,-0.0005753739930956,-0.0005753739930956,7.458426662619545e-05
2020-01-21,540.0,542.0,534.0,536.0,748800.0,536.0,545.6,549.0,555.24,608.4933333333333,588.67,False,False,False,False,False,False,False,False,False,True,False,0.0167910447761194,0.0671641791044776,,,-0.0358955223880597,-0.1352487562189054,-0.1809701492537313,-0.333955223880597,-0.0031991585774701,-0.3639344262295082,547.0,677.0,0.8412537917087968,-0.0016569411425689,-0.0010815671494733,0.0003392727179888
2020-01-22,537.0,549.0,537.0,543.0,877800.0,543.0,543.2,547.7,554.56,606.5333333333333,588.525,False,False,False,False,False,False,False,False,False,False,False,0.0202578268876611,0.0828729281767955,,,-0.0212891344383056,-0.1170042971147942,-0.2375690607734806,-0.2191528545119705,-0.0032314794460321,-0.3414277889355487,555.0,665.0,1.172275641025641,-0.0012261973456435,0.0004307437969253,-3.232086856204018e-05
2020-01-23,550.0,555.0,543.0,545.0,641000.0,545.0,543.4,547.9,554.44,604.4266666666666,588.46,False,False,False,False,False,False,False,False,False,False,False,0.0036697247706422,0.0954128440366972,,,-0.0173211009174312,-0.1090397553516818,-0.1981651376146789,-0.2256880733944954,-0.0034853966293126,-0.3232341668187625,548.0,679.0,0.7302346776030987,-0.0002164346006779,0.0010097627449655,-0.0002539171832804
2020-01-24,552.0,558.0,550.0,553.0,658200.0,553.0,544.2,547.8,554.6,602.2666666666667,588.405,False,False,False,False,False,False,True,False,False,False,False,0.0216998191681736,0.0542495479204339,,,-0.0028933092224231,-0.089089813140446,-0.2513562386980108,-0.2423146473779385,-0.0035864511844143,-0.3077765607886089,569.0,643.0,1.026833073322933,0.0002884962134871,0.0005049308141651,-0.0001010545551017
2020-01-27,543.0,550.0,542.0,550.0,549000.0,550.0,545.4,547.3,554.72,600.3733333333333,588.255,False,False,False,False,False,False,True,False,False,True,False,0.02,0.0454545454545454,,,-0.0085818181818182,-0.0915878787878787,-0.2454545454545454,-0.2345454545454545,-0.0031535933197121,-0.2912479444545953,581.0,648.0,0.8340929808568824,0.0002163253533314,-7.217086015572194e-05,0.0004328578647022
2020-01-28,543.0,554.0,541.0,545.0,589300.0,545.0,547.2,546.4,554.28,598.6133333333333,588.125,False,False,False,False,False,False,False,False,False,True,False,0.0495412844036697,0.036697247706422,,,-0.0170275229357797,-0.0983730886850153,-0.2422018348623853,-0.2091743119266055,-0.0029401282965074,-0.2737920937042459,583.0,641.0,1.0734061930783243,-0.0007938226167281,-0.0010101479700595,0.0002134650232046
2020-01-29,548.0,559.0,547.0,554.0,763700.0,554.0,549.4,546.3,554.32,597.0,587.995,False,False,False,False,False,False,True,False,False,False,False,0.0613718411552346,0.0361010830324909,,,-0.0005776173285199,-0.0776173285198556,-0.296028880866426,-0.2292418772563177,-0.0027024008933556,-0.2604795899688815,588.0,647.0,1.2959443407432547,7.216048491859811e-05,0.0008659831016467,0.0002377274031517
2020-01-30,553.0,561.0,541.0,547.0,840600.0,547.0,549.8,546.6,554.0,595.1333333333333,587.805,False,False,False,False,False,False,False,False,False,True,False,0.0914076782449725,-0.1188299817184643,,,-0.0127970749542961,-0.0879951249238269,-0.3455210237659963,-0.206581352833638,-0.0031365520331578,-0.2517380168313209,586.0,649.0,1.1006939897865653,-0.0005776173285199,-0.0006497778134385,-0.0004341511398021
2020-01-31,547.0,568.0,547.0,565.0,1055000.0,565.0,552.2,548.2,554.08,593.1466666666666,587.725,False,False,False,False,True,False,True,False,False,False,True,0.031858407079646,-0.1238938053097345,,,0.0193274336283185,-0.0498171091445427,-0.3575221238938053,-0.2247787610619469,-0.0033493683406015,-0.2442539219263043,596.0,659.0,1.2550559124434928,0.0001443834825296,0.0007220008110496,-0.0002128163074437
2020-02-03,557.0,564.0,550.0,561.0,932500.0,561.0,554.4,549.9,553.84,590.84,587.62,False,False,False,False,False,False,False,False,False,True,False,0.0249554367201426,-0.1105169340463458,,,0.0127629233511585,-0.0531907308377897,-0.392156862745098,-0.2174688057040998,-0.0039040462166857,-0.2340425531914893,555.0,658.0,0.8838862559241706,-0.0004333381482016,-0.0005777216307313,-0.0005546778760842
2020-02-04,562.0,573.0,560.0,572.0,691100.0,572.0,559.8,553.5,554.2,588.84,587.575,False,False,False,False,False,False,True,False,False,False,False,-0.0122377622377622,-0.1241258741258741,,,0.031118881118881,-0.0294405594405594,-0.4475524475524475,-0.2447552447552447,-0.0033965083893757,-0.2254742547425474,548.0,651.0,0.7411260053619303,0.0006495849873692,0.0010829231355708,0.00050753782731
2020-02-05,582.0,589.0,579.0,588.0,738500.0,588.0,566.6,558.0,554.92,587.56,587.6,False,False,False,False,False,False,True,False,True,False,False,-0.0238095238095238,-0.1377551020408163,,,0.0562585034013606,0.0007482993197279,-0.4914965986394558,-0.2772108843537414,-0.0021785009190552,-0.2315412186379928,555.0,667.0,1.0685863116770369,0.0012974843220642,0.000647899334695,0.0012180074703204
2020-02-06,597.0,605.0,591.0,597.0,991000.0,597.0,576.6,563.2,555.64,586.4266666666666,587.64,False,False,False,False,False,False,True,False,False,True,False,-0.1926298157453936,-0.1876046901172529,,,0.0692797319932998,0.0177107761027359,-0.4891122278056951,-0.2964824120603015,-0.0019326087945068,-0.2389914772727273,546.0,669.0,1.3419092755585649,0.0012958030379382,-1.6812841260034454e-06,0.0002458921245483
2020-02-07,590.0,596.0,578.0,583.0,882800.0,583.0,580.2,566.2,555.96,585.2533333333333,587.61,False,False,False,False,False,False,True,False,False,True,False,-0.1509433962264151,-0.2006861063464837,,,0.0463807890222983,-0.0038650657518581,-0.4974271012006861,-0.2761578044596912,-0.002004829817287,-0.2424938184387143,549.0,665.0,0.8908173562058527,0.0005755809770487,-0.0007202220608894,-7.222102278019453e-05
2020-02-10,575.0,580.0,567.0,575.0,595600.0,575.0,583.0,568.7,556.76,583.8533333333334,587.555,False,False,False,False,False,False,True,False,True,False,False,-0.1321739130434782,-0.217391304347826,,,0.0317217391304348,-0.0153971014492753,-0.5113043478260869,-0.2608695652173913,-0.0023978624768777,-0.2451204501494637,552.0,680.0,0.6746714997734481,0.0014368848336804,0.0008613038566317,-0.0003930326595906
2020-02-12,579.0,580.0,558.0,565.0,1286300.0,565.0,581.6,570.7,557.32,582.36,587.505,False,False,False,False,False,False,True,False,False,True,False,-0.1132743362831858,-0.2230088495575221,,,0.0135929203539822,-0.0307256637168141,-0.5274336283185841,-0.2442477876106194,-0.0025642786821439,-0.248466795163834,559.0,693.0,2.159670920080591,0.0010048087274816,-0.0004320761061988,-0.0001664162052662
2020-02-13,565.0,586.0,563.0,574.0,987900.0,574.0,578.8,572.7,558.04,581.1466666666666,587.485,False,False,False,False,False,False,True,False,False,False,False,-0.1167247386759581,-0.2787456445993031,,,0.0278048780487805,-0.0124506387921021,-0.5209059233449478,-0.2543554006968641,-0.0020878263662644,-0.2509167103195391,560.0,696.0,0.7680167923501516,0.0012902300910327,0.0002854213635511,0.0004764523158794
2020-02-14,499.0,501.0,474.0,482.0,4210000.0,482.0,555.8,566.2,555.6,578.52,586.92,False,False,False,False,False,True,False,False,False,True,False,0.0062240663900414,-0.0933609958506224,,,-0.1526970954356847,-0.2002489626556016,-0.3983402489626556,-0.0601659751037344,-0.0045403212795869,-0.2389614977039916,548.0,596.0,4.261564935722239,-0.0043916486681064,-0.0056818787591391,-0.0024524949133225
2020-02-17,480.0,510.0,472.0,495.0,1518200.0,495.0,538.2,559.2,553.24,576.5466666666666,586.45,False,False,False,False,False,False,False,False,False,False,False,-0.0585858585858585,-0.1636363636363636,,,-0.1176565656565656,-0.1647407407407406,-0.3595959595959596,-0.0767676767676767,-0.003422677551398,-0.2260371959942775,549.0,575.0,0.3606175771971496,-0.0042657797700817,0.0001258688980247,0.0011176437281889
2020-02-18,490.0,501.0,480.0,499.0,968200.0,499.0,523.0,553.0,551.0,574.56,585.995,False,False,False,False,False,False,False,False,False,False,False,-0.0981963927855711,-0.1683366733466934,,,-0.1042084168336673,-0.1514228456913826,-0.3807615230460922,-0.1302605210420841,-0.003457718369999,-0.218264014466546,547.0,555.0,0.6377288894743776,-0.004065335753176,0.0002004440169056,-3.504081860107198e-05
2020-02-19,492.0,503.0,486.0,501.0,1241700.0,501.0,510.2,545.9,548.88,572.6933333333334,585.56,False,False,False,False,False,False,False,False,False,False,False,-0.12375249500998,-0.1756487025948103,,,-0.0955688622754491,-0.1431004657351963,-0.3852295409181637,-0.1696606786427145,-0.0032594524119945,-0.2110276607437259,556.0,547.0,1.2824829580665151,-0.0038624107272992,0.0002029250258768,0.0001982659580044
2020-02-20,501.0,510.0,493.0,507.0,987900.0,507.0,496.8,537.8,546.96,570.8266666666667,585.14,False,False,False,False,False,False,False,False,False,False,False,-0.1834319526627219,-0.2307692307692307,,,-0.0788165680473373,-0.1258908612754767,-0.4102564102564102,-0.2031558185404339,-0.0032701111837802,-0.2030494607660839,553.0,555.0,0.7956028026093259,-0.0035103115401491,0.0003520991871501,-1.065877178566205e-05
2020-02-21,503.0,512.0,483.0,485.0,1159300.0,485.0,497.4,526.6,544.6,568.64,584.625,False,False,False,False,False,False,False,False,False,True,False,-0.0989690721649484,-0.2618556701030928,,,-0.1228865979381443,-0.1724536082474226,-0.3731958762886598,-0.1731958762886598,-0.0038454323766648,-0.1897075579187239,555.0,548.0,1.173499342038668,-0.0043334557473375,-0.0008231442071884,-0.0005753211928846
2020-02-25,467.0,479.0,465.0,466.0,1261000.0,466.0,491.6,514.9,541.28,566.0666666666667,584.0,False,False,False,False,False,False,False,False,False,True,False,-0.111587982832618,-0.2210300429184549,,,-0.1615450643776823,-0.2147353361945637,-0.3476394849785407,-0.1030042918454935,-0.0045459898716286,-0.1720722470382598,563.0,569.0,1.0877253515052188,-0.0061336092225835,-0.001800153475246,-0.0007005574949637
2020-02-26,458.0,459.0,440.0,450.0,1059500.0,450.0,481.8,502.4,537.52,563.2933333333333,583.31,False,False,False,False,False,False,False,False,False,True,False,-0.0777777777777777,-0.2422222222222222,,,-0.1944888888888888,-0.2517629629629628,-0.3244444444444444,-0.04,-0.0049234265154923,-0.1500796178343948,567.0,581.0,0.8402061855670103,-0.0069950885548444,-0.0008614793322608,-0.0003774366438637
2020-02-27,454.0,458.0,434.0,439.0,796000.0,439.0,469.4,489.8,533.64,560.4666666666667,582.48,False,False,False,False,False,False,False,False,False,True,False,-0.0592255125284738,-0.2801822323462414,,,-0.2155808656036446,-0.2766894457099469,-0.3462414578587699,-0.0022779043280182,-0.0050434162007849,-0.1259697835851367,563.0,583.0,0.7512977819726286,-0.0072708192789146,-0.0002757307240701,-0.0001199896852925
2020-02-28,414.0,433.0,409.0,414.0,1519000.0,414.0,450.8,473.8,528.48,557.0933333333334,581.55,False,False,False,False,False,False,False,False,False,True,False,-0.0579710144927536,-0.2777777777777778,,,-0.2765217391304348,-0.3456360708534622,-0.2826086956521739,0.0434782608695652,-0.0060552390981762,-0.0956099620092866,570.0,588.0,1.908291457286432,-0.0097638510445049,-0.0024930317655903,-0.0010118228973913
2020-03-02,399.0,445.0,399.0,437.0,895600.0,437.0,441.2,469.3,524.16,554.0,580.765,False,False,False,False,False,False,False,False,False,False,False,-0.1807780320366132,-0.3020594965675057,,,-0.1994508009153317,-0.2677345537757437,-0.3112128146453089,0.0480549199084668,-0.0055836341756919,-0.0858725761772853,579.0,586.0,0.5895984200131665,-0.0082417582417583,0.0015220928027465,0.0004716049224842
2020-03-03,444.0,447.0,409.0,414.0,1082600.0,414.0,430.8,461.2,518.6,550.6533333333333,579.875,False,False,False,False,False,False,False,False,False,True,False,-0.1231884057971014,-0.2922705314009662,,,-0.2526570048309179,-0.3300805152979065,-0.2318840579710145,0.0652173913043478,-0.0060776289982808,-0.0732870771899393,575.0,596.0,1.2087985707905315,-0.0107211723871961,-0.0024794141454378,-0.0004939948225888
2020-03-04,401.0,421.0,400.0,415.0,715500.0,415.0,423.8,452.8,513.2,547.12,579.035,False,False,False,False,False,False,False,False,False,False,False,-0.1783132530120482,-0.3228915662650602,,,-0.2366265060240965,-0.3183614457831325,-0.2144578313253012,0.0674698795180722,-0.0064580591704439,-0.0541077738515901,555.0,555.0,0.6609089229632367,-0.0105222135619641,0.000198958825232,-0.000380430172163
2020-03-05,421.0,428.0,407.0,413.0,1015900.0,413.0,418.6,444.0,507.92,543.3866666666667,578.165,False,False,False,False,False,False,False,False,False,False,False,-0.234866828087167,-0.3535108958837772,,,-0.2298305084745763,-0.3157062146892655,-0.1912832929782082,0.0774818401937046,-0.0068704912401236,-0.0288288288288288,551.0,548.0,1.4198462613556952,-0.0103953378484801,0.0001268757134839,-0.0004124320696797
2020-03-06,402.0,407.0,384.0,390.0,913000.0,390.0,413.8,432.3,501.36,539.3066666666666,577.26,False,False,False,False,False,False,False,False,False,True,False,-0.2333333333333333,-0.2948717948717949,,,-0.2855384615384616,-0.3828376068376067,-0.1769230769230769,0.1179487179487179,-0.0075652689873418,0.004857737682165,556.0,555.0,0.898710503002264,-0.0130844104037019,-0.0026890725552218,-0.0006947777472181
2020-03-09,367.0,380.0,351.0,358.0,1687700.0,358.0,398.0,419.6,493.8,536.1333333333333,576.105,False,False,False,False,False,False,False,False,False,True,False,-0.1480446927374301,-0.1899441340782122,,,-0.3793296089385475,-0.4975791433891992,-0.0893854748603352,0.164804469273743,-0.0059189256403878,0.0390848427073402,543.0,546.0,1.8485213581599125,-0.0153098420413122,-0.0022254316376103,0.0016463433469539
2020-03-10,339.0,364.0,320.0,363.0,1722100.0,363.0,387.8,409.3,485.72,533.3066666666666,574.87,False,False,False,False,False,False,False,False,False,True,False,-0.1928374655647383,-0.1267217630853994,,,-0.3380716253443527,-0.4691643709825526,-0.1074380165289256,0.1652892561983471,-0.0053002650132507,0.0664549230393354,554.0,549.0,1.0203827694495466,-0.0166350984106069,-0.0013252563692946,0.0006186606271371
2020-03-11,356.0,356.0,336.0,341.0,1647200.0,341.0,373.0,398.4,476.92,530.4533333333334,573.48,False,False,False,False,False,False,False,False,False,True,False,-0.1759530791788856,-0.093841642228739,,,-0.3985923753665689,-0.555581622678397,-0.0615835777126099,0.2258064516129032,-0.005379046853006,0.0921184738955824,555.0,552.0,0.9565065907903142,-0.0184517319466577,-0.0018166335360508,-7.878183975531042e-05
2020-03-12,325.0,337.0,308.0,316.0,2147700.0,316.0,353.6,386.1,466.68,527.3733333333333,571.875,False,False,False,False,False,False,False,False,False,True,False,-0.1550632911392405,-0.0253164556962025,,,-0.4768354430379747,-0.6689029535864979,0.050632911392405,0.300632911392405,-0.0058402649609385,0.1199171199171197,554.0,559.0,1.3038489558037882,-0.0219422302219936,-0.0034904982753359,-0.0004612181079325
2020-03-13,285.0,305.0,280.0,299.0,2393000.0,299.0,335.4,374.6,455.12,523.96,570.265,False,False,False,False,False,False,False,False,False,True,False,-0.0802675585284281,0.0,,,-0.5221404682274248,-0.7523745819397994,0.1438127090301003,0.391304347826087,-0.0065144922004223,0.1500266951414842,555.0,560.0,1.114215206965591,-0.0253998945333099,-0.0034576643113162,-0.0006742272394837
2020-03-16,315.0,328.0,304.0,305.0,1526200.0,305.0,324.8,361.4,443.44,520.72,568.85,False,False,False,False,False,False,False,False,False,True,False,-0.0491803278688524,-0.0032786885245901,,,-0.4539016393442623,-0.7072786885245903,0.0557377049180327,0.4,-0.0062221539406975,0.183453237410072,544.0,548.0,0.6377768491433348,-0.0263395273317698,-0.0009396327984599,0.0002923382597248
2020-03-17,290.0,305.0,284.0,293.0,2118500.0,293.0,310.8,349.3,431.84,517.04,567.37,False,False,False,False,False,False,False,False,False,True,False,0.0819112627986348,0.0375426621160409,,,-0.4738566552901023,-0.7646416382252559,0.0511945392491467,0.4641638225255973,-0.00711743772242,0.2210134554823933,549.0,549.0,1.388088061852968,-0.0268618006669137,-0.0005222733351439,-0.0008952837817225
2020-03-18,292.0,298.0,280.0,281.0,2520100.0,281.0,298.8,335.9,420.08,513.04,565.825,False,False,False,False,False,False,False,False,False,True,False,0.099644128113879,0.0818505338078291,,,-0.4949466192170818,-0.82576512455516,0.1209964412811387,0.491103202846975,-0.0077966630282239,0.2625781482584104,544.0,547.0,1.1895680906301629,-0.0279946676823461,-0.0011328670154324,-0.0006792253058038
2020-03-19,287.0,291.0,267.0,267.0,1639400.0,267.0,289.0,321.3,408.16,508.82666666666665,564.195,False,False,False,False,False,False,False,False,False,True,False,0.1535580524344569,0.0749063670411985,,,-0.5286891385767791,-0.9057178526841448,0.1423220973782771,0.5655430711610487,-0.0082804884440018,0.3115468409586055,536.0,556.0,0.6505297408832983,-0.0292042336338689,-0.0012095659515227,-0.0004838254157779
2020-03-23,267.0,276.0,264.0,275.0,1849600.0,275.0,284.2,309.8,396.2,504.6533333333333,562.515,False,False,False,False,False,False,False,False,False,True,False,0.0872727272727272,0.08,,,-0.4407272727272727,-0.8351030303030302,0.1236363636363636,0.5018181818181818,-0.0082697032946709,0.3528082633957392,543.0,553.0,1.1282176406002196,-0.0301867743563857,-0.0009825407225167,1.0785149330885466e-05
2020-03-24,283.0,292.0,279.0,290.0,1217600.0,290.0,281.2,303.0,388.52,500.70666666666665,560.965,False,False,False,False,False,False,False,False,False,False,False,0.0482758620689655,0.0379310344827586,,,-0.3397241379310344,-0.7265747126436781,0.1068965517241379,0.4724137931034483,-0.0078821931669906,0.3864686468646865,545.0,555.0,0.6583044982698962,-0.0197673221455781,0.0104194522108076,0.0003875101276803
2020-03-25,315.0,326.0,307.0,317.0,1691600.0,317.0,286.0,298.4,381.4,496.9866666666667,559.555,False,False,False,False,False,False,False,False,False,False,False,-0.0410094637223974,0.0031545741324921,,,-0.203154574132492,-0.5677812828601473,0.056782334384858,0.3722397476340694,-0.0074851102645274,0.41186327077748,553.0,563.0,1.3892904073587384,-0.0186680650235972,0.0010992571219808,0.0003970829024631
2020-03-26,310.0,315.0,297.0,309.0,1605700.0,309.0,291.6,295.2,373.8,493.70666666666665,558.11,False,False,False,False,False,False,False,False,False,True,False,-0.0161812297734627,0.0550161812297734,,,-0.2097087378640777,-0.5977562028047464,0.0809061488673139,0.4239482200647249,-0.0066436210435346,0.4346205962059621,550.0,567.0,0.9492196736817214,-0.0203317281968966,-0.0016636631732993,0.0008414892209928
2020-03-27,311.0,318.0,300.0,308.0,1297300.0,308.0,299.8,294.4,366.08,490.50666666666666,556.67,False,False,False,False,False,False,False,False,False,True,False,-0.0681818181818181,0.0844155844155844,,,-0.1885714285714285,-0.5925541125541125,0.1103896103896103,0.3603896103896103,-0.0065238664781993,0.4412364130434784,545.0,563.0,0.8079342342903406,-0.0210882867132867,-0.0007565585163901,0.0001197545653352
2020-03-30,303.0,304.0,294.0,299.0,1295800.0,299.0,304.6,294.4,357.76,487.0933333333333,555.215,False,False,False,False,False,False,False,False,False,True,False,-0.0066889632107023,0.0735785953177257,,,-0.1965217391304347,-0.6290746934225194,0.1872909698996655,0.3946488294314381,-0.0070075550202562,0.4415760869565218,554.0,570.0,0.9988437524088492,-0.0232558139534883,-0.0021675272402015,-0.0004836885420568
2020-03-31,303.0,318.0,300.0,304.0,847800.0,304.0,307.4,294.3,350.52,483.8666666666667,553.84,False,False,False,False,False,False,False,False,False,False,False,-0.0098684210526315,0.0723684210526315,,,-0.1530263157894736,-0.5916666666666667,0.2631578947368421,0.3881578947368421,-0.0066685037200329,0.4403669724770641,547.0,579.0,0.6542676338941195,-0.0206550268173,0.0026007871361883,0.0003390513002232
2020-04-01,301.0,324.0,301.0,304.0,1090000.0,304.0,304.8,295.4,344.04,480.6,552.43,False,False,False,False,False,False,False,False,False,False,True,0.0460526315789473,0.0657894736842105,,,-0.1317105263157895,-0.580921052631579,0.2664473684210526,0.4309210526315789,-0.0067970592315161,0.4370345294515911,565.0,575.0,1.2856805850436424,-0.0188350191838157,0.0018200076334843,-0.0001285555114831
2020-04-02,300.0,308.0,297.0,304.0,751700.0,304.0,303.8,297.7,338.2,477.29333333333335,551.02,False,False,False,False,False,False,False,False,False,False,False,0.0723684210526315,0.0526315789473684,,,-0.1124999999999999,-0.5700438596491229,0.2171052631578947,0.4407894736842105,-0.0069279548565522,0.4323144104803493,561.0,555.0,0.6896330275229358,-0.0172678888231816,0.001567130360634,-0.0001308956250361
2020-04-03,303.0,307.0,282.0,287.0,766200.0,287.0,299.6,299.7,332.12,473.6666666666667,549.5,False,False,False,False,False,False,False,False,False,True,False,0.1637630662020905,0.156794425087108,,,-0.157212543554007,-0.6504065040650407,0.2439024390243902,0.4843205574912892,-0.0076565798733286,0.4254254254254254,572.0,551.0,1.0192896102168418,-0.0183066361556063,-0.0010387473324247,-0.0007286250167764
2020-04-06,287.0,297.0,279.0,297.0,1005600.0,297.0,299.2,301.9,327.44,470.16,548.04,False,False,False,False,False,False,False,False,False,False,False,0.0808080808080808,0.1515151515151515,,,-0.1024915824915824,-0.5830303030303031,0.4276094276094276,0.4377104377104377,-0.0074584538596789,0.4196753892017226,588.0,556.0,1.312451057165231,-0.014292694844857,0.0040139413107492,0.0001981260136496
2020-04-07,304.0,309.0,293.0,301.0,909400.0,301.0,298.6,303.0,322.0,466.8666666666667,546.63,False,False,False,False,False,False,False,False,False,True,False,0.0830564784053156,0.0697674418604651,,,-0.0697674418604651,-0.5510520487264674,0.4019933554817276,0.3853820598006645,-0.0070541196630016,0.4112211221122113,597.0,543.0,0.9043357199681782,-0.0168944099378881,-0.002601715093031,0.0004043341966773
2020-04-08,309.0,320.0,303.0,318.0,1092200.0,318.0,301.4,303.1,318.16,463.7866666666667,545.38,False,False,False,False,False,False,False,False,False,False,False,0.0188679245283018,-0.0314465408805031,,,-0.0005031446540881,-0.4584486373165619,0.3176100628930817,0.3176100628930817,-0.0066409843606255,0.4054767403497195,583.0,554.0,1.2010116560369477,-0.0120693990445058,0.0048250108933823,0.000413135302376
2020-04-09,320.0,328.0,320.0,326.0,502800.0,326.0,305.8,304.8,314.6,460.84,544.355,False,False,False,False,True,False,False,False,False,False,True,-0.0184049079754601,-0.0337423312883435,,,0.0349693251533741,-0.4136196319018404,0.2914110429447852,0.2392638036809816,-0.0063941208807106,0.3858267716535432,575.0,555.0,0.4603552462918879,-0.0113159567705022,0.0007534422740035,0.0002468634799148
2020-04-10,332.0,335.0,323.0,334.0,698700.0,334.0,315.2,307.4,311.44,457.88,543.365,False,False,False,False,False,False,False,False,False,False,False,-0.0059880239520958,-0.0868263473053892,,,0.0675449101796407,-0.3708982035928143,0.2904191616766467,0.2395209580838323,-0.0064645758714073,0.3724788549121666,565.0,554.0,1.389618138424821,-0.0101464166452608,0.0011695401252414,-7.045499069661867e-05
2020-04-13,331.0,333.0,320.0,321.0,390000.0,321.0,320.0,309.6,308.68,454.7866666666667,542.4,False,False,False,False,False,False,False,False,False,False,False,0.0654205607476635,-0.0373831775700934,,,0.0383800623052959,-0.4167808930425754,0.3302180685358255,0.3426791277258567,-0.0068017238851915,0.3672480620155038,574.0,555.0,0.55817947617003,-0.0089412984320331,0.0012051182132276,-0.0003371480137842
2020-04-14,320.0,328.0,320.0,326.0,459100.0,326.0,325.0,311.8,307.4,451.73333333333335,541.55,False,False,False,False,False,False,False,False,False,False,False,-0.0122699386503067,-0.0153374233128834,,,0.0570552147239264,-0.3856850715746421,0.3312883435582822,0.3067484662576687,-0.0067591499409681,0.3588838999358562,482.0,544.0,1.1771794871794872,-0.0041639557579701,0.0047773426740629,4.2573944223388456e-05
2020-04-15,327.0,327.0,310.0,324.0,746200.0,324.0,326.2,313.8,305.84,448.5466666666667,540.665,False,False,False,False,False,False,False,False,False,True,False,-0.0493827160493827,0.0339506172839506,,,0.0560493827160494,-0.38440329218107,0.3518518518518518,0.3179012345679012,-0.0071044261466662,0.3476736775015932,495.0,549.0,1.6253539533870616,-0.0051007062516348,-0.0009367504936646,-0.0003452762056981
2020-04-16,320.0,325.0,315.0,320.0,526800.0,320.0,325.0,315.4,305.0,445.2533333333333,539.735,False,False,False,False,False,False,False,False,False,False,False,-0.015625,0.04375,,,0.046875,-0.3914166666666664,0.371875,0.328125,-0.0073965383002936,0.3367152821813571,499.0,544.0,0.7059769498793889,-0.0027540983606556,0.0023466078909791,-0.0002921121536273
2020-04-17,324.0,335.0,324.0,332.0,499500.0,332.0,324.6,319.9,305.64,442.17333333333335,538.93,False,False,False,False,False,False,True,False,True,False,False,-0.0813253012048192,0.0301204819277108,,,0.0793975903614458,-0.3318473895582329,0.3012048192771084,0.3162650602409638,-0.0069655941862917,0.3213504220068772,501.0,536.0,0.9481776765375854,0.0020939667582776,0.0048480651189333,0.0004309441140018
2020-04-20,335.0,348.0,335.0,342.0,725600.0,342.0,328.8,324.4,307.36,439.1333333333333,538.245,False,False,False,False,False,False,True,False,False,False,False,-0.0964912280701754,0.0380116959064327,,,0.1012865497076023,-0.2840155945419103,0.2426900584795321,0.3362573099415205,-0.0069227265826628,0.3122688039457461,507.0,543.0,1.4526526526526526,0.0055960437272254,0.0035020769689478,4.286760362891967e-05
2020-04-21,325.0,326.0,310.0,322.0,1883000.0,322.0,328.0,326.5,308.04,435.70666666666665,537.495,False,False,False,False,False,False,True,False,False,True,False,-0.0031055900621118,0.1925465838509316,,,0.0433540372670806,-0.3531262939958591,0.3043478260869565,0.5807453416149069,-0.0078646183976987,0.3320061255742725,485.0,545.0,2.5950937155457554,0.0022075055187638,-0.0033885382084616,-0.0009418918150359
2020-04-22,312.0,317.0,300.0,308.0,1108800.0,308.0,324.8,325.5,308.64,432.14666666666665,536.7,False,False,False,False,False,False,True,False,False,True,False,0.0876623376623376,0.25,,,-0.002077922077922,-0.403073593073593,0.3701298701298701,0.6623376623376623,-0.0082379439079324,0.3646697388632872,466.0,553.0,0.5888475836431227,0.0019440124416795,-0.0002634930770843,-0.0003733255102337
2020-04-23,314.0,324.0,311.0,315.0,1029300.0,315.0,323.8,324.4,310.0,428.94666666666666,535.87,False,False,False,False,False,False,True,False,False,False,False,0.0603174603174603,0.1746031746031746,,,0.0158730158730158,-0.3617354497354497,0.3492063492063492,0.526984126984127,-0.0074601349041061,0.3930332922318126,450.0,550.0,0.9283008658008658,0.0043870967741935,0.002443084332514,0.0007778090038263
2020-04-24,317.0,320.0,303.0,305.0,557500.0,305.0,318.4,321.5,311.52,425.6666666666667,534.9,False,False,False,False,False,False,True,False,False,False,False,0.121311475409836,0.1704918032786885,,,-0.0213770491803278,-0.3956284153005465,0.4,0.5672131147540984,-0.0077055599060296,0.4255054432348367,439.0,545.0,0.5416302341397066,0.0048793014894709,0.0004922047152773,-0.0002454250019235
2020-04-27,309.0,314.0,307.0,309.0,627000.0,309.0,311.8,320.3,312.88,422.3733333333333,533.925,False,False,False,False,False,False,True,False,False,True,False,0.1488673139158576,0.372168284789644,,,-0.0125566343042071,-0.3669039913700106,0.3851132686084142,0.5631067961165048,-0.0077972094197867,0.4470808616921635,414.0,554.0,1.124663677130045,0.0043467143952953,-0.0005325870941755,-9.164951375708642e-05
2020-04-28,308.0,322.0,304.0,321.0,587000.0,321.0,311.6,319.8,314.12,419.41333333333336,533.005,False,False,False,False,False,False,True,False,False,True,False,0.1962616822429906,0.3146417445482866,,,0.0214330218068535,-0.3065835929387332,0.411214953271028,0.454828660436137,-0.0070574771108848,0.4621638524077548,437.0,547.0,0.9362041467304624,0.0039475359735133,-0.000399178421782,0.0007397323089019
2020-04-30,330.0,338.0,328.0,335.0,791900.0,335.0,317.0,320.9,314.84,416.4933333333333,532.14,False,False,False,False,False,False,True,False,False,True,True,0.1492537313432835,0.2507462686567164,,,0.060179104477612,-0.2432636815920396,0.3641791044776119,0.417910447761194,-0.0070109165412813,0.4721096914926769,414.0,565.0,1.3490630323679726,0.0022868758734594,-0.0016606601000538,4.65605696035121e-05
2020-05-01,335.0,338.0,332.0,334.0,697300.0,334.0,320.8,322.3,315.84,413.5466666666667,531.255,False,False,False,False,False,False,True,False,False,False,False,0.1077844311377245,0.2604790419161676,,,0.05437125748503,-0.2381636726546906,0.2994011976047904,0.4281437125748503,-0.0071253546556614,0.4818492088116661,415.0,561.0,0.8805404722818537,0.0031661600810536,0.0008792842075942,-0.00011443811438
2020-05-07,334.0,344.0,332.0,342.0,537800.0,342.0,328.2,323.3,317.2,410.72,530.38,False,False,False,False,False,False,True,False,False,False,False,0.043859649122807,0.260233918128655,,,0.0725146198830409,-0.2009356725146199,0.2163742690058479,0.4269005847953216,-0.0068822230879106,0.4930405196412,413.0,572.0,0.7712605765093934,0.0042875157629256,0.0011213556818719,0.0002431315677508
2020-05-08,350.0,357.0,345.0,355.0,586500.0,355.0,337.4,324.6,319.44,408.0533333333333,529.59,False,False,False,False,False,False,True,False,False,False,False,0.1943661971830985,0.2028169014084507,,,0.100169014084507,-0.1494460093896712,0.1380281690140845,0.3633802816901408,-0.0065350934518365,0.4953789279112752,390.0,588.0,1.090554109334325,0.0070122714750814,0.0027247557121557,0.000347129636074
2020-05-11,362.0,385.0,359.0,384.0,799800.0,384.0,350.0,330.8,322.64,405.92,528.985,False,False,False,False,False,False,True,False,False,False,False,0.0989583333333333,0.1302083333333333,,,0.1597916666666667,-0.0570833333333333,0.0442708333333333,0.2213541666666666,-0.0052555511759294,0.455259975816203,358.0,597.0,1.363682864450128,0.0099181750557897,0.0029059035807082,0.0012795422759071
2020-05-12,388.0,390.0,378.0,385.0,688300.0,385.0,360.0,338.5,325.88,403.73333333333335,528.36,False,False,False,False,False,False,True,False,False,False,False,0.0883116883116883,0.1376623376623376,,,0.1535584415584415,-0.0486580086580087,0.0857142857142857,0.1792207792207792,-0.0054161162483487,0.4050221565731167,363.0,583.0,0.8605901475368842,0.0099423100527801,2.4134996990492208e-05,-0.0001605650724193
2020-05-13,383.0,384.0,368.0,370.0,682700.0,370.0,367.2,344.0,328.52,401.41333333333336,527.645,False,False,False,False,False,False,True,False,False,True,False,0.1378378378378378,0.1864864864864865,,,0.1121081081081081,-0.0849009009009009,0.1675675675675675,0.254054054054054,-0.0057795788214973,0.3776162790697673,341.0,575.0,0.9918640127851228,0.0080360404237184,-0.0019062696290617,-0.0003634625731486
2020-05-14,368.0,368.0,356.0,357.0,614900.0,357.0,370.2,349.2,331.32,399.0266666666666,526.885,False,False,False,False,False,False,True,False,False,False,False,0.2072829131652661,0.2100840336134453,,,0.0719327731092437,-0.1177217553688139,0.226890756302521,0.2801120448179272,-0.0059812209710297,0.3510882016036656,316.0,565.0,0.9006884429471217,0.008451044307618,0.0004150038838995,-0.0002016421495324
2020-05-15,421.0,426.0,386.0,424.0,4999600.0,424.0,384.0,360.7,336.4,397.44,526.445,False,False,False,False,False,False,True,False,False,False,False,0.0070754716981132,0.0023584905660377,,,0.2066037735849057,0.0626415094339622,0.0188679245283018,0.0754716981132075,-0.0039922168545354,0.3005267535347936,299.0,574.0,8.13075296796227,0.0151010701545778,0.0066500258469597,0.0019890041164942
2020-05-18,419.0,424.0,403.0,422.0,1870900.0,422.0,391.6,370.8,341.24,395.8,525.96,False,False,False,False,False,False,True,False,False,True,False,0.0284360189573459,-0.0047393364928909,,,0.1913744075829383,0.062085308056872,0.0853080568720379,0.0805687203791469,-0.004143506821627,0.262135922330097,305.0,482.0,0.3742099367949436,0.0141835658187786,-0.0009175043357991,-0.0001512899670915
2020-05-19,429.0,436.0,412.0,419.0,1118300.0,419.0,398.4,379.2,345.28,394.0133333333333,525.545,False,False,False,False,False,False,True,False,False,True,False,0.0453460620525059,0.0071599045346062,,,0.1759427207637232,0.0596340493237868,0.0525059665871121,0.0787589498806682,-0.0045345335183243,0.2281118143459915,293.0,495.0,0.5977337110481586,0.0117006487488414,-0.0024829170699372,-0.0003910266966972
2020-05-20,421.0,430.0,415.0,421.0,1088000.0,421.0,408.6,387.9,349.08,392.29333333333335,525.1,False,False,False,False,False,False,True,False,False,True,False,0.0427553444180522,0.009501187648456,,,0.1708313539192399,0.0681868566904196,0.0522565320665083,0.0926365795724465,-0.0043844742029772,0.1961845836555814,281.0,499.0,0.9729053026915856,0.0108857568465681,-0.0008148919022732,0.000150059315347
2020-05-21,431.0,435.0,420.0,431.0,1141000.0,431.0,423.4,396.8,352.96,390.7733333333333,524.675,False,False,False,False,False,False,True,False,False,False,False,0.0023201856148491,-0.0092807424593967,,,0.1810672853828306,0.0933333333333333,0.0324825986078886,0.0672853828306264,-0.0038897229425413,0.1622983870967741,267.0,501.0,1.0487132352941178,0.0109927470534904,0.0001069902069223,0.0004947512604359
2020-05-22,429.0,439.0,423.0,427.0,1085800.0,427.0,424.0,404.0,357.2,389.08,524.22,False,False,False,False,False,False,True,False,False,False,False,-0.0046838407494145,0.0023419203747072,,,0.1634660421545667,0.0888056206088993,0.0210772833723653,0.0702576112412178,-0.0043521469449299,0.1349009900990099,275.0,507.0,0.9516213847502192,0.0118701007838746,0.0008773537303841,-0.0004624240023885
2020-05-25,429.0,437.0,423.0,434.0,659800.0,434.0,426.4,409.0,361.52,387.5733333333333,523.785,False,False,False,False,False,False,True,False,False,False,False,-0.032258064516129,0.0437788018433179,,,0.1670046082949309,0.106973886328725,-0.0391705069124423,0.0852534562211981,-0.0038874363561304,0.1215158924205378,290.0,485.0,0.6076625529563455,0.0119495463598141,7.944557593949492e-05,0.0004647105887994
2020-05-26,445.0,453.0,435.0,438.0,1111500.0,438.0,430.2,414.3,366.08,385.88,523.38,False,False,False,False,False,False,True,False,False,False,False,-0.0365296803652968,0.0433789954337899,,,0.1642009132420091,0.1189954337899543,-0.0342465753424657,0.0821917808219178,-0.0043882381396634,0.1119961380642046,317.0,466.0,1.6846013943619278,0.0124562937062937,0.0005067473464796,-0.000500801783533
2020-05-27,438.0,444.0,425.0,439.0,1037000.0,439.0,433.8,421.2,370.84,384.2533333333333,522.98,False,False,False,False,False,False,True,False,False,False,False,-0.0318906605922551,-0.0113895216400911,,,0.1552619589977221,0.1247076689445711,-0.0478359908883826,0.0842824601366742,-0.004233318296957,0.0966286799620132,309.0,450.0,0.9329734592892488,0.0128357243015855,0.0003794305952918,0.0001549198427064
2020-05-28,439.0,446.0,424.0,432.0,1002800.0,432.0,434.0,428.7,374.84,382.38666666666666,522.545,False,False,False,False,False,False,True,False,False,True,False,-0.011574074074074,-0.037037037037037,,,0.1323148148148148,0.1148456790123457,-0.0486111111111111,0.0925925925925925,-0.0048816206980716,0.0809423839514811,308.0,439.0,0.9670202507232402,0.010671219720414,-0.0021645045811715,-0.0006483024011146
2020-05-29,421.0,428.0,416.0,425.0,1213200.0,425.0,433.6,428.8,378.16,380.2133333333333,522.1,False,False,False,False,False,False,True,False,False,True,False,0.0070588235294117,-0.0494117647058823,,,0.1102117647058823,0.1053803921568628,-0.0211764705882352,0.1741176470588235,-0.0057160892130733,0.0907182835820895,299.0,414.0,1.2098125249301954,0.0087793526549609,-0.001891867065453,-0.0008344685150017
2020-06-01,424.0,425.0,415.0,420.0,730100.0,420.0,430.8,428.6,382.08,377.85333333333335,521.66,False,True,False,False,False,False,True,False,False,False,False,0.0785714285714285,-0.0452380952380952,,,0.0902857142857143,0.1003492063492063,0.0166666666666666,0.2142857142857142,-0.0062458096615969,0.1038264115725618,304.0,437.0,0.601796900758325,0.0102596314907871,0.0014802788358261,-0.0005297204485235
2020-06-02,417.0,424.0,416.0,422.0,655300.0,422.0,427.6,428.9,386.64,375.70666666666665,521.3,False,False,False,False,False,False,True,False,False,False,False,0.0829383886255924,-0.0094786729857819,,,0.0837914691943128,0.1096998420221169,0.0165876777251184,0.1966824644549763,-0.0057136773369296,0.1154115178363254,304.0,414.0,0.8975482810573894,0.0117939168218497,0.0015342853310626,0.0005321323246673
2020-06-03,427.0,430.0,419.0,425.0,690300.0,425.0,424.8,429.3,391.04,373.70666666666665,521.0,False,False,False,False,False,False,True,False,False,True,False,0.0211764705882352,0.0164705882352941,,,0.0799058823529411,0.1206901960784314,-0.0141176470588235,0.1129411764705882,-0.0053517910660767,0.1174004192872116,304.0,415.0,1.0534106516099495,0.0112520458265139,-0.0005418709953357,0.0003618862708528
2020-06-04,428.0,432.0,417.0,427.0,848600.0,427.0,423.8,428.9,395.92,371.8666666666667,520.78,False,False,False,False,False,False,True,False,False,False,False,-0.0257611241217798,0.0257611241217798,,,0.0727868852459016,0.1291178766588602,-0.0210772833723653,0.0257611241217798,-0.0049480100394405,0.1133131266029378,287.0,413.0,1.2293205852527886,0.0123257223681551,0.0010736765416411,0.0004037810266361
2020-06-05,422.0,431.0,419.0,428.0,521300.0,428.0,424.4,429.0,400.68,369.92,520.555,False,False,False,False,False,False,True,False,False,True,False,-0.0560747663551401,0.0093457943925233,,,0.0638317757009345,0.1357009345794392,-0.0350467289719626,0.0560747663551401,-0.0052623990772779,0.1118881118881118,297.0,390.0,0.6143059156257366,0.0118798043326344,-0.0004459180355206,-0.0003143890378373
2020-06-08,432.0,453.0,431.0,453.0,1056100.0,453.0,431.0,430.9,405.96,369.53333333333336,520.45,False,False,False,False,False,False,True,False,False,False,True,-0.1147902869757174,0.0110375275938189,,,0.103841059602649,0.1842531272994848,-0.0573951434878587,0.0176600441501103,-0.0010463647844127,0.1046646553724762,301.0,358.0,2.0258967964703625,0.0130062075081288,0.0011264031754943,0.0042160342928652
2020-06-09,455.0,458.0,447.0,457.0,657300.0,457.0,438.0,432.8,410.84,369.0266666666666,520.16,False,False,False,False,False,False,True,False,False,True,False,-0.0853391684901531,-0.0350109409190372,,,0.1010065645514223,0.1925018234865063,-0.0481400437636761,-0.0175054704595186,-0.0013729811757057,0.0940388170055452,318.0,363.0,0.6223842439162958,0.0118781033979164,-0.0011281041102123,-0.000326616391293
2020-06-10,450.0,450.0,434.0,434.0,801000.0,434.0,439.8,432.3,414.84,368.16,519.38,False,False,False,False,False,False,True,False,False,True,False,-0.0046082949308755,0.02073732718894,,,0.044147465437788,0.1517050691244239,0.0138248847926267,0.02073732718894,-0.0023540489642181,0.0876705991209807,326.0,341.0,1.2186216339570972,0.009642271719217,-0.0022358316786994,-0.0009810677885124
2020-06-11,428.0,431.0,415.0,416.0,703600.0,416.0,437.6,430.7,417.8,367.0266666666666,518.485,False,False,False,False,False,False,True,False,False,True,False,0.0528846153846153,0.0697115384615384,,,-0.0043269230769231,0.1177243589743591,0.0072115384615384,0.0432692307692307,-0.0030878773567772,0.0828883213373577,334.0,316.0,0.8784019975031211,0.007084729535663,-0.0025575421835539,-0.0007338283925591
2020-06-12,388.0,410.0,385.0,404.0,1461500.0,404.0,432.8,428.6,419.76,365.6533333333333,517.465,False,False,False,False,False,False,True,False,False,True,False,0.0693069306930693,0.0792079207920792,,,-0.0390099009900989,0.0949174917491749,0.0321782178217821,0.0742574257425742,-0.0037558343057174,0.0730284647690152,321.0,299.0,2.077174530983513,0.004669334858014,-0.002415394677649,-0.0006679569489401
2020-06-15,404.0,420.0,400.0,401.0,814800.0,401.0,422.4,426.7,420.44,364.53333333333336,516.335,False,False,False,False,False,False,True,False,False,True,False,0.14214463840399,0.0399002493765586,,,-0.0484788029925187,0.0909393183707397,0.0523690773067331,0.0748129675810473,-0.0030724213606436,0.0592922427935317,326.0,305.0,0.5575094081423195,0.0016173532489772,-0.0030519816090367,0.0006834129450738
2020-06-16,407.0,423.0,406.0,418.0,753800.0,418.0,414.6,426.3,421.76,363.8933333333333,515.385,False,False,False,False,False,False,True,False,False,False,False,0.055023923444976,0.0119617224880382,,,-0.0089952153110047,0.1294417862838915,0.0406698564593301,0.0311004784688995,-0.001758757144951,0.0429275158339198,324.0,293.0,0.92513500245459,0.0031297420333838,0.0015123887844066,0.0013136642156925
2020-06-17,430.0,437.0,425.0,432.0,685900.0,432.0,414.2,427.0,424.24,363.6533333333333,514.385,False,False,False,True,True,False,True,False,False,False,False,0.0254629629629629,-0.0324074074074074,,,0.0179629629629629,0.1582098765432099,0.0138888888888888,-0.0046296296296296,-0.0006599692014372,0.0311475409836065,320.0,281.0,0.909923056513664,0.0058457476899868,0.0027160056566029,0.0010987879435137
2020-06-18,432.0,441.0,428.0,438.0,674400.0,438.0,418.6,428.1,427.48,363.64,513.275,False,False,False,False,False,False,True,False,False,False,False,0.0159817351598173,-0.0616438356164383,,,0.0240182648401826,0.1697716894977169,-0.0273972602739726,-0.0433789954337899,-3.666630000363328e-05,0.0240597991123568,332.0,267.0,0.983233707537542,0.007579301955647,0.0017335542656602,0.0006233029014336
2020-06-19,447.0,454.0,425.0,432.0,2195200.0,432.0,424.2,428.5,427.8,363.88,512.22,False,False,False,False,False,False,True,True,False,True,False,0.0092592592592592,-0.037037037037037,,,0.0097222222222221,0.1576851851851852,-0.011574074074074,-0.0324074074074074,0.0006595580960756,0.0151691948658109,342.0,275.0,3.2550415183867143,0.000748013090229,-0.006831288865418,0.0006962243960792
2020-06-22,440.0,462.0,440.0,458.0,861700.0,458.0,435.6,429.0,429.24,364.16,511.31,False,False,False,False,False,False,True,True,True,False,False,-0.0895196506550218,-0.0676855895196506,,,0.0627947598253274,0.2048908296943231,-0.0895196506550218,-0.1004366812227074,0.0007688927943761,0.0025641025641026,322.0,290.0,0.3925382653061224,0.0033547665641599,0.0026067534739308,0.0001093346983005
2020-06-23,459.0,460.0,439.0,441.0,765300.0,441.0,440.2,427.4,430.12,364.52,510.375,False,False,False,False,False,False,True,True,False,True,False,-0.0408163265306122,-0.0272108843537414,,,0.0246712018140589,0.1734240362811791,-0.0498866213151927,-0.0725623582766439,0.0009876001316798,-0.0030416471689282,308.0,317.0,0.8881281188348613,0.0020459406677206,-0.0013088258964392,0.0002187073373037
2020-06-24,444.0,448.0,438.0,443.0,570700.0,443.0,442.4,428.3,431.0,364.8933333333333,509.43,False,False,False,False,False,False,True,True,False,True,True,-0.0564334085778781,-0.0541760722347629,,,0.0270880361173814,0.1763130173062453,-0.0880361173814898,-0.0812641083521444,0.001023130047137,-0.0135419098762549,315.0,309.0,0.7457206324317261,0.0020417633410672,-4.177326653350376e-06,3.5529915457168043e-05
2020-06-25,440.0,450.0,437.0,445.0,575600.0,445.0,443.8,431.2,431.56,365.32,508.405,False,False,False,False,False,False,True,True,False,True,False,-0.0764044943820224,-0.0606741573033707,,,0.0302022471910112,0.1790561797752809,-0.0696629213483146,-0.1101123595505618,0.0011679258367093,-0.0289888682745825,305.0,308.0,1.0085859470825302,0.0012976179442024,-0.0007441453968648,0.0001447957895723
2020-06-26,450.0,451.0,435.0,436.0,590300.0,436.0,444.6,434.4,431.92,365.9333333333333,507.38,False,False,False,False,False,False,True,True,False,True,False,-0.0458715596330275,-0.0527522935779816,,,0.0093577981651375,0.1607033639143732,-0.0114678899082568,-0.0481651376146789,0.0016760794315903,-0.0405156537753222,309.0,299.0,1.0255385684503129,0.0008334876829042,-0.0004641302612981,0.0005081535948809
2020-06-29,430.0,436.0,414.0,417.0,744100.0,417.0,436.4,436.0,431.24,366.72,506.23,False,False,False,False,False,False,False,True,False,True,False,0.0239808153477218,0.0239808153477218,,,-0.0341486810551558,0.1205755395683452,0.0215827338129496,0.0239808153477218,0.0021451425247238,-0.044954128440367,321.0,304.0,1.260545485346434,-0.0015768481587979,-0.0024103358417021,0.0004690630931335
2020-06-30,433.0,434.0,418.0,423.0,748300.0,423.0,432.8,436.5,430.64,367.52,505.065,False,False,False,False,False,False,False,True,False,False,False,0.0141843971631205,0.0283687943262411,,,-0.0180614657210401,0.1311583924349882,0.0094562647754137,-0.0023640661938534,0.0021767522855897,-0.0481099656357388,335.0,304.0,1.0056444026340543,-0.0013932751253948,0.000183573033403,3.160976086588087e-05
2020-07-01,423.0,431.0,415.0,418.0,604500.0,418.0,427.8,435.1,429.8,368.5466666666667,503.905,False,False,False,False,False,False,False,True,False,True,False,0.0023923444976076554,0.05263157894736842,,,-0.0282296650717703,0.1183094098883572,0.01674641148325359,-0.007177033492822967,0.0027857168698673,-0.048494598942771826,334.0,304.0,0.8078310837899239,-0.0019543973941367,-0.0005611222687419,0.0006089645842775
2020-07-02,421.0,424.0,411.0,411.0,687400.0,411.0,421.0,432.4,428.96,369.8133333333333,502.64,False,False,False,False,False,False,False,True,False,True,False,0.0170316301703163,0.019464720194647202,,,-0.0436982968369829,0.1002108678021088,0.06326034063260341,0.0170316301703163,0.0034251514277471,-0.042784458834412585,342.0,287.0,1.1371381306865178,-0.001958224543081,-3.827148944264992e-06,0.0006394345578798
2020-07-03,411.0,418.0,409.0,416.0,400400.0,416.0,417.0,430.8,428.6,371.3733333333333,501.47,False,False,False,False,False,False,False,True,False,False,False,-0.007211538461538462,0.002403846153846154,,,-0.0302884615384615,0.1072756410256411,0.0985576923076923,0.007211538461538462,0.0042006247082899,-0.038997214484679694,355.0,297.0,0.5824847250509165,-0.0008399440037329,0.001118280539348,0.0007754732805428
2020-07-06,417.0,429.0,416.0,427.0,326000.0,427.0,419.0,427.7,428.88,373.0,500.35,False,False,False,False,False,False,True,True,False,False,False,0.0,-0.0117096018735363,,,-0.0044028103044496,0.126463700234192,0.1920374707259953,-0.03278688524590164,0.0043610366398571,-0.031797989244797674,384.0,301.0,0.8141858141858141,0.0006528632717775,0.0014928072755105,0.0001604119315672
2020-07-07,427.0,433.0,420.0,429.0,337800.0,429.0,420.2,426.5,429.16,374.8133333333333,499.23,False,False,False,False,False,False,True,True,False,True,False,0.013986013986013986,0.013986013986013986,,,-0.0003729603729604,0.1263092463092464,0.19347319347319347,-0.037296037296037296,0.0048379637864179,-0.02813599062133646,385.0,318.0,1.036196319018405,0.0006524373194147,-4.2595236285044354e-07,0.0004769271465608
2020-07-08,429.0,429.0,417.0,419.0,476300.0,419.0,420.4,424.1,428.92,376.6533333333333,498.045,False,False,False,False,False,False,False,True,False,True,False,0.050119331742243436,0.045346062052505964,,,-0.0236754176610978,0.101066030230708,0.14797136038186157,-0.014319809069212411,0.0048851286771213,-0.021221410044800753,370.0,326.0,1.4100059206631144,-0.0005595449034785,-0.0012119822228932,4.716489070342392e-05
2020-07-09,420.0,426.0,411.0,418.0,457500.0,418.0,421.8,421.4,428.56,378.6666666666667,496.96,False,False,False,False,False,False,False,True,False,True,False,0.0023923444976076554,0.019138755980861243,,,-0.0252631578947368,0.0940988835725677,0.14354066985645933,-0.0645933014354067,0.0053169014084508,-0.016136687233032642,357.0,334.0,0.9605290783119882,-0.0008400224005973,-0.0002804774971188,0.0004317727313294
2020-07-10,426.0,426.0,411.0,413.0,618000.0,413.0,421.2,419.1,427.96,380.50666666666666,495.75,False,False,False,False,False,False,False,True,False,True,False,0.009685230024213076,0.03389830508474576,,,-0.0362227602905568,0.0786763518966909,0.1694915254237288,-0.053268765133171914,0.0048356577195317,-0.01646385110952048,424.0,321.0,1.3508196721311476,-0.0014020001869334,-0.000561977786336,-0.000481243688919
2020-07-13,420.0,432.0,417.0,427.0,436800.0,427.0,421.2,420.1,426.92,382.3333333333333,494.655,False,False,False,False,True,False,False,True,False,True,True,-0.0117096018735363,-0.0234192037470726,,,0.0001873536299765,0.1046057767369243,0.0936768149882904,-0.06791569086651054,0.0047776809067131,-0.0257081647226851,422.0,326.0,0.7067961165048544,-0.0024360535931789,-0.0010340534062455,-5.7976812818655646e-05
2020-07-14,420.0,438.0,420.0,435.0,605500.0,435.0,422.4,421.3,426.04,383.9066666666667,493.68,False,False,False,False,False,False,False,True,False,False,False,0.0,-0.0367816091954023,,,0.0205977011494252,0.1174559386973179,0.09195402298850575,-0.07816091954022988,0.0040982183169521,-0.03346783764538339,419.0,324.0,1.386217948717949,-0.0020655337526992,0.0003705198404796,-0.0006794625897609
2020-07-15,439.0,443.0,435.0,440.0,487500.0,440.0,426.6,423.5,426.28,385.6533333333333,492.755,False,False,False,False,False,False,True,True,False,False,False,-0.004545454545454545,-0.08181818181818182,,,0.0311818181818182,0.1235151515151515,0.08409090909090909,-0.08863636363636364,0.0045291107730602,-0.04179456906729631,421.0,320.0,0.8051197357555739,0.000563010228019,0.0026285439807182,0.0004308924561081
2020-07-16,443.0,443.0,417.0,419.0,506300.0,419.0,426.8,424.3,426.4,387.1333333333333,491.485,False,False,False,False,False,False,True,True,False,True,False,0.016706443914081145,-0.011933174224343675,,,-0.0176610978520285,0.0760540970564837,0.16467780429594273,-0.03579952267303103,0.0038229722748407,-0.04690077775159093,431.0,332.0,1.0385641025641026,0.0002814258911819,-0.000281584336837,-0.0007061384982195
2020-07-17,419.0,423.0,414.0,417.0,566100.0,417.0,427.6,424.4,426.92,388.70666666666665,490.15,False,False,False,False,False,False,True,True,True,False,False,0.023980815347721823,0.03357314148681055,,,-0.02378896882494,0.0678497202238209,0.1606714628297362,0.009592326139088728,0.0040476108805268,-0.04665409990574919,427.0,342.0,1.1181117914280072,0.0012180267965896,0.0009366009054076,0.000224638605686
2020-07-20,417.0,422.0,415.0,422.0,257400.0,422.0,426.6,423.9,427.76,390.28,488.8,False,False,False,False,False,False,True,True,False,False,False,-0.011848341232227487,0.009478672985781991,,,-0.013649289099526,0.0751658767772512,0.11137440758293839,-0.002369668246445498,0.0040312937719927,-0.04364236848313282,434.0,322.0,0.4546899841017488,0.0019637179726949,0.0007456911761052,-1.6317108534117525e-05
2020-07-21,427.0,438.0,426.0,435.0,364600.0,435.0,426.6,424.5,428.44,392.0266666666666,487.4,False,False,False,True,True,False,True,True,False,True,False,-0.0367816091954023,-0.01839080459770115,,,0.0150804597701149,0.0987892720306515,0.04367816091954023,-0.05517241379310345,0.0044554792191006,-0.04546525323910486,438.0,308.0,1.4164724164724165,0.0015871533937074,-0.0003765645789874,0.0004241854471078
2020-07-22,431.0,440.0,427.0,438.0,311000.0,438.0,426.2,426.4,428.68,393.8133333333333,486.06,False,False,False,False,False,False,True,True,False,True,False,-0.0776255707762557,-0.02968036529680365,,,0.0212785388127853,0.1008828006088281,0.0593607305936073,-0.06621004566210045,0.0045368364030336,-0.050656660412757896,439.0,315.0,0.8529895776193088,0.0005598581692638,-0.0010272952244436,8.135718393304132e-05
2020-07-27,432.0,432.0,419.0,426.0,269600.0,426.0,427.6,427.2,428.2,395.6666666666667,484.78,False,False,False,False,False,False,False,True,False,True,False,-0.028169014084507043,0.025821596244131457,,,-0.0051643192488262,0.0712050078247261,0.07276995305164319,-0.07276995305164319,0.0046840775063186,-0.05149812734082397,432.0,305.0,0.8668810289389067,-0.0011209715086408,-0.0016808296779046,0.0001472411032849
2020-07-28,426.0,434.0,424.0,427.0,263300.0,427.0,429.6,428.6,428.0,397.4,483.465,False,False,False,False,False,False,False,True,False,False,False,0.00936768149882904,0.0702576112412178,,,-0.0023419203747072,0.0693208430913349,0.06791569086651054,-0.08665105386416862,0.0043616842811607,-0.05482967802146523,425.0,309.0,0.9766320474777448,-0.0004672897196261,0.0006536817890147,-0.0003223932251578
2020-07-29,425.0,425.0,416.0,417.0,273400.0,417.0,428.6,427.6,426.36,398.94666666666666,482.035,False,False,False,False,False,False,False,True,False,True,False,0.02158273381294964,0.22062350119904076,,,-0.0224460431654676,0.0432933653077538,0.09352517985611511,-0.07673860911270983,0.0038768757728685,-0.0556594948550047,420.0,321.0,1.0383592859855677,-0.0038465146824279,-0.0033792249628018,-0.0004848085082921
2020-07-30,419.0,422.0,415.0,419.0,283400.0,419.0,425.4,426.0,425.48,400.29333333333335,480.555,False,False,False,False,False,False,False,True,False,False,False,0.01909307875894988,0.22195704057279236,,,-0.0154653937947494,0.0446459824980111,0.07875894988066826,-0.10023866348448687,0.0033641995869696,-0.05774647887323949,422.0,335.0,1.0365764447695685,-0.0020682523267838,0.0017782623556441,-0.0005126761858989
2020-07-31,416.0,418.0,401.0,404.0,521300.0,404.0,418.6,422.4,423.92,401.3333333333333,479.115,False,False,False,False,False,False,False,True,False,True,False,0.05198019801980198,0.1905940594059406,,,-0.0493069306930693,0.0066006600660066,0.13861386138613863,-0.05198019801980198,0.0025913621262457,-0.053977272727272624,425.0,334.0,1.839449541284404,-0.0036799396112474,-0.0016116872844635,-0.0007728374607238
2020-08-03,410.0,415.0,408.0,414.0,404100.0,414.0,416.2,421.9,422.68,402.4,477.8,False,False,False,False,False,False,False,True,False,False,False,0.05555555555555555,0.15458937198067632,,,-0.0209661835748792,0.0280193236714976,0.1111111111111111,-0.04830917874396135,0.002650762094102,-0.055226356956624686,427.0,342.0,0.7751774410128525,-0.002933661398694,0.0007462782125533,5.9399967856288514e-05
2020-08-04,418.0,434.0,417.0,431.0,463200.0,431.0,417.0,423.3,422.48,403.8666666666667,476.58,False,False,False,False,True,False,False,True,False,False,True,0.060324825986078884,0.12064965197215777,,,0.019767981438515,0.0629543696829079,0.060324825986078884,-0.08352668213457076,0.0036315615714758,-0.06449326718639266,428.0,355.0,1.1462509279881217,-0.0004733951903048,0.0024602662083892,0.0009807994773737
2020-08-05,433.0,438.0,422.0,426.0,551500.0,426.0,418.8,423.7,422.84,405.2,475.275,False,False,False,False,False,False,True,True,False,False,False,0.19483568075117372,0.09624413145539906,,,0.0074178403755869,0.0488262910798122,0.1056338028169014,-0.06807511737089202,0.0032905561039815,-0.07104083077649272,453.0,384.0,1.1906303972366148,0.0008513858669945,0.0013247810572993,-0.0003410054674942
2020-08-06,424.0,429.0,420.0,427.0,312700.0,427.0,420.4,422.9,423.0,406.5733333333333,473.84,False,False,False,False,False,False,True,True,False,True,False,0.1990632318501171,0.11241217798594848,,,0.009367681498829,0.0478376268540203,0.11007025761124122,-0.07259953161592506,0.003377824418719,-0.07283045637266483,457.0,385.0,0.5669990933816863,0.0003782505910166,-0.0004731352759778,8.726831473752786e-05
2020-08-07,425.0,430.0,421.0,425.0,410300.0,425.0,424.6,421.6,423.28,407.97333333333336,472.295,False,False,False,False,False,False,True,True,False,False,False,0.13176470588235295,0.1223529411764706,,,0.0040470588235294,0.0400627450980391,0.12,-0.08,0.0034315968363946,-0.07424098671726757,434.0,370.0,1.3121202430444516,0.0006615006615005,0.0002832500704839,5.3772417675564815e-05
2020-08-11,425.0,439.0,422.0,437.0,475700.0,437.0,429.2,422.7,424.32,409.3733333333333,470.87,False,False,False,False,False,False,True,True,True,False,True,0.09382151029748284,0.11670480549199085,,,0.0290160183066361,0.0632189168573609,0.08009153318077804,-0.09382151029748284,0.0034198612513433,-0.07641353205583158,416.0,357.0,1.1593955642213014,0.0024509803921569,0.0017894797306563,-1.1735585051295736e-05
2020-08-12,436.0,459.0,431.0,457.0,620300.0,457.0,434.4,425.7,425.96,410.9066666666667,469.735,False,False,False,False,False,False,True,True,False,False,False,0.05689277899343545,0.05908096280087528,,,0.0679212253829322,0.1008606856309262,0.09190371991247265,-0.1400437636761488,0.0037315854370824,-0.0822175240779892,404.0,424.0,1.3039730922850536,0.0038501267724668,0.0013991463803099,0.0003117241857391
2020-08-13,460.0,527.0,459.0,509.0,2900800.0,509.0,451.0,434.9,429.24,413.4,468.87,False,False,False,False,False,False,True,True,False,False,False,-0.0825147347740668,-0.07858546168958742,,,0.1566994106090373,0.1878192534381139,0.0019646365422396855,-0.2357563850687623,0.0060312852765681,-0.10071280754196357,401.0,422.0,4.676446880541674,0.0076414127294754,0.0037912859570085,0.0022996998394857
2020-08-14,504.0,512.0,493.0,512.0,1092800.0,512.0,468.0,444.2,432.56,416.12,468.075,False,False,False,False,False,False,True,True,False,False,False,-0.072265625,-0.11328125,,,0.15515625,0.187265625,-0.013671875,-0.248046875,0.0065365759876959,-0.11773975686627648,418.0,419.0,0.3767236624379481,0.0076752358054373,3.382307596195948e-05,0.0005052907111277
2020-08-17,502.0,503.0,474.0,481.0,797700.0,481.0,479.2,451.9,435.04,418.3333333333333,467.08,False,False,False,False,False,False,True,True,False,True,False,-0.008316008316008316,-0.035343035343035345,,,0.0955509355509355,0.1302841302841303,-0.016632016632016633,-0.22245322245322247,0.0052908366533863,-0.13476432839123695,432.0,421.0,0.7299597364568082,0.0057006252298639,-0.0019746105755734,-0.0012457393343095
2020-08-18,483.0,483.0,469.0,478.0,426700.0,478.0,487.4,458.3,437.44,420.64,466.085,False,False,False,False,False,False,True,True,False,True,False,0.02092050209205021,-0.043933054393305436,,,0.0848535564853556,0.12,-0.08368200836820083,-0.20502092050209206,0.0054837073665525,-0.14990181104080294,438.0,431.0,0.5349128745142284,0.0054864667154352,-0.0002141585144287,0.0001928707131661
2020-08-19,476.0,485.0,468.0,483.0,397000.0,483.0,492.6,463.5,440.24,422.96,465.175,False,False,False,False,False,False,True,True,False,False,False,0.002070393374741201,-0.055900621118012424,,,0.0885300207039337,0.1243064182194617,-0.06418219461697723,-0.2028985507246377,0.005485152260261,-0.16159654800431494,432.0,427.0,0.9303960628075932,0.0063601671815373,0.0008737004661021,1.4448937084342653e-06
2020-08-20,476.0,478.0,462.0,467.0,435200.0,467.0,484.2,467.6,441.84,424.9066666666667,464.115,False,False,False,False,False,False,True,True,False,True,False,0.004282655246252677,-0.023554603854389723,,,0.0538758029978587,0.0901356174161312,-0.01284796573875803,-0.16059957173447537,0.004581398267855,-0.17001710863986313,458.0,434.0,1.096221662468514,0.0036212203512582,-0.002738946830279,-0.0009037539924059
2020-08-21,471.0,478.0,467.0,475.0,406500.0,475.0,476.8,472.4,443.44,426.7733333333333,463.275,False,False,False,False,False,False,True,True,False,True,False,-0.04421052631578947,-0.04842105263157895,,,0.0664421052631579,0.1015298245614035,-0.05473684210526316,-0.1705263157894737,0.004373906523369,-0.17887383573243015,441.0,438.0,0.9340533088235294,0.0036081544290096,-1.3065922248684575e-05,-0.0002074917444859
2020-08-24,470.0,477.0,469.0,477.0,180400.0,477.0,476.0,477.6,444.92,428.68,462.42,False,False,False,False,False,False,True,True,False,True,False,-0.027253668763102725,-0.03563941299790356,,,0.0672536687631027,0.1012997903563941,-0.07127882599580712,-0.16771488469601678,0.0044477621224845,-0.18655778894472366,443.0,439.0,0.4437884378843788,0.003326440708442,-0.0002817137205676,7.385559911554825e-05
2020-08-25,485.0,493.0,477.0,488.0,411500.0,488.0,478.0,482.7,447.68,430.62666666666667,461.655,False,False,False,False,False,False,True,True,False,False,False,-0.06352459016393443,-0.05737704918032787,,,0.0826229508196721,0.1175683060109289,-0.11065573770491803,-0.17827868852459017,0.0045205437037495,-0.1941164284234514,445.0,432.0,2.2810421286031044,0.0061651179413866,0.0028386772329446,7.278158126496417e-05
2020-08-26,489.0,492.0,475.0,484.0,271300.0,484.0,478.2,485.4,450.36,432.3466666666667,460.84,False,False,False,False,False,False,True,True,False,True,False,-0.05785123966942149,-0.05578512396694215,,,0.0695041322314049,0.1067217630853994,-0.10330578512396695,-0.1797520661157025,0.0039782890273238,-0.19777503090234858,436.0,425.0,0.6592952612393682,0.0059507949196198,-0.0002143230217668,-0.0005422546764257
2020-08-27,485.0,485.0,468.0,469.0,428600.0,469.0,478.6,481.4,452.24,433.48,459.94,False,False,False,False,False,False,True,True,False,True,False,-0.02771855010660981,0.0042643923240938165,,,0.0357356076759061,0.0757356076759061,-0.08102345415778252,-0.17270788912579957,0.0026144997077911,-0.1913169921063564,417.0,420.0,1.5798009583486914,0.0041570847337696,-0.0017937101858502,-0.0013637893195326
2020-08-28,468.0,468.0,444.0,454.0,969900.0,454.0,474.4,475.6,453.0,434.4,458.915,False,False,False,False,False,False,True,True,False,True,False,-0.004405286343612335,0.04405286343612335,,,0.0022026431718061,0.0431718061674009,-0.05066079295154185,-0.15638766519823788,0.0021178637200735,-0.18187552565180823,423.0,422.0,2.2629491367242185,0.0016777041942604,-0.0024793805395092,-0.0004966359877176
2020-08-31,462.0,467.0,454.0,464.0,696100.0,464.0,471.8,473.9,454.04,435.6533333333333,457.945,False,False,False,False,False,False,True,True,False,False,False,-0.008620689655172414,0.02586206896551724,,,0.0214655172413792,0.0610919540229885,-0.07327586206896551,-0.17672413793103448,0.0028769051845504,-0.1772525849335303,418.0,425.0,0.7177028559645324,0.0022905470883623,0.0006128428941018,0.0007590414644768
2020-09-01,461.0,461.0,448.0,457.0,484400.0,457.0,465.6,471.8,455.28,436.9866666666667,456.975,False,False,False,False,False,False,True,True,False,False,False,0.006564551422319475,0.03282275711159737,,,0.0037636761487965,0.0437928519328956,-0.08315098468271334,-0.18818380743982493,0.0030511991212547,-0.175498092412039,411.0,427.0,0.6958770291624766,0.0027235986645579,0.0004330515761956,0.0001742939367043
2020-09-02,458.0,458.0,449.0,456.0,369100.0,456.0,460.0,469.1,456.44,437.41333333333336,455.92,False,False,False,False,False,False,True,True,False,True,False,0.0021929824561403508,0.09429824561403509,,,-0.0009649122807017,0.0407602339181286,-0.08333333333333333,-0.17324561403508773,0.0009754313235383,-0.17245789810275,416.0,428.0,0.7619735755573905,0.0025414074138989,-0.000182191250659,-0.0020757677977163
2020-09-03,459.0,461.0,451.0,456.0,326100.0,456.0,457.4,468.0,458.0,437.8666666666667,454.855,False,False,False,False,False,False,True,True,False,False,False,0.03289473684210526,0.11842105263157894,,,-0.0043859649122807,0.039766081871345,-0.09649122807017543,-0.19078947368421054,0.001035322777101,-0.17542735042735047,427.0,453.0,0.8835004063939312,0.0034061135371179,0.0008647061232189,5.989145356266373e-05
2020-09-04,453.0,453.0,446.0,452.0,355500.0,452.0,457.0,465.7,459.32,438.3066666666667,453.79,False,False,False,False,False,False,True,True,False,True,False,0.048672566371681415,0.1172566371681416,,,-0.0161946902654867,0.0302949852507374,-0.09513274336283185,-0.19690265486725664,0.0010038633529035,-0.17801159544771308,429.0,457.0,1.0901563937442502,0.0028738134633806,-0.0005323000737372,-3.145942419746986e-05
2020-09-07,450.0,466.0,449.0,460.0,360200.0,460.0,456.2,464.0,461.56,438.82666666666665,452.69,False,False,False,False,False,False,True,True,False,False,False,0.034782608695652174,0.02826086956521739,,,-0.003391304347826,0.0460289855072464,-0.11521739130434783,-0.19782608695652174,0.0011849781234807,-0.1810344827586207,419.0,434.0,1.0132208157524614,0.0048531068550134,0.0019792933916328,0.0001811147705771
2020-09-08,460.0,462.0,454.0,460.0,280700.0,460.0,456.8,461.2,463.4,439.2133333333333,451.525,False,False,False,False,False,False,True,True,False,True,False,0.02608695652173913,-0.04782608695652174,,,-0.007391304347826,0.0451884057971015,-0.1391304347826087,-0.20434782608695654,0.0008803618590813,-0.18365134431916738,418.0,416.0,0.7792892837312604,0.0039706517047906,-0.0008824551502228,-0.0003046162643993
2020-09-09,454.0,457.0,449.0,457.0,432400.0,457.0,457.0,458.5,464.44,439.6133333333333,450.33,False,False,False,False,False,False,True,True,False,True,False,0.09190371991247265,-0.010940919037199124,,,-0.0162800875273522,0.0380452224653538,-0.09190371991247265,-0.20568927789934355,0.0009098905098419,-0.18625954198473277,413.0,404.0,1.5404346277164231,0.0022392558780467,-0.0017313958267439,2.952865076056688e-05
2020-09-10,463.0,473.0,460.0,471.0,380300.0,471.0,460.0,458.7,466.24,440.1066666666667,449.705,False,False,False,True,True,False,True,True,False,False,False,0.08280254777070063,-0.021231422505307854,,,0.0101061571125265,0.065590941259731,-0.09341825902335456,-0.22505307855626328,0.0011209403780903,-0.19162851536952252,427.0,401.0,0.8795097132284921,0.0038606726149622,0.0016214167369155,0.0002110498682483
2020-09-11,475.0,483.0,470.0,474.0,524000.0,474.0,464.4,460.7,468.12,440.5866666666666,449.2,False,False,False,False,False,False,True,True,False,False,True,0.06540084388185655,-0.052742616033755275,,,0.0124050632911392,0.0704922644163152,-0.10970464135021098,-0.22151898734177214,0.0010894564822658,-0.19817668764922947,435.0,418.0,1.3778595845385222,0.0040160642570281,0.0001553916420658,-3.148389582445011e-05
2020-09-14,482.0,485.0,469.0,476.0,432100.0,476.0,467.6,461.9,470.16,441.08,448.805,False,False,False,False,False,False,True,True,False,False,False,-0.0063025210084033615,-0.06932773109243698,,,0.0122689075630251,0.0733613445378151,-0.12815126050420167,-0.2184873949579832,0.0011184667936279,-0.20242476726564193,440.0,432.0,0.8246183206106871,0.0043389484430832,0.0003228841860551,2.901031136205192e-05
2020-09-15,476.0,484.0,470.0,472.0,285500.0,472.0,470.0,463.4,471.56,441.6133333333333,448.43,False,False,False,False,False,False,True,True,False,True,False,-0.07203389830508475,-0.08050847457627118,,,0.0009322033898305,0.0643785310734464,-0.11440677966101695,-0.2097457627118644,0.0012076930044382,-0.20457488131204135,419.0,438.0,0.6607266836380468,0.0029688692849265,-0.0013700791581566,8.922621081029845e-05
2020-09-16,476.0,499.0,476.0,499.0,562000.0,499.0,478.4,467.7,473.24,442.6,448.15,False,False,False,False,False,False,True,True,False,False,False,-0.09418837675350701,-0.13026052104208416,,,0.0516232464929859,0.1130260521042083,-0.16032064128256512,-0.2565130260521042,0.0022292513932822,-0.2131708360059867,417.0,432.0,1.968476357267951,0.0035499957738145,0.0005811264888879,0.001021558388844
2020-09-17,498.0,511.0,493.0,510.0,653000.0,510.0,486.2,473.1,473.28,443.8,447.96,False,False,False,False,False,False,True,True,False,True,False,-0.09607843137254903,-0.15490196078431373,,,0.072,0.1298039215686274,-0.19019607843137254,-0.28627450980392155,0.0027039206849932,-0.2232086239695625,422.0,458.0,1.1619217081850537,8.451656524671151e-05,-0.0034654792085678,0.0004746692917109
2020-09-18,509.0,515.0,501.0,505.0,499500.0,505.0,492.4,478.4,473.0,444.9066666666667,447.64,False,False,False,False,False,False,False,True,False,True,False,-0.11089108910891089,-0.14653465346534653,,,0.0633663366336633,0.1189966996699669,-0.18217821782178217,-0.27722772277227725,0.002487413090386,-0.2313963210702341,435.0,441.0,0.7649310872894334,-0.0005919661733614,-0.0006764827386081,-0.0002165075946071
2020-09-23,510.0,520.0,473.0,473.0,2397100.0,473.0,491.8,479.7,472.68,445.5466666666667,447.1,False,False,False,False,False,False,False,True,False,True,False,-0.06342494714587738,-0.09090909090909091,,,0.000676532769556,0.0580408738548273,-0.12684989429175475,-0.2452431289640592,0.0014364376346659,-0.23598082134667497,438.0,443.0,4.798998998998999,-0.0006769907760006,-8.502460263919804e-05,-0.00105097545572
2020-09-24,472.0,472.0,430.0,438.0,2181500.0,438.0,485.0,477.5,471.08,445.6933333333333,446.375,False,False,False,False,False,True,False,True,False,True,False,-0.0091324200913242,-0.04337899543378995,,,-0.0755251141552511,-0.0175646879756468,-0.10730593607305935,-0.1872146118721461,0.0003290752984114,-0.23455497382198953,426.0,445.0,0.9100579867339702,-0.0033964507090091,-0.0027194599330084,-0.0011073623362545
2020-09-25,442.0,459.0,441.0,452.0,861900.0,452.0,475.6,477.0,469.84,446.0133333333333,445.695,False,False,False,False,False,False,False,True,False,False,False,-0.03982300884955752,-0.0752212389380531,,,-0.0394690265486725,0.0132448377581121,-0.13495575221238937,-0.20575221238938052,0.0007174673402887,-0.2345911949685534,427.0,436.0,0.3950951180380472,-0.0026391963221522,0.0007572543868568,0.0003883920418773
2020-09-28,449.0,463.0,449.0,461.0,770000.0,461.0,465.8,476.0,469.6,446.12,445.07,False,False,False,False,False,False,False,True,False,False,False,-0.0650759219088937,-0.10629067245119306,,,-0.0186550976138829,0.0322776572668112,-0.13665943600867678,-0.20824295010845986,0.0002390985982845,-0.23298319327731087,417.0,417.0,0.8933751015198979,-0.0005110732538329,0.0021281230683192,-0.0004783687420042
2020-09-29,461.0,467.0,446.0,449.0,731500.0,449.0,454.6,473.5,468.56,446.0133333333333,444.335,False,False,False,False,False,False,False,False,False,True,False,-0.0400890868596882,-0.08908685968819599,,,-0.0435634743875278,0.0066518188567186,-0.10690423162583519,-0.18262806236080179,-0.0002391557800962,-0.22935586061246044,419.0,423.0,0.95,-0.0022195663308861,-0.0017084930770532,-0.0004782543783808
2020-09-30,460.0,462.0,440.0,443.0,865000.0,443.0,448.6,470.2,467.2,446.1333333333333,443.775,False,False,False,False,False,False,False,True,False,True,False,-0.029345372460496615,-0.08126410835214447,,,-0.0546275395033859,-0.0070729872084273,-0.09480812641083522,-0.17381489841986456,0.0002689778840406,-0.2252233092301148,404.0,418.0,1.1825017088174985,-0.0029109589041096,-0.0006913925732234,0.0005081336641369
2020-10-02,443.0,449.0,430.0,434.0,754500.0,434.0,447.8,466.4,465.04,446.3733333333333,443.205,False,False,False,False,False,False,False,True,False,True,False,-0.03456221198156682,-0.08755760368663594,,,-0.0715207373271889,-0.0285099846390167,-0.06912442396313365,-0.14516129032258066,0.0005376665272715,-0.21933962264150936,414.0,411.0,0.8722543352601156,-0.0046447617409254,-0.0017338028368158,0.0002686886432308
2020-10-05,439.0,440.0,428.0,434.0,751700.0,434.0,444.2,459.9,463.04,446.7733333333333,442.6,False,False,False,False,False,False,False,True,False,False,False,-0.03686635944700461,-0.04377880184331797,,,-0.0669124423963134,-0.0294316436251919,-0.029953917050691243,-0.08294930875576037,0.000895308583025,-0.20243531202435305,431.0,416.0,0.9962889330682572,-0.0043192812715964,0.000325480469329,0.0003576420557534
2020-10-06,435.0,436.0,418.0,431.0,999300.0,431.0,438.2,452.0,461.52,447.17333333333335,442.025,False,False,False,False,False,False,False,True,False,False,False,-0.04408352668213457,-0.009280742459396751,,,-0.0708120649651971,-0.0375251353441608,-0.02320185614849188,-0.06264501160092807,0.0008945077225834,-0.179646017699115,426.0,427.0,1.329386723426899,-0.0032934650719362,0.0010258161996601,-8.008604416111014e-07
2020-10-07,431.0,433.0,429.0,431.0,462900.0,431.0,434.6,444.6,460.6,447.3466666666667,441.435,False,False,False,False,False,False,False,True,False,False,False,-0.05104408352668213,-0.02088167053364269,,,-0.068677494199536,-0.0379273008507347,-0.04640371229698376,-0.06264501160092807,0.0003874698220619,-0.15721997300944676,427.0,429.0,0.4632242569798859,-0.0019973947025617,0.0012960703693745,-0.0005070379005214
2020-10-08,433.0,435.0,428.0,430.0,505700.0,430.0,432.0,440.3,459.24,447.32,440.825,False,False,False,False,False,False,False,False,False,True,False,-0.053488372093023255,-0.03488372093023256,,,-0.068,-0.0402790697674418,-0.04883720930232558,-0.046511627906976744,-5.961429550813569e-05,-0.13695207812854873,425.0,419.0,1.0924605746381508,-0.0029614145109311,-0.0009640198083693,-0.0004470841175701
2020-10-09,427.0,429.0,414.0,419.0,934700.0,419.0,429.0,438.4,457.72,447.06666666666666,440.125,False,False,False,False,False,False,False,False,False,True,False,-0.05489260143198091,-0.002386634844868735,,,-0.0924105011933174,-0.0669848846459824,-0.057279236276849645,0.01909307875894988,-0.0005666567253206,-0.11701642335766414,437.0,418.0,1.848329048843188,-0.0033208074805557,-0.0003593929696246,-0.0005070424298124
2020-10-12,421.0,421.0,415.0,418.0,479900.0,418.0,425.8,435.0,456.2,446.88,439.415,False,False,False,False,False,False,False,False,False,True,False,-0.007177033492822967,0.0023923444976076554,,,-0.0913875598086124,-0.069090909090909,-0.06698564593301436,0.07655502392344497,-0.0004177109440267,-0.0891954022988506,457.0,413.0,0.5134267679469349,-0.0033318719859711,-1.106450541539213e-05,0.0001489457812938
2020-10-13,415.0,416.0,403.0,412.0,746400.0,412.0,422.0,430.1,454.44,446.26666666666665,438.735,False,False,False,False,False,False,False,False,False,True,False,0.03640776699029126,0.0024271844660194173,,,-0.103009708737864,-0.0831715210355986,-0.06553398058252427,0.055825242718446605,-0.0013743651030774,-0.06254359451290405,509.0,427.0,1.5553240258387164,-0.0038728985124548,-0.0005410265264837,-0.0009566541590506
2020-10-14,409.0,417.0,404.0,409.0,777000.0,409.0,417.6,426.1,452.72,445.84,438.035,False,False,False,False,False,False,False,False,False,False,False,0.03178484107579462,0.009779951100244499,,,-0.1068948655256724,-0.0900733496332517,-0.07823960880195599,0.09290953545232274,-0.0009569950355882,-0.034968317296409375,512.0,435.0,1.0409967845659165,-0.0037992578194026,7.364069305221353e-05,0.0004173700674891
2020-10-15,406.0,414.0,404.0,407.0,403900.0,407.0,413.0,422.5,450.6,445.36,437.335,False,False,False,False,False,False,False,False,False,True,False,0.019656019656019656,0.014742014742014743,,,-0.1071253071253071,-0.0942506142506142,-0.05896805896805897,0.10319410319410319,-0.0010777797736661,-0.007100591715976331,481.0,440.0,0.5198198198198198,-0.004704837993786,-0.0009055801743834,-0.0001207847380778
2020-10-16,404.0,404.0,393.0,396.0,669800.0,396.0,408.4,418.7,448.04,444.70666666666665,436.535,False,False,False,False,False,False,False,False,False,True,False,0.05555555555555555,-0.012626262626262626,,,-0.1314141414141414,-0.1229966329966329,-0.005050505050505051,0.1388888888888889,-0.0014691332114053,0.02101743491760213,478.0,419.0,1.6583312701163655,-0.0057137755557539,-0.0010089375619678,-0.0003913534377391
2020-10-19,402.0,415.0,397.0,415.0,503600.0,415.0,407.8,416.8,446.36,444.4266666666667,435.845,False,False,False,False,False,False,False,False,False,False,False,0.00963855421686747,-0.05783132530120482,,,-0.075566265060241,-0.0709076305220883,-0.04819277108433735,0.10843373493975904,-0.0006300252010079,0.0405470249520153,483.0,417.0,0.7518662287249925,-0.0037637781163186,0.0019499974394352,0.0008391080103973
2020-10-20,416.0,430.0,415.0,427.0,649200.0,427.0,410.8,416.4,444.6,444.56,435.205,False,False,False,False,False,False,False,True,False,True,False,-0.03278688524590164,-0.06791569086651054,,,-0.0412177985948478,-0.0411241217798594,-0.0702576112412178,0.06323185011709602,0.0002999220202747,0.053554274735830965,467.0,422.0,1.289118347895155,-0.0039586144849302,-0.0001948363686115,0.0009299472212826
2020-10-21,425.0,427.0,421.0,422.0,316000.0,422.0,413.4,415.5,442.52,444.5466666666667,434.5,False,False,True,False,False,False,False,False,False,True,False,-0.02132701421800948,-0.04976303317535545,,,-0.0486255924170615,-0.0534281200631911,-0.061611374407582936,0.002369668246445498,-2.99931015866078e-05,0.06040914560770162,475.0,435.0,0.4867529266789895,-0.0047003525264395,-0.0007417380415093,-0.0003299151218613
2020-10-22,427.0,427.0,415.0,415.0,343900.0,415.0,415.0,414.0,440.08,444.50666666666666,433.74,False,False,False,False,False,False,False,False,False,True,False,-0.004819277108433735,-0.033734939759036145,,,-0.0604337349397589,-0.0711004016064257,-0.05783132530120482,0.016867469879518072,-8.998740176379911e-05,0.06714975845410631,477.0,438.0,1.0882911392405064,-0.0055444464642792,-0.0008440939378396,-5.999430017719132e-05
2020-10-23,421.0,423.0,409.0,418.0,386700.0,418.0,419.4,413.9,437.92,444.6,433.015,False,False,False,False,False,False,False,True,False,False,False,-0.0645933014354067,-0.03349282296650718,,,-0.0476555023923445,-0.0636363636363636,-0.05263157894736842,0.019138755980861243,0.000209926525716,0.06716598212128537,488.0,426.0,1.124454783367258,-0.0049324077457069,0.0006120387185723,0.0002999139274798
2020-10-26,423.0,428.0,416.0,419.0,331000.0,419.0,420.2,414.0,434.72,444.64,432.26,False,False,False,False,False,False,False,True,False,True,False,-0.06682577565632458,0.00477326968973747,,,-0.0375178997613365,-0.0611933174224343,-0.06205250596658711,0.016706443914081145,8.9960417416255e-05,0.06111111111111114,484.0,427.0,0.8559606930437031,-0.0073610599926389,-0.002428652246932,-0.0001199661082998
2020-10-27,416.0,417.0,410.0,413.0,305800.0,413.0,417.4,414.1,430.84,444.4533333333333,431.43,False,False,False,False,False,False,False,False,False,True,False,-0.03631961259079903,0.01937046004842615,,,-0.0431961259079902,-0.0761581920903954,-0.05811138014527845,0.009685230024213076,-0.0004199916001679,0.05650808983337352,469.0,417.0,0.9238670694864048,-0.009005663355306,-0.0016446033626671,-0.0005099520175842
2020-10-28,410.0,415.0,407.0,413.0,343700.0,413.0,415.6,414.5,427.16,444.24,430.62,False,False,False,False,False,False,False,False,False,False,False,-0.029055690072639227,-0.004842615012106538,,,-0.0342857142857143,-0.0756416464891041,-0.06779661016949153,0.021791767554479417,-0.0004802209016146,0.04945717732207479,454.0,419.0,1.1239372138652717,-0.0086150388613164,0.0003906244939895,-6.022930144669152e-05
2020-10-29,400.0,413.0,398.0,413.0,534500.0,413.0,415.2,415.1,424.76,444.16,429.91,False,False,False,False,False,False,False,False,False,False,False,-0.029055690072639227,-0.009685230024213076,,,-0.0284745762711864,-0.0754479418886199,-0.09443099273607748,0.029055690072639227,-0.0001801152737751,0.042158516020236084,464.0,404.0,1.555135292406168,-0.0056502495526886,0.0029647893086278,0.0003001056278395
2020-10-30,412.0,413.0,389.0,391.0,638600.0,391.0,409.8,414.6,422.88,443.8,429.11,False,False,False,False,False,False,False,False,False,False,False,0.03324808184143223,0.010230179028132993,,,-0.0815345268542199,-0.1350383631713555,-0.028132992327365727,0.07161125319693094,-0.000811176205498,0.03569705740472734,457.0,414.0,1.1947614593077642,-0.004445705637533,0.0012045439151555,-0.0006310609317228
2020-11-02,387.0,399.0,384.0,391.0,494300.0,391.0,404.2,412.2,420.44,443.50666666666666,428.285,False,False,False,False,False,False,False,False,False,True,False,0.07672634271099744,-0.0025575447570332483,,,-0.0752941176470588,-0.1342881500426257,-0.015345268542199489,0.03580562659846547,-0.0006613955445991,0.028384279475982505,456.0,431.0,0.7740369558409019,-0.005803444011036,-0.0013577383735029,0.0001497806608988
2020-11-04,399.0,405.0,396.0,398.0,584200.0,398.0,401.2,409.3,417.92,443.12,427.56,False,False,False,False,False,False,False,False,False,True,False,0.05778894472361809,-0.032663316582914576,,,-0.0500502512562814,-0.1133668341708542,-0.01507537688442211,0.052763819095477386,-0.0008726003490401,0.02711947226972872,456.0,426.0,1.1818733562613797,-0.0060298621745788,-0.0002264181635427,-0.0002112048044409
2020-11-05,404.0,404.0,396.0,401.0,428800.0,401.0,398.8,407.2,416.0,442.6666666666667,426.795,False,False,False,False,False,False,False,False,False,False,False,0.02493765586034913,-0.059850374064837904,,,-0.0374064837905236,-0.1039068994181214,-0.017456359102244388,0.034912718204488775,-0.0010240963855421,0.030451866404715214,452.0,427.0,0.733995207120849,-0.0046153846153846,0.0014144775591941,-0.000151496036502
2020-11-06,400.0,401.0,392.0,401.0,527500.0,401.0,396.4,405.8,414.32,442.14666666666665,426.025,False,False,False,False,False,False,False,False,False,False,False,0.0199501246882793,-0.04488778054862843,,,-0.033216957605985,-0.1026101413133831,-0.00997506234413965,0.02493765586034913,-0.0011760803353337,0.03129620502710692,460.0,425.0,1.2301772388059702,-0.004054836841089,0.0005605477742956,-0.0001519839497916
2020-11-09,402.0,404.0,398.0,404.0,433600.0,404.0,399.0,404.4,413.12,441.94666666666666,425.275,False,False,False,False,False,False,False,False,False,False,False,-0.022277227722772276,-0.024752475247524754,,,-0.0225742574257425,-0.0939273927392739,-0.007425742574257425,-0.01485148514851485,-0.0004525432933083,0.02794263105835809,460.0,437.0,0.8219905213270142,-0.0029047250193648,0.0011501118217242,0.0007235370420253
2020-11-10,416.0,426.0,415.0,421.0,681600.0,421.0,405.0,404.6,412.6,442.0,424.605,False,False,False,False,True,False,False,True,False,False,False,-0.07363420427553444,-0.06175771971496437,,,0.0199524940617576,-0.0498812351543943,-0.057007125890736345,-0.06413301662707839,0.0001206636500754,0.01952545724172016,457.0,457.0,1.5719557195571956,-0.001260300533204,0.0016444244861607,0.0005732069433838
2020-11-11,428.0,431.0,416.0,421.0,498300.0,421.0,409.6,405.4,412.2,441.9866666666667,423.99,False,False,False,False,False,False,False,False,False,False,False,-0.0855106888361045,-0.057007125890736345,,,0.0209026128266033,-0.0498495645288994,-0.07838479809976247,-0.05938242280285035,-3.0166822528555627e-05,0.0123334977799704,471.0,509.0,0.7310739436619719,-0.0009704027171276,0.0002898978160763,-0.0001508304726039
2020-11-12,422.0,422.0,404.0,411.0,443100.0,411.0,411.6,405.2,411.4,441.6666666666667,423.3,False,False,False,False,False,False,False,False,False,True,False,-0.0827250608272506,-0.0364963503649635,,,-0.0009732360097323,-0.0746147607461476,-0.0681265206812652,-0.012165450121654502,-0.0007245283018867,0.008884501480750304,474.0,512.0,0.8892233594220349,-0.0019445794846864,-0.0009741767675587,-0.0006943614793582
2020-11-13,407.0,410.0,399.0,409.0,612100.0,409.0,413.2,404.8,410.56,441.28,422.625,False,False,False,False,False,False,False,False,False,True,False,-0.06356968215158924,-0.044009779951100246,,,-0.0038141809290953,-0.078924205378973,-0.06601466992665037,0.009779951100244499,-0.0008762388204013,0.006916996047430858,476.0,481.0,1.3814037463326565,-0.0020459859703818,-0.0001014064856953,-0.0001517105185145
2020-11-16,405.0,409.0,378.0,395.0,1215300.0,395.0,411.4,405.2,409.6,440.8666666666667,421.92,False,False,False,False,False,False,False,False,False,True,False,-0.002531645569620253,0.002531645569620253,,,-0.0369620253164557,-0.1161181434599156,-0.060759493670886074,0.04050632911392405,-0.0009375472554059,0.003948667324777944,472.0,478.0,1.9854598921744813,-0.0023437499999999,-0.000297764029618,-6.130843500457765e-05
2020-11-17,399.0,399.0,389.0,390.0,512800.0,390.0,405.2,405.1,408.48,440.3733333333333,421.155,False,False,False,False,False,False,False,False,False,True,False,0.01282051282051282,0.007692307692307693,,,-0.0473846153846154,-0.129162393162393,-0.03333333333333333,0.06153846153846154,-0.0011202615962215,0.00641816835349288,499.0,483.0,0.4219534271373323,-0.0027418723070897,-0.0003981223070897,-0.0001827143408155
2020-11-18,390.0,390.0,380.0,385.0,476100.0,385.0,398.0,403.8,407.4,439.94666666666666,420.355,False,False,False,False,False,False,False,False,False,False,False,0.03116883116883117,0.01038961038961039,,,-0.0581818181818181,-0.1427186147186147,-0.04155844155844156,0.08311688311688312,-0.0009698145229723,0.009162951956414037,510.0,467.0,0.9284321372854916,-0.0026509572901326,9.091501695706076e-05,0.0001504470732491
2020-11-19,380.0,386.0,376.0,377.0,613100.0,377.0,391.2,401.4,406.12,439.38666666666666,419.475,False,False,False,False,False,False,False,False,False,True,False,0.050397877984084884,0.021220159151193633,,,-0.0772413793103448,-0.1654818744473916,-0.03713527851458886,0.13262599469496023,-0.0012745038538568,0.01818634778276037,505.0,475.0,1.2877546733879437,-0.003151777799665,-0.0005008205095324,-0.0003046893308845
2020-11-20,384.0,390.0,380.0,383.0,456900.0,383.0,386.0,399.6,405.16,439.1066666666667,418.64,False,False,False,False,False,False,False,False,False,False,False,0.020887728459530026,-0.02349869451697128,,,-0.0578590078328982,-0.1464926022628373,-0.03655352480417755,0.14360313315926893,-0.0006376582758934,0.029529529529529416,473.0,477.0,0.7452291632686348,-0.0023694342975614,0.0007823435021036,0.0006368455779634
2020-11-24,391.0,395.0,387.0,394.0,350200.0,394.0,385.8,398.6,405.08,438.84,417.885,False,False,False,False,False,False,False,False,False,False,False,0.005076142131979695,-0.03553299492385787,,,-0.0281218274111674,-0.1138071065989847,-0.07106598984771574,0.1065989847715736,-0.0006076626257103,0.04164576016056188,438.0,488.0,0.7664696870212301,-0.0001974918534611,0.0021719424441002,2.999565018311774e-05
2020-11-25,400.0,402.0,393.0,395.0,435800.0,395.0,386.8,396.0,404.28,438.36,417.09,False,False,False,False,False,False,False,False,False,True,False,-0.005063291139240506,-0.02531645569620253,,,-0.0234936708860758,-0.1097721518987342,-0.0810126582278481,0.09113924050632911,-0.0010949904188337,0.05782828282828277,452.0,484.0,1.2444317532838378,-0.0019788265558524,-0.0017813347023912,-0.0004873277931234
2020-11-26,395.0,400.0,393.0,397.0,337600.0,397.0,389.2,393.6,403.08,437.97333333333336,416.34,False,False,False,False,False,False,False,False,False,True,False,-0.020151133501259445,-0.012594458438287154,,,-0.0153148614609571,-0.1032073887489505,-0.08060453400503778,0.060453400503778336,-0.0008828543594739,0.07063008130081289,461.0,469.0,0.7746672785681505,-0.0029770765108663,-0.0009982499550138,0.0002121360593598
2020-11-27,393.0,403.0,393.0,396.0,594200.0,396.0,393.0,392.1,402.04,437.56,415.495,False,False,False,False,False,False,False,False,False,False,False,-0.027777777777777776,-0.005050505050505051,,,-0.0152525252525253,-0.1049494949494949,-0.06818181818181818,0.05303030303030303,-0.0009446323551818,0.0775312420300943,449.0,454.0,1.7600710900473933,-0.0025868072828573,0.0003902692280089,-6.177799570789943e-05
2020-11-30,400.0,403.0,390.0,391.0,450100.0,391.0,394.6,390.3,401.08,437.1066666666667,414.645,False,False,False,False,False,False,False,False,False,False,False,-0.043478260869565216,0.015345268542199489,,,-0.0257800511508951,-0.117919863597613,-0.04859335038363171,0.03324808184143223,-0.0010371228990635,0.08019472200871128,443.0,464.0,0.7574890609222484,-0.002393537448888,0.0001932698339692,-9.249054388169033e-05
2020-12-01,392.0,400.0,391.0,396.0,377000.0,396.0,395.0,390.4,400.2,436.56,413.765,False,False,False,False,False,False,False,False,False,False,False,-0.04040404040404041,0.012626262626262626,,,-0.0106060606060605,-0.1024242424242424,-0.05808080808080808,0.04292929292929293,-0.0012522142813512,0.08043032786885256,434.0,457.0,0.8375916463008221,-0.0021989005497251,0.0001946368991629,-0.0002150913822876
2020-12-02,400.0,400.0,392.0,393.0,420900.0,393.0,394.6,390.7,399.16,435.70666666666665,412.79,False,False,False,False,False,False,False,False,False,True,False,-0.020356234096692113,0.010178117048346057,,,-0.0156743002544529,-0.108668363019508,-0.05597964376590331,0.04580152671755725,-0.001958504192423,0.07883286409009474,434.0,456.0,1.1164456233421751,-0.0026054714901291,-0.000406570940404,-0.0007062899110718
2020-12-03,398.0,398.0,382.0,389.0,440300.0,389.0,393.0,391.1,398.2,434.1066666666667,411.75,False,False,False,False,False,False,False,False,False,False,False,0.007712082262210797,-0.002570694087403599,,,-0.023650385604113,-0.115955441302485,-0.06426735218508997,0.07455012853470437,-0.0036857300817002,0.07798517003323957,431.0,456.0,1.0460917082442385,-0.0024108488196886,0.0001946226704404,-0.0017272258892771
2020-12-04,388.0,388.0,377.0,385.0,492600.0,385.0,390.8,391.9,397.08,432.41333333333336,410.76,False,False,False,False,False,False,False,False,False,True,False,0.023376623376623377,-0.005194805194805195,,,-0.0313766233766233,-0.1231515151515152,-0.05194805194805195,0.08571428571428572,-0.0039160062902778,0.07348813472824703,431.0,452.0,1.118782648194413,-0.0028205903092575,-0.0004097414895689,-0.0002302762085775
2020-12-07,385.0,388.0,373.0,374.0,594000.0,374.0,387.4,391.0,395.52,430.9866666666667,409.755,False,False,False,False,False,False,False,False,False,True,False,0.06149732620320856,0.0213903743315508,,,-0.0575401069518716,-0.1523707664884135,-0.045454545454545456,0.09893048128342247,-0.0033102338819453,0.06905370843989769,430.0,460.0,1.2058465286236295,-0.0039441747572815,-0.0011235844480239,0.0006057724083324
2020-12-08,374.0,383.0,372.0,380.0,311400.0,380.0,384.2,389.6,395.08,429.68,408.83,False,False,False,False,False,False,False,False,False,False,False,0.05526315789473684,-0.02368421052631579,,,-0.0396842105263157,-0.1307368421052631,-0.06315789473684211,0.0868421052631579,-0.0030410227766399,0.06699178644763851,419.0,460.0,0.5242424242424243,-0.0011136984914447,0.0028304762658367,0.0002692111053053
2020-12-09,380.0,386.0,377.0,385.0,251500.0,385.0,382.6,388.6,394.84,428.3733333333333,407.885,False,False,False,False,False,False,False,False,False,False,False,0.03116883116883117,-0.02077922077922078,,,-0.0255584415584414,-0.1126580086580085,-0.06753246753246753,0.07272727272727272,-0.003050298804781,0.06510550694801841,418.0,457.0,0.8076429030186255,-0.0006078411508459,0.0005058573405988,-9.276028141029772e-06
2020-12-10,386.0,394.0,386.0,392.0,367200.0,392.0,383.2,388.1,394.6,427.3733333333333,407.435,False,False,False,False,False,False,False,False,False,True,False,-0.01020408163265306,-0.058673469387755105,,,-0.0066326530612245,-0.0902380952380951,-0.06887755102040816,0.04846938775510204,-0.0023398745827223,0.06390105642875535,412.0,471.0,1.4600397614314116,-0.0006082108464266,-3.696955807048607e-07,0.0007104242220586
2020-12-11,392.0,394.0,386.0,394.0,281700.0,394.0,385.0,387.9,394.32,426.29333333333335,406.93,False,False,False,False,False,False,False,False,False,True,False,-0.027918781725888325,-0.07868020304568528,,,-0.0008121827411167,-0.0819627749576988,-0.06852791878172589,0.03807106598984772,-0.0025334667834353,0.062387213199278285,409.0,474.0,0.7671568627450981,-0.0007100831811727,-0.000101872334746,-0.0001935922007129
2020-12-14,393.0,400.0,393.0,397.0,270200.0,397.0,389.6,388.5,394.16,425.2266666666667,406.42,False,False,False,False,True,False,False,False,False,False,False,-0.037783375314861464,-0.07052896725440806,,,0.007153652392947,-0.0710999160369438,-0.07808564231738035,0.03526448362720403,-0.0025084660729963,0.06254826254826258,407.0,476.0,0.9591764288249912,-0.0004059265272984,0.0003041566538742,2.5000710438981364e-05
2020-12-15,399.0,403.0,395.0,401.0,441000.0,401.0,393.8,389.0,394.04,424.06666666666666,405.92,False,False,False,False,False,False,False,False,False,False,False,-0.07481296758104738,-0.08728179551122195,,,0.0173566084788029,-0.0575228595178719,-0.07481296758104738,-0.0024937655860349127,-0.0027354189592831,0.05784061696658098,396.0,472.0,1.6321243523316062,-0.0003045376103948,0.0001013889169035,-0.0002269528862868
2020-12-16,398.0,400.0,395.0,397.0,329400.0,397.0,396.2,389.4,393.08,422.9066666666667,405.37,False,False,False,False,False,False,False,False,False,True,False,-0.05037783375314862,-0.08564231738035265,,,0.0098740554156171,-0.0652560873215785,0.0025188916876574307,0.017632241813602016,-0.002742922000126,0.0549563430919364,415.0,499.0,0.746938775510204,-0.0024422509412843,-0.0021377133308894,-7.503040842845449e-06
2020-12-17,398.0,398.0,386.0,388.0,431600.0,388.0,395.4,389.3,391.76,421.82666666666665,404.885,False,False,False,False,False,True,False,False,False,True,False,-0.04896907216494845,-0.059278350515463915,,,-0.0096907216494845,-0.0871821305841924,0.041237113402061855,0.04639175257731959,-0.0025602933274331,0.0521448754174159,427.0,510.0,1.310261080752884,-0.0033694098427608,-0.0009271589014765,0.0001826286726928
2020-12-18,385.0,388.0,380.0,383.0,472600.0,383.0,393.2,389.1,390.64,420.88,404.47,False,False,False,False,False,False,False,False,False,False,False,-0.05221932114882506,-0.03655352480417755,,,-0.0199477806788511,-0.0989033942558746,0.05483028720626632,0.05221932114882506,-0.0022492555280998,0.04883063479825237,422.0,505.0,1.0949953660797034,-0.0028670899037477,0.0005023199390131,0.0003110377993333
2020-12-21,383.0,388.0,381.0,382.0,327600.0,382.0,390.2,389.9,389.56,419.7866666666667,404.13,False,False,False,False,False,False,False,False,False,False,True,-0.034031413612565446,-0.02617801047120419,,,-0.0197905759162303,-0.0989179755671902,0.07329842931937172,0.05759162303664921,-0.002604497522551,0.04488330341113106,415.0,473.0,0.6931866271688532,-0.0027723585583735,9.47313453741991e-05,-0.0003552419944512
2020-12-22,382.0,383.0,369.0,371.0,610300.0,371.0,384.2,389.0,388.6,418.64,403.79,False,False,False,False,False,False,False,False,False,False,False,-0.013477088948787063,0.005390835579514825,,,-0.0474393530997305,-0.1284097035040431,0.1509433962264151,0.09703504043126684,-0.0027390279635646,0.04575835475578409,418.0,438.0,1.862942612942613,-0.0024704065877508,0.0003019519706226,-0.0001345304410135
2020-12-24,372.0,379.0,372.0,377.0,213000.0,377.0,380.2,388.2,388.08,417.5866666666666,403.605,False,False,False,False,False,False,False,False,False,False,False,-0.03713527851458886,-0.015915119363395226,,,-0.0293899204244031,-0.1076569407603888,0.19363395225464192,0.07427055702917772,-0.0025224304735146,0.045852653271509565,419.0,452.0,0.3490086842536457,-0.0013399299113585,0.0011304766763922,0.00021659749005
2020-12-25,378.0,380.0,367.0,369.0,434500.0,369.0,376.4,385.9,387.44,416.4266666666667,403.265,False,False,False,False,False,False,False,False,False,True,False,-0.01084010840108401,-0.013550135501355014,,,-0.0499728997289972,-0.1285275519421861,0.17886178861788618,0.0948509485094851,-0.0027856045081965,0.050272091215340854,413.0,461.0,2.039906103286385,-0.0016518686764401,-0.0003119387650816,-0.0002631740346818
2020-12-28,370.0,371.0,361.0,363.0,461400.0,363.0,372.4,382.8,386.88,415.24,403.01,False,False,False,False,False,False,False,False,False,False,False,0.01652892561983471,0.005509641873278237,,,-0.0657851239669421,-0.1439118457300275,0.23140495867768596,0.09917355371900827,-0.0028577850560318,0.05616509926854754,413.0,449.0,1.0619102416570771,-0.0014474772539288,0.0002043914225113,-7.218054783534635e-05
2020-12-30,365.0,373.0,363.0,369.0,424600.0,369.0,369.8,380.0,386.32,414.0266666666666,402.78,False,False,False,False,False,False,False,False,False,True,False,0.008130081300813009,-0.032520325203252036,,,-0.0469376693766937,-0.1220234869015354,0.21680216802168023,0.04607046070460705,-0.0029305680793509,0.05736842105263161,413.0,443.0,0.9202427394885132,-0.0014495754814661,-2.0982275372753365e-06,-7.278302331912992e-05
2021-01-04,370.0,370.0,359.0,366.0,516200.0,366.0,368.8,376.5,385.2,412.7733333333333,402.545,False,False,False,False,False,False,False,False,False,True,False,0.01912568306010929,-0.0273224043715847,0.1666666666666666,0.087431693989071,-0.0524590163934425,-0.1277959927140254,0.23224043715846995,0.0546448087431694,-0.003036371858647,0.06347941567065067,391.0,434.0,1.215732454074423,-0.0029075804776739,-0.0014580049962077,-0.000105803779296
2021-01-05,365.0,366.0,358.0,363.0,527500.0,363.0,366.0,373.1,383.92,411.52,402.41,False,False,False,False,False,False,False,False,False,True,False,0.02203856749311295,-0.011019283746556474,0.2396694214876033,0.0853994490358126,-0.0576308539944904,-0.1336639118457299,0.26721763085399447,0.05785123966942149,-0.0030456194919647,0.06781023854194573,391.0,434.0,1.0218907400232469,-0.0033340279224837,-0.0004264474448098,-9.24763331768691e-06
2021-01-06,365.0,371.0,363.0,365.0,296900.0,365.0,365.2,370.8,382.64,410.1066666666667,402.445,False,False,False,False,False,False,False,False,False,True,False,-0.0027397260273972603,0.0,0.1917808219178082,0.084931506849315,-0.0483287671232876,-0.1235799086757991,0.24383561643835616,0.052054794520547946,-0.0034462578841276,0.06850053937432572,398.0,431.0,0.5628436018957346,-0.0033451808488397,-1.1152926355938089e-05,-0.0004006383921628
2021-01-07,371.0,375.0,368.0,369.0,305800.0,369.0,366.4,369.4,381.56,408.70666666666665,402.475,False,False,False,False,False,False,False,False,False,False,False,-0.01084010840108401,-0.005420054200542005,0.2113821138211382,0.1002710027100271,-0.0340379403794038,-0.1076061427280939,0.14634146341463414,0.02981029810298103,-0.0034254395980818,0.06632376827287494,401.0,431.0,1.02997642303806,-0.0028304853758255,0.0005146954730142,2.0818286045783983e-05
2021-01-08,373.0,373.0,368.0,372.0,224800.0,372.0,367.0,368.4,380.8,407.32,402.63,False,False,False,False,False,False,False,False,False,False,False,-0.04032258064516129,-0.016129032258064516,0.2069892473118279,0.1102150537634408,-0.0236559139784946,-0.0949462365591397,0.13440860215053763,0.03494623655913978,-0.0034043667550492,0.06406080347448433,401.0,430.0,0.7351209941137998,-0.0019957983193277,0.0008346870564978,2.107284303259817e-05
2021-01-12,371.0,374.0,370.0,373.0,264400.0,373.0,368.4,368.6,379.88,406.0,402.915,False,False,False,False,False,False,False,False,False,True,False,-0.045576407506702415,-0.005361930294906166,0.2091152815013404,0.1018766756032171,-0.0184450402144772,-0.0884718498659517,0.14209115281501342,0.04825737265415549,-0.0032512315270935,0.0591427021161149,404.0,419.0,1.1761565836298933,-0.0024218174160261,-0.0004260190966984,0.0001531352279556
2021-01-13,373.0,374.0,369.0,371.0,335200.0,371.0,370.0,368.0,379.0,404.29333333333335,403.275,False,False,False,False,False,False,False,False,False,False,False,-0.03234501347708895,0.07277628032345014,0.2398921832884097,0.1159029649595687,-0.0215633423180593,-0.0897394429469901,0.14824797843665768,0.08355795148247978,-0.0042213574302486,0.06005434782608702,421.0,418.0,1.2677760968229954,-0.0023218997361477,9.991767987841024e-05,-0.000970125903155
2021-01-14,368.0,369.0,363.0,364.0,583500.0,364.0,369.8,367.5,378.0,402.3466666666667,403.57,False,False,False,False,False,False,False,False,False,True,False,0.0027472527472527475,0.10989010989010989,0.2472527472527472,0.1456043956043956,-0.0384615384615384,-0.1053479853479854,0.14560439560439561,0.11538461538461539,-0.0048382820784729,0.06204081632653064,421.0,412.0,1.7407517899761336,-0.0026455026455026,-0.0003236029093549,-0.0006169246482243
2021-01-15,365.0,368.0,357.0,365.0,578000.0,365.0,369.0,367.7,377.2,400.48,403.93,False,False,False,False,False,False,False,False,False,False,False,0.005479452054794521,0.10684931506849316,0.1589041095890411,0.1698630136986301,-0.0334246575342465,-0.0972054794520548,0.15616438356164383,0.12054794520547946,-0.0046610733786123,0.06418275768289372,411.0,409.0,0.9905741216795202,-0.0021208907741251,0.0005246118713774,0.0001772086998605
2021-01-18,362.0,363.0,356.0,357.0,443000.0,357.0,366.0,366.5,376.52,398.9333333333333,404.31,False,False,False,False,False,False,False,False,False,False,False,0.025210084033613446,0.1484593837535014,0.1820728291316526,0.226890756302521,-0.0546778711484593,-0.1174603174603173,0.19047619047619047,0.08403361344537816,-0.0038770053475937,0.06793997271487033,409.0,407.0,0.7664359861591695,-0.0018060129607989,0.0003148778133262,0.0007840680310185
2021-01-19,358.0,361.0,355.0,356.0,484300.0,356.0,362.6,365.5,375.56,397.84,404.755,False,False,False,False,False,False,False,False,False,True,False,0.042134831460674156,0.199438202247191,0.196629213483146,0.2247191011235955,-0.0549438202247191,-0.1175280898876403,0.17696629213483145,0.06741573033707865,-0.0027481734700716,0.06922024623803012,395.0,396.0,1.0932279909706546,-0.0025561827670677,-0.0007501698062688,0.0011288318775221
2021-01-20,356.0,360.0,355.0,359.0,321000.0,359.0,360.2,365.1,374.52,396.6,405.175,False,False,False,False,False,False,False,False,False,True,False,0.10863509749303621,0.25348189415041783,0.1866295264623955,0.2005571030640668,-0.0432311977715876,-0.1047353760445683,0.12813370473537605,0.027855153203342618,-0.0031265758951083,0.06628321007943026,390.0,415.0,0.6628123064216395,-0.0027768877496529,-0.0002207049825851,-0.0003784024250366
2021-01-21,360.0,366.0,360.0,365.0,360400.0,365.0,360.4,365.1,373.44,395.32,405.55,False,False,False,False,False,False,False,False,False,True,False,0.10684931506849316,0.1917808219178082,0.1424657534246575,0.1534246575342465,-0.0231232876712328,-0.0830684931506849,0.14794520547945206,0.0136986301369863,-0.0032378832338359,0.06244864420706643,385.0,427.0,1.1227414330218068,-0.002892030848329,-0.000115143098676,-0.0001113073387276
2021-01-22,363.0,370.0,361.0,367.0,412300.0,367.0,360.8,364.9,372.36,394.2266666666667,405.8,False,False,False,False,False,False,False,False,False,True,False,0.1008174386920981,0.21798365122615804,0.1498637602179836,0.1362397820163488,-0.0146049046321526,-0.0741871026339691,0.1307901907356948,0.005449591280653951,-0.0027733621943382,0.06001644286105792,377.0,422.0,1.144006659267481,-0.0029004189494037,-8.388101074753834e-06,0.0004645210394977
2021-01-25,368.0,371.0,362.0,366.0,328100.0,366.0,362.6,364.3,371.12,393.2,406.085,False,False,False,False,False,False,False,False,False,True,False,0.12021857923497267,0.226775956284153,0.1612021857923497,0.1038251366120218,-0.0139890710382513,-0.0743169398907103,0.12295081967213115,0.02459016393442623,-0.0026110545947779,0.05901729343947296,383.0,415.0,0.7957797720106718,-0.0033412373356327,-0.0004408183862289,0.0001623075995602
2021-01-26,370.0,371.0,363.0,371.0,320200.0,371.0,365.6,364.1,369.92,392.36,406.4,False,False,False,False,True,False,False,False,False,False,False,0.1509433962264151,0.215633423180593,0.1293800539083558,0.1132075471698113,0.0029110512129379,-0.0575741239892183,0.07277628032345014,0.0026954177897574125,-0.0021408910184523,0.05438066465256785,394.0,418.0,0.9759219750076196,-0.0032439446366781,9.729269895453412e-05,0.0004701635763255
2021-01-27,407.0,408.0,394.0,398.0,1858400.0,398.0,373.4,366.8,369.96,391.88,406.895,False,False,False,False,False,False,True,False,False,False,True,0.1306532663316583,0.15577889447236182,0.0175879396984924,0.0326633165829145,0.0704522613065327,0.0153768844221105,-0.010050251256281407,-0.06281407035175879,-0.0012248647545167,0.038713195201744786,395.0,419.0,5.803872579637726,0.0001081197967346,0.0033520644334128,0.0009160262639356
2021-01-28,395.0,409.0,389.0,404.0,1190200.0,404.0,381.2,370.8,370.6,391.52,407.395,False,False,False,False,False,False,True,False,True,False,False,0.07673267326732673,0.12376237623762376,0.0371287128712871,0.0346534653465346,0.0826732673267326,0.0308910891089109,-0.019801980198019802,-0.06683168316831684,-0.0009194932570494,0.019687162891046415,397.0,413.0,0.6404433921653034,0.0017269293038317,0.001618809507097,0.0003053714974672
2021-01-29,404.0,421.0,402.0,404.0,808000.0,404.0,388.6,374.7,371.44,391.16,407.895,False,False,False,False,False,False,True,False,False,False,False,0.10643564356435643,0.04702970297029703,0.0272277227722772,0.0346534653465346,0.0805940594059406,0.0317821782178217,0.0049504950495049506,-0.06188118811881188,-0.0009203395030165,0.0010675206832133283,396.0,413.0,0.6788774995799025,0.0022614688778806,0.0005345395740488,-8.462459670746008e-07
2021-02-01,400.0,411.0,398.0,410.0,547000.0,410.0,397.4,380.0,372.56,390.8933333333333,408.425,False,False,False,False,False,False,True,False,False,False,False,0.0951219512195122,0.02926829268292683,0.0024390243902439,0.0024390243902439,0.0913170731707317,0.0466016260162602,0.007317073170731708,-0.08780487804878048,-0.0006821980420917,-0.01631578947368418,391.0,413.0,0.676980198019802,0.0030062271848829,0.0007447583070023,0.0002381414609248
2021-02-02,416.0,427.0,415.0,427.0,502300.0,427.0,408.6,387.1,374.8,391.0,409.125,False,False,False,False,False,False,True,True,False,False,False,0.05620608899297424,-0.00234192037470726,-0.0679156908665105,-0.0327868852459016,0.1222482435597189,0.0843091334894613,-0.03747072599531616,-0.1288056206088993,0.0002728047740835,-0.03642469646086288,396.0,391.0,0.9182815356489944,0.0059765208110992,0.0029702936262162,0.0009550028161753
2021-02-03,429.0,453.0,428.0,450.0,895800.0,450.0,419.0,396.2,377.72,391.4266666666667,409.89,False,False,False,False,False,False,True,True,False,False,False,0.022222222222222223,-0.05333333333333334,-0.1244444444444444,-0.0822222222222222,0.1606222222222221,0.1301629629629629,-0.08,-0.18666666666666668,0.0010900296351807,-0.05931347804139324,393.0,391.0,1.7833963766673302,0.0077305940908609,0.0017540732797617,0.0008172248610971
2021-02-04,443.0,454.0,435.0,435.0,653200.0,435.0,425.2,403.2,380.36,391.73333333333335,410.56,False,False,False,False,False,False,True,True,False,True,False,0.04367816091954023,-0.041379310344827586,-0.0896551724137931,-0.0551724137931034,0.1256091954022988,0.099463601532567,-0.041379310344827586,-0.15862068965517243,0.0007828454731109,-0.07663690476190471,389.0,398.0,0.7291806206742576,0.0069407929330107,-0.0007898011578502,-0.0003071841620697
2021-02-05,447.0,455.0,444.0,447.0,606500.0,447.0,433.8,411.2,383.72,392.24,411.205,False,False,False,False,False,False,True,True,False,False,False,-0.053691275167785234,-0.05592841163310962,-0.0917225950782997,-0.0850111856823266,0.141565995525727,0.1225055928411632,-0.0447427293064877,-0.1789709172259508,0.0012917261540553,-0.09508754863813222,385.0,401.0,0.9285058175137784,0.0087563848639633,0.0018155919309525,0.0005088806809443
2021-02-08,447.0,455.0,447.0,449.0,510200.0,449.0,441.6,419.5,386.92,392.8,411.82,False,False,False,False,False,False,True,True,False,True,False,-0.060133630289532294,-0.053452115812917596,-0.0801781737193764,-0.0846325167037861,0.1382628062360801,0.1251670378619153,-0.024498886414253896,-0.2026726057906459,0.0014256619144602,-0.11704410011918956,374.0,401.0,0.8412201154163231,0.0082704435025327,-0.0004859413614305,0.0001339357604049
2021-02-09,450.0,457.0,447.0,451.0,474600.0,451.0,446.4,427.5,390.32,393.53333333333336,412.405,False,False,False,False,False,False,True,True,False,False,False,-0.05543237250554324,-0.07095343680709534,-0.0886917960088691,-0.1130820399113082,0.1345454545454545,0.127420546932742,-0.03325942350332594,-0.21286031042128603,0.0018634592580044,-0.13754385964912283,380.0,404.0,0.9302234417875344,0.0087108013937281,0.0004403578911953,0.0004377973435441
2021-02-10,451.0,460.0,440.0,460.0,569600.0,460.0,448.4,433.7,394.2,394.1333333333333,413.1,True,True,False,False,False,False,True,True,False,False,False,-0.0739130434782608,-0.1195652173913043,-0.1,-0.1217391304347826,0.1430434782608695,0.1431884057971014,-0.0630434782608695,-0.2260869565217391,0.0015223274695533,-0.1537929444316347,385.0,421.0,1.2001685630004215,0.0098427194317605,0.0011319180380323,-0.000341131788451
2021-02-12,460.0,460.0,448.0,454.0,384400.0,454.0,452.2,438.7,397.76,394.4933333333333,413.74,False,False,False,False,False,False,True,True,False,True,False,-0.08149779735682819,-0.07709251101321586,-0.0814977973568281,-0.105726872246696,0.1238766519823788,0.1310719530102791,-0.07268722466960352,-0.21585903083700442,0.0009125629499441,-0.16822429906542058,392.0,421.0,0.6748595505617978,0.0089501206757843,-0.0008925987559761,-0.0006097645196092
2021-02-15,436.0,436.0,415.0,423.0,865900.0,423.0,447.4,440.6,399.92,394.50666666666666,414.235,False,False,False,False,False,False,True,True,False,True,False,-0.002364066193853428,-0.018912529550827423,0.0094562647754137,-0.0472813238770685,0.054562647754137,0.0673601260835303,-0.014184397163120567,-0.15839243498817968,3.37974854671946e-05,-0.17703132092600998,394.0,411.0,2.252601456815817,0.0054010802160432,-0.0035490404597411,-0.0008787654644769
2021-02-16,418.0,423.0,415.0,422.0,500200.0,422.0,442.0,441.8,401.92,394.6,414.745,False,False,False,False,False,False,True,True,False,True,False,0.0071090047393364926,-0.026066350710900472,0.0379146919431279,-0.0426540284360189,0.0475829383886255,0.0649289099526065,-0.04265402843601896,-0.15165876777251186,0.0002365264402771,-0.18288818469895882,397.0,409.0,0.5776648573738307,0.0049761146496815,-0.0004249655663617,0.0002027289548099
2021-02-17,418.0,427.0,411.0,426.0,468400.0,426.0,437.0,441.7,404.04,394.70666666666665,415.215,False,False,False,False,False,False,True,True,False,False,False,-0.01643192488262911,-0.06572769953051644,0.0234741784037558,-0.0446009389671361,0.0515492957746478,0.0734585289514867,-0.03051643192488263,-0.14788732394366197,0.000270242880789,-0.18474077428118627,401.0,395.0,0.9364254298280688,0.0052470052470052,0.0002708905973237,3.3716440511860645e-05
2021-02-18,430.0,431.0,423.0,426.0,297700.0,426.0,430.2,439.3,406.24,394.8,415.635,False,False,False,False,False,False,True,True,False,False,False,-0.04929577464788732,-0.07511737089201878,0.0117370892018779,-0.0492957746478873,0.0463849765258215,0.0732394366197182,-0.035211267605633804,-0.14788732394366197,0.0002364066193854,-0.18096972456180285,397.0,390.0,0.6355678906917165,0.005415517920441,0.0001685126734358,-3.3836261403591704e-05
2021-02-19,422.0,422.0,415.0,417.0,371400.0,417.0,422.8,437.5,408.36,394.85333333333335,416.11,False,False,False,False,False,False,True,True,False,True,False,0.004796163069544364,-0.050359712230215826,0.0095923261390887,-0.0311750599520383,0.0207194244604316,0.0531095123900878,0.002398081534772182,-0.14148681055155876,0.0001350712500844,-0.17942857142857144,388.0,385.0,1.247564662411824,0.0051914976981095,-0.0002240202223315,-0.0001013353693009
2021-02-22,418.0,428.0,418.0,422.0,414300.0,422.0,422.6,435.0,410.64,394.97333333333336,416.68,False,False,False,False,False,False,True,True,False,False,False,-0.016587677725118485,-0.037914691943127965,-0.0118483412322274,-0.0545023696682464,0.0269194312796208,0.0640442338072669,-0.009478672985781991,-0.14928909952606634,0.0003038179792728,-0.17655172413793105,383.0,377.0,1.115508885298869,0.0055523085914669,0.0003608108933573,0.0001687467291884
2021-02-24,420.0,428.0,417.0,425.0,335400.0,425.0,423.2,432.6,413.36,395.1333333333333,417.23,False,False,False,False,False,False,True,True,False,False,False,-0.03294117647058824,-0.02823529411764706,-0.0494117647058823,-0.0917647058823529,0.0273882352941176,0.0702745098039215,-0.03294117647058824,-0.15058823529411763,0.0004049266070523,-0.17128987517337035,382.0,383.0,0.8095582910934106,0.0065802206309271,0.0010279120394601,0.0001011086277795
2021-02-25,428.0,428.0,419.0,419.0,360200.0,419.0,421.8,429.4,415.88,395.50666666666666,417.8,False,False,False,False,False,False,True,True,False,True,False,-0.050119331742243436,-0.01909307875894988,-0.0143198090692124,-0.0787589498806682,0.0074463007159904,0.0560700079554494,-0.014319809069212411,-0.14797136038186157,0.0009439368910764,-0.1646483465300419,371.0,394.0,1.0739415623136552,0.0060594402231412,-0.0005207804077858,0.000539010284024
2021-02-26,415.0,417.0,405.0,405.0,528200.0,405.0,417.6,423.9,417.72,395.6933333333333,418.28,False,False,False,False,False,False,True,True,False,True,False,-0.027160493827160494,0.022222222222222223,0.0148148148148148,-0.0518518518518518,-0.0314074074074074,0.0229794238683127,0.019753086419753086,-0.12839506172839507,0.0004717457964079,-0.15451757489974052,377.0,395.0,1.4664075513603554,0.0044048645025376,-0.0016545757206035,-0.0004721910946684
2021-03-01,410.0,419.0,410.0,419.0,401300.0,419.0,418.0,420.4,419.88,395.97333333333336,418.77,False,False,False,False,False,False,True,True,False,False,False,-0.05489260143198091,-0.00477326968973747,-0.0023866348448687,-0.0835322195704057,-0.0021002386634844,0.054956245027844,-0.01909307875894988,-0.16467780429594273,0.0007071183244663,-0.14890580399619402,369.0,397.0,0.7597500946611132,0.0051443269505572,0.0007394624480195,0.0002353725280583
2021-03-02,417.0,422.0,412.0,415.0,345500.0,415.0,416.6,419.6,421.8,396.16,419.17,False,False,False,False,False,False,True,True,False,True,False,-0.021686746987951807,0.02891566265060241,0.0072289156626506,-0.0843373493975903,-0.0163855421686747,0.0453975903614457,-0.014457831325301205,-0.17349397590361446,0.0004711900915455,-0.15038131553860826,363.0,396.0,0.8609519063045104,0.004551920341394,-0.0005924066091631,-0.0002359282329208
2021-03-03,414.0,415.0,408.0,411.0,332500.0,411.0,413.8,418.5,423.6,396.29333333333335,419.555,False,False,False,False,False,False,True,True,False,True,False,0.004866180048661801,0.06569343065693431,0.0,-0.0632603406326034,-0.0306569343065694,0.0357826439578264,0.0,-0.14841849148418493,0.0003364511136531,-0.15005973715651139,369.0,391.0,0.9623733719247468,0.0042492917847025,-0.0003026285566914,-0.0001347389778923
2021-03-04,405.0,408.0,394.0,398.0,513100.0,398.0,409.6,415.7,424.68,396.2133333333333,419.835,False,False,False,False,False,False,True,False,False,True,False,0.032663316582914576,0.09547738693467336,0.0376884422110552,-0.0175879396984924,-0.067035175879397,0.0044891122278057,0.005025125628140704,-0.12562814070351758,-0.0002019114281869,-0.14794322828963194,366.0,396.0,1.543157894736842,0.0025430912687199,-0.0017062005159826,-0.0005383625418401
2021-03-05,398.0,398.0,383.0,394.0,436000.0,394.0,407.4,412.5,424.52,395.85333333333335,420.03,False,False,False,False,False,False,False,False,False,True,False,0.050761421319796954,0.09390862944162437,0.0482233502538071,0.0203045685279187,-0.0774619289340101,-0.0047038917089679,0.025380710659898477,-0.11928934010152284,-0.0009094277341775,-0.14521212121212115,363.0,393.0,0.8497368933931008,-0.0003768962593046,-0.0029199875280246,-0.0007075163059905
2021-03-08,395.0,402.0,392.0,396.0,368000.0,396.0,402.8,410.4,424.2,395.52,420.09,False,False,False,False,False,False,False,False,False,True,False,0.05303030303030303,0.06313131313131314,0.0378787878787878,0.0252525252525252,-0.0712121212121211,0.0012121212121212,0.025252525252525252,-0.12373737373737374,-0.0008427723840346,-0.14351851851851846,365.0,389.0,0.8440366972477065,-0.0007543611504007,-0.000377464891096,6.66553501429165e-05
2021-03-09,396.0,408.0,394.0,406.0,444800.0,406.0,401.0,408.8,424.28,395.4533333333333,420.195,False,False,False,False,False,False,True,False,False,False,False,0.05172413793103448,0.027093596059113302,0.0073891625615763,0.0073891625615763,-0.0450246305418718,0.0259770114942529,-0.007389162561576354,-0.12561576354679804,-0.000168582892208,-0.14114481409001953,369.0,385.0,1.208695652173913,0.0001885547280097,0.0009429158784105,0.0006741894918265
2021-03-10,409.0,415.0,405.0,413.0,360500.0,413.0,401.4,407.6,424.4,395.50666666666666,420.41,False,False,False,False,False,False,True,True,False,False,False,0.06053268765133172,-0.021791767554479417,-0.0048426150121065,-0.0629539951573849,-0.0276029055690072,0.0423567393058918,-0.021791767554479417,-0.15254237288135594,0.0001348481272966,-0.14131501472031407,372.0,374.0,0.810476618705036,0.0002827521206409,9.41973926311482e-05,0.0003034310195047
2021-03-11,411.0,413.0,405.0,411.0,481000.0,411.0,404.0,406.8,423.76,395.72,420.68,False,False,False,False,False,False,False,True,False,True,False,0.06082725060827251,0.004866180048661801,-0.0267639902676399,-0.0754257907542579,-0.0310462287104622,0.037177615571776,-0.009732360097323601,-0.1386861313868613,0.0005391017217562,-0.14036381514257626,373.0,380.0,1.334257975034674,-0.0015102888427411,-0.001793040963382,0.0004042535944595
2021-03-12,414.0,416.0,404.0,414.0,602100.0,414.0,408.0,407.7,422.32,396.04,420.63,False,False,False,False,False,False,False,True,False,True,True,0.04106280193236715,-0.007246376811594203,-0.0241545893719806,-0.108695652173913,-0.0200966183574879,0.0433816425120772,-0.021739130434782608,-0.1642512077294686,0.0008079991920007,-0.1439784155015943,371.0,385.0,1.2517671517671518,-0.0034097366925554,-0.0018994478498142,0.0002688974702445
2021-03-15,415.0,418.0,410.0,417.0,345500.0,417.0,412.2,407.5,421.6,396.4666666666666,420.605,False,False,False,False,False,False,False,True,False,False,False,0.009592326139088728,0.002398081534772182,-0.026378896882494,-0.1127098321342925,-0.011031175059952,0.049240607513989,-0.03117505995203837,-0.1486810551558753,0.0010761728602654,-0.1423312883435583,364.0,392.0,0.5738249460222554,-0.0017077798861479,0.0017019568064074,0.0002681736682646
2021-03-16,417.0,428.0,414.0,427.0,485800.0,427.0,416.4,408.7,420.8,397.1333333333333,420.645,False,False,False,False,True,False,False,True,False,True,True,-0.0234192037470726,-0.02107728337236534,-0.0562060889929742,-0.1358313817330211,0.0145199063231849,0.0699453551912568,-0.06557377049180328,-0.1873536299765808,0.0016786973308714,-0.14387080988500126,365.0,394.0,1.4060781476121562,-0.0019011406844106,-0.0001933607982627,0.000602524470606
2021-03-17,430.0,438.0,428.0,438.0,381400.0,438.0,421.4,411.4,420.36,397.8666666666667,420.73,False,False,False,False,False,False,False,True,False,False,False,-0.0776255707762557,-0.06164383561643835,-0.0776255707762557,-0.1438356164383561,0.0402739726027397,0.0916286149162861,-0.1187214611872146,-0.2054794520547945,0.001843163538874,-0.1499756927564414,357.0,397.0,0.7850967476327707,-0.0010467218574555,0.0008544188269551,0.0001644662080025
2021-03-18,440.0,440.0,430.0,436.0,296700.0,436.0,426.4,415.2,419.76,398.4266666666667,420.755,False,False,False,False,False,False,False,True,False,True,False,-0.052752293577981654,-0.052752293577981654,-0.0665137614678899,-0.146788990825688,0.0372477064220183,0.086177370030581,-0.11467889908256881,-0.20642201834862386,0.0014055284117529,-0.15823699421965315,356.0,401.0,0.7779234399580492,-0.0014293882218411,-0.0003826663643855,-0.0004376351271211
2021-03-19,431.0,431.0,424.0,431.0,322900.0,431.0,429.8,418.9,418.6,398.9066666666667,420.775,False,False,False,False,False,False,False,True,False,True,False,-0.04640371229698376,-0.04176334106728538,-0.0603248259860788,-0.1345707656612529,0.0287703016241298,0.0744624903325598,-0.10904872389791183,-0.2088167053364269,0.0012032889899057,-0.16710432084029603,359.0,397.0,1.088304684866869,-0.0027711419015766,-0.0013417536797355,-0.0002022394218471
2021-03-22,431.0,431.0,421.0,421.0,334500.0,421.0,430.6,421.4,417.28,399.2266666666667,420.71,False,False,False,False,False,False,False,True,False,True,False,-0.007125890736342043,-0.023752969121140142,-0.0403800475059382,-0.1045130641330166,0.0088361045130641,0.0517181314330957,-0.08788598574821853,-0.19477434679334918,0.0008015496626811,-0.1739439962031323,365.0,388.0,1.0359244348095389,-0.0031633435582823,-0.0003922016567057,-0.0004017393272246
2021-03-23,420.0,425.0,414.0,417.0,341600.0,417.0,428.6,422.5,417.04,399.50666666666666,420.605,False,False,False,False,False,True,False,True,False,False,False,0.002398081534772182,-0.019184652278177457,-0.0431654676258992,-0.0911270983213429,-9.592326139093636e-05,0.0419504396482813,-0.08872901678657075,-0.17266187050359713,0.0007008643994258,-0.17846153846153842,367.0,383.0,1.0212257100149478,-0.0005754843660079,0.0025878591922743,-0.0001006852632552
2021-03-24,412.0,414.0,401.0,404.0,495600.0,404.0,421.8,421.6,416.32,399.68,420.43,False,False,False,False,False,False,False,True,False,True,False,0.017326732673267328,0.017326732673267328,-0.0445544554455445,-0.0742574257425742,-0.0304950495049504,0.0106930693069306,-0.04702970297029703,-0.14108910891089108,0.0004336802775554,-0.1774193548387097,366.0,382.0,1.4508196721311477,-0.0017294388931591,-0.0011539545271512,-0.0002671841218704
2021-03-25,411.0,415.0,408.0,413.0,315600.0,413.0,417.2,421.8,415.8,399.9066666666667,420.335,False,False,False,False,False,False,False,True,False,False,False,0.0,-0.031476997578692496,-0.0653753026634382,-0.099273607748184,-0.0067796610169491,0.0317029862792574,-0.053268765133171914,-0.15738498789346247,0.0005667989197479,-0.1792318634423898,371.0,371.0,0.6368038740920097,-0.0012506012506012,0.0004788376425579,0.0001331186421925
2021-03-26,411.0,414.0,408.0,411.0,496500.0,411.0,413.2,421.5,415.2,400.14666666666665,420.265,False,False,False,False,False,False,False,True,False,True,False,0.004866180048661801,-0.0170316301703163,-0.0656934306569343,-0.1094890510948905,-0.0102189781021897,0.0264071370640714,-0.021897810218978103,-0.17274939172749393,0.0005997800806369,-0.18007117437722414,398.0,377.0,1.57319391634981,-0.0014450867052023,-0.0001944854546011,3.298116088898623e-05
2021-03-29,415.0,418.0,412.0,418.0,413500.0,418.0,412.6,421.6,415.24,400.53333333333336,420.255,False,False,False,False,True,False,True,True,False,False,False,-0.01674641148325359,-0.028708133971291867,-0.0813397129186602,-0.124401913875598,0.0066028708133971,0.0417862838915469,-0.028708133971291867,-0.19856459330143542,0.0009653794940081,-0.18500948766603414,404.0,369.0,0.8328298086606244,9.63298333494376e-05,0.0015414165385518,0.0003655994133711
2021-03-30,418.0,422.0,414.0,418.0,369100.0,418.0,412.8,420.7,415.08,400.97333333333336,420.235,False,False,False,False,False,False,False,True,False,True,False,-0.0215311004784689,-0.03588516746411483,-0.0909090909090909,-0.1220095693779904,0.0069856459330143,0.0407336523125996,-0.0215311004784689,-0.18421052631578946,0.0010973298307451,-0.18469217970049914,404.0,363.0,0.8926239419588875,-0.000385467861617,-0.0004817976949665,0.000131950336737
2021-03-31,418.0,419.0,409.0,411.0,362200.0,411.0,414.2,418.0,414.52,401.4666666666666,420.165,False,False,False,False,False,False,False,True,False,True,False,0.0,-0.0170316301703163,-0.0632603406326034,-0.1289537712895377,-0.0085644768856447,0.0231954582319547,-0.058394160583941604,-0.170316301703163,0.0012288276320156,-0.18110047846889948,410.0,369.0,0.9813058791655378,-0.0013509601466756,-0.0009654922850585,0.0001314978012704
2021-04-01,413.0,416.0,410.0,413.0,213500.0,413.0,414.2,415.7,414.28,401.9066666666667,420.095,False,False,False,False,False,False,False,True,False,False,False,-0.031476997578692496,-0.014527845036319613,-0.0532687651331719,-0.1404358353510895,-0.0030992736077481,0.0268603712671508,-0.07990314769975787,-0.17675544794188863,0.0010947815413199,-0.17801299013711813,427.0,366.0,0.5894533406957482,-0.0005793183354253,0.0007716418112503,-0.0001340460906956
2021-04-02,416.0,416.0,410.0,413.0,261500.0,413.0,414.6,413.9,414.6,402.28,420.02,False,False,False,False,False,False,True,True,False,False,False,-0.021791767554479417,-0.01937046004842615,-0.0266343825665859,-0.1380145278450363,-0.0038740920096852,0.0259564164648911,-0.10653753026634383,-0.19128329297820823,0.000928043485466,-0.17612949987919782,450.0,363.0,1.224824355971897,0.0007718282682104,0.0013511466036357,-0.0001667380558539
2021-04-05,413.0,414.0,407.0,411.0,307900.0,411.0,413.2,412.9,414.28,402.53333333333336,419.81,False,False,False,False,False,False,False,True,False,True,False,-0.012165450121654502,-0.0170316301703163,-0.0121654501216545,-0.1338199513381995,-0.0079805352798052,0.0206001622060015,-0.09975669099756691,-0.18248175182481752,0.0006293474660484,-0.17486074109953983,435.0,365.0,1.1774378585086045,-0.0007724244472338,-0.0015442527154443,-0.0002986960194175
2021-04-06,413.0,416.0,407.0,409.0,351000.0,409.0,411.4,412.1,414.04,402.73333333333335,419.57,False,False,False,False,False,False,False,True,False,False,False,-0.014669926650366748,-0.02444987775061125,0.0,-0.1295843520782396,-0.0123227383863081,0.015321923390383,-0.097799511002445,-0.1882640586797066,0.0004966065220989,-0.17641349187090521,447.0,369.0,1.1399805131536214,-0.0005796541396965,0.0001927703075373,-0.0001327409439495
2021-04-07,409.0,412.0,405.0,411.0,206000.0,411.0,411.4,412.8,414.04,402.92,419.455,False,False,False,False,False,False,False,True,False,False,False,-0.0170316301703163,-0.06082725060827251,-0.0583941605839416,-0.1289537712895377,-0.0073965936739659,0.0196593673965936,-0.08759124087591241,-0.1873479318734793,0.000463284688441,-0.18095930232558136,449.0,372.0,0.5868945868945868,0.0,0.0005796541396965,-3.332183365791305e-05
2021-04-08,408.0,409.0,399.0,400.0,452800.0,400.0,408.8,411.5,414.12,402.9066666666667,419.375,False,False,False,False,False,False,True,False,False,False,False,0.0175,-0.035,-0.05,-0.0925,-0.0353,-0.0072666666666667,-0.07,-0.1675,-3.3092858561092407e-05,-0.1820170109356014,451.0,373.0,2.198058252427185,0.000193180720564,0.000193180720564,-0.0004963775470021
2021-04-09,400.0,408.0,399.0,404.0,282500.0,404.0,407.0,410.8,414.52,403.0,419.375,False,False,False,False,False,False,True,True,False,False,False,0.0024752475247524753,-0.04950495049504951,-0.0866336633663366,-0.1014851485148514,-0.0260396039603959,0.0024752475247524,-0.07673267326732673,-0.20297029702970298,0.0002315963606285,-0.18500486854917234,460.0,371.0,0.6238957597173145,0.0009649715333397,0.0007717908127756,0.0002646892191896
2021-04-12,405.0,408.0,402.0,406.0,153800.0,406.0,406.0,409.6,414.92,403.24,419.4,False,False,False,False,False,False,True,True,False,True,False,-0.0049261083743842365,-0.054187192118226604,-0.0886699507389162,-0.1182266009852216,-0.0219704433497537,0.0067980295566502,-0.07142857142857142,-0.2019704433497537,0.0005951790496974,-0.18530273437500008,454.0,364.0,0.544424778761062,0.000964041260966,-9.302723736601994e-07,0.0003635826890689
2021-04-13,402.0,408.0,402.0,403.0,223100.0,403.0,404.8,408.1,414.8,403.50666666666666,419.325,False,False,False,False,False,False,False,True,False,True,False,-0.009925558312655087,-0.05707196029776675,-0.0843672456575682,-0.1091811414392059,-0.0292803970223325,-0.0012572373862696,-0.05955334987593052,-0.19106699751861042,0.0006608730132504,-0.18598382749326153,423.0,365.0,1.4505851755526658,-0.0002892960462873,-0.0012533373072534,6.569396355299317e-05
2021-04-14,404.0,407.0,402.0,404.0,208400.0,404.0,403.4,407.4,414.44,403.8,419.185,False,False,False,False,False,False,False,True,False,True,False,-0.04455445544554455,-0.04702970297029703,-0.0717821782178217,-0.1064356435643564,-0.0258415841584158,0.0004950495049504,-0.07425742574257425,,0.0007264322271752,,422.0,357.0,0.9341102644554012,-0.0008686420229707,-0.0005793459766834,6.555921392474605e-05
2021-04-15,402.0,407.0,401.0,407.0,224800.0,407.0,404.8,406.8,414.28,404.28,419.03,False,False,False,False,False,False,False,True,False,False,False,-0.051597051597051594,-0.03931203931203931,-0.085995085995086,-0.1228501228501228,-0.0178869778869778,0.0066830466830467,-0.085995085995086,,0.0011872959335113,,426.0,356.0,1.0786948176583493,-0.0003862122236169,0.0004824297993538,0.0004608637063361
2021-04-16,404.0,407.0,397.0,405.0,347800.0,405.0,405.0,406.0,413.92,404.6533333333333,418.895,False,False,False,False,False,False,False,True,False,True,False,-0.05185185185185185,-0.007407407407407408,-0.0790123456790123,-0.128395061728395,-0.0220246913580247,0.0008559670781893,-0.0962962962962963,,0.0009226004151701,,426.0,359.0,1.547153024911032,-0.0008697332817934,-0.0004835210581765,-0.0002646955183411
2021-04-19,406.0,411.0,402.0,404.0,240700.0,404.0,404.6,405.3,413.4,405.12,418.625,False,False,False,False,False,False,False,True,False,True,False,-0.04950495049504951,0.0049504950495049506,-0.0668316831683168,-0.1336633663366336,-0.0232673267326732,-0.0027722772277227,-0.09405940594059406,,0.0011519220642444,,417.0,365.0,0.6920644048303622,-0.0012578616352202,-0.0003881283534267,0.0002293216490742
2021-04-20,400.0,403.0,397.0,399.0,450000.0,399.0,403.8,404.3,412.28,405.6,418.415,False,False,False,False,False,False,False,True,False,True,False,-0.047619047619047616,0.02506265664160401,-0.050125313283208,-0.1403508771929824,-0.03328320802005,-0.0165413533834587,-0.08020050125313283,,0.0011834319526627,,422.0,367.0,1.8695471541337765,-0.0027166003686814,-0.0014587387334612,3.150988841835265e-05
2021-04-21,395.0,395.0,382.0,386.0,563500.0,386.0,400.2,401.8,410.2,405.82666666666665,418.13,False,False,False,False,False,False,False,True,False,True,False,-0.0025906735751295338,0.0025906735751295338,-0.0310880829015544,-0.0932642487046632,-0.0626943005181346,-0.0513644214162348,-0.07253886010362694,,0.0005585307356177,,425.0,366.0,1.252222222222222,-0.0050706972208678,-0.0023540968521863,-0.000624901217045
2021-04-22,387.0,390.0,383.0,386.0,346600.0,386.0,396.0,400.4,408.2,406.0933333333333,417.835,False,False,False,False,False,False,False,True,False,False,False,0.012953367875647668,-0.015544041450777202,-0.0362694300518134,-0.0984455958549222,-0.0575129533678756,-0.052055267702936,-0.08031088082901554,,0.000656663492793,,419.0,371.0,0.6150842945874002,-0.0048995590396864,0.0001711381811814,9.813275717533514e-05
2021-04-23,384.0,389.0,379.0,384.0,379000.0,384.0,391.8,398.4,406.32,406.3733333333333,417.575,False,False,True,False,False,False,False,True,False,False,False,0.046875,-0.0390625,-0.046875,-0.0963541666666666,-0.0581249999999999,-0.0582638888888887,-0.07291666666666667,,0.000689021589343,,405.0,398.0,1.093479515291402,-0.0046268950580822,0.0002726639816041,3.235809654998482e-05
2021-04-26,381.0,385.0,380.0,384.0,248400.0,384.0,387.8,396.2,404.84,406.62666666666667,417.41,False,False,False,False,False,False,False,True,False,False,False,0.057291666666666664,-0.036458333333333336,-0.046875,-0.0963541666666666,-0.0542708333333332,-0.0589236111111111,-0.07291666666666667,,0.0006230120995509,,419.0,404.0,0.6554089709762533,-0.0036557652405889,0.0009711298174933,-6.60094897921579e-05
2021-04-27,381.0,385.0,380.0,380.0,260300.0,380.0,384.0,393.9,403.36,406.7733333333333,417.195,False,False,False,False,False,False,False,True,False,True,False,0.07631578947368421,-0.02894736842105263,-0.0342105263157894,-0.0657894736842105,-0.0614736842105263,-0.0704561403508771,-0.06315789473684211,,0.0003605611642847,,415.0,404.0,1.0479066022544283,-0.0036691788972628,-1.341365667397506e-05,-0.0002624509352661
2021-04-28,382.0,387.0,380.0,385.0,1146500.0,385.0,383.8,392.0,402.6,406.94666666666666,417.03,False,False,False,False,False,False,False,True,False,False,False,0.005194805194805195,-0.025974025974025976,-0.0701298701298701,-0.0909090909090909,-0.0457142857142857,-0.0570043290043289,-0.07012987012987013,,0.0004259362406212,,411.0,410.0,4.404533230887438,-0.0018877297565821,0.0017814491406807,6.537507633651394e-05
2021-04-30,388.0,398.0,388.0,391.0,495800.0,391.0,384.8,390.4,401.72,407.18666666666667,416.93,False,False,False,False,False,False,False,True,False,True,False,-0.028132992327365727,-0.04859335038363171,-0.0920716112531969,-0.0946291560102301,-0.0274168797953964,-0.0413981244671781,-0.07161125319693094,,0.0005894102622875,,398.0,427.0,0.4324465765372874,-0.0021905805038335,-0.0003028507472513,0.0001634740216663
2021-05-06,397.0,408.0,397.0,402.0,632100.0,402.0,388.4,390.1,401.36,407.6,416.86,False,False,False,False,True,False,False,True,False,False,False,-0.08208955223880597,-0.07213930348258707,-0.1144278606965174,-0.1393034825870646,0.0015920398009949,-0.0139303482587065,-0.09701492537313433,,0.0010140660778541,,394.0,450.0,1.2749092375958049,-0.0008969503687462,0.0012936301350872,0.0004246558155665
2021-05-07,404.0,409.0,403.0,406.0,374600.0,406.0,392.8,390.3,400.88,408.16,416.755,False,False,False,False,False,False,False,True,False,True,False,-0.08866995073891626,-0.07142857142857142,-0.1231527093596059,-0.125615763546798,0.0126108374384236,-0.005320197044335,-0.11822660098522167,,0.0013720109760878,,396.0,435.0,0.5926277487739282,-0.0011973657952504,-0.0003004154265041,0.0003579448982336
2021-05-10,403.0,410.0,396.0,409.0,468800.0,409.0,398.6,391.3,400.52,408.7466666666666,416.655,False,False,False,False,False,False,False,True,False,False,True,-0.097799511002445,-0.07334963325183375,-0.1295843520782396,-0.1515892420537897,0.0207334963325183,0.0006193969030156,-0.12224938875305623,,0.0014352818371605,,406.0,447.0,1.2514682327816338,-0.0008988315190253,0.0002985342762251,6.327086107274461e-05
2021-05-11,403.0,405.0,386.0,387.0,432200.0,387.0,399.0,391.4,399.56,409.14666666666665,416.495,False,False,False,False,False,True,False,True,False,True,False,-0.031007751937984496,-0.03359173126614987,-0.0749354005167958,-0.1007751937984496,-0.0324547803617571,-0.0572265288544357,-0.06718346253229975,,0.0009776445284495,,413.0,449.0,0.9219283276450512,-0.0024026429071978,-0.0015038113881725,-0.000457637308711
2021-05-12,390.0,393.0,375.0,380.0,361500.0,380.0,396.8,390.8,398.24,409.4666666666666,416.305,False,False,False,False,False,False,False,True,False,True,False,-0.021052631578947368,-0.021052631578947368,-0.0447368421052631,-0.0894736842105263,-0.048,-0.0775438596491225,-0.060526315789473685,,0.000781504395962,,411.0,451.0,0.8364183248496067,-0.0033145841703495,-0.0009119412631516,-0.0001961401324874
2021-05-13,376.0,377.0,367.0,369.0,436600.0,369.0,390.2,389.3,396.48,409.6,416.085,False,False,False,False,False,False,False,True,False,True,False,0.01084010840108401,-0.008130081300813009,-0.016260162601626,-0.075880758807588,-0.0744715447154472,-0.1100271002710027,-0.04336043360433604,,0.0003255208333335,,414.0,460.0,1.2077455048409405,-0.0044390637610976,-0.0011244795907481,-0.0004559835626284
2021-05-14,360.0,376.0,355.0,370.0,494300.0,370.0,383.0,387.9,394.84,409.6666666666667,415.8,False,False,False,False,False,False,False,True,False,False,False,0.01891891891891892,-0.010810810810810811,-0.0324324324324324,-0.0837837837837837,-0.067135135135135,-0.1072072072072072,-0.05405405405405406,,0.0001627339300244,,417.0,454.0,1.1321575813101237,-0.0041535811974471,0.0002854825636504,-0.0001627869033091
2021-05-17,371.0,375.0,368.0,369.0,279100.0,369.0,375.0,386.8,393.24,409.6933333333333,415.47,False,False,False,False,False,False,False,True,False,False,False,0.02710027100271003,-0.005420054200542005,-0.02710027100271,-0.065040650406504,-0.0656910569105691,-0.1102800361336946,-0.07046070460704607,,6.508933511238263e-05,,427.0,423.0,0.5646368602063524,-0.0040687620791373,8.481911830984096e-05,-9.76445949120182e-05
2021-05-18,369.0,375.0,367.0,375.0,269000.0,375.0,372.6,385.8,391.8,409.8133333333333,415.145,False,False,False,False,False,False,False,True,False,False,False,-0.0026666666666666666,-0.04533333333333334,-0.0373333333333333,-0.0746666666666666,-0.0448,-0.0928355555555554,-0.06666666666666667,,0.0002928162415407,,438.0,422.0,0.9638122536725188,-0.0036753445635528,0.0003934175155845,0.0002277269064283
2021-05-19,372.0,373.0,368.0,372.0,251300.0,372.0,371.0,383.9,390.68,409.82666666666665,414.91,False,False,False,False,False,False,False,True,False,False,False,0.0,-0.0456989247311828,-0.0403225806451612,,-0.0502150537634408,-0.10168458781362,-0.06451612903225806,,3.2534079448331124e-05,,436.0,426.0,0.9342007434944238,-0.0028667963550732,0.0008085482084796,-0.0002602821620924
2021-05-20,368.0,375.0,368.0,373.0,219100.0,373.0,371.8,381.0,389.44,409.4933333333333,414.69,False,False,False,False,False,False,False,False,False,True,False,-0.01876675603217158,-0.045576407506702415,-0.0536193029490616,,-0.0440750670241286,-0.0978373547810543,-0.06970509383378017,,-0.0008140140661631,,431.0,426.0,0.871866295264624,-0.0031840591618734,-0.0003172628068002,-0.0008465481456114
2021-05-21,372.0,379.0,371.0,377.0,290600.0,377.0,373.2,378.1,388.28,409.1333333333333,414.465,False,False,False,False,False,False,False,False,False,False,False,-0.029177718832891247,-0.05570291777188329,-0.0716180371352785,,-0.0299204244031829,-0.085234305923961,-0.07957559681697612,,-0.0008799087502035,,421.0,417.0,1.326335006846189,-0.0029875347687236,0.0001965243931498,-6.589468404042103e-05
2021-05-24,377.0,381.0,375.0,379.0,196700.0,379.0,375.2,375.1,387.32,408.8,414.185,False,False,False,False,False,False,False,False,False,False,False,-0.0316622691292876,-0.06068601583113457,-0.0949868073878627,,-0.021952506596306,-0.0786279683377309,-0.0633245382585752,,-0.000815394651011,,417.0,422.0,0.6768754301445286,-0.0024785706909015,0.0005089640778221,6.451409919253396e-05
2021-05-25,377.0,379.0,371.0,374.0,336400.0,374.0,375.0,373.8,386.12,408.32,413.865,False,False,False,False,False,False,False,False,False,True,False,-0.0427807486631016,-0.0427807486631016,-0.0641711229946524,,-0.0324064171122994,-0.0917647058823529,-0.06417112299465241,,-0.0011755485893417,,404.0,425.0,1.71021860701576,-0.0031078421216201,-0.0006292714307186,-0.0003601539383306
2021-05-26,371.0,375.0,369.0,372.0,237500.0,372.0,375.0,373.0,384.72,407.5866666666666,413.595,False,False,False,False,False,False,False,False,False,True,False,-0.0456989247311828,-0.024193548387096774,-0.064516129032258,,-0.0341935483870968,-0.0956630824372757,-0.04838709677419355,,-0.0017992083483269,,413.0,419.0,0.7060047562425684,-0.0036390101892284,-0.0005311680676082,-0.0006236597589851
2021-05-27,370.0,371.0,363.0,366.0,447900.0,366.0,373.6,372.7,383.16,406.4666666666666,413.29,False,False,False,False,False,False,False,False,False,True,False,-0.0273224043715847,-0.00819672131147541,-0.0519125683060109,,-0.0468852459016394,-0.1105646630236791,-0.0546448087431694,,-0.0027554535017221,,411.0,405.0,1.8858947368421053,-0.0040714062010648,-0.0004323960118363,-0.0009562451533952
2021-05-28,367.0,368.0,363.0,366.0,440100.0,366.0,371.4,372.3,381.64,405.5466666666667,413.035,False,False,False,False,False,False,False,False,False,False,False,-0.0273224043715847,-0.02185792349726776,-0.0519125683060109,,-0.0427322404371584,-0.1080510018214936,-0.030054644808743168,,-0.0022685428721723,,418.0,419.0,0.9825853985264568,-0.0039828110260979,8.859517496683997e-05,0.0004869106295498
2021-05-31,366.0,370.0,360.0,367.0,450100.0,367.0,369.0,372.1,380.36,404.48,412.775,False,False,False,False,False,False,False,False,False,False,False,-0.02997275204359673,-0.021798365122615803,-0.0326975476839237,,-0.0364032697547684,-0.102125340599455,-0.05449591280653951,,-0.0026371308016877,,418.0,415.0,1.0227221086116791,-0.0033652329372173,0.0006175780888806,-0.0003685879295154
2021-06-01,364.0,365.0,357.0,358.0,447400.0,358.0,365.8,370.4,379.24,403.26666666666665,412.545,False,False,False,False,False,False,False,False,False,False,False,0.0,0.008379888268156424,-0.0223463687150838,,-0.0593296089385475,-0.1264432029795157,-0.027932960893854747,,-0.0030087617788064,,411.0,411.0,0.9940013330371028,-0.0029532749709946,0.0004119579662226,-0.0003716309771187
2021-06-02,355.0,357.0,347.0,355.0,514100.0,355.0,362.4,368.7,378.0,401.9866666666667,412.25,False,False,False,False,False,False,False,False,False,True,False,0.022535211267605635,0.005633802816901409,-0.0028169014084507,,-0.0647887323943662,-0.1323568075117371,-0.02535211267605634,,-0.0031841852134398,,413.0,398.0,1.14908359409924,-0.0032804232804233,-0.0003271483094286,-0.0001754234346333
2021-06-03,353.0,358.0,351.0,356.0,308900.0,356.0,360.4,367.0,376.88,400.6,411.875,False,False,False,False,False,False,False,False,False,False,False,0.019662921348314606,-0.008426966292134831,-0.0280898876404494,,-0.0586516853932584,-0.1252808988764045,-0.042134831460674156,,-0.0034614744549841,,413.0,394.0,0.6008558646177786,-0.0029717682020802,0.000308655078343,-0.0002772892415443
2021-06-04,352.0,356.0,350.0,356.0,346500.0,356.0,358.4,364.9,375.76,399.29333333333335,411.525,False,False,False,False,False,False,False,False,False,True,False,0.0056179775280898875,-0.016853932584269662,-0.0028089887640449,,-0.055505617977528,-0.1216104868913858,-0.047752808988764044,,-0.0032724479914515,,411.0,396.0,1.1217222402071867,-0.0029806259314456,-8.857729365365982e-06,0.0001890264635325
2021-06-07,355.0,356.0,351.0,356.0,286100.0,356.0,356.2,362.6,374.8,398.4,411.17,False,False,False,False,False,False,False,False,False,False,False,0.008426966292134831,-0.03651685393258427,-0.0252808988764044,,-0.0528089887640449,-0.1191011235955055,-0.03089887640449438,,-0.0022423025435074,,409.0,406.0,0.8256854256854257,-0.0025613660618996,0.0004192598695459,0.0010301454479441
2021-06-08,355.0,360.0,354.0,358.0,332300.0,358.0,356.2,361.0,373.72,397.5466666666667,410.835,False,False,False,False,False,False,False,False,False,True,False,0.008379888268156424,-0.0223463687150838,-0.0279329608938547,,-0.0439106145251397,-0.1104655493482309,-0.030726256983240222,,-0.0021464985242821,,411.0,413.0,1.1614819993009438,-0.0028898640693566,-0.000328498007457,9.580401922529248e-05
2021-06-09,358.0,365.0,358.0,363.0,249400.0,363.0,357.8,360.1,372.6,396.70666666666665,410.465,False,False,False,False,False,False,False,False,False,True,False,-0.01652892561983471,-0.04132231404958678,-0.046831955922865,,-0.0264462809917356,-0.0928558310376491,-0.04132231404958678,,-0.002117433536114,,400.0,411.0,0.7505266325609389,-0.0030059044551798,-0.0001160403858231,2.906498816808564e-05
2021-06-10,363.0,364.0,356.0,363.0,463900.0,363.0,359.2,359.8,371.04,395.8666666666667,409.995,False,False,False,False,False,False,False,False,False,True,False,-0.027548209366391185,-0.0440771349862259,-0.0606060606060606,,-0.0221487603305785,-0.0905417814508723,-0.06336088154269973,,-0.0021219265746041,,404.0,414.0,1.8600641539695268,-0.0042043984476067,-0.0011984939924269,-4.493038490095171e-06
2021-06-11,366.0,367.0,356.0,358.0,652200.0,358.0,359.6,359.0,369.12,395.08,409.24,False,False,False,False,False,False,False,False,False,True,False,-0.0223463687150838,-0.030726256983240222,-0.053072625698324,,-0.0310614525139664,-0.1035754189944133,-0.06424581005586592,,-0.0019911579089467,,406.0,417.0,1.4059064453546022,-0.0052015604681404,-0.0009971620205337,0.0001307686656574
2021-06-14,362.0,365.0,359.0,359.0,351700.0,359.0,360.2,358.2,367.12,394.24,408.475,False,False,False,False,False,False,False,False,False,True,False,-0.04456824512534819,-0.011142061281337047,-0.0389972144846796,,-0.0226183844011142,-0.0981615598885794,-0.05013927576601671,,-0.0021306818181817,,403.0,427.0,0.5392517632628028,-0.0054478099803878,-0.0002462495122473,-0.0001395239092349
2021-06-15,359.0,361.0,355.0,361.0,421800.0,361.0,360.8,358.5,366.08,393.38666666666666,407.875,False,False,False,False,False,False,False,False,False,False,False,-0.030470914127423823,-0.030470914127423823,-0.038781163434903,,-0.0140720221606647,-0.089713758079409,-0.055401662049861494,,-0.0021691973969631,,404.0,438.0,1.1993176002274666,-0.0028409090909091,0.0026069008894787,-3.851557878141888e-05
2021-06-16,359.0,362.0,357.0,357.0,317100.0,357.0,359.6,358.7,365.16,392.56,407.27,False,False,False,False,False,False,False,False,False,False,False,-0.025210084033613446,-0.008403361344537815,,,-0.0228571428571429,-0.0996078431372549,-0.047619047619047616,,-0.0021058352014129,,407.0,436.0,0.751778093883357,-0.0025194435316024,0.0003214655593066,6.336219555025911e-05
2021-06-17,357.0,359.0,353.0,353.0,435300.0,353.0,357.6,358.4,364.52,391.8666666666667,406.62,False,False,False,False,False,False,False,False,False,False,False,-0.0169971671388102,-0.019830028328611898,,,-0.0326345609065155,-0.1101038715769594,-0.053824362606232294,,-0.0017693092888737,,405.0,431.0,1.3727530747398298,-0.0017557335674312,0.0007637099641712,0.0003365259125391
2021-06-18,357.0,358.0,350.0,350.0,410700.0,350.0,356.0,357.8,363.72,390.94666666666666,406.035,False,False,False,False,False,False,False,False,False,True,False,-0.008571428571428572,0.014285714285714285,,,-0.0392,-0.1169904761904761,-0.04,,-0.0023532621670475,,404.0,421.0,0.943487250172295,-0.0021994941163531,-0.0004437605489218,-0.0005839528781737
2021-06-21,347.0,347.0,339.0,343.0,626400.0,343.0,352.8,356.5,362.68,389.9866666666667,405.375,False,False,False,False,False,False,False,False,False,True,False,0.03498542274052478,0.011661807580174927,,,-0.0573760932944606,-0.1369873663751215,-0.03206997084548105,,-0.0024616226195766,,399.0,417.0,1.5252008765522278,-0.0028675416344987,-0.0006680475181456,-0.0001083604525291
2021-06-22,345.0,350.0,342.0,350.0,312800.0,350.0,350.6,355.7,361.68,389.17333333333335,404.74,False,False,False,False,False,False,False,False,False,False,False,0.0,-0.005714285714285714,,,-0.0333714285714285,-0.1119238095238095,-0.045714285714285714,,-0.0020898999588872,,386.0,404.0,0.4993614303959131,-0.0027648750276487,0.00010266660685,0.0003717226606894
2021-06-23,347.0,350.0,346.0,348.0,271200.0,348.0,348.8,354.2,360.72,388.50666666666666,404.04,False,False,False,False,False,False,False,False,False,False,False,0.017241379310344827,-0.005747126436781609,,,-0.0365517241379311,-0.1163984674329501,-0.04310344827586207,,-0.0017159722698881,,386.0,413.0,0.8670076726342711,-0.0026613439787091,0.0001035310489395,0.000373927688999
2021-06-24,347.0,349.0,345.0,347.0,266300.0,347.0,347.6,352.6,359.68,387.88,403.355,False,False,False,False,False,False,False,False,False,True,False,-0.002881844380403458,-0.01729106628242075,,,-0.0365417867435158,-0.1178097982708933,-0.07204610951008646,,-0.0016156199511876,,384.0,411.0,0.9819321533923304,-0.0028914590747331,-0.0002301150960239,0.0001003523187005
2021-06-25,350.0,353.0,346.0,347.0,301100.0,347.0,347.0,351.5,358.48,387.2266666666667,402.745,False,False,False,False,False,False,False,False,False,True,False,0.023054755043227664,-0.023054755043227664,,,-0.0330835734870317,-0.1159269932756965,-0.06628242074927954,,-0.0016872116245436,,384.0,418.0,1.1306796845662783,-0.0033474670832403,-0.0004560080085071,-7.159167335604906e-05
2021-06-28,347.0,356.0,346.0,355.0,291300.0,355.0,349.4,351.1,357.52,386.5466666666667,402.25,False,False,False,False,False,False,False,False,False,False,False,-0.022535211267605635,-0.028169014084507043,,,-0.0070985915492957,-0.0888638497652582,-0.08169014084507042,,-0.0017591666379221,,380.0,418.0,0.9674526735303886,-0.0026851644663236,0.0006623026169166,-7.195501337843363e-05
2021-06-29,352.0,352.0,346.0,350.0,380300.0,350.0,349.4,350.0,356.56,385.70666666666665,401.68,False,False,False,False,False,False,False,False,False,True,False,-0.005714285714285714,-0.008571428571428572,,,-0.0187428571428571,-0.1020190476190475,,,-0.0021778207964602,,385.0,411.0,1.3055269481634055,-0.0026923939869867,-7.229520663040983e-06,-0.0004186541585381
2021-06-30,350.0,354.0,348.0,354.0,382800.0,354.0,350.6,349.7,355.84,384.94666666666666,401.165,False,False,False,False,False,False,False,False,False,False,False,-0.022598870056497175,-0.01694915254237288,,,-0.0051977401129942,-0.0874199623352165,,,-0.0019742994700564,,391.0,413.0,1.0065737575598213,-0.0020233812949641,0.0006690126920225,0.0002035213264038
2021-07-01,354.0,354.0,345.0,346.0,527600.0,346.0,350.4,349.0,355.04,384.04,400.615,False,False,False,False,False,False,False,False,False,True,False,-0.014450867052023121,-0.017341040462427744,,,-0.0261271676300578,-0.1099421965317919,,,-0.0023608651876539,,402.0,413.0,1.3782654127481713,-0.0022532672374942,-0.0002298859425301,-0.0003865657175975
2021-07-02,346.0,358.0,345.0,355.0,403500.0,355.0,352.0,349.5,354.6,383.2133333333333,400.11,False,False,False,False,True,False,False,False,False,False,False,-0.04507042253521127,-0.056338028169014086,,,0.0011267605633802,-0.0794741784037558,,,-0.0021571970355938,,406.0,411.0,0.764783927217589,-0.0012408347433728,0.0010124324941214,0.0002036681520601
2021-07-05,353.0,353.0,346.0,347.0,270200.0,347.0,350.4,349.9,353.8,382.14666666666665,399.585,False,False,False,False,False,False,False,False,False,True,False,-0.005763688760806916,-0.01729106628242075,,,-0.0195965417867435,-0.1012872238232468,,,-0.0027912494330274,,409.0,409.0,0.6696406443618339,-0.0022611644997173,-0.0010203297563445,-0.0006340523974335
2021-07-06,349.0,349.0,346.0,348.0,151800.0,348.0,350.0,349.7,353.4,380.94666666666666,399.025,False,False,False,False,False,False,False,False,False,False,False,-0.0028735632183908046,-0.020114942528735632,,,-0.0155172413793102,-0.0946743295019156,,,-0.0031500472507087,,387.0,411.0,0.5618060695780903,-0.0011318619128467,0.0011293025868706,-0.0003587978176812
2021-07-07,344.0,350.0,343.0,346.0,306600.0,346.0,348.4,349.5,353.04,379.7466666666666,398.455,False,False,False,False,False,False,False,False,False,False,False,0.005780346820809248,-0.017341040462427744,,,-0.0203468208092486,-0.0975337186897879,,,-0.0031600014044451,,380.0,400.0,2.0197628458498023,-0.0010197144799454,0.0001121474329012,-9.954153736457978e-06
2021-07-08,344.0,346.0,341.0,341.0,463400.0,341.0,347.4,348.9,352.44,378.5466666666667,397.875,False,False,False,False,False,False,False,False,False,True,False,-0.002932551319648094,-0.020527859237536656,,,-0.0335483870967741,-0.1101075268817204,,,-0.0031700186678875,,369.0,404.0,1.5114155251141552,-0.0017024174327545,-0.000682702952809,-1.0017263442341912e-05
2021-07-09,339.0,340.0,332.0,339.0,736800.0,339.0,344.2,348.1,351.76,377.4533333333333,397.215,False,False,False,False,False,False,False,False,False,True,False,-0.011799410029498525,-0.008849557522123894,,,-0.0376401179941002,-0.1134316617502457,,,-0.002896605319863,,370.0,406.0,1.5899870522227018,-0.0019331362292472,-0.0002307187964926,0.0002734133480245
2021-07-12,344.0,346.0,343.0,345.0,266700.0,345.0,343.8,347.1,351.32,376.4933333333333,396.57,False,False,False,False,False,False,False,False,False,False,False,-0.011594202898550725,-0.03768115942028986,,,-0.0183188405797101,-0.0912850241545892,,,-0.0025498459468074,,369.0,403.0,0.3619706840390879,-0.0012524194466583,0.0006807167825889,0.0003467593730555
2021-07-13,343.0,347.0,342.0,347.0,246000.0,347.0,343.6,346.8,350.88,375.73333333333335,395.925,False,False,False,False,False,False,False,False,False,True,False,-0.01729106628242075,-0.037463976945244955,,,-0.0111815561959654,-0.082804995196926,,,-0.0020227111426541,,375.0,404.0,0.922384701912261,-0.0012539899680802,-1.570521421938179e-06,0.0005271348041532
2021-07-16,343.0,350.0,342.0,348.0,335700.0,348.0,344.0,346.2,350.28,374.8666666666667,395.305,False,False,False,False,False,False,False,False,False,True,False,-0.022988505747126436,-0.04310344827586207,,,-0.0065517241379309,-0.0772030651340996,,,-0.0023119331317802,,372.0,407.0,1.3646341463414635,-0.0017129153819801,-0.0004589254138999,-0.000289221989126
2021-07-19,344.0,344.0,339.0,340.0,247500.0,340.0,343.8,345.6,349.36,373.92,394.51,False,False,False,False,False,False,False,False,False,True,False,-0.01764705882352941,-0.052941176470588235,,,-0.0275294117647059,-0.0997647058823529,,,-0.0025317358436742,,373.0,405.0,0.7372654155495979,-0.002633386764369,-0.0009204713823888,-0.0002198027118939
2021-07-20,337.0,341.0,335.0,335.0,374600.0,335.0,343.0,343.6,348.44,372.8133333333333,393.635,False,False,False,False,False,False,False,False,False,True,False,0.0029850746268656717,-0.03283582089552239,,,-0.0401194029850746,-0.112875621890547,,,-0.0029684202997033,,377.0,404.0,1.5135353535353535,-0.0026403398002526,-6.953035883585246e-06,-0.0004366844560291
2021-07-21,339.0,347.0,338.0,341.0,398700.0,341.0,342.2,343.0,347.72,371.7866666666667,392.815,False,False,False,False,False,False,False,False,False,False,False,-0.026392961876832845,-0.04398826979472141,,,-0.0197067448680352,-0.0902834799608993,,,-0.0027614402524743,,379.0,399.0,1.0643352909770425,-0.0020706315426204,0.0005697082576321,0.000206980047229
2021-07-26,346.0,347.0,339.0,341.0,198400.0,341.0,341.0,342.3,346.92,370.85333333333335,392.155,False,False,False,False,False,False,False,False,False,True,False,-0.020527859237536656,,,,-0.0173607038123167,-0.0875464320625611,,,-0.0025167181994679,,374.0,386.0,0.4976172560822673,-0.0023060071486221,-0.0002353756060017,0.0002447220530064
2021-07-27,341.0,342.0,339.0,340.0,165400.0,340.0,339.4,341.7,346.24,369.88,391.665,False,False,False,False,False,False,False,False,False,False,False,-0.020588235294117647,,,,-0.0183529411764706,-0.0878823529411764,,,-0.0026314840849285,,372.0,386.0,0.8336693548387096,-0.0019639556377079,0.0003420515109142,-0.0001147658854606
2021-07-28,338.0,339.0,332.0,334.0,319200.0,334.0,338.2,341.0,345.48,368.82666666666665,391.075,False,False,False,False,False,False,False,False,False,True,False,-0.03592814371257485,,,,-0.03437125748503,-0.1042714570858283,,,-0.0028559034053937,,366.0,384.0,1.929866989117292,-0.0021998379066805,-0.0002358822689725,-0.0002244193204651
2021-07-29,333.0,336.0,332.0,336.0,168500.0,336.0,338.4,340.7,344.92,367.82666666666665,390.45,False,False,False,False,False,False,False,False,False,False,False,-0.03571428571428571,,,,-0.026547619047619,-0.0947222222222221,,,-0.0027186718381846,,366.0,384.0,0.5278822055137845,-0.0016235648846109,0.0005762730220696,0.000137231567209
2021-07-30,333.0,335.0,331.0,332.0,328200.0,332.0,336.6,339.4,344.48,366.8,389.865,False,False,False,False,False,False,False,False,False,False,False,-0.018072289156626505,,,,-0.0375903614457831,-0.1048192771084337,,,-0.002798982188295,,367.0,380.0,1.9477744807121664,-0.0012772875058058,0.000346277378805,-8.031035011044725e-05
2021-08-02,337.0,338.0,331.0,334.0,256700.0,334.0,335.2,338.1,343.84,365.7733333333333,389.32,False,False,False,False,False,False,False,False,False,True,False,,,,,-0.0294610778443113,-0.095129740518962,,,-0.0028068384792039,,358.0,385.0,0.7821450335161487,-0.0018613308515589,-0.0005840433457531,-7.85629090886827e-06
2021-08-03,331.0,338.0,331.0,333.0,203700.0,333.0,333.8,336.6,343.24,364.88,388.815,False,False,False,False,False,False,False,False,False,False,False,,,,,-0.0307507507507507,-0.0957357357357357,,,-0.0024482935028867,,355.0,391.0,0.7935333073626801,-0.0017480480130519,0.0001132828385069,0.0003585449763172
2021-08-04,334.0,334.0,322.0,322.0,508500.0,322.0,331.4,334.8,342.24,363.7866666666667,388.255,False,False,False,False,False,False,False,False,True,True,True,,,,,-0.0628571428571428,-0.1297722567287785,,,-0.0030054244245711,,356.0,402.0,2.496318114874816,-0.0029219261337073,-0.0011738781206553,-0.0005571309216843
2021-08-05,321.0,327.0,321.0,324.0,213300.0,324.0,329.0,333.7,341.32,362.6933333333333,387.72,False,False,False,False,False,False,False,False,True,True,True,,,,,-0.0534567901234567,-0.1194238683127571,,,-0.0030144842291008,,356.0,406.0,0.4194690265486726,-0.0026954177897574,0.0002265083439498,-9.059804529780968e-06
2021-08-06,326.0,332.0,325.0,326.0,309000.0,326.0,327.8,332.2,340.16,361.6666666666667,387.195,False,False,False,False,False,False,False,False,True,True,True,,,,,-0.0434355828220859,-0.1094069529652352,,,-0.0028387096774192,,356.0,409.0,1.4486638537271448,-0.0034101599247412,-0.0007147421349837,0.0001757745516815
