日付,始値,高値,安値,終値,出来高,終値調整値,5日平均,10日平均,25日平均,75日平均,200日平均,ゴールデンクロス（25日）,ゴールデンクロス_A（25日）,デッドクロス（25日）,ゴールデンクロス（終値）,ゴールデンクロス_A（終値）,デッドクロス（終値）,25日平均上昇場,75日平均上昇場,25日平均急上昇ポイント,25日平均上昇陰りポイント,10日平均急上昇ポイント,5営業日後騰落率,10営業日後騰落率,20営業日後騰落率,40営業日後騰落率,乖離率（25日平均）,乖離率（75日平均）,25営業日後騰落率,75営業日後騰落率,75日平均変動率,75営業日後騰落率（10日平均）,40営業日前株価,60営業日前株価,出来高変化率,25日平均変動率,25日平均変動率差,75日平均変動率差
1990-01-04,5400.0,5500.0,5350.0,5450.0,109000.0,5450.0,,,,,,False,False,False,False,False,False,False,False,False,False,False,0.0642201834862385,0.036697247706422,,,,,0.1192660550458715,-0.2706422018348624,,,,,1.0,,,
1990-01-05,5750.0,6050.0,5550.0,5650.0,356000.0,5650.0,,,,,,False,False,False,False,False,False,False,False,False,False,False,0.0442477876106194,-0.0619469026548672,,,,,0.0707964601769911,-0.2938053097345133,,,,,3.26605504587156,,,
1990-01-08,5850.0,5900.0,5750.0,5850.0,232000.0,5850.0,,,,,,False,False,False,False,False,False,False,False,False,False,False,-0.0256410256410256,-0.0769230769230769,,,,,0.0341880341880341,-0.2666666666666666,,,,,0.651685393258427,,,
1990-01-09,5900.0,5900.0,5750.0,5750.0,106000.0,5750.0,,,,,,False,False,False,False,False,False,False,False,False,False,False,-0.008695652173913,-0.0695652173913043,,,,,0.0347826086956521,-0.2521739130434782,,,,,0.4568965517241379,,,
1990-01-10,5750.0,5800.0,5500.0,5650.0,162000.0,5650.0,5670.0,,,,,False,False,False,False,False,False,False,False,False,False,False,0.0176991150442477,-0.0265486725663716,,,,,0.0442477876106194,-0.2221238938053097,,,,,1.528301886792453,,,
1990-01-11,5700.0,5850.0,5650.0,5800.0,114000.0,5800.0,5740.0,,,,,False,False,False,False,False,False,False,False,False,False,False,-0.0258620689655172,-0.0517241379310344,,,,,0.0172413793103448,-0.2284482758620689,,,,,0.7037037037037037,,,
1990-01-12,5900.0,6000.0,5850.0,5900.0,332000.0,5900.0,5790.0,,,,,False,False,False,False,False,False,False,False,False,False,False,-0.1016949152542373,-0.0338983050847457,,,,,-0.0508474576271186,-0.2050847457627118,,,,,2.912280701754386,,,
1990-01-16,5800.0,5850.0,5500.0,5700.0,220000.0,5700.0,5760.0,,,,,False,False,False,False,False,False,False,False,False,False,False,-0.0526315789473684,0.0087719298245614,,,,,-0.0350877192982456,-0.1578947368421052,,,,,0.6626506024096386,,,
1990-01-17,5600.0,5700.0,5500.0,5700.0,63000.0,5700.0,5750.0,,,,,False,False,False,False,False,False,False,False,False,False,False,-0.0614035087719298,-0.0350877192982456,,,,,-0.0350877192982456,-0.1245614035087719,,,,,0.2863636363636364,,,
1990-01-18,5750.0,5750.0,5700.0,5750.0,115000.0,5750.0,5770.0,5720.0,,,,False,False,False,False,False,False,False,False,False,False,False,-0.0434782608695652,-0.0434782608695652,,,,,-0.0695652173913043,-0.1304347826086956,,-0.2149475524475524,,,1.825396825396825,,,
1990-01-19,5700.0,5700.0,5550.0,5650.0,82000.0,5650.0,5740.0,5740.0,,,,False,False,False,False,False,False,False,False,False,False,False,-0.0265486725663716,-0.0265486725663716,,,,,-0.1150442477876106,-0.1256637168141593,,-0.2008710801393728,,,0.7130434782608696,,,
1990-01-22,5500.0,5500.0,5300.0,5300.0,95000.0,5300.0,5620.0,5705.0,,,,False,False,False,False,False,False,False,False,False,False,False,0.0754716981132075,0.0566037735849056,,,,,0.0094339622641509,-0.0990566037735849,,-0.1822085889570552,,,1.1585365853658536,,,
1990-01-23,5450.0,5500.0,5400.0,5400.0,51000.0,5400.0,5560.0,5660.0,,,,False,False,False,False,False,False,False,False,False,False,False,0.0648148148148148,0.0648148148148148,,,,,0.0092592592592592,-0.1138888888888888,,-0.1669611307420494,,,0.5368421052631579,,,
1990-01-24,5450.0,5450.0,5350.0,5350.0,72000.0,5350.0,5490.0,5620.0,,,,False,False,False,False,False,False,False,False,False,False,False,0.02803738317757,0.0934579439252336,,,,,0.0373831775700934,-0.102803738317757,,-0.152135231316726,,,1.411764705882353,,,
1990-01-25,5500.0,5500.0,5350.0,5500.0,86000.0,5500.0,5440.0,5605.0,,,,False,False,False,False,False,False,False,False,False,False,False,0.0,0.1,,,,,0.009090909090909,-0.13,,-0.1429081177520071,,,1.1944444444444444,,,
1990-01-26,5650.0,5700.0,5500.0,5500.0,74000.0,5500.0,5410.0,5575.0,,,,False,False,False,False,False,False,False,False,False,False,False,0.0,0.109090909090909,,,,,0.0181818181818181,-0.1318181818181818,,-0.132914798206278,,,0.8604651162790697,,,
1990-01-29,5750.0,5750.0,5650.0,5700.0,43000.0,5700.0,5490.0,5555.0,,,,False,False,False,False,False,False,False,False,False,False,False,-0.0175438596491228,0.0614035087719298,,,,,-0.0350877192982456,-0.1666666666666666,,-0.1287128712871287,,,0.581081081081081,,,
1990-01-30,5700.0,5750.0,5650.0,5750.0,31000.0,5750.0,5560.0,5560.0,,,,False,False,False,False,False,False,False,False,False,False,False,0.0,0.0521739130434782,,,,,-0.0260869565217391,-0.1826086956521739,,-0.1312949640287769,,,0.7209302325581395,,,
1990-01-31,5600.0,5650.0,5500.0,5500.0,76000.0,5500.0,5590.0,5540.0,,,,False,False,False,False,False,False,False,False,False,False,False,0.0636363636363636,0.0818181818181818,,,,,-0.0181818181818181,-0.1545454545454545,,-0.1342960288808664,,,2.4516129032258065,,,
1990-02-01,5550.0,5600.0,5450.0,5500.0,85000.0,5500.0,5590.0,5515.0,,,,False,False,False,False,False,False,False,False,False,False,False,0.1,0.0727272727272727,,,,,-0.0181818181818181,-0.1227272727272727,,-0.1335448776065276,,,1.118421052631579,,,
1990-02-02,5500.0,5500.0,5450.0,5500.0,47000.0,5500.0,5590.0,5500.0,,,,False,False,False,False,False,False,False,False,False,False,False,0.109090909090909,0.0727272727272727,,,,,-0.0272727272727272,-0.1272727272727272,,-0.1337272727272727,,,0.5529411764705883,,,
1990-02-05,5550.0,5700.0,5550.0,5600.0,43000.0,5600.0,5570.0,5530.0,,,,False,False,False,False,False,False,False,False,False,False,True,0.0803571428571428,0.0,,,,,-0.0357142857142857,-0.0892857142857142,,-0.1325497287522604,,,0.9148936170212766,,,
1990-02-06,5650.0,5750.0,5600.0,5750.0,69000.0,5750.0,5570.0,5565.0,,,,False,False,False,False,False,False,False,False,False,False,False,0.0521739130434782,-0.0434782608695652,,,,,-0.0608695652173913,-0.0608695652173913,,-0.1269541778975741,,,1.6046511627906976,,,
1990-02-07,5750.0,5900.0,5700.0,5850.0,118000.0,5850.0,5640.0,5615.0,,,,False,False,False,False,False,False,False,False,False,False,False,0.017094017094017,-0.0598290598290598,,,,,-0.0854700854700854,-0.1025641025641025,,-0.1267141585040071,,,1.710144927536232,,,
1990-02-08,5950.0,6150.0,5900.0,6050.0,758000.0,6050.0,5750.0,5670.0,5644.0,,,False,False,False,False,False,False,False,False,False,False,False,-0.024793388429752,-0.1157024793388429,,,0.0671074380165289,,-0.1570247933884297,-0.140495867768595,,-0.1278659611992945,,,6.423728813559322,,,
1990-02-09,6100.0,6150.0,6000.0,6100.0,294000.0,6100.0,5870.0,5730.0,5670.0,,,False,False,False,False,False,False,True,False,False,False,False,-0.0327868852459016,-0.180327868852459,,,0.0704918032786885,,-0.1950819672131147,-0.1639344262295081,,-0.131326352530541,,,0.387862796833773,0.0045855379188712,,
1990-02-13,6100.0,6100.0,6050.0,6050.0,187000.0,6050.0,5960.0,5765.0,5686.0,,,False,False,False,False,False,False,True,False,False,True,False,-0.0743801652892562,-0.1157024793388429,,,0.0601652892561983,,-0.2066115702479339,-0.1570247933884297,,-0.1305290546400694,,,0.6360544217687075,0.002813928948294,-0.0017716089705771,
1990-02-14,6050.0,6050.0,5950.0,6050.0,178000.0,6050.0,6020.0,5795.0,5694.0,,,False,False,False,False,False,False,True,False,False,True,False,-0.0909090909090909,-0.0991735537190082,,,0.0588429752066115,,-0.2479338842975206,-0.140495867768595,,-0.1264020707506471,,,0.9518716577540108,0.0014049877063575,-0.0014089412419364,
1990-02-15,5900.0,6000.0,5900.0,5950.0,33000.0,5950.0,6040.0,5840.0,5702.0,,,False,False,False,False,False,False,True,False,False,True,False,-0.0756302521008403,-0.0672268907563025,,,0.0416806722689075,,-0.226890756302521,-0.134453781512605,,-0.1245719178082191,,,0.1853932584269663,0.0014030164854437,-1.97122091386546e-06,
1990-02-16,5900.0,5950.0,5900.0,5900.0,54000.0,5900.0,6010.0,5880.0,5712.0,,,False,False,False,False,False,False,True,False,False,False,False,-0.0932203389830508,-0.059322033898305,,,0.031864406779661,,-0.2169491525423728,-0.1271186440677966,,-0.125,,,1.6363636363636365,0.001750700280112,0.0003476837946683,
1990-02-19,5900.0,5950.0,5850.0,5900.0,28000.0,5900.0,5970.0,5920.0,5716.0,,,False,False,False,False,False,False,True,False,False,True,False,-0.1525423728813559,-0.0508474576271186,,,0.0311864406779661,,-0.2372881355932203,-0.1186440677966101,,-0.1241554054054054,,,0.5185185185185185,0.0006997900629811,-0.0010509102171309,
1990-02-20,5800.0,5800.0,5500.0,5600.0,33000.0,5600.0,5880.0,5920.0,5704.0,,,False,False,False,False,False,False,False,False,False,True,False,-0.0446428571428571,-0.0178571428571428,,,-0.0185714285714285,,-0.1875,-0.0625,,-0.1216216216216216,,,1.1785714285714286,-0.0021037868162692,-0.0028035768792503,
1990-02-21,5700.0,5700.0,5500.0,5500.0,68000.0,5500.0,5770.0,5895.0,5696.0,,,False,False,False,False,False,False,False,False,False,False,False,-0.009090909090909,0.0181818181818181,,,-0.0356363636363636,,-0.1636363636363636,-0.0181818181818181,,-0.1178965224766751,,,2.060606060606061,-0.0014044943820224,0.0006992924342468,
1990-02-22,5500.0,5550.0,5400.0,5500.0,101000.0,5500.0,5680.0,5860.0,5688.0,,,False,False,False,False,False,False,False,False,False,True,False,0.009090909090909,-0.0181818181818181,,,-0.0341818181818181,,-0.2227272727272727,0.0,,-0.1083617747440273,,,1.4852941176470589,-0.0014064697609001,-1.975378877668802e-06,
1990-02-23,5500.0,5550.0,5350.0,5350.0,71000.0,5350.0,5570.0,5790.0,5672.0,,,False,False,False,False,False,False,False,False,False,True,False,0.0373831775700934,0.0093457943925233,,,-0.0601869158878504,,-0.214018691588785,0.0,,-0.0949913644214162,,,0.7029702970297029,-0.002820874471086,-0.0014144047101858,
1990-02-27,5000.0,5050.0,5000.0,5000.0,30000.0,5000.0,5390.0,5680.0,5646.0,,,False,False,False,False,False,False,False,False,False,True,False,0.12,0.07,,,-0.1292,,-0.215,0.05,,-0.0748239436619718,,,0.4225352112676056,-0.0046050301098122,-0.0017841556387262,
1990-02-28,5200.0,5450.0,5200.0,5350.0,49000.0,5350.0,5340.0,5610.0,5648.0,,,False,False,False,False,False,False,True,False,False,False,False,0.02803738317757,0.0093457943925233,,,-0.0557009345794392,,-0.2897196261682243,-0.0738317757009345,,-0.0658645276292335,,,1.6333333333333333,0.0003541076487252,0.0049591377585374,
1990-03-01,5500.0,5500.0,5450.0,5450.0,42000.0,5450.0,5330.0,5550.0,5650.0,,,False,False,False,False,False,False,True,False,False,True,False,0.0275229357798165,-0.0091743119266055,,,-0.036697247706422,,-0.2201834862385321,-0.0642201834862385,,-0.0575675675675675,,,0.8571428571428571,0.0003539823008849,-1.253478402567232e-07,
1990-03-02,5450.0,5600.0,5450.0,5550.0,21000.0,5550.0,5340.0,5510.0,5658.0,,,False,False,False,False,False,False,True,False,True,False,False,-0.027027027027027,-0.036036036036036,,,-0.0194594594594594,,-0.2117117117117117,-0.054054054054054,,-0.0489110707803992,,,0.5,0.00141392718275,0.0010599448818651,
1990-03-05,5600.0,5650.0,5550.0,5550.0,15000.0,5550.0,5380.0,5475.0,5660.0,,,False,False,False,False,False,False,True,False,False,True,False,-0.027027027027027,-0.081081081081081,,,-0.0198198198198198,,-0.2072072072072072,-0.072072072072072,,-0.0428310502283105,,,0.7142857142857143,0.0003533568904593,-0.0010605702922907,
1990-03-06,5500.0,5600.0,5500.0,5600.0,42000.0,5600.0,5500.0,5445.0,5664.0,,,False,False,False,False,False,False,True,False,False,False,False,-0.0446428571428571,-0.1232142857142857,,,-0.0114285714285714,,-0.1964285714285714,-0.0803571428571428,,-0.038475665748393,5450.0,,2.8,0.0007062146892655,0.0003528577988061,
1990-03-07,5550.0,5550.0,5500.0,5500.0,27000.0,5500.0,5530.0,5435.0,5656.0,,,False,False,False,False,False,False,False,False,False,True,False,-0.0181818181818181,-0.1272727272727272,,,-0.0283636363636363,,-0.2,-0.0454545454545454,,-0.0367065317387304,5650.0,,0.6428571428571429,-0.0014144271570014,-0.0021206418462669,
1990-03-08,5500.0,5600.0,5500.0,5600.0,50000.0,5600.0,5560.0,5445.0,5650.0,,,False,False,False,False,False,False,False,False,False,False,False,-0.0357142857142857,-0.1875,,,-0.0089285714285714,,-0.2410714285714285,-0.0357142857142857,,-0.038475665748393,5850.0,,1.851851851851852,-0.0010619469026548,0.0003524802543465,
1990-03-09,5650.0,5650.0,5400.0,5400.0,42000.0,5400.0,5530.0,5435.0,5646.0,,,False,False,False,False,False,False,False,False,False,False,False,-0.0092592592592592,-0.1481481481481481,,,-0.0455555555555555,,-0.2407407407407407,0.0648148148148148,,-0.0321067157313707,5750.0,,0.84,-0.0007084661707403,0.0003534807319145,
1990-03-12,5450.0,5500.0,5400.0,5400.0,10000.0,5400.0,5500.0,5440.0,5642.0,,,False,False,False,False,False,False,False,False,False,True,False,-0.0555555555555555,-0.1444444444444444,,,-0.0448148148148148,,-0.2129629629629629,0.0462962962962962,,-0.0274816176470588,5650.0,,0.238095238095238,-0.0007089684509039,-5.022801635876312e-07,
1990-03-13,5350.0,5350.0,5350.0,5350.0,17000.0,5350.0,5450.0,5475.0,5636.0,,,False,False,False,False,False,False,False,False,False,True,True,-0.0822429906542056,-0.1588785046728972,,,-0.0534579439252336,,-0.219626168224299,0.0747663551401869,,-0.0245662100456621,5800.0,,1.7,-0.0010645848119233,-0.0003556163610194,
1990-03-14,5400.0,5400.0,5350.0,5400.0,58000.0,5400.0,5430.0,5480.0,5628.0,,,False,False,False,False,False,False,False,False,False,True,False,-0.1111111111111111,-0.1574074074074074,,,-0.0422222222222222,,-0.2324074074074074,0.074074074074074,,-0.0100364963503649,5900.0,,3.411764705882353,-0.0014214641080312,-0.0003568792961079,
1990-03-15,5400.0,5500.0,5350.0,5400.0,29000.0,5400.0,5390.0,5475.0,5614.0,,,False,False,False,False,False,False,False,False,False,True,False,-0.1574074074074074,-0.1481481481481481,,,-0.0396296296296296,,-0.2666666666666666,0.0833333333333333,,0.0045662100456621,5700.0,,0.5,-0.0024937655860349,-0.0010723014780036,
1990-03-16,5450.0,5450.0,5350.0,5350.0,26000.0,5350.0,5380.0,5455.0,5594.0,,,False,False,False,False,False,False,False,False,False,True,False,-0.1401869158878504,-0.2009345794392523,,,-0.045607476635514,,-0.2336448598130841,0.0560747663551401,,0.0155820348304307,5700.0,,0.896551724137931,-0.0035752592062924,-0.0010814936202575,
1990-03-19,5400.0,5400.0,5100.0,5100.0,45000.0,5100.0,5320.0,5410.0,5556.0,,,False,False,False,False,False,False,False,False,False,True,False,-0.0941176470588235,-0.1754901960784313,,,-0.0894117647058823,,-0.2225490196078431,0.1078431372549019,,0.033271719038817,5750.0,,1.7307692307692308,-0.0068394528437724,-0.00326419363748,
1990-03-20,4995.0,4995.0,4900.0,4910.0,41000.0,4910.0,5232.0,5341.0,5508.4,,,False,False,False,False,False,False,False,False,False,True,False,-0.0835030549898167,-0.2006109979633401,,,-0.1218737270875763,,-0.190427698574338,0.1710794297352342,,0.0578543343943081,5650.0,,0.9111111111111112,-0.0086413477597851,-0.0018018949160126,
1990-03-22,4925.0,4925.0,4700.0,4800.0,73000.0,4800.0,5112.0,5271.0,5458.4,,,False,False,False,False,False,False,False,False,False,True,False,-0.0520833333333333,-0.2083333333333333,,,-0.1371666666666666,,-0.16875,0.1979166666666666,,0.0813887307911212,5300.0,,1.7804878048780488,-0.0091601934632859,-0.0005188457035008,
1990-03-23,4550.0,4550.0,4550.0,4550.0,15000.0,4550.0,4942.0,5166.0,5398.4,,,False,False,False,False,False,False,False,False,False,True,False,0.0109890109890109,-0.0659340659340659,,,-0.1864615384615383,,-0.0571428571428571,0.2637362637362637,,0.1101432442895857,5400.0,,0.2054794520547945,-0.0111144042679312,-0.0019542108046452,
1990-03-26,4595.0,4600.0,4575.0,4600.0,24000.0,4600.0,4792.0,5086.0,5344.4,,,False,False,False,False,False,False,False,False,False,False,False,-0.0706521739130434,-0.0489130434782608,,,-0.1618260869565216,,-0.0652173913043478,0.2391304347826087,,0.1266220998820291,5350.0,,1.6,-0.0101040341291819,0.0010103701387492,
1990-03-27,4660.0,4700.0,4600.0,4620.0,25000.0,4620.0,4696.0,5008.0,5293.2,,,False,False,False,False,False,False,False,False,False,False,False,-0.0898268398268398,-0.0476190476190476,,,-0.1457142857142856,,-0.0487012987012987,0.2012987012987013,,0.1421725239616613,5500.0,,1.0416666666666667,-0.0096727877276505,0.0004312464015314,
1990-03-28,4620.0,4620.0,4475.0,4500.0,24000.0,4500.0,4614.0,4923.0,5237.2,,,False,False,False,False,False,False,False,False,False,True,False,-0.1277777777777777,0.0,,,-0.1638222222222221,,-0.0055555555555555,0.2444444444444444,,0.1588462319723745,5500.0,,0.96,-0.0106927365767967,-0.0010199488491462,
1990-03-29,4550.0,4600.0,4550.0,4550.0,20000.0,4550.0,4564.0,4838.0,5195.2,,,False,False,False,False,False,False,False,False,False,False,False,-0.1648351648351648,-0.0329670329670329,,,-0.1418021978021977,,0.0307692307692307,0.2307692307692307,,0.1750723439437784,5700.0,,0.8333333333333334,-0.0080843855866954,0.0026083509901013,
1990-03-30,4590.0,4600.0,4520.0,4600.0,37000.0,4600.0,4574.0,4758.0,5159.2,,,False,False,False,False,False,False,False,False,False,False,False,-0.0760869565217391,-0.0760869565217391,,,-0.1215652173913043,,0.0434782608695652,0.2065217391304347,,0.1885245901639344,5750.0,,1.85,-0.0069778260195379,0.0011065595671574,
1990-04-02,4500.0,4500.0,4200.0,4275.0,42000.0,4275.0,4509.0,4650.5,5110.2,,,False,False,False,False,False,False,False,False,False,True,False,0.023391812865497,-0.0409356725146198,,,-0.1953684210526315,,0.1672514619883041,0.2631578947368421,,0.2106225137082034,5500.0,,1.135135135135135,-0.0095886658056436,-0.0026108397861057,
1990-04-03,4205.0,4220.0,4025.0,4205.0,61000.0,4205.0,4426.0,4561.0,5064.4,,,False,False,False,False,False,False,False,False,False,False,False,0.0463733650416171,0.0107015457788347,,,-0.2043757431629012,,0.1890606420927467,0.2604042806183115,,0.2267046700285025,5500.0,,1.4523809523809523,-0.0090435194692362,0.0005451463364073,
1990-04-04,4205.0,4250.0,3925.0,3925.0,26000.0,3925.0,4311.0,4462.5,5021.4,,,False,False,False,False,False,False,False,False,False,False,False,0.1464968152866242,0.0636942675159235,,,-0.2793375796178343,,0.2585987261146497,0.3503184713375796,,0.2436974789915966,5500.0,5450.0,0.4262295081967213,-0.0085633488668498,0.0004801706023863,
1990-04-06,3755.0,3800.0,3750.0,3800.0,26000.0,3800.0,4161.0,4362.5,4959.4,,,False,False,False,False,False,False,False,False,False,True,False,0.1578947368421052,0.0907894736842105,,,-0.3051052631578946,,0.2565789473684211,0.3947368421052631,,0.26189111747851,5600.0,5650.0,1.0,-0.0125015122797112,-0.0039381634128613,
1990-04-10,4155.0,4250.0,4155.0,4250.0,25000.0,4250.0,4091.0,4332.5,4911.4,,,False,False,False,False,False,False,False,False,False,False,False,0.0,-0.068235294117647,,,-0.1556235294117646,,0.1258823529411764,0.2235294117647059,,0.257934218118869,5750.0,5850.0,0.9615384615384616,-0.0097731807631225,0.0027283315165887,
1990-04-11,4250.0,4400.0,4250.0,4375.0,7000.0,4375.0,4111.0,4310.0,4864.4,,,False,False,False,False,False,False,False,False,False,False,False,-0.0628571428571428,-0.0628571428571428,,,-0.111862857142857,,0.0971428571428571,0.12,,0.2459396751740139,5850.0,5750.0,0.28,-0.0096620343721733,0.0001111463909491,
1990-04-12,4425.0,4425.0,4400.0,4400.0,22000.0,4400.0,4150.0,4288.0,4818.4,,,False,False,False,False,False,False,False,False,False,False,False,-0.034090909090909,-0.0988636363636363,,,-0.095090909090909,,0.0875,0.0795454545454545,,0.2336753731343283,6050.0,5650.0,3.142857142857143,-0.0095467375062261,0.0001152968659472,
1990-04-13,4400.0,4500.0,4400.0,4500.0,12000.0,4500.0,4265.0,4288.0,4774.4,,,False,False,False,False,False,False,False,False,False,False,False,-0.0722222222222222,-0.1166666666666666,,,-0.0609777777777777,,0.0611111111111111,-0.0222222222222222,,0.2056902985074626,6100.0,5800.0,0.5454545454545454,-0.0092158176943699,0.0003309198118561,
1990-04-16,4400.0,4400.0,4400.0,4400.0,20000.0,4400.0,4385.0,4273.0,4730.4,,,False,False,False,False,False,False,False,False,False,True,False,-0.0579545454545454,-0.0931818181818181,,,-0.075090909090909,,0.0795454545454545,0.0113636363636363,,0.1830095951322256,6050.0,5900.0,1.6666666666666667,-0.0093015389819042,-8.57212875343058e-05,
1990-04-17,4300.0,4300.0,4250.0,4250.0,7000.0,4250.0,4385.0,4238.0,4676.4,,,False,False,False,False,False,False,False,False,False,True,False,-0.068235294117647,0.0094117647058823,,,-0.1003294117647057,,0.1058823529411764,0.0588235294117647,,0.1680037753657385,6050.0,5700.0,0.35,-0.0115473441108545,-0.0022458051289502,
1990-04-18,4100.0,4100.0,4100.0,4100.0,1000.0,4100.0,4330.0,4220.5,4624.4,,,False,False,False,False,False,False,False,False,False,False,False,0.0,0.048780487804878,,,-0.1279024390243901,,0.1341463414634146,0.1097560975609756,,0.152707025233977,5950.0,5700.0,0.1428571428571428,-0.0112447020153965,0.0003026420954579,
1990-04-19,4150.0,4250.0,4150.0,4250.0,2000.0,4250.0,4300.0,4225.0,4578.4,,,False,False,False,False,False,False,False,False,False,False,False,-0.0670588235294117,0.0341176470588235,,,-0.077270588235294,,0.1352941176470588,0.0352941176470588,,0.1301775147928994,5900.0,5750.0,2.0,-0.0100471780534684,0.0011975239619281,
1990-04-20,4300.0,4300.0,4175.0,4175.0,4000.0,4175.0,4235.0,4250.0,4531.4,,,False,False,False,False,False,False,False,False,False,True,False,-0.0479041916167664,0.0718562874251497,,,-0.0853652694610777,,0.1497005988023952,0.0538922155688622,,0.1023529411764705,5900.0,5650.0,2.0,-0.010372070441806,-0.0003248923883376,
1990-04-23,4175.0,4225.0,4145.0,4145.0,6000.0,4145.0,4184.0,4284.5,4481.2,,,False,False,False,False,False,False,False,False,False,True,False,-0.0373944511459589,0.1314837153196622,,,-0.0811097708082026,,0.2303980699638118,0.0675512665862484,,0.0730540319757264,5600.0,5300.0,1.5,-0.0112023565116486,-0.0008302860698425,
1990-04-24,4050.0,4050.0,3950.0,3960.0,18000.0,3960.0,4126.0,4255.5,4423.6,,,False,False,False,False,False,False,False,False,False,True,False,0.0833333333333333,0.2121212121212121,,,-0.1170707070707071,,0.3636363636363636,0.1679292929292929,,0.0668546586770062,5500.0,5400.0,3.0,-0.0130210688127315,-0.0018187123010829,
1990-04-25,4150.0,4150.0,4100.0,4100.0,4000.0,4100.0,4126.0,4228.0,4373.6,,,False,False,False,False,False,False,False,False,False,False,False,0.048780487804878,0.2170731707317073,,,-0.0667317073170732,,0.2804878048780488,0.0975609756097561,,0.064333017975402,5500.0,5350.0,0.2222222222222222,-0.0114322297420888,0.0015888390706426,
1990-04-26,4050.0,4050.0,3965.0,3965.0,31000.0,3965.0,4069.0,4184.5,4328.2,5176.066666666667,,False,False,False,False,False,False,False,False,False,False,False,0.1084489281210592,0.2610340479192938,,,-0.0916015132408574,-0.3054392601933585,0.3114754098360656,0.1223203026481715,,0.0682279842275062,5350.0,5500.0,7.75,-0.0104893489210296,0.0009428808210592,
1990-04-27,4005.0,4025.0,3975.0,3975.0,18000.0,3975.0,4029.0,4132.0,4290.8,5156.4,,False,False,False,False,False,False,False,False,False,False,False,0.1257861635220125,0.2427672955974842,,,-0.0794465408805032,-0.2972075471698112,0.2830188679245283,0.130817610062893,,0.0840997095837366,5000.0,5500.0,0.5806451612903226,-0.0087163232963549,0.0017730256246747,
1990-05-01,3980.0,3990.0,3980.0,3990.0,5000.0,3990.0,3998.0,4091.0,4258.4,5134.266666666666,,False,False,False,False,False,False,False,False,False,False,False,0.175438596491228,0.1967418546365914,,,-0.067268170426065,-0.2867836257309941,0.2781954887218045,0.0776942355889724,-0.0043109045108681,0.0912979711561965,5350.0,5700.0,0.2777777777777778,-0.0076084914521887,0.0011078318441661,-0.00049687405034
1990-05-07,4255.0,4290.0,4250.0,4290.0,9000.0,4290.0,4064.0,4095.0,4248.0,5113.466666666666,,False,False,False,False,True,False,False,False,False,False,False,0.1188811188811188,0.1153846153846153,,,0.0097902097902097,-0.1919502719502718,0.2121212121212121,-0.0815850815850815,-0.0040676905426195,0.0765567765567765,5450.0,5750.0,1.8,-0.0024482109227871,0.0051602805294016,0.0002432139682486
1990-05-08,4295.0,4325.0,4295.0,4300.0,14000.0,4300.0,4104.0,4115.0,4236.0,5094.133333333333,,False,False,False,False,False,False,False,False,False,True,True,0.1604651162790697,0.1162790697674418,,,0.0148837209302325,-0.1846821705426356,0.1976744186046511,-0.0930232558139534,-0.0037952154111918,0.0555285540704738,5550.0,5500.0,1.5555555555555556,-0.0028328611898017,-0.0003846502670145,0.0002724751314276
1990-05-09,4350.0,4395.0,4335.0,4395.0,20000.0,4395.0,4190.0,4129.5,4227.0,5077.4,,False,False,False,False,False,False,False,False,False,False,False,0.1376564277588168,0.0887372013651877,,,0.0382252559726962,-0.1552673492605232,0.1717861205915813,-0.0898748577929465,-0.0032956500045955,0.0421358517980385,5550.0,5500.0,1.4285714285714286,-0.0021291696238466,0.000703691565955,0.0004995654065963
1990-05-10,4400.0,4500.0,4400.0,4475.0,49000.0,4475.0,4290.0,4159.5,4226.0,5059.733333333334,,False,False,False,False,False,False,False,False,False,False,False,0.1039106145251396,0.0670391061452514,,,0.0556424581005586,-0.1306666666666667,0.1620111731843575,-0.106145251396648,-0.0034916201117317,0.0250030051688904,5600.0,5500.0,2.45,-0.0002366303833412,0.0018925392405054,-0.0001959701071361
1990-05-11,4505.0,4690.0,4500.0,4690.0,19000.0,4690.0,4430.0,4214.0,4231.6,5043.6,,False,False,False,False,False,False,True,False,True,False,False,0.0181236673773987,0.0127931769722814,,,0.0977398720682302,-0.0753944562899787,0.1194029850746268,-0.1321961620469083,-0.0031987733629417,0.0033222591362126,5500.0,5600.0,0.3877551020408163,0.0013233765006145,0.0015600068839557,0.0002928467487899
1990-05-14,4755.0,4800.0,4740.0,4800.0,27000.0,4800.0,4532.0,4298.0,4239.6,5031.6,,False,False,False,False,False,False,True,False,False,False,False,-0.003125,-0.0208333333333333,,,0.1167499999999999,-0.04825,0.125,-0.1479166666666666,-0.0023849272597185,-0.0287342950209399,5600.0,5750.0,1.4210526315789471,0.0018869704689121,0.0005635939682976,0.0008138461032232
1990-05-15,4950.0,5000.0,4935.0,4990.0,44000.0,4990.0,4670.0,4387.0,4268.2,5022.133333333333,,False,False,False,False,False,False,True,False,False,False,False,-0.0380761523046092,-0.0681362725450901,,,0.1446492985971944,-0.006439545758183,0.1022044088176352,-0.1783567134268537,-0.0018849891148516,-0.0575564166856621,5400.0,5850.0,1.6296296296296295,0.0067007169298532,0.004813746460941,0.0004999381448668
1990-05-16,4990.0,5150.0,4985.0,5000.0,85000.0,5000.0,4791.0,4490.5,4300.0,5012.133333333333,,False,False,False,False,False,False,True,False,False,False,False,-0.043,-0.035,,,0.14,-0.0024266666666666,0.07,-0.18,-0.0019951584155781,-0.087072709052444,5400.0,6050.0,1.9318181818181817,0.0073953488372093,0.0006946319073561,-0.0001101693007265
1990-05-17,4990.0,4990.0,4940.0,4940.0,26000.0,4940.0,4884.0,4587.0,4340.6,5002.666666666667,,False,False,False,False,False,False,True,False,False,False,False,-0.0334008097165991,-0.0283400809716599,,,0.1213360323886638,-0.0126855600539811,0.0627530364372469,-0.1902834008097166,-0.0018923240938165,-0.1170699803793329,5350.0,6100.0,0.3058823529411765,0.0093535455927752,0.0019581967555659,0.0001028343217616
1990-05-18,4940.0,4950.0,4775.0,4775.0,16000.0,4775.0,4901.0,4665.5,4379.6,4995.666666666667,,False,False,False,False,False,False,True,False,False,True,False,-0.0052356020942408,0.0680628272251308,,,0.082806282722513,-0.0462129144851658,0.037696335078534,-0.193717277486911,-0.001401214385801,-0.1415711070624799,5400.0,6050.0,0.6153846153846154,0.0089049228240021,-0.000448622768773,0.0004911097080155
1990-05-21,4905.0,4905.0,4785.0,4785.0,27000.0,4785.0,4898.0,4715.0,4401.0,4987.466666666666,,False,False,False,False,False,False,True,False,False,True,False,-0.0177638453500522,0.128526645768025,,,0.0802507836990595,-0.042312783002438,0.0658307210031347,-0.2163009404388714,-0.0016441212639684,-0.1546129374337221,5400.0,6050.0,1.6875,0.0048625312428992,-0.0040423915811029,-0.0002429068781674
1990-05-22,4850.0,4850.0,4800.0,4800.0,16000.0,4800.0,4860.0,4765.0,4418.0,4980.133333333333,,False,False,False,False,False,False,True,False,False,True,False,-0.03125,0.09375,,,0.0795833333333333,-0.0375277777777777,0.09375,-0.1875,-0.0014725174694117,-0.1634837355718782,5350.0,5950.0,0.5925925925925926,0.0038478949751018,-0.0010146362677974,0.0001716037945567
1990-05-23,4800.0,4850.0,4785.0,4785.0,47000.0,4785.0,4817.0,4804.0,4433.4,4970.6,,False,False,False,False,False,False,True,False,False,True,False,0.0083594566353187,0.0867293625914315,,,0.0734796238244514,-0.0387878787878788,0.0762800417972831,-0.1797283176593521,-0.0019179441784357,-0.1718359700249792,5100.0,5900.0,2.9375,0.0034736319754589,-0.0003742629996429,-0.000445426709024
1990-05-24,4790.0,4790.0,4750.0,4775.0,22000.0,4775.0,4784.0,4834.0,4444.4,4960.933333333333,,False,False,False,False,False,False,True,False,False,True,False,0.0052356020942408,0.0680628272251308,,,0.0692356020942409,-0.0389389179755672,0.0785340314136125,-0.1287958115183246,-0.0019485580670304,-0.1736657012825817,4910.0,5900.0,0.4680851063829787,0.0024750247502475,-0.0009986072252114,-3.0613888594686845e-05
1990-05-25,4775.0,4775.0,4710.0,4750.0,19000.0,4750.0,4779.0,4840.0,4458.4,4948.266666666666,,False,False,False,False,False,False,True,False,False,False,False,0.0736842105263157,0.0736842105263157,,,0.0613894736842106,-0.0417403508771929,0.1052631578947368,-0.1684210526315789,-0.0025598189264928,-0.1771694214876033,4800.0,5600.0,0.8636363636363636,0.0031401399605239,0.0006651152102764,-0.0006112608594623
1990-05-28,4750.0,4750.0,4700.0,4700.0,15000.0,4700.0,4762.0,4830.0,4476.4,4934.266666666666,,False,False,False,False,False,False,True,False,False,False,False,0.1489361702127659,0.1063829787234042,,,0.0475744680851064,-0.0498439716312056,0.1489361702127659,-0.1914893617021276,-0.0028373010511524,-0.1814699792960662,4550.0,5500.0,0.7894736842105263,0.0040210883745867,0.0008809484140627,-0.0002774821246596
1990-05-29,4700.0,4700.0,4650.0,4650.0,9000.0,4650.0,4732.0,4796.0,4498.4,4922.933333333333,,False,False,False,False,False,False,True,False,False,False,False,0.1290322580645161,0.1075268817204301,,,0.0326021505376344,-0.0586953405017921,0.2365591397849462,-0.1774193548387097,-0.0023021504793889,-0.1814011676396997,4600.0,5500.0,0.6,0.0048906277787657,0.000869539404179,0.0005351505717635
1990-05-30,4600.0,4850.0,4600.0,4825.0,45000.0,4825.0,4740.0,4778.5,4521.4,4913.933333333333,,False,False,False,False,False,False,True,False,False,False,False,0.077720207253886,0.0673575129533678,,,0.0629222797927461,-0.0184317789291882,0.1709844559585492,-0.2124352331606217,-0.0018315266792386,-0.1846813853719786,4620.0,5350.0,5.0,0.005086919980537,0.0001962922017712,0.0004706238001502
1990-05-31,4850.0,4925.0,4800.0,4800.0,45000.0,4800.0,4745.0,4764.5,4546.4,4904.6,,False,False,False,False,False,False,True,False,False,False,False,0.0625,0.0833333333333333,,,0.0528333333333334,-0.0217916666666667,0.1979166666666666,-0.1979166666666666,-0.0019029754380241,-0.1854339385035155,4500.0,5000.0,1.0,0.0054988562379025,0.0004119362573655,-7.144875878547824e-05
1990-06-01,4995.0,5100.0,4950.0,5100.0,96000.0,5100.0,4815.0,4797.0,4584.6,4897.933333333333,,False,False,False,False,False,False,True,False,False,False,True,0.0,0.0294117647058823,,,0.1010588235294116,0.0396209150326797,0.1372549019607843,-0.2647058823529412,-0.001361118294791,-0.1930373149885345,4550.0,5350.0,2.1333333333333333,0.0083322427256468,0.0028333864877443,0.000541857143233
1990-06-04,5100.0,5400.0,5000.0,5400.0,76000.0,5400.0,4955.0,4858.5,4642.2,4893.266666666666,,False,False,False,False,False,False,True,False,False,False,False,-0.037037037037037,0.0,,,0.1403333333333333,0.0938395061728395,0.0833333333333333,-0.324074074074074,-0.0009536914671862,-0.2053102809509107,4600.0,5450.0,0.7916666666666666,0.012407910042652,0.0040756673170051,0.0004074268276047
1990-06-05,5300.0,5350.0,5200.0,5250.0,47000.0,5250.0,5075.0,4903.5,4688.2,4885.266666666666,,False,False,False,False,False,False,True,False,False,True,False,-0.019047619047619,0.0476190476190476,,,0.1070095238095238,0.0694730158730159,0.0761904761904762,-0.3104761904761904,-0.0016375769319996,-0.2183134495768328,4275.0,5550.0,0.618421052631579,0.0098118680943645,-0.0025960419482874,-0.0006838854648133
1990-06-06,5250.0,5300.0,5100.0,5200.0,38000.0,5200.0,5150.0,4945.0,4737.6,4873.933333333333,,False,False,False,False,False,False,True,False,False,False,False,-0.0096153846153846,0.0288461538461538,,,0.0889230769230768,0.0627051282051281,0.0865384615384615,-0.3038461538461538,-0.0023252951073054,-0.2310414560161779,4205.0,5550.0,0.8085106382978723,0.0104272205336036,0.000615352439239,-0.0006877181753058
1990-06-07,5100.0,5200.0,5050.0,5100.0,22000.0,5100.0,5210.0,4977.5,4782.6,4860.6,,False,False,False,False,False,False,True,False,False,True,False,0.0196078431372549,0.0294117647058823,,,0.0622352941176469,0.0469411764705881,0.1274509803921568,-0.3166666666666666,-0.0027431455650193,-0.2496233048719236,3925.0,5600.0,0.5789473684210527,0.00940910801656,-0.0010181125170435,-0.0004178504577138
1990-06-08,5100.0,5100.0,5100.0,5100.0,9000.0,5100.0,5210.0,5012.5,4827.0,4847.933333333333,,False,False,False,False,False,False,True,False,False,True,False,0.0294117647058823,-0.0284313725490196,,,0.0535294117647058,0.0494248366013071,0.1274509803921568,-0.3627450980392157,-0.0026127972056822,-0.2688279301745636,3800.0,5500.0,0.4090909090909091,0.0091982597886885,-0.0002108482278714,0.0001303483593371
1990-06-11,5100.0,5200.0,5100.0,5200.0,44000.0,5200.0,5170.0,5062.5,4863.4,4836.6,,False,True,False,False,False,False,True,False,False,True,False,0.0384615384615384,-0.0192307692307692,,,0.0647307692307693,0.0698846153846153,0.1057692307692307,-0.3884615384615384,-0.0023432438765523,-0.2882962962962963,4250.0,5600.0,4.888888888888889,0.0074844758810707,-0.0017137839076177,0.0002695533291298
1990-06-12,5200.0,5200.0,5100.0,5150.0,36000.0,5150.0,5150.0,5112.5,4897.4,4825.933333333333,,False,False,False,False,False,False,True,False,False,True,False,0.0679611650485436,0.0194174757281553,,,0.0490485436893204,0.062925566343042,0.1067961165048543,-0.3524271844660194,-0.0022102805674895,-0.304841075794621,4375.0,5400.0,0.8181818181818182,0.0069424592640993,-0.0005420166169714,0.0001329633090627
1990-06-13,5150.0,5200.0,5100.0,5150.0,23000.0,5150.0,5140.0,5145.0,4927.6,4815.933333333333,,False,False,False,False,False,False,True,False,False,True,False,0.0388349514563106,0.0,,,0.0431844660194174,0.0648673139158576,0.0776699029126213,-0.3592233009708738,-0.0020764407037749,-0.3189504373177843,4400.0,5400.0,0.6388888888888888,0.0061287442162514,-0.0008137150478478,0.0001338398637146
1990-06-14,5200.0,5250.0,5200.0,5200.0,16000.0,5200.0,5160.0,5185.0,4956.6,4806.6,,False,False,False,False,False,False,True,False,False,True,False,0.0096153846153846,-0.0096153846153846,,,0.0468076923076922,0.075653846153846,0.0769230769230769,-0.3653846153846153,-0.0019417745045006,-0.3348119575699132,4500.0,5350.0,0.6956521739130435,0.0058507848121696,-0.0002779594040818,0.0001346661992742
1990-06-15,5200.0,5250.0,5200.0,5250.0,34000.0,5250.0,5190.0,5200.0,4979.0,4801.933333333333,,False,False,False,False,False,False,True,False,False,True,False,-0.0561904761904761,0.0,,,0.0516190476190476,0.0853460317460317,0.0666666666666666,-0.3447619047619047,-0.0009718307903761,-0.3426923076923077,4400.0,5400.0,2.125,0.004498895360514,-0.0013518894516555,0.0009699437141245
1990-06-18,5250.0,5400.0,5200.0,5400.0,88000.0,5400.0,5230.0,5200.0,5003.0,4800.6,,False,False,False,False,False,False,True,False,False,False,False,-0.0555555555555555,0.0,,,0.0735185185185185,0.1109999999999999,0.0277777777777777,-0.3425925925925926,-0.0002777430598952,-0.3446153846153846,4250.0,5400.0,2.588235294117647,0.0047971217269638,0.0002982263664497,0.0006940877304809
1990-06-19,5450.0,5500.0,5350.0,5500.0,118000.0,5500.0,5300.0,5225.0,5023.4,4800.6,,False,False,False,False,False,False,True,False,False,True,True,-0.0454545454545454,0.0454545454545454,,,0.0866545454545455,0.1271636363636362,-0.0181818181818181,-0.3818181818181818,0.0,-0.3519617224880382,4100.0,5350.0,1.3409090909090908,0.0040609945455268,-0.0007361271814369,0.0002777430598952
1990-06-22,5500.0,5500.0,5350.0,5350.0,112000.0,5350.0,5340.0,5240.0,5037.4,4800.6,,False,False,False,False,False,False,True,False,False,True,False,-0.0373831775700934,0.0560747663551401,,,0.0584299065420561,0.1026915887850466,-0.0093457943925233,-0.3644859813084112,0.0,-0.3580152671755725,4250.0,5100.0,0.9491525423728814,0.0027792114979949,-0.0012817830475318,0.0
1990-06-25,5350.0,5350.0,5250.0,5250.0,19000.0,5250.0,5350.0,5255.0,5049.8,4803.933333333333,,False,False,False,False,False,False,True,True,False,True,False,-0.019047619047619,0.0952380952380952,,,0.0381333333333333,0.0849650793650793,0.0095238095238095,-0.3619047619047619,0.0006938758517325,-0.3624167459562321,4175.0,4910.0,0.1696428571428571,0.0024555427937741,-0.0003236687042208,0.0006938758517325
1990-06-26,5050.0,5250.0,4950.0,4955.0,48000.0,4955.0,5291.0,5240.5,5057.0,4798.666666666667,,False,False,False,False,False,False,True,False,False,True,False,0.0595358224016145,0.1705348133198789,,,-0.0205852674066599,0.0315506222670702,0.0696266397578203,-0.3329969727547931,-0.0010975270908585,-0.3596030913080812,4145.0,4800.0,2.526315789473684,0.0014237690330234,-0.0010317737607506,-0.001791402942591
1990-06-27,5250.0,5300.0,5100.0,5100.0,46000.0,5100.0,5231.0,5230.5,5069.6,4794.0,,False,False,False,False,False,False,True,False,False,False,False,0.0588235294117647,0.1470588235294117,,,0.0059607843137254,0.06,0.0196078431372549,-0.3431372549019608,-0.0009734390209985,-0.3551285727941879,3960.0,4550.0,0.9583333333333334,0.0024854031876282,0.0010616341546047,0.0001240880698599
1990-06-28,5250.0,5300.0,5250.0,5250.0,24000.0,5250.0,5181.0,5240.5,5087.6,4790.0,,False,False,False,False,False,False,True,False,False,False,False,0.0952380952380952,0.0761904761904762,,,0.0309333333333332,0.0876190476190476,-0.0666666666666666,-0.3323809523809524,-0.0008350730688935,-0.3531151607671023,4100.0,4600.0,0.5217391304347826,0.0035380139948109,0.0010526108071826,0.000138365952105
1990-06-29,5350.0,5350.0,5150.0,5150.0,37000.0,5150.0,5141.0,5240.5,5102.2,4784.666666666667,,False,False,False,False,False,False,True,False,False,True,False,0.0970873786407767,0.0970873786407767,,,0.0092815533980582,0.0709385113268607,-0.0776699029126213,-0.3300970873786408,-0.0011146718684686,-0.3502528384696117,3965.0,4620.0,1.5416666666666667,0.0028615107208654,-0.0006765032739455,-0.0002795987995751
1990-07-02,5200.0,5200.0,5150.0,5150.0,18000.0,5150.0,5121.0,5235.5,5117.2,4778.666666666667,,False,False,False,False,False,False,True,False,False,False,False,0.116504854368932,0.116504854368932,,,0.0063689320388349,0.0721035598705501,-0.145631067961165,-0.2912621359223301,-0.0012555803571428,-0.3429471874701557,3975.0,4500.0,0.4864864864864865,0.0029312905495192,6.977982865386629e-05,-0.0001409084886742
1990-07-03,5150.0,5250.0,5150.0,5250.0,40000.0,5250.0,5180.0,5235.5,5137.2,4775.333333333333,,False,False,False,False,False,False,True,False,False,False,False,0.1047619047619047,0.0952380952380952,,,0.0214857142857143,0.0904126984126984,-0.1523809523809524,-0.2904761904761905,-0.0006980315510262,-0.3375035813198357,3990.0,4550.0,2.2222222222222223,0.003893171377404,0.0009618808278847,0.0005575488061166
1990-07-04,5300.0,5400.0,5300.0,5400.0,70000.0,5400.0,5240.0,5235.5,5165.2,4772.666666666667,,False,False,False,False,False,False,True,False,False,False,False,0.0833333333333333,0.0648148148148148,,,0.0434814814814815,0.1161728395061727,-0.1666666666666666,-0.2962962962962963,-0.0005587372538062,-0.33272848820552,4290.0,4600.0,1.75,0.0054208936730426,0.0015277222956386,0.0001392942972199
1990-07-05,5450.0,5750.0,5400.0,5750.0,163000.0,5750.0,5340.0,5260.5,5209.2,4777.333333333333,,False,False,False,False,False,False,True,True,False,False,True,-0.017391304347826,-0.008695652173913,,,0.0940521739130435,0.1691594202898551,-0.208695652173913,-0.3608695652173913,0.0009768350544235,-0.3306719893546241,4300.0,4275.0,2.3285714285714287,0.0084465944866774,0.0030257008136347,0.0015355723082298
1990-07-06,5650.0,5700.0,5650.0,5650.0,35000.0,5650.0,5440.0,5290.5,5242.2,4780.666666666667,,False,False,False,False,False,False,True,True,False,True,False,0.0,-0.0176991150442477,,,0.0721769911504425,0.1538643067846607,-0.2212389380530973,-0.3141592920353982,0.000697252823874,-0.3254890842075418,4395.0,4205.0,0.2147239263803681,0.0062950669566212,-0.0021515275300561,-0.0002795822305494
1990-07-09,5650.0,5850.0,5650.0,5750.0,265000.0,5750.0,5560.0,5340.5,5280.2,4786.0,,False,False,False,False,False,False,True,True,False,False,False,0.0,-0.0260869565217391,,,0.0817043478260869,0.1676521739130435,-0.2347826086956521,-0.3469565217391304,0.0011143613316617,-0.3242205785975096,4475.0,3925.0,7.571428571428571,0.007196697094807,0.0009016301381857,0.0004171085077876
1990-07-10,5850.0,5900.0,5750.0,5800.0,155000.0,5800.0,5670.0,5425.0,5308.2,4791.333333333333,,False,False,False,False,False,False,True,True,False,True,False,-0.0086206896551724,-0.0344827586206896,,,0.0847931034482759,0.1739080459770115,-0.2370689655172413,-0.3646551724137931,0.001113120912759,-0.327741935483871,4690.0,3800.0,0.5849056603773585,0.005274857767228,-0.0019218393275789,-1.240418902642617e-06
1990-07-11,5800.0,5850.0,5700.0,5850.0,105000.0,5850.0,5760.0,5500.0,5326.2,4797.333333333333,,False,False,False,False,False,False,True,True,False,True,False,-0.017094017094017,-0.0512820512820512,,,0.0895384615384615,0.17994301994302,-0.2094017094017094,-0.4017094017094017,0.0012506948304613,-0.3341818181818182,4800.0,4250.0,0.6774193548387096,0.0033795201081446,-0.0018953376590834,0.0001375739177022
1990-07-12,5750.0,5800.0,5650.0,5650.0,59000.0,5650.0,5740.0,5540.0,5342.2,4801.333333333333,,False,False,False,False,False,False,True,True,False,True,False,0.0088495575221238,-0.0442477876106194,,,0.0544778761061947,0.1502064896755162,-0.2035398230088495,-0.3451327433628318,0.0008331019161344,-0.3354693140794224,4990.0,4375.0,0.5619047619047619,0.0029950207779566,-0.0003844993301879,-0.0004175929143269
1990-07-13,5700.0,5750.0,5650.0,5650.0,63000.0,5650.0,5740.0,5590.0,5360.2,4808.666666666667,,False,False,False,False,False,False,True,True,False,False,False,-0.0176991150442477,-0.0619469026548672,,,0.0512920353982301,0.1489085545722713,-0.2123893805309734,-0.3451327433628318,0.0015250242617497,-0.3369409660107335,5000.0,4400.0,1.0677966101694916,0.003358083653595,0.0003630628756383,0.0006919223456153
1990-07-16,5700.0,5750.0,5650.0,5750.0,75000.0,5750.0,5740.0,5650.0,5386.2,4819.866666666667,,False,False,False,False,False,False,True,True,False,False,False,-0.0260869565217391,-0.0782608695652174,,,0.0632695652173913,0.1617623188405796,-0.2182608695652174,-0.3695652173913043,0.0023237157321087,-0.3444247787610619,4940.0,4500.0,1.1904761904761905,0.0048271508670305,0.0014690672134355,0.0007986914703589
1990-07-17,5650.0,5750.0,5550.0,5750.0,93000.0,5750.0,5730.0,5700.0,5412.2,4832.533333333334,,False,False,False,False,False,False,True,True,False,True,False,-0.0260869565217391,-0.0782608695652174,,,0.0587478260869565,0.159559420289855,-0.2521739130434782,-0.3826086956521739,0.0026211234963028,-0.3532456140350877,4775.0,4400.0,1.24,0.0048039614204944,-2.3189446536121296e-05,0.0002974077641941
1990-07-18,5700.0,5750.0,5600.0,5750.0,63000.0,5750.0,5710.0,5735.0,5434.2,4848.533333333334,,False,False,False,False,False,False,True,True,False,True,False,-0.0347826086956521,-0.0956521739130434,,,0.0549217391304348,0.1567768115942028,-0.3147826086956521,-0.391304347826087,0.0032999670003299,-0.3624237140366173,4785.0,4250.0,0.6774193548387096,0.0040484339921239,-0.0007555274283704,0.000678843504027
1990-07-19,5700.0,5750.0,5600.0,5700.0,54000.0,5700.0,5720.0,5730.0,5456.2,4863.2,,False,False,False,False,False,False,True,True,False,True,False,-0.0526315789473684,-0.1403508771929824,,,0.0427719298245614,0.1468070175438597,-0.3157894736842105,-0.3631578947368421,0.0030158469046442,-0.362652705061082,4800.0,4100.0,0.8571428571428571,0.0040321102598878,-1.6323732236121075e-05,-0.0002841200956857
1990-07-20,5650.0,5700.0,5550.0,5550.0,40000.0,5550.0,5700.0,5720.0,5472.2,4875.6,,False,False,False,False,False,False,True,True,False,True,False,-0.045045045045045,-0.1441441441441441,,,0.014018018018018,0.1215135135135134,-0.2792792792792792,-0.3441441441441441,0.002543276724916,-0.3656468531468531,4785.0,4250.0,0.7407407407407407,0.002923869741603,-0.0011082405182848,-0.0004725701797282
1990-07-23,5650.0,5650.0,5550.0,5600.0,19000.0,5600.0,5670.0,5705.0,5488.2,4890.266666666666,,False,False,False,False,False,False,True,True,False,True,False,-0.0535714285714285,-0.2142857142857142,,,0.0199642857142857,0.1267380952380953,-0.2857142857142857,-0.3571428571428571,0.0029991547836517,-0.3666958808063102,4775.0,4175.0,0.475,0.0029153456506687,-8.524090934304129e-06,0.0004558780587357
1990-07-25,5550.0,5600.0,5550.0,5600.0,32000.0,5600.0,5640.0,5685.0,5502.2,4904.266666666666,,False,False,False,False,False,False,True,True,False,True,False,-0.0535714285714285,-0.2053571428571428,,,0.0174642857142857,0.1242380952380952,-0.2732142857142857,-0.3705357142857143,0.0028546571692675,-0.3672823218997361,4750.0,4145.0,1.6842105263157894,0.0025444367707462,-0.0003709088799224,-0.0001444976143841
1990-07-26,5600.0,5600.0,5550.0,5550.0,25000.0,5550.0,5600.0,5655.0,5508.2,4916.933333333333,,False,False,False,False,False,False,True,True,False,True,False,-0.063063063063063,-0.1891891891891892,,,0.0075315315315315,0.114066066066066,-0.263063063063063,-0.3693693693693693,0.0025761314640562,-0.3639257294429708,4700.0,3960.0,0.78125,0.0010892850659017,-0.0014551517048445,-0.0002785257052113
1990-07-27,5500.0,5500.0,5250.0,5400.0,27000.0,5400.0,5540.0,5630.0,5504.2,4931.933333333333,,False,False,False,False,False,False,False,True,False,True,False,-0.0925925925925925,-0.1574074074074074,,,-0.0192962962962962,0.086679012345679,-0.2407407407407407,-0.3842592592592592,0.0030414036415739,-0.3677619893428064,4650.0,4100.0,1.08,-0.0007267177791504,-0.0018160028450522,0.0004652721775177
1990-07-30,5350.0,5350.0,5300.0,5300.0,15000.0,5300.0,5490.0,5595.0,5502.2,4946.533333333334,,False,False,False,False,False,False,False,True,False,False,False,-0.1037735849056603,-0.1698113207547169,,,-0.0381509433962263,0.0666918238993709,-0.2264150943396226,-0.3396226415094339,0.0029515620367126,-0.3673815907059874,4825.0,3965.0,0.5555555555555556,-0.0003634909672494,0.000363226811901,-8.984160486130667e-05
1990-07-31,5250.0,5300.0,5200.0,5300.0,20000.0,5300.0,5430.0,5550.0,5504.2,4964.866666666667,,False,False,False,False,False,False,True,True,False,False,False,-0.1698113207547169,-0.1698113207547169,,,-0.0385283018867924,0.0632327044025157,-0.2452830188679245,-0.3443396226415094,0.0036926134303706,-0.3649549549549549,4800.0,3975.0,1.3333333333333333,0.0003633588895752,0.0007268498568246,0.000741051393658
1990-08-01,5350.0,5400.0,5300.0,5300.0,52000.0,5300.0,5370.0,5505.0,5518.0,4984.866666666667,,False,False,False,False,False,False,True,True,True,False,False,-0.160377358490566,-0.1650943396226415,,,-0.0411320754716981,0.0594591194968553,-0.2735849056603773,-0.3443396226415094,0.0040121434207534,-0.3611262488646685,5100.0,3990.0,2.6,0.0025009061254077,0.0021375472358325,0.0003195299903828
1990-08-02,5400.0,5400.0,5200.0,5200.0,25000.0,5200.0,5300.0,5450.0,5522.0,4997.533333333334,,False,False,False,False,False,False,True,True,False,True,False,-0.1346153846153846,-0.110576923076923,,,-0.0619230769230769,0.0389358974358973,-0.2788461538461538,-0.3461538461538461,0.0025345837279725,-0.3565137614678899,5400.0,4290.0,0.4807692307692308,0.0007243752263672,-0.0017765308990405,-0.0014775596927809
1990-08-03,5100.0,5100.0,4900.0,4900.0,38000.0,4900.0,5200.0,5370.0,5508.0,5004.533333333334,,False,False,False,False,False,False,False,True,False,True,False,-0.0714285714285714,-0.0816326530612244,,,-0.1240816326530612,-0.0213333333333334,-0.2040816326530612,-0.3357142857142857,0.0013987318164863,-0.3539106145251396,5250.0,4300.0,1.52,-0.0025417574437182,-0.0032661326700854,-0.0011358519114861
1990-08-06,4900.0,4900.0,4750.0,4750.0,29000.0,4750.0,5090.0,5290.0,5492.0,5009.2,,False,False,False,False,False,False,False,True,False,True,False,-0.0736842105263157,-0.0631578947368421,,,-0.1562105263157894,-0.0545684210526315,-0.1736842105263158,-0.3263157894736842,0.0009316191540896,-0.3524574669187145,5200.0,4395.0,0.7631578947368421,-0.0029133284777858,-0.0003715710340676,-0.0004671126623966
1990-08-07,4500.0,4500.0,4400.0,4400.0,40000.0,4400.0,4910.0,5170.0,5462.0,5007.866666666667,,False,False,False,False,False,False,False,False,False,True,False,0.0,0.021590909090909,,,-0.2413636363636363,-0.1381515151515152,-0.0545454545454545,-0.2784090909090909,-0.0002662477701748,-0.3456479690522244,5100.0,4475.0,1.3793103448275863,-0.0054924935920908,-0.0025791651143049,-0.0011978669242645
1990-08-08,4400.0,4450.0,4350.0,4450.0,27000.0,4450.0,4740.0,5055.0,5430.0,5008.533333333334,,False,False,False,False,False,False,False,True,False,True,False,-0.0056179775280898,-0.0337078651685393,,,-0.2202247191011236,-0.1255131086142323,-0.1123595505617977,-0.2865168539325842,0.0001331061654776,-0.3376854599406528,5100.0,4690.0,0.675,-0.0058931860036832,-0.0004006924115924,0.0003993539356525
1990-08-09,4500.0,4575.0,4500.0,4500.0,44000.0,4500.0,4600.0,4950.0,5394.0,5011.866666666667,,False,False,False,False,False,False,False,True,False,True,False,0.0277777777777777,-0.1244444444444444,,,-0.1986666666666666,-0.1137481481481481,-0.1555555555555555,-0.2888888888888888,0.000665088190694,-0.3296969696969697,5200.0,4800.0,1.6296296296296295,-0.0066740823136818,-0.0007808963099986,0.0005319820252163
1990-08-10,4600.0,4625.0,4550.0,4550.0,24000.0,4550.0,4530.0,4865.0,5346.0,5017.866666666667,,False,False,False,False,False,False,False,True,False,True,False,-0.0109890109890109,-0.1428571428571428,,,-0.1749450549450549,-0.1028278388278388,-0.1593406593406593,-0.2835164835164835,0.001195727267896,-0.3193216855087358,5150.0,4990.0,0.5454545454545454,-0.0089786756453423,-0.0023045933316604,0.000530639077202
1990-08-13,4550.0,4550.0,4350.0,4400.0,29000.0,4400.0,4460.0,4775.0,5296.0,5019.866666666667,,False,False,False,False,False,False,False,True,False,True,False,0.0113636363636363,-0.0909090909090909,,,-0.2036363636363636,-0.1408787878787879,-0.1363636363636363,-0.2136363636363636,0.0003984169566256,-0.3073298429319371,5150.0,5000.0,1.2083333333333333,-0.009441087613293,-0.0004624119679507,-0.0007973103112703
1990-08-14,4400.0,4400.0,4350.0,4400.0,8000.0,4400.0,4460.0,4685.0,5242.0,5022.866666666667,,False,False,False,False,False,False,False,True,False,True,False,0.021590909090909,-0.0909090909090909,,,-0.1913636363636363,-0.141560606060606,-0.125,-0.1909090909090909,0.0005972684920961,-0.2922091782283885,5200.0,4940.0,0.2758620689655172,-0.0103014116749332,-0.0008603240616401,0.0001988515354704
1990-08-15,4400.0,4450.0,4400.0,4425.0,63000.0,4425.0,4455.0,4597.5,5187.0,5026.6,,False,False,False,False,False,False,False,True,False,True,False,-0.0282485875706214,-0.0802259887005649,,,-0.1722033898305084,-0.1359548022598871,-0.1525423728813559,-0.1977401129943503,0.0007427154206289,-0.2771071234366503,5250.0,4775.0,7.875,-0.0106034316560632,-0.00030201998113,0.0001454469285328
1990-08-16,4500.0,4645.0,4500.0,4625.0,9000.0,4625.0,4480.0,4540.0,5138.0,5035.466666666666,,False,False,False,False,False,False,False,True,False,False,False,-0.1481081081081081,-0.1156756756756756,,,-0.1109189189189189,-0.0887495495495494,-0.2108108108108108,-0.2432432432432432,0.0017608430863738,-0.2657488986784141,5400.0,4785.0,0.1428571428571428,-0.0095367847411444,0.0010666469149188,0.0010181276657448
1990-08-17,4590.0,4590.0,4500.0,4500.0,12000.0,4500.0,4470.0,4500.0,5092.0,5040.8,,False,False,False,False,False,False,False,True,False,False,False,-0.1333333333333333,-0.0888888888888888,,,-0.1315555555555555,-0.1201777777777778,-0.1955555555555555,-0.2388888888888889,0.0010580331164366,-0.2554444444444444,5500.0,4800.0,1.3333333333333333,-0.0090337784760408,0.0005030062651035,-0.0007028099699371
1990-08-20,4500.0,4500.0,4450.0,4450.0,4000.0,4450.0,4480.0,4470.0,5044.0,5047.266666666666,,False,False,True,False,False,False,False,True,False,True,False,-0.1011235955056179,-0.0786516853932584,,,-0.1334831460674157,-0.1342172284644194,-0.1865168539325842,-0.2370786516853932,0.001281221519238,-0.2460850111856823,5350.0,4785.0,0.3333333333333333,-0.0095162569389373,-0.0004824784628965,0.0002231884028013
1990-08-21,4450.0,4500.0,4450.0,4495.0,5000.0,4495.0,4499.0,4479.5,4993.8,5054.2,,False,False,False,False,False,False,False,True,False,True,True,-0.1101223581757508,-0.1101223581757508,,,-0.1109677419354839,-0.1244048943270299,-0.2246941045606229,-0.2658509454949944,0.0013717963937583,-0.2448934032816162,5250.0,4775.0,1.25,-0.0100524650566702,-0.0005362081177328,9.057487452028688e-05
1990-08-22,4400.0,4400.0,4240.0,4300.0,7000.0,4300.0,4474.0,4464.5,4935.8,5058.333333333333,,False,False,False,False,False,False,False,True,False,True,False,-0.0534883720930232,-0.1046511627906976,,,-0.1478604651162791,-0.1763565891472867,-0.2441860465116279,-0.2674418604651162,0.000817133443163,-0.2429163400156792,4955.0,4750.0,1.4,-0.0117508813160987,-0.0016984162594284,-0.0005546629505952
1990-08-23,4100.0,4100.0,3940.0,3940.0,26000.0,3940.0,4337.0,4408.5,4863.4,5053.666666666667,,False,False,False,False,False,False,False,False,False,True,False,0.0380710659898477,-0.0482233502538071,,,-0.2343654822335024,-0.2826565143824028,-0.1928934010152284,-0.1878172588832487,-0.0009234219378667,-0.2332993081547011,5100.0,4700.0,3.7142857142857135,-0.0148867047744377,-0.003135823458339,-0.0017405553810298
1990-08-27,3925.0,3940.0,3900.0,3900.0,13000.0,3900.0,4217.0,4343.5,4791.4,5048.333333333333,,False,False,False,False,False,False,False,False,False,True,False,0.0512820512820512,0.0,,,-0.2285641025641024,-0.2944444444444443,-0.1448717948717948,-0.1794871794871795,-0.0010564542753385,-0.2232070910556003,5250.0,4650.0,0.5,-0.0150269232374671,-0.0001402184630293,-0.0001330323374717
1990-08-28,3950.0,4000.0,3950.0,4000.0,28000.0,4000.0,4127.0,4303.5,4729.4,5043.066666666667,,False,False,False,False,False,False,False,False,False,False,False,0.025,-0.01875,,,-0.1823499999999999,-0.2607666666666666,-0.175,-0.20625,-0.0010443381011553,-0.2226095038921808,5150.0,4825.0,2.1538461538461537,-0.0131094853469784,0.0019174378904886,1.211617418318215e-05
1990-08-29,4030.0,4050.0,4000.0,4000.0,32000.0,4000.0,4028.0,4263.5,4665.4,5036.733333333334,,False,False,False,False,False,False,False,False,False,True,False,0.0,0.04,,,-0.1663499999999999,-0.2591833333333334,-0.175,-0.225,-0.0012574287567338,-0.2261053125366482,5150.0,4800.0,1.1428571428571428,-0.0137180091739186,-0.0006085238269401,-0.0002130906555784
1990-08-30,4015.0,4070.0,4015.0,4070.0,6000.0,4070.0,3982.0,4228.0,4604.2,5028.466666666666,,False,False,False,False,False,False,False,False,False,False,False,-0.054054054054054,-0.0294840294840294,,,-0.1312530712530712,-0.2354954954954954,-0.1547911547911548,-0.2383292383292383,-0.0016439736433904,-0.2302507095553453,5250.0,5100.0,0.1875,-0.0132922114591025,0.0004257977148161,-0.0003865448866566
1990-08-31,4080.0,4095.0,4025.0,4090.0,37000.0,4090.0,4012.0,4174.5,4545.8,5019.0,,False,False,False,False,False,False,False,False,False,False,False,-0.0831295843520782,-0.0709046454767726,,,-0.1114425427872861,-0.2271393643031785,-0.1320293398533007,-0.2481662591687041,-0.0018861659029022,-0.230566534914361,5400.0,5400.0,6.166666666666667,-0.0128470236262043,0.0004451878328981,-0.0002421922595117
1990-09-03,4095.0,4135.0,4095.0,4100.0,12000.0,4100.0,4052.0,4134.5,4493.8,5007.133333333333,,False,False,False,False,False,False,False,False,False,False,False,-0.048780487804878,-0.0670731707317073,,,-0.0960487804878049,-0.2212520325203252,-0.1707317073170731,-0.2439024390243902,-0.0023699522015258,-0.2309831902285645,5750.0,5250.0,0.3243243243243243,-0.0115714985090569,0.0012755251171474,-0.0004837862986236
1990-09-04,4100.0,4145.0,4100.0,4100.0,27000.0,4100.0,4072.0,4099.5,4445.8,4995.133333333333,,False,False,False,False,False,False,False,False,False,False,False,-0.0426829268292682,-0.073170731707317,,,-0.0843414634146342,-0.2183252032520325,-0.1707317073170731,-0.2439024390243902,-0.0024023382759218,-0.2316136114160263,5650.0,5200.0,2.25,-0.0107967070043636,0.0007747915046932,-3.2386074396049784e-05
1990-09-05,4025.0,4050.0,4000.0,4000.0,47000.0,4000.0,4072.0,4050.0,4393.8,4982.6,,False,False,False,False,False,False,False,False,False,True,False,0.04,-0.0375,,,-0.09845,-0.2456500000000001,-0.1625,-0.2375,-0.0025154203294129,-0.228395061728395,5750.0,5100.0,1.7407407407407407,-0.0118348582092949,-0.0010381512049312,-0.000113082053491
1990-09-06,3925.0,3925.0,3850.0,3850.0,22000.0,3850.0,4028.0,4005.0,4335.8,4970.266666666666,,False,False,False,False,False,False,False,False,False,True,False,0.0259740259740259,-0.0259740259740259,,,-0.1261818181818182,-0.2909783549783549,-0.1415584415584415,-0.2077922077922078,-0.0024814228612818,-0.2222222222222222,5800.0,5100.0,0.4680851063829787,-0.013377000784169,-0.001542142574874,3.3997468131049136e-05
1990-09-07,3700.0,3750.0,3675.0,3750.0,42000.0,3750.0,3960.0,3986.0,4277.8,4956.466666666666,,False,False,False,False,False,False,False,False,False,True,False,0.0133333333333333,-0.0266666666666666,,,-0.1407466666666667,-0.3217244444444443,-0.1066666666666666,-0.22,-0.002784241462332,-0.225413948820873,5850.0,5200.0,1.9090909090909087,-0.0135583711253448,-0.0001813703411757,-0.0003028186010501
1990-09-10,3745.0,3900.0,3745.0,3900.0,13000.0,3900.0,3920.0,3986.0,4237.8,4944.466666666666,,False,False,False,False,False,False,False,False,False,False,False,-0.0192307692307692,-0.0717948717948717,,,-0.0866153846153846,-0.2678119658119657,-0.1012820512820512,-0.2615384615384615,-0.0024269553844701,-0.2334420471650777,5650.0,5150.0,0.3095238095238095,-0.0094388597857378,0.0041195113396069,0.0003572860778618
1990-09-11,3900.0,4000.0,3900.0,3925.0,28000.0,3925.0,3885.0,3978.5,4204.8,4933.0,,False,False,False,False,False,False,False,False,False,False,False,-0.0318471337579617,-0.0777070063694267,,,-0.0712866242038217,-0.2568152866242038,-0.1210191082802547,-0.267515923566879,-0.0023244813838772,-0.2395375141384944,5650.0,5150.0,2.1538461538461537,-0.0078481735159817,0.0015906862697561,0.0001024740005929
1990-09-12,3925.0,4160.0,3925.0,4160.0,24000.0,4160.0,3917.0,3994.5,4195.2,4924.8,,False,False,False,False,False,False,False,False,False,False,True,-0.0745192307692307,-0.1622596153846154,,,-0.0084615384615384,-0.1838461538461538,-0.1225961538461538,-0.3112980769230769,-0.0016650422352176,-0.2484666416322443,5750.0,5200.0,0.8571428571428571,-0.0022883295194508,0.0055598439965308,0.0006594391486595
1990-09-13,3950.0,3955.0,3950.0,3950.0,58000.0,3950.0,3937.0,3982.5,4175.2,4914.133333333333,,False,False,False,False,False,False,False,False,False,True,False,-0.050632911392405,-0.1772151898734177,,,-0.057012658227848,-0.2440843881856539,-0.0569620253164556,-0.2772151898734177,-0.0021706099413935,-0.2523540489642185,5750.0,5250.0,2.4166666666666665,-0.0047901896915117,-0.0025018601720608,-0.0005055677061759
1990-09-14,3925.0,3970.0,3800.0,3800.0,82000.0,3800.0,3947.0,3953.5,4147.2,4902.133333333333,,False,False,False,False,False,False,False,False,False,True,False,-0.0394736842105263,-0.1631578947368421,,,-0.0913684210526315,-0.2900350877192982,0.0,-0.2763157894736842,-0.002447913833433,-0.2550904262046288,5750.0,5400.0,1.4137931034482758,-0.0067515432098765,-0.0019613535183647,-0.0002773038920394
1990-09-17,3830.0,3830.0,3825.0,3825.0,2000.0,3825.0,3932.0,3926.0,4118.2,4891.133333333333,,False,False,False,False,False,False,False,False,False,True,False,-0.05359477124183,-0.1281045751633986,,,-0.0766535947712417,-0.2787276688453158,-0.0392156862745098,-0.2823529411764706,-0.0022489675194569,-0.2589149261334691,5700.0,5500.0,0.024390243902439,-0.0070419115147394,-0.0002903683048629,0.000198946313976
1990-09-18,3825.0,3825.0,3800.0,3800.0,18000.0,3800.0,3907.0,3896.0,4094.2,4877.466666666666,,False,False,False,False,False,False,False,False,False,False,False,-0.0473684210526315,-0.131578947368421,,,-0.0774210526315789,-0.2835438596491227,0.0197368421052631,-0.2763157894736842,-0.0028020010387906,-0.2621919917864476,5550.0,5350.0,9.0,-0.0058619510527087,0.0011799604620307,-0.0005530335193337
1990-09-19,3800.0,3850.0,3800.0,3850.0,5000.0,3850.0,3845.0,3881.0,4072.2,4864.8,,False,False,False,False,False,False,False,False,False,False,False,-0.0948051948051948,-0.1428571428571428,,,-0.0577142857142856,-0.2635844155844156,-0.0246753246753246,-0.2662337662337662,-0.0026037384202158,-0.265137851069312,5600.0,5250.0,0.2777777777777778,-0.0054024851431658,0.0004594659095428,0.0001982626185748
1990-09-20,3800.0,3850.0,3750.0,3750.0,14000.0,3750.0,3805.0,3871.0,4045.2,4846.8,,False,False,False,False,False,False,False,False,False,True,False,-0.1333333333333333,-0.0826666666666666,,,-0.0787199999999999,-0.2924800000000001,-0.0173333333333333,-0.2493333333333333,-0.0037137905422134,-0.2693102557478687,5600.0,4955.0,2.8,-0.0066745772767724,-0.0012720921336066,-0.0011100521219975
1990-09-21,3745.0,3745.0,3625.0,3650.0,44000.0,3650.0,3775.0,3861.0,4006.2,4823.466666666666,,False,False,False,False,False,False,False,False,False,True,False,-0.1287671232876712,-0.0273972602739726,,,-0.0975890410958903,-0.321497716894977,-0.0410958904109589,-0.2260273972602739,-0.0048374613003097,-0.27000777000777,5550.0,5100.0,3.142857142857143,-0.0097349108881234,-0.0030603336113509,-0.0011236707580963
1990-09-25,3640.0,3640.0,3620.0,3620.0,7000.0,3620.0,3734.0,3833.0,3971.0,4801.733333333334,,False,False,False,False,False,False,False,False,False,False,False,-0.0787292817679558,-0.0607734806629834,,,-0.0969613259668508,-0.3264456721915286,0.0220994475138121,-0.2196132596685082,-0.0045261433371281,-0.266110096530133,5400.0,5250.0,0.1590909090909091,-0.0088642659279777,0.0008706449601456,0.0003113179631816
1990-09-26,3625.0,3625.0,3620.0,3620.0,6000.0,3620.0,3698.0,3802.5,3937.8,4780.666666666667,,False,False,False,False,False,False,False,False,False,False,False,-0.0883977900552486,-0.0607734806629834,,,-0.0877900552486188,-0.3206261510128914,0.0220994475138121,-0.1919889502762431,-0.0044066378468832,-0.2589086127547666,5300.0,5150.0,0.8571428571428571,-0.0084311036619431,0.0004331622660346,0.0001195054902448
1990-09-27,3500.0,3500.0,3485.0,3485.0,12000.0,3485.0,3625.0,3735.0,3897.4,4759.133333333333,,False,False,False,False,False,False,False,False,False,True,False,-0.0530846484935437,-0.0387374461979913,,,-0.1183357245337159,-0.3656049736967957,0.0401721664275466,-0.1535150645624103,-0.0045246333366019,-0.243239625167336,5300.0,5150.0,2.0,-0.0103658849489403,-0.0019347812869971,-0.0001179954897187
1990-10-01,3235.0,3250.0,3230.0,3250.0,8000.0,3250.0,3525.0,3665.0,3855.4,4734.466666666666,,False,False,False,False,False,False,False,False,False,True,False,0.0584615384615384,0.0169230769230769,,,-0.1862769230769231,-0.4567589743589742,0.0923076923076923,-0.0753846153846153,-0.0052100201360238,-0.2246930422919509,5300.0,5250.0,0.6666666666666666,-0.0108938112776884,-0.000527926328748,-0.0006853867994218
1990-10-02,3125.0,3180.0,3095.0,3180.0,18000.0,3180.0,3431.0,3603.0,3825.0,4707.533333333334,,False,False,False,False,False,False,False,False,False,False,False,0.1163522012578616,0.0534591194968553,,,-0.2028301886792453,-0.4803563941299791,0.10062893081761,-0.0251572327044025,-0.0057213261014259,-0.2016375242853177,5200.0,5400.0,2.25,-0.0079477124183006,0.0029460988593877,-0.000511305965402
1990-10-03,3335.0,3335.0,3335.0,3335.0,9000.0,3335.0,3374.0,3554.0,3802.4,4683.333333333333,,False,False,False,False,False,False,False,False,False,False,False,0.0194902548725637,0.0509745127436281,,,-0.1401499250374812,-0.4042978510744627,0.088455772113943,-0.0179910044977511,-0.005167259786477,-0.1757175014068655,4900.0,5750.0,0.5,-0.0059436145592257,0.0020040978590749,0.0005540663149488
1990-10-04,3345.0,3375.0,3300.0,3300.0,9000.0,3300.0,3310.0,3504.0,3774.4,4658.666666666667,,False,False,False,False,False,False,False,False,False,True,False,0.0303030303030303,0.0454545454545454,,,-0.1437575757575757,-0.4117171717171718,0.103030303030303,0.0,-0.0052947910704062,-0.1482591324200913,4750.0,5650.0,1.0,-0.0074183976261127,-0.001474783066887,-0.0001275312839292
1990-10-05,3350.0,3390.0,3300.0,3300.0,25000.0,3300.0,3273.0,3449.0,3746.4,4633.333333333333,,False,False,False,False,False,False,False,False,False,True,False,0.0151515151515151,0.106060606060606,,,-0.1352727272727273,-0.4040404040404039,0.0909090909090909,0.0454545454545454,-0.0054676258992807,-0.1165555233400985,4400.0,5750.0,2.7777777777777777,-0.007473841554559,-5.54439284462839e-05,-0.0001728348288744
1990-10-08,3315.0,3440.0,3315.0,3440.0,9000.0,3440.0,3311.0,3418.0,3721.2,4609.2,,False,False,False,False,False,False,False,False,False,False,False,-0.0392441860465116,0.0828488372093023,,,-0.0817441860465115,-0.3398837209302325,0.0247093023255813,0.0159883720930232,-0.0052359050015909,-0.0886483323581041,4450.0,5800.0,0.36,-0.0067720090293454,0.0007018325252135,0.0002317208976897
1990-10-09,3550.0,3550.0,3550.0,3550.0,6000.0,3550.0,3385.0,3408.0,3699.6,4584.533333333334,,False,False,False,False,False,False,False,False,False,False,False,-0.056338028169014,0.0704225352112676,,,-0.0421408450704225,-0.291417840375587,-0.0140845070422535,-0.0140845070422535,-0.0053804094927872,-0.0661678403755868,4500.0,5850.0,0.6666666666666666,-0.0058384690236782,0.0009335400056672,-0.0001445044911962
1990-10-12,3445.0,3445.0,3310.0,3400.0,8000.0,3400.0,3398.0,3386.0,3671.6,4556.533333333334,,False,False,False,False,False,False,False,False,False,True,False,0.0308823529411764,0.0808823529411764,,,-0.0798823529411764,-0.3401568627450981,-0.0220588235294117,0.0264705882352941,-0.0061450225317492,-0.0404607206142941,4550.0,5650.0,1.3333333333333333,-0.0076261030613356,-0.0017876340376574,-0.000764613038962
1990-10-15,3395.0,3400.0,3395.0,3400.0,7000.0,3400.0,3418.0,3364.0,3643.6,4530.533333333334,,False,False,False,False,False,False,False,False,False,True,False,0.0147058823529411,0.1397058823529411,,,-0.0716470588235293,-0.3325098039215687,0.0294117647058823,0.0,-0.0057388386944877,-0.0200653983353151,4400.0,5650.0,0.875,-0.0076847074322099,-5.86043708742448e-05,0.0004061838372615
1990-10-16,3350.0,3400.0,3350.0,3350.0,15000.0,3350.0,3428.0,3350.5,3617.6,4505.2,,False,False,False,False,False,False,False,False,False,False,False,0.0895522388059701,0.1208955223880597,,,-0.0798805970149253,-0.3448358208955223,0.0373134328358208,0.0417910447761194,-0.0056231317884519,0.0,4400.0,5750.0,2.142857142857143,-0.0071870853604599,0.0004976220717499,0.0001157069060357
1990-10-17,3350.0,3350.0,3300.0,3305.0,17000.0,3305.0,3401.0,3356.0,3595.8,4483.2,,False,False,False,False,False,False,False,False,False,False,False,0.1270801815431164,0.1149773071104387,,,-0.0879878971255673,-0.3564901664145234,0.0514372163388804,0.0514372163388804,-0.0049072091363311,0.0123659117997616,4425.0,5750.0,1.1333333333333333,-0.0060626286222814,0.0011244567381784,0.0007159226521208
1990-10-18,3345.0,3350.0,3330.0,3350.0,21000.0,3350.0,3361.0,3373.0,3579.8,4459.866666666667,,False,False,False,False,False,False,False,False,False,False,False,0.1343283582089552,0.044776119402985,,,-0.0685970149253731,-0.3313034825870647,0.0149253731343283,0.0417910447761194,-0.0052318454961283,0.0188259709457456,4625.0,5750.0,1.2352941176470589,-0.0044695234370635,0.0015931051852179,-0.0003246363597971
1990-10-19,3375.0,3505.0,3375.0,3505.0,17000.0,3505.0,3382.0,3390.0,3564.0,4436.6,,False,False,False,False,False,False,False,False,False,False,False,0.0485021398002853,0.0556348074179743,,,-0.016833095577746,-0.2657917261055635,-0.0713266761768901,-0.0342368045649072,-0.0052442561120376,0.0169616519174041,4500.0,5700.0,0.8095238095238095,-0.0044332210998878,3.63023371757051e-05,-1.2410615909325302e-05
1990-10-22,3455.0,3690.0,3450.0,3450.0,69000.0,3450.0,3392.0,3405.0,3545.0,4413.933333333333,,False,False,False,False,False,False,False,False,False,True,False,0.1231884057971014,0.072463768115942,,,-0.0275362318840579,-0.2794009661835749,-0.072463768115942,-0.0188405797101449,-0.0051352535153831,0.0149779735682819,4450.0,5550.0,4.0588235294117645,-0.0053596614950634,-0.0009264403951756,0.0001090025966545
1990-10-23,3600.0,3650.0,3600.0,3650.0,16000.0,3650.0,3452.0,3440.0,3524.6,4393.933333333333,,False,False,False,False,True,False,False,False,False,True,False,0.0287671232876712,-0.0068493150684931,,,0.0343561643835616,-0.2038173515981735,-0.1301369863013698,-0.0684931506849315,-0.0045517304161798,0.0031976744186046,4495.0,5600.0,0.2318840579710145,-0.0057878908244907,-0.0004282293294272,0.0005835230992032
1990-10-24,3745.0,3750.0,3705.0,3725.0,21000.0,3725.0,3536.0,3468.5,3515.6,4373.6,,False,False,False,False,False,False,False,False,False,False,False,-0.010738255033557,-0.046979865771812,,,0.0562147651006711,-0.1741208053691276,-0.1476510067114094,-0.0348993288590604,-0.0046491067617827,-0.0021623180049012,4300.0,5600.0,1.3125,-0.0025600182045738,0.0032278726199168,-9.737634560286376e-05
1990-10-25,3765.0,3800.0,3765.0,3800.0,25000.0,3800.0,3626.0,3493.5,3515.6,4352.266666666666,,False,False,False,False,False,False,False,False,False,False,False,-0.0789473684210526,-0.0789473684210526,,,0.0748421052631579,-0.1453333333333332,-0.1578947368421052,-0.0592105263157894,-0.0049016604374733,-0.007156147130385,3940.0,5550.0,1.1904761904761905,0.0,0.0025600182045738,-0.0002525536756905
1990-10-26,3775.0,3800.0,3675.0,3675.0,39000.0,3675.0,3660.0,3521.0,3509.6,4324.6,,False,False,False,False,False,False,False,False,False,True,False,0.0068027210884353,-0.0122448979591836,,,0.0450068027210884,-0.1767619047619048,-0.1129251700680272,-0.0217687074829931,-0.0063975088254789,-0.0119284294234592,3900.0,5400.0,1.56,-0.0017095965352176,-0.0017095965352176,-0.0014958483880055
1990-10-30,3975.0,4000.0,3875.0,3875.0,23000.0,3875.0,3745.0,3568.5,3512.6,4300.933333333333,,False,False,False,False,False,False,True,False,False,False,False,-0.0451612903225806,-0.0606451612903225,,,0.0935225806451613,-0.1099182795698924,-0.1070967741935483,-0.0606451612903225,-0.0055026815884924,-0.0183550511419363,4000.0,5300.0,0.5897435897435898,0.0008540682115811,0.0025636647467988,0.0008948272369864
1990-10-31,3755.0,3775.0,3750.0,3755.0,29000.0,3755.0,3766.0,3609.0,3508.8,4274.333333333333,,False,False,False,False,False,False,False,False,False,True,False,-0.0346205059920106,-0.0412782956058588,,,0.065565912117177,-0.1383044829116732,-0.0519307589880159,-0.0399467376830892,-0.0062231927006161,-0.0261845386533665,4000.0,5300.0,1.2608695652173914,-0.0010829913360692,-0.0019370595476503,-0.0007205111121236
1990-11-01,3700.0,3705.0,3685.0,3685.0,35000.0,3685.0,3758.0,3647.0,3506.2,4246.133333333333,,False,False,False,False,False,False,False,False,False,False,False,-0.0366350067842605,-0.0434192672998643,,,0.0485210312075984,-0.1522749886928991,-0.0366350067842605,-0.0122116689280868,-0.0066413364315769,-0.0318069646284617,4070.0,5300.0,1.206896551724138,-0.0007415435514232,0.0003414477846459,-0.0004181437309607
1990-11-02,3485.0,3500.0,3455.0,3500.0,48000.0,3500.0,3698.0,3662.0,3500.2,4214.8,,False,False,False,False,False,True,False,False,False,True,False,0.0,0.0,,,-5.7142857142805175e-05,-0.2042285714285714,0.0,0.07,-0.0074341210338172,-0.028809393773894,4090.0,5200.0,1.3714285714285714,-0.0017141877606993,-0.000972644209276,-0.0007927846022403
1990-11-05,3700.0,3700.0,3700.0,3700.0,1000.0,3700.0,3703.0,3681.5,3503.4,4188.8,,False,False,False,False,False,False,True,False,False,False,False,-0.0189189189189189,-0.1013513513513513,,,0.0531351351351351,-0.1321081081081081,-0.0743243243243243,0.0405405405405405,-0.0062070282658517,-0.0213228303680565,4100.0,4900.0,0.0208333333333333,0.0009133984129703,0.0026275861736697,0.0012270927679654
1990-11-06,3650.0,3700.0,3650.0,3700.0,18000.0,3700.0,3668.0,3706.5,3506.6,4162.8,4764.3,False,False,False,False,False,False,True,False,False,True,False,-0.0162162162162162,-0.054054054054054,,,0.0522702702702702,-0.1250810810810811,-0.0824324324324324,0.0608108108108108,-0.0062457960987796,-0.0133549170376365,4100.0,4750.0,18.0,0.0009125648776592,-8.335353111160694e-07,-3.876783292787196e-05
1990-11-07,3625.0,3650.0,3625.0,3625.0,13000.0,3625.0,3642.0,3704.0,3512.2,4134.466666666666,4755.175,False,False,False,False,False,False,True,False,True,False,False,-0.0068965517241379,-0.0413793103448275,,,0.0311172413793103,-0.140542528735632,-0.0896551724137931,0.0827586206896551,-0.006852959672348,0.0014848812095032,4000.0,4400.0,0.7222222222222222,0.0015944422299413,0.0006818773522821,-0.0006071635735683
1990-11-08,3600.0,3600.0,3500.0,3550.0,48000.0,3550.0,3615.0,3686.5,3524.2,4105.133333333333,4744.675,False,False,False,False,False,False,True,False,False,False,False,-0.0070422535211267,-0.0211267605633802,,,0.0072676056338028,-0.15637558685446,-0.1126760563380281,0.0774647887323943,-0.0071455251148967,0.0124779601247796,3850.0,4450.0,3.692307692307693,0.0034050280914817,0.0018105858615404,-0.0002925654425486
1990-11-09,3500.0,3555.0,3500.0,3500.0,9000.0,3500.0,3615.0,3656.5,3537.0,4075.133333333333,4732.925,False,False,False,False,False,False,True,False,False,False,False,0.0,-0.0285714285714285,,,-0.0105714285714285,-0.1643238095238094,-0.0857142857142857,0.0714285714285714,-0.0073617223158342,0.0255709011349651,3750.0,4500.0,0.1875,0.0036188860616342,0.0002138579701524,-0.0002161972009375
1990-11-13,3530.0,3630.0,3530.0,3630.0,7000.0,3630.0,3601.0,3652.0,3548.8,4047.533333333333,4722.325,False,False,False,False,False,False,True,False,False,True,False,-0.0840220385674931,-0.1033057851239669,,,0.0223691460055095,-0.1150229568411385,-0.1184573002754821,0.0303030303030303,-0.0068189679310856,0.0308050383351588,3900.0,4550.0,0.7777777777777778,0.0033250676284941,-0.00029381843314,0.0005427543847485
1990-11-14,3640.0,3700.0,3640.0,3640.0,5000.0,3640.0,3589.0,3628.5,3562.4,4022.0666666666666,4712.275,False,False,False,False,False,False,True,False,False,False,False,-0.0384615384615384,-0.1208791208791208,,,0.0213186813186812,-0.1049633699633699,-0.1277472527472527,0.0,-0.0063317365864977,0.0374810527766294,3925.0,4400.0,0.7142857142857143,0.003817651021783,0.0004925833932888,0.0004872313445879
1990-11-15,3675.0,3675.0,3600.0,3600.0,4000.0,3600.0,3584.0,3613.0,3574.4,3995.4,4701.275,False,False,False,False,False,False,True,False,False,True,False,-0.0347222222222222,-0.1180555555555555,,,0.007111111111111,-0.1098333333333333,-0.1388888888888889,0.0416666666666666,-0.0066743421601508,0.0459451978964849,4160.0,4400.0,0.8,0.0033572068039391,-0.0004604442178439,-0.000342605573653
1990-11-19,3550.0,3550.0,3505.0,3525.0,14000.0,3525.0,3579.0,3597.0,3577.8,3967.733333333333,4689.4,False,False,False,False,False,False,True,False,False,True,False,-0.0141843971631205,-0.0992907801418439,,,-0.0149787234042553,-0.1255981087470448,-0.1205673758865248,0.0638297872340425,-0.0069729148464279,0.0536558242980261,3950.0,4425.0,3.5,0.0009503046564928,-0.0024069021474462,-0.0002985726862771
1990-11-20,3475.0,3500.0,3475.0,3500.0,20000.0,3500.0,3579.0,3597.0,3575.8,3940.4,4678.4,False,False,False,False,False,False,False,False,False,True,False,-0.0285714285714285,-0.0857142857142857,,,-0.0216571428571429,-0.1258285714285714,-0.1214285714285714,0.0571428571428571,-0.00693669001455,0.0524047817625799,3800.0,4625.0,1.4285714285714286,-0.0005593153979529,-0.0015096200544457,3.6224831877874376e-05
1990-11-21,3475.0,3475.0,3325.0,3325.0,8000.0,3325.0,3518.0,3559.5,3572.8,3912.733333333333,4666.525,False,False,False,False,False,False,False,False,False,True,False,-0.0210526315789473,-0.0195488721804511,,,-0.0745263157894737,-0.1767619047619047,-0.0676691729323308,0.112781954887218,-0.0070709308071084,0.0592779884815283,3825.0,4500.0,0.4,-0.0008396775638154,-0.0002803621658625,-0.0001342407925584
1990-11-26,3500.0,3500.0,3500.0,3500.0,33000.0,3500.0,3490.0,3539.5,3576.8,3888.733333333333,4655.275,False,False,False,False,False,False,True,False,True,False,False,-0.0857142857142857,-0.0114285714285714,,,-0.0219428571428571,-0.1110666666666666,-0.1142857142857142,0.05,-0.0061716754384461,0.0582003107783585,3800.0,4450.0,4.125,0.0011183180496533,0.0019579956134688,0.0008992553686623
1990-11-27,3500.0,3500.0,3475.0,3475.0,2000.0,3475.0,3465.0,3524.5,3581.8,3864.4,4644.4,False,False,False,False,False,False,True,False,False,False,False,-0.0863309352517985,0.0244604316546762,,,-0.0307338129496403,-0.1120575539568345,-0.1223021582733813,0.0532374100719424,-0.0062967946727391,0.055185132642928,3850.0,4495.0,0.0606060606060606,0.0013959461723155,0.0002776281226622,-0.000125119234293
1990-11-28,3475.0,3500.0,3475.0,3475.0,8000.0,3475.0,3455.0,3517.0,3588.6,3840.0666666666666,4635.275,False,False,False,False,False,False,True,False,False,False,False,-0.0863309352517985,0.0215827338129496,,,-0.0326906474820143,-0.1050551558752997,-0.1223021582733813,0.0503597122302158,-0.0063366955434801,0.0524594825135058,3750.0,4300.0,4.0,0.0018948893718998,0.0004989431995842,-3.990087074107456e-05
1990-11-29,3470.0,3470.0,3400.0,3400.0,13000.0,3400.0,3435.0,3507.0,3590.6,3816.0666666666666,4625.275,False,False,False,False,False,False,True,False,False,True,False,-0.0588235294117647,0.0294117647058823,,,-0.0560588235294117,-0.1223725490196078,-0.1397058823529411,0.1191176470588235,-0.0062891983019164,0.0570287995437696,3650.0,3940.0,1.625,0.0005570099704784,-0.0013378794014213,4.74972415637296e-05
1990-11-30,3400.0,3400.0,3255.0,3255.0,16000.0,3255.0,3421.0,3469.5,3580.6,3794.133333333333,4614.8,False,False,False,False,False,False,False,False,False,True,False,0.0015360983102918,0.0522273425499231,,,-0.1000307219662058,-0.1656323604710701,-0.1152073732718894,0.1751152073732718,-0.0057808546527973,0.070903588413316,3620.0,3900.0,1.2307692307692308,-0.0027928280176506,-0.0033498379881291,0.0005083436491191
1990-12-03,3195.0,3200.0,3175.0,3200.0,10000.0,3200.0,3361.0,3425.5,3570.6,3773.466666666666,4603.3,False,False,False,False,False,False,False,False,False,True,False,0.08125,0.0609375,,,-0.1158124999999999,-0.1792083333333332,-0.1015625,0.240625,-0.005476838274266,0.0942928039702233,3620.0,4000.0,0.625,-0.0028006497507421,-7.821733091498834e-06,0.0003040163785313
1990-12-04,3195.0,3195.0,3175.0,3175.0,6000.0,3175.0,3301.0,3383.0,3551.6,3757.133333333333,4591.675,False,False,False,False,False,False,False,False,False,True,False,0.121259842519685,0.0393700787401574,,,-0.1186141732283464,-0.1833490813648293,-0.0976377952755905,0.1811023622047244,-0.0043472860514221,0.1080402010050251,3485.0,4000.0,0.6,-0.0053497015429665,-0.0025490517922243,0.0011295522228439
1990-12-05,3175.0,3175.0,3175.0,3175.0,6000.0,3175.0,3241.0,3348.0,3529.6,3740.133333333333,4579.05,False,False,False,False,False,False,False,False,False,True,False,0.1181102362204724,-0.0078740157480314,,,-0.1116850393700787,-0.1779947506561679,-0.1007874015748031,0.2110236220472441,-0.004545292502941,0.1224611708482676,3250.0,4070.0,1.0,-0.0062330009066183,-0.0008832993636517,-0.0001980064515189
1990-12-06,3125.0,3200.0,3125.0,3200.0,19000.0,3200.0,3201.0,3318.0,3505.6,3722.8,4566.3,False,False,False,False,False,False,False,False,False,True,False,0.09375,0.0,,,-0.0954999999999999,-0.163375,-0.140625,0.190625,-0.0046559936965007,0.1359252561784207,3180.0,4090.0,3.1666666666666665,-0.0068461889548151,-0.0006131880481968,-0.0001107011935596
1990-12-07,3255.0,3260.0,3255.0,3260.0,4000.0,3260.0,3202.0,3311.5,3489.0,3705.6,4555.1,False,False,False,False,False,False,False,False,False,False,False,0.0506134969325153,-0.0184049079754601,,,-0.0702453987730061,-0.1366871165644171,-0.1579754601226994,0.1656441717791411,-0.0046416234887738,0.1411746942473199,3335.0,4100.0,0.2105263157894736,-0.0047578102608196,0.0020883786939954,1.4370207726937742e-05
1990-12-11,3460.0,3460.0,3460.0,3460.0,4000.0,3460.0,3254.0,3307.5,3472.4,3693.0666666666666,4544.9,False,False,False,False,False,False,False,False,False,True,False,-0.01878612716763,-0.0823699421965317,,,-0.0035838150289017,-0.0673603082851637,-0.2052023121387283,0.1054913294797687,-0.0033937468409271,0.147089947089947,3300.0,4100.0,1.0,-0.0047805552355719,-2.274497475221893e-05,0.0012478766478466
1990-12-12,3560.0,3560.0,3560.0,3560.0,3000.0,3560.0,3331.0,3316.0,3464.6,3681.866666666667,4535.2,False,False,False,False,True,False,False,False,False,False,True,-0.0730337078651685,-0.1292134831460674,,,0.0267977528089887,-0.0342322097378277,-0.2064606741573033,0.0758426966292134,-0.0030419352502353,0.149276236429433,3300.0,4000.0,0.75,-0.0022513421462795,0.0025292130892923,0.0003518115906917
1990-12-13,3560.0,3560.0,3550.0,3550.0,17000.0,3550.0,3406.0,3323.5,3459.2,3670.2,4524.95,False,False,False,False,False,False,False,False,False,False,False,-0.1126760563380281,-0.1267605633802817,,,0.0255774647887324,-0.0338591549295774,-0.2070422535211267,0.0985915492957746,-0.0031787550178919,0.1542049044681811,3440.0,3850.0,5.666666666666667,-0.0015610545790934,0.0006902875671861,-0.0001368197676565
1990-12-14,3505.0,3550.0,3500.0,3500.0,4000.0,3500.0,3466.0,3333.5,3459.2,3655.2,4513.7,False,False,False,False,False,False,False,False,False,False,False,-0.0857142857142857,-0.1214285714285714,,,0.0116571428571429,-0.044342857142857,-0.1928571428571428,0.1,-0.0041037426132632,0.1520923953802309,3550.0,3750.0,0.2352941176470588,0.0,0.0015610545790934,-0.0009249875953713
1990-12-18,3495.0,3500.0,3425.0,3425.0,11000.0,3425.0,3499.0,3350.5,3448.2,3640.866666666667,4501.575,False,False,False,False,False,True,False,False,False,True,False,-0.0656934306569343,-0.0948905109489051,,,-0.0067737226277371,-0.0630267639902676,-0.1751824817518248,0.1036496350364963,-0.0039367916063939,0.1449037457095955,3400.0,3900.0,2.75,-0.0031900701815439,-0.0031900701815439,0.0001669510068692
1990-12-19,3400.0,3400.0,3395.0,3395.0,5000.0,3395.0,3486.0,3370.0,3436.0,3626.8,4488.3,False,False,False,False,False,False,False,False,False,True,False,-0.06480117820324,-0.0868924889543446,,,-0.0120765832106038,-0.0682768777614139,-0.1384388807069219,0.1001472754050073,-0.0038785338774309,0.1313056379821958,3400.0,3925.0,0.4545454545454545,-0.0035506402793945,-0.0003605700978505,5.825772896303873e-05
1990-12-20,3375.0,3375.0,3300.0,3300.0,2000.0,3300.0,3434.0,3382.5,3423.0,3610.866666666667,4474.3,False,False,False,False,False,False,False,False,False,True,False,-0.0606060606060606,-0.0757575757575757,,,-0.0372727272727272,-0.0942020202020202,-0.106060606060606,0.0939393939393939,-0.0044126063918173,0.1229859571322986,3350.0,4160.0,0.4,-0.0037978381536663,-0.0002471978742717,-0.0005340725143863
1990-12-25,3200.0,3200.0,3150.0,3150.0,10000.0,3150.0,3354.0,3380.0,3407.0,3595.5333333333333,4459.8,False,False,False,False,False,False,False,False,False,True,False,-0.0158730158730158,-0.0317460317460317,,,-0.0815873015873015,-0.1414391534391534,-0.046031746031746,0.1825396825396825,-0.0042645504607569,0.1202662721893491,3305.0,3950.0,5.0,-0.0046962136777223,-0.0008983755240559,0.0001480559310604
1990-12-26,3200.0,3200.0,3200.0,3200.0,6000.0,3200.0,3294.0,3380.0,3395.0,3585.6666666666665,4445.55,False,False,False,False,False,False,False,False,False,False,False,-0.0390625,-0.0859375,,,-0.0609375,-0.1205208333333332,-0.03125,0.1390625,-0.0027516965696755,0.1153846153846153,3350.0,3800.0,0.6,-0.0035346097201767,0.0011616039575456,0.0015128538910813
1990-12-27,3150.0,3200.0,3095.0,3200.0,10000.0,3200.0,3249.0,3374.0,3377.8,3576.333333333333,4431.8,False,False,False,False,False,False,False,False,False,True,False,-0.03125,-0.1,,,-0.0555625,-0.1176041666666665,0.0234375,0.1421875,-0.0026097492776587,0.1130705394190871,3505.0,3825.0,1.6666666666666667,-0.0050920717626857,-0.0015574620425089,0.0001419472920168
1990-12-28,3150.0,3250.0,3150.0,3175.0,5000.0,3175.0,3205.0,3345.5,3359.2,3565.333333333333,4418.175,False,False,False,False,False,False,False,False,False,True,False,-0.0236220472440944,-0.0944881889763779,,,-0.058015748031496,-0.1229396325459316,0.0393700787401574,0.1338582677165354,-0.0030852655198204,0.1158272306082797,3450.0,3800.0,0.5,-0.005537032626816,-0.0004449608641302,-0.0004755162421617
1991-01-04,3125.0,3175.0,3100.0,3100.0,7000.0,3100.0,3165.0,3299.5,3339.2,3553.333333333333,4404.175,False,False,False,False,False,False,False,False,False,True,False,-0.0161290322580645,-0.0758064516129032,,,-0.0771612903225805,-0.1462365591397848,0.1129032258064516,0.1774193548387097,-0.0033771106941838,0.1259281709349901,3650.0,3850.0,1.4,-0.0059894585529468,-0.0004524259261307,-0.0002918451743633
1991-01-07,3100.0,3100.0,3100.0,3100.0,14000.0,3100.0,3155.0,3254.5,3322.2,3540.4,4391.675,False,False,False,False,False,False,False,False,False,False,False,-0.0161290322580645,-0.0790322580645161,,,-0.0716774193548386,-0.1420645161290323,0.1274193548387096,0.1935483870967742,-0.0036530712160583,0.1353510523889998,3725.0,3750.0,2.0,-0.0051170910842212,0.0008723674687255,-0.0002759605218744
1991-01-09,3075.0,3075.0,3075.0,3075.0,9000.0,3075.0,3130.0,3212.0,3305.2,3526.866666666667,4379.55,False,False,False,False,False,False,False,False,False,True,False,-0.048780487804878,-0.1056910569105691,,,-0.0748617886178861,-0.1469485094850948,0.1382113821138211,0.1788617886178861,-0.0038372115002929,0.1433686176836861,3800.0,3650.0,0.6428571428571429,-0.0051434103836379,-2.6319299416605567e-05,-0.0001841402842346
1991-01-10,3095.0,3100.0,3095.0,3100.0,6000.0,3100.0,3110.0,3179.5,3296.2,3513.5333333333333,4367.55,False,False,False,False,False,False,False,False,False,False,False,-0.0709677419354838,-0.114516129032258,,,-0.0632903225806451,-0.1333978494623655,0.1258064516129032,0.1693548387096774,-0.0037948503880234,0.1501808460449756,3675.0,3620.0,0.6666666666666666,-0.0027304168436381,0.0024129935399997,4.2361112269484816e-05
1991-01-11,3100.0,3100.0,3100.0,3100.0,1000.0,3100.0,3095.0,3150.0,3280.2,3500.2,4356.3,False,False,False,False,False,False,False,False,False,True,False,-0.0725806451612903,-0.1129032258064516,,,-0.0581290322580644,-0.1290967741935483,0.0967741935483871,0.1451612903225806,-0.0038093061348875,0.155079365079365,3875.0,3620.0,0.1666666666666666,-0.0048777513566245,-0.0021473345129864,-1.4455746864078418e-05
1991-01-14,3050.0,3050.0,3000.0,3050.0,12000.0,3050.0,3085.0,3125.0,3263.2,3487.5333333333333,4346.55,False,False,False,False,False,False,False,False,False,True,False,-0.060655737704918,-0.0737704918032786,,,-0.0699016393442622,-0.1434535519125682,0.1442622950819672,0.180327868852459,-0.0036319844015827,0.164,3755.0,3485.0,12.0,-0.005209610198578,-0.0003318588419534,0.0001773217333048
1991-01-17,3000.0,3050.0,2995.0,3050.0,26000.0,3050.0,3075.0,3115.0,3246.2,3476.866666666667,4335.05,False,False,False,False,False,False,False,False,False,True,False,-0.0639344262295081,-0.0770491803278688,,,-0.0643278688524589,-0.1399562841530055,0.1393442622950819,0.1967213114754098,-0.0030678963817996,0.1653290529695024,3685.0,3250.0,2.1666666666666665,-0.0052368923664592,-2.7282167881162098e-05,0.000564088019783
1991-01-18,3050.0,3050.0,2925.0,2925.0,10000.0,2925.0,3045.0,3087.5,3227.2,3465.866666666667,4322.425,False,False,False,False,False,False,False,False,False,True,False,-0.0598290598290598,-0.0341880341880341,,,-0.1033162393162392,-0.1849116809116809,0.1931623931623931,0.2427350427350427,-0.003173809340617,0.1753846153846154,3500.0,3180.0,0.3846153846153846,-0.0058874566187407,-0.0006505642522814,-0.0001059129588174
1991-01-21,2880.0,2880.0,2880.0,2880.0,3000.0,2880.0,3001.0,3055.5,3212.2,3452.266666666667,4309.075,False,False,False,False,False,False,False,False,False,False,False,-0.046875,-0.0190972222222222,,,-0.1153472222222221,-0.1987037037037037,0.1753472222222222,0.2760416666666667,-0.0039394407539007,0.1883488790705285,3700.0,3335.0,0.3,-0.0046696967810223,0.0012177598377183,-0.0007656314132837
1991-01-22,2875.0,2875.0,2875.0,2875.0,2000.0,2875.0,2956.0,3025.5,3199.2,3438.266666666667,4295.7,False,False,False,False,False,False,False,False,False,False,False,-0.0434782608695652,0.017391304347826,,,-0.1127652173913042,-0.1959188405797102,0.177391304347826,0.2539130434782609,-0.004071819133672,0.2002974714923153,3700.0,3300.0,0.6666666666666666,-0.0040635158789697,0.0006061809020526,-0.0001323783797712
1991-01-24,2860.0,2865.0,2860.0,2865.0,10000.0,2865.0,2919.0,3002.0,3186.8,3421.0,4282.025,False,False,False,False,False,False,False,False,False,False,False,-0.0139616055846422,0.0296684118673647,,,-0.1123211169284468,-0.194066317626527,0.1867364746945898,0.2792321116928447,-0.0050472571372893,0.2101932045303131,3625.0,3300.0,5.0,-0.0038910505836574,0.0001724652953122,-0.0009754380036173
1991-01-25,2850.0,2855.0,2850.0,2855.0,11000.0,2855.0,2880.0,2977.5,3174.0,3406.4,4268.8,False,False,False,False,False,False,False,False,False,True,False,-0.0140105078809106,0.052539404553415,,,-0.1117338003502627,-0.1931348511383538,0.2591943957968476,0.2259194395796847,-0.0042860497886331,0.2134340890008396,3550.0,3440.0,1.1,-0.0040327662255829,-0.0001417156419254,0.0007612073486562
1991-01-28,2855.0,2865.0,2750.0,2750.0,5000.0,2750.0,2845.0,2945.0,3156.0,3392.4,4254.55,False,False,False,False,False,False,False,False,False,True,False,0.0272727272727272,0.1272727272727272,,,-0.1476363636363636,-0.2336,0.3,0.2381818181818182,-0.0041268718311519,0.2193548387096774,3500.0,3550.0,0.4545454545454545,-0.0057034220532319,-0.001670655827649,0.0001591779574811
1991-01-29,2755.0,2755.0,2740.0,2745.0,8000.0,2745.0,2818.0,2909.5,3135.4,3378.0,4241.275,False,False,False,False,False,False,False,False,False,True,False,0.029143897996357,0.1930783242258652,,,-0.1422222222222222,-0.2306010928961748,0.3096539162112932,0.2568306010928962,-0.0042628774422735,0.2282179068568482,3630.0,3400.0,1.6,-0.0065701345920775,-0.0008667125388455,-0.0001360056111215
1991-01-30,2750.0,2750.0,2650.0,2750.0,22000.0,2750.0,2793.0,2874.5,3107.0,3364.0,4228.025,False,False,False,False,False,False,False,False,False,True,False,0.0636363636363636,0.2,,,-0.1298181818181818,-0.2232727272727272,0.3236363636363636,0.2563636363636363,-0.0041617122473246,0.2398678030961906,3640.0,3400.0,2.75,-0.0091406501448342,-0.0025705155527567,0.0001011651949489
1991-01-31,2800.0,2825.0,2800.0,2825.0,7000.0,2825.0,2785.0,2852.0,3077.6,3350.333333333333,4215.4,False,False,False,False,False,False,False,False,False,True,False,0.0442477876106194,0.2212389380530973,,,-0.0894159292035397,-0.1859587020648966,0.2761061946902655,0.2389380530973451,-0.0040791960998906,0.2461430575035063,3600.0,3350.0,0.3181818181818182,-0.0095528983623603,-0.000412248217526,8.25161474339647e-05
1991-02-01,2815.0,2815.0,2815.0,2815.0,3000.0,2815.0,2777.0,2828.5,3048.2,3337.866666666667,4202.475,False,False,False,False,False,False,False,False,False,True,False,0.0674955595026643,0.2415630550621669,,,-0.0828419182948489,-0.1857430432208408,0.2930728241563055,0.2433392539964476,-0.0037349205081088,0.2511932119497967,3525.0,3305.0,0.4285714285714285,-0.0096450364149334,-9.213805257312324e-05,0.0003442755917818
1991-02-04,2765.0,2825.0,2765.0,2825.0,7000.0,2825.0,2792.0,2818.5,3021.2,3326.866666666667,4189.6,False,False,False,False,False,False,False,False,False,False,False,0.0973451327433628,0.2389380530973451,,,-0.0694513274336282,-0.1776519174041298,0.3256637168141593,0.2566371681415929,-0.0033064144440214,0.2526166400567677,3500.0,3350.0,2.333333333333333,-0.0089368462862438,0.0007081901286895,0.0004285060640874
1991-02-05,2800.0,2825.0,2800.0,2825.0,4000.0,2825.0,2808.0,2813.0,2997.2,3316.266666666667,4176.975,False,False,False,False,False,False,False,False,False,False,False,0.1592920353982301,0.2353982300884955,,,-0.0609557522123893,-0.1738997050147493,0.3628318584070796,0.2584070796460177,-0.0031963653908008,0.2507998578030572,3325.0,3505.0,0.5714285714285714,-0.0080074736420659,0.0009293726441779,0.0001100490532205
1991-02-06,2880.0,2925.0,2880.0,2925.0,6000.0,2925.0,2843.0,2818.0,2978.4,3307.0,4166.1,False,False,False,False,False,False,False,False,False,False,False,0.1282051282051282,0.1623931623931624,,,-0.0182564102564102,-0.1305982905982906,0.3418803418803419,0.2478632478632478,-0.0028021368813628,0.2501774308019872,3500.0,3450.0,1.5,-0.0063121138866504,0.0016953597554154,0.000394228509438
1991-02-08,2950.0,2950.0,2925.0,2950.0,15000.0,2950.0,2868.0,2826.5,2964.4,3299.866666666667,4156.3,False,False,False,False,False,False,False,False,False,False,False,0.1694915254237288,0.1830508474576271,,,-0.0048813559322034,-0.1185988700564972,0.3305084745762712,0.2322033898305084,-0.0021617035031718,0.2453564479037679,3475.0,3650.0,2.5,-0.0047227094858993,0.0015894044007511,0.000640433378191
1991-02-12,2980.0,3005.0,2980.0,3005.0,6000.0,3005.0,2906.0,2841.5,2958.6,3296.6,4147.325,False,False,False,False,True,False,False,False,False,False,False,0.1630615640599001,0.1564059900166389,,,0.015440931780366,-0.0970382695507487,0.2728785357737104,0.1930116472545757,-0.0009909199377136,0.2417737110680978,3475.0,3725.0,0.4,-0.0019603866693707,0.0027623228165286,0.0011707835654581
1991-02-13,3055.0,3100.0,3055.0,3100.0,10000.0,3100.0,2961.0,2876.5,2954.6,3295.5333333333333,4140.075,False,False,False,False,False,False,False,False,False,False,False,0.1290322580645161,0.1258064516129032,,,0.0469032258064516,-0.0630752688172043,0.2096774193548387,0.1564516129032258,-0.0003236704225921,0.2329219537632539,3400.0,3800.0,1.6666666666666667,-0.0013538211602247,0.0006065655091459,0.0006672495151214
1991-02-14,3250.0,3285.0,3250.0,3275.0,11000.0,3275.0,3051.0,2929.5,2957.6,3294.733333333333,4133.45,False,False,False,False,False,False,True,False,True,False,False,0.065648854961832,0.0335877862595419,,,0.0969160305343511,-0.0060254452926208,0.1419847328244274,0.0900763358778626,-0.0002428117601829,0.2147124082607953,3255.0,3675.0,1.1,0.0010143359480659,0.0023681571082907,8.085866240920366e-05
1991-02-15,3325.0,3325.0,3250.0,3300.0,9000.0,3300.0,3126.0,2984.5,2962.6,3294.733333333333,4126.85,False,False,False,False,False,False,True,False,False,False,False,0.0303030303030303,0.0257575757575757,,,0.1022424242424242,0.0015959595959596,0.103030303030303,0.0484848484848484,0.0,0.1924945552018763,3200.0,3875.0,0.8181818181818182,0.0016877067440761,0.0006733707960101,0.0002428117601829
1991-02-19,3350.0,3450.0,3350.0,3450.0,23000.0,3450.0,3226.0,3047.0,2976.6,3296.733333333333,4121.6,False,False,False,False,False,False,True,True,False,False,False,0.0115942028985507,-0.0144927536231884,,,0.1372173913043478,0.0444251207729469,0.0869565217391304,0.0579710144927536,0.0006066611393096,0.1729570068920249,3175.0,3755.0,2.555555555555556,0.0047033528186521,0.003015646074576,0.0006066611393096
1991-02-20,3550.0,3565.0,3495.0,3495.0,15000.0,3495.0,3324.0,3115.0,2992.4,3297.4666666666667,4116.325,False,False,False,False,False,False,True,True,False,False,False,-0.0057224606580829,0.0286123032904148,,,0.1438054363376251,0.0565188364329995,0.0729613733905579,0.0572246065808297,0.0002223929481218,0.1536115569823435,3175.0,3685.0,0.6521739130434783,0.0052800427750301,0.0005766899563779,-0.0003842681911877
1991-02-21,3500.0,3500.0,3500.0,3500.0,2000.0,3500.0,3404.0,3182.5,3009.4,3296.8,4110.825,False,False,False,False,False,False,True,False,False,False,False,-0.0028571428571428,0.0214285714285714,,,0.1401714285714285,0.0580571428571428,0.0571428571428571,0.1171428571428571,-0.0002022162905443,0.1404556166535742,3200.0,3500.0,0.1333333333333333,0.0056489665714095,0.0003689237963794,-0.0004246092386661
1991-02-22,3490.0,3490.0,3490.0,3490.0,3000.0,3490.0,3447.0,3249.0,3025.0,3298.0,4106.9,False,False,False,False,False,False,True,True,False,True,False,-0.0300859598853868,0.0300859598853868,,,0.1332378223495702,0.0550143266475644,0.0601719197707736,0.0372492836676217,0.0003638568829593,0.1191135734072022,3260.0,3700.0,1.5,0.0051570247933884,-0.0004919417780211,0.0005660731735036
1991-02-25,3400.0,3400.0,3400.0,3400.0,1000.0,3400.0,3467.0,3296.5,3037.0,3298.0,4102.875,False,False,False,False,False,False,True,False,False,True,False,-0.0044117647058823,0.0705882352941176,,,0.1067647058823529,0.03,0.0808823529411764,0.088235294117647,0.0,0.1045047777946306,3460.0,3700.0,0.3333333333333333,0.0039512676983865,-0.0012057570950018,-0.0003638568829593
1991-02-26,3495.0,3495.0,3490.0,3490.0,10000.0,3490.0,3475.0,3350.5,3054.6,3299.866666666667,4100.7,False,False,False,False,False,False,True,True,False,False,False,-0.0257879656160458,0.0329512893982808,,,0.124756446991404,0.0544794651384908,0.0487106017191977,0.0458452722063037,0.0005656794213908,0.0871511714669452,3560.0,3625.0,10.0,0.0057618018725855,0.001810534174199,0.0005656794213908
1991-02-27,3495.0,3495.0,3400.0,3475.0,9000.0,3475.0,3471.0,3397.5,3071.6,3302.133333333333,4099.075,False,False,False,False,False,False,True,True,False,True,False,0.0345323741007194,0.0474820143884892,,,0.1160863309352518,0.0497458033573141,0.0503597122302158,0.0359712230215827,0.0006864249374141,0.0725533480500368,3550.0,3550.0,0.9,0.0055345748144289,-0.0002272270581566,0.0001207455160233
1991-02-28,3400.0,3490.0,3400.0,3490.0,14000.0,3490.0,3469.0,3436.5,3094.2,3304.0,4095.275,False,False,False,False,False,False,True,True,False,False,False,0.0243553008595988,0.0730659025787965,,,0.1134097421203439,0.053295128939828,0.0902578796561604,0.0458452722063037,0.0005649717514124,0.0622726611377855,3500.0,3500.0,1.5555555555555556,0.0073039881067803,0.0017694132923514,-0.0001214531860016
1991-03-01,3490.0,3490.0,3385.0,3385.0,6000.0,3385.0,3448.0,3447.5,3114.4,3302.4,4090.325,False,False,False,False,False,False,True,False,False,True,False,0.0620384047267356,0.1373707533234859,,,0.0799409158050221,0.0244017725258493,0.1299852289512555,0.0782865583456425,-0.0004844961240309,0.0612037708484409,3425.0,3630.0,0.4285714285714285,0.0064860005137427,-0.0008179875930376,-0.0010494678754434
1991-03-04,3385.0,3385.0,3385.0,3385.0,1000.0,3385.0,3445.0,3456.0,3134.8,3301.5333333333333,4085.25,False,False,False,False,False,False,True,False,False,False,False,0.0753323485967503,0.1595273264401772,,,0.073914327917282,0.02465780403742,0.172821270310192,0.0709010339734121,-0.0002625042909355,0.0633680555555555,3395.0,3640.0,0.1666666666666666,0.0065075921908893,2.159167714669685e-05,0.0002219918330954
1991-03-05,3400.0,3400.0,3400.0,3400.0,7000.0,3400.0,3427.0,3451.0,3156.2,3298.2,4079.75,False,False,False,False,False,False,True,False,False,False,False,0.0602941176470588,0.1544117647058823,,,0.0717058823529412,0.0299411764705882,0.1029411764705882,0.0661764705882353,-0.0010106522749783,0.0641842944074181,3300.0,3600.0,7.0,0.0067803054305809,0.0002727132396915,-0.0007481479840427
1991-03-06,3550.0,3595.0,3510.0,3595.0,26000.0,3595.0,3451.0,3461.0,3185.8,3296.4666666666667,4075.725,False,False,False,False,False,False,True,False,False,False,True,0.0125173852573018,0.0639777468706536,,,0.1138247566063977,0.0830412610106629,0.0695410292072322,0.0083449235048678,-0.0005258155196472,0.0590869690840797,3150.0,3525.0,3.7142857142857135,0.0092912298323813,0.0025109244018003,0.000484836755331
1991-03-07,3640.0,3640.0,3575.0,3575.0,8000.0,3575.0,3468.0,3468.5,3218.8,3293.4666666666667,4072.35,False,False,False,False,False,False,True,False,False,False,False,0.0475524475524475,0.0489510489510489,,,0.0996363636363635,0.0787505827505827,0.0657342657342657,0.0139860139860139,-0.0009108942957774,0.0485800778434481,3200.0,3500.0,0.3076923076923077,0.0102522679259351,0.0009610380935538,-0.0003850787761302
1991-03-08,3580.0,3595.0,3525.0,3595.0,15000.0,3595.0,3510.0,3479.0,3252.8,3292.4,4069.825,False,False,False,False,False,False,True,False,False,False,False,0.0709318497913769,0.0403337969401947,,,0.0951877607788594,0.0841724617524339,0.0570236439499304,-0.0250347705146036,-0.0003239784554326,0.0421098016671457,3200.0,3325.0,1.875,0.0104525332021642,0.0002002652762291,0.0005869158403448
1991-03-11,3590.0,3640.0,3590.0,3640.0,12000.0,3640.0,3561.0,3503.0,3288.4,3289.266666666667,4066.775,False,False,False,False,False,False,True,False,False,False,False,0.0782967032967033,0.0,,,0.0965934065934065,0.0963553113553113,0.0508241758241758,-0.037087912087912,-0.0009525932832039,0.0294033685412503,3175.0,3500.0,0.8,0.010825933584722,0.0003734003825577,-0.0006286148277712
1991-03-12,3605.0,3605.0,3605.0,3605.0,3000.0,3605.0,3602.0,3514.5,3319.6,3287.266666666667,4063.925,False,True,False,False,False,False,True,False,False,True,False,0.0887656033287101,0.0402219140083217,,,0.0791678224687933,0.0881368469717983,0.0624133148404993,-0.0832177531206657,-0.0006084082013425,0.0162185232607767,3100.0,3475.0,0.25,0.0093987227376791,-0.0014272108470428,0.0003441850818613
1991-03-13,3575.0,3640.0,3575.0,3640.0,4000.0,3640.0,3611.0,3531.0,3352.6,3286.6666666666665,4061.4,False,False,False,False,False,False,True,False,False,False,False,0.0508241758241758,0.0302197802197802,,,0.0789560439560439,0.0970695970695971,0.0714285714285714,-0.0521978021978022,-0.0001825557809331,0.0072217502124044,3100.0,3475.0,1.3333333333333333,0.0098431068424506,0.0004443841047714,0.0004258524204093
1991-03-14,3640.0,3770.0,3640.0,3745.0,33000.0,3745.0,3645.0,3556.5,3389.4,3289.9333333333334,4060.325,False,False,False,False,False,False,True,True,False,False,False,0.0013351134846461,-0.0120160213618157,,,0.0949532710280373,0.1215131286159323,0.02803738317757,-0.0774365821094793,0.0009929279215384,-0.0054829185997469,3075.0,3400.0,8.25,0.0108573788871187,0.001014272044668,0.0011754837024716
1991-03-15,3765.0,3850.0,3730.0,3850.0,21000.0,3850.0,3696.0,3603.0,3430.4,3291.9333333333334,4059.075,False,False,False,False,False,False,True,True,False,False,False,-0.0285714285714285,-0.0389610389610389,,,0.1089870129870129,0.1449523809523809,-0.0181818181818181,-0.0909090909090909,0.0006075457178152,-0.02248126561199,3100.0,3255.0,0.6363636363636364,0.0119519589552238,0.0010945800681051,-0.0003853822037232
1991-03-18,3850.0,3925.0,3850.0,3925.0,33000.0,3925.0,3753.0,3657.0,3470.4,3294.9333333333334,4058.875,False,False,False,False,False,False,True,True,False,True,False,-0.0726114649681528,-0.0636942675159235,,,0.1158216560509553,0.1605265392781316,-0.0484076433121019,-0.10828025477707,0.000910488831337,-0.0403336067815149,3100.0,3200.0,1.5714285714285714,0.0115260488704472,-0.0004259100847766,0.0003029431135217
1991-03-19,3920.0,3925.0,3880.0,3925.0,42000.0,3925.0,3817.0,3709.5,3509.4,3298.9333333333334,4058.625,False,False,False,False,False,False,True,True,False,True,False,-0.0445859872611464,-0.0675159235668789,,,0.1058853503184713,0.1595074309978768,-0.0802547770700636,-0.10828025477707,0.0012125131355589,-0.0572853484297075,3050.0,3175.0,1.2727272727272727,0.0111130107710719,-0.0004130380993752,0.0003020243042219
1991-03-22,3825.0,3825.0,3825.0,3825.0,2000.0,3825.0,3854.0,3732.5,3542.2,3302.6,4057.8,False,False,False,False,False,False,True,True,False,True,False,-0.0196078431372549,-0.0457516339869281,,,0.0739346405228758,0.1365751633986928,-0.0261437908496732,-0.0666666666666666,0.0011102363794181,-0.0645679839249832,3050.0,3175.0,0.0476190476190476,0.009259782056349,-0.0018532287147228,-0.0001022767561407
1991-03-26,3755.0,3800.0,3750.0,3750.0,4000.0,3750.0,3855.0,3750.0,3568.2,3305.9333333333334,4055.1,False,False,False,False,False,False,True,True,False,True,False,-0.0133333333333333,0.0146666666666666,,,0.04848,0.1184177777777777,-0.028,-0.0533333333333333,0.0010082881284156,-0.0709333333333333,2925.0,3200.0,2.0,0.0072865870747155,-0.0019731949816335,-0.0001019482510025
1991-03-27,3750.0,3750.0,3725.0,3740.0,6000.0,3740.0,3833.0,3764.5,3586.8,3307.4,4052.3,False,False,False,False,False,False,True,True,False,True,False,-0.0106951871657754,0.0227272727272727,,,0.0409625668449197,0.1156684491978609,-0.0227272727272727,-0.0508021390374331,0.0004434500413214,-0.0733165094966131,2880.0,3260.0,1.5,0.005185680829709,-0.0021009062450065,-0.0005648380870941
1991-03-29,3640.0,3640.0,3640.0,3640.0,2000.0,3640.0,3776.0,3764.5,3600.4,3307.4,4048.525,False,False,False,False,False,False,True,False,False,True,False,0.0096153846153846,0.0906593406593406,,,0.0108791208791208,0.0913736263736263,-0.0109890109890109,-0.0384615384615384,0.0,-0.0734493292601939,2875.0,3460.0,0.3333333333333333,0.0037773580713253,-0.0014083227583836,-0.0004434500413214
1991-04-01,3690.0,3750.0,3650.0,3750.0,4000.0,3750.0,3741.0,3779.0,3612.4,3309.4,4044.9,False,False,False,False,False,False,True,True,False,True,True,-0.024,0.0,,,0.0366933333333333,0.1174933333333333,-0.0266666666666666,-0.14,0.0006043391551338,-0.0791214607038899,2865.0,3560.0,2.0,0.0033218912634259,-0.0004554668078994,0.0006043391551338
1991-04-02,3750.0,3750.0,3750.0,3750.0,1000.0,3750.0,3726.0,3790.0,3622.6,3312.4,4040.2,False,False,False,False,False,False,True,True,False,True,False,-0.0266666666666666,0.0253333333333333,,,0.0339733333333333,0.1166933333333333,-0.0133333333333333,-0.1253333333333333,0.0009056877188745,-0.0862796833773087,2855.0,3550.0,0.25,0.0028156572627394,-0.0005062340006865,0.0003013485637406
1991-04-03,3700.0,3700.0,3650.0,3700.0,5000.0,3700.0,3716.0,3785.5,3630.6,3315.0666666666666,4034.7,False,False,False,False,False,False,True,True,False,True,False,0.0283783783783783,0.0297297297297297,,,0.0187567567567567,0.104036036036036,-0.0202702702702702,-0.0945945945945946,0.0008044081566986,-0.0879672434288733,2750.0,3500.0,5.0,0.002203492535669,-0.0006121647270703,-0.0001012795621758
1991-04-04,3750.0,3750.0,3700.0,3700.0,6000.0,3700.0,3708.0,3770.5,3639.0,3320.0666666666666,4028.25,False,False,False,False,False,False,True,True,False,False,False,0.0337837837837837,0.027027027027027,,,0.0164864864864864,0.1026846846846847,-0.0202702702702702,-0.0608108108108108,0.001505993855545,-0.0850019891261106,2745.0,3425.0,1.2,0.0023083264633141,0.000104833927645,0.0007015856988464
1991-04-05,3675.0,3680.0,3675.0,3675.0,4000.0,3675.0,3715.0,3745.5,3650.0,3322.4,4021.625,False,False,False,False,False,False,True,True,False,False,False,0.0802721088435374,0.0408163265306122,,,0.0068027210884353,0.0959455782312924,-0.0340136054421768,-0.1088435374149659,0.0007023035556626,-0.0849018822587104,2750.0,3395.0,0.6666666666666666,0.0030136986301369,0.0007053721668228,-0.0008036902998824
1991-04-08,3675.0,3675.0,3650.0,3660.0,10000.0,3660.0,3697.0,3719.0,3656.8,3324.866666666667,4015.225,False,False,False,False,False,False,True,True,False,True,False,0.0245901639344262,0.0464480874316939,,,0.0008743169398906,0.0915664845173041,-0.0163934426229508,-0.0710382513661202,0.0007418843863413,-0.0810701801559559,2825.0,3300.0,2.5,0.0018595493327499,-0.0011541492973869,3.958083067869716e-05
1991-04-09,3675.0,3675.0,3600.0,3650.0,21000.0,3650.0,3677.0,3701.5,3663.8,3327.2,4009.6,False,False,False,False,False,False,True,True,False,False,False,0.0534246575342465,0.0684931506849315,,,-0.0037808219178082,0.0884383561643836,0.0,-0.0684931506849315,0.0007012903742886,-0.081318384438741,2815.0,3150.0,2.1,0.0019105846388995,5.1035306149508144e-05,-4.059401205271584e-05
1991-04-10,3600.0,3805.0,3600.0,3805.0,27000.0,3805.0,3698.0,3707.0,3676.4,3332.6,4004.7,False,False,False,False,False,False,True,True,False,False,False,0.0013140604467805,0.0118265440210249,,,0.0337976346911957,0.1241524310118265,-0.0446780551905387,-0.0867279894875164,0.0016203564784252,-0.0847046128945238,2825.0,3200.0,1.2857142857142858,0.0034272658035034,0.0015166811646038,0.0009190661041366
1991-04-11,3895.0,3895.0,3730.0,3825.0,21000.0,3825.0,3723.0,3715.5,3694.0,3340.2,3999.825,False,False,False,False,False,False,True,True,False,False,False,-0.0065359477124183,-0.0117647058823529,,,0.0342483660130718,0.1267450980392157,-0.0392156862745098,-0.1176470588235294,0.0022753128555176,-0.0915085452832727,2825.0,3200.0,0.7777777777777778,0.0047644829453167,0.0013372171418133,0.0006549563770923
1991-04-12,3830.0,4020.0,3830.0,3970.0,28000.0,3970.0,3782.0,3748.5,3717.4,3350.4666666666667,3995.75,False,False,False,False,False,False,True,True,False,False,False,-0.0365239294710327,-0.0591939546599496,,,0.0636272040302266,0.1560537363560033,-0.0919395465994962,-0.1687657430730478,0.0030642497562529,-0.1048419367747098,2925.0,3175.0,1.3333333333333333,0.0062947221176091,0.0015302391722924,0.0007889369007353
1991-04-15,3750.0,3750.0,3750.0,3750.0,25000.0,3750.0,3800.0,3748.5,3731.4,3358.133333333333,3990.625,False,False,False,False,False,False,True,True,False,True,False,0.0213333333333333,-0.0373333333333333,,,0.0049599999999999,0.1044977777777778,-0.0226666666666666,-0.1333333333333333,0.0022830143730643,-0.1041750033346672,2950.0,3100.0,0.8928571428571429,0.0037519429704668,-0.0025427791471422,-0.0007812353831885
1991-04-16,3830.0,3875.0,3800.0,3845.0,39000.0,3845.0,3839.0,3758.0,3741.4,3367.0666666666666,3986.1,False,False,False,False,False,False,True,True,False,True,True,0.0143042912873862,-0.0312093628088426,,,0.0269440832249674,0.1242999566536627,-0.0897269180754226,-0.153446033810143,0.0026531501207777,-0.1071048430015965,3005.0,3100.0,1.56,0.0026727962794675,-0.0010791466909992,0.0003701357477133
1991-04-17,3825.0,3825.0,3800.0,3810.0,30000.0,3810.0,3840.0,3769.0,3750.8,3375.2,3981.65,False,False,False,False,False,False,True,True,False,True,False,0.0104986876640419,-0.0433070866141732,,,0.0155380577427821,0.1141207349081365,-0.1062992125984252,-0.1076115485564304,0.0024097337441731,-0.1083841867869461,3100.0,3075.0,0.7692307692307693,0.0025061320251679,-0.0001666642542995,-0.0002434163766045
1991-04-18,3815.0,3825.0,3800.0,3800.0,22000.0,3800.0,3835.0,3779.0,3759.0,3382.4,3977.4,False,False,False,False,False,False,True,True,False,True,False,-0.0052631578947368,-0.0381578947368421,,,0.0107894736842105,0.1098947368421052,-0.0921052631578947,-0.1434210526315789,0.0021286660359508,-0.1165652288965334,3275.0,3100.0,0.7333333333333333,0.0021814312317105,-0.0003247007934574,-0.0002810677082222
1991-04-19,3800.0,3825.0,3765.0,3825.0,26000.0,3825.0,3806.0,3794.0,3766.4,3387.266666666667,3972.4,False,False,False,False,False,False,True,True,False,True,False,-0.0235294117647058,-0.0588235294117647,,,0.0153202614379084,0.1144400871459694,-0.0967320261437908,-0.1490196078431372,0.0014367533311027,-0.1205851344227728,3300.0,3100.0,1.181818181818182,0.00196474086661,-0.0002166903651004,-0.000691912704848
1991-04-22,3840.0,3850.0,3830.0,3830.0,11000.0,3830.0,3822.0,3811.0,3775.4,3390.866666666667,3967.55,False,False,False,False,False,False,True,True,False,False,False,-0.0574412532637075,-0.0469973890339425,,,0.0142558746736292,0.1146562228024368,-0.0861618798955613,-0.1657963446475195,0.0010616754811945,-0.1298871687221201,3450.0,3050.0,0.4230769230769231,0.0023838533665306,0.0004191124999206,-0.0003750778499082
1991-04-23,3835.0,3900.0,3775.0,3900.0,10000.0,3900.0,3833.0,3836.0,3785.8,3395.5333333333333,3961.55,False,False,False,False,False,False,True,True,False,False,False,-0.0448717948717948,-0.0512820512820512,,,0.0292820512820512,0.1293504273504273,-0.1025641025641025,-0.1846153846153846,0.001374354544205,-0.1412930135557872,3495.0,3050.0,0.9090909090909092,0.0027471076126578,0.0003632542461271,0.0003126790630105
1991-04-24,3855.0,3900.0,3850.0,3850.0,9000.0,3850.0,3841.0,3840.5,3790.0,3400.2,3953.8,False,False,False,False,False,False,True,True,False,True,False,-0.0532467532467532,-0.0584415584415584,,,0.0155844155844155,0.1168311688311688,-0.0779220779220779,-0.174025974025974,0.0013724682861791,-0.1499804712928004,3500.0,2925.0,0.9,0.001108179419525,-0.0016389281931328,-1.8862580258877536e-06
1991-04-25,3825.0,3825.0,3780.0,3780.0,12000.0,3780.0,3837.0,3836.0,3787.2,3404.9333333333334,3946.45,False,False,False,False,False,False,False,True,False,True,False,-0.033068783068783,-0.041005291005291,,,-0.0019047619047618,0.0992239858906525,-0.0595238095238095,-0.1851851851851851,0.0013901397971571,-0.1566736183524504,3490.0,2880.0,1.3333333333333333,-0.0007393324883819,-0.0018475119079069,1.7671510977937616e-05
1991-04-26,3780.0,3780.0,3735.0,3735.0,9000.0,3735.0,3819.0,3812.5,3779.6,3409.4666666666667,3939.125,False,False,False,False,False,False,False,True,False,True,False,-0.036144578313253,-0.0495314591700133,,,-0.0119410977242302,0.0871575189647478,-0.0227576974564926,-0.2356091030789825,0.0013296312228696,-0.1631475409836065,3400.0,2875.0,0.75,-0.0020107947930997,-0.0012714623047178,-6.050857428748944e-05
1991-05-01,3685.0,3685.0,3610.0,3610.0,9000.0,3610.0,3775.0,3798.5,3767.0,3413.6,3931.675,False,False,False,False,False,False,False,True,False,True,False,0.0110803324099723,-0.002770083102493,,,-0.0434903047091412,0.054404432132964,0.0069252077562326,-0.1897506925207756,0.0012108429028981,-0.1686191917862314,3490.0,2865.0,1.0,-0.0033448367401114,-0.0013340419470116,-0.0001187883199714
1991-05-02,3660.0,3725.0,3655.0,3725.0,19000.0,3725.0,3740.0,3786.5,3763.0,3421.266666666667,3924.8,False,False,False,False,False,False,False,True,False,False,False,-0.0067114093959731,-0.0201342281879194,,,-0.0102013422818791,0.0815391498881431,-0.0375838926174496,-0.2093959731543624,0.002240885442039,-0.1741713983890136,3475.0,2855.0,2.111111111111111,-0.0010629816635663,0.0022818550765451,0.0010300425391409
1991-05-07,3650.0,3650.0,3625.0,3645.0,6000.0,3645.0,3699.0,3770.0,3758.8,3427.2,3917.025,False,False,False,False,False,False,False,True,False,True,False,-0.0054869684499314,-0.0027434842249657,,,-0.0312208504801097,0.0597530864197531,-0.0164609053497942,-0.176954732510288,0.0017312480547773,-0.1811671087533156,3490.0,2750.0,0.3157894736842105,-0.0011173778865594,-5.4396222993188326e-05,-0.0005096373872617
1991-05-08,3650.0,3655.0,3650.0,3655.0,5000.0,3655.0,3674.0,3755.5,3755.4,3433.266666666667,3909.55,False,False,False,False,False,False,False,True,False,False,False,-0.0082079343365253,0.0054719562243502,,,-0.027469220246238,0.0606657546739625,-0.0232558139534883,-0.1997264021887825,0.0017670246024195,-0.1867927040340833,3385.0,2745.0,0.8333333333333334,-0.0009053629440272,0.0002120149425322,3.5776547642227523e-05
1991-05-09,3675.0,3675.0,3600.0,3600.0,12000.0,3600.0,3647.0,3733.0,3753.8,3438.9333333333334,3901.8,False,False,False,False,False,False,False,True,False,False,False,-0.0138888888888888,0.0013888888888888,,,-0.0427222222222222,0.0447407407407407,-0.0388888888888888,-0.1875,0.0016477977667493,-0.1907313152960085,3385.0,2750.0,2.4,-0.0004262347487878,0.0004791281952394,-0.0001192268356702
1991-05-10,3650.0,3650.0,3650.0,3650.0,3000.0,3650.0,3655.0,3715.0,3749.8,3446.266666666667,3894.05,False,False,False,False,False,False,False,True,False,True,False,-0.0136986301369863,0.0041095890410958,,,-0.0273424657534247,0.0558173515981734,0.0,-0.2232876712328767,0.0021279065268697,-0.19650067294751,3400.0,2825.0,0.25,-0.0010667235585897,-0.0006404888098019,0.0004801087601203
1991-05-13,3700.0,3700.0,3650.0,3700.0,30000.0,3700.0,3650.0,3695.0,3747.8,3454.266666666667,3886.3,False,False,False,False,False,False,False,True,False,False,False,-0.0135135135135135,-0.054054054054054,,,-0.0129189189189189,0.0664144144144143,-0.0013513513513513,-0.2162162162162162,0.0023159763770409,-0.1997293640054127,3595.0,2815.0,10.0,-0.0005336464058914,0.0005330771526983,0.0001880698501712
1991-05-14,3695.0,3695.0,3625.0,3625.0,4000.0,3625.0,3646.0,3672.5,3744.8,3461.6,3877.425,False,False,False,False,False,False,False,True,False,True,False,0.0027586206896551,-0.0606896551724137,,,-0.033048275862069,0.0450758620689655,0.0786206896551724,-0.1751724137931034,0.0021184808566365,-0.2,3575.0,2825.0,0.1333333333333333,-0.0008011108737449,-0.0002674644678534,-0.0001974955204044
1991-05-15,3625.0,3625.0,3625.0,3625.0,1000.0,3625.0,3640.0,3657.0,3741.8,3468.6,3868.05,False,False,False,False,False,False,False,True,False,True,False,0.0137931034482758,-0.0482758620689655,,,-0.0322206896551724,0.0431448275862069,-0.0013793103448275,-0.2,0.0020181052874358,-0.2015313098167897,3595.0,2825.0,0.25,-0.000801753166925,-6.422931800829923e-07,-0.0001003755692006
1991-05-16,3625.0,3630.0,3550.0,3550.0,11000.0,3550.0,3630.0,3638.5,3736.8,3474.6,3859.05,False,False,False,False,False,False,False,True,False,True,False,0.0154929577464788,-0.0267605633802816,,,-0.0526197183098592,0.0212394366197183,0.0422535211267605,-0.1549295774647887,0.0017268174753928,-0.1934863267830149,3640.0,2925.0,11.0,-0.0013380432455576,-0.0005362900786326,-0.000291287812043
1991-05-17,3600.0,3600.0,3600.0,3600.0,1000.0,3600.0,3620.0,3637.5,3734.4,3481.9333333333334,3850.8,False,False,False,False,False,False,False,True,False,False,False,0.0180555555555555,-0.0277777777777777,,,-0.0373333333333333,0.0327962962962962,0.0138888888888888,-0.1708333333333333,0.0021061096325796,-0.1916151202749141,3605.0,2950.0,0.0909090909090909,-0.0006426735218509,0.0006953697237067,0.0003792921571867
1991-05-20,3600.0,3670.0,3600.0,3650.0,11000.0,3650.0,3610.0,3630.0,3734.4,3489.9333333333334,3844.275,False,False,False,False,False,False,False,True,False,False,False,-0.0410958904109589,-0.0410958904109589,,,-0.0231232876712329,0.0438538812785387,-0.0136986301369863,-0.1863013698630137,0.0022923073984221,-0.1892561983471074,3640.0,3005.0,11.0,0.0,0.0006426735218509,0.0001861977658424
1991-05-21,3675.0,3675.0,3600.0,3635.0,9000.0,3635.0,3612.0,3629.0,3727.6,3499.4,3836.95,False,False,False,False,False,False,False,True,False,True,False,-0.0632737276478679,-0.0233837689133425,,,-0.0254745529573589,0.0373039889958734,0.0041265474552957,-0.1953232462173315,0.0027052256577318,-0.1910994764397905,3745.0,3100.0,0.8181818181818182,-0.0018242300676038,-0.0018242300676038,0.0004129182593096
1991-05-22,3655.0,3675.0,3625.0,3675.0,13000.0,3675.0,3622.0,3631.0,3721.6,3510.0,3829.075,False,False,False,False,False,False,False,True,False,False,False,-0.0612244897959183,-0.0326530612244898,,,-0.0126802721088435,0.0448979591836734,-0.0068027210884353,-0.1904761904761904,0.0030199430199429,-0.1901679977967502,3850.0,3275.0,1.4444444444444444,-0.0016122098022355,0.0002120202653682,0.0003147173622111
1991-05-23,3675.0,3675.0,3605.0,3605.0,16000.0,3605.0,3633.0,3631.5,3707.0,3519.733333333333,3821.35,False,False,False,False,False,False,False,True,False,True,False,-0.0416088765603328,0.0124826629680998,,,-0.0282940360610263,0.0236523347202959,0.0055478502080443,-0.1262135922330097,0.0027653610121978,-0.1840837119647528,3925.0,3300.0,1.2307692307692308,-0.0039384947396816,-0.002326284937446,-0.0002545820077451
1991-05-24,3670.0,3670.0,3665.0,3665.0,3000.0,3665.0,3646.0,3633.0,3703.6,3530.4,3813.925,False,False,False,False,False,False,False,True,False,False,False,-0.0450204638472032,-0.0081855388813096,,,-0.0105320600272851,0.0367257844474761,-0.0109140518417462,-0.1186903137789904,0.0030213762368759,-0.1735480319295348,3925.0,3450.0,0.1875,-0.0009180257047197,0.0030204690349619,0.0002560152246781
1991-05-27,3650.0,3650.0,3450.0,3500.0,24000.0,3500.0,3616.0,3613.0,3689.8,3539.0,3805.175,False,False,False,False,False,False,False,True,False,True,False,0.0,0.0242857142857142,,,-0.0542285714285714,-0.0111428571428571,0.0357142857142857,-0.0785714285714285,0.0024300649901101,-0.1599778577359535,3825.0,3495.0,8.0,-0.003740040110575,-0.0028220144058552,-0.0005913112467658
1991-05-28,3500.0,3500.0,3405.0,3405.0,15000.0,3405.0,3570.0,3591.0,3673.6,3547.733333333333,3795.2,False,False,False,False,False,False,False,True,False,True,False,0.0425844346549192,0.052863436123348,,,-0.0788839941262848,-0.0419187469407733,0.0646108663729809,-0.052863436123348,0.0024616656644617,-0.1482873851294903,3750.0,3500.0,0.625,-0.0044098432055749,-0.0006698030949999,3.160067435158164e-05
1991-05-29,3425.0,3450.0,3410.0,3450.0,10000.0,3450.0,3525.0,3573.5,3659.6,3557.133333333333,3783.7,False,False,False,False,False,False,False,True,False,False,False,0.0304347826086956,0.0347826086956521,,,-0.0607536231884057,-0.0310531400966183,0.0159420289855072,-0.0652173913043478,0.0026425773562981,-0.1350216874212956,3740.0,3490.0,0.6666666666666666,-0.0038255547054322,0.0005842885001426,0.0001809116918364
1991-05-30,3455.0,3455.0,3455.0,3455.0,2000.0,3455.0,3495.0,3564.0,3644.8,3566.5333333333333,3772.725,False,False,False,False,False,False,False,True,False,True,False,0.0564399421128798,0.0014471780028943,,,-0.0549348769898698,-0.0322817173178967,0.0144717800289435,-0.0882778581765557,0.0026356125462634,-0.1285072951739618,3640.0,3400.0,0.2,-0.0040605794556627,-0.0002350247502304,-6.96481003473106e-06
1991-05-31,3475.0,3505.0,3475.0,3500.0,31000.0,3500.0,3462.0,3554.0,3631.6,3575.5333333333333,3761.475,False,False,False,False,False,False,False,True,False,False,False,0.0385714285714285,0.0428571428571428,,,-0.0375999999999999,-0.0215809523809523,-0.0557142857142857,-0.1,0.0025171070050155,-0.1214124929656724,3750.0,3490.0,15.5,-0.0036347615376143,0.0004258179180484,-0.0001185055412478
1991-06-03,3500.0,3550.0,3500.0,3500.0,31000.0,3500.0,3462.0,3539.0,3615.6,3584.6666666666665,3749.975,False,False,False,False,False,False,False,True,False,True,False,0.0242857142857142,0.0557142857142857,,,-0.0330285714285714,-0.0241904761904761,-0.0142857142857142,-0.0985714285714285,0.0025478891575227,-0.1124611472167278,3750.0,3475.0,1.0,-0.0044252682818895,-0.0007905067442752,3.078215250717966e-05
1991-06-04,3505.0,3550.0,3500.0,3550.0,18000.0,3550.0,3491.0,3530.5,3603.6,3594.333333333333,3738.475,False,False,False,False,False,False,False,True,False,False,False,0.0098591549295774,0.1014084507042253,,,-0.0150985915492957,-0.012488262910798,-0.0267605633802816,-0.1056338028169014,0.0026894185291662,-0.1032431666902705,3700.0,3490.0,0.5806451612903226,-0.0033300033300033,0.0010952649518862,0.0001415293716434
1991-06-05,3600.0,3600.0,3555.0,3555.0,3000.0,3555.0,3512.0,3518.5,3594.6,3604.0666666666666,3728.0,False,False,True,False,False,False,False,True,False,False,False,0.0042194092827004,0.0182841068917018,,,-0.011139240506329,-0.0138021565869666,-0.0154711673699015,-0.0928270042194092,0.0027006529660939,-0.0930794372601961,3700.0,3385.0,0.1666666666666666,-0.0025037556334501,0.0008262476965531,1.1234436927686027e-05
1991-06-06,3560.0,3650.0,3560.0,3650.0,12000.0,3650.0,3551.0,3523.0,3591.2,3613.733333333333,3718.0,False,False,False,False,True,False,False,True,False,False,False,-0.0520547945205479,0.0136986301369863,,,0.0161095890410959,0.0099360730593607,-0.0410958904109589,-0.0821917808219178,0.0026749806294505,-0.088560885608856,3675.0,3385.0,4.0,-0.0009467587435954,0.0015569968898546,-2.5672336643352105e-05
1991-06-07,3690.0,3690.0,3635.0,3635.0,7000.0,3635.0,3578.0,3520.0,3592.2,3622.866666666667,3707.425,False,False,False,False,False,False,True,True,False,False,False,0.0041265474552957,0.0041265474552957,,,0.0117744154057772,0.0033379183860614,-0.0371389270976616,-0.0591471801925722,0.0025210238669194,-0.0823863636363636,3660.0,3400.0,0.5833333333333334,0.0002783809364734,0.0012251396800689,-0.000153956762531
1991-06-10,3625.0,3625.0,3585.0,3585.0,21000.0,3585.0,3595.0,3528.5,3586.6,3630.6,3696.6,False,False,False,False,False,False,False,True,False,True,True,0.0306834030683403,0.00418410041841,,,-0.0004463040446303,-0.0127196652719665,-0.00418410041841,-0.0585774058577405,0.00213004278448,-0.0803457559869633,3650.0,3595.0,3.0,-0.00156136731166,-0.0018397482481335,-0.0003909810824394
1991-06-11,3605.0,3605.0,3585.0,3585.0,8000.0,3585.0,3602.0,3546.5,3584.2,3637.0666666666666,3685.775,False,False,False,False,False,False,False,True,False,False,False,0.0906555090655509,0.0181311018131101,,,0.0002231520223152,-0.0145234774523477,-0.00976290097629,-0.0655509065550906,0.0017779895886795,-0.0814887917665303,3805.0,3575.0,0.3809523809523809,-0.000669605490765,0.0008917618208949,-0.0003520531958004
1991-06-12,3590.0,3590.0,3560.0,3570.0,11000.0,3570.0,3605.0,3558.5,3580.8,3641.0,3675.125,False,False,False,False,False,False,False,True,False,True,False,0.0140056022408963,0.0224089635854341,,,-0.0030252100840336,-0.0198879551820728,-0.0056022408963585,-0.0546218487394958,0.0010802892978119,-0.080370942812983,3825.0,3595.0,1.375,-0.0009495084897228,-0.0002799029989578,-0.0006977002908675
1991-06-13,3550.0,3550.0,3460.0,3460.0,11000.0,3460.0,3567.0,3559.0,3575.2,3643.133333333333,3664.675,False,False,False,False,False,False,False,True,False,True,False,0.0693641618497109,0.0476878612716763,,,-0.0332947976878612,-0.0529287090558766,0.0115606936416184,-0.0606936416184971,0.0005855765183815,-0.0776903624613655,3970.0,3640.0,1.0,-0.0015663459386888,-0.0006168374489659,-0.0004947127794303
1991-06-14,3595.0,3650.0,3595.0,3650.0,12000.0,3650.0,3570.0,3574.0,3575.2,3645.8,3654.925,False,False,False,False,False,False,False,True,False,False,True,0.0,-0.0068493150684931,,,0.0204931506849315,0.0011506849315067,-0.1164383561643835,-0.1356164383561643,0.0007314352588367,-0.0814213766088416,3750.0,3605.0,1.0909090909090908,0.0,0.0015663459386888,0.0001458587404551
1991-06-17,3675.0,3695.0,3650.0,3695.0,46000.0,3695.0,3592.0,3593.5,3575.0,3648.466666666666,3645.4,False,False,False,False,False,False,False,True,False,True,False,-0.0257104194857916,-0.0189445196211096,,,0.0324763193504736,0.0125935949481282,-0.1123139377537212,-0.1610284167794316,0.0007309006523286,-0.0879365521079727,3845.0,3640.0,3.8333333333333335,-5.594405594400506e-05,-5.594405594400506e-05,-5.346065080693045e-07
1991-06-18,3795.0,3920.0,3790.0,3910.0,70000.0,3910.0,3657.0,3629.5,3586.4,3653.933333333333,3637.2,False,False,False,False,False,False,True,True,True,False,False,-0.0664961636828644,-0.0728900255754475,,,0.0827621483375958,0.0654901960784314,-0.1432225063938619,-0.2071611253196931,0.001496104654345,-0.0990494558479129,3810.0,3745.0,1.5217391304347827,0.0031786749944234,0.0032346190503674,0.0007652040020164
1991-06-20,3615.0,3750.0,3575.0,3620.0,41000.0,3620.0,3667.0,3636.0,3586.2,3655.6666666666665,3628.3,False,False,False,False,False,False,False,True,False,True,False,0.0082872928176795,-0.0317679558011049,,,0.0093370165745856,-0.0098526703499078,-0.0400552486187845,-0.1422651933701657,0.000474149721893,-0.1039603960396039,3800.0,3850.0,0.5857142857142857,-5.576933801803381e-05,-0.0032344443324414,-0.001021954932452
1991-06-21,3625.0,3715.0,3625.0,3700.0,27000.0,3700.0,3715.0,3641.0,3592.2,3659.6666666666665,3620.3,False,False,False,False,False,False,True,True,True,False,False,-0.0202702702702702,-0.0527027027027027,,,0.0291351351351351,0.0109009009009009,-0.1148648648648648,-0.1581081081081081,0.0010929957191001,-0.1116451524306509,3825.0,3925.0,0.6585365853658537,0.0016702856188408,0.0017260549568588,0.000618845997207
1991-06-24,3750.0,3750.0,3650.0,3650.0,22000.0,3650.0,3715.0,3642.5,3594.2,3661.8,3612.05,False,False,False,False,False,False,True,True,False,True,False,-0.0068493150684931,-0.0945205479452054,,,0.0152876712328767,-0.0032328767123288,-0.0684931506849315,-0.136986301369863,0.0005825914395471,-0.1194234728894989,3830.0,3925.0,0.8148148148148148,0.0005564520616548,-0.0011138335571859,-0.0005104042795529
1991-06-25,3600.0,3605.0,3600.0,3600.0,9000.0,3600.0,3696.0,3644.0,3592.2,3663.466666666666,3603.55,False,False,False,False,False,False,False,True,False,True,False,0.0069444444444444,-0.0416666666666666,,,0.0021666666666667,-0.0176296296296295,-0.0555555555555555,-0.1180555555555555,0.0004549424952684,-0.1252744237102085,3900.0,3825.0,0.4090909090909091,-0.0005567618729469,-0.0011132139346018,-0.0001276489442786
1991-06-26,3650.0,3650.0,3615.0,3650.0,10000.0,3650.0,3644.0,3650.5,3592.8,3665.6,3595.8,False,False,False,False,False,False,True,True,False,False,False,-0.0068493150684931,-0.0534246575342465,,,0.0156712328767122,-0.0042739726027397,-0.047945205479452,-0.0821917808219178,0.0005819874872691,-0.1268319408300232,3850.0,3750.0,1.1111111111111112,0.0001670006680027,0.0007237625409497,0.0001270449920006
1991-06-27,3605.0,3650.0,3600.0,3650.0,28000.0,3650.0,3650.0,3658.5,3591.8,3669.133333333333,3589.55,False,False,False,False,False,False,False,True,False,True,False,-0.0397260273972602,-0.0410958904109589,,,0.015945205479452,-0.00524200913242,-0.0753424657534246,-0.0821917808219178,0.0009629885349855,-0.1294246275796091,3780.0,3740.0,2.8,-0.0002784119383039,-0.0004454126063066,0.0003810010477164
1991-06-28,3650.0,3650.0,3625.0,3625.0,6000.0,3625.0,3635.0,3675.0,3592.6,3672.3333333333335,3583.925,False,False,False,False,False,False,True,True,False,False,False,-0.033103448275862,-0.0344827586206896,,,0.0089379310344827,-0.0130574712643678,-0.0896551724137931,-0.0758620689655172,0.0008713805936281,-0.1306122448979592,3735.0,3640.0,0.2142857142857142,0.0002226799532371,0.000501091891541,-9.160794135744334e-05
1991-07-01,3620.0,3650.0,3590.0,3625.0,26000.0,3625.0,3630.0,3672.5,3591.0,3675.3333333333335,3580.05,False,False,False,False,False,False,False,True,False,True,False,-0.0882758620689655,-0.0344827586206896,,,0.0093793103448275,-0.0138850574712644,-0.1034482758620689,-0.0896551724137931,0.0008162524941048,-0.126072157930565,3610.0,3750.0,4.333333333333333,-0.0004455583402951,-0.0006682382935322,-5.512809952326061e-05
1991-07-02,3605.0,3695.0,3605.0,3625.0,13000.0,3625.0,3635.0,3665.5,3596.0,3675.733333333333,3575.925,False,False,False,False,False,False,True,True,True,False,False,-0.0482758620689655,-0.0151724137931034,,,0.008,-0.0139954022988505,-0.1020689655172413,-0.1034482758620689,0.0001088218224026,-0.1203110080480152,3725.0,3750.0,0.5,0.0013904338153503,0.0018359921556455,-0.0007074306717021
1991-07-03,3625.0,3625.0,3625.0,3625.0,25000.0,3625.0,3630.0,3637.0,3604.8,3676.4,3571.55,False,False,False,False,False,False,True,True,False,False,False,-0.0468965517241379,-0.0206896551724137,,,0.0055724137931033,-0.0141793103448276,-0.0620689655172413,-0.1241379310344827,0.0001813368150002,-0.1113555127852625,3645.0,3700.0,1.9230769230769231,0.0024411895250777,0.0010507557097273,7.251499259757692e-05
1991-07-04,3505.0,3510.0,3505.0,3505.0,10000.0,3505.0,3601.0,3625.5,3607.0,3675.2,3566.325,False,False,False,False,False,False,True,False,False,True,False,-0.0014265335235378,0.0128388017118402,,,-0.0291012838801711,-0.0485592011412267,-0.0713266761768901,-0.0299572039942938,-0.0003265128428385,-0.1003999448351951,3655.0,3700.0,0.4,0.0006099251455502,-0.0018312643795274,-0.0005078496578388
1991-07-05,3505.0,3525.0,3505.0,3505.0,10000.0,3505.0,3577.0,3606.0,3609.0,3673.4,3561.85,False,False,False,False,False,False,True,False,False,True,False,-0.0014265335235378,-0.0014265335235378,,,-0.0296718972895863,-0.0480456490727532,-0.0713266761768901,-0.0370898716119828,-0.0004900092557303,-0.0883250138657792,3600.0,3675.0,1.0,0.0005541701302299,-5.575501532028779e-05,-0.0001634964128917
1991-07-09,3255.0,3305.0,3255.0,3305.0,4000.0,3305.0,3513.0,3571.5,3601.2,3669.4,3556.375,False,False,False,False,False,False,False,False,False,True,False,0.059001512859304,-0.0242057488653555,,,-0.0896217851739787,-0.1102571860816944,-0.0332829046898638,0.0151285930408472,-0.0010900964735379,-0.0737785244295114,3650.0,3660.0,0.4,-0.002165944685105,-0.0027201148153349,-0.0006000872178075
1991-07-10,3400.0,3500.0,3400.0,3450.0,5000.0,3450.0,3478.0,3556.5,3599.2,3666.866666666667,3551.5,False,False,False,False,False,False,False,False,False,False,False,0.0347826086956521,-0.0492753623188405,,,-0.0432463768115941,-0.0628599033816425,-0.0782608695652174,-0.0289855072463768,-0.0006908714070141,-0.0649514972585407,3700.0,3650.0,1.25,-0.0005556790397866,0.0016102656453183,0.0003992250665237
1991-07-11,3500.0,3500.0,3455.0,3455.0,2000.0,3455.0,3444.0,3537.0,3595.4,3663.0,3545.65,False,False,False,False,False,False,False,False,False,True,False,0.0274963820549927,-0.0303907380607814,,,-0.0406367583212735,-0.0602026049204052,-0.0795947901591895,-0.0434153400868306,-0.001055601055601,-0.0610687022900763,3625.0,3805.0,0.4,-0.001056906046615,-0.0005012270068284,-0.0003647296485869
1991-07-12,3500.0,3500.0,3500.0,3500.0,6000.0,3500.0,3443.0,3522.0,3593.2,3658.3333333333335,3540.65,False,False,False,False,False,False,False,False,False,False,False,0.0142857142857142,-0.0071428571428571,,,-0.0266285714285713,-0.0452380952380952,-0.12,-0.0428571428571428,-0.0012756264236901,-0.0570698466780238,3625.0,3825.0,3.0,-0.0006122676166092,0.0004446384300058,-0.000220025368089
1991-07-15,3500.0,3500.0,3500.0,3500.0,2000.0,3500.0,3442.0,3509.5,3587.2,3652.6666666666665,3535.9,False,False,False,False,False,False,False,False,False,True,False,0.0,-0.0642857142857142,,,-0.0249142857142856,-0.0436190476190475,-0.1842857142857142,-0.0542857142857142,-0.0015513779886841,-0.0548511183929334,3550.0,3970.0,0.3333333333333333,-0.0016726137377341,-0.0010603461211249,-0.0002757515649939
1991-07-16,3500.0,3510.0,3500.0,3500.0,4000.0,3500.0,3481.0,3497.0,3581.8,3647.0,3530.925,False,False,False,False,False,False,False,False,False,False,False,-0.0785714285714285,-0.0285714285714285,,,-0.0233714285714286,-0.042,-0.1642857142857142,-0.0428571428571428,-0.001553788501965,-0.0500428939090649,3600.0,3750.0,2.0,-0.0015076218661007,0.0001649918716334,-2.410513280894349e-06
1991-07-17,3575.0,3575.0,3500.0,3570.0,10000.0,3570.0,3505.0,3491.5,3581.2,3643.6,3527.275,False,False,False,False,False,False,False,False,False,False,False,-0.0812324929971988,-0.0476190476190476,,,-0.0031372549019607,-0.0206162464985994,-0.1750700280112044,-0.0616246498599439,-0.0009331430453397,-0.0456823714735786,3650.0,3845.0,2.5,-0.0001675416061656,0.0013400802599351,0.0006206454566252
1991-07-18,3550.0,3550.0,3550.0,3550.0,2000.0,3550.0,3524.0,3484.0,3579.8,3640.933333333333,3525.325,False,False,False,False,False,False,False,False,False,True,False,-0.056338028169014,-0.0211267605633802,,,-0.0083943661971831,-0.0256150234741782,-0.1549295774647887,-0.0704225352112676,-0.0007324129344125,-0.0400401836969001,3635.0,3810.0,0.2,-0.0003910833007429,-0.0002235416945773,0.0002007301109272
1991-07-19,3500.0,3550.0,3500.0,3550.0,4000.0,3550.0,3534.0,3488.5,3579.0,3638.4,3523.575,False,False,False,False,False,False,False,False,False,False,False,-0.0211267605633802,-0.0492957746478873,,,-0.008169014084507,-0.0249014084507042,-0.176056338028169,-0.0985915492957746,-0.0006962767516855,-0.0470116095743156,3675.0,3800.0,2.0,-0.0002235261246158,0.000167557176127,3.613618272691572e-05
1991-07-22,3500.0,3500.0,3500.0,3500.0,5000.0,3500.0,3534.0,3488.0,3580.6,3636.533333333333,3521.075,False,False,False,False,False,False,True,False,False,False,False,-0.0642857142857142,-0.0571428571428571,,,-0.0230285714285714,-0.0390095238095236,-0.1642857142857142,-0.0857142857142857,-0.0005133093788958,-0.0518922018348623,3605.0,3825.0,1.25,0.000446852482824,0.0006703786074399,0.0001829673727897
1991-07-23,3300.0,3300.0,3225.0,3225.0,3000.0,3225.0,3479.0,3480.0,3563.6,3629.533333333333,3517.2,False,False,False,False,False,False,False,False,False,True,False,0.0542635658914728,0.0077519379844961,,,-0.1049922480620154,-0.1254366925064598,-0.1209302325581395,-0.1162790697674418,-0.0019286225961096,-0.0642241379310344,3665.0,3830.0,0.6,-0.0047704568413963,-0.0052173093242204,-0.0014153132172138
1991-07-24,3280.0,3280.0,3280.0,3280.0,1000.0,3280.0,3421.0,3463.0,3547.0,3623.266666666667,3513.25,False,False,False,False,False,False,False,False,False,False,False,0.0365853658536585,-0.0076219512195121,,,-0.0814024390243902,-0.1046544715447155,-0.1158536585365853,-0.1158536585365853,-0.0017295626414467,-0.0726248917123881,3500.0,3900.0,0.3333333333333333,-0.0046800112771355,9.044556426075854e-05,0.0001990599546629
1991-07-25,3305.0,3355.0,3300.0,3350.0,7000.0,3350.0,3381.0,3452.5,3524.6,3618.6,3509.55,False,False,False,False,False,False,False,False,False,True,False,0.0373134328358208,0.0149253731343283,,,-0.0521194029850746,-0.0801791044776119,-0.1074626865671641,-0.1492537313432835,-0.0012896331914737,-0.0829833454018827,3405.0,3850.0,7.0,-0.0063553311014016,-0.001675319824266,0.0004399294499729
1991-07-26,3475.0,3475.0,3475.0,3475.0,2000.0,3475.0,3366.0,3450.0,3518.8,3615.6,3506.425,False,False,False,False,False,False,False,False,False,False,False,-0.0287769784172661,-0.0633093525179856,,,-0.0126043165467626,-0.0404604316546762,-0.1654676258992805,-0.1784172661870503,-0.0008297378028542,-0.0966666666666666,3450.0,3780.0,0.2857142857142857,-0.0016482891894963,0.0047070419119052,0.0004598953886194
1991-07-29,3325.0,3325.0,3275.0,3275.0,5000.0,3275.0,3321.0,3427.5,3501.8,3610.266666666667,3502.3,False,False,False,False,False,False,False,False,False,True,False,0.0076335877862595,-0.0061068702290076,,,-0.0692519083969466,-0.1023715012722647,-0.0839694656488549,-0.1374045801526717,-0.001477268530487,-0.1048869438366156,3455.0,3735.0,2.5,-0.0048546461819635,-0.0032063569924672,-0.0006475307276327
1991-07-30,3300.0,3475.0,3300.0,3400.0,11000.0,3400.0,3356.0,3417.5,3491.8,3606.8,3499.3,False,False,False,False,False,False,False,False,False,False,False,-0.0441176470588235,-0.0602941176470588,,,-0.027,-0.0608235294117647,-0.1220588235294117,-0.1764705882352941,-0.000961147462201,-0.1183613752743233,3500.0,3610.0,2.2,-0.0028638524543215,0.001990793727642,0.000516121068286
1991-07-31,3400.0,3400.0,3400.0,3400.0,4000.0,3400.0,3380.0,3400.5,3483.8,3603.466666666666,3497.05,False,False,False,False,False,False,False,False,False,False,False,-0.0426470588235294,-0.0647058823529411,,,-0.0246470588235294,-0.0598431372549018,-0.1264705882352941,-0.1838235294117647,-0.0009250351513359,-0.1308631083664167,3500.0,3725.0,0.3636363636363636,-0.0022963430736552,0.0005675093806663,3.611231086511689e-05
1991-08-01,3475.0,3475.0,3475.0,3475.0,2000.0,3475.0,3405.0,3393.0,3476.8,3599.0666666666666,3495.675,False,False,False,False,False,False,False,False,False,False,False,-0.0215827338129496,-0.0848920863309352,,,-0.0005179856115108,-0.0357026378896882,-0.158273381294964,-0.2345323741007194,-0.0012225391768235,-0.1478043029767167,3550.0,3645.0,0.5,-0.0020133456051541,0.000282997468501,-0.0002975040254876
1991-08-02,3375.0,3375.0,3375.0,3375.0,1000.0,3375.0,3385.0,3375.5,3465.8,3593.0666666666666,3493.05,False,False,False,False,False,False,False,False,False,True,False,-0.0355555555555555,-0.0874074074074074,,,-0.0269037037037037,-0.0646123456790123,-0.1185185185185185,-0.2118518518518518,-0.0016698827371233,-0.1593837949933343,3555.0,3655.0,0.5,-0.0031738703906745,-0.0011605247855204,-0.0004473435602998
1991-08-05,3300.0,3300.0,3300.0,3300.0,3000.0,3300.0,3390.0,3355.5,3452.8,3584.133333333333,3489.925,False,False,False,False,False,False,False,False,False,True,False,-0.0136363636363636,-0.1348484848484848,,,-0.0463030303030303,-0.08610101010101,-0.0454545454545454,-0.1939393939393939,-0.0024924667981102,-0.1704663984503054,3650.0,3600.0,3.0,-0.0037650602409638,-0.0005911898502892,-0.0008225840609868
1991-08-06,3290.0,3290.0,3250.0,3250.0,3000.0,3250.0,3360.0,3358.0,3437.8,3577.4666666666667,3485.375,False,False,False,False,False,False,False,False,False,True,False,-0.0169230769230769,-0.1,,,-0.0577846153846154,-0.1007589743589743,-0.0061538461538461,-0.1923076923076923,-0.0018635160821437,-0.1777843954734961,3635.0,3650.0,1.0,-0.0043632555704229,-0.000598195329459,0.0006289507159664
1991-08-07,3255.0,3255.0,3255.0,3255.0,1000.0,3255.0,3331.0,3355.5,3423.0,3569.6,3481.9,False,False,False,False,False,False,False,False,False,False,False,-0.0230414746543778,-0.0952380952380952,,,-0.0516129032258064,-0.0966513056835637,-0.0092165898617511,-0.1612903225806451,-0.0022037950097116,-0.182238116525108,3585.0,3700.0,0.3333333333333333,-0.004323692667251,3.956290317194255e-05,-0.0003402789275679
1991-08-08,3400.0,3400.0,3400.0,3400.0,3000.0,3400.0,3316.0,3360.5,3414.0,3564.133333333333,3479.9,False,False,False,False,False,False,False,False,False,False,False,-0.0647058823529411,-0.1176470588235294,,,-0.0041176470588235,-0.0482745098039215,-0.0514705882352941,-0.2117647058823529,-0.0015337997082039,-0.1885136140455289,3585.0,3625.0,3.0,-0.0026362038664323,0.0016874888008186,0.0006699953015077
1991-08-09,3385.0,3385.0,3255.0,3255.0,3000.0,3255.0,3292.0,3338.5,3404.0,3556.866666666667,3477.05,False,False,False,False,False,False,False,False,False,True,False,-0.053763440860215,-0.1013824884792626,,,-0.0457757296466973,-0.0927393753200205,-0.0092165898617511,-0.1858678955453149,-0.002042996644987,-0.1893065748090459,3570.0,3625.0,1.0,-0.0029377203290246,-0.0003015164625923,-0.0005091969367831
1991-08-12,3255.0,3255.0,3255.0,3255.0,2000.0,3255.0,3283.0,3336.5,3394.0,3549.266666666667,3474.325,False,False,False,False,False,False,False,False,False,True,False,-0.1228878648233487,-0.1013824884792626,,,-0.0427035330261136,-0.0904045058883769,-0.032258064516129,-0.1858678955453149,-0.0021412874020924,-0.1940656376442379,3460.0,3550.0,0.6666666666666666,-0.0029463759575721,-8.655628547509387e-06,-9.829075710533244e-05
1991-08-13,3245.0,3245.0,3195.0,3195.0,4000.0,3195.0,3272.0,3316.0,3389.6,3540.8,3471.05,False,False,False,False,False,False,False,False,False,False,False,-0.0845070422535211,-0.1126760563380281,,,-0.0609076682316118,-0.1082316118935837,-0.0140845070422535,-0.1533646322378716,-0.0023911733694833,-0.1919481302774427,3650.0,3600.0,2.0,-0.0012980882700023,0.0016482876875697,-0.0002498859673909
1991-08-14,3130.0,3180.0,3130.0,3180.0,3000.0,3180.0,3257.0,3294.0,3378.8,3531.2,3468.2,False,False,False,False,False,False,False,False,False,True,False,-0.0738993710691823,-0.0880503144654088,,,-0.0625157232704403,-0.1104402515723269,-0.0078616352201257,-0.1352201257861635,-0.0027186225645673,-0.1873102610807528,3695.0,3650.0,0.75,-0.0031964010891439,-0.0018983128191416,-0.000327449195084
1991-08-15,3130.0,3180.0,3130.0,3180.0,5000.0,3180.0,3213.0,3264.5,3367.8,3522.266666666667,3465.85,False,False,False,False,False,False,False,False,False,True,False,-0.0566037735849056,-0.0597484276729559,,,-0.0590566037735849,-0.1076310272536688,-0.0015723270440251,-0.0786163522012578,-0.0025362455994245,-0.1716955123296063,3910.0,3635.0,1.6666666666666667,-0.0032662272106419,-6.982612149796777e-05,0.0001823769651428
1991-08-19,3080.0,3080.0,3080.0,3080.0,5000.0,3080.0,3178.0,3235.0,3351.0,3512.9333333333334,3463.15,False,False,False,False,False,False,False,False,False,True,False,-0.0503246753246753,-0.0584415584415584,,,-0.0879870129870129,-0.1405627705627705,0.047077922077922,-0.0633116883116883,-0.0026568489771131,-0.1571870170015455,3620.0,3675.0,1.0,-0.0050134288272158,-0.0017472016165738,-0.0001206033776886
1991-08-21,2825.0,2920.0,2825.0,2855.0,26000.0,2855.0,3098.0,3190.5,3325.2,3501.2,3459.325,False,False,False,False,False,False,False,False,False,True,False,0.0245183887915936,0.0507880910683012,,,-0.164693520140105,-0.226339754816112,0.1733800350262697,0.0087565674255691,-0.0033512319585666,-0.1385362795800031,3700.0,3605.0,5.2,-0.0077589317935763,-0.0027455029663605,-0.0006943829814534
1991-08-22,2975.0,2975.0,2925.0,2925.0,16000.0,2925.0,3044.0,3158.0,3302.2,3492.0666666666666,3456.525,False,False,False,False,False,False,False,False,False,False,False,-0.0307692307692307,0.0205128205128205,,,-0.1289572649572649,-0.1938689458689458,0.1692307692307692,-0.0188034188034188,-0.0026154521677707,-0.1219126029132362,3650.0,3665.0,0.6153846153846154,-0.0069650536006298,0.0007938781929464,0.0007357797907959
1991-08-23,3000.0,3000.0,2925.0,2945.0,10000.0,2945.0,2997.0,3127.0,3277.2,3481.6666666666665,3455.0,False,False,False,False,False,False,False,False,False,True,False,-0.0152801358234295,0.0084889643463497,,,-0.1128013582342953,-0.1822297679683078,0.1460101867572156,-0.0254668930390492,-0.0029870751555768,-0.1087304125359769,3600.0,3500.0,0.625,-0.0076284633223483,-0.0006634097217184,-0.0003716229878061
1991-08-26,3000.0,3000.0,3000.0,3000.0,3000.0,3000.0,2961.0,3087.0,3255.2,3473.0666666666666,3454.1,False,False,False,False,False,False,False,False,False,False,False,-0.0033333333333333,-0.025,,,-0.0850666666666666,-0.1576888888888888,0.1166666666666666,-0.0583333333333333,-0.0024761977886977,-0.0924846128927761,3650.0,3405.0,0.3,-0.0067584173015482,0.0008700460208,0.000510877366879
1991-08-27,2950.0,2950.0,2925.0,2925.0,2000.0,2925.0,2930.0,3054.0,3230.2,3463.333333333333,3452.05,False,False,False,False,False,False,False,False,False,True,False,-0.0085470085470085,0.017094017094017,,,-0.1043418803418802,-0.1840455840455839,0.1538461538461538,-0.0683760683760683,-0.0028103946102021,-0.0802226588081205,3650.0,3450.0,0.6666666666666666,-0.0077394588570367,-0.0009810415554884,-0.0003341968215044
1991-08-28,2925.0,2925.0,2925.0,2925.0,1000.0,2925.0,2944.0,3021.0,3207.2,3454.333333333333,3450.175,False,False,False,False,False,False,False,False,False,False,False,0.0256410256410256,0.0769230769230769,,,-0.0964786324786324,-0.1809686609686608,0.1111111111111111,-0.0666666666666666,-0.0026054231400173,-0.067527308838133,3625.0,3455.0,0.5,-0.0071713644300324,0.0005680944270042,0.0002049714701848
1991-08-29,2830.0,2835.0,2830.0,2835.0,7000.0,2835.0,2926.0,2985.0,3191.6,3443.4666666666667,3447.85,False,False,False,False,False,False,False,False,False,False,False,0.0529100529100529,0.1393298059964726,,,-0.125784832451499,-0.2146266901822457,0.1128747795414462,-0.037037037037037,-0.0031557345310926,-0.0554438860971524,3625.0,3500.0,7.0,-0.0048878305552073,0.002283533874825,-0.0005503113910752
1991-09-03,2855.0,2900.0,2850.0,2900.0,6000.0,2900.0,2917.0,2957.0,3176.4,3432.8,3445.15,False,False,False,False,False,False,False,False,False,False,False,0.0241379310344827,0.1120689655172413,,,-0.0953103448275862,-0.1837241379310345,0.0689655172413793,-0.0603448275862069,-0.0031072788005903,-0.0473452823807913,3625.0,3500.0,0.8571428571428571,-0.0047852915249967,0.0001025390302105,4.845573050226175e-05
1991-09-04,2900.0,2990.0,2900.0,2990.0,6000.0,2990.0,2915.0,2938.0,3162.0,3424.333333333333,3442.35,False,False,False,False,False,False,False,False,False,False,False,-0.0217391304347826,0.0785953177257525,,,-0.0575250836120401,-0.145261984392419,0.0367892976588628,-0.1053511705685618,-0.0024725007300692,-0.049863852961198,3625.0,3550.0,1.0,-0.0045540796963947,0.000231211828602,0.000634778070521
1991-09-05,2975.0,2975.0,2900.0,2900.0,4000.0,2900.0,2910.0,2920.0,3139.0,3414.6666666666665,3439.85,False,False,False,False,False,False,False,False,False,True,False,0.0258620689655172,0.1120689655172413,,,-0.0824137931034482,-0.177471264367816,0.0706896551724138,-0.1034482758620689,-0.0028309254197578,-0.0537671232876712,3505.0,3555.0,0.6666666666666666,-0.0073271742593182,-0.0027730945629235,-0.0003584246896886
1991-09-06,2950.0,3000.0,2950.0,3000.0,18000.0,3000.0,2925.0,2934.5,3128.0,3407.333333333333,3437.85,False,False,False,False,False,False,False,False,False,False,True,0.05,0.05,,,-0.0426666666666666,-0.1357777777777776,0.0383333333333333,-0.1333333333333333,-0.00215222070045,-0.0679843244164252,3505.0,3650.0,4.5,-0.0035166240409207,0.0038105502183975,0.0006787047193078
1991-09-09,2975.0,2985.0,2950.0,2985.0,9000.0,2985.0,2955.0,2940.5,3111.4,3399.133333333333,3436.025,False,False,False,False,False,False,False,False,False,True,False,0.0820770519262981,0.0552763819095477,,,-0.0423450586264656,-0.1387381351200446,0.0552763819095477,-0.1273031825795645,-0.0024123796261791,-0.0788981465737119,3305.0,3635.0,0.5,-0.0053352188725332,-0.0018185948316125,-0.0002601589257291
1991-09-10,2975.0,2975.0,2955.0,2970.0,13000.0,2970.0,2969.0,2943.0,3094.2,3390.0666666666666,3434.35,False,False,False,False,False,False,False,False,False,True,False,0.0858585858585858,0.0622895622895622,,,-0.0418181818181817,-0.1414365881032547,0.069023569023569,-0.1077441077441077,-0.0026744803445359,-0.0871559633027523,3450.0,3585.0,1.4444444444444444,-0.0055587874087002,-0.000223568536167,-0.0002621007183568
1991-09-11,2950.0,2950.0,2905.0,2925.0,15000.0,2925.0,2956.0,2935.5,3072.2,3380.6,3432.225,False,False,False,False,False,False,False,False,False,True,False,0.1025641025641025,0.0854700854700854,,,-0.0503247863247862,-0.1557606837606837,0.1452991452991453,-0.1111111111111111,-0.0028002918614052,-0.0924885028104241,3455.0,3585.0,1.1538461538461535,-0.0071609921229086,-0.0016022047142084,-0.0001258115168693
1991-09-12,2950.0,2975.0,2950.0,2975.0,13000.0,2975.0,2971.0,2940.5,3056.2,3371.266666666667,3429.575,False,False,False,False,False,False,False,False,False,False,False,0.0840336134453781,0.0840336134453781,,,-0.0272941176470587,-0.1331988795518208,0.1260504201680672,-0.1764705882352941,-0.0027684945322232,-0.1033837782690018,3500.0,3570.0,0.8666666666666667,-0.0052352594725476,0.001925732650361,3.179732918207317e-05
1991-09-13,3000.0,3200.0,3000.0,3150.0,41000.0,3150.0,3001.0,2963.0,3050.2,3365.2,3428.075,False,False,False,False,True,False,False,False,False,False,False,0.0,0.0634920634920634,,,0.0316825396825397,-0.0683174603174602,0.0634920634920634,-0.238095238095238,-0.0018027655612347,-0.1213297333783327,3500.0,3460.0,3.1538461538461537,-0.0019670841256311,0.0032681753469165,0.0009657289709884
1991-09-17,3265.0,3315.0,3230.0,3230.0,35000.0,3230.0,3050.0,3002.5,3049.4,3359.4,3425.975,False,False,False,False,False,False,False,False,False,False,False,-0.0247678018575851,0.0588235294117647,,,0.0559133126934984,-0.0400619195046439,0.0216718266253869,-0.2414860681114551,-0.0017264987795438,-0.1422148209825145,3500.0,3650.0,0.8536585365853658,-0.0002623466911522,0.0017047374344788,7.626678169082965e-05
1991-09-18,3225.0,3275.0,3225.0,3225.0,23000.0,3225.0,3101.0,3035.0,3048.2,3355.733333333333,3423.475,False,False,False,False,False,False,False,False,False,True,False,-0.0217054263565891,0.0465116279069767,,,0.0548217054263566,-0.0405374677002583,0.0077519379844961,-0.2403100775193798,-0.0010926573426574,-0.1604612850082372,3570.0,3695.0,0.6571428571428571,-0.0003936749557116,-0.0001313282645593,0.0006338414368864
1991-09-19,3230.0,3250.0,3225.0,3225.0,11000.0,3225.0,3161.0,3058.5,3041.2,3353.333333333333,3420.6,False,False,False,False,False,False,False,False,False,True,False,-0.0155038759689922,0.0387596899224806,,,0.0569922480620155,-0.0397932816537466,-0.0155038759689922,-0.2403100775193798,-0.0007157057654075,-0.1742684322380251,3550.0,3910.0,0.4782608695652174,-0.0023017230040773,-0.0019080480483656,0.0003769515772498
1991-09-20,3250.0,3250.0,3225.0,3225.0,9000.0,3225.0,3211.0,3091.0,3040.0,3350.333333333333,3418.35,False,False,False,False,False,False,False,False,False,False,False,0.0,0.0465116279069767,,,0.0573643410852713,-0.0388630490956071,0.0542635658914728,-0.2403100775193798,-0.0008954332902198,-0.187803299902944,3550.0,3620.0,0.8181818181818182,-0.0003947368421052,0.0019069861619721,-0.0001797275248122
1991-09-24,3200.0,3200.0,3125.0,3150.0,5000.0,3150.0,3211.0,3106.0,3035.8,3346.266666666667,3414.725,False,False,False,False,False,False,False,False,False,True,False,0.0634920634920634,0.0317460317460317,,,0.0362539682539682,-0.0623068783068783,0.0714285714285714,-0.2063492063492063,-0.0012152846953817,-0.1949452672247263,3500.0,3700.0,0.5555555555555556,-0.0013834903485077,-0.0009887535064025,-0.0003198514051618
1991-09-25,3150.0,3150.0,3150.0,3150.0,10000.0,3150.0,3195.0,3122.5,3034.0,3341.6,3411.7,False,False,False,False,False,False,False,False,False,False,False,0.0857142857142857,0.0015873015873015,,,0.0368253968253968,-0.0608253968253967,0.065079365079365,-0.2047619047619047,-0.0013965365892587,-0.2024019215372297,3225.0,3650.0,2.0,-0.0005932762030323,0.0007902141454753,-0.0001812518938769
1991-09-26,3150.0,3250.0,3150.0,3155.0,7000.0,3155.0,3181.0,3141.0,3033.0,3337.0,3409.05,False,False,False,False,False,False,False,False,False,False,False,0.0697305863708399,-0.0174326465927099,,,0.0386687797147385,-0.0576862123613312,0.0618066561014263,-0.1980982567353407,-0.0013784836679652,-0.2109200891435848,3280.0,3600.0,0.7,-0.0003297065611605,0.0002635696418717,1.8052921293518423e-05
1991-09-27,3160.0,3175.0,3160.0,3175.0,5000.0,3175.0,3171.0,3166.0,3032.8,3332.0,3407.425,False,False,False,False,False,False,False,False,False,False,False,0.0551181102362204,-0.0236220472440944,,,0.044787401574803,-0.0494488188976377,0.0409448818897637,-0.2031496062992126,-0.001500600240096,-0.2193619709412508,3350.0,3650.0,0.7142857142857143,-6.594566077546099e-05,0.0002637609003851,-0.0001221165721308
1991-09-30,3205.0,3260.0,3200.0,3225.0,10000.0,3225.0,3171.0,3191.0,3038.6,3327.6,3405.05,False,False,False,False,False,False,True,False,True,False,False,0.0465116279069767,-0.0372093023255813,,,0.0577984496124031,-0.031813953488372,0.0387596899224806,-0.1937984496124031,-0.0013222743118163,-0.2207771858351614,3475.0,3650.0,2.0,0.0019087737773973,0.0019747194381728,0.0001783259282796
1991-10-01,3225.0,3350.0,3200.0,3350.0,43000.0,3350.0,3211.0,3211.0,3058.4,3323.6,3403.3,False,False,False,False,False,False,True,False,False,False,False,-0.0298507462686567,-0.0701492537313432,,,0.0870447761194029,0.0078805970149254,-0.0119402985074626,-0.2238805970149253,-0.001203514261644,-0.2194020554344441,3275.0,3625.0,4.3,0.0064739733193827,0.0045651995419853,0.0001187600501723
1991-10-02,3425.0,3425.0,3400.0,3420.0,17000.0,3420.0,3265.0,3230.0,3078.2,3320.733333333333,3402.275,False,False,False,False,False,False,True,False,False,True,False,-0.077485380116959,-0.0789473684210526,,,0.0999415204678363,0.0290253411306043,-0.0204678362573099,-0.2383040935672514,-0.000863263134649,-0.2191950464396284,3400.0,3625.0,0.3953488372093023,0.006432330582808,-4.164273657469679e-05,0.0003402511269949
1991-10-03,3420.0,3420.0,3375.0,3375.0,10000.0,3375.0,3309.0,3245.0,3095.4,3317.9333333333334,3401.4,False,False,False,False,False,False,True,False,False,True,False,-0.0814814814814814,-0.0592592592592592,,,0.0828444444444444,0.0169086419753086,-0.0074074074074074,-0.2296296296296296,-0.0008438988125137,-0.2181818181818181,3400.0,3625.0,0.5882352941176471,0.0055566324223041,-0.0008756981605038,1.93643221352781e-05
1991-10-04,3350.0,3350.0,3350.0,3350.0,13000.0,3350.0,3344.0,3257.5,3109.4,3314.8,3400.65,False,False,False,False,False,False,True,False,False,True,False,-0.0746268656716417,0.0,,,0.071820895522388,0.0105074626865671,-0.0149253731343283,-0.2388059701492537,-0.0009452556212541,-0.2181120491174213,3475.0,3625.0,1.3,0.004502476361999,-0.001054156060305,-0.0001013568087404
1991-10-07,3355.0,3375.0,3350.0,3375.0,9000.0,3375.0,3374.0,3272.5,3127.4,3312.2,3399.375,False,False,False,False,False,False,True,False,False,False,False,-0.08,-0.0074074074074074,,,0.0733629629629629,0.0186074074074074,-0.0518518518518518,-0.2444444444444444,-0.0007849767526116,-0.2186401833460657,3375.0,3505.0,0.6923076923076923,0.005755579714779,0.0012531033527799,0.0001602788686424
1991-10-08,3300.0,3300.0,3250.0,3250.0,18000.0,3250.0,3354.0,3282.5,3140.4,3309.4,3397.425,False,False,False,False,False,False,True,False,False,True,False,-0.0415384615384615,0.0307692307692307,,,0.0337230769230769,-0.0182769230769231,-0.0153846153846153,-0.2307692307692307,-0.0008460748171873,-0.221020563594821,3300.0,3505.0,2.0,0.0041396000509489,-0.0016159796638301,-6.10980645756559e-05
1991-10-09,3150.0,3185.0,3150.0,3155.0,17000.0,3155.0,3301.0,3283.0,3153.2,3302.8,3395.2,False,False,False,False,False,False,True,False,False,True,False,-0.0015847860538827,0.045958795562599,,,0.0005705229793978,-0.0468462757527734,-0.0966719492868462,-0.2234548335974643,-0.0019983044689354,-0.2228144989339019,3250.0,3305.0,0.9444444444444444,0.0040593682608143,-8.023179013459843e-05,-0.001152229651748
1991-10-11,3175.0,3175.0,3100.0,3100.0,39000.0,3100.0,3246.0,3277.5,3161.2,3294.866666666667,3393.075,False,False,False,False,False,False,True,False,False,True,False,0.0241935483870967,0.0483870967741935,,,-0.0197419354838709,-0.0628602150537634,-0.064516129032258,-0.2096774193548387,-0.0024077858486939,-0.223951182303585,3255.0,3450.0,2.294117647058824,0.0025306845501708,-0.0015286837106435,-0.0004094813797585
1991-10-14,3125.0,3150.0,3100.0,3100.0,14000.0,3100.0,3196.0,3270.0,3165.6,3284.0666666666666,3391.075,False,False,False,False,False,False,True,False,False,True,False,0.0806451612903225,0.0241935483870967,,,-0.0211612903225806,-0.0593763440860214,-0.0806451612903225,-0.2096774193548387,-0.0032886055906295,-0.2246177370030581,3400.0,3455.0,0.358974358974359,0.0013899418751579,-0.0011407426750128,-0.0008808197419356
1991-10-15,3105.0,3110.0,3105.0,3105.0,3000.0,3105.0,3142.0,3258.0,3173.8,3277.2,3389.975,False,False,False,False,False,False,True,False,False,False,False,0.0789049919484702,0.0950080515297906,,,-0.022157809983897,-0.0554589371980675,-0.0805152979066022,-0.1948470209339774,-0.0020952845925383,-0.2248311847759361,3255.0,3500.0,0.2142857142857142,0.0025836536643771,0.0011937117892191,0.0011933209980911
1991-10-17,3115.0,3115.0,3115.0,3115.0,3000.0,3115.0,3115.0,3234.5,3178.4,3269.4,3388.05,False,False,False,False,False,False,True,False,False,True,False,0.0754414125200642,0.0834670947030497,,,-0.0203531300160513,-0.0495666131621188,-0.0930979133226324,-0.1974317817014446,-0.0023857588548356,-0.2222909259545525,3255.0,3500.0,1.0,0.0014472690661968,-0.0011363845981803,-0.0002904742622972
1991-10-18,3110.0,3150.0,3100.0,3150.0,31000.0,3150.0,3114.0,3207.5,3185.0,3262.733333333333,3386.425,False,False,False,False,False,False,True,False,False,False,False,0.0476190476190476,0.065079365079365,,,-0.0111111111111111,-0.0357883597883597,-0.1111111111111111,-0.2142857142857142,-0.0020432765983532,-0.2197973499610288,3195.0,3500.0,10.333333333333334,0.0020722135007849,0.0006249444345881,0.0003424822564824
1991-10-21,3205.0,3250.0,3175.0,3175.0,10000.0,3175.0,3129.0,3187.5,3193.2,3257.0666666666666,3384.925,False,False,False,False,False,False,True,False,False,False,False,0.0236220472440944,0.0551181102362204,,,-0.0057322834645668,-0.0258477690288713,-0.1259842519685039,-0.2251968503937008,-0.0017398067791058,-0.2192941176470588,3180.0,3570.0,0.3225806451612903,0.0025679569084303,0.0004957434076454,0.0003034698192473
1991-10-22,3300.0,3350.0,3255.0,3350.0,17000.0,3350.0,3179.0,3187.5,3210.2,3253.0666666666666,3384.675,False,False,False,True,True,False,True,False,False,False,False,-0.0522388059701492,-0.0134328358208955,,,0.0417313432835821,0.0289353233830845,-0.2059701492537313,-0.2835820895522388,-0.0012296089843429,-0.224,3180.0,3550.0,1.7,0.0052956202105787,0.0027276633021484,0.0005101977947629
1991-10-23,3350.0,3350.0,3325.0,3350.0,40000.0,3350.0,3228.0,3185.0,3225.2,3249.0666666666666,3385.15,False,False,False,False,False,False,True,False,False,True,False,0.0149253731343283,0.0,,,0.0372537313432836,0.0301293532338308,-0.2059701492537313,-0.3074626865671642,-0.0012311227839789,-0.2306122448979591,3080.0,3550.0,2.3529411764705883,0.0046508743643805,-0.0006447458461982,-1.5137996360098296e-06
1991-10-24,3345.0,3350.0,3325.0,3350.0,11000.0,3350.0,3275.0,3195.0,3233.2,3245.4,3385.9,False,False,False,False,False,False,True,False,False,True,True,0.0074626865671641,-0.0119402985074626,,,0.0348656716417911,0.0312238805970149,-0.2059701492537313,-0.2955223880597015,-0.0011298042357387,-0.2374021909233176,2855.0,3500.0,0.275,0.0024743288383026,-0.0021765455260778,0.0001013185482402
1991-10-25,3325.0,3345.0,3300.0,3300.0,7000.0,3300.0,3305.0,3209.5,3236.0,3241.0666666666666,3386.525,False,False,False,False,False,False,True,False,False,True,False,0.0166666666666666,0.0151515151515151,,,0.0193939393939393,0.0178585858585858,-0.2045454545454545,-0.2909090909090909,-0.0013370083922988,-0.2442748091603053,2925.0,3225.0,0.6363636363636364,0.0008652657601978,-0.0016090630781047,-0.0002072041565601
1991-10-28,3300.0,3300.0,3250.0,3250.0,6000.0,3250.0,3320.0,3224.5,3237.0,3236.0666666666666,3386.9,False,True,False,False,False,False,True,False,False,True,False,0.0307692307692307,0.0307692307692307,,,0.004,0.0042871794871795,-0.16,-0.2723076923076923,-0.0015450855977421,-0.250426422701194,2945.0,3280.0,0.8571428571428571,0.0003089280197713,-0.0005563377404264,-0.0002080772054432
1991-10-29,3230.0,3255.0,3155.0,3175.0,15000.0,3175.0,3285.0,3232.0,3235.0,3230.0666666666666,3386.775,False,False,False,False,False,False,False,False,False,True,False,0.0409448818897637,0.0393700787401574,,,-0.0188976377952755,-0.0173438320209973,-0.1559055118110236,-0.2598425196850393,-0.0018575467998596,-0.255259900990099,3000.0,3350.0,2.5,-0.0006182380216383,-0.0009271660414097,-0.0003124612021175
1991-10-30,3300.0,3400.0,3300.0,3400.0,21000.0,3400.0,3295.0,3261.5,3242.0,3228.6666666666665,3387.475,False,False,False,False,False,False,True,False,True,False,False,-0.0147058823529411,-0.0588235294117647,,,0.0464705882352941,0.0503921568627451,-0.2205882352941176,-0.3235294117647059,-0.0004336155275655,-0.2681281618887015,2925.0,3475.0,1.4,0.0021591610117211,0.0027773990333594,0.001423931272294
1991-10-31,3430.0,3430.0,3325.0,3375.0,13000.0,3375.0,3300.0,3287.5,3251.0,3226.9333333333334,3387.05,False,False,False,False,False,False,True,False,False,False,False,-0.0192592592592592,-0.0518518518518518,,,0.0367407407407407,0.0438716049382715,-0.2148148148148148,-0.3333333333333333,-0.0005371456904387,-0.2815209125475285,2925.0,3275.0,0.6190476190476191,0.0027683789603199,0.0006092179485987,-0.0001035301628731
1991-11-01,3355.0,3355.0,3355.0,3355.0,3000.0,3355.0,3311.0,3308.0,3259.2,3227.6,3386.025,False,False,False,False,False,False,True,True,False,True,False,-0.0014903129657228,-0.1505216095380029,,,0.0285543964232489,0.037973174366617,-0.1937406855439642,-0.3442622950819672,0.0002065518238525,-0.2942865779927449,2835.0,3400.0,0.2307692307692307,0.0025159548355424,-0.0002524241247774,0.0007436975142912
1991-11-05,3325.0,3350.0,3325.0,3350.0,12000.0,3350.0,3331.0,3325.5,3267.0,3226.266666666667,3385.025,False,False,False,False,False,False,True,False,False,True,False,0.0,-0.1343283582089552,,,0.024776119402985,0.0369353233830845,-0.1791044776119403,-0.373134328358209,-0.000413274372856,-0.3088257404901519,2900.0,3400.0,4.0,0.0023875114784206,-0.0001284433571217,-0.0006198261967086
1991-11-06,3350.0,3350.0,3305.0,3305.0,3000.0,3305.0,3357.0,3321.0,3272.2,3224.266666666667,3384.05,False,False,False,False,False,False,True,False,False,True,False,-0.0015128593040847,-0.1376701966717095,,,0.0099243570347958,0.0244276348966212,-0.113464447806354,-0.3645990922844175,-0.0006202960879993,-0.3169226136705811,2990.0,3475.0,0.25,0.0015891449177922,-0.0007983665606283,-0.0002070217151432
1991-11-07,3325.0,3350.0,3300.0,3350.0,12000.0,3350.0,3347.0,3321.0,3277.2,3222.266666666667,3383.675,False,False,False,False,False,False,True,False,False,True,False,-0.044776119402985,-0.1477611940298507,,,0.0217313432835821,0.0381293532338307,-0.1388059701492537,-0.3791044776119402,-0.0006206810940538,-0.3241493526046372,2900.0,3375.0,4.0,0.0015256926644696,-6.345225332258608e-05,-3.850060545367453e-07
1991-11-08,3300.0,3310.0,3300.0,3310.0,11000.0,3310.0,3334.0,3317.0,3275.6,3219.733333333333,3383.25,False,False,False,False,False,False,False,False,False,True,False,-0.0332326283987915,-0.1465256797583081,,,0.010392749244713,0.0272708962739174,-0.1299093655589124,-0.3580060422960725,-0.0007868146430347,-0.3304190533614712,3000.0,3300.0,0.9166666666666666,-0.0004884601294419,-0.0020141527939115,-0.0001661335489808
1991-11-11,3300.0,3350.0,3300.0,3350.0,20000.0,3350.0,3333.0,3322.0,3272.8,3217.733333333333,3383.5,False,False,False,False,False,False,False,False,False,True,False,-0.1492537313432835,-0.1641791044776119,,,0.0230447761194029,0.0394825870646766,-0.1432835820895522,-0.373134328358209,-0.0006215555463473,-0.3386514148103552,2985.0,3250.0,1.818181818181818,-0.0008555365436322,-0.0003670764141903,0.0001652590966874
1991-11-12,3350.0,3350.0,3350.0,3350.0,1000.0,3350.0,3333.0,3332.0,3271.8,3214.8,3384.5,False,False,False,False,False,False,False,False,False,False,False,-0.1343283582089552,-0.1716417910447761,,,0.0233432835820894,0.0403582089552238,-0.1432835820895522,-0.3880597014925373,-0.0009124466011362,-0.3500900360144057,2970.0,3255.0,0.05,-0.0003056421541659,0.0005498943894663,-0.0002908910547889
1991-11-13,3345.0,3345.0,3300.0,3300.0,4000.0,3300.0,3332.0,3344.5,3269.8,3211.4666666666667,3385.0,False,False,False,False,False,False,False,False,False,True,False,-0.1363636363636363,-0.1939393939393939,,,0.009151515151515,0.0268282828282828,-0.1439393939393939,-0.3787878787878788,-0.0010379473553101,-0.361489011810435,2925.0,3400.0,4.0,-0.0006116582053948,-0.0003060160512289,-0.0001255007541738
1991-11-14,3200.0,3200.0,3200.0,3200.0,9000.0,3200.0,3302.0,3324.5,3262.8,3206.8,3385.0,False,False,False,False,False,True,False,False,False,True,False,-0.1078125,-0.16875,,,-0.019625,-0.002125,-0.1484375,-0.39375,-0.0014552409463223,-0.3684764626259588,2975.0,3255.0,2.25,-0.0021453965918842,-0.0015337383864894,-0.0004172935910121
1991-11-15,3200.0,3200.0,3200.0,3200.0,2000.0,3200.0,3280.0,3307.0,3260.8,3202.8,3385.125,False,False,False,False,False,False,False,False,False,False,False,-0.1171875,-0.16875,,,-0.019,-0.000875,-0.146875,-0.409375,-0.0012489072061945,-0.376020562443302,3150.0,3255.0,0.2222222222222222,-0.0006133464180569,0.0015320501738273,0.0002063337401277
1991-11-19,2900.0,2900.0,2850.0,2850.0,13000.0,2850.0,3180.0,3256.5,3248.6,3197.8,3383.875,False,False,False,False,False,False,False,False,False,True,False,-0.0175438596491228,-0.0789473684210526,,,-0.139859649122807,-0.1220350877192983,-0.0421052631578947,-0.3508771929824561,-0.0015635749577834,-0.3770919699063411,3230.0,3195.0,6.5,-0.0037554638921382,-0.0031421174740813,-0.0003146677515888
1991-11-20,2850.0,2900.0,2850.0,2900.0,15000.0,2900.0,3090.0,3211.5,3240.6,3192.733333333333,3382.875,False,False,False,False,False,False,False,False,False,False,False,-0.043103448275862,-0.0586206896551724,,,-0.1174482758620689,-0.1009425287356321,-0.0603448275862069,-0.3793103448275862,-0.0015869370027772,-0.3777051222170325,3225.0,3180.0,1.1538461538461535,-0.002468678639758,0.0012867852523801,-2.3362044993787204e-05
1991-11-21,2900.0,2900.0,2850.0,2850.0,4000.0,2850.0,3000.0,3166.0,3230.6,3186.0666666666666,3381.75,False,False,False,False,False,False,False,False,False,True,False,-0.0666666666666666,-0.0596491228070175,,,-0.1335438596491227,-0.1179181286549707,-0.0614035087719298,-0.3859649122807017,-0.0020924441840513,-0.3798168035375868,3225.0,3180.0,0.2666666666666666,-0.0030954002352504,-0.0006267215954923,-0.000505507181274
1991-11-22,2900.0,2900.0,2855.0,2855.0,4000.0,2855.0,2931.0,3116.5,3220.6,3177.8,3380.525,False,False,False,False,False,False,False,False,False,True,False,-0.0683012259194395,-0.0718038528896672,,,-0.1280560420315236,-0.1130647985989492,-0.0893169877408056,-0.3520140105078809,-0.0026013804099271,-0.3773463821594737,3225.0,3080.0,1.0,-0.0031050114885425,-9.61125329208964e-06,-0.0005089362258757
1991-11-25,2850.0,2850.0,2825.0,2825.0,3000.0,2825.0,2856.0,3068.0,3209.0,3171.8,3379.15,False,False,False,False,False,False,False,False,False,True,False,-0.0584070796460177,-0.0619469026548672,,,-0.135929203539823,-0.1227610619469027,-0.079646017699115,-0.3663716814159292,-0.0018916703449145,-0.3784224250325945,3150.0,2855.0,0.75,-0.003614833281396,-0.0005098217928535,0.0007097100650125
1991-11-26,2900.0,2900.0,2800.0,2800.0,3000.0,2800.0,2846.0,3013.0,3195.0,3163.8,3377.9,False,False,False,False,False,False,False,False,False,True,False,-0.0625,-0.0339285714285714,,,-0.1410714285714285,-0.1299285714285715,-0.0696428571428571,-0.3589285714285714,-0.0025286048422782,-0.3771988051775639,3150.0,2925.0,1.0,-0.0043818466353677,-0.0007670133539717,-0.0006369344973637
1991-11-28,2750.0,2775.0,2750.0,2775.0,9000.0,2775.0,2821.0,2955.5,3179.0,3155.4666666666667,3376.525,False,False,False,False,False,False,False,False,False,True,False,-0.0162162162162162,-0.009009009009009,,,-0.1455855855855856,-0.1371051051051051,-0.045045045045045,-0.3513513513513513,-0.0026409194625201,-0.3735408560311284,3155.0,2945.0,3.0,-0.0050330292544825,-0.0006511826191147,-0.0001123146202418
1991-11-29,2700.0,2700.0,2660.0,2660.0,16000.0,2660.0,2783.0,2891.5,3151.4,3144.6,3375.2,False,False,False,False,False,False,False,False,False,True,False,0.0075187969924812,0.1015037593984962,,,-0.1847368421052632,-0.1821804511278195,-0.0225563909774436,-0.3233082706766917,-0.0034556594373423,-0.3683209406882241,3175.0,3000.0,1.7777777777777777,-0.0087580123119882,-0.0037249830575057,-0.0008147399748222
1991-12-02,2665.0,2665.0,2660.0,2660.0,4000.0,2660.0,2744.0,2837.5,3123.8,3135.0666666666666,3374.1,False,False,True,False,False,False,False,False,False,True,False,-0.0037593984962406,0.0845864661654135,,,-0.1743609022556391,-0.1785964912280701,-0.0789473684210526,-0.2669172932330827,-0.0030408710075277,-0.3559471365638766,3225.0,2925.0,0.25,-0.0088353927908316,-7.738047884335575e-05,0.0004147884298146
1991-12-03,2660.0,2660.0,2660.0,2660.0,3000.0,2660.0,2711.0,2783.5,3096.2,3126.5333333333333,3373.025,False,False,False,False,False,False,False,False,False,True,False,-0.0037593984962406,0.0827067669172932,,,-0.1639849624060149,-0.1753884711779448,-0.0977443609022556,-0.2857142857142857,-0.0027293274766514,-0.3430932279504221,3350.0,2925.0,0.75,-0.0089141528325044,-7.876004167282902e-05,0.0003115435308762
1991-12-05,2650.0,2650.0,2600.0,2625.0,36000.0,2625.0,2676.0,2761.0,3069.2,3118.2,3371.825,False,False,False,False,False,False,False,False,False,False,False,0.0304761904761904,0.0933333333333333,,,-0.1692190476190475,-0.1878857142857142,-0.0666666666666666,-0.2952380952380952,-0.0026724819874714,-0.3377399492937341,3420.0,2835.0,12.0,-0.0087970806724879,0.0001170721600165,5.6845489179993634e-05
1991-12-06,2620.0,2730.0,2620.0,2730.0,2000.0,2730.0,2667.0,2744.0,3048.4,3111.2,3371.2,False,False,False,False,False,False,False,False,False,False,False,0.0073260073260073,0.0512820512820512,,,-0.1166300366300366,-0.1396336996336995,-0.1025641025641025,-0.3223443223443223,-0.0022499357161223,-0.3318148688046647,3375.0,2900.0,0.0555555555555555,-0.0068232515417923,0.0019738291306956,0.000422546271349
1991-12-10,2780.0,2780.0,2680.0,2680.0,3000.0,2680.0,2671.0,2727.0,3028.6,3101.6,3370.85,False,False,False,False,False,False,False,False,False,False,False,0.0932835820895522,0.0541044776119402,,,-0.1300746268656716,-0.1573134328358208,-0.085820895522388,-0.3190298507462686,-0.0030951766830022,-0.3248991565823249,3350.0,2990.0,1.5,-0.0065376741728852,0.0002855773689071,-0.0008452409668798
1991-12-11,2675.0,2675.0,2650.0,2650.0,2000.0,2650.0,2669.0,2706.5,2998.6,3093.5333333333333,3370.375,False,False,False,False,False,False,False,False,False,True,False,0.0886792452830188,0.0283018867924528,,,-0.1315471698113207,-0.1673710691823899,-0.0754716981132075,-0.3113207547169811,-0.0026075900265068,-0.3207094032883798,3375.0,2900.0,0.6666666666666666,-0.0100046688454612,-0.0034669946725759,0.0004875866564954
1991-12-12,2675.0,2675.0,2650.0,2650.0,3000.0,2650.0,2667.0,2689.0,2969.6,3085.4666666666667,3369.875,False,False,False,False,False,False,False,False,False,False,False,0.0867924528301886,0.030188679245283,,,-0.1206037735849056,-0.1643270440251572,-0.0566037735849056,-0.320754716981132,-0.0026144073289831,-0.3159166976571216,3250.0,3000.0,1.5,-0.009765625,0.0002390438454612,-6.817302476282844e-06
1991-12-13,2705.0,2780.0,2705.0,2705.0,6000.0,2705.0,2683.0,2679.5,2943.6,3078.9333333333334,3369.275,False,False,False,False,False,False,False,False,False,False,False,0.0609981515711645,0.0092421441774491,,,-0.0882070240295748,-0.138237831176833,-0.0739371534195933,-0.3253234750462107,-0.0021219469946301,-0.312371711140138,3155.0,2985.0,2.0,-0.0088327218372061,0.0009329031627938,0.000492460334353
1991-12-16,2805.0,2805.0,2725.0,2750.0,10000.0,2750.0,2687.0,2677.0,2919.6,3073.2,3368.95,False,False,False,False,False,False,False,False,False,False,False,0.0436363636363636,-0.009090909090909,,,-0.0616727272727272,-0.1175272727272726,-0.08,-0.3363636363636363,-0.001865590698078,-0.3107956667911841,3100.0,2970.0,1.6666666666666667,-0.0082203041512535,0.0006124176859525,0.000256356296552
1991-12-17,2800.0,2930.0,2760.0,2930.0,19000.0,2930.0,2737.0,2704.0,2904.6,3069.866666666667,3369.475,False,False,False,False,True,False,False,False,False,False,True,-0.0358361774744027,-0.0870307167235494,,,0.0086689419795222,-0.04773606370876,-0.136518771331058,-0.3907849829351535,-0.0010858234885336,-0.3182322485207101,3100.0,2925.0,1.9,-0.0051642222681264,0.0030560818831271,0.0007797672095444
1991-12-18,2885.0,2885.0,2885.0,2885.0,1000.0,2885.0,2784.0,2726.5,2886.0,3067.266666666667,3369.775,False,False,False,False,False,False,False,False,False,True,False,-0.0554592720970537,-0.0987868284228769,,,-0.0003466204506065,-0.0631773541305604,-0.0987868284228769,-0.3726169844020797,-0.0008476602403877,-0.3289932147441775,3105.0,2975.0,0.0526315789473684,-0.0064449064449064,-0.0012806841767799,0.0002381632481458
1991-12-19,2885.0,2885.0,2880.0,2880.0,3000.0,2880.0,2830.0,2748.5,2868.8,3067.6,3369.55,False,False,False,False,False,False,False,True,False,False,False,-0.0520833333333333,-0.0972222222222222,,,0.0038888888888888,-0.0651388888888888,-0.0972222222222222,-0.3576388888888889,0.0001086625809535,-0.3361833727487721,3115.0,3150.0,3.0,-0.005995538204127,0.0004493682407793,0.0009563228213412
1991-12-20,2870.0,2870.0,2865.0,2870.0,12000.0,2870.0,2863.0,2773.0,2849.6,3066.866666666667,3369.15,False,False,False,False,False,False,False,False,False,True,False,-0.048780487804878,-0.0923344947735191,,,0.0071080139372822,-0.0685946573751452,-0.0923344947735191,-0.3641114982578397,-0.0002391148403364,-0.3429498737829066,3150.0,3230.0,4.0,-0.0067377877596856,-0.0007422495555585,-0.0003477774212899
1991-12-24,2870.0,2870.0,2870.0,2870.0,3000.0,2870.0,2887.0,2787.0,2830.4,3065.866666666667,3368.475,False,False,False,False,False,False,False,False,False,True,False,-0.0505226480836236,-0.0766550522648083,,,0.0137979094076654,-0.068246225319396,-0.0940766550522648,-0.3205574912891986,-0.0003261720448812,-0.3426623609616074,3175.0,3225.0,0.25,-0.0067834934991519,-4.570573946633284e-05,-8.705720454484276e-05
1991-12-25,2825.0,2825.0,2825.0,2825.0,1000.0,2825.0,2866.0,2801.5,2811.4,3063.5333333333333,3367.1,False,False,False,False,False,False,False,False,False,False,False,-0.0530973451327433,-0.079646017699115,,,0.0048141592920353,-0.0844365781710914,-0.0973451327433628,-0.2743362831858407,-0.0007616477705482,-0.338033196501874,3350.0,3225.0,0.3333333333333333,-0.0067581987621825,2.529473696945717e-05,-0.0004354757256669
1991-12-26,2725.0,2725.0,2725.0,2725.0,1000.0,2725.0,2834.0,2809.0,2792.4,3060.866666666667,3364.35,False,False,False,False,False,True,False,False,False,True,False,-0.0458715596330275,-0.1009174311926605,,,-0.0247339449541284,-0.1232538226299694,-0.0642201834862385,-0.2513761467889908,-0.0008712129462243,-0.3321466714133143,3350.0,3225.0,1.0,-0.0068041827818364,-4.59840196538712e-05,-0.0001095651756761
1991-12-27,2735.0,2735.0,2730.0,2730.0,6000.0,2730.0,2804.0,2817.0,2773.6,3058.266666666667,3361.5,False,False,False,False,False,False,False,False,False,False,False,-0.0476190476190476,-0.1208791208791208,,,-0.0159706959706959,-0.1202442002442003,-0.0842490842490842,-0.2252747252747252,-0.0008501547717661,-0.322861199858005,3350.0,3150.0,6.0,-0.0067781944043842,2.5988377452153093e-05,2.1058174458219044e-05
1992-01-07,2755.0,2755.0,2730.0,2730.0,2000.0,2730.0,2776.0,2819.5,2768.8,3056.866666666667,3357.9,False,False,False,False,False,False,False,False,False,False,False,-0.0457875457875457,-0.1025641025641025,,,-0.0142124542124542,-0.1197313797313797,-0.1025641025641025,-0.2399267399267399,-0.0004579853008527,-0.3145947863096294,3300.0,3150.0,0.3333333333333333,-0.0017336030049117,0.0050445913994724,0.0003921694709133
1992-01-08,2725.0,2725.0,2725.0,2725.0,1000.0,2725.0,2747.0,2817.0,2761.8,3054.5333333333333,3354.05,False,False,False,False,False,False,False,False,False,True,False,-0.0275229357798165,-0.1009174311926605,,,-0.0135045871559633,-0.1209296636085626,-0.1009174311926605,-0.2440366972477064,-0.000763891920206,-0.3056443024494142,3250.0,3155.0,0.5,-0.0025345788978202,-0.0008009758929084,-0.0003059066193533
1992-01-10,2725.0,2725.0,2675.0,2675.0,18000.0,2675.0,2717.0,2791.5,2754.8,3050.333333333333,3349.925,False,False,False,False,False,False,False,False,False,True,False,-0.02803738317757,-0.0841121495327102,,,-0.0298317757009346,-0.1403115264797506,-0.0841121495327102,-0.2336448598130841,-0.0013768986995957,-0.2898083467669711,3175.0,3175.0,18.0,-0.0025410193117467,-6.440413926507137e-06,-0.0006130067793896
1992-01-13,2605.0,2605.0,2600.0,2600.0,3000.0,2600.0,2692.0,2763.0,2744.6,3046.333333333333,3345.475,False,False,False,False,False,False,False,False,False,True,False,-0.0576923076923076,-0.0576923076923076,,,-0.0556153846153845,-0.1716666666666665,-0.0384615384615384,-0.25,-0.0013130539446328,-0.2774158523344191,3400.0,3225.0,0.1666666666666666,-0.0037163885447789,-0.0011753692330321,6.384475496287018e-05
1992-01-14,2600.0,2600.0,2600.0,2600.0,5000.0,2600.0,2666.0,2735.0,2735.6,3041.0,3341.475,False,False,False,False,False,False,False,False,False,False,False,-0.0769230769230769,-0.0384615384615384,,,-0.0521538461538461,-0.1696153846153846,-0.0384615384615384,-0.2442307692307692,-0.0017538090540391,-0.2658135283363803,3375.0,3350.0,1.6666666666666667,-0.0032899546717356,0.0004264338730433,-0.0004407551094062
1992-01-16,2605.0,2605.0,2605.0,2605.0,1000.0,2605.0,2641.0,2708.5,2727.8,3035.9333333333334,3337.05,False,False,False,False,False,False,False,False,False,False,False,-0.0595009596928982,-0.0383877159309021,,,-0.0471401151631478,-0.1654254638515675,-0.0499040307101727,-0.2322456813819577,-0.0016688991853136,-0.2521690972863208,3355.0,3420.0,0.2,-0.0028594471735463,0.0004305074981892,8.490986872547457e-05
1992-01-17,2650.0,2650.0,2650.0,2650.0,3000.0,2650.0,2626.0,2686.5,2722.8,3031.6666666666665,3332.925,False,False,False,False,False,False,False,False,False,False,False,-0.0754716981132075,-0.0452830188679245,,,-0.0274716981132076,-0.1440251572327043,-0.0716981132075471,-0.2547169811320754,-0.0014073666849918,-0.2451144611948632,3350.0,3375.0,3.0,-0.0018363449390333,0.0010231022345129,0.0002615325003218
1992-01-20,2650.0,2650.0,2600.0,2600.0,15000.0,2600.0,2611.0,2664.0,2720.4,3027.333333333333,3328.475,False,False,False,False,False,False,False,False,False,False,False,-0.0576923076923076,-0.0269230769230769,,,-0.0463076923076923,-0.1643589743589742,-0.0769230769230769,-0.2403846153846154,-0.0014314027747192,-0.241554054054054,3305.0,3350.0,5.0,-0.0008822232024702,0.000954121736563,-2.403608972745123e-05
1992-01-21,2500.0,2500.0,2450.0,2450.0,9000.0,2450.0,2581.0,2636.5,2712.0,3020.333333333333,3323.8,False,False,False,False,False,False,False,False,False,True,False,0.0,0.0612244897959183,,,-0.106938775510204,-0.2327891156462583,-0.0530612244897959,-0.2020408163265306,-0.0023176249862046,-0.2368670586004172,3350.0,3375.0,0.6,-0.0030973451327433,-0.0022151219302731,-0.0008862222114853
1992-01-22,2400.0,2400.0,2400.0,2400.0,4000.0,2400.0,2541.0,2603.5,2701.6,3010.333333333333,3318.875,False,False,False,False,False,False,False,False,False,True,False,0.0416666666666666,0.0833333333333333,,,-0.1256666666666666,-0.2543055555555554,-0.0166666666666666,-0.1875,-0.0033218912634259,-0.233531784136739,3310.0,3250.0,0.4444444444444444,-0.0038495706248149,-0.0007522254920715,-0.0010042662772213
1992-01-23,2450.0,2450.0,2450.0,2450.0,2000.0,2450.0,2510.0,2575.5,2694.6,2999.9333333333334,3314.125,False,False,False,False,False,False,False,False,False,False,False,0.0224489795918367,0.0632653061224489,,,-0.0998367346938775,-0.2244625850340136,-0.0448979591836734,-0.2040816326530612,-0.0034667437054155,-0.2300524170064065,3350.0,3155.0,0.5,-0.0025977881689304,0.0012517824558845,-0.0001448524419895
1992-01-24,2455.0,2455.0,2450.0,2450.0,3000.0,2450.0,2470.0,2548.0,2683.4,2989.6,3308.4,False,False,False,False,False,False,False,False,False,True,False,0.0326530612244898,0.0612244897959183,,,-0.095265306122449,-0.2202448979591836,-0.0346938775510204,-0.2244897959183673,-0.0034564267237535,-0.228021978021978,3350.0,3100.0,1.5,-0.0041738093463515,-0.0015760211774211,1.0316981662047454e-05
1992-01-27,2450.0,2450.0,2450.0,2450.0,3000.0,2450.0,2440.0,2525.5,2674.2,2979.266666666667,3302.775,False,False,False,False,False,False,False,False,False,False,False,0.0326530612244898,0.0408163265306122,,,-0.0915102040816325,-0.2160272108843538,-0.0408163265306122,-0.2163265306122449,-0.0034684150462081,-0.2262918234013066,3300.0,3100.0,1.0,-0.0034402812055942,0.0007335281407572,-1.198832245462994e-05
1992-01-29,2450.0,2450.0,2450.0,2450.0,1000.0,2450.0,2440.0,2510.5,2666.2,2968.9333333333334,3297.05,False,False,False,False,False,False,False,False,False,False,False,0.0612244897959183,0.0408163265306122,,,-0.0882448979591836,-0.2118095238095238,-0.0612244897959183,-0.2285714285714285,-0.0034804868190596,-0.2240589523999203,3200.0,3105.0,0.3333333333333333,-0.003000525091891,0.0004397561137032,-1.2071772851508702e-05
1992-01-30,2500.0,2500.0,2500.0,2500.0,3000.0,2500.0,2460.0,2500.5,2660.2,2960.266666666667,3291.35,False,False,False,False,False,False,False,False,False,False,False,0.04,0.0,,,-0.0640799999999999,-0.1841066666666667,-0.1,-0.26,-0.0029276641743986,-0.2255548890221955,3200.0,3115.0,3.0,-0.0022554695135704,0.0007450555783206,0.0005528226446609
1992-01-31,2500.0,2505.0,2500.0,2505.0,5000.0,2505.0,2471.0,2490.5,2652.2,2951.6666666666665,3285.85,False,False,False,False,False,False,False,False,False,True,False,0.0399201596806387,-0.0219560878243512,,,-0.0587624750499001,-0.1783100465735195,-0.1217564870259481,-0.2614770459081836,-0.0029136081309995,-0.2284681790805059,2850.0,3150.0,1.6666666666666667,-0.003016363773471,-0.0007608942599006,1.4056043399092616e-05
1992-02-03,2530.0,2530.0,2530.0,2530.0,1000.0,2530.0,2487.0,2478.5,2643.4,2943.333333333333,3280.3,False,False,False,False,False,False,False,False,False,True,False,0.0276679841897233,-0.0316205533596837,,,-0.0448221343873518,-0.1633728590250328,-0.1699604743083003,-0.2687747035573122,-0.0028312570781427,-0.2297760742384506,2900.0,3175.0,0.2,-0.0033290459257016,-0.0003126821522305,8.235105285681141e-05
1992-02-04,2535.0,2535.0,2530.0,2530.0,3000.0,2530.0,2503.0,2471.5,2627.4,2934.733333333333,3274.225,False,False,False,False,False,False,False,False,False,True,False,0.0079051383399209,-0.0316205533596837,,,-0.038498023715415,-0.1599736495388668,-0.1699604743083003,-0.2786561264822134,-0.0029304195724767,-0.2336637669431519,2850.0,3350.0,3.0,-0.0060896703965897,-0.0027606244708881,-9.91624943339946e-05
1992-02-06,2600.0,2600.0,2600.0,2600.0,1000.0,2600.0,2533.0,2486.5,2616.0,2926.4,3267.975,False,False,False,False,False,False,False,False,False,False,True,-0.0192307692307692,-0.0384615384615384,,,-0.0061538461538461,-0.1255384615384615,-0.2,-0.3346153846153846,-0.0028476398760706,-0.2473356123064548,2855.0,3350.0,0.3333333333333333,-0.0043577981651376,0.0017318722314521,8.277969640613312e-05
1992-02-10,2650.0,2650.0,2600.0,2600.0,6000.0,2600.0,2553.0,2506.5,2604.8,2916.4,3261.35,False,False,False,False,False,False,False,False,False,False,False,-0.0384615384615384,-0.0384615384615384,,,-0.0018461538461539,-0.1216923076923077,-0.1826923076923076,-0.3576923076923077,-0.0034288849266218,-0.2645122681029324,2825.0,3350.0,6.0,-0.0042997542997542,5.804386538342012e-05,-0.0005812450505512
1992-02-12,2605.0,2605.0,2605.0,2605.0,29000.0,2605.0,2573.0,2522.0,2594.2,2905.5333333333333,3254.75,False,False,False,False,True,False,False,False,False,False,False,-0.0595009596928982,-0.0499040307101727,,,0.0041458733205374,-0.1153678822776711,-0.1938579654510556,-0.362763915547025,-0.003739990363215,-0.2805313243457573,2800.0,3300.0,4.833333333333333,-0.0040860380849588,0.0002137162147953,-0.0003111054365931
1992-02-13,2605.0,2650.0,2600.0,2600.0,38000.0,2600.0,2587.0,2537.0,2583.4,2895.2,3248.625,False,False,False,False,False,False,False,False,False,True,False,-0.0576923076923076,-0.0538461538461538,,,0.0063846153846153,-0.1135384615384614,-0.2115384615384615,-0.3653846153846153,-0.0035691259095514,-0.2946393378005518,2775.0,3250.0,1.3103448275862069,-0.0041805372764572,-9.449919149838188e-05,0.0001708644536635
1992-02-14,2550.0,2550.0,2550.0,2550.0,2000.0,2550.0,2591.0,2547.0,2572.4,2884.5333333333333,3242.625,False,False,False,False,False,False,False,False,False,True,False,-0.0392156862745098,-0.0588235294117647,,,-0.0087843137254902,-0.1311895424836601,-0.196078431372549,-0.3529411764705882,-0.0036978829620042,-0.3080094228504123,2660.0,3175.0,0.0526315789473684,-0.004276162338672,-9.56250622147813e-05,-0.0001287570524527
1992-02-17,2550.0,2550.0,2550.0,2550.0,3000.0,2550.0,2581.0,2557.0,2565.4,2873.5333333333333,3236.675,False,False,False,False,False,False,False,False,False,False,False,-0.0196078431372549,-0.0901960784313725,,,-0.0060392156862745,-0.126875816993464,-0.2392156862745098,-0.4019607843137255,-0.003828039811614,-0.3249902229174814,2660.0,3400.0,1.5,-0.0027286193186247,0.0015475430200472,-0.0001301568496098
1992-02-18,2505.0,2505.0,2500.0,2500.0,4000.0,2500.0,2561.0,2557.0,2556.2,2863.5333333333333,3230.975,False,False,False,False,False,False,False,False,False,True,False,0.0,-0.056,,,-0.0224799999999999,-0.1454133333333333,-0.244,-0.39,-0.0034921891369636,-0.3377004301916308,2660.0,3375.0,1.3333333333333333,-0.0035990924027854,-0.0008704730841607,0.0003358506746503
1992-02-20,2450.0,2450.0,2450.0,2450.0,6000.0,2450.0,2530.0,2551.5,2545.0,2854.133333333333,3224.475,False,False,False,False,False,False,False,False,False,True,False,0.010204081632653,-0.0448979591836734,,,-0.0387755102040816,-0.1649523809523809,-0.2448979591836734,-0.3673469387755102,-0.0032934691208072,-0.3480305702527925,2625.0,3355.0,1.5,-0.0044007858546168,-0.0008016934518313,0.0001987200161563
1992-02-24,2450.0,2450.0,2450.0,2450.0,1000.0,2450.0,2500.0,2543.5,2534.0,2845.4666666666667,3217.975,False,False,False,False,False,False,False,False,False,False,False,0.0040816326530612,-0.0346938775510204,,,-0.0342857142857142,-0.1614149659863945,-0.2653061224489796,-0.3673469387755102,-0.0030457804226605,-0.3577747198741891,2730.0,3350.0,0.1666666666666666,-0.0043409629044988,5.982295011800788e-05,0.0002476886981467
1992-02-25,2450.0,2450.0,2450.0,2450.0,2000.0,2450.0,2480.0,2535.5,2525.0,2836.8,3211.725,False,False,False,False,False,False,False,False,False,False,False,-0.0204081632653061,-0.0408163265306122,,,-0.0306122448979591,-0.1578775510204082,-0.2857142857142857,-0.3673469387755102,-0.0030550855423951,-0.3665943600867679,2680.0,3305.0,2.0,-0.0035643564356435,0.0007766064688552,-9.305119734580574e-06
1992-02-26,2450.0,2500.0,2450.0,2500.0,4000.0,2500.0,2470.0,2525.5,2521.0,2828.733333333333,3205.725,False,False,False,False,False,False,False,False,False,False,False,-0.072,-0.08,,,-0.0084,-0.1314933333333332,-0.26,-0.36,-0.0028516886238836,-0.3692338150861216,2650.0,3350.0,2.0,-0.0015866719555731,0.0019776844800703,0.0002033969185115
1992-02-27,2500.0,2500.0,2500.0,2500.0,1000.0,2500.0,2470.0,2515.5,2517.0,2820.5333333333333,3199.85,False,False,False,False,False,False,False,False,False,True,False,-0.056,-0.1,,,-0.0068,-0.1282133333333333,-0.284,-0.34,-0.0029072515836247,-0.3675213675213675,2650.0,3310.0,0.25,-0.0015891934843067,-2.521528733529085e-06,-5.5562959741161e-05
1992-03-04,2500.0,2500.0,2475.0,2475.0,11000.0,2475.0,2475.0,2502.5,2511.8,2811.5333333333333,3193.925,False,False,False,False,False,False,False,False,False,True,False,-0.0545454545454545,-0.1111111111111111,,,-0.0148686868686869,-0.1359730639730639,-0.2747474747474747,-0.303030303030303,-0.0032011002300049,-0.3616383616383616,2705.0,3350.0,11.0,-0.002070228521379,-0.0004810350370723,-0.0002938486463801
1992-03-05,2475.0,2475.0,2460.0,2460.0,2000.0,2460.0,2477.0,2488.5,2504.2,2802.0,3187.975,False,False,False,False,False,False,False,False,False,True,False,-0.0386178861788617,-0.1463414634146341,,,-0.0179674796747966,-0.1390243902439024,-0.2682926829268293,-0.3008130081300813,-0.0034023316678562,-0.3552340767530641,2750.0,3350.0,0.1818181818181818,-0.0030349013657057,-0.0009646728443267,-0.0002012314378513
1992-03-06,2400.0,2400.0,2400.0,2400.0,13000.0,2400.0,2467.0,2473.5,2496.2,2789.333333333333,3180.95,False,False,False,False,False,False,False,False,False,True,False,-0.0208333333333333,-0.125,,,-0.0400833333333332,-0.1622222222222221,-0.25,-0.34375,-0.0045411089866157,-0.3543561754598747,2930.0,3300.0,6.5,-0.0032048714045348,-0.0001699700388291,-0.0011387773187595
1992-03-09,2345.0,2345.0,2320.0,2320.0,6000.0,2320.0,2431.0,2450.5,2491.0,2775.6,3173.425,False,False,False,False,False,False,False,False,False,False,False,-0.0086206896551724,-0.1034482758620689,,,-0.0737068965517241,-0.1963793103448275,-0.1594827586206896,-0.2672413793103448,-0.0049478791372435,-0.3411548663538053,2885.0,3200.0,0.4615384615384615,-0.002087515054195,0.0011173563503398,-0.0004067701506277
1992-03-10,2360.0,2360.0,2360.0,2360.0,2000.0,2360.0,2403.0,2436.5,2489.4,2762.4,3165.375,False,False,False,False,False,False,False,False,False,False,False,-0.0466101694915254,-0.0995762711864406,,,-0.0548305084745763,-0.1705084745762712,-0.1949152542372881,-0.2796610169491525,-0.0047784535186793,-0.3301867432792941,2880.0,3200.0,0.3333333333333333,-0.0006427251546557,0.0014447898995393,0.0001694256185641
1992-03-11,2340.0,2340.0,2340.0,2340.0,1000.0,2340.0,2376.0,2425.5,2485.0,2749.6,3158.325,False,False,False,False,False,False,False,False,False,True,False,-0.0598290598290598,-0.1025641025641025,,,-0.0619658119658119,-0.175042735042735,-0.2094017094017094,-0.2735042735042735,-0.0046552225778295,-0.3209647495361781,2870.0,2850.0,0.5,-0.0017706237424547,-0.001127898587799,0.0001232309408497
1992-03-12,2365.0,2365.0,2365.0,2365.0,1000.0,2365.0,2357.0,2417.0,2481.6,2737.8,3150.925,False,False,False,False,False,False,False,False,False,False,False,-0.1120507399577167,-0.1331923890063425,,,-0.0493023255813953,-0.1576321353065539,-0.2177589852008456,-0.281183932346723,-0.0043100299510554,-0.3123707074886223,2870.0,2900.0,1.0,-0.0013700838168923,0.0004005399255624,0.000345192626774
1992-03-13,2350.0,2350.0,2350.0,2350.0,1000.0,2350.0,2347.0,2407.0,2477.6,2726.8,3143.625,False,False,False,False,False,False,False,False,False,True,False,-0.1063829787234042,-0.1276595744680851,,,-0.0542978723404254,-0.1603404255319149,-0.2234042553191489,-0.3191489361702128,-0.0040340325656447,-0.307436643124221,2825.0,2850.0,1.0,-0.0016144656118824,-0.0002443817949901,0.0002759973854107
1992-03-16,2300.0,2305.0,2300.0,2300.0,5000.0,2300.0,2343.0,2387.0,2471.6,2712.133333333333,3136.125,False,False,False,False,False,False,False,False,False,True,False,-0.0956521739130434,-0.1565217391304348,,,-0.0746086956521738,-0.1791884057971014,-0.2065217391304347,-0.3043478260869565,-0.0054077970601249,-0.3016338500209468,2725.0,2855.0,5.0,-0.0024275772778766,-0.0008131116659942,-0.0013737644944802
1992-03-17,2250.0,2255.0,2250.0,2250.0,18000.0,2250.0,2321.0,2362.0,2461.6,2697.133333333333,3128.25,False,False,False,False,False,False,False,False,False,True,False,-0.0555555555555555,-0.16,,,-0.0940444444444444,-0.1987259259259258,-0.2,-0.2911111111111111,-0.0055614603158909,-0.2965707027942422,2730.0,2825.0,3.6,-0.0040623984400389,-0.0016348211621623,-0.0001536632557659
1992-03-18,2200.0,2200.0,2200.0,2200.0,2000.0,2200.0,2293.0,2334.5,2449.4,2681.733333333333,3120.1,False,False,False,False,False,False,False,False,False,True,False,-0.0454545454545454,-0.1590909090909091,,,-0.1133636363636364,-0.2189696969696968,-0.1704545454545454,-0.3181818181818182,-0.0057425545666981,-0.2979224673377597,2730.0,2800.0,0.1111111111111111,-0.0049808116273372,-0.0009184131872982,-0.0001810942508072
1992-03-19,2150.0,2150.0,2100.0,2100.0,9000.0,2100.0,2240.0,2298.5,2432.2,2665.0666666666666,3111.1,False,False,False,False,False,False,False,False,False,True,False,-0.0238095238095238,-0.1428571428571428,,,-0.1581904761904761,-0.269079365079365,-0.1309523809523809,-0.2976190476190476,-0.0062537522513507,-0.29758538177072,2725.0,2775.0,4.5,-0.0070717868596333,-0.0020909752322961,-0.0005111976846525
1992-03-23,2105.0,2115.0,2100.0,2100.0,29000.0,2100.0,2190.0,2268.5,2415.0,2649.0,3102.35,False,False,False,False,False,False,False,False,False,True,False,-0.0238095238095238,-0.1666666666666666,,,-0.15,-0.2614285714285714,-0.15,-0.2976190476190476,-0.0060651818296212,-0.2927044302402468,2675.0,2660.0,3.2222222222222223,-0.0071221532091096,-5.0366349476289526e-05,0.0001885704217295
1992-03-24,2110.0,2110.0,2080.0,2080.0,23000.0,2080.0,2146.0,2244.5,2394.2,2632.0666666666666,3093.85,False,False,False,False,False,False,False,False,False,True,False,-0.0673076923076923,-0.110576923076923,,,-0.1510576923076922,-0.2654166666666666,-0.1298076923076923,-0.3293269230769231,-0.0064334743294243,-0.298730229449766,2600.0,2660.0,0.7931034482758621,-0.0086876618494696,-0.0015655086403599,-0.000368292499803
1992-03-26,2130.0,2130.0,2125.0,2125.0,3000.0,2125.0,2121.0,2221.0,2375.2,2616.266666666667,3085.8,False,False,False,False,False,False,False,False,False,False,False,-0.1105882352941176,-0.1576470588235294,,,-0.1177411764705881,-0.2311843137254903,-0.1294117647058823,-0.3647058823529411,-0.0060391397411068,-0.3070688878883386,2600.0,2660.0,0.1304347826086956,-0.007999326372516,0.0006883354769536,0.0003943345883174
1992-03-27,2130.0,2130.0,2100.0,2100.0,9000.0,2100.0,2101.0,2197.0,2355.0,2599.6,3078.25,False,False,False,False,False,False,False,False,False,True,False,-0.119047619047619,-0.1452380952380952,,,-0.1214285714285714,-0.2379047619047618,-0.1309523809523809,-0.3619047619047619,-0.0064112427552958,-0.3158852981338188,2605.0,2625.0,3.0,-0.0085774946921442,-0.0005781683196282,-0.0003721030141889
1992-03-30,2050.0,2050.0,2050.0,2050.0,1000.0,2050.0,2091.0,2165.5,2333.0,2582.266666666667,3069.875,False,False,False,False,False,False,False,False,False,True,False,-0.1219512195121951,-0.1219512195121951,,,-0.1380487804878049,-0.2596422764227643,-0.048780487804878,-0.3658536585365853,-0.0067124490112045,-0.3244054490879704,2650.0,2730.0,0.1111111111111111,-0.0094299185597942,-0.0008524238676499,-0.0003012062559087
1992-03-31,2055.0,2100.0,2050.0,2050.0,4000.0,2050.0,2081.0,2135.5,2313.0,2565.6,3061.9,False,False,False,False,False,False,False,False,False,False,False,-0.1463414634146341,-0.1219512195121951,,,-0.1282926829268292,-0.2515121951219511,0.0,-0.3658536585365853,-0.0064962062155702,-0.3289627721845001,2600.0,2680.0,4.0,-0.0086467790747946,0.0007831394849996,0.0002162427956342
1992-04-02,2040.0,2040.0,1940.0,1940.0,5000.0,1940.0,2053.0,2099.5,2288.6,2548.8,3053.325,False,False,False,False,False,False,False,False,False,True,False,-0.0463917525773195,0.0051546391752577,,,-0.1796907216494845,-0.3138144329896908,0.0515463917525773,-0.3685567010309278,-0.0065913370998115,-0.3353179328411526,2450.0,2650.0,1.25,-0.0106615398059949,-0.0020147607312003,-9.513088424134303e-05
1992-04-03,1890.0,1900.0,1890.0,1890.0,7000.0,1890.0,2006.0,2063.5,2264.2,2531.333333333333,3044.775,False,False,False,False,False,False,False,False,False,True,False,-0.0529100529100529,0.0052910052910052,,,-0.1979894179894178,-0.3393298059964725,0.119047619047619,-0.365079365079365,-0.0069001843560707,-0.3428640659074388,2400.0,2650.0,1.4,-0.0107764331772812,-0.0001148933712862,-0.0003088472562592
1992-04-06,1875.0,1875.0,1825.0,1850.0,12000.0,1850.0,1956.0,2028.5,2240.2,2518.0,3035.775,False,False,False,False,False,False,False,False,False,False,False,-0.0297297297297297,0.0,,,-0.2109189189189188,-0.361081081081081,0.1216216216216216,-0.4405405405405405,-0.0052952078369074,-0.3544491003204338,2450.0,2705.0,1.7142857142857142,-0.0107133291670386,6.310401024254252e-05,0.0016049765191632
1992-04-08,1850.0,1850.0,1800.0,1800.0,8000.0,1800.0,1906.0,1998.5,2214.2,2503.333333333333,3026.275,False,False,False,False,False,False,False,False,False,True,False,0.0,0.0277777777777777,,,-0.230111111111111,-0.3907407407407405,0.1444444444444444,-0.4166666666666667,-0.0058588548601865,-0.3660245183887916,2450.0,2750.0,0.6666666666666666,-0.011742390028001,-0.0010290608609624,-0.000563647023279
1992-04-09,1750.0,1750.0,1750.0,1750.0,1000.0,1750.0,1846.0,1963.5,2186.2,2488.6666666666665,3016.9,False,False,False,False,False,False,False,False,False,True,False,0.0285714285714285,0.0428571428571428,,,-0.2492571428571427,-0.422095238095238,0.1714285714285714,-0.4,-0.0058933833377979,-0.3763687293099058,2450.0,2930.0,0.125,-0.0128076113804775,-0.0010652213524764,-3.4528477611417245e-05
1992-04-10,1850.0,1850.0,1850.0,1850.0,8000.0,1850.0,1828.0,1940.5,2160.2,2475.266666666667,3008.025,False,False,False,False,False,False,False,False,False,False,False,0.054054054054054,-0.0135135135135135,,,-0.1676756756756755,-0.3379819819819821,0.054054054054054,-0.4324324324324324,-0.0054135581351502,-0.3867559907240402,2450.0,2885.0,8.0,-0.0120359225997592,0.0007716887807182,0.0004798252026476
1992-04-13,1825.0,1825.0,1775.0,1790.0,12000.0,1790.0,1808.0,1907.0,2131.8,2461.4666666666667,2999.225,False,False,False,False,False,False,False,False,False,True,False,0.0614525139664804,0.0055865921787709,,,-0.1909497206703911,-0.37512104283054,0.0977653631284916,-0.4134078212290503,-0.0056064135203944,-0.3917147351861563,2500.0,2880.0,1.5,-0.0133220752415797,-0.0012861526418204,-0.0001928553852441
1992-04-14,1795.0,1795.0,1795.0,1795.0,1000.0,1795.0,1797.0,1876.5,2104.6,2448.0666666666666,2990.2,False,False,False,False,False,False,False,False,False,False,False,0.0306406685236768,0.0167130919220055,,,-0.1724791086350974,-0.3638254410399257,0.1142061281337047,-0.3593314763231198,-0.0054737071430516,-0.39195310418332,2505.0,2870.0,0.0833333333333333,-0.012924071082391,0.0003980041591886,0.0001327063773427
1992-04-15,1770.0,1800.0,1750.0,1800.0,28000.0,1800.0,1797.0,1851.5,2078.2,2435.0666666666666,2980.95,False,False,False,False,False,False,False,False,False,False,False,0.0277777777777777,0.0138888888888888,,,-0.1545555555555554,-0.3528148148148148,0.0972222222222222,-0.2666666666666666,-0.0053386628702841,-0.3826627059141236,2530.0,2870.0,28.0,-0.0127033009335001,0.0002207701488908,0.0001350442727675
1992-04-16,1800.0,1835.0,1800.0,1800.0,45000.0,1800.0,1807.0,1826.5,2054.2,2423.6,2971.775,False,False,False,False,False,False,False,False,False,False,False,0.0138888888888888,-0.0083333333333333,,,-0.1412222222222221,-0.3464444444444444,0.0972222222222222,-0.2361111111111111,-0.0047312537822523,-0.3701067615658363,2530.0,2825.0,1.6071428571428572,-0.0116833803913932,0.0010199205421069,0.0006074090880318
1992-04-17,1855.0,1965.0,1855.0,1950.0,10000.0,1950.0,1827.0,1827.5,2039.4,2414.133333333333,2963.15,False,False,False,False,False,False,False,False,False,False,False,-0.0641025641025641,-0.0717948717948717,,,-0.0458461538461538,-0.2380170940170939,0.0025641025641025,-0.2769230769230769,-0.0039213520379984,-0.360328317373461,2600.0,2725.0,0.2222222222222222,-0.0072570363832498,0.0044263440081434,0.0008099017442538
1992-04-20,1950.0,1950.0,1900.0,1900.0,3000.0,1900.0,1849.0,1828.5,2021.0,2404.0,2954.625,False,False,False,False,False,False,False,False,False,True,False,-0.0526315789473684,-0.0263157894736842,,,-0.0636842105263157,-0.2652631578947368,0.0263157894736842,-0.2684210526315789,-0.0042151968940653,-0.3502871205906481,2600.0,2730.0,0.3,-0.0091044037605146,-0.0018473673772648,-0.0002938448560669
1992-04-21,1850.0,1850.0,1850.0,1850.0,3000.0,1850.0,1860.0,1828.5,2001.4,2393.6666666666665,2945.55,False,False,False,False,False,False,False,False,False,True,False,-0.0135135135135135,-0.0135135135135135,,,-0.0818378378378378,-0.2938738738738738,0.054054054054054,-0.2567567567567567,-0.0043169475003482,-0.3316926442439157,2605.0,2730.0,1.0,-0.0097931447986409,-0.0006887410381262,-0.0001017506062828
1992-04-22,1850.0,1850.0,1850.0,1850.0,4000.0,1850.0,1870.0,1833.5,1980.8,2381.9333333333334,2937.3,False,False,False,False,False,False,False,False,False,True,True,-0.0135135135135135,0.054054054054054,,,-0.0707027027027026,-0.2875315315315315,0.027027027027027,-0.1486486486486486,-0.0049259705001538,-0.3048813744205072,2600.0,2725.0,1.3333333333333333,-0.0103998384491115,-0.0006066936504706,-0.0006090229998056
1992-04-23,1820.0,1825.0,1780.0,1825.0,12000.0,1825.0,1875.0,1841.0,1959.8,2370.5333333333333,2929.4,False,False,False,False,False,False,False,False,False,True,False,-0.021917808219178,0.1232876712328767,,,-0.0738630136986301,-0.2989223744292237,0.0520547945205479,-0.0273972602739726,-0.004809044378199,-0.2683324280282455,2550.0,2675.0,3.0,-0.0107153791203184,-0.0003155406712068,0.0001169261219548
1992-04-24,1825.0,1825.0,1800.0,1825.0,9000.0,1825.0,1850.0,1838.5,1940.8,2359.5333333333333,2921.275,False,False,False,False,False,False,False,False,False,False,False,-0.0082191780821917,0.1178082191780822,,,-0.0634520547945205,-0.2928949771689497,0.0356164383561643,0.0136986301369863,-0.0046619388014579,-0.2238237693772096,2550.0,2600.0,0.75,-0.0097897774113767,0.0009256017089416,0.0001471055767411
1992-04-27,1830.0,1830.0,1800.0,1800.0,20000.0,1800.0,1830.0,1839.5,1922.8,2348.2,2913.0,False,False,False,False,False,False,False,False,False,False,False,0.0277777777777777,0.175,,,-0.0682222222222222,-0.3045555555555554,0.0277777777777777,-0.1638888888888889,-0.0048263918462368,-0.1995107366132101,2500.0,2600.0,2.2222222222222223,-0.0093613480341169,0.0004284293772598,-0.0001644530447789
1992-04-28,1805.0,1825.0,1805.0,1825.0,5000.0,1825.0,1825.0,1842.5,1907.8,2336.4666666666667,2904.625,False,False,False,False,False,False,False,False,False,False,False,0.0,0.136986301369863,,,-0.0453698630136986,-0.2802557077625571,0.0136986301369863,-0.0684931506849315,-0.005021827831198,-0.1709633649932157,2450.0,2605.0,0.25,-0.0078624593772932,0.0014988886568236,-0.0001954359849611
1992-04-30,1805.0,1825.0,1800.0,1825.0,5000.0,1825.0,1820.0,1845.0,1896.8,2324.133333333333,2896.25,False,False,False,False,False,False,False,False,False,False,False,0.0684931506849315,0.1287671232876712,,,-0.0393424657534246,-0.2734977168949771,0.0136986301369863,-0.0410958904109589,-0.0053066375996787,-0.148780487804878,2450.0,2650.0,1.0,-0.0057992408266554,0.0020632185506377,-0.0002848097684807
1992-05-01,1785.0,1785.0,1785.0,1785.0,2000.0,1785.0,1812.0,1843.5,1884.2,2308.866666666667,2887.425,False,False,False,False,False,False,False,False,False,True,False,0.1484593837535014,0.1484593837535014,,,-0.0555742296918767,-0.2934827264239029,0.0224089635854341,-0.0224089635854341,-0.0066121906851845,-0.1280173582858692,2450.0,2600.0,0.4,-0.006687188196582,-0.0008879473699266,-0.0013055530855057
1992-05-06,1825.0,1825.0,1810.0,1810.0,8000.0,1810.0,1809.0,1829.5,1873.4,2294.5333333333333,2878.7,False,False,False,False,False,False,False,False,False,False,False,0.1270718232044199,0.0773480662983425,,,-0.0350276243093923,-0.2676979742173112,-0.0441988950276243,-0.0497237569060773,-0.0062467313614969,-0.1044001093194861,2500.0,2450.0,4.0,-0.0057649193978861,0.0009222687986958,0.0003654593236875
1992-05-07,1825.0,1855.0,1825.0,1850.0,34000.0,1850.0,1819.0,1824.5,1862.4,2280.8,2869.7,False,False,False,False,False,False,False,False,False,True,False,0.1432432432432432,0.0621621621621621,,,-0.0067027027027027,-0.2328648648648649,-0.0972972972972973,-0.1054054054054054,-0.0060212790833624,-0.0874212112907645,2500.0,2400.0,4.25,-0.0059063573883161,-0.0001414379904299,0.0002254522781344
1992-05-08,1855.0,1860.0,1825.0,1825.0,54000.0,1825.0,1819.0,1822.0,1851.4,2266.866666666667,2860.65,False,False,False,False,False,False,False,False,False,True,False,0.136986301369863,0.0958904109589041,,,-0.0144657534246575,-0.2421187214611873,-0.0904109589041095,-0.0958904109589041,-0.0061465164838396,-0.0710757409440175,2475.0,2450.0,1.588235294117647,-0.0059414497137301,-3.5092325413999155e-05,-0.0001252374004772
1992-05-11,1900.0,1950.0,1875.0,1950.0,20000.0,1950.0,1844.0,1832.0,1847.4,2254.6,2852.475,False,False,False,False,True,False,False,False,False,False,True,0.0564102564102564,0.0128205128205128,,,0.0526153846153845,-0.1562051282051281,-0.1538461538461538,-0.1538461538461538,-0.0054407285845235,-0.0720524017467248,2460.0,2450.0,0.3703703703703703,-0.0021652051531882,0.0037762445605418,0.0007057878993161
1992-05-12,2025.0,2050.0,2025.0,2050.0,11000.0,2050.0,1897.0,1854.5,1847.4,2244.266666666667,2844.8,False,False,False,False,False,False,False,False,False,False,False,0.0,-0.0365853658536585,,,0.0988292682926828,-0.0947642276422765,-0.1951219512195122,-0.2073170731707317,-0.0046043250950568,-0.0913992990024265,2400.0,2450.0,0.55,0.0,0.0021652051531882,0.0008364034894666
1992-05-13,2045.0,2045.0,2005.0,2040.0,37000.0,2040.0,1943.0,1876.0,1851.4,2235.133333333333,2837.15,False,False,False,False,False,False,True,False,True,False,False,-0.0441176470588235,-0.0416666666666666,,,0.0924509803921568,-0.0956535947712417,-0.2524509803921568,-0.2524509803921568,-0.004086258836162,-0.119136460554371,2320.0,2450.0,3.363636363636364,0.0021605271686291,0.0021605271686291,0.0005180662588948
1992-05-14,2115.0,2115.0,2105.0,2115.0,9000.0,2115.0,1996.0,1907.5,1860.4,2226.9333333333334,2830.425,False,False,False,False,False,False,True,False,False,False,False,-0.0709219858156028,-0.0780141843971631,,,0.1203782505910165,-0.0529235618597321,-0.2789598108747045,-0.2718676122931442,-0.0036821937492515,-0.1318479685452162,2360.0,2500.0,0.2432432432432432,0.0048376693184261,0.0026771421497969,0.0004040650869105
1992-05-15,2095.0,2105.0,2075.0,2075.0,24000.0,2075.0,2046.0,1932.5,1869.4,2218.2,2822.55,False,False,False,False,False,False,True,False,False,True,False,-0.036144578313253,-0.0602409638554216,,,0.0990843373493975,-0.069012048192771,-0.253012048192771,-0.2578313253012048,-0.0039371261984192,-0.1513583441138421,2340.0,2505.0,2.6666666666666665,0.004814378945116,-2.329037331006561e-05,-0.0002549324491677
1992-05-18,2055.0,2100.0,2055.0,2060.0,14000.0,2060.0,2068.0,1956.0,1879.8,2209.333333333333,2814.375,False,False,False,False,False,False,True,False,False,False,False,-0.0412621359223301,-0.0776699029126213,,,0.0874757281553398,-0.0724919093851131,-0.2475728155339805,-0.2475728155339805,-0.0040132770066385,-0.1717791411042944,2365.0,2530.0,0.5833333333333334,0.0055325034578145,0.0007181245126985,-7.615080821931058e-05
1992-05-19,2075.0,2075.0,2010.0,2050.0,30000.0,2050.0,2068.0,1982.5,1891.8,2201.0,2805.075,False,False,False,False,False,False,True,False,False,False,False,-0.0365853658536585,-0.0634146341463414,,,0.0771707317073171,-0.0736585365853658,-0.2439024390243902,-0.2439024390243902,-0.0037861578070572,-0.1926860025220681,2350.0,2530.0,2.142857142857143,0.0063431652394544,0.0008106617816398,0.0002271191995812
1992-05-20,2010.0,2010.0,1945.0,1950.0,21000.0,1950.0,2050.0,1996.5,1895.8,2192.333333333333,2796.725,False,False,False,False,False,False,True,False,False,True,False,0.0025641025641025,-0.0307692307692307,,,0.0277948717948718,-0.1242735042735041,-0.1794871794871795,-0.1794871794871795,-0.003953170138361,-0.2043576258452291,2300.0,2600.0,0.7,0.0021099272075113,-0.0042332380319431,-0.0001670123313038
1992-05-21,1925.0,1965.0,1925.0,1965.0,9000.0,1965.0,2020.0,2008.0,1902.8,2183.866666666667,2788.05,False,False,False,False,False,False,True,False,False,False,False,-0.0076335877862595,-0.0585241730279898,,,0.0316539440203562,-0.1113825275657337,-0.1603053435114503,-0.2035623409669211,-0.0038769155626104,-0.2133964143426295,2250.0,2600.0,0.4285714285714285,0.0036787891528274,0.001568861945316,7.625457575062859e-05
1992-05-22,2000.0,2000.0,2000.0,2000.0,5000.0,2000.0,2005.0,2025.5,1911.0,2175.8,2779.8,False,False,False,False,False,False,True,False,False,False,False,-0.025,-0.075,,,0.0445,-0.0879,-0.1375,-0.2225,-0.0037074486012807,-0.2248827450012342,2200.0,2605.0,0.5555555555555556,0.00429094714809,0.0006121579952626,0.0001694669613297
1992-05-25,1975.0,1975.0,1975.0,1975.0,1000.0,1975.0,1988.0,2028.0,1918.0,2166.8,2771.675,False,False,False,False,False,False,True,False,False,True,False,-0.0379746835443038,-0.0632911392405063,,,0.0288607594936708,-0.097113924050633,-0.1291139240506329,-0.2126582278481012,-0.0041535905482739,-0.2305226824457593,2100.0,2600.0,0.2,0.0036496350364963,-0.0006413121115936,-0.0004461419469932
1992-05-26,1975.0,1975.0,1975.0,1975.0,3000.0,1975.0,1973.0,2020.5,1925.0,2158.4666666666667,2763.3,False,False,False,False,False,False,True,False,False,True,False,-0.0278481012658227,-0.0759493670886076,,,0.0253164556962025,-0.0928945147679325,-0.2025316455696202,-0.240506329113924,-0.0038607653581246,-0.2338530066815144,2100.0,2550.0,3.0,0.0036363636363636,-1.3271400132713884e-05,0.0002928251901492
1992-05-27,1975.0,1975.0,1950.0,1955.0,7000.0,1955.0,1974.0,2012.0,1925.2,2151.866666666667,2754.825,False,False,False,False,False,False,True,False,False,True,False,-0.0332480818414322,-0.1150895140664961,,,0.0152429667519181,-0.1006990622335891,-0.1304347826086956,-0.2429667519181585,-0.0030671045294007,-0.2328528827037773,2080.0,2550.0,2.333333333333333,0.0001038853106171,-0.0035324783257465,0.0007936608287238
1992-05-28,1950.0,1950.0,1950.0,1950.0,1000.0,1950.0,1971.0,1995.5,1927.2,2145.866666666667,2746.45,False,False,False,False,False,False,True,False,True,False,False,-0.0512820512820512,-0.1435897435897435,,,0.0116923076923076,-0.1004444444444445,-0.1282051282051282,-0.241025641025641,-0.0027960730707095,-0.2295164119268354,2125.0,2500.0,0.1428571428571428,0.0010377750103777,0.0009338896997606,0.0002710314586912
1992-06-01,1950.0,1950.0,1950.0,1950.0,3000.0,1950.0,1961.0,1983.0,1931.2,2139.2,2738.075,False,False,False,False,False,False,True,False,False,False,False,-0.0512820512820512,-0.1487179487179487,,,0.0096410256410256,-0.0970256410256409,-0.1282051282051282,-0.2641025641025641,-0.0031164298180006,-0.2299546142208774,2100.0,2450.0,3.0,0.0020712510356255,0.0010334760252477,-0.000320356747291
1992-06-03,1900.0,1900.0,1900.0,1900.0,4000.0,1900.0,1946.0,1967.0,1933.2,2131.866666666667,2729.45,False,False,False,False,False,False,True,False,False,True,False,-0.0263157894736842,-0.131578947368421,,,-0.0174736842105263,-0.1220350877192983,-0.1052631578947368,-0.1921052631578947,-0.0034398649071235,-0.2244534824605999,2050.0,2450.0,1.3333333333333333,0.0010345541071798,-0.0010366969284457,-0.0003234350891228
1992-06-04,1920.0,1920.0,1920.0,1920.0,5000.0,1920.0,1935.0,1954.0,1937.0,2124.8,2720.925,False,False,False,False,False,False,True,False,False,False,False,-0.0494791666666666,-0.140625,,,-0.0088541666666666,-0.1066666666666667,-0.1666666666666666,-0.2239583333333333,-0.0033258032128513,-0.2223643807574206,2050.0,2450.0,1.25,0.001961796592669,0.0009272424854892,0.0001140616942721
1992-06-05,1890.0,1890.0,1890.0,1890.0,1000.0,1890.0,1922.0,1948.0,1939.6,2117.333333333333,2712.85,False,False,False,False,False,False,True,False,False,True,False,-0.0846560846560846,-0.1931216931216931,,,-0.0262433862433861,-0.1202821869488534,-0.1534391534391534,-0.2116402116402116,-0.0035264483627206,-0.2256160164271047,1940.0,2500.0,0.2,0.0013404825737264,-0.0006213140189425,-0.0002006451498692
1992-06-08,1850.0,1850.0,1850.0,1850.0,1000.0,1850.0,1902.0,1936.5,1941.6,2108.6666666666665,2704.575,False,False,False,False,False,False,True,False,False,True,False,-0.0972972972972973,-0.1756756756756756,,,-0.0495135135135134,-0.1398198198198197,-0.1378378378378378,-0.1918918918918919,-0.0041100221308883,-0.2246320681642138,1890.0,2500.0,1.0,0.0010300782859497,-0.0003104042877767,-0.0005835737681676
1992-06-09,1850.0,1850.0,1850.0,1850.0,1000.0,1850.0,1882.0,1921.5,1942.6,2099.9333333333334,2697.3,False,False,False,False,False,False,True,False,False,True,False,-0.1027027027027027,-0.1621621621621621,,,-0.050054054054054,-0.1350990990990991,-0.1891891891891892,-0.1918918918918919,-0.004158862186101,-0.2217017954722872,1850.0,2475.0,1.0,0.0005147740142077,-0.0005153042717419,-4.884005521271946e-05
1992-06-10,1850.0,1850.0,1850.0,1850.0,3000.0,1850.0,1872.0,1909.0,1943.6,2090.866666666667,2689.3,False,False,False,False,False,False,True,False,False,True,False,-0.1081081081081081,-0.1621621621621621,,,-0.0505945945945945,-0.1301981981981982,-0.2027027027027027,-0.1891891891891892,-0.0043363198673595,-0.2194866422210581,1800.0,2460.0,3.0,0.000514509158263,-2.648559447457821e-07,-0.0001774576812585
1992-06-12,1840.0,1840.0,1825.0,1825.0,5000.0,1825.0,1853.0,1894.0,1945.2,2081.4666666666667,2681.15,False,False,False,False,False,False,True,False,False,False,False,-0.0958904109589041,-0.1506849315068493,,,-0.0658630136986301,-0.1405296803652968,-0.1917808219178082,-0.1780821917808219,-0.0045160463775543,-0.2133051742344245,1750.0,2400.0,1.6666666666666667,0.0008225375282747,0.0003080283700117,-0.0001797265101947
1992-06-15,1825.0,1825.0,1730.0,1730.0,21000.0,1730.0,1821.0,1871.5,1942.0,2069.866666666667,2672.3,False,False,False,False,False,False,False,False,False,True,False,-0.1184971098265895,-0.0751445086705202,,,-0.122543352601156,-0.1964547206165704,-0.1936416184971098,-0.1329479768786127,-0.0056042257150218,-0.2027785199038204,1850.0,2320.0,4.2,-0.0016477857878476,-0.0024703233161224,-0.0010881793374675
1992-06-16,1730.0,1730.0,1670.0,1670.0,15000.0,1670.0,1785.0,1843.5,1934.8,2057.4666666666667,2663.15,False,False,False,False,False,False,False,False,False,True,False,-0.0868263473053892,-0.0119760479041916,,,-0.1585628742514969,-0.2320159680638722,-0.1916167664670658,-0.1077844311377245,-0.0060268291102326,-0.1901274749118524,1790.0,2360.0,0.7142857142857143,-0.0037213148645855,-0.0020735290767379,-0.0004226033952108
1992-06-17,1660.0,1670.0,1650.0,1660.0,9000.0,1660.0,1747.0,1814.5,1928.2,2044.8666666666663,2653.95,False,False,False,False,False,False,False,False,False,False,False,-0.0662650602409638,0.0391566265060241,,,-0.161566265060241,-0.2318473895582327,-0.1927710843373494,-0.0963855421686747,-0.0061617709386106,-0.1736015431248277,1795.0,2340.0,0.6,-0.0034228814438335,0.0002984334207519,-0.0001349418283779
1992-06-18,1650.0,1650.0,1650.0,1650.0,2000.0,1650.0,1707.0,1789.5,1916.2,2032.2,2644.35,False,False,False,False,False,False,False,False,False,True,False,-0.0606060606060606,0.0424242424242424,,,-0.1613333333333333,-0.2316363636363636,-0.2121212121212121,-0.0969696969696969,-0.0062329823180131,-0.1645711092483934,1800.0,2365.0,0.2222222222222222,-0.0062623943220958,-0.0028395128782622,-7.121137940244854e-05
1992-06-19,1650.0,1650.0,1650.0,1650.0,1000.0,1650.0,1672.0,1762.5,1900.2,2020.2,2634.85,False,False,False,False,False,False,False,False,False,True,False,-0.0606060606060606,-0.0454545454545454,,,-0.1516363636363636,-0.2243636363636364,-0.2121212121212121,-0.1212121212121212,-0.0059400059400059,-0.1540425531914893,1800.0,2350.0,0.5,-0.0084201662982843,-0.0021577719761885,0.0002929763780071
1992-06-23,1650.0,1650.0,1525.0,1525.0,8000.0,1525.0,1631.0,1726.0,1879.6,2006.5333333333333,2624.725,False,False,False,False,False,False,False,False,False,True,False,0.0491803278688524,0.1147540983606557,,,-0.2325245901639343,-0.31575956284153,-0.1967213114754098,-0.0491803278688524,-0.006811083792943,-0.1384704519119351,1950.0,2300.0,8.0,-0.0109597786763141,-0.0025396123780297,-0.0008710778529371
1992-06-24,1525.0,1525.0,1525.0,1525.0,1000.0,1525.0,1602.0,1693.5,1856.0,1993.5333333333333,2614.85,False,False,False,False,False,False,False,False,False,True,False,0.081967213114754,0.1147540983606557,,,-0.2170491803278688,-0.3072349726775956,-0.2131147540983606,-0.0524590163934426,-0.0065210848409858,-0.12488928255093,1900.0,2250.0,0.125,-0.0127155172413792,-0.001755738565065,0.0002899989519572
1992-06-25,1550.0,1550.0,1550.0,1550.0,3000.0,1550.0,1580.0,1663.5,1835.0,1981.5333333333333,2606.475,False,False,False,False,False,False,False,False,False,False,False,0.1129032258064516,0.0967741935483871,,,-0.1838709677419354,-0.2784086021505376,-0.332258064516129,-0.1,-0.0060559162937792,-0.1151187255785993,1850.0,2200.0,3.0,-0.0114441416893732,0.0012713755520059,0.0004651685472066
1992-06-29,1550.0,1550.0,1550.0,1550.0,4000.0,1550.0,1560.0,1633.5,1814.6,1969.5333333333333,2597.825,False,False,False,False,False,False,False,False,False,False,False,0.1096774193548387,0.0967741935483871,,,-0.1707096774193547,-0.2706666666666666,-0.3225806451612903,-0.0838709677419354,-0.0060928138645364,-0.1037649219467401,1850.0,2100.0,1.3333333333333333,-0.0112421470296484,0.0002019946597248,-3.6897570757210736e-05
1992-06-30,1550.0,1550.0,1550.0,1550.0,2000.0,1550.0,1540.0,1606.0,1794.6,1957.5333333333333,2588.825,False,False,False,False,False,False,False,False,False,False,False,0.0161290322580645,0.032258064516129,,,-0.1578064516129031,-0.2629247311827957,-0.3225806451612903,-0.0677419354838709,-0.0061301638115996,-0.0918430884184308,1825.0,2100.0,0.5,-0.0111445447453471,9.760228430130516e-05,-3.734994706319338e-05
1992-07-02,1575.0,1600.0,1575.0,1600.0,18000.0,1600.0,1555.0,1593.0,1780.6,1945.5333333333333,2579.45,False,False,False,False,False,False,False,False,False,False,False,0.0625,0.0,,,-0.1128749999999999,-0.2159583333333333,-0.34375,-0.096875,-0.0061679745057053,-0.0878844946641556,1825.0,2080.0,9.0,-0.0078625182522745,0.0032820264930726,-3.7810694105744336e-05
1992-07-03,1600.0,1650.0,1590.0,1650.0,32000.0,1650.0,1580.0,1591.0,1768.0,1934.2,2571.325,False,False,False,False,False,False,False,False,False,False,False,0.0303030303030303,-0.0333333333333333,,,-0.0715151515151515,-0.1722424242424242,-0.3636363636363636,-0.1666666666666666,-0.0058594423189604,-0.0939660590823381,1800.0,2125.0,1.7777777777777777,-0.0071266968325791,0.0007358214196953,0.0003085321867449
1992-07-06,1725.0,1725.0,1725.0,1725.0,3000.0,1725.0,1615.0,1597.5,1757.0,1924.2,2562.95,False,False,False,False,False,False,False,False,False,False,True,-0.0144927536231884,-0.1304347826086956,,,-0.0185507246376811,-0.1154782608695652,-0.3333333333333333,-0.2898550724637681,-0.005196964972456,-0.114866979655712,1825.0,2100.0,0.09375,-0.006260671599317,0.0008660252332621,0.0006624773465043
1992-07-07,1720.0,1720.0,1720.0,1720.0,1000.0,1720.0,1649.0,1604.5,1746.8,1914.3333333333333,2554.55,False,False,False,False,False,False,False,False,False,False,False,-0.0116279069767441,-0.1424418604651162,,,-0.0155813953488371,-0.1129844961240309,-0.2325581395348837,-0.2441860465116279,-0.0051541006442626,-0.1305702711124961,1825.0,2050.0,0.3333333333333333,-0.0058392489122967,0.0004214226870202,4.286432819344127e-05
1992-07-09,1575.0,1575.0,1575.0,1575.0,6000.0,1575.0,1654.0,1597.0,1730.8,1903.3333333333333,2545.05,False,False,False,False,False,False,False,False,False,True,False,0.0158730158730158,-0.0634920634920634,,,-0.0989206349206349,-0.2084656084656084,-0.1269841269841269,-0.1746031746031746,-0.0057793345008756,-0.1358797745773325,1785.0,2050.0,6.0,-0.009244280101687,-0.0034050311893902,-0.000625233856613
1992-07-10,1700.0,1700.0,1700.0,1700.0,4000.0,1700.0,1674.0,1614.5,1720.6,1895.0666666666664,2536.675,False,False,False,False,False,False,False,False,False,False,True,-0.0588235294117647,-0.1794117647058823,,,-0.0121176470588234,-0.1147450980392155,-0.1705882352941176,-0.2352941176470588,-0.0043622036164076,-0.1545370083617219,1810.0,1940.0,0.6666666666666666,-0.0059281645937463,0.0033161155079406,0.001417130884468
1992-07-13,1700.0,1700.0,1700.0,1700.0,8000.0,1700.0,1684.0,1632.0,1710.6,1886.2666666666669,2528.675,False,False,False,False,False,False,False,False,False,False,False,-0.0617647058823529,-0.2058823529411764,,,-0.006235294117647,-0.1095686274509805,-0.1823529411764705,-0.2205882352941176,-0.0046653000636174,-0.1709558823529411,1850.0,1890.0,2.0,-0.0058459020226821,8.226257106429442e-05,-0.0003030964472098
1992-07-14,1710.0,1710.0,1700.0,1700.0,2000.0,1700.0,1679.0,1647.0,1700.6,1877.733333333333,2520.925,False,False,False,False,False,False,False,False,False,True,False,-0.1176470588235294,-0.2117647058823529,,,-0.0003529411764705,-0.104549019607843,-0.1911764705882352,-0.2088235294117647,-0.00454448626003,-0.1815421979356405,1825.0,1850.0,0.25,-0.0058802775491003,-3.437552641821773e-05,0.0001208138035874
1992-07-16,1700.0,1700.0,1700.0,1700.0,2000.0,1700.0,1675.0,1662.0,1692.6,1868.8666666666663,2513.15,False,False,False,False,True,False,False,False,False,False,False,-0.1323529411764706,-0.2352941176470588,,,0.0043529411764706,-0.0993333333333331,-0.0735294117647058,-0.1852941176470588,-0.0047444083758428,-0.191034897713598,1950.0,1800.0,1.0,-0.0047264563393595,0.0011538212097407,-0.0001999221158127
1992-07-22,1600.0,1600.0,1600.0,1600.0,2000.0,1600.0,1680.0,1667.0,1679.8,1858.8666666666663,2504.15,False,False,False,False,False,False,False,False,False,True,False,-0.078125,-0.1875,,,-0.0498749999999999,-0.1617916666666664,0.109375,-0.096875,-0.0053796219918947,-0.1934613077384523,2050.0,1750.0,1.0,-0.0076199547565186,-0.002893498417159,-0.0006352136160518
1992-07-23,1600.0,1600.0,1600.0,1600.0,12000.0,1600.0,1660.0,1667.0,1668.2,1849.5333333333333,2495.875,False,False,False,False,False,False,False,False,False,False,False,-0.128125,-0.234375,,,-0.042625,-0.1559583333333333,0.15625,-0.0625,-0.0050463179901234,-0.1901619676064787,2040.0,1850.0,6.0,-0.0069536026855292,0.0006663520709893,0.0003333040017712
1992-07-24,1595.0,1595.0,1595.0,1595.0,1000.0,1595.0,1639.0,1661.5,1658.0,1840.8,2487.575,False,False,False,False,False,False,False,False,False,False,False,-0.1536050156739812,-0.2476489028213166,,,-0.0394984326018808,-0.1541065830721003,-0.0564263322884012,-0.0626959247648902,-0.0047443140663479,-0.18025880228709,2115.0,1790.0,0.0833333333333333,-0.006151990349819,0.0008016123357101,0.0003020039237754
1992-07-27,1595.0,1595.0,1500.0,1500.0,10000.0,1500.0,1599.0,1639.0,1644.0,1831.4666666666667,2479.1,False,False,False,False,False,False,False,False,False,True,False,-0.1066666666666666,-0.31,,,-0.096,-0.2209777777777778,0.1333333333333333,-0.05,-0.0050960978450785,-0.1568029286150091,2075.0,1795.0,10.0,-0.0085158150851581,-0.002363824735339,-0.0003517837787306
1992-07-28,1500.0,1515.0,1475.0,1475.0,16000.0,1475.0,1554.0,1614.5,1629.0,1823.1333333333328,2470.575,False,False,False,False,False,False,False,False,False,True,False,-0.1186440677966101,-0.288135593220339,,,-0.1044067796610169,-0.2360225988700564,0.1864406779661017,-0.0169491525423728,-0.0045708852890628,-0.1347166305357696,2060.0,1800.0,1.6,-0.009208103130755,-0.0006922880455969,0.0005252125560157
1992-07-29,1475.0,1475.0,1475.0,1475.0,4000.0,1475.0,1529.0,1604.5,1615.0,1814.8,2462.05,False,False,False,False,False,False,False,False,False,False,False,-0.1186440677966101,-0.288135593220339,,,-0.0949152542372881,-0.2303728813559321,0.1830508474576271,-0.0338983050847457,-0.0045918742193813,-0.1215331879090059,2050.0,1800.0,0.25,-0.0086687306501548,0.0005393724806002,-2.0988930318471995e-05
1992-07-31,1450.0,1450.0,1395.0,1395.0,7000.0,1395.0,1488.0,1574.0,1601.6,1805.6666666666667,2453.625,False,False,False,False,False,False,False,False,False,False,False,-0.1218637992831541,-0.2473118279569892,,,-0.148100358422939,-0.2943847072879331,0.2329749103942652,0.053763440860215,-0.0050581502676757,-0.093710292249047,1950.0,1950.0,1.75,-0.0083666333666334,0.0003020972835213,-0.0004662760482944
1992-08-03,1395.0,1395.0,1350.0,1350.0,11000.0,1350.0,1439.0,1539.0,1588.8,1795.3333333333333,2446.1,False,False,False,False,False,False,False,False,False,False,False,-0.1111111111111111,-0.2222222222222222,,,-0.1768888888888888,-0.3298765432098764,0.2259259259259259,0.0888888888888888,-0.0057556628295581,-0.0636777128005198,1965.0,1900.0,1.5714285714285714,-0.0080563947633433,0.00031023860329,-0.0006975125618824
1992-08-04,1350.0,1350.0,1325.0,1340.0,7000.0,1340.0,1407.0,1503.0,1576.0,1785.2,2438.175,False,False,False,False,False,False,False,False,False,True,False,-0.2276119402985074,-0.1417910447761194,,,-0.1761194029850746,-0.3322388059701492,0.2313432835820895,0.0970149253731343,-0.0056763014414817,-0.0329341317365269,2000.0,1850.0,0.6363636363636364,-0.0081218274111674,-6.543264782410754e-05,7.936138807645293e-05
1992-08-05,1335.0,1335.0,1300.0,1300.0,8000.0,1300.0,1372.0,1463.0,1562.0,1775.2,2429.95,False,False,False,False,False,False,False,False,False,True,False,-0.1923076923076923,0.0153846153846153,,,-0.2015384615384615,-0.3655384615384616,0.2692307692307692,0.1884615384615384,-0.0056331680937359,0.004442925495557,1975.0,1850.0,1.1428571428571428,-0.0089628681177976,-0.0008410407066302,4.313334774582855e-05
1992-08-07,1310.0,1310.0,1300.0,1300.0,3000.0,1300.0,1337.0,1433.0,1548.0,1765.2,2421.45,False,False,False,False,False,False,False,False,False,True,False,-0.1923076923076923,0.0576923076923076,,,-0.1907692307692307,-0.3578461538461538,0.25,0.1923076923076923,-0.0056650804441423,0.032798325191905,1975.0,1825.0,0.375,-0.0090439276485788,-8.105953078111489e-05,-3.191235040638993e-05
1992-08-10,1325.0,1325.0,1225.0,1225.0,12000.0,1225.0,1303.0,1395.5,1536.0,1755.6666666666667,2412.95,False,False,False,False,False,False,False,False,False,False,False,-0.1428571428571428,0.1510204081632653,,,-0.2538775510204081,-0.4331972789115647,0.2448979591836734,0.2244897959183673,-0.0054300360736662,0.0605517735578645,1955.0,1825.0,4.0,-0.0078125,0.0012314276485788,0.0002350443704761
1992-08-11,1200.0,1200.0,1175.0,1200.0,6000.0,1200.0,1273.0,1356.0,1523.0,1746.4666666666667,2404.325,False,False,False,False,False,False,False,False,False,True,False,-0.125,0.1583333333333333,,,-0.2691666666666666,-0.4553888888888889,0.2833333333333333,0.2708333333333333,-0.0052677787532923,0.0936578171091445,1950.0,1800.0,0.5,-0.0085357846355876,-0.0007232846355876,0.0001622573203738
1992-08-13,1050.0,1075.0,1030.0,1035.0,16000.0,1035.0,1212.0,1309.5,1502.4,1735.6,2395.325,False,False,False,False,False,False,False,False,False,True,False,0.1111111111111111,0.3285024154589372,,,-0.4515942028985508,-0.6769082125603864,0.4879227053140096,0.3816425120772946,-0.0062610432511332,0.1328751431844215,1950.0,1825.0,2.6666666666666665,-0.0137113951011713,-0.0051756104655837,-0.0009932644978408
1992-08-14,1030.0,1050.0,1000.0,1050.0,18000.0,1050.0,1162.0,1267.0,1482.4,1725.6,2386.075,False,False,False,False,False,False,False,False,False,False,False,0.2571428571428571,0.5,,,-0.4118095238095239,-0.6434285714285713,0.4761904761904761,0.4047619047619047,-0.0057950857672693,0.1728492501973165,1900.0,1825.0,1.125,-0.0134916351861845,0.0002197599149868,0.0004659574838638
1992-08-17,1050.0,1050.0,1050.0,1050.0,26000.0,1050.0,1112.0,1224.5,1462.4,1716.2666666666669,2376.375,False,False,False,False,False,False,False,False,False,True,False,0.3095238095238095,0.6904761904761905,,,-0.3927619047619048,-0.6345396825396827,0.4761904761904761,0.4285714285714285,-0.005438160348042,0.2196815026541445,1920.0,1785.0,1.4444444444444444,-0.0136761487964989,-0.0001845136103143,0.0003569254192272
1992-08-18,1050.0,1050.0,1025.0,1050.0,33000.0,1050.0,1077.0,1190.0,1440.4,1705.6,2367.125,False,False,False,False,False,False,False,False,False,True,False,0.3428571428571428,0.7619047619047619,,,-0.3718095238095239,-0.6243809523809523,0.5238095238095238,0.4238095238095238,-0.0062539086929332,0.2571428571428571,1890.0,1810.0,1.2692307692307692,-0.0152735351291307,-0.0015973863326318,-0.0008157483448911
1992-08-19,1050.0,1050.0,1050.0,1050.0,13000.0,1050.0,1047.0,1160.0,1416.4,1695.7333333333331,2357.375,False,False,False,False,False,False,False,False,False,True,False,0.3238095238095238,0.4333333333333333,,,-0.348952380952381,-0.6149841269841267,0.4904761904761904,0.3571428571428571,-0.0058185249253027,0.2857758620689655,1850.0,1850.0,0.3939393939393939,-0.0169443659983055,-0.0016708308691747,0.0004353837676304
1992-08-20,1045.0,1150.0,1045.0,1150.0,44000.0,1150.0,1070.0,1141.0,1393.4,1687.1333333333334,2348.2,False,False,False,False,False,False,False,False,False,False,False,0.1956521739130435,0.4782608695652174,,,-0.2116521739130435,-0.467072463768116,0.3521739130434783,0.2260869565217391,-0.0050974038803491,0.3019281332164767,1850.0,1825.0,3.3846153846153846,-0.0165063872541983,0.0004379787441072,0.0007211210449536
1992-08-21,1175.0,1320.0,1150.0,1320.0,21000.0,1320.0,1124.0,1143.0,1377.4,1680.7333333333331,2339.95,False,False,False,False,False,False,False,False,False,False,False,0.1931818181818181,0.3257575757575757,,,-0.0434848484848485,-0.2732828282828281,0.178030303030303,0.0795454545454545,-0.0038078616476936,0.2891513560804899,1850.0,1950.0,0.4772727272727273,-0.0116160882822709,0.0048902989719274,0.0012895422326554
1992-08-24,1355.0,1375.0,1355.0,1375.0,9000.0,1375.0,1189.0,1150.5,1369.4,1675.0666666666666,2332.2,False,False,False,False,True,False,False,False,False,False,False,0.2909090909090909,0.2690909090909091,,,0.0040727272727272,-0.218230303030303,0.0909090909090909,0.0363636363636363,-0.0033829499323409,0.2698826597131681,1825.0,2050.0,0.4285714285714285,-0.0058419745874105,0.0057741136948604,0.0004249117153527
1992-08-25,1440.0,1460.0,1410.0,1410.0,26000.0,1410.0,1261.0,1169.0,1357.8,1667.8666666666666,2324.375,False,False,False,False,False,False,False,False,False,True,False,0.3120567375886525,0.2198581560283688,,,0.0370212765957447,-0.1828841607565011,0.0496453900709219,0.0106382978723404,-0.0043168918378767,0.2433704020530367,1730.0,2040.0,2.888888888888889,-0.0085432316983356,-0.002701257110925,-0.0009339419055358
1992-08-26,1375.0,1390.0,1350.0,1390.0,13000.0,1390.0,1329.0,1188.0,1345.4,1661.0666666666666,2315.575,False,False,False,False,False,False,False,False,False,True,False,0.0827338129496402,0.1906474820143885,,,0.0320863309352517,-0.1950119904076738,0.0647482014388489,0.0611510791366906,-0.0040937550168566,0.2192760942760942,1670.0,2115.0,0.5,-0.009216589861751,-0.0006733581634154,0.0002231368210201
1992-08-27,1375.0,1415.0,1370.0,1375.0,87000.0,1375.0,1374.0,1222.0,1332.4,1654.7333333333331,2306.3,False,False,False,False,False,False,False,False,False,True,False,0.2363636363636363,0.2,,,0.0309818181818181,-0.2034424242424241,0.0436363636363636,0.0545454545454545,-0.0038274042141735,0.1869885433715221,1660.0,2075.0,6.6923076923076925,-0.0097568297808465,-0.0005402399190955,0.000266350802683
1992-08-28,1400.0,1595.0,1400.0,1575.0,84000.0,1575.0,1425.0,1274.5,1327.4,1651.0666666666666,2298.05,False,False,False,False,False,False,False,False,False,False,False,0.1111111111111111,0.0476190476190476,,,0.1572063492063491,-0.0482962962962962,-0.0253968253968253,-0.0666666666666666,-0.0022207865622223,0.1377010592389172,1650.0,2060.0,0.9655172413793104,-0.0037667620913063,0.0059900676895402,0.0016066176519512
1992-08-31,1600.0,1775.0,1600.0,1775.0,57000.0,1775.0,1505.0,1347.0,1334.4,1650.4,2290.8,False,False,False,False,False,False,True,False,True,False,False,-0.0169014084507042,-0.0845070422535211,,,0.248225352112676,0.0701971830985914,-0.1605633802816901,-0.2253521126760563,-0.0004039424785909,0.0671863400148478,1650.0,2050.0,0.6785714285714286,0.0052458033573141,0.0090125654486204,0.0018168440836313
1992-09-01,1850.0,1850.0,1790.0,1850.0,27000.0,1850.0,1593.0,1427.0,1344.4,1650.7333333333331,2283.925,False,False,False,False,False,False,True,True,False,False,False,-0.0702702702702702,-0.1756756756756756,,,0.2732972972972972,0.1077117117117118,-0.1945945945945946,-0.2405405405405405,0.000201930455151,0.001051156271899,1525.0,1950.0,0.4736842105263157,0.0074382624218982,0.002192459064584,0.000605872933742
1992-09-03,1600.0,1650.0,1505.0,1505.0,23000.0,1505.0,1616.0,1472.5,1340.8,1646.8,2275.7,False,False,False,False,False,False,False,False,False,True,False,0.0996677740863787,0.0232558139534883,,,0.1091029900332226,-0.09421926910299,-0.0066445182724252,-0.0498338870431893,-0.0023884705691845,-0.0295415959252971,1525.0,1965.0,0.8518518518518519,-0.0026849642004774,-0.0101232266223756,-0.0025904010243356
1992-09-04,1660.0,1700.0,1660.0,1700.0,11000.0,1700.0,1681.0,1527.5,1348.8,1645.1333333333334,2268.45,False,False,False,False,False,False,True,False,True,False,False,-0.0294117647058823,-0.0941176470588235,,,0.2065882352941176,0.0322745098039215,-0.1205882352941176,-0.1735294117647058,-0.0010130891113181,-0.0648117839607201,1550.0,2000.0,0.4782608695652174,0.0059311981020166,0.008616162302494,0.0013753814578664
1992-09-07,1750.0,1765.0,1750.0,1750.0,8000.0,1750.0,1716.0,1570.5,1359.8,1644.1333333333334,2261.425,False,False,False,False,False,False,True,False,False,False,False,-0.0571428571428571,-0.1142857142857142,,,0.2229714285714286,0.060495238095238,-0.1428571428571428,-0.2285714285714285,-0.0006082231773578,-0.0951926138172556,1550.0,1975.0,0.7272727272727273,0.0080894249154287,0.0021582268134121,0.0004048659339602
1992-09-08,1725.0,1745.0,1725.0,1745.0,2000.0,1745.0,1710.0,1607.5,1370.6,1643.6,2254.275,False,False,False,False,False,False,True,False,False,True,False,-0.0687679083094555,-0.1117478510028653,,,0.2145558739255015,0.05810888252149,-0.1404011461318051,-0.2521489971346705,-0.0003244909548147,-0.1234836702954898,1550.0,1975.0,0.25,0.0078797606887494,-0.0002096642266793,0.0002837322225431
1992-09-09,1695.0,1720.0,1695.0,1720.0,16000.0,1720.0,1684.0,1638.5,1383.6,1642.4,2246.75,False,False,False,False,False,False,True,False,False,False,False,-0.1133720930232558,-0.0697674418604651,,,0.1955813953488372,0.0451162790697673,-0.127906976744186,-0.188953488372093,-0.000730638090599,-0.1418980775099176,1600.0,1955.0,8.0,0.0093957791269152,0.0015160184381658,-0.0004061471357842
1992-09-10,1725.0,1725.0,1650.0,1655.0,12000.0,1655.0,1714.0,1665.0,1395.8,1639.8,2238.275,False,False,False,False,False,False,True,False,False,True,False,-0.0694864048338368,-0.0543806646525679,,,0.1566163141993957,0.0091842900302115,-0.0996978851963746,-0.1691842900302115,-0.0015855592145384,-0.1615615615615615,1650.0,1950.0,0.75,0.0087405072359937,-0.0006552718909215,-0.0008549211239394
1992-09-11,1655.0,1675.0,1650.0,1650.0,5000.0,1650.0,1704.0,1692.5,1408.2,1637.4666666666667,2229.425,False,False,False,False,False,False,True,False,False,False,False,-0.0666666666666666,-0.0575757575757575,,,0.1465454545454545,0.0075959595959595,-0.0909090909090909,-0.1393939393939394,-0.0014249653936975,-0.176957163958641,1725.0,1950.0,0.4166666666666667,0.0088055673909956,6.506015500193363e-05,0.0001605938208409
1992-09-14,1640.0,1650.0,1640.0,1650.0,17000.0,1650.0,1684.0,1700.0,1422.2,1633.4666666666667,2220.8,False,False,False,False,False,False,True,False,False,False,False,-0.0606060606060606,-0.0575757575757575,,,0.138060606060606,0.010020202020202,-0.0969696969696969,-0.109090909090909,-0.0024487796914537,-0.1805882352941176,1720.0,1900.0,3.4,0.009843903810997,0.0010383364200013,-0.0010238142977562
1992-09-17,1650.0,1650.0,1605.0,1625.0,14000.0,1625.0,1660.0,1685.0,1435.2,1627.8,2212.175,False,False,False,False,False,False,True,False,False,True,False,-0.0461538461538461,-0.0769230769230769,,,0.1167999999999999,-0.0017230769230768,-0.1076923076923077,-0.0923076923076923,-0.0034811811442847,-0.1673590504451038,1575.0,1920.0,0.8235294117647058,0.0090579710144927,-0.0007859327965042,-0.001032401452831
1992-09-18,1605.0,1605.0,1525.0,1525.0,10000.0,1525.0,1621.0,1652.5,1447.2,1620.9333333333334,2202.925,False,False,False,False,False,False,True,False,False,True,False,0.0491803278688524,-0.0295081967213114,,,0.0510163934426229,-0.0629071038251366,-0.0491803278688524,-0.0327868852459016,-0.0042362424940362,-0.1467473524962178,1700.0,1890.0,0.7142857142857143,0.0082918739635157,-0.0007660970509769,-0.0007550613497515
1992-09-21,1525.0,1540.0,1525.0,1540.0,4000.0,1540.0,1598.0,1656.0,1460.8,1613.2666666666669,2194.375,False,False,False,False,False,False,True,False,False,False,True,0.0162337662337662,-0.0389610389610389,,,0.0514285714285714,-0.0475757575757577,-0.0616883116883116,-0.0422077922077922,-0.0047522624901854,-0.1458333333333333,1700.0,1850.0,0.4,0.0093099671412923,0.0010180931777766,-0.0005160199961491
1992-09-22,1525.0,1540.0,1525.0,1540.0,3000.0,1540.0,1576.0,1640.0,1481.0,1606.1333333333334,2186.3,False,False,False,False,False,False,True,False,False,False,False,0.0097402597402597,-0.0681818181818181,,,0.0383116883116883,-0.042943722943723,-0.0941558441558441,-0.0259740259740259,-0.0044413083181139,-0.1317073170731707,1700.0,1850.0,0.75,0.0136394328156651,0.0043294656743727,0.0003109541720714
1992-09-24,1550.0,1550.0,1550.0,1550.0,3000.0,1550.0,1556.0,1620.0,1501.0,1599.3333333333333,2178.55,False,False,False,False,False,False,True,False,False,True,False,0.0032258064516129,-0.0096774193548387,,,0.0316129032258064,-0.0318279569892472,-0.0838709677419354,-0.0354838709677419,-0.0042517715714882,-0.112037037037037,1700.0,1850.0,1.0,0.0133244503664223,-0.0003149824492427,0.0001895367466257
1992-09-25,1595.0,1600.0,1550.0,1550.0,7000.0,1550.0,1541.0,1600.5,1521.0,1592.6666666666667,2170.8,False,False,False,False,False,False,True,False,False,True,False,-0.032258064516129,-0.0387096774193548,,,0.0187096774193548,-0.0275268817204301,-0.0677419354838709,-0.0161290322580645,-0.0041858518208454,-0.0874726647922524,1600.0,1825.0,2.333333333333333,0.0131492439184746,-0.0001752064479476,6.591975064278773e-05
1992-09-28,1600.0,1600.0,1600.0,1600.0,4000.0,1600.0,1556.0,1588.5,1543.0,1588.0,2163.275,False,False,False,False,False,False,True,False,False,False,False,-0.075,-0.06875,,,0.035625,0.0075,-0.096875,0.0,-0.0029387069689337,-0.0676739062008183,1600.0,1730.0,0.5714285714285714,0.0142579390797148,0.0011086951612401,0.0012471448519117
1992-09-29,1600.0,1600.0,1565.0,1565.0,3000.0,1565.0,1561.0,1579.5,1563.6,1582.6666666666667,2155.525,False,False,False,False,False,False,True,False,False,True,False,-0.0543130990415335,-0.0447284345047923,,,0.0008945686900959,-0.0112886048988285,-0.121405750798722,0.121405750798722,-0.0033698399326031,-0.0383032605254827,1595.0,1670.0,0.75,0.0131747249936044,-0.0010832140861103,-0.0004311329636694
1992-09-30,1555.0,1555.0,1555.0,1555.0,1000.0,1555.0,1564.0,1570.0,1579.8,1576.7333333333331,2147.55,False,True,False,False,False,False,True,False,False,True,False,-0.0771704180064308,-0.0385852090032154,,,-0.0159485530546623,-0.0139764201500534,-0.2122186495176848,0.0739549839228295,-0.0037630544163039,-0.0165605095541401,1500.0,1660.0,0.3333333333333333,0.0102544625902013,-0.0029202624034031,-0.0003932144837007
1992-10-02,1555.0,1555.0,1555.0,1555.0,2000.0,1555.0,1565.0,1560.5,1589.2,1571.1333333333334,2139.45,False,False,False,False,False,False,True,False,False,True,False,-0.0128617363344051,-0.0353697749196141,,,-0.0219935691318328,-0.0103751339764202,-0.1639871382636656,0.1864951768488746,-0.003564306021131,0.0134572252483178,1475.0,1650.0,2.0,0.0059149257488044,-0.0043395368413968,0.0001987483951728
1992-10-05,1550.0,1550.0,1500.0,1500.0,3000.0,1500.0,1555.0,1548.0,1594.2,1564.8,2130.2,False,False,False,False,False,False,True,False,False,True,False,-0.0066666666666666,0.0,,,-0.0628,-0.0431999999999999,-0.1333333333333333,0.1533333333333333,-0.0040473755964554,0.0381136950904392,1475.0,1650.0,1.5,0.0031363693388533,-0.0027785564099511,-0.0004830695753244
1992-10-06,1450.0,1480.0,1450.0,1480.0,5000.0,1480.0,1531.0,1543.5,1597.0,1558.4666666666667,2120.85,False,False,False,False,False,False,True,False,False,True,False,0.0067567567567567,0.0135135135135135,,,-0.079054054054054,-0.053018018018018,-0.1216216216216216,0.1824324324324324,-0.0040638234161782,0.0589569160997732,1395.0,1525.0,1.6666666666666667,0.001753287413901,-0.0013830819249523,-1.6447819722797616e-05
1992-10-07,1480.0,1480.0,1480.0,1480.0,1000.0,1480.0,1514.0,1537.5,1600.6,1552.2,2111.5,False,False,False,False,False,False,True,False,False,False,False,0.0101351351351351,0.0067567567567567,,,-0.0814864864864864,-0.0487837837837838,-0.1047297297297297,0.1486486486486486,-0.0040372804191899,0.0777235772357723,1350.0,1525.0,0.2,0.0022491565662875,0.0004958691523865,2.654299698828886e-05
1992-10-08,1435.0,1435.0,1435.0,1435.0,2000.0,1435.0,1490.0,1527.0,1603.0,1545.3333333333333,2102.175,False,False,False,False,False,False,True,False,False,True,False,0.0418118466898954,0.0452961672473867,,,-0.1170731707317073,-0.0768873403019744,-0.0627177700348432,0.1498257839721254,-0.0044434857635893,0.0949574328749181,1340.0,1550.0,2.0,0.0014971927635683,-0.0007519638027192,-0.0004062053443994
1992-10-13,1535.0,1535.0,1535.0,1535.0,15000.0,1535.0,1486.0,1525.5,1601.4,1540.4666666666667,2093.6,False,False,False,False,False,False,False,False,False,True,False,-0.022801302931596,-0.0293159609120521,,,-0.043257328990228,-0.0035613463626493,-0.0977198697068403,0.0423452768729641,-0.0031592158220451,0.1029170763684038,1300.0,1550.0,7.5,-0.0009991257649556,-0.0024963185285239,0.0012842699415441
1992-10-14,1485.0,1490.0,1485.0,1490.0,5000.0,1490.0,1484.0,1519.5,1590.0,1534.7333333333331,2085.175,False,False,False,False,False,False,False,False,False,True,False,0.0067114093959731,-0.0268456375838926,,,-0.0671140939597315,-0.0300223713646531,-0.0302013422818791,0.0436241610738255,-0.0037357195604015,0.1092464626521882,1300.0,1550.0,0.3333333333333333,-0.0071698113207547,-0.0061706855557991,-0.0005765037383563
1992-10-16,1490.0,1490.0,1490.0,1490.0,8000.0,1490.0,1486.0,1508.5,1575.6,1529.4,2075.625,False,False,False,False,False,False,False,False,False,True,False,0.0067114093959731,-0.0268456375838926,,,-0.0574496644295301,-0.0264429530201342,0.0067114093959731,0.0402684563758389,-0.0034872063118432,0.1140205502154458,1225.0,1600.0,1.6,-0.0091393754760091,-0.0019695641552544,0.0002485132485583
1992-10-19,1495.0,1495.0,1495.0,1495.0,1000.0,1495.0,1489.0,1501.5,1575.2,1524.6666666666667,2066.225,False,False,False,False,False,False,False,False,False,False,False,-0.0033444816053511,-0.0334448160535117,,,-0.0536454849498328,-0.0198439241917503,0.0,0.0133779264214046,-0.0031045037166593,0.1032301032301032,1200.0,1650.0,0.125,-0.0002539360081258,0.0088854394678833,0.0003827025951838
1992-10-20,1500.0,1500.0,1495.0,1495.0,4000.0,1495.0,1501.0,1495.5,1567.0,1519.9333333333334,2056.925,False,False,False,False,False,False,False,False,False,True,False,0.0033444816053511,-0.0668896321070234,,,-0.0481605351170568,-0.0166778149386845,-0.0468227424749163,0.0367892976588628,-0.0031141716741962,0.0996322300234035,1035.0,1725.0,4.0,-0.0052329291640076,-0.0049789931558818,-9.667957536857626e-06
1992-10-21,1500.0,1500.0,1500.0,1500.0,1000.0,1500.0,1494.0,1490.0,1557.0,1515.2666666666669,2047.675,False,False,False,False,False,False,False,False,False,True,False,-0.0066666666666666,-0.0533333333333333,,,-0.038,-0.0101777777777779,-0.0333333333333333,0.0133333333333333,-0.0030797659377886,0.0818791946308724,1050.0,1720.0,0.25,-0.0064226075786769,-0.0011896784146692,3.440573640761885e-05
1992-10-23,1500.0,1500.0,1500.0,1500.0,4000.0,1500.0,1496.0,1490.0,1547.2,1510.9333333333334,2038.65,False,False,False,False,False,False,False,False,False,False,False,-0.0333333333333333,-0.0366666666666666,,,-0.0314666666666667,-0.0072888888888889,-0.05,0.0,-0.0028679844687611,0.0664429530201342,1050.0,1575.0,4.0,-0.0063340227507755,8.858482790137772e-05,0.0002117814690274
1992-10-26,1475.0,1500.0,1475.0,1500.0,6000.0,1500.0,1498.0,1492.0,1538.4,1507.8666666666666,2029.4,False,False,False,False,False,False,False,False,False,False,False,-0.0333333333333333,-0.0366666666666666,,,-0.0256,-0.0052444444444443,-0.02,0.0333333333333333,-0.0020337784065789,0.0516085790884718,1050.0,1700.0,1.5,-0.0057202288091523,0.0006137939416232,0.0008342060621821
1992-10-27,1490.0,1490.0,1490.0,1490.0,1000.0,1490.0,1497.0,1493.0,1531.8,1505.4666666666667,2020.3,False,False,False,False,False,False,False,False,False,False,False,-0.0302013422818791,-0.0771812080536912,,,-0.0280536912751677,-0.0103803131991051,-0.0134228187919463,0.087248322147651,-0.0015941900628818,0.0455458807769591,1050.0,1700.0,0.1666666666666666,-0.0043086564825696,0.0014115723265827,0.000439588343697
1992-10-28,1505.0,1505.0,1500.0,1500.0,3000.0,1500.0,1498.0,1499.5,1525.8,1503.3333333333333,2011.05,False,False,False,False,False,False,False,False,False,False,True,-0.07,-0.1833333333333333,,,-0.0171999999999999,-0.0022222222222221,-0.02,0.06,-0.0014190687361419,0.0370123374458152,1150.0,1700.0,3.0,-0.0039323633503735,0.000376293132196,0.0001751213267398
1992-10-29,1490.0,1520.0,1490.0,1490.0,5000.0,1490.0,1496.0,1495.0,1519.4,1501.2,2001.75,False,False,False,False,False,False,False,False,False,True,False,-0.046979865771812,-0.1275167785234899,,,-0.0197315436241611,-0.0075167785234899,0.0369127516778523,0.0436241610738255,-0.0014210853539389,0.0371237458193979,1320.0,1700.0,1.6666666666666667,-0.0042121890219822,-0.0002798256716086,-2.016617797012633e-06
1992-11-04,1455.0,1455.0,1450.0,1450.0,2000.0,1450.0,1486.0,1491.0,1512.4,1498.5333333333333,1992.5,False,False,False,False,False,False,False,False,False,True,False,-0.0034482758620689,-0.1034482758620689,,,-0.0430344827586207,-0.033471264367816,0.0689655172413793,0.0655172413793103,-0.0017795177506896,0.039235412474849,1375.0,1600.0,0.4,-0.0046284051838138,-0.0004162161618315,-0.0003584323967506
1992-11-05,1450.0,1475.0,1450.0,1450.0,5000.0,1450.0,1476.0,1487.0,1509.4,1497.5333333333333,1983.75,False,False,False,False,False,False,False,False,False,False,False,-0.0034482758620689,-0.1034482758620689,,,-0.0409655172413793,-0.0327816091954022,0.0344827586206896,0.0793103448275862,-0.0006677647687308,0.0430396772024209,1410.0,1600.0,2.5,-0.0019875447197561,0.0026408604640576,0.0011117529819588
1992-11-06,1450.0,1450.0,1445.0,1445.0,6000.0,1445.0,1467.0,1482.0,1505.6,1496.4666666666667,1974.975,False,False,False,False,False,False,False,False,False,True,False,-0.0484429065743944,-0.0830449826989619,,,-0.0419377162629757,-0.0356170703575548,0.0553633217993079,0.0726643598615917,-0.0007127901278566,0.0489203778677462,1390.0,1595.0,1.2,-0.0025239107332626,-0.0005363660135064,-4.502535912588688e-05
1992-11-09,1395.0,1395.0,1395.0,1395.0,1000.0,1395.0,1446.0,1472.0,1499.8,1494.4,1967.7,False,False,False,False,False,False,False,False,False,True,False,-0.1218637992831541,-0.03584229390681,,,-0.0751254480286738,-0.0712544802867384,0.025089605734767,0.1648745519713261,-0.0013829407566023,0.061141304347826,1375.0,1500.0,0.1666666666666666,-0.003867182290972,-0.0013432715577094,-0.0006701506287456
1992-11-10,1420.0,1420.0,1420.0,1420.0,5000.0,1420.0,1432.0,1464.0,1494.6,1492.6666666666667,1960.3,False,False,False,False,False,False,False,False,False,False,False,-0.0845070422535211,-0.0246478873239436,,,-0.0525352112676055,-0.0511737089201878,0.0387323943661971,0.176056338028169,-0.0011612326931666,0.0771857923497267,1575.0,1475.0,5.0,-0.0034791917569918,0.0003879905339802,0.0002217080634357
1992-11-11,1445.0,1445.0,1445.0,1445.0,1000.0,1445.0,1431.0,1458.5,1490.4,1491.2666666666669,1953.275,False,False,True,False,False,False,False,False,False,False,False,-0.1003460207612456,0.0,,,-0.0314186851211073,-0.0320184544405999,0.0380622837370242,0.1280276816608996,-0.0009387992310786,0.0901611244429208,1775.0,1475.0,0.2,-0.0028180354267309,0.0006611563302609,0.0002224334620879
1992-11-12,1445.0,1445.0,1445.0,1445.0,2000.0,1445.0,1430.0,1453.0,1484.2,1489.2,1946.225,False,False,False,False,False,False,False,False,False,True,False,-0.1003460207612456,0.0380622837370242,,,-0.0271280276816609,-0.0305882352941176,0.0346020761245674,0.1487889273356401,-0.0013877697197601,0.1018582243633861,1850.0,1395.0,2.0,-0.0041773345910254,-0.0013592991642945,-0.0004489704886815
1992-11-13,1375.0,1375.0,1375.0,1375.0,1000.0,1375.0,1416.0,1441.5,1476.6,1485.5333333333333,1938.975,False,False,False,False,False,False,False,False,False,True,False,-0.0363636363636363,0.0872727272727272,,,-0.073890909090909,-0.0803878787878787,0.0363636363636363,0.2,-0.0024682493380604,0.1127297953520638,1505.0,1350.0,0.5,-0.0051469592306651,-0.0009696246396396,-0.0010804796183002
1992-11-17,1225.0,1225.0,1225.0,1225.0,4000.0,1225.0,1382.0,1414.0,1463.4,1478.8666666666666,1931.1,False,False,False,False,False,False,False,False,False,True,False,0.0979591836734693,0.1632653061224489,,,-0.1946122448979592,-0.2072380952380951,0.1510204081632653,0.3142857142857143,-0.0045079565432989,0.1357850070721357,1700.0,1340.0,4.0,-0.0090200902009018,-0.0038731309702367,-0.0020397072052385
1992-11-18,1275.0,1300.0,1275.0,1300.0,4000.0,1300.0,1358.0,1395.0,1453.2,1473.2666666666669,1923.725,False,False,False,False,False,False,False,False,False,False,False,0.0653846153846153,0.1153846153846153,,,-0.1178461538461538,-0.1332820512820514,0.0961538461538461,0.2461538461538461,-0.0038010769718084,0.1559139784946236,1750.0,1300.0,1.0,-0.0070189925681255,0.0020010976327763,0.0007068795714905
1992-11-19,1300.0,1300.0,1300.0,1300.0,8000.0,1300.0,1329.0,1380.0,1445.2,1469.6,1916.925,False,False,False,False,False,False,False,False,False,False,False,0.1115384615384615,0.0961538461538461,,,-0.1116923076923077,-0.1304615384615383,0.0961538461538461,0.2538461538461538,-0.0024950099800401,0.1746376811594203,1745.0,1300.0,2.0,-0.0055355660116246,0.0014834265565008,0.0013060669917683
1992-11-20,1300.0,1300.0,1275.0,1300.0,14000.0,1300.0,1300.0,1365.0,1438.0,1464.2666666666669,1910.125,False,False,False,False,False,False,False,False,False,False,False,0.1538461538461538,0.1307692307692307,,,-0.1061538461538461,-0.1263589743589745,0.0961538461538461,0.3461538461538461,-0.0036423238025858,0.2010989010989011,1720.0,1225.0,1.75,-0.0050069541029207,0.0005286119087039,-0.0011473138225457
1992-11-24,1325.0,1325.0,1325.0,1325.0,1000.0,1325.0,1290.0,1353.0,1431.8,1459.2666666666669,1903.45,False,False,False,False,False,False,False,False,False,False,False,0.1283018867924528,0.1094339622641509,,,-0.0806037735849056,-0.1013333333333335,0.1132075471698113,0.3320754716981132,-0.0034263785463017,0.2276422764227642,1655.0,1200.0,0.0714285714285714,-0.0043302137169996,0.0006767403859211,0.000215945256284
1992-11-25,1350.0,1350.0,1345.0,1345.0,10000.0,1345.0,1314.0,1348.0,1428.2,1454.5333333333333,1897.05,False,False,False,False,False,False,False,False,False,False,False,0.0594795539033457,0.0929368029739776,,,-0.0618587360594795,-0.0814374225526641,0.0780669144981412,0.3011152416356877,-0.0032541937849483,0.2414688427299703,1650.0,1035.0,10.0,-0.0025206553703962,0.0018095583466033,0.0001721847613534
1992-11-26,1345.0,1395.0,1345.0,1385.0,12000.0,1385.0,1331.0,1344.5,1422.2,1450.3333333333333,1890.325,False,False,False,False,False,False,False,False,False,True,False,0.0469314079422382,0.1155234657039711,,,-0.0268592057761733,-0.0471720818291214,0.0613718411552346,0.2093862815884476,-0.0028958860032176,0.2450725176645593,1650.0,1050.0,1.2,-0.0042188159189987,-0.0016981605486024,0.0003583077817306
1992-11-30,1350.0,1445.0,1350.0,1445.0,59000.0,1445.0,1360.0,1344.5,1420.4,1448.2666666666669,1884.15,False,False,False,False,True,False,False,False,False,False,False,-0.0138408304498269,0.0726643598615917,,,0.0170242214532871,-0.0022606689734718,-0.0484429065743944,0.2110726643598615,-0.0014269931872581,0.2539977686872443,1625.0,1050.0,4.916666666666667,-0.0012672486623486,0.0029515672566501,0.0014688928159595
1992-12-01,1440.0,1510.0,1440.0,1500.0,31000.0,1500.0,1400.0,1350.0,1420.8,1446.9333333333334,1878.4,False,False,False,False,False,False,True,False,False,False,True,-0.02,0.0,,,0.0528,0.0353777777777777,-0.0633333333333333,0.1933333333333333,-0.0009214891264284,0.2585185185185185,1525.0,1050.0,0.5254237288135594,0.0002815315315314,0.00154878019388,0.0005055040608297
1992-12-02,1495.0,1495.0,1495.0,1495.0,16000.0,1495.0,1434.0,1362.0,1420.8,1445.6,1872.625,False,False,False,False,False,False,False,False,False,True,False,-0.0167224080267558,0.020066889632107,,,0.0496321070234114,0.0330434782608696,-0.0434782608695652,0.197324414715719,-0.0009223390518355,0.2577092511013216,1540.0,1050.0,0.5161290322580645,0.0,-0.0002815315315314,-8.499254071467777e-07
1992-12-07,1425.0,1425.0,1425.0,1425.0,3000.0,1425.0,1450.0,1382.0,1418.0,1444.6,1866.225,False,False,False,False,False,False,False,False,False,True,False,0.031578947368421,0.0035087719298245,,,0.0049122807017543,-0.0137543859649122,-0.0140350877192982,0.2456140350877192,-0.0006922331441229,0.2514471780028943,1540.0,1150.0,0.1875,-0.0019746121297601,-0.0019746121297601,0.0002301059077126
1992-12-08,1400.0,1450.0,1400.0,1450.0,4000.0,1450.0,1463.0,1397.0,1416.0,1444.2666666666669,1859.725,False,False,False,False,False,False,False,False,False,False,False,0.0655172413793103,0.0172413793103448,,,0.0234482758620689,0.0039540229885056,-0.0689655172413793,0.2172413793103448,-0.0002307976366319,0.2483894058697208,1550.0,1320.0,1.3333333333333333,-0.001412429378531,0.0005621827512291,0.0004614355074909
1992-12-09,1425.0,1425.0,1425.0,1425.0,2000.0,1425.0,1459.0,1409.5,1413.0,1443.6,1852.2,False,False,False,False,False,False,False,False,False,True,False,0.087719298245614,0.0526315789473684,,,0.0084210526315789,-0.0130526315789473,-0.0842105263157894,0.2701754385964912,-0.0004618084418585,0.2500886839304718,1550.0,1375.0,0.5,-0.0021231422505307,-0.0007107128719997,-0.0002310108052265
1992-12-10,1470.0,1470.0,1470.0,1470.0,4000.0,1470.0,1453.0,1426.5,1411.8,1444.6,1845.125,False,False,False,False,False,False,False,True,False,False,False,0.0204081632653061,0.0170068027210884,,,0.0395918367346939,0.0172789115646259,-0.0510204081632653,0.238095238095238,0.0006922331441229,0.2400981423063442,1600.0,1410.0,2.0,-0.0008499787505312,0.0012731634999995,0.0011540415859814
1992-12-11,1475.0,1490.0,1470.0,1470.0,7000.0,1470.0,1448.0,1441.0,1411.0,1446.2,1838.075,False,False,False,False,False,False,False,True,False,False,False,0.0374149659863945,-0.0306122448979591,,,0.0401360544217687,0.0161904761904761,-0.064625850340136,0.2755102040816326,0.0011063476697553,0.2352532963219986,1565.0,1390.0,1.75,-0.0005669737774627,0.0002830049730685,0.0004141145256323
1992-12-14,1470.0,1470.0,1470.0,1470.0,2000.0,1470.0,1457.0,1453.5,1409.8,1447.9333333333334,1831.075,False,False,False,False,False,False,False,True,False,True,False,-0.0272108843537414,-0.0408163265306122,,,0.0409523809523809,0.0150113378684806,-0.0340136054421768,0.3537414965986394,0.0011971085224918,0.2411420708634331,1555.0,1375.0,0.2857142857142857,-0.0008511845651865,-0.0002842107877238,9.076085273652296e-05
1992-12-15,1520.0,1570.0,1520.0,1545.0,25000.0,1545.0,1476.0,1469.5,1412.0,1451.2,1824.45,False,False,False,False,False,False,True,True,True,False,False,-0.0453074433656957,-0.0776699029126213,,,0.086084142394822,0.0607119741100323,-0.0485436893203883,0.2621359223300971,0.0022510106578463,0.2463422932970398,1555.0,1575.0,12.5,0.0015580736543909,0.0024092582195775,0.0010539021353545
1992-12-16,1570.0,1570.0,1545.0,1550.0,7000.0,1550.0,1501.0,1480.0,1416.0,1454.5333333333333,1818.075,False,False,False,False,False,False,True,True,False,False,False,-0.032258064516129,-0.0806451612903225,,,0.0864516129032258,0.0615913978494623,-0.0483870967741935,0.2903225806451613,0.0022916857640479,0.2543918918918919,1500.0,1775.0,0.28,0.0028248587570621,0.0012667851026711,4.0675106201612174e-05
1992-12-17,1525.0,1525.0,1450.0,1500.0,5000.0,1500.0,1507.0,1480.0,1418.0,1458.2,1811.95,False,False,False,False,False,False,True,True,False,True,False,-0.0033333333333333,-0.05,,,0.0546666666666666,0.0278666666666666,-0.0166666666666666,0.29,0.002514515612856,0.2641891891891892,1480.0,1850.0,0.7142857142857143,0.001410437235543,-0.0014144215215191,0.0002228298488081
1992-12-18,1450.0,1525.0,1425.0,1525.0,14000.0,1525.0,1518.0,1483.0,1421.2,1462.5333333333333,1805.925,False,False,False,False,False,False,True,True,False,False,True,-0.0655737704918032,-0.0327868852459016,,,0.0680655737704917,0.0409617486338798,-0.0327868852459016,0.2622950819672131,0.0029628954325826,0.2707349966284558,1480.0,1505.0,2.8,0.0022516183506895,0.0008411811151465,0.0004483798197265
1992-12-22,1430.0,1430.0,1430.0,1430.0,4000.0,1430.0,1510.0,1483.5,1422.6,1467.8,1799.425,False,False,False,False,False,False,True,True,False,True,False,-0.0139860139860139,0.0139860139860139,,,0.0051748251748252,-0.0264335664335664,0.0489510489510489,0.3461538461538461,0.0035881364400236,0.2804179305695989,1435.0,1700.0,0.2857142857142857,0.0009841135948262,-0.0012675047558633,0.0006252410074409
1992-12-24,1480.0,1500.0,1460.0,1475.0,17000.0,1475.0,1496.0,1486.0,1424.8,1473.4666666666667,1793.175,False,False,False,False,False,False,True,True,True,False,False,-0.0338983050847457,-0.0033898305084745,,,0.0340338983050847,0.0010395480225988,0.0135593220338983,0.2983050847457627,0.003845805809429,0.2883580080753701,1535.0,1750.0,4.25,0.0015440763615946,0.0005599627667683,0.0002576693694054
1992-12-28,1500.0,1500.0,1500.0,1500.0,1000.0,1500.0,1486.0,1493.5,1427.0,1479.4666666666667,1787.3,False,False,False,False,False,False,True,True,False,True,False,-0.05,-0.0833333333333333,,,0.0486666666666666,0.0136888888888888,0.0166666666666666,0.2333333333333333,0.0040555155010814,0.2845664546367593,1490.0,1745.0,0.0588235294117647,0.001541695865452,-2.380496142612631e-06,0.0002097096916524
1992-12-29,1500.0,1500.0,1495.0,1495.0,6000.0,1495.0,1485.0,1496.0,1429.0,1485.4,1781.775,False,False,False,False,False,False,True,True,False,True,False,-0.0468227424749163,-0.060200668896321,,,0.0441471571906354,0.0064214046822741,0.0702341137123745,0.2374581939799331,0.0039944347201652,0.2844251336898395,1490.0,1720.0,6.0,0.0013995801259622,-0.0001421157394898,-6.108078091626723e-05
1993-01-04,1425.0,1425.0,1425.0,1425.0,6000.0,1425.0,1465.0,1491.5,1431.0,1490.4,1775.9,False,False,False,False,False,False,True,True,False,True,False,0.0350877192982456,0.0035087719298245,,,-0.0042105263157894,-0.0458947368421053,0.231578947368421,0.3333333333333333,0.0033548040794417,0.2899765336909152,1495.0,1655.0,1.0,0.0013976240391334,-1.956086828738216e-06,-0.0006396306407234
1993-01-05,1425.0,1425.0,1410.0,1410.0,12000.0,1410.0,1461.0,1485.5,1438.4,1493.8666666666666,1769.925,False,False,False,False,False,False,True,True,False,False,False,0.0283687943262411,-0.0035460992907801,,,-0.0201418439716312,-0.0594799054373521,0.1843971631205673,0.3829787234042553,0.0023205997857906,0.2924941097273645,1495.0,1650.0,2.0,0.0051446051167965,0.003746981077663,-0.0010342042936511
1993-01-06,1425.0,1425.0,1425.0,1425.0,5000.0,1425.0,1451.0,1473.5,1443.4,1495.2666666666669,1763.8,False,False,False,False,False,False,True,True,False,True,False,0.031578947368421,-0.0526315789473684,,,-0.0129122807017544,-0.0493099415204679,0.2947368421052631,0.3859649122807017,0.0009362878416338,0.3047166610111978,1500.0,1650.0,0.4166666666666667,0.0034640432312595,-0.0016805618855369,-0.0013843119441568
1993-01-07,1425.0,1425.0,1425.0,1425.0,3000.0,1425.0,1436.0,1461.0,1448.4,1495.9333333333334,1757.925,False,False,False,False,False,False,True,True,False,True,False,-0.0350877192982456,-0.0842105263157894,,,-0.016421052631579,-0.0497777777777778,0.2140350877192982,0.4070175438596491,0.000445652658318,0.3162217659137577,1500.0,1625.0,0.6,0.0034520850593758,-1.1958171883662966e-05,-0.0004906351833158
1993-01-08,1425.0,1425.0,1425.0,1425.0,2000.0,1425.0,1422.0,1453.5,1453.4,1496.1333333333334,1752.8,False,False,False,False,False,False,True,True,False,True,False,-0.0140350877192982,-0.0210526315789473,,,-0.0199298245614035,-0.0499181286549708,0.2280701754385964,0.4385964912280701,0.0001336779253186,0.3309253525971792,1500.0,1525.0,0.6666666666666666,0.0034402091647172,-1.1875894658648111e-05,-0.0003119747329993
1993-01-11,1475.0,1475.0,1475.0,1475.0,5000.0,1475.0,1432.0,1448.5,1459.4,1497.2666666666669,1748.175,False,False,False,True,True,False,True,True,False,False,False,-0.0305084745762711,-0.0677966101694915,,,0.0105762711864406,-0.0150960451977402,0.1525423728813559,0.423728813559322,0.0007569348590766,0.3476009665170866,1490.0,1540.0,2.5,0.0041112786076469,0.0006710694429297,0.0006232569337579
1993-01-12,1450.0,1450.0,1450.0,1450.0,2000.0,1450.0,1440.0,1450.5,1463.6,1498.2666666666669,1743.175,False,False,False,False,False,False,True,True,False,True,False,-0.0310344827586206,-0.0206896551724137,,,-0.0093793103448275,-0.0332873563218392,0.1379310344827586,0.4655172413793103,0.0006674379282726,0.3595311961392623,1500.0,1540.0,0.4,0.0028696365127082,-0.0012416420949387,-8.949693080393967e-05
1993-01-18,1470.0,1470.0,1470.0,1470.0,1000.0,1470.0,1449.0,1450.0,1467.0,1496.8666666666666,1738.275,False,False,False,False,False,False,True,False,False,True,False,-0.0816326530612244,0.0,,,0.0020408163265306,-0.0182766439909296,0.0884353741496598,0.4625850340136054,-0.0009352870440477,0.3762068965517241,1490.0,1550.0,0.5,0.0023176550783913,-0.0005519814343169,-0.0016027249723204
1993-01-19,1325.0,1375.0,1325.0,1375.0,6000.0,1375.0,1439.0,1437.5,1464.2,1491.5333333333333,1732.9,False,False,False,False,False,False,False,False,False,True,False,-0.0509090909090909,0.0727272727272727,,,-0.0648727272727273,-0.0847515151515151,0.1309090909090909,0.5818181818181818,-0.0035757386135073,0.4107826086956522,1450.0,1550.0,6.0,-0.0019123070618767,-0.004229962140268,-0.0026404515694595
1993-01-20,1400.0,1405.0,1400.0,1405.0,7000.0,1405.0,1435.0,1428.5,1460.4,1485.6,1727.675,False,False,False,False,False,False,False,False,False,True,False,-0.0071174377224199,0.0498220640569395,,,-0.0394306049822064,-0.0573665480427045,0.1032028469750889,0.5302491103202847,-0.0039938969664333,0.44067203360168,1450.0,1600.0,1.1666666666666667,-0.002602026841961,-0.0006897197800843,-0.000418158352926
1993-01-21,1430.0,1430.0,1430.0,1430.0,3000.0,1430.0,1426.0,1429.0,1457.8,1484.6,1722.325,False,False,False,False,False,False,False,False,False,False,False,-0.0384615384615384,0.0314685314685314,,,-0.0194405594405594,-0.0381818181818181,0.0594405594405594,0.4965034965034965,-0.0006735821096591,0.456962911126662,1445.0,1565.0,0.4285714285714285,-0.0017835093977226,0.0008185174442383,0.0033203148567741
1993-01-26,1405.0,1405.0,1405.0,1405.0,1000.0,1405.0,1417.0,1428.5,1457.0,1480.6666666666667,1716.825,False,False,False,False,False,False,False,False,False,False,False,0.0106761565836298,0.0676156583629893,,,-0.0370106761565836,-0.0538552787663108,0.1032028469750889,0.5266903914590747,-0.0026564610535793,0.4711235561778089,1395.0,1555.0,0.3333333333333333,-0.0005490734385723,0.0012344359591503,-0.0019828789439201
1993-01-27,1350.0,1350.0,1350.0,1350.0,2000.0,1350.0,1393.0,1421.0,1453.0,1475.3333333333333,1710.925,False,False,False,False,False,False,False,False,False,True,False,0.0888888888888888,0.1074074074074074,,,-0.0762962962962962,-0.0928395061728394,0.1259259259259259,0.5925925925925926,-0.0036150022593765,0.4912033779028853,1420.0,1555.0,2.0,-0.0027529249827942,-0.0022038515442218,-0.0009585412057971
1993-01-28,1325.0,1325.0,1300.0,1305.0,11000.0,1305.0,1379.0,1409.0,1448.2,1469.4666666666667,1704.8,False,False,False,False,False,False,False,False,False,True,False,0.1302681992337164,0.1685823754789272,,,-0.1097318007662835,-0.1260280970625798,0.1494252873563218,0.9157088122605364,-0.0039923781870972,0.5390347764371894,1445.0,1500.0,5.5,-0.0033144593288219,-0.0005615343460277,-0.0003773759277207
1993-01-29,1395.0,1395.0,1395.0,1395.0,2000.0,1395.0,1377.0,1406.0,1445.2,1465.1333333333334,1698.775,False,False,False,False,False,False,False,False,False,False,False,0.057347670250896,0.1469534050179211,,,-0.0359856630824373,-0.0502747909199522,0.1111111111111111,0.8566308243727598,-0.002957637530145,0.5807254623044097,1445.0,1480.0,0.1818181818181818,-0.0020758372543592,0.0012386220744626,0.0010347406569521
1993-02-01,1350.0,1375.0,1350.0,1375.0,3000.0,1375.0,1366.0,1396.0,1441.4,1461.4,1692.65,False,False,False,False,False,False,False,False,False,True,False,0.0727272727272727,0.2763636363636363,,,-0.0482909090909091,-0.0628363636363637,0.1781818181818182,1.0654545454545454,-0.0025546279823,0.6450573065902578,1375.0,1480.0,1.5,-0.0026363257943665,-0.0005604885400072,0.000403009547845
1993-02-02,1400.0,1420.0,1400.0,1420.0,7000.0,1420.0,1369.0,1393.0,1439.4,1458.3333333333333,1686.725,False,False,False,False,False,False,False,False,False,False,False,0.056338028169014,0.176056338028169,,,-0.0136619718309859,-0.0269953051643191,0.1197183098591549,0.971830985915493,-0.0021028571428572,0.697056712132089,1225.0,1435.0,2.333333333333333,-0.0013894678338196,0.0012468579605469,0.0004517708394428
1993-02-03,1410.0,1470.0,1410.0,1470.0,12000.0,1470.0,1393.0,1393.0,1436.4,1455.9333333333334,1681.075,False,False,False,False,True,False,False,False,False,True,False,0.0170068027210884,0.2551020408163265,,,0.0228571428571427,0.0095691609977323,0.0578231292517006,0.891156462585034,-0.001648427125784,0.7422828427853554,1300.0,1535.0,1.7142857142857142,-0.0020885547201336,-0.000699086886314,0.0004544300170732
1993-02-04,1475.0,1495.0,1470.0,1475.0,10000.0,1475.0,1427.0,1403.0,1433.4,1453.9333333333334,1675.7,False,False,False,False,False,False,False,False,False,True,True,0.0338983050847457,0.1728813559322033,,,0.0282033898305084,0.0142824858757061,0.047457627118644,0.8745762711864407,-0.0013755788894493,0.7719173200285103,1300.0,1490.0,0.8333333333333334,-0.0020929259104227,-4.37119028910346e-06,0.0002728482363347
1993-02-05,1490.0,1490.0,1465.0,1475.0,4000.0,1475.0,1443.0,1410.0,1432.4,1453.2666666666669,1670.325,False,False,False,False,False,False,False,False,False,False,False,0.0847457627118644,0.1864406779661017,,,0.0288813559322033,0.014734463276836,0.0610169491525423,0.9423728813559322,-0.0004587366392952,0.8138297872340425,1300.0,1490.0,0.4,-0.0006981290142418,0.0013947968961809,0.000916842250154
1993-02-08,1475.0,1475.0,1475.0,1475.0,3000.0,1475.0,1463.0,1414.5,1430.4,1452.4,1665.2,False,False,False,False,False,False,False,False,False,True,False,0.1898305084745762,0.1525423728813559,,,0.0302372881355931,0.015322033898305,0.0508474576271186,0.9491525423728814,-0.0005967134857248,0.8600212089077413,1325.0,1495.0,0.75,-0.0013982102908277,-0.0007000812765859,-0.0001379768464295
1993-02-09,1495.0,1500.0,1495.0,1500.0,4000.0,1500.0,1479.0,1424.0,1433.2,1451.8666666666666,1660.45,False,False,False,False,False,False,True,False,True,False,False,0.1133333333333333,0.1,,,0.0445333333333333,0.0320888888888889,0.0833333333333333,0.8533333333333334,-0.0003673431903757,0.8922050561797753,1345.0,1495.0,1.3333333333333333,0.0019536701088473,0.003351880399675,0.0002293702953491
1993-02-10,1500.0,1500.0,1475.0,1495.0,9000.0,1495.0,1484.0,1438.5,1434.0,1451.1333333333334,1655.675,False,False,False,False,False,False,True,False,False,True,False,0.2341137123745819,0.0702341137123745,,,0.0408026755852842,0.0293422519509475,0.1170568561872909,0.8595317725752508,-0.0005053521385582,0.9169273548835593,1385.0,1500.0,2.25,0.0005578800557879,-0.0013957900530593,-0.0001380089481824
1993-02-12,1495.0,1530.0,1495.0,1525.0,8000.0,1525.0,1494.0,1460.5,1435.0,1450.8,1651.05,False,False,False,False,False,False,True,False,False,False,False,0.1344262295081967,0.0196721311475409,,,0.0590163934426229,0.048655737704918,0.0688524590163934,0.9508196721311476,-0.0002297582942745,0.920575145498117,1445.0,1500.0,0.8888888888888888,0.0006968641114982,0.0001389840557102,0.0002755938442836
1993-02-15,1530.0,1600.0,1525.0,1600.0,39000.0,1600.0,1519.0,1481.0,1439.2,1450.8,1646.55,False,False,False,False,False,False,True,False,True,False,False,0.09375,-0.03125,,,0.1004999999999999,0.09325,0.0375,0.86875,0.0,0.9209993247805536,1500.0,1500.0,4.875,0.0029182879377432,0.0022214238262449,0.0002297582942745
1993-02-16,1650.0,1765.0,1650.0,1755.0,122000.0,1755.0,1575.0,1519.0,1452.4,1453.3333333333333,1642.825,False,False,False,False,False,False,True,True,False,False,False,-0.0313390313390313,-0.1367521367521367,,,0.1724216524216523,0.1718898385565052,-0.0598290598290598,0.6609686609686609,0.001743119266055,0.8778801843317973,1495.0,1490.0,3.128205128205128,0.009088405397962,0.0061701174602188,0.001743119266055
1993-02-17,1655.0,1675.0,1650.0,1670.0,35000.0,1670.0,1609.0,1544.0,1462.8,1454.8666666666666,1638.8,True,True,False,False,False,False,True,True,False,True,False,-0.0119760479041916,-0.0718562874251497,,,0.1240718562874251,0.1288223552894212,-0.0359281437125748,0.6916167664670658,0.0010539339229253,0.8490932642487047,1425.0,1500.0,0.2868852459016393,0.0071096527208093,-0.0019787526771527,-0.0006891853431296
1993-02-18,1670.0,1850.0,1670.0,1845.0,117000.0,1845.0,1679.0,1581.5,1479.6,1458.7333333333331,1635.725,False,False,False,False,False,False,True,True,False,False,False,-0.1327913279132791,-0.1761517615176151,,,0.1980487804878049,0.2093586269196026,-0.1219512195121951,0.4905149051490515,0.0026507015218682,0.8033512488144167,1450.0,1490.0,3.342857142857143,0.0113544201135441,0.0042447673927348,0.0015967675989428
1993-02-19,1825.0,1825.0,1725.0,1730.0,27000.0,1730.0,1720.0,1607.0,1491.8,1461.8,1632.375,False,False,False,False,False,False,True,True,False,True,False,-0.1011560693641618,-0.1329479768786127,,,0.1376878612716763,0.155028901734104,-0.0578034682080924,0.5867052023121387,0.0020978702056826,0.7734909769757312,1425.0,1450.0,0.2307692307692307,0.0081780399517361,-0.0031763801618079,-0.0005528313161856
1993-02-22,1755.0,1755.0,1750.0,1750.0,3000.0,1750.0,1750.0,1634.5,1504.8,1465.4,1629.525,False,False,False,False,False,False,True,True,False,False,False,-0.1142857142857142,-0.1142857142857142,,,0.1401142857142857,0.1626285714285713,0.0,0.5571428571428572,0.0024566671216051,0.7350871826246559,1470.0,1450.0,0.1111111111111111,0.0086390217969165,0.0004609818451803,0.0003587969159225
1993-02-23,1700.0,1700.0,1700.0,1700.0,15000.0,1700.0,1739.0,1657.0,1513.8,1468.3333333333333,1626.225,False,False,False,False,False,False,True,True,False,True,False,-0.1088235294117647,-0.0470588235294117,,,0.1095294117647059,0.1362745098039216,0.038235294117647,0.5,0.0019977298524402,0.6919130959565479,1470.0,1445.0,5.0,0.0059453032104637,-0.0026937185864528,-0.0004589372691648
1993-02-24,1675.0,1700.0,1650.0,1650.0,25000.0,1650.0,1735.0,1672.0,1521.8,1471.2,1622.775,False,False,False,False,False,False,True,True,False,True,False,-0.0606060606060606,-0.0363636363636363,,,0.0776969696969697,0.1083636363636363,0.0606060606060606,0.5454545454545454,0.0019485227478703,0.6629784688995215,1470.0,1395.0,1.6666666666666667,0.0052569325798396,-0.000688370630624,-4.92071045699934e-05
1993-02-25,1600.0,1600.0,1600.0,1600.0,1000.0,1600.0,1686.0,1682.5,1527.0,1472.0666666666666,1618.95,False,False,False,False,False,False,True,True,False,True,False,-0.05,-0.028125,,,0.045625,0.0799583333333333,0.046875,0.65625,0.0005887414519269,0.6448736998514116,1545.0,1420.0,0.04,0.0034053700065488,-0.0018515625732908,-0.0013597812959433
1993-02-26,1575.0,1575.0,1555.0,1555.0,7000.0,1555.0,1651.0,1685.5,1534.2,1472.9333333333334,1614.975,False,False,False,False,False,False,True,True,False,False,False,-0.0353697749196141,-0.0064308681672025,,,0.0133762057877813,0.052775991425509,0.1254019292604501,0.7363344051446945,0.0005883950393772,0.6256303767428063,1550.0,1445.0,7.0,0.0046929996089167,0.0012876296023679,-3.46412549635214e-07
1993-03-01,1555.0,1555.0,1550.0,1550.0,9000.0,1550.0,1611.0,1680.5,1540.0,1473.7333333333331,1611.225,False,False,False,False,False,False,True,True,False,True,False,0.0,0.0096774193548387,,,0.0064516129032258,0.0492043010752689,0.1548387096774193,0.6129032258064516,0.000542839048222,0.6013091341862541,1500.0,1445.0,1.2857142857142858,0.0037662337662337,-0.0009267658426829,-4.555599115527176e-05
1993-03-02,1550.0,1550.0,1510.0,1515.0,10000.0,1515.0,1574.0,1656.5,1543.4,1474.0,1607.55,False,False,False,False,False,False,True,True,False,True,False,0.0693069306930693,0.0231023102310231,,,-0.0187458745874588,0.027062706270627,0.1815181518151815,0.6864686468646864,0.0001809136137495,0.6027769393299125,1525.0,1375.0,1.1111111111111112,0.0022029285991966,-0.001563305167037,-0.0003619254344724
1993-03-03,1550.0,1550.0,1550.0,1550.0,1000.0,1550.0,1554.0,1644.5,1549.2,1474.7333333333331,1604.3,False,False,False,False,False,False,True,True,False,False,False,0.0258064516129032,0.0483870967741935,,,0.000516129032258,0.0485591397849463,0.1451612903225806,0.7258064516129032,0.0004972650422673,0.6053511705685619,1430.0,1225.0,0.1,0.0037438678027368,0.0015409392035402,0.0003163514285178
1993-03-04,1525.0,1525.0,1505.0,1520.0,4000.0,1520.0,1538.0,1612.0,1556.0,1475.0,1601.4,False,False,False,False,False,False,True,True,False,False,False,0.0230263157894736,0.0986842105263157,,,-0.0236842105263157,0.0296052631578947,0.1611842105263158,0.7796052631578947,0.0001807909604521,0.6349255583126551,1475.0,1300.0,4.0,0.004370179948586,0.0006263121458492,-0.0003164740818152
1993-03-05,1525.0,1525.0,1480.0,1500.0,16000.0,1500.0,1527.0,1589.0,1563.8,1475.0,1598.4,False,False,False,False,False,False,True,False,False,False,False,0.03,0.0866666666666666,,,-0.0425333333333333,0.0166666666666666,0.2066666666666666,0.8333333333333334,0.0,0.658904971680302,1500.0,1300.0,4.0,0.0049878501087095,0.0006176701601234,-0.0001807909604521
1993-03-08,1475.0,1550.0,1475.0,1550.0,210000.0,1550.0,1527.0,1569.0,1570.0,1475.6666666666667,1595.75,False,False,False,False,False,False,True,True,False,True,False,0.0096774193548387,0.0709677419354838,,,-0.0129032258064516,0.0479569892473117,0.1741935483870967,0.6935483870967742,0.0004517732098487,0.6736775015933716,1495.0,1300.0,13.125,0.0039490445859872,-0.0010388055227222,0.0004517732098487
1993-03-09,1645.0,1645.0,1620.0,1620.0,209000.0,1620.0,1548.0,1561.0,1579.8,1477.4,1593.225,False,False,False,True,True,False,True,True,False,False,False,-0.0432098765432098,0.0185185185185185,,,0.0248148148148148,0.0880246913580246,0.1574074074074074,0.6388888888888888,0.0011732322548621,0.6889814221652787,1425.0,1325.0,0.9952380952380953,0.0062033168755538,0.0022542722895665,0.0007214590450134
1993-03-10,1620.0,1620.0,1590.0,1590.0,18000.0,1590.0,1556.0,1555.0,1586.6,1478.6,1590.675,False,False,False,False,False,False,True,True,False,True,False,0.0220125786163522,0.0125786163522012,,,0.0021383647798742,0.070062893081761,0.2515723270440251,0.6635220125786163,0.0008115785202217,0.7016077170418007,1410.0,1345.0,0.0861244019138756,0.0042858943653094,-0.0019174225102444,-0.0003616537346404
1993-03-11,1560.0,1560.0,1555.0,1555.0,2000.0,1555.0,1563.0,1550.5,1590.0,1479.4666666666667,1588.2,False,False,False,False,False,False,True,True,False,True,False,0.0739549839228295,0.0418006430868167,,,-0.022508038585209,0.0485744908896034,0.2540192926045016,0.707395498392283,0.0005857966834896,0.7068687520154788,1425.0,1385.0,0.1111111111111111,0.0021383647798742,-0.0021475295854351,-0.000225781836732
1993-03-12,1555.0,1565.0,1545.0,1545.0,13000.0,1545.0,1572.0,1549.5,1592.8,1480.7333333333331,1585.675,False,False,False,False,False,False,True,True,False,True,False,0.0550161812297734,0.0550161812297734,,,-0.0309385113268608,0.0415965480043151,0.2944983818770226,0.7119741100323624,0.0008554319931563,0.7044207808970636,1425.0,1445.0,6.5,0.0017579105976895,-0.0003804541821846,0.0002696353096667
1993-03-15,1545.0,1565.0,1545.0,1565.0,14000.0,1565.0,1575.0,1551.0,1596.4,1482.2666666666669,1583.8,False,False,False,False,False,False,True,True,False,False,False,0.060702875399361,0.1182108626198083,,,-0.0200638977635783,0.0528647497337591,0.2364217252396166,0.7092651757188498,0.0010344517405777,0.7140554480980013,1425.0,1500.0,1.0769230769230769,0.0022550739163117,0.0004971633186222,0.0001790197474213
1993-03-16,1575.0,1575.0,1550.0,1550.0,12000.0,1550.0,1561.0,1554.5,1599.4,1483.6666666666667,1582.1,False,False,False,False,False,False,True,True,False,True,True,0.064516129032258,0.1387096774193548,,,-0.0318709677419355,0.0427956989247311,0.2419354838709677,0.6774193548387096,0.0009436081779374,0.7130910260533934,1475.0,1495.0,0.8571428571428571,0.0018757033887707,-0.0003793705275409,-9.084356264033e-05
1993-03-17,1565.0,1625.0,1565.0,1625.0,16000.0,1625.0,1568.0,1562.0,1604.4,1486.7333333333331,1580.975,False,False,False,True,True,False,True,True,False,False,False,-0.0092307692307692,0.0769230769230769,,,0.012676923076923,0.0850871794871796,0.1846153846153846,0.6,0.0020626877718486,0.7000640204865557,1450.0,1425.0,1.3333333333333333,0.0031164298180004,0.0012407264292297,0.0011190795939111
1993-03-18,1655.0,1685.0,1650.0,1670.0,28000.0,1670.0,1591.0,1577.0,1611.4,1490.0666666666666,1580.325,False,False,False,False,False,False,True,True,False,False,False,-0.029940119760479,0.0029940119760479,,,0.0350898203592813,0.1077445109780439,0.1467065868263473,0.5089820359281437,0.0022370363742115,0.6721623335447051,1470.0,1450.0,1.75,0.0043440486533449,0.0012276188353444,0.0001743486023629
1993-03-19,1670.0,1680.0,1630.0,1630.0,30000.0,1630.0,1608.0,1590.0,1615.6,1492.5333333333333,1579.725,False,False,False,False,False,False,True,True,False,True,False,0.0,0.0736196319018405,,,0.0088343558282209,0.0843353783231084,0.1349693251533742,0.7484662576687117,0.0016526710737895,0.6647798742138364,1375.0,1425.0,1.0714285714285714,0.0025996533795492,-0.0017443952737956,-0.0005843653004219
1993-03-22,1605.0,1660.0,1605.0,1660.0,13000.0,1660.0,1627.0,1601.0,1618.0,1495.4,1578.775,False,False,False,False,False,False,True,True,False,True,False,0.0542168674698795,0.0783132530120482,,,0.0253012048192771,0.099156626506024,0.1144578313253012,0.8253012048192772,0.0019169898800767,0.6786383510306059,1405.0,1470.0,0.4333333333333333,0.0014833127317676,-0.0011163406477816,0.0002643188062872
1993-03-23,1660.0,1660.0,1650.0,1650.0,5000.0,1650.0,1647.0,1604.0,1613.8,1499.0666666666666,1578.075,False,False,False,False,False,False,False,True,False,True,False,0.0696969696969697,0.0848484848484848,,,0.0219393939393939,0.0914747474747475,0.1515151515151515,0.7272727272727273,0.0024459663790802,0.6876558603491272,1430.0,1470.0,0.3846153846153846,-0.0026025529805428,-0.0040858657123105,0.0005289764990034
1993-03-24,1645.0,1650.0,1610.0,1610.0,13000.0,1610.0,1644.0,1606.0,1611.4,1504.2,1577.15,False,False,False,False,False,True,False,True,False,False,False,0.0869565217391304,0.1024844720496894,,,-0.0008695652173913,0.0657142857142856,0.2111801242236025,0.7670807453416149,0.0034126667553074,0.6980074719800747,1405.0,1470.0,2.6,-0.0014893881097181,0.0011131648708246,0.0009667003762272
1993-03-25,1615.0,1620.0,1615.0,1620.0,3000.0,1620.0,1634.0,1612.5,1602.4,1508.4666666666667,1576.25,False,False,False,False,False,False,False,True,False,True,False,0.0339506172839506,0.0895061728395061,,,0.0108641975308641,0.0688477366255143,0.2191358024691358,0.7283950617283951,0.0028284792504529,0.7001550387596899,1350.0,1545.0,0.2307692307692307,-0.005616575137294,-0.0041271870275758,-0.0005841875048544
1993-03-26,1640.0,1640.0,1605.0,1630.0,11000.0,1630.0,1634.0,1621.0,1598.4,1512.8666666666666,1575.4,False,False,False,False,False,False,False,True,False,False,False,0.0736196319018405,0.1104294478527607,,,0.0193865030674846,0.0718609406952965,0.2300613496932515,0.6809815950920245,0.0029083858458554,0.6971005552128315,1305.0,1550.0,3.6666666666666665,-0.0025025025025025,0.0031140726347915,7.99065954024715e-05
1993-03-29,1650.0,1750.0,1650.0,1750.0,25000.0,1750.0,1652.0,1639.5,1598.4,1518.8666666666666,1574.4,False,False,False,False,False,False,False,True,False,False,False,0.0228571428571428,0.04,,,0.0866285714285713,0.1320761904761905,0.1714285714285714,0.5428571428571428,0.0039503138304876,0.6794754498322659,1395.0,1500.0,2.272727272727273,0.0,0.0025025025025025,0.0010419279846321
1993-03-30,1795.0,1795.0,1760.0,1765.0,18000.0,1765.0,1675.0,1661.0,1601.0,1524.7333333333331,1573.725,False,False,False,False,False,False,True,True,True,False,False,0.0141643059490084,0.0623229461756373,,,0.0929178470254957,0.1361284230406044,0.1898016997167138,0.5155807365439093,0.0038476673516679,0.6622516556291391,1375.0,1525.0,0.72,0.001623985009369,0.001623985009369,-0.0001026464788196
1993-03-31,1775.0,1780.0,1750.0,1750.0,14000.0,1750.0,1703.0,1673.5,1605.0,1530.1333333333334,1573.225,False,False,False,False,False,False,True,True,False,False,False,0.0142857142857142,0.1371428571428571,,,0.0828571428571428,0.1256380952380952,0.2142857142857142,0.5142857142857142,0.0035291042174975,0.6528234239617567,1420.0,1430.0,0.7777777777777778,0.0024922118380062,0.0008682268286371,-0.0003185631341703
1993-04-01,1655.0,1675.0,1655.0,1675.0,5000.0,1675.0,1714.0,1674.0,1608.0,1534.0,1572.35,False,False,False,False,False,False,True,True,False,True,False,0.053731343283582,0.1641791044776119,,,0.04,0.0841791044776119,0.2835820895522388,0.5373134328358209,0.0025206431986092,0.6556152927120669,1470.0,1475.0,0.3571428571428571,0.001865671641791,-0.0006265401962151,-0.0010084610188883
1993-04-02,1680.0,1750.0,1680.0,1750.0,13000.0,1750.0,1738.0,1686.0,1615.8,1538.0666666666666,1571.975,False,False,False,False,False,False,True,True,False,False,True,0.0342857142857142,0.1428571428571428,,,0.0766857142857143,0.1211047619047619,0.2428571428571428,0.5142857142857142,0.0026440119630704,0.6319691577698695,1475.0,1500.0,2.6,0.0048273301151132,0.0029616584733221,0.0001233687644612
1993-04-05,1750.0,1790.0,1735.0,1790.0,33000.0,1790.0,1746.0,1699.0,1625.4,1541.9333333333334,1571.8,False,False,False,False,False,False,True,True,False,False,False,0.0167597765363128,0.0810055865921787,,,0.0919553072625697,0.138584729981378,0.2011173184357542,0.5083798882681564,0.0025076743482209,0.600058858151854,1475.0,1495.0,2.5384615384615383,0.005906238464378,0.0010789083492648,-0.0001363376148495
1993-04-06,1800.0,1825.0,1790.0,1790.0,20000.0,1790.0,1751.0,1713.0,1636.4,1545.8666666666666,1571.75,False,False,False,False,False,False,True,True,False,False,False,0.047486033519553,0.0754189944134078,,,0.0858100558659217,0.1363873370577281,0.1955307262569832,0.5642458100558659,0.0025444195273416,0.5840630472854641,1475.0,1425.0,0.6060606060606061,0.0067220728428257,0.0008158343784476,3.674517912069389e-05
1993-04-07,1790.0,1795.0,1765.0,1775.0,18000.0,1775.0,1756.0,1729.5,1645.4,1550.5333333333333,1571.5,False,False,False,False,False,False,True,True,False,True,False,0.1211267605633802,0.0845070422535211,,,0.0730140845070422,0.1264600938967136,0.2084507042253521,0.5633802816901409,0.0030097170865939,0.5649031511997687,1500.0,1410.0,0.9,0.0054697945788258,-0.0012522782639998,0.0004652975592522
1993-04-08,1800.0,1800.0,1765.0,1765.0,27000.0,1765.0,1774.0,1744.0,1655.2,1554.7333333333331,1571.2,False,False,False,False,False,False,True,True,False,False,False,0.1048158640226629,0.0849858356940509,,,0.0622096317280453,0.1191312559017942,0.2181303116147308,0.5014164305949008,0.0027014278976029,0.5432912844036697,1495.0,1425.0,1.5,0.0059207346544223,0.0004509400755965,-0.000308289188991
1993-04-09,1740.0,1810.0,1740.0,1810.0,33000.0,1810.0,1786.0,1762.0,1667.6,1559.8666666666666,1571.325,False,False,False,False,False,False,True,True,False,False,False,0.1049723756906077,0.0220994475138121,,,0.0786740331491713,0.138195211786372,0.3812154696132597,0.4226519337016574,0.0032908795623558,0.518161180476731,1525.0,1425.0,1.2222222222222223,0.007435835931878,0.0015151012774556,0.0005894516647529
1993-04-12,1835.0,1900.0,1810.0,1820.0,68000.0,1820.0,1792.0,1769.0,1678.4,1564.5333333333333,1571.375,False,False,False,False,False,False,True,True,False,True,False,0.0631868131868131,0.0164835164835164,,,0.0778021978021977,0.1403663003663003,0.4230769230769231,0.445054945054945,0.0029827850690302,0.5081967213114754,1600.0,1425.0,2.060606060606061,0.0064346997140134,-0.0010011362178646,-0.0003080944933256
1993-04-13,1825.0,1875.0,1820.0,1875.0,103000.0,1875.0,1809.0,1780.0,1688.6,1569.9333333333334,1571.5,False,False,False,False,False,False,True,True,False,True,False,0.0266666666666666,0.0133333333333333,,,0.0994133333333333,0.1627022222222222,0.5146666666666667,0.4026666666666667,0.0034396365026116,0.4963483146067415,1755.0,1475.0,1.5147058823529411,0.0060405069288166,-0.0003941927851967,0.0004568514335814
1993-04-14,1900.0,1995.0,1900.0,1990.0,133000.0,1990.0,1852.0,1804.0,1704.6,1576.8666666666666,1572.325,False,False,False,False,False,False,True,True,False,False,False,-0.0326633165829145,-0.0201005025125628,,,0.1434170854271357,0.207604690117253,0.4070351758793969,0.3417085427135678,0.0043969052551472,0.477549889135255,1670.0,1450.0,1.2912621359223302,0.0093863663029449,0.0033458593741283,0.0009572687525355
1993-04-15,1990.0,1990.0,1915.0,1950.0,78000.0,1950.0,1889.0,1831.5,1720.4,1582.2666666666669,1572.325,False,False,False,False,False,False,True,True,False,True,False,-0.0179487179487179,0.0128205128205128,,,0.1177435897435897,0.1885811965811964,0.4256410256410256,0.4076923076923077,0.0034128254824304,0.4646464646464646,1845.0,1470.0,0.5864661654135338,0.0091839107184376,-0.0002024555845072,-0.0009840797727167
1993-04-16,1960.0,2015.0,1960.0,2000.0,66000.0,2000.0,1927.0,1856.5,1738.6,1588.2666666666669,1572.075,False,False,False,False,False,False,True,True,False,False,False,-0.075,0.0025,,,0.1307,0.2058666666666665,0.3825,0.345,0.0037777031564808,0.447077834635066,1730.0,1375.0,0.8461538461538461,0.0104681927988035,0.0012842820803658,0.0003648776740503
1993-04-19,2000.0,2000.0,1935.0,1935.0,28000.0,1935.0,1950.0,1871.0,1753.4,1594.0666666666666,1571.55,False,False,False,False,False,False,True,True,False,True,False,-0.0439276485788113,0.0594315245478036,,,0.0938501291989663,0.1761929371231697,0.4806201550387597,0.3875968992248062,0.0036384927439252,0.4350614644575094,1750.0,1405.0,0.4242424242424242,0.0084407436979583,-0.0020274491008451,-0.0001392104125556
1993-04-20,1925.0,1950.0,1925.0,1925.0,10000.0,1925.0,1960.0,1884.5,1768.4,1599.4,1570.6,False,False,False,False,False,False,True,True,False,False,False,-0.0129870129870129,0.0909090909090909,,,0.0813506493506493,0.1691428571428571,0.4935064935064935,0.3948051948051948,0.0033345838022592,0.4186786946139559,1700.0,1430.0,0.3571428571428571,0.0084822438362361,4.15001382777884e-05,-0.0003039089416659
1993-04-21,1930.0,1935.0,1910.0,1925.0,12000.0,1925.0,1947.0,1899.5,1780.4,1606.0,1569.85,False,False,False,False,False,False,True,True,False,True,False,0.0129870129870129,0.1038961038961039,,,0.075116883116883,0.1657142857142857,0.4441558441558441,0.4077922077922078,0.0041095890410958,0.4040536983416689,1650.0,1405.0,1.2,0.0067400584138395,-0.0017421854223965,0.0007750052388365
1993-04-22,1910.0,1915.0,1875.0,1915.0,12000.0,1915.0,1940.0,1914.5,1790.2,1611.8666666666666,1569.125,False,False,False,False,False,False,True,True,False,True,False,0.031331592689295,0.1227154046997389,,,0.0651697127937336,0.1582941688424717,0.4516971279373368,0.3733681462140992,0.0036396724294812,0.3920083572734395,1600.0,1350.0,1.0,0.0054742486872974,-0.0012658097265421,-0.0004699166116145
1993-04-23,1850.0,1895.0,1850.0,1850.0,20000.0,1850.0,1910.0,1918.5,1799.0,1616.5333333333333,1568.125,False,False,False,False,False,False,True,True,False,True,False,0.0837837837837837,0.1756756756756756,,,0.0275675675675675,0.1261981981981982,0.6081081081081081,0.4351351351351351,0.0028868360277136,0.3932759968725567,1555.0,1305.0,1.6666666666666667,0.0048916064480266,-0.0005826422392708,-0.0007528364017676
1993-04-26,1850.0,1875.0,1850.0,1850.0,12000.0,1850.0,1893.0,1921.5,1806.6,1621.2666666666669,1567.625,False,False,False,False,False,False,True,True,False,True,False,0.1081081081081081,0.1621621621621621,,,0.0234594594594595,0.1236396396396395,0.6162162162162163,0.4216216216216216,0.0029195279411161,0.3911007025761124,1550.0,1395.0,0.6,0.0042067972987932,-0.0006848091492333,3.269191340247611e-05
1993-04-27,1875.0,1900.0,1870.0,1900.0,20000.0,1900.0,1888.0,1924.0,1816.6,1627.6,1567.3,False,False,False,False,False,False,True,True,False,False,False,0.1052631578947368,0.1263157894736842,,,0.0438947368421053,0.1433684210526316,0.5342105263157895,0.3736842105263158,0.0038912099614973,0.3882536382536382,1515.0,1375.0,1.6666666666666667,0.0055047891665749,0.0012979918677816,0.0009716820203811
1993-04-28,1955.0,1990.0,1950.0,1950.0,22000.0,1950.0,1893.0,1920.0,1830.2,1634.8,1567.05,False,False,False,False,False,False,True,True,False,False,False,0.0897435897435897,0.1,,,0.0614358974358974,0.1616410256410256,0.4487179487179487,0.358974358974359,0.0044042084658674,0.3901041666666666,1550.0,1420.0,1.1,0.0074308818708338,0.0019260927042589,0.00051299850437
1993-04-30,1975.0,1975.0,1955.0,1975.0,22000.0,1975.0,1905.0,1922.5,1844.4,1642.1333333333334,1567.05,False,False,False,False,False,False,True,True,False,False,False,0.0886075949367088,0.0886075949367088,,,0.0661265822784809,0.1685400843881856,0.3924050632911392,0.3316455696202531,0.0044657356284508,0.3823146944083225,1520.0,1470.0,1.0,0.0076989806983301,0.0002680988274962,6.152716258347578e-05
1993-05-06,2000.0,2040.0,2000.0,2005.0,36000.0,2005.0,1936.0,1923.0,1859.4,1649.8666666666666,1567.2,False,False,False,False,False,False,True,True,False,False,False,0.084788029925187,0.2468827930174563,,,0.0726184538653366,0.1771238570241064,0.3690773067331671,0.3017456359102244,0.0046872474543396,0.3777951118044722,1500.0,1475.0,1.6363636363636365,0.0080671184252984,0.0003681377269683,0.0002215118258887
1993-05-07,2010.0,2050.0,2005.0,2050.0,39000.0,2050.0,1976.0,1934.5,1871.4,1658.2,1567.675,False,False,False,False,False,False,True,True,False,True,True,0.048780487804878,0.2634146341463415,,,0.0871219512195121,0.1911219512195121,0.3292682926829268,0.275609756097561,0.0050255296908295,0.3659860429051434,1550.0,1475.0,1.0833333333333333,0.0064123116383456,-0.0016548067869528,0.0003382822364898
1993-05-10,2095.0,2125.0,2075.0,2100.0,69000.0,2100.0,2016.0,1952.0,1884.8,1666.5333333333333,1568.425,False,False,False,False,False,False,True,True,False,False,False,0.019047619047619,0.3523809523809524,,,0.1024761904761905,0.2064126984126984,0.2142857142857142,0.25,0.0050004000320025,0.3506659836065574,1620.0,1475.0,1.7692307692307692,0.0071095076400678,0.0006971960017222,-2.512965882698996e-05
1993-05-11,2150.0,2215.0,2125.0,2125.0,145000.0,2125.0,2051.0,1972.0,1899.8,1675.5333333333333,1569.3,False,False,False,False,False,False,True,True,False,False,False,0.0094117647058823,0.3176470588235294,,,0.1059764705882353,0.2115137254901961,0.2,0.2305882352941176,0.0053714240241913,0.3321501014198783,1590.0,1500.0,2.101449275362319,0.0078955679545215,0.0007860603144536,0.0003710239921887
1993-05-12,2175.0,2200.0,2150.0,2150.0,67000.0,2150.0,2086.0,1995.5,1918.8,1684.6,1570.55,False,False,False,False,False,False,True,True,False,False,False,0.0,0.2930232558139535,,,0.1075348837209302,0.2164651162790698,0.2325581395348837,0.2162790697674418,0.0053820887253155,0.3157103482836382,1555.0,1495.0,0.4620689655172413,0.009902022097144,0.0020064541426225,1.0664701124265924e-05
1993-05-13,2130.0,2175.0,2130.0,2175.0,46000.0,2175.0,2120.0,2028.0,1935.8,1695.2666666666669,1571.825,False,False,False,False,False,False,True,True,False,True,False,0.1494252873563218,0.271264367816092,,,0.1099770114942528,0.220567049808429,0.2413793103448276,0.2229885057471264,0.0062920287860318,0.2948717948717949,1545.0,1525.0,0.6865671641791045,0.0087818989565037,-0.0011201231406402,0.0009099400607163
1993-05-14,2170.0,2175.0,2130.0,2150.0,28000.0,2150.0,2140.0,2058.0,1950.2,1705.2,1573.125,False,False,False,False,False,False,True,True,False,True,False,0.2046511627906976,0.3325581395348837,,,0.0929302325581395,0.2068837209302325,0.1627906976744186,0.313953488372093,0.0058253186332003,0.2854713313896987,1565.0,1600.0,0.6086956521739131,0.0073838580658394,-0.0013980408906643,-0.0004667101528315
1993-05-17,2155.0,2175.0,2125.0,2140.0,49000.0,2140.0,2148.0,2082.0,1964.2,1714.6666666666667,1574.575,False,False,False,False,False,False,True,True,False,True,False,0.3271028037383177,0.3434579439252336,,,0.0821495327102803,0.1987538940809968,0.1939252336448598,0.3177570093457944,0.0055209953343701,0.2807396733909702,1550.0,1755.0,1.75,0.007127583749109,-0.0002562743167303,-0.0003043232988301
1993-05-18,2140.0,2145.0,2100.0,2145.0,57000.0,2145.0,2152.0,2101.5,1979.0,1724.5333333333333,1576.05,False,False,False,False,False,False,True,True,False,False,False,0.3053613053613053,0.296037296037296,,,0.0773892773892774,0.196021756021756,0.247086247086247,0.2843822843822843,0.005721354569352,0.2738520104687128,1625.0,1670.0,1.163265306122449,0.0074785245073269,0.0003509407582178,0.0002003592349818
1993-05-19,2135.0,2155.0,2105.0,2150.0,32000.0,2150.0,2152.0,2119.0,1994.4,1735.2,1577.55,False,False,False,False,False,False,True,True,False,False,False,0.2930232558139535,0.2930232558139535,,,0.0723720930232557,0.1929302325581395,0.2581395348837209,0.2790697674418604,0.0061472260642385,0.2689948088721094,1670.0,1845.0,0.5614035087719298,0.007721620537505,0.0002430960301781,0.0004258714948865
1993-05-20,2300.0,2545.0,2270.0,2500.0,373000.0,2500.0,2217.0,2168.5,2022.0,1751.1333333333334,1580.925,False,False,False,False,False,False,True,True,False,False,False,0.106,0.19,,,0.1912,0.2995466666666666,0.1,0.078,0.009098869303689,0.2439474290984551,1630.0,1730.0,11.65625,0.0136498516320474,0.0059282310945423,0.0029516432394505
1993-05-21,2600.0,2680.0,2550.0,2590.0,648000.0,2590.0,2305.0,2222.5,2052.8,1767.0666666666666,1585.225,False,False,False,False,False,False,True,True,False,False,False,0.1061776061776061,0.1544401544401544,,,0.2074131274131273,0.3177348777348777,0.0135135135135135,0.0598455598455598,0.0090168263789329,0.2195725534308211,1660.0,1750.0,1.737265415549598,0.0150038971161341,0.0013540454840867,-8.204292475609554e-05
1993-05-24,2745.0,2845.0,2725.0,2840.0,311000.0,2840.0,2445.0,2296.5,2091.4,1786.6,1591.075,False,False,False,False,False,False,True,True,False,False,False,0.0123239436619718,0.0264084507042253,,,0.2635915492957746,0.3709154929577465,-0.0651408450704225,-0.0440140845070422,0.0109332437777528,0.1841933376877857,1650.0,1700.0,0.4799382716049383,0.0184565362914793,0.0034526391753451,0.0019164173988199
1993-05-25,2925.0,3050.0,2800.0,2800.0,286000.0,2800.0,2576.0,2364.0,2123.8,1805.0,1596.775,False,False,False,False,False,False,True,True,False,True,False,-0.0071428571428571,0.0089285714285714,,,0.2414999999999999,0.3553571428571428,-0.0553571428571428,-0.0446428571428571,0.0101939058171745,0.1529187817258883,1610.0,1650.0,0.919614147909968,0.0152556737922592,-0.0032008624992201,-0.0007393379605783
1993-05-26,2800.0,2840.0,2640.0,2780.0,101000.0,2780.0,2702.0,2427.0,2157.0,1822.4666666666667,1602.425,False,False,False,False,False,False,True,True,False,False,False,0.0,-0.0107913669064748,,,0.2241007194244604,0.3444364508393285,-0.0449640287769784,-0.0377697841726618,0.0095840801843655,0.1254635352286773,1620.0,1600.0,0.3531468531468531,0.0153917477978673,0.0001360740056081,-0.000609825632809
1993-05-27,2775.0,2805.0,2750.0,2765.0,60000.0,2765.0,2755.0,2486.0,2187.6,1839.6666666666667,1608.0,False,False,False,False,False,False,True,True,False,True,False,0.0759493670886076,-0.0072332730560578,,,0.2088245931283906,0.3346594333936106,-0.0433996383363472,-0.050632911392405,0.0093495198405508,0.0973451327433628,1630.0,1555.0,0.594059405940594,0.0139879319802522,-0.001403815817615,-0.0002345603438146
1993-05-28,2755.0,2905.0,2755.0,2865.0,102000.0,2865.0,2810.0,2557.5,2224.8,1858.2,1614.7,False,False,False,False,False,False,True,True,False,False,False,0.0436300174520069,-0.0488656195462478,,,0.2234554973821989,0.351413612565445,-0.0663176265270506,-0.0837696335078534,0.0099738097800738,0.0588465298142717,1750.0,1550.0,1.7,0.0167206040992449,0.0027326721189927,0.000624289939523
1993-05-31,2915.0,2915.0,2875.0,2875.0,80000.0,2875.0,2817.0,2631.0,2262.8,1876.8666666666663,1621.45,False,False,False,False,False,False,True,True,False,False,False,0.0139130434782608,-0.1130434782608695,,,0.2129391304347825,0.347176811594203,-0.0956521739130434,-0.088695652173913,0.0099456541043581,0.0216647662485746,1765.0,1515.0,0.7843137254901961,0.0167933533675092,7.274926826428274e-05,-2.815567571576132e-05
1993-06-01,2875.0,2875.0,2745.0,2780.0,44000.0,2780.0,2813.0,2694.5,2297.0,1893.9333333333327,1627.6,False,False,False,False,False,False,True,True,False,True,False,0.0161870503597122,-0.0827338129496402,,,0.1737410071942446,0.3187290167865708,-0.0647482014388489,-0.0737410071942446,0.0090112288359323,-0.0090925960289478,1750.0,1550.0,0.55,0.0148889856334348,-0.0019043677340744,-0.0009344252684257
1993-06-02,2785.0,2835.0,2780.0,2780.0,21000.0,2780.0,2813.0,2757.5,2331.6,1911.0666666666664,1633.75,False,False,False,False,False,False,True,True,False,True,False,-0.0107913669064748,-0.0467625899280575,,,0.161294964028777,0.3125659472422063,-0.0935251798561151,-0.0647482014388489,0.0089653247749947,-0.0371713508612874,1675.0,1520.0,0.4772727272727273,0.0148395951278091,-4.939050562564537e-05,-4.590406093765882e-05
1993-06-03,2980.0,2980.0,2900.0,2975.0,123000.0,2975.0,2855.0,2805.0,2376.6,1930.4,1640.875,False,False,False,False,False,False,True,True,False,False,False,-0.0773109243697479,-0.0924369747899159,,,0.2011428571428571,0.351126050420168,-0.042016806722689,-0.1428571428571428,0.0100151954689876,-0.0586452762923351,1750.0,1500.0,5.857142857142857,0.018934612471598,0.0040950173437888,0.0010498706939929
1993-06-04,2995.0,3000.0,2905.0,2990.0,70000.0,2990.0,2880.0,2845.0,2422.2,1948.9333333333327,1647.825,False,False,False,False,False,False,True,True,False,True,False,-0.088628762541806,-0.1638795986622073,,,0.1898996655518395,0.3481828316610926,0.0133779264214046,-0.1622073578595317,0.0095094752685228,-0.0803163444639718,1790.0,1550.0,0.5691056910569106,0.0188258607877136,-0.0001087516838844,-0.0005057202004648
1993-06-07,2990.0,2990.0,2915.0,2915.0,36000.0,2915.0,2888.0,2852.5,2462.8,1964.4,1654.15,False,False,False,False,False,False,True,True,False,True,False,-0.1252144082332761,-0.1234991423670669,,,0.1551286449399656,0.3261063464837049,-0.0222984562607204,-0.144082332761578,0.007873481300482,-0.0904469763365468,1790.0,1620.0,0.5142857142857142,0.0164853012830925,-0.002340559504621,-0.0016359939680407
1993-06-08,2905.0,2915.0,2825.0,2825.0,55000.0,2825.0,2897.0,2855.0,2497.8,1979.8,1659.65,False,False,False,False,False,False,True,True,False,True,False,-0.0973451327433628,-0.0530973451327433,,,0.1158230088495574,0.2991858407079646,0.0070796460176991,-0.1168141592920354,0.0077785634912616,-0.0975481611208406,1775.0,1590.0,1.5277777777777777,0.014012330851149,-0.0024729704319435,-9.491780922036684e-05
1993-06-10,2795.0,2795.0,2710.0,2750.0,31000.0,2750.0,2891.0,2852.0,2528.8,1991.8666666666663,1664.8,False,False,False,False,False,False,True,True,False,True,False,-0.0363636363636363,-0.0163636363636363,,,0.0804363636363635,0.2756848484848486,0.0181818181818181,-0.1036363636363636,0.006057969074235,-0.1039621318373071,1765.0,1555.0,0.5636363636363636,0.012258778867447,-0.001753551983702,-0.0017205944170265
1993-06-11,2745.0,2750.0,2690.0,2745.0,44000.0,2745.0,2845.0,2850.0,2558.4,2005.4,1670.65,False,False,False,False,False,False,True,True,False,True,False,-0.0163934426229508,0.0018214936247723,,,0.0679781420765027,0.2694353369763205,-0.0018214936247723,-0.1074681238615664,0.0067484458628372,-0.1094736842105263,1810.0,1545.0,1.4193548387096775,0.0115697310819261,-0.0006890477855208,0.0006904767886021
1993-06-14,2750.0,2750.0,2725.0,2725.0,27000.0,2725.0,2792.0,2836.0,2585.4,2018.4,1675.775,False,False,False,False,False,False,True,True,False,True,False,-0.0825688073394495,-0.036697247706422,,,0.0512293577981651,0.2593027522935779,-0.0091743119266055,-0.1009174311926605,0.006440745144669,-0.1112482369534555,1820.0,1565.0,0.6136363636363636,0.0104432582965885,-0.0011264727853376,-0.0003077007181681
1993-06-15,2750.0,2750.0,2550.0,2550.0,39000.0,2550.0,2719.0,2803.5,2603.4,2029.733333333333,1680.025,False,False,False,False,False,False,True,True,False,True,False,0.0019607843137254,0.0411764705882352,,,-0.0209411764705882,0.2040261437908497,0.0490196078431372,-0.0588235294117647,0.0055836563095314,-0.108792580702693,1875.0,1550.0,1.4444444444444444,0.0069140354920488,-0.0035292228045396,-0.0008570888351375
1993-06-16,2500.0,2550.0,2500.0,2550.0,46000.0,2550.0,2664.0,2780.5,2620.4,2041.733333333333,1684.275,False,False,False,False,False,False,True,True,False,True,False,0.0490196078431372,0.0372549019607843,,,-0.0276078431372549,0.1993202614379085,0.0392156862745098,-0.0549019607843137,0.0058773591066414,-0.1073547923035425,1990.0,1625.0,1.1794871794871795,0.0064875591512746,-0.0004264763407742,0.0002937027971099
1993-06-17,2650.0,2650.0,2555.0,2650.0,28000.0,2650.0,2644.0,2767.5,2640.4,2055.733333333333,1689.025,False,False,False,False,False,False,True,True,False,False,False,0.020754716981132,0.0018867924528301,,,0.0036226415094339,0.2242515723270441,-0.0283018867924528,-0.0943396226415094,0.0068102218186535,-0.1103884372177055,1950.0,1670.0,0.6086956521739131,0.0075746099075897,0.0010870507563151,0.0009328627120121
1993-06-18,2655.0,2720.0,2650.0,2700.0,43000.0,2700.0,2635.0,2740.0,2661.4,2071.0,1694.525,False,False,False,False,False,False,True,True,False,False,False,0.0185185185185185,-0.0203703703703703,,,0.0142962962962962,0.2329629629629629,-0.0185185185185185,-0.1185185185185185,0.007371640109448,-0.1076642335766423,2000.0,1630.0,1.5357142857142858,0.0078905839032088,0.000315973995619,0.0005614182907945
1993-06-21,2700.0,2700.0,2500.0,2500.0,48000.0,2500.0,2590.0,2691.0,2675.4,2083.6666666666665,1699.025,False,False,False,False,False,False,True,True,False,True,False,0.05,0.07,,,-0.07016,0.1665333333333334,0.08,-0.048,0.006079027355623,-0.0960609438870308,1935.0,1660.0,1.1162790697674418,0.0052328623757195,-0.0026577215274893,-0.001292612753825
1993-06-22,2450.0,2575.0,2450.0,2555.0,24000.0,2555.0,2591.0,2655.0,2692.0,2097.5333333333333,1703.825,False,False,False,False,False,False,True,True,False,False,False,0.0391389432485322,0.0176125244618395,,,-0.0536203522504892,0.179047619047619,0.0958904109589041,-0.0508806262230919,0.0066109398340908,-0.0864406779661016,1925.0,1650.0,0.5,0.0061664190193164,0.0009335566435969,0.0005319124784678
1993-06-23,2605.0,2675.0,2605.0,2675.0,12000.0,2675.0,2616.0,2640.0,2713.2,2112.5333333333333,1709.7,False,False,False,False,False,False,True,True,False,False,False,-0.011214953271028,-0.02803738317757,,,-0.0142803738317756,0.2102679127725857,0.0373831775700934,-0.1121495327102803,0.0071004796768492,-0.0857954545454545,1925.0,1610.0,0.5,0.0078136517765,0.0016472327571835,0.0004895398427583
1993-06-24,2725.0,2745.0,2705.0,2705.0,15000.0,2705.0,2627.0,2635.5,2735.4,2128.333333333333,1715.85,False,False,False,False,False,False,True,True,False,False,False,-0.0184842883548983,-0.0683918669131238,,,-0.0112384473197782,0.2131854590264942,-0.0203327171903881,-0.1497227356746765,0.0074236491777602,-0.0904951622083096,1915.0,1620.0,1.25,0.0081158148716824,0.0003021630951824,0.0003231695009109
1993-06-25,2750.0,2750.0,2725.0,2750.0,51000.0,2750.0,2637.0,2636.0,2745.4,2145.0,1722.225,False,False,False,True,True,False,True,True,False,True,False,-0.0381818181818181,0.0363636363636363,,,0.0016727272727272,0.22,-0.0636363636363636,-0.1563636363636363,0.0077700077700079,-0.0955993930197268,1850.0,1630.0,3.4,0.0036424564726451,-0.0044733583990373,0.0003463585922476
1993-06-28,2750.0,2750.0,2625.0,2625.0,38000.0,2625.0,2662.0,2626.0,2746.8,2159.333333333333,1728.375,False,False,False,False,False,False,True,True,False,True,False,0.019047619047619,0.1542857142857142,,,-0.0464,0.1773968253968255,0.0019047619047619,-0.1047619047619047,0.0066378511886383,-0.0959634424980959,1850.0,1750.0,0.7450980392156863,0.0005096839959225,-0.0031327724767225,-0.0011321565813695
1993-06-29,2725.0,2750.0,2655.0,2655.0,25000.0,2655.0,2682.0,2636.5,2739.4,2173.133333333333,1734.9,False,False,False,False,False,False,False,True,False,True,True,-0.0207156308851224,0.0734463276836158,,,-0.031789077212806,0.1814940364092906,-0.0094161958568738,-0.1242937853107344,0.006350277632911,-0.10240849611227,1900.0,1765.0,0.6578947368421053,-0.0027013214572534,-0.003211005453176,-0.0002875735557272
1993-07-01,2675.0,2700.0,2645.0,2645.0,12000.0,2645.0,2676.0,2646.0,2733.2,2187.2,1741.425,False,False,False,False,False,False,False,True,False,False,False,-0.0170132325141776,0.0756143667296786,,,-0.0333459357277882,0.1730812854442344,0.0094517958412098,-0.1190926275992438,0.0064313582053157,-0.1086545729402872,1950.0,1750.0,0.48,-0.0022684033367482,0.0004329181205052,8.108057240466173e-05
1993-07-02,2645.0,2675.0,2645.0,2655.0,10000.0,2655.0,2666.0,2646.5,2728.2,2201.866666666667,1748.2,False,False,False,False,False,False,False,True,False,False,False,-0.0508474576271186,0.0546139359698681,,,-0.0275706214689264,0.1706716886377902,0.0338983050847457,-0.1318267419962335,0.0066610148964516,-0.1124126204420933,1975.0,1675.0,0.8333333333333334,-0.0018327102118613,0.0004356931248869,0.0002296566911358
1993-07-05,2655.0,2675.0,2645.0,2645.0,8000.0,2645.0,2645.0,2641.0,2723.4,2216.5333333333333,1754.925,False,False,False,False,False,False,False,True,False,False,False,0.0775047258979206,0.0359168241965973,,,-0.029640831758034,0.1619911783238815,0.0170132325141776,-0.1209829867674858,0.0066169393647737,-0.1126467247254827,2005.0,1750.0,0.8,-0.0017625027539104,7.02074579508479e-05,-4.407553167788073e-05
1993-07-06,2675.0,2675.0,2675.0,2675.0,4000.0,2675.0,2655.0,2658.5,2715.8,2231.333333333333,1762.175,False,False,False,False,False,False,False,True,False,True,True,0.1327102803738317,0.0093457943925233,,,-0.0152523364485981,0.1658566978193147,0.0037383177570093,-0.1383177570093458,0.0066328054974602,-0.1213090088395711,2050.0,1790.0,0.5,-0.0027984387657411,-0.0010359360118307,1.5866132686538637e-05
1993-07-07,2645.0,2645.0,2600.0,2600.0,9000.0,2600.0,2644.0,2663.0,2704.8,2245.333333333333,1769.175,False,False,False,False,False,False,False,True,False,True,False,0.0961538461538461,0.0288461538461538,,,-0.0403076923076923,0.1364102564102565,0.0326923076923076,-0.1384615384615384,0.0062351543942992,-0.1297408937288772,2100.0,1790.0,2.25,-0.0040668441289559,-0.0012684053632147,-0.000397651103161
1993-07-08,2600.0,2600.0,2600.0,2600.0,6000.0,2600.0,2635.0,2655.5,2697.6,2258.333333333333,1777.0,False,False,False,False,False,False,False,True,False,False,False,0.0942307692307692,0.0192307692307692,,,-0.0375384615384615,0.1314102564102565,0.0423076923076923,-0.2211538461538461,0.0057564575645756,-0.1404631896064771,2125.0,1775.0,0.6666666666666666,-0.0026690391459075,0.0013978049830483,-0.0004786968297236
1993-07-12,2500.0,2550.0,2500.0,2520.0,19000.0,2520.0,2608.0,2637.0,2687.2,2269.6666666666665,1784.35,False,False,False,False,False,False,False,True,False,True,False,0.1111111111111111,0.0218253968253968,,,-0.0663492063492062,0.0993386243386243,0.0436507936507936,-0.1765873015873016,0.0049933911000147,-0.142965491088358,2150.0,1765.0,3.1666666666666665,-0.0038701994641262,-0.0012011603182186,-0.0007630664645608
1993-07-13,2575.0,2850.0,2575.0,2850.0,116000.0,2850.0,2649.0,2647.0,2682.2,2285.9333333333334,1793.35,False,False,False,False,True,False,False,True,False,False,True,-0.0385964912280701,-0.0701754385964912,,,0.0588771929824562,0.1979181286549707,-0.0684210526315789,-0.2719298245614035,0.0071159847181312,-0.1554590102002266,2175.0,1810.0,6.105263157894737,-0.0018641413764819,0.0020060580876442,0.0021225936181165
1993-07-14,2990.0,3050.0,2845.0,3030.0,390000.0,3030.0,2720.0,2687.5,2683.8,2304.2,1803.25,False,False,False,False,False,False,True,True,False,False,False,-0.1089108910891089,-0.1089108910891089,,,0.1142574257425741,0.2395379537953796,-0.132013201320132,-0.3201320132013201,0.0079275525851342,-0.1789767441860465,2150.0,1820.0,3.362068965517241,0.0005961696102542,0.0024603109867362,0.000811567867003
1993-07-15,3020.0,3020.0,2850.0,2850.0,135000.0,2850.0,2770.0,2707.0,2681.2,2320.2,1812.25,False,False,False,False,False,False,False,True,False,True,False,-0.0614035087719298,-0.0175438596491228,,,0.0592280701754386,0.1858947368421053,-0.0842105263157894,-0.2543859649122807,0.006895957245065,-0.1922792759512375,2140.0,1875.0,0.3461538461538461,-0.0009697150529614,-0.0015658846632157,-0.0010315953400692
1993-07-16,2925.0,2950.0,2840.0,2845.0,62000.0,2845.0,2819.0,2727.0,2682.0,2336.6666666666665,1820.725,False,False,False,False,False,False,True,True,False,False,False,-0.0685413005272407,-0.0246045694200351,,,0.0572934973637961,0.1786760398359695,-0.0685413005272407,-0.2864674868189806,0.0070470756062767,-0.2092042537587092,2145.0,1990.0,0.4592592592592592,0.0002982848620433,0.0012679999150048,0.0001511183612116
1993-07-19,2895.0,2915.0,2800.0,2800.0,23000.0,2800.0,2875.0,2741.5,2684.0,2352.4,1828.125,False,False,False,False,False,False,True,True,False,False,False,-0.0803571428571428,-0.0535714285714285,,,0.0414285714285714,0.1598571428571428,-0.0607142857142857,-0.2767857142857143,0.0066882049538061,-0.2236002188582892,2150.0,1950.0,0.3709677419354839,0.0007451564828614,0.000446871620818,-0.0003588706524706
1993-07-20,2800.0,2800.0,2740.0,2740.0,14000.0,2740.0,2853.0,2751.0,2683.8,2367.2,1834.95,False,False,False,False,False,False,False,True,False,True,False,-0.0328467153284671,-0.0602189781021897,,,0.0205109489051094,0.136058394160584,-0.0474452554744525,-0.2700729927007299,0.0062521122000674,-0.238095238095238,2500.0,2000.0,0.6086956521739131,-7.452120128169688e-05,-0.000819677684143,-0.0004360927537386
1993-07-21,2755.0,2795.0,2700.0,2700.0,20000.0,2700.0,2787.0,2753.5,2682.8,2379.866666666667,1841.4,False,False,False,False,False,False,False,True,False,True,False,0.0,-0.0259259259259259,,,0.0063703703703703,0.1185679012345678,-0.0314814814814814,-0.2962962962962963,0.0053224270267243,-0.2534955511167605,2590.0,1935.0,1.4285714285714286,-0.0003727448933949,-0.0002982236921132,-0.0009296851733431
1993-07-22,2710.0,2710.0,2650.0,2675.0,50000.0,2675.0,2752.0,2761.0,2687.8,2392.0,1847.825,False,False,False,False,False,False,True,True,True,False,True,0.0467289719626168,-0.016822429906542,,,-0.004785046728972,0.1057943925233644,-0.0186915887850467,-0.2841121495327103,0.0050724637681158,-0.2672944585295183,2840.0,1925.0,2.5,0.0018602574596324,0.0022330023530273,-0.0002499632586084
1993-07-23,2680.0,2680.0,2600.0,2650.0,22000.0,2650.0,2713.0,2766.0,2691.8,2404.0,1854.2,False,False,False,False,False,False,True,True,False,True,False,0.0471698113207547,0.0075471698113207,,,-0.0157735849056604,0.0928301886792452,-0.0132075471698113,-0.2679245283018868,0.0049916805324459,-0.2716919739696312,2800.0,1925.0,0.44,0.0014859945018203,-0.000374262957812,-8.078323566996799e-05
1993-07-26,2575.0,2575.0,2575.0,2575.0,6000.0,2575.0,2668.0,2771.5,2688.8,2416.0,1859.2,False,False,False,False,False,False,False,True,False,True,False,0.029126213592233,0.0660194174757281,,,-0.0441941747572816,0.0617475728155339,0.0155339805825242,-0.1786407766990291,0.0049668874172185,-0.27169402850442,2780.0,1915.0,0.2727272727272727,-0.0011157393632847,-0.002601733865105,-2.4793115227380105e-05
1993-07-27,2580.0,2650.0,2580.0,2650.0,47000.0,2650.0,2650.0,2751.5,2686.8,2428.0,1863.575,False,False,False,False,False,False,False,True,False,False,False,-0.0283018867924528,0.0150943396226415,,,-0.0138867924528302,0.0837735849056603,0.0037735849056603,-0.1849056603773584,0.0049423393739703,-0.263310921315646,2765.0,1850.0,7.833333333333333,-0.000744379931517,0.0003713594317676,-2.4548043248197662e-05
1993-07-28,2700.0,2750.0,2700.0,2700.0,19000.0,2700.0,2650.0,2718.5,2694.8,2440.133333333333,1867.825,False,False,False,True,True,False,True,True,True,False,False,-0.0259259259259259,-0.0055555555555555,,,0.0019259259259258,0.0962469135802469,0.0462962962962962,-0.2222222222222222,0.00497240587946,-0.2528968180982159,2865.0,1850.0,0.4042553191489361,0.0029686804215526,0.0037130603530696,3.0066505489743413e-05
1993-07-29,2750.0,2800.0,2750.0,2800.0,15000.0,2800.0,2675.0,2713.5,2704.6,2453.6,1874.3,False,False,False,False,False,False,True,True,False,False,False,-0.0607142857142857,-0.0410714285714285,,,0.0340714285714286,0.1237142857142857,0.0071428571428571,-0.1928571428571428,0.0054885338550157,-0.2465450525152017,2875.0,1900.0,0.7894736842105263,0.0036234563336536,0.000654775912101,0.0005161279755556
1993-07-30,2750.0,2800.0,2750.0,2775.0,9000.0,2775.0,2700.0,2706.5,2708.6,2466.9333333333334,1879.675,False,False,False,False,False,False,True,True,False,True,False,-0.0378378378378378,-0.0234234234234234,,,0.0239279279279279,0.111015015015015,-0.0072072072072072,-0.1315315315315315,0.0054048211004216,-0.2305560687234435,2780.0,1950.0,0.6,0.0014767776711216,-0.002146678662532,-8.371275459413425e-05
1993-08-02,2770.0,2770.0,2650.0,2650.0,9000.0,2650.0,2715.0,2691.5,2706.4,2478.733333333333,1884.175,False,False,False,False,False,False,False,True,False,True,False,0.0358490566037735,-0.0075471698113207,,,-0.0212830188679245,0.0646289308176101,0.0377358490566037,-0.2056603773584905,0.0047604959522335,-0.2232955600966004,2780.0,1975.0,1.0,-0.0008128879692579,-0.0022896656403796,-0.000644325148188
1993-08-03,2700.0,2700.0,2575.0,2575.0,25000.0,2575.0,2700.0,2675.0,2699.4,2488.9333333333334,1888.325,False,False,False,False,False,False,False,True,False,True,False,0.0446601941747572,0.0310679611650485,,,-0.0483106796116505,0.0334239482200647,0.0466019417475728,-0.2621359223300971,0.0040981411046232,-0.2222429906542056,2975.0,2005.0,2.7777777777777777,-0.0025931688523375,-0.0017802808830795,-0.0006623548476103
1993-08-04,2605.0,2650.0,2605.0,2630.0,6000.0,2630.0,2686.0,2668.0,2699.6,2499.733333333333,1892.875,False,False,False,False,False,False,True,True,False,False,False,0.0209125475285171,0.0,,,-0.0264638783269961,0.0495310519645121,0.0437262357414448,-0.2186311787072243,0.0043204608491571,-0.2143928035982009,2990.0,2050.0,0.24,7.408504963691588e-05,0.0026672539019744,0.0002223197445338
1993-08-05,2630.0,2650.0,2625.0,2630.0,14000.0,2630.0,2652.0,2663.5,2698.6,2509.8,1897.75,False,False,False,False,False,False,False,True,False,True,False,0.0209125475285171,-0.0076045627376425,,,-0.026083650190114,0.0457034220532318,0.0323193916349809,-0.2509505703422053,0.0040109437670997,-0.2110005631687629,2915.0,2100.0,2.333333333333333,-0.000370562513896,-0.000444647563533,-0.0003095170820573
1993-08-06,2650.0,2670.0,2635.0,2670.0,8000.0,2670.0,2631.0,2665.5,2699.6,2518.866666666667,1902.85,False,False,False,False,False,False,True,True,False,False,False,0.0149812734082397,-0.0074906367041198,,,-0.0110861423220973,0.0566042446941322,0.0018726591760299,-0.2771535580524344,0.003599502421724,-0.2119677358844494,2825.0,2125.0,0.5714285714285714,0.0003704252481849,0.000740987762081,-0.0004114413453757
1993-08-09,2650.0,2745.0,2650.0,2745.0,7000.0,2745.0,2650.0,2682.5,2703.2,2529.4666666666667,1908.325,False,False,False,True,True,False,True,True,True,False,True,-0.0418943533697632,-0.0418943533697632,,,0.0152276867030966,0.0785185185185185,-0.0255009107468123,-0.3078324225865209,0.0041906067155131,-0.2249767008387698,2750.0,2150.0,0.875,0.0013317549570878,0.0009613297089029,0.000591104293789
1993-08-10,2740.0,2740.0,2690.0,2690.0,4000.0,2690.0,2673.0,2686.5,2705.0,2538.6666666666665,1913.65,False,False,False,False,False,False,True,True,False,True,False,-0.0130111524163568,-0.0297397769516728,,,-0.0055762081784386,0.0562577447335812,-0.0241635687732342,-0.2379182156133829,0.0036239495798318,-0.2302252000744463,2745.0,2175.0,0.5714285714285714,0.0006654343807764,-0.0006663205763114,-0.0005666571356812
1993-08-11,2690.0,2690.0,2650.0,2685.0,9000.0,2685.0,2684.0,2685.0,2705.4,2548.6666666666665,1919.45,False,False,False,False,False,False,True,True,False,True,False,-0.0204841713221601,-0.0260707635009311,,,-0.0075977653631285,0.0507759155803849,-0.0223463687150838,-0.25512104283054,0.0039236201935652,-0.2335195530726257,2725.0,2150.0,2.25,0.0001478524432616,-0.0005175819375147,0.0002996706137334
1993-08-12,2705.0,2750.0,2685.0,2685.0,8000.0,2685.0,2695.0,2673.5,2708.8,2558.8,1925.175,False,False,False,False,False,False,True,True,True,False,False,-0.0279329608938547,-0.0223463687150838,,,-0.0088640595903166,0.0470018621973928,-0.0242085661080074,-0.2197392923649906,0.0039601896722423,-0.2363942397606134,2550.0,2140.0,0.8888888888888888,0.0012551683402244,0.0011073158969628,3.656947867706432e-05
1993-08-13,2740.0,2740.0,2710.0,2710.0,3000.0,2710.0,2703.0,2667.0,2713.2,2569.266666666667,1931.025,False,False,False,False,False,False,True,True,False,False,False,-0.022140221402214,-0.0350553505535055,,,-0.001180811808118,0.051931119311193,-0.0498154981549815,-0.2269372693726937,0.0040737953761125,-0.2463442069741282,2550.0,2145.0,0.375,0.0016217013121036,0.0003665329718791,0.0001136057038701
1993-08-16,2710.0,2710.0,2625.0,2630.0,14000.0,2630.0,2680.0,2665.0,2717.6,2578.8,1936.425,False,False,False,False,False,False,True,True,False,True,False,0.0,-0.0057034220532319,,,-0.0333079847908744,0.0194676806083649,-0.0114068441064638,-0.2281368821292775,0.0036968098857349,-0.24859287054409,2650.0,2150.0,4.666666666666667,0.0016190756549897,-2.625657113924495e-06,-0.0003769854903775
1993-08-17,2640.0,2700.0,2640.0,2655.0,12000.0,2655.0,2673.0,2673.0,2709.8,2589.5333333333333,1941.95,False,False,False,False,False,False,False,True,False,True,True,-0.0169491525423728,0.0018832391713747,,,-0.0206403013182674,0.0246578782172002,-0.03954802259887,-0.2184557438794727,0.0041448909713461,-0.2442947998503554,2700.0,2500.0,0.8571428571428571,-0.0028784412133735,-0.0044975168683633,0.0004480810856111
1993-08-18,2670.0,2670.0,2630.0,2630.0,17000.0,2630.0,2662.0,2673.0,2693.8,2599.9333333333334,1947.1,False,False,False,False,False,False,False,True,False,True,False,-0.0057034220532319,0.0741444866920152,,,-0.0242585551330799,0.0114321926489226,-0.0475285171102661,-0.2376425855513308,0.0040001025667325,-0.2461653572764683,2500.0,2590.0,1.4166666666666667,-0.0059395649268691,-0.0030611237134955,-0.0001447884046135
1993-08-19,2630.0,2630.0,2610.0,2610.0,31000.0,2610.0,2647.0,2671.0,2684.2,2609.4,1952.325,False,False,False,False,False,False,False,True,False,False,False,0.0057471264367816,0.0804597701149425,,,-0.0284291187739462,0.0002298850574712,-0.0440613026819923,-0.2126436781609195,0.0036279093533634,-0.2424185698240359,2555.0,2840.0,1.8235294117647056,-0.0035764846136652,0.0023630803132038,-0.000372193213369
1993-08-20,2620.0,2650.0,2620.0,2650.0,8000.0,2650.0,2635.0,2669.0,2676.4,2618.733333333333,1957.8,False,False,False,False,False,False,False,True,False,False,False,-0.0132075471698113,0.0396226415094339,,,-0.0099622641509434,0.0117987421383648,-0.0584905660377358,-0.2358490566037736,0.0035640640513224,-0.2382914949419258,2675.0,2800.0,0.2580645161290322,-0.0029143625765953,0.0006621220370699,-6.384530204108559e-05
1993-08-23,2625.0,2630.0,2625.0,2630.0,6000.0,2630.0,2635.0,2657.5,2669.6,2627.4666666666667,1963.175,False,False,False,False,False,False,False,True,False,False,False,-0.0057034220532319,0.0456273764258555,,,-0.0150570342205322,0.0009632446134347,-0.0627376425855513,-0.2547528517110266,0.0033238607530702,-0.2327375352775164,2705.0,2780.0,0.75,-0.0025471980821097,0.0003671644944855,-0.0002402032982521
1993-08-24,2635.0,2635.0,2610.0,2610.0,10000.0,2610.0,2626.0,2649.5,2664.4,2635.5333333333333,1968.725,False,False,False,False,False,False,False,True,False,False,False,0.0191570881226053,0.0325670498084291,,,-0.0208429118773946,-0.0097828863346104,-0.0613026819923371,-0.2375478927203065,0.0030607340702703,-0.2326854123419513,2750.0,2765.0,1.6666666666666667,-0.0019516589100734,0.0005955391720362,-0.0002631266827998
1993-08-25,2600.0,2615.0,2600.0,2615.0,12000.0,2615.0,2623.0,2642.5,2661.0,2643.0666666666666,1974.4,False,False,False,False,False,False,False,True,False,False,False,0.0803059273422562,0.0497131931166348,,,-0.0175908221797323,-0.0107329509241554,-0.0630975143403441,-0.2504780114722753,0.0028502244867073,-0.232166508987701,2625.0,2865.0,1.2,-0.0012777151446824,0.000673943765391,-0.000210509583563
1993-08-26,2615.0,2625.0,2615.0,2625.0,16000.0,2625.0,2626.0,2636.5,2659.0,2650.0666666666666,1980.125,False,False,False,False,False,False,False,True,False,False,False,0.0742857142857142,0.0342857142857142,,,-0.0129523809523809,-0.0095492063492063,-0.0857142857142857,-0.2304761904761904,0.0026414429825664,-0.2332637967001707,2655.0,2875.0,1.3333333333333333,-0.0007521624670928,0.0005255526775895,-0.0002087815041408
1993-08-27,2615.0,2625.0,2615.0,2615.0,19000.0,2615.0,2619.0,2627.0,2657.6,2656.6,1986.025,False,False,False,False,False,False,False,True,False,False,False,0.0535372848948374,0.022944550669216,,,-0.0162906309751433,-0.0159082217973231,-0.0783938814531548,-0.2198852772466539,0.0024592837963311,-0.2325846973734297,2645.0,2780.0,1.1875,-0.000526791089705,0.0002253713773878,-0.0001821591862353
1993-08-30,2630.0,2630.0,2615.0,2615.0,10000.0,2615.0,2616.0,2625.5,2659.2,2662.8,1991.425,False,False,False,False,False,False,True,True,False,False,False,0.0516252390057361,0.022944550669216,,,-0.0169024856596557,-0.0182791586998088,-0.0822179732313575,-0.1969407265774378,0.0023283761454109,-0.2294800990287564,2655.0,2780.0,0.5263157894736842,0.0006016847172081,0.0011284758069131,-0.0001309076509201
1993-08-31,2620.0,2660.0,2615.0,2660.0,23000.0,2660.0,2626.0,2626.0,2659.6,2669.266666666667,1997.275,False,False,False,True,True,False,True,True,False,True,False,0.0131578947368421,-0.0131578947368421,,,0.0001503759398496,-0.003483709273183,-0.1052631578947368,-0.1353383458646616,0.0024226379280201,-0.221058644325971,2645.0,2975.0,2.3,0.0001503985561738,-0.0004512861610342,9.426178260924348e-05
1993-09-01,2675.0,2835.0,2675.0,2825.0,89000.0,2825.0,2668.0,2645.5,2664.6,2678.266666666667,2003.95,False,False,False,False,False,False,True,True,True,False,True,-0.0283185840707964,-0.0707964601769911,,,0.0567787610619469,0.0519410029498524,-0.1575221238938053,-0.2035398230088495,0.0033603823368347,-0.2175392175392175,2675.0,2990.0,3.869565217391304,0.0018764542520453,0.0017260556958714,0.0009377444088145
1993-09-02,2825.0,2825.0,2780.0,2820.0,65000.0,2820.0,2707.0,2666.5,2665.4,2687.333333333333,2010.575,False,False,False,False,False,False,True,True,False,True,False,-0.0372340425531914,-0.0709219858156028,,,0.0548226950354609,0.0470449172576833,-0.1400709219858156,-0.202127659574468,0.0033738526420241,-0.2163885242827676,2600.0,2915.0,0.7303370786516854,0.0003001425677197,-0.0015763116843256,1.347030518935189e-05
1993-09-03,2820.0,2820.0,2750.0,2755.0,30000.0,2755.0,2735.0,2677.0,2664.6,2695.4666666666667,2016.875,False,False,False,False,False,False,False,True,False,True,False,-0.029038112522686,-0.0653357531760435,,,0.0328130671506352,0.0216091954022988,-0.1379310344827586,-0.1742286751361161,0.00301741195093,-0.2101232723197609,2600.0,2825.0,0.4615384615384615,-0.0003002326803273,-0.000600375248047,-0.000356440691094
1993-09-06,2750.0,2750.0,2725.0,2750.0,14000.0,2750.0,2762.0,2689.0,2668.6,2703.4666666666667,2023.125,False,False,False,False,False,False,True,True,True,False,False,-0.0272727272727272,-0.0545454545454545,,,0.0296,0.0169212121212121,-0.1636363636363636,-0.1654545454545454,0.0029591635431051,-0.2011900334696913,2520.0,2750.0,0.4666666666666667,0.0014989132878662,0.0017991459681936,-5.824840782493127e-05
1993-09-07,2675.0,2700.0,2675.0,2695.0,11000.0,2695.0,2769.0,2697.5,2673.4,2706.0666666666666,2029.1,False,False,False,False,False,False,True,True,False,False,False,-0.0259740259740259,-0.0538033395176252,,,0.0080148423005565,-0.0041063698206555,-0.1391465677179963,-0.1651205936920222,0.0009608041191396,-0.1940685820203892,2850.0,2745.0,0.7857142857142857,0.0017954664472208,0.0002965531593545,-0.0019983594239654
1993-09-08,2745.0,2745.0,2655.0,2745.0,28000.0,2745.0,2753.0,2710.5,2678.0,2708.133333333333,2035.325,False,False,False,False,False,False,True,True,False,True,False,-0.0437158469945355,-0.087431693989071,,,0.0244080145719489,0.0134304796599879,-0.1438979963570127,-0.1712204007285974,0.0007631332775343,-0.1863124884707618,3030.0,2725.0,2.5454545454545454,0.0017176997759521,-7.776667126866647e-05,-0.0001976708416053
1993-09-09,2720.0,2725.0,2700.0,2715.0,7000.0,2715.0,2732.0,2719.5,2681.4,2706.4666666666667,2041.45,False,False,False,False,False,False,True,False,False,True,False,-0.0349907918968692,-0.0810313075506445,,,0.0123756906077347,0.0031430325352977,-0.143646408839779,-0.1694290976058932,-0.0006158090499297,-0.1803640375068946,2850.0,2550.0,0.25,0.0012679943313194,-0.0004497054446326,-0.001378942327464
1993-09-10,2675.0,2675.0,2625.0,2675.0,15000.0,2675.0,2716.0,2725.5,2681.6,2704.8,2047.325,False,False,False,False,False,False,True,False,False,True,False,-0.0373831775700934,-0.0672897196261682,,,-0.0024672897196261,-0.0111401869158879,-0.1289719626168224,-0.1457943925233644,-0.0006161885043872,-0.173179233168226,2845.0,2550.0,2.142857142857143,7.458233890208014e-05,-0.0011934119924174,-3.794544574642865e-07
1993-09-13,2675.0,2680.0,2675.0,2675.0,13000.0,2675.0,2701.0,2731.5,2678.8,2703.4,2053.25,False,False,False,False,False,False,False,False,False,True,False,-0.02803738317757,-0.0785046728971962,,,-0.0014205607476636,-0.0106168224299065,-0.1383177570093458,-0.2149532710280373,-0.0005178663904712,-0.1749954237598389,2800.0,2650.0,0.8666666666666667,-0.0010452441391666,-0.0011198264780687,9.8322113915914e-05
1993-09-14,2680.0,2700.0,2625.0,2625.0,9000.0,2625.0,2687.0,2728.0,2676.2,2701.5333333333333,2059.125,False,False,False,False,False,False,False,False,False,False,False,-0.0285714285714285,-0.0666666666666666,,,-0.0195047619047618,-0.0291555555555555,-0.1142857142857142,-0.1714285714285714,-0.0006909656244602,-0.1785190615835777,2740.0,2700.0,0.6923076923076923,-0.0009715267917197,7.371734744695071e-05,-0.0001730992339889
1993-09-16,2630.0,2630.0,2625.0,2625.0,7000.0,2625.0,2663.0,2708.0,2673.8,2698.333333333333,2065.0,False,False,False,False,False,False,False,False,False,False,False,-0.0457142857142857,-0.0666666666666666,,,-0.0185904761904762,-0.0279365079365078,-0.1219047619047619,-0.1714285714285714,-0.0011859172328598,-0.1752215657311669,2700.0,2500.0,0.7777777777777778,-0.0008975989228811,7.392786883858192e-05,-0.0004949516083996
1993-09-17,2650.0,2650.0,2605.0,2620.0,16000.0,2620.0,2644.0,2688.0,2671.2,2694.9333333333334,2070.875,False,False,False,False,False,False,False,False,False,True,False,-0.0477099236641221,-0.0839694656488549,,,-0.0195419847328243,-0.0286005089058524,-0.1450381679389313,-0.1793893129770992,-0.0012616267563822,-0.1728050595238095,2675.0,2555.0,2.2857142857142856,-0.000973345312968,-7.574639008693423e-05,-7.570952352232096e-05
1993-09-20,2600.0,2620.0,2575.0,2575.0,11000.0,2575.0,2624.0,2670.0,2665.8,2692.2,2076.775,False,False,False,False,False,False,False,False,False,True,False,-0.0310679611650485,-0.0640776699029126,,,-0.0352621359223301,-0.045514563106796,-0.2135922330097087,-0.0893203883495145,-0.0010152787063864,-0.1646067415730337,2650.0,2675.0,0.6875,-0.00202565833896,-0.0010523130259919,0.0002463480499957
1993-09-21,2600.0,2600.0,2575.0,2600.0,16000.0,2600.0,2609.0,2655.0,2664.6,2689.8,2082.675,False,False,False,False,False,False,False,False,False,False,False,-0.0519230769230769,-0.0769230769230769,,,-0.0248461538461538,-0.0345384615384616,-0.2019230769230769,-0.1153846153846153,-0.0008922596475573,-0.15969868173258,2575.0,2705.0,1.4545454545454546,-0.0004503490204909,0.001575309318469,0.0001230190588291
1993-09-22,2575.0,2575.0,2475.0,2550.0,31000.0,2550.0,2594.0,2640.5,2660.4,2684.133333333333,2088.2,False,False,False,False,False,False,False,False,False,True,False,-0.0392156862745098,-0.0666666666666666,,,-0.0432941176470588,-0.0526013071895424,-0.1862745098039215,-0.1137254901960784,-0.0021111718245493,-0.1547055481916303,2650.0,2750.0,1.9375,-0.0015787099684257,-0.0011283609479347,-0.001218912176992
1993-09-24,2510.0,2525.0,2500.0,2505.0,18000.0,2505.0,2570.0,2616.5,2655.4,2677.6666666666665,2093.5,False,False,False,False,False,False,False,False,False,True,False,-0.0219560878243512,-0.0499001996007984,,,-0.0600399201596806,-0.0689288090485694,-0.1776447105788423,-0.1017964071856287,-0.0024150379683804,-0.1479075100324861,2700.0,2625.0,0.5806451612903226,-0.0018829554869322,-0.0003042455185065,-0.0003038661438311
1993-09-27,2500.0,2500.0,2475.0,2495.0,11000.0,2495.0,2545.0,2594.5,2650.8,2672.0666666666666,2099.1,False,False,False,False,False,False,False,False,False,False,False,-0.0380761523046092,-0.0280561122244488,,,-0.0624448897795591,-0.0709686038744154,-0.1482965931863727,-0.1222444889779559,-0.0020957560939097,-0.1431875120447099,2800.0,2655.0,0.6111111111111112,-0.0017353251848498,0.0001476303020824,0.0003192818744706
1993-09-28,2475.0,2495.0,2475.0,2495.0,6000.0,2495.0,2529.0,2576.5,2644.6,2667.6666666666665,2105.45,False,False,False,False,False,False,False,False,False,True,False,-0.034068136272545,-0.0480961923847695,,,-0.0599599198396793,-0.0692050768203072,-0.1863727454909819,-0.1222444889779559,-0.0016493814819443,-0.1408888026392392,2775.0,2645.0,0.5454545454545454,-0.0023443999092491,-0.0006090747243993,0.0004463746119654
1993-09-29,2500.0,2500.0,2465.0,2465.0,7000.0,2465.0,2502.0,2555.5,2638.0,2663.866666666667,2111.275,False,False,False,False,False,False,False,False,False,True,False,-0.0263691683569979,-0.0669371196754563,,,-0.070182555780933,-0.0806761325219743,-0.178498985801217,-0.0892494929006085,-0.0014264978227137,-0.1281549598904324,2650.0,2655.0,1.1666666666666667,-0.0025018953752842,-0.0001574954660351,0.0002228836592305
1993-09-30,2465.0,2465.0,2450.0,2450.0,6000.0,2450.0,2482.0,2538.0,2631.6,2659.9333333333334,2117.025,False,False,False,False,False,False,False,False,False,False,False,-0.0285714285714285,-0.0530612244897959,,,-0.0741224489795918,-0.085687074829932,-0.1836734693877551,-0.1020408163265306,-0.0014787338028522,-0.1211583924349881,2575.0,2645.0,0.8571428571428571,-0.0024319805441556,6.991483112859034e-05,-5.2235980138477626e-05
1993-10-01,2475.0,2500.0,2450.0,2450.0,10000.0,2450.0,2471.0,2520.5,2625.0,2656.266666666667,2122.775,False,False,False,False,False,False,False,False,False,True,False,-0.0285714285714285,-0.0408163265306122,,,-0.0714285714285714,-0.0841904761904762,-0.2244897959183673,-0.1020408163265306,-0.0013803834956329,-0.1140646697083911,2630.0,2675.0,1.6666666666666667,-0.0025142857142856,-8.230517012999816e-05,9.835030721931324e-05
1993-10-04,2445.0,2445.0,2400.0,2400.0,6000.0,2400.0,2452.0,2498.5,2616.0,2654.266666666667,2128.15,False,False,False,False,False,False,False,False,False,True,False,0.0104166666666666,-0.03125,,,-0.09,-0.1059444444444445,-0.2020833333333333,-0.0833333333333333,-0.0007535037926357,-0.1042625575345207,2630.0,2600.0,0.6,-0.003440366972477,-0.0009260812581913,0.0006268797029971
1993-10-05,2400.0,2410.0,2400.0,2410.0,7000.0,2410.0,2435.0,2482.0,2607.8,2652.4,2133.475,False,False,False,False,False,False,False,False,False,False,False,-0.0145228215767634,-0.0331950207468879,,,-0.0820746887966805,-0.1005809128630705,-0.1950207468879668,-0.1286307053941908,-0.0007037651435178,-0.1081788879935535,2670.0,2600.0,1.1666666666666667,-0.0031444129151007,0.0002959540573762,4.97386491178901e-05
1993-10-06,2380.0,2405.0,2375.0,2400.0,24000.0,2400.0,2422.0,2462.0,2599.2,2649.0666666666666,2138.55,False,False,False,False,False,False,False,False,False,True,False,-0.0416666666666666,-0.0395833333333333,,,-0.0829999999999999,-0.1037777777777777,-0.11875,-0.1041666666666666,-0.0012583048117576,-0.1070268074735987,2745.0,2520.0,3.4285714285714284,-0.0033087103724224,-0.0001642974573216,-0.0005545396682397
1993-10-07,2400.0,2400.0,2375.0,2380.0,17000.0,2380.0,2408.0,2445.0,2588.0,2644.8,2143.225,False,False,False,False,False,False,False,False,False,True,False,-0.0252100840336134,-0.0231092436974789,,,-0.0873949579831932,-0.1112605042016807,-0.0924369747899159,-0.0966386554621848,-0.0016132284734824,-0.1053169734151329,2690.0,2850.0,0.7083333333333334,-0.0043276661514682,-0.0010189557790458,-0.0003549236617248
1993-10-08,2380.0,2385.0,2380.0,2380.0,9000.0,2380.0,2394.0,2432.5,2570.2,2643.2,2147.625,False,False,False,False,False,False,False,False,False,True,False,-0.0126050420168067,-0.0315126050420168,,,-0.0799159663865545,-0.1105882352941175,-0.1176470588235294,-0.0966386554621848,-0.0006053268765134,-0.1048304213771839,2685.0,3030.0,0.5294117647058824,-0.006925531087075,-0.0025978649356067,0.001007901596969
1993-10-12,2425.0,2425.0,2405.0,2425.0,11000.0,2425.0,2399.0,2425.5,2554.4,2641.4666666666667,2152.275,False,False,False,False,False,False,False,False,False,False,False,-0.0412371134020618,-0.0762886597938144,,,-0.053360824742268,-0.0892646048109965,-0.068041237113402,-0.1030927835051546,-0.0006562011003986,-0.1028653885796743,2685.0,2850.0,1.2222222222222223,-0.0061854055746945,0.0007401255123804,-5.087422388523307e-05
1993-10-13,2400.0,2400.0,2375.0,2375.0,10000.0,2375.0,2392.0,2413.5,2539.2,2637.4666666666667,2157.025,False,False,False,False,False,False,False,False,False,False,False,-0.0189473684210526,-0.1473684210526315,,,-0.069136842105263,-0.1105122807017544,0.0147368421052631,-0.0736842105263157,-0.0015166068449522,-0.0979904702713901,2710.0,2845.0,0.9090909090909092,-0.0059861373660996,0.0001992682085948,-0.0008604057445535
1993-10-14,2325.0,2325.0,2300.0,2300.0,14000.0,2300.0,2372.0,2397.0,2521.2,2632.0666666666666,2161.275,False,False,False,False,False,False,False,False,False,True,False,0.0021739130434782,-0.0978260869565217,,,-0.0961739130434781,-0.1443768115942028,-0.0847826086956521,0.0217391304347826,-0.0020516197664699,-0.087400917813934,2630.0,2800.0,1.4,-0.0071394574012375,-0.0011533200351378,-0.0005350129215177
1993-10-15,2310.0,2320.0,2310.0,2320.0,7000.0,2320.0,2360.0,2384.0,2506.2,2626.333333333333,2165.75,False,False,False,False,False,False,False,False,False,False,False,0.0021551724137931,-0.105603448275862,,,-0.0802586206896551,-0.1320402298850573,-0.1810344827586207,0.0301724137931034,-0.0021830181495114,-0.0744546979865771,2655.0,2740.0,0.5,-0.0059851568111084,0.001154300590129,-0.0001313983830414
1993-10-18,2370.0,2370.0,2350.0,2350.0,8000.0,2350.0,2354.0,2374.0,2490.4,2622.6666666666665,2170.15,False,False,False,False,False,False,False,False,False,True,False,-0.0191489361702127,-0.1234042553191489,,,-0.0597446808510638,-0.1160283687943261,-0.125531914893617,0.0212765957446808,-0.0013980681240467,-0.0621314237573715,2630.0,2700.0,1.1428571428571428,-0.0063443623514293,-0.0003592055403209,0.0007849500254647
1993-10-19,2330.0,2330.0,2325.0,2325.0,9000.0,2325.0,2334.0,2366.5,2474.8,2618.266666666667,2174.425,False,False,False,False,False,False,False,False,False,False,False,-0.0365591397849462,-0.086021505376344,,,-0.0644301075268818,-0.1261362007168459,-0.1526881720430107,0.043010752688172,-0.0016805010948717,-0.0496513839002746,2610.0,2675.0,1.125,-0.0063035396799741,4.082267145527792e-05,-0.000282432970825
1993-10-20,2325.0,2330.0,2325.0,2330.0,4000.0,2330.0,2325.0,2358.5,2461.0,2614.0666666666666,2178.725,False,False,False,False,False,False,False,False,False,False,False,-0.130901287553648,-0.1287553648068669,,,-0.0562231759656652,-0.1219170243204577,-0.1716738197424892,0.0300429184549356,-0.001606691999694,-0.0337078651685393,2650.0,2650.0,0.4444444444444444,-0.005607476635514,0.00069606304446,7.380909517771856e-05
1993-10-21,2325.0,2325.0,2305.0,2305.0,5000.0,2305.0,2326.0,2349.0,2446.2,2609.4,2182.525,False,False,False,False,False,False,False,False,False,True,False,-0.0997830802603036,-0.1214750542299349,,,-0.0612581344902385,-0.132060737527115,-0.175704989154013,-0.0238611713665943,-0.0017884060192636,-0.0255427841634738,2630.0,2575.0,1.25,-0.006050200310686,-0.0004427236751719,-0.0001817140195695
1993-10-22,2305.0,2325.0,2300.0,2325.0,24000.0,2325.0,2327.0,2343.5,2434.2,2605.133333333333,2186.4,False,False,False,False,False,False,False,False,False,False,False,-0.1075268817204301,-0.1397849462365591,,,-0.0469677419354837,-0.1204874551971325,-0.1182795698924731,-0.0236559139784946,-0.0016377920515905,-0.0181352677618946,2610.0,2650.0,4.8,-0.004929751047572,0.0011204492631139,0.000150613967673
1993-10-25,2305.0,2305.0,2305.0,2305.0,1000.0,2305.0,2318.0,2336.0,2421.4,2600.2,2190.425,False,False,False,False,False,False,False,False,False,True,False,-0.106290672451193,-0.175704989154013,,,-0.0504989154013015,-0.1280694143167027,-0.1323210412147505,0.0065075921908893,-0.0018972899520549,-0.0077054794520547,2615.0,2700.0,0.0416666666666666,-0.0052861980672337,-0.0003564470196616,-0.0002594979004644
1993-10-26,2240.0,2240.0,2240.0,2240.0,8000.0,2240.0,2301.0,2317.5,2406.2,2595.4,2194.0,False,False,False,False,False,False,False,False,False,True,False,-0.0513392857142857,-0.1450892857142857,,,-0.0741964285714285,-0.1586607142857143,-0.0647321428571428,0.0111607142857142,-0.0018494259073744,0.0040992448759439,2625.0,2800.0,8.0,-0.0063170143795196,-0.0010308163122859,4.786404468051287e-05
1993-10-28,2100.0,2105.0,1985.0,2025.0,28000.0,2025.0,2240.0,2282.5,2384.2,2587.733333333333,2196.975,False,False,False,False,False,False,False,False,False,True,False,0.0024691358024691,-0.0419753086419753,,,-0.1773827160493826,-0.2778930041152262,0.0345679012345679,0.1481481481481481,-0.0029626957955483,0.024972617743702,2615.0,2775.0,3.5,-0.0092274138075664,-0.0029103994280467,-0.0011132698881738
1993-10-29,2075.0,2095.0,2060.0,2075.0,12000.0,2075.0,2194.0,2260.0,2363.2,2581.8,2199.975,False,False,False,False,False,False,False,False,False,False,False,-0.0240963855421686,0.0192771084337349,,,-0.1388915662650601,-0.2442409638554217,-0.0216867469879518,0.0987951807228915,-0.0022981382497997,0.0320796460176991,2615.0,2650.0,0.4285714285714285,-0.0088862559241706,0.0003411578833958,0.0006645575457486
1993-11-01,2075.0,2075.0,2075.0,2075.0,7000.0,2075.0,2144.0,2235.5,2344.2,2571.4666666666667,2202.85,False,False,False,False,False,False,False,False,False,False,False,-0.036144578313253,0.0409638554216867,,,-0.129734939759036,-0.2392610441767068,0.0,0.108433734939759,-0.0040184589857928,0.0393647953477969,2660.0,2575.0,0.5833333333333334,-0.0081051104854534,0.0007811454387171,-0.0017203207359931
1993-11-02,2050.0,2060.0,2025.0,2060.0,9000.0,2060.0,2095.0,2206.5,2326.4,2558.5333333333333,2205.675,False,False,False,False,False,False,False,False,False,False,False,-0.0776699029126213,0.0194174757281553,,,-0.1293203883495146,-0.2420064724919093,-0.0266990291262135,0.0970873786407767,-0.00505497941529,0.0466802628597326,2825.0,2630.0,1.2857142857142858,-0.0076513067400273,0.000453803745426,-0.0010365204294971
1993-11-04,2075.0,2150.0,2075.0,2125.0,46000.0,2125.0,2072.0,2186.5,2311.6,2548.866666666667,2209.175,False,False,False,False,False,False,False,False,False,False,False,-0.0988235294117647,0.0635294117647058,,,-0.0878117647058823,-0.1994666666666667,-0.0329411764705882,0.0823529411764705,-0.0037925352444222,0.0505373885204665,2820.0,2630.0,5.111111111111111,-0.0064024917805849,0.0012488149594424,0.0012624441708677
1993-11-05,2100.0,2100.0,2025.0,2030.0,27000.0,2030.0,2073.0,2156.5,2293.0,2538.0,2212.275,False,False,False,False,False,False,False,False,False,True,False,-0.0443349753694581,0.1871921182266009,,,-0.1295566502463054,-0.2502463054187192,-0.0024630541871921,0.1576354679802955,-0.0042815865510901,0.0628332946904706,2755.0,2670.0,0.5869565217391305,-0.0081116441343218,-0.0017091523537368,-0.0004890513066678
1993-11-08,2030.0,2030.0,1990.0,2025.0,26000.0,2025.0,2063.0,2128.5,2275.4,2527.6666666666665,2215.275,False,False,False,False,False,False,False,False,False,False,False,0.0444444444444444,0.0395061728395061,,,-0.1236543209876543,-0.248230452674897,-0.0320987654320987,0.1358024691358024,-0.0040880917842543,0.079163730326521,2750.0,2745.0,0.9629629629629628,-0.0077349037531862,0.0003767403811355,0.0001934947668358
1993-11-09,2025.0,2025.0,1975.0,2000.0,15000.0,2000.0,2048.0,2096.0,2257.4,2517.8,2218.15,False,False,False,False,False,False,False,False,False,True,False,0.08,-0.05,,,-0.1287,-0.2589000000000001,-0.005,0.1275,-0.0039187650594432,0.0951812977099236,2695.0,2690.0,0.5769230769230769,-0.007973775139541,-0.0002388713863548,0.000169326724811
1993-11-10,1995.0,1995.0,1900.0,1900.0,31000.0,1900.0,2016.0,2055.5,2235.4,2507.133333333333,2220.525,False,False,False,False,False,False,False,False,False,True,False,0.1052631578947368,0.081578947368421,,,-0.1765263157894737,-0.3195438596491227,0.031578947368421,0.2105263157894736,-0.004254527082724,0.1157869131598151,2745.0,2685.0,2.066666666666667,-0.009841639080254,-0.001867863940713,-0.0003357620232807
1993-11-11,1895.0,1915.0,1875.0,1915.0,14000.0,1915.0,1974.0,2023.0,2216.0,2497.0,2222.725,False,False,False,False,False,False,False,False,False,False,False,0.1801566579634465,0.0287206266318537,,,-0.1571801566579634,-0.3039164490861619,0.0548302872062663,0.1775456919060052,-0.0040582031771458,0.1332179930795847,2715.0,2685.0,0.4516129032258064,-0.0087545126353791,0.0010871264448749,0.0001963239055782
1993-11-12,1915.0,1940.0,1915.0,1940.0,5000.0,1940.0,1956.0,2014.5,2197.2,2487.5333333333333,2225.175,False,False,False,False,False,False,False,False,False,False,False,0.2422680412371134,-0.0051546391752577,,,-0.1325773195876287,-0.282233676975945,0.0515463917525773,0.1597938144329896,-0.003805644145472,0.1342764954082899,2675.0,2710.0,0.3571428571428571,-0.0085563444383761,0.0001981681970029,0.0002525590316737
1993-11-16,2065.0,2115.0,2000.0,2115.0,29000.0,2115.0,1974.0,2018.5,2185.8,2481.4,2228.4,False,False,False,False,False,False,False,False,False,False,False,-0.0047281323877068,-0.1016548463356974,,,-0.0334751773049646,-0.1732387706855792,-0.0070921985815602,0.0520094562647754,-0.0024717229520968,0.1293039385682437,2675.0,2630.0,5.8,-0.0052154817458137,0.0033408626925624,0.0013339211933752
1993-11-17,2125.0,2185.0,2125.0,2160.0,35000.0,2160.0,2006.0,2027.0,2177.0,2474.866666666667,2232.325,False,False,False,False,False,False,False,False,False,False,False,-0.1203703703703703,-0.0509259259259259,,,-0.0078703703703703,-0.1457716049382716,0.0648148148148148,0.0092592592592592,-0.0026398728551032,0.1186482486433152,2625.0,2655.0,1.206896551724138,-0.0040422599908131,0.0011732217550005,-0.0001681499030064
1993-11-18,2135.0,2135.0,2100.0,2100.0,17000.0,2100.0,2046.0,2031.0,2165.8,2466.866666666667,2235.8,False,False,False,False,False,False,False,False,False,True,False,-0.0214285714285714,-0.0476190476190476,,,-0.0313333333333334,-0.1746984126984127,0.0714285714285714,0.0380952380952381,-0.0032429802988946,0.1125061546036435,2625.0,2630.0,0.4857142857142857,-0.0051712992889462,-0.0011290392981331,-0.0006031074437913
1993-11-19,2100.0,2260.0,2095.0,2260.0,32000.0,2260.0,2115.0,2044.5,2159.2,2459.6666666666665,2239.95,False,False,False,False,True,False,False,False,False,False,False,-0.1283185840707964,-0.0730088495575221,,,0.0446017699115045,-0.0883480825958701,-0.0044247787610619,-0.0353982300884955,-0.0029272259113702,0.0992907801418439,2620.0,2610.0,1.8823529411764703,-0.0030566876620972,0.002114611626849,0.0003157543875244
1993-11-22,2285.0,2410.0,2270.0,2410.0,102000.0,2410.0,2209.0,2082.5,2160.6,2454.8,2244.975,False,False,False,False,False,False,True,False,False,False,False,-0.1991701244813278,-0.1307053941908713,,,0.1034854771784232,-0.0185892116182573,-0.0560165975103734,-0.0933609958506224,-0.0019825104557056,0.0713085234093637,2575.0,2650.0,3.1875,0.0006479681569934,0.0037046558190907,0.0009447154556645
1993-11-26,2195.0,2195.0,2105.0,2105.0,17000.0,2105.0,2207.0,2090.5,2152.8,2447.5333333333333,2248.75,False,False,False,False,False,False,False,False,False,True,False,-0.0973871733966745,-0.0356294536817102,,,-0.02270783847981,-0.1627236737925574,0.0902612826603325,0.0451306413301662,-0.0029689755672378,0.0624252571155226,2600.0,2630.0,0.1666666666666666,-0.0036231884057969,-0.0042711565627904,-0.0009864651115321
1993-11-30,1940.0,1940.0,1865.0,1900.0,36000.0,1900.0,2155.0,2080.5,2136.0,2438.5333333333333,2251.725,False,False,False,False,False,False,False,False,False,True,False,0.0789473684210526,0.0921052631578947,,,-0.1242105263157894,-0.283438596491228,0.1842105263157894,0.1578947368421052,-0.0036907430696046,0.0648882480173035,2550.0,2610.0,2.117647058823529,-0.0078651685393259,-0.0042419801335289,-0.0007217675023668
1993-12-03,2145.0,2145.0,2035.0,2055.0,29000.0,2055.0,2146.0,2096.0,2124.2,2430.866666666667,2255.025,False,False,False,False,False,False,False,False,False,False,True,-0.0267639902676399,-0.024330900243309,,,-0.0336739659367395,-0.1829034874290349,0.1070559610705596,0.1532846715328467,-0.0031538820173874,0.0603530534351145,2505.0,2615.0,0.8055555555555556,-0.0055550324828171,0.0023101360565087,0.0005368610522172
1993-12-06,1995.0,1995.0,1970.0,1970.0,6000.0,1970.0,2088.0,2101.5,2110.0,2422.0666666666666,2258.0,False,False,False,False,False,False,False,False,False,True,False,0.0634517766497461,0.0431472081218274,,,-0.0710659898477157,-0.2294754653130287,0.1446700507614213,0.1954314720812182,-0.0036332608516143,0.0623364263621222,2495.0,2625.0,0.2068965517241379,-0.0067298578199051,-0.0011748253370879,-0.0004793788342269
1993-12-07,1940.0,1940.0,1930.0,1930.0,3000.0,1930.0,1992.0,2100.5,2094.0,2412.2,2260.55,False,False,False,False,False,False,False,False,False,True,False,0.0854922279792746,0.0492227979274611,,,-0.0849740932642487,-0.2498445595854921,0.1839378238341968,0.1813471502590673,-0.0040903186579333,0.0642704118067126,2495.0,2615.0,0.5,-0.0076408787010506,-0.0009110208811454,-0.0004570578063189
1993-12-08,1905.0,1905.0,1900.0,1900.0,2000.0,1900.0,1951.0,2079.0,2077.8,2400.9333333333334,2262.7,False,False,False,False,False,False,False,False,False,True,False,0.0684210526315789,0.031578947368421,,,-0.0935789473684211,-0.2636491228070176,0.1052631578947368,0.2052631578947368,-0.0046926195368466,0.0784030784030784,2465.0,2615.0,0.6666666666666666,-0.0077967080565982,-0.0001558293555476,-0.0006023008789133
1993-12-13,2100.0,2100.0,2050.0,2050.0,8000.0,2050.0,1981.0,2068.0,2066.8,2392.4,2265.575,False,False,False,False,False,False,False,False,False,False,False,0.0121951219512195,-0.0292682926829268,,,-0.0081951219512196,-0.1670243902439024,0.0609756097560975,0.0975609756097561,-0.0035668505823998,0.0875241779497098,2450.0,2660.0,4.0,-0.0053222372750145,0.0024744707815837,0.0011257689544468
1993-12-14,2025.0,2025.0,2000.0,2000.0,14000.0,2000.0,1970.0,2058.0,2054.6,2383.266666666667,2268.2,False,False,False,False,False,False,False,False,False,True,False,0.0025,-0.02,,,-0.0272999999999999,-0.1916333333333334,0.0875,0.145,-0.003832275028672,0.0981535471331389,2450.0,2825.0,1.75,-0.0059378954541031,-0.0006156581790886,-0.0002654244462722
1993-12-15,2095.0,2095.0,2095.0,2095.0,8000.0,2095.0,1995.0,2041.5,2048.8,2375.4,2271.3,False,False,False,False,True,False,False,False,False,False,False,-0.0190930787589498,-0.035799522673031,,,0.022052505966587,-0.1338424821002387,0.026252983293556,0.0978520286396181,-0.0033117229378912,0.1129071760960078,2400.0,2820.0,0.5714285714285714,-0.0028309254197577,0.0031069700343453,0.0005205520907808
1993-12-16,2095.0,2100.0,2095.0,2095.0,8000.0,2095.0,2028.0,2010.0,2051.6,2367.2,2274.275,False,False,False,False,False,False,True,False,True,False,False,-0.0334128878281622,-0.026252983293556,,,0.0207159904534606,-0.1299284009546538,0.1193317422434367,0.1408114558472553,-0.0034640081108483,0.140547263681592,2410.0,2755.0,1.0,0.0013647884577889,0.0041957138775466,-0.0001522851729571
1993-12-17,2100.0,2105.0,2030.0,2030.0,12000.0,2030.0,2054.0,2002.5,2049.8,2359.2,2276.95,False,False,False,False,False,False,False,False,False,True,False,-0.0344827586206896,0.0344827586206896,,,-0.0097536945812808,-0.1621674876847289,0.1330049261083744,0.1798029556650246,-0.003390979993218,0.1545568039950062,2400.0,2750.0,1.5,-0.0008781344521415,-0.0022429229099304,7.302811763033488e-05
1993-12-20,2100.0,2100.0,2075.0,2075.0,3000.0,2075.0,2059.0,2020.0,2049.8,2351.4666666666667,2279.7,False,False,False,False,False,False,False,False,False,False,True,-0.0409638554216867,0.108433734939759,,,0.0121445783132529,-0.1332369477911646,0.0891566265060241,0.1566265060240964,-0.0032887276026308,0.1544554455445544,2380.0,2695.0,0.25,0.0,0.0008781344521415,0.0001022523905871
1993-12-21,2075.0,2075.0,2005.0,2005.0,5000.0,2005.0,2060.0,2015.0,2047.6,2343.133333333333,2281.725,False,False,False,False,False,False,False,False,False,True,False,-0.0224438902743142,0.1221945137157107,,,-0.0212468827930174,-0.1686450540315876,0.1221945137157107,0.1745635910224439,-0.0035564913079353,0.1565756823821339,2380.0,2745.0,1.6666666666666667,-0.0010744285993359,-0.0010744285993359,-0.0002677637053044
1993-12-22,2005.0,2055.0,1980.0,2055.0,11000.0,2055.0,2052.0,2023.5,2044.8,2335.733333333333,2283.225,False,False,False,False,False,False,False,False,False,True,True,-0.0170316301703163,0.0948905109489051,,,0.004963503649635,-0.1366098945660988,0.0656934306569343,0.1192214111922141,-0.0031681698824067,0.1489992587101556,2425.0,2715.0,2.2,-0.0013693270735524,-0.0002948984742164,0.0003883214255286
1993-12-27,2025.0,2025.0,2025.0,2025.0,1000.0,2025.0,2038.0,2033.0,2044.6,2327.4,2285.0,False,False,False,False,False,False,False,False,False,False,False,0.0074074074074074,0.1234567901234567,,,-0.0096790123456789,-0.1493333333333333,0.0814814814814814,0.1851851851851851,-0.0035805333562486,0.1495327102803738,2375.0,2675.0,0.0909090909090909,-9.781864423361316e-05,0.0012715084293187,-0.0004123634738419
1993-12-28,2005.0,2005.0,1955.0,1960.0,3000.0,1960.0,2024.0,2039.0,2042.0,2318.4666666666667,2285.575,False,False,False,False,False,False,False,False,False,True,False,0.0714285714285714,0.1709183673469387,,,-0.0418367346938775,-0.182891156462585,0.1454081632653061,0.211734693877551,-0.0038531213158122,0.1503187837175086,2300.0,2675.0,3.0,-0.0012732615083251,-0.0011754428640915,-0.0002725879595635
1993-12-29,1975.0,2015.0,1975.0,1990.0,5000.0,1990.0,2007.0,2033.0,2041.6,2310.2,2286.875,False,False,False,False,False,False,False,False,False,False,False,0.1557788944723618,0.1306532663316583,,,-0.0259296482412059,-0.1609045226130652,0.1055276381909547,0.1809045226130653,-0.0035783337661963,0.1586325627151992,2320.0,2625.0,1.6666666666666667,-0.0001959247648903,0.0010773367434348,0.0002747875496158
1994-01-04,1965.0,1965.0,1955.0,1960.0,3000.0,1960.0,1998.0,2029.0,2044.0,2301.4666666666667,2287.925,False,False,False,False,False,False,True,False,True,False,False,0.1479591836734693,0.1607142857142857,,,-0.0428571428571428,-0.1742176870748299,0.1224489795918367,0.2346938775510204,-0.0037946816522796,0.1673238048299655,2350.0,2625.0,0.6,0.001174168297456,0.0013700930623463,-0.0002163478860832
1994-01-06,2005.0,2025.0,2005.0,2020.0,10000.0,2020.0,1991.0,2021.5,2048.2,2293.4,2289.525,False,False,False,False,False,False,True,False,False,False,False,0.1138613861386138,0.1163366336633663,,,-0.0139603960396038,-0.1353465346534653,0.0891089108910891,0.2574257425742574,-0.0035173396122205,0.1835270838486272,2325.0,2620.0,3.333333333333333,0.0020505809979493,0.0008764127004933,0.000277342040059
1994-01-07,2030.0,2040.0,2030.0,2040.0,5000.0,2040.0,1994.0,2016.0,2052.2,2285.733333333333,2291.475,False,False,False,False,False,False,True,False,False,True,False,0.1151960784313725,0.1200980392156862,,,-0.0059803921568626,-0.1204575163398691,0.0294117647058823,0.3063725490196078,-0.0033541387155108,0.2003968253968254,2330.0,2575.0,0.5,0.001949127765325,-0.0001014532326243,0.0001632008967097
1994-01-10,2065.0,2100.0,2060.0,2100.0,21000.0,2100.0,2022.0,2023.0,2051.6,2278.866666666667,2293.975,False,False,False,False,True,False,False,False,False,True,True,0.0928571428571428,0.0,,,0.023047619047619,-0.0851746031746032,0.0238095238095238,0.3571428571428571,-0.0030131936927711,0.2187345526445872,2305.0,2600.0,4.2,-0.0002924546695261,-0.0022415824348511,0.0003409450227397
1994-01-11,2220.0,2300.0,2200.0,2300.0,36000.0,2300.0,2084.0,2045.5,2057.2,2274.0666666666666,2297.7,False,False,False,False,False,False,True,False,True,False,False,-0.0217391304347826,-0.0543478260869565,,,0.1055652173913044,0.0112753623188406,-0.0652173913043478,0.258695652173913,-0.0021107560610947,0.2295282327059398,2325.0,2550.0,1.7142857142857142,0.0027221466070386,0.0030146012765648,0.0009024376316763
1994-01-12,2295.0,2295.0,2250.0,2250.0,42000.0,2250.0,2142.0,2070.0,2063.2,2266.4,2301.2,False,False,False,False,False,False,True,False,False,False,False,0.0111111111111111,-0.0333333333333333,,,0.0830222222222223,-0.0072888888888889,-0.0444444444444444,0.2511111111111111,-0.0033827509118719,0.2371980676328502,2305.0,2505.0,1.1666666666666667,0.0029081039162466,0.0001859573092079,-0.0012719948507771
1994-01-13,2275.0,2275.0,2250.0,2250.0,9000.0,2250.0,2188.0,2089.5,2062.8,2258.8,2304.875,False,False,False,False,False,False,False,False,False,True,False,0.0022222222222222,-0.0444444444444444,,,0.0831999999999999,-0.0039111111111111,-0.0333333333333333,0.2333333333333333,-0.0033646183814414,0.2483847810480976,2240.0,2495.0,0.2142857142857142,-0.0001939111886754,-0.003102015104922,1.8132530430484826e-05
1994-01-14,2250.0,2275.0,2250.0,2275.0,12000.0,2275.0,2235.0,2114.5,2057.4,2252.4,2308.5,False,False,False,False,False,False,False,False,False,True,False,0.0043956043956043,0.0307692307692307,,,0.0956483516483516,0.0099340659340658,-0.0329670329670329,0.1978021978021978,-0.0028414136032676,0.2489950342870655,2025.0,2495.0,1.3333333333333333,-0.0026246719160105,-0.0024307607273351,0.0005232047781737
1994-01-17,2275.0,2295.0,2225.0,2295.0,17000.0,2295.0,2274.0,2148.0,2065.0,2246.333333333333,2312.375,False,False,False,False,False,False,True,False,True,False,False,-0.0849673202614379,0.0021786492374727,,,0.1002178649237472,0.021205519244735,0.0239651416122004,0.2178649237472767,-0.0027006974328537,0.2490689013035381,2075.0,2465.0,1.4166666666666667,0.0036803874092009,0.0063050593252114,0.0001407161704139
1994-01-18,2295.0,2295.0,2250.0,2250.0,10000.0,2250.0,2264.0,2174.0,2079.0,2240.4,2316.125,False,False,False,False,False,False,True,False,False,False,False,-0.0333333333333333,0.0044444444444444,,,0.076,0.0042666666666666,0.0622222222222222,0.2155555555555555,-0.0026483366065581,0.2518399264029439,2075.0,2450.0,0.5882352941176471,0.0067340067340067,0.0030536193248058,5.236082629553806e-05
1994-01-19,2250.0,2275.0,2245.0,2275.0,13000.0,2275.0,2269.0,2205.5,2087.8,2234.133333333333,2319.75,False,False,False,False,False,False,True,False,False,True,False,-0.0439560439560439,-0.0109890109890109,,,0.0822857142857142,0.01796336996337,0.0549450549450549,0.1868131868131868,-0.0028049653855336,0.2466560870550895,2060.0,2450.0,1.3,0.0042149631190727,-0.0025190436149339,-0.0001566287789754
1994-01-20,2275.0,2295.0,2255.0,2255.0,20000.0,2255.0,2270.0,2229.0,2099.2,2228.0,2322.925,False,False,False,False,False,False,True,False,False,False,False,-0.0465631929046563,-0.0288248337028824,,,0.0690909090909091,0.0119733924611973,0.0753880266075388,0.1929046563192904,-0.0027528426092159,0.2402422611036339,2125.0,2400.0,1.5384615384615383,0.0054306402439022,0.0012156771248294,5.212277631765159e-05
1994-01-21,2275.0,2285.0,2225.0,2285.0,18000.0,2285.0,2272.0,2253.5,2113.4,2222.8,2326.4,False,False,False,False,False,False,True,False,False,False,False,0.0262582056892779,-0.0415754923413566,,,0.0750984682713347,0.0272210065645513,0.0503282275711159,0.161925601750547,-0.0023393917581428,0.2263146216995784,2030.0,2410.0,0.9,0.0067190309453961,0.0012883907014939,0.0004134508510731
1994-01-25,2120.0,2125.0,2095.0,2100.0,11000.0,2100.0,2233.0,2253.5,2121.4,2215.133333333333,2329.125,False,False,False,False,False,False,True,False,False,True,False,0.0952380952380952,0.069047619047619,,,-0.0101904761904762,-0.0548253968253967,0.0714285714285714,0.3095238095238095,-0.0034610407198966,0.2218770800976259,2025.0,2400.0,0.6111111111111112,0.003771094560196,-0.0029479363852,-0.0011216489617538
1994-01-26,2175.0,2175.0,2175.0,2175.0,3000.0,2175.0,2218.0,2241.0,2126.4,2209.133333333333,2332.275,False,False,False,False,False,False,True,False,False,True,False,0.0390804597701149,0.0114942528735632,,,0.0223448275862068,-0.0156934865900382,0.0436781609195402,0.3080459770114943,-0.0027159972236472,0.2264614011601963,2000.0,2380.0,0.2727272727272727,0.0023513920240782,-0.0014197025361178,0.0007450434962493
1994-01-27,2210.0,2210.0,2175.0,2175.0,8000.0,2175.0,2198.0,2233.5,2133.4,2203.133333333333,2335.325,False,False,False,False,False,False,True,False,False,False,False,0.0344827586206896,0.0114942528735632,,,0.0191264367816091,-0.012934865900383,0.0666666666666666,0.3103448275862069,-0.0027233939540654,0.2321468547123349,1900.0,2380.0,2.6666666666666665,0.0032811474641417,0.0009297554400634,-7.3967304181398255e-06
1994-01-28,2170.0,2170.0,2150.0,2150.0,4000.0,2150.0,2177.0,2223.5,2135.6,2196.866666666667,2338.325,False,False,False,False,False,False,True,False,False,True,False,0.0186046511627906,0.0232558139534883,,,0.0066976744186046,-0.0217984496124031,0.0534883720930232,0.3720930232558139,-0.0028525475677478,0.2455588036878794,1915.0,2425.0,0.5,0.0010301554598238,-0.0022509920043178,-0.0001291536136824
1994-01-31,2315.0,2350.0,2315.0,2345.0,15000.0,2345.0,2189.0,2230.5,2145.6,2193.8,2341.925,False,False,False,False,False,False,True,False,False,False,True,-0.0660980810234541,-0.1044776119402985,,,0.0850319829424307,0.0644776119402984,-0.0085287846481876,0.3347547974413646,-0.0013978788707569,0.2598072181125308,1940.0,2375.0,3.75,0.0046607009694258,0.0036305455096019,0.0014546686969909
1994-02-01,2370.0,2375.0,2300.0,2300.0,28000.0,2300.0,2229.0,2231.0,2156.4,2189.8,2345.075,False,False,False,False,False,False,True,False,False,False,False,-0.0239130434782608,-0.0652173913043478,,,0.0624347826086956,0.0479130434782607,-0.008695652173913,0.4521739130434782,-0.0018266508356927,0.2839533841326759,2115.0,2300.0,1.8666666666666667,0.005008347245409,0.0003476462759832,-0.0004287719649358
1994-02-02,2300.0,2300.0,2250.0,2260.0,11000.0,2260.0,2246.0,2232.0,2163.8,2185.9333333333334,2348.225,False,False,False,False,False,False,True,False,False,True,False,-0.0265486725663716,-0.0486725663716814,,,0.0425663716814158,0.0327728613569321,0.0176991150442477,0.5486725663716814,-0.001768885906859,0.3176523297491039,2160.0,2320.0,0.3928571428571428,0.0034199094186154,-0.0015884378267936,5.776492883369407e-05
1994-02-03,2255.0,2260.0,2250.0,2250.0,21000.0,2250.0,2261.0,2229.5,2173.6,2182.5333333333333,2351.175,False,False,False,False,False,False,True,False,False,False,False,-0.0222222222222222,-0.0444444444444444,,,0.0339555555555555,0.0299851851851851,0.0044444444444444,0.5111111111111111,-0.0015578227136661,0.3505270239964117,2100.0,2350.0,1.9090909090909087,0.0045086492454912,0.0010887398268757,0.0002110631931929
1994-02-04,2250.0,2250.0,2145.0,2190.0,19000.0,2190.0,2269.0,2223.0,2179.0,2178.4666666666667,2353.875,False,True,False,False,False,False,True,False,False,True,False,0.0045662100456621,-0.0068493150684931,,,0.0050228310502283,0.0052663622526636,0.0502283105022831,0.5684931506849316,-0.0018667564341891,0.3879892037786774,2260.0,2325.0,0.9047619047619048,0.0024782010096374,-0.0020304482358537,-0.000308933720523
1994-02-07,2190.0,2235.0,2190.0,2190.0,9000.0,2190.0,2238.0,2213.5,2185.6,2174.4,2356.775,False,False,False,False,False,False,True,False,False,False,False,-0.0410958904109589,0.0045662100456621,,,0.0020091324200913,0.0071232876712328,0.0730593607305936,0.6278538812785388,-0.0018702477311748,0.4350576010842557,2410.0,2330.0,0.4736842105263157,0.003019765739385,0.0005415647297475,-3.491296985698184e-06
1994-02-08,2200.0,2255.0,2200.0,2245.0,14000.0,2245.0,2227.0,2228.0,2197.0,2171.4666666666667,2359.9,False,False,False,False,False,False,True,False,False,False,True,-0.042316258351893,0.0467706013363029,,,0.021380846325167,0.03275426874536,0.0244988864142538,0.579064587973274,-0.0013508534937983,0.4614003590664273,2105.0,2305.0,1.5555555555555556,0.0051888939462904,0.0021691282069054,0.0005193942373764
1994-02-09,2295.0,2295.0,2200.0,2200.0,17000.0,2200.0,2215.0,2230.5,2205.4,2168.133333333333,2362.75,False,False,False,False,False,False,True,False,False,True,False,-0.0227272727272727,0.0863636363636363,,,-0.0024545454545454,0.0144848484848485,0.025,0.5977272727272728,-0.0015374208228276,0.4898004931629679,1900.0,2325.0,1.2142857142857142,0.0038088328647864,-0.0013800610815039,-0.0001865673290293
1994-02-10,2250.0,2250.0,2200.0,2200.0,17000.0,2200.0,2205.0,2233.0,2215.0,2164.8,2365.0,False,False,False,False,False,False,True,False,False,False,False,-0.0227272727272727,0.0909090909090909,,,-0.0068181818181818,0.0159999999999999,0.0454545454545454,0.5977272727272728,-0.0015397881251538,0.5179131213613972,2055.0,2305.0,1.0,0.0043340857787809,0.0005252529139945,-2.367302326144452e-06
1994-02-14,2200.0,2200.0,2200.0,2200.0,3000.0,2200.0,2207.0,2238.0,2222.2,2162.133333333333,2367.175,False,False,False,False,False,False,True,False,False,True,False,-0.0113636363636363,0.1022727272727272,,,-0.010090909090909,0.0172121212121212,0.025,0.5681818181818182,-0.0012333497779971,0.5368632707774799,1970.0,2240.0,0.1764705882352941,0.0032400324003239,-0.001094053378457,0.0003064383471566
1994-02-15,2100.0,2100.0,2100.0,2100.0,5000.0,2100.0,2189.0,2213.5,2224.6,2158.0,2368.925,False,False,False,False,False,False,True,False,False,True,False,0.0476190476190476,0.1428571428571428,,,-0.0593333333333332,-0.0276190476190476,0.0714285714285714,0.5761904761904761,-0.0019153537225825,0.562005873051728,1930.0,2025.0,1.6666666666666667,0.0010788456351704,-0.0021611867651535,-0.0006820039445854
1994-02-16,2125.0,2150.0,2125.0,2150.0,5000.0,2150.0,2170.0,2198.5,2226.6,2154.6666666666665,2371.3,False,False,False,False,False,False,True,False,False,True,False,0.0930232558139534,0.0465116279069767,,,-0.0356279069767441,-0.0021705426356588,0.0348837209302325,0.5813953488372093,-0.0015470297029703,0.5753923129406413,1900.0,2075.0,1.0,0.0008982304859426,-0.0001806151492277,0.0003683240196122
1994-02-17,2150.0,2150.0,2150.0,2150.0,7000.0,2150.0,2160.0,2187.5,2220.6,2151.6,2373.3,False,False,False,False,False,False,False,False,False,True,False,0.1116279069767441,0.055813953488372,,,-0.0328372093023255,-0.0007441860465115,0.013953488372093,0.5465116279069767,-0.0014252959038234,0.5753142857142857,2050.0,2075.0,1.4,-0.0027019724398811,-0.0036002029258238,0.0001217337991468
1994-02-21,2150.0,2150.0,2150.0,2150.0,28000.0,2150.0,2150.0,2177.5,2216.6,2148.5333333333333,2375.1,False,False,False,False,False,False,False,False,False,False,False,0.1162790697674418,0.0790697674418604,,,-0.0309767441860464,0.0006821705426356,0.013953488372093,0.6395348837209303,-0.0014273302718133,0.5882893226176809,2000.0,2060.0,4.0,-0.0018045655508436,0.0008974068890374,-2.034367989818672e-06
1994-02-22,2175.0,2175.0,2150.0,2175.0,17000.0,2175.0,2145.0,2176.0,2213.6,2145.2,2377.025,False,False,False,False,False,False,False,False,False,False,False,0.1149425287356321,0.0413793103448275,,,-0.0177471264367815,0.0137011494252874,0.0022988505747126,0.5862068965517241,-0.0015538566722606,0.5900735294117647,2095.0,2125.0,0.6071428571428571,-0.001355258402602,0.0004493071482415,-0.0001265264004473
1994-02-23,2200.0,2200.0,2155.0,2200.0,10000.0,2200.0,2165.0,2177.0,2210.6,2142.866666666667,2379.15,False,False,False,False,False,False,False,False,False,True,False,0.0909090909090909,0.0568181818181818,,,-0.0048181818181817,0.0259696969696969,-0.0068181818181818,0.5772727272727273,-0.001088884049404,0.5849793293523197,2095.0,2030.0,0.5882352941176471,-0.0013570976205555,-1.839217953409234e-06,0.0004649726228565
1994-02-24,2220.0,2350.0,2220.0,2350.0,62000.0,2350.0,2205.0,2187.5,2212.8,2143.5333333333333,2382.075,False,False,False,False,True,False,True,True,False,False,True,-0.0425531914893617,-0.0297872340425531,,,0.0583829787234041,0.0878581560283688,-0.0638297872340425,0.4829787234042553,0.0003110129692407,0.5746285714285714,2030.0,2025.0,6.2,0.0009942154736082,0.0023513130941637,0.0013998970186448
1994-02-25,2350.0,2395.0,2350.0,2390.0,59000.0,2390.0,2253.0,2206.5,2218.4,2144.4666666666667,2384.975,False,False,False,False,False,False,True,True,True,False,False,-0.0502092050209205,-0.0376569037656903,,,0.0717991631799162,0.1027336122733612,-0.0794979079497908,0.401673640167364,0.0004352286504803,0.5535916610015862,2075.0,2000.0,0.9516129032258064,0.0025243418680129,0.0015301263944047,0.0001242156812395
1994-02-28,2365.0,2400.0,2350.0,2400.0,30000.0,2400.0,2303.0,2226.5,2223.4,2145.133333333333,2387.875,False,False,False,False,False,False,True,True,False,True,False,-0.0333333333333333,-0.0583333333333333,,,0.0735833333333332,0.1061944444444445,-0.0125,0.375,0.0003107809926344,0.5299797889063552,2005.0,1900.0,0.5084745762711864,0.0022488081316902,-0.0002755337363227,-0.0001244476578459
1994-03-01,2425.0,2470.0,2425.0,2425.0,87000.0,2425.0,2353.0,2249.0,2230.2,2146.4666666666667,2390.625,False,False,False,False,False,False,True,True,False,False,False,-0.0659793814432989,-0.0515463917525773,,,0.0803298969072165,0.1148591065292096,-0.0288659793814433,0.3402061855670103,0.0006211758859521,0.5057803468208093,2055.0,1915.0,2.9,0.0030490538965114,0.0008002457648211,0.0003103948933177
1994-03-02,2425.0,2425.0,2400.0,2400.0,12000.0,2400.0,2393.0,2279.0,2234.8,2147.4,2392.675,False,False,False,False,False,False,True,True,False,True,False,-0.03125,-0.0208333333333333,,,0.0688333333333332,0.1052499999999999,-0.05,0.3958333333333333,0.0004346341311974,0.4877139096094778,2025.0,1940.0,0.1379310344827586,0.0020583497404691,-0.0009907041560422,-0.0001865417547547
1994-03-04,2275.0,2275.0,2250.0,2250.0,10000.0,2250.0,2373.0,2289.0,2240.8,2146.6666666666665,2394.175,False,False,False,False,False,False,True,False,False,False,False,0.0133333333333333,0.0222222222222222,,,0.0040888888888888,0.0459259259259259,0.0177777777777777,0.4444444444444444,-0.0003416149068324,0.4746614242027086,1960.0,2115.0,0.8333333333333334,0.0026776151374509,0.0006192653969818,-0.0007762490380298
1994-03-07,2260.0,2270.0,2255.0,2270.0,10000.0,2270.0,2349.0,2301.0,2244.6,2145.9333333333334,2395.525,False,False,False,False,False,False,True,False,False,True,False,0.013215859030837,-0.0066079295154185,,,0.0111894273127753,0.054654919236417,-0.0088105726872246,0.3766519823788546,-0.0003417316474571,0.4582790091264667,1990.0,2160.0,1.0,0.0016929519736254,-0.0009846631638254,-1.1674062469583259e-07
1994-03-08,2270.0,2320.0,2265.0,2320.0,8000.0,2320.0,2333.0,2318.0,2250.4,2146.133333333333,2397.45,False,False,False,False,False,False,True,True,False,False,False,-0.0258620689655172,-0.0086206896551724,,,0.0299999999999999,0.0749425287356322,-0.0129310344827586,0.3793103448275862,9.31908548706906e-05,0.4335634167385677,1960.0,2100.0,0.8,0.0025773195876289,0.0008843676140034,0.0004349225023277
1994-03-09,2320.0,2320.0,2260.0,2265.0,10000.0,2265.0,2301.0,2327.0,2255.0,2146.4666666666667,2399.15,False,False,False,False,False,False,True,True,False,True,False,0.0154525386313465,-0.0044150110375275,,,0.0044150110375275,0.0523325974981603,0.0154525386313465,0.3686534216335541,0.000155293971488,0.4129780833691448,2020.0,2260.0,1.25,0.0020399113082039,-0.0005374082794249,6.210311661740686e-05
1994-03-10,2330.0,2330.0,2325.0,2325.0,8000.0,2325.0,2286.0,2339.5,2254.2,2150.4666666666667,2401.15,False,False,False,False,False,False,False,True,False,True,False,0.010752688172043,-0.032258064516129,,,0.0304516129032258,0.0750681003584229,0.0279569892473118,0.3870967741935484,0.0018600613820256,0.3949561872194913,2040.0,2410.0,0.8,-0.0003548930884571,-0.0023948043966611,0.0017047674105375
1994-03-11,2320.0,2320.0,2280.0,2280.0,10000.0,2280.0,2292.0,2332.5,2253.4,2153.2,2402.975,False,False,False,False,False,False,False,True,False,True,False,0.0087719298245614,-0.0241228070175438,,,0.0116666666666666,0.0556140350877193,0.050438596491228,0.3618421052631579,0.0012694284475817,0.3828510182207931,2100.0,2105.0,1.25,-0.0003550190822755,-1.259938183681658e-07,-0.0005906329344438
1994-03-14,2280.0,2300.0,2250.0,2300.0,25000.0,2300.0,2298.0,2323.5,2255.0,2156.2,2405.225,False,False,False,False,False,False,True,True,False,False,False,-0.0195652173913043,-0.0521739130434782,,,0.0195652173913043,0.0625217391304348,0.0434782608695652,0.3652173913043478,0.001391336610704,0.3791693565741338,2300.0,1900.0,2.5,0.0007095343680709,0.0010645534503464,0.0001219081631222
1994-03-15,2300.0,2300.0,2260.0,2260.0,23000.0,2260.0,2286.0,2309.5,2255.4,2158.866666666667,2407.275,False,False,False,False,False,False,True,True,False,True,False,0.0176991150442477,-0.0353982300884955,,,0.0020353982300884,0.0447492625368731,0.0420353982300885,0.4557522123893805,0.0012352160083996,0.3870967741935484,2250.0,2055.0,0.92,0.0001773521326594,-0.0005321822354114,-0.0001561206023044
1994-03-16,2275.0,2300.0,2275.0,2300.0,27000.0,2300.0,2293.0,2297.0,2259.8,2161.2,2409.275,False,False,False,False,False,False,True,True,True,False,False,-0.0195652173913043,-0.0521739130434782,,,0.0174782608695651,0.0603478260869566,0.0,0.4456521739130434,0.0010796471096303,0.3979103178058337,2250.0,1970.0,1.173913043478261,0.001947074962386,0.0017697228297266,-0.0001555688987692
1994-03-17,2300.0,2350.0,2300.0,2350.0,38000.0,2350.0,2298.0,2292.0,2266.2,2165.4666666666667,2411.275,False,False,False,False,False,False,True,True,False,False,False,-0.0425531914893617,-0.0702127659574468,,,0.0356595744680851,0.0785248226950354,0.0212765957446808,0.3829787234042553,0.0019703220245059,0.3965968586387434,2275.0,1930.0,1.4074074074074074,0.0028241108463505,0.0008770358839644,0.0008906749148756
1994-03-18,2310.0,2310.0,2300.0,2300.0,17000.0,2300.0,2302.0,2297.0,2268.4,2169.133333333333,2412.9,False,False,False,False,False,False,True,True,False,True,True,-0.0326086956521739,-0.0434782608695652,,,0.0137391304347825,0.0568985507246377,0.0326086956521739,0.391304347826087,0.0016903832559854,0.391380060949064,2295.0,1900.0,0.4473684210526316,0.0009698465879034,-0.001854264258447,-0.0002799387685205
1994-03-22,2310.0,2310.0,2255.0,2255.0,18000.0,2255.0,2293.0,2295.5,2270.6,2172.5333333333333,2414.15,False,False,False,False,False,False,True,True,False,True,False,-0.0332594235033259,-0.024390243902439,,,-0.0069179600886917,0.036570583887657,0.0421286031042128,0.4190687361419069,0.0015649932490487,0.3955565236331954,2250.0,2050.0,1.0588235294117647,0.0009689068968553,-9.396910481116772e-07,-0.0001253900069366
1994-03-23,2255.0,2300.0,2250.0,2300.0,12000.0,2300.0,2301.0,2293.5,2274.6,2177.866666666667,2415.4,False,False,False,False,False,False,True,True,True,False,False,-0.0521739130434782,0.0304347826086956,,,0.0110434782608696,0.0531014492753622,0.0521739130434782,0.4347826086956521,0.0024488796375658,0.4011336385437105,2275.0,2000.0,0.6666666666666666,0.0017585509540138,0.0007896440571585,0.0008838863885171
1994-03-24,2290.0,2290.0,2250.0,2255.0,25000.0,2255.0,2292.0,2292.5,2276.8,2182.4,2416.175,False,False,False,False,False,False,True,True,False,True,False,-0.0332594235033259,0.0443458980044345,,,-0.0096674057649668,0.0321951219512194,0.1263858093126385,0.5077605321507761,0.0020772238514173,0.4148309705561614,2255.0,2095.0,2.083333333333333,0.0009662684469431,-0.0007922825070706,-0.0003716557861484
1994-03-25,2255.0,2275.0,2250.0,2250.0,17000.0,2250.0,2272.0,2285.0,2282.8,2186.5333333333333,2416.8,False,False,False,False,False,False,True,True,True,False,False,-0.0288888888888888,0.0133333333333333,,,-0.0145777777777778,0.0282074074074074,0.1844444444444444,0.5111111111111111,0.0018903591682419,0.4271334792122538,2285.0,2095.0,0.68,0.0026283511477133,0.0016620827007701,-0.0001868646831754
1994-03-28,2275.0,2275.0,2225.0,2225.0,39000.0,2225.0,2257.0,2279.5,2285.8,2188.0,2417.175,False,False,False,False,False,False,True,True,False,True,False,-0.0112359550561797,0.0292134831460674,,,-0.0273258426966292,0.016629213483146,0.2808988764044944,0.5393258426966292,0.0006703229737964,0.4446150471594648,2100.0,2030.0,2.294117647058824,0.0013124507830956,-0.0013159003646177,-0.0012200361944454
1994-03-29,2225.0,2225.0,2180.0,2180.0,9000.0,2180.0,2242.0,2267.5,2287.0,2188.266666666667,2417.2,False,False,False,False,False,False,True,True,False,True,False,0.0091743119266055,0.0321100917431192,,,-0.0490825688073394,-0.0037920489296637,0.3279816513761467,0.5252293577981652,0.000121862052157,0.4604189636163175,2175.0,2075.0,0.2307692307692307,0.0005247048535198,-0.0007877459295758,-0.0005484609216394
1994-03-30,2180.0,2180.0,2180.0,2180.0,8000.0,2180.0,2218.0,2259.5,2288.2,2189.333333333333,2417.35,False,False,False,False,False,False,True,True,False,True,False,0.0871559633027523,0.0504587155963302,,,-0.0496330275229357,-0.004281345565749,0.2912844036697247,0.5022935779816514,0.0004872107186355,0.46492586855499,2175.0,2005.0,0.8888888888888888,0.0005244296827199,-2.751707998530952e-07,0.0003653486664785
1994-03-31,2200.0,2215.0,2180.0,2180.0,15000.0,2180.0,2203.0,2247.5,2288.4,2188.266666666667,2417.55,False,False,False,False,False,False,True,False,False,True,False,0.0802752293577981,0.055045871559633,,,-0.0497247706422018,-0.0037920489296637,0.2729357798165137,0.4449541284403669,-0.0004874482086275,0.4649610678531702,2150.0,2055.0,1.875,8.739730816302781e-05,-0.0004370323745569,-0.0009746589272631
1994-04-01,2185.0,2200.0,2185.0,2185.0,4000.0,2185.0,2190.0,2231.0,2287.8,2185.266666666667,2417.75,False,False,False,False,False,False,False,False,False,True,False,0.0434782608695652,0.0938215102974828,,,-0.0470480549199085,-0.0001220442410374,0.2471395881006865,0.4324942791762013,-0.0013728301656548,0.4704168534289556,2345.0,2025.0,0.2666666666666666,-0.0002622606871229,-0.0003496579952859,-0.0008853819570272
1994-04-04,2200.0,2200.0,2185.0,2200.0,16000.0,2200.0,2185.0,2221.0,2281.8,2186.5333333333333,2418.0,False,False,False,False,False,False,False,True,False,True,False,0.0409090909090909,0.0886363636363636,,,-0.0371818181818182,0.0061212121212121,0.2704545454545454,0.4522727272727272,0.000579303616074,0.4768122467357046,2300.0,1960.0,4.0,-0.0026295030239284,-0.0023672423368055,0.0019521337817288
1994-04-05,2200.0,2225.0,2195.0,2200.0,16000.0,2200.0,2189.0,2215.5,2274.2,2190.5333333333333,2416.5,False,False,False,False,False,False,False,True,False,True,False,0.0227272727272727,0.0909090909090909,,,-0.0337272727272726,0.0043030303030303,0.2431818181818182,0.4204545454545454,0.0018260393207133,0.4770932069510268,2260.0,1990.0,1.0,-0.0033418344912498,-0.0007123314673213,0.0012467357046393
1994-04-06,2230.0,2370.0,2230.0,2370.0,20000.0,2370.0,2227.0,2222.5,2273.0,2194.733333333333,2415.4,False,False,False,False,True,False,False,True,False,False,True,-0.0337552742616033,-0.0063291139240506,,,0.040928270042194,0.0739521800281294,0.1392405063291139,0.3248945147679324,0.0019136721241759,0.4652418447694038,2250.0,1960.0,1.25,-0.0005279366476022,0.0028138978436476,8.763280346260247e-05
1994-04-07,2370.0,2370.0,2350.0,2355.0,14000.0,2355.0,2262.0,2232.5,2270.2,2199.866666666667,2412.975,False,False,False,False,False,False,False,True,False,True,False,-0.0233545647558386,-0.0233545647558386,,,0.0360084925690022,0.0658740268931351,0.1422505307855626,0.3269639065817409,0.0023334747560459,0.4463605823068309,2190.0,2020.0,0.7,-0.0012333715091182,-0.000705434861516,0.0004198026318699
1994-04-08,2290.0,2290.0,2280.0,2280.0,6000.0,2280.0,2281.0,2235.5,2265.4,2204.5333333333333,2410.375,False,False,False,False,False,False,False,True,False,True,False,0.0482456140350877,0.0526315789473684,,,0.0064035087719297,0.0330994152046783,0.1644736842105263,0.3706140350877193,0.0021168501270109,0.4321180943860433,2190.0,2040.0,0.4285714285714285,-0.0021188311115033,-0.0008854596023851,-0.000216624629035
1994-04-11,2290.0,2290.0,2285.0,2290.0,6000.0,2290.0,2299.0,2242.0,2267.0,2209.733333333333,2407.925,False,False,False,False,False,False,True,True,False,False,False,0.0458515283842794,0.037117903930131,,,0.0100436681222707,0.0350509461426492,0.2008733624454148,0.3755458515283842,0.0023532251252035,0.415700267618198,2245.0,2100.0,1.0,0.0007057785619761,0.0028246096734795,0.0002363749981926
1994-04-12,2295.0,2300.0,2250.0,2250.0,12000.0,2250.0,2309.0,2249.0,2266.2,2212.4,2405.35,False,False,False,False,False,False,False,True,False,True,False,0.0666666666666666,0.0444444444444444,,,-0.0071999999999999,0.016711111111111,0.2644444444444444,0.3822222222222222,0.0012053275477612,0.4017341040462427,2200.0,2300.0,2.0,-0.0003530138557939,-0.00105879241777,-0.0011478975774423
1994-04-13,2270.0,2290.0,2270.0,2290.0,7000.0,2290.0,2293.0,2260.0,2265.0,2216.266666666667,2402.475,False,False,False,False,False,False,False,True,False,True,False,0.0283842794759825,0.056768558951965,,,0.0109170305676855,0.0321979621542939,0.2445414847161572,0.3537117903930131,0.001744675730959,0.3871681415929203,2200.0,2250.0,0.5833333333333334,-0.0005298013245032,-0.0001767874687093,0.0005393481831977
1994-04-14,2340.0,2340.0,2295.0,2300.0,35000.0,2300.0,2282.0,2272.0,2266.4,2219.0,2399.6,False,False,False,False,False,False,True,True,False,False,False,0.0,0.1043478260869565,,,0.0146086956521738,0.0352173913043478,0.2826086956521739,0.358695652173913,0.0012317860898301,0.3787411971830985,2200.0,2250.0,5.0,0.0006177197317331,0.0011475210562364,-0.0005128896411288
1994-04-15,2335.0,2390.0,2330.0,2390.0,33000.0,2390.0,2304.0,2292.5,2269.0,2222.9333333333334,2397.65,False,False,False,False,False,False,True,True,True,False,False,0.00418410041841,0.1150627615062761,,,0.0506276150627615,0.069902370990237,0.309623430962343,0.2970711297071129,0.00176943378119,0.365103598691385,2100.0,2275.0,0.9428571428571428,0.0011458792419567,0.0005281595102235,0.0005376476913598
1994-04-18,2400.0,2450.0,2390.0,2395.0,76000.0,2395.0,2325.0,2312.0,2273.6,2227.8,2395.725,False,False,False,False,False,False,True,True,False,False,False,-0.0083507306889352,0.1899791231732776,,,0.0506889352818372,0.0698121085594988,0.3945720250521921,0.2776617954070981,0.0021845168626747,0.3477508650519031,2150.0,2295.0,2.303030303030303,0.0020232230823363,0.0008773438403795,0.0004150830814846
1994-04-19,2425.0,2445.0,2400.0,2400.0,14000.0,2400.0,2355.0,2332.0,2277.6,2232.133333333333,2392.85,False,False,False,False,False,False,True,True,False,True,False,-0.0208333333333333,0.20625,,,0.051,0.0699444444444444,0.4583333333333333,0.275,0.0019413416163907,0.3334048027444254,2150.0,2250.0,0.1842105263157894,0.0017562346329469,-0.0002669884493893,-0.0002431752462839
1994-04-20,2400.0,2400.0,2350.0,2355.0,20000.0,2355.0,2368.0,2330.5,2281.4,2236.8,2389.675,False,False,False,False,False,False,True,True,False,True,False,0.0276008492569002,0.1953290870488322,,,0.0312526539278131,0.0501910828025476,0.4437367303609342,0.316348195329087,0.0020863137815928,0.3325466638060502,2150.0,2275.0,1.4285714285714286,0.0016656439028667,-9.05907300802213e-05,0.0001449721652021
1994-04-21,2350.0,2355.0,2300.0,2300.0,15000.0,2300.0,2368.0,2325.0,2281.4,2240.0666666666666,2386.6,False,False,False,False,False,False,False,True,False,True,False,0.1043478260869565,0.2065217391304347,,,0.008086956521739,0.0260579710144927,0.4934782608695652,0.3478260869565217,0.0014582899318471,0.3346236559139784,2175.0,2255.0,0.75,0.0,-0.0016656439028667,-0.0006280238497457
1994-04-22,2350.0,2425.0,2330.0,2400.0,17000.0,2400.0,2370.0,2337.0,2283.4,2245.0666666666666,2384.475,False,False,False,False,False,False,True,True,False,False,True,0.1104166666666666,0.1354166666666666,,,0.0485833333333333,0.0645555555555555,0.4854166666666666,0.2708333333333333,0.0022271053569307,0.3245614035087719,2200.0,2285.0,1.1333333333333333,0.0008758868354208,0.0008758868354208,0.0007688154250835
1994-04-25,2395.0,2400.0,2375.0,2375.0,26000.0,2375.0,2366.0,2345.5,2286.4,2250.6,2382.6,False,False,False,False,False,False,True,True,False,False,False,0.2,0.1768421052631578,,,0.0373052631578946,0.052378947368421,0.4926315789473684,0.3052631578947368,0.0024586036316241,0.3176295033041995,2350.0,2100.0,1.5294117647058822,0.0013121063680895,0.0004362195326687,0.0002314982746933
1994-04-26,2370.0,2370.0,2310.0,2350.0,10000.0,2350.0,2356.0,2355.5,2290.2,2255.4,2380.625,False,False,False,False,False,False,True,True,False,False,False,0.2319148936170212,0.1638297872340425,,,0.0254468085106383,0.0402553191489361,0.4957446808510638,0.2787234042553191,0.0021282255919128,0.3075780089153046,2390.0,2175.0,0.3846153846153846,0.0016592437341715,0.0003471373660819,-0.0003303780397113
1994-04-27,2350.0,2425.0,2350.0,2420.0,21000.0,2420.0,2369.0,2368.5,2295.0,2261.5333333333333,2379.1,False,False,False,False,False,False,True,True,False,False,False,0.1632231404958677,0.1157024793388429,,,0.0516528925619834,0.0654820936639118,0.4524793388429752,0.2603305785123967,0.0027120242903044,0.2982900569981001,2400.0,2175.0,2.1,0.0020915032679739,0.0004322595338023,0.0005837986983916
1994-04-28,2420.0,2545.0,2420.0,2540.0,201000.0,2540.0,2417.0,2392.5,2306.4,2268.4666666666667,2379.05,False,False,False,False,False,False,True,True,False,False,False,0.09251968503937,0.0590551181102362,,,0.0919685039370078,0.1069028871391076,0.358267716535433,0.1988188976377952,0.0030563963911012,0.2819226750261233,2425.0,2150.0,9.571428571428571,0.004942767950052,0.0028512646820781,0.0003443721007967
1994-05-02,2545.0,2675.0,2510.0,2665.0,274000.0,2665.0,2470.0,2420.0,2323.0,2276.8,2379.625,False,False,False,False,False,False,True,True,False,False,False,0.0225140712945591,-0.0037523452157598,,,0.1283302063789868,0.1456660412757973,0.2420262664165103,0.1444652908067542,0.0036601077535723,0.2652892561983471,2400.0,2345.0,1.36318407960199,0.0071459319845027,0.0022031640344506,0.0006037113624711
1994-05-06,2715.0,2875.0,2675.0,2850.0,562000.0,2850.0,2565.0,2465.5,2348.0,2286.8,2380.625,False,False,False,False,False,False,True,True,False,False,False,-0.019298245614035,-0.0350877192982456,,,0.1761403508771929,0.1976140350877192,0.1929824561403508,0.0596491228070175,0.0043729228616407,0.2403163658487122,2250.0,2300.0,2.051094890510949,0.0106473594548551,0.0035014274703524,0.0007128151080683
1994-05-09,2905.0,3005.0,2875.0,2895.0,559000.0,2895.0,2674.0,2515.0,2376.6,2294.733333333333,2381.6,False,False,False,False,False,False,True,True,False,False,False,-0.0552677029360967,-0.0172711571675302,,,0.1790673575129534,0.2073459988485896,0.1485319516407599,0.0103626943005181,0.0034571918305683,0.2105367793240556,2270.0,2260.0,0.994661921708185,0.0120339981486156,0.0013866386937604,-0.0009157310310723
1994-05-10,2845.0,2890.0,2750.0,2815.0,184000.0,2815.0,2753.0,2561.0,2402.0,2302.266666666667,2383.175,False,False,False,False,False,False,True,True,False,True,False,-0.0408525754884547,0.0124333925399644,,,0.1467140319715808,0.1821432800473652,0.2522202486678508,0.0301953818827708,0.0032721376035213,0.1809839906286607,2320.0,2250.0,0.3291592128801431,0.0105745212323064,-0.0014594769163091,-0.000185054227047
1994-05-11,2765.0,2845.0,2705.0,2775.0,52000.0,2775.0,2800.0,2608.5,2425.8,2309.266666666667,2384.275,False,False,False,False,False,False,True,True,False,True,False,-0.0306306306306306,0.063063063063063,,,0.1258378378378377,0.1678318318318317,0.2432432432432432,0.0288288288288288,0.0030312653367591,0.1500862564692351,2265.0,2190.0,0.2826086956521739,0.0098111963063732,-0.0007633249259332,-0.0002408722667622
1994-05-12,2780.0,2790.0,2700.0,2725.0,49000.0,2725.0,2812.0,2641.0,2447.4,2315.266666666667,2384.525,False,False,False,False,False,False,True,True,False,True,False,-0.0256880733944954,0.1486238532110091,,,0.1018715596330274,0.150360856269113,0.273394495412844,0.0440366972477064,0.0025914941403438,0.1281711472926921,2325.0,2190.0,0.9423076923076924,0.0088256925717087,-0.0009855037346645,-0.0004397711964153
1994-05-13,2750.0,2795.0,2700.0,2795.0,57000.0,2795.0,2801.0,2683.0,2471.2,2321.9333333333334,2384.975,False,False,False,False,False,False,True,True,False,False,False,-0.0161001788908765,0.1949910554561717,,,0.1158497316636852,0.1692546213476445,0.2468694096601073,0.0017889087656529,0.0028711705762438,0.0993291092061125,2280.0,2245.0,1.163265306122449,0.0096309485270312,0.0008052559553225,0.0002796764359
1994-05-16,2780.0,2780.0,2735.0,2735.0,23000.0,2735.0,2769.0,2721.5,2492.6,2328.4,2384.9,False,False,False,False,False,False,True,True,False,True,False,0.0402193784277879,0.2797074954296161,,,0.0886288848263254,0.1486654478976233,0.2248628884826325,0.0749542961608775,0.0027773005783657,0.0813889399228366,2300.0,2200.0,0.4035087719298245,0.008585412821953,-0.0010455357050782,-9.386999787816888e-05
1994-05-17,2735.0,2750.0,2700.0,2700.0,19000.0,2700.0,2746.0,2749.5,2505.8,2334.0666666666666,2385.275,False,False,False,False,False,False,True,True,False,True,False,0.0555555555555555,0.2592592592592592,,,0.0719259259259258,0.1355308641975308,0.2222222222222222,0.0574074074074074,0.0024278084030732,0.0632842334969994,2260.0,2200.0,0.8260869565217391,0.0052677787532924,-0.0033176340686605,-0.0003494921752924
1994-05-18,2680.0,2725.0,2650.0,2690.0,45000.0,2690.0,2729.0,2764.5,2519.2,2339.866666666667,2385.45,False,False,False,False,False,False,True,True,False,False,False,0.0966542750929368,0.2769516728624535,,,0.0634944237918216,0.1301610904584881,0.20817843866171,0.0334572490706319,0.0024787737193003,0.0479291011032736,2300.0,2200.0,2.3684210526315788,0.00531914893617,5.137018287759872e-05,5.096531622706757e-05
1994-05-19,2690.0,2690.0,2655.0,2655.0,30000.0,2655.0,2715.0,2763.5,2534.2,2344.8,2385.5,False,False,False,False,False,False,True,True,False,False,False,0.1789077212806026,0.3427495291902072,,,0.0454990583804143,0.1168361581920903,0.2617702448210923,0.0508474576271186,0.0021039463209371,0.0388999457210059,2350.0,2100.0,0.6666666666666666,0.0059190277010496,0.0005998787648795,-0.0003748273983631
1994-05-20,2650.0,2750.0,2650.0,2750.0,40000.0,2750.0,2706.0,2753.5,2552.6,2353.4666666666667,2385.975,False,False,False,False,False,False,True,True,False,False,False,0.2145454545454545,0.289090909090909,,,0.0717818181818182,0.1441939393939393,0.1818181818181818,0.0018181818181818,0.0036825109058976,0.0330488469220991,2300.0,2150.0,1.3333333333333333,0.0072083365979785,0.0012893088969289,0.0015785645849604
1994-05-23,2750.0,2850.0,2745.0,2845.0,91000.0,2845.0,2728.0,2748.5,2576.4,2362.4,2386.975,False,False,False,False,False,False,True,True,False,False,False,0.2302284710017574,0.2355008787346221,,,0.0944112478031634,0.1696309314586994,0.0984182776801406,-0.031634446397188,0.0037814651766565,0.028742950700382,2255.0,2150.0,2.275,0.0092376960099364,0.0020293594119578,9.895427075891448e-05
1994-05-24,2865.0,2890.0,2805.0,2850.0,66000.0,2850.0,2758.0,2752.0,2598.8,2371.4,2387.85,False,False,False,False,False,False,True,True,False,True,False,0.1929824561403508,0.2333333333333333,,,0.0881403508771929,0.1679298245614034,0.1228070175438596,-0.0175438596491228,0.0037952264485114,0.0238008720930232,2300.0,2150.0,0.7252747252747253,0.0086193627828228,-0.0006183332271135,1.3761271854894654e-05
1994-05-25,2840.0,2975.0,2840.0,2950.0,192000.0,2950.0,2810.0,2769.5,2624.8,2382.0666666666666,2389.6,False,False,False,False,False,False,True,True,False,False,False,0.1644067796610169,0.1694915254237288,,,0.1102372881355931,0.1925197740112994,0.0508474576271186,-0.0813559322033898,0.0044779043407684,0.0120960462177288,2255.0,2175.0,2.909090909090909,0.0099055166107893,0.0012861538279665,0.000682677892257
1994-05-26,2990.0,3150.0,2950.0,3130.0,770000.0,3130.0,2905.0,2810.0,2654.4,2392.5333333333333,2392.25,False,False,False,False,False,False,True,True,False,False,False,0.1389776357827476,0.0575079872204472,,,0.1519488817891373,0.2356123535676251,0.0303514376996805,-0.1293929712460063,0.0043747213553276,-0.0067615658362989,2250.0,2200.0,4.010416666666667,0.0111512959614225,0.0012457793506331,-0.0001031829854407
1994-05-27,3180.0,3500.0,3180.0,3340.0,1278000.0,3340.0,3023.0,2864.5,2692.2,2406.4,2396.35,False,False,False,False,False,False,True,True,False,False,False,0.061377245508982,0.0179640718562874,,,0.1939520958083833,0.2795209580838323,-0.0703592814371257,-0.1811377245508982,0.0057624113475177,-0.0279280851806598,2225.0,2350.0,1.6597402597402595,0.0140405616224647,0.0028892656610422,0.00138768999219
1994-05-30,3440.0,3640.0,3430.0,3500.0,922000.0,3500.0,3154.0,2941.0,2736.2,2422.9333333333334,2399.6,False,False,False,False,False,False,True,True,False,False,False,0.0042857142857142,-0.05,,,0.2182285714285715,0.3077333333333333,-0.1028571428571428,-0.2171428571428571,0.0068236847897864,-0.0600136008160489,2180.0,2390.0,0.7214397496087637,0.0160806958555661,0.0020401342331013,0.0010612734422686
1994-05-31,3500.0,3535.0,3345.0,3400.0,319000.0,3400.0,3264.0,3011.0,2778.0,2438.266666666667,2401.45,False,False,False,False,False,False,True,True,False,True,False,0.0338235294117647,0.0367647058823529,,,0.1829411764705882,0.2828627450980391,-0.0323529411764705,-0.1985294117647058,0.006288620331383,-0.0861839920292261,2180.0,2400.0,0.3459869848156182,0.0150467962562995,-0.0010338995992665,-0.0005350644584034
1994-06-01,3420.0,3475.0,3350.0,3435.0,220000.0,3435.0,3361.0,3085.5,2823.4,2454.866666666667,2404.375,False,False,False,False,False,False,True,True,False,False,False,0.0043668122270742,0.0043668122270742,,,0.1780494905385734,0.2853372149442018,-0.032023289665211,-0.2459970887918486,0.0067620780490453,-0.1144060930157186,2180.0,2425.0,0.6896551724137931,0.0160799036622512,0.0010331074059516,0.0004734577176623
1994-06-02,3390.0,3570.0,3390.0,3565.0,370000.0,3565.0,3448.0,3176.5,2870.0,2473.2,2407.975,False,False,False,False,False,False,True,True,False,False,False,-0.0715287517531556,-0.0266479663394109,,,0.1949509116409537,0.3062552594670407,-0.0883590462833099,-0.2847124824684432,0.0074127985336135,-0.1473319691484338,2185.0,2400.0,1.681818181818182,0.0162369337979093,0.0001570301356581,0.0006507204845681
1994-06-03,3615.0,3700.0,3530.0,3545.0,639000.0,3545.0,3489.0,3256.0,2916.8,2490.5333333333333,2411.7,False,False,False,False,False,False,True,True,False,True,False,-0.0409026798307475,-0.0169252468265162,,,0.1772073342736247,0.297451810061119,-0.0973201692524682,-0.2806770098730606,0.0069596873494299,-0.1744471744471744,2200.0,2250.0,1.727027027027027,0.0160449808008777,-0.0001919529970316,-0.0004531111841836
1994-06-06,3500.0,3550.0,3475.0,3515.0,81000.0,3515.0,3492.0,3323.0,2963.4,2508.0666666666666,2415.575,False,False,False,False,False,False,True,True,False,True,False,-0.054054054054054,-0.0469416785206258,,,0.156927453769559,0.2864675201517307,-0.0896159317211948,-0.2603129445234708,0.0069907764280587,-0.1957568462232922,2200.0,2270.0,0.1267605633802817,0.0157251805358709,-0.0003198002650068,3.1089078628883555e-05
1994-06-07,3515.0,3515.0,3400.0,3515.0,132000.0,3515.0,3515.0,3389.5,3007.2,2525.6,2419.65,False,False,False,False,False,False,True,True,False,True,False,0.0028449502133712,-0.0611664295874822,,,0.1444665718349929,0.2814793741109531,-0.0611664295874822,-0.2660028449502133,0.0069422447471227,-0.2180262575601121,2370.0,2320.0,1.6296296296296295,0.0145650438946527,-0.0011601366412181,-4.8531680936001256e-05
1994-06-08,3465.0,3500.0,3415.0,3450.0,85000.0,3450.0,3518.0,3439.5,3043.6,2542.266666666667,2423.525,False,False,False,False,False,False,True,True,False,True,False,0.0,-0.0579710144927536,,,0.1177971014492753,0.2631111111111111,-0.0144927536231884,-0.2536231884057971,0.0065558294435413,-0.2333187963366768,2355.0,2265.0,0.6439393939393939,0.0119595216191352,-0.0026055222755174,-0.0003864153035814
1994-06-09,3445.0,3445.0,3290.0,3310.0,136000.0,3310.0,3467.0,3457.5,3069.4,2558.4,2426.825,False,False,False,False,False,False,True,True,False,True,False,0.0483383685800604,0.0120845921450151,,,0.0726888217522658,0.2270694864048338,0.0271903323262839,-0.2114803625377643,0.0063060245987074,-0.2406362979031091,2280.0,2325.0,1.6,0.0084055515735975,-0.0035539700455377,-0.0002498048448338
1994-06-10,3300.0,3500.0,3300.0,3400.0,124000.0,3400.0,3438.0,3463.5,3091.4,2575.0666666666666,2430.95,False,False,False,False,False,False,True,True,False,True,False,0.025,-0.0441176470588235,,,0.0907647058823529,0.2426274509803921,0.0073529411764705,-0.2205882352941176,0.0064723243411173,-0.2444059477407247,2290.0,2280.0,0.9117647058823528,0.00711651678851,-0.0012890347850874,0.0001662997424098
1994-06-13,3355.0,3400.0,3325.0,3325.0,30000.0,3325.0,3400.0,3446.0,3108.6,2590.733333333333,2434.325,False,False,False,False,False,False,True,True,False,True,False,0.0075187969924812,-0.0601503759398496,,,0.0650827067669173,0.2208320802005013,0.0,-0.1744360902255639,0.0060471938447285,-0.2404236796285548,2250.0,2300.0,0.2419354838709677,0.005533037380171,-0.0015834794083389,-0.0004251304963887
1994-06-14,3325.0,3525.0,3305.0,3525.0,203000.0,3525.0,3402.0,3458.5,3137.0,2609.0666666666666,2438.45,False,False,False,False,False,False,True,True,False,False,True,-0.0638297872340425,-0.0921985815602836,,,0.1100709219858156,0.259839243498818,-0.0709219858156028,-0.1943262411347517,0.0070267784137367,-0.239843862946364,2290.0,2260.0,6.766666666666667,0.0090532355753905,0.0035201981952194,0.0009795845690081
1994-06-15,3575.0,3645.0,3450.0,3450.0,326000.0,3450.0,3402.0,3460.0,3164.0,2626.0666666666666,2441.7,False,False,False,False,False,False,True,True,False,True,False,-0.0579710144927536,-0.1014492753623188,,,0.0828985507246376,0.2388212560386473,-0.0869565217391304,-0.1478260869565217,0.0064735599502424,-0.2300578034682081,2300.0,2300.0,1.6059113300492611,0.0085335018963337,-0.0005197336790567,-0.0005532184634943
1994-06-16,3500.0,3500.0,3450.0,3470.0,65000.0,3470.0,3434.0,3450.5,3193.8,2643.0,2445.175,False,False,False,False,False,False,True,True,False,False,False,-0.0345821325648415,-0.0706051873198847,,,0.0795965417867434,0.2383285302593659,-0.0979827089337175,-0.138328530259366,0.0064068608904023,-0.2151862048978409,2390.0,2350.0,0.1993865030674846,0.0093305779948651,0.0007970760985313,-6.669905984009808e-05
1994-06-17,3520.0,3525.0,3450.0,3485.0,139000.0,3485.0,3451.0,3444.5,3221.4,2658.133333333333,2449.35,False,False,False,False,False,False,True,True,False,True,False,-0.0674318507890961,-0.1090387374461979,,,0.075638450502152,0.2372644667623147,-0.0832137733142037,-0.1319942611190817,0.0056932182985553,-0.2000290317898098,2395.0,2300.0,2.1384615384615384,0.0085677034829576,-0.0007628745119074,-0.000713642591847
1994-06-20,3485.0,3485.0,3350.0,3350.0,27000.0,3350.0,3456.0,3428.0,3246.0,2670.9333333333334,2453.225,False,False,False,False,False,False,True,True,False,True,False,-0.0671641791044776,-0.0626865671641791,,,0.0310447761194029,0.2027064676616915,-0.0671641791044776,-0.0895522388059701,0.0047923322683706,-0.183051341890315,2400.0,2255.0,0.1942446043165467,0.0075785582255082,-0.0009891452574494,-0.0009008860301846
1994-06-21,3325.0,3325.0,3250.0,3300.0,24000.0,3300.0,3411.0,3406.5,3270.0,2682.9333333333334,2456.575,False,False,False,False,False,False,True,True,False,True,False,-0.0303030303030303,-0.003030303030303,,,0.009090909090909,0.1869898989898989,-0.0484848484848484,-0.1212121212121212,0.0044727164297783,-0.168501394393072,2355.0,2300.0,0.8888888888888888,0.0073394495412844,-0.0002391086842238,-0.0003196158385923
1994-06-22,3200.0,3250.0,3200.0,3250.0,66000.0,3250.0,3371.0,3386.5,3292.4,2693.9333333333334,2459.675,False,False,False,False,False,False,True,True,False,True,False,-0.0461538461538461,0.023076923076923,,,-0.0130461538461538,0.1710974358974358,-0.0384615384615384,-0.1246153846153846,0.0040832487812121,-0.1556178945814262,2300.0,2255.0,2.75,0.006803547564087,-0.0005359019771973,-0.0003894676485662
1994-06-23,3260.0,3350.0,3260.0,3350.0,19000.0,3350.0,3347.0,3390.5,3320.2,2706.6,2463.075,False,False,False,False,False,False,True,True,False,False,False,-0.0373134328358208,-0.0298507462686567,,,0.0088955223880597,0.1920597014925373,-0.0671641791044776,-0.1641791044776119,0.0046799182245867,-0.1510101754903406,2400.0,2250.0,0.2878787878787879,0.0083729895789409,0.0015694420148539,0.0005966694433746
1994-06-24,3375.0,3375.0,3200.0,3250.0,52000.0,3250.0,3300.0,3375.5,3340.2,2719.9333333333334,2465.6,False,False,False,False,False,False,True,True,False,True,False,-0.0446153846153846,-0.0153846153846153,,,-0.027753846153846,0.1630974358974359,-0.0307692307692307,-0.1446153846153846,0.0049020809333562,-0.1433861650125907,2375.0,2225.0,2.736842105263158,0.0059876654092569,-0.002385324169684,0.0002221627087695
1994-06-27,3150.0,3200.0,3075.0,3125.0,23000.0,3125.0,3255.0,3355.5,3351.4,2731.333333333333,2467.775,False,False,False,False,False,False,True,True,False,True,False,0.0048,0.024,,,-0.072448,0.1259733333333334,-0.0048,-0.096,0.0041737856968512,-0.1358962896736701,2350.0,2180.0,0.4423076923076923,0.0033418869726085,-0.0026457784366483,-0.000728295236505
1994-06-28,3075.0,3205.0,3075.0,3200.0,64000.0,3200.0,3235.0,3323.0,3365.4,2743.0666666666666,2470.35,False,False,False,False,False,False,True,True,False,False,False,0.028125,0.03125,,,-0.0516875,0.1427916666666666,-0.03125,-0.109375,0.0042774510280465,-0.1271441468552512,2420.0,2180.0,2.782608695652174,0.004159980982944,0.0008180940103355,0.0001036653311953
1994-06-29,3100.0,3150.0,3100.0,3100.0,23000.0,3100.0,3205.0,3288.0,3371.4,2754.2,2472.425,False,False,False,False,False,False,True,True,False,True,False,0.0725806451612903,0.0967741935483871,,,-0.0875483870967742,0.1115483870967742,0.0080645161290322,-0.0854838709677419,0.0040423111369302,-0.1210462287104622,2540.0,2180.0,0.359375,0.0017796760989499,-0.002380304883994,-0.0002351398911163
1994-06-30,3105.0,3250.0,3085.0,3225.0,48000.0,3225.0,3180.0,3263.5,3375.2,2766.2,2475.0,False,False,False,False,False,False,True,True,False,True,False,0.0077519379844961,0.0542635658914728,,,-0.0465736434108526,0.1422635658914729,-0.0387596899224806,-0.1240310077519379,0.0043380811221169,-0.1195036004289872,2665.0,2185.0,2.0869565217391304,0.0011258592083431,-0.0006538168906068,0.0002957699851867
1994-07-01,3225.0,3225.0,3105.0,3105.0,51000.0,3105.0,3151.0,3225.5,3365.8,2777.2,2477.375,False,False,False,False,False,False,False,True,False,True,False,0.0305958132045088,0.1030595813204508,,,-0.0839935587761675,0.1055716586151369,-0.0144927536231884,-0.0772946859903381,0.003960823851361,-0.1140908386296698,2850.0,2200.0,1.0625,-0.0027927981460572,-0.0039186573544004,-0.0003772572707559
1994-07-04,3205.0,3210.0,3135.0,3140.0,19000.0,3140.0,3154.0,3204.5,3351.4,2788.4,2479.8,False,False,False,False,False,False,False,True,False,True,False,0.019108280254777,0.0589171974522293,,,-0.0673248407643312,0.1119745222929936,-0.0254777070063694,-0.10828025477707,0.0040166403672357,-0.1160867530035887,2895.0,2200.0,0.3725490196078431,-0.0042967118219251,-0.0015039136758679,5.581651587470513e-05
1994-07-05,3240.0,3300.0,3240.0,3290.0,56000.0,3290.0,3172.0,3203.5,3347.0,2802.133333333333,2483.1,False,False,False,False,False,False,False,True,False,False,False,0.0030395136778115,-0.0045592705167173,,,-0.0173252279635258,0.1482877406281662,-0.0577507598784194,-0.1610942249240121,0.0049010277883516,-0.120181051974403,2815.0,2370.0,2.9473684210526314,-0.0013146100985957,0.0029821017233294,0.0008843874211158
1994-07-06,3350.0,3355.0,3255.0,3325.0,50000.0,3325.0,3217.0,3211.0,3342.6,2815.8,2486.675,False,False,False,False,False,False,False,True,False,True,True,0.0225563909774436,-0.0526315789473684,,,-0.0052932330827067,0.153142857142857,-0.0676691729323308,-0.1684210526315789,0.0048535644103512,-0.1247274992214263,2775.0,2355.0,0.8928571428571429,-0.0013163405732065,-1.7304746107284566e-06,-4.7463378000434965e-05
1994-07-07,3255.0,3255.0,3250.0,3250.0,17000.0,3250.0,3222.0,3201.0,3330.0,2827.8,2489.675,False,False,False,False,False,False,False,True,False,True,False,0.0461538461538461,-0.0369230769230769,,,-0.0246153846153846,0.1299076923076922,-0.0615384615384615,-0.1569230769230769,0.0042435815828559,-0.1238675413933145,2725.0,2280.0,0.34,-0.0037837837837837,-0.0024674432105772,-0.0006099828274952
1994-07-08,3250.0,3250.0,3175.0,3200.0,16000.0,3200.0,3241.0,3196.0,3316.2,2839.8,2492.525,False,False,False,False,False,False,False,True,False,True,False,0.0703125,-0.0015625,,,-0.0363124999999999,0.1125624999999999,-0.03125,-0.140625,0.0042256496936403,-0.1234355444305381,2795.0,2290.0,0.9411764705882352,-0.0041613895422472,-0.0003776057584634,-1.7931889215533348e-05
1994-07-11,3150.0,3200.0,3100.0,3200.0,43000.0,3200.0,3253.0,3203.5,3303.6,2852.4,2495.475,False,False,False,False,False,False,False,True,False,False,True,0.0390625,-0.0234375,,,-0.0323749999999999,0.1086249999999999,-0.0609375,-0.15625,0.0044173327724021,-0.1293897299828312,2735.0,2250.0,2.6875,-0.0038140210679258,0.0003473684743213,0.0001916830787617
1994-07-12,3250.0,3325.0,3200.0,3300.0,56000.0,3300.0,3255.0,3213.5,3295.0,2865.733333333333,2498.9,False,False,False,False,True,False,False,True,False,False,False,-0.0075757575757575,-0.0484848484848484,,,0.0015151515151515,0.1315959595959596,-0.0757575757575757,-0.1818181818181818,0.0046526776159678,-0.1367667652092734,2700.0,2290.0,1.302325581395349,-0.0026100151745068,0.001204005893419,0.0002353448435657
1994-07-13,3345.0,3445.0,3345.0,3400.0,221000.0,3400.0,3270.0,3243.5,3293.0,2881.0,2502.775,False,False,False,False,False,False,False,True,False,False,False,-0.0735294117647058,-0.0808823529411764,,,0.0314705882352941,0.1526470588235294,-0.1044117647058823,-0.2044117647058823,0.0052990859655213,-0.1487590565746878,2690.0,2300.0,3.946428571428572,-0.0006073489219556,0.0020026662525511,0.0006464083495534
1994-07-14,3450.0,3475.0,3375.0,3400.0,107000.0,3400.0,3300.0,3261.0,3296.6,2896.333333333333,2506.7,False,False,False,False,False,False,True,True,True,False,False,-0.0794117647058823,-0.0808823529411764,,,0.0304117647058823,0.1481372549019608,-0.1029411764705882,-0.1911764705882352,0.0052940499482102,-0.1556271082490033,2655.0,2390.0,0.4841628959276018,0.0010920342170721,0.0016993831390277,-5.036017311027541e-06
1994-07-15,3450.0,3450.0,3325.0,3425.0,62000.0,3425.0,3345.0,3293.0,3297.6,2912.333333333333,2510.75,False,False,False,False,False,False,True,True,False,True,False,-0.0671532846715328,-0.0802919708029197,,,0.0371970802919708,0.149683698296837,-0.1182481751824817,-0.1313868613138686,0.0054938766166876,-0.1604919526267841,2750.0,2395.0,0.5794392523364486,0.0003032508491023,-0.0007887833679697,0.0001998266684773
1994-07-18,3325.0,3325.0,3325.0,3325.0,3000.0,3325.0,3370.0,3311.5,3297.6,2927.6,2514.075,False,False,False,False,False,False,False,True,False,True,False,-0.0601503759398496,-0.0646616541353383,,,0.0082406015037594,0.1195187969924812,-0.1203007518796992,-0.1157894736842105,0.0052147378967983,-0.1609542503397252,2845.0,2400.0,0.0483870967741935,0.0,-0.0003032508491023,-0.0002791387198892
1994-07-19,3330.0,3355.0,3275.0,3275.0,30000.0,3275.0,3365.0,3310.0,3287.6,2942.2,2516.325,False,False,False,False,False,True,False,True,False,True,False,-0.0412213740458015,-0.0534351145038167,,,-0.0038473282442747,0.101618320610687,-0.1145038167938931,-0.1297709923664122,0.004962273128951,-0.1578549848942598,2850.0,2355.0,10.0,-0.0030417325708723,-0.0030417325708723,-0.0002524647678472
1994-07-20,3255.0,3265.0,3150.0,3150.0,54000.0,3150.0,3315.0,3292.5,3275.6,2955.133333333333,2517.975,False,False,False,False,False,False,False,True,False,True,False,-0.0079365079365079,-0.0079365079365079,,,-0.0398730158730158,0.0618624338624339,-0.0936507936507936,-0.1031746031746031,0.0043765650732059,-0.1515565679574791,2950.0,2300.0,1.8,-0.0036634509708145,-0.0006217183999421,-0.0005857080557451
1994-07-21,3155.0,3165.0,3130.0,3130.0,26000.0,3130.0,3261.0,3280.5,3262.0,2967.733333333333,2519.85,False,False,False,False,False,False,False,True,False,True,False,-0.0015974440894568,-0.0095846645367412,,,-0.0421725239616613,0.0518423855165069,-0.0910543130990415,-0.1293929712460063,0.0042456644801868,-0.1489102270995275,3130.0,2400.0,0.4814814814814814,-0.0041692213366032,-0.0005057703657887,-0.000130900593019
1994-07-22,3180.0,3195.0,3145.0,3195.0,57000.0,3195.0,3215.0,3280.0,3250.4,2981.0,2522.075,False,False,False,False,False,False,False,True,False,False,False,-0.0140845070422535,-0.0422535211267605,,,-0.017339593114241,0.06697965571205,-0.1236306729264475,-0.1330203442879499,0.0044504081404451,-0.148170731707317,3340.0,2375.0,2.1923076923076925,-0.0035687915333497,0.0006004298032535,0.0002047436602582
1994-07-25,3200.0,3200.0,3125.0,3125.0,12000.0,3125.0,3175.0,3272.5,3241.4,2993.333333333333,2524.225,False,False,False,False,False,False,False,True,False,False,False,-0.0048,-0.0208,,,-0.037248,0.0421333333333334,-0.0592,-0.0752,0.0041202672605789,-0.1404125286478227,3500.0,2350.0,0.2105263157894736,-0.0027765780218424,0.0007922135115072,-0.0003301408798661
1994-07-26,3150.0,3175.0,3100.0,3140.0,34000.0,3140.0,3148.0,3256.5,3235.0,3003.6,2526.2,False,False,False,False,False,False,False,True,False,False,False,-0.0127388535031847,-0.0127388535031847,,,-0.0302547770700636,0.0434394904458599,-0.090764331210191,-0.0796178343949044,0.0034181204776491,-0.1303546752648549,3400.0,2420.0,2.833333333333333,-0.0019783616692426,0.0007982163525997,-0.0007021467829298
1994-07-27,3190.0,3225.0,3125.0,3125.0,62000.0,3125.0,3143.0,3229.0,3230.0,3013.866666666667,2528.25,False,False,False,False,False,False,False,True,False,False,False,0.0,-0.008,,,-0.0336,0.0355626666666666,-0.1104,-0.088,0.0034064767297824,-0.118457726850418,3435.0,2540.0,1.8235294117647056,-0.001547987616099,0.0004303740531436,-1.1643747866704312e-05
1994-07-28,3130.0,3130.0,3080.0,3125.0,40000.0,3125.0,3142.0,3201.5,3221.0,3025.133333333333,2530.5,False,False,False,False,False,False,False,True,False,True,False,-0.008,-0.024,,,-0.03072,0.0319573333333333,-0.1072,-0.112,0.0037243537474931,-0.1101046384507262,3565.0,2665.0,0.6451612903225806,-0.0027941633033219,-0.0012461756872228,0.0003178770177107
1994-07-29,3125.0,3200.0,3125.0,3150.0,12000.0,3150.0,3133.0,3174.0,3217.0,3036.6,2532.875,False,False,False,False,False,False,False,True,False,False,False,-0.0285714285714285,-0.0158730158730158,,,-0.0212698412698412,0.036,-0.1253968253968254,-0.1349206349206349,0.0037761531537465,-0.1102709514807813,3545.0,2850.0,0.3,-0.0012433944668946,0.0015507688364273,5.179940625338157e-05
1994-08-01,3110.0,3110.0,3110.0,3110.0,20000.0,3110.0,3130.0,3152.5,3216.4,3048.0666666666666,2535.3,False,False,False,False,False,False,False,True,False,False,False,-0.0160771704180064,-0.0337620578778135,,,-0.0342122186495177,0.0199142550911039,-0.1141479099678456,-0.1623794212218649,0.0037619474639662,-0.1148295003965107,3515.0,2895.0,1.6666666666666667,-0.0001865439621937,0.0010568505047008,-1.420568978028518e-05
1994-08-02,3110.0,3110.0,3100.0,3100.0,43000.0,3100.0,3122.0,3135.0,3212.4,3058.866666666667,2537.675,False,False,False,False,False,False,False,True,False,True,False,0.0,-0.0161290322580645,,,-0.036258064516129,0.013268817204301,-0.0967741935483871,-0.146774193548387,0.003530719438572,-0.1164274322169059,3515.0,2815.0,2.15,-0.00124517494708,-0.0010586309848863,-0.0002312280253941
1994-08-03,3125.0,3125.0,3075.0,3125.0,52000.0,3125.0,3122.0,3132.5,3213.4,3069.866666666667,2540.2,False,False,False,False,False,False,True,True,False,False,False,-0.008,-0.0256,,,-0.028288,0.0176426666666666,-0.1328,-0.1664,0.0035832175121612,-0.1227454110135674,3450.0,2775.0,1.2093023255813953,0.0003111968631356,0.0015563718102156,5.249807358914324e-05
1994-08-04,3105.0,3105.0,3055.0,3100.0,18000.0,3100.0,3117.0,3129.5,3208.4,3079.333333333333,2542.825,False,False,False,False,False,False,False,True,False,True,False,-0.0161290322580645,-0.0161290322580645,,,-0.0349677419354839,0.0066666666666667,-0.1209677419354838,-0.2080645161290322,0.0030742584975101,-0.1305320338712254,3310.0,2725.0,0.3461538461538461,-0.0015584091759132,-0.0018696060390488,-0.000508959014651
1994-08-05,3150.0,3150.0,3060.0,3060.0,11000.0,3060.0,3099.0,3116.0,3206.6,3088.2,2545.125,False,False,False,False,False,False,False,True,False,False,False,0.0130718954248366,-0.0130718954248366,,,-0.0479084967320261,-0.0092156862745097,-0.1062091503267973,-0.2140522875816993,0.0028711439241845,-0.1384788189987163,3400.0,2795.0,0.6111111111111112,-0.0005613422316472,0.0009970669442659,-0.0002031145733255
1994-08-08,3060.0,3100.0,3060.0,3060.0,6000.0,3060.0,3089.0,3109.5,3203.4,3097.0,2547.675,False,False,False,False,False,False,False,True,False,True,False,-0.0179738562091503,-0.0441176470588235,,,-0.0468627450980392,-0.0120915032679738,-0.1045751633986928,-0.2026143790849673,0.0028414594769132,-0.1511497025245216,3325.0,2735.0,0.5454545454545454,-0.000998938627708,-0.0004375963960607,-2.968444727136912e-05
1994-08-09,3060.0,3100.0,3050.0,3100.0,12000.0,3100.0,3089.0,3105.5,3195.8,3106.9333333333334,2550.65,False,False,False,False,False,False,False,True,False,True,False,-0.0161290322580645,-0.064516129032258,,,-0.0309032258064516,-0.0022365591397849,-0.1209677419354838,-0.2129032258064516,0.003197150459188,-0.1645467718563838,3525.0,2700.0,2.0,-0.0023781212841854,-0.0013791826564774,0.0003556909822748
1994-08-10,3150.0,3150.0,3050.0,3100.0,21000.0,3100.0,3084.0,3103.0,3186.8,3117.6,2553.675,False,False,False,False,False,False,False,True,False,True,False,-0.0177419354838709,-0.0790322580645161,,,-0.028,-0.0056774193548386,-0.164516129032258,-0.1887096774193548,0.0034214352921049,-0.1746696745085401,3450.0,2690.0,1.75,-0.0028241496171708,-0.0004460283329853,0.0002242848329169
1994-08-11,3050.0,3050.0,3000.0,3050.0,19000.0,3050.0,3074.0,3095.5,3178.8,3126.266666666667,2556.45,False,False,False,False,False,False,False,True,False,False,False,0.0,-0.0672131147540983,,,-0.0422295081967213,-0.0250054644808743,-0.1639344262295081,-0.1360655737704918,0.0027722096643494,-0.1771926990793086,3470.0,2655.0,0.9047619047619048,-0.002516672958349,0.0003074766588217,-0.0006492256277555
1994-08-12,3000.0,3150.0,2970.0,3100.0,40000.0,3100.0,3082.0,3090.5,3174.8,3135.9333333333334,2559.625,False,False,False,False,False,False,False,True,False,False,False,-0.0258064516129032,-0.0967741935483871,,,-0.0241290322580645,-0.0115913978494623,-0.1774193548387097,-0.1290322580645161,0.0030825485235655,-0.1766704416761041,3485.0,2750.0,2.1052631578947367,-0.0012599218848431,0.0012567510735059,0.000310338859216
1994-08-15,3040.0,3040.0,3000.0,3005.0,4000.0,3005.0,3071.0,3080.0,3167.0,3144.6666666666665,2562.4,False,False,False,False,False,False,False,True,False,True,False,-0.0266222961730449,-0.021630615640599,,,-0.0539101497504159,-0.0464780920687742,-0.1347753743760399,-0.103161397670549,0.0027771888912443,-0.1709415584415584,3350.0,2845.0,0.1,-0.0024628986422482,-0.0012029767574051,-0.0003053596323211
1994-08-16,2955.0,3050.0,2955.0,3050.0,17000.0,3050.0,3061.0,3075.0,3157.0,3153.0666666666666,2565.4,False,False,False,False,False,False,False,True,False,True,False,-0.0491803278688524,-0.0639344262295081,,,-0.0350819672131147,-0.0337923497267759,-0.1540983606557377,-0.1655737704918032,0.0026640730717185,-0.1728455284552845,3300.0,2850.0,4.25,-0.0031675641431738,-0.0007046655009256,-0.0001131158195258
1994-08-17,3000.0,3045.0,3000.0,3045.0,6000.0,3045.0,3050.0,3067.0,3142.8,3159.8,2568.625,False,False,True,False,False,False,False,True,False,True,False,-0.0623973727422003,-0.0870279146141215,,,-0.0321182266009852,-0.0377011494252874,-0.154351395730706,-0.174055829228243,0.0021309365571661,-0.1736224323443104,3250.0,2950.0,0.3529411764705882,-0.0045182639684357,-0.0013506998252618,-0.0005331365145524
1994-08-18,3025.0,3050.0,3025.0,3050.0,7000.0,3050.0,3050.0,3062.0,3128.8,3164.9333333333334,2571.825,False,False,False,False,False,False,False,True,False,False,False,-0.0672131147540983,-0.0852459016393442,,,-0.0258360655737705,-0.0376830601092896,-0.1442622950819672,-0.1754098360655737,0.0016219404305514,-0.1703135205747877,3350.0,3130.0,1.1666666666666667,-0.0044745589363334,4.370503210231365e-05,-0.0005089961266147
1994-08-19,3020.0,3020.0,2900.0,3020.0,33000.0,3020.0,3034.0,3058.0,3112.6,3167.2,2574.925,False,False,False,False,False,False,False,True,False,True,False,-0.0728476821192053,-0.0877483443708609,,,-0.0306622516556291,-0.0487417218543045,-0.1225165562913907,-0.1672185430463576,0.0007156689399679,-0.1656311314584695,3250.0,3340.0,4.714285714285714,-0.0052046520593716,-0.0007300931230382,-0.0009062714905834
1994-08-22,3000.0,3000.0,2925.0,2925.0,4000.0,2925.0,3018.0,3044.5,3096.6,3167.6,2577.65,False,False,False,False,False,False,False,True,False,False,False,0.0051282051282051,-0.0581196581196581,,,-0.0586666666666666,-0.0829401709401709,-0.0615384615384615,-0.1538461538461538,0.0001262785705266,-0.1607817375595336,3125.0,3500.0,0.1212121212121212,-0.0051669573080152,3.769475135643151e-05,-0.0005893903694413
1994-08-23,2925.0,2925.0,2870.0,2900.0,16000.0,2900.0,2988.0,3024.5,3081.6,3168.733333333333,2580.25,False,False,False,False,False,False,False,True,False,False,False,-0.0155172413793103,-0.0344827586206896,,,-0.0626206896551723,-0.0926666666666665,-0.0206896551724137,-0.1672413793103448,0.0003576613157728,-0.1560588527029261,3200.0,3400.0,4.0,-0.0048676012461059,0.0002993560619093,0.0002313827452462
1994-08-24,2900.0,2900.0,2775.0,2855.0,19000.0,2855.0,2950.0,3000.0,3069.8,3169.8,2582.4,False,False,False,False,False,False,False,True,False,False,False,-0.0262697022767075,-0.0507880910683012,,,-0.0752364273204904,-0.1102626970227671,0.0297723292469352,-0.1751313485113835,0.0003365091383264,-0.1545,3100.0,3435.0,1.1875,-0.0038438986253175,0.0010237026207883,-2.115217744641382e-05
1994-08-25,2865.0,2865.0,2755.0,2845.0,31000.0,2845.0,2909.0,2979.5,3058.4,3171.4,2584.75,False,False,False,False,False,False,False,True,False,False,False,-0.0193321616871704,-0.0421792618629174,,,-0.0750087873462214,-0.1147275922671353,0.0509666080843585,-0.1757469244288225,0.000504509049631,-0.1584158415841584,3225.0,3565.0,1.631578947368421,-0.003727439183887,0.0001164594414304,0.0001679999113046
1994-08-26,2780.0,2800.0,2775.0,2800.0,30000.0,2800.0,2865.0,2949.5,3042.6,3171.4666666666667,2587.25,False,False,False,False,False,False,False,True,False,True,False,-0.0160714285714285,-0.0232142857142857,,,-0.0866428571428571,-0.1326666666666666,0.0803571428571428,-0.1660714285714285,2.1020768519277946e-05,-0.1622308865909476,3105.0,3545.0,0.967741935483871,-0.0051929271018208,-0.0014654879179338,-0.0004834882811117
1994-08-29,2900.0,2975.0,2900.0,2940.0,27000.0,2940.0,2868.0,2943.0,3035.2,3174.2,2590.35,False,False,False,False,False,False,False,True,False,False,False,-0.0629251700680272,-0.0680272108843537,,,-0.0323809523809523,-0.0796598639455781,0.0374149659863945,-0.2091836734693877,0.0008611093608887,-0.1729527692830445,3140.0,3515.0,0.9,-0.0024380600948866,0.0027548670069341,0.0008400885923694
1994-08-30,2900.0,2925.0,2850.0,2855.0,76000.0,2855.0,2859.0,2923.5,3023.8,3176.266666666667,2592.875,False,False,False,False,False,False,False,True,False,True,False,-0.0192644483362521,-0.0455341506129597,,,-0.0591243432574431,-0.112527729130181,0.0157618213660245,-0.1260945709281961,0.0006506590546554,-0.1691465708910552,3290.0,3515.0,2.814814814814815,-0.0037700906144585,-0.0013320305195718,-0.0002104503062332
1994-08-31,2855.0,2855.0,2780.0,2780.0,25000.0,2780.0,2844.0,2897.0,3010.0,3177.4666666666667,2595.15,False,False,False,False,False,False,False,True,False,True,False,-0.0251798561151079,-0.0683453237410072,,,-0.0827338129496402,-0.1429736211031175,0.0233812949640287,-0.1043165467625899,0.0003776593512651,-0.1624093890231273,3325.0,3450.0,0.3289473684210526,-0.0045847176079734,-0.0008146269935149,-0.0002729997033903
1994-09-01,2765.0,2800.0,2760.0,2790.0,35000.0,2790.0,2833.0,2871.0,2996.6,3179.266666666667,2597.45,False,False,False,False,False,False,False,True,False,False,False,-0.0232974910394265,-0.086021505376344,,,-0.0740501792114695,-0.1395221027479092,0.003584229390681,-0.086021505376344,0.0005661682987691,-0.1536050156739812,3250.0,3310.0,1.4,-0.0044717346325836,0.0001129829753898,0.000188508947504
1994-09-02,2795.0,2800.0,2755.0,2755.0,60000.0,2755.0,2824.0,2844.5,2980.8,3179.333333333333,2599.7,False,False,False,False,False,False,False,True,False,True,False,-0.0072595281306715,-0.0744101633393829,,,-0.0819600725952813,-0.154022988505747,0.0090744101633393,-0.0780399274047187,2.096875655257432e-05,-0.1448409210757602,3200.0,3400.0,1.7142857142857142,-0.0053005904455178,-0.0008288558129342,-0.0005451995422165
1994-09-05,2755.0,2755.0,2755.0,2755.0,9000.0,2755.0,2787.0,2827.5,2966.6,3178.133333333333,2601.85,False,False,False,False,False,False,False,False,False,False,False,-0.0054446460980036,-0.0562613430127041,,,-0.0768058076225045,-0.1535874168179068,0.0254083484573502,-0.0653357531760435,-0.0003775801308943,-0.1361626878868258,3200.0,3325.0,0.15,-0.0047866244185263,0.0005139660269915,-0.0003985488874469
1994-09-06,2750.0,2800.0,2700.0,2800.0,44000.0,2800.0,2776.0,2817.5,2954.6,3177.4666666666667,2604.325,False,False,False,False,False,False,False,False,False,False,False,-0.0267857142857142,-0.0785714285714285,,,-0.0552142857142856,-0.1348095238095238,0.0178571428571428,-0.0892857142857142,-0.0002098107507028,-0.1283052351375332,3300.0,3525.0,4.888888888888889,-0.0040614634806742,0.0007251609378521,0.0001677693801915
1994-09-07,2825.0,2825.0,2710.0,2710.0,34000.0,2710.0,2762.0,2803.0,2938.0,3174.266666666667,2606.675,False,False,False,False,False,False,False,False,False,True,False,-0.044280442804428,-0.0498154981549815,,,-0.0841328413284132,-0.1713161131611316,0.0461254612546125,-0.0424354243542435,-0.001008106859327,-0.1152336782019265,3400.0,3450.0,0.7727272727272727,-0.005650102110279,-0.0015886386296048,-0.0007982961086242
1994-09-08,2760.0,2760.0,2725.0,2725.0,19000.0,2725.0,2749.0,2791.0,2923.0,3168.866666666667,2610.175,False,False,False,False,False,False,False,False,False,False,False,-0.0642201834862385,-0.0422018348623853,,,-0.0726605504587156,-0.1628868501529052,0.036697247706422,-0.0642201834862385,-0.0017040792712431,-0.1040845575062701,3400.0,3470.0,0.5588235294117647,-0.0051317139924734,0.0005183881178055,-0.0006959724119161
1994-09-09,2735.0,2755.0,2735.0,2735.0,32000.0,2735.0,2745.0,2784.5,2910.0,3160.8,2613.475,False,False,False,False,False,False,False,False,False,False,False,-0.0676416819012797,-0.0310786106032906,,,-0.0639853747714808,-0.1556855575868373,0.0475319926873857,-0.0859232175502742,-0.00255209651565,-0.0960675166098042,3425.0,3485.0,1.6842105263157894,-0.00446735395189,0.0006643600405834,-0.0008480172444068
1994-09-12,2835.0,2835.0,2735.0,2740.0,28000.0,2740.0,2742.0,2764.5,2897.2,3150.6666666666665,2616.8,False,False,False,False,False,False,False,False,False,False,False,-0.0510948905109489,0.0018248175182481,,,-0.0573722627737225,-0.1498783454987834,0.0218978102189781,-0.0784671532846715,-0.0032162505289886,-0.0822933622716585,3325.0,3350.0,0.875,-0.004418058815408,4.9295136481991055e-05,-0.0006641540133386
1994-09-13,2710.0,2750.0,2675.0,2725.0,48000.0,2725.0,2727.0,2751.5,2882.2,3141.6666666666665,2620.125,False,False,False,False,False,False,False,False,False,True,False,-0.0532110091743119,0.0422018348623853,,,-0.0576880733944953,-0.1529051987767583,0.0128440366972477,-0.0825688073394495,-0.0028647214854111,-0.0777757586770852,3275.0,3300.0,1.7142857142857142,-0.0052043577822496,-0.0007862989668416,0.0003515290435775
1994-09-14,2725.0,2725.0,2560.0,2590.0,50000.0,2590.0,2703.0,2732.5,2861.8,3130.4,2622.45,False,False,False,False,False,False,False,False,False,True,False,-0.0057915057915057,0.1351351351351351,,,-0.104942084942085,-0.2086486486486486,0.0675675675675675,-0.0347490347490347,-0.0035991140642302,-0.0709972552607502,3150.0,3250.0,1.0416666666666667,-0.0071283807393946,-0.0019240229571449,-0.0007343925788191
1994-09-16,2595.0,2605.0,2550.0,2550.0,30000.0,2550.0,2668.0,2708.5,2841.8,3116.866666666667,2625.05,False,False,False,False,False,False,False,False,False,False,False,0.0235294117647058,0.1725490196078431,,,-0.1144313725490196,-0.2223006535947713,0.0745098039215686,0.0705882352941176,-0.0043419673603832,-0.0561196234077902,3130.0,3350.0,0.6,-0.0070377929481314,9.058779126319348e-05,-0.000742853296153
1994-09-19,2575.0,2625.0,2550.0,2550.0,11000.0,2550.0,2631.0,2688.0,2819.8,3103.6,2627.675,False,False,False,False,False,False,False,False,False,True,False,0.0392156862745098,0.1862745098039215,,,-0.1058039215686275,-0.2170980392156862,0.0784313725490196,0.1784313725490196,-0.0042746058340852,-0.0316220238095238,3195.0,3250.0,0.3666666666666666,-0.0078019717710475,-0.0007641788229161,6.736152629806431e-05
1994-09-20,2555.0,2600.0,2525.0,2600.0,24000.0,2600.0,2603.0,2672.5,2803.6,3091.4,2630.675,False,False,False,False,False,False,False,False,False,False,False,0.0557692307692307,0.173076923076923,,,-0.0783076923076922,-0.189,0.0384615384615384,0.148076923076923,-0.0039464320372646,-0.0106641721234798,3125.0,3125.0,2.1818181818181817,-0.0057782850620631,0.0020236867089844,0.0003281737968206
1994-09-21,2590.0,2590.0,2550.0,2580.0,22000.0,2580.0,2574.0,2650.5,2784.8,3078.9333333333334,2634.075,False,False,False,False,False,False,False,False,False,True,False,0.1007751937984496,0.1240310077519379,,,-0.0793798449612403,-0.1933850129198966,0.0465116279069767,0.1220930232558139,-0.00404902130608,0.0105640445199019,3140.0,3200.0,0.9166666666666666,-0.0067509336397585,-0.0009726485776954,-0.0001025892688154
1994-09-22,2630.0,2630.0,2560.0,2575.0,51000.0,2575.0,2571.0,2637.0,2766.0,3067.266666666667,2637.375,False,False,False,False,False,False,False,False,False,True,False,0.141747572815534,0.1048543689320388,,,-0.0741747572815534,-0.1911715210355987,0.0504854368932038,0.1650485436893204,-0.0038036036427654,0.0310959423587409,3125.0,3100.0,2.3181818181818183,-0.0067968185104845,-4.588487072592837e-05,0.0002454176633145
1994-09-26,2600.0,2610.0,2575.0,2610.0,52000.0,2610.0,2583.0,2625.5,2748.4,3057.9333333333334,2640.725,False,False,False,False,False,False,False,False,False,False,False,0.1455938697318007,0.0727969348659003,,,-0.0530268199233716,-0.1716219667943806,0.053639846743295,0.053639846743295,-0.0030521703111034,0.0432298609788611,3125.0,3225.0,1.0196078431372548,-0.0064037258041041,0.0003930927063803,0.000751433331662
1994-09-27,2615.0,2660.0,2615.0,2650.0,20000.0,2650.0,2603.0,2617.0,2733.6,3047.9333333333334,2643.4,False,False,False,False,False,False,False,False,False,False,False,0.1415094339622641,0.0490566037735849,,,-0.0315471698113207,-0.1501635220125786,0.1226415094339622,0.0283018867924528,-0.0032809116559854,0.0552158960641956,3150.0,3105.0,0.3846153846153846,-0.0054141059408838,0.0009896198632202,-0.000228741344882
1994-09-28,2625.0,2745.0,2625.0,2745.0,32000.0,2745.0,2632.0,2617.5,2726.4,3040.2,2646.325,False,False,False,False,True,False,False,False,False,False,False,0.1111111111111111,0.029143897996357,,,0.0067759562841529,-0.1075409836065573,0.0710382513661202,-0.0491803278688524,-0.0025436923009451,0.0582617000955109,3110.0,3140.0,1.6,-0.0026408450704224,0.0027732608704614,0.0007372193550402
1994-09-29,2795.0,2845.0,2785.0,2840.0,71000.0,2840.0,2684.0,2629.0,2724.0,3031.0666666666666,2650.025,False,False,False,False,False,False,False,False,False,False,True,0.0211267605633802,0.0035211267605633,,,0.0408450704225352,-0.0672769953051643,0.0035211267605633,-0.1197183098591549,-0.0030132406633527,0.0536325599087105,3100.0,3290.0,2.21875,-0.0008810572687225,0.0017597878016999,-0.0004695483624076
1994-09-30,2900.0,3000.0,2900.0,2940.0,125000.0,2940.0,2757.0,2664.0,2727.4,3024.266666666667,2653.425,False,False,False,False,False,False,True,False,True,False,False,-0.032312925170068,-0.0357142857142857,,,0.072312925170068,-0.0286621315192744,-0.0391156462585034,-0.1088435374149659,-0.0022484789701083,0.0442942942942942,3125.0,3325.0,1.7605633802816902,0.0012466084916037,0.0021276657603262,0.0007647616932444
1994-10-03,3000.0,3020.0,2950.0,2990.0,100000.0,2990.0,2833.0,2708.0,2733.2,3017.866666666667,2656.325,False,False,False,False,False,False,True,False,False,False,False,-0.0635451505016722,-0.0551839464882943,,,0.0858862876254181,-0.0093199554069119,-0.088628762541806,-0.1137123745819397,-0.0021207033666166,0.0243722304283604,3100.0,3250.0,0.8,0.0021220547343771,0.0008754462427734,0.0001277756034917
1994-10-04,3020.0,3125.0,2975.0,3025.0,289000.0,3025.0,2908.0,2755.5,2742.2,3011.733333333333,2660.925,False,False,False,False,False,False,True,False,False,False,False,-0.08099173553719,-0.052892561983471,,,0.0934876033057851,0.0043856749311295,-0.084297520661157,-0.1074380165289256,-0.002036479546662,-0.0043549265106151,3060.0,3200.0,2.89,0.0032820363212019,0.0011599815868247,8.422381995456911e-05
1994-10-05,3075.0,3150.0,3010.0,3050.0,300000.0,3050.0,2969.0,2800.5,2746.6,3007.733333333333,2666.675,False,False,False,False,False,False,True,False,False,True,False,-0.0737704918032786,-0.081967213114754,,,0.0994754098360656,0.0138579234972678,-0.0524590163934426,-0.121311475409836,-0.0013299051334338,-0.0312444206391715,3060.0,3200.0,1.038062283737024,0.0016019806305978,-0.001680055690604,0.0007065744132282
1994-10-06,3025.0,3025.0,2845.0,2900.0,46000.0,2900.0,2981.0,2832.5,2748.4,3002.4,2670.9,False,False,False,False,False,False,True,False,False,True,False,-0.0172413793103448,-0.0482758620689655,,,0.0522758620689654,-0.0353103448275862,-0.0034482758620689,-0.0862068965517241,-0.0017763566924237,-0.050838481906443,3100.0,3300.0,0.1533333333333333,0.0006549265026925,-0.0009470541279053,-0.0004464515589899
1994-10-07,2900.0,2900.0,2800.0,2845.0,39000.0,2845.0,2962.0,2859.5,2751.0,2997.0,2675.275,False,False,False,False,False,False,True,False,False,False,False,-0.0035149384885764,-0.0281195079086115,,,0.0330404217926186,-0.053427065026362,0.0017574692442882,-0.1036906854130052,-0.0018018018018018,-0.0755376814128344,3100.0,3400.0,0.8478260869565217,0.0009451108687749,0.0002901843660824,-2.5445109378094497e-05
1994-10-11,2845.0,2845.0,2800.0,2800.0,9000.0,2800.0,2924.0,2878.5,2751.4,2989.6666666666665,2679.625,False,False,False,False,False,False,True,False,False,True,False,0.0089285714285714,-0.0214285714285714,,,0.0173571428571428,-0.0677380952380951,-0.0089285714285714,-0.1339285714285714,-0.0024528932991415,-0.0929303456661455,3050.0,3400.0,0.2307692307692307,0.0001453805335465,-0.0007997303352283,-0.0006510914973397
1994-10-12,2800.0,2800.0,2750.0,2780.0,28000.0,2780.0,2875.0,2891.5,2752.4,2983.4,2684.025,False,False,False,False,False,False,True,False,False,False,False,0.0305755395683453,-0.0107913669064748,,,0.0099280575539568,-0.0731654676258993,-0.0197841726618705,-0.1258992805755395,-0.0021005117204084,-0.1072107902472765,3100.0,3425.0,3.111111111111111,0.0003633192849876,0.000217938751441,0.0003523815787331
1994-10-13,2805.0,2900.0,2800.0,2825.0,44000.0,2825.0,2830.0,2899.5,2755.2,2979.4,2687.9,False,False,False,False,False,False,True,False,True,False,False,-0.0088495575221238,-0.0442477876106194,,,0.0247079646017699,-0.0546548672566372,-0.0778761061946902,-0.1238938053097345,-0.0013425521917164,-0.1143300569063631,3005.0,3325.0,1.5714285714285714,0.0010162601626015,0.0006529408776138,0.0007579595286919
1994-10-14,2925.0,2925.0,2830.0,2850.0,22000.0,2850.0,2820.0,2900.5,2757.2,2974.733333333333,2692.15,False,False,False,False,False,False,True,False,False,True,False,-0.031578947368421,-0.0526315789473684,,,0.0325614035087719,-0.0437660818713449,-0.0719298245614035,-0.1385964912280701,-0.0015687680688466,-0.1161868643337355,3050.0,3275.0,0.5,0.0007253735673872,-0.0002908865952143,-0.0002262158771301
1994-10-17,2850.0,2850.0,2830.0,2835.0,12000.0,2835.0,2818.0,2890.0,2762.2,2971.2,2695.85,False,False,False,False,False,False,True,False,True,False,False,-0.0246913580246913,-0.0458553791887125,,,0.025679012345679,-0.0480423280423279,-0.0811287477954144,-0.1269841269841269,-0.0011891940405672,-0.117993079584775,3045.0,3150.0,0.5454545454545454,0.001810151328651,0.0010847777612638,0.0003795740282793
1994-10-18,2840.0,2850.0,2800.0,2825.0,9000.0,2825.0,2823.0,2873.5,2766.2,2965.866666666667,2699.5,False,False,False,False,False,False,True,False,False,True,False,-0.0300884955752212,-0.0265486725663716,,,0.0208141592920354,-0.0498643067846608,-0.1309734513274336,-0.1486725663716814,-0.0017982377270274,-0.121454672002784,3050.0,3130.0,0.75,0.0014460270407056,-0.0003641242879454,-0.0006090436864601
1994-10-19,2855.0,2925.0,2855.0,2865.0,40000.0,2865.0,2840.0,2857.5,2771.4,2962.6666666666665,2703.675,False,False,False,False,False,False,True,False,False,False,False,-0.0401396160558464,0.0383944153577661,,,0.0326701570680628,-0.034089586969168,-0.1605584642233856,-0.1535776614310645,-0.0010801080108011,-0.1261592300962379,3020.0,3195.0,4.444444444444445,0.0018763080031753,0.0004302809624697,0.0007181297162262
1994-10-20,2870.0,2870.0,2800.0,2800.0,25000.0,2800.0,2835.0,2832.5,2773.8,2958.133333333333,2707.3,False,False,False,False,False,False,True,False,False,True,False,-0.0357142857142857,0.05,,,0.0093571428571427,-0.0564761904761904,-0.1285714285714285,-0.1071428571428571,-0.0015324979716938,-0.1248014121800529,2925.0,3125.0,0.625,0.0008652390222799,-0.0010110689808954,-0.0004523899608926
1994-10-21,2815.0,2815.0,2760.0,2760.0,14000.0,2760.0,2817.0,2818.5,2775.2,2951.0666666666666,2711.075,False,False,False,False,False,False,True,False,False,True,False,-0.0217391304347826,0.0326086956521739,,,-0.0055072463768115,-0.0692270531400966,-0.1159420289855072,-0.1286231884057971,-0.0023946143767225,-0.1291467092425048,2900.0,3140.0,0.56,0.0005044681464397,-0.0003607708758401,-0.0008621164050286
1994-10-24,2760.0,2800.0,2760.0,2765.0,5000.0,2765.0,2803.0,2810.5,2782.2,2943.6,2714.625,False,False,False,False,False,False,True,False,True,False,False,-0.0216998191681736,0.0216998191681736,,,-0.0062206148282096,-0.0645931283905967,-0.0904159132007233,-0.1410488245931284,-0.0025365765276079,-0.1328945027575164,2855.0,3125.0,0.3571428571428571,0.0025159945366975,0.0020115263902578,-0.0001419621508854
1994-10-25,2750.0,2750.0,2700.0,2740.0,12000.0,2740.0,2786.0,2804.5,2789.8,2936.8,2718.2,False,False,False,False,False,False,True,False,False,False,False,0.0036496350364963,-0.0054744525547445,,,-0.0181751824817518,-0.0718248175182482,-0.0383211678832116,-0.1423357664233576,-0.0023154453827294,-0.1337136744517739,2845.0,3125.0,2.4,0.0027242096207614,0.0002082150840638,0.0002211311448785
1994-10-26,2775.0,2775.0,2750.0,2750.0,10000.0,2750.0,2763.0,2801.5,2797.8,2930.8,2722.15,False,False,False,False,False,False,True,False,False,False,False,0.0818181818181818,0.0072727272727272,,,-0.0173818181818182,-0.0657454545454546,-0.0181818181818181,-0.1636363636363636,-0.0020472226013375,-0.1374263787256826,2800.0,3150.0,0.8333333333333334,0.0028593895203374,0.0001351798995759,0.0002682227813918
1994-10-27,2705.0,2725.0,2700.0,2700.0,12000.0,2700.0,2743.0,2789.0,2801.8,2924.133333333333,2725.7,False,False,False,False,False,False,True,False,False,True,False,0.0888888888888888,0.0703703703703703,,,-0.0377037037037037,-0.0830123456790123,-0.0018518518518518,-0.1333333333333333,-0.0022798777985501,-0.1384008605234851,2940.0,3110.0,1.2,0.0014276536512242,-0.0014317358691131,-0.0002326551972125
1994-10-28,2700.0,2700.0,2700.0,2700.0,19000.0,2700.0,2731.0,2774.0,2806.6,2916.133333333333,2729.4,False,False,False,False,False,False,True,False,False,False,False,0.0555555555555555,0.0703703703703703,,,-0.0394814814814814,-0.0800493827160493,-0.0574074074074074,-0.1481481481481481,-0.0027433587856065,-0.1393294881038212,2855.0,3100.0,1.5833333333333333,0.0017102544003419,0.0002826007491177,-0.0004634809870564
1994-10-31,2705.0,2715.0,2705.0,2705.0,12000.0,2705.0,2719.0,2761.0,2811.8,2906.866666666667,2732.825,False,False,False,False,False,False,True,False,False,False,False,0.044362292051756,0.0536044362292051,,,-0.0394824399260629,-0.0746272335181762,-0.0702402957486136,-0.0794824399260628,-0.0031878540467398,-0.13473379210431,2780.0,3125.0,0.631578947368421,0.0018493491713494,0.0001390947710074,-0.0004444952611333
1994-11-01,2710.0,2750.0,2700.0,2750.0,29000.0,2750.0,2721.0,2753.5,2817.4,2898.2,2736.375,False,False,False,False,False,False,True,False,False,False,False,-0.009090909090909,0.009090909090909,,,-0.0245090909090909,-0.053890909090909,-0.0854545454545454,-0.0854545454545454,-0.0029903618337819,-0.1283820591973851,2790.0,3100.0,2.4166666666666665,0.0019876481862709,0.0001382990149215,0.0001974922129578
1994-11-02,2850.0,2975.0,2850.0,2975.0,149000.0,2975.0,2766.0,2764.5,2830.4,2892.2,2740.75,False,False,False,True,True,False,True,False,False,False,True,-0.06890756302521,-0.0840336134453781,,,0.0486050420168066,0.0278319327731093,-0.1546218487394958,-0.1831932773109243,-0.0020745453288154,-0.1316693796346536,2755.0,3060.0,5.137931034482759,0.0045929903900508,0.0026053422037798,0.0009158165049665
1994-11-04,3000.0,3000.0,2935.0,2940.0,141000.0,2940.0,2814.0,2778.5,2838.2,2887.0666666666666,2743.95,False,False,False,False,False,False,True,False,False,True,False,-0.0170068027210884,-0.1139455782312925,,,0.0346258503401361,0.0180045351473923,-0.1581632653061224,-0.1615646258503401,-0.0017780446127556,-0.1373043008817707,2755.0,3060.0,0.9463087248322148,0.0027482207032625,-0.0018447696867883,0.0002965007160597
1994-11-07,2980.0,2980.0,2845.0,2850.0,26000.0,2850.0,2844.0,2787.5,2838.6,2881.4,2746.95,False,False,False,False,False,False,True,False,False,True,False,0.0140350877192982,-0.0719298245614035,,,0.004,-0.0110175438596491,-0.1526315789473684,-0.1894736842105263,-0.0019666365886952,-0.1434977578475336,2800.0,3100.0,0.1843971631205673,0.0001409145353343,-0.0026073061679281,-0.0001885919759395
1994-11-08,2750.0,2825.0,2730.0,2825.0,29000.0,2825.0,2868.0,2793.5,2834.0,2877.0666666666666,2749.825,False,False,False,False,False,False,False,False,False,True,False,0.0088495575221238,-0.0778761061946902,,,-0.0031858407079646,-0.0184306784660766,-0.1663716814159292,-0.1628318584070796,-0.001506163685235,-0.1456953642384106,2710.0,3100.0,1.1153846153846154,-0.001623147494707,-0.0017640620300414,0.0004604729034602
1994-11-09,2875.0,2875.0,2725.0,2725.0,8000.0,2725.0,2863.0,2792.0,2823.4,2871.6666666666665,2752.075,False,False,False,False,False,False,False,False,False,True,False,0.018348623853211,-0.0990825688073394,,,-0.0361100917431193,-0.0538226299694189,-0.1394495412844036,-0.1522935779816513,-0.0018804410911201,-0.1466690544412607,2725.0,3050.0,0.2758620689655172,-0.0037543387405255,-0.0021311912458184,-0.0003742774058851
1994-11-10,2725.0,2770.0,2700.0,2770.0,20000.0,2770.0,2822.0,2794.0,2813.2,2866.0,2754.45,False,False,False,False,False,False,False,False,False,False,False,-0.0162454873646209,-0.131768953068592,,,-0.015595667870036,-0.0346570397111913,-0.1570397111913357,-0.1353790613718411,-0.0019772040009303,-0.1438797423049391,2735.0,3100.0,2.5,-0.0036257642542301,0.0001285744862954,-9.6762909810225e-05
1994-11-11,2720.0,2920.0,2705.0,2890.0,106000.0,2890.0,2812.0,2813.0,2806.8,2862.866666666667,2757.65,False,False,False,False,True,False,False,False,False,False,True,-0.0986159169550173,-0.1557093425605536,,,0.02878892733564,0.0093886966551326,-0.1955017301038062,-0.1937716262975778,-0.0010944740702791,-0.1500177746178457,2740.0,3005.0,5.3,-0.0022801767136951,0.0013455875405349,0.0008827299306512
1994-11-14,2905.0,2905.0,2825.0,2890.0,24000.0,2890.0,2820.0,2832.0,2806.4,2859.5333333333333,2760.725,False,False,False,False,False,False,False,False,False,False,False,-0.0847750865051903,-0.1557093425605536,,,0.0289273356401383,0.0105420991926182,-0.1366782006920415,-0.1868512110726643,-0.0011656913715525,-0.153954802259887,2725.0,3050.0,0.2264150943396226,-0.0001425313568985,0.0021376453567966,-7.121730127335581e-05
1994-11-15,2840.0,2875.0,2800.0,2850.0,25000.0,2850.0,2825.0,2846.5,2806.6,2855.866666666667,2763.7,False,False,False,False,False,False,True,False,False,False,False,-0.0859649122807017,-0.1175438596491228,,,0.0152280701754386,-0.0020584795321637,-0.1263157894736842,-0.1807017543859649,-0.0012839068117091,-0.1637098190760583,2590.0,3045.0,1.0416666666666667,7.126060001418731e-05,0.0002137919569127,-0.0001182154401566
1994-11-16,2900.0,2900.0,2775.0,2775.0,65000.0,2775.0,2835.0,2849.0,2805.6,2851.2,2766.15,False,False,False,False,False,True,False,False,False,True,False,-0.1153153153153153,-0.0504504504504504,,,-0.0110270270270269,-0.0274594594594593,-0.081081081081081,-0.1567567567567567,-0.0016367377478489,-0.1705861705861706,2550.0,3050.0,2.6,-0.0003564299971485,-0.0004276905971627,-0.0003528309361397
1994-11-17,2775.0,2775.0,2715.0,2725.0,39000.0,2725.0,2826.0,2824.0,2803.4,2845.5333333333333,2769.275,False,False,False,False,False,False,False,False,False,True,False,-0.1174311926605504,-0.0091743119266055,,,-0.0287706422018348,-0.0442324159021406,-0.0678899082568807,-0.1266055045871559,-0.0019914251575568,-0.165014164305949,2550.0,3020.0,0.6,-0.0007847613612041,-0.0004283313640556,-0.0003546874097078
1994-11-18,2730.0,2730.0,2600.0,2605.0,46000.0,2605.0,2769.0,2790.5,2794.6,2838.8,2771.425,False,False,False,False,False,False,False,False,False,True,False,-0.0633397312859884,0.0345489443378119,,,-0.0727831094049903,-0.0897504798464492,-0.0115163147792706,-0.0690978886756238,-0.0023718942276078,-0.1564235800035835,2600.0,2925.0,1.1794871794871795,-0.0031489300794389,-0.0023641687182347,-0.000380469070051
1994-11-21,2655.0,2655.0,2605.0,2645.0,21000.0,2645.0,2720.0,2770.0,2786.4,2832.733333333333,2773.775,False,False,False,False,False,False,False,False,False,False,False,-0.0775047258979206,-0.0378071833648393,,,-0.0534593572778828,-0.0709766855702582,-0.0359168241965973,-0.0831758034026465,-0.0021416299922337,-0.146028880866426,2580.0,2900.0,0.4565217391304347,-0.002942865345966,0.0002060647334729,0.000230264235374
1994-11-22,2600.0,2605.0,2550.0,2605.0,15000.0,2605.0,2671.0,2748.0,2777.2,2825.8,2776.05,False,False,False,False,False,False,False,False,False,True,False,-0.0345489443378119,-0.0345489443378119,,,-0.0661036468330133,-0.0847600767754319,-0.0038387715930902,-0.0786948176583493,-0.002453582466322,-0.1379184861717612,2575.0,2855.0,0.7142857142857143,-0.0033126890393202,-0.0003698236933542,-0.0003119524740882
1994-11-24,2455.0,2455.0,2455.0,2455.0,11000.0,2455.0,2607.0,2721.0,2762.4,2817.2,2776.6,False,False,False,False,False,False,False,False,False,True,False,0.0733197556008146,0.0244399185336048,,,-0.125213849287169,-0.1475356415478614,0.0386965376782077,-0.0061099796334012,-0.0030526764163,-0.1245865490628445,2610.0,2845.0,0.7333333333333333,-0.0053576600057919,-0.0020449709664716,-0.0005990939499779
1994-11-25,2455.0,2505.0,2405.0,2405.0,73000.0,2405.0,2543.0,2684.5,2744.0,2808.4666666666667,2777.125,False,False,False,False,False,False,False,False,False,True,False,0.1226611226611226,0.0457380457380457,,,-0.1409563409563409,-0.1677616077616077,0.0395010395010395,0.0041580041580041,-0.0031096446459514,-0.111938908549078,2650.0,2800.0,6.636363636363637,-0.0067055393586006,-0.0013478793528086,-5.696822965145032e-05
1994-11-28,2430.0,2445.0,2405.0,2440.0,22000.0,2440.0,2510.0,2639.5,2729.6,2800.2,2778.025,False,False,False,False,False,False,False,False,False,False,False,0.1045081967213114,0.0143442622950819,,,-0.1186885245901639,-0.147622950819672,0.0348360655737704,-0.0225409836065573,-0.0029521700830893,-0.0947149081265391,2745.0,2940.0,0.3013698630136986,-0.0052754982415006,0.0014300411170999,0.000157474562862
1994-11-29,2465.0,2475.0,2435.0,2440.0,9000.0,2440.0,2469.0,2594.5,2716.8,2791.4,2778.975,False,False,False,False,False,False,False,False,False,False,False,0.0430327868852459,-0.0102459016393442,,,-0.1134426229508197,-0.144016393442623,0.0245901639344262,-0.0368852459016393,-0.0031525399441139,-0.0790132973597995,2840.0,2855.0,0.4090909090909091,-0.0047114252061247,0.0005640730353758,-0.0002003698610245
1994-11-30,2445.0,2515.0,2445.0,2515.0,43000.0,2515.0,2451.0,2561.0,2706.8,2783.6,2780.6,False,False,False,False,False,False,False,False,False,False,False,0.0,-0.0636182902584493,,,-0.0762624254473161,-0.1067992047713717,-0.0059642147117296,-0.0715705765407554,-0.0028021267423481,-0.0669660288949629,2940.0,2780.0,4.777777777777778,-0.0036943992906753,0.0010170259154494,0.0003504132017658
1994-12-01,2565.0,2635.0,2565.0,2635.0,36000.0,2635.0,2487.0,2547.0,2702.6,2778.0666666666666,2782.825,False,False,False,False,False,False,False,False,False,False,False,-0.0455407969639468,-0.1100569259962049,,,-0.0256546489563567,-0.0542947501581277,0.0360531309297912,-0.1461100569259962,-0.0019917928535432,-0.0653710247349823,2990.0,2790.0,0.8372093023255814,-0.0015540590542441,0.0021403402364311,0.0008103338888048
1994-12-02,2670.0,2725.0,2575.0,2700.0,68000.0,2700.0,2546.0,2544.5,2700.6,2772.733333333333,2785.1,False,False,False,False,False,False,False,False,False,False,False,-0.0685185185185185,-0.1351851851851851,,,-0.0002222222222221,-0.0269382716049381,0.1129629629629629,-0.25,-0.0019234930634031,-0.0784044016506189,3025.0,2755.0,1.8888888888888888,-0.0007405761682589,0.0008134828859852,6.829979014002564e-05
1994-12-05,2700.0,2725.0,2695.0,2695.0,5000.0,2695.0,2597.0,2553.5,2700.4,2768.6,2787.575,False,False,False,False,False,False,False,False,False,False,True,-0.0816326530612244,-0.137291280148423,,,-0.0020037105751391,-0.0273098330241187,0.1076066790352504,-0.1762523191094619,-0.0014929326494738,-0.0896808302330135,3050.0,2755.0,0.0735294117647058,-7.406310176263446e-05,0.0006665130664962,0.0004305604139293
1994-12-06,2545.0,2545.0,2545.0,2545.0,10000.0,2545.0,2618.0,2543.5,2694.2,2761.866666666667,2789.3,False,False,False,False,False,False,False,False,False,True,False,-0.0510805500982318,-0.0196463654223968,,,-0.0586247544204321,-0.0852128356254093,0.137524557956778,-0.1630648330058939,-0.0024379646615814,-0.0977000196579516,2900.0,2800.0,2.0,-0.0023012397000966,-0.0022271765983339,-0.0009450320121076
1994-12-07,2540.0,2540.0,2515.0,2515.0,13000.0,2515.0,2618.0,2534.5,2686.6,2754.8,2790.875,False,False,False,False,False,False,False,False,False,True,False,-0.0636182902584493,-0.0099403578528827,,,-0.0682306163021868,-0.0953479125248509,0.1928429423459244,-0.125248508946322,-0.0025652194956681,-0.1023870585914381,2845.0,2710.0,1.3,-0.0028288543140027,-0.0005276146139061,-0.0001272548340866
1994-12-08,2525.0,2525.0,2515.0,2515.0,8000.0,2515.0,2594.0,2540.5,2677.2,2747.6666666666665,2792.95,False,False,False,False,False,False,False,False,False,True,True,-0.0675944333996023,0.0139165009940357,,,-0.0644930417495029,-0.0925115970841616,0.0934393638170974,-0.1451292246520874,-0.0025961421812448,-0.1159220625861051,2800.0,2725.0,0.6153846153846154,-0.0035111310324219,-0.0006822767184191,-3.0922685576668853e-05
1994-12-09,2515.0,2515.0,2500.0,2515.0,23000.0,2515.0,2557.0,2551.5,2658.8,2740.9333333333334,2794.775,False,False,False,False,False,False,False,False,False,True,False,-0.0715705765407554,0.0099403578528827,,,-0.0571769383697813,-0.0898343273691186,0.0834990059642147,-0.1351888667992047,-0.0024565841319257,-0.1291397217323143,2780.0,2735.0,2.875,-0.0069204152249133,-0.0034092841924913,0.000139558049319
1994-12-12,2495.0,2500.0,2450.0,2475.0,11000.0,2475.0,2513.0,2555.0,2640.2,2734.9333333333334,2796.4,False,False,False,False,False,False,False,False,False,True,False,-0.0606060606060606,0.0404040404040404,,,-0.0667474747474746,-0.105023569023569,0.0545454545454545,-0.1212121212121212,-0.0021938377535101,-0.1385518590998043,2825.0,2740.0,0.4782608695652174,-0.0070449208393304,-0.0001245056144171,0.0002627463784156
1994-12-13,2475.0,2475.0,2410.0,2415.0,23000.0,2415.0,2487.0,2552.5,2622.8,2728.4666666666667,2797.725,False,False,False,False,False,False,False,False,False,False,False,0.0331262939958592,0.0559006211180124,,,-0.0860455486542443,-0.129799861973775,0.0351966873706004,-0.1097308488612836,-0.0023700735455811,-0.1455435847208619,2850.0,2725.0,2.090909090909091,-0.0066341314625589,0.0004107893767715,-0.000176235792071
1994-12-14,2400.0,2400.0,2350.0,2355.0,31000.0,2355.0,2455.0,2536.5,2604.0,2721.8,2798.625,False,False,False,False,False,False,False,False,False,True,False,0.0573248407643312,0.1019108280254777,,,-0.1057324840764331,-0.1557537154989385,0.1125265392781316,-0.0976645435244161,-0.0024493594924926,-0.1484328799526907,2835.0,2590.0,1.3478260869565215,-0.0072196620583718,-0.0005855305958128,-7.928594691148944e-05
1994-12-15,2355.0,2355.0,2330.0,2345.0,31000.0,2345.0,2421.0,2507.5,2588.8,2715.133333333333,2799.35,False,False,False,False,False,False,False,False,False,False,False,0.0874200426439232,0.0874200426439232,,,-0.1039658848614073,-0.1578393745557924,0.1300639658848614,-0.1002132196162046,-0.002455373585091,-0.1441674975074775,2825.0,2550.0,1.0,-0.0058714462299134,0.0013482158284584,-6.014092598426255e-06
1994-12-16,2345.0,2345.0,2335.0,2335.0,18000.0,2335.0,2385.0,2471.0,2571.4,2708.9333333333334,2799.275,False,False,False,False,False,False,False,False,False,True,False,0.0877944325481798,0.0706638115631691,,,-0.1012419700214133,-0.1601427551748751,0.1563169164882226,-0.0877944325481798,-0.0022887237288969,-0.1272764063132335,2865.0,2550.0,0.5806451612903226,-0.0067667418526872,-0.0008952956227738,0.0001666498561941
1994-12-19,2330.0,2345.0,2325.0,2325.0,15000.0,2325.0,2355.0,2434.0,2548.8,2700.733333333333,2798.95,False,False,False,False,False,False,False,False,False,True,False,0.1075268817204301,0.086021505376344,,,-0.0962580645161291,-0.161605734767025,0.1526881720430107,-0.086021505376344,-0.0030362123867592,-0.1179129005751848,2800.0,2600.0,0.8333333333333334,-0.0088669177652228,-0.0021001759125355,-0.0007474886578623
1994-12-20,2340.0,2495.0,2325.0,2495.0,58000.0,2495.0,2371.0,2429.0,2533.0,2695.9333333333334,2799.425,False,False,False,False,False,False,False,False,False,False,False,0.0220440881763527,0.002004008016032,,,-0.0152304609218436,-0.0805344021376085,0.0621242484969939,-0.1462925851703407,-0.0017804594574543,-0.116097159324825,2760.0,2580.0,3.866666666666666,-0.0062376628503751,0.0026292549148476,0.0012557529293049
1994-12-21,2490.0,2680.0,2490.0,2490.0,72000.0,2490.0,2398.0,2426.5,2518.6,2692.0666666666666,2799.75,False,False,False,False,False,False,False,False,False,False,False,0.0421686746987951,0.0040160642570281,,,-0.0114859437751003,-0.0811512717536813,0.0240963855421686,-0.110441767068273,-0.0014363190609445,-0.1145683082629301,2765.0,2575.0,1.2413793103448276,-0.0057174620821091,0.0005202007682659,0.0003441403965097
1994-12-22,2500.0,2625.0,2500.0,2550.0,40000.0,2550.0,2439.0,2430.0,2509.6,2688.866666666667,2800.5,False,False,False,False,True,False,False,False,False,False,False,0.0,0.0705882352941176,,,0.0158431372549019,-0.0544575163398693,-0.0490196078431372,-0.1666666666666666,-0.001190092480103,-0.1168724279835391,2740.0,2610.0,0.5555555555555556,-0.0035862288810965,0.0021312332010125,0.0002462265808414
1994-12-26,2650.0,2650.0,2530.0,2540.0,18000.0,2540.0,2480.0,2432.5,2502.2,2686.0,2801.95,False,False,False,False,False,False,False,False,False,False,False,-0.0157480314960629,0.1830708661417323,,,0.0148818897637796,-0.0574803149606299,-0.0433070866141732,-0.1594488188976378,-0.0010672623479772,-0.1194244604316546,2750.0,2650.0,0.45,-0.0029573974902086,0.0006288313908879,0.0001228301321258
1994-12-27,2550.0,2625.0,2550.0,2575.0,36000.0,2575.0,2530.0,2442.5,2501.0,2683.6,2803.475,False,False,False,False,False,False,False,False,False,False,False,-0.0194174757281553,0.1592233009708737,,,0.0287378640776699,-0.0421747572815533,-0.0388349514563106,-0.174757281553398,-0.000894321061261,-0.1250767656090071,2700.0,2745.0,2.0,-0.0004798080767692,0.0024775894134394,0.0001729412867161
1994-12-28,2625.0,2625.0,2550.0,2550.0,20000.0,2550.0,2541.0,2456.0,2497.2,2680.266666666667,2804.625,False,False,False,False,False,False,False,False,False,True,False,-0.0196078431372549,0.1352941176470588,,,0.0207058823529412,-0.0510849673202615,-0.0372549019607843,-0.1529411764705882,-0.0012436573475274,-0.1294788273615635,2700.0,2840.0,0.5555555555555556,-0.0015217043088259,-0.0010418962320567,-0.0003493362862664
1994-12-29,2600.0,2600.0,2545.0,2595.0,23000.0,2595.0,2562.0,2480.0,2496.8,2678.733333333333,2806.275,False,False,False,False,False,False,False,False,False,False,False,-0.0366088631984585,0.1560693641618497,,,0.0378420038535644,-0.0322671804752728,-0.0462427745664739,-0.1579961464354528,-0.0005724098454495,-0.1354838709677419,2705.0,2940.0,1.15,-0.0001602050624798,0.0013614992463461,0.0006712475020779
1994-12-30,2500.0,2550.0,2500.0,2550.0,11000.0,2550.0,2562.0,2500.5,2500.6,2676.4,2807.4,False,False,False,False,False,False,True,False,True,False,False,0.0705882352941176,0.0784313725490196,,,0.0193725490196078,-0.0495686274509804,-0.0568627450980392,-0.1470588235294117,-0.0008718178647933,-0.1399720055988802,2750.0,2990.0,0.4782608695652174,0.0015196352875308,0.0016798403500107,-0.0002994080193438
1995-01-04,2505.0,2510.0,2500.0,2500.0,19000.0,2500.0,2554.0,2517.0,2504.4,2673.266666666667,2808.5,False,False,False,False,False,False,True,False,False,True,False,0.202,0.09,,,-0.00176,-0.0693066666666667,-0.03,-0.12,-0.0011720990548392,-0.1428287644020659,2975.0,3025.0,1.7272727272727273,0.0015173295000799,-2.305787450951422e-06,-0.0003002811900458
1995-01-05,2505.0,2525.0,2475.0,2525.0,24000.0,2525.0,2544.0,2537.0,2507.8,2670.4,2809.625,False,False,False,False,False,False,True,False,False,True,False,0.1821782178217821,0.0336633663366336,,,0.0068118811881187,-0.0575841584158416,-0.0099009900990099,-0.1188118811881188,-0.0010734971040543,-0.1456444619629483,2940.0,3050.0,1.263157894736842,0.0013557699976075,-0.0001615595024724,9.8601950784858e-05
1995-01-06,2500.0,2510.0,2500.0,2500.0,20000.0,2500.0,2534.0,2537.5,2510.2,2667.4,2810.825,False,False,False,False,False,False,True,False,False,True,False,0.158,0.0,,,-0.0040799999999999,-0.06696,-0.038,-0.13,-0.0011246907100547,-0.144039408866995,2850.0,2900.0,0.8333333333333334,0.0009560991156081,-0.0003996708819993,-5.11936060003655e-05
1995-01-09,2500.0,2525.0,2475.0,2500.0,7000.0,2500.0,2515.0,2538.5,2509.6,2666.2,2811.825,False,False,False,False,False,False,False,False,False,True,False,0.2,0.048,,,-0.0038399999999999,-0.0664799999999999,-0.05,-0.15,-0.0004500787637837,-0.1479220011818002,2825.0,2845.0,0.35,-0.0002390819254064,-0.0011951810410145,0.0006746119462709
1995-01-10,2500.0,2730.0,2465.0,2730.0,214000.0,2730.0,2551.0,2556.5,2513.4,2668.6,2813.725,False,False,False,False,False,False,True,True,True,False,True,0.0073260073260073,-0.0293040293040293,,,0.0793406593406593,0.0224908424908425,-0.1391941391941392,-0.2124542124542124,0.0008993479727198,-0.1529434774105222,2725.0,2800.0,30.571428571428573,0.0015118962361741,0.0017509781615805,0.0013494267365035
1995-01-11,2800.0,3005.0,2795.0,3005.0,634000.0,3005.0,2652.0,2603.0,2525.6,2674.6666666666665,2817.25,False,False,False,False,False,False,True,True,False,False,False,-0.0931780366056572,-0.1014975041597337,,,0.1595341098169717,0.1099278979478647,-0.2346089850249584,-0.2795341098169717,0.0022681954137587,-0.1669227814060699,2770.0,2780.0,2.9626168224299065,0.0048305353183401,0.0033186390821659,0.0013688474410388
1995-01-12,3055.0,3165.0,2905.0,2985.0,655000.0,2985.0,2744.0,2644.0,2537.2,2679.8,2820.9,False,False,False,False,False,False,True,True,False,True,False,-0.1256281407035175,-0.1021775544388609,,,0.1500167504187605,0.1022445561139027,-0.2160804020100502,-0.2696817420435511,0.0019155658382467,-0.1777609682299546,2890.0,2825.0,1.0331230283911672,0.004571969099795,-0.0002585662185451,-0.0003526295755119
1995-01-13,2925.0,3025.0,2895.0,2895.0,181000.0,2895.0,2823.0,2678.5,2551.2,2684.0,2823.875,False,False,False,False,False,False,True,True,False,False,False,-0.1364421416234887,-0.0846286701208981,,,0.1187564766839378,0.0728842832469775,-0.2055267702936096,-0.2400690846286701,0.0015648286140088,-0.1868583162217659,2890.0,2850.0,0.2763358778625954,0.0054876136719974,0.0009156445722024,-0.0003507372242378
1995-01-17,2950.0,3045.0,2950.0,3000.0,164000.0,3000.0,2923.0,2719.0,2570.6,2689.6666666666665,2827.6,False,False,False,False,False,False,True,True,False,False,False,-0.1266666666666666,-0.15,,,0.1431333333333333,0.1034444444444444,-0.17,-0.2583333333333333,0.0021068286032965,-0.1974990805443177,2850.0,2835.0,0.9060773480662984,0.0075468762156695,0.002059262543672,0.0005419999892876
1995-01-18,2995.0,3000.0,2750.0,2750.0,66000.0,2750.0,2927.0,2739.0,2580.0,2691.5333333333333,2830.1,False,False,False,False,False,False,True,True,False,True,False,-0.0363636363636363,-0.1181818181818181,,,0.0618181818181818,0.021260606060606,-0.0854545454545454,-0.1272727272727272,0.0006935328065786,-0.1951442132165023,2775.0,2825.0,0.4024390243902439,0.0036434108527132,-0.0039034653629563,-0.0014132957967178
1995-01-19,2750.0,2750.0,2650.0,2725.0,58000.0,2725.0,2871.0,2761.5,2588.4,2692.5333333333333,2832.6,False,False,False,False,False,False,True,True,False,True,False,-0.0091743119266055,-0.1082568807339449,,,0.0501284403669724,0.011914373088685,-0.1082568807339449,-0.146788990825688,0.0003713974447855,-0.1971754481260184,2725.0,2865.0,0.8787878787878788,0.0032452480296708,-0.0003981628230423,-0.0003221353617931
1995-01-20,2725.0,2750.0,2610.0,2610.0,45000.0,2610.0,2796.0,2770.0,2593.8,2690.733333333333,2834.75,False,False,False,False,False,False,True,False,False,True,False,0.0268199233716475,-0.0517241379310344,,,0.006206896551724,-0.0309323116219667,-0.0555555555555555,-0.1417624521072797,-0.0006689626124229,-0.1990974729241877,2605.0,2800.0,0.7758620689655172,0.0020818875780708,-0.0011633604516,-0.0010403600572085
1995-01-23,2610.0,2620.0,2450.0,2500.0,39000.0,2500.0,2717.0,2770.0,2597.2,2686.2,2836.35,False,False,False,False,False,False,True,False,False,True,False,0.06,-0.018,,,-0.0388799999999999,-0.0744799999999999,-0.076,-0.156,-0.0016876380512744,-0.2014440433212996,2645.0,2760.0,0.8666666666666667,0.0013091021099644,-0.0007727854681063,-0.0010186754388514
1995-01-24,2450.0,2620.0,2450.0,2620.0,65000.0,2620.0,2641.0,2782.0,2607.8,2681.9333333333334,2838.55,False,False,False,False,False,False,True,False,False,False,True,-0.0267175572519083,-0.0553435114503816,,,0.0046564885496182,-0.0236386768447837,-0.0973282442748091,-0.2041984732824427,-0.0015908921424841,-0.2063263838964773,2605.0,2765.0,1.6666666666666667,0.0040647288902524,0.002755626780288,9.674590879021676e-05
1995-01-25,2765.0,2765.0,2600.0,2650.0,82000.0,2650.0,2621.0,2774.0,2620.0,2677.4,2840.875,False,False,False,False,False,False,True,False,False,False,False,-0.0849056603773584,-0.0924528301886792,,,0.0113207547169811,-0.0103396226415094,-0.1283018867924528,-0.2358490566037736,-0.0016931849306541,-0.2085436193222783,2455.0,2740.0,1.2615384615384615,0.0046564885496182,0.0005917596593657,-0.0001022927881699
1995-01-26,2700.0,2790.0,2675.0,2700.0,112000.0,2700.0,2616.0,2743.5,2634.6,2673.0666666666666,2843.375,False,False,False,False,False,False,True,False,False,False,False,-0.1,-0.1018518518518518,,,0.0242222222222222,0.0099753086419753,-0.1129629629629629,-0.25,-0.0016211093375898,-0.2048478221250227,2405.0,2750.0,1.3658536585365857,0.0055416381993471,0.0008851496497288,7.207559306426459e-05
1995-01-27,2705.0,2750.0,2680.0,2680.0,92000.0,2680.0,2630.0,2713.0,2648.8,2668.133333333333,2845.775,False,False,False,False,False,False,True,False,False,True,False,-0.0764925373134328,-0.0671641791044776,,,0.011641791044776,0.0044278606965174,-0.1305970149253731,-0.251865671641791,-0.0018489830593173,-0.2023590121636564,2440.0,2700.0,0.8214285714285714,0.0053609181516159,-0.0001807200477311,-0.0002278737217275
1995-01-30,2745.0,2745.0,2555.0,2650.0,116000.0,2650.0,2660.0,2688.5,2655.0,2664.8,2847.175,False,False,False,False,False,False,True,False,False,True,False,-0.0735849056603773,-0.0924528301886792,,,-0.0018867924528301,-0.0055849056603774,-0.1132075471698113,-0.2264150943396226,-0.0012508756129289,-0.2006695183187651,2440.0,2700.0,1.2608695652173914,0.0023352165725046,-0.0030257015791112,0.0005981074463884
1995-01-31,2635.0,2650.0,2550.0,2550.0,70000.0,2550.0,2646.0,2643.5,2657.4,2660.866666666667,2848.15,False,False,False,False,False,False,True,False,False,True,False,-0.0294117647058823,-0.0686274509803921,,,-0.0421176470588235,-0.0434771241830065,-0.084313725490196,-0.2117647058823529,-0.0014782151178814,-0.1951957631927369,2515.0,2705.0,0.603448275862069,0.0009031384059607,-0.0014320781665438,-0.0002273395049524
1995-02-01,2525.0,2550.0,2400.0,2425.0,99000.0,2425.0,2601.0,2611.0,2652.4,2655.866666666667,2848.875,False,False,False,False,False,False,False,False,False,True,False,-0.0082474226804123,-0.0309278350515463,,,-0.0937731958762887,-0.0952027491408935,-0.0350515463917525,-0.179381443298969,-0.0018826246297504,-0.2008808885484488,2635.0,2750.0,1.4142857142857144,-0.0018850852058513,-0.002788223611812,-0.000404409511869
1995-02-02,2450.0,2500.0,2430.0,2430.0,64000.0,2430.0,2547.0,2581.5,2648.0,2651.2,2849.575,False,False,False,False,False,False,False,False,False,False,False,-0.0020576131687242,-0.0534979423868312,,,-0.0897119341563786,-0.091028806584362,-0.0205761316872428,-0.176954732510288,-0.001760209213438,-0.2043385628510556,2700.0,2975.0,0.6464646464646465,-0.0016616314199396,0.0002234537859116,0.0001224154163124
1995-02-03,2455.0,2485.0,2450.0,2475.0,57000.0,2475.0,2506.0,2568.0,2644.0,2646.5333333333333,2850.7,False,False,False,False,False,False,False,False,False,False,False,0.0101010101010101,-0.0545454545454545,,,-0.0682828282828282,-0.0693063973063972,-0.0202020202020202,-0.2141414141414141,-0.0017633130132499,-0.2116433021806853,2695.0,2940.0,0.890625,-0.0015128593040847,0.0001487721158548,-3.103799811926067e-06
1995-02-06,2500.0,2500.0,2455.0,2455.0,40000.0,2455.0,2467.0,2563.5,2640.2,2641.266666666667,2851.525,False,False,False,False,False,False,False,False,False,False,False,-0.020366598778004,-0.0631364562118126,,,-0.075437881873727,-0.0758723693143245,-0.0122199592668024,-0.2138492871690427,-0.0019939927812412,-0.2172810610493466,2545.0,2850.0,0.7017543859649122,-0.0014392849026589,7.357440142576163e-05,-0.0002306797679912
1995-02-07,2495.0,2510.0,2475.0,2475.0,45000.0,2475.0,2452.0,2549.0,2635.4,2636.4666666666667,2852.4,False,False,False,False,False,False,False,False,False,True,False,-0.0404040404040404,0.006060606060606,,,-0.0648080808080808,-0.0652390572390572,-0.0303030303030303,-0.1979797979797979,-0.0018206185045642,-0.2167516673205178,2515.0,2825.0,1.125,-0.0018213553919707,-0.0003820704893117,0.0001733742766769
1995-02-08,2500.0,2500.0,2405.0,2405.0,33000.0,2405.0,2448.0,2524.5,2629.6,2630.866666666667,2852.475,False,False,False,False,False,False,False,False,False,True,False,-0.0228690228690228,0.0457380457380457,,,-0.0933887733887733,-0.0939154539154539,0.0145530145530145,-0.1995841995841996,-0.002128576134607,-0.2131115072291542,2515.0,2725.0,0.7333333333333333,-0.0022056586553088,-0.0003843032633381,-0.0003079576300428
1995-02-09,2405.0,2450.0,2405.0,2425.0,25000.0,2425.0,2447.0,2497.0,2626.6,2625.0,2852.625,False,True,False,False,False,False,False,False,False,False,False,-0.0515463917525773,0.002061855670103,,,-0.0831340206185566,-0.0824742268041237,-0.0041237113402061,-0.179381443298969,-0.0022349206349206,-0.2058470164197036,2515.0,2770.0,0.7575757575757576,-0.0011421609685525,0.0010634976867563,-0.0001063445003136
1995-02-10,2500.0,2515.0,2475.0,2500.0,26000.0,2500.0,2452.0,2479.0,2625.6,2621.0,2853.125,False,False,False,False,False,False,False,False,False,False,False,-0.064,-0.014,,,-0.0502399999999999,-0.0484,-0.046,-0.21,-0.001526135062953,-0.2012908430818878,2475.0,2890.0,1.04,-0.0003808653260207,0.0007612956425317,0.0007087855719676
1995-02-13,2500.0,2500.0,2405.0,2405.0,15000.0,2405.0,2442.0,2454.5,2621.8,2616.266666666667,2853.375,False,False,False,False,False,False,False,False,False,True,False,-0.0436590436590436,-0.0395010395010395,,,-0.0901455301455302,-0.0878447678447679,-0.0228690228690228,-0.1787941787941788,-0.0018091937621036,-0.1963740069260542,2415.0,2890.0,0.5769230769230769,-0.0014493859180714,-0.0010685205920507,-0.0002830586991506
1995-02-14,2410.0,2425.0,2375.0,2375.0,31000.0,2375.0,2422.0,2437.0,2616.8,2611.0666666666666,2853.75,False,False,False,False,False,False,False,False,False,True,False,0.0484210526315789,-0.0042105263157894,,,-0.1018105263157895,-0.0993964912280701,-0.0168421052631578,-0.1684210526315789,-0.0019915232599704,-0.1920393926959376,2355.0,2850.0,2.066666666666667,-0.0019107306634056,-0.0004613447453342,-0.0001823294978668
1995-02-15,2380.0,2380.0,2350.0,2350.0,33000.0,2350.0,2411.0,2429.5,2601.6,2605.866666666667,2853.5,False,False,True,False,False,False,False,False,False,True,False,0.0702127659574468,-0.0170212765957446,,,-0.107063829787234,-0.1088794326241135,-0.0425531914893617,-0.1808510638297872,-0.0019954973393368,-0.1922206215270631,2345.0,2775.0,1.064516129032258,-0.0058425584255843,-0.0039318277621786,-3.974079366323748e-06
1995-02-16,2350.0,2350.0,2275.0,2300.0,28000.0,2300.0,2386.0,2416.5,2573.4,2599.866666666667,2853.125,False,False,False,False,False,False,False,False,False,True,False,0.0565217391304347,0.0413043478260869,,,-0.1188695652173913,-0.1303768115942029,-0.1195652173913043,-0.1956521739130435,-0.0023078106569567,-0.1940823505069315,2335.0,2725.0,0.8484848484848485,-0.0109582653299136,-0.0051157069043293,-0.0003123133176199
1995-02-17,2290.0,2340.0,2290.0,2340.0,17000.0,2340.0,2354.0,2403.0,2547.6,2595.0666666666666,2853.075,False,False,False,False,False,False,False,False,False,False,False,0.0534188034188034,-0.0042735042735042,,,-0.0887179487179486,-0.1090028490028489,-0.0512820512820512,-0.2307692307692307,-0.0018496634640087,-0.1955888472742405,2325.0,2605.0,0.6071428571428571,-0.0101271785209609,0.0008310868089526,0.000458147192948
1995-02-20,2340.0,2340.0,2300.0,2300.0,18000.0,2300.0,2333.0,2387.5,2523.8,2589.733333333333,2852.475,False,False,False,False,False,False,False,False,False,False,False,0.0043478260869565,0.0217391304347826,,,-0.097304347826087,-0.1259710144927535,-0.0739130434782608,-0.2608695652173913,-0.0020594140966895,-0.2,2495.0,2645.0,1.0588235294117647,-0.0094302242649971,0.0006969542559638,-0.0002097506326808
1995-02-21,2485.0,2490.0,2450.0,2490.0,48000.0,2490.0,2356.0,2389.0,2503.4,2586.866666666667,2852.225,False,False,False,False,False,False,False,False,False,False,False,-0.0502008032128514,-0.0622489959839357,,,-0.0053815261044177,-0.0389022757697457,-0.1164658634538152,-0.3172690763052209,-0.0011081617400715,-0.2124319799079112,2490.0,2605.0,2.6666666666666665,-0.0081489174722377,0.0012813067927593,0.000951252356618
1995-02-22,2565.0,2595.0,2515.0,2515.0,341000.0,2515.0,2389.0,2400.0,2494.0,2583.733333333333,2851.475,False,False,False,False,True,False,False,False,False,False,True,-0.0815109343936381,-0.0695825049701789,,,0.0083499005964214,-0.027329357190192,-0.1451292246520874,-0.2922465208747515,-0.001212715450511,-0.2220833333333333,2550.0,2455.0,7.104166666666667,-0.0037690457097033,0.0043798717625344,-0.0001045537104395
1995-02-23,2520.0,2520.0,2420.0,2430.0,292000.0,2430.0,2415.0,2400.5,2482.2,2576.4666666666667,2849.375,False,False,False,False,False,False,False,False,False,True,False,-0.0144032921810699,-0.0205761316872428,,,-0.0214814814814814,-0.0602743484224965,-0.1049382716049382,-0.2777777777777778,-0.0028204000310501,-0.2320349927098521,2540.0,2405.0,0.8563049853372434,-0.0047538473934413,-0.000984801683738,-0.0016076845805391
1995-02-24,2445.0,2475.0,2430.0,2465.0,37000.0,2465.0,2440.0,2397.0,2476.4,2570.133333333333,2847.225,False,False,False,False,False,False,False,False,False,False,False,-0.0547667342799188,-0.0162271805273833,,,-0.0046247464503042,-0.0426504394861392,-0.1176470588235294,-0.2778904665314402,-0.002464204191741,-0.2390488110137672,2575.0,2440.0,0.1267123287671233,-0.0023421095138102,0.0024117378796311,0.000356195839309
1995-02-27,2400.0,2400.0,2310.0,2310.0,10000.0,2310.0,2442.0,2387.5,2468.8,2562.9333333333334,2844.7,False,False,False,False,False,False,False,False,False,True,False,0.0173160173160173,0.0497835497835497,,,-0.0687445887445888,-0.1094949494949495,-0.0692640692640692,-0.2294372294372294,-0.0028092810321505,-0.2441884816753926,2550.0,2440.0,0.2702702702702703,-0.0030784186649383,-0.0007363091511281,-0.0003450768404095
1995-02-28,2320.0,2365.0,2320.0,2365.0,7000.0,2365.0,2417.0,2386.5,2458.6,2556.8,2842.65,False,False,False,False,False,False,False,False,False,True,False,-0.0126849894291754,0.014799154334038,,,-0.0395771670190274,-0.0810993657505286,-0.1014799154334038,-0.2473572938689217,-0.0023988318731747,-0.2520427404148334,2595.0,2515.0,0.7,-0.0041487025136257,-0.0010702838486873,0.0004104491589758
1995-03-01,2350.0,2365.0,2310.0,2310.0,38000.0,2310.0,2376.0,2382.5,2445.0,2551.266666666667,2840.575,False,False,False,False,False,False,False,False,False,True,False,0.0129870129870129,0.0562770562770562,,,-0.0584415584415584,-0.1044444444444445,-0.0865800865800865,-0.2294372294372294,-0.0021688572996419,-0.2568730325288562,2550.0,2635.0,5.428571428571429,-0.005562372188139,-0.0014136696745132,0.0002299745735327
1995-03-02,2325.0,2400.0,2325.0,2395.0,14000.0,2395.0,2369.0,2392.0,2432.8,2546.266666666667,2838.575,False,False,False,False,False,False,False,False,False,False,True,-0.0062630480167014,0.0083507306889352,,,-0.0157828810020877,-0.0631593597773139,-0.1106471816283924,-0.2630480167014614,-0.001963659213489,-0.2633779264214047,2500.0,2700.0,0.3684210526315789,-0.0050147977638933,0.0005475744242456,0.0002051980861529
1995-03-03,2395.0,2395.0,2325.0,2330.0,27000.0,2330.0,2342.0,2391.0,2418.8,2538.8,2836.55,False,False,False,False,False,False,False,False,False,True,False,0.0407725321888412,0.0236051502145922,,,-0.0381115879828327,-0.0896137339055794,-0.0879828326180257,-0.242489270386266,-0.0029410220051468,-0.2645336679213718,2525.0,2695.0,1.9285714285714288,-0.0057879940466346,-0.0007731962827413,-0.0009773627916577
1995-03-06,2350.0,2350.0,2335.0,2350.0,41000.0,2350.0,2350.0,2396.0,2406.8,2531.6,2834.8,False,False,False,False,False,False,False,False,False,False,True,0.0319148936170212,0.0,,,-0.0241702127659575,-0.0772765957446808,-0.0936170212765957,-0.274468085106383,-0.0028440511929215,-0.2658597662771285,2500.0,2545.0,1.5185185185185186,-0.0049858733588166,0.000802120687818,9.697081222521984e-05
1995-03-07,2360.0,2385.0,2335.0,2335.0,110000.0,2335.0,2344.0,2380.5,2398.2,2524.733333333333,2833.025,False,False,False,False,False,False,False,False,False,False,False,0.0278372591006423,0.0,,,-0.0270663811563168,-0.0812562455389006,-0.0513918629550321,-0.2719486081370449,-0.0027197591824879,-0.2610796051249737,2500.0,2515.0,2.682926829268293,-0.0035860228504713,0.0013998505083453,0.0001242920104336
1995-03-08,2335.0,2350.0,2330.0,2340.0,116000.0,2340.0,2350.0,2363.0,2394.8,2518.9333333333334,2831.45,False,False,False,False,False,False,False,False,False,False,False,0.0427350427350427,-0.0384615384615384,,,-0.0234188034188034,-0.0764672364672365,-0.0918803418803418,-0.2670940170940171,-0.0023025619309759,-0.2583580194667795,2730.0,2515.0,1.0545454545454545,-0.0014197427760145,0.0021662800744567,0.000417197251512
1995-03-09,2410.0,2435.0,2380.0,2380.0,7000.0,2380.0,2347.0,2358.0,2392.8,2514.333333333333,2829.6,False,False,False,False,False,False,False,False,False,False,False,0.0147058823529411,-0.1491596638655462,,,-0.0053781512605042,-0.0564425770308122,-0.1029411764705882,-0.3004201680672269,-0.0018295108047197,-0.2606022052586938,3005.0,2515.0,0.0603448275862069,-0.000835840855901,0.0005839019201135,0.0004730511262562
1995-03-10,2390.0,2425.0,2390.0,2425.0,10000.0,2425.0,2366.0,2354.0,2390.8,2511.9333333333334,2827.5,False,False,False,False,True,False,False,False,False,True,False,-0.0164948453608247,-0.0845360824742268,,,0.014103092783505,-0.0358487972508591,-0.1237113402061855,-0.3134020618556701,-0.0009554393694098,-0.2642310960067969,2985.0,2475.0,1.4285714285714286,-0.0008365400702693,-6.992143683294582e-07,0.0008740714353098
1995-03-13,2425.0,2445.0,2425.0,2425.0,31000.0,2425.0,2381.0,2365.5,2389.6,2509.0,2825.375,False,False,False,False,False,False,False,False,False,False,True,-0.0309278350515463,-0.1216494845360824,,,0.0145979381443299,-0.0346391752577319,-0.1092783505154639,-0.3092783505154639,-0.0011691244851866,-0.2722468822659057,2895.0,2415.0,3.1,-0.0005021760964179,0.0003343639738514,-0.0002136851157768
1995-03-14,2430.0,2430.0,2400.0,2400.0,13000.0,2400.0,2394.0,2369.0,2386.6,2506.266666666667,2822.625,False,False,False,False,False,False,False,False,False,True,False,-0.0270833333333333,-0.0833333333333333,,,0.0055833333333333,-0.0442777777777778,-0.0895833333333333,-0.2958333333333333,-0.00109059956376,-0.2771211481637822,3000.0,2355.0,0.4193548387096774,-0.0012570183524679,-0.00075484225605,7.852492142659579e-05
1995-03-15,2400.0,2440.0,2375.0,2440.0,19000.0,2440.0,2414.0,2382.0,2388.0,2506.0666666666666,2819.175,False,False,False,False,False,False,True,False,False,False,False,-0.0778688524590164,-0.1188524590163934,,,0.021311475409836,-0.0270765027322404,-0.1086065573770491,-0.2663934426229508,-7.980633662323676e-05,-0.2806465155331654,2750.0,2345.0,1.4615384615384617,0.0005862646566164,0.0018432830090843,0.0010107932271368
1995-03-16,2405.0,2425.0,2400.0,2415.0,25000.0,2415.0,2421.0,2384.0,2387.6,2506.2,2814.55,False,False,False,False,False,False,False,True,False,True,False,-0.1614906832298136,-0.0993788819875776,,,0.0113457556935818,-0.0377639751552794,-0.0890269151138716,-0.2028985507246377,5.320139387647118e-05,-0.2745385906040268,2725.0,2335.0,1.3157894736842106,-0.0001675322499581,-0.0007537969065746,0.0001330077304997
1995-03-17,2400.0,2410.0,2385.0,2385.0,14000.0,2385.0,2413.0,2389.5,2383.0,2505.4666666666667,2808.975,False,False,False,False,False,False,False,False,False,True,True,-0.0691823899371069,-0.0880503144654088,,,0.00083857442348,-0.0505101327742837,-0.0670859538784067,-0.1614255765199161,-0.0002926933106273,-0.2663737183511195,2610.0,2325.0,0.56,-0.0019303399076793,-0.0017628076577212,-0.0003458947045038
1995-03-20,2385.0,2385.0,2335.0,2350.0,47000.0,2350.0,2398.0,2389.5,2380.8,2504.266666666667,2803.725,False,False,False,False,False,True,False,False,False,False,False,-0.0936170212765957,-0.0851063829787234,,,-0.0131063829787234,-0.065645390070922,-0.0744680851063829,-0.1382978723404255,-0.0004791821957192,-0.2529817953546767,2500.0,2495.0,3.357142857142857,-0.0009240591397848,0.0010062807678944,-0.0001864888850918
1995-03-22,2340.0,2350.0,2335.0,2335.0,31000.0,2335.0,2385.0,2389.5,2379.2,2501.866666666667,2798.225,False,False,False,False,False,False,False,False,False,False,False,-0.0578158458244111,-0.0899357601713062,,,-0.0189293361884367,-0.0714632405424697,-0.0899357601713062,-0.1006423982869379,-0.0009592837348113,-0.2362418916091232,2620.0,2490.0,0.6595744680851063,-0.0006724949562879,0.0002515641834968,-0.0004801015390921
1995-03-23,2280.0,2280.0,2250.0,2250.0,33000.0,2250.0,2347.0,2380.5,2375.2,2496.733333333333,2791.65,False,False,False,False,False,False,False,False,False,True,False,-0.0444444444444444,-0.0622222222222222,,,-0.0556444444444443,-0.1096592592592591,-0.0444444444444444,-0.0555555555555555,-0.0020560198659583,-0.2161310649023314,2650.0,2550.0,1.064516129032258,-0.0016840687100033,-0.0010115737537153,-0.0010967361311469
1995-03-27,2100.0,2140.0,2025.0,2025.0,62000.0,2025.0,2269.0,2345.0,2364.2,2487.733333333333,2784.05,False,False,False,False,False,False,False,False,False,True,False,0.074074074074074,0.0518518518518518,,,-0.167506172839506,-0.2285102880658435,0.0691358024691358,0.0617283950617283,-0.0036177510987244,-0.1835820895522388,2700.0,2540.0,1.878787878787879,-0.0046527366551053,-0.0029686679451019,-0.001561731232766
1995-03-29,2270.0,2270.0,2220.0,2220.0,14000.0,2220.0,2236.0,2324.5,2359.4,2481.4,2777.575,False,False,False,False,False,False,False,False,False,False,False,-0.0202702702702702,-0.0427927927927927,,,-0.0627927927927928,-0.1177477477477478,-0.018018018018018,-0.081081081081081,-0.0025523226135782,-0.1602495160249516,2680.0,2575.0,0.2258064516129032,-0.0020344155293717,0.0026183211257335,0.0010654284851461
1995-03-30,2175.0,2175.0,2130.0,2130.0,6000.0,2130.0,2192.0,2295.0,2352.6,2475.866666666667,2770.65,False,False,False,False,False,False,False,False,False,True,False,0.0093896713615023,0.0,,,-0.104507042253521,-0.162378716744914,0.0328638497652582,-0.0258215962441314,-0.0022349076417685,-0.1320261437908496,2650.0,2550.0,0.4285714285714285,-0.0028904191107711,-0.0008560035813993,0.0003174149718097
1995-03-31,2230.0,2230.0,2200.0,2200.0,9000.0,2200.0,2165.0,2275.0,2341.0,2471.6666666666665,2764.4,False,False,False,False,False,False,False,False,False,True,False,-0.034090909090909,0.0068181818181818,,,-0.064090909090909,-0.1234848484848484,0.0113636363636363,-0.0909090909090909,-0.0016992582602833,-0.1107692307692307,2550.0,2595.0,1.5,-0.0049551473729175,-0.0020647282621463,0.0005356493814852
1995-04-03,2150.0,2150.0,2150.0,2150.0,9000.0,2150.0,2145.0,2246.0,2326.4,2466.8,2758.6,False,False,False,False,False,False,False,False,False,True,False,-0.0186046511627906,-0.0116279069767441,,,-0.082046511627907,-0.1473488372093024,0.1162790697674418,-0.0930232558139534,-0.0019728663315495,-0.0921638468388245,2425.0,2550.0,1.0,-0.0062757909215955,-0.001320643548678,-0.0002736080712661
1995-04-04,2175.0,2175.0,2160.0,2175.0,5000.0,2175.0,2175.0,2222.0,2316.2,2462.266666666667,2752.475,False,False,False,False,False,False,False,False,False,False,False,-0.0206896551724137,-0.0183908045977011,,,-0.0649195402298849,-0.1320766283524905,0.0689655172413793,-0.1218390804597701,-0.0018411220014079,-0.083033303330333,2430.0,2500.0,0.5555555555555556,-0.0044037647871514,0.001872026134444,0.0001317443301416
1995-04-05,2150.0,2175.0,2150.0,2175.0,11000.0,2175.0,2166.0,2201.0,2304.6,2458.266666666667,2746.725,False,False,False,False,False,False,False,False,False,True,False,-0.0229885057471264,-0.0229885057471264,,,-0.0595862068965516,-0.1302375478927204,0.0298850574712643,-0.1264367816091954,-0.0016271627705158,-0.078827805542935,2475.0,2525.0,2.2,-0.0050334114379935,-0.000629646650842,0.000213959230892
1995-04-06,2150.0,2150.0,2150.0,2150.0,14000.0,2150.0,2170.0,2181.0,2298.2,2454.733333333333,2739.85,False,False,False,False,False,False,False,False,False,False,False,-0.0093023255813953,0.0046511627906976,,,-0.0689302325581394,-0.141736434108527,-0.0186046511627906,-0.113953488372093,-0.0014393959968497,-0.0758826226501604,2455.0,2500.0,1.2727272727272727,-0.0027847880950309,0.0022486233429626,0.000187766773666
1995-04-07,2125.0,2150.0,2125.0,2125.0,5000.0,2125.0,2155.0,2160.0,2288.6,2451.6666666666665,2733.225,False,False,False,False,False,False,False,False,False,True,False,0.0423529411764705,0.028235294117647,,,-0.0769882352941176,-0.1537254901960783,-0.0188235294117647,-0.0941176470588235,-0.0012508497620665,-0.075,2475.0,2500.0,0.3571428571428571,-0.0041947041859651,-0.0014099160909342,0.0001885462347832
1995-04-10,2125.0,2125.0,2100.0,2110.0,24000.0,2110.0,2147.0,2146.0,2280.6,2448.5333333333333,2726.425,False,False,False,False,False,False,False,False,False,False,False,0.0071090047393364,0.0308056872037914,,,-0.0808530805687203,-0.1604423380726698,-0.0402843601895734,-0.1042654028436018,-0.0012796776301458,-0.0799161230195713,2405.0,2730.0,4.8,-0.0035078488117162,0.0006868553742489,-2.882786807929154e-05
1995-04-11,2130.0,2150.0,2130.0,2130.0,9000.0,2130.0,2138.0,2156.5,2270.0,2445.8,2719.65,False,False,False,False,False,False,False,False,False,True,True,0.0023474178403755,0.0328638497652582,,,-0.0657276995305164,-0.1482629107981221,-0.0492957746478873,-0.0868544600938967,-0.0011175620792105,-0.0939021562717366,2425.0,3005.0,0.375,-0.004669603524229,-0.0011617547125128,0.0001621155509353
1995-04-12,2125.0,2150.0,2115.0,2125.0,30000.0,2125.0,2128.0,2147.0,2261.8,2443.133333333333,2713.525,False,False,False,False,False,False,False,False,False,False,False,0.0,0.0470588235294117,,,-0.0643764705882353,-0.1497098039215685,-0.0564705882352941,-0.0376470588235294,-0.0010914945288837,-0.0896599906846763,2500.0,2985.0,3.333333333333333,-0.0036254310725969,0.001044172451632,2.6067550326734764e-05
1995-04-13,2125.0,2130.0,2125.0,2130.0,2000.0,2130.0,2124.0,2147.0,2253.0,2438.266666666667,2707.675,False,False,False,False,False,False,False,False,False,True,False,0.0140845070422535,0.0211267605633802,,,-0.0577464788732394,-0.1447261345852896,-0.0375586854460093,-0.0727699530516431,-0.0019959534095257,-0.0943176525384257,2405.0,2895.0,0.0666666666666666,-0.0039059032401243,-0.0002804721675273,-0.0009044588806419
1995-04-14,2215.0,2215.0,2215.0,2215.0,3000.0,2215.0,2142.0,2148.5,2248.2,2434.6,2702.5,False,False,False,False,False,False,False,False,False,False,False,-0.0135440180586907,-0.0406320541760722,,,-0.0149887133182843,-0.0991422121896162,-0.09255079006772,-0.0970654627539503,-0.0015060653358526,-0.0949499650919246,2375.0,3000.0,1.5,-0.0021350413664265,0.0017708618736978,0.000489888073673
1995-04-17,2150.0,2150.0,2125.0,2125.0,3000.0,2125.0,2145.0,2146.0,2239.6,2428.9333333333334,2696.375,False,False,False,False,False,False,False,False,False,True,False,0.0235294117647058,0.0117647058823529,,,-0.0539294117647058,-0.1430274509803921,-0.0635294117647058,-0.0705882352941176,-0.0023329856727232,-0.0927306616961789,2350.0,2750.0,1.0,-0.0038399714234684,-0.0017049300570418,-0.0008269203368705
1995-04-18,2150.0,2150.0,2130.0,2135.0,8000.0,2135.0,2146.0,2142.0,2229.8,2423.5333333333333,2690.8,False,False,False,False,False,False,False,False,False,True,False,0.0304449648711943,0.0140515222482435,,,-0.0444028103044497,-0.1351444184231069,-0.063231850117096,-0.0913348946135831,-0.0022281517343823,-0.0896358543417367,2300.0,2725.0,2.6666666666666665,-0.0043950130056506,-0.0005550415821821,0.0001048339383408
1995-04-19,2130.0,2150.0,2125.0,2125.0,9000.0,2125.0,2146.0,2137.0,2217.8,2417.5333333333333,2685.8,False,False,False,False,False,False,False,False,False,True,False,0.0470588235294117,0.0258823529411764,,,-0.0436705882352942,-0.1376627450980392,-0.0847058823529411,-0.1035294117647058,-0.0024818685712709,-0.0872718764623303,2340.0,2610.0,1.125,-0.00541076742718,-0.0010157544215294,-0.0002537168368886
1995-04-20,2135.0,2160.0,2135.0,2160.0,7000.0,2160.0,2152.0,2138.0,2207.2,2412.333333333333,2680.6,False,False,False,False,False,False,False,False,False,False,False,0.0069444444444444,0.0185185185185185,,,-0.0218518518518517,-0.1168209876543208,-0.1064814814814814,-0.1319444444444444,-0.0021555893325964,-0.0891019644527595,2300.0,2500.0,0.7777777777777778,-0.0048024646611092,0.0006083027660708,0.0003262792386744
1995-04-21,2165.0,2185.0,2165.0,2185.0,2000.0,2185.0,2146.0,2144.0,2198.6,2406.866666666667,2676.025,False,False,False,False,False,False,False,False,False,False,True,-0.0274599542334096,0.0183066361556064,,,-0.0062242562929061,-0.1015408085430969,-0.091533180778032,-0.1304347826086956,-0.0022712793950639,-0.0928171641791044,2490.0,2620.0,0.2857142857142857,-0.0039115800964249,0.0008908845646843,-0.0001156900624674
1995-04-24,2205.0,2210.0,2175.0,2175.0,11000.0,2175.0,2156.0,2150.5,2188.0,2401.866666666667,2670.775,False,False,False,False,False,False,False,False,False,True,False,-0.0114942528735632,0.1034482758620689,,,-0.0059770114942528,-0.1043065134099617,-0.1149425287356321,-0.1149425287356321,-0.0020817142222715,-0.0939316438037665,2515.0,2650.0,5.5,-0.0048446069469835,-0.0009330268505585,0.0001895651727923
1995-04-25,2215.0,2215.0,2200.0,2200.0,6000.0,2200.0,2169.0,2157.5,2179.4,2397.866666666667,2666.25,False,False,False,False,True,False,False,False,False,False,False,-0.0159090909090909,0.0568181818181818,,,0.0093636363636363,-0.089939393939394,-0.0954545454545454,-0.1363636363636363,-0.0016681494661921,-0.0989571263035921,2430.0,2700.0,0.5454545454545454,-0.0039460401945489,0.0008985667524345,0.0004135647560793
1995-04-26,2225.0,2225.0,2175.0,2225.0,29000.0,2225.0,2189.0,2167.5,2173.0,2393.866666666667,2661.675,False,False,False,False,False,False,False,False,False,False,False,-0.0202247191011235,0.0067415730337078,,,0.0233707865168539,-0.0758951310861423,-0.1123595505617977,-0.1348314606741573,-0.0016709368385875,-0.1086505190311418,2465.0,2680.0,4.833333333333333,-0.0029452369995398,0.001000803195009,-2.78737239533069e-06
1995-04-27,2225.0,2245.0,2160.0,2175.0,32000.0,2175.0,2192.0,2172.0,2166.0,2389.5333333333333,2656.1,False,False,False,False,False,False,False,False,False,True,False,0.0114942528735632,-0.0298850574712643,,,0.0041379310344827,-0.0986360153256704,-0.0919540229885057,-0.0689655172413793,-0.0018134642747538,-0.108195211786372,2310.0,2650.0,1.103448275862069,-0.0032317636195752,-0.0002865266200354,-0.0001425274361663
1995-04-28,2175.0,2175.0,2125.0,2125.0,24000.0,2125.0,2180.0,2163.0,2157.6,2384.5333333333333,2650.1,False,False,False,False,False,True,False,False,False,True,False,0.0470588235294117,-0.0188235294117647,,,-0.0153411764705881,-0.1221333333333333,-0.0705882352941176,-0.0164705882352941,-0.0020968463430999,-0.1003236245954692,2365.0,2550.0,0.75,-0.0038932146829811,-0.0006614510634058,-0.0002833820683461
1995-05-01,2110.0,2150.0,2110.0,2150.0,17000.0,2150.0,2175.0,2165.5,2153.6,2376.8,2644.6,False,False,False,False,False,False,False,False,False,False,False,0.1162790697674418,-0.0581395348837209,,,-0.0016744186046511,-0.1054883720930233,-0.1046511627906976,-0.055813953488372,-0.0032536744081677,-0.0988224428538443,2310.0,2425.0,0.7083333333333334,-0.0018573551263001,0.0020358595566809,-0.0011568280650677
1995-05-02,2155.0,2200.0,2155.0,2165.0,20000.0,2165.0,2168.0,2168.5,2159.2,2365.6,2639.425,False,False,False,False,False,False,True,False,True,False,False,0.0739030023094688,-0.0646651270207852,,,0.0026789838337183,-0.0926558891454965,-0.1454965357967667,-0.0646651270207852,-0.0047345282380792,-0.0961494120359695,2395.0,2430.0,1.1764705882352942,0.0025935531678398,0.00445090829414,-0.0014808538299114
1995-05-08,2170.0,2180.0,2165.0,2180.0,34000.0,2180.0,2159.0,2174.0,2157.6,2354.866666666667,2634.325,False,False,False,False,False,False,False,False,False,True,False,0.0275229357798165,-0.0802752293577981,,,0.0102752293577982,-0.0802140672782875,-0.1743119266055046,-0.0711009174311926,-0.0045579367550886,-0.092916283348666,2330.0,2475.0,1.7,-0.0007415647015201,-0.00333511786936,0.0001765914829905
1995-05-09,2225.0,2235.0,2195.0,2200.0,11000.0,2200.0,2164.0,2178.0,2160.4,2345.6,2628.825,False,False,False,False,False,False,True,False,True,False,False,-0.0409090909090909,-0.0681818181818181,,,0.0179999999999999,-0.0661818181818181,-0.2272727272727272,-0.0681818181818181,-0.0039506593906321,-0.0865472910927456,2350.0,2455.0,0.3235294117647059,0.001296056285873,0.0020376209873932,0.0006072773644564
1995-05-10,2175.0,2245.0,2175.0,2225.0,50000.0,2225.0,2184.0,2182.0,2161.4,2335.266666666667,2622.95,False,False,False,False,False,False,True,False,False,True,False,-0.0629213483146067,-0.096629213483146,,,0.0285842696629213,-0.049558052434457,-0.2359550561797752,-0.0786516853932584,-0.0044249050786489,-0.0813473877176901,2335.0,2475.0,4.545454545454546,0.0004626630887387,-0.0008333931971342,-0.0004742456880167
1995-05-11,2215.0,2420.0,2215.0,2400.0,126000.0,2400.0,2234.0,2204.5,2171.4,2330.6,2617.95,False,False,False,False,False,False,True,False,True,False,False,-0.15625,-0.1708333333333333,,,0.0952499999999999,0.0289166666666667,-0.2583333333333333,-0.1666666666666666,-0.0020023456048515,-0.0873213880698571,2340.0,2405.0,2.52,0.0046053237542599,0.0041426606655211,0.0024225594737974
1995-05-12,2315.0,2370.0,2310.0,2325.0,50000.0,2325.0,2266.0,2217.0,2177.4,2325.266666666667,2612.45,False,False,False,False,False,False,True,False,False,True,False,-0.1290322580645161,-0.1397849462365591,,,0.0634838709677419,-0.0001146953405018,-0.2451612903225806,-0.1376344086021505,-0.0022936437397859,-0.0877311682453766,2380.0,2425.0,0.3968253968253968,0.0027555800496004,-0.0018497437046594,-0.0002912981349344
1995-05-15,2250.0,2250.0,2240.0,2240.0,9000.0,2240.0,2278.0,2218.5,2180.0,2320.333333333333,2607.025,False,False,False,False,False,False,True,False,False,True,False,-0.1049107142857142,-0.1316964285714285,,,0.0267857142857142,-0.0358630952380951,-0.2053571428571428,-0.1071428571428571,-0.0021261313029739,-0.0849673202614379,2425.0,2500.0,0.18,0.0011926605504586,-0.0015629194991417,0.000167512436812
1995-05-16,2215.0,2225.0,2110.0,2110.0,27000.0,2110.0,2260.0,2212.0,2178.4,2315.133333333333,2601.2,False,False,False,False,False,False,False,False,False,True,False,-0.0284360189573459,-0.0853080568720379,,,-0.0324170616113744,-0.0972195892575038,-0.1563981042654028,-0.0355450236966824,-0.0022460909378868,-0.0818264014466546,2425.0,2405.0,3.0,-0.0007344840249724,-0.001927144575431,-0.0001199596349129
1995-05-17,2105.0,2105.0,2070.0,2085.0,31000.0,2085.0,2232.0,2208.0,2176.8,2308.0,2595.875,False,False,False,False,False,False,False,False,False,True,False,-0.0359712230215827,-0.0479616306954436,,,-0.0440287769784173,-0.1069544364508393,-0.1462829736211031,0.0071942446043165,-0.0030906990179086,-0.0797101449275362,2400.0,2375.0,1.148148148148148,-0.0007350238882763,-5.398633039121114e-07,-0.0008446080800218
1995-05-18,2125.0,2150.0,2025.0,2025.0,33000.0,2025.0,2157.0,2195.5,2173.4,2299.6666666666665,2590.35,False,False,False,False,False,False,False,False,False,True,False,-0.0172839506172839,-0.0493827160493827,,,-0.073283950617284,-0.1356378600823044,-0.1209876543209876,0.0246913580246913,-0.0036237135816785,-0.0724208608517422,2440.0,2350.0,1.064516129032258,-0.0015643691911291,-0.0008293453028528,-0.0005330145637698
1995-05-19,2025.0,2035.0,2025.0,2025.0,27000.0,2025.0,2097.0,2181.5,2169.2,2290.6666666666665,2584.5,False,False,False,False,False,False,False,False,False,True,False,-0.0123456790123456,-0.0172839506172839,,,-0.0712098765432097,-0.13119341563786,-0.128395061728395,0.0172839506172839,-0.0039289871944121,-0.0648636259454503,2415.0,2300.0,0.8181818181818182,-0.0019361976765629,-0.0003718284854337,-0.0003052736127335
1995-05-22,2015.0,2015.0,2005.0,2005.0,11000.0,2005.0,2050.0,2164.0,2164.4,2281.6666666666665,2578.9,False,False,False,False,False,False,False,False,False,True,False,-0.0299251870324189,-0.0149625935162094,,,-0.079501246882793,-0.1379883624272651,-0.1197007481296758,0.0473815461346633,-0.0039444850255661,-0.0538354898336414,2385.0,2340.0,0.4074074074074074,-0.0022177046756605,-0.0002815069990976,-1.5497831153999525e-05
1995-05-23,2005.0,2050.0,2000.0,2050.0,22000.0,2050.0,2038.0,2149.0,2161.2,2273.6666666666665,2573.45,False,False,False,False,False,False,False,False,False,False,False,-0.0585365853658536,-0.0365853658536585,,,-0.0542439024390243,-0.1091056910569105,-0.1682926829268292,0.0512195121951219,-0.0035185456677906,-0.0423452768729641,2350.0,2300.0,2.0,-0.0014806588932076,0.0007370457824529,0.0004259393577754
1995-05-24,2050.0,2050.0,2010.0,2010.0,2000.0,2010.0,2023.0,2127.5,2153.0,2266.4666666666667,2567.875,False,False,False,False,False,False,False,False,False,True,False,-0.0124378109452736,-0.017412935323383,,,-0.0711442786069651,-0.1275953565505804,-0.154228855721393,0.1069651741293532,-0.0031767508897843,-0.0244418331374853,2335.0,2490.0,0.0909090909090909,-0.003808639108221,-0.0023279802150133,0.0003417947780063
1995-05-25,2000.0,2000.0,1990.0,1990.0,14000.0,1990.0,2016.0,2086.5,2147.6,2260.6666666666665,2562.2,False,False,False,False,False,False,False,False,False,False,False,-0.0326633165829145,-0.0326633165829145,,,-0.0791959798994974,-0.1360134003350083,-0.1381909547738693,0.14321608040201,-0.0025656148628723,0.0079079798705966,2250.0,2515.0,7.0,-0.0025144347178245,0.0012942043903964,0.0006111360269119
1995-05-26,1995.0,2000.0,1995.0,2000.0,4000.0,2000.0,2011.0,2054.0,2142.2,2254.9333333333334,2556.45,False,False,False,False,False,False,False,False,False,True,False,-0.005,-0.075,,,-0.0710999999999999,-0.1274666666666667,-0.1675,0.175,-0.0025425733207189,0.0406523855890944,2025.0,2430.0,0.2857142857142857,-0.0025207730370647,-6.338319240151505e-06,2.304154215346808e-05
1995-05-29,1950.0,1950.0,1925.0,1945.0,7000.0,1945.0,1999.0,2024.5,2135.0,2247.866666666667,2550.625,False,False,False,False,False,False,False,False,False,True,False,0.0154241645244215,-0.0745501285347043,,,-0.0976863753213367,-0.1557155098543274,-0.1439588688946015,0.1568123393316195,-0.003143721454416,0.0681649790071622,2220.0,2465.0,1.75,-0.0033723653395783,-0.0008515923025136,-0.000601148133697
1995-05-30,1970.0,1970.0,1925.0,1930.0,16000.0,1930.0,1975.0,2006.5,2125.8,2240.866666666667,2544.775,False,False,False,False,False,False,False,False,False,True,False,0.0233160621761658,-0.1191709844559585,,,-0.1014507772020726,-0.1610708117443869,-0.1321243523316062,0.1321243523316062,-0.0031237913902359,0.0852230251682033,2130.0,2310.0,2.2857142857142856,-0.004327782481889,-0.0009554171423107,1.99300641800914e-05
1995-05-31,1930.0,1985.0,1925.0,1985.0,8000.0,1985.0,1970.0,1996.5,2117.8,2234.333333333333,2539.075,False,False,False,False,False,False,False,False,False,False,False,-0.0050377833753148,-0.1435768261964735,,,-0.0669017632241814,-0.1256087321578504,-0.1486146095717884,0.1183879093198992,-0.0029240638520067,0.0966691710493363,2200.0,2365.0,0.5,-0.0037775049579752,0.0005502775239138,0.0001997275382291
1995-06-01,1930.0,1930.0,1920.0,1925.0,15000.0,1925.0,1957.0,1986.5,2107.8,2227.9333333333334,2533.2,False,False,False,False,False,False,False,False,False,True,False,0.0,-0.0753246753246753,,,-0.094961038961039,-0.1573679653679654,-0.0701298701298701,0.1428571428571428,-0.0028726173733503,0.1084822552227535,2150.0,2310.0,1.875,-0.0047442831388177,-0.0009667781808424,5.1446478656428426e-05
1995-06-02,1950.0,1995.0,1925.0,1990.0,27000.0,1990.0,1955.0,1983.0,2099.4,2222.133333333333,2527.85,False,False,False,False,False,False,False,False,False,False,False,-0.0703517587939698,-0.1180904522613065,,,-0.0549748743718593,-0.1166499162479061,-0.0326633165829145,0.0904522613065326,-0.0026101044041762,0.1159858799798285,2175.0,2395.0,1.8,-0.0040011431837668,0.0007431399550508,0.000262512969174
1995-06-05,1995.0,1995.0,1970.0,1975.0,11000.0,1975.0,1961.0,1980.0,2089.4,2215.133333333333,2522.425,False,False,False,False,False,False,False,False,False,True,False,-0.0886075949367088,-0.0987341772151898,,,-0.0579240506329114,-0.1215864978902953,0.0126582278481012,0.1392405063291139,-0.0031600806572967,0.1252525252525252,2175.0,2330.0,0.4074074074074074,-0.0047860629845888,-0.000784919800822,-0.0005499762531205
1995-06-06,1975.0,1975.0,1975.0,1975.0,10000.0,1975.0,1970.0,1972.5,2081.4,2209.4,2516.8,False,False,False,False,False,False,False,False,False,False,False,-0.1392405063291139,-0.0987341772151898,,,-0.053873417721519,-0.1186835443037975,0.0253164556962025,0.1518987341772152,-0.0025949729941763,0.1356147021546261,2150.0,2350.0,0.9090909090909092,-0.0038435668300182,0.0009424961545706,0.0005651076631204
1995-06-07,1955.0,1975.0,1950.0,1975.0,13000.0,1975.0,1968.0,1969.0,2075.4,2204.0666666666666,2511.175,False,False,False,False,False,False,False,False,False,False,False,-0.1392405063291139,-0.0987341772151898,,,-0.0508354430379747,-0.1159831223628691,0.0632911392405063,0.1139240506329113,-0.0024197695169535,0.1363636363636363,2125.0,2335.0,1.3,-0.0028910089621277,0.0009525578678904,0.0001752034772227
1995-06-08,1925.0,1925.0,1925.0,1925.0,3000.0,1925.0,1968.0,1962.5,2066.4,2198.4,2505.55,False,False,False,False,False,False,False,False,False,True,False,-0.0753246753246753,-0.0753246753246753,,,-0.0734545454545455,-0.142025974025974,0.1038961038961039,0.1038961038961039,-0.0025776322173701,0.132484076433121,2110.0,2340.0,0.2307692307692307,-0.0043554006968641,-0.0014643917347363,-0.0001578627004165
1995-06-09,1920.0,1925.0,1850.0,1850.0,14000.0,1850.0,1940.0,1947.5,2053.8,2192.4,2499.3,False,False,False,False,False,False,False,False,False,True,False,-0.0513513513513513,-0.0459459459459459,,,-0.1101621621621622,-0.1850810810810811,0.1621621621621621,0.1351351351351351,-0.0027367268746579,0.128369704749679,2130.0,2380.0,4.666666666666667,-0.0061349693251533,-0.0017795686282892,-0.0001590946572877
1995-06-12,1800.0,1800.0,1800.0,1800.0,8000.0,1800.0,1905.0,1933.0,2038.6,2185.2,2493.275,False,False,False,False,False,False,False,False,False,True,False,-0.0111111111111111,-0.0194444444444444,,,-0.1325555555555555,-0.2139999999999999,0.1333333333333333,0.1694444444444444,-0.0032948929159803,0.1293326435592343,2125.0,2425.0,0.5714285714285714,-0.0074560973216914,-0.0013211279965381,-0.0005581660413224
1995-06-13,1655.0,1700.0,1655.0,1700.0,27000.0,1700.0,1850.0,1910.0,2018.6,2177.2,2486.525,False,False,False,False,False,False,False,False,False,True,False,0.0470588235294117,0.0029411764705882,,,-0.1874117647058823,-0.2807058823529411,0.2205882352941176,0.2823529411764706,-0.0036744442403086,0.1426701570680628,2130.0,2425.0,3.375,-0.0099078569305459,-0.0024517596088544,-0.0003795513243282
1995-06-14,1685.0,1700.0,1685.0,1700.0,10000.0,1700.0,1795.0,1881.5,1997.6,2166.6666666666665,2479.8,False,False,False,False,False,False,False,False,False,True,False,0.0470588235294117,0.0,,,-0.1750588235294117,-0.2745098039215685,0.1764705882352941,0.2823529411764706,-0.0048615384615384,0.157852777039596,2215.0,2400.0,0.3703703703703703,-0.0105126151381658,-0.0006047582076198,-0.0011870942212297
1995-06-15,1780.0,1780.0,1780.0,1780.0,10000.0,1780.0,1766.0,1867.0,1972.8,2156.866666666667,2473.45,False,False,False,False,False,False,False,False,False,True,False,0.0,-0.0365168539325842,,,-0.108314606741573,-0.2117228464419476,0.095505617977528,0.1825842696629213,-0.0045436281024942,0.161756829137654,2125.0,2440.0,1.0,-0.0125709651257096,-0.0020583499875438,0.0003179103590442
1995-06-16,1750.0,1755.0,1750.0,1755.0,4000.0,1755.0,1747.0,1843.5,1950.0,2147.866666666667,2467.125,False,False,False,False,False,False,False,False,False,False,False,0.0056980056980056,-0.0512820512820512,,,-0.1111111111111111,-0.2238556505223172,0.0883190883190883,0.225071225071225,-0.0041902042336582,0.1754814212096555,2135.0,2415.0,0.4,-0.0116923076923076,0.0008786574334019,0.000353423868836
1995-06-19,1755.0,1780.0,1755.0,1780.0,3000.0,1780.0,1743.0,1824.0,1931.6,2138.733333333333,2461.4,False,False,False,False,False,False,False,False,False,False,False,-0.0084269662921348,-0.0646067415730337,,,-0.0851685393258426,-0.2015355805243444,0.0674157303370786,0.2078651685393258,-0.0042704404476171,0.1825657894736842,2125.0,2385.0,0.75,-0.0095257817353489,0.0021665259569586,-8.023621395892265e-05
1995-06-20,1780.0,1780.0,1780.0,1780.0,4000.0,1780.0,1759.0,1804.5,1918.4,2131.6666666666665,2455.8,False,False,False,False,False,False,False,False,False,False,False,-0.0421348314606741,-0.0589887640449438,,,-0.077752808988764,-0.1975655430711609,0.0702247191011236,0.1797752808988764,-0.0033150899139952,0.1856469936270435,2160.0,2350.0,1.3333333333333333,-0.006880733944954,0.0026450477903949,0.0009553505336218
1995-06-21,1780.0,1780.0,1780.0,1780.0,16000.0,1780.0,1775.0,1785.0,1906.2,2123.866666666667,2450.425,False,False,False,False,False,False,False,False,False,False,False,-0.0449438202247191,-0.0505617977528089,,,-0.0708988764044944,-0.193183520599251,0.0814606741573033,0.1657303370786516,-0.0036725469269883,0.1915966386554622,2185.0,2335.0,4.0,-0.0064001678732557,0.0004805660716983,-0.0003574570129931
1995-06-22,1780.0,1780.0,1780.0,1780.0,8000.0,1780.0,1775.0,1770.5,1896.4,2116.8,2445.1,False,False,False,False,False,False,False,False,False,False,False,-0.0365168539325842,0.0056179775280898,,,-0.0653932584269663,-0.1892134831460675,0.0617977528089887,0.1404494382022472,-0.0033383723859914,0.195989833380401,2175.0,2250.0,0.5,-0.005167686142164,0.0012324817310916,0.0003341745409969
1995-06-23,1780.0,1780.0,1755.0,1765.0,15000.0,1765.0,1777.0,1762.0,1886.0,2108.4,2439.925,False,False,False,False,False,False,False,False,False,True,False,-0.0566572237960339,0.0906515580736544,,,-0.0685552407932011,-0.1945609065155807,0.1019830028328611,0.1501416430594901,-0.0039840637450199,0.1977866061293984,2200.0,2025.0,1.875,-0.0055143160127253,-0.0003466298705613,-0.0006456913590285
1995-06-26,1770.0,1770.0,1765.0,1765.0,7000.0,1765.0,1774.0,1758.5,1876.4,2100.866666666667,2434.05,False,False,False,False,False,False,False,False,False,False,False,-0.0566572237960339,0.1331444759206798,,,-0.0631161473087819,-0.1902927289896129,0.1586402266288951,0.1614730878186968,-0.0035858217243677,0.1970429343190219,2225.0,2220.0,0.4666666666666667,-0.0051161799189937,0.0003981360937316,0.0003982420206522
1995-06-27,1765.0,1765.0,1700.0,1705.0,18000.0,1705.0,1759.0,1759.0,1862.6,2092.266666666667,2428.3,False,False,False,False,False,False,False,False,False,True,False,-0.0175953079178885,0.187683284457478,,,-0.0924340175953078,-0.2271358748778104,0.158357771260997,0.2082111436950146,-0.0041103747132296,0.1898806139852188,2175.0,2130.0,2.571428571428572,-0.0074089981745947,-0.0022928182556009,-0.0005245529888619
1995-06-28,1730.0,1730.0,1680.0,1700.0,19000.0,1700.0,1743.0,1759.0,1850.2,2083.8,2422.9,False,False,False,False,False,False,False,False,False,False,False,-0.0058823529411764,0.2352941176470588,,,-0.0883529411764706,-0.225764705882353,0.1764705882352941,0.2264705882352941,-0.0040630898678696,0.1844798180784536,2125.0,2200.0,1.0555555555555556,-0.0067019781645226,0.000707020010072,4.728484536001623e-05
1995-06-29,1795.0,1795.0,1715.0,1715.0,6000.0,1715.0,1730.0,1752.5,1839.2,2075.4666666666667,2417.525,False,False,False,False,False,False,False,False,False,False,False,0.0437317784256559,0.239067055393586,,,-0.0724198250728863,-0.2101846452866861,0.151603498542274,0.3731778425655976,-0.0040151612488758,0.2031383737517831,2150.0,2150.0,0.3157894736842105,-0.0059808612440191,0.0007211169205035,4.792861899378335e-05
1995-06-30,1715.0,1715.0,1665.0,1665.0,15000.0,1665.0,1710.0,1743.5,1825.8,2065.9333333333334,2412.075,False,False,False,False,False,False,False,False,False,True,False,0.1561561561561561,0.2912912912912913,,,-0.0965765765765765,-0.2408008008008008,0.1651651651651651,0.3273273273273273,-0.0046145406434541,0.2127903642099225,2165.0,2175.0,2.5,-0.0073392485485814,-0.0013583873045623,-0.0005993793945782
1995-07-03,1665.0,1665.0,1665.0,1665.0,2000.0,1665.0,1690.0,1732.0,1814.6,2055.8,2406.625,False,False,False,False,False,False,False,False,False,False,False,0.2012012012012012,0.2252252252252252,,,-0.0898498498498498,-0.2347147147147148,0.1441441441441441,0.3663663663663664,-0.0049291435613061,0.2280600461893764,2180.0,2175.0,0.1333333333333333,-0.0061721591535324,0.001167089395049,-0.000314602917852
1995-07-04,1665.0,1675.0,1665.0,1675.0,13000.0,1675.0,1684.0,1721.5,1804.4,2045.8,2401.0,False,False,False,False,False,False,False,False,False,False,False,0.208955223880597,0.2388059701492537,,,-0.0772537313432836,-0.2213731343283581,0.1194029850746268,0.3611940298507463,-0.0048880633493011,0.2460063897763578,2200.0,2150.0,6.5,-0.0056528485923297,0.0005193105612027,4.1080212005045226e-05
1995-07-05,1705.0,1705.0,1685.0,1690.0,7000.0,1690.0,1682.0,1712.5,1792.6,2036.3333333333333,2395.9,False,False,False,False,False,False,False,False,False,True,False,0.2426035502958579,0.1834319526627219,,,-0.0607100591715975,-0.2049309664694279,0.1242603550295858,0.3846153846153846,-0.0046488787035521,0.268029197080292,2225.0,2125.0,0.5384615384615384,-0.0065826174272008,-0.000929768834871,0.0002391846457489
1995-07-06,1715.0,1790.0,1715.0,1790.0,4000.0,1790.0,1697.0,1713.5,1787.2,2027.6666666666667,2391.225,False,False,False,False,True,False,False,False,False,False,False,0.1871508379888268,0.0893854748603352,,,0.0015642458100558,-0.1327746741154563,0.0754189944134078,0.2737430167597765,-0.0042742068058523,0.2818791946308724,2400.0,2110.0,0.5714285714285714,-0.0030214861235451,0.0035611313036556,0.0003746718976998
1995-07-07,1765.0,1925.0,1765.0,1925.0,14000.0,1925.0,1749.0,1729.5,1784.6,2021.1333333333328,2387.175,False,False,False,False,False,False,False,False,False,False,True,0.1168831168831168,-0.0077922077922077,,,0.0729350649350649,-0.0499393939393938,-0.0129870129870129,0.148051948051948,-0.0032325098129763,0.2804278693263949,2325.0,2130.0,3.5,-0.0014569091112855,0.0015645770122596,0.0010416969928759
1995-07-10,2005.0,2005.0,2000.0,2000.0,21000.0,2000.0,1816.0,1753.0,1785.6,2016.0,2383.475,False,False,False,False,False,False,True,False,False,False,False,0.02,-0.05,,,0.1072,-0.008,-0.0375,0.1175,-0.0025462962962962,0.2738163148887621,2240.0,2125.0,1.5,0.0005600358422939,0.0020169449535794,0.00068621351668
1995-07-11,1975.0,2030.0,1975.0,2025.0,20000.0,2025.0,1886.0,1785.0,1787.6,2011.6666666666667,2379.975,False,False,False,False,False,False,True,False,True,False,False,0.0246913580246913,-0.0592592592592592,,,0.1172345679012346,0.0065843621399176,0.0,0.0790123456790123,-0.0021541010770505,0.2579831932773109,2110.0,2130.0,0.9523809523809524,0.0011188185276348,0.0005587826853409,0.0003921952192457
1995-07-12,2050.0,2100.0,2025.0,2100.0,16000.0,2100.0,1968.0,1825.0,1792.6,2008.5333333333333,2377.525,False,False,False,False,False,False,True,False,False,False,False,-0.0476190476190476,-0.0833333333333333,,,0.1463809523809524,0.0435555555555555,-0.0047619047619047,0.0119047619047619,-0.0015600106213489,0.2326027397260274,2085.0,2215.0,0.8,0.0027892446725426,0.0016704261449078,0.0005940904557015
1995-07-13,2095.0,2140.0,2095.0,2125.0,18000.0,2125.0,2035.0,1866.0,1800.6,2006.8666666666663,2375.4,False,False,False,False,False,False,True,False,False,False,False,-0.0823529411764705,-0.1105882352941176,,,0.1526588235294118,0.0555921568627452,-0.0447058823529411,0.0235294117647058,-0.0008304820117597,0.1958735262593783,2025.0,2125.0,1.125,0.0044429634566255,0.0016537187840828,0.0007295286095891
1995-07-14,2150.0,2150.0,2150.0,2150.0,3000.0,2150.0,2080.0,1914.5,1812.6,2008.5333333333333,2373.4,False,False,False,False,False,False,True,True,False,False,False,-0.1116279069767441,-0.0953488372093023,,,0.1569302325581395,0.0657984496124031,-0.0581395348837209,0.013953488372093,0.0008297928836963,0.1640114912509793,2025.0,2135.0,0.1666666666666666,0.0066203243958953,0.0021773609392698,0.0016602748954561
1995-07-17,2025.0,2050.0,2025.0,2040.0,19000.0,2040.0,2088.0,1952.0,1822.2,2006.1333333333328,2370.6,False,False,False,False,False,False,True,False,False,True,False,-0.0686274509803921,0.0024509803921568,,,0.1067647058823529,0.0166013071895425,-0.0073529411764705,0.0784313725490196,-0.0011963312508308,0.1378073770491803,2005.0,2125.0,6.333333333333333,0.0052683569311821,-0.0013519674647132,-0.0020261241345272
1995-07-18,2050.0,2080.0,2050.0,2075.0,12000.0,2075.0,2098.0,1992.0,1837.2,2005.4,2368.075,False,False,False,False,False,False,True,False,False,False,False,-0.0819277108433735,-0.0481927710843373,,,0.1146024096385542,0.0335421686746987,-0.0120481927710843,0.1204819277108433,-0.0003656793324688,0.117218875502008,2050.0,2160.0,0.631578947368421,0.0081645983017635,0.0028962413705813,0.0008306519183619
1995-07-19,1995.0,2000.0,1995.0,2000.0,4000.0,2000.0,2078.0,2023.0,1849.2,2002.733333333333,2365.2,False,False,False,False,False,False,True,False,False,True,False,-0.0375,0.0,,,0.0753999999999999,-0.0013666666666665,0.025,0.1375,-0.0013315135980827,0.0968858131487889,2010.0,2185.0,0.3333333333333333,0.0064892926670992,-0.0016753056346642,-0.0009658342656138
1995-07-20,1990.0,1990.0,1950.0,1950.0,7000.0,1950.0,2043.0,2039.0,1856.0,2000.0666666666664,2361.9,False,False,False,False,False,False,True,False,False,True,False,-0.0307692307692307,0.0128205128205128,,,0.0482051282051282,-0.0256752136752135,0.0256410256410256,0.1794871794871795,-0.0013332888903703,0.0892594409024031,1990.0,2175.0,1.75,0.0036637931034482,-0.002825499563651,-1.7752922875870127e-06
1995-07-21,1950.0,1950.0,1905.0,1910.0,10000.0,1910.0,1995.0,2037.5,1862.2,1996.5333333333333,2358.2,False,False,False,False,False,False,True,False,False,True,False,0.0183246073298429,0.0157068062827225,,,0.0250261780104711,-0.045305410122164,0.0497382198952879,0.1780104712041884,-0.0017697342059568,0.0920245398773006,2000.0,2200.0,1.4285714285714286,0.0033293953388465,-0.0003343977646017,-0.0004364453155865
1995-07-24,1900.0,1900.0,1900.0,1900.0,3000.0,1900.0,1967.0,2027.5,1867.0,1992.8666666666663,2353.975,False,False,False,False,False,False,True,False,False,True,False,0.0763157894736842,0.0026315789473684,,,0.0173684210526315,-0.0488771929824559,0.0526315789473684,0.1605263157894736,-0.001839895627739,0.0959309494451294,1945.0,2225.0,0.3,0.0025709694697375,-0.000758425869109,-7.016142178222482e-05
1995-07-25,1900.0,1905.0,1900.0,1905.0,4000.0,1905.0,1933.0,2015.5,1872.0,1989.6,2349.3,False,False,False,False,False,False,True,False,False,False,False,0.0367454068241469,-0.0157480314960629,,,0.0173228346456692,-0.0444094488188975,0.0682414698162729,0.1181102362204724,-0.00164187106286,0.0997271148598362,1930.0,2175.0,1.3333333333333333,0.0026709401709401,9.997070120264848e-05,0.000198024564879
1995-07-26,1910.0,1925.0,1910.0,1925.0,7000.0,1925.0,1918.0,1998.0,1877.8,1986.9333333333327,2344.225,False,False,False,False,False,False,True,False,False,False,False,0.0389610389610389,-0.0129870129870129,,,0.0245194805194805,-0.03217316017316,0.0909090909090909,0.1064935064935064,-0.0013421017313112,0.1096096096096096,1985.0,2125.0,1.75,0.0030887208435402,0.0004177806726001,0.0002997693315488
1995-07-27,1905.0,1905.0,1865.0,1890.0,20000.0,1890.0,1906.0,1974.5,1882.2,1984.0,2338.725,False,False,False,False,False,False,True,False,False,True,False,0.0449735449735449,0.0185185185185185,,,0.0041269841269841,-0.0497354497354497,0.0978835978835978,0.1243386243386243,-0.0014784946236558,0.1202836161053431,1925.0,2150.0,2.857142857142857,0.0023376899373074,-0.0007510309062328,-0.0001363928923445
1995-07-28,1890.0,1945.0,1870.0,1945.0,38000.0,1945.0,1913.0,1954.0,1889.4,1981.5333333333333,2333.325,False,False,False,False,False,False,True,False,False,False,False,-0.0025706940874035,-0.0231362467866323,,,0.0285861182519279,-0.0187832047986289,0.0591259640102827,0.0925449871465295,-0.0012448272381657,0.129222108495394,1990.0,2165.0,1.9,0.0038107335662115,0.001473043628904,0.00023366738549
1995-07-31,1995.0,2045.0,1995.0,2045.0,42000.0,2045.0,1942.0,1954.5,1900.6,1980.4666666666667,2328.3,False,False,False,False,False,False,True,False,False,False,False,-0.0684596577017114,-0.0586797066014669,,,0.0706112469437653,0.0315566422167889,0.0268948655256723,0.0831295843520782,-0.0005385935974685,0.1297006907137375,1975.0,2180.0,1.105263157894737,0.0058928759339155,0.0020821423677039,0.0007062336406971
1995-08-01,2020.0,2020.0,1945.0,1975.0,19000.0,1975.0,1956.0,1944.5,1911.4,1978.4,2323.675,False,False,False,False,False,False,True,False,False,True,False,-0.050632911392405,0.0253164556962025,,,0.0322025316455695,-0.0017215189873418,0.0911392405063291,0.0911392405063291,-0.0010446151772475,0.1267678066340961,1975.0,2200.0,0.4523809523809524,0.0056503086742702,-0.0002425672596452,-0.0005060215797789
1995-08-02,2025.0,2030.0,2000.0,2000.0,23000.0,2000.0,1971.0,1944.5,1923.4,1975.5333333333333,2319.45,False,False,False,False,False,False,True,False,False,False,False,-0.05,0.045,,,0.0382999999999999,0.0122333333333333,0.1125,0.0775,-0.0014510849390882,0.1205965543841604,1975.0,2225.0,1.2105263157894737,0.0062389518560881,0.0005886431818179,-0.0004064697618406
1995-08-03,1975.0,1975.0,1975.0,1975.0,2000.0,1975.0,1988.0,1947.0,1933.8,1973.5333333333333,2315.325,False,False,False,False,False,False,True,False,False,True,False,-0.0253164556962025,0.0278481012658227,,,0.0208607594936709,0.0007426160337552,0.1518987341772152,0.1063291139240506,-0.0010134108029591,0.1132511556240369,1925.0,2400.0,0.0869565217391304,0.0053780122039507,-0.0008609396521374,0.000437674136129
1995-08-04,1915.0,1940.0,1915.0,1940.0,5000.0,1940.0,1987.0,1950.0,1944.8,1970.9333333333327,2311.125,False,False,False,False,False,False,True,False,False,False,False,-0.0206185567010309,0.0438144329896907,,,-0.0024742268041236,-0.0159450171821304,0.211340206185567,0.1443298969072164,-0.0013191719659045,0.11,1850.0,2325.0,2.5,0.005656108597285,0.0002780963933343,-0.0003057611629453
1995-08-07,1935.0,1935.0,1905.0,1905.0,5000.0,1905.0,1959.0,1950.5,1954.4,1968.0,2306.525,False,False,False,False,False,False,True,False,False,True,False,0.0104986876640419,0.0629921259842519,,,-0.0259317585301837,-0.0330708661417322,0.1811023622047244,0.1811023622047244,-0.0014905149051489,0.1120225583183799,1800.0,2240.0,1.0,0.0049119934506754,-0.0007441151466095,-0.0001713429392444
1995-08-08,1905.0,1905.0,1875.0,1875.0,5000.0,1875.0,1939.0,1947.5,1962.4,1964.2,2301.65,False,False,False,False,False,False,True,False,False,True,False,0.08,0.0933333333333333,,,-0.0466133333333333,-0.0475733333333333,0.1653333333333333,0.2,-0.0019346298747581,0.1198973042362002,1700.0,2110.0,1.0,0.0040766408479412,-0.0008353526027341,-0.0004441149696091
1995-08-09,1900.0,1900.0,1875.0,1900.0,15000.0,1900.0,1919.0,1945.0,1970.8,1960.4,2296.975,False,True,False,False,False,False,True,False,False,False,False,0.1,0.0789473684210526,,,-0.0372631578947368,-0.0317894736842105,0.1684210526315789,0.1868421052631579,-0.0019383799224647,0.1277634961439588,1700.0,2085.0,3.0,0.0042622285366348,0.0001855876886935,-3.750047706631678e-06
1995-08-10,1905.0,1925.0,1900.0,1925.0,6000.0,1925.0,1909.0,1948.5,1976.2,1957.0666666666664,2292.475,False,False,False,False,False,False,True,False,False,True,False,0.0545454545454545,0.0389610389610389,,,-0.0265974025974026,-0.0166580086580085,0.1428571428571428,0.2,-0.0017032293227962,0.1352322299204516,1780.0,2025.0,0.4,0.0027325169517255,-0.0015297115849092,0.0002351505996685
1995-08-11,1925.0,1930.0,1900.0,1900.0,19000.0,1900.0,1901.0,1944.0,1975.2,1953.0666666666664,2287.65,False,False,False,False,False,False,False,False,False,True,False,0.0657894736842105,0.0552631578947368,,,-0.039578947368421,-0.0279298245614033,0.1421052631578947,0.2526315789473684,-0.0020480611687602,0.150977366255144,1755.0,2025.0,3.1666666666666665,-0.0005062778452814,-0.003238794797007,-0.000344831845964
1995-08-14,1900.0,1970.0,1900.0,1925.0,20000.0,1925.0,1905.0,1932.0,1972.2,1949.0666666666664,2283.275,False,False,False,False,False,False,False,False,False,True,False,0.0519480519480519,0.0389610389610389,,,-0.0245194805194805,-0.0125021645021643,0.1688311688311688,0.3012987012987013,-0.0020522643316459,0.1731366459627329,1780.0,2005.0,1.0526315789473684,-0.0015211439002129,-0.0010148660549314,-4.2031628856758e-06
1995-08-15,1975.0,2025.0,1975.0,2025.0,20000.0,2025.0,1935.0,1937.0,1972.2,1947.0666666666664,2279.6,False,False,False,False,True,False,False,False,False,False,True,0.0123456790123456,0.0049382716049382,,,0.026074074074074,0.038485596707819,0.1234567901234567,0.2123456790123457,-0.0010271861946175,0.1855962829117191,1780.0,2050.0,1.0,0.0,0.0015211439002129,0.0010250781370283
1995-08-16,2035.0,2100.0,2035.0,2090.0,19000.0,2090.0,1973.0,1946.0,1971.8,1946.6,2276.225,False,False,False,False,False,False,False,False,False,True,False,-0.0191387559808612,0.0047846889952153,,,0.056555023923445,0.0686124401913876,0.0526315789473684,0.1602870813397129,-0.0002397342374737,0.1939876670092497,1780.0,2010.0,0.95,-0.0002028603306623,-0.0002028603306623,0.0007874519571437
1995-08-17,2070.0,2075.0,2030.0,2030.0,19000.0,2030.0,1994.0,1951.5,1968.0,1945.0,2272.675,False,False,False,False,False,False,False,False,False,True,False,-0.0147783251231527,0.022167487684729,,,0.0305418719211822,0.041871921182266,0.0467980295566502,0.2315270935960591,-0.0008226221079691,0.2067640276710222,1780.0,1990.0,1.0,-0.001930894308943,-0.0017280339782806,-0.0005828878704953
1995-08-18,2050.0,2075.0,2025.0,2025.0,22000.0,2025.0,2019.0,1960.0,1963.0,1943.1333333333328,2269.05,False,False,False,False,False,False,False,False,False,True,False,-0.0098765432098765,0.0172839506172839,,,0.0306172839506172,0.0404279835390947,0.037037037037037,0.345679012345679,-0.000960647751055,0.2272959183673469,1765.0,2000.0,1.1578947368421053,-0.0025471217524197,-0.0006162274434766,-0.0001380256430859
1995-08-21,2090.0,2090.0,2025.0,2025.0,6000.0,2025.0,2039.0,1972.0,1962.4,1941.0666666666664,2265.675,False,False,False,False,False,False,False,False,False,False,False,-0.0123456790123456,0.037037037037037,,,0.0309135802469135,0.041448559670782,0.0395061728395061,0.3086419753086419,-0.0010647066904795,0.2401115618661257,1765.0,1945.0,0.2727272727272727,-0.0003057480635955,0.0022413736888242,-0.0001040589394244
1995-08-22,2025.0,2050.0,2025.0,2050.0,11000.0,2050.0,2044.0,1989.5,1961.4,1939.0666666666664,2262.425,False,False,False,False,False,False,False,False,False,True,False,-0.0073170731707317,0.0512195121951219,,,0.0432195121951219,0.0541138211382115,0.0634146341463414,0.2682926829268293,-0.0010314240528089,0.2467956773058557,1705.0,1930.0,1.8333333333333333,-0.0005098399102681,-0.0002040918466726,3.328263767063584e-05
1995-08-23,2100.0,2100.0,2025.0,2050.0,13000.0,2050.0,2036.0,2004.5,1963.4,1936.733333333333,2259.15,False,False,False,False,False,False,True,False,True,False,False,0.024390243902439,0.0853658536585365,,,0.0422439024390243,0.0552520325203253,0.0634146341463414,0.2609756097560975,-0.0012047778045505,0.2539286605138438,1700.0,1985.0,1.181818181818182,0.0010186411327289,0.0015284810429971,-0.0001733537517416
1995-08-24,2025.0,2025.0,2000.0,2000.0,9000.0,2000.0,2030.0,2012.0,1965.4,1931.4,2255.4,False,False,False,False,False,False,True,False,False,True,False,0.0375,0.1375,,,0.0172999999999999,0.0342999999999999,0.0525,0.2975,-0.0027613820717267,0.2634194831013916,1715.0,1925.0,0.6923076923076923,0.0010176045588684,-1.036573860516013e-06,-0.0015566042671761
1995-08-25,2075.0,2075.0,2000.0,2005.0,11000.0,2005.0,2026.0,2022.5,1969.2,1927.1333333333328,2250.55,False,False,False,False,False,False,True,False,False,False,False,0.027431421446384,0.1720698254364089,,,0.0178553615960099,0.0388362427265171,0.0723192019950124,0.4214463840399002,-0.0022139966098178,0.2800988875154512,1665.0,1990.0,1.2222222222222223,0.0019297176518382,0.0009121130929698,0.0005473854619089
1995-08-28,2005.0,2010.0,2000.0,2000.0,9000.0,2000.0,2021.0,2030.0,1973.2,1923.9333333333327,2245.85,False,False,False,False,False,False,True,False,False,False,False,0.05,0.125,,,0.0133999999999999,0.0380333333333334,0.075,0.375,-0.0016632592951938,0.2874384236453202,1665.0,1975.0,0.8181818181818182,0.0020271639975674,9.744634572911628e-05,0.0005507373146239
1995-08-29,2015.0,2035.0,2015.0,2035.0,2000.0,2035.0,2018.0,2031.0,1978.4,1922.9333333333327,2241.775,False,False,False,False,False,False,True,False,False,False,False,0.0589680589680589,0.0737100737100737,,,0.0278132678132677,0.0550696150696151,0.0319410319410319,0.3562653562653562,-0.0005200388295659,0.3018217626784835,1675.0,1975.0,0.2222222222222222,0.0026283865750101,0.0006012225774427,0.0011432204656279
1995-08-30,2075.0,2155.0,2075.0,2100.0,53000.0,2100.0,2028.0,2032.0,1985.4,1923.1333333333328,2238.15,False,False,False,False,False,False,True,True,False,False,False,0.0595238095238095,0.0571428571428571,,,0.0545714285714285,0.0842222222222222,-0.0119047619047619,0.2404761904761904,0.0001039969494228,0.3100393700787401,1690.0,1975.0,26.5,0.0035257378865719,0.0008973513115618,0.0006240357789887
1995-08-31,2145.0,2145.0,2075.0,2075.0,6000.0,2075.0,2043.0,2036.5,1992.8,1923.8,2234.9,False,False,False,False,False,False,True,True,False,False,True,0.0963855421686747,0.0602409638554216,,,0.0396144578313253,0.072867469879518,-0.0216867469879518,0.2289156626506024,0.0003465363689919,0.3095998035845814,1790.0,1925.0,0.1132075471698113,0.0037133681252508,0.0001876302386788,0.0002425394195691
1995-09-01,2045.0,2075.0,2045.0,2060.0,13000.0,2060.0,2054.0,2040.0,1997.4,1924.2666666666669,2231.35,False,False,False,False,False,False,True,True,False,True,False,0.1407766990291262,0.0533980582524271,,,0.030388349514563,0.0658899676375403,-0.0145631067961165,0.2378640776699029,0.0002425166297118,0.2987745098039215,1925.0,1850.0,2.1666666666666665,0.0023029938920597,-0.001410374233191,-0.00010401973928
1995-09-05,2035.0,2100.0,2025.0,2100.0,16000.0,2100.0,2074.0,2047.5,1999.6,1925.5333333333333,2227.4,False,False,False,False,False,False,True,True,False,True,False,0.0714285714285714,0.0714285714285714,,,0.0478095238095238,0.0830793650793651,-0.0238095238095238,0.2166666666666666,0.0006578264030743,0.2893772893772894,2000.0,1800.0,1.2307692307692308,0.0011002200440087,-0.001202773848051,0.0004153097733624
1995-09-06,2075.0,2155.0,2075.0,2155.0,42000.0,2155.0,2098.0,2058.0,2006.8,1926.9333333333327,2223.725,False,False,False,False,False,False,True,True,False,False,False,0.0139211136890951,0.0556844547563805,,,0.0687703016241299,0.105831399845321,-0.0440835266821345,0.2134570765661252,0.0007265430390256,0.2835276967930029,2025.0,1700.0,2.625,0.003587801474985,0.0024875814309763,6.871663595132277e-05
1995-09-07,2185.0,2245.0,2175.0,2225.0,74000.0,2225.0,2123.0,2075.5,2015.8,1929.8,2220.6,False,False,False,False,False,False,True,True,False,False,False,-0.0022471910112359,-0.0112359550561797,,,0.0940224719101123,0.1326741573033708,-0.0629213483146067,0.2269662921348314,0.0014854734514803,0.2796916405685377,2100.0,1700.0,1.761904761904762,0.0044647286437146,0.0008769271687295,0.0007589304124546
1995-09-08,2250.0,2325.0,2235.0,2275.0,121000.0,2275.0,2163.0,2103.0,2027.8,1933.6,2218.1,False,False,False,False,False,False,True,True,False,False,False,-0.0329670329670329,-0.0659340659340659,,,0.1086593406593406,0.1500659340659341,0.0351648351648351,0.2087912087912088,0.0019652461729416,0.2703281027104137,2125.0,1780.0,1.635135135135135,0.0059177433671959,0.0014530147234813,0.0004797727214612
1995-09-11,2325.0,2350.0,2325.0,2350.0,42000.0,2350.0,2221.0,2137.5,2044.2,1938.2666666666669,2216.225,False,False,False,False,False,False,True,True,False,False,False,-0.076595744680851,-0.1063829787234042,,,0.130127659574468,0.1752056737588651,-0.0595744680851063,0.1276595744680851,0.0024076494462407,0.2404678362573099,2150.0,1755.0,0.3471074380165289,0.008022698366109,0.002104954998913,0.0004424032732991
1995-09-12,2350.0,2350.0,2250.0,2250.0,15000.0,2250.0,2251.0,2162.5,2058.0,1942.3333333333333,2214.45,False,False,False,False,False,False,True,True,False,True,False,0.0,-0.0644444444444444,,,0.0853333333333333,0.1367407407407407,0.0111111111111111,0.1666666666666666,0.0020937017333103,0.2203468208092485,2040.0,1780.0,0.3571428571428571,0.0067055393586005,-0.0013171590075084,-0.0003139477129304
1995-09-13,2200.0,2200.0,2165.0,2185.0,24000.0,2185.0,2257.0,2177.5,2070.4,1945.733333333333,2212.15,False,False,False,False,False,False,True,True,False,True,False,0.0411899313501144,-0.0022883295194508,,,0.0524485125858123,0.1095041952707857,0.0434782608695652,0.1899313501144164,0.0017474131432878,0.2045924225028702,2075.0,1780.0,1.6,0.0059891808346213,-0.0007163585239791,-0.0003462885900224
1995-09-14,2190.0,2220.0,2185.0,2220.0,19000.0,2220.0,2256.0,2189.5,2083.2,1948.8666666666663,2210.225,False,False,False,False,False,False,True,True,False,False,False,-0.009009009009009,-0.018018018018018,,,0.0616216216216217,0.1221321321321322,0.054054054054054,0.1801801801801801,0.0016077720384496,0.1986754966887417,2000.0,1780.0,0.7916666666666666,0.0061443932411673,0.0001552124065459,-0.0001396411048381
1995-09-18,2205.0,2205.0,2200.0,2200.0,5000.0,2200.0,2241.0,2202.0,2094.2,1952.5333333333333,2208.95,False,False,False,False,False,False,True,True,False,True,False,-0.034090909090909,-0.0431818181818181,,,0.0480909090909091,0.1124848484848485,0.0363636363636363,0.2159090909090909,0.0018779022125103,0.1975476839237057,1950.0,1780.0,0.2631578947368421,0.0052526024257473,-0.00089179081542,0.0002701301740607
1995-09-19,2170.0,2170.0,2170.0,2170.0,1000.0,2170.0,2205.0,2213.0,2105.0,1954.9333333333327,2207.775,False,False,False,False,False,False,True,True,False,True,False,-0.032258064516129,-0.0092165898617511,,,0.0299539170506912,0.0991090629800308,0.0184331797235023,0.2050691244239631,0.0012276633474286,0.1945323090826931,1910.0,1765.0,0.2,0.0051306413301663,-0.0001219610955809,-0.0006502388650817
1995-09-20,2195.0,2250.0,2195.0,2250.0,17000.0,2250.0,2205.0,2228.0,2118.0,1958.6,2206.825,False,False,False,False,False,False,True,True,False,False,False,-0.0644444444444444,-0.0444444444444444,,,0.0586666666666666,0.1295111111111111,-0.0066666666666666,0.2466666666666666,0.0018720855032506,0.1977109515260323,1900.0,1765.0,17.0,0.006137865911237,0.0010072245810706,0.000644422155822
1995-09-21,2230.0,2275.0,2200.0,2275.0,36000.0,2275.0,2223.0,2240.0,2128.0,1962.6,2206.0,False,False,False,False,False,False,True,True,False,True,False,-0.0417582417582417,-0.0769230769230769,,,0.0646153846153846,0.1373186813186813,-0.0395604395604395,0.2,0.0020381127076327,0.1964285714285714,1905.0,1705.0,2.117647058823529,0.0046992481203007,-0.0014386177909362,0.000166027204382
1995-09-25,2200.0,2200.0,2200.0,2200.0,3000.0,2200.0,2219.0,2237.5,2132.4,1965.6,2204.425,False,False,False,False,False,False,True,True,False,True,False,-0.009090909090909,-0.0568181818181818,,,0.0307272727272726,0.1065454545454545,-0.034090909090909,0.2477272727272727,0.0015262515262515,0.1984357541899441,1925.0,1700.0,0.0833333333333333,0.0020634027386982,-0.0026358453816025,-0.0005118611813812
1995-09-26,2125.0,2125.0,2125.0,2125.0,1000.0,2125.0,2204.0,2222.5,2136.2,1968.2666666666669,2201.875,False,False,False,False,False,False,True,True,False,True,False,-0.0094117647058823,-0.0447058823529411,,,-0.005270588235294,0.0737568627450979,0.0235294117647058,0.2870588235294117,0.001354829968839,0.2058492688413948,1890.0,1715.0,0.3333333333333333,0.0017788596573353,-0.0002845430813628,-0.0001714215574124
1995-09-27,2125.0,2125.0,2100.0,2100.0,7000.0,2100.0,2190.0,2197.5,2139.2,1971.6,2198.875,False,False,False,False,False,False,True,True,False,True,False,0.0238095238095238,-0.0333333333333333,,,-0.0186666666666665,0.0611428571428571,0.0380952380952381,0.2738095238095238,0.0016906742408871,0.2207053469852104,1945.0,1665.0,7.0,0.0014023934181002,-0.0003764662392351,0.000335844272048
1995-09-28,2105.0,2105.0,2100.0,2105.0,12000.0,2105.0,2161.0,2183.0,2142.4,1975.6666666666667,2195.925,False,False,False,False,False,False,True,True,False,False,False,0.0213776722090261,-0.0261282660332541,,,-0.0177672209026128,0.0614410134600158,0.0451306413301662,0.2707838479809976,0.0020583769191834,0.2311039853412734,2045.0,1665.0,1.7142857142857142,0.0014936519790889,9.125856098877528e-05,0.0003677026782963
1995-09-29,2180.0,2180.0,2180.0,2180.0,1000.0,2180.0,2142.0,2182.5,2147.6,1982.0666666666664,2194.1,False,False,False,True,True,False,True,True,False,False,False,-0.036697247706422,-0.055045871559633,,,0.0148623853211009,0.0907951070336392,0.0665137614678899,0.2270642201834862,0.0032289529447376,0.2348224513172966,1975.0,1675.0,0.0833333333333333,0.0024213075060531,0.0009276555269641,0.0011705760255541
1995-10-03,2180.0,2180.0,2180.0,2180.0,1000.0,2180.0,2138.0,2178.5,2152.8,1988.4666666666667,2192.425,False,False,False,False,False,False,True,True,False,True,False,-0.0481651376146789,-0.0435779816513761,,,0.0124770642201834,0.0878593272171253,0.0435779816513761,0.2729357798165137,0.0032185603647703,0.2442047280238696,2000.0,1690.0,1.0,0.0024154589371981,-5.84856885499016e-06,-1.0392579967297838e-05
1995-10-04,2145.0,2150.0,2100.0,2105.0,8000.0,2105.0,2134.0,2169.0,2157.0,1992.8,2190.375,False,False,False,False,False,False,True,True,False,True,False,-0.0356294536817102,0.1187648456057007,,,-0.0247030878859857,0.0533016627078385,0.0926365795724465,0.3610451306413301,0.0021744948481198,0.2584140156754265,1975.0,1790.0,8.0,0.0019471488178024,-0.0004683101193957,-0.0010440655166504
1995-10-05,2105.0,2150.0,2105.0,2150.0,6000.0,2150.0,2144.0,2167.0,2162.8,1998.0666666666664,2188.55,False,False,False,False,False,False,True,True,False,False,False,-0.055813953488372,0.027906976744186,,,-0.0059534883720931,0.0706666666666668,0.0465116279069767,0.3720930232558139,0.0026358813519734,0.2750346100599907,1940.0,1925.0,0.75,0.0026817088958758,0.0007345600780733,0.0004613865038535
1995-10-06,2110.0,2150.0,2110.0,2150.0,18000.0,2150.0,2153.0,2157.0,2168.8,2003.0,2186.925,False,False,False,False,False,False,True,True,False,False,False,-0.0465116279069767,0.0581395348837209,,,-0.0087441860465117,0.0683720930232558,0.0255813953488372,0.3767441860465116,0.0024629722083542,0.2881316643486323,1905.0,2000.0,3.0,0.0027665068240501,8.479792817436523e-05,-0.0001729091436191
1995-10-09,2150.0,2150.0,2100.0,2100.0,12000.0,2100.0,2137.0,2139.5,2171.4,2007.2666666666669,2185.35,False,False,False,False,False,False,True,True,False,True,False,-0.019047619047619,0.0857142857142857,,,-0.034,0.04415873015873,0.0142857142857142,0.3452380952380952,0.0021256102826398,0.3031082028511334,1875.0,2025.0,0.6666666666666666,0.0011973841761075,-0.0015691226479426,-0.0003373619257144
1995-10-11,2100.0,2100.0,2075.0,2075.0,6000.0,2075.0,2116.0,2127.0,2170.4,2011.2,2183.95,False,False,False,False,False,False,False,True,False,True,False,0.0048192771084337,0.1277108433734939,,,-0.0459759036144578,0.0307469879518072,0.0265060240963855,0.3734939759036144,0.0019557146645451,0.3157028678890456,1900.0,2100.0,0.5,-0.0004607445632141,-0.0016581287393216,-0.0001698956180947
1995-10-12,2075.0,2075.0,2030.0,2030.0,6000.0,2030.0,2101.0,2117.5,2168.6,2014.5333333333333,2182.375,False,False,False,False,False,False,False,True,False,True,False,0.1600985221674876,0.1231527093596059,,,-0.0682758620689654,0.0076190476190476,0.0467980295566502,0.4162561576354679,0.001654642928056,0.3282172373081464,1925.0,2125.0,1.0,-0.0008300285898737,-0.0003692840266595,-0.000301071736489
1995-10-13,2030.0,2050.0,2030.0,2030.0,4000.0,2030.0,2077.0,2110.5,2167.4,2018.0666666666664,2180.85,False,False,False,False,False,False,False,True,False,False,False,0.0886699507389162,0.0886699507389162,,,-0.0676847290640394,0.0058784893267653,0.0467980295566502,0.3842364532019704,0.001750850649136,0.3390191897654584,1900.0,2150.0,0.6666666666666666,-0.0005536587616498,0.0002763698282239,9.620772107992152e-05
1995-10-16,2050.0,2050.0,2050.0,2050.0,1000.0,2050.0,2057.0,2105.0,2165.4,2021.8666666666663,2179.475,False,False,False,False,False,False,False,True,False,True,False,0.1097560975609756,0.0902439024390243,,,-0.0562926829268293,0.0137235772357725,0.0804878048780487,0.3463414634146341,0.0018794513321023,0.3465558194774347,1925.0,2040.0,0.25,-0.0009236168837166,-0.0003699581220668,0.0001286006829663
1995-10-17,2090.0,2090.0,2060.0,2060.0,5000.0,2060.0,2049.0,2093.0,2161.6,2026.6,2177.3,False,False,False,False,False,False,False,True,False,True,False,0.1067961165048543,0.0606796116504854,,,-0.0493203883495145,0.0162135922330097,0.0461165048543689,0.337378640776699,0.0023356031448404,0.3580984233158146,2025.0,2075.0,5.0,-0.0017579570688379,-0.0008343401851213,0.000456151812738
1995-10-18,2050.0,2085.0,2050.0,2085.0,19000.0,2085.0,2051.0,2083.5,2156.0,2031.733333333333,2175.275,False,False,False,False,False,False,False,True,False,True,False,0.1223021582733813,0.0191846522781774,,,-0.0340527577937649,0.0255475619504397,0.0335731414868105,0.3213429256594724,0.0025265782911142,0.363330933525318,2090.0,2000.0,3.8,-0.0025974025974025,-0.0008394455285645,0.0001909751462738
1995-10-19,2135.0,2355.0,2135.0,2355.0,177000.0,2355.0,2116.0,2108.5,2159.2,2040.2666666666669,2174.3,False,False,False,False,True,False,True,True,True,False,True,-0.0318471337579617,-0.0764331210191082,,,0.0831422505307856,0.1336447275300777,-0.0721868365180467,0.167728237791932,0.0041824598091754,0.3417121176191605,2030.0,1950.0,9.31578947368421,0.0014820303816227,0.0040794329790252,0.0016558815180612
1995-10-20,2300.0,2300.0,2210.0,2210.0,24000.0,2210.0,2152.0,2114.5,2153.6,2047.5333333333333,2172.65,False,False,False,False,False,False,False,True,False,True,False,0.0,-0.0135746606334841,,,0.0255203619909502,0.0735143288084464,0.004524886877828,0.2443438914027149,0.0035489857714972,0.3284464412390636,2025.0,1910.0,0.135593220338983,-0.0026002971768201,-0.0040823275584429,-0.0006334740376781
1995-10-23,2200.0,2300.0,2200.0,2275.0,56000.0,2275.0,2197.0,2127.0,2154.6,2055.6666666666665,2171.15,False,False,False,False,False,False,True,True,False,False,False,-0.0175824175824175,-0.0329670329670329,,,0.0529230769230769,0.0964102564102564,-0.0109890109890109,0.1978021978021978,0.0039565428895734,0.3095909732016925,2025.0,1900.0,2.333333333333333,0.0004641232711408,0.0030644204479609,0.0004075571180761
1995-10-24,2300.0,2300.0,2260.0,2280.0,32000.0,2280.0,2241.0,2145.0,2158.4,2063.733333333333,2169.8,False,False,False,False,False,False,True,True,True,False,False,-0.0416666666666666,0.0197368421052631,,,0.0533333333333332,0.0948538011695907,-0.0131578947368421,0.1513157894736842,0.0039087737433776,0.2892773892773893,2050.0,1905.0,0.5714285714285714,0.0017605633802817,0.0012964401091409,-4.776914619580939e-05
1995-10-25,2295.0,2350.0,2295.0,2340.0,63000.0,2340.0,2292.0,2171.5,2163.2,2072.4,2168.525,False,False,False,False,False,False,True,True,False,False,False,-0.0918803418803418,-0.0277777777777777,,,0.0755555555555556,0.1143589743589743,-0.0363247863247863,0.1132478632478632,0.0041819468571062,0.2622611098319134,2050.0,1925.0,1.96875,0.0022189349112424,0.0004583715309607,0.0002731731137285
1995-10-26,2345.0,2350.0,2280.0,2280.0,30000.0,2280.0,2277.0,2196.5,2166.4,2078.9333333333334,2167.175,False,False,False,False,False,False,True,True,False,True,False,-0.0460526315789473,0.0087719298245614,,,0.0498245614035087,0.0881871345029239,0.0131578947368421,0.1622807017543859,0.0031426372498717,0.2376508081038015,2000.0,1890.0,0.4761904761904761,0.0014771048744462,-0.0007418300367962,-0.0010393096072345
1995-10-27,2280.0,2280.0,2210.0,2210.0,32000.0,2210.0,2277.0,2214.5,2168.0,2082.733333333333,2165.725,False,False,False,False,False,False,True,True,False,True,False,-0.0135746606334841,0.0180995475113122,,,0.0190045248868778,0.0575867269984918,0.0769230769230769,0.1787330316742081,0.0018245254633333,0.2183337096410025,2005.0,1945.0,1.0666666666666669,0.0007380073800737,-0.0007390974943724,-0.0013181117865384
1995-10-30,2235.0,2235.0,2235.0,2235.0,3000.0,2235.0,2269.0,2233.0,2167.4,2085.866666666667,2164.275,False,False,False,False,False,False,False,True,False,True,False,-0.0156599552572706,-0.0134228187919463,,,0.0302460850111856,0.0667263236390752,0.1208053691275167,0.174496644295302,0.0015021733571978,0.2021943573667711,2000.0,2045.0,0.09375,-0.0002768293808249,-0.0010148367608986,-0.0003223521061355
1995-10-31,2190.0,2200.0,2185.0,2185.0,16000.0,2185.0,2250.0,2245.5,2163.8,2088.0,2162.7,False,False,False,False,False,False,False,True,False,True,False,0.0640732265446224,-0.0251716247139588,,,0.0097025171624713,0.0443935926773455,0.1235697940503432,0.1899313501144164,0.0010217113665388,0.1885994210643509,2035.0,1975.0,5.333333333333333,-0.0016637397171642,-0.0013869103363392,-0.0004804619906589
1995-11-01,2175.0,2175.0,2125.0,2125.0,3000.0,2125.0,2207.0,2249.5,2160.8,2088.333333333333,2160.825,False,False,False,False,False,True,False,True,False,False,False,0.0705882352941176,0.0023529411764705,,,-0.0168470588235294,0.0172549019607844,0.1411764705882353,0.2658823529411764,0.0001596169193933,0.183596354745499,2100.0,2000.0,0.1875,-0.0013883746760459,0.0002753650411182,-0.0008620944471455
1995-11-02,2130.0,2175.0,2125.0,2175.0,5000.0,2175.0,2186.0,2231.5,2162.8,2089.0,2158.05,False,False,False,False,False,False,True,True,False,False,False,0.057471264367816,-0.0229885057471264,,,0.0056091954022987,0.0395402298850574,0.1494252873563218,0.2574712643678161,0.000319131961066,0.1924714317723504,2075.0,1975.0,1.6666666666666667,0.0009247272054743,0.0023131018815202,0.0001595150416727
1995-11-06,2175.0,2180.0,2175.0,2180.0,5000.0,2180.0,2180.0,2228.5,2166.0,2089.4,2153.925,False,False,False,False,False,False,True,True,True,False,False,0.0321100917431192,-0.0252293577981651,,,0.0064220183486238,0.0415596330275228,0.25,0.1743119266055046,0.0001914425193835,0.1855508189365043,2060.0,1940.0,1.0,0.0014773776546628,0.0005526504491885,-0.0001276894416824
1995-11-07,2180.0,2200.0,2180.0,2200.0,10000.0,2200.0,2173.0,2221.0,2169.8,2091.5333333333333,2150.0,False,False,False,False,False,False,True,True,False,False,False,0.0022727272727272,0.0068181818181818,,,0.0137272727272726,0.0493030303030303,0.2045454545454545,0.1704545454545454,0.0010199853377107,0.1828005402971634,2100.0,1905.0,2.0,0.0017513134851139,0.000273935830451,0.0008285428183271
1995-11-08,2235.0,2340.0,2235.0,2325.0,45000.0,2325.0,2201.0,2225.5,2175.6,2094.866666666667,2147.15,False,False,False,False,False,False,True,True,False,False,True,-0.0838709677419354,-0.0731182795698924,,,0.064258064516129,0.0989820788530465,0.1182795698924731,0.1075268817204301,0.0015911911657067,0.1781622107391597,2155.0,1875.0,4.5,0.0026659312373596,0.0009146177522457,0.000571205827996
1995-11-09,2350.0,2350.0,2275.0,2275.0,18000.0,2275.0,2231.0,2219.0,2179.4,2098.5333333333333,2143.525,False,False,False,False,False,False,True,True,False,True,False,-0.0637362637362637,-0.0527472527472527,,,0.0420219780219779,0.0775677655677655,0.1362637362637362,0.1362637362637362,0.00174725204905,0.1807120324470482,2225.0,1900.0,0.4,0.001743599155731,-0.0009223320816286,0.0001560608833433
1995-11-10,2300.0,2300.0,2300.0,2300.0,1000.0,2300.0,2256.0,2221.0,2187.2,2103.2,2141.275,False,False,False,False,False,False,True,True,False,False,False,-0.0760869565217391,-0.05,,,0.0490434782608696,0.0855652173913044,0.1282608695652174,0.1304347826086956,0.0022188411309749,0.1773975686627645,2275.0,1925.0,0.0555555555555555,0.0035662033650327,0.0018226042093017,0.0004715890819248
1995-11-13,2230.0,2250.0,2230.0,2250.0,7000.0,2250.0,2270.0,2225.0,2191.2,2107.733333333333,2138.9,False,False,False,False,False,False,True,True,False,True,False,-0.0555555555555555,-0.0133333333333333,,,0.0261333333333334,0.0632296296296297,0.2666666666666666,0.1777777777777777,0.0021508097165991,0.1773033707865168,2350.0,1900.0,7.0,0.0018254837531945,-0.0017407196118381,-6.803141437577379e-05
1995-11-14,2275.0,2275.0,2205.0,2205.0,6000.0,2205.0,2271.0,2222.0,2193.4,2111.8,2136.875,False,False,False,False,False,False,True,True,False,True,False,0.0045351473922902,0.0204081632653061,,,0.0052607709750566,0.042267573696145,0.2471655328798186,0.1723356009070294,0.0019256874072672,0.1770927092709271,2250.0,1925.0,0.8571428571428571,0.0010030090270813,-0.0008224747261132,-0.0002251223093318
1995-11-15,2180.0,2180.0,2130.0,2130.0,22000.0,2130.0,2232.0,2216.5,2194.6,2114.8,2135.025,False,False,False,False,False,False,True,True,False,True,False,0.0117370892018779,0.056338028169014,,,-0.0303286384976525,0.0071361502347416,0.2957746478873239,0.1995305164319248,0.0014185738604123,0.177983307015565,2185.0,2025.0,3.6666666666666665,0.0005467966827667,-0.0004562123443146,-0.0005071135468549
1995-11-16,2105.0,2130.0,2105.0,2130.0,7000.0,2130.0,2203.0,2217.0,2196.8,2117.5333333333333,2132.575,False,False,False,False,False,False,True,True,False,False,False,0.0117370892018779,0.0586854460093896,,,-0.0313615023474179,0.0058528951486698,0.2230046948356807,0.1854460093896713,0.0012908100620217,0.170275146594497,2220.0,2090.0,0.3181818181818182,0.001001456664239,0.0004546599814723,-0.0001277637983905
1995-11-17,2130.0,2130.0,2110.0,2125.0,8000.0,2125.0,2168.0,2212.0,2200.6,2120.6666666666665,2129.95,False,False,False,False,False,False,True,True,False,False,False,0.028235294117647,0.0870588235294117,,,-0.0355764705882352,0.0020392156862745,0.2,0.1764705882352941,0.0014775227915749,0.1622965641952983,2200.0,2030.0,1.1428571428571428,0.0017268017813322,0.0007253451170932,0.0001867127295531
1995-11-20,2125.0,2125.0,2125.0,2125.0,8000.0,2125.0,2143.0,2206.5,2204.4,2123.0666666666666,2127.075,False,False,False,False,False,False,True,True,False,True,False,0.0447058823529411,0.12,,,-0.0373647058823529,0.0009098039215686,0.2,0.1811764705882353,0.0011304402436727,0.1629277135735327,2170.0,2025.0,1.0,0.0017238250771185,-2.9767042136672178e-06,-0.0003470825479022
1995-11-21,2155.0,2215.0,2155.0,2215.0,11000.0,2215.0,2145.0,2208.0,2211.0,2125.333333333333,2124.75,False,False,False,True,True,False,True,True,False,False,False,0.0158013544018058,0.1309255079006772,,,0.001805869074492,0.0404815650865313,0.1534988713318284,0.128668171557562,0.0010664993726473,0.1587409420289855,2250.0,2025.0,1.375,0.0029850746268656,0.001261249549747,-6.394087102540367e-05
1995-11-22,2215.0,2215.0,2155.0,2155.0,5000.0,2155.0,2150.0,2191.0,2214.8,2127.733333333333,2122.275,False,False,False,False,False,False,True,True,False,True,False,0.0440835266821345,0.1392111368909512,,,-0.0277494199535963,0.0126527455529776,0.2134570765661252,0.1624129930394431,0.0011279608973556,0.1645367412140575,2275.0,2050.0,0.4545454545454545,0.0017157305400036,-0.0012693440868619,6.14615247082873e-05
1995-11-24,2200.0,2200.0,2155.0,2155.0,6000.0,2155.0,2155.0,2179.0,2217.6,2129.8,2120.3,False,False,False,False,False,False,True,True,False,True,False,0.0464037122969837,0.1252900232018561,,,-0.0290487238979117,0.0116937354988398,0.2668213457076566,0.1624129930394431,0.0009703571540365,0.1672785681505277,2200.0,2050.0,1.2,0.0012626262626261,-0.0004531042773775,-0.000157603743319
1995-11-27,2155.0,2200.0,2155.0,2185.0,25000.0,2185.0,2167.0,2167.5,2210.8,2132.6,2119.1,False,False,False,False,False,False,False,True,False,True,False,0.05720823798627,0.1441647597254004,,,-0.0118077803203662,0.0239816933638444,0.2585812356979405,0.1510297482837528,0.0013129513270185,0.1695501730103806,2125.0,2000.0,4.166666666666667,-0.0030758096616608,-0.0043384359242869,0.0003425941729819
1995-11-28,2200.0,2220.0,2190.0,2220.0,17000.0,2220.0,2186.0,2164.5,2211.2,2136.333333333333,2118.05,False,False,False,False,True,False,True,True,False,False,False,0.072072072072072,0.2274774774774774,,,0.003963963963964,0.0376876876876878,0.1936936936936936,0.1283783783783783,0.0017475425183334,0.1644721644721644,2100.0,2005.0,0.68,0.0001808972503616,0.0032567069120224,0.0004345911913149
1995-11-29,2295.0,2295.0,2250.0,2250.0,6000.0,2250.0,2193.0,2169.0,2210.2,2140.9333333333334,2116.925,False,False,False,False,False,False,False,True,False,True,True,0.1133333333333333,0.1777777777777777,,,0.0176888888888889,0.048474074074074,0.1666666666666666,0.1377777777777777,0.0021485956280751,0.160903642231443,2105.0,2000.0,0.3529411764705882,-0.0004524477422857,-0.0006333449926473,0.0004010531097416
1995-11-30,2230.0,2250.0,2230.0,2250.0,9000.0,2250.0,2212.0,2181.0,2209.0,2145.9333333333334,2115.9,False,False,False,False,False,False,False,True,False,True,False,0.0911111111111111,0.1555555555555555,,,0.0182222222222222,0.0462518518518518,0.1555555555555555,0.1377777777777777,0.00232998850539,0.15474552957359,2180.0,2035.0,1.5,-0.000543232231779,-9.078448949323723e-05,0.0001813928773148
1995-12-01,2260.0,2290.0,2255.0,2255.0,17000.0,2255.0,2232.0,2193.5,2205.6,2150.6666666666665,2114.8,False,False,False,False,False,False,False,True,False,True,False,0.0753880266075388,0.1463414634146341,,,0.0219068736141907,0.0462675535846268,0.1618625277161862,0.1529933481152993,0.002200867947923,0.151584226122635,2180.0,2100.0,1.8888888888888888,-0.0015415306492564,-0.0009982984174774,-0.000129120557467
1995-12-04,2290.0,2310.0,2290.0,2310.0,15000.0,2310.0,2257.0,2212.0,2206.8,2155.8,2114.325,False,False,False,False,False,False,True,True,False,False,False,0.0822510822510822,0.1233766233766233,,,0.0446753246753246,0.0667532467532466,0.158008658008658,0.1255411255411255,0.0023811732690108,0.1464737793851717,2105.0,2075.0,0.8823529411764706,0.0005437737901034,0.0020853044393599,0.0001803053210878
1995-12-05,2300.0,2380.0,2300.0,2380.0,47000.0,2380.0,2289.0,2237.5,2213.6,2162.2,2114.1,False,False,False,False,False,False,True,True,True,False,False,0.1449579831932773,0.1974789915966386,,,0.0699159663865546,0.0915126050420168,0.0987394957983193,0.1071428571428571,0.0029599482009063,0.1389944134078212,2150.0,2060.0,3.1333333333333333,0.0030719190458979,0.0025281452557945,0.0005787749318954
1995-12-06,2405.0,2505.0,2405.0,2505.0,219000.0,2505.0,2340.0,2266.5,2224.4,2169.9333333333334,2114.125,False,False,False,False,False,False,True,True,False,False,False,0.0578842315369261,0.0978043912175648,,,0.1120159680638722,0.1337591483699267,0.1197604790419161,0.0538922155688622,0.003563857568589,0.1305978380763291,2150.0,2100.0,4.659574468085107,0.0048552418629743,0.0017833228170764,0.0006039093676826
1995-12-07,2530.0,2575.0,2455.0,2455.0,123000.0,2455.0,2381.0,2296.5,2235.2,2175.6666666666665,2114.375,False,False,False,False,False,False,True,True,False,True,False,0.0590631364562118,0.1242362525458248,,,0.0895315682281059,0.1137813985064494,0.1120162932790224,0.0794297352342158,0.0026352075992032,0.1221423905943827,2100.0,2155.0,0.5616438356164384,0.0048317823908373,-2.3459472136979662e-05,-0.0009286499693857
1995-12-08,2480.0,2480.0,2425.0,2425.0,29000.0,2425.0,2415.0,2323.5,2247.2,2180.133333333333,2114.625,False,False,False,False,False,False,True,True,False,False,False,0.0659793814432989,0.0742268041237113,,,0.073319587628866,0.1009759450171821,0.1319587628865979,0.1628865979381443,0.0020488043544737,0.1226597805035506,2075.0,2225.0,0.2357723577235772,0.0053399786400854,0.000508196249248,-0.0005864032447294
1995-12-11,2410.0,2550.0,2410.0,2500.0,49000.0,2500.0,2453.0,2355.0,2260.2,2186.4,2115.375,False,False,False,False,False,False,True,True,False,False,False,0.038,0.02,,,0.09592,0.1254399999999999,0.094,0.09,0.0028662031955117,0.1165605095541401,2030.0,2275.0,1.6896551724137931,0.0057517033890806,0.0004117247489951,0.0008173988410379
1995-12-12,2550.0,2755.0,2500.0,2725.0,192000.0,2725.0,2522.0,2405.5,2282.0,2195.733333333333,2117.5,False,False,False,False,False,False,True,True,False,False,False,0.0458715596330275,-0.0642201834862385,,,0.1625688073394495,0.1942262996941896,-0.018348623853211,0.0018348623853211,0.0042506679621081,0.1024734982332155,2030.0,2350.0,3.918367346938776,0.0095530236634531,0.0038013202743725,0.0013844647665964
1995-12-13,2745.0,2745.0,2580.0,2650.0,87000.0,2650.0,2551.0,2445.5,2300.0,2204.0666666666666,2119.05,False,False,False,False,False,False,True,True,False,True,False,0.0377358490566037,-0.0358490566037735,,,0.1320754716981132,0.1682767295597484,0.0094339622641509,0.060377358490566,0.0037808898702399,0.094663667961562,2050.0,2250.0,0.453125,0.0078260869565217,-0.0017269367069314,-0.0004697780918682
1995-12-14,2600.0,2625.0,2585.0,2600.0,48000.0,2600.0,2580.0,2480.5,2311.0,2211.4,2120.55,False,False,False,False,False,False,True,True,False,True,False,0.0615384615384615,0.0057692307692307,,,0.1111538461538461,0.1494615384615384,0.0288461538461538,0.1173076923076923,0.0033161496487896,0.0931263858093126,2060.0,2185.0,0.5517241379310345,0.0047598442232799,-0.0030662427332417,-0.0004647402214502
1995-12-15,2625.0,2630.0,2575.0,2585.0,43000.0,2585.0,2612.0,2513.5,2323.4,2218.5333333333333,2121.025,False,False,False,False,False,False,True,True,False,False,False,0.0077369439071566,0.0560928433268858,,,0.1011992263056092,0.1417666021921341,0.0735009671179884,0.1025145067698259,0.0032153374601838,0.088720907101651,2085.0,2220.0,0.8958333333333334,0.0053370061117328,0.0005771618884528,-0.0001008121886058
1995-12-18,2575.0,2600.0,2505.0,2595.0,23000.0,2595.0,2631.0,2542.0,2335.2,2226.4666666666667,2121.425,False,False,False,False,False,False,True,True,False,True,False,-0.0173410404624277,0.0597302504816955,,,0.1001156069364162,0.1420166987797045,0.1040462427745664,0.1001926782273603,0.0035631942988891,0.08654602675059,2355.0,2200.0,0.5348837209302325,0.0050531003768412,-0.0002839057348915,0.0003478568387052
1995-12-19,2595.0,2850.0,2575.0,2850.0,428000.0,2850.0,2656.0,2589.0,2359.2,2237.733333333333,2123.525,False,False,False,False,False,False,True,True,False,False,False,-0.1052631578947368,-0.0701754385964912,,,0.1722105263157895,0.2148304093567252,0.0350877192982456,-0.0052631578947368,0.0050348567002322,0.0745461568173039,2210.0,2170.0,18.60869565217392,0.0101729399796541,0.0051198396028128,0.0014716624013431
1995-12-20,2800.0,2835.0,2700.0,2750.0,187000.0,2750.0,2676.0,2613.5,2381.0,2247.733333333333,2124.95,False,False,False,False,False,False,True,True,False,True,False,-0.0709090909090909,-0.0454545454545454,,,0.1341818181818181,0.1826424242424243,0.0763636363636363,0.0709090909090909,0.00444892632578,0.0761431031184235,2275.0,2250.0,0.4369158878504673,0.0091558168836624,-0.0010171230959917,-0.0005859303744522
1995-12-21,2745.0,2770.0,2680.0,2760.0,56000.0,2760.0,2708.0,2644.0,2406.2,2257.4,2127.2,False,False,False,False,False,False,True,True,False,False,False,-0.0525362318840579,-0.0579710144927536,,,0.1281884057971015,0.1821014492753623,0.0235507246376811,0.0742753623188405,0.0042822125749388,0.075642965204236,2280.0,2275.0,0.2994652406417112,0.0104729448923613,0.0013171280086989,-0.0001667137508411
1995-12-22,2710.0,2725.0,2605.0,2605.0,40000.0,2605.0,2712.0,2662.0,2425.2,2264.133333333333,2128.4,False,False,False,False,False,False,True,True,False,True,False,0.0479846449136276,0.0057581573896353,,,0.069021113243762,0.130850927703135,0.0940499040307101,0.1228406909788867,0.0029739120193156,0.0723140495867768,2340.0,2200.0,0.7142857142857143,0.0078344054098631,-0.0026385394824982,-0.0013083005556232
1995-12-25,2630.0,2650.0,2550.0,2550.0,26000.0,2550.0,2703.0,2667.0,2442.2,2270.4666666666667,2129.6,False,False,False,False,False,False,True,True,False,True,False,0.0784313725490196,0.0490196078431372,,,0.0422745098039216,0.1096209150326797,0.1274509803921568,0.1490196078431372,0.0027894412308777,0.0779902512185976,2280.0,2125.0,0.65,0.006960936860208,-0.000873468549655,-0.0001844707884378
1995-12-26,2565.0,2575.0,2550.0,2550.0,32000.0,2550.0,2643.0,2649.5,2459.2,2277.0,2130.375,False,False,False,False,False,False,True,True,False,True,False,0.0392156862745098,0.0254901960784313,,,0.0356078431372549,0.1070588235294117,0.1019607843137254,0.1450980392156863,0.0028692724344898,0.0922815625589733,2210.0,2100.0,1.2307692307692308,0.0069128171763175,-4.8119683890507706e-05,7.983120361209966e-05
1995-12-27,2560.0,2600.0,2555.0,2555.0,36000.0,2555.0,2604.0,2640.0,2472.8,2283.0666666666666,2131.5,False,False,False,False,False,False,True,True,False,True,False,0.0273972602739726,0.0978473581213307,,,0.0321722113502934,0.1064318330071755,0.0802348336594911,0.1761252446183953,0.0026572446417099,0.1035984848484848,2235.0,2105.0,1.125,0.0054998382400519,-0.0014129789362655,-0.0002120277927798
1995-12-28,2605.0,2700.0,2605.0,2615.0,24000.0,2615.0,2575.0,2641.5,2491.2,2289.2,2132.825,False,False,False,False,False,False,True,True,False,False,False,-0.005736137667304,0.0439770554493307,,,0.0473422562141492,0.1245889101338432,0.0535372848948374,0.2332695984703633,0.0026792474809248,0.1150861253075903,2185.0,2180.0,0.6666666666666666,0.0073859987154783,0.0018861604754264,2.200283921491557e-05
1995-12-29,2710.0,2740.0,2700.0,2730.0,40000.0,2730.0,2600.0,2656.0,2514.2,2295.9333333333334,2134.8,False,False,False,False,False,False,True,True,False,False,True,-0.0402930402930402,0.0054945054945054,,,0.0790476190476191,0.1589987789987789,0.0091575091575091,0.1575091575091575,0.0029327216237406,0.1206701807228915,2125.0,2180.0,1.6666666666666667,0.0091480391376978,0.0017620404222195,0.0002534741428157
1996-01-04,2745.0,2750.0,2705.0,2750.0,10000.0,2750.0,2640.0,2671.5,2536.8,2302.266666666667,2136.85,False,False,False,False,False,False,True,True,False,True,False,-0.0272727272727272,-0.0054545454545454,,,0.0775272727272726,0.1628121212121211,0.0,0.109090909090909,0.0027509121445532,0.1214673404454426,2175.0,2105.0,0.25,0.0089088615578683,-0.0002391775798295,-0.0001818094791873
1996-01-05,2650.0,2655.0,2605.0,2650.0,12000.0,2650.0,2660.0,2651.5,2554.0,2306.266666666667,2138.2,False,False,False,False,False,False,True,True,False,True,False,-0.0132075471698113,0.0094339622641509,,,0.0362264150943396,0.1297106918238993,0.0377358490566037,0.1452830188679245,0.0017344048100826,0.1374693569677541,2180.0,2150.0,1.2,0.0067345340642129,-0.0021743274936553,-0.0010165073344705
1996-01-08,2650.0,2675.0,2625.0,2625.0,13000.0,2625.0,2674.0,2639.0,2569.0,2311.266666666667,2139.2,False,False,False,False,False,False,True,True,False,True,False,0.0685714285714285,0.019047619047619,,,0.0213333333333333,0.1195174603174602,0.0380952380952381,0.1714285714285714,0.0021633159306585,0.1477832512315271,2200.0,2150.0,1.0833333333333333,0.0058388478007006,-0.0008956862635122,0.0004289111205758
1996-01-09,2700.0,2700.0,2600.0,2600.0,36000.0,2600.0,2671.0,2623.0,2583.0,2316.8,2140.075,False,False,False,False,False,False,True,True,False,True,False,0.05,0.0288461538461538,,,0.0065384615384615,0.1089230769230768,0.0096153846153846,0.1692307692307692,0.0023883517495395,0.1576439191765154,2325.0,2100.0,2.769230769230769,0.005420054200542,-0.0004187936001586,0.000225035818881
1996-01-10,2650.0,2650.0,2610.0,2620.0,16000.0,2620.0,2649.0,2624.5,2597.6,2322.133333333333,2141.175,False,False,False,False,False,False,True,True,False,False,False,0.0477099236641221,0.0591603053435114,,,0.0085496183206107,0.1136895674300254,-0.0057251908396946,0.1564885496183206,0.0022967386311436,0.1609830443894075,2275.0,2075.0,0.4444444444444444,0.0056205728364643,0.0002005186359223,-9.16131183959358e-05
1996-01-11,2630.0,2675.0,2600.0,2675.0,19000.0,2675.0,2634.0,2637.0,2612.2,2328.4666666666667,2142.35,False,False,False,False,False,False,True,True,False,True,True,0.022429906542056,0.0710280373831775,,,0.0234766355140187,0.1295451713395638,-0.0093457943925233,0.119626168224299,0.0027199587711513,0.157944634053849,2300.0,2030.0,1.1875,0.0055891585636627,-3.141427280161594e-05,0.0004232201400076
1996-01-12,2650.0,2650.0,2605.0,2615.0,27000.0,2615.0,2627.0,2643.5,2621.6,2334.4,2143.35,False,False,False,False,False,False,True,True,False,True,False,0.022944550669216,0.1281070745697896,,,-0.0025239005736137,0.107304015296367,-0.0038240917782026,0.1453154875717017,0.00254169522504,0.1579345564592396,2250.0,2030.0,1.4210526315789471,0.0035855965822398,-0.0020035619814228,-0.0001782635461113
1996-01-16,2700.0,2805.0,2700.0,2805.0,134000.0,2805.0,2663.0,2668.5,2633.6,2341.8,2145.45,False,False,False,False,False,False,True,True,False,False,False,-0.0463458110516934,0.0552584670231729,,,0.0611051693404634,0.1651336898395721,-0.0641711229946524,0.0784313725490196,0.0031599624220685,0.1478358628442945,2205.0,2050.0,4.962962962962963,0.0045565006075334,0.0009709040252935,0.0006182671970285
1996-01-17,2855.0,2875.0,2725.0,2730.0,114000.0,2730.0,2689.0,2680.0,2644.6,2347.866666666667,2147.35,False,False,False,False,False,False,True,True,False,True,False,-0.0201465201465201,0.0347985347985348,,,0.0312820512820513,0.1399755799755799,-0.0476190476190476,0.0989010989010989,0.0025839059571809,0.1345149253731343,2130.0,2060.0,0.8507462686567164,0.0041594191938289,-0.0003970814137044,-0.0005760564648875
1996-01-18,2680.0,2790.0,2680.0,2745.0,33000.0,2745.0,2714.0,2681.5,2657.4,2355.133333333333,2149.4,False,False,False,False,False,False,True,True,False,False,False,0.0109289617486338,0.0382513661202185,,,0.0319125683060108,0.1420279295689132,-0.0200364298724954,0.1621129326047359,0.0030854587142977,0.1349990676859966,2130.0,2085.0,0.2894736842105263,0.0048167381651238,0.0006573189712949,0.0005015527571167
1996-01-19,2740.0,2740.0,2665.0,2735.0,30000.0,2735.0,2726.0,2680.0,2666.8,2363.266666666667,2151.825,False,False,False,False,False,False,True,True,False,True,False,0.0475319926873857,0.0511882998171846,,,0.0249360146252284,0.1359171237050578,0.0,0.226691042047532,0.0034415639369236,0.1470149253731343,2125.0,2355.0,0.9090909090909092,0.003524823758812,-0.0012919144063117,0.0003561052226258
1996-01-22,2740.0,2745.0,2675.0,2675.0,15000.0,2675.0,2738.0,2682.5,2664.8,2370.9333333333334,2155.075,False,False,False,False,False,False,False,True,False,True,False,0.102803738317757,0.0504672897196261,,,0.0038130841121494,0.1136697819314641,-0.0429906542056074,0.2803738317757009,0.003233607018333,0.160484622553588,2125.0,2210.0,0.5,-0.0007505253677574,-0.0042753491265695,-0.0002079569185905
1996-01-23,2680.0,2685.0,2675.0,2675.0,11000.0,2675.0,2712.0,2687.5,2665.8,2378.5333333333333,2157.35,False,False,False,False,False,False,True,True,False,False,False,0.1065420560747663,0.0317757009345794,,,0.0034392523364485,0.110828660436137,-0.0373831775700934,0.2915887850467289,0.0031952463703121,0.1724651162790697,2215.0,2275.0,0.7333333333333333,0.0003751219146222,0.0011256472823796,-3.836064802088292e-05
1996-01-24,2695.0,2735.0,2655.0,2675.0,40000.0,2675.0,2701.0,2695.0,2668.8,2385.133333333333,2160.075,False,False,False,False,False,False,True,True,True,False,False,0.0560747663551401,0.0299065420560747,,,0.0023177570093457,0.1083613707165109,-0.0373831775700934,0.2953271028037383,0.0027671409005785,0.1849721706864564,2155.0,2280.0,3.636363636363636,0.0011241007194244,0.0007489788048022,-0.0004281054697336
1996-01-25,2745.0,2840.0,2730.0,2775.0,100000.0,2775.0,2707.0,2710.5,2676.4,2393.0666666666666,2162.95,False,False,False,False,False,False,True,True,False,False,False,0.027027027027027,-0.0072072072072072,,,0.0355315315315315,0.1376336336336336,-0.0684684684684684,0.2558558558558558,0.0033151326053042,0.1949824755580151,2155.0,2340.0,2.5,0.0028396353310416,0.0017155346116172,0.0005479917047256
1996-01-26,2825.0,2870.0,2760.0,2865.0,208000.0,2865.0,2733.0,2729.5,2687.2,2403.2,2166.525,False,False,False,False,False,False,True,True,False,False,False,0.0034904013961605,-0.0401396160558464,,,0.0620593368237347,0.1611867364746946,-0.0924956369982548,0.2652705061082024,0.0042166000887704,0.2097453746107345,2185.0,2280.0,2.08,0.0040190532896694,0.0011794179586277,0.0009014674834662
1996-01-29,2880.0,3030.0,2880.0,2950.0,493000.0,2950.0,2788.0,2763.0,2691.2,2413.866666666667,2170.4,False,False,False,False,False,False,True,True,False,True,False,-0.047457627118644,-0.0677966101694915,,,0.087728813559322,0.1817401129943502,-0.1016949152542373,0.2203389830508474,0.004418912947415,0.2169743032935215,2220.0,2210.0,2.3701923076923075,0.0014863258026159,-0.0025327274870535,0.0002023128586445
1996-01-30,3005.0,3070.0,2960.0,2960.0,374000.0,2960.0,2845.0,2778.5,2699.6,2424.6666666666665,2174.325,False,False,False,False,False,False,True,True,False,False,False,-0.0675675675675675,-0.0793918918918918,,,0.087972972972973,0.1808558558558559,-0.1266891891891892,0.2077702702702702,0.0044542205114103,0.2299802051466618,2250.0,2235.0,0.7586206896551724,0.0031115720847533,0.0016252462821373,3.530756399532965e-05
1996-01-31,2995.0,3010.0,2825.0,2825.0,89000.0,2825.0,2875.0,2788.0,2702.2,2434.333333333333,2177.7,False,False,False,False,False,False,True,True,False,True,False,-0.0247787610619469,-0.0707964601769911,,,0.0434690265486726,0.1382890855457228,-0.095575221238938,0.2743362831858407,0.0039709708339038,0.2473098995695839,2250.0,2185.0,0.2379679144385026,0.0009621789652875,-0.0021493931194658,-0.0004832496775065
1996-02-01,2855.0,2900.0,2850.0,2850.0,31000.0,2850.0,2890.0,2798.5,2712.0,2444.6666666666665,2181.325,False,False,False,False,False,False,True,True,True,False,False,-0.0333333333333333,-0.0859649122807017,,,0.0484210526315789,0.1422222222222222,-0.1140350877192982,0.2807017543859649,0.004226888464685,0.2590673575129533,2255.0,2125.0,0.348314606741573,0.0036135693215339,0.0026513903562464,0.0002559176307812
1996-02-02,2900.0,2900.0,2875.0,2875.0,32000.0,2875.0,2892.0,2812.5,2725.0,2455.9333333333334,2185.15,False,False,False,False,False,False,True,True,False,False,False,-0.0434782608695652,-0.0782608695652174,,,0.0521739130434782,0.1457623188405797,-0.1304347826086956,0.2695652173913043,0.0045875295203453,0.2632888888888889,2310.0,2175.0,1.032258064516129,0.0047706422018348,0.0011570728803008,0.0003606410556602
1996-02-05,2875.0,2875.0,2800.0,2810.0,25000.0,2810.0,2864.0,2826.0,2735.4,2466.333333333333,2188.55,False,False,False,False,False,False,True,True,False,True,False,-0.0213523131672597,-0.0729537366548042,,,0.0265480427046263,0.1223013048635825,-0.1067615658362989,0.2722419928825623,0.004216786052169,0.2625619249823071,2380.0,2180.0,0.78125,0.0038020033633107,-0.0009686388385241,-0.0003707434681763
1996-02-06,2805.0,2805.0,2750.0,2760.0,19000.0,2760.0,2824.0,2834.5,2743.6,2475.8,2191.725,False,False,False,False,False,False,True,True,False,True,False,-0.0126811594202898,-0.0489130434782608,,,0.0059420289855072,0.1029710144927535,-0.0942028985507246,0.2952898550724637,0.0038236798879825,0.2630093490915505,2505.0,2200.0,0.76,0.0029887738737424,-0.0008132294895682,-0.0003931061641865
1996-02-07,2765.0,2765.0,2750.0,2755.0,43000.0,2755.0,2810.0,2842.5,2749.2,2485.0666666666666,2194.85,False,False,False,False,False,False,True,True,False,True,False,-0.0471869328493647,-0.0562613430127041,,,0.0021052631578948,0.0979794313369631,-0.0907441016333938,0.3194192377495463,0.0037289408734841,0.2654353562005277,2455.0,2325.0,2.263157894736842,0.0020369562054415,-0.0009518176683009,-9.47390144983495e-05
1996-02-08,2780.0,2805.0,2755.0,2755.0,9000.0,2755.0,2791.0,2840.5,2750.2,2494.0,2197.55,False,False,False,False,False,False,True,True,False,True,False,-0.0544464609800363,-0.0235934664246823,,,0.0017422867513612,0.0947368421052631,-0.0907441016333938,0.3339382940108893,0.0035819299652499,0.2730153142052455,2425.0,2275.0,0.2093023255813953,0.0003636099192785,-0.0016733462861629,-0.0001470109082342
1996-02-09,2765.0,2765.0,2750.0,2750.0,18000.0,2750.0,2766.0,2829.0,2750.2,2499.266666666667,2200.675,False,False,False,False,False,False,False,True,False,True,False,-0.0363636363636363,-0.0054545454545454,,,-7.272727272720658e-05,0.0911757575757575,-0.0854545454545454,0.32,0.0021072848035424,0.2783669141039236,2500.0,2300.0,2.0,0.0,-0.0003636099192785,-0.0014746451617075
1996-02-13,2750.0,2750.0,2750.0,2750.0,4000.0,2750.0,2754.0,2809.0,2754.2,2506.4666666666667,2203.75,False,False,False,False,False,False,True,True,True,False,False,-0.0527272727272727,-0.069090909090909,,,-0.0015272727272726,0.0885575757575757,-0.0890909090909091,0.2036363636363636,0.0028725696199164,0.2771448914204343,2725.0,2250.0,0.2222222222222222,0.0014523273545857,0.0014523273545857,0.0007652848163739
1996-02-14,2750.0,2755.0,2725.0,2725.0,9000.0,2725.0,2747.0,2785.5,2758.2,2512.4666666666667,2206.75,False,False,False,False,False,False,True,True,False,True,False,-0.036697247706422,-0.055045871559633,,,-0.012183486238532,0.0779938837920489,-0.0605504587155963,0.2201834862385321,0.0023880913842969,0.2789445341949381,2650.0,2205.0,2.25,0.0014502211587267,-2.106195859017789e-06,-0.0004844782356194
1996-02-15,2725.0,2725.0,2625.0,2625.0,19000.0,2625.0,2721.0,2765.5,2759.2,2517.0666666666666,2209.075,False,False,False,False,False,False,True,True,False,True,False,-0.0095238095238095,-0.019047619047619,,,-0.0511238095238094,0.0411174603174603,-0.0247619047619047,0.3619047619047619,0.0018275241021294,0.2872898210088591,2600.0,2130.0,2.111111111111111,0.0003624238909828,-0.0010877972677438,-0.0005605672821675
1996-02-16,2675.0,2675.0,2605.0,2605.0,13000.0,2605.0,2691.0,2741.0,2758.6,2520.6,2211.175,False,False,False,False,False,False,False,True,False,True,False,0.0326295585412667,-0.0076775431861804,,,-0.0589635316698656,0.0323992322456814,-0.0019193857965451,0.2783109404990403,0.0014017826443439,0.2871214885078438,2585.0,2130.0,0.6842105263157895,-0.0002175016312622,-0.000579925522245,-0.0004257414577854
1996-02-19,2630.0,2650.0,2630.0,2650.0,9000.0,2650.0,2671.0,2718.5,2757.6,2525.5333333333333,2213.55,False,False,False,False,False,False,False,True,False,True,False,0.0320754716981132,-0.0188679245283018,,,-0.0406037735849056,0.0469685534591195,-0.0188679245283018,0.2358490566037736,0.0019533827838344,0.2839801361044693,2595.0,2125.0,0.6923076923076923,-0.0003626341746446,-0.0001451325433824,0.0005516001394905
1996-02-20,2635.0,2635.0,2605.0,2605.0,11000.0,2605.0,2642.0,2698.0,2757.2,2530.8,2215.575,False,False,False,False,False,False,False,True,False,False,False,-0.0172744721689059,0.0172744721689059,,,-0.0584261036468329,0.0284836852207292,0.0115163147792706,0.2418426103646833,0.0020810283968179,0.2811341734618235,2850.0,2125.0,1.2222222222222223,-0.0001450747134774,0.0002175594611671,0.0001276456129834
1996-02-21,2605.0,2625.0,2600.0,2625.0,6000.0,2625.0,2622.0,2684.5,2750.0,2536.0,2217.575,False,False,False,False,False,False,False,True,False,True,False,-0.019047619047619,-0.0152380952380952,,,-0.0476190476190476,0.0339047619047619,0.0057142857142857,0.238095238095238,0.0020504731861198,0.275470292419445,2750.0,2215.0,0.5454545454545454,-0.0026181818181817,-0.0024731071047042,-3.055521069815232e-05
1996-02-22,2600.0,2600.0,2575.0,2600.0,8000.0,2600.0,2617.0,2669.0,2744.8,2541.5333333333333,2219.7,False,False,False,False,False,False,False,True,False,False,False,-0.0096153846153846,-0.0173076923076923,,,-0.0556923076923077,0.0224871794871794,0.0192307692307692,0.2615384615384615,0.0021771633921779,0.2695766204571,2760.0,2155.0,1.3333333333333333,-0.0018944914019235,0.0007236904162581,0.0001266902060581
1996-02-23,2565.0,2690.0,2565.0,2690.0,11000.0,2690.0,2634.0,2662.5,2742.6,2549.0666666666666,2222.525,False,False,False,False,False,False,False,True,False,False,False,-0.0390334572490706,-0.0613382899628252,,,-0.0195539033457248,0.0523915737298637,0.0483271375464684,0.1877323420074349,0.0029553300554451,0.2546478873239436,2605.0,2155.0,1.375,-0.0008021585356961,0.0010923328662274,0.0007781666632671
1996-02-26,2700.0,2735.0,2700.0,2735.0,3000.0,2735.0,2651.0,2661.0,2742.6,2556.5333333333333,2225.45,False,False,False,False,False,False,False,True,False,False,False,-0.0493601462522851,-0.0859232175502742,,,-0.0027787934186471,0.0652528945764777,-0.0036563071297989,0.1755027422303473,0.0029206216751851,0.2397594889139421,2550.0,2185.0,0.2727272727272727,0.0,0.0008021585356961,-3.470838025995985e-05
1996-02-27,2555.0,2560.0,2555.0,2560.0,10000.0,2560.0,2642.0,2642.0,2738.0,2561.6,2227.425,False,False,False,False,False,False,False,True,False,True,False,0.03515625,-0.01953125,,,-0.06953125,-0.0006249999999999,0.06640625,0.255859375,0.001977930460129,0.2450794852384557,2550.0,2220.0,3.333333333333333,-0.0016800584368151,-0.0016800584368151,-0.000942691215056
1996-02-28,2575.0,2575.0,2575.0,2575.0,1000.0,2575.0,2632.0,2627.0,2734.0,2566.6,2229.4,False,False,False,False,False,False,False,True,False,False,False,0.003883495145631,-0.029126213592233,,,-0.0617475728155339,0.0032621359223301,0.0912621359223301,0.2485436893203883,0.0019481025481181,0.2480015226494099,2555.0,2250.0,0.1,-0.0014630577907827,0.0002170006460324,-2.982791201092952e-05
1996-02-29,2675.0,2675.0,2575.0,2575.0,6000.0,2575.0,2627.0,2622.0,2730.0,2569.9333333333334,2231.275,False,False,False,False,False,False,False,True,False,True,False,-0.0077669902912621,-0.0271844660194174,,,-0.0601941747572815,0.001967637540453,0.1281553398058252,0.2912621359223301,0.0012970505071468,0.2408466819221968,2615.0,2250.0,6.0,-0.0014652014652014,-2.14367441872922e-06,-0.0006510520409713
1996-03-01,2580.0,2585.0,2580.0,2585.0,8000.0,2585.0,2606.0,2620.0,2722.4,2574.0666666666666,2233.075,False,False,False,False,False,False,False,True,False,True,False,-0.02321083172147,-0.0309477756286266,,,-0.0531528046421663,0.0042295293359123,0.1025145067698259,0.3152804642166344,0.0016057600165755,0.2444656488549618,2730.0,2255.0,1.3333333333333333,-0.0027916544225682,-0.0013264529573668,0.0003087095094287
1996-03-04,2595.0,2600.0,2580.0,2600.0,8000.0,2600.0,2579.0,2615.0,2711.8,2578.0666666666666,2234.075,False,False,False,False,False,False,False,True,False,True,False,-0.0384615384615384,-0.0326923076923076,,,-0.043,0.0084358974358974,0.098076923076923,0.3269230769230769,0.0015515502572987,0.2535372848948374,2750.0,2310.0,1.0,-0.0039088428350172,-0.001117188412449,-5.420975927678917e-05
1996-03-05,2650.0,2650.0,2650.0,2650.0,1000.0,2650.0,2597.0,2619.5,2699.8,2583.4,2235.7,False,False,False,False,False,False,False,True,False,True,False,-0.0528301886792452,-0.0547169811320754,,,-0.0187924528301887,0.025132075471698,0.0698113207547169,0.2830188679245283,0.0020644628525716,0.2576827638862378,2650.0,2380.0,0.125,-0.0044447736869397,-0.0005359308519224,0.0005129125952728
1996-03-06,2580.0,2585.0,2580.0,2585.0,2000.0,2585.0,2599.0,2615.5,2684.8,2588.4666666666667,2237.425,False,False,False,False,False,False,False,True,False,True,False,-0.0328820116054158,-0.0096711798839458,,,-0.0386073500967118,-0.0013410702772405,0.1392649903288201,0.2765957446808511,0.0019574007778092,0.2615178742114318,2625.0,2505.0,2.0,-0.0055870083432657,-0.001142234656326,-0.0001070620747623
1996-03-07,2575.0,2575.0,2555.0,2555.0,23000.0,2555.0,2595.0,2611.0,2674.0,2594.133333333333,2239.65,False,False,False,False,False,False,False,True,False,False,False,-0.0195694716242661,0.0019569471624266,,,-0.0465753424657534,-0.0153163731245922,0.1604696673189823,0.2720156555772994,0.0021844161184209,0.2625430869398698,2600.0,2455.0,11.5,-0.0040388930441287,0.001548115299137,0.0002270153406117
1996-03-08,2500.0,2525.0,2500.0,2525.0,14000.0,2525.0,2583.0,2594.5,2661.0,2599.4,2241.85,False,False,False,False,False,False,False,True,False,True,False,-0.0079207920792079,0.0297029702970297,,,-0.0538613861386138,-0.0294653465346535,0.1584158415841584,0.2693069306930693,0.0020261085891616,0.2709577953362883,2620.0,2425.0,0.6086956521739131,-0.0048853814355505,-0.0008464883914218,-0.0001583075292593
1996-03-11,2500.0,2500.0,2500.0,2500.0,6000.0,2500.0,2563.0,2571.0,2646.0,2604.4,2244.225,False,False,False,False,False,False,False,True,False,True,False,0.006,0.04,,,-0.0584,-0.04176,0.172,0.29,0.0019198279834126,0.2829638273045508,2675.0,2500.0,0.4285714285714285,-0.0056689342403628,-0.0007835528048122,-0.0001062806057489
1996-03-12,2510.0,2510.0,2500.0,2510.0,10000.0,2510.0,2535.0,2566.0,2634.0,2609.5333333333333,2246.65,False,False,False,False,False,False,False,True,False,False,False,-0.0019920318725099,0.049800796812749,,,-0.049402390438247,-0.0396547144754316,0.1633466135458167,0.2589641434262948,0.0019671461053061,0.2833203429462197,2615.0,2725.0,1.6666666666666667,-0.0045558086560364,0.0011131255843263,4.731812189345255e-05
1996-03-13,2530.0,2530.0,2500.0,2500.0,13000.0,2500.0,2518.0,2558.5,2623.6,2613.333333333333,2249.125,False,False,False,False,False,False,False,True,False,False,False,0.024,0.056,,,-0.0494399999999999,-0.0453333333333332,0.202,0.28,0.0014540816326529,0.2864959937463357,2805.0,2650.0,1.3,-0.0039640189053209,0.0005917897507154,-0.0005130644726531
1996-03-14,2515.0,2520.0,2500.0,2505.0,21000.0,2505.0,2508.0,2551.5,2613.6,2618.0,2251.4,False,False,True,False,False,False,False,True,False,False,False,0.0219560878243512,0.0578842315369261,,,-0.0433532934131736,-0.0451097804391217,0.2874251497005988,0.3173652694610778,0.001782531194296,0.2890456594160298,2730.0,2600.0,1.6153846153846154,-0.0038261401897765,0.0001378787155444,0.000328449561643
1996-03-15,2535.0,2555.0,2500.0,2505.0,9000.0,2505.0,2504.0,2543.5,2603.6,2622.6666666666665,2253.875,False,False,False,False,False,False,False,True,False,True,False,0.0379241516966067,0.1257485029940119,,,-0.0393612774451097,-0.0469727212242181,0.2614770459081836,0.3512974051896207,0.0017793594306049,0.2925103204246118,2745.0,2585.0,0.4285714285714285,-0.0038408357658626,-1.4695576086098427e-05,-3.1717636910916485e-06
1996-03-18,2505.0,2515.0,2505.0,2515.0,6000.0,2515.0,2507.0,2535.0,2594.2,2627.0666666666666,2256.5,False,False,False,False,False,False,False,True,False,False,False,0.0337972166998011,0.0834990059642147,,,-0.0314910536779323,-0.0445593108018555,0.2127236580516898,0.3817097415506958,0.0016748718469268,0.2978303747534517,2735.0,2595.0,0.6666666666666666,-0.0036234677357181,0.0002173680301444,-0.000104487583678
1996-03-19,2520.0,2530.0,2500.0,2505.0,34000.0,2505.0,2506.0,2520.5,2584.4,2630.866666666667,2259.025,False,False,False,False,False,False,False,True,False,True,False,0.0518962075848303,0.0898203592814371,,,-0.0316966067864271,-0.0502461743180306,0.2115768463073852,0.3772455089820359,0.0014443909484834,0.3072803015274747,2675.0,2850.0,5.666666666666667,-0.0037919826652219,-0.0001685149295038,-0.0002304808984434
1996-03-21,2560.0,2560.0,2560.0,2560.0,1000.0,2560.0,2518.0,2518.0,2577.8,2635.0,2262.1,False,False,False,False,False,False,False,True,False,False,False,0.03125,0.09765625,,,-0.006953125,-0.029296875,0.201171875,0.328125,0.0015686274509803,0.312549642573471,2675.0,2750.0,0.0294117647058823,-0.0025603227558382,0.0012316599093837,0.0001242365024968
1996-03-22,2565.0,2575.0,2560.0,2560.0,3000.0,2560.0,2529.0,2518.5,2575.2,2639.133333333333,2265.25,False,False,False,False,False,False,False,True,False,False,False,0.03515625,0.134765625,,,-0.0059374999999999,-0.0309114583333332,0.1875,0.333984375,0.0015661707126076,0.3188405797101449,2675.0,2760.0,3.0,-0.0010096303199752,0.0015506924358629,-2.4567383727178583e-06
1996-03-25,2700.0,2700.0,2600.0,2600.0,10000.0,2600.0,2548.0,2526.0,2575.0,2643.733333333333,2268.325,False,False,False,False,True,False,False,True,False,False,True,0.0846153846153846,0.0961538461538461,,,0.0096153846153846,-0.0168205128205127,0.1653846153846153,0.3576923076923077,0.0017399636877143,0.3277909738717339,2775.0,2605.0,3.333333333333333,-7.766990291255072e-05,0.0009319604170627,0.0001737929751066
1996-03-26,2600.0,2600.0,2600.0,2600.0,5000.0,2600.0,2565.0,2536.0,2573.0,2647.6,2271.7,False,False,False,False,False,False,False,True,False,True,False,0.048076923076923,0.098076923076923,,,0.0103846153846153,-0.0183076923076922,0.1519230769230769,0.3634615384615384,0.0014604421614544,0.3351735015772871,2865.0,2550.0,0.5,-0.0007773027594247,-0.0006996328565122,-0.0002795215262598
1996-03-27,2600.0,2635.0,2585.0,2635.0,4000.0,2635.0,2591.0,2548.5,2574.2,2651.0,2274.925,False,False,False,False,False,False,True,True,False,False,False,0.0360531309297912,0.0759013282732447,,,0.0230740037950664,-0.0060721062618595,0.1366223908918406,0.3851992409867172,0.0012825348924934,0.3478516774573278,2950.0,2550.0,0.8,0.0004661642452023,0.0012434670046271,-0.000177907268961
1996-03-28,2640.0,2690.0,2640.0,2640.0,5000.0,2640.0,2607.0,2562.5,2574.8,2652.8,2278.25,False,False,False,False,False,False,True,True,False,True,False,0.0643939393939393,0.115530303030303,,,0.0246969696969696,-0.0048484848484849,0.1458333333333333,0.375,0.0006785283474065,0.3572682926829268,2960.0,2555.0,1.25,0.0002330278079852,-0.000233136437217,-0.0006040065450868
1996-03-29,2610.0,2650.0,2610.0,2650.0,8000.0,2650.0,2625.0,2577.0,2576.8,2655.4,2281.625,False,False,False,False,False,False,True,True,False,False,False,0.0962264150943396,0.1188679245283018,,,0.0276226415094338,-0.0020377358490566,0.1320754716981132,0.3660377358490566,0.0009791368532047,0.3620488940628638,2825.0,2615.0,1.6,0.0007761564731449,0.0005431286651597,0.0003006085057981
1996-04-01,2690.0,2820.0,2685.0,2820.0,53000.0,2820.0,2669.0,2608.5,2582.0,2660.6666666666665,2285.85,False,False,False,False,False,False,True,True,True,False,False,0.0106382978723404,0.0372340425531914,,,0.0843971631205673,0.0565011820330969,0.1312056737588652,0.3368794326241134,0.0019794537709846,0.3603603603603603,2850.0,2730.0,6.625,0.0020139426800928,0.0012377862069478,0.0010003169177798
1996-04-02,2890.0,2890.0,2725.0,2725.0,26000.0,2725.0,2694.0,2629.5,2581.6,2663.6666666666665,2289.85,False,False,False,False,False,False,False,True,False,True,False,0.0477064220183486,0.0752293577981651,,,0.0526238532110092,0.0225076452599388,0.2311926605504587,0.3045871559633027,0.0011262670504317,0.3525385054192812,2875.0,2750.0,0.490566037735849,-0.0001549426712116,-0.0021688853513045,-0.0008531867205528
1996-04-03,2730.0,2825.0,2730.0,2730.0,10000.0,2730.0,2713.0,2652.0,2588.4,2663.733333333333,2294.25,False,False,False,False,False,False,True,True,True,False,False,0.0384615384615384,0.0695970695970696,,,0.0518681318681318,0.0242735042735043,0.2545787545787545,0.3351648351648351,2.502753028328888e-05,0.3484162895927601,2810.0,2650.0,0.3846153846153846,0.0026271055478288,0.0027820482190405,-0.0011012395201484
1996-04-04,2740.0,2815.0,2740.0,2810.0,20000.0,2810.0,2747.0,2677.0,2597.8,2665.866666666667,2299.3,False,False,False,False,False,False,True,True,False,False,False,0.0480427046263345,0.0693950177935943,,,0.0755160142348753,0.0512930011862395,0.2295373665480427,0.2615658362989324,0.0008002400720217,0.3412401942472917,2760.0,2625.0,2.0,0.0036184463777042,0.0009913408298754,0.0007752125417384
1996-04-05,2810.0,2945.0,2810.0,2905.0,173000.0,2905.0,2798.0,2711.5,2611.0,2669.9333333333334,2305.325,False,False,False,False,False,False,True,True,False,False,False,0.0206540447504302,0.1101549053356282,,,0.1012048192771084,0.0809179575444635,0.1927710843373494,0.1635111876075731,0.0015231341606531,0.322884012539185,2755.0,2600.0,8.65,0.0050555342780543,0.00143708790035,0.0007228940886314
1996-04-08,2895.0,2895.0,2835.0,2850.0,9000.0,2850.0,2804.0,2736.5,2621.6,2673.4666666666667,2311.075,False,False,False,False,False,False,True,True,False,True,False,0.0263157894736842,0.1087719298245614,,,0.080140350877193,0.0619415204678362,0.2228070175438596,0.1228070175438596,0.001321629843898,0.2987392654851087,2755.0,2620.0,0.0520231213872832,0.0040433323161427,-0.0010122019619115,-0.0002015043167551
1996-04-09,2895.0,2900.0,2830.0,2855.0,29000.0,2855.0,2830.0,2762.0,2631.8,2676.9333333333334,2316.45,False,False,False,False,False,False,True,True,False,True,False,0.0262697022767075,0.0683012259194395,,,0.0781786339754815,0.0623701109165207,0.2697022767075306,0.1558669001751313,0.0012950141953479,0.2778783490224475,2750.0,2675.0,3.2222222222222223,0.0038756744433468,-0.0001676578727959,-2.6615648550126813e-05
1996-04-10,2880.0,2885.0,2835.0,2835.0,31000.0,2835.0,2851.0,2782.0,2639.2,2676.733333333333,2321.85,False,False,False,False,False,False,True,False,False,True,False,0.0299823633156966,0.0705467372134038,,,0.0690652557319224,0.0558259847148736,0.2698412698412698,0.2028218694885361,-7.471793977744248e-05,0.2600647016534867,2750.0,2615.0,1.0689655172413792,0.0028038799636252,-0.0010717944797216,-0.0013697321351253
1996-04-11,2830.0,2950.0,2815.0,2945.0,83000.0,2945.0,2878.0,2812.5,2653.6,2679.333333333333,2327.675,False,False,False,False,False,False,True,True,False,False,False,0.0203735144312393,0.0441426146010186,,,0.0989473684210526,0.0902093944538767,0.2139219015280135,0.1629881154499151,0.0009703906444388,0.2391111111111111,2725.0,2805.0,2.677419354838709,0.0054265902924329,0.0026227103288077,0.0010451085842163
1996-04-12,2900.0,2975.0,2895.0,2965.0,100000.0,2965.0,2890.0,2844.0,2670.0,2682.0666666666666,2333.6,False,False,False,False,False,False,True,True,False,False,False,0.087689713322091,0.0252951096121416,,,0.0994940978077571,0.095424395727937,0.2141652613827993,0.1467116357504216,0.0010191146131093,0.2176511954992967,2625.0,2730.0,1.2048192771084338,0.0061423220973783,0.0007157318049453,4.872396867050294e-05
1996-04-15,2865.0,2960.0,2865.0,2925.0,51000.0,2925.0,2905.0,2854.5,2686.0,2686.333333333333,2339.325,False,False,False,False,False,False,True,True,False,True,False,0.0803418803418803,0.0358974358974358,,,0.0817094017094017,0.0815954415954417,0.2478632478632478,0.1179487179487179,0.0015882863878892,0.1956559817831494,2605.0,2745.0,0.51,0.0059568131049888,-0.0001855089923894,0.0005691717747798
1996-04-16,2950.0,2975.0,2930.0,2930.0,103000.0,2930.0,2920.0,2875.0,2703.2,2691.4,2345.075,True,True,False,False,False,False,True,True,False,False,False,0.0409556313993174,0.0221843003412969,,,0.0774061433447099,0.081433447098976,0.2457337883959044,0.0921501706484641,0.0018825394466326,0.1747826086956521,2650.0,2735.0,2.019607843137255,0.0063628292394198,0.000406016134431,0.0002942530587434
1996-04-17,2925.0,2930.0,2850.0,2920.0,17000.0,2920.0,2937.0,2894.0,2719.6,2696.333333333333,2350.85,False,False,False,False,False,False,True,True,False,True,False,0.0393835616438356,0.0256849315068493,,,0.0686301369863014,0.0765981735159818,0.2243150684931507,0.1044520547945205,0.0018296451971812,0.152557014512785,2605.0,2675.0,0.1650485436893204,0.0060302985733196,-0.0003325306661002,-5.289424945141867e-05
1996-04-18,2935.0,3025.0,2930.0,3005.0,253000.0,3005.0,2949.0,2913.5,2739.8,2702.333333333333,2357.05,False,False,False,False,False,False,True,True,False,False,False,0.0232945091514143,0.0066555740432612,,,0.0882529118136438,0.1007210205213534,0.1896838602329451,0.064891846921797,0.0022203034414703,0.1330015445340655,2625.0,2675.0,14.882352941176473,0.0073728009343748,0.0013425023610552,0.0003906582442891
1996-04-19,3060.0,3255.0,3060.0,3225.0,1238000.0,3225.0,3001.0,2945.5,2768.6,2710.4666666666667,2364.65,False,False,False,False,False,False,True,True,False,False,False,-0.0573643410852713,-0.0697674418604651,,,0.1415193798449612,0.1595452196382429,0.1271317829457364,-0.0372093023255813,0.0030007132843054,0.1113563062298421,2600.0,2675.0,4.893280632411067,0.0104023694285919,0.003029568494217,0.000780409842835
1996-04-22,3230.0,3230.0,3105.0,3160.0,324000.0,3160.0,3048.0,2976.5,2794.8,2716.2,2371.95,False,False,False,False,False,False,True,True,False,True,False,-0.0411392405063291,0.0094936708860759,,,0.1155696202531645,0.1404430379746836,0.1629746835443038,-0.1075949367088607,0.002110792037896,0.0870149504451537,2690.0,2775.0,0.2617124394184168,0.0093745527408044,-0.0010278166877875,-0.0008899212464094
1996-04-23,3195.0,3200.0,3000.0,3050.0,122000.0,3050.0,3072.0,2996.0,2816.2,2720.2,2378.625,False,False,False,False,False,False,True,True,False,True,False,-0.0180327868852459,0.1,,,0.0766557377049181,0.1081311475409836,0.1901639344262295,-0.0983606557377049,0.0014704801117564,0.0615821094793057,2735.0,2865.0,0.3765432098765432,0.0075988921241387,-0.0017756606166656,-0.0006403119261395
1996-04-24,3050.0,3190.0,3005.0,3035.0,106000.0,3035.0,3095.0,3016.0,2837.4,2725.333333333333,2385.475,False,False,False,False,False,False,True,True,False,True,False,-0.0131795716639209,0.128500823723229,,,0.0651070840197693,0.1020318506315212,0.0906095551894563,-0.1268533772652388,0.0018835616438355,0.0293435013262599,2560.0,2950.0,0.8688524590163934,0.0074716289560866,-0.0001272631680521,0.000413081532079
1996-04-25,3135.0,3135.0,3075.0,3075.0,78000.0,3075.0,3109.0,3029.0,2858.0,2731.333333333333,2392.525,False,False,False,False,False,False,True,True,False,True,False,-0.016260162601626,0.1235772357723577,,,0.0705691056910569,0.1117615176151762,0.08130081300813,-0.0959349593495935,0.0021967293141322,0.0036315615714757,2575.0,2960.0,0.7358490566037735,0.0072078376487053,-0.0002637913073812,0.0003131676702967
1996-04-26,3100.0,3100.0,3025.0,3040.0,29000.0,3040.0,3072.0,3036.5,2877.2,2737.2,2399.35,False,False,False,False,False,False,True,True,False,True,False,-0.0131578947368421,0.1398026315789473,,,0.0535526315789474,0.0996052631578948,0.1759868421052631,-0.0789473684210526,0.0021433094646597,-0.018606948789725,2575.0,2825.0,0.3717948717948718,0.0066731544557207,-0.0005346831929845,-5.341984947249828e-05
1996-04-30,3040.0,3045.0,3015.0,3030.0,22000.0,3030.0,3046.0,3047.0,2894.4,2742.6666666666665,2406.05,False,False,False,False,False,False,True,True,False,True,False,0.0528052805280528,0.1501650165016501,,,0.0447524752475247,0.0948294829482948,0.099009900990099,-0.0495049504950495,0.0019931939718036,-0.034788316376764,2585.0,2850.0,0.7586206896551724,0.005942509673853,-0.0007306447818677,-0.0001501154928561
1996-05-01,2980.0,3075.0,2980.0,2995.0,29000.0,2995.0,3035.0,3053.5,2910.2,2746.9333333333334,2412.075,False,False,False,False,False,False,True,True,False,True,False,0.1202003338898163,0.2103505843071786,,,0.028313856427379,0.0828269337785197,0.0934891485809682,-0.015025041736227,0.0015532472575478,-0.0450302931062714,2600.0,2875.0,1.318181818181818,0.0054291801250772,-0.0005133295487758,-0.0004399467142557
1996-05-02,3000.0,3050.0,2995.0,2995.0,28000.0,2995.0,3027.0,3061.0,2924.6,2752.0,2417.425,False,False,False,False,False,False,True,True,False,True,False,0.1435726210350584,0.2020033388981636,,,0.0235058430717863,0.081135225375626,0.0801335559265442,0.018363939899833,0.0018410852713178,-0.0530872263966024,2650.0,2810.0,0.9655172413793104,0.0049237502564453,-0.0005054298686318,0.0002878380137699
1996-05-07,3005.0,3025.0,2990.0,3025.0,19000.0,3025.0,3017.0,3063.0,2940.0,2754.9333333333334,2422.55,False,False,False,False,False,False,True,True,False,False,False,0.1421487603305785,0.1818181818181818,,,0.028099173553719,0.0892782369146005,0.0743801652892562,-0.0082644628099173,0.0010647565579324,-0.0602350636630754,2585.0,2760.0,0.6785714285714286,0.0052380952380952,0.0003143449816499,-0.0007763287133853
1996-05-08,2985.0,3025.0,2975.0,3000.0,44000.0,3000.0,3009.0,3040.5,2954.0,2758.5333333333333,2427.425,False,False,False,False,False,False,True,True,False,True,False,0.155,0.2,,,0.0153333333333333,0.0804888888888889,0.0933333333333333,-0.015,0.0013050413263086,-0.0582141095214602,2555.0,2755.0,2.3157894736842106,0.0047393364928909,-0.0004987587452042,0.0002402847683761
1996-05-09,3050.0,3350.0,3050.0,3190.0,562000.0,3190.0,3041.0,3043.5,2968.8,2764.4666666666667,2432.875,False,False,False,False,False,False,True,True,False,False,False,0.0924764890282131,0.1442006269592476,,,0.0693416927899686,0.1333960292580982,0.0015673981191222,-0.0752351097178683,0.002146284997709,-0.0548710366354526,2525.0,2755.0,12.772727272727272,0.004985179196982,0.000245842704091,0.0008412436714004
1996-05-10,3290.0,3450.0,3250.0,3355.0,1338000.0,3355.0,3113.0,3074.0,2994.0,2772.733333333333,2439.025,False,False,False,False,False,False,True,True,False,False,True,0.0804769001490312,0.0879284649776453,,,0.1076005961251862,0.173551912568306,-0.0417287630402384,-0.1311475409836065,0.0029814142482747,-0.0588809368900455,2500.0,2750.0,2.380782918149466,0.0084168336673346,0.0034316544703526,0.0008351292505657
1996-05-13,3410.0,3545.0,3400.0,3425.0,960000.0,3425.0,3199.0,3113.0,3021.8,2782.733333333333,2445.4,False,False,False,False,False,False,True,True,False,False,False,0.0510948905109489,0.0437956204379562,,,0.1177226277372262,0.1875231143552312,-0.0613138686131386,-0.1518248175182481,0.0035935890371577,-0.0624799229039511,2510.0,2750.0,0.7174887892376681,0.0091998146799921,0.0007829810126575,0.0006121747888829
1996-05-14,3515.0,3555.0,3445.0,3455.0,1052000.0,3455.0,3285.0,3151.0,3047.6,2793.133333333333,2452.475,False,False,False,False,False,False,True,True,False,True,False,0.0347322720694645,0.0347322720694645,,,0.1179160636758321,0.1915677761698022,-0.0694645441389291,-0.1635311143270622,0.0037234169510943,-0.0702951443986036,2500.0,2725.0,1.0958333333333334,0.0084656779104868,-0.0007341367695052,0.0001298279139366
1996-05-15,3500.0,3535.0,3355.0,3465.0,325000.0,3465.0,3378.0,3193.5,3070.0,2803.6666666666665,2459.425,False,False,False,False,False,False,True,True,False,True,False,0.0389610389610389,0.049062049062049,,,0.113997113997114,0.1908609908609909,-0.0404040404040404,-0.1832611832611832,0.0037569849007252,-0.081728511038046,2505.0,2625.0,0.30893536121673,0.0072964169381107,-0.001169260972376,3.356794963084702e-05
1996-05-16,3470.0,3505.0,3400.0,3485.0,180000.0,3485.0,3437.0,3239.0,3095.4,2813.133333333333,2466.85,False,False,False,False,False,False,True,True,False,False,False,0.0473457675753228,0.0545193687230989,,,0.111793400286944,0.1927881396461024,-0.024390243902439,-0.2109038737446198,0.0033651681399151,-0.0986415560358135,2505.0,2605.0,0.5538461538461539,0.0082057246236351,0.0009093076855243,-0.00039181676081
1996-05-17,3505.0,3725.0,3500.0,3625.0,1459000.0,3625.0,3491.0,3302.0,3126.2,2823.266666666667,2475.225,False,False,False,False,False,False,True,True,False,False,False,0.0068965517241379,0.0013793103448275,,,0.1376,0.2211678160919539,-0.0482758620689655,-0.296551724137931,0.0035892228860186,-0.1279527559055118,2515.0,2650.0,8.105555555555556,0.0098522167487683,0.0016464921251332,0.0002240547461035
1996-05-20,3675.0,3675.0,3560.0,3600.0,263000.0,3600.0,3526.0,3362.5,3156.8,2831.9333333333334,2483.675,False,False,False,False,False,False,True,True,False,True,False,-0.0069444444444444,-0.0805555555555555,,,0.123111111111111,0.2133518518518518,-0.0555555555555555,-0.2430555555555555,0.0030603356952846,-0.1533085501858736,2505.0,2605.0,0.1802604523646333,0.0096933603649266,-0.0001588563838417,-0.000528887190734
1996-05-21,3600.0,3635.0,3520.0,3575.0,204000.0,3575.0,3550.0,3417.5,3182.0,2840.133333333333,2492.05,False,False,False,False,False,False,True,True,False,True,False,0.0,-0.0699300699300699,,,0.1099300699300699,0.2055571095571096,-0.0769230769230769,-0.2293706293706293,0.0028871883949109,-0.1741038771031455,2560.0,2625.0,0.7756653992395437,0.0079195474544311,-0.0017738129104955,-0.0001731473003737
1996-05-22,3575.0,3605.0,3550.0,3600.0,168000.0,3600.0,3577.0,3477.5,3207.4,2850.4666666666667,2500.525,False,False,False,False,False,False,True,True,False,True,False,0.0097222222222222,-0.0069444444444444,,,0.1090555555555555,0.2082037037037037,-0.0972222222222222,-0.2277777777777777,0.0036251374044016,-0.1933860531991373,2560.0,2600.0,0.8235294117647058,0.0079191868803392,-3.6057409187433e-07,0.0007379490094906
1996-05-23,3625.0,3805.0,3625.0,3650.0,861000.0,3650.0,3610.0,3523.5,3236.4,2861.133333333333,2509.15,False,False,False,False,False,False,True,True,False,False,False,0.0068493150684931,-0.0876712328767123,,,0.1133150684931506,0.2161278538812785,-0.121917808219178,-0.1589041095890411,0.0037281263834843,-0.2005108556832694,2600.0,2690.0,5.125,0.0089605734767025,0.0010413865963632,0.0001029889790826
1996-05-24,3700.0,3700.0,3625.0,3650.0,230000.0,3650.0,3615.0,3553.0,3265.2,2871.4666666666667,2517.95,False,False,False,False,False,False,True,True,False,True,False,-0.0054794520547945,-0.1027397260273972,,,0.1054246575342466,0.213296803652968,-0.1164383561643835,-0.1917808219178082,0.0035986255572065,-0.2061638052350126,2600.0,2735.0,0.2671312427409988,0.0088202866593163,-0.0001402868173861,-0.0001295008262777
1996-05-27,3700.0,3700.0,3575.0,3575.0,133000.0,3575.0,3610.0,3568.0,3291.4,2881.6666666666665,2526.1,False,False,False,False,False,False,True,True,False,True,False,-0.0741258741258741,-0.0951048951048951,,,0.0793286713286713,0.193939393939394,-0.116083916083916,-0.1888111888111888,0.0035396182764603,-0.2096412556053811,2635.0,2560.0,0.5782608695652174,0.0079601385428693,-0.0008601481164469,-5.900728074627196e-05
1996-05-28,3560.0,3595.0,3525.0,3575.0,178000.0,3575.0,3610.0,3580.0,3314.2,2892.5333333333333,2533.75,False,False,False,False,False,False,True,True,False,True,False,-0.0699300699300699,-0.0909090909090909,,,0.072951048951049,0.1908997668997669,-0.1048951048951049,-0.1888111888111888,0.0037567991149627,-0.2120111731843575,2640.0,2575.0,1.3383458646616542,0.0068794882626273,-0.0010806502802419,0.0002171808385023
1996-05-29,3625.0,3770.0,3595.0,3635.0,475000.0,3635.0,3617.0,3597.0,3330.6,2904.266666666667,2542.05,False,False,False,False,False,False,True,True,False,True,False,-0.0165061898211829,-0.0976616231086657,,,0.0837414030261348,0.2010270518110957,-0.0921595598349381,-0.2297111416781293,0.0040400330548159,-0.2165693633583542,2650.0,2575.0,2.668539325842697,0.0049240377109229,-0.0019554505517044,0.0002832339398532
1996-05-30,3690.0,3690.0,3610.0,3675.0,88000.0,3675.0,3622.0,3616.0,3351.2,2916.5333333333333,2550.425,False,False,False,False,False,False,True,True,False,False,False,-0.0938775510204081,-0.1306122448979592,,,0.088108843537415,0.2063854875283446,-0.0789115646258503,-0.238095238095238,0.0042059065557281,-0.2193030973451327,2820.0,2585.0,0.1852631578947368,0.0061470518023394,0.0012230140914164,0.0001658735009121
1996-05-31,3670.0,3675.0,3550.0,3630.0,139000.0,3630.0,3618.0,3616.5,3374.4,2928.266666666667,2558.7,False,False,False,False,False,False,True,True,False,False,False,-0.0977961432506887,-0.1143250688705234,,,0.0704132231404958,0.1933149678604223,-0.0426997245179063,-0.2148760330578512,0.0040069210454422,-0.2111157196184156,2725.0,2600.0,1.5795454545454546,0.0068752963489806,0.0007282445466412,-0.0001989855102859
1996-06-03,3510.0,3530.0,3275.0,3310.0,118000.0,3310.0,3565.0,3587.5,3385.4,2935.733333333333,2565.55,False,False,False,False,False,False,True,True,False,True,False,-0.0226586102719033,-0.0287009063444108,,,-0.0227794561933535,0.1130715005035247,0.0422960725075528,-0.1540785498489426,0.0025433736034152,-0.2026480836236933,2730.0,2650.0,0.8489208633093526,0.0032492467655225,-0.0036260495834581,-0.0014635474420269
1996-06-04,3315.0,3400.0,3225.0,3325.0,111000.0,3325.0,3515.0,3562.5,3395.4,2943.733333333333,2572.65,False,False,False,False,False,False,True,True,False,True,False,-0.0225563909774436,-0.0330827067669172,,,-0.021172932330827,0.1146666666666667,0.0225563909774436,-0.1578947368421052,0.0027176374671618,-0.1957894736842105,2810.0,2585.0,0.940677966101695,0.0029451611003121,-0.0003040856652103,0.0001742638637466
1996-06-05,3330.0,3605.0,3300.0,3575.0,281000.0,3575.0,3503.0,3560.0,3416.8,2956.4,2581.15,False,False,False,False,False,False,True,True,False,False,False,-0.0825174825174825,-0.0699300699300699,,,0.0442517482517482,0.173034965034965,-0.0447552447552447,-0.2097902097902098,0.0042844901456727,-0.1939606741573033,2905.0,2555.0,2.5315315315315314,0.0062631702177476,0.0033180091174354,0.0015668526785108
1996-06-06,3595.0,3595.0,3325.0,3330.0,70000.0,3330.0,3434.0,3528.0,3428.8,2966.0666666666666,2588.3,False,False,False,False,False,False,True,True,False,True,False,-0.0405405405405405,0.021021021021021,,,-0.0296696696696697,0.1092892892892893,0.06006006006006,-0.1666666666666666,0.0032590861073025,-0.1950113378684807,2850.0,2525.0,0.2491103202846975,0.0034997666822211,-0.0027634035355264,-0.0010254040383702
1996-06-07,3430.0,3430.0,3225.0,3275.0,99000.0,3275.0,3363.0,3490.5,3440.0,2974.4,2595.05,False,False,False,False,False,False,True,True,False,True,False,-0.0183206106870229,0.0534351145038167,,,-0.0503816793893129,0.0917862595419847,0.082442748091603,-0.1603053435114503,0.0028016854939932,-0.1920928233777395,2855.0,2500.0,1.4142857142857144,0.0032558139534883,-0.0002439527287328,-0.0004574006133093
1996-06-10,3350.0,3350.0,3230.0,3235.0,32000.0,3235.0,3348.0,3456.5,3449.6,2982.8,2601.725,False,False,False,False,False,False,True,True,False,True,False,-0.0061823802163833,0.0510046367851622,,,-0.0663369397217928,0.0779598145285934,0.1282843894899536,-0.1622874806800618,0.0028161459031782,-0.1896427021553594,2835.0,2510.0,0.3232323232323232,0.0027829313543598,-0.0004728825991284,1.4460409185014858e-05
1996-06-11,3185.0,3250.0,3100.0,3250.0,33000.0,3250.0,3333.0,3424.0,3458.6,2991.133333333333,2608.35,False,False,False,False,False,False,True,True,False,True,False,-0.0107692307692307,0.0153846153846153,,,-0.0641846153846153,0.0796512820512821,0.1169230769230769,-0.1384615384615384,0.0027860119909955,-0.1848714953271028,2945.0,2500.0,1.03125,0.002602208986295,-0.0001807223680648,-3.013391218274417e-05
1996-06-12,3235.0,3280.0,3150.0,3280.0,61000.0,3280.0,3274.0,3388.5,3469.8,3000.2,2614.625,False,False,False,False,False,False,True,True,False,False,False,0.0137195121951219,-0.0091463414634146,,,-0.0578658536585366,0.0853048780487805,0.1036585365853658,-0.1753048780487804,0.0030220207541719,-0.1791353106094142,2965.0,2505.0,1.8484848484848484,0.0032278517493804,0.0006256427630854,0.0002360087631764
1996-06-13,3245.0,3250.0,3185.0,3195.0,41000.0,3195.0,3247.0,3340.5,3470.0,3006.9333333333334,2620.15,False,False,False,False,False,False,True,True,False,True,False,0.0641627543035993,0.0031298904538341,,,-0.0860719874804381,0.0588628064684402,0.1799687010954616,-0.1549295774647887,0.0022392692444129,-0.170333782367909,2925.0,2505.0,0.6721311475409836,5.763688760801674e-05,-0.0031702148617724,-0.0007827515097589
1996-06-14,3210.0,3300.0,3210.0,3215.0,18000.0,3215.0,3235.0,3299.0,3464.4,3013.333333333333,2626.075,False,False,False,False,False,False,False,True,False,True,False,0.0730948678071539,0.0031104199066874,,,-0.0775738724727838,0.0627268014515293,0.1057542768273717,-0.1461897356143079,0.0021238938053096,-0.1630797211276144,2930.0,2515.0,0.4390243902439024,-0.001616441519455,-0.001674078407063,-0.0001153754391033
1996-06-17,3220.0,3220.0,3215.0,3215.0,31000.0,3215.0,3231.0,3289.5,3456.0,3022.0666666666666,2632.025,False,False,False,False,False,False,False,True,False,True,False,0.0575427682737169,-0.0171073094867807,,,-0.0749611197511664,0.0600103680663556,0.1337480559875583,-0.1570762052877138,0.0028898546248704,-0.1633986928104575,2920.0,2505.0,1.7222222222222223,-0.0024305555555555,-0.0008141140361005,0.0007659608195608
1996-06-18,3220.0,3270.0,3215.0,3215.0,42000.0,3215.0,3224.0,3278.5,3446.4,3030.6,2637.975,False,False,False,False,False,False,False,True,False,True,False,0.0264385692068429,-0.0046656298600311,,,-0.0719751166407465,0.0573561430793157,0.1026438569206843,-0.1570762052877138,0.0028157240590422,-0.1633368918712825,3005.0,2560.0,1.3548387096774193,-0.0027855153203342,-0.0003549597647786,-7.413056582827437e-05
1996-06-19,3305.0,3390.0,3275.0,3325.0,80000.0,3325.0,3233.0,3253.5,3440.8,3040.6,2644.35,False,False,False,False,False,False,False,True,False,False,False,-0.0225563909774436,-0.0075187969924812,,,-0.0348270676691729,0.0855338345864662,0.0165413533834586,-0.1729323308270676,0.0032888245740972,-0.1592131550637774,3225.0,2560.0,1.9047619047619049,-0.0016275284817484,0.0011579868385858,0.000473100515055
1996-06-20,3355.0,3425.0,3350.0,3400.0,56000.0,3400.0,3274.0,3260.5,3437.4,3051.4666666666667,2651.1,False,False,False,False,False,False,False,True,False,False,True,-0.0573529411764705,-0.0044117647058823,,,-0.011,0.1025098039215686,-0.0588235294117647,-0.1911764705882352,0.0035611290745434,-0.1617850023002607,3160.0,2600.0,0.7,-0.0009891196834817,0.0006384087982666,0.0002723045004462
1996-06-21,3400.0,3475.0,3400.0,3450.0,31000.0,3450.0,3321.0,3278.0,3430.4,3062.8,2658.35,False,False,False,False,True,False,False,True,False,True,False,-0.0652173913043478,0.0072463768115942,,,0.0056811594202898,0.1122318840579709,-0.0434782608695652,-0.2028985507246377,0.0037003177919986,-0.1662599145820622,3050.0,2600.0,0.5535714285714286,-0.0020405783582089,-0.0010514586747272,0.0001391887174552
1996-06-24,3430.0,3430.0,3330.0,3400.0,40000.0,3400.0,3358.0,3294.5,3422.4,3072.8,2665.325,False,False,False,False,False,False,False,True,False,True,False,-0.0705882352941176,0.0147058823529411,,,-0.0065882352941176,0.096235294117647,0.0029411764705882,-0.1970588235294117,0.0032543608435303,-0.1698285020488693,3035.0,2635.0,1.2903225806451613,-0.0023375409069658,-0.0002969625487569,-0.0004459569484683
1996-06-25,3400.0,3400.0,3280.0,3300.0,24000.0,3300.0,3375.0,3299.5,3411.4,3082.333333333333,2671.825,False,False,False,False,False,False,False,True,False,True,False,-0.0303030303030303,0.0303030303030303,,,-0.0337575757575757,0.065959595959596,0.0378787878787878,-0.1863636363636363,0.0030928949929705,-0.1745719048340657,3075.0,2640.0,0.6,-0.0032244826171073,-0.0008869417101414,-0.0001614658505597
1996-06-26,3250.0,3300.0,3205.0,3250.0,29000.0,3250.0,3360.0,3296.5,3397.4,3091.6,2677.9,False,False,False,False,False,False,False,True,False,True,False,0.0153846153846153,0.0507692307692307,,,-0.0453538461538461,0.0487384615384615,0.0461538461538461,-0.1707692307692307,0.0029973692155087,-0.1741240709843773,3040.0,2650.0,1.2083333333333333,-0.004120798257491,-0.0008963156403836,-9.55257774617772e-05
1996-06-27,3230.0,3240.0,3200.0,3205.0,20000.0,3205.0,3321.0,3297.5,3379.6,3100.6666666666665,2683.425,False,False,False,False,False,False,False,True,False,True,False,0.0561622464898595,0.1014040561622464,,,-0.0544773790951637,0.0325533021320853,0.0202808112324493,-0.157566302652106,0.002924102343582,-0.1743745261561789,3030.0,2820.0,0.6896551724137931,-0.0052668954905906,-0.0011460972330996,-7.326687192675324e-05
1996-06-28,3205.0,3225.0,3150.0,3225.0,26000.0,3225.0,3276.0,3298.5,3362.6,3110.333333333333,2689.175,False,False,False,False,False,False,False,True,False,False,False,0.0775193798449612,0.0992248062015503,,,-0.0426666666666666,0.0355555555555556,-0.0077519379844961,-0.1472868217054263,0.003107919837102,-0.1744732454145824,2995.0,2725.0,1.3,-0.0050556117290192,0.0002112837615714,0.00018381749352
1996-07-01,3225.0,3230.0,3160.0,3160.0,17000.0,3160.0,3228.0,3293.0,3346.0,3119.0,2694.675,False,False,False,False,False,False,False,True,False,False,False,0.0917721518987341,0.1550632911392405,,,-0.0588607594936708,0.0129746835443037,0.0205696202531645,-0.0901898734177215,0.0027786683766165,-0.1680838141512299,2995.0,2730.0,0.6538461538461539,-0.0049611476389718,9.44640900473314e-05,-0.0003292514604855
1996-07-02,3210.0,3225.0,3200.0,3200.0,17000.0,3200.0,3208.0,3291.5,3331.0,3128.333333333333,2700.175,False,False,False,False,False,False,False,True,False,False,False,0.0625,0.134375,,,-0.0409375,0.0223958333333334,0.0,-0.0875,0.0029834842834309,-0.1613246240315965,3025.0,2810.0,1.0,-0.0045031522065445,0.0004579954324272,0.0002048159068143
1996-07-03,3255.0,3320.0,3255.0,3300.0,22000.0,3300.0,3218.0,3289.0,3317.6,3138.9333333333334,2705.9,False,False,False,False,False,False,False,True,False,False,False,0.0348484848484848,0.0969696969696969,,,-0.0053333333333333,0.0488080808080807,-0.059090909090909,-0.1727272727272727,0.0033769433353157,-0.1612952265126178,3000.0,2905.0,1.2941176470588236,-0.0040390643838919,0.0004640878226525,0.0003934590518848
1996-07-04,3305.0,3425.0,3305.0,3385.0,49000.0,3385.0,3254.0,3287.5,3306.0,3150.6666666666665,2711.7,False,False,False,False,True,False,False,True,False,False,False,0.0428360413589364,0.1137370753323486,,,0.0233382570162481,0.0692269817823732,-0.1669128508124076,-0.1875923190546528,0.0037240795598814,-0.1609125475285171,3190.0,2850.0,2.227272727272727,-0.0035087719298245,0.0005302924540674,0.0003471362245657
1996-07-05,3385.0,3490.0,3350.0,3475.0,141000.0,3475.0,3304.0,3290.0,3299.8,3163.4666666666667,2717.7,False,False,False,False,False,False,False,True,False,False,False,0.0201438848920863,0.0230215827338129,,,0.0504172661870503,0.0896498800959232,-0.2086330935251798,-0.2086330935251798,0.0040461940487229,-0.1615501519756839,3355.0,2855.0,2.877551020408163,-0.0018789017516212,0.0016298701782032,0.0003221144888415
1996-07-08,3425.0,3450.0,3385.0,3450.0,54000.0,3450.0,3362.0,3295.0,3305.4,3176.0666666666666,2723.2,False,False,False,False,False,False,True,True,True,False,False,0.0579710144927536,0.0565217391304347,,,0.0419130434782608,0.0794009661835749,-0.2318840579710145,-0.2057971014492753,0.0039671711341071,-0.1625189681335356,3425.0,2835.0,0.3829787234042553,0.001694197373994,0.0035730991256152,-7.902291461582903e-05
1996-07-09,3445.0,3445.0,3400.0,3400.0,22000.0,3400.0,3402.0,3305.0,3308.4,3187.266666666667,2728.95,False,False,False,False,False,False,True,True,False,True,False,0.0676470588235294,0.0426470588235294,,,0.0269411764705882,0.0625686274509803,-0.1823529411764705,-0.1985294117647058,0.0035139827229183,-0.1638426626323751,3455.0,2945.0,0.4074074074074074,0.0009067827348567,-0.0007874146391373,-0.0004531884111887
1996-07-10,3390.0,3415.0,3380.0,3415.0,36000.0,3415.0,3425.0,3321.5,3302.0,3198.6666666666665,2735.1,False,False,False,False,False,False,False,True,False,True,False,0.0600292825768667,-0.0102489019033674,,,0.0330893118594436,0.0633479746217667,-0.1800878477306003,-0.2079062957540263,0.0035639849937472,-0.1676953183802499,3465.0,2965.0,1.6363636363636365,-0.0019382192610539,-0.0028450019959106,5.000227082891696e-05
1996-07-11,3415.0,3600.0,3415.0,3530.0,247000.0,3530.0,3454.0,3354.0,3310.0,3211.0666666666666,2741.65,False,False,False,False,False,False,True,True,True,False,False,0.0679886685552408,-0.093484419263456,,,0.0623229461756373,0.0903493862134088,-0.1841359773371104,-0.2337110481586402,0.0038616451438774,-0.1756112104949314,3485.0,2925.0,6.861111111111111,0.002416918429003,0.0043551376900569,0.0002976601501301
1996-07-12,3520.0,3590.0,3515.0,3545.0,161000.0,3545.0,3468.0,3386.0,3320.8,3223.6666666666665,2748.375,False,False,False,False,False,False,True,True,False,False,False,0.002820874471086,-0.0691114245416079,,,0.0632440056417489,0.090644099670898,-0.1678420310296191,-0.231311706629055,0.0039085926998241,-0.1841405788541051,3625.0,2930.0,0.6518218623481782,0.0032522283787039,0.0008353099497009,4.694755594673644e-05
1996-07-15,3550.0,3665.0,3540.0,3650.0,255000.0,3650.0,3508.0,3435.0,3337.4,3237.2,2755.775,False,False,False,False,False,False,True,True,False,False,False,-0.0013698630136986,-0.0657534246575342,,,0.0856438356164383,0.1130958904109589,-0.1643835616438356,-0.1794520547945205,0.0041805675686807,-0.1922852983988355,3600.0,2920.0,1.5838509316770186,0.0049739318032,0.001721703424496,0.0002719748688565
1996-07-16,3550.0,3630.0,3550.0,3630.0,217000.0,3630.0,3554.0,3478.0,3352.6,3250.4,2762.675,False,False,False,False,False,False,True,True,False,True,False,-0.0234159779614325,-0.0564738292011019,,,0.0764187327823691,0.1045730027548209,-0.1735537190082644,-0.1942148760330578,0.004061038641398,-0.202127659574468,3575.0,3005.0,0.8509803921568627,0.0045337946668256,-0.0004401371363743,-0.0001195289272826
1996-07-17,3630.0,3675.0,3575.0,3620.0,136000.0,3620.0,3595.0,3510.0,3366.2,3263.333333333333,2769.4,False,False,False,False,False,False,True,True,False,True,False,-0.0662983425414364,-0.0607734806629834,,,0.0701104972375691,0.0985267034990792,-0.1837016574585635,-0.2196132596685082,0.0039632277834523,-0.2066951566951567,3600.0,3225.0,0.6267281105990783,0.0040401639831263,-0.0004936306836993,-9.781085794568264e-05
1996-07-18,3620.0,3770.0,3615.0,3770.0,909000.0,3770.0,3643.0,3548.5,3389.2,3276.0,2777.25,False,False,False,False,False,False,True,True,False,False,False,-0.1511936339522546,-0.1326259946949602,,,0.1010079575596817,0.1310344827586207,-0.2175066312997347,-0.2506631299734748,0.0038665038665039,-0.2131886712695505,3650.0,3160.0,6.6838235294117645,0.0067862622447775,0.0027460982616511,-9.67239169484234e-05
1996-07-19,3750.0,3770.0,3555.0,3555.0,1052000.0,3555.0,3645.0,3556.5,3402.8,3287.0666666666666,2784.4,False,False,False,False,False,False,True,True,False,True,False,-0.0717299578059071,-0.0998593530239099,,,0.0428129395218002,0.0753680262541022,-0.180028129395218,-0.2264416315049226,0.0033667302153895,-0.2149585266413609,3650.0,3050.0,1.1573157315731573,0.0039967085929235,-0.0027895536518539,-0.0004997736511143
1996-07-22,3605.0,3645.0,3525.0,3645.0,131000.0,3645.0,3644.0,3576.0,3420.0,3299.266666666667,2792.125,False,False,False,False,False,False,True,True,False,False,False,-0.0644718792866941,-0.1152263374485596,,,0.0617283950617283,0.0948513946044809,-0.2030178326474623,-0.2373113854595336,0.0036977914283983,-0.2181208053691275,3575.0,3035.0,0.1245247148288973,0.0050292397660818,0.0010325311731582,0.0003310612130087
1996-07-23,3525.0,3575.0,3525.0,3545.0,44000.0,3545.0,3627.0,3590.5,3433.2,3309.0666666666666,2799.325,False,False,False,False,False,False,True,True,False,True,False,-0.0338504936530324,-0.0973201692524682,,,0.0315373765867419,0.0665538316878232,-0.1847672778561354,-0.229901269393512,0.0029615601579497,-0.2211391171146079,3575.0,3075.0,0.3358778625954198,0.0038448095071652,-0.0011844302589165,-0.0007362312704485
1996-07-24,3500.0,3525.0,3380.0,3380.0,199000.0,3380.0,3579.0,3587.0,3435.4,3315.4,2805.325,False,False,False,False,False,False,True,True,False,True,False,0.0059171597633136,-0.0813609467455621,,,-0.0163905325443787,0.0191124260355029,-0.1627218934911242,-0.1923076923076923,0.00191027729183,-0.2196821856704767,3635.0,3040.0,4.5227272727272725,0.0006403912208186,-0.0032044182863466,-0.0010512828661197
1996-07-25,3420.0,3425.0,3110.0,3200.0,175000.0,3200.0,3465.0,3554.0,3427.4,3320.0666666666666,2810.425,False,False,False,False,False,False,False,True,False,True,False,0.021875,-0.11875,,,-0.0710625,-0.0375208333333333,-0.140625,-0.15625,0.0014055942651753,-0.2125773776027011,3675.0,3030.0,0.8793969849246231,-0.0023341308280329,-0.0029745220488515,-0.0005046830266547
1996-07-26,3250.0,3300.0,3150.0,3300.0,149000.0,3300.0,3414.0,3529.5,3421.4,3326.0,2816.4,False,False,False,False,False,False,False,True,False,False,False,-0.0303030303030303,-0.1666666666666666,,,-0.0367878787878788,-0.0078787878787878,-0.2272727272727272,-0.1818181818181818,0.0017839246341952,-0.2078198045048873,3630.0,2995.0,0.8514285714285714,-0.0017536680890863,0.0005804627389465,0.0003783303690198
1996-07-29,3445.0,3540.0,3400.0,3410.0,153000.0,3410.0,3367.0,3505.5,3421.8,3333.6666666666665,2822.7,False,False,False,False,False,False,True,True,False,False,False,-0.0542521994134897,-0.2228739002932551,,,-0.0034604105571848,0.0223851417399804,-0.2008797653958944,-0.1862170087976539,0.0022997700229976,-0.2086720867208672,3310.0,2995.0,1.0268456375838926,0.0001168975393068,0.0018705656283931,0.0005158453888024
1996-07-30,3400.0,3425.0,3350.0,3425.0,139000.0,3425.0,3343.0,3485.0,3426.8,3340.0666666666666,2829.075,False,False,False,False,False,False,True,True,True,False,False,-0.0656934306569343,-0.1883211678832116,,,-0.0005255474452555,0.0247980535279805,-0.1956204379562043,-0.2116788321167883,0.0019161294185745,-0.2104734576757532,3325.0,3025.0,0.9084967320261438,0.0014590871950507,0.0013421896557439,-0.0003836406044231
1996-07-31,3275.0,3400.0,3265.0,3400.0,73000.0,3400.0,3347.0,3463.0,3432.8,3345.866666666667,2835.575,False,False,False,False,False,False,True,True,False,False,False,-0.0867647058823529,-0.1764705882352941,,,-0.0096470588235294,0.0159215686274509,-0.1823529411764705,-0.2088235294117647,0.0017334821072766,-0.209356049667918,3575.0,3000.0,0.5251798561151079,0.001747844325332,0.0002887571302813,-0.0001826473112978
1996-08-01,3325.0,3325.0,3250.0,3270.0,41000.0,3270.0,3361.0,3413.0,3435.4,3350.4666666666667,2841.55,False,False,False,False,False,False,True,True,False,True,False,-0.1376146788990825,-0.1192660550458715,,,-0.0505810397553517,-0.0246075433231396,-0.0611620795107033,-0.1758409785932721,0.0013729430726067,-0.2015821857603281,3330.0,3190.0,0.5616438356164384,0.00075682598824,-0.000991018337092,-0.0003605390346699
1996-08-02,3290.0,3290.0,3200.0,3200.0,13000.0,3200.0,3341.0,3377.5,3434.4,3354.0666666666666,2847.4,False,False,False,False,False,False,False,True,False,True,False,-0.140625,-0.078125,,,-0.07325,-0.0481458333333333,-0.078125,-0.1796875,0.0010733239251853,-0.1968911917098445,3275.0,3355.0,0.3170731707317073,-0.0002911716748194,-0.0010479976630595,-0.0002996191474214
1996-08-05,3225.0,3230.0,3225.0,3225.0,9000.0,3225.0,3304.0,3335.5,3437.0,3358.133333333333,2853.375,False,False,False,False,False,False,True,True,False,False,False,-0.1782945736434108,-0.0542635658914728,,,-0.0657364341085271,-0.0412816537467699,-0.1007751937984496,-0.2,0.0012109902326689,-0.1927746964473092,3235.0,3425.0,0.6923076923076923,0.0007564736688972,0.0010476453437167,0.0001376663074836
1996-08-06,3175.0,3200.0,3150.0,3200.0,47000.0,3200.0,3259.0,3301.0,3437.0,3360.733333333333,2859.125,False,False,False,False,False,False,False,True,False,True,False,-0.13125,-0.0625,,,-0.0740625,-0.0502291666666666,-0.09375,-0.190625,0.0007736406736624,-0.188579218418661,3250.0,3455.0,5.222222222222222,0.0,-0.0007564736688972,-0.0004373495590064
1996-08-07,3180.0,3200.0,3100.0,3105.0,43000.0,3105.0,3200.0,3273.5,3429.2,3359.133333333333,2864.35,False,False,False,False,False,False,False,False,False,True,False,-0.0982286634460547,-0.0483091787439613,,,-0.1044122383252817,-0.0818464841653247,-0.0982286634460547,-0.1465378421900161,-0.0004763133347887,-0.1842065067970062,3280.0,3465.0,0.9148936170212766,-0.0022745829931179,-0.0022745829931179,-0.0012499540084511
1996-08-08,3075.0,3085.0,2820.0,2820.0,109000.0,2820.0,3110.0,3235.5,3406.6,3354.6,2868.025,False,False,False,False,False,False,False,False,False,True,False,0.0212765957446808,0.0460992907801418,,,-0.2080141843971631,-0.1895744680851063,-0.0070921985815602,-0.0975177304964539,-0.001351378207039,-0.1794158553546592,3195.0,3485.0,2.5348837209302326,-0.0066341807080373,-0.0043595977149193,-0.0008750648722503
1996-08-09,2825.0,2895.0,2750.0,2750.0,112000.0,2750.0,3020.0,3180.5,3377.6,3350.6,2870.0,False,False,False,False,False,False,False,False,False,True,False,0.0727272727272727,0.06,,,-0.2282181818181818,-0.2183999999999999,0.0363636363636363,-0.1254545454545454,-0.0011938160329493,-0.1745008646439239,3215.0,3625.0,1.0275229357798166,-0.0085859782093794,-0.0019517975013421,0.0001575621740897
1996-08-12,2755.0,2775.0,2650.0,2650.0,33000.0,2650.0,2905.0,3104.5,3345.6,3345.4666666666667,2872.2,False,False,False,False,False,False,False,False,False,True,False,0.1509433962264151,0.0962264150943396,,,-0.2624905660377358,-0.262440251572327,0.0566037735849056,-0.0924528301886792,-0.0015344147303813,-0.16621033982928,3215.0,3600.0,0.2946428571428571,-0.0095648015303682,-0.0009788233209888,-0.000340598697432
1996-08-13,2660.0,2825.0,2650.0,2780.0,48000.0,2780.0,2821.0,3040.0,3320.8,3341.5333333333333,2874.725,False,False,True,False,False,False,False,False,False,False,False,0.079136690647482,0.039568345323741,,,-0.1945323741007195,-0.2019904076738609,0.0071942446043165,-0.1276978417266187,-0.0011771043233645,-0.1575657894736842,3215.0,3575.0,1.4545454545454546,-0.0074680799807274,0.0020967215496407,0.0003573104070168
1996-08-14,2800.0,2805.0,2750.0,2800.0,31000.0,2800.0,2760.0,2980.0,3296.2,3338.333333333333,2877.325,False,False,False,False,False,False,False,False,False,False,False,0.0553571428571428,0.0107142857142857,,,-0.1772142857142856,-0.1922619047619046,0.0089285714285714,-0.1428571428571428,-0.0009585621567649,-0.1503355704697986,3325.0,3600.0,0.6458333333333334,-0.0074631393726109,4.940608116456649e-06,0.0002185421665996
1996-08-15,2800.0,2920.0,2800.0,2880.0,51000.0,2880.0,2772.0,2941.0,3270.2,3336.333333333333,2880.025,False,False,False,False,False,False,False,False,False,True,False,0.0243055555555555,-0.0451388888888888,,,-0.135486111111111,-0.1584490740740739,-0.0364583333333333,-0.1909722222222222,-0.0005994604855629,-0.1514790887453247,3400.0,3650.0,1.6451612903225807,-0.0079505840621368,-0.0004874446895258,0.0003591016712019
1996-08-16,2895.0,3000.0,2875.0,2950.0,60000.0,2950.0,2812.0,2916.0,3246.4,3335.733333333333,2883.375,False,False,False,False,False,False,False,False,False,False,False,-0.011864406779661,-0.135593220338983,,,-0.1004745762711864,-0.1307570621468926,-0.0677966101694915,-0.2033898305084746,-0.0001798704932448,-0.1536351165980795,3450.0,3650.0,1.1764705882352942,-0.0073311976343025,0.0006193864278343,0.0004195899923181
1996-08-19,3000.0,3100.0,3000.0,3050.0,32000.0,3050.0,2892.0,2898.5,3222.4,3336.4666666666667,2887.575,False,False,False,False,False,False,False,True,False,True,False,-0.0475409836065573,-0.1065573770491803,,,-0.0565245901639344,-0.0939234972677595,-0.1114754098360655,-0.2311475409836065,0.0002197933942095,-0.1566327410729688,3400.0,3575.0,0.5333333333333333,-0.0074478649453823,-0.0001166673110797,0.0003996638874543
1996-08-20,3050.0,3050.0,2990.0,3000.0,15000.0,3000.0,2936.0,2878.5,3197.2,3336.133333333333,2891.4,False,False,False,False,False,False,False,False,False,True,False,-0.0366666666666666,-0.0816666666666666,,,-0.0657333333333332,-0.1120444444444444,-0.0666666666666666,-0.21,-9.991607050082478e-05,-0.1584158415841584,3300.0,3575.0,0.46875,-0.0078818966595772,-0.0004340317141948,-0.0003197094647103
1996-08-21,3000.0,3000.0,2950.0,2955.0,47000.0,2955.0,2967.0,2863.5,3170.6,3335.5333333333333,2895.25,False,False,False,False,False,False,False,False,False,True,False,-0.0423011844331641,-0.0592216582064297,,,-0.0729610829103214,-0.1287760857304004,-0.0846023688663282,-0.1878172588832487,-0.0001798812783562,-0.1627379081543565,3250.0,3635.0,3.1333333333333333,-0.0083895792594461,-0.0005076825998689,-7.996520785543281e-05
1996-08-22,2905.0,2955.0,2905.0,2950.0,17000.0,2950.0,2981.0,2876.5,3137.8,3332.333333333333,2899.375,False,False,False,False,False,False,False,False,False,True,True,-0.0677966101694915,0.0406779661016949,,,-0.0636610169491526,-0.1296045197740112,-0.0847457627118644,-0.1864406779661017,-0.000960288086426,-0.1715626629584564,3205.0,3675.0,0.3617021276595745,-0.0104531837593217,-0.0020636044998755,-0.0007804068080697
1996-08-23,2950.0,2950.0,2915.0,2915.0,15000.0,2915.0,2974.0,2893.0,3112.2,3326.4666666666667,2903.075,False,False,False,False,False,False,False,False,False,False,False,-0.1252144082332761,0.0120068610634648,,,-0.0676500857632932,-0.1411549456832475,-0.0583190394511149,-0.176672384219554,-0.0017636330841532,-0.17646042170757,3225.0,3630.0,0.8823529411764706,-0.0082256924362188,0.0022274913231028,-0.0008033449977272
1996-08-26,2965.0,2965.0,2905.0,2905.0,13000.0,2905.0,2945.0,2918.5,3082.6,3319.5333333333333,2906.7,False,False,False,False,False,False,False,False,False,True,False,-0.0619621342512908,-0.0017211703958691,,,-0.0611359724612736,-0.1426965002868617,-0.0671256454388984,-0.1790017211703958,-0.0020886469985741,-0.1843412712009594,3160.0,3310.0,0.8666666666666667,-0.009602283786414,-0.0013765913501951,-0.0003250139144208
1996-08-27,2855.0,2890.0,2850.0,2890.0,11000.0,2890.0,2923.0,2929.5,3056.4,3312.0,2910.15,False,False,False,False,False,False,False,False,False,False,False,-0.046712802768166,0.0034602076124567,,,-0.0575778546712803,-0.1460207612456747,-0.0622837370242214,-0.2214532871972318,-0.0022745571658615,-0.1933777095067417,3200.0,3325.0,0.8461538461538461,-0.0085721764166993,0.0010301073697147,-0.0001859101672873
1996-08-28,2900.0,2900.0,2830.0,2830.0,28000.0,2830.0,2898.0,2932.5,3034.4,3303.5333333333333,2912.675,False,False,False,False,False,False,False,False,False,False,False,-0.0176678445229682,-0.0106007067137809,,,-0.072226148409894,-0.1673262661955241,-0.0282685512367491,-0.196113074204947,-0.0025629124371884,-0.19846547314578,3300.0,3575.0,2.5454545454545454,-0.0072501977326654,0.0013219786840338,-0.0002883552713269
1996-08-29,2800.0,2800.0,2735.0,2750.0,14000.0,2750.0,2858.0,2919.5,3016.4,3293.733333333333,2915.05,False,False,False,False,False,False,False,False,False,False,False,0.1163636363636363,0.0181818181818181,,,-0.0968727272727273,-0.197721212121212,0.0,-0.2,-0.0029753471238311,-0.1993492036307587,3385.0,3330.0,0.5,-0.0059673783317862,0.0012828194008792,-0.0004124346866426
1996-08-30,2745.0,2750.0,2550.0,2550.0,60000.0,2550.0,2785.0,2879.5,2986.4,3279.4,2916.3,False,False,False,False,False,False,False,False,False,True,False,0.1568627450980392,0.1176470588235294,,,-0.1711372549019608,-0.2860392156862745,0.0784313725490196,-0.2058823529411764,-0.0043707182208126,-0.1995138044799444,3475.0,3275.0,4.285714285714286,-0.0100455397803375,-0.0040781614485512,-0.0013953710969814
1996-09-02,2740.0,2740.0,2625.0,2725.0,47000.0,2725.0,2749.0,2847.0,2959.0,3267.733333333333,2918.675,False,False,False,False,False,False,False,False,False,False,False,0.0642201834862385,0.0275229357798165,,,-0.0858715596330275,-0.1991681957186543,0.0018348623853211,-0.2293577981651376,-0.00357026277134,-0.1989813839128907,3450.0,3235.0,0.7833333333333333,-0.0092598850963163,0.0007856546840211,0.0008004554494725
1996-09-03,2725.0,2755.0,2675.0,2755.0,18000.0,2755.0,2722.0,2822.5,2932.2,3256.8,2921.425,False,False,False,False,False,False,False,False,False,False,False,0.0526315789473684,0.0163339382940108,,,-0.0643194192377494,-0.1821415607985481,-0.0254083484573502,-0.26497277676951,-0.0033570785228853,-0.2042515500442869,3400.0,3250.0,0.3829787234042553,-0.0091398949594162,0.0001199901369001,0.0002131842484547
1996-09-04,2780.0,2900.0,2780.0,2780.0,71000.0,2780.0,2712.0,2805.0,2907.4,3245.866666666667,2924.675,False,False,False,False,False,False,False,False,False,False,False,0.0071942446043165,0.0161870503597122,,,-0.0458273381294964,-0.1675779376498801,-0.0305755395683453,-0.2643884892086331,-0.0033683864607295,-0.2119429590017825,3415.0,3280.0,3.9444444444444446,-0.0085299580381095,0.0006099369213066,-1.130793784423316e-05
1996-09-05,2930.0,3100.0,2880.0,3070.0,115000.0,3070.0,2776.0,2817.0,2899.4,3238.133333333333,2929.375,False,False,False,False,True,False,False,False,False,False,True,-0.0879478827361563,-0.0960912052117263,,,0.0555700325732898,-0.0547665580890336,-0.1205211726384364,-0.3403908794788273,-0.0023882071975624,-0.2286119985800496,3530.0,3195.0,1.619718309859155,-0.0027591915568738,0.0057707664812357,0.0009801792631671
1996-09-06,3000.0,3065.0,2950.0,2950.0,36000.0,2950.0,2856.0,2820.5,2889.4,3228.8,2933.5,False,False,False,False,False,False,False,False,False,True,False,-0.0338983050847457,-0.0677966101694915,,,0.0205423728813559,-0.0945084745762712,-0.0677966101694915,-0.3220338983050847,-0.0028906508093821,-0.2437511079595816,3545.0,3215.0,0.3130434782608696,-0.003460926143836,-0.0007017345869622,-0.0005024436118196
1996-09-09,2950.0,2950.0,2850.0,2900.0,8000.0,2900.0,2891.0,2820.0,2876.4,3219.8,2937.375,False,False,False,False,False,False,False,False,False,True,False,-0.0344827586206896,-0.0655172413793103,,,0.0081379310344827,-0.1102758620689655,-0.0086206896551724,-0.3189655172413793,-0.0027952046710975,-0.2581560283687943,3650.0,3215.0,0.2222222222222222,-0.0045195383117786,-0.0010586121679425,9.544613828454908e-05
1996-09-10,2950.0,2950.0,2900.0,2900.0,20000.0,2900.0,2920.0,2821.0,2864.4,3210.8,2940.8,False,False,False,False,False,False,False,False,False,False,False,-0.0344827586206896,-0.0344827586206896,,,0.0122758620689654,-0.1071724137931035,0.0068965517241379,-0.2672413793103448,-0.0028030397408745,-0.2628500531726338,3630.0,3215.0,2.5,-0.0041893590280687,0.0003301792837099,-7.835069776964462e-06
1996-09-11,2905.0,2905.0,2800.0,2800.0,10000.0,2800.0,2924.0,2818.0,2852.2,3199.6666666666665,2944.025,False,False,False,False,False,True,False,False,False,True,False,0.0089285714285714,-0.0339285714285714,,,-0.018642857142857,-0.1427380952380952,-0.025,-0.2428571428571428,-0.0034795291176165,-0.2675656493967353,3620.0,3325.0,0.5,-0.0042773999018302,-8.804087376155633e-05,-0.0006764893767419
1996-09-12,2805.0,2805.0,2800.0,2800.0,19000.0,2800.0,2870.0,2823.0,2851.4,3188.0,2947.25,False,False,False,False,False,False,False,False,False,False,False,-0.0089285714285714,-0.0357142857142857,,,-0.0183571428571428,-0.1385714285714285,-0.0178571428571428,-0.2946428571428571,-0.0036595566708489,-0.2768331562167906,3770.0,3400.0,1.9,-0.0002805639335062,0.003996835968324,-0.0001800275532324
1996-09-13,2800.0,2850.0,2800.0,2850.0,5000.0,2850.0,2850.0,2853.0,2855.4,3177.6,2950.575,False,False,False,False,False,False,True,False,True,False,False,-0.0350877192982456,-0.0368421052631578,,,-0.0018947368421052,-0.1149473684210526,-0.0350877192982456,-0.3070175438596491,-0.0032729103726082,-0.2861899754644234,3555.0,3450.0,0.2631578947368421,0.0014008545212579,0.0016814184547642,0.0003866462982406
1996-09-17,2950.0,2975.0,2800.0,2800.0,23000.0,2800.0,2830.0,2860.5,2861.4,3170.8,2953.475,False,False,False,False,False,False,True,False,False,False,False,-0.0321428571428571,-0.0321428571428571,,,-0.0219285714285714,-0.1324285714285715,-0.0214285714285714,-0.3392857142857143,-0.0021445691938941,-0.2968012585212375,3645.0,3400.0,4.6,0.0020968756552736,0.0006960211340156,0.001128341178714
1996-09-18,2875.0,2875.0,2800.0,2800.0,20000.0,2800.0,2810.0,2865.0,2862.2,3163.8,2956.225,False,False,False,False,False,False,True,False,False,True,False,0.0,-0.0321428571428571,,,-0.0222142857142856,-0.1299285714285715,-0.0267857142857142,-0.3214285714285714,-0.0022125292369934,-0.3022687609075044,3545.0,3300.0,0.8695652173913043,0.0002795052756619,-0.0018173703796116,-6.796004309928948e-05
1996-09-19,2800.0,2825.0,2775.0,2825.0,9000.0,2825.0,2815.0,2869.5,2863.2,3153.8,2959.1,False,False,False,False,False,False,True,False,False,False,False,-0.0424778761061946,-0.0265486725663716,,,-0.0135221238938052,-0.1163893805309735,-0.0424778761061946,-0.3433628318584071,-0.0031707781089479,-0.3099843178254051,3380.0,3250.0,0.45,0.0003492595697122,6.97542940502273e-05,-0.0009582488719544
1996-09-20,2775.0,2810.0,2760.0,2775.0,6000.0,2775.0,2810.0,2840.0,2859.0,3146.4,2961.7,False,False,False,False,False,False,False,False,False,True,False,-0.027027027027027,-0.009009009009009,,,-0.0302702702702702,-0.1338378378378378,-0.0252252252252252,-0.2972972972972973,-0.0023518942283244,-0.3054577464788732,3200.0,3205.0,0.6666666666666666,-0.0014690451206715,-0.0018183046903837,0.0008188838806234
1996-09-24,2760.0,2760.0,2750.0,2750.0,23000.0,2750.0,2790.0,2820.0,2851.0,3139.4,2963.9,False,False,False,False,False,False,False,False,False,True,False,-0.0018181818181818,0.0,,,-0.0367272727272727,-0.1416,-0.009090909090909,-0.2745454545454545,-0.0022297254252404,-0.300709219858156,3300.0,3225.0,3.8333333333333335,-0.0028060329708874,-0.0013369878502159,0.0001221688030839
1996-09-25,2850.0,2850.0,2700.0,2710.0,11000.0,2710.0,2772.0,2801.0,2837.4,3132.4,2965.55,False,False,False,False,False,False,False,False,False,True,False,0.0,0.007380073800738,,,-0.0470110701107011,-0.1558671586715867,0.1051660516605166,-0.2952029520295203,-0.0022347082109564,-0.2982863263120314,3410.0,3160.0,0.4782608695652174,-0.0047931204623951,-0.0019870874915077,-4.982785715963375e-06
1996-09-26,2790.0,2800.0,2790.0,2800.0,5000.0,2800.0,2772.0,2791.0,2829.4,3126.4,2967.025,False,False,False,False,False,False,False,False,False,False,False,-0.0321428571428571,-0.0410714285714285,,,-0.0105,-0.1165714285714286,0.0446428571428571,-0.3035714285714285,-0.0019191402251791,-0.302042278753135,3425.0,3200.0,0.4545454545454545,-0.0028274545840107,0.0019656658783843,0.0003155679857773
1996-09-27,2710.0,2710.0,2700.0,2705.0,16000.0,2705.0,2748.0,2781.5,2819.4,3118.733333333333,2968.275,False,False,False,False,False,False,False,False,False,True,False,0.0166358595194085,-0.0036968576709796,,,-0.0422920517560074,-0.152951324707332,0.044362292051756,-0.2809611829944547,-0.0024582629700092,-0.3059500269638684,3400.0,3300.0,3.2,-0.0035468539405547,-0.0007193993565439,-0.0005391227448301
1996-09-30,2705.0,2725.0,2650.0,2700.0,18000.0,2700.0,2733.0,2771.5,2809.4,3112.133333333333,2969.65,False,False,False,False,False,False,False,False,False,True,False,0.0185185185185185,0.0,,,-0.0405185185185185,-0.1526419753086419,0.0462962962962962,-0.2925925925925925,-0.0021207317595646,-0.3057910878585603,3270.0,3385.0,1.125,-0.0035594788922901,-1.26249517354406e-05,0.0003375312104446
1996-10-01,2710.0,2745.0,2650.0,2745.0,24000.0,2745.0,2732.0,2761.0,2802.6,3105.866666666667,2970.875,False,False,False,False,False,False,False,False,False,False,False,0.0018214936247723,0.0018214936247723,,,-0.020983606557377,-0.1314632665452338,0.0018214936247723,-0.2896174863387978,-0.0020176869580148,-0.3040565012676566,3200.0,3475.0,1.3333333333333333,-0.0024263184186113,0.0011331604736788,0.0001030448015498
1996-10-02,2745.0,2775.0,2700.0,2710.0,12000.0,2710.0,2732.0,2752.0,2794.8,3099.133333333333,2970.8,False,False,False,False,False,False,False,False,False,True,False,0.007380073800738,0.0608856088560885,,,-0.0312915129151292,-0.1435916359163591,0.025830258302583,-0.2804428044280442,-0.0021726504183966,-0.2981468023255814,3225.0,3450.0,0.5,-0.00279089738085,-0.0003645789622386,-0.0001549634603817
1996-10-03,2725.0,2750.0,2700.0,2710.0,19000.0,2710.0,2714.0,2743.0,2787.6,3092.4,2971.1,False,False,False,False,False,False,False,False,False,False,False,-0.0092250922509225,0.077490774907749,,,-0.0286346863468634,-0.1411070110701107,0.007380073800738,-0.2952029520295203,-0.0021773811063682,-0.2954794021144732,3200.0,3400.0,1.5833333333333333,-0.0025828669823505,0.0002080303984995,-4.730687971612937e-06
1996-10-04,2710.0,2750.0,2700.0,2750.0,30000.0,2750.0,2723.0,2735.5,2784.4,3084.733333333333,2971.85,False,False,False,False,False,False,False,False,False,False,False,-0.02,-0.0072727272727272,,,-0.0125090909090909,-0.121721212121212,-0.0072727272727272,-0.3036363636363636,-0.002485357999611,-0.2913544141838786,3105.0,3415.0,1.5789473684210529,-0.0011492601637695,0.0014336068185809,-0.0003079768932428
1996-10-07,2745.0,2750.0,2715.0,2750.0,9000.0,2750.0,2733.0,2733.0,2784.4,3076.0666666666666,2972.675,False,False,False,False,False,False,False,False,False,False,False,-0.0181818181818181,0.0,,,-0.0125090909090909,-0.1185696969696969,-0.0181818181818181,-0.2909090909090909,-0.0028174508571551,-0.2907061836809367,2820.0,3530.0,0.3,0.0,0.0011492601637695,-0.0003320928575441
1996-10-08,2750.0,2770.0,2750.0,2750.0,17000.0,2750.0,2734.0,2733.0,2792.4,3066.733333333333,2973.45,False,False,False,False,False,False,True,False,True,False,False,0.0,0.0,,,-0.0154181818181818,-0.1151757575757575,-0.0181818181818181,-0.3090909090909091,-0.003043412099737,-0.2941822173435784,2750.0,3545.0,1.8888888888888888,0.0028649190660363,0.0028649190660363,-0.0002259612425818
1996-10-09,2730.0,2750.0,2730.0,2730.0,4000.0,2730.0,2738.0,2735.0,2792.6,3057.8,2972.85,False,False,False,False,False,False,True,False,False,True,False,0.0531135531135531,0.0036630036630036,,,-0.0229304029304028,-0.1200732600732601,0.0164835164835164,-0.2857142857142857,-0.0029214903961452,-0.293235831809872,2650.0,3650.0,0.2352941176470588,7.161784716744901e-05,-0.0027933012188689,0.0001219217035917
1996-10-11,2725.0,2725.0,2685.0,2685.0,9000.0,2685.0,2733.0,2723.5,2789.8,3049.6,2972.525,False,False,False,False,False,False,False,False,False,True,False,0.0875232774674115,0.0148975791433892,,,-0.0390316573556797,-0.1357914338919925,0.0055865921787709,-0.2718808193668529,-0.0026888772298007,-0.2900679272994308,2780.0,3630.0,2.25,-0.0010036561760698,-0.0010752740232373,0.0002326131663445
1996-10-14,2675.0,2695.0,2655.0,2695.0,15000.0,2695.0,2722.0,2722.5,2786.4,3042.2,2972.2,False,False,False,False,False,False,False,False,False,True,False,0.0129870129870129,0.0037105751391465,,,-0.0339146567717996,-0.1288311688311687,-0.0018552875695732,-0.2894248608534323,-0.0024324502005128,-0.2909090909090909,2800.0,3620.0,1.6666666666666667,-0.0012202124605225,-0.0002165562844526,0.0002564270292879
1996-10-15,2700.0,2700.0,2675.0,2700.0,4000.0,2700.0,2712.0,2722.5,2771.6,3035.4666666666667,2972.675,False,False,False,False,False,False,False,False,False,True,False,0.0185185185185185,0.0018518518518518,,,-0.0265185185185184,-0.1242469135802469,-0.0018518518518518,-0.2962962962962963,-0.0022182201528594,-0.2912764003673094,2880.0,3770.0,0.2666666666666666,-0.005339875883966,-0.0041196634234434,0.0002142300476533
1996-10-16,2690.0,2750.0,2675.0,2750.0,18000.0,2750.0,2712.0,2723.0,2763.6,3029.133333333333,2973.675,False,False,False,False,False,False,False,False,False,False,False,0.0,-0.009090909090909,,,-0.0049454545454545,-0.1015030303030302,-0.0454545454545454,-0.3090909090909091,-0.0020908070515219,-0.2932427469702534,2950.0,3555.0,4.5,-0.002894774931249,0.0024451009527169,0.0001274131013375
1996-10-17,2750.0,2875.0,2700.0,2875.0,32000.0,2875.0,2741.0,2739.5,2762.6,3025.333333333333,2975.3,False,False,False,False,True,False,False,False,False,False,True,-0.0469565217391304,0.0417391304347826,,,0.039095652173913,-0.0522898550724636,-0.1026086956521739,-0.3391304347826087,-0.0012560599382988,-0.2993246942872787,3050.0,3645.0,1.7777777777777777,-0.0003619778469557,0.0025327970842933,0.000834747113223
1996-10-18,2925.0,2945.0,2875.0,2920.0,46000.0,2920.0,2788.0,2760.5,2763.4,3021.6,2977.125,False,False,False,False,False,False,True,False,False,False,False,-0.0667808219178082,0.0017123287671232,,,0.0536301369863013,-0.0347945205479451,-0.1130136986301369,-0.3407534246575342,-0.0012355484952783,-0.3041115739902191,3000.0,3545.0,1.4375,0.0002894984439459,0.0006514762909016,2.0511443020500893e-05
1996-10-21,2770.0,2770.0,2730.0,2730.0,15000.0,2730.0,2795.0,2758.5,2760.6,3014.0,2977.7,False,False,False,False,False,False,False,False,False,True,False,-0.0091575091575091,0.0347985347985348,,,-0.0112087912087911,-0.104029304029304,-0.0293040293040293,-0.2875457875457875,-0.0025215660252156,-0.3025194852274787,2955.0,3380.0,0.3260869565217391,-0.0010142722596537,-0.0013037707035996,-0.0012860175299372
1996-10-22,2780.0,2800.0,2750.0,2750.0,30000.0,2750.0,2805.0,2758.5,2758.6,3005.5333333333333,2977.8,False,False,False,False,False,False,False,False,False,False,False,-0.0163636363636363,0.0272727272727272,,,-0.0031272727272726,-0.0929212121212121,-0.0745454545454545,-0.2727272727272727,-0.0028170263735776,-0.3007069059271343,2950.0,3200.0,2.0,-0.0007250054375407,0.0002892668221129,-0.000295460348362
1996-10-23,2750.0,2775.0,2740.0,2750.0,18000.0,2750.0,2805.0,2758.5,2754.6,2995.866666666667,2977.8,False,False,False,False,False,False,False,False,False,True,False,-0.009090909090909,0.0,,,-0.0016727272727272,-0.0894060606060606,-0.1254545454545454,-0.2727272727272727,-0.0032266678534869,-0.2970817473264455,2915.0,3300.0,0.6,-0.00145211645974,-0.0007271110221992,-0.0004096414799093
1996-10-24,2740.0,2740.0,2735.0,2740.0,7000.0,2740.0,2778.0,2759.5,2752.2,2986.4,2978.25,False,False,False,False,False,False,False,False,False,False,False,0.0930656934306569,0.0145985401459854,,,-0.0044525547445254,-0.0899270072992701,-0.1222627737226277,-0.2791970802919708,-0.0031699258862398,-0.2964305127740532,2905.0,3410.0,0.3888888888888889,-0.000872029649008,0.0005800868107319,5.674196724712302e-05
1996-10-25,2740.0,2740.0,2705.0,2725.0,11000.0,2725.0,2739.0,2763.5,2749.2,2977.4,2978.75,False,False,False,False,False,False,False,False,False,True,False,0.073394495412844,0.0018348623853211,,,-0.008880733944954,-0.0926238532110092,-0.110091743119266,-0.2770642201834862,-0.0030227715456438,-0.2969060973403293,2890.0,3425.0,1.5714285714285714,-0.0010912265386294,-0.0002191968896213,0.000147154340596
1996-10-28,2730.0,2730.0,2705.0,2705.0,10000.0,2705.0,2734.0,2764.5,2744.4,2967.9333333333334,2979.275,False,False,False,False,False,False,False,False,False,True,False,0.044362292051756,0.0092421441774491,,,-0.0145656192236599,-0.0972027110289587,-0.1127541589648798,-0.277264325323475,-0.0031896493631932,-0.2957135105805751,2830.0,3400.0,0.9090909090909092,-0.0017490161783995,-0.0006577896397701,-0.0001668778175494
1996-10-29,2745.0,2745.0,2700.0,2705.0,32000.0,2705.0,2725.0,2765.0,2741.6,2956.9333333333334,2979.7,False,False,False,False,False,False,False,False,False,False,False,0.044362292051756,-0.0018484288354898,,,-0.0135304990757855,-0.0931361675908811,-0.1386321626617375,-0.277264325323475,-0.0037200703431483,-0.2938517179023508,2750.0,3270.0,3.2,-0.001021301429822,0.0007277147485774,-0.000530420979955
1996-10-30,2710.0,2725.0,2675.0,2725.0,23000.0,2725.0,2720.0,2762.5,2740.6,2946.0,2979.95,False,False,False,False,False,False,False,False,False,False,False,0.0091743119266055,-0.0091743119266055,,,-0.0057247706422018,-0.0811009174311926,-0.1376146788990825,-0.2660550458715596,-0.0037112468884363,-0.2895927601809955,2550.0,3200.0,0.71875,-0.0003648836021309,0.0006564178276911,8.823454711988366e-06
1996-10-31,2700.0,3000.0,2700.0,2995.0,182000.0,2995.0,2771.0,2774.5,2752.0,2937.266666666667,2981.85,False,False,False,True,True,False,True,False,True,False,True,-0.0717863105175292,-0.0734557595993322,,,0.081135225375626,0.0192765720645519,-0.2170283806343906,-0.332220367278798,-0.002973285821285,-0.2890610920886646,2725.0,3225.0,7.913043478260869,0.0041424418604651,0.004507325462596,0.0007379610671512
1996-11-01,2950.0,2990.0,2905.0,2925.0,88000.0,2925.0,2811.0,2775.0,2757.0,2927.866666666667,2982.45,False,False,False,False,False,False,True,False,False,True,False,-0.0666666666666666,-0.0769230769230769,,,0.0574358974358974,-0.000980056980057,-0.1897435897435897,-0.3145299145299145,-0.0032105287126007,-0.2863063063063063,2755.0,3200.0,0.4835164835164835,0.0018135654697134,-0.0023288763907516,-0.0002372428913157
1996-11-05,2900.0,2900.0,2825.0,2825.0,12000.0,2825.0,2835.0,2784.5,2761.8,2917.266666666667,2982.925,False,False,False,False,False,False,True,False,False,True,True,-0.0336283185840707,-0.047787610619469,,,0.0223716814159291,-0.0326607669616519,-0.1504424778761062,-0.2743362831858407,-0.0036335382435612,-0.2849703717004848,2780.0,3105.0,0.1363636363636363,0.0017379969585053,-7.55685112080681e-05,-0.0004230095309605
1996-11-06,2825.0,2825.0,2750.0,2825.0,94000.0,2825.0,2859.0,2792.0,2766.8,2904.6666666666665,2983.325,False,False,False,False,False,False,True,False,False,False,False,-0.0442477876106194,-0.0460176991150442,,,0.0206017699115043,-0.0282005899705014,-0.1504424778761062,-0.3044247787610619,-0.0043378471425293,-0.2881446991404011,3070.0,2820.0,7.833333333333333,0.0018071418244903,6.91448659849974e-05,-0.000704308898968
1996-11-07,2825.0,2825.0,2725.0,2750.0,36000.0,2750.0,2864.0,2792.0,2767.0,2893.9333333333334,2983.4,False,False,False,False,False,False,True,False,False,True,False,-0.0181818181818181,-0.0454545454545454,,,-0.0061818181818181,-0.0523393939393939,-0.1272727272727272,-0.2818181818181818,-0.0037089082909073,-0.2890401146131805,2950.0,2750.0,0.3829787234042553,7.228044813871272e-05,-0.0017348613763516,0.000628938851622
1996-11-08,2725.0,2780.0,2725.0,2780.0,28000.0,2780.0,2821.0,2796.0,2769.8,2882.4,2983.925,False,False,False,False,False,False,True,False,True,False,False,-0.0017985611510791,-0.0719424460431654,,,0.0036690647482013,-0.0368345323741007,-0.1420863309352518,-0.2949640287769784,-0.0040012952169488,-0.2905937052932761,2900.0,2650.0,0.7777777777777778,0.0010109033143187,0.00093862286618,-0.0002923869260414
1996-11-11,2775.0,2800.0,2730.0,2730.0,13000.0,2730.0,2782.0,2796.5,2770.6,2871.5333333333333,2984.2,False,False,False,False,False,False,True,False,False,True,False,-0.0109890109890109,-0.0512820512820512,,,-0.0148717948717948,-0.0518437118437118,-0.1758241758241758,-0.282051282051282,-0.003784273210596,-0.2910781333810119,2900.0,2780.0,0.4642857142857143,0.0002887461199739,-0.0007221571943448,0.0002170220063528
1996-11-12,2725.0,2730.0,2675.0,2730.0,36000.0,2730.0,2763.0,2799.0,2769.8,2862.866666666667,2984.475,False,False,False,False,False,False,False,False,False,True,False,-0.0146520146520146,-0.0293040293040293,,,-0.0145787545787546,-0.0486691086691087,-0.1666666666666666,-0.2728937728937728,-0.0030272687050275,-0.2906395141121829,2800.0,2800.0,2.769230769230769,-0.0002888295183766,-0.0005775756383505,0.0007570045055684
1996-11-13,2725.0,2730.0,2690.0,2700.0,20000.0,2700.0,2738.0,2798.5,2767.8,2856.2,2984.1,False,False,False,False,False,False,False,False,False,True,False,-0.0018518518518518,-0.0574074074074074,,,-0.0251111111111111,-0.0578518518518517,-0.1851851851851851,-0.2314814814814814,-0.0023341035875173,-0.2862247632660353,2800.0,2880.0,0.5555555555555556,-0.0007225955632632,-0.0004337660448865,0.0006931651175102
1996-11-14,2700.0,2700.0,2680.0,2700.0,49000.0,2700.0,2728.0,2796.0,2765.8,2848.2,2983.275,False,False,False,False,False,False,False,False,False,True,False,-0.0277777777777777,-0.1092592592592592,,,-0.0243703703703704,-0.0548888888888888,-0.25,-0.1703703703703703,-0.0028087915174496,-0.277002861230329,2850.0,2950.0,2.45,-0.0007231180851833,-5.225219200688828e-07,-0.0004746879299322
1996-11-15,2680.0,2800.0,2680.0,2775.0,103000.0,2775.0,2727.0,2774.0,2767.6,2839.733333333333,2982.4,False,False,False,False,True,False,True,False,False,False,False,-0.0702702702702702,-0.1333333333333333,,,0.0026666666666666,-0.0233273273273272,-0.2432432432432432,-0.227027027027027,-0.0029815006103859,-0.2660418168709444,2800.0,3050.0,2.1020408163265305,0.000650383003324,0.0013735010885073,-0.0001727090929363
1996-11-18,2705.0,2725.0,2700.0,2700.0,39000.0,2700.0,2721.0,2751.5,2768.2,2830.0666666666666,2981.1,False,False,False,False,False,False,True,False,False,True,False,-0.0407407407407407,-0.1018518518518518,,,-0.0252592592592591,-0.0481728395061728,-0.25,-0.2314814814814814,-0.0034157028102988,-0.2574959113210975,2800.0,3000.0,0.3786407766990291,0.0002167473448449,-0.000433635658479,-0.0004342021999129
1996-11-19,2705.0,2710.0,2690.0,2690.0,12000.0,2690.0,2713.0,2738.0,2768.0,2820.6,2980.425,False,False,False,False,False,False,False,False,False,True,False,-0.0148698884758364,-0.1078066914498141,,,-0.028996282527881,-0.0485501858736059,-0.2397769516728624,-0.2565055762081784,-0.0033562598974213,-0.2556610664718773,2825.0,2955.0,0.3076923076923077,-7.22543352600499e-05,-0.000289001680105,5.944291287751603e-05
1996-11-20,2675.0,2695.0,2660.0,2695.0,82000.0,2695.0,2712.0,2725.0,2767.8,2812.9333333333334,2979.65,False,False,False,False,False,False,False,False,False,True,False,-0.0556586270871985,-0.1354359925788497,,,-0.027012987012987,-0.0437600494743352,-0.24860853432282,-0.2597402597402597,-0.0027255059961131,-0.2510091743119266,2775.0,2950.0,6.833333333333333,-7.225955632625843e-05,-5.221066208535639e-09,0.0006307539013082
1996-11-21,2685.0,2700.0,2625.0,2625.0,43000.0,2625.0,2697.0,2712.5,2762.8,2805.266666666667,2978.4,False,False,False,False,False,False,False,False,False,True,False,-0.0838095238095238,-0.1047619047619047,,,-0.0524952380952381,-0.0686730158730159,-0.238095238095238,-0.1828571428571428,-0.0027329546804818,-0.2412903225806451,2750.0,2915.0,0.524390243902439,-0.0018097582163023,-0.001737498659976,-7.448684368758888e-06
1996-11-22,2595.0,2595.0,2530.0,2580.0,74000.0,2580.0,2658.0,2692.5,2751.0,2796.6666666666665,2977.25,False,False,False,False,False,False,False,False,False,True,False,-0.067829457364341,-0.0910852713178294,,,-0.0662790697674418,-0.0839793281653746,-0.2344961240310077,-0.1860465116279069,-0.0030750893921336,-0.2304549675023212,2710.0,2905.0,1.7209302325581397,-0.0042893493275173,-0.002479591111215,-0.0003421347116517
1996-11-25,2600.0,2600.0,2575.0,2590.0,20000.0,2590.0,2636.0,2678.5,2737.8,2788.5333333333333,2976.4,False,False,False,False,False,False,False,False,False,True,False,-0.0637065637065637,-0.0849420849420849,,,-0.0570656370656371,-0.0766537966537966,-0.1795366795366795,-0.1891891891891892,-0.002916706512384,-0.2212058988239686,2800.0,2890.0,0.2702702702702703,-0.0048213894367739,-0.0005320401092566,0.0001583828797496
1996-11-26,2600.0,2650.0,2550.0,2650.0,19000.0,2650.0,2628.0,2670.5,2734.6,2782.4666666666667,2975.875,False,False,False,False,False,False,False,False,False,False,False,-0.0943396226415094,-0.0943396226415094,,,-0.0319245283018867,-0.0499874213836478,-0.2,-0.2245283018867924,-0.0021803196204806,-0.2162516382699869,2705.0,2830.0,0.95,-0.0011701894244131,0.0036512000123608,0.0007363868919033
1996-11-27,2570.0,2570.0,2545.0,2545.0,61000.0,2545.0,2598.0,2655.0,2726.4,2778.8,2974.825,False,False,False,False,False,False,False,False,False,True,False,-0.0844793713163064,-0.0569744597249508,,,-0.0712770137524558,-0.0918664047151277,-0.2239685658153241,-0.1944990176817289,-0.0013195144186938,-0.2126177024482109,2700.0,2750.0,3.210526315789474,-0.0030076291079811,-0.0018374396835679,0.0008608052017867
1996-11-28,2510.0,2510.0,2405.0,2405.0,57000.0,2405.0,2554.0,2625.5,2712.6,2774.2,2973.1,False,False,False,False,False,False,False,False,False,True,False,-0.0228690228690228,-0.002079002079002,,,-0.1279002079002078,-0.1535135135135134,-0.1787941787941788,-0.1476091476091476,-0.0016581356787543,-0.211007427156732,2745.0,2550.0,0.9344262295081968,-0.0050873700508737,-0.0020797409428926,-0.0003386212600605
1996-11-29,2420.0,2435.0,2400.0,2405.0,77000.0,2405.0,2519.0,2588.5,2699.2,2770.9333333333334,2971.375,False,False,False,False,False,False,False,False,False,False,False,-0.0249480249480249,-0.0083160083160083,,,-0.1223284823284822,-0.1521552321552322,-0.2307692307692307,-0.1372141372141372,-0.00117890482148,-0.2024338419934324,2710.0,2725.0,1.350877192982456,-0.0049644339063426,0.0001229361445311,0.0004792308572743
1996-12-02,2410.0,2445.0,2400.0,2425.0,16000.0,2425.0,2486.0,2561.0,2687.2,2766.2,2969.875,False,False,False,False,False,False,False,False,False,False,False,-0.022680412371134,-0.0721649484536082,,,-0.1081237113402061,-0.1407010309278349,-0.2164948453608247,-0.177319587628866,-0.0017111319981684,-0.1969933619679812,2710.0,2755.0,0.2077922077922078,-0.0044656147662994,0.0004988191400431,-0.0005322271766884
1996-12-03,2405.0,2410.0,2400.0,2400.0,16000.0,2400.0,2436.0,2532.0,2675.0,2760.866666666667,2968.75,False,False,False,False,False,False,False,False,False,True,False,0.0,-0.0520833333333333,,,-0.1145833333333333,-0.1503611111111111,-0.2270833333333333,-0.16875,-0.0019317605582786,-0.1879936808846761,2750.0,2780.0,1.0,-0.0045607476635513,-9.513289725184004e-05,-0.0002206285601102
1996-12-04,2395.0,2395.0,2285.0,2330.0,34000.0,2330.0,2393.0,2495.5,2660.0,2753.5333333333333,2967.375,False,False,False,False,False,False,False,False,False,True,False,0.0300429184549356,-0.055793991416309,,,-0.1416309012875536,-0.1817739628040057,-0.1630901287553648,-0.1437768240343347,-0.0026632448006198,-0.1761170106191144,2750.0,3070.0,2.125,-0.0056390977443609,-0.0010783500808095,-0.0007314842423411
1996-12-05,2280.0,2400.0,2225.0,2350.0,70000.0,2350.0,2382.0,2468.0,2645.0,2745.5333333333333,2965.875,False,False,False,False,False,False,False,False,False,True,False,0.0212765957446808,-0.1382978723404255,,,-0.125531914893617,-0.1683120567375886,-0.151063829787234,-0.1595744680851064,-0.0029138236651045,-0.1738249594813614,2750.0,2950.0,2.0588235294117645,-0.0056710775047258,-3.197976036499635e-05,-0.0002505788644846
1996-12-06,2400.0,2425.0,2345.0,2345.0,11000.0,2345.0,2370.0,2444.5,2619.0,2736.133333333333,2964.575,False,False,False,False,False,False,False,False,False,True,False,0.0170575692963752,-0.1044776119402985,,,-0.1168443496801705,-0.1667945984363894,-0.185501066098081,-0.1791044776119403,-0.0034355050923444,-0.1730415217835958,2730.0,2900.0,0.1571428571428571,-0.0099274532264222,-0.0042563757216964,-0.0005216814272399
1996-12-09,2365.0,2370.0,2365.0,2370.0,17000.0,2370.0,2359.0,2422.5,2596.8,2727.733333333333,2963.3,False,False,False,False,False,False,False,False,False,False,False,-0.050632911392405,-0.1455696202531645,,,-0.0956962025316456,-0.150942334739803,-0.1772151898734177,-0.1877637130801688,-0.0030794799100596,-0.1727554179566563,2685.0,2900.0,1.5454545454545454,-0.0085489833641404,0.0013784698622818,0.0003560251822847
1996-12-10,2395.0,2410.0,2395.0,2400.0,39000.0,2400.0,2359.0,2397.5,2579.8,2720.333333333333,2962.3,False,False,False,False,False,False,False,False,False,False,False,-0.0520833333333333,-0.1479166666666666,,,-0.0749166666666667,-0.1334722222222221,-0.1895833333333333,-0.2291666666666666,-0.0027202548707266,-0.1726798748696558,2695.0,2800.0,2.294117647058824,-0.006589658113032,0.0019593252511083,0.000359225039333
1996-12-11,2425.0,2435.0,2400.0,2400.0,45000.0,2400.0,2373.0,2383.0,2562.8,2713.0,2960.85,False,False,False,False,False,False,False,False,False,True,False,-0.0833333333333333,-0.15625,,,-0.0678333333333334,-0.1304166666666666,-0.2041666666666666,-0.2395833333333333,-0.0027030347708562,-0.1770877045740663,2700.0,2800.0,1.1538461538461535,-0.0066333697518339,-4.371163880191337e-05,1.7220099870401528e-05
1996-12-12,2415.0,2415.0,2400.0,2400.0,7000.0,2400.0,2383.0,2382.5,2548.8,2706.133333333333,2959.175,False,False,False,False,False,False,False,False,False,False,False,-0.15625,-0.1666666666666666,,,-0.062,-0.1275555555555555,-0.1875,-0.2395833333333333,-0.0025374458021285,-0.1863588667366212,2750.0,2850.0,0.1555555555555555,-0.0054927809165097,0.0011405888353242,0.0001655889687277
1996-12-13,2400.0,2400.0,2365.0,2385.0,19000.0,2385.0,2391.0,2380.5,2533.0,2699.2,2958.3,False,False,False,False,False,False,False,False,False,True,False,-0.1194968553459119,-0.1719077568134172,,,-0.0620545073375262,-0.1317400419287211,-0.1823899371069182,-0.2767295597484276,-0.0025686623196996,-0.2003780718336484,2875.0,2800.0,2.7142857142857144,-0.0062376628503751,-0.0007448819338653,-3.121651757114364e-05
1996-12-16,2345.0,2345.0,2250.0,2250.0,16000.0,2250.0,2367.0,2363.0,2513.8,2690.6666666666665,2956.675,False,False,False,False,False,False,False,False,False,True,False,-0.1,-0.0555555555555555,,,-0.1172444444444445,-0.1958518518518517,-0.1511111111111111,-0.2555555555555555,-0.0031714568880079,-0.2079983072365636,2920.0,2800.0,0.8421052631578947,-0.0076378391280132,-0.0014001762776381,-0.0006027945683082
1996-12-17,2300.0,2300.0,2275.0,2275.0,10000.0,2275.0,2342.0,2350.5,2495.6,2683.266666666667,2955.175,False,False,False,False,False,False,False,False,False,False,False,-0.1010989010989011,-0.0681318681318681,,,-0.0969670329670329,-0.1794578754578755,-0.1582417582417582,-0.2747252747252747,-0.0027578324927326,-0.2184641565624335,2730.0,2825.0,0.625,-0.007292835390287,0.0003450037377262,0.0004136243952753
1996-12-18,2275.0,2275.0,2200.0,2200.0,17000.0,2200.0,2302.0,2337.5,2475.6,2675.9333333333334,2953.25,False,False,False,False,False,False,False,False,False,True,False,-0.0795454545454545,-0.1022727272727272,,,-0.1252727272727272,-0.2163333333333333,-0.1136363636363636,-0.25,-0.0027404768429707,-0.2288770053475936,2750.0,2775.0,1.7,-0.0080788495718209,-0.0007860141815339,1.7355649761869457e-05
1996-12-19,2200.0,2200.0,2000.0,2025.0,17000.0,2025.0,2227.0,2305.0,2448.6,2668.9333333333334,2950.375,False,False,False,False,False,False,False,False,False,True,False,-0.0123456790123456,-0.0246913580246913,,,-0.2091851851851851,-0.3179917695473251,-0.0617283950617283,-0.074074074074074,-0.0026227706449517,-0.2223427331887201,2750.0,2750.0,1.0,-0.0110267091399166,-0.0029478595680957,0.0001177061980189
1996-12-20,2100.0,2100.0,2075.0,2100.0,19000.0,2100.0,2170.0,2280.5,2421.6,2660.6,2947.625,False,False,False,False,False,False,False,False,False,True,False,-0.0595238095238095,-0.119047619047619,,,-0.1531428571428571,-0.2669523809523809,-0.0714285714285714,-0.1666666666666666,-0.0031321255857075,-0.2216619162464372,2740.0,2710.0,1.1176470588235294,-0.0111496531219028,-0.0001229439819861,-0.0005093549407557
1996-12-24,2075.0,2100.0,2025.0,2025.0,27000.0,2025.0,2125.0,2246.0,2394.6,2650.866666666667,2944.825,False,False,False,False,False,False,False,False,False,True,False,0.0493827160493827,-0.0617283950617283,,,-0.1825185185185184,-0.3090699588477367,-0.0345679012345679,-0.0617283950617283,-0.0036717551492592,-0.2108192341941228,2725.0,2800.0,1.4210526315789471,-0.0112753695815585,-0.0001257164596556,-0.0005396295635517
1996-12-25,2030.0,2050.0,2030.0,2045.0,6000.0,2045.0,2079.0,2210.5,2368.8,2641.0666666666666,2942.275,False,False,False,False,False,False,False,False,False,False,False,0.0366748166259168,-0.0929095354523227,,,-0.1583374083129585,-0.2914751426242868,-0.0635696821515892,-0.0806845965770171,-0.0037106219709209,-0.1967880570006785,2705.0,2705.0,0.2222222222222222,-0.0108915906788246,0.0003837789027339,-3.886682166162744e-05
1996-12-26,2095.0,2095.0,2000.0,2025.0,27000.0,2025.0,2044.0,2173.0,2342.0,2627.133333333333,2939.775,False,False,False,False,False,False,False,False,False,True,False,-0.0246913580246913,-0.037037037037037,,,-0.1565432098765432,-0.2973497942386831,-0.0617283950617283,-0.0148148148148148,-0.005303626259294,-0.175103543488265,2705.0,2700.0,4.5,-0.0114432109308284,-0.0005516202520038,-0.0015930042883731
1996-12-27,2030.0,2030.0,2000.0,2000.0,42000.0,2000.0,2039.0,2133.0,2317.0,2614.4666666666667,2937.275,False,False,False,False,False,False,False,False,False,False,False,-0.0125,-0.0025,,,-0.1585,-0.3072333333333333,-0.05,-0.0375,-0.004844837697937,-0.1549460853258321,2725.0,2745.0,1.5555555555555556,-0.010789814415192,0.0006533965156363,0.0004587885613569
1996-12-30,2050.0,2050.0,1975.0,1975.0,11000.0,1975.0,2014.0,2092.0,2292.8,2602.133333333333,2934.6,False,False,False,False,False,False,False,False,False,False,False,-0.0632911392405063,-0.0329113924050632,,,-0.1609113924050633,-0.3175358649789029,-0.0379746835443038,0.0025316455696202,-0.0047397007583521,-0.1261950286806883,2995.0,2710.0,0.2619047619047619,-0.0105547801814374,0.0002350342337545,0.0001051369395848
1997-01-06,2100.0,2125.0,2100.0,2125.0,6000.0,2125.0,2034.0,2079.5,2274.2,2591.8,2932.725,False,False,False,False,False,False,False,False,False,False,False,-0.1058823529411764,-0.0823529411764705,,,-0.0702117647058822,-0.2196705882352942,-0.0941176470588235,-0.0823529411764705,-0.0039869331481337,-0.1077182014907429,2925.0,2710.0,0.5454545454545454,-0.008178700202269,0.0023760799791683,0.0007527676102184
1997-01-07,2120.0,2120.0,2120.0,2120.0,1000.0,2120.0,2049.0,2064.0,2253.0,2582.733333333333,2930.8,False,False,False,False,False,False,False,False,False,True,False,-0.125,-0.0825471698113207,,,-0.0627358490566037,-0.2182704402515722,-0.0825471698113207,-0.1037735849056603,-0.0035104927596088,-0.0889050387596899,2825.0,2750.0,0.1666666666666666,-0.009409675987572,-0.0012309757853029,0.0004764403885249
1997-01-08,1995.0,2000.0,1975.0,1975.0,9000.0,1975.0,2039.0,2041.5,2230.2,2571.733333333333,2928.15,False,False,False,False,False,False,False,False,False,True,False,-0.0126582278481012,-0.0329113924050632,,,-0.1292151898734176,-0.3021434599156117,0.0126582278481012,-0.050632911392405,-0.0042772708419742,-0.067842272838599,2825.0,2750.0,9.0,-0.0102232983588916,-0.0008136223713196,-0.0007667780823654
1997-01-09,2000.0,2000.0,1975.0,1975.0,25000.0,1975.0,2034.0,2036.5,2213.0,2560.0666666666666,2925.45,False,False,False,False,False,False,False,False,False,False,False,0.010126582278481,-0.0126582278481012,,,-0.120506329113924,-0.2962362869198311,0.0126582278481012,-0.020253164556962,-0.0045571729902866,-0.0626074146820525,2750.0,2750.0,2.7777777777777777,-0.0077722548576592,0.0024510435012324,-0.0002799021483123
1997-01-10,1975.0,1975.0,1850.0,1850.0,48000.0,1850.0,2009.0,2011.5,2190.8,2547.4,2922.175,False,False,False,False,False,False,False,False,False,True,False,0.0324324324324324,0.054054054054054,,,-0.1842162162162163,-0.376972972972973,0.0675675675675675,0.027027027027027,-0.0049723901494333,-0.0434998757146408,2780.0,2730.0,1.92,-0.0101332846448784,-0.0023610297872192,-0.0004152171591466
1997-01-13,1905.0,1905.0,1810.0,1900.0,60000.0,1900.0,1964.0,1999.0,2169.8,2535.4,2918.875,False,False,False,False,False,False,False,False,False,False,False,0.0263157894736842,0.0052631578947368,,,-0.1420000000000001,-0.334421052631579,0.0368421052631578,0.0526315789473684,-0.004732980989193,-0.0325162581290645,2730.0,2685.0,1.25,-0.0096783113651027,0.0004549732797757,0.0002394091602403
1997-01-14,1915.0,1925.0,1850.0,1855.0,51000.0,1855.0,1911.0,1980.0,2148.0,2522.4666666666667,2915.35,False,False,False,False,False,False,False,False,False,True,False,0.0485175202156334,0.0323450134770889,,,-0.1579514824797843,-0.3598203054806828,0.0539083557951482,0.0781671159029649,-0.0051272563892486,-0.0171717171717171,2730.0,2695.0,0.85,-0.0101489757914339,-0.0004706644263312,-0.0003942754000556
1997-01-16,1905.0,2000.0,1900.0,1950.0,48000.0,1950.0,1906.0,1972.5,2132.8,2511.4666666666667,2912.1,False,False,False,False,False,False,False,False,False,False,False,-0.0205128205128205,0.0,,,-0.0937435897435898,-0.2879316239316239,0.0025641025641025,0.0025641025641025,-0.0043799108090889,-0.0154626108998732,2700.0,2700.0,0.9411764705882352,-0.0071267816954237,0.0030221940960102,0.0007473455801596
1997-01-17,1950.0,2020.0,1925.0,1995.0,80000.0,1995.0,1910.0,1972.0,2118.6,2501.4,2909.075,False,False,False,False,False,False,False,False,False,False,False,-0.0225563909774436,-0.0476190476190476,,,-0.061954887218045,-0.2538345864661654,0.0025062656641604,-0.037593984962406,-0.0040244129953892,-0.0154665314401622,2700.0,2750.0,1.6666666666666667,-0.0067025394128199,0.0004242422826038,0.0003554978136997
1997-01-20,2000.0,2000.0,1900.0,1910.0,18000.0,1910.0,1922.0,1965.5,2101.2,2490.733333333333,2905.45,False,False,False,False,False,False,False,False,False,True,False,0.0209424083769633,0.0209424083769633,,,-0.1001047120418847,-0.3040488656195461,0.0471204188481675,-0.0261780104712041,-0.0042825406172212,-0.0183159501399135,2775.0,2875.0,0.225,-0.0082809822958309,-0.001578442883011,-0.000258127621832
1997-01-22,1920.0,1950.0,1920.0,1950.0,75000.0,1950.0,1932.0,1948.0,2084.4,2479.4,2902.0,False,False,False,False,False,False,False,False,False,False,False,-0.0205128205128205,0.0025641025641025,,,-0.0689230769230769,-0.2714871794871795,0.0282051282051282,0.0,-0.0045709983598181,-0.0094969199178644,2700.0,2920.0,4.166666666666667,-0.0080598733448473,0.0002211089509836,-0.0002884577425968
1997-01-23,1950.0,1990.0,1940.0,1945.0,13000.0,1945.0,1950.0,1930.5,2066.2,2469.266666666667,2898.475,False,False,False,False,False,False,False,False,False,True,False,-0.0154241645244215,-0.0154241645244215,,,-0.0623136246786631,-0.2695458440445588,0.0539845758354755,0.0025706940874035,-0.0041037824995274,0.002072002072002,2690.0,2730.0,0.1733333333333333,-0.008808440615623,-0.0007485672707757,0.0004672158602906
1997-01-24,1945.0,1970.0,1910.0,1910.0,30000.0,1910.0,1942.0,1924.0,2046.6,2458.733333333333,2893.925,False,False,False,False,False,False,False,False,False,True,False,0.0209424083769633,-0.0052356020942408,,,-0.0715183246073297,-0.2872949389179755,0.0287958115183246,-0.0026178010471204,-0.0042840486971613,0.007016632016632,2695.0,2750.0,2.3076923076923075,-0.0095768591810807,-0.0007684185654577,-0.0001802661976338
1997-01-27,1950.0,1950.0,1950.0,1950.0,3000.0,1950.0,1933.0,1921.5,2028.6,2448.133333333333,2890.05,False,False,False,False,False,False,False,False,False,False,False,-0.0256410256410256,-0.0256410256410256,,,-0.0403076923076922,-0.2554529914529914,0.0128205128205128,0.0128205128205128,-0.0043298295299819,0.0104085349986989,2625.0,2750.0,0.1,-0.0088731144631765,0.0007037447179041,-4.578083282067748e-05
1997-01-28,1905.0,1950.0,1905.0,1950.0,4000.0,1950.0,1941.0,1931.5,2011.2,2438.0,2886.15,False,False,False,False,False,False,False,False,False,False,True,0.0,-0.0256410256410256,,,-0.0313846153846154,-0.2502564102564102,0.0051282051282051,0.0692307692307692,-0.0041564123598577,0.0147553714729484,2580.0,2740.0,1.3333333333333333,-0.008651551312649,0.0002215631505274,0.0001734171701242
1997-01-29,1905.0,1910.0,1900.0,1910.0,13000.0,1910.0,1933.0,1932.5,1997.6,2427.333333333333,2881.65,False,False,False,False,False,False,False,False,False,False,False,0.0235602094240837,0.0078534031413612,,,-0.0458638743455496,-0.2708551483420592,0.0261780104712041,0.1073298429319371,-0.0043943971436419,0.0201811125485122,2590.0,2725.0,3.25,-0.0068081698037645,0.0018433815088845,-0.0002379847837842
1997-01-30,1915.0,1930.0,1915.0,1915.0,11000.0,1915.0,1927.0,1938.5,1983.2,2416.2,2876.7,False,False,False,False,False,False,False,False,False,True,True,0.0,0.0156657963446475,,,-0.0356135770234987,-0.2617232375979111,0.0365535248041775,0.0600522193211488,-0.0046077863311535,0.0185710600980139,2650.0,2705.0,0.8461538461538461,-0.0072609923356191,-0.0004528225318545,-0.0002133891875115
1997-01-31,1915.0,1950.0,1900.0,1950.0,22000.0,1950.0,1935.0,1938.5,1973.2,2405.5333333333333,2872.2,False,False,False,False,False,False,False,False,False,False,False,-0.0256410256410256,0.0256410256410256,,,-0.0118974358974359,-0.2336068376068376,0.0641025641025641,0.0358974358974358,-0.0044342211013496,0.0219241681712664,2545.0,2705.0,2.0,-0.0050679099939185,0.0021930823417006,0.0001735652298039
1997-02-03,1910.0,1910.0,1900.0,1900.0,10000.0,1900.0,1925.0,1929.0,1968.2,2394.2,2867.425,False,False,False,False,False,False,False,False,False,False,False,0.0,0.0526315789473684,,,-0.0358947368421052,-0.2601052631578946,0.1789473684210526,0.0921052631578947,-0.0047336619051597,0.0349922239502332,2405.0,2725.0,0.4545454545454545,-0.0025403922365613,0.0025275177573571,-0.0002994408038101
1997-02-04,1915.0,2000.0,1915.0,1950.0,8000.0,1950.0,1925.0,1933.0,1962.2,2383.8,2863.0,False,False,False,False,False,False,False,False,False,True,True,-0.0256410256410256,0.0128205128205128,,,-0.0062564102564102,-0.2224615384615385,0.1,0.0564102564102564,-0.0043627821125931,0.0431971029487842,2405.0,2995.0,0.8,-0.0030577922739781,-0.0005174000374168,0.0003708797925665
1997-02-05,1955.0,1955.0,1955.0,1955.0,5000.0,1955.0,1934.0,1933.5,1959.4,2374.0666666666666,2858.05,False,False,False,False,False,False,False,False,False,False,False,-0.0153452685421994,0.0076726342710997,,,-0.0022506393861893,-0.2143563512361466,0.0613810741687979,0.0255754475703324,-0.0040998567858247,0.0457719162141194,2425.0,2925.0,0.625,-0.0014290088802694,0.0016287833937087,0.0002629253267684
1997-02-06,1925.0,1925.0,1910.0,1915.0,14000.0,1915.0,1934.0,1930.5,1954.2,2363.6666666666665,2852.8,False,False,False,False,False,False,False,False,False,True,False,0.0156657963446475,0.02088772845953,,,-0.0204699738903394,-0.234290687554395,0.0443864229765013,0.0469973890339425,-0.0043999435904668,0.0502460502460502,2400.0,2825.0,2.8,-0.0026609354211442,-0.0012319265408747,-0.0003000868046421
1997-02-07,1905.0,1915.0,1900.0,1900.0,19000.0,1900.0,1924.0,1929.5,1949.2,2353.0,2847.675,False,False,False,False,False,False,False,False,False,False,False,0.0526315789473684,0.0289473684210526,,,-0.0258947368421052,-0.2384210526315789,0.05,0.0394736842105263,-0.0045332200028331,0.0544182430681523,2330.0,2825.0,1.3571428571428572,-0.002565154935358,9.57804857861298e-05,-0.0001332764123663
1997-02-10,1915.0,1915.0,1900.0,1900.0,13000.0,1900.0,1924.0,1924.5,1945.2,2341.6666666666665,2842.525,False,False,False,False,False,False,False,False,False,False,False,0.0526315789473684,0.0526315789473684,,,-0.0237894736842105,-0.2324561403508771,0.1289473684210526,0.0263157894736842,-0.0048398576512456,0.0558586645882047,2350.0,2750.0,0.6842105263157895,-0.0020563438206868,0.0005088111146712,-0.0003066376484124
1997-02-12,1925.0,1925.0,1900.0,1900.0,7000.0,1900.0,1914.0,1919.5,1942.2,2328.6666666666665,2837.425,False,False,False,False,False,False,False,False,False,False,False,0.0394736842105263,0.0526315789473684,,,-0.0222105263157894,-0.2256140350877192,0.1052631578947368,0.0447368421052631,-0.0055825937589464,0.0533993227402969,2345.0,2780.0,0.5384615384615384,-0.0015446400988569,0.0005117037218298,-0.0007427361077008
1997-02-13,1905.0,1925.0,1900.0,1925.0,25000.0,1925.0,1908.0,1921.0,1934.2,2315.4,2832.025,False,False,False,False,False,False,False,False,False,True,False,0.0233766233766233,0.0415584415584415,,,-0.0047792207792208,-0.2028051948051948,0.0909090909090909,0.0181818181818181,-0.0057297515188159,0.0445080687142113,2370.0,2730.0,3.571428571428572,-0.0041360769310309,-0.0025914368321739,-0.0001471577598694
1997-02-14,1925.0,1945.0,1925.0,1945.0,5000.0,1945.0,1914.0,1924.0,1927.2,2304.9333333333334,2825.625,False,False,False,False,True,False,False,False,False,False,False,0.0051413881748071,0.0539845758354755,,,0.0091516709511567,-0.1850556983718937,0.0565552699228791,0.0154241645244215,-0.0045409845548678,0.04002079002079,2400.0,2730.0,0.2,-0.0036322125363221,0.0005038643947087,0.0011887669639481
1997-02-17,1995.0,2000.0,1995.0,2000.0,12000.0,2000.0,1934.0,1929.0,1928.2,2294.9333333333334,2819.825,False,False,False,False,False,False,True,False,False,False,False,-0.0225,-0.0175,,,0.0358999999999999,-0.1474666666666667,0.025,-0.005,-0.0043574250522891,0.0357698289269051,2400.0,2700.0,2.4,0.0005186184005808,0.0041508309369029,0.0001835595025787
1997-02-18,2005.0,2030.0,2000.0,2000.0,35000.0,2000.0,1954.0,1939.0,1929.2,2284.9333333333334,2814.575,False,False,False,False,False,False,True,False,False,True,False,0.0,-0.0125,,,0.0353999999999999,-0.1424666666666666,0.025,-0.0125,-0.0043764953025617,0.0252707581227436,2400.0,2700.0,2.9166666666666665,0.0005183495749533,-2.6882562750407245e-07,-1.9070250272607697e-05
1997-02-19,1975.0,1975.0,1955.0,1975.0,6000.0,1975.0,1969.0,1941.5,1934.2,2274.733333333333,2809.275,False,False,False,False,False,False,True,False,True,False,False,0.0126582278481012,-0.0075949367088607,,,0.0206582278481012,-0.1517637130801686,0.050632911392405,-0.0025316455696202,-0.0044840420855193,0.0193149626577388,2385.0,2775.0,0.1714285714285714,0.0025850480818943,0.0020666985069409,-0.0001075467829575
1997-02-20,1930.0,1970.0,1930.0,1970.0,6000.0,1970.0,1978.0,1943.0,1937.0,2264.6666666666665,2803.75,False,False,False,False,False,False,True,False,False,True,False,0.0177664974619289,-0.0050761421319796,,,0.0167512690355329,-0.1495769881556682,0.0126903553299492,-0.0025380710659898,-0.0044450986164262,0.0164693772516726,2250.0,2700.0,1.0,0.0014455343314403,-0.0011395137504539,3.894346909307043e-05
1997-02-21,1975.0,1975.0,1955.0,1955.0,6000.0,1955.0,1980.0,1947.0,1941.0,2254.6666666666665,2798.325,False,False,False,False,False,False,True,False,False,False,True,0.0485933503836317,0.0153452685421994,,,0.007161125319693,-0.1532821824381925,0.0204603580562659,0.0613810741687979,-0.004435245416913,0.0179763739085772,2275.0,2690.0,1.0,0.0020607934054611,0.0006152590740207,9.853199513162708e-06
1997-02-24,1975.0,1975.0,1955.0,1955.0,21000.0,1955.0,1971.0,1952.5,1941.2,2244.6666666666665,2792.95,False,False,False,False,False,False,True,False,False,True,False,0.0051150895140664,0.0613810741687979,,,0.0070588235294117,-0.148167092924126,0.0204603580562659,0.0562659846547314,-0.0044550044550044,0.0197183098591549,2200.0,2695.0,3.5,0.0001030290541933,-0.0019577643512677,-1.9759038091386218e-05
1997-02-25,2000.0,2000.0,1975.0,2000.0,7000.0,2000.0,1971.0,1962.5,1941.4,2235.0,2787.975,False,False,False,False,False,False,True,False,False,True,False,-0.0125,0.12,,,0.0292999999999999,-0.1175,-0.0125,0.025,-0.004325130499627,0.0196178343949044,2025.0,2625.0,0.3333333333333333,0.0001030184403008,-1.0613892468673862e-08,0.0001298739553773
1997-02-26,1975.0,2025.0,1970.0,2000.0,12000.0,2000.0,1976.0,1972.5,1945.0,2221.733333333333,2783.0,False,False,False,False,False,False,True,False,True,False,False,-0.02,0.0725,,,0.0275,-0.1108666666666665,-0.0375,0.025,-0.0059713136890116,0.017743979721166,2100.0,2580.0,1.7142857142857142,0.0018508997429305,0.0017478813026297,-0.0016461831893846
1997-02-27,2075.0,2075.0,2005.0,2005.0,13000.0,2005.0,1983.0,1980.5,1947.2,2209.4666666666667,2777.9,False,False,False,False,False,False,True,False,False,True,False,-0.0224438902743142,0.0349127182044887,,,0.0288279301745635,-0.101978387364921,-0.0399002493765586,0.0423940149625935,-0.0055518677207168,0.0201969199697046,2025.0,2590.0,1.0833333333333333,0.0011298274445357,-0.0007210722983947,0.0004194459682948
1997-02-28,2055.0,2055.0,2010.0,2050.0,10000.0,2050.0,2002.0,1991.0,1951.4,2199.133333333333,2773.15,False,False,False,False,False,False,True,False,False,False,False,-0.0317073170731707,-0.024390243902439,,,0.0480975609756097,-0.0727479674796747,-0.0975609756097561,0.073170731707317,-0.0046988207475672,0.0261175288799598,2045.0,2650.0,0.7692307692307693,0.0021523009121656,0.0010224734676298,0.0008530469731495
1997-03-03,1960.0,1965.0,1960.0,1965.0,12000.0,1965.0,2004.0,1987.5,1953.6,2187.6666666666665,2767.025,False,False,False,False,False,False,True,False,False,True,False,0.0559796437659033,0.015267175572519,,,0.0058015267175572,-0.1133163698049193,-0.0712468193384223,0.1170483460559796,-0.0052415054091117,0.0382389937106918,2025.0,2545.0,1.2,0.001126126126126,-0.0010261747860396,-0.0005426846615444
1997-03-04,1970.0,1975.0,1970.0,1975.0,5000.0,1975.0,1999.0,1985.0,1954.6,2177.333333333333,2760.125,False,False,False,False,False,False,True,False,False,True,False,0.1341772151898734,0.0860759493670886,,,0.0103291139240506,-0.1024472573839661,-0.0759493670886076,0.1316455696202531,-0.0047458665033681,0.0526448362720403,2000.0,2405.0,0.4166666666666667,0.000511613629387,-0.0006145124967389,0.0004956389057435
1997-03-05,1975.0,1975.0,1960.0,1960.0,15000.0,1960.0,1991.0,1983.5,1955.0,2166.4,2752.8,False,False,False,False,False,False,True,False,False,True,False,0.0943877551020408,0.0714285714285714,,,0.0025510204081632,-0.1053061224489796,-0.1198979591836734,0.1071428571428571,-0.0050467749876906,0.0635240736072599,1975.0,2405.0,3.0,0.0002046035805627,-0.0003070100488243,-0.0003009084843225
1997-03-06,1960.0,1960.0,1960.0,1960.0,24000.0,1960.0,1982.0,1982.5,1957.0,2156.133333333333,2745.325,False,False,False,False,False,False,True,False,True,False,False,0.0586734693877551,0.0714285714285714,,,0.0015306122448979,-0.1000680272108842,-0.1454081632653061,0.0816326530612244,-0.0047616102900254,0.0718789407313997,2125.0,2425.0,1.6,0.001021972406745,0.0008173688261823,0.0002851646976651
1997-03-07,1985.0,1985.0,1985.0,1985.0,1000.0,1985.0,1969.0,1985.5,1959.8,2146.2,2737.925,False,False,False,False,False,False,True,False,False,False,False,0.0075566750629722,0.035264483627204,,,0.0126952141057934,-0.0812090680100754,-0.1687657430730478,0.0957178841309823,-0.0046283353524058,0.0752958952404935,2120.0,2400.0,0.0416666666666666,0.0014287172160424,0.0004067448092974,0.0001332749376196
1997-03-10,1965.0,2075.0,1965.0,2075.0,42000.0,2075.0,1991.0,1997.5,1964.8,2137.866666666667,2730.875,False,False,False,False,False,False,True,False,False,False,False,-0.0385542168674698,-0.0120481927710843,,,0.0531084337349397,-0.0302971887550201,-0.2048192771084337,0.0963855421686747,-0.0038979668205062,0.0793491864831038,1975.0,2330.0,42.0,0.0025447882736156,0.0011160710575732,0.0007303685318995
1997-03-11,2075.0,2240.0,2075.0,2240.0,76000.0,2240.0,2044.0,2021.5,1978.4,2131.733333333333,2723.95,False,False,False,False,False,False,True,False,False,False,False,-0.0424107142857142,-0.0848214285714285,,,0.1167857142857142,0.0483333333333334,-0.1629464285714285,0.0089285714285714,-0.0028771578684014,0.0769230769230769,1975.0,2350.0,1.809523809523809,0.0068742418115649,0.0043294535379493,0.0010208089521048
1997-03-12,2195.0,2195.0,2125.0,2145.0,49000.0,2145.0,2081.0,2036.0,1986.2,2123.333333333333,2716.675,False,False,False,False,False,False,True,False,False,True,False,-0.0209790209790209,-0.0326340326340326,,,0.074032634032634,0.0101010101010102,-0.1841491841491841,0.0536130536130536,-0.0039560439560439,0.0795677799607072,1850.0,2345.0,0.6447368421052632,0.0039270969690866,-0.0029471448424782,-0.0010788860876425
1997-03-13,2075.0,2075.0,2075.0,2075.0,4000.0,2075.0,2104.0,2043.0,1991.0,2115.0,2709.175,False,False,False,False,False,False,True,False,False,True,False,0.0120481927710843,-0.0385542168674698,,,0.0404819277108433,-0.0192771084337349,-0.0843373493975903,0.0481927710843373,-0.0039401103230889,0.080029368575624,1900.0,2370.0,0.0816326530612244,0.0024108488196885,-0.001516248149398,1.5933632955096415e-05
1997-03-14,2045.0,2045.0,2000.0,2000.0,12000.0,2000.0,2107.0,2038.0,1994.4,2105.8,2701.175,False,False,False,False,False,False,True,False,False,True,False,0.0275,-0.0025,,,0.0027999999999999,-0.0529,-0.06,0.0775,-0.0043688859340867,0.0804710500490677,1855.0,2400.0,3.0,0.0017047733654232,-0.0007060754542653,-0.0004287756109978
1997-03-17,2025.0,2050.0,1995.0,1995.0,11000.0,1995.0,2091.0,2041.0,1998.2,2096.4666666666667,2692.9,False,False,False,False,False,False,True,False,False,False,False,0.0275689223057644,0.0,,,-0.0016040100250626,-0.050860484544695,0.0,0.0902255639097744,-0.004451935001749,0.0779029887310142,1950.0,2400.0,0.9166666666666666,0.0019017115403863,0.000196938174963,-8.304906766232537e-05
1997-03-18,2020.0,2145.0,2020.0,2145.0,20000.0,2145.0,2072.0,2058.0,2008.0,2090.0666666666666,2685.375,False,False,False,False,False,False,True,False,False,False,False,-0.0442890442890442,-0.0792540792540792,,,0.0638694638694638,0.0256099456099456,-0.1025641025641025,0.0139860139860139,-0.0030621032821919,0.0660835762876579,1995.0,2400.0,1.818181818181818,0.0048804780876493,0.002978766547263,0.001389831719557
1997-03-19,2140.0,2140.0,2100.0,2100.0,4000.0,2100.0,2063.0,2072.0,2016.0,2083.6666666666665,2678.0,False,False,False,False,False,False,True,False,False,True,False,-0.0119047619047619,-0.0833333333333333,,,0.04,0.0077777777777778,-0.0571428571428571,-0.0119047619047619,-0.0030715085586306,0.0542953667953668,1910.0,2385.0,0.2,0.0039682539682539,-0.0009122241193954,-9.405276438663715e-06
1997-03-21,2055.0,2100.0,2055.0,2100.0,4000.0,2100.0,2068.0,2086.0,2023.0,2077.133333333333,2670.625,False,False,False,False,False,False,True,False,False,True,False,-0.05,-0.0833333333333333,,,0.0366666666666666,0.0108888888888889,-0.0714285714285714,-0.0309523809523809,-0.0031453605931251,0.0431447746883988,1950.0,2250.0,1.0,0.0034602076124567,-0.0005080463557972,-7.385203449446296e-05
1997-03-24,2100.0,2100.0,2040.0,2055.0,8000.0,2055.0,2079.0,2093.0,2027.4,2069.2,2662.725,False,False,False,False,False,False,True,False,False,True,False,-0.0291970802919708,-0.0997566909975669,,,0.0134306569343065,-0.0069099756690996,-0.0754257907542579,-0.0267639902676399,-0.0038340099233198,0.0312947921643573,1945.0,2275.0,2.0,0.0021702673374766,-0.0012899402749801,-0.0006886493301947
1997-03-25,2050.0,2050.0,2025.0,2050.0,9000.0,2050.0,2090.0,2090.5,2029.4,2062.6,2654.6,False,False,False,False,False,False,True,False,False,True,False,-0.0268292682926829,-0.1097560975609756,,,0.0100487804878048,-0.0061463414634145,-0.0853658536585365,-0.024390243902439,-0.0031998448560069,0.0193733556565414,1910.0,2200.0,1.125,0.0009855129594954,-0.0011847543779811,0.0006341650673128
1997-03-26,2050.0,2075.0,2050.0,2050.0,5000.0,2050.0,2071.0,2071.5,2031.4,2057.866666666667,2646.7,False,False,False,False,False,False,True,False,False,True,False,-0.0365853658536585,-0.1097560975609756,,,0.0090731707317072,-0.0038373983739837,-0.0560975609756097,-0.0170731707317073,-0.0023001166256316,0.0168959691045136,1950.0,2025.0,0.5555555555555556,0.0009845426799251,-9.702795702427013e-07,0.0008997282303753
1997-03-27,2045.0,2075.0,2025.0,2075.0,5000.0,2075.0,2066.0,2064.5,2035.4,2053.4666666666667,2640.525,False,False,False,False,False,False,True,False,True,False,False,-0.072289156626506,-0.1686746987951807,,,0.0190843373493975,0.0103775100401606,-0.0843373493975903,-0.0265060240963855,-0.0021427180053243,0.0087188181157665,1950.0,2100.0,1.0,0.0019652156824211,0.0009806730024959,0.0001573986203072
1997-03-28,2000.0,2000.0,1995.0,1995.0,10000.0,1995.0,2045.0,2056.5,2036.4,2047.733333333333,2633.875,False,False,False,False,False,False,True,False,False,True,False,-0.0350877192982456,-0.1604010025062656,,,-0.0207518796992481,-0.0264327485380115,0.0025062656641604,0.0100250626566416,-0.0027998437296524,0.0048626306831996,1910.0,2025.0,2.0,0.0004910626595953,-0.0014741530228257,-0.000657125724328
1997-03-31,2020.0,2020.0,1995.0,1995.0,7000.0,1995.0,2033.0,2056.0,2038.0,2042.3333333333333,2625.975,False,False,False,False,False,False,True,False,False,False,False,-0.0726817042606516,-0.1729323308270676,,,-0.0215538847117794,-0.0237259816207184,0.0025062656641604,0.0025062656641604,-0.0026440346009465,-0.0024319066147859,1915.0,2045.0,0.7,0.0007850834151128,0.0002940207555174,0.0001558091287058
1997-04-01,1995.0,1995.0,1995.0,1995.0,13000.0,1995.0,2022.0,2056.0,2039.6,2037.8666666666663,2619.3,False,True,False,False,False,False,True,False,False,True,False,-0.0852130325814536,-0.1729323308270676,,,-0.0223558897243107,-0.021487050960735,-0.0200501253132832,0.0,-0.0021918345982728,-0.0111867704280155,1950.0,2025.0,1.8571428571428568,0.0007844675426553,-6.158724574330471e-07,0.0004522000026737
1997-04-02,1995.0,2000.0,1975.0,1975.0,24000.0,1975.0,2007.0,2039.0,2038.6,2032.8666666666663,2612.8,False,False,False,False,False,False,False,False,False,True,False,-0.0759493670886076,-0.050632911392405,,,-0.0322025316455695,-0.0292995780590715,-0.0278481012658227,-0.0075949367088607,-0.0024595808874167,-0.0134870034330554,1900.0,2000.0,1.8461538461538465,-0.0004905327185323,-0.0012750002611877,-0.0002677462891439
1997-04-03,1950.0,1950.0,1925.0,1925.0,19000.0,1925.0,1977.0,2021.5,2035.6,2027.2666666666669,2606.25,False,False,False,False,False,False,False,False,False,True,False,-0.1038961038961039,-0.0909090909090909,,,-0.0574545454545454,-0.0531255411255412,-0.0337662337662337,0.0207792207792207,-0.0027623400966816,-0.0103883255008656,1950.0,1975.0,0.7916666666666666,-0.0014737669483199,-0.0009832342297875,-0.0003027592092648
1997-04-04,1950.0,1950.0,1925.0,1925.0,8000.0,1925.0,1963.0,2004.0,2032.4,2021.3333333333333,2599.625,False,False,False,False,False,False,False,False,False,True,False,-0.1298701298701298,-0.0129870129870129,,,-0.0557922077922078,-0.05004329004329,0.0129870129870129,0.0077922077922077,-0.0029353562005278,-0.0064870259481037,1955.0,2125.0,0.4210526315789473,-0.0015744932099979,-0.000100726261678,-0.0001730161038462
1997-04-07,1925.0,1925.0,1850.0,1850.0,24000.0,1850.0,1934.0,1983.5,2024.4,2014.0,2592.475,False,False,False,False,False,False,False,False,False,True,False,-0.1081081081081081,0.0162162162162162,,,-0.0942702702702703,-0.0886486486486486,0.054054054054054,0.0405405405405405,-0.0036411784177424,0.0,1915.0,2120.0,3.0,-0.0039517881841533,-0.0023772949741553,-0.0007058222172145
1997-04-08,1825.0,1825.0,1800.0,1825.0,13000.0,1825.0,1900.0,1961.0,2018.8,2006.3333333333333,2585.625,False,False,False,False,False,False,False,False,False,False,False,-0.0958904109589041,0.0931506849315068,,,-0.1061917808219177,-0.0993607305936072,0.0438356164383561,0.0465753424657534,-0.0038212327629174,0.0068842427332993,1900.0,1975.0,0.5416666666666666,-0.0027739251040222,0.001177863080131,-0.000180054345175
1997-04-09,1825.0,1825.0,1825.0,1825.0,17000.0,1825.0,1870.0,1938.5,2012.8,1998.6666666666667,2578.675,False,False,False,False,False,False,False,False,False,True,False,0.0273972602739726,0.0547945205479452,,,-0.102904109589041,-0.0951598173515982,0.0821917808219178,0.0465753424657534,-0.003835890593729,0.0131545009027598,1900.0,1975.0,1.3076923076923077,-0.0029809220985691,-0.0002069969945468,-1.4657830811610864e-05
1997-04-10,1825.0,1825.0,1725.0,1725.0,18000.0,1725.0,1830.0,1903.5,2003.4,1989.8666666666663,2571.225,False,False,False,False,False,False,False,False,False,True,False,0.0144927536231884,0.1478260869565217,,,-0.1613913043478261,-0.1535458937198065,0.208695652173913,0.1014492753623188,-0.0044224068614314,0.0254793800893091,1900.0,1850.0,1.0588235294117647,-0.004692023559948,-0.0017111014613788,-0.0005865162677023
1997-04-11,1720.0,1720.0,1650.0,1675.0,14000.0,1675.0,1780.0,1871.5,1992.0,1982.2,2563.525,False,False,False,False,False,False,False,False,False,True,False,0.1343283582089552,0.1641791044776119,,,-0.1892537313432835,-0.1834029850746269,0.2626865671641791,0.1283582089552238,-0.0038677563649814,0.0363344910499599,1925.0,1900.0,0.7777777777777778,-0.0057228915662651,-0.001030868006317,0.0005546504964499
1997-04-14,1650.0,1650.0,1650.0,1650.0,7000.0,1650.0,1740.0,1837.0,1978.6,1973.8666666666663,2555.15,False,False,False,False,False,False,False,False,False,True,False,0.1393939393939394,0.1515151515151515,,,-0.1991515151515151,-0.1962828282828281,0.2303030303030303,0.0939393939393939,-0.0042218319373144,0.045182362547632,1945.0,1855.0,0.5,-0.0067724653795613,-0.0010495738132962,-0.0003540755723329
1997-04-15,1650.0,1650.0,1650.0,1650.0,15000.0,1650.0,1705.0,1802.5,1961.6,1966.5333333333333,2546.4,False,False,True,False,False,False,False,False,False,True,False,0.209090909090909,0.1363636363636363,,,-0.1888484848484848,-0.1918383838383838,0.2242424242424242,0.0606060606060606,-0.0037290663773813,0.0515950069348127,2000.0,1950.0,2.142857142857143,-0.0086663947797716,-0.0018939294002102,0.000492765559933
1997-04-16,1850.0,1875.0,1850.0,1875.0,13000.0,1875.0,1715.0,1792.5,1947.0,1964.5333333333333,2538.525,False,False,False,False,False,False,False,False,False,False,False,0.0266666666666666,0.032,,,-0.0384,-0.0477511111111111,0.1066666666666666,-0.0666666666666666,-0.0010180534817429,0.0457461645746164,2000.0,1995.0,0.8666666666666667,-0.0074987159732921,0.0011676788064794,0.0027110128956384
1997-04-17,1750.0,1750.0,1750.0,1750.0,5000.0,1750.0,1720.0,1775.0,1931.2,1959.8666666666663,2530.275,False,False,False,False,False,False,False,False,False,True,False,0.1314285714285714,0.0857142857142857,,,-0.1035428571428571,-0.1199238095238093,0.1771428571428571,0.0171428571428571,-0.0023811143615213,0.0456338028169014,1975.0,1910.0,0.3846153846153846,-0.0081814415907207,-0.0006827256174285,-0.0013630608797784
1997-04-18,1850.0,1900.0,1850.0,1900.0,5000.0,1900.0,1765.0,1772.5,1924.2,1958.2,2523.275,False,False,False,False,False,False,False,False,False,False,False,0.0263157894736842,0.0526315789473684,,,-0.0127368421052631,-0.0306315789473684,0.0552631578947368,-0.0131578947368421,-0.0008511217785038,0.0434414668547249,1970.0,1950.0,1.0,-0.0036378754807192,0.0045435661100015,0.0015299925830174
1997-04-21,1875.0,1900.0,1875.0,1880.0,5000.0,1880.0,1811.0,1775.5,1919.4,1956.0,2516.425,False,False,False,False,False,False,False,False,False,False,False,0.0106382978723404,0.0638297872340425,,,-0.0209574468085106,-0.0404255319148936,0.0664893617021276,-0.0797872340425532,-0.0011247443762781,0.0306955787102224,1955.0,1945.0,1.0,-0.0025007814942169,0.0011370939865023,-0.0002736225977742
1997-04-22,1905.0,1995.0,1900.0,1995.0,9000.0,1995.0,1880.0,1792.5,1919.4,1955.6,2510.375,False,False,False,False,True,False,False,False,False,False,False,-0.0601503759398496,-0.0200501253132832,,,0.0378947368421052,0.019749373433584,-0.0100250626566416,-0.1353383458646616,-0.0002045408058908,0.0105997210599721,1955.0,1910.0,1.8,0.0,0.0025007814942169,0.0009202035703873
1997-04-23,2000.0,2000.0,1925.0,1925.0,8000.0,1925.0,1890.0,1802.5,1910.6,1954.6,2503.875,False,False,False,False,False,False,False,False,False,True,False,0.0051948051948051,-0.0025974025974025,,,0.0074805194805195,-0.0153766233766233,0.0129870129870129,-0.1038961038961039,-0.000511613629387,-0.0052704576976421,2000.0,1950.0,0.8888888888888888,-0.004605882968701,-0.004605882968701,-0.0003070728234962
1997-04-24,1950.0,1980.0,1900.0,1980.0,17000.0,1980.0,1936.0,1828.0,1905.8,1954.6666666666667,2497.975,False,False,False,False,False,False,False,True,False,False,False,-0.0404040404040404,-0.0606060606060606,,,0.0374747474747475,0.0127946127946127,0.0025252525252525,-0.1388888888888889,3.410641200554233e-05,-0.0298140043763676,2000.0,1950.0,2.125,-0.0025186273480952,0.0020872556206057,0.0005457200413926
1997-04-25,1975.0,1975.0,1950.0,1950.0,12000.0,1950.0,1946.0,1855.5,1899.8,1952.3333333333333,2491.725,False,False,False,False,False,False,False,False,False,True,False,0.0256410256410256,0.0,,,0.0257435897435897,-0.0011965811965811,0.0051282051282051,-0.1282051282051282,-0.0011951511012464,-0.0544327674481271,2005.0,1910.0,0.7058823529411765,-0.0031582271818086,-0.0006395998337133,-0.0012292575132519
1997-04-28,1900.0,1900.0,1900.0,1900.0,6000.0,1900.0,1950.0,1880.5,1893.6,1949.4,2484.725,False,False,False,False,False,False,False,False,False,True,False,0.0526315789473684,0.0263157894736842,,,0.0033684210526316,-0.026,0.0394736842105263,-0.1,-0.0015047365001196,-0.0720553044403084,2050.0,1915.0,0.5,-0.0032741867342628,-0.0001159595524541,-0.0003095853988731
1997-04-30,1850.0,1875.0,1830.0,1875.0,12000.0,1875.0,1926.0,1903.0,1886.6,1948.0666666666664,2477.175,False,False,False,False,False,True,False,False,False,True,False,0.0426666666666666,0.016,,,-0.0061866666666666,-0.0389688888888887,0.0613333333333333,-0.0933333333333333,-0.0006844392731256,-0.0856542301629006,1965.0,1950.0,2.0,-0.0037103784586027,-0.0004361917243399,0.0008202972269939
1997-05-01,1900.0,1935.0,1900.0,1935.0,14000.0,1935.0,1928.0,1909.0,1882.0,1947.5333333333333,2469.475,False,False,False,False,False,False,False,False,False,False,False,-0.0077519379844961,0.020671834625323,,,0.0273901808785529,-0.0064771748492678,0.020671834625323,-0.1188630490956072,-0.000273850682915,-0.0908852802514405,1975.0,1900.0,1.1666666666666667,-0.0024442082890541,0.0012661701695486,0.0004105885902106
1997-05-02,1930.0,1930.0,1900.0,1900.0,5000.0,1900.0,1912.0,1924.0,1875.0,1948.2,2461.725,False,False,False,False,False,False,False,True,False,True,False,-0.0210526315789473,0.0973684210526315,,,0.0131578947368421,-0.0253684210526316,0.0368421052631578,-0.1,0.0003421962153098,-0.1016112266112266,1960.0,1950.0,0.3571428571428571,-0.0037333333333333,-0.0012891250442791,0.0006160468982249
1997-05-06,1905.0,2010.0,1905.0,2000.0,29000.0,2000.0,1922.0,1934.0,1875.2,1949.5333333333333,2454.725,False,False,False,False,False,False,True,True,False,False,False,-0.025,0.0575,,,0.0623999999999999,0.0252333333333333,-0.0175,-0.14,0.0006839243579659,-0.1142709410548086,1960.0,1955.0,5.8,0.0001066552901024,0.0038399886234357,0.000341728142656
1997-05-07,2050.0,2050.0,2000.0,2000.0,11000.0,2000.0,1942.0,1946.0,1875.4,1951.4666666666667,2447.65,False,False,False,False,False,False,True,True,False,True,False,-0.025,0.015,,,0.0622999999999999,0.0242666666666666,0.0375,-0.14,0.0009907078436731,-0.1202466598150051,1985.0,1915.0,0.3793103448275862,0.0001066439159646,-1.1374137794865988e-08,0.0003067834857071
1997-05-08,1975.0,1975.0,1955.0,1955.0,6000.0,1955.0,1958.0,1942.0,1873.8,1951.5333333333333,2439.775,False,False,False,False,False,False,False,True,False,True,False,-0.0255754475703324,0.0332480818414322,,,0.0415345268542199,0.001773231031543,0.0562659846547314,-0.1202046035805626,3.416117241140609e-05,-0.1186920700308959,2075.0,1900.0,0.5454545454545454,-0.0008538798164159,-0.0009605237323805,-0.0009565466712617
1997-05-09,1955.0,1955.0,1910.0,1920.0,5000.0,1920.0,1955.0,1941.5,1871.6,1950.5333333333333,2431.65,False,False,False,False,False,False,False,False,False,True,False,0.0286458333333333,0.0807291666666666,,,0.0252083333333333,-0.0159027777777777,0.0677083333333333,-0.1119791666666666,-0.0005126802925695,-0.1194952356425444,2240.0,1900.0,0.8333333333333334,-0.0011754648429151,-0.0003215850264992,-0.0005468414649809
1997-05-12,1900.0,1920.0,1860.0,1860.0,41000.0,1860.0,1947.0,1929.5,1869.0,1949.8666666666663,2422.7,False,False,False,False,False,True,False,False,False,True,False,0.1209677419354838,0.1075268817204301,,,-0.0048387096774193,-0.0483154121863797,0.1021505376344086,-0.0806451612903225,-0.0003419037199126,-0.1137600414615185,2145.0,1900.0,8.2,-0.0013911182450507,-0.0002156534021356,0.0001707765726569
1997-05-13,1860.0,1975.0,1860.0,1950.0,61000.0,1950.0,1937.0,1929.5,1870.0,1949.8666666666663,2414.3,False,False,False,False,False,False,True,False,False,False,False,0.0846153846153846,0.0282051282051282,,,0.041025641025641,6.837606837623939e-05,0.0717948717948717,-0.1153846153846153,0.0,-0.1124643690075149,2075.0,1925.0,1.4878048780487805,0.0005347593582887,0.0019258776033395,0.0003419037199126
1997-05-14,1975.0,1985.0,1950.0,1950.0,14000.0,1950.0,1927.0,1934.5,1874.0,1949.9333333333327,2405.95,False,False,False,False,False,False,True,True,True,False,True,0.041025641025641,0.0282051282051282,,,0.0389743589743589,3.4188034188119694e-05,0.1282051282051282,-0.1282051282051282,3.418920304976242e-05,-0.1152752649263375,2000.0,1945.0,0.2295081967213114,0.0021344717182497,0.0015997123599609,3.418920304976242e-05
1997-05-15,1950.0,1950.0,1905.0,1905.0,20000.0,1905.0,1917.0,1937.5,1877.2,1949.8666666666663,2396.625,False,False,False,False,False,False,True,False,False,True,False,0.0603674540682414,0.0367454068241469,,,0.0145931758530183,-0.0235520559930007,0.1522309711286089,-0.1049868766404199,-3.419037199133279e-05,-0.1163870967741935,1995.0,2000.0,1.4285714285714286,0.0017046665246111,-0.0004298051936385,-6.83795750410952e-05
1997-05-16,1905.0,1975.0,1905.0,1975.0,25000.0,1975.0,1928.0,1941.5,1883.2,1950.2,2388.725,False,False,False,False,False,False,True,True,False,False,False,0.050632911392405,-0.0126582278481012,,,0.0464810126582278,0.0125569620253164,0.1316455696202531,-0.1367088607594936,0.0001709226404131,-0.1182075714653618,2145.0,2000.0,1.25,0.0031860662701784,0.0014813997455672,0.0002051130124044
1997-05-19,2025.0,2115.0,2025.0,2085.0,111000.0,2085.0,1973.0,1960.0,1897.6,1952.0,2380.925,False,False,False,False,False,False,True,True,False,False,False,-0.0119904076738609,-0.0479616306954436,,,0.0898800959232614,0.06378896882494,0.0407673860911271,-0.1822541966426858,0.0009221311475409,-0.1267857142857142,2100.0,1975.0,4.44,0.0075885328836424,0.004402466613464,0.0007512085071278
1997-05-20,2150.0,2150.0,2100.0,2115.0,86000.0,2115.0,2006.0,1971.5,1915.2,1954.733333333333,2373.775,False,False,False,False,False,False,True,True,False,False,False,-0.0520094562647754,-0.0732860520094562,,,0.0944680851063829,0.0757762017336486,0.0023640661938534,-0.2080378250591016,0.0013983152007092,-0.1341618057316763,2100.0,1970.0,0.7747747747747747,0.0091896407685882,0.0016011078849457,0.0004761840531683
1997-05-21,2105.0,2110.0,2030.0,2030.0,17000.0,2030.0,2022.0,1974.5,1930.4,1956.2666666666669,2367.025,False,False,False,False,False,False,True,True,False,True,False,-0.0123152709359605,-0.0270935960591133,,,0.0490640394088669,0.0363218390804596,0.0714285714285714,-0.1871921182266009,0.0007838058887679,-0.1390225373512281,2055.0,1955.0,0.1976744186046511,0.0078740157480315,-0.0013156250205566,-0.0006145093119413
1997-05-22,2025.0,2025.0,2000.0,2020.0,26000.0,2020.0,2045.0,1981.0,1945.2,1957.2,2361.125,False,False,False,False,False,False,True,True,False,True,False,-0.0222772277227722,-0.0148514851485148,,,0.037029702970297,0.031089108910891,0.1262376237623762,-0.1757425742574257,0.0004768717215068,-0.1446239273094396,2050.0,1955.0,1.5294117647058822,0.0076084721365412,-0.0002655436114903,-0.0003069341672611
1997-05-23,2095.0,2095.0,2075.0,2075.0,19000.0,2075.0,2065.0,1996.5,1953.2,1959.5333333333333,2355.0,False,False,False,False,False,False,True,True,False,True,False,-0.0602409638554216,-0.0481927710843373,,,0.0586987951807228,0.0556465863453815,0.0891566265060241,-0.1927710843373494,0.0011907597046915,-0.1527673428499874,2050.0,2000.0,0.7307692307692307,0.0040958427196395,-0.0035126294169016,0.0007138879831847
1997-05-26,2125.0,2125.0,2060.0,2060.0,32000.0,2060.0,2060.0,2016.5,1965.6,1961.0,2348.25,True,True,False,False,False,False,True,True,False,False,False,-0.0364077669902912,-0.0436893203883495,,,0.0458252427184466,0.0480582524271844,0.0970873786407767,-0.2694174757281553,0.0007479177290498,-0.1713364740887676,2075.0,2000.0,1.6842105263157894,0.0063085063085062,0.0022126635888666,-0.0004428419756417
1997-05-27,2055.0,2055.0,2005.0,2005.0,15000.0,2005.0,2038.0,2022.0,1969.8,1961.6666666666667,2341.15,False,False,False,False,False,False,True,True,False,True,False,-0.0224438902743142,-0.0199501246882793,,,0.0175561097256858,0.0216126350789692,0.084788029925187,-0.2518703241895262,0.000339847068819,-0.1847181008902077,1995.0,2005.0,0.46875,0.0021321961620469,-0.0041763101464593,-0.0004080706602307
1997-05-28,2000.0,2005.0,1925.0,2005.0,32000.0,2005.0,2033.0,2027.5,1974.8,1962.8666666666663,2334.175,False,False,False,False,False,False,True,True,False,False,False,-0.0149625935162094,0.0349127182044887,,,0.0150623441396508,0.021014131338321,0.0748129675810473,-0.2493765586034912,0.000611350745508,-0.1965474722564734,1995.0,2050.0,2.1333333333333333,0.0025319019647559,0.0003997058027089,0.0002715036766889
1997-05-29,1950.0,1980.0,1950.0,1975.0,33000.0,1975.0,2024.0,2034.5,1974.0,1963.8666666666663,2327.7,False,False,False,False,False,False,False,True,False,True,False,0.0075949367088607,0.0455696202531645,,,0.000506329113924,0.0056371308016879,0.1012658227848101,-0.2329113924050632,0.0005091995383257,-0.2086507741459818,1995.0,1965.0,1.03125,-0.0004052684903748,-0.0029371704551307,-0.0001021512071823
1997-05-30,1950.0,1975.0,1950.0,1950.0,44000.0,1950.0,1999.0,2032.0,1975.0,1964.5333333333333,2321.45,False,False,False,False,False,False,True,True,False,False,False,0.0128205128205128,0.0512820512820512,,,-0.0128205128205128,-0.0074529914529914,0.1153846153846153,-0.2282051282051282,0.0003393511605811,-0.21751968503937,1975.0,1975.0,1.3333333333333333,0.000506329113924,0.0009115976042989,-0.0001698483777446
1997-06-02,2025.0,2025.0,1985.0,1985.0,9000.0,1985.0,1984.0,2022.0,1975.2,1965.6666666666667,2315.25,False,False,False,False,False,False,True,True,False,True,False,-0.0075566750629722,0.0327455919395466,,,0.0049370277078085,0.0097397145256086,0.0453400503778337,-0.3022670025188917,0.0005765643547567,-0.2294757665677547,1925.0,1960.0,0.2045454545454545,0.0001012555690563,-0.0004050735448677,0.0002372131941755
1997-06-03,1965.0,1990.0,1960.0,1960.0,20000.0,1960.0,1975.0,2006.5,1975.6,1966.1333333333328,2309.05,False,False,False,False,False,False,True,True,False,False,False,0.0025510204081632,0.0663265306122449,,,-0.0079591836734693,-0.0031292517006802,0.0382653061224489,-0.3239795918367347,0.0002373525023734,-0.2409668577124346,1925.0,1960.0,2.2222222222222223,0.0002024701356549,0.0001012145665986,-0.0003392118523832
1997-06-04,1970.0,2000.0,1970.0,1975.0,36000.0,1975.0,1969.0,2001.0,1978.6,1966.5333333333333,2303.4,False,False,False,False,False,False,True,True,True,False,False,0.050632911392405,0.1139240506329113,,,-0.0018227848101265,0.0042869198312236,0.0126582278481012,-0.3924050632911392,0.0002034036205844,-0.2613693153423288,1850.0,1985.0,1.8,0.001516223592439,0.0013137534567841,-3.394888178893216e-05
1997-06-05,1995.0,2000.0,1985.0,1990.0,16000.0,1990.0,1972.0,1998.0,1983.2,1966.4,2299.25,False,False,False,False,False,False,True,False,False,False,False,0.0376884422110552,0.1030150753768844,,,0.0034170854271356,0.011859296482412,0.0050251256281407,-0.4824120603015075,-6.780580417677586e-05,-0.292042042042042,1825.0,2075.0,0.4444444444444444,0.0023194836627673,0.0008032600703282,-0.0002712094247612
1997-06-06,1985.0,1985.0,1975.0,1975.0,16000.0,1975.0,1977.0,1988.0,1984.8,1966.0666666666664,2295.375,False,False,False,False,False,False,True,False,False,True,False,0.0379746835443038,0.1316455696202531,,,-0.0049620253164556,0.0045232067510549,0.020253164556962,-0.4759493670886076,-0.0001695432504833,-0.3206740442655935,1825.0,2240.0,1.0,0.0008061265618701,-0.0015133571008971,-0.0001017374463066
1997-06-09,1970.0,1975.0,1950.0,1970.0,31000.0,1970.0,1974.0,1979.0,1987.6,1966.0,2291.975,False,False,False,False,False,False,True,False,True,False,False,0.0406091370558375,0.1015228426395939,,,-0.0089340101522842,0.0020304568527918,0.0253807106598984,-0.467005076142132,-3.3909799932033905e-05,-0.3405760485093481,1725.0,2145.0,1.9375,0.0014087341517407,0.0006026075898706,0.0001356334505513
1997-06-10,1970.0,1980.0,1950.0,1965.0,50000.0,1965.0,1975.0,1975.0,1986.2,1965.9333333333327,2287.9,False,False,False,False,False,False,False,False,False,True,False,0.0636132315521628,0.0788804071246819,,,-0.0107888040712468,-0.0004749787955893,0.0254452926208651,-0.4147582697201017,-3.391094984579e-05,-0.3569620253164557,1675.0,2075.0,1.6129032258064515,-0.0007048635585539,-0.0021135977102947,-1.1499137560937783e-09
1997-06-11,1965.0,2105.0,1965.0,2075.0,104000.0,2075.0,1995.0,1982.0,1989.2,1967.5333333333333,2284.275,False,False,False,True,True,False,True,True,True,False,True,0.0602409638554216,0.0481927710843373,,,0.0413493975903614,0.0517911646586345,-0.036144578313253,-0.3975903614457831,0.0008132009622878,-0.3720988900100908,1650.0,2000.0,2.08,0.0015081439774783,0.0022130075360323,0.0008471119121336
1997-06-12,2100.0,2100.0,2050.0,2065.0,34000.0,2065.0,2010.0,1991.0,1993.6,1969.0,2280.2,False,False,False,False,False,False,True,True,False,False,False,0.0629539951573849,0.1016949152542373,,,0.0345762711864407,0.0464891041162227,-0.0338983050847457,-0.3946731234866828,0.0007448789571694,-0.388247112004018,1650.0,1995.0,0.3269230769230769,0.0022070626003209,0.0006989186228425,-6.832200511839941e-05
1997-06-13,2065.0,2065.0,2050.0,2050.0,11000.0,2050.0,2025.0,2001.0,1998.8,1969.6666666666667,2275.7,False,False,False,False,False,False,True,True,False,False,False,0.0902439024390243,0.1024390243902439,,,0.0249756097560975,0.0391869918699186,-0.0439024390243902,-0.3170731707317073,0.0003384667456422,-0.396551724137931,1875.0,2145.0,0.3235294117647059,0.0026015609365619,0.000394498336241,-0.0004064122115271
1997-06-16,2075.0,2075.0,2050.0,2050.0,29000.0,2050.0,2041.0,2007.5,2006.4,1970.3333333333333,2270.7,False,False,False,False,False,False,True,True,False,False,False,0.0585365853658536,0.1024390243902439,,,0.0212682926829267,0.0388617886178862,-0.0414634146341463,-0.2804878048780488,0.0003383522246658,-0.3940224159402241,1750.0,2100.0,2.636363636363636,0.0037878787878788,0.0011863178513168,-1.1452097647881437e-07
1997-06-17,2085.0,2095.0,2060.0,2090.0,12000.0,2090.0,2066.0,2020.5,2012.0,1971.4666666666667,2266.15,False,False,False,False,False,False,True,True,False,True,False,0.0143540669856459,0.0406698564593301,,,0.0373205741626794,0.0567145135566188,-0.0717703349282296,-0.3779904306220095,0.0005748681184905,-0.3991586241029448,1900.0,2100.0,0.4137931034482758,0.0027833001988071,-0.0010045785890717,0.0002365158938247
1997-06-18,2115.0,2205.0,2110.0,2200.0,162000.0,2200.0,2091.0,2043.0,2022.0,1973.4666666666667,2262.375,False,False,False,False,False,False,True,True,False,False,False,-0.0113636363636363,-0.0204545454545454,,,0.0809090909090909,0.1029696969696969,-0.125,-0.4318181818181818,0.0010134450374974,-0.4033284385707293,1880.0,2055.0,13.5,0.0049455984174085,0.0021622982186013,0.0004385769190069
1997-06-19,2195.0,2210.0,2175.0,2195.0,59000.0,2195.0,2117.0,2063.5,2033.6,1976.5333333333333,2258.6,False,False,False,False,False,False,True,True,False,False,False,0.0364464692482915,-0.0091116173120728,,,0.0735307517084283,0.0995292331055429,-0.1298405466970387,-0.4054669703872437,0.0015515380464111,-0.3959292464259752,1995.0,2050.0,0.3641975308641975,0.0057041699449252,0.0007585715275167,0.0005380930089137
1997-06-20,2215.0,2290.0,2200.0,2235.0,135000.0,2235.0,2154.0,2089.5,2044.0,1980.0,2255.2,False,False,False,False,False,False,True,True,False,True,False,0.0111856823266219,-0.0268456375838926,,,0.0854586129753914,0.1140939597315436,-0.145413870246085,-0.4116331096196868,0.0017508417508417,-0.3900454654223498,1925.0,2050.0,2.288135593220339,0.0050880626223092,-0.0006161073226159,0.0001993037044305
1997-06-23,2220.0,2220.0,2170.0,2170.0,37000.0,2170.0,2178.0,2109.5,2047.4,1982.8,2251.525,False,False,False,False,False,False,True,True,False,True,False,0.0414746543778801,-0.0437788018433179,,,0.0564976958525345,0.0862672811059908,-0.1244239631336405,-0.3778801843317972,0.0014121444422029,-0.3816070158805404,1980.0,2075.0,0.2740740740740741,0.0016606427664355,-0.0034274198558737,-0.0003386973086388
1997-06-24,2120.0,2125.0,2110.0,2120.0,20000.0,2120.0,2184.0,2125.0,2047.6,1984.9333333333327,2247.675,False,False,False,False,False,False,True,True,False,True,False,0.025943396226415,-0.0400943396226415,,,0.0341509433962264,0.0637106918238994,-0.1084905660377358,-0.3891509433962264,0.0010747632162288,-0.3792941176470588,1950.0,1995.0,0.5405405405405406,9.767532721225732e-05,-0.0015629674392232,-0.000337381225974
1997-06-25,2120.0,2185.0,2120.0,2175.0,40000.0,2175.0,2179.0,2135.0,2053.4,1987.4666666666667,2244.4,False,False,False,False,False,False,True,True,True,False,False,-0.0091954022988505,-0.0804597701149425,,,0.0559080459770114,0.0862222222222222,-0.1701149425287356,-0.4206896551724138,0.0012746545015431,-0.3817330210772833,1900.0,1995.0,2.0,0.0028245836174151,0.0027269082902028,0.0001998912853142
1997-06-26,2195.0,2285.0,2190.0,2275.0,74000.0,2275.0,2195.0,2156.0,2063.6,1990.1333333333328,2242.025,False,False,False,False,False,False,True,True,False,False,False,-0.0439560439560439,-0.1208791208791208,,,0.0929230769230769,0.1252161172161172,-0.2307692307692307,-0.4351648351648352,0.0013399437223635,-0.3861317254174397,1875.0,1995.0,1.85,0.0049428183756541,0.002118234758239,6.528922082048262e-05
1997-06-27,2290.0,2300.0,2245.0,2260.0,38000.0,2260.0,2200.0,2177.0,2071.0,1990.4,2240.575,False,False,False,False,False,False,True,True,False,True,False,-0.0376106194690265,-0.1084070796460177,,,0.0836283185840708,0.11929203539823,-0.2256637168141592,-0.4469026548672566,0.0001339764201501,-0.3989435002296738,1935.0,1975.0,0.5135135135135135,0.0035731530661516,-0.0013696653095024,-0.0012059673022134
1997-06-30,2235.0,2260.0,2210.0,2260.0,65000.0,2260.0,2218.0,2198.0,2079.0,1991.9333333333327,2238.25,False,False,False,False,False,False,True,True,False,False,False,-0.081858407079646,-0.1061946902654867,,,0.0800884955752212,0.118613569321534,-0.2123893805309734,-0.3982300884955752,0.000769771411359,-0.4099181073703367,1900.0,1925.0,1.7105263157894737,0.0038480038480038,0.0002748507818521,0.0006357949912088
1997-07-01,2210.0,2250.0,2155.0,2175.0,33000.0,2175.0,2229.0,2206.5,2085.8,1993.2666666666669,2235.35,False,False,False,False,False,False,True,True,False,True,False,-0.064367816091954,-0.0735632183908046,,,0.0410114942528734,0.0835555555555554,-0.1379310344827586,-0.4206896551724138,0.000668918692933,-0.4140040788579198,2000.0,1925.0,0.5076923076923077,0.0032601399942468,-0.0005878638537569,-0.0001008527184259
1997-07-02,2205.0,2205.0,2155.0,2155.0,19000.0,2155.0,2225.0,2202.0,2091.8,1995.3333333333333,2232.225,False,False,False,False,False,False,True,True,False,True,False,-0.0719257540603248,-0.0719257540603248,,,0.0293271461716936,0.0740912606341841,-0.1972157772621809,-0.382830626450116,0.001035750083528,-0.4091734786557675,2000.0,1850.0,0.5757575757575758,0.0028683430538292,-0.0003917969404176,0.000366831390595
1997-07-03,2200.0,2200.0,2175.0,2175.0,19000.0,2175.0,2205.0,2200.0,2099.8,1997.733333333333,2227.75,False,False,False,False,False,False,True,True,False,False,False,-0.0804597701149425,-0.0827586206896551,,,0.034574712643678,0.0815019157088123,-0.2068965517241379,-0.3908045977011494,0.001201361543082,-0.4077272727272727,1955.0,1825.0,1.0,0.0038098866558719,0.0009415436020427,0.000165611459554
1997-07-04,2195.0,2195.0,2175.0,2175.0,14000.0,2175.0,2188.0,2194.0,2108.8,1998.1333333333328,2223.875,False,False,False,False,False,False,True,True,False,False,False,-0.0735632183908046,-0.0988505747126436,,,0.0304367816091953,0.0813180076628353,-0.2068965517241379,-0.4022988505747126,0.0002001868410516,-0.4067912488605287,1920.0,1825.0,0.7368421052631579,0.0042678300455235,0.0004579433896515,-0.0010011747020303
1997-07-07,2100.0,2105.0,2075.0,2075.0,17000.0,2075.0,2151.0,2184.5,2112.4,1997.8,2219.75,False,False,False,False,False,False,True,False,False,True,False,-0.0265060240963855,-0.053012048192771,,,-0.0180240963855422,0.0372048192771084,-0.1783132530120482,-0.3855421686746988,-0.0001668502018887,-0.4076447699702449,1860.0,1725.0,1.2142857142857142,0.0017042226850974,-0.002563607360426,-0.0003670370429404
1997-07-08,2045.0,2100.0,2035.0,2035.0,15000.0,2035.0,2123.0,2176.0,2115.4,1996.9333333333327,2215.425,False,False,False,False,False,False,True,False,False,True,False,-0.0098280098280098,-0.0466830466830466,,,-0.0395085995085995,0.0187059787059787,-0.1646191646191646,-0.3832923832923833,-0.0004339987981572,-0.4071691176470588,1950.0,1675.0,0.8823529411764706,0.0014181715042072,-0.0002860511808902,-0.0002671485962685
1997-07-09,2040.0,2050.0,2000.0,2000.0,14000.0,2000.0,2092.0,2158.5,2116.4,1996.2,2211.425,False,False,False,False,False,False,True,False,False,True,False,0.0,-0.0375,,,-0.0582,0.0018999999999999,-0.145,-0.375,-0.0003673646595196,-0.4028260365994904,1950.0,1650.0,0.9333333333333332,0.0004725004725004,-0.0009456710317067,6.663413863758718e-05
1997-07-10,2000.0,2000.0,2000.0,2000.0,2000.0,2000.0,2057.0,2131.0,2116.8,1995.5333333333333,2207.425,False,False,False,False,False,False,True,False,False,True,False,-0.0025,-0.045,,,-0.0584,0.0022333333333333,-0.15,-0.375,-0.0003340794440918,-0.3967620835288596,1905.0,1650.0,0.1428571428571428,0.0001889644746788,-0.0002835359978216,3.328521542780486e-05
1997-07-11,2005.0,2015.0,2000.0,2015.0,13000.0,2015.0,2025.0,2106.5,2118.4,1995.0666666666664,2203.25,False,False,False,False,False,False,True,False,False,False,False,-0.0272952853598014,-0.0521091811414392,,,-0.0513151364764268,0.0098924731182797,-0.1538461538461538,-0.3647642679900744,-0.0002339103121033,-0.3883218609067173,1975.0,1875.0,6.5,0.0007552870090634,0.0005663225343845,0.0001001691319885
1997-07-14,2015.0,2045.0,2015.0,2020.0,5000.0,2020.0,2014.0,2082.5,2120.4,1994.3333333333333,2199.35,False,False,False,False,False,False,True,False,False,False,False,-0.0272277227722772,-0.0594059405940594,,,-0.0497029702970297,0.0127062706270627,-0.1534653465346534,-0.3811881188118812,-0.0003677085074376,-0.3865546218487395,2085.0,1750.0,0.3846153846153846,0.0009432182607055,0.0001879312516421,-0.0001337981953343
1997-07-15,2020.0,2020.0,2015.0,2015.0,8000.0,2015.0,2010.0,2066.5,2122.4,1994.6,2195.425,False,False,False,False,False,False,True,True,False,True,False,-0.0372208436724565,-0.0620347394540942,,,-0.0533002481389578,0.0101240694789082,-0.1464019851116625,-0.4168734491315136,0.0001336943079648,-0.3859182192112267,2115.0,1900.0,1.6,0.0009423294383716,-8.888223338725416e-07,0.0005014028154024
1997-07-16,2005.0,2015.0,2000.0,2000.0,27000.0,2000.0,2010.0,2051.0,2119.4,1994.6666666666667,2191.3,False,False,False,False,False,False,False,True,False,True,False,-0.0375,-0.0975,,,-0.0597,0.0026666666666666,-0.14,-0.425,3.342245989313172e-05,-0.3900536323744515,2030.0,1880.0,3.375,-0.0014154949514013,-0.0023578243897729,-0.0001002718480716
1997-07-17,1980.0,2000.0,1975.0,1995.0,28000.0,1995.0,2009.0,2033.0,2116.6,1994.6666666666667,2187.4,False,False,False,False,False,False,False,False,False,False,False,-0.0426065162907268,-0.1228070175438596,,,-0.0609523809523809,0.0001670843776106,-0.137844611528822,-0.3984962406015037,0.0,-0.3908017707820954,2020.0,1995.0,1.037037037037037,-0.001322876311065,9.261864033633846e-05,-3.342245989313172e-05
1997-07-18,1960.0,1970.0,1960.0,1960.0,11000.0,1960.0,1998.0,2011.5,2113.0,1994.4666666666667,2183.45,False,False,False,False,False,False,False,False,False,True,False,-0.0255102040816326,-0.1071428571428571,,,-0.0780612244897959,-0.0175850340136054,-0.1301020408163265,-0.3877551020408163,-0.0001002774342347,-0.3892617449664429,2075.0,1925.0,0.3928571428571428,-0.0017037387600567,-0.0003808624489917,-0.0001002774342347
1997-07-22,1960.0,1965.0,1960.0,1965.0,71000.0,1965.0,1987.0,2000.5,2109.6,1995.0,2179.725,False,False,False,False,False,False,False,True,False,False,False,-0.0330788804071246,-0.094147582697201,,,-0.0735877862595419,-0.015267175572519,-0.1297709923664122,-0.4147582697201017,0.000267335004177,-0.3921519620094976,2060.0,1980.0,6.454545454545454,-0.001611679939325,9.205882073171448e-05,0.0003676124384118
1997-07-23,1950.0,1950.0,1940.0,1940.0,13000.0,1940.0,1972.0,1991.0,2103.6,1995.2,2175.425,False,False,False,False,False,False,False,True,False,True,False,-0.0257731958762886,-0.0335051546391752,,,-0.0843298969072164,-0.0284536082474227,-0.1108247422680412,-0.4587628865979381,0.0001002405773857,-0.3995479658463083,2005.0,1950.0,0.1830985915492957,-0.0028522532800912,-0.0012405733407662,-0.0001670944267913
1997-07-24,1925.0,1950.0,1925.0,1925.0,9000.0,1925.0,1957.0,1983.5,2092.6,1996.2,2171.525,False,False,False,False,False,False,False,True,False,True,False,-0.0623376623376623,-0.1012987012987013,,,-0.087064935064935,-0.036987012987013,-0.1168831168831168,-0.4077922077922078,0.000500951808436,-0.4028232921603226,2005.0,1900.0,0.6923076923076923,-0.0052566185606422,-0.0024043652805509,0.0004007112310502
1997-07-25,1950.0,1950.0,1910.0,1910.0,7000.0,1910.0,1940.0,1974.5,2081.2,1997.3333333333333,2167.575,False,False,False,False,False,False,False,True,False,True,False,-0.0837696335078534,-0.0968586387434555,,,-0.089633507853403,-0.0457242582897032,-0.1073298429319371,-0.5157068062827225,0.0005674232309745,-0.4165611547227146,1975.0,1875.0,0.7777777777777778,-0.0054776090716894,-0.0002209905110471,6.647142253854367e-05
1997-07-28,1910.0,1910.0,1910.0,1910.0,2000.0,1910.0,1930.0,1964.0,2068.2,1998.4666666666667,2163.4,False,False,False,False,False,False,False,True,False,True,False,-0.0837696335078534,-0.0968586387434555,,,-0.0828272251308899,-0.0463176265270506,-0.1073298429319371,-0.5130890052356021,0.0005671014444407,-0.4312627291242362,1950.0,1935.0,0.2857142857142857,-0.0062856590271733,-0.0008080499554839,-3.217865337810976e-07
1997-07-29,1915.0,1915.0,1895.0,1900.0,11000.0,1900.0,1917.0,1952.0,2057.4,2000.8,2159.35,False,False,False,False,False,False,False,True,False,False,False,-0.0631578947368421,-0.1026315789473684,,,-0.0828421052631579,-0.0530526315789473,-0.1026315789473684,-0.5105263157894737,0.0011662001865919,-0.4441598360655737,1985.0,1900.0,5.5,-0.0052493438320208,0.0010363151951525,0.0005990987421512
1997-07-30,1910.0,1910.0,1890.0,1890.0,9000.0,1890.0,1907.0,1939.5,2048.2,2003.6666666666667,2155.25,False,False,False,False,False,False,False,True,False,False,False,-0.0079365079365079,-0.1005291005291005,,,-0.0837037037037036,-0.0601410934744268,-0.1137566137566137,-0.5238095238095238,0.0014307103643321,-0.4547563805104408,1960.0,2000.0,0.8181818181818182,-0.0044917488526512,0.0007575949793696,0.0002645101777401
1997-07-31,1870.0,1875.0,1750.0,1805.0,25000.0,1805.0,1883.0,1920.0,2033.4,2005.733333333333,2150.525,False,False,False,False,False,False,False,True,False,True,False,-0.0415512465373961,-0.0526315789473684,,,-0.1265373961218837,-0.1112096029547552,-0.0858725761772853,-0.4875346260387811,0.0010303795785413,-0.4609375,1975.0,2000.0,2.7777777777777777,-0.0072784498868888,-0.0027867010342375,-0.0004003307857907
1997-08-01,1755.0,1760.0,1750.0,1750.0,17000.0,1750.0,1851.0,1895.5,2012.4,2007.0666666666664,2145.525,False,False,False,False,False,False,False,True,False,True,False,-0.0142857142857142,-0.0285714285714285,,,-0.1499428571428571,-0.1468952380952379,-0.0485714285714285,-0.4714285714285714,0.0006643194047697,-0.468477974149301,1990.0,1955.0,0.68,-0.0104353011329755,-0.0031568512460867,-0.0003660601737715
1997-08-04,1755.0,1760.0,1750.0,1750.0,14000.0,1750.0,1819.0,1874.5,1992.0,2005.4,2140.525,False,False,True,False,False,False,False,False,False,False,False,-0.0142857142857142,-0.0257142857142857,,,-0.1382857142857143,-0.1459428571428572,-0.0428571428571428,-0.48,-0.0008310893919748,-0.4779941317684716,1975.0,1920.0,0.8235294117647058,-0.0102409638554217,0.0001943372775538,-0.0014954087967445
1997-08-05,1750.0,1780.0,1750.0,1780.0,24000.0,1780.0,1795.0,1856.0,1972.8,2005.8,2135.775,False,False,False,False,False,False,False,True,False,False,False,-0.0421348314606741,-0.0393258426966292,,,-0.108314606741573,-0.1268539325842696,-0.1544943820224719,-0.4803370786516854,0.0001994216771362,-0.4849137931034483,1970.0,1860.0,1.7142857142857142,-0.0097323600973236,0.0005086037580981,0.001030511069111
1997-08-06,1785.0,1880.0,1750.0,1875.0,12000.0,1875.0,1792.0,1849.5,1960.8,2005.4666666666667,2131.725,False,False,False,False,False,False,False,False,False,False,False,-0.0933333333333333,-0.0826666666666666,,,-0.0457599999999999,-0.0695822222222222,-0.2,-0.5066666666666667,-0.000166212352902,-0.4898621248986212,1965.0,1950.0,0.5,-0.0061199510403916,0.0036124090569319,-0.0003656340300382
1997-08-08,1745.0,1745.0,1730.0,1730.0,2000.0,1730.0,1777.0,1830.0,1943.8,2003.4666666666667,2126.9,False,False,False,False,False,False,False,False,False,True,False,-0.0115606936416184,-0.0057803468208092,,,-0.1235838150289017,-0.1580732177263969,-0.130057803468208,-0.4942196531791907,-0.0009982696659124,-0.4989071038251366,2075.0,1950.0,0.1666666666666666,-0.0087457557361868,-0.0026258046957951,-0.0008320573130103
1997-08-11,1725.0,1725.0,1700.0,1725.0,10000.0,1725.0,1772.0,1811.5,1925.8,1999.8666666666663,2122.025,False,False,False,False,False,False,False,False,False,True,False,-0.0144927536231884,-0.0028985507246376,,,-0.1164057971014492,-0.1593429951690819,-0.1217391304347826,-0.4927536231884058,-0.0018001200080007,-0.4965498205906707,2065.0,1905.0,5.0,-0.0093467649807872,-0.0006010092446003,-0.0008018503420882
1997-08-12,1700.0,1725.0,1700.0,1725.0,5000.0,1725.0,1767.0,1793.0,1907.8,1997.2,2116.9,False,False,False,False,False,False,False,False,False,True,False,-0.0115942028985507,-0.0115942028985507,,,-0.1059710144927535,-0.1577971014492754,-0.1275362318840579,-0.4956521739130435,-0.0013352026169969,-0.4947016174010039,2050.0,1975.0,0.5,-0.0094349512527518,-8.818627196465617e-05,0.0004649173910037
1997-08-14,1705.0,1705.0,1705.0,1705.0,1000.0,1705.0,1752.0,1773.5,1893.0,1993.5333333333333,2111.05,False,False,False,False,False,False,False,False,False,False,False,0.002932551319648,0.002932551319648,,,-0.1102639296187683,-0.169227761485826,-0.187683284457478,-0.5395894428152492,-0.0018392803397652,-0.4973216802932055,2050.0,2085.0,0.2,-0.0078182778658214,0.0016166733869304,-0.0005040777227683
1997-08-18,1705.0,1705.0,1700.0,1700.0,9000.0,1700.0,1717.0,1754.5,1879.6,1990.2,2104.95,False,False,False,False,False,False,False,False,False,False,False,0.0117647058823529,0.0147058823529411,,,-0.1056470588235293,-0.1707058823529412,-0.2205882352941176,-0.6029411764705882,-0.0016748735470471,-0.5047021943573667,2090.0,2115.0,9.0,-0.007129176420515,0.0006891014453063,0.0001644067927181
1997-08-19,1725.0,1725.0,1700.0,1710.0,5000.0,1710.0,1713.0,1745.0,1868.0,1987.6666666666667,2099.85,False,False,False,False,False,False,False,False,False,False,False,0.0058479532163742,-0.0058479532163742,,,-0.0923976608187134,-0.1623781676413256,-0.2982456140350877,-0.5935672514619883,-0.0012745262451785,-0.5151862464183381,2200.0,2030.0,0.5555555555555556,-0.0062098501070663,0.0009193263134487,0.0004003473018685
1997-08-20,1705.0,1705.0,1700.0,1700.0,3000.0,1700.0,1708.0,1740.0,1856.0,1985.3333333333333,2094.6,False,False,False,False,False,False,False,False,False,True,False,0.0117647058823529,0.0029411764705882,,,-0.0917647058823529,-0.1678431372549019,-0.3941176470588235,-0.5882352941176471,-0.0011752854264607,-0.5267241379310345,2195.0,2020.0,0.6,-0.0064655172413793,-0.0002556671343129,9.924081871779776e-05
1997-08-21,1705.0,1705.0,1705.0,1705.0,2000.0,1705.0,1704.0,1735.5,1843.6,1982.2666666666669,2089.375,False,False,False,False,False,False,False,False,False,True,False,0.0,0.0,,,-0.0812903225806451,-0.1626197458455524,-0.3929618768328445,-0.5894428152492669,-0.0015470505145623,-0.5375972342264477,2235.0,2075.0,0.6666666666666666,-0.0067259709264483,-0.0002604536850689,-0.0003717650881015
1997-08-25,1740.0,1740.0,1705.0,1710.0,8000.0,1710.0,1705.0,1728.5,1831.2,1979.733333333333,2084.225,False,False,False,False,False,False,False,False,False,True,False,0.0,-0.0029239766081871,,,-0.0708771929824561,-0.1577387914230018,-0.3859649122807017,-0.5935672514619883,-0.0012796336206898,-0.5490309516922187,2170.0,2060.0,4.0,-0.0067715159458277,-4.554501937949467e-05,0.0002674168938724
1997-08-26,1715.0,1720.0,1715.0,1720.0,23000.0,1720.0,1709.0,1713.0,1819.4,1976.0,2079.2,False,False,False,False,False,False,False,False,False,False,False,0.002906976744186,-0.0261627906976744,,,-0.0577906976744186,-0.1488372093023255,-0.3313953488372093,-0.6511627906976745,-0.0018893387314438,-0.563922942206655,2120.0,2005.0,2.875,-0.0064856546114103,0.0002858613344174,-0.000609705110754
1997-08-27,1720.0,1720.0,1715.0,1720.0,9000.0,1720.0,1711.0,1712.0,1808.2,1972.2666666666669,2074.275,False,False,False,False,False,False,False,False,False,False,False,-0.0116279069767441,-0.0406976744186046,,,-0.0512790697674418,-0.1466666666666667,-0.2732558139534883,-0.6802325581395349,-0.0018929150892373,-0.5826518691588785,2175.0,2005.0,0.391304347826087,-0.0061940050879327,0.0002916495234775,-3.57635779343066e-06
1997-08-28,1720.0,1720.0,1720.0,1720.0,1000.0,1720.0,1715.0,1711.5,1797.2,1969.1333333333328,2069.35,False,False,False,False,False,False,False,False,False,False,False,-0.0087209302325581,-0.0319767441860465,,,-0.0448837209302325,-0.14484496124031,-0.2732558139534883,-0.6046511627906976,-0.0015912245657989,-0.5939234589541338,2275.0,1975.0,0.1111111111111111,-0.006120632094369,7.337299356375681e-05,0.0003016905234383
1997-08-29,1725.0,1725.0,1705.0,1705.0,8000.0,1705.0,1715.0,1709.5,1787.0,1966.2666666666669,2064.25,False,False,False,False,False,False,False,False,False,False,False,0.0,-0.0175953079178885,,,-0.0480938416422287,-0.1532355816226785,-0.1788856304985337,-0.5982404692082112,-0.001457923645487,-0.6042702544603685,2260.0,1950.0,8.0,-0.0057078903189703,0.0004127417753986,0.0001333009203119
1997-09-01,1705.0,1710.0,1705.0,1710.0,22000.0,1710.0,1715.0,1710.0,1776.8,1964.2666666666669,2057.825,False,False,False,False,False,False,False,False,False,True,False,-0.0029239766081871,-0.1198830409356725,,,-0.03906432748538,-0.1486939571150098,-0.1374269005847953,-0.6052631578947368,-0.0010181916915557,-0.6108187134502924,2260.0,1985.0,2.75,-0.0057406573615488,-3.276704257851055e-05,0.0004397319539312
1997-09-03,1725.0,1725.0,1725.0,1725.0,1000.0,1725.0,1716.0,1712.5,1768.2,1961.2666666666669,2051.825,False,False,False,False,False,False,False,False,False,False,False,-0.0289855072463768,-0.1304347826086956,,,-0.0250434782608695,-0.1369661835748793,-0.2463768115942029,-0.6086956521739131,-0.0015296237125667,-0.6113868613138687,2175.0,1960.0,0.0454545454545454,-0.0048637032009953,0.0008769541605535,-0.0005114320210109
1997-09-04,1720.0,1725.0,1700.0,1700.0,24000.0,1700.0,1712.0,1711.5,1759.2,1957.9333333333327,2046.2,False,False,False,False,False,False,False,False,False,True,False,-0.0294117647058823,-0.1147058823529411,,,-0.0348235294117647,-0.1517254901960783,-0.2647058823529412,-0.5882352941176471,-0.0017024753992306,-0.6108676599474145,2155.0,1975.0,24.0,-0.0051159618008185,-0.0002522585998232,-0.0001728516866639
1997-09-05,1750.0,1750.0,1705.0,1705.0,3000.0,1705.0,1709.0,1712.0,1751.0,1955.2666666666669,2040.6,False,False,False,False,False,False,False,False,False,False,False,-0.0234604105571847,-0.1114369501466275,,,-0.0269794721407624,-0.1467839687194527,-0.2346041055718475,-0.5894428152492669,-0.0013638378396806,-0.610981308411215,2175.0,1990.0,0.125,-0.0046830382638492,0.0004329235369692,0.00033863755955
1997-09-08,1700.0,1705.0,1700.0,1705.0,4000.0,1705.0,1709.0,1712.0,1742.8,1951.6666666666667,2035.375,False,False,False,False,False,False,False,False,False,True,False,-0.0175953079178885,-0.1173020527859237,,,-0.0221700879765395,-0.144672531769306,-0.2287390029325513,-0.5894428152492669,-0.0018445772843724,-0.610981308411215,2175.0,1975.0,1.3333333333333333,-0.0047050722974524,-2.2034033603146944e-05,-0.0004807394446917
1997-09-09,1705.0,1710.0,1705.0,1705.0,9000.0,1705.0,1708.0,1711.5,1735.0,1946.6,2030.0,False,False,False,False,False,False,False,False,False,False,False,-0.1173020527859237,-0.187683284457478,,,-0.0175953079178885,-0.1417008797653958,-0.2082111436950146,-0.5747800586510264,-0.0026028288640022,-0.6091148115687993,2075.0,1970.0,2.25,-0.0044956772334293,0.000209395064023,-0.0007582515796298
1997-09-10,1700.0,1700.0,1675.0,1675.0,4000.0,1675.0,1698.0,1707.0,1726.4,1940.733333333333,2024.725,False,False,False,False,False,False,False,False,False,True,False,-0.1044776119402985,-0.208955223880597,,,-0.0306865671641791,-0.1586467661691541,-0.226865671641791,-0.6119402985074627,-0.003022912301192,-0.6051552431165788,2035.0,1965.0,0.4444444444444444,-0.0049814643188136,-0.0004857870853842,-0.0004200834371897
1997-09-11,1675.0,1675.0,1650.0,1650.0,12000.0,1650.0,1688.0,1700.0,1720.2,1935.6666666666667,2019.325,False,False,False,False,False,False,False,False,False,False,False,-0.0878787878787878,-0.2727272727272727,,,-0.0425454545454545,-0.1731313131313131,-0.2363636363636363,-0.5757575757575758,-0.0026175305665574,-0.5947058823529412,2000.0,2075.0,3.0,-0.0036042320660388,0.0013772322527748,0.0004053817346345
1997-09-12,1665.0,1665.0,1660.0,1665.0,4000.0,1665.0,1680.0,1694.5,1716.8,1930.9333333333327,2014.15,False,False,False,False,False,False,False,False,False,False,False,-0.09009009009009,-0.3813813813813814,,,-0.031111111111111,-0.1597197197197196,-0.2282282282282282,-0.5495495495495496,-0.002451318878608,-0.5892593685452936,2000.0,2065.0,0.3333333333333333,-0.0019804287045666,0.0016238033614721,0.0001662116879494
1997-09-16,1650.0,1675.0,1650.0,1675.0,13000.0,1675.0,1674.0,1691.5,1713.8,1925.6,2009.025,False,False,False,False,False,False,False,False,False,False,False,-0.1014925373134328,-0.382089552238806,,,-0.0231641791044775,-0.1496119402985074,-0.2537313432835821,-0.5522388059701493,-0.0027696994876055,-0.5846881466154301,2015.0,2050.0,3.25,-0.0017504959738592,0.0002299327307074,-0.0003183806089975
1997-09-17,1575.0,1575.0,1505.0,1505.0,8000.0,1505.0,1634.0,1671.0,1702.8,1918.2,2002.675,False,False,False,False,False,False,False,False,False,True,False,-0.0797342192691029,-0.3023255813953488,,,-0.1314285714285714,-0.2745514950166113,-0.0963455149501661,-0.3853820598006645,-0.0038577833385464,-0.5646319569120287,2020.0,2050.0,0.6153846153846154,-0.0064599483204134,-0.0047094523465541,-0.0010880838509409
1997-09-18,1500.0,1500.0,1475.0,1500.0,16000.0,1500.0,1599.0,1648.5,1687.8,1911.4666666666667,1996.675,False,False,False,False,False,False,False,False,False,True,False,-0.1166666666666666,-0.2333333333333333,,,-0.1251999999999999,-0.2743111111111111,-0.16,-0.3833333333333333,-0.0035226004464285,-0.5435244161358811,2015.0,2090.0,2.0,-0.0088873089228581,-0.0024273606024447,0.0003351828921179
1997-09-19,1505.0,1505.0,1505.0,1505.0,6000.0,1505.0,1570.0,1629.0,1678.8,1904.8,1990.75,False,False,False,False,False,False,False,False,False,False,False,-0.2026578073089701,-0.1694352159468438,,,-0.1154817275747508,-0.2656478405315614,-0.1162790697674418,-0.3953488372093023,-0.0034999300014,-0.5251688152240639,2000.0,2200.0,0.375,-0.0053609721229449,0.0035263367999131,2.2670445028567625e-05
1997-09-22,1505.0,1515.0,1505.0,1515.0,8000.0,1515.0,1540.0,1610.0,1670.4,1898.6666666666667,1984.85,False,False,False,False,False,False,False,False,False,False,False,-0.3201320132013201,-0.1749174917491749,,,-0.1025742574257426,-0.2532453245324533,-0.1254125412541254,-0.3432343234323432,-0.0032303370786516,-0.5012422360248447,1995.0,2195.0,1.3333333333333333,-0.0050287356321838,0.0003322364907611,0.0002695929227483
1997-09-24,1505.0,1505.0,1505.0,1505.0,8000.0,1505.0,1506.0,1590.0,1661.6,1892.733333333333,1979.25,False,False,False,False,False,False,False,False,False,True,False,-0.3122923588039867,-0.0697674418604651,,,-0.1040531561461793,-0.2576301218161682,-0.1362126245847176,-0.2757475083056478,-0.0031347962382446,-0.470440251572327,1960.0,2235.0,1.0,-0.0052961001444392,-0.0002673645122553,9.554084040695484e-05
1997-09-25,1505.0,1505.0,1385.0,1385.0,18000.0,1385.0,1482.0,1558.0,1648.8,1884.733333333333,1973.275,False,False,False,False,False,False,False,False,False,True,False,-0.2418772563176895,0.0649819494584837,,,-0.1904693140794223,-0.360818291215403,-0.0794223826714801,-0.0613718411552346,-0.0042446323087262,-0.4226572528883183,1965.0,2170.0,2.25,-0.0077632217370208,-0.0024671215925816,-0.0011098360704815
1997-09-26,1385.0,1385.0,1325.0,1325.0,19000.0,1325.0,1447.0,1523.0,1633.8,1876.2666666666669,1966.95,False,False,False,False,False,False,False,False,False,True,False,-0.1320754716981132,-0.0188679245283018,,,-0.2330566037735848,-0.4160503144654089,-0.0528301886792452,-0.1886792452830188,-0.0045125071063101,-0.381483913328956,1940.0,2120.0,1.0555555555555556,-0.0091810503121557,-0.0014178285751348,-0.0002678747975839
1997-09-29,1320.0,1320.0,1190.0,1200.0,21000.0,1200.0,1386.0,1478.0,1613.4,1865.9333333333327,1959.7,False,False,False,False,False,False,False,False,False,True,False,0.0416666666666666,0.0416666666666666,,,-0.3445000000000001,-0.5549444444444444,0.0416666666666666,-0.1041666666666666,-0.0055378898853122,-0.3372801082543978,1925.0,2175.0,1.105263157894737,-0.0126441056154703,-0.0034630553033146,-0.0010253827790021
1997-09-30,1150.0,1150.0,1030.0,1030.0,50000.0,1030.0,1289.0,1414.5,1586.6,1853.1333333333328,1952.125,False,False,False,False,False,False,False,False,False,True,False,0.2135922330097087,0.2669902912621359,,,-0.540388349514563,-0.7991585760517799,0.2135922330097087,0.0679611650485436,-0.006907220203619,-0.2827854365500177,1910.0,2275.0,2.380952380952381,-0.0168914660279844,-0.0042473604125141,-0.0013693303183067
1997-10-01,1055.0,1055.0,1030.0,1035.0,24000.0,1035.0,1195.0,1350.5,1559.8,1840.6,1945.275,False,False,False,False,False,False,False,False,False,True,False,0.3526570048309179,0.2705314009661835,,,-0.5070531400966183,-0.7783574879227052,0.2367149758454106,0.0628019323671497,-0.0068093737549349,-0.2228804146612366,1910.0,2260.0,0.48,-0.0171816899602512,-0.0002902239322668,9.784644868410242e-05
1997-10-02,1050.0,1125.0,1050.0,1050.0,17000.0,1050.0,1128.0,1305.0,1533.4,1828.3333333333333,1938.5,False,False,False,False,False,False,False,False,False,True,False,0.4047619047619047,0.2857142857142857,,,-0.4603809523809524,-0.7412698412698412,0.1904761904761904,0.0571428571428571,-0.0067092069279854,-0.1816091954022988,1900.0,2260.0,0.7083333333333334,-0.0172166427546627,-3.495279441146498e-05,0.0001001668269495
1997-10-03,1060.0,1200.0,1060.0,1150.0,14000.0,1150.0,1093.0,1270.0,1510.6,1817.4666666666667,1932.125,False,False,False,False,False,False,False,False,False,False,False,0.1304347826086956,0.1260869565217391,,,-0.3135652173913043,-0.5804057971014493,0.0217391304347826,-0.0347826086956521,-0.0059790184139094,-0.1444881889763779,1890.0,2175.0,0.8235294117647058,-0.0150933403945453,0.0021233023601174,0.0007301885140759
1997-10-06,1155.0,1250.0,1150.0,1250.0,9000.0,1250.0,1103.0,1244.5,1491.8,1806.4666666666667,1926.375,False,False,False,False,False,False,False,False,False,False,False,0.0,0.008,,,-0.1934399999999999,-0.4451733333333333,-0.08,-0.06,-0.0060892349706609,-0.105664925672961,1805.0,2155.0,0.6428571428571429,-0.0126022254993966,0.0024911148951486,-0.0001102165567515
1997-10-07,1300.0,1300.0,1250.0,1250.0,18000.0,1250.0,1147.0,1218.0,1473.0,1795.6,1920.975,False,False,False,False,False,False,False,False,False,True,False,0.044,0.028,,,-0.1784,-0.4364799999999999,-0.04,-0.06,-0.0060518304002376,-0.0714285714285714,1750.0,2175.0,2.0,-0.0127630685675491,-0.0001608430681525,3.7404570423272415e-05
1997-10-08,1255.0,1400.0,1250.0,1400.0,10000.0,1400.0,1220.0,1207.5,1460.8,1786.9333333333334,1916.225,False,False,False,False,False,False,False,False,False,False,False,-0.0607142857142857,-0.1071428571428571,,,-0.0434285714285713,-0.2763809523809524,-0.1428571428571428,-0.125,-0.0048500223847186,-0.0521739130434782,1750.0,2175.0,0.5555555555555556,-0.0083515881708653,0.0044114803966838,0.001201808015519
1997-10-09,1395.0,1475.0,1395.0,1475.0,6000.0,1475.0,1305.0,1216.5,1451.4,1779.2666666666669,1911.875,False,False,False,False,True,False,False,False,False,False,True,-0.0847457627118644,-0.0779661016949152,,,0.0159999999999999,-0.2062824858757063,-0.2203389830508474,-0.1525423728813559,-0.0043088913035332,-0.0632963419646527,1780.0,2075.0,0.6,-0.0064765054430204,0.0018750827278448,0.0005411310811854
1997-10-13,1300.0,1300.0,1300.0,1300.0,1000.0,1300.0,1335.0,1214.0,1434.4,1768.7333333333331,1906.525,False,False,False,False,False,False,False,False,False,True,False,-0.0038461538461538,-0.0307692307692307,,,-0.1033846153846154,-0.3605641025641024,-0.1923076923076923,-0.1076923076923077,-0.0059552975764202,-0.0543657331136738,1875.0,2035.0,0.1666666666666666,-0.0118516452872281,-0.0053751398442076,-0.001646406272887
1997-10-14,1260.0,1260.0,1250.0,1250.0,9000.0,1250.0,1335.0,1219.0,1416.4,1756.0666666666666,1900.775,False,False,False,False,False,False,False,False,False,True,True,0.008,0.064,,,-0.13312,-0.4048533333333333,-0.088,-0.072,-0.0072130898599141,-0.0512715340442986,1730.0,2000.0,9.0,-0.0127082744987291,-0.000856629211501,-0.0012577922834938
1997-10-15,1275.0,1305.0,1275.0,1305.0,4000.0,1305.0,1346.0,1246.5,1400.4,1744.2,1895.3,False,False,False,False,False,False,False,False,False,False,False,-0.0153256704980842,0.0153256704980842,,,-0.0731034482758621,-0.336551724137931,-0.2911877394636015,-0.1570881226053639,-0.0068035011275464,-0.0722021660649819,1725.0,2000.0,0.4444444444444444,-0.0114253070551271,0.001282967443602,0.0004095887323676
1997-10-16,1315.0,1315.0,1315.0,1315.0,3000.0,1315.0,1329.0,1274.5,1384.8,1731.9333333333334,1889.875,False,False,False,False,False,False,False,False,False,False,False,-0.0494296577946768,-0.0114068441064638,,,-0.0530798479087452,-0.3170595690747782,-0.2927756653992395,-0.1596958174904943,-0.0070826436737364,-0.0921930168693605,1725.0,2015.0,0.75,-0.0112651646447141,0.0001601424104129,-0.0002791425461899
1997-10-17,1315.0,1350.0,1250.0,1350.0,8000.0,1350.0,1304.0,1304.5,1370.6,1721.0,1884.7,False,False,False,False,False,False,False,False,False,False,False,0.0074074074074074,-0.0555555555555555,,,-0.0152592592592591,-0.2748148148148148,-0.3111111111111111,-0.1814814814814815,-0.0063528956033314,-0.1134534304331161,1705.0,2020.0,2.6666666666666665,-0.0103604260907632,0.0009047385539509,0.000729748070405
1997-10-20,1300.0,1300.0,1295.0,1295.0,2000.0,1295.0,1303.0,1319.0,1355.4,1710.0,1879.925,False,False,False,False,False,False,False,False,False,True,False,-0.027027027027027,-0.0308880308880308,,,-0.0466409266409267,-0.3204633204633205,-0.305019305019305,-0.1505791505791505,-0.0064327485380116,-0.1239575435936315,1700.0,2015.0,0.25,-0.0112144016526485,-0.0008539755618853,-7.985293468026466e-05
1997-10-22,1295.0,1310.0,1260.0,1260.0,5000.0,1260.0,1305.0,1320.0,1339.8,1697.8,1874.85,False,False,False,False,False,False,False,False,False,True,False,0.0555555555555555,-0.0079365079365079,,,-0.0633333333333333,-0.3474603174603174,-0.2658730158730158,-0.1746031746031746,-0.0071857698197667,-0.1348484848484848,1710.0,2000.0,2.5,-0.0116435288849082,-0.0004291272322597,-0.000753021281755
1997-10-23,1335.0,1335.0,1285.0,1285.0,3000.0,1285.0,1301.0,1323.5,1324.6,1684.6,1870.275,False,False,False,False,False,False,False,False,False,False,True,0.0311284046692607,-0.0272373540856031,,,-0.030817120622568,-0.3109727626459143,-0.2801556420233463,-0.2412451361867704,-0.0078356879971506,-0.1522478277295051,1700.0,1995.0,0.6,-0.0114751623131511,0.0001683665717571,-0.0006499181773839
1997-10-24,1275.0,1275.0,1250.0,1250.0,5000.0,1250.0,1288.0,1308.5,1307.6,1671.1333333333334,1866.4,False,False,False,False,False,False,False,False,False,True,False,0.04,0.024,,,-0.0460799999999999,-0.3369066666666667,-0.272,-0.18,-0.008058403478677,-0.1578142911730989,1705.0,1960.0,1.6666666666666667,-0.0130009177118384,-0.0015257553986873,-0.0002227154815263
1997-10-27,1360.0,1360.0,1360.0,1360.0,6000.0,1360.0,1290.0,1297.0,1301.8,1659.1333333333334,1862.7,False,False,False,False,True,False,False,False,False,False,False,-0.0625,-0.0808823529411764,,,0.0427941176470588,-0.2199509803921569,-0.3198529411764705,-0.2352941176470588,-0.0072326917667858,-0.1665381649961449,1710.0,1965.0,1.2,-0.0044553694884006,0.0085455482234378,0.0008257117118911
1997-10-28,1260.0,1260.0,1260.0,1260.0,3000.0,1260.0,1283.0,1293.0,1292.2,1646.9333333333334,1858.875,False,False,False,False,False,False,False,False,False,True,False,-0.0039682539682539,-0.0674603174603174,,,-0.0255555555555555,-0.3070899470899471,-0.2658730158730158,-0.1269841269841269,-0.007407707253886,-0.168600154679041,1720.0,1940.0,0.5,-0.007429190527782,-0.0029738210393813,-0.0001750154871001
1997-10-29,1325.0,1330.0,1325.0,1330.0,3000.0,1330.0,1297.0,1301.0,1285.2,1635.9333333333334,1855.3,False,False,False,False,False,False,False,False,False,False,True,-0.0601503759398496,-0.1353383458646616,,,0.0336842105263157,-0.2300250626566416,-0.3421052631578947,-0.1729323308270676,-0.0067239903826561,-0.1783243658724058,1720.0,1925.0,1.0,-0.0054466230936819,0.0019825674341,0.0006837168712298
1997-10-31,1325.0,1325.0,1325.0,1325.0,1000.0,1325.0,1305.0,1303.0,1277.6,1624.6,1851.8,False,False,False,False,False,False,False,False,False,True,False,-0.0566037735849056,-0.0943396226415094,,,0.0357735849056604,-0.2261132075471697,-0.3396226415094339,-0.1320754716981132,-0.0069760761623374,-0.1757482732156561,1720.0,1910.0,0.3333333333333333,-0.0059486537257358,-0.0005020306320539,-0.0002520857796813
1997-11-04,1300.0,1300.0,1255.0,1300.0,7000.0,1300.0,1315.0,1301.5,1269.4,1612.9333333333334,1848.3,False,False,False,False,False,False,False,False,False,True,False,-0.0153846153846153,-0.0769230769230769,,,0.0235384615384614,-0.2407179487179487,-0.3307692307692307,-0.0769230769230769,-0.0072331983136313,-0.1674990395697272,1705.0,1910.0,7.0,-0.0064597447613044,-0.0005110910355685,-0.0002571221512938
1997-11-05,1275.0,1275.0,1275.0,1275.0,2000.0,1275.0,1298.0,1294.0,1265.0,1602.2666666666669,1844.8,False,False,False,False,False,False,False,False,False,False,False,-0.0196078431372549,-0.0980392156862745,,,0.0078431372549019,-0.2566797385620917,-0.3843137254901961,-0.0784313725490196,-0.006657235582924,-0.1572642967542503,1710.0,1900.0,0.2857142857142857,-0.0034782608695652,0.0029814838917391,0.0005759627307072
1997-11-06,1275.0,1275.0,1255.0,1255.0,21000.0,1255.0,1297.0,1290.0,1262.2,1591.8666666666666,1840.45,False,False,False,False,False,True,False,False,False,False,False,-0.0637450199203187,-0.1633466135458167,,,-0.0057370517928287,-0.2684196547144753,-0.4621513944223107,-0.0836653386454183,-0.0065332104866406,-0.1507751937984496,1725.0,1890.0,10.5,-0.0022183489145935,0.0012599119549717,0.0001240250962834
1997-11-07,1255.0,1255.0,1250.0,1250.0,11000.0,1250.0,1281.0,1289.0,1264.2,1581.8666666666666,1836.1,False,False,False,False,False,False,True,False,True,False,False,-0.08,-0.088,,,-0.01136,-0.2654933333333332,-0.444,-0.04,-0.0063216453135536,-0.1377036462373933,1700.0,1805.0,0.5238095238095238,0.0015820281601012,0.0038003770746947,0.000211565173087
1997-11-10,1250.0,1250.0,1250.0,1250.0,4000.0,1250.0,1266.0,1285.5,1273.0,1571.8666666666666,1832.475,False,False,False,False,False,False,True,False,False,False,False,-0.04,-0.26,,,-0.0184,-0.2574933333333332,-0.44,-0.04,-0.0063618627534142,-0.1178529754959159,1705.0,1750.0,0.3636363636363636,0.0069128043990573,0.005330776238956,-4.0217439860591904e-05
1997-11-11,1250.0,1280.0,1250.0,1280.0,6000.0,1280.0,1262.0,1288.5,1282.8,1562.0666666666666,1829.0,False,False,False,False,False,False,True,False,False,False,True,-0.0625,-0.2734375,,,-0.0021874999999999,-0.2203645833333332,-0.453125,-0.0625,-0.0062737399172036,-0.106325184322856,1705.0,1750.0,1.5,0.0076395385095104,0.0007267341104531,8.812283621052481e-05
1997-11-12,1285.0,1285.0,1250.0,1250.0,9000.0,1250.0,1257.0,1277.5,1290.8,1551.8,1826.0,False,False,False,False,False,False,True,False,False,True,False,-0.08,-0.256,,,-0.0326399999999999,-0.2414399999999999,-0.444,-0.096,-0.0066159728487347,-0.0915851272015655,1705.0,1780.0,1.5,0.006197706848466,-0.0014418316610443,-0.0003422329315311
1997-11-13,1250.0,1250.0,1175.0,1175.0,8000.0,1175.0,1241.0,1269.0,1291.8,1540.6,1822.375,False,False,False,False,False,False,True,False,False,True,False,-0.1063829787234042,-0.2340425531914893,,,-0.0994042553191489,-0.3111489361702126,-0.4893617021276595,-0.0425531914893617,-0.0072698948461638,-0.0835303388494877,1675.0,1875.0,0.8888888888888888,0.0007741136398823,-0.0054235932085837,-0.000653921997429
1997-11-14,1240.0,1250.0,1150.0,1150.0,40000.0,1150.0,1221.0,1251.0,1287.8,1529.2666666666669,1818.85,False,False,False,False,False,False,False,False,False,True,False,-0.008695652173913,-0.1956521739130435,,,-0.1198260869565217,-0.3297971014492755,-0.5217391304347826,-0.0434782608695652,-0.0074109595012858,-0.070343725019984,1650.0,1730.0,5.0,-0.0031060723714862,-0.0038801860113685,-0.0001410646551219
1997-11-17,1125.0,1200.0,1125.0,1200.0,15000.0,1200.0,1211.0,1238.5,1285.8,1518.6666666666667,1815.1,False,False,False,False,False,False,False,False,False,False,False,-0.2291666666666666,-0.2291666666666666,,,-0.0714999999999999,-0.2655555555555556,-0.4333333333333333,-0.1041666666666666,-0.0069798068481124,-0.067016552280985,1665.0,1725.0,0.375,-0.0015554518587649,0.0015506205127212,0.0004311526531733
1997-11-18,1200.0,1200.0,1200.0,1200.0,5000.0,1200.0,1195.0,1228.5,1277.8,1508.5333333333333,1811.125,False,False,False,False,False,False,False,False,False,True,False,-0.225,-0.2416666666666666,,,-0.0648333333333333,-0.257111111111111,-0.4291666666666666,-0.0625,-0.0067173413470037,-0.0655270655270655,1675.0,1725.0,0.3333333333333333,-0.0062607606824229,-0.0047053088236579,0.0002624655011086
1997-11-19,1200.0,1200.0,1125.0,1150.0,27000.0,1150.0,1175.0,1216.0,1264.8,1497.6666666666667,1807.325,False,False,False,False,False,False,False,False,False,True,False,-0.1913043478260869,-0.1956521739130435,,,-0.0998260869565217,-0.3023188405797102,-0.4130434782608695,-0.0652173913043478,-0.0072557311373246,-0.0641447368421052,1505.0,1705.0,5.4,-0.0102783048703352,-0.0040175441879123,-0.0005383897903208
1997-11-20,1145.0,1200.0,1050.0,1050.0,16000.0,1050.0,1150.0,1195.5,1254.8,1485.8,1802.825,False,False,False,False,False,False,False,False,False,False,False,-0.1428571428571428,-0.119047619047619,,,-0.195047619047619,-0.415047619047619,-0.3571428571428571,0.0238095238095238,-0.007986718714946,-0.0543705562526139,1500.0,1700.0,0.5925925925925926,-0.0079693975135479,0.0023089073567872,-0.0007309875776213
1997-11-21,1125.0,1150.0,1125.0,1140.0,17000.0,1140.0,1148.0,1184.5,1250.4,1475.3333333333333,1798.8,False,False,False,False,False,False,False,False,False,False,False,-0.1885964912280701,-0.2324561403508772,,,-0.0968421052631579,-0.2941520467836256,-0.3859649122807017,-0.0570175438596491,-0.0070944419340262,-0.056141831996623,1505.0,1710.0,1.0625,-0.0035188739603325,0.0044505235532153,0.0008922767809197
1997-11-26,900.0,950.0,900.0,925.0,72000.0,925.0,1093.0,1152.0,1235.2,1462.2,1793.875,False,False,False,False,False,False,False,False,False,True,False,0.0,-0.054054054054054,,,-0.3353513513513514,-0.5807567567567568,-0.2432432432432432,0.1027027027027027,-0.0089818994209637,-0.0451388888888888,1515.0,1700.0,4.235294117647059,-0.0123056994818653,-0.0087868255215327,-0.0018874574869375
1997-11-27,950.0,955.0,930.0,930.0,16000.0,930.0,1039.0,1117.0,1219.8,1449.1333333333334,1788.775,False,False,False,False,False,False,False,False,False,True,False,-0.021505376344086,-0.064516129032258,,,-0.3116129032258064,-0.5582078853046596,-0.2473118279569892,0.0483870967741935,-0.0090168836545981,-0.0353625783348254,1505.0,1705.0,0.2222222222222222,-0.0126250204951632,-0.0003193210132978,-3.49842336343463e-05
1997-11-28,900.0,930.0,880.0,930.0,16000.0,930.0,995.0,1085.0,1203.0,1436.2,1783.675,False,False,False,False,False,False,False,False,False,True,False,-0.0053763440860215,-0.1559139784946236,,,-0.2935483870967741,-0.5443010752688172,-0.2204301075268817,0.0161290322580645,-0.0090052453233069,-0.0239631336405529,1385.0,1710.0,1.0,-0.0139650872817954,-0.0013400667866322,1.1638331291191977e-05
1997-12-01,900.0,900.0,900.0,900.0,3000.0,900.0,965.0,1057.5,1187.2,1423.0,1778.625,False,False,False,False,False,False,False,False,False,False,False,0.0277777777777777,-0.25,,,-0.3191111111111112,-0.5811111111111111,-0.2777777777777778,0.0,-0.0092761770906535,-0.0198581560283687,1325.0,1720.0,0.1875,-0.0133086253369271,0.0006564619448682,-0.0002709317673466
1997-12-02,910.0,925.0,910.0,925.0,10000.0,925.0,922.0,1035.0,1173.8,1411.2666666666669,1773.675,False,False,False,False,False,False,False,False,False,False,False,-0.054054054054054,-0.2486486486486486,,,-0.2689729729729729,-0.5256936936936939,-0.2432432432432432,0.027027027027027,-0.0083140441211203,-0.0130434782608695,1200.0,1720.0,3.333333333333333,-0.0114159141250639,0.0018927112118632,0.0009621329695332
1997-12-03,925.0,925.0,915.0,925.0,10000.0,925.0,922.0,1007.5,1159.4,1400.2666666666669,1768.55,False,False,False,False,False,False,False,False,False,True,False,-0.054054054054054,-0.2432432432432432,,,-0.2534054054054055,-0.513801801801802,-0.1891891891891892,0.081081081081081,-0.0078556465435155,0.0064516129032258,1030.0,1720.0,1.0,-0.0124202173538035,-0.0010043032287396,0.0004583975776048
1997-12-04,925.0,925.0,910.0,910.0,12000.0,910.0,918.0,978.5,1145.8,1389.0666666666666,1763.6,False,False,False,False,False,False,False,False,False,False,False,-0.0439560439560439,-0.2307692307692307,,,-0.259120879120879,-0.5264468864468864,-0.1758241758241758,0.0989010989010989,-0.0080629679401038,0.0235053653551354,1035.0,1705.0,1.2,-0.0118694362017805,0.000550781152023,-0.0002073213965883
1997-12-05,925.0,925.0,925.0,925.0,1000.0,925.0,917.0,956.0,1128.4,1377.6666666666667,1758.475,False,False,False,False,False,False,False,False,False,True,False,-0.1513513513513513,-0.2486486486486486,,,-0.2198918918918919,-0.4893693693693695,0.0,0.027027027027027,-0.0082748608758769,0.0345188284518828,1050.0,1710.0,0.0833333333333333,-0.0154200638071604,-0.0035506276053799,-0.0002118929357731
1997-12-08,930.0,930.0,925.0,925.0,6000.0,925.0,922.0,943.5,1115.0,1365.0,1753.325,False,False,False,False,False,False,False,False,False,False,False,-0.2702702702702703,-0.3513513513513513,,,-0.2054054054054054,-0.4756756756756757,0.0,0.0,-0.0092796092796093,0.0323264440911499,1150.0,1725.0,6.0,-0.012017937219731,0.0034021265874294,-0.0010047484037323
1997-12-09,910.0,925.0,875.0,875.0,13000.0,875.0,912.0,917.0,1096.8,1353.6,1748.125,False,False,False,False,False,False,False,False,False,True,False,-0.2057142857142857,-0.3714285714285714,,,-0.2534857142857142,-0.5469714285714284,0.04,0.0285714285714285,-0.0084219858156029,0.0430752453653217,1250.0,1700.0,2.1666666666666665,-0.0165937272064187,-0.0045757899866876,0.0008576234640064
1997-12-10,925.0,925.0,875.0,875.0,18000.0,875.0,902.0,912.0,1078.8,1342.2666666666669,1743.0,False,False,False,False,False,False,False,False,False,True,False,-0.2,-0.2228571428571428,,,-0.2329142857142856,-0.5340190476190478,0.1371428571428571,0.0285714285714285,-0.0084434290255287,0.0356359649122807,1250.0,1705.0,1.3846153846153846,-0.0166852057842046,-9.147857778595696e-05,-2.144320992582445e-05
1997-12-11,850.0,870.0,850.0,870.0,5000.0,870.0,894.0,906.0,1061.6,1330.8666666666666,1737.85,False,False,False,False,False,False,False,False,False,False,False,-0.1954022988505747,-0.2126436781609195,,,-0.2202298850574711,-0.5297318007662835,0.2528735632183908,0.0344827586206896,-0.0085658468166109,0.0342163355408388,1400.0,1705.0,0.2777777777777778,-0.0162019593067069,0.0004832464774977,-0.0001224177910822
1997-12-12,800.0,800.0,775.0,785.0,14000.0,785.0,866.0,891.5,1042.0,1318.6,1732.275,False,False,False,False,False,False,False,False,False,True,False,-0.1146496815286624,-0.1401273885350318,,,-0.3273885350318471,-0.6797452229299362,0.6560509554140127,0.0828025477707006,-0.0093027958946357,0.0403813796971396,1475.0,1705.0,2.8,-0.0188099808061419,-0.002608021499435,-0.0007369490780247
1997-12-15,690.0,700.0,675.0,675.0,19000.0,675.0,816.0,869.0,1018.8,1304.9333333333334,1726.025,False,False,False,False,False,False,False,False,False,True,False,-0.1111111111111111,0.0,,,-0.5093333333333333,-0.9332345679012348,0.5925925925925926,0.1925925925925926,-0.0104730765300908,0.0563866513233601,1300.0,1675.0,1.3571428571428572,-0.0227718884962701,-0.0039619076901282,-0.0011702806354551
1997-12-16,680.0,695.0,655.0,695.0,25000.0,695.0,780.0,846.0,996.6,1291.4,1719.775,False,False,False,False,False,False,False,False,False,False,False,-0.2086330935251798,0.0071942446043165,,,-0.4339568345323741,-0.8581294964028778,0.5467625899280576,0.2230215827338129,-0.0104795828816271,0.0732860520094562,1250.0,1650.0,1.3157894736842106,-0.0222757375075255,0.0004961509887446,-6.506351536331168e-06
1997-12-17,700.0,700.0,650.0,700.0,26000.0,700.0,745.0,823.5,974.6,1278.0666666666666,1713.275,False,False,False,False,False,False,False,False,False,True,False,-0.0285714285714285,0.0,,,-0.3922857142857143,-0.8258095238095238,0.5714285714285714,0.1785714285714285,-0.0104324239737104,0.0813600485731633,1305.0,1665.0,1.04,-0.0225733634311512,-0.0002976259236257,4.715890791674032e-05
1997-12-18,700.0,700.0,685.0,700.0,8000.0,700.0,711.0,802.5,951.4,1264.6666666666667,1706.775,False,False,False,False,False,False,False,False,False,True,False,-0.0214285714285714,0.0,,,-0.3591428571428571,-0.8066666666666668,0.5714285714285714,0.2571428571428571,-0.0105956773853451,0.0947040498442367,1315.0,1675.0,0.3076923076923077,-0.0243851166701703,-0.001811753239019,-0.0001632534116347
1997-12-19,675.0,695.0,640.0,695.0,31000.0,695.0,693.0,779.5,929.2,1251.1333333333334,1700.375,False,False,False,False,False,False,False,False,False,False,False,-0.0287769784172661,0.0431654676258992,,,-0.3369784172661871,-0.800191846522782,0.5971223021582733,0.1510791366906475,-0.010816859380828,0.1077613855035279,1350.0,1505.0,3.875,-0.0238915195867412,0.0004935970834291,-0.0002211819954828
1997-12-22,650.0,650.0,600.0,600.0,12000.0,600.0,678.0,747.0,906.2,1236.2,1693.525,False,False,False,False,False,False,False,False,False,True,False,0.125,0.0833333333333333,,,-0.5103333333333334,-1.0603333333333331,0.85,0.5083333333333333,-0.0120800302000755,0.1532797858099062,1295.0,1500.0,0.3870967741935484,-0.0253807106598984,-0.0014891910731572,-0.0012631708192475
1997-12-24,525.0,550.0,500.0,550.0,13000.0,550.0,649.0,714.5,882.2,1220.6,1686.5,False,False,False,False,False,False,False,False,False,True,False,0.2727272727272727,0.2727272727272727,,,-0.6040000000000001,-1.219272727272727,1.1363636363636365,0.5909090909090909,-0.0127805997050631,0.2022393282015395,1260.0,1505.0,1.0833333333333333,-0.0272047154840172,-0.0018240048241187,-0.0007005695049876
1997-12-25,700.0,700.0,650.0,680.0,18000.0,680.0,645.0,695.0,861.4,1206.7333333333331,1680.125,False,False,False,False,False,False,False,False,False,False,False,0.0294117647058823,0.1029411764705882,,,-0.2667647058823529,-0.7746078431372546,0.7279411764705882,0.3161764705882353,-0.0114910778410033,0.235251798561151,1285.0,1515.0,1.3846153846153846,-0.0241467378685861,0.0030579776154311,0.0012895218640598
1997-12-26,700.0,700.0,685.0,685.0,12000.0,685.0,642.0,676.5,840.8,1193.1333333333334,1673.55,False,False,False,False,False,False,False,False,False,True,False,0.0218978102189781,0.0948905109489051,,,-0.2274452554744525,-0.741800486618005,0.7883211678832117,0.3430656934306569,-0.0113985584176116,0.2719881744271988,1250.0,1505.0,0.6666666666666666,-0.0245004757373929,-0.0003537378688068,9.251942339173932e-05
1997-12-29,675.0,700.0,675.0,675.0,19000.0,675.0,638.0,665.5,821.8,1179.3333333333333,1666.925,False,False,False,False,False,False,False,False,False,False,False,0.074074074074074,0.3703703703703703,,,-0.2174814814814814,-0.7471604938271604,0.8518518518518519,0.1851851851851851,-0.0117015262860374,0.2854996243425995,1360.0,1385.0,1.5833333333333333,-0.0231199805305427,0.0013804952068502,-0.0003029678684258
1997-12-30,675.0,700.0,675.0,675.0,11000.0,675.0,653.0,665.5,806.8,1165.3333333333333,1660.275,False,False,False,False,False,False,False,False,False,False,False,-0.037037037037037,0.3703703703703703,,,-0.1952592592592592,-0.7264197530864196,0.7185185185185186,0.1629629629629629,-0.0120137299771167,0.2824943651389932,1260.0,1325.0,0.5789473684210527,-0.0185919682697074,0.0045280122608352,-0.0003122036910792
1998-01-06,700.0,700.0,700.0,700.0,2000.0,700.0,683.0,666.0,789.2,1152.0,1653.525,False,False,False,False,False,False,False,False,False,True,False,0.0,0.3,,,-0.1274285714285715,-0.6457142857142857,0.6571428571428571,0.1428571428571428,-0.011574074074074,0.274024024024024,1330.0,1200.0,0.1818181818181818,-0.0223010643689811,-0.0037090960992736,0.0004396559030426
1998-01-07,700.0,700.0,700.0,700.0,1000.0,700.0,687.0,666.0,780.2,1138.6,1647.2,False,False,False,False,False,False,False,False,False,False,False,0.0714285714285714,0.4214285714285714,,,-0.1145714285714286,-0.6265714285714284,0.5714285714285714,0.1285714285714285,-0.0117688389249956,0.2687687687687687,1325.0,1030.0,0.5,-0.0115355037169956,0.0107655606519854,-0.0001947648509216
1998-01-08,700.0,700.0,700.0,700.0,3000.0,700.0,690.0,666.0,771.0,1125.2,1640.825,False,False,False,False,False,False,False,False,False,True,False,0.0714285714285714,0.5571428571428572,,,-0.1014285714285714,-0.6074285714285715,0.5785714285714286,0.0714285714285714,-0.0119089939566298,0.2492492492492492,1300.0,1035.0,3.0,-0.0119325551232166,-0.000397051406221,-0.0001401550316341
1998-01-09,725.0,725.0,725.0,725.0,2000.0,725.0,700.0,669.0,762.8,1112.1333333333334,1634.65,False,False,False,False,False,False,False,False,False,False,True,0.2758620689655172,0.7931034482758621,,,-0.0521379310344826,-0.533977011494253,0.5241379310344828,0.0344827586206896,-0.0117491907445149,0.2361733931240657,1275.0,1050.0,0.6666666666666666,-0.0107498689040378,0.0011826862191788,0.0001598032121148
1998-01-13,700.0,700.0,650.0,650.0,2000.0,650.0,695.0,674.0,752.8,1098.4666666666667,1628.1,False,False,False,False,False,False,False,False,False,True,False,0.4230769230769231,0.6538461538461539,,,-0.1581538461538461,-0.689948717948718,0.6923076923076923,0.1846153846153846,-0.0124415852400316,0.206973293768546,1255.0,1150.0,1.0,-0.0132837407013815,-0.0025338717973436,-0.0006923944955166
1998-01-16,650.0,700.0,650.0,700.0,23000.0,700.0,695.0,689.0,743.8,1085.8,1621.675,False,False,False,False,False,False,False,False,False,False,False,0.3,0.5357142857142857,,,-0.0625714285714285,-0.551142857142857,0.4857142857142857,0.2285714285714285,-0.011665745686744,0.1785195936139332,1250.0,1250.0,11.5,-0.0121000268889486,0.0011837138124328,0.0007758395532875
1998-01-19,715.0,750.0,715.0,750.0,12000.0,750.0,705.0,696.0,736.8,1073.6,1615.05,False,False,False,False,True,False,False,False,False,False,False,0.3266666666666666,0.4666666666666667,,,0.0176,-0.4314666666666665,0.3,0.0666666666666666,-0.0113636363636364,0.1530172413793103,1250.0,1250.0,0.5217391304347826,-0.009500542888165,0.0025994840007836,0.0003021093231076
1998-01-20,750.0,750.0,750.0,750.0,6000.0,750.0,715.0,702.5,730.4,1061.2666666666669,1607.6,False,False,False,False,False,False,False,False,False,False,False,0.4533333333333333,0.4666666666666667,,,0.0261333333333333,-0.4150222222222225,0.3666666666666666,0.2,-0.0116213329983036,0.1395017793594306,1280.0,1400.0,0.5,-0.008762322015334,0.000738220872831,-0.0002576966346672
1998-01-21,755.0,950.0,755.0,925.0,22000.0,925.0,755.0,727.5,730.4,1053.5333333333333,1601.5,False,False,False,False,False,False,False,False,False,False,False,0.4054054054054054,0.2,,,0.2103783783783784,-0.1389549549549549,0.1243243243243243,0.0108108108108108,-0.007340378409163,0.1189003436426116,1250.0,1475.0,3.6666666666666665,0.0,0.008762322015334,0.0042809545891405
1998-01-22,920.0,925.0,915.0,925.0,78000.0,925.0,810.0,752.5,730.4,1045.8666666666666,1595.75,False,False,False,False,False,False,False,False,False,False,False,0.1621621621621621,0.2,,,0.2103783783783784,-0.1306666666666665,0.1891891891891892,0.1783783783783784,-0.0073304436511984,0.1222591362126245,1175.0,1300.0,3.5454545454545454,0.0,0.0,9.934757964606517e-06
1998-01-23,910.0,910.0,900.0,910.0,3000.0,910.0,852.0,773.5,731.8,1037.9333333333334,1590.3,False,False,False,False,False,False,True,False,True,False,False,0.1813186813186813,0.2912087912087912,,,0.1958241758241758,-0.1405860805860806,0.2087912087912088,0.2362637362637362,-0.0076433939238228,0.1338073691014867,1150.0,1250.0,0.0384615384615384,0.0019130910084722,0.0019130910084722,-0.0003129502726243
1998-01-26,970.0,995.0,950.0,995.0,28000.0,995.0,901.0,803.0,736.6,1031.0,1585.3,False,False,False,False,False,False,True,False,False,False,False,0.1055276381909547,0.1809045226130653,,,0.2596984924623115,-0.036180904522613,0.1557788944723618,0.1407035175879397,-0.0067248625929518,0.135118306351183,1200.0,1305.0,9.333333333333334,0.0065164268259571,0.0046033358174849,0.0009185313308709
1998-01-27,1005.0,1090.0,1005.0,1090.0,20000.0,1090.0,969.0,842.0,745.4,1025.4666666666667,1580.025,False,False,False,False,False,False,True,False,False,False,False,0.0091743119266055,0.1238532110091743,,,0.3161467889908257,0.0592048929663608,0.1009174311926605,0.0321100917431192,-0.0053959173059419,0.1270783847980997,1200.0,1315.0,0.7142857142857143,0.0118057418835523,0.0052893150575952,0.0013289452870099
1998-01-28,1190.0,1325.0,1190.0,1300.0,37000.0,1300.0,1044.0,899.5,766.0,1024.3333333333333,1576.025,False,False,False,False,False,False,True,False,False,False,False,-0.1461538461538461,-0.0384615384615384,,,0.4107692307692308,0.2120512820512821,-0.0961538461538461,-0.1538461538461538,-0.0011064106736089,0.093941078376876,1150.0,1350.0,1.85,0.0268929503916449,0.0150872085080925,0.004289506632333
1998-01-29,1255.0,1255.0,1075.0,1075.0,17000.0,1075.0,1074.0,942.0,782.0,1021.0,1570.9,False,False,False,False,False,False,True,False,False,True,False,0.0325581395348837,0.0790697674418604,,,0.2725581395348837,0.0502325581395348,0.0697674418604651,0.0465116279069767,-0.0032647730982695,0.0822717622080679,1050.0,1295.0,0.4594594594594595,0.0204603580562659,-0.0064325923353789,-0.0021583624246606
1998-01-30,1150.0,1150.0,1075.0,1075.0,8000.0,1075.0,1107.0,979.5,797.2,1019.3333333333334,1566.0,False,False,False,False,False,False,True,False,False,True,False,0.0930232558139534,0.0790697674418604,,,0.2584186046511627,0.051782945736434,0.1162790697674418,0.0697674418604651,-0.00163505559189,0.0704441041347626,1140.0,1260.0,0.4705882352941176,0.0190667335674862,-0.0013936244887797,0.0016297175063795
1998-02-02,1100.0,1100.0,1100.0,1100.0,2000.0,1100.0,1128.0,1014.5,813.2,1020.2666666666668,1561.25,False,False,False,False,False,False,True,True,False,False,False,0.0681818181818181,0.0,,,0.2607272727272727,0.0724848484848484,0.0909090909090909,0.0409090909090909,0.0009147935180345,0.0675209462789551,925.0,1285.0,0.25,0.0196753566158386,0.0006086230483524,0.0025498491099246
1998-02-03,1095.0,1100.0,1095.0,1100.0,5000.0,1100.0,1130.0,1049.5,829.2,1021.1333333333332,1556.5,False,False,False,False,False,False,True,True,False,True,False,0.1136363636363636,0.0045454545454545,,,0.2461818181818181,0.0716969696969698,0.0909090909090909,0.0,0.0008487301690929,0.050976655550262,930.0,1250.0,2.5,0.019295706705258,-0.0003796499105805,-6.606334894161084e-05
1998-02-04,1110.0,1110.0,1110.0,1110.0,3000.0,1110.0,1092.0,1068.0,845.8,1021.9333333333332,1551.675,False,False,False,False,False,False,True,True,False,False,False,0.1261261261261261,-0.0045045045045045,,,0.238018018018018,0.0793393393393395,0.018018018018018,-0.0315315315315315,0.0007828299301976,0.045880149812734,930.0,1360.0,0.6,0.0196263892173089,0.0003306825120508,-6.590023889532911e-05
1998-02-05,1110.0,1110.0,1100.0,1110.0,6000.0,1110.0,1099.0,1086.5,866.2,1021.4,1547.25,False,False,False,False,False,False,True,False,False,False,False,0.045045045045045,-0.009009009009009,,,0.2196396396396396,0.0798198198198198,0.0135135135135135,-0.0315315315315315,-0.0005221591279941,0.0266912103083294,900.0,1260.0,2.0,0.0235511429231125,0.0039247537058035,-0.0013049890581917
1998-02-06,1125.0,1200.0,1125.0,1175.0,9000.0,1175.0,1119.0,1113.0,891.2,1020.4,1543.15,False,False,False,False,False,False,True,False,False,False,False,-0.0127659574468085,-0.1148936170212766,,,0.2415319148936169,0.1315744680851064,-0.0638297872340425,-0.1063829787234042,-0.0009800078400627,-0.004492362982929,925.0,1330.0,1.5,0.0280520646319569,0.0045009217088443,-0.0004578487120686
1998-02-09,1175.0,1175.0,1175.0,1175.0,1000.0,1175.0,1134.0,1131.0,911.0,1019.4,1539.05,False,False,False,False,False,False,True,False,False,True,False,-0.0638297872340425,-0.1702127659574468,,,0.2246808510638298,0.1324255319148936,-0.0851063829787234,-0.0978723404255319,-0.0009809691975671,-0.0269672855879752,925.0,1325.0,0.1111111111111111,0.021734357848518,-0.0063177067834388,-9.613575044759536e-07
1998-02-10,1165.0,1225.0,1165.0,1225.0,18000.0,1225.0,1159.0,1144.5,932.6,1017.0666666666668,1535.3,False,False,False,False,False,False,True,False,False,False,False,-0.0979591836734693,-0.1632653061224489,,,0.2386938775510204,0.1697414965986393,-0.0816326530612244,-0.1346938775510204,-0.0022941793392761,-0.0441240716470074,910.0,1300.0,18.0,0.023161055114733,0.0014266972662149,-0.0013132101417089
1998-02-12,1225.0,1250.0,1225.0,1250.0,33000.0,1250.0,1187.0,1139.5,955.6,1014.0666666666668,1531.925,False,False,False,False,False,False,True,False,False,False,False,-0.116,-0.168,,,0.2355199999999999,0.1887466666666665,-0.14,-0.16,-0.002958385379002,-0.0443176831943835,925.0,1275.0,1.8333333333333333,0.0240686479698618,0.0009075928551288,-0.0006642060397258
1998-02-13,1270.0,1270.0,1160.0,1160.0,20000.0,1160.0,1197.0,1148.0,975.0,1012.2,1528.1,False,False,False,False,False,False,True,False,False,True,True,-0.0517241379310344,-0.0517241379310344,,,0.1594827586206896,0.1274137931034482,-0.0732758620689655,0.0129310344827586,-0.0018441678192716,-0.0470383275261324,925.0,1255.0,0.6060606060606061,0.0198974358974358,-0.0041712120724259,0.0011142175597303
1998-02-16,1160.0,1160.0,1160.0,1160.0,4000.0,1160.0,1194.0,1156.5,993.4,1011.0,1524.65,False,False,False,False,False,False,True,False,False,True,False,-0.1034482758620689,-0.0517241379310344,,,0.1436206896551724,0.1284482758620689,-0.0732758620689655,-0.0732758620689655,-0.001186943620178,-0.0605274535235624,875.0,1250.0,0.2,0.0185222468290718,-0.001375189068364,0.0006572241990935
1998-02-17,1100.0,1100.0,1100.0,1100.0,1000.0,1100.0,1179.0,1156.5,1009.4,1008.2666666666668,1521.025,False,True,False,False,False,False,True,False,False,True,False,-0.1136363636363636,0.0454545454545454,,,0.0823636363636363,0.0833939393939393,-0.0727272727272727,-0.0772727272727272,-0.0027109230362337,-0.0717682663207955,875.0,1250.0,0.25,0.0158510005944125,-0.0026712462346593,-0.0015239794160556
1998-02-18,1105.0,1105.0,1105.0,1105.0,1000.0,1105.0,1155.0,1157.0,1025.6,1005.4666666666668,1517.425,False,False,False,False,False,False,True,False,False,True,False,-0.0723981900452488,0.085972850678733,,,0.0718552036199095,0.090075414781297,-0.1176470588235294,-0.085972850678733,-0.0027847765548335,-0.0799481417458945,870.0,1280.0,1.0,0.0157956318252729,-5.53687691395785e-05,-7.385351859982804e-05
1998-02-19,1105.0,1105.0,1100.0,1105.0,5000.0,1105.0,1126.0,1156.5,1040.8,1002.2,1514.325,False,False,False,False,False,False,True,False,False,True,False,-0.0588235294117647,0.0633484162895927,,,0.0580995475113122,0.0930316742081447,-0.1447963800904977,-0.0769230769230769,-0.0032594957759596,-0.0843060959792477,785.0,1250.0,5.0,0.0146041506533436,-0.0011914811719293,-0.0004747192211261
1998-02-20,1105.0,1105.0,1100.0,1100.0,3000.0,1100.0,1114.0,1155.5,1058.8,999.6,1511.45,False,False,False,False,False,False,True,False,False,False,False,0.0,0.0454545454545454,,,0.0374545454545455,0.0912727272727272,-0.1818181818181818,-0.0045454545454545,-0.0026010404161664,-0.0817827780181739,675.0,1175.0,0.6,0.017000377786173,0.0023962271328294,0.0006584553597931
1998-02-23,1040.0,1040.0,1040.0,1040.0,4000.0,1040.0,1090.0,1142.0,1072.4,996.6666666666666,1508.4,False,False,False,False,False,False,True,False,False,True,False,0.0576923076923076,0.1538461538461538,,,-0.0311538461538462,0.0416666666666667,-0.0865384615384615,0.1057692307692307,-0.002943143812709,-0.0621716287215411,695.0,1150.0,1.3333333333333333,0.0126818351361433,-0.0043185426500296,-0.0003421033965426
1998-02-24,1040.0,1040.0,975.0,975.0,12000.0,975.0,1065.0,1122.0,1081.4,992.5333333333332,1505.025,False,False,False,False,False,False,True,False,False,True,False,0.1794871794871795,0.2307692307692307,,,-0.1091282051282052,-0.0179829059829058,0.0256410256410256,0.1282051282051282,-0.0041644277270285,-0.0418894830659536,700.0,1200.0,3.0,0.0083225448492694,-0.0043592902868738,-0.0012212839143194
1998-02-25,1025.0,1025.0,1000.0,1025.0,9000.0,1025.0,1049.0,1102.0,1092.4,989.5333333333332,1500.775,False,False,False,False,False,False,True,False,False,False,False,0.1707317073170731,0.1707317073170731,,,-0.0657560975609757,0.0346016260162603,-0.024390243902439,0.024390243902439,-0.0030317321296233,-0.0254083484573502,700.0,1200.0,0.75,0.0100695715854998,0.0017470267362303,0.0011326955974051
1998-02-26,1055.0,1055.0,1040.0,1040.0,26000.0,1040.0,1036.0,1081.0,1097.0,985.2666666666668,1497.225,False,False,False,False,False,False,True,False,False,True,False,0.1298076923076923,0.0865384615384615,,,-0.0548076923076923,0.052628205128205,-0.0865384615384615,0.110576923076923,-0.0043304689085862,0.0032377428307123,695.0,1150.0,2.888888888888889,0.0041932543299908,-0.005876317255509,-0.0012987367789628
1998-02-27,1100.0,1100.0,1100.0,1100.0,5000.0,1100.0,1036.0,1075.0,1104.0,983.1333333333332,1493.225,False,False,False,False,False,False,True,False,False,False,False,0.0454545454545454,0.0227272727272727,,,-0.0036363636363636,0.1062424242424243,-0.1590909090909091,0.0681818181818181,-0.0021699328677021,0.0088372093023255,600.0,1050.0,0.1923076923076923,0.0063405797101449,0.0021473253801541,0.0021605360408841
1998-03-02,1100.0,1100.0,1100.0,1100.0,9000.0,1100.0,1048.0,1069.0,1111.6,980.0666666666668,1489.325,False,False,False,False,False,False,True,False,False,False,False,0.0909090909090909,0.0,,,-0.0105454545454544,0.1090303030303028,-0.1818181818181818,0.009090909090909,-0.0031290388408948,0.0177736202057998,550.0,1140.0,1.8,0.0068369917236415,0.0004964120134965,-0.0009591059731927
1998-03-03,1100.0,1150.0,1090.0,1150.0,120000.0,1150.0,1083.0,1074.0,1117.8,977.7333333333332,1485.1,False,False,False,True,True,False,True,False,False,True,True,0.0434782608695652,-0.0652173913043478,,,0.028,0.1497971014492754,-0.217391304347826,0.0304347826086956,-0.002386472112369,0.0288640595903165,680.0,925.0,13.333333333333334,0.0055466094113437,-0.0012903823122977,0.0007425667285258
1998-03-04,1225.0,1305.0,1200.0,1200.0,105000.0,1200.0,1118.0,1083.5,1122.2,976.4,1481.475,False,False,False,False,False,False,True,False,False,True,False,0.0,-0.0625,,,0.0648333333333333,0.1863333333333333,-0.25,-0.0416666666666666,-0.0013655605626108,0.0327641901245962,685.0,930.0,0.875,0.0039208697201925,-0.0016257396911511,0.0010209115497581
1998-03-05,1225.0,1225.0,1155.0,1175.0,10000.0,1175.0,1145.0,1090.5,1117.2,975.0666666666668,1477.45,False,False,False,False,False,False,False,False,False,True,False,-0.0382978723404255,-0.0851063829787234,,,0.049191489361702,0.1701560283687941,-0.2765957446808511,-0.025531914893617,-0.0013674278681797,0.0375974323704722,675.0,930.0,0.0952380952380952,-0.0044754744002864,-0.0083963441204789,-1.86730556888488e-06
1998-03-06,1175.0,1175.0,1150.0,1150.0,9000.0,1150.0,1155.0,1095.5,1120.2,973.6666666666666,1473.45,False,False,False,False,False,False,True,False,True,False,False,-0.0217391304347826,-0.0652173913043478,,,0.0259130434782608,0.1533333333333333,-0.3,0.0,-0.0014378637452929,0.0378822455499771,675.0,900.0,0.9,0.0026780931976432,0.0071535675979297,-7.043587711315922e-05
1998-03-09,1150.0,1200.0,1150.0,1200.0,3000.0,1200.0,1175.0,1111.5,1125.2,973.0,1469.95,False,False,False,False,False,False,True,False,False,False,False,-0.0833333333333333,-0.1041666666666666,,,0.0623333333333332,0.1891666666666666,-0.2916666666666667,-0.0208333333333333,-0.000685166152792,0.0251911830859199,700.0,925.0,0.3333333333333333,0.004443654461429,0.0017655612637858,0.0007526975925009
1998-03-10,1200.0,1200.0,1200.0,1200.0,2000.0,1200.0,1185.0,1134.0,1129.2,972.3333333333334,1466.575,False,False,False,False,False,False,True,False,False,True,False,-0.1041666666666666,-0.15,,,0.0589999999999999,0.1897222222222221,-0.3125,-0.0916666666666666,-0.0006856359273225,0.0039682539682539,700.0,925.0,0.6666666666666666,0.0035423308537017,-0.0009013236077273,-4.697745305395429e-07
1998-03-11,1200.0,1200.0,1200.0,1200.0,1000.0,1200.0,1185.0,1151.5,1133.2,971.2666666666668,1462.9,False,False,False,False,False,False,True,False,False,True,False,-0.0625,-0.1875,,,0.0556666666666666,0.190611111111111,-0.2666666666666666,-0.0791666666666666,-0.0010982222527283,-0.0065132435953104,700.0,910.0,0.5,0.0035298270384751,-1.2503815226620665e-05,-0.0004125863254057
1998-03-12,1170.0,1170.0,1130.0,1130.0,5000.0,1130.0,1176.0,1160.5,1134.0,969.6666666666666,1459.05,False,False,False,False,False,False,True,False,False,True,False,-0.0486725663716814,-0.163716814159292,,,-0.0035398230088495,0.1418879056047198,-0.2920353982300885,-0.0132743362831858,-0.0016500515641115,-0.0176647996553209,725.0,925.0,5.0,0.0007054673721339,-0.0028243596663411,-0.0005518293113831
1998-03-13,1125.0,1125.0,1125.0,1125.0,1000.0,1125.0,1171.0,1163.0,1134.6,969.0,1454.675,False,False,False,False,False,False,True,False,False,True,False,-0.0444444444444444,-0.2,,,-0.0085333333333332,0.1386666666666666,-0.1955555555555555,-0.0666666666666666,-0.0006879944960439,-0.0305245055889939,650.0,925.0,0.2,0.0005288207297725,-0.0001766466423614,0.0009620570680675
1998-03-16,1125.0,1125.0,1100.0,1100.0,5000.0,1100.0,1151.0,1163.0,1131.6,968.3333333333334,1450.175,False,False,False,False,False,False,False,False,False,True,False,-0.0227272727272727,-0.1363636363636363,,,-0.0287272727272726,0.1196969696969696,-0.2045454545454545,-0.059090909090909,-0.0006884681583476,-0.0369733447979363,700.0,875.0,5.0,-0.0026511134676564,-0.0031799341974289,-4.73662303644728e-07
1998-03-17,1105.0,1105.0,1075.0,1075.0,3000.0,1075.0,1126.0,1155.5,1127.6,966.6666666666666,1445.775,False,False,False,False,False,False,False,False,False,True,False,-0.0511627906976744,-0.0697674418604651,,,-0.0489302325581394,0.1007751937984496,-0.1674418604651162,-0.027906976744186,-0.0017241379310345,-0.0428385980095196,750.0,875.0,0.6,-0.0035473572188719,-0.0008962437512155,-0.0010356697726869
1998-03-18,1075.0,1125.0,1075.0,1125.0,13000.0,1125.0,1111.0,1148.0,1123.6,965.6666666666666,1441.8,False,False,False,False,True,False,False,False,False,True,False,-0.1333333333333333,-0.1111111111111111,,,0.0012444444444445,0.1416296296296296,-0.1822222222222222,-0.0444444444444444,-0.0010355540214014,-0.0431184668989547,750.0,870.0,4.333333333333333,-0.0035599857600569,-1.2628541185019312e-05,0.0006885839096331
1998-03-20,1075.0,1075.0,1075.0,1075.0,1000.0,1075.0,1100.0,1138.0,1116.6,964.6666666666666,1437.875,False,False,False,False,False,False,False,False,False,True,False,-0.1209302325581395,-0.1162790697674418,,,-0.0386976744186045,0.1026356589147287,-0.2558139534883721,0.0651162790697674,-0.0010366275051831,-0.0347100175746924,925.0,785.0,0.0769230769230769,-0.0062690309869245,-0.0027090452268676,-1.0734837816877595e-06
1998-03-25,1085.0,1085.0,1075.0,1075.0,5000.0,1075.0,1090.0,1130.5,1113.2,965.0,1433.5,False,False,False,False,False,False,False,True,False,False,False,-0.1627906976744186,-0.1395348837209302,,,-0.0355348837209302,0.1023255813953488,-0.2697674418604651,0.0511627906976744,0.0003454231433506,-0.0300751879699248,925.0,675.0,5.0,-0.0030542579949693,0.0032147729919552,0.0013820506485337
1998-03-26,1080.0,1080.0,1075.0,1075.0,4000.0,1075.0,1085.0,1118.0,1109.8,964.1333333333332,1429.125,False,False,False,False,False,False,False,False,False,True,False,-0.1162790697674418,-0.1627906976744186,,,-0.0323720930232557,0.1031317829457365,-0.2558139534883721,0.0511627906976744,-0.0008989074816762,-0.0232558139534883,910.0,695.0,0.8,-0.0030636150657776,-9.357070808365016e-06,-0.0012443306250268
1998-03-31,1025.0,1025.0,1020.0,1020.0,4000.0,1020.0,1074.0,1100.0,1106.6,965.4,1424.7,False,False,False,False,False,False,False,True,False,False,False,-0.0196078431372549,-0.1176470588235294,,,-0.0849019607843136,0.0535294117647059,-0.2254901960784313,0.0392156862745098,0.0013120640839722,-0.01,995.0,700.0,1.0,-0.0028917404662931,0.0001718745994845,0.0022109715656484
1998-04-01,1000.0,1000.0,975.0,975.0,10000.0,975.0,1044.0,1077.5,1101.4,966.0,1419.7,False,False,False,False,False,False,False,True,False,True,False,0.0256410256410256,-0.0769230769230769,,,-0.1296410256410257,0.0092307692307692,-0.2307692307692307,0.0615384615384615,0.0006211180124223,0.0041763341067285,1090.0,700.0,2.5,-0.0047212638460139,-0.0018295233797208,-0.0006909460715498
1998-04-03,945.0,945.0,945.0,945.0,10000.0,945.0,1018.0,1059.0,1095.0,966.2,1414.0,False,False,False,False,False,False,False,True,False,True,False,0.0052910052910052,-0.1005291005291005,,,-0.1587301587301587,-0.0224338624338624,-0.2063492063492063,0.0952380952380952,0.0002069964810598,0.0141643059490084,1300.0,695.0,1.0,-0.0058447488584475,-0.0011234850124335,-0.0004141215313625
1998-04-06,900.0,900.0,900.0,900.0,5000.0,900.0,983.0,1036.5,1087.0,966.2,1407.925,False,False,False,False,False,False,False,False,False,True,False,0.0277777777777777,-0.1055555555555555,,,-0.2077777777777777,-0.0735555555555556,-0.1444444444444444,0.1388888888888889,0.0,0.0337674867342016,1075.0,600.0,0.5,-0.0073597056117755,-0.0015149567533279,-0.0002069964810598
1998-04-07,925.0,950.0,925.0,950.0,4000.0,950.0,958.0,1021.5,1083.4,966.5333333333332,1402.525,False,False,False,False,False,False,False,True,False,False,False,-0.0526315789473684,-0.1052631578947368,,,-0.140421052631579,-0.0174035087719296,-0.0947368421052631,0.0052631578947368,0.0003448751551936,0.0411160058737151,1075.0,550.0,0.8,-0.003322872438619,0.0040368331731564,0.0003448751551936
1998-04-08,950.0,1000.0,935.0,1000.0,8000.0,1000.0,954.0,1014.0,1084.4,967.5333333333332,1397.425,False,False,False,False,False,False,True,True,False,False,False,-0.1,-0.175,,,-0.0844,0.0324666666666668,-0.2,-0.09,0.0010335561220974,0.0355029585798816,1100.0,680.0,2.0,0.00092216894135,0.0042450413799691,0.0006886809669038
1998-04-09,1000.0,1000.0,1000.0,1000.0,3000.0,1000.0,959.0,1001.5,1083.4,968.7333333333332,1392.05,False,False,False,False,False,False,False,True,False,True,False,-0.1,-0.12,,,-0.0834,0.0312666666666667,-0.1,-0.05,0.0012387309889202,0.0359460808786819,1100.0,685.0,0.375,-0.0009230201218386,-0.0018451890631887,0.0002051748668228
1998-04-10,950.0,950.0,950.0,950.0,2000.0,950.0,960.0,989.0,1079.8,969.0666666666668,1386.5,False,False,False,False,False,False,False,True,False,True,False,-0.1052631578947368,-0.1578947368421052,,,-0.1366315789473683,-0.0200701754385966,-0.0157894736842105,-0.0263157894736842,0.0003439735828291,0.0267947421638018,1110.0,675.0,0.6666666666666666,-0.003333950731617,-0.0024109306097784,-0.0008947574060911
1998-04-14,925.0,925.0,925.0,925.0,1000.0,925.0,965.0,974.0,1072.8,969.0666666666668,1381.1,False,False,False,False,False,False,False,False,False,True,False,-0.1297297297297297,-0.0216216216216216,,,-0.1597837837837837,-0.0476396396396398,0.1783783783783784,0.0,0.0,0.0215605749486652,1110.0,675.0,0.5,-0.0065249813571961,-0.003191030625579,-0.0003439735828291
1998-04-15,900.0,900.0,900.0,900.0,4000.0,900.0,955.0,956.5,1064.8,969.4,1375.575,False,False,False,False,False,False,False,True,False,True,False,-0.0555555555555555,-0.0277777777777777,,,-0.183111111111111,-0.077111111111111,0.25,0.1388888888888889,0.0003438553056871,0.029273392577104,1175.0,700.0,4.0,-0.0075131480090157,-0.0009881666518196,0.0003438553056871
1998-04-16,900.0,900.0,900.0,900.0,9000.0,900.0,935.0,944.5,1054.8,969.7333333333332,1370.2,False,False,False,False,False,False,False,True,False,True,False,-0.0833333333333333,-0.0055555555555555,,,-0.1719999999999999,-0.0774814814814813,0.2611111111111111,0.1388888888888889,0.0003437371098583,0.038644785600847,1175.0,700.0,2.25,-0.0094804702313234,-0.0019673222223076,-1.181958288691402e-07
1998-04-20,900.0,900.0,900.0,900.0,1000.0,900.0,915.0,937.0,1042.8,970.1333333333332,1364.95,False,False,False,False,False,False,False,True,False,True,False,-0.0222222222222222,0.0222222222222222,,,-0.1586666666666666,-0.0779259259259257,0.25,0.0833333333333333,0.0004123144584936,0.0405549626467449,1225.0,700.0,0.1111111111111111,-0.0115074798619102,-0.0020270096305867,6.857734863535225e-05
1998-04-21,850.0,850.0,850.0,850.0,1000.0,850.0,895.0,927.5,1029.8,971.0,1359.275,False,False,False,False,False,False,False,True,False,True,False,-0.0588235294117647,-0.0588235294117647,,,-0.2115294117647058,-0.1423529411764706,0.2941176470588235,0.2352941176470588,0.0008925506350842,0.0528301886792452,1250.0,725.0,1.0,-0.0126238104486308,-0.0011163305867205,0.0004802361765905
1998-04-22,825.0,835.0,755.0,805.0,24000.0,805.0,871.0,918.0,1016.0,972.7333333333332,1353.5,False,False,False,False,False,False,False,True,False,True,False,0.124223602484472,-0.0248447204968944,,,-0.262111801242236,-0.2083643892339543,0.3975155279503105,0.2484472049689441,0.0017819203618668,0.0615468409586056,1160.0,650.0,24.0,-0.0135826771653542,-0.0009588667167234,0.0008893697267825
1998-04-23,850.0,850.0,850.0,850.0,3000.0,850.0,861.0,908.0,1002.0,974.8,1347.875,False,False,False,False,False,False,False,True,False,True,False,0.0294117647058823,-0.0588235294117647,,,-0.1788235294117647,-0.1468235294117646,0.3529411764705882,0.0823529411764705,0.0021200930105321,0.0693832599118942,1160.0,700.0,0.125,-0.0139720558882235,-0.0003893787228692,0.0003381726486653
1998-04-24,825.0,840.0,825.0,825.0,8000.0,825.0,846.0,890.5,987.0,976.4666666666668,1342.05,False,False,False,False,False,False,False,True,False,True,False,0.0848484848484848,-0.0424242424242424,,,-0.1963636363636363,-0.1835959595959597,0.3878787878787879,0.0909090909090909,0.0017068341639928,0.0892756878158338,1100.0,750.0,2.6666666666666665,-0.0151975683890577,-0.0012255125008341,-0.0004132588465393
1998-04-27,900.0,905.0,880.0,880.0,20000.0,880.0,842.0,878.5,974.2,978.8666666666668,1336.575,False,False,True,False,False,False,False,True,False,False,False,0.0454545454545454,-0.1477272727272727,,,-0.1070454545454546,-0.1123484848484849,0.25,0.0227272727272727,0.0024518150241775,0.0984632896983494,1105.0,750.0,2.5,-0.0131389858345308,0.0020585825545269,0.0007449808601847
1998-04-28,780.0,805.0,780.0,800.0,10000.0,800.0,832.0,863.5,961.0,980.2666666666668,1330.725,False,False,False,False,False,False,False,True,False,True,False,0.0,-0.0625,,,-0.20125,-0.2253333333333334,0.34375,0.125,0.0014281828073993,0.1146496815286624,1105.0,925.0,0.5,-0.013735691987513,-0.0005967061529822,-0.0010236322167782
1998-04-30,905.0,905.0,905.0,905.0,1000.0,905.0,852.0,861.5,952.2,984.3333333333334,1325.425,False,False,False,False,False,False,False,True,False,False,False,-0.1325966850828729,-0.149171270718232,,,-0.0521546961325967,-0.0876611418047882,0.1878453038674033,0.0994475138121546,0.004131391804944,0.1253627394080093,1100.0,925.0,0.1,-0.0092417559336273,0.0044939360538857,0.0027032089975447
1998-05-01,875.0,875.0,875.0,875.0,1000.0,875.0,857.0,859.0,943.2,988.6666666666666,1319.425,False,False,False,False,False,False,False,True,False,True,False,-0.0857142857142857,-0.0171428571428571,,,-0.0779428571428571,-0.1299047619047618,0.2,0.1314285714285714,0.004383007417397,0.1245634458672875,1040.0,910.0,1.0,-0.0095419847328244,-0.000300228799197,0.000251615612453
1998-05-06,775.0,895.0,775.0,895.0,15000.0,895.0,871.0,858.5,936.0,991.5333333333332,1313.575,False,False,False,False,False,False,False,True,False,False,False,-0.1173184357541899,-0.106145251396648,,,-0.0458100558659217,-0.1078584729981376,0.1843575418994413,0.0111731843575419,0.0028911450279028,0.1112405358182877,975.0,995.0,15.0,-0.0076923076923077,0.0018496770405166,-0.0014918623894942
1998-05-07,870.0,920.0,870.0,920.0,6000.0,920.0,879.0,860.5,927.8,994.6666666666666,1307.925,False,False,False,False,False,False,False,True,False,True,True,-0.1847826086956521,-0.0217391304347826,,,-0.0084782608695651,-0.081159420289855,0.1521739130434782,-0.0108695652173913,0.0031501340482574,0.1011040092969204,1025.0,1090.0,0.4,-0.0088381116619961,-0.0011458039696884,0.0002589890203546
1998-05-08,785.0,800.0,785.0,800.0,5000.0,800.0,879.0,855.5,916.8,996.3333333333334,1301.675,False,False,False,False,False,False,False,True,False,True,False,-0.0625,0.16875,,,-0.1459999999999999,-0.2454166666666667,0.3125,0.125,0.0016728002676481,0.0900058445353594,1040.0,1300.0,0.8333333333333334,-0.0119982547993019,-0.0031601431373057,-0.0014773337806093
1998-05-11,785.0,785.0,785.0,785.0,2000.0,785.0,855.0,853.5,905.2,997.8,1295.15,False,False,False,False,False,False,False,True,False,True,False,-0.019108280254777,0.3885350318471338,,,-0.1531210191082803,-0.2710828025477706,0.4968152866242038,0.1464968152866242,0.0014699004476514,0.0802577621558289,1100.0,1075.0,0.4,-0.0128148475475032,-0.0008165927482012,-0.0002028998199967
1998-05-12,790.0,800.0,790.0,800.0,4000.0,800.0,840.0,848.5,894.2,999.1333333333332,1288.15,False,False,False,False,False,False,False,True,False,False,False,0.075,0.40625,,,-0.11775,-0.2489166666666665,0.34375,0.0625,0.0013344898912389,0.0783736004714201,1100.0,1075.0,2.0,-0.0123014985461865,0.0005133490013166,-0.0001354105564124
1998-05-15,800.0,800.0,790.0,790.0,4000.0,790.0,819.0,845.0,885.0,1000.3333333333334,1281.125,False,False,False,False,False,False,False,True,False,False,False,0.0126582278481012,0.4367088607594936,,,-0.120253164556962,-0.2662447257383967,0.2848101265822785,0.0759493670886076,0.001199600133289,0.0769230769230769,1150.0,1100.0,1.0,-0.0103954802259887,0.0019060183201977,-0.0001348897579499
1998-05-18,790.0,790.0,750.0,750.0,16000.0,750.0,785.0,832.0,876.0,1001.0,1273.7,False,False,False,False,False,False,False,True,False,False,False,0.2,0.5,,,-0.168,-0.3346666666666666,0.3466666666666667,0.1,0.0006660006660006,0.0847355769230769,1200.0,1100.0,4.0,-0.0102739726027397,0.000121507623249,-0.0005335994672884
1998-05-19,750.0,750.0,750.0,750.0,10000.0,750.0,775.0,827.0,868.2,1001.3333333333334,1266.6,False,False,False,False,False,False,False,True,False,False,False,0.2466666666666666,0.4666666666666667,,,-0.1576,-0.3351111111111111,0.36,0.08,0.0003328894806924,0.0804111245465538,1175.0,1110.0,0.625,-0.0089841050449204,0.0012898675578192,-0.0003331111853081
1998-05-20,770.0,770.0,770.0,770.0,1000.0,770.0,772.0,813.5,863.0,1002.9333333333332,1259.85,False,False,False,False,False,False,False,True,False,False,False,0.4155844155844156,0.461038961038961,,,-0.1207792207792207,-0.3025108225108223,0.422077922077922,0.0389610389610389,0.0015953203935121,0.0743700061462815,1150.0,1110.0,0.1,-0.0060254924681344,0.002958612576786,0.0012624309128197
1998-05-21,860.0,860.0,860.0,860.0,1000.0,860.0,784.0,812.0,859.4,1005.0666666666668,1253.275,False,False,False,False,True,False,False,True,False,False,False,0.3081395348837209,0.3372093023255814,,,0.0006976744186046,-0.1686821705426358,0.3372093023255814,0.0465116279069767,0.0021225789334044,0.0652709359605911,1200.0,1175.0,1.0,-0.0041889690481731,0.0018365234199612,0.0005272585398922
1998-05-22,800.0,800.0,800.0,800.0,3000.0,800.0,786.0,802.5,851.4,1005.7333333333332,1245.9,False,False,False,False,False,False,False,True,False,True,False,0.41875,0.43125,,,-0.0642499999999999,-0.2571666666666665,0.375,0.0625,0.0006628662335937,0.0710280373831775,1200.0,1175.0,3.0,-0.0093962884660559,-0.0052073194178827,-0.0014597126998106
1998-05-25,900.0,900.0,900.0,900.0,5000.0,900.0,816.0,800.5,847.4,1007.7333333333332,1239.1,False,False,False,False,False,False,False,True,False,False,False,0.25,0.2222222222222222,,,0.0584444444444444,-0.1197037037037035,0.1666666666666666,-0.0555555555555555,0.001984652024345,0.066208619612742,1200.0,1225.0,1.6666666666666667,-0.0047203209818267,0.0046759674842291,0.0013217857907512
1998-05-26,850.0,935.0,850.0,935.0,12000.0,935.0,853.0,814.0,846.8,1007.8666666666668,1232.475,False,False,False,False,False,False,False,True,False,False,True,0.1764705882352941,0.1497326203208556,,,0.094331550802139,-0.0779322638146168,0.2352941176470588,-0.0748663101604278,0.0001322926313006,0.0442260442260442,1130.0,1250.0,2.4,-0.0007085498346717,0.004011771147155,-0.0018523593930444
1998-05-27,1060.0,1125.0,1050.0,1090.0,44000.0,1090.0,917.0,844.5,853.4,1010.0666666666668,1227.05,False,False,False,False,False,False,True,True,True,False,False,0.0321100917431192,-0.0137614678899082,,,0.2170642201834862,0.0733333333333331,0.0779816513761468,-0.2201834862385321,0.0021780740545178,0.0005920663114268,1125.0,1160.0,3.6666666666666665,0.0077337707991563,0.008442320633828,0.0020457814232172
1998-05-28,1100.0,1195.0,1100.0,1125.0,49000.0,1125.0,970.0,877.0,862.4,1012.9333333333332,1221.9,False,False,False,False,False,False,True,True,False,False,False,0.0222222222222222,-0.0666666666666666,,,0.2334222222222222,0.0996148148148149,-0.0133333333333333,-0.3333333333333333,0.002830064499144,-0.0478905359179019,1100.0,1160.0,1.1136363636363635,0.0104359925788497,0.0027022217796933,0.0006519904446261
1998-05-29,1120.0,1135.0,1100.0,1135.0,13000.0,1135.0,1037.0,911.5,871.8,1014.8,1216.7,False,False,False,False,False,False,True,True,False,False,False,0.0088105726872246,-0.066079295154185,,,0.2318942731277533,0.1059030837004405,0.0440528634361233,-0.3700440528634361,0.0018394429115754,-0.0987383433900164,1075.0,1100.0,0.2653061224489796,0.0107822895159439,0.0003462969370942,-0.0009906215875685
1998-06-01,1175.0,1190.0,1125.0,1125.0,25000.0,1125.0,1082.0,949.0,880.8,1015.2666666666668,1211.45,False,False,False,False,False,False,True,True,False,True,False,-0.0222222222222222,-0.0577777777777777,,,0.2170666666666667,0.0975407407407406,0.0222222222222222,-0.3644444444444444,0.0004596493532078,-0.1459430979978925,1125.0,1105.0,1.9230769230769231,0.0102179836512261,-0.0005643058647178,-0.0013797935583676
1998-06-02,1100.0,1100.0,1100.0,1100.0,15000.0,1100.0,1115.0,984.0,890.8,1012.6,1206.575,False,False,False,False,False,False,True,False,False,False,False,-0.0227272727272727,-0.0454545454545454,,,0.1901818181818182,0.0794545454545454,0.0409090909090909,-0.3409090909090909,-0.002633484758707,-0.1849593495934959,1075.0,1105.0,0.6,0.0112258643915581,0.0010078807403319,-0.0030931341119148
1998-06-03,1125.0,1150.0,1105.0,1125.0,40000.0,1125.0,1122.0,1019.5,903.6,1013.2666666666668,1202.025,False,False,False,False,False,False,True,True,False,False,False,-0.0444444444444444,0.0444444444444444,,,0.1967999999999999,0.0993185185185184,0.0222222222222222,-0.3555555555555555,0.0006579380222383,-0.2206964198136341,1075.0,1100.0,2.6666666666666665,0.0141655599822931,0.0029396955907349,0.0032914227809454
1998-06-04,1150.0,1150.0,1150.0,1150.0,3000.0,1150.0,1127.0,1048.5,915.6,1014.2666666666668,1197.775,False,False,False,False,False,False,True,True,False,True,False,-0.0869565217391304,-0.0652173913043478,,,0.2038260869565217,0.1180289855072462,0.0217391304347826,-0.3478260869565217,0.0009859340081503,-0.2565569861707201,1075.0,1040.0,0.075,0.0131061598951507,-0.0010594000871424,0.000327995985912
1998-06-05,1145.0,1145.0,1145.0,1145.0,1000.0,1145.0,1129.0,1083.0,928.4,1014.8666666666668,1193.5,False,False,False,False,False,False,True,True,False,False,False,-0.074235807860262,-0.1135371179039301,,,0.1891703056768559,0.1136535662299853,-0.0480349344978165,-0.3231441048034934,0.000591210668068,-0.2871652816251154,1020.0,975.0,0.3333333333333333,0.0137871607065919,0.0006810008114412,-0.0003947233400823
1998-06-08,1140.0,1140.0,1100.0,1100.0,7000.0,1100.0,1124.0,1103.0,937.2,1014.8666666666668,1188.925,False,False,False,False,False,False,True,False,False,True,False,-0.0363636363636363,-0.0818181818181818,,,0.1479999999999999,0.0773939393939392,0.0045454545454545,-0.2818181818181818,0.0,-0.3055303717135086,975.0,1025.0,7.0,0.0093896713615024,-0.0043974893450895,-0.000591210668068
1998-06-09,1075.0,1075.0,1075.0,1075.0,4000.0,1075.0,1119.0,1117.0,948.2,1014.4,1184.2,False,False,False,False,False,False,True,False,False,False,False,-0.0232558139534883,-0.0511627906976744,,,0.1179534883720929,0.0563720930232558,0.0372093023255813,-0.2697674418604651,-0.0004600420609885,-0.3213965980304387,945.0,1040.0,0.5714285714285714,0.0116009280742459,0.0022112567127435,-0.0004600420609885
1998-06-10,1090.0,1090.0,1075.0,1075.0,25000.0,1075.0,1109.0,1115.5,955.0,1013.9333333333332,1179.5,False,False,False,False,False,False,True,False,False,True,False,0.0930232558139534,0.0186046511627906,,,0.1116279069767441,0.0568062015503877,-0.0232558139534883,-0.2604651162790697,-0.0004602537970939,-0.3254146122814881,900.0,1100.0,6.25,0.0071204188481674,-0.0044805092260784,-2.117361053929098e-07
1998-06-12,1055.0,1055.0,1050.0,1050.0,13000.0,1050.0,1089.0,1108.0,962.0,1012.2666666666668,1174.75,False,False,False,False,False,False,True,False,False,False,False,0.0238095238095238,0.0952380952380952,,,0.0838095238095238,0.0359365079365078,-0.0142857142857142,-0.238095238095238,-0.0016464699683875,-0.3163357400722021,950.0,1100.0,0.52,0.0072765072765072,0.0001560884283397,-0.0011862161712935
1998-06-15,1065.0,1065.0,1060.0,1060.0,7000.0,1060.0,1072.0,1100.5,968.6,1010.7333333333332,1170.075,False,False,False,False,False,False,True,False,False,True,False,-0.0424528301886792,0.0377358490566037,,,0.0862264150943396,0.0464779874213837,-0.0141509433962264,-0.2452830188679245,-0.0015170503264958,-0.3039527487505679,1000.0,1150.0,0.5384615384615384,0.0068139582903159,-0.0004625489861913,0.0001294196418917
1998-06-16,1060.0,1060.0,1060.0,1060.0,2000.0,1060.0,1064.0,1094.0,974.2,1008.5333333333332,1165.575,False,False,False,False,False,False,True,False,False,True,False,-0.0471698113207547,-0.0094339622641509,,,0.080943396226415,0.0485534591194969,0.0141509433962264,-0.2075471698113207,-0.002181385510312,-0.2883912248628885,1000.0,1200.0,0.2857142857142857,0.0057483063026072,-0.0010656519877086,-0.0006643351838162
1998-06-17,1065.0,1075.0,1050.0,1050.0,8000.0,1050.0,1059.0,1089.0,984.2,1005.8666666666668,1161.0,False,False,False,False,False,False,True,False,False,False,False,-0.0285714285714285,0.1,,,0.0626666666666666,0.0420317460317459,0.0904761904761904,-0.1666666666666666,-0.0026511134676561,-0.2713498622589532,950.0,1175.0,4.0,0.0101605364763259,0.0044122301737186,-0.0004697279573441
1998-06-18,1175.0,1200.0,1175.0,1175.0,17000.0,1175.0,1079.0,1094.0,999.8,1006.0666666666668,1157.175,False,False,False,False,False,False,True,True,False,False,True,-0.0680851063829787,0.0,,,0.1491063829787234,0.1437730496453899,-0.0382978723404255,-0.2723404255319149,0.0001987939831688,-0.2627970749542961,925.0,1150.0,2.125,0.0156031206241247,0.0054425841477987,0.0028499074508249
1998-06-23,1100.0,1100.0,1075.0,1075.0,2000.0,1075.0,1084.0,1086.5,1010.8,1004.9333333333332,1152.925,False,True,False,False,False,False,True,False,False,True,False,0.0697674418604651,0.0325581395348837,,,0.0597209302325581,0.0651782945736435,0.0511627906976744,-0.3023255813953488,-0.0011277696696301,-0.2577082374597331,900.0,1200.0,0.1176470588235294,0.0108824693312227,-0.0047206512929019,-0.0013265636527989
1998-06-24,1035.0,1035.0,1015.0,1015.0,4000.0,1015.0,1075.0,1073.5,1019.8,1003.8,1148.45,False,False,False,False,False,False,True,False,False,True,False,0.083743842364532,0.167487684729064,,,-0.0047290640394088,0.0110344827586207,0.0443349753694581,-0.2610837438423645,-0.001129042970047,-0.2510479739170936,900.0,1200.0,2.0,0.0088252598548735,-0.0020572094763492,-1.273300416875173e-06
1998-06-25,1015.0,1015.0,1010.0,1010.0,21000.0,1010.0,1065.0,1064.5,1030.2,1002.5333333333332,1143.95,False,False,False,False,False,False,True,False,False,False,False,0.0396039603960396,0.1386138613861386,,,-0.02,0.0073927392739275,0.0247524752475247,-0.2574257425742574,-0.0012634658864211,-0.2484734617191169,900.0,1200.0,5.25,0.0100951271597748,0.0012698673049013,-0.0001344229163741
1998-06-26,1015.0,1020.0,1015.0,1020.0,2000.0,1020.0,1059.0,1059.0,1041.0,1001.4,1139.55,False,False,False,False,False,False,True,False,False,False,False,0.1323529411764706,0.1225490196078431,,,-0.0205882352941176,0.018235294117647,0.0147058823529411,-0.2401960784313725,-0.0011317488848943,-0.2455146364494806,850.0,1130.0,0.0952380952380952,0.0103746397694524,0.0002795126096775,0.0001317170015268
1998-06-29,1095.0,1095.0,1095.0,1095.0,1000.0,1095.0,1043.0,1061.0,1054.0,1001.3333333333334,1135.575,False,False,False,True,True,False,True,False,False,False,False,0.0730593607305936,0.0502283105022831,,,0.0374429223744292,0.0855403348554033,-0.0639269406392694,-0.3150684931506849,-6.657789613842147e-05,-0.2511781338360038,805.0,1125.0,0.5,0.0123339658444022,0.0019593260749498,0.0010651709887559
1998-06-30,1100.0,1150.0,1100.0,1150.0,4000.0,1150.0,1058.0,1071.0,1065.6,1002.8,1132.3,False,False,False,False,False,False,True,True,False,True,False,-0.0347826086956521,0.0217391304347826,,,0.0733913043478261,0.128,-0.1695652173913043,-0.3478260869565217,0.0014625714665602,-0.2628384687208216,850.0,1100.0,4.0,0.0108858858858858,-0.0014480799585164,0.0015291493626986
1998-07-01,1150.0,1150.0,1100.0,1100.0,6000.0,1100.0,1075.0,1075.0,1077.6,1004.4666666666668,1129.05,False,False,False,False,False,False,True,True,False,False,False,0.0772727272727272,-0.009090909090909,,,0.0203636363636364,0.0868484848484847,-0.1727272727272727,-0.3181818181818182,0.0016592553262097,-0.2702325581395349,825.0,1075.0,1.5,0.0111358574610245,0.0002499715751386,0.0001966838596495
1998-07-02,1150.0,1150.0,1050.0,1050.0,17000.0,1050.0,1083.0,1074.0,1083.6,1004.8,1125.55,False,False,False,False,False,False,True,True,False,True,False,0.0952380952380952,0.0523809523809523,,,-0.0319999999999999,0.043047619047619,-0.0952380952380952,-0.2761904761904762,0.0003317409766452,-0.2770018621973929,880.0,1125.0,2.833333333333333,0.0055370985603543,-0.0055987589006701,-0.0013275143495645
1998-07-06,1150.0,1155.0,1150.0,1155.0,15000.0,1155.0,1110.0,1084.5,1092.4,1006.3333333333334,1122.425,False,False,False,False,False,False,True,True,False,False,True,-0.0086580086580086,-0.0346320346320346,,,0.0541991341991341,0.1287157287157286,-0.1991341991341991,-0.3506493506493506,0.001523683338854,-0.2955278930382665,800.0,1075.0,0.8823529411764706,0.0080556572684,0.0025185587080456,0.0011919423622087
1998-07-07,1150.0,1225.0,1150.0,1175.0,32000.0,1175.0,1126.0,1084.5,1095.8,1007.3333333333334,1118.925,False,False,False,False,False,False,True,True,False,True,False,-0.0212765957446808,-0.1063829787234042,,,0.0674042553191489,0.1426950354609928,-0.2127659574468085,-0.3191489361702128,0.000992720052945,-0.3005993545412632,905.0,1075.0,2.1333333333333333,0.003102755977368,-0.004952901291032,-0.0005309632859089
1998-07-08,1180.0,1180.0,1110.0,1110.0,20000.0,1110.0,1118.0,1088.0,1095.2,1007.4666666666668,1115.825,False,False,False,False,False,False,False,True,False,True,True,0.0585585585585585,-0.0675675675675675,,,0.0133333333333332,0.0923723723723722,-0.0765765765765765,-0.3243243243243243,0.0001323451561673,-0.3028492647058823,875.0,1075.0,0.625,-0.0005478451424396,-0.0036506011198076,-0.0008603748967776
1998-07-09,1185.0,1185.0,1185.0,1185.0,2000.0,1185.0,1135.0,1105.0,1097.2,1007.9333333333332,1113.125,False,False,False,False,False,False,True,True,True,False,False,-0.080168776371308,-0.1181434599156118,,,0.0740928270042193,0.1494233473980311,-0.1350210970464135,-0.3459915611814346,0.0004629935842314,-0.3113122171945701,895.0,1020.0,0.1,0.0018228217280349,0.0023706668704746,0.000330648428064
1998-07-10,1150.0,1150.0,1150.0,1150.0,5000.0,1150.0,1155.0,1119.0,1098.2,1007.2666666666668,1110.25,False,False,False,False,False,False,True,False,False,True,False,-0.0391304347826087,-0.0652173913043478,,,0.0450434782608695,0.1241159420289854,-0.1521739130434782,-0.3130434782608696,-0.0006618571712221,-0.3163538873994638,920.0,975.0,2.5,0.0009105809506465,-0.0009122407773884,-0.0011248507554536
1998-07-13,1125.0,1145.0,1075.0,1145.0,12000.0,1145.0,1153.0,1131.5,1100.0,1006.8666666666668,1107.45,False,False,False,False,False,False,True,False,True,False,False,-0.0262008733624454,0.0,,,0.0393013100436681,0.1206404657933041,-0.0829694323144104,-0.314410480349345,-0.0003972720651525,-0.3230225364560318,800.0,945.0,2.4,0.0016363636363635,0.000725782685717,0.0002645851060695
1998-07-14,1145.0,1150.0,1145.0,1150.0,14000.0,1150.0,1148.0,1137.0,1101.0,1006.8666666666668,1104.7,False,False,False,False,False,False,True,False,False,True,False,-0.0869565217391304,-0.017391304347826,,,0.0426086956521739,0.1244637681159419,-0.1260869565217391,-0.2913043478260869,0.0,-0.3205804749340369,785.0,900.0,1.1666666666666667,0.0009082652134423,-0.0007280984229212,0.0003972720651525
1998-07-15,1175.0,1175.0,1175.0,1175.0,2000.0,1175.0,1161.0,1139.5,1102.0,1006.5333333333332,1102.025,False,False,False,False,False,False,True,False,False,True,False,-0.1191489361702127,-0.0382978723404255,,,0.062127659574468,0.1433758865248228,-0.2170212765957447,-0.2382978723404255,-0.0003311696913501,-0.3093462044756472,800.0,950.0,0.1428571428571428,0.0009074410163339,-8.241971083868677e-07,-0.0003311696913501
1998-07-16,1105.0,1105.0,1090.0,1090.0,3000.0,1090.0,1142.0,1138.5,1099.8,1005.0666666666668,1098.975,False,False,False,False,False,True,False,False,False,True,False,-0.0412844036697247,-0.0275229357798165,,,-0.0089908256880733,0.0779204892966359,-0.1743119266055046,-0.1834862385321101,-0.0014592730167149,-0.2964426877470356,790.0,1000.0,1.5,-0.0020003637024914,-0.0029078047188253,-0.0011281033253648
1998-07-17,1170.0,1170.0,1100.0,1105.0,7000.0,1105.0,1133.0,1144.0,1100.0,1003.8,1095.975,False,False,False,False,False,False,True,False,False,False,True,-0.0271493212669683,-0.0633484162895927,,,0.004524886877828,0.0915837104072398,-0.1855203619909502,-0.2398190045248869,-0.0012618715547587,-0.2928321678321678,750.0,1000.0,2.333333333333333,0.0001818181818182,0.0021821818843096,0.0001974014619562
1998-07-21,1105.0,1125.0,1105.0,1115.0,9000.0,1115.0,1127.0,1140.0,1101.6,1003.6,1093.0,False,False,False,False,False,False,True,False,True,False,False,0.0269058295964125,-0.0717488789237668,,,0.012017937219731,0.0999103139013452,-0.1928251121076233,-0.1704035874439461,-0.0001992825827022,-0.275,750.0,950.0,1.2857142857142858,0.0014524328249817,0.0012706146431635,0.0010625889720565
1998-07-22,1110.0,1110.0,1050.0,1050.0,7000.0,1050.0,1107.0,1127.5,1100.6,1002.6,1089.65,False,False,False,False,False,False,False,False,False,True,False,0.0761904761904762,-0.0238095238095238,,,-0.0481904761904761,0.0451428571428571,-0.0523809523809523,-0.1142857142857142,-0.0009974067424695,-0.2554323725055432,770.0,925.0,0.7777777777777778,-0.0009085953116481,-0.0023610281366299,-0.0007981241597673
1998-07-24,1050.0,1050.0,1035.0,1035.0,7000.0,1035.0,1079.0,1120.0,1100.0,1001.7333333333332,1086.225,False,False,False,False,False,False,False,False,False,False,False,0.0917874396135265,-0.0772946859903381,,,-0.0628019323671497,0.0321417069243157,-0.0434782608695652,-0.1111111111111111,-0.0008651670437908,-0.2352678571428571,860.0,900.0,1.0,-0.0005454545454544,0.0003631407661937,0.0001322396986786
1998-07-27,1135.0,1135.0,1045.0,1045.0,22000.0,1045.0,1070.0,1106.0,1099.4,1001.3333333333334,1082.85,False,False,False,False,False,False,False,False,False,True,False,0.0143540669856459,-0.1291866028708134,,,-0.0520574162679426,0.041786283891547,-0.1339712918660287,-0.124401913875598,-0.0003994673768307,-0.2129294755877034,800.0,900.0,3.142857142857143,-0.0005457522284881,-2.976830337208516e-07,0.0004656996669601
1998-07-28,1050.0,1075.0,1050.0,1075.0,9000.0,1075.0,1064.0,1098.5,1100.0,1000.6666666666666,1079.7,False,False,False,False,False,False,True,False,False,False,False,-0.0372093023255813,-0.1162790697674418,,,-0.0232558139534883,0.0691472868217054,-0.1534883720930232,-0.1674418604651162,-0.0006662225183211,-0.1979972690031861,900.0,900.0,0.4090909090909091,0.0005454545454544,0.0010912067739426,-0.0002667551414904
1998-07-29,1080.0,1145.0,1080.0,1145.0,19000.0,1145.0,1070.0,1098.5,1103.8,1001.6,1076.875,False,False,False,True,True,False,True,True,True,False,False,-0.0960698689956331,-0.1921397379912663,,,0.0359825327510917,0.125240174672489,-0.2139737991266375,-0.2139737991266375,0.0009318423855165,-0.1875284478834774,935.0,850.0,2.111111111111111,0.0034426526544663,0.0028971981090118,0.0015980649038377
1998-07-30,1120.0,1130.0,1115.0,1130.0,5000.0,1130.0,1086.0,1096.5,1102.0,1002.3333333333334,1073.9,False,False,False,False,False,False,False,True,False,True,False,-0.0929203539823008,-0.1814159292035398,,,0.0247787610619469,0.1129793510324483,-0.2035398230088495,-0.1371681415929203,0.0007316262055204,-0.1714546283629731,1090.0,805.0,0.2631578947368421,-0.001633393829401,-0.0050760464838673,-0.0002002161799961
1998-07-31,1130.0,1130.0,1130.0,1130.0,2000.0,1130.0,1105.0,1092.0,1104.2,1003.0666666666668,1071.05,False,False,False,False,False,False,True,True,True,False,False,-0.1548672566371681,-0.0929203539823008,,,0.0228318584070796,0.1123303834808258,-0.247787610619469,-0.1415929203539823,0.0007310913199522,-0.1611721611721611,1125.0,850.0,0.4,0.001992392682485,0.0036257865118861,-5.348855681922959e-07
1998-08-05,1100.0,1100.0,1060.0,1060.0,13000.0,1060.0,1108.0,1089.0,1106.0,1003.6,1067.825,False,False,False,False,False,False,True,True,False,True,False,-0.1415094339622641,-0.0330188679245283,,,-0.0433962264150943,0.0532075471698113,-0.1981132075471698,-0.1273584905660377,0.0005314202205392,-0.1556473829201101,1135.0,825.0,6.5,0.0016274864376129,-0.0003649062448721,-0.000199671099413
1998-08-06,1065.0,1065.0,1035.0,1035.0,7000.0,1035.0,1100.0,1082.0,1107.0,1004.4,1064.475,False,False,False,False,False,False,True,True,False,True,False,-0.0821256038647343,-0.0579710144927536,,,-0.0695652173913043,0.0295652173913043,-0.2028985507246377,-0.2028985507246377,0.0007964954201512,-0.1515711645101663,1125.0,880.0,0.5384615384615384,0.000903342366757,-0.0007241440708559,0.000265075199612
1998-08-07,1035.0,1035.0,1035.0,1035.0,6000.0,1035.0,1078.0,1074.0,1107.6,1005.6,1061.125,False,False,False,False,False,False,True,True,False,True,False,-0.1062801932367149,0.0144927536231884,,,-0.0701449275362317,0.0284057971014492,-0.217391304347826,-0.178743961352657,0.0011933174224344,-0.1522346368715083,1100.0,800.0,0.8571428571428571,0.0005417118093173,-0.0003616305574396,0.0003968220022831
1998-08-10,1035.0,1035.0,1025.0,1025.0,7000.0,1025.0,1057.0,1071.5,1104.8,1007.2666666666668,1057.875,False,False,False,False,False,False,False,True,False,True,False,-0.0975609756097561,-0.0195121951219512,,,-0.0778536585365853,0.0173008130081299,-0.2195121951219512,-0.1951219512195122,0.0016546429280562,-0.1600559962669155,1125.0,905.0,1.1666666666666667,-0.002534395365677,-0.0030761071749943,0.0004613255056217
1998-08-11,955.0,955.0,955.0,955.0,1000.0,955.0,1022.0,1063.5,1097.0,1007.3333333333334,1054.4,False,False,False,False,False,False,False,True,False,True,False,0.0732984293193717,-0.0366492146596858,,,-0.1486910994764398,-0.0547993019197208,-0.0575916230366492,-0.1099476439790576,6.618133686294444e-05,-0.160319699106723,1150.0,875.0,0.1428571428571428,-0.0071103008204192,-0.0045759054547422,-0.0015884615911932
1998-08-12,905.0,910.0,905.0,910.0,5000.0,910.0,992.0,1050.0,1089.4,1006.1333333333332,1050.625,False,False,False,False,False,False,False,False,False,False,False,0.1263736263736263,-0.0109890109890109,,,-0.1971428571428572,-0.1056410256410255,-0.0659340659340659,0.0109890109890109,-0.0011926848661544,-0.149047619047619,1145.0,895.0,5.0,-0.0069763172388469,0.0001339835815722,-0.0012588662030173
1998-08-13,950.0,950.0,950.0,950.0,1000.0,950.0,975.0,1037.5,1085.4,1005.4666666666668,1047.0,False,False,False,False,False,False,False,False,False,False,False,0.0263157894736842,-0.0526315789473684,,,-0.1425263157894737,-0.0583859649122808,-0.1052631578947368,0.0105263157894736,-0.0006630420368648,-0.1325301204819277,1100.0,920.0,0.2,-0.0036852773171181,0.0032910399217288,0.0005296428292895
1998-08-17,925.0,925.0,925.0,925.0,2000.0,925.0,953.0,1015.5,1076.2,1005.1333333333332,1044.1,False,False,False,False,False,False,False,False,False,True,False,0.1351351351351351,-0.027027027027027,,,-0.1634594594594595,-0.0866306306306305,-0.0648648648648648,0.0,-0.0003316309610667,-0.1112752338749384,1075.0,800.0,2.0,-0.0085485969150715,-0.0048633195979534,0.000331411075798
1998-08-18,920.0,925.0,920.0,925.0,7000.0,925.0,933.0,995.0,1066.2,1005.1333333333332,1041.225,False,False,False,False,False,False,False,False,False,True,False,0.0864864864864864,0.0756756756756756,,,-0.1526486486486487,-0.0866306306306305,-0.081081081081081,-0.1027027027027027,0.0,-0.107537688442211,1075.0,785.0,3.5,-0.009379103357719,-0.0008305064426474,0.0003316309610667
1998-08-19,980.0,1025.0,980.0,1025.0,23000.0,1025.0,947.0,984.5,1062.8,1006.8,1038.825,False,False,False,False,False,False,False,True,False,False,False,-0.1024390243902439,-0.0341463414634146,,,-0.0368780487804877,0.0177560975609756,-0.2682926829268293,-0.1658536585365853,0.0016554098794862,-0.1097003555104113,1050.0,800.0,3.2857142857142856,-0.0031990967256304,0.0061800066320885,0.0016554098794862
1998-08-20,1025.0,1025.0,1025.0,1025.0,6000.0,1025.0,970.0,981.0,1056.4,1008.4666666666668,1036.375,False,False,False,False,False,False,False,True,False,True,False,-0.1219512195121951,-0.1170731707317073,,,-0.0306341463414635,0.0161300813008128,-0.3024390243902439,-0.1707317073170731,0.0016526740265751,-0.1141692150866462,1060.0,790.0,0.2608695652173913,-0.0060583112457401,-0.0028592145201096,-2.735852911049967e-06
1998-08-21,1005.0,1005.0,975.0,975.0,9000.0,975.0,975.0,975.0,1049.4,1009.4666666666668,1033.725,False,False,False,False,False,False,False,True,False,True,False,-0.0769230769230769,-0.0666666666666666,,,-0.0763076923076924,-0.0353504273504274,-0.2666666666666666,-0.1333333333333333,0.0009906221106855,-0.1066666666666666,1060.0,750.0,1.5,-0.0066704783685915,-0.0006121671228514,-0.0006620519158896
1998-08-25,1050.0,1050.0,1050.0,1050.0,6000.0,1050.0,1000.0,976.5,1045.6,1012.1333333333332,1032.05,False,False,False,False,True,False,False,True,False,False,False,-0.1428571428571428,-0.1428571428571428,,,0.0041904761904762,0.0360634920634921,-0.3095238095238095,-0.238095238095238,0.0026346989856406,-0.1131592421915002,1050.0,750.0,0.6666666666666666,-0.0036342769701608,0.0030362013984307,0.0016440768749551
1998-08-26,1005.0,1030.0,1005.0,1005.0,22000.0,1005.0,1016.0,974.5,1039.8,1014.8,1030.45,False,False,False,False,False,False,False,True,False,True,False,-0.0099502487562189,-0.1044776119402985,,,-0.0346268656716417,-0.0097512437810944,-0.2786069651741293,-0.2039800995024875,0.0026277755879648,-0.1139045664443304,1175.0,770.0,3.6666666666666665,-0.0055779957684169,-0.0019437187982561,-6.92339767576584e-06
1998-08-27,920.0,920.0,920.0,920.0,4000.0,920.0,995.0,971.0,1029.6,1015.7333333333332,1029.05,False,False,False,False,False,False,False,True,False,True,False,0.0760869565217391,-0.0760869565217391,,,-0.1191304347826086,-0.1040579710144926,-0.1847826086956521,-0.1304347826086956,0.0009188763454974,-0.1158599382080329,1075.0,860.0,0.1818181818181818,-0.0099067599067599,-0.0043287641383429,-0.0017088992424674
1998-08-28,920.0,920.0,900.0,900.0,6000.0,900.0,970.0,970.0,1022.0,1016.7333333333332,1028.4,False,False,False,False,False,False,False,True,False,False,False,0.0055555555555555,-0.0555555555555555,,,-0.1355555555555555,-0.1297037037037036,-0.1388888888888889,-0.1166666666666666,0.0009835420628155,-0.1278350515463917,1015.0,800.0,1.5,-0.007436399217221,0.0024703606895389,6.466571731809933e-05
1998-08-31,900.0,900.0,900.0,900.0,4000.0,900.0,955.0,965.0,1013.8,1017.0,1027.725,False,False,True,False,False,False,False,True,False,True,False,0.0111111111111111,-0.0833333333333333,,,-0.1264444444444444,-0.13,-0.1222222222222222,0.0555555555555555,0.0002622091117667,-0.1243523316062176,1010.0,900.0,0.6666666666666666,-0.0080883803511541,-0.000651981133933,-0.0007213329510488
1998-09-01,900.0,900.0,900.0,900.0,4000.0,900.0,925.0,962.5,1005.2,1018.3333333333334,1026.975,False,False,False,False,False,False,False,True,False,True,False,0.0,-0.1,,,-0.1168888888888889,-0.1314814814814815,-0.1277777777777777,0.0833333333333333,0.0013093289689034,-0.1168831168831168,1020.0,935.0,1.0,-0.0085555113410265,-0.0004671309898724,0.0010471198571367
1998-09-02,945.0,995.0,945.0,995.0,9000.0,995.0,923.0,969.5,1003.0,1019.5333333333332,1026.2,False,False,False,False,False,False,False,True,False,False,True,-0.0954773869346733,-0.1959798994974874,,,-0.0080402010050251,-0.0246566164154102,-0.2010050251256281,0.0804020100502512,0.0011770090891255,-0.0979886539453326,1095.0,1090.0,2.25,-0.0021934197407777,0.0063620916002488,-0.0001323198797779
1998-09-03,920.0,990.0,900.0,990.0,8000.0,990.0,937.0,966.0,1001.2,1021.0666666666668,1024.9,False,False,False,False,False,False,False,True,False,False,False,-0.1414141414141414,-0.0909090909090909,,,-0.0113131313131313,-0.0313804713804715,-0.1919191919191919,0.1969696969696969,0.0015016975711677,-0.0605590062111801,1150.0,1125.0,0.8888888888888888,-0.0017978425888932,0.0003955771518844,0.0003246884820421
1998-09-04,995.0,995.0,900.0,905.0,82000.0,905.0,938.0,954.0,995.6,1021.2,1023.175,False,False,False,False,False,False,False,True,False,True,False,-0.0607734806629834,-0.0607734806629834,,,-0.100110497237569,-0.1283977900552486,-0.1160220994475138,0.3149171270718232,0.0001305653479565,-0.0131027253668763,1100.0,1135.0,10.25,-0.0056247488951386,-0.0038269063062453,-0.0013711322232111
1998-09-07,900.0,910.0,900.0,910.0,10000.0,910.0,940.0,947.5,989.0,1021.0666666666668,1020.725,False,False,False,False,False,False,False,False,False,True,False,-0.0934065934065934,-0.0659340659340659,,,-0.0868131868131868,-0.1220512820512822,-0.0769230769230769,0.467032967032967,-0.0001305823974926,0.0453825857519788,1050.0,1125.0,0.1219512195121951,-0.0066734074823053,-0.0010486585871667,-0.0002611477454492
1998-09-08,900.0,905.0,900.0,900.0,8000.0,900.0,940.0,932.5,979.2,1022.4,1017.85,False,False,False,False,False,False,False,True,False,True,False,-0.1,-0.0388888888888888,,,-0.088,-0.1359999999999999,-0.0277777777777777,0.4444444444444444,0.0013041210224306,0.1158176943699731,1155.0,1100.0,0.8,-0.0100081699346404,-0.003334762452335,0.0014347034199233
1998-09-09,905.0,905.0,900.0,900.0,10000.0,900.0,921.0,922.0,970.0,1023.9333333333332,1015.85,False,False,False,False,False,False,False,True,False,False,False,-0.1111111111111111,-0.0555555555555555,,,-0.0777777777777777,-0.1377037037037035,-0.05,0.5555555555555556,0.0014974933263882,0.1936008676789588,1175.0,1125.0,1.25,-0.0094845360824742,0.0005236338521662,0.0001933723039576
1998-09-10,865.0,865.0,850.0,850.0,31000.0,850.0,893.0,915.0,958.8,1024.6,1013.85,False,False,False,False,False,False,False,True,False,True,False,0.0588235294117647,-0.1176470588235294,,,-0.1279999999999999,-0.2054117647058822,-0.1176470588235294,0.7235294117647059,0.0006506604203267,0.2754098360655738,1110.0,1150.0,3.1,-0.0116812682519816,-0.0021967321695074,-0.0008468329060615
1998-09-11,850.0,850.0,850.0,850.0,1000.0,850.0,882.0,910.0,950.4,1025.4,1011.575,False,False,False,False,False,False,False,True,False,False,False,0.0,-0.1588235294117647,,,-0.1181176470588235,-0.2063529411764706,-0.1176470588235294,0.6764705882352942,0.0007801833430858,0.3516483516483517,1185.0,1145.0,0.032258064516129,-0.0088383838383838,0.0028428844135978,0.000129522922759
1998-09-14,825.0,825.0,825.0,825.0,3000.0,825.0,865.0,902.5,942.0,1026.4,1009.125,False,False,False,False,False,False,False,True,False,True,False,0.0303030303030303,-0.1333333333333333,,,-0.1418181818181818,-0.2441212121212122,-0.0909090909090909,0.806060606060606,0.0009742790335151,0.4227146814404432,1150.0,1100.0,3.0,-0.0089171974522292,-7.881361384545933e-05,0.0001940956904293
1998-09-16,810.0,810.0,810.0,810.0,3000.0,810.0,847.0,893.5,933.0,1027.2,1006.425,False,False,False,False,False,False,False,True,False,True,False,0.0679012345679012,-0.1049382716049382,,,-0.1518518518518518,-0.2681481481481482,-0.0432098765432098,0.808641975308642,0.0007788161993769,0.4918858421936206,1145.0,1075.0,1.0,-0.0096463022508038,-0.0007291047985745,-0.0001954628341382
1998-09-17,810.0,810.0,800.0,800.0,2000.0,800.0,827.0,874.0,924.0,1027.6,1003.95,False,False,False,False,False,False,False,True,False,True,False,0.0625,-0.09375,,,-0.155,-0.2844999999999998,-0.0625,0.84375,0.0003892565200465,0.5709382151029748,1150.0,1075.0,0.6666666666666666,-0.0097402597402597,-9.395748945588075e-05,-0.0003895596793303
1998-09-18,850.0,900.0,850.0,900.0,2000.0,900.0,837.0,865.0,921.8,1028.1333333333334,1002.15,False,False,False,False,False,False,False,True,False,False,False,-0.1666666666666666,-0.1666666666666666,,,-0.0242222222222221,-0.1423703703703704,-0.1666666666666666,0.6666666666666666,0.0005187394631048,0.6236994219653179,1175.0,1050.0,1.0,-0.0023866348448687,0.0073536248953909,0.0001294829430582
1998-09-21,850.0,850.0,850.0,850.0,2000.0,850.0,837.0,859.5,919.4,1028.8,999.975,False,False,False,False,False,False,False,True,False,True,False,-0.1588235294117647,-0.088235294117647,,,-0.0816470588235293,-0.2103529411764705,-0.1176470588235294,0.7588235294117647,0.0006480041472263,0.6695753344968005,1090.0,1060.0,1.0,-0.002610398085708,-0.0002237632408392,0.0001292646841215
1998-09-24,850.0,850.0,850.0,850.0,2000.0,850.0,842.0,853.5,915.4,1028.1333333333334,997.975,False,False,False,False,False,False,False,False,False,True,False,-0.1588235294117647,-0.0705882352941176,,,-0.0769411764705882,-0.2095686274509805,-0.1058823529411764,0.7,-0.0006484243288806,0.6942003514938488,1105.0,1060.0,1.0,-0.0043696744592527,-0.0017592763735447,-0.001296428476107
1998-09-25,865.0,865.0,865.0,865.0,6000.0,865.0,853.0,850.0,913.0,1027.2,995.5,False,False,False,False,False,False,False,False,False,False,False,-0.1618497109826589,-0.0924855491329479,,,-0.0554913294797687,-0.187514450867052,-0.1329479768786127,0.6184971098265896,-0.0009086188992731,0.7129411764705882,1115.0,1050.0,3.0,-0.0026286966046001,0.0017409778546525,-0.0002601945703924
1998-09-30,850.0,850.0,850.0,850.0,8000.0,850.0,863.0,845.0,910.0,1024.0,993.45,False,False,False,False,False,False,False,False,False,True,False,-0.1470588235294117,-0.0647058823529411,,,-0.0705882352941176,-0.2047058823529411,-0.0588235294117647,0.5764705882352941,-0.003125,0.7159763313609467,1050.0,1175.0,1.3333333333333333,-0.0032967032967032,-0.0006680066921031,-0.0022163811007268
1998-10-01,800.0,800.0,750.0,750.0,3000.0,750.0,833.0,835.0,899.0,1019.0,990.55,False,False,False,False,False,False,False,False,False,True,False,0.0,0.0666666666666666,,,-0.1986666666666666,-0.3586666666666667,0.0,0.82,-0.0049067713444553,0.7245508982035929,1035.0,1075.0,0.375,-0.0122358175750834,-0.0089391142783801,-0.0017817713444553
1998-10-02,625.0,715.0,625.0,715.0,37000.0,715.0,806.0,821.5,886.6,1013.4,987.5,False,False,False,False,False,False,False,False,False,True,False,0.0839160839160839,0.1188811188811188,,,-0.24,-0.4173426573426573,0.0839160839160839,0.9230769230769232,-0.0055259522399842,0.7468046256847231,1045.0,1015.0,12.333333333333334,-0.0139860139860139,-0.0017501964109305,-0.0006191808955288
1998-10-05,715.0,715.0,715.0,715.0,2000.0,715.0,779.0,810.5,876.2,1007.9333333333332,984.575,False,False,False,False,False,False,False,False,False,False,False,0.1048951048951049,0.1748251748251748,,,-0.2254545454545455,-0.4096969696969694,0.1048951048951049,1.0,-0.0054236391295722,0.7631091918568784,1075.0,1010.0,0.054054054054054,-0.0118694362017803,0.0021165777842335,0.000102313110412
1998-10-06,725.0,725.0,725.0,725.0,7000.0,725.0,751.0,802.0,863.2,1002.9333333333332,981.825,False,False,False,False,False,False,False,False,False,True,False,0.0827586206896551,0.2068965517241379,,,-0.1906206896551724,-0.3833563218390802,0.0827586206896551,0.9517241379310344,-0.0049853762297261,0.7755610972568578,1145.0,1020.0,3.5,-0.0150602409638554,-0.003190804762075,0.000438262899846
1998-10-07,725.0,725.0,720.0,725.0,9000.0,725.0,726.0,794.5,852.0,997.6,979.175,False,False,False,False,False,False,False,False,False,False,False,0.096551724137931,0.1793103448275862,,,-0.1751724137931034,-0.376,0.1241379310344827,0.9241379310344828,-0.0053461641272385,0.7822529893014475,1130.0,1095.0,1.2857142857142858,-0.0131455399061033,0.001914701057752,-0.0003607878975123
1998-10-08,800.0,800.0,750.0,750.0,3000.0,750.0,726.0,779.5,845.2,992.2666666666668,976.675,False,False,False,False,False,False,False,False,False,False,False,0.0666666666666666,0.0,,,-0.1269333333333334,-0.3230222222222224,0.1933333333333333,0.8666666666666667,-0.0053748992206395,0.8037203335471456,1130.0,1150.0,0.3333333333333333,-0.0080454330336014,0.0051001068725018,-2.8735093401019776e-05
1998-10-09,775.0,775.0,775.0,775.0,2000.0,775.0,738.0,772.0,840.2,987.3333333333334,974.3,False,False,False,False,False,False,False,False,False,False,False,0.032258064516129,-0.032258064516129,,,-0.0841290322580645,-0.273978494623656,0.1483870967741935,0.8129032258064516,-0.0049966239027684,0.8095854922279793,1060.0,1100.0,0.6666666666666666,-0.0059509640561771,0.0020944689774243,0.000378275317871
1998-10-12,775.0,790.0,775.0,790.0,2000.0,790.0,753.0,766.0,835.8,983.2,971.85,False,False,False,False,False,False,False,False,False,False,False,0.0632911392405063,-0.050632911392405,,,-0.0579746835443037,-0.2445569620253165,0.0632911392405063,0.7088607594936709,-0.0042039598589639,0.8113577023498695,1035.0,1050.0,1.0,-0.0052644173247189,0.0006865467314581,0.0007926640438045
1998-10-13,785.0,785.0,785.0,785.0,6000.0,785.0,765.0,758.0,831.2,979.3333333333334,969.525,False,False,False,False,False,False,False,False,False,True,False,0.1146496815286624,-0.0127388535031847,,,-0.0588535031847134,-0.2475583864118896,0.1783439490445859,0.7770700636942676,-0.0039482641252552,0.8298153034300791,1035.0,1155.0,3.0,-0.0055341674687198,-0.0002697501440008,0.0002556957337086
1998-10-16,750.0,795.0,750.0,795.0,3000.0,795.0,779.0,752.5,823.2,975.6,967.625,False,False,False,False,False,False,False,False,False,True,False,0.0754716981132075,-0.0566037735849056,,,-0.0354716981132076,-0.2271698113207547,0.1698113207547169,0.6163522012578616,-0.003826704933716,0.8358803986710963,1025.0,1175.0,0.5,-0.0097181729834791,-0.0041840055147592,0.0001215591915392
1998-10-21,800.0,800.0,800.0,800.0,2000.0,800.0,789.0,757.5,815.6,972.2666666666668,965.875,False,False,False,False,False,False,False,False,False,False,True,-0.0625,-0.0625,,,-0.0195,-0.2153333333333334,0.15,0.64375,-0.0034284147010421,0.8171617161716171,955.0,1110.0,0.6666666666666666,-0.0093182932810201,0.0003998797024589,0.0003982902326738
1998-10-22,800.0,800.0,795.0,800.0,8000.0,800.0,794.0,766.0,811.4,968.8,963.875,False,False,False,False,False,False,False,False,False,False,False,-0.0625,-0.0625,,,-0.0142499999999999,-0.2109999999999999,0.14375,0.64375,-0.0035783099366915,0.7891644908616188,910.0,1185.0,4.0,-0.0051762385999507,0.0041420546810693,-0.0001498952356494
1998-10-23,850.0,850.0,840.0,840.0,27000.0,840.0,804.0,778.5,808.6,965.8666666666668,962.075,False,False,False,False,True,False,False,False,False,False,False,-0.1071428571428571,-0.0952380952380952,,,0.0373809523809523,-0.14984126984127,0.0654761904761904,0.4761904761904761,-0.003036996134732,0.7360308285163777,950.0,1150.0,3.375,-0.0034627751669551,0.0017134634329955,0.0005413138019595
1998-10-26,915.0,915.0,875.0,875.0,8000.0,875.0,822.0,793.5,807.6,963.5333333333332,960.7,False,False,False,False,False,False,False,False,False,False,False,-0.1142857142857142,-0.1428571428571428,,,0.0770285714285714,-0.1011809523809522,0.0285714285714285,0.4571428571428571,-0.0024216425655575,0.6855702583490864,925.0,1145.0,0.2962962962962963,-0.0012382367508667,0.0022245384160884,0.0006153535691744
1998-10-27,805.0,855.0,800.0,855.0,19000.0,855.0,834.0,806.5,805.8,959.2666666666668,959.725,False,False,False,False,False,False,False,False,False,True,False,-0.1228070175438596,-0.0643274853801169,,,0.0575438596491228,-0.1219493177387915,0.1403508771929824,0.4385964912280701,-0.0044478421016051,0.6379417234965902,925.0,1150.0,2.375,-0.0022338049143708,-0.0009955681635041,-0.0020261995360475
1998-10-28,750.0,750.0,725.0,750.0,11000.0,750.0,824.0,806.5,801.8,954.9333333333332,957.775,False,False,False,False,False,True,False,False,False,True,False,0.0,0.0,,,-0.0690666666666666,-0.2732444444444442,0.2933333333333333,0.6133333333333333,-0.0045378385925721,0.6143831370117793,1025.0,1175.0,0.5789473684210527,-0.0049887752556747,-0.0027549703413038,-8.999649096704584e-05
1998-10-29,755.0,765.0,745.0,750.0,6000.0,750.0,814.0,804.0,797.8,951.4,956.9,False,False,False,False,False,False,False,False,False,True,False,0.0,0.0333333333333333,,,-0.0637333333333332,-0.2685333333333333,0.2333333333333333,0.6666666666666666,-0.003713825239997,0.6001243781094527,1025.0,1090.0,0.5454545454545454,-0.0050137879167711,-2.501266109638904e-05,0.0008240133525751
1998-10-30,760.0,760.0,750.0,750.0,10000.0,750.0,796.0,800.0,794.8,947.9333333333332,956.0,False,False,False,False,False,False,False,False,False,False,False,0.0133333333333333,0.0533333333333333,,,-0.0597333333333332,-0.2639111111111109,0.1,0.7,-0.0036570785568606,0.59875,975.0,1105.0,1.6666666666666667,-0.0037745344740815,0.0012392534426895,5.674668313635422e-05
1998-11-02,750.0,775.0,750.0,775.0,2000.0,775.0,776.0,799.0,793.4,944.6666666666666,955.225,False,False,False,False,False,False,False,False,False,False,False,-0.032258064516129,0.0129032258064516,,,-0.0237419354838709,-0.2189247311827956,0.0967741935483871,0.6129032258064516,-0.003458009880028,0.5826032540675845,1050.0,1115.0,0.2,-0.0017645576002016,0.0020099768738798,0.0001990686768325
1998-11-04,775.0,775.0,750.0,750.0,12000.0,750.0,755.0,794.5,791.4,940.0666666666668,954.475,False,False,False,False,False,False,False,False,False,True,False,0.0666666666666666,0.0866666666666666,,,-0.0551999999999999,-0.2534222222222224,0.1,0.7333333333333333,-0.0048932699808522,0.5934550031466331,1005.0,1050.0,6.0,-0.0025271670457417,-0.00076260944554,-0.0014352601008241
1998-11-05,800.0,800.0,750.0,750.0,9000.0,750.0,755.0,789.5,785.4,934.7333333333332,953.6,False,False,False,False,False,False,False,False,False,True,False,0.0,0.1933333333333333,,,-0.0471999999999999,-0.2463111111111109,0.1333333333333333,0.7,-0.0057057271236005,0.5984800506649778,920.0,1035.0,0.75,-0.0076394194041252,-0.0051122523583835,-0.0008124571427483
1998-11-06,750.0,750.0,750.0,750.0,5000.0,750.0,755.0,784.5,781.4,930.0666666666668,952.725,False,False,False,False,False,False,False,False,False,False,False,0.0333333333333333,0.1866666666666666,,,-0.0418666666666666,-0.2400888888888891,0.2266666666666666,0.8333333333333334,-0.0050175614651276,0.6163161249203314,900.0,1045.0,0.5555555555555556,-0.0051190171487074,0.0025204022554178,0.0006881656584729
1998-11-10,750.0,760.0,750.0,760.0,5000.0,760.0,757.0,776.5,777.8,926.2,951.975,False,False,False,False,False,False,False,False,False,False,False,0.0394736842105263,0.1052631578947368,,,-0.0234210526315788,-0.2186842105263158,0.2631578947368421,0.8223684210526315,-0.0041747642697762,0.6516419832582099,900.0,1075.0,1.0,-0.0046284391874518,0.0004905779612556,0.0008427971953513
1998-11-12,760.0,760.0,750.0,750.0,3000.0,750.0,752.0,764.0,773.2,920.8,951.1,False,False,False,False,False,False,False,False,False,True,False,0.0466666666666666,0.2333333333333333,,,-0.0309333333333333,-0.2277333333333332,0.2333333333333333,0.8866666666666667,-0.0058644656820157,0.6969895287958116,900.0,1145.0,0.6,-0.0059493016037246,-0.0013208624162728,-0.0016897014122394
1998-11-13,760.0,800.0,750.0,800.0,8000.0,800.0,762.0,758.5,771.2,915.8,950.475,False,False,False,False,True,False,False,False,False,False,False,0.01875,0.1625,,,0.0359999999999999,-0.1447499999999999,0.0375,0.625,-0.0054597073596855,0.7185234014502307,995.0,1130.0,2.6666666666666665,-0.0025933609958506,0.003355940607874,0.0004047583223302
1998-11-16,850.0,850.0,750.0,750.0,36000.0,750.0,762.0,758.5,771.2,911.0,949.85,False,False,False,False,False,False,False,False,False,False,False,0.1933333333333333,0.2266666666666666,,,-0.0282666666666667,-0.2146666666666666,0.14,0.7666666666666667,-0.0052689352360043,0.7336849044166117,990.0,1130.0,4.5,0.0,0.0025933609958506,0.0001907721236811
1998-11-17,795.0,795.0,775.0,775.0,12000.0,775.0,767.0,761.0,773.6,905.5333333333332,949.35,False,False,False,False,False,False,True,False,True,False,True,0.1483870967741935,0.1806451612903225,,,0.0018064516129031,-0.1684301075268815,0.0967741935483871,0.632258064516129,-0.0060369579621587,0.7299605781865965,905.0,1060.0,0.3333333333333333,0.0031023784901757,0.0031023784901757,-0.0007680227261543
1998-11-18,780.0,795.0,780.0,790.0,9000.0,790.0,773.0,765.0,776.6,900.7333333333332,948.95,False,False,False,False,False,False,True,False,False,False,False,0.0632911392405063,0.1329113924050632,,,0.0169620253164556,-0.1401687763713079,0.0696202531645569,0.6645569620253164,-0.0053289911923617,0.7261437908496732,910.0,1035.0,0.75,0.0038629925315477,0.000760614041372,0.000707966769797
1998-11-19,785.0,785.0,785.0,785.0,1000.0,785.0,780.0,766.0,779.0,895.9333333333333,948.95,False,False,False,False,False,False,True,False,False,True,False,0.1783439490445859,0.1464968152866242,,,0.0076433121019108,-0.141316348195329,0.019108280254777,0.5732484076433121,-0.0053575414837412,0.7219321148825065,900.0,1035.0,0.1111111111111111,0.0030808729139922,-0.0007821196175555,-2.855029137956936e-05
1998-11-20,785.0,815.0,785.0,815.0,4000.0,815.0,783.0,772.5,782.6,891.4666666666667,949.65,False,False,False,False,False,False,True,False,False,False,False,0.1411042944785276,0.1963190184049079,,,0.0397546012269938,-0.0938241308793456,-0.0184049079754601,0.5950920245398773,-0.0050104696380495,0.7074433656957929,900.0,1025.0,4.0,0.004600051111679,0.0015191781976867,0.0003470718456917
1998-11-24,825.0,895.0,825.0,895.0,14000.0,895.0,812.0,787.0,788.4,887.7333333333333,950.65,False,False,False,False,False,False,True,False,False,False,False,0.0279329608938547,0.0837988826815642,,,0.1191061452513966,0.008119180633147,-0.106145251396648,0.3743016759776536,-0.0042054671072394,0.670266836086404,850.0,955.0,3.5,0.0073566717402333,0.0027566206285542,0.0008050025308101
1998-11-25,900.0,900.0,890.0,890.0,13000.0,890.0,835.0,801.0,793.0,885.0666666666667,951.6,False,False,False,False,False,False,True,False,False,True,False,0.0280898876404494,0.0393258426966292,,,0.1089887640449438,0.0055430711610486,-0.1067415730337078,0.348314606741573,-0.003012955709551,0.6192259675405742,850.0,910.0,0.9285714285714286,0.0058007566204287,-0.0015559151198045,0.0011925113976884
1998-11-26,870.0,870.0,815.0,840.0,8000.0,840.0,845.0,809.0,795.0,881.5333333333333,952.3,False,False,False,False,False,False,True,False,False,True,False,0.0654761904761904,-0.0178571428571428,,,0.0535714285714285,-0.0494444444444444,0.1309523809523809,0.4464285714285714,-0.0040081675867807,0.5822002472187886,825.0,950.0,0.6153846153846154,0.0025157232704402,-0.0032850333499885,-0.0009952118772296
1998-11-27,890.0,925.0,890.0,925.0,21000.0,925.0,873.0,826.5,800.6,879.0,953.45,False,False,False,False,False,False,True,False,False,False,False,-0.027027027027027,-0.081081081081081,,,0.1344864864864864,0.0497297297297297,0.054054054054054,0.4054054054054054,-0.0028820629503223,0.5347852389594676,810.0,925.0,2.625,0.0069947539345491,0.0044790306641088,0.0011261046364584
1998-11-30,935.0,940.0,930.0,930.0,17000.0,930.0,896.0,839.5,806.0,877.4,955.1,False,False,False,False,False,False,True,False,False,True,False,0.0483870967741935,-0.1129032258064516,,,0.1333333333333333,0.0565591397849462,0.1559139784946236,0.3709677419354839,-0.0018235696375655,0.5080405002977963,800.0,925.0,0.8095238095238095,0.0066997518610421,-0.0002950020735069,0.0010584933127567
1998-12-01,855.0,920.0,855.0,920.0,13000.0,920.0,901.0,856.5,810.8,875.8666666666667,956.95,False,False,False,False,False,False,True,False,False,True,False,0.0543478260869565,-0.0760869565217391,,,0.118695652173913,0.0479710144927536,0.2880434782608695,0.483695652173913,-0.001750646978231,0.4827787507297139,900.0,1025.0,0.7647058823529411,0.0059200789343857,-0.0007796729266564,7.292265933450974e-05
1998-12-02,900.0,915.0,900.0,915.0,40000.0,915.0,906.0,870.5,815.4,874.1333333333333,958.125,False,False,False,False,False,False,True,False,False,True,False,0.0109289617486338,0.0054644808743169,,,0.1088524590163934,0.0446630236794171,0.3005464480874317,0.4754098360655737,-0.0019829164124466,0.4686961516369902,850.0,1025.0,3.076923076923077,0.0056414029923963,-0.0002786759419893,-0.0002322694342155
1998-12-08,895.0,895.0,895.0,895.0,1000.0,895.0,917.0,881.0,817.6,871.7333333333333,959.175,False,False,False,False,False,False,True,False,False,True,False,-0.0782122905027933,0.0726256983240223,,,0.0864804469273742,0.0259962756052141,0.4916201117318435,0.5083798882681564,-0.0027531355154481,0.4551645856980704,850.0,975.0,0.025,0.0026908023483366,-0.0029506006440597,-0.0007702191030014
1998-12-09,900.0,900.0,900.0,900.0,2000.0,900.0,912.0,892.5,818.6,868.4666666666667,960.3,False,False,False,False,False,False,True,False,False,True,False,-0.0555555555555555,0.0277777777777777,,,0.0904444444444444,0.035037037037037,0.4444444444444444,0.5,-0.0037614185921547,0.4492997198879552,865.0,1050.0,2.0,0.0012215978499877,-0.0014692044983488,-0.0010082830767066
1998-12-10,950.0,975.0,855.0,975.0,40000.0,975.0,921.0,908.5,823.4,866.4,961.8,False,False,False,False,False,False,True,False,False,False,False,-0.1538461538461538,-0.1487179487179487,,,0.1554871794871795,0.1113846153846154,0.4358974358974359,0.3333333333333333,-0.0023853493382579,0.4237754540451293,850.0,1005.0,20.0,0.0058294874908913,0.0046078896409035,0.0013760692538967
1998-12-11,950.0,975.0,875.0,970.0,60000.0,970.0,931.0,916.0,832.2,864.2666666666667,963.15,False,False,False,False,False,False,True,False,False,False,False,-0.1237113402061855,-0.1185567010309278,,,0.142061855670103,0.1090034364261168,0.5103092783505154,0.3350515463917525,-0.0024683739586547,0.4192139737991266,750.0,920.0,1.5,0.0105743811583754,0.0047448936674841,-8.302462039674061e-05
1998-12-14,925.0,925.0,925.0,925.0,1000.0,925.0,933.0,919.5,839.2,862.4666666666667,964.275,False,False,False,False,False,False,True,False,False,True,False,-0.0054054054054054,-0.081081081081081,,,0.0927567567567567,0.0676036036036035,0.5405405405405406,0.427027027027027,-0.0020870371801808,0.4268624252311038,715.0,900.0,0.0166666666666666,0.0083412774070543,-0.0022331037513211,0.0003813367784739
1998-12-17,850.0,850.0,825.0,825.0,7000.0,825.0,919.0,918.0,842.2,859.6666666666666,964.9,False,False,False,False,False,False,True,False,False,True,False,0.1636363636363636,0.0242424242424242,,,-0.0208484848484849,-0.0420202020202019,0.806060606060606,0.6,-0.0032570763861962,0.4406318082788671,715.0,900.0,7.0,0.0035620992638328,-0.0047791781432215,-0.0011700392060154
1998-12-18,750.0,875.0,750.0,850.0,17000.0,850.0,909.0,910.5,845.2,857.2,965.525,False,False,False,False,False,False,True,False,False,True,False,0.088235294117647,-0.0588235294117647,,,0.0056470588235293,-0.0084705882352941,0.7235294117647059,0.5058823529411764,-0.002877585938715,0.4503020318506315,725.0,900.0,2.4285714285714284,0.0035494557501183,-1.2643513714503344e-05,0.0003794904474811
1998-12-21,825.0,825.0,825.0,825.0,1000.0,825.0,879.0,900.0,848.2,854.5333333333333,966.4,False,False,False,False,False,False,True,False,False,True,False,0.006060606060606,-0.0303030303030303,,,-0.0281212121212121,-0.0357979797979797,0.7878787878787878,0.5454545454545454,-0.0031206116398815,0.4672222222222222,725.0,995.0,0.0588235294117647,0.0035369016741334,-1.2554075984856118e-05,-0.0002430257011664
1998-12-22,850.0,850.0,850.0,850.0,2000.0,850.0,855.0,893.0,852.2,853.1333333333333,967.15,False,False,False,False,False,False,True,False,False,False,False,0.0058823529411764,-0.0588235294117647,,,-0.0025882352941177,-0.0036862745098039,0.7647058823529411,0.4823529411764706,-0.0016410096116276,0.4669652855543113,750.0,990.0,2.0,0.0046937338652898,0.0011568321911563,0.0014796020282538
1998-12-25,920.0,920.0,920.0,920.0,10000.0,920.0,854.0,893.5,859.0,853.2666666666667,968.0,False,True,False,False,False,False,True,True,False,False,False,-0.0760869565217391,-0.1358695652173913,,,0.0663043478260869,0.0725362318840579,0.625,0.3315217391304347,0.0001562622079849,0.4521544487968663,775.0,905.0,5.0,0.0079161816065191,0.0032224477412293,0.0017972718196126
1999-01-04,920.0,960.0,920.0,960.0,9000.0,960.0,881.0,900.0,867.0,853.4,969.05,False,False,False,False,False,False,True,True,False,False,True,-0.1197916666666666,-0.0104166666666666,,,0.096875,0.1110416666666666,0.5052083333333334,0.2864583333333333,0.0001562377939223,0.4288888888888889,790.0,910.0,0.9,0.0092272202998846,0.0013110386933655,-2.44140626489938e-08
1999-01-05,800.0,925.0,800.0,925.0,2000.0,925.0,896.0,902.5,874.0,853.4,969.05,False,False,False,False,False,False,True,False,False,True,False,-0.1351351351351351,0.054054054054054,,,0.0551351351351351,0.0774054054054054,0.5135135135135135,0.3783783783783784,0.0,0.4166204986149584,785.0,900.0,0.2222222222222222,0.0080091533180778,-0.0012180669818068,-0.0001562377939223
1999-01-07,830.0,830.0,830.0,830.0,2000.0,830.0,897.0,888.0,875.2,852.1333333333333,968.575,False,False,False,False,False,False,True,False,False,True,False,-0.036144578313253,0.2951807228915662,,,-0.0544578313253012,-0.0266666666666666,0.6144578313253012,0.5421686746987951,-0.001486465341887,0.4375,795.0,900.0,1.0,0.0013711151736746,-0.0066380381444031,-0.001486465341887
1999-01-08,855.0,855.0,855.0,855.0,2000.0,855.0,898.0,876.5,879.4,849.8666666666667,968.3,False,False,False,False,False,False,True,False,False,False,False,-0.0643274853801169,0.3859649122807017,,,-0.0285380116959064,0.0060038986354775,0.5964912280701754,0.4912280701754385,-0.0026670850329463,0.4540787221905305,800.0,850.0,1.0,0.0047759836251989,0.0034048684515242,-0.0011806196910593
1999-01-11,850.0,850.0,850.0,850.0,1000.0,850.0,884.0,869.0,882.4,847.5333333333333,967.575,False,False,False,False,False,False,True,False,False,True,False,-0.0647058823529411,0.4,,,-0.0381176470588235,0.0029019607843137,0.6176470588235294,0.5588235294117647,-0.0027530873908597,0.4672036823935558,800.0,850.0,0.5,0.0033998186763372,-0.0013761649488616,-8.600235791346791e-05
1999-01-13,845.0,845.0,845.0,845.0,1000.0,845.0,861.0,871.0,884.6,845.8,966.35,False,False,False,False,False,False,True,False,False,True,True,0.1242603550295858,0.5798816568047337,,,-0.0468639053254438,-0.0009467455621301,0.6923076923076923,0.5502958579881657,-0.002049341845984,0.4626865671641791,840.0,825.0,1.0,0.0024869997739091,-0.000912818902428,0.0007037455448756
1999-01-14,770.0,800.0,770.0,800.0,4000.0,800.0,836.0,866.0,885.2,842.4666666666667,963.85,False,False,False,False,False,False,True,False,False,True,False,0.21875,0.625,,,-0.1065,-0.0530833333333333,0.76875,0.625,-0.00395663527736,0.4734411085450346,875.0,810.0,4.0,0.0006778129236331,-0.001809186850276,-0.0019072934313759
1999-01-18,800.0,800.0,800.0,800.0,2000.0,800.0,830.0,863.5,884.6,839.7333333333333,962.475,False,False,False,False,False,False,False,False,False,True,False,0.34375,0.75,,,-0.10575,-0.0496666666666666,0.74375,0.60625,-0.0032550015878056,0.4788650839606254,855.0,800.0,0.5,-0.0006782726656116,-0.0013560855892447,0.0007016336895543
1999-01-19,810.0,810.0,800.0,800.0,8000.0,800.0,819.0,858.5,880.8,838.1333333333333,961.1,False,False,False,False,False,False,False,False,False,True,False,0.48125,0.83125,,,-0.1009999999999999,-0.0476666666666666,0.75,0.59375,-0.0019090041361756,0.489225393127548,750.0,900.0,4.0,-0.0043142597638511,-0.0036359870982395,0.00134599745163
1999-01-20,750.0,795.0,750.0,795.0,13000.0,795.0,808.0,846.0,877.0,836.7333333333333,959.575,False,False,False,False,False,False,False,False,False,True,False,0.4968553459119497,0.7924528301886793,,,-0.1031446540880503,-0.0524947589098532,0.7672955974842768,0.5786163522012578,-0.0016731734523145,0.514775413711584,750.0,850.0,1.625,-0.0043329532497148,-1.8693485863763463e-05,0.0002358306838611
1999-01-21,795.0,955.0,795.0,950.0,104000.0,950.0,829.0,845.0,881.4,837.4,958.825,False,False,False,False,True,False,True,True,True,False,False,0.4052631578947368,0.5684210526315789,,,0.0722105263157895,0.1185263157894737,0.4210526315789473,0.3210526315789473,0.000796114959,0.5189349112426036,750.0,850.0,8.0,0.0049920580894031,0.009325011339118,0.0024692884113145
1999-01-22,975.0,1100.0,955.0,975.0,142000.0,975.0,864.0,850.0,883.4,838.4,958.15,False,False,False,False,False,False,True,True,False,True,True,0.3333333333333333,0.5025641025641026,,,0.0939487179487179,0.1401025641025641,0.4307692307692308,0.2461538461538461,0.001192748091603,0.5029411764705882,775.0,865.0,1.3653846153846154,0.0022639800769753,-0.0027280780124278,0.000396633132603
1999-01-25,1045.0,1075.0,1000.0,1075.0,116000.0,1075.0,919.0,874.5,889.2,839.4666666666667,957.975,False,False,False,False,False,False,True,True,False,False,False,0.3023255813953488,0.3720930232558139,,,0.1728372093023255,0.2191007751937984,0.1953488372093023,0.1255813953488372,0.0012706480304956,0.4528301886792453,750.0,850.0,0.8169014084507042,0.0065227170490329,0.0042587369720575,7.789993889256242e-05
1999-01-26,1095.0,1185.0,1095.0,1185.0,213000.0,1185.0,996.0,907.5,899.8,842.0666666666667,958.025,False,False,False,False,False,False,True,True,False,False,False,0.2362869198312236,0.2658227848101265,,,0.2406751054852321,0.2893952180028128,0.1097046413502109,0.0295358649789029,0.0030876415169028,0.3939393939393939,750.0,750.0,1.836206896551724,0.0117803956434762,0.0052576785944433,0.0018169934864072
1999-01-27,1195.0,1245.0,1160.0,1190.0,166000.0,1190.0,1075.0,941.5,910.8,845.8666666666667,958.1,False,False,False,False,False,False,True,True,False,False,False,0.1974789915966386,0.2563025210084033,,,0.2346218487394958,0.289187675070028,0.1050420168067226,0.0252100840336134,0.0044924337957124,0.3324482209240573,750.0,715.0,0.7793427230046949,0.0120772946859903,0.0002968990425141,0.0014047922788095
1999-01-28,1175.0,1425.0,1150.0,1335.0,519000.0,1335.0,1152.0,990.5,928.4,851.5333333333333,958.65,False,False,False,False,False,False,True,True,False,False,False,0.1161048689138576,0.0823970037453183,,,0.3045692883895131,0.362147315855181,-0.0711610486891385,-0.0861423220973782,0.0066546621780317,0.2574457344775366,760.0,715.0,3.1265060240963853,0.018957345971564,0.0068800512855736,0.0021622283823193
1999-01-29,1340.0,1350.0,1250.0,1300.0,103000.0,1300.0,1217.0,1040.5,944.4,856.8666666666667,958.9,False,False,False,False,False,False,True,True,False,True,False,0.1269230769230769,0.0769230769230769,,,0.2735384615384615,0.3408717948717948,-0.0192307692307692,0.1269230769230769,0.0062242278067377,0.2128784238346948,750.0,725.0,0.1984585741811175,0.0169419737399407,-0.0020153722316233,-0.0004304343712939
1999-02-01,1275.0,1425.0,1260.0,1400.0,148000.0,1400.0,1282.0,1100.5,961.4,863.5333333333333,960.1,False,False,False,False,False,False,True,True,False,False,False,0.0535714285714285,-0.0428571428571428,,,0.3132857142857143,0.3831904761904762,-0.1214285714285714,0.0964285714285714,0.0077202192542267,0.1694684234438891,800.0,725.0,1.4368932038834952,0.0176825462866652,0.0007405725467245,0.001495991447489
1999-02-02,1410.0,1490.0,1400.0,1465.0,307000.0,1465.0,1338.0,1167.0,981.2,871.7333333333333,961.625,False,False,False,False,False,False,True,True,False,False,False,0.0238907849829351,-0.068259385665529,,,0.3302389078498293,0.4049601820250284,-0.1740614334470989,0.0580204778156996,0.0094065463444478,0.1263924592973436,750.0,750.0,2.074324324324324,0.0201793721973094,0.0024968259106442,0.0016863270902211
1999-02-03,1490.0,1490.0,1400.0,1425.0,107000.0,1425.0,1385.0,1230.0,1001.2,879.4,963.25,False,False,False,False,False,False,True,True,False,True,False,0.0491228070175438,-0.0350877192982456,,,0.2974035087719298,0.3828771929824561,-0.1228070175438596,0.1929824561403508,0.0087180653475854,0.1048780487804878,775.0,775.0,0.3485342019543974,0.0199760287654814,-0.000203343431828,-0.0006884809968624
1999-02-04,1400.0,1525.0,1400.0,1490.0,295000.0,1490.0,1416.0,1284.0,1027.8,888.2666666666667,965.175,False,False,False,False,False,False,True,True,False,False,False,-0.0302013422818791,-0.0402684563758389,,,0.3102013422818792,0.4038478747203579,-0.1442953020134228,0.2046979865771812,0.0099819873911738,0.1004672897196261,790.0,790.0,2.7570093457943927,0.0258805215022377,0.0059044927367562,0.0012639220435883
1999-02-05,1450.0,1540.0,1445.0,1465.0,247000.0,1465.0,1449.0,1333.0,1052.4,897.0,966.975,False,False,False,False,False,False,True,True,False,True,False,-0.0443686006825938,-0.0341296928327645,,,0.2816382252559726,0.3877133105802047,-0.1467576791808873,0.1740614334470989,0.0097361575622445,0.0978994748687171,785.0,785.0,0.8372881355932204,0.023375142531357,-0.0025053789708806,-0.0002458298289292
1999-02-08,1455.0,1500.0,1455.0,1475.0,85000.0,1475.0,1464.0,1373.0,1078.4,906.0,968.85,False,False,False,False,False,False,True,True,False,False,False,-0.0915254237288135,-0.0542372881355932,,,0.2688813559322033,0.3857627118644068,-0.1186440677966101,0.1932203389830508,0.009933774834437,0.105972323379461,815.0,795.0,0.3441295546558704,0.0241097922848664,0.0007346497535094,0.0001976172721925
1999-02-09,1455.0,1540.0,1395.0,1500.0,362000.0,1500.0,1471.0,1404.5,1104.4,914.0,971.15,False,False,False,False,False,False,True,True,False,True,False,-0.09,-0.0666666666666666,,,0.2637333333333332,0.3906666666666666,-0.15,0.1833333333333333,0.0087527352297593,0.1206835172659309,895.0,800.0,4.258823529411765,0.0235421948569358,-0.0005675974279305,-0.0011810396046777
1999-02-10,1475.0,1500.0,1355.0,1495.0,123000.0,1495.0,1485.0,1435.0,1127.4,922.6,973.75,False,False,False,False,False,False,True,True,False,True,False,-0.0802675585284281,-0.060200668896321,,,0.245886287625418,0.382876254180602,-0.0802675585284281,0.1872909698996655,0.0093214827660958,0.1355400696864111,890.0,800.0,0.3397790055248619,0.0204009224764945,-0.0031412723804413,0.0005687475363365
1999-02-12,1445.0,1470.0,1405.0,1445.0,65000.0,1445.0,1476.0,1446.0,1146.8,930.5333333333332,975.85,False,False,False,False,False,False,True,True,False,True,False,-0.0103806228373702,-0.0657439446366782,,,0.2063667820069204,0.3560322952710497,-0.0415224913494809,0.314878892733564,0.0085255767301903,0.1739280774550484,840.0,840.0,0.5284552845528455,0.0169166376002789,-0.0034842848762156,-0.0007959060359054
1999-02-15,1395.0,1410.0,1320.0,1400.0,310000.0,1400.0,1463.0,1456.0,1165.8,937.6666666666666,977.65,False,False,False,False,False,False,True,True,False,True,False,0.0107142857142857,-0.0035714285714285,,,0.1672857142857143,0.3302380952380953,0.0107142857142857,0.35,0.0076075364379666,0.195054945054945,925.0,875.0,4.769230769230769,0.0162978212386344,-0.0006188163616445,-0.0009180402922236
1999-02-16,1315.0,1365.0,1290.0,1340.0,47000.0,1340.0,1436.0,1450.0,1186.2,944.2,978.85,False,False,False,False,False,False,True,True,False,False,False,0.0410447761194029,-0.0410447761194029,,,0.114776119402985,0.2953731343283581,-0.0298507462686567,0.3992537313432835,0.0069194379721811,0.2234482758620689,930.0,855.0,0.1516129032258064,0.0171977744056652,0.0008999531670308,-0.0006880984657855
1999-02-17,1285.0,1385.0,1250.0,1365.0,73000.0,1365.0,1409.0,1440.0,1206.6,952.4,980.175,False,False,False,False,False,False,True,True,False,True,False,0.0256410256410256,-0.0366300366300366,,,0.1160439560439561,0.3022710622710622,-0.0293040293040293,0.4981684981684982,0.0086098278034438,0.2663194444444444,920.0,750.0,1.553191489361702,0.0169070114370958,-0.0002907629685693,0.0016903898312627
1999-02-18,1265.0,1390.0,1265.0,1375.0,23000.0,1375.0,1385.0,1435.0,1227.6,961.2,981.3,False,False,False,False,False,False,True,True,False,False,False,0.0218181818181818,-0.0436363636363636,,,0.1072,0.3009454545454545,-0.08,0.509090909090909,0.0091552226383687,0.2968641114982578,915.0,750.0,0.3150684931506849,0.0171065493646138,0.000199537927518,0.0005453948349249
1999-02-19,1325.0,1460.0,1290.0,1430.0,115000.0,1430.0,1382.0,1429.0,1251.0,970.7333333333332,982.45,False,False,False,False,False,False,True,True,False,False,False,-0.0559440559440559,-0.1328671328671328,,,0.1251748251748251,0.3211655011655012,-0.0804195804195804,0.465034965034965,0.0098207540690885,0.3233030090972708,895.0,750.0,5.0,0.018705035971223,0.0015984866066092,0.0006655314307197
1999-02-22,1430.0,1430.0,1390.0,1415.0,20000.0,1415.0,1385.0,1424.0,1275.6,979.9333333333332,983.65,False,False,False,False,False,False,True,True,False,False,False,-0.0141342756183745,-0.0989399293286219,,,0.0985159010600707,0.307467608951708,-0.127208480565371,0.4381625441696113,0.0093883937682834,0.3500702247191011,900.0,775.0,0.1739130434782608,0.0192850423330196,0.0005800063617965,-0.000432360300805
1999-02-23,1425.0,1425.0,1330.0,1395.0,10000.0,1395.0,1396.0,1416.0,1299.4,988.8666666666668,984.875,False,False,False,False,False,False,True,True,False,True,False,-0.078853046594982,-0.1182795698924731,,,0.0685304659498207,0.2911350059737155,-0.068100358422939,0.5053763440860215,0.0090339108744019,0.3817090395480226,975.0,750.0,0.5,0.0183161459134986,-0.000968896419521,-0.0003544828938815
1999-02-24,1330.0,1420.0,1275.0,1400.0,48000.0,1400.0,1403.0,1406.0,1323.4,997.5333333333332,985.875,False,False,False,False,False,False,True,True,False,True,False,-0.0607142857142857,-0.1357142857142857,,,0.0547142857142856,0.2874761904761905,-0.1214285714285714,0.4464285714285714,0.0086880973066895,0.4093172119487909,970.0,750.0,4.8,0.0181351065437509,-0.0001810393697477,-0.0003458135677123
1999-02-25,1395.0,1415.0,1395.0,1405.0,130000.0,1405.0,1409.0,1397.0,1347.8,1005.9333333333332,986.9,False,False,False,False,False,False,True,True,False,True,False,-0.0640569395017793,-0.1103202846975089,,,0.040711743772242,0.2840332147093714,-0.1459074733096085,0.4234875444839858,0.0083504539730929,0.4345025053686471,925.0,750.0,2.708333333333333,0.0181035761982488,-3.153034550204548e-05,-0.0003376433335966
1999-02-26,1415.0,1415.0,1350.0,1350.0,33000.0,1350.0,1393.0,1387.5,1363.8,1013.4,987.65,False,False,False,False,False,False,True,True,False,True,False,-0.0814814814814814,-0.0555555555555555,,,-0.0102222222222221,0.2493333333333333,-0.1,0.4629629629629629,0.007367936319979,0.4497297297297297,825.0,760.0,0.2538461538461538,0.011731925502273,-0.0063716506959758,-0.0009825176531138
1999-03-01,1380.0,1450.0,1375.0,1395.0,42000.0,1395.0,1389.0,1387.0,1380.6,1021.5333333333332,988.975,False,False,False,False,False,False,True,True,False,False,False,-0.086021505376344,-0.1039426523297491,,,0.0103225806451613,0.2677180406212665,-0.068100358422939,0.4767025089605735,0.0079618873588721,0.462509012256669,850.0,750.0,1.2727272727272727,0.0121686223381138,0.0004366968358407,0.000593951038893
1999-03-02,1415.0,1415.0,1275.0,1285.0,18000.0,1285.0,1367.0,1381.5,1389.0,1028.0666666666666,989.775,False,False,False,False,False,False,True,True,False,True,False,-0.0428015564202334,0.0116731517509727,,,-0.0809338521400778,0.1999481193255513,-0.0077821011673151,0.5797665369649806,0.0063549704947799,0.4795512124502352,825.0,800.0,0.4285714285714285,0.0060475161987041,-0.0061211061394096,-0.0016069168640922
1999-03-03,1365.0,1365.0,1315.0,1315.0,5000.0,1315.0,1350.0,1376.5,1394.2,1034.9333333333334,990.85,False,False,False,False,False,False,True,True,False,True,False,-0.0798479087452471,-0.0304182509505703,,,-0.0602281368821293,0.2129784537389099,0.0380228136882129,0.5019011406844106,0.0066348879154858,0.4798401743552488,850.0,750.0,0.2777777777777778,0.0037297374838617,-0.0023177787148424,0.0002799174207058
1999-03-04,1320.0,1350.0,1315.0,1315.0,31000.0,1315.0,1332.0,1370.5,1399.2,1041.8,992.05,False,False,False,False,False,False,True,True,False,True,False,-0.0494296577946768,0.0456273764258555,,,-0.0640304182509506,0.2077566539923954,0.026615969581749,0.5019011406844106,0.0065911563319894,0.479022254651587,920.0,775.0,6.2,0.0035734705546026,-0.0001562669292591,-4.3731583496412624e-05
1999-03-05,1315.0,1315.0,1240.0,1240.0,22000.0,1240.0,1310.0,1351.5,1395.4,1047.1333333333334,992.625,False,False,False,False,False,False,False,True,False,True,False,0.0282258064516129,0.1169354838709677,,,-0.1253225806451613,0.155537634408602,0.0887096774193548,0.5282258064516129,0.0050932705163304,0.4850166481687014,960.0,790.0,0.7096774193548387,-0.0027232334814389,-0.0062967040360416,-0.0014978858156589
1999-03-08,1340.0,1340.0,1275.0,1275.0,9000.0,1275.0,1286.0,1337.5,1394.4,1052.4666666666667,993.625,False,False,False,False,False,False,False,True,False,False,False,-0.0196078431372549,0.1098039215686274,,,-0.0936470588235294,0.1745359477124183,0.0588235294117647,0.5294117647058824,0.0050674605688223,0.4942056074766355,925.0,785.0,0.4090909090909091,-0.0007171543316121,0.0020060791498268,-2.58099475080667e-05
1999-03-09,1255.0,1255.0,1230.0,1230.0,17000.0,1230.0,1275.0,1321.0,1387.6,1057.4666666666667,994.4,False,False,False,False,False,False,False,True,False,True,False,0.056910569105691,0.056910569105691,,,-0.1281300813008129,0.140271002710027,0.056910569105691,0.6056910569105691,0.0047282814273105,0.5034065102195306,830.0,815.0,1.8888888888888888,-0.0049005477082734,-0.0041833933766612,-0.0003391791415118
1999-03-10,1155.0,1210.0,1155.0,1210.0,30000.0,1210.0,1254.0,1302.0,1377.4,1063.6,995.075,False,False,False,False,False,False,False,True,False,True,False,0.0537190082644628,0.0950413223140495,,,-0.1383471074380166,0.1209917355371901,0.0702479338842975,0.6942148760330579,0.0057665789143787,0.5272657450076805,855.0,895.0,1.7647058823529411,-0.0074052562799475,-0.0025047085716741,0.0010382974870681
1999-03-11,1210.0,1250.0,1165.0,1250.0,21000.0,1250.0,1241.0,1286.5,1370.4,1070.2666666666669,996.225,False,False,False,False,False,False,False,True,False,False,False,0.1,0.012,,,-0.09632,0.1437866666666665,0.056,0.6,0.0062289772019437,0.5456665371162067,850.0,890.0,0.7,-0.0051079976649153,0.0022972586150322,0.0004623982875649
1999-03-12,1250.0,1275.0,1225.0,1275.0,27000.0,1275.0,1248.0,1279.0,1361.8,1077.2666666666669,997.725,False,False,False,False,False,False,False,True,False,True,False,0.0862745098039215,0.0313725490196078,,,-0.0680784313725489,0.1550849673202612,0.0352941176470588,0.5882352941176471,0.0064979268519091,0.5586395621579359,845.0,840.0,1.2857142857142858,-0.0063151710970774,-0.0012071734321621,0.0002689496499654
1999-03-15,1255.0,1260.0,1250.0,1250.0,11000.0,1250.0,1243.0,1264.5,1353.2,1083.6,999.25,False,False,False,False,False,False,False,True,False,True,False,0.132,-0.012,,,-0.08256,0.13312,0.024,0.56,0.0058447151470404,0.5678133649663899,800.0,925.0,0.4074074074074074,-0.0063553059414719,-4.01348443945012e-05,-0.0006532117048687
1999-03-16,1255.0,1300.0,1225.0,1300.0,40000.0,1300.0,1257.0,1266.0,1346.2,1090.9333333333334,1001.25,False,False,False,False,False,False,False,True,False,False,False,0.0,0.0,,,-0.0355384615384615,0.1608205128205127,-0.0192307692307692,0.4884615384615384,0.0067220728428258,0.5584518167456556,800.0,930.0,3.636363636363636,-0.0051998217203981,0.0011554842210738,0.0008773576957854
1999-03-17,1310.0,1310.0,1275.0,1275.0,20000.0,1275.0,1270.0,1262.0,1337.2,1097.9333333333334,1002.875,False,False,False,False,False,False,False,True,False,True,False,0.0392156862745098,-0.0352941176470588,,,-0.0487843137254902,0.138875816993464,-0.0117647058823529,0.4823529411764706,0.0063756147914263,0.5566561014263075,800.0,920.0,0.5,-0.0067304816033502,-0.0015306598829521,-0.0003464580513995
1999-03-18,1275.0,1405.0,1250.0,1375.0,256000.0,1375.0,1295.0,1268.0,1332.4,1106.2666666666669,1004.75,False,False,False,False,True,False,False,True,False,False,True,-0.08,-0.1272727272727272,,,0.0309818181818181,0.195442424242424,-0.109090909090909,0.3672727272727272,0.0075328431963361,0.5417981072555205,795.0,915.0,12.8,-0.0036025217652356,0.0031279598381146,0.0011572284049098
1999-03-19,1380.0,1425.0,1370.0,1385.0,84000.0,1385.0,1317.0,1282.5,1330.0,1114.6,1006.675,False,False,False,False,False,False,False,True,False,False,False,-0.0505415162454873,-0.1227436823104693,,,0.03971119133574,0.1952346570397112,-0.1083032490974729,0.371841155234657,0.0074765237155329,0.5247563352826511,950.0,895.0,0.328125,-0.0018045112781955,0.00179801048704,-5.631948080320626e-05
1999-03-23,1400.0,1430.0,1350.0,1415.0,49000.0,1415.0,1350.0,1296.5,1330.6,1123.4666666666667,1009.0,False,False,False,False,False,False,True,True,False,False,False,-0.127208480565371,-0.0812720848056537,,,0.0596466431095407,0.2060306242638397,-0.0989399293286219,0.3356890459363957,0.0078922383099929,0.5036637099884304,975.0,900.0,0.5833333333333334,0.0004509243950097,0.0022554356732052,0.00041571459446
1999-03-24,1375.0,1410.0,1300.0,1300.0,22000.0,1300.0,1350.0,1303.5,1329.0,1130.1333333333334,1010.875,False,False,False,False,False,True,False,True,False,True,False,0.0,-0.0192307692307692,,,-0.0223076923076923,0.1306666666666666,-0.0153846153846153,0.4538461538461538,0.0058990089664936,0.4890678941311853,1075.0,975.0,0.4489795918367347,-0.0012039127163279,-0.0016548371113376,-0.0019932293434992
1999-03-25,1375.0,1375.0,1325.0,1325.0,17000.0,1325.0,1360.0,1315.0,1327.4,1137.8,1013.0,False,False,False,False,False,False,False,True,False,True,False,-0.0716981132075471,0.030188679245283,,,-0.001811320754717,0.1412830188679245,-0.0377358490566037,0.4264150943396226,0.0067381496455146,0.4638783269961977,1185.0,970.0,0.7727272727272727,-0.0012053638692179,-1.451152889953922e-06,0.0008391406790209
1999-03-26,1350.0,1350.0,1215.0,1265.0,22000.0,1265.0,1338.0,1316.5,1323.0,1144.3333333333333,1014.825,False,False,False,False,False,False,False,True,False,True,False,-0.0513833992094861,0.067193675889328,,,-0.0458498023715415,0.0953886693017128,0.0474308300395256,0.4426877470355731,0.0057092921642877,0.4489175845043676,1190.0,925.0,1.2941176470588236,-0.0033257747543462,-0.0021204108851283,-0.0010288574812268
1999-03-29,1340.0,1340.0,1290.0,1315.0,6000.0,1315.0,1324.0,1320.5,1318.4,1151.3333333333333,1016.9,False,False,False,False,False,False,False,True,False,True,False,-0.0760456273764258,0.026615969581749,,,-0.0025855513307985,0.1244613434727503,-0.0038022813688212,0.4068441064638783,0.0060799073537927,0.431276031806134,1335.0,825.0,0.2727272727272727,-0.0034890776699028,-0.0001633029155565,0.0003706151895049
1999-03-30,1315.0,1315.0,1235.0,1235.0,6000.0,1235.0,1288.0,1319.0,1311.2,1157.3333333333333,1018.825,False,False,False,False,False,False,False,True,False,True,False,0.0526315789473684,0.0931174089068826,,,-0.0617004048582996,0.0628879892037787,0.0526315789473684,0.4979757085020243,0.005184331797235,0.425322213798332,1300.0,850.0,1.0,-0.0054911531421598,-0.002002075472257,-0.0008955755565576
1999-03-31,1235.0,1300.0,1225.0,1300.0,9000.0,1300.0,1288.0,1319.0,1307.4,1163.8,1021.3,False,False,False,False,False,False,False,True,False,False,False,-0.0192307692307692,0.0,,,-0.0056923076923077,0.1047692307692308,-0.0115384615384615,0.4,0.0055565102824082,0.4166034874905231,1400.0,825.0,1.5,-0.0029065320483401,0.0025846210938197,0.0003721784851732
1999-04-01,1290.0,1290.0,1225.0,1230.0,4000.0,1230.0,1269.0,1314.5,1300.6,1168.2666666666669,1023.2,False,False,False,False,False,False,False,True,False,True,False,0.1097560975609756,0.0528455284552845,,,-0.0573983739837397,0.0501897018970187,0.0365853658536585,0.4634146341463415,0.0038233280073044,0.4146063141879041,1465.0,850.0,0.4444444444444444,-0.0052283561433186,-0.0023218240949784,-0.0017331822751037
1999-04-02,1235.0,1235.0,1200.0,1200.0,19000.0,1200.0,1256.0,1297.0,1292.4,1172.4,1025.075,False,False,False,False,False,False,False,True,False,True,False,0.125,0.1,,,-0.077,0.0229999999999999,0.0458333333333333,0.4208333333333333,0.0035255316729215,0.4202004626060139,1425.0,920.0,4.75,-0.0063447848963167,-0.0011164287529981,-0.0002977963343829
1999-04-05,1255.0,1255.0,1215.0,1215.0,15000.0,1215.0,1236.0,1280.0,1287.0,1177.4,1026.75,False,False,False,False,False,False,False,True,False,False,False,0.1111111111111111,0.0864197530864197,,,-0.0592592592592592,0.030946502057613,0.0329218106995884,0.4403292181069959,0.0042466451503312,0.42734375,1490.0,960.0,0.7894736842105263,-0.0041958041958042,0.0021489807005125,0.0007211134774096
1999-04-06,1250.0,1300.0,1240.0,1300.0,24000.0,1300.0,1249.0,1268.5,1283.2,1182.4,1029.25,False,False,False,False,True,False,False,True,False,False,False,0.0384615384615384,-0.0153846153846153,,,0.0129230769230768,0.0904615384615383,-0.0653846153846153,0.3307692307692307,0.0042286874154262,0.4276704769412692,1465.0,925.0,1.6,-0.0029613466334164,0.0012344575623878,-1.795773490498656e-05
1999-04-07,1300.0,1300.0,1250.0,1275.0,18000.0,1275.0,1244.0,1266.0,1282.8,1187.0,1031.1,False,False,False,False,False,False,False,True,False,False,False,0.0196078431372549,0.0,,,-0.0061176470588234,0.0690196078431372,-0.0509803921568627,0.3490196078431372,0.0038753159224936,0.4170616113744075,1475.0,830.0,0.75,-0.0003118178983474,0.0026495287350689,-0.0003533714929326
1999-04-08,1300.0,1375.0,1300.0,1365.0,47000.0,1365.0,1271.0,1270.0,1284.8,1192.9333333333334,1033.55,False,False,False,False,False,False,True,True,True,False,True,-0.0512820512820512,-0.0769230769230769,,,0.0587545787545787,0.126056166056166,-0.1062271062271062,0.2454212454212454,0.0049737342125852,0.3976377952755905,1500.0,855.0,2.611111111111111,0.0015566625155666,0.001868480413914,0.0010984182900916
1999-04-09,1385.0,1390.0,1350.0,1350.0,34000.0,1350.0,1301.0,1278.5,1286.2,1198.7333333333331,1035.825,False,False,False,False,False,False,True,True,False,True,False,-0.0222222222222222,-0.0925925925925925,,,0.0472592592592592,0.1120493827160495,-0.0962962962962963,0.1481481481481481,0.0048384405761635,0.3668361360969887,1495.0,850.0,0.723404255319149,0.0010884776862075,-0.0004681848293591,-0.0001352936364217
1999-04-12,1395.0,1395.0,1350.0,1350.0,22000.0,1350.0,1328.0,1282.0,1290.6,1204.8,1037.975,False,False,False,False,False,False,True,True,False,False,False,-0.0222222222222222,-0.0851851851851851,,,0.044,0.1075555555555555,-0.0962962962962963,0.2592592592592592,0.0050354138999558,0.3514040561622465,1445.0,845.0,0.6470588235294118,0.0034092670075932,0.0023207893213857,0.0001969733237923
1999-04-13,1370.0,1370.0,1350.0,1350.0,6000.0,1350.0,1338.0,1293.5,1293.6,1210.8,1040.725,False,False,False,False,False,False,True,True,False,True,False,-0.0518518518518518,-0.0555555555555555,,,0.0417777777777778,0.1031111111111111,0.0851851851851851,0.1518518518518518,0.0049554013875123,0.3165829145728643,1400.0,800.0,0.2727272727272727,0.0023191094619666,-0.0010901575456266,-8.001251244348258e-05
1999-04-14,1365.0,1365.0,1300.0,1300.0,30000.0,1300.0,1343.0,1293.5,1296.4,1215.1333333333334,1043.3,False,False,False,False,False,False,True,True,False,True,False,-0.0192307692307692,-0.0153846153846153,,,0.0027692307692306,0.0652820512820512,0.1807692307692307,0.123076923076923,0.0035661381467055,0.2887514495554696,1340.0,800.0,5.0,0.002159827213823,-0.0001592822481435,-0.0013892632408068
1999-04-15,1300.0,1300.0,1280.0,1295.0,8000.0,1295.0,1329.0,1300.0,1299.8,1219.4666666666667,1045.775,False,False,False,False,False,False,True,True,False,False,True,-0.027027027027027,-0.0154440154440154,,,-0.0037065637065636,0.0583268983268983,0.1969111969111969,0.2162162162162162,0.0035534659960637,0.265,1365.0,800.0,0.2666666666666666,0.0026157870441605,0.0004559598303375,-1.2672150641770356e-05
1999-04-16,1295.0,1320.0,1280.0,1320.0,14000.0,1320.0,1323.0,1312.0,1302.6,1224.7333333333331,1048.425,False,False,False,False,False,False,True,True,False,True,False,-0.0719696969696969,0.0037878787878787,,,0.0131818181818182,0.0721717171717173,0.2878787878787879,0.0909090909090909,0.0043002558380053,0.2332317073170731,1375.0,795.0,1.75,0.0021495470597266,-0.0004662399844338,0.0007467898419415
1999-04-19,1320.0,1350.0,1320.0,1320.0,7000.0,1320.0,1317.0,1322.5,1304.4,1231.3333333333333,1051.275,False,False,False,False,False,False,True,True,False,True,False,-0.0643939393939393,-0.0075757575757575,,,0.0118181818181817,0.0671717171717172,0.3598484848484848,0.25,0.0053600433134814,0.2158790170132325,1430.0,950.0,0.5,0.001379944802208,-0.0007696022575186,0.001059787475476
1999-04-20,1300.0,1300.0,1280.0,1280.0,9000.0,1280.0,1303.0,1320.5,1305.6,1237.0666666666666,1053.925,False,False,False,False,False,False,True,True,False,True,False,-0.00390625,0.015625,,,-0.0199999999999999,0.0335416666666667,0.34375,0.359375,0.0046346195300711,0.2184778492995077,1415.0,975.0,1.2857142857142858,0.0009191176470586,-0.0004608271551493,-0.0007254237834102
1999-04-21,1300.0,1300.0,1275.0,1275.0,15000.0,1275.0,1298.0,1320.5,1304.6,1243.0666666666666,1056.45,False,False,False,False,False,False,False,True,False,True,False,0.0039215686274509,0.0078431372549019,,,-0.0232156862745097,0.0250457516339869,0.3803921568627451,0.5647058823529412,0.0048267724981229,0.2393032942067398,1395.0,1075.0,1.6666666666666667,-0.0007665184730952,-0.0016856361201538,0.0001921529680517
1999-04-22,1260.0,1265.0,1245.0,1260.0,14000.0,1260.0,1291.0,1310.0,1304.0,1248.5333333333333,1058.45,False,False,False,False,False,False,False,True,False,False,False,0.0119047619047619,0.0119047619047619,,,-0.0349206349206349,0.0091005291005291,0.4087301587301587,0.5595238095238095,0.0043784707390004,0.2694656488549618,1400.0,1185.0,0.9333333333333332,-0.0004601226993864,0.0003063957737087,-0.0004483017591224
1999-04-23,1260.0,1260.0,1225.0,1225.0,9000.0,1225.0,1272.0,1297.5,1298.0,1252.6,1060.575,False,False,False,False,False,False,False,True,False,True,False,0.0816326530612244,0.0244897959183673,,,-0.0595918367346938,-0.0225306122448978,0.4489795918367347,0.6326530612244898,0.0032465804460055,0.3163776493256262,1405.0,1190.0,0.6428571428571429,-0.0046224961479198,-0.0041623734485334,-0.0011318902929948
1999-04-26,1345.0,1345.0,1235.0,1235.0,18000.0,1235.0,1255.0,1286.0,1292.0,1256.2666666666669,1062.25,False,False,False,False,False,False,False,True,False,True,False,0.0607287449392712,0.0161943319838056,,,-0.0461538461538461,-0.0172199730094468,0.5384615384615384,0.5870445344129555,0.0029187009127576,0.3483670295489891,1350.0,1335.0,2.0,-0.0046439628482972,-2.1466700377336355e-05,-0.0003278795332479
1999-04-27,1250.0,1275.0,1240.0,1275.0,26000.0,1275.0,1254.0,1278.5,1286.4,1260.9333333333334,1063.95,False,False,False,False,False,False,False,True,False,False,False,0.0196078431372549,-0.0470588235294117,,,-0.0089411764705883,0.011032679738562,0.4823529411764706,0.4588235294117647,0.0037009622501849,0.3801329683222526,1395.0,1300.0,1.4444444444444444,-0.0043532338308457,0.0002907290174515,0.0007822613374273
1999-04-28,1265.0,1300.0,1265.0,1280.0,21000.0,1280.0,1255.0,1276.5,1285.6,1266.9333333333334,1064.9,False,False,False,False,False,False,False,True,False,False,False,0.00390625,-0.0546875,,,-0.0043749999999999,0.0102083333333332,0.46484375,0.4609375,0.0047358450852452,0.4144144144144144,1285.0,1400.0,0.8076923076923077,-0.000622277535781,0.0037309562950646,0.0010348828350602
1999-04-30,1285.0,1295.0,1250.0,1275.0,65000.0,1275.0,1258.0,1274.5,1283.6,1272.5333333333333,1065.65,False,False,False,False,False,False,False,True,False,True,False,0.0,-0.0431372549019607,,,-0.0067450980392156,0.0019346405228758,0.6039215686274509,0.4509803921568627,0.0044006705783737,0.4382110631620243,1315.0,1465.0,3.095238095238096,-0.0015581177937052,-0.0009358402579241,-0.0003351745068714
1999-05-06,1325.0,1345.0,1310.0,1325.0,23000.0,1325.0,1278.0,1275.0,1286.0,1278.8666666666666,1066.6,False,False,False,False,True,False,True,True,True,False,False,-0.0528301886792452,-0.0792452830188679,,,0.0294339622641509,0.0348176100628931,0.5660377358490566,0.320754716981132,0.004952301516968,0.4619607843137255,1315.0,1425.0,0.3538461538461538,0.0018662519440125,0.0034243697377177,0.0005516309385943
1999-05-07,1335.0,1340.0,1260.0,1310.0,33000.0,1310.0,1293.0,1274.0,1285.8,1285.0666666666666,1067.525,False,False,False,False,False,False,False,True,False,True,False,-0.0419847328244274,-0.0687022900763358,,,0.0184732824427481,0.0190330788804071,0.5992366412213741,0.4122137404580153,0.004824652417514,0.478806907378336,1240.0,1490.0,1.434782608695652,-0.0001555451858765,-0.002021797129889,-0.000127649099454
1999-05-10,1310.0,1310.0,1300.0,1300.0,9000.0,1300.0,1298.0,1276.0,1288.4,1291.7333333333331,1068.525,False,False,False,False,False,False,True,True,True,False,False,-0.0653846153846153,0.1269230769230769,,,0.0089230769230768,0.0063589743589745,0.5653846153846154,0.4961538461538461,0.0051610239471509,0.4925548589341693,1275.0,1465.0,0.2727272727272727,0.002018006830177,0.0021735520160536,0.0003363715296369
1999-05-11,1300.0,1310.0,1285.0,1285.0,16000.0,1285.0,1299.0,1277.0,1287.8,1298.2,1069.325,False,False,False,False,False,False,False,True,False,True,False,-0.0583657587548638,0.1945525291828793,,,-0.0021789883268482,-0.010272373540856,0.6342412451361867,0.5369649805447471,0.0049812560981874,0.4898198903680501,1230.0,1475.0,1.7777777777777777,-0.000465910855723,-0.0024839176859001,-0.0001797678489635
1999-05-12,1275.0,1295.0,1275.0,1275.0,19000.0,1275.0,1299.0,1278.5,1289.6,1304.5333333333333,1069.95,False,False,False,False,False,False,True,True,True,False,False,-0.0431372549019607,0.2156862745098039,,,-0.0114509803921567,-0.0231633986928104,0.5882352941176471,0.5254901960784314,0.0048548650858543,0.4865076261243645,1210.0,1500.0,1.1875,0.001395781637717,0.0018616924934401,-0.000126391012333
1999-05-13,1275.0,1275.0,1250.0,1255.0,17000.0,1255.0,1285.0,1281.5,1291.8,1310.6666666666667,1070.5,False,False,False,False,False,False,True,True,False,False,False,-0.0278884462151394,0.3545816733067729,,,-0.0293227091633465,-0.0443559096945551,0.5936254980079682,0.5338645418326693,0.0046795523906409,0.4771751853296918,1250.0,1495.0,0.8947368421052632,0.0017030500077411,0.000307268370024,-0.0001753126952134
1999-05-14,1265.0,1265.0,1250.0,1255.0,21000.0,1255.0,1274.0,1283.5,1293.4,1314.7333333333331,1071.275,False,False,False,False,False,False,True,True,False,True,False,-0.0278884462151394,0.4302788844621514,,,-0.030597609561753,-0.0475962815405044,0.5737051792828686,0.5099601593625498,0.0030931494346126,0.4698091156992598,1275.0,1445.0,1.2352941176470589,0.0012370496366167,-0.0004660003711243,-0.0015864029560283
1999-05-17,1250.0,1250.0,1215.0,1215.0,10000.0,1215.0,1257.0,1277.5,1290.0,1317.9333333333334,1071.975,False,False,False,False,False,False,False,True,False,True,False,0.205761316872428,0.4156378600823045,,,-0.0617283950617283,-0.084718792866941,0.6954732510288066,0.5637860082304527,0.0024280439071275,0.4798434442270058,1250.0,1400.0,0.4761904761904761,-0.0026356589147287,-0.0038727085513455,-0.0006651055274851
1999-05-18,1215.0,1215.0,1175.0,1210.0,12000.0,1210.0,1242.0,1270.5,1287.4,1319.7333333333331,1072.65,False,False,False,False,False,False,False,True,False,False,False,0.268595041322314,0.4545454545454545,,,-0.0639669421487604,-0.0906887052341596,0.6776859504132231,0.5702479338842975,0.001363911901394,0.4903581267217631,1300.0,1340.0,1.2,-0.0020195743358706,0.000616084578858,-0.0010641320057335
1999-05-19,1230.0,1230.0,1200.0,1220.0,10000.0,1220.0,1231.0,1265.0,1281.6,1320.2,1073.5,False,False,False,False,False,False,False,True,False,True,False,0.2704918032786885,0.4549180327868852,,,-0.0504918032786884,-0.0821311475409836,0.6188524590163934,0.5573770491803278,0.0003534817956877,0.5007905138339921,1275.0,1365.0,0.8333333333333334,-0.0045255930087392,-0.0025060186728685,-0.0010104301057062
1999-05-20,1220.0,1220.0,1220.0,1220.0,1000.0,1220.0,1224.0,1254.5,1276.4,1320.6,1074.3,False,False,False,False,False,False,False,True,False,False,False,0.3934426229508196,0.4549180327868852,,,-0.0462295081967213,-0.0824590163934425,0.6188524590163934,0.610655737704918,0.0003028926245644,0.5304902351534476,1375.0,1375.0,0.1,-0.0040739580068942,0.0004516350018449,-5.058917112322868e-05
1999-05-21,1210.0,1220.0,1200.0,1220.0,12000.0,1220.0,1217.0,1245.5,1271.2,1319.0666666666666,1075.1,False,False,False,False,False,False,False,False,False,True,False,0.4713114754098361,0.5573770491803278,,,-0.0419672131147541,-0.0812021857923496,0.5532786885245902,0.610655737704918,-0.0011624380875366,0.5507828181453231,1385.0,1430.0,12.0,-0.0040906230333543,-1.6665026460099645e-05,-0.0014653307121011
1999-05-24,1200.0,1475.0,1200.0,1465.0,279000.0,1465.0,1267.0,1262.0,1275.8,1321.2666666666669,1077.175,False,False,False,False,True,False,True,True,True,False,True,0.1740614334470989,0.2901023890784983,,,0.1291467576791809,0.0981114903299202,0.3310580204778157,0.3208191126279863,0.0016650688733036,0.5297147385103012,1415.0,1415.0,23.25,0.0036055808120394,0.0076962038453937,0.0028275069608402
1999-05-25,1465.0,1550.0,1400.0,1535.0,417000.0,1535.0,1332.0,1287.0,1285.2,1323.0666666666666,1078.975,False,False,False,False,False,False,True,True,False,False,False,0.1465798045602606,0.2214983713355048,,,0.1627361563517915,0.1380673181324647,0.2866449511400651,0.2703583061889251,0.0013604756626018,0.498057498057498,1300.0,1395.0,1.4946236559139785,0.0073140367258015,0.003708455913762,-0.0003045932107017
1999-05-26,1550.0,1725.0,1545.0,1550.0,386000.0,1550.0,1398.0,1314.5,1295.4,1324.2,1081.35,False,False,False,False,False,False,True,True,False,False,False,0.1451612903225806,0.3193548387096774,,,0.1642580645161289,0.1456774193548387,0.3225806451612903,0.2580645161290322,0.0008558626592157,0.4670977558006847,1325.0,1400.0,0.9256594724220624,0.0078740157480315,0.00055997902223,-0.0005046130033861
1999-05-27,1625.0,1710.0,1580.0,1700.0,477000.0,1700.0,1494.0,1359.0,1310.6,1327.8666666666666,1084.775,False,False,False,False,False,False,True,True,False,False,False,0.0441176470588235,0.2205882352941176,,,0.2290588235294118,0.2189019607843138,0.1764705882352941,0.1470588235294117,0.0027613214178129,0.4208977189109639,1265.0,1405.0,1.2357512953367875,0.011597741492446,0.0037237257444145,0.0019054587585972
1999-05-28,1675.0,1850.0,1655.0,1795.0,455000.0,1795.0,1609.0,1413.0,1329.6,1331.9333333333334,1088.7,False,False,False,False,False,False,True,True,False,False,False,0.0584958217270195,0.1671309192200557,,,0.2592757660167131,0.2579758588672237,0.128133704735376,0.0584958217270195,0.0030532058661595,0.3669497523000707,1315.0,1350.0,0.9538784067085954,0.0142900120336943,0.0026922705412482,0.0002918844483466
1999-05-31,1775.0,1775.0,1670.0,1720.0,145000.0,1720.0,1660.0,1463.5,1347.2,1335.3333333333333,1092.2,True,True,False,False,False,False,True,True,False,True,False,0.0988372093023255,0.1831395348837209,,,0.2167441860465116,0.2236434108527132,0.1337209302325581,0.0610465116279069,0.0025461807289065,0.3146566450290399,1235.0,1395.0,0.3186813186813186,0.0130641330166271,-0.0012258790170671,-0.000507025137253
1999-06-01,1675.0,1760.0,1675.0,1760.0,217000.0,1760.0,1705.0,1518.5,1366.6,1339.1333333333334,1095.525,False,False,False,False,False,False,True,True,False,False,False,0.065340909090909,0.1931818181818181,,,0.2235227272727273,0.2391287878787878,0.0994318181818181,0.0227272727272727,0.0028376561955494,0.2604543957853144,1300.0,1285.0,1.4965517241379311,0.014195814429972,0.0011316814133449,0.0002914754666429
1999-06-02,1790.0,1840.0,1775.0,1775.0,461000.0,1775.0,1750.0,1574.0,1387.2,1342.8,1098.65,False,False,False,False,False,False,True,True,False,False,False,0.152112676056338,0.1408450704225352,,,0.2184788732394366,0.2434929577464789,0.0647887323943662,0.0816901408450704,0.0027306126501835,0.2172808132147395,1230.0,1315.0,2.124423963133641,0.0148500576701269,0.0006542432401548,-0.0001070435453659
1999-06-03,1760.0,1815.0,1750.0,1775.0,142000.0,1775.0,1765.0,1629.5,1409.2,1346.5333333333333,1102.025,False,False,False,False,False,False,True,True,False,False,False,0.1690140845070422,0.1267605633802817,,,0.2060845070422535,0.2413896713615023,0.0591549295774647,0.0535211267605633,0.0027725517377958,0.1699907947223074,1200.0,1315.0,0.3080260303687636,0.0156116945784842,0.0007616369083572,4.193908761224944e-05
1999-06-04,1775.0,1925.0,1750.0,1900.0,426000.0,1900.0,1786.0,1697.5,1435.8,1352.6,1106.275,False,False,False,False,False,False,True,True,False,False,False,0.1026315789473684,0.0394736842105263,,,0.2443157894736842,0.2881052631578948,0.0,-0.0526315789473684,0.00448518901868,0.1134020618556701,1215.0,1240.0,3.0,0.0185262571388772,0.0029145625603929,0.0017126372808841
1999-06-07,1880.0,1940.0,1850.0,1890.0,210000.0,1890.0,1820.0,1740.0,1460.4,1359.1333333333334,1109.95,False,False,False,False,False,False,True,True,False,True,False,0.0767195767195767,0.0899470899470899,,,0.2273015873015872,0.2808818342151675,0.0,-0.1164021164021164,0.0048069848432826,0.0709770114942528,1300.0,1275.0,0.4929577464788732,0.0168447000821693,-0.0016815570567078,0.0003217958246026
1999-06-08,1840.0,1905.0,1840.0,1875.0,110000.0,1875.0,1843.0,1774.0,1484.2,1366.2666666666669,1113.45,False,False,False,False,False,False,True,True,False,True,False,0.12,0.0826666666666666,,,0.2084266666666666,0.2713244444444443,0.008,-0.0666666666666666,0.0052210403044794,0.0391770011273957,1275.0,1230.0,0.5238095238095238,0.016035574720388,-0.0008091253617813,0.0004140554611968
1999-06-09,1850.0,2050.0,1850.0,2045.0,377000.0,2045.0,1897.0,1823.5,1515.0,1375.3333333333333,1118.125,False,False,False,False,False,False,True,True,False,False,False,-0.0097799511002444,-0.0342298288508557,,,0.2591687041564792,0.3274653626731866,-0.0757946210268948,-0.1687041564792176,0.0065923412506057,-0.0027419797093501,1365.0,1210.0,3.4272727272727272,0.0203300330033003,0.0042944582829122,0.0013713009461262
1999-06-10,2070.0,2160.0,2045.0,2075.0,326000.0,2075.0,1957.0,1861.0,1545.0,1384.6666666666667,1122.575,False,False,False,False,False,False,True,True,False,True,False,-0.036144578313253,-0.0481927710843373,,,0.2554216867469879,0.3326907630522088,-0.1204819277108433,-0.2289156626506024,0.0067404910929225,-0.0416442772702847,1350.0,1250.0,0.8647214854111406,0.0194174757281553,-0.0009125572751449,0.0001481498423168
1999-06-11,2100.0,2145.0,2030.0,2095.0,241000.0,2095.0,1996.0,1891.0,1576.4,1393.5333333333333,1127.3,False,False,False,False,False,False,True,True,False,False,False,-0.0572792362768496,-0.0954653937947494,,,0.2475417661097851,0.3348289578361177,-0.116945107398568,-0.1813842482100238,0.0063627230541069,-0.0666314119513484,1350.0,1275.0,0.7392638036809815,0.0199188023344329,0.0005013266062776,-0.0003777680388156
1999-06-14,2045.0,2075.0,2030.0,2035.0,110000.0,2035.0,2025.0,1922.5,1605.8,1401.8,1131.75,False,False,False,False,False,False,True,True,False,True,False,0.0122850122850122,-0.0417690417690417,,,0.2109090909090909,0.3111547911547911,-0.0909090909090909,-0.1916461916461916,0.0058971798164264,-0.0912873862158647,1350.0,1250.0,0.4564315352697095,0.0183086312118569,-0.001610171122576,-0.0004655432376805
1999-06-15,2035.0,2100.0,2035.0,2100.0,139000.0,2100.0,2070.0,1956.5,1638.4,1411.2,1136.5,False,False,False,False,False,False,True,True,False,False,False,-0.0333333333333333,-0.0595238095238095,,,0.2198095238095237,0.3279999999999999,-0.1333333333333333,-0.1976190476190476,0.0066609977324263,-0.1129568106312292,1300.0,1300.0,1.2636363636363637,0.0198974609375,0.0015888297256431,0.0007638179159998
1999-06-16,2100.0,2100.0,2005.0,2025.0,77000.0,2025.0,2066.0,1981.5,1668.4,1419.5333333333333,1140.75,False,False,False,False,False,False,True,True,False,True,False,-0.0246913580246913,0.0123456790123456,,,0.1760987654320987,0.2989958847736625,-0.1111111111111111,-0.1506172839506173,0.0058704738646503,-0.1342417360585415,1295.0,1275.0,0.5539568345323741,0.0179812994485734,-0.0019161614889266,-0.000790523867776
1999-06-17,2000.0,2000.0,1940.0,2000.0,103000.0,2000.0,2051.0,2004.0,1698.2,1427.4666666666667,1145.3,False,False,False,False,False,False,True,True,False,True,False,-0.0125,0.0,,,0.1508999999999999,0.2862666666666666,-0.1475,-0.14,0.0055576312348216,-0.1514471057884231,1320.0,1375.0,1.3376623376623376,0.0175479919915204,-0.000433307457053,-0.0003128426298286
1999-06-18,1995.0,2000.0,1930.0,1975.0,80000.0,1975.0,2027.0,2011.5,1727.0,1435.8,1149.65,False,False,False,False,False,False,True,True,False,True,False,-0.040506329113924,0.0253164556962025,,,0.1255696202531645,0.2730126582278481,-0.1139240506329113,-0.1265822784810126,0.0058039652690717,-0.1583395476012925,1320.0,1385.0,0.7766990291262136,0.0166763173132599,-0.0008716746782604,0.0002463340342501
1999-06-21,1950.0,2075.0,1950.0,2060.0,94000.0,2060.0,2032.0,2028.5,1760.8,1444.6666666666667,1154.375,False,False,False,False,False,False,True,True,False,False,False,-0.0533980582524271,-0.0533980582524271,,,0.1452427184466019,0.2987055016181229,-0.1601941747572815,-0.174757281553398,0.00613751730503,-0.1639142223317722,1280.0,1415.0,1.175,0.0191958200817809,0.002519502768521,0.0003335520359583
1999-06-22,2055.0,2055.0,2000.0,2030.0,64000.0,2030.0,2018.0,2044.0,1793.6,1454.6,1159.275,False,False,False,False,False,False,True,True,False,True,False,-0.0270935960591133,-0.0467980295566502,,,0.1164532019704434,0.283448275862069,-0.1527093596059113,-0.1527093596059113,0.0068289105825197,-0.1717221135029354,1275.0,1300.0,0.6808510638297872,0.0182872435325601,-0.0009085765492207,0.0006913932774896
1999-06-23,1930.0,2040.0,1930.0,1975.0,69000.0,1975.0,2008.0,2037.0,1823.8,1463.4,1163.975,False,False,False,False,False,False,True,True,False,True,False,0.0379746835443038,-0.0430379746835443,,,0.0765569620253164,0.2590379746835443,-0.1392405063291139,-0.1392405063291139,0.0060133934672681,-0.1688757977417771,1260.0,1325.0,1.078125,0.0165588332053953,-0.0017284103271648,-0.0008155171152515
1999-06-24,2000.0,2025.0,1900.0,1975.0,41000.0,1975.0,2003.0,2027.0,1854.0,1472.2,1168.625,False,False,False,False,False,False,True,True,False,True,False,0.0126582278481012,-0.0481012658227848,,,0.0612658227848101,0.2545822784810126,-0.2151898734177215,-0.1696202531645569,0.005977448716207,-0.1628021706956093,1225.0,1265.0,0.5942028985507246,0.0162891046386192,-0.0002697285667761,-3.594475106112431e-05
1999-06-25,1975.0,1975.0,1800.0,1895.0,76000.0,1895.0,1987.0,2007.0,1881.0,1480.9333333333334,1172.725,False,False,False,False,False,False,True,True,False,True,False,0.0686015831134564,0.0026385224274406,,,0.0073878627968337,0.2185048372911169,-0.1029023746701846,-0.1424802110817942,0.0058971819573242,-0.158943697060289,1235.0,1315.0,1.853658536585366,0.0143540669856459,-0.0019350376529732,-8.026675888278545e-05
1999-06-28,1900.0,1965.0,1900.0,1950.0,19000.0,1950.0,1965.0,1998.5,1900.4,1489.9333333333334,1176.75,False,False,False,False,False,False,True,True,False,True,False,0.0,-0.0307692307692307,,,0.0254358974358973,0.2359316239316239,-0.2025641025641025,-0.1538461538461538,0.0060405387265649,-0.1551163372529397,1275.0,1235.0,0.25,0.0102083771837508,-0.004145689801895,0.0001433567692407
1999-06-29,1900.0,1975.0,1900.0,1975.0,23000.0,1975.0,1954.0,1986.0,1918.0,1499.8666666666666,1180.975,False,False,False,False,False,False,True,True,False,True,False,-0.020253164556962,-0.0430379746835443,,,0.0288607594936708,0.2405738396624473,-0.2607594936708861,-0.1772151898734177,0.0066228109165258,-0.1528197381671702,1280.0,1300.0,1.2105263157894737,0.0091762252346193,-0.0010321519491314,0.0005822721899608
1999-06-30,1975.0,2095.0,1950.0,2050.0,96000.0,2050.0,1969.0,1988.5,1938.0,1511.0666666666666,1185.575,False,False,False,False,False,False,True,True,False,False,False,-0.0780487804878048,-0.0780487804878048,,,0.0546341463414634,0.2628943089430894,-0.2317073170731707,-0.1463414634146341,0.0074119827053737,-0.1523761629368871,1275.0,1230.0,4.173913043478261,0.0103199174406604,0.0011436922060411,0.0007891717888479
1999-07-01,2070.0,2070.0,1955.0,2000.0,95000.0,2000.0,1974.0,1988.5,1950.0,1521.0666666666666,1190.275,False,False,False,False,False,False,True,True,False,True,False,-0.06,-0.0875,,,0.025,0.2394666666666667,-0.28,-0.1375,0.0065743338008415,-0.1521247171234599,1325.0,1200.0,0.9895833333333334,0.0061538461538461,-0.0041660712868143,-0.0008376489045322
1999-07-02,1950.0,2025.0,1930.0,2025.0,65000.0,2025.0,2000.0,1993.5,1959.2,1531.0666666666666,1195.225,False,False,False,False,False,False,True,True,False,True,True,-0.0617283950617283,-0.0864197530864197,,,0.0324938271604938,0.243917695473251,-0.1851851851851851,-0.1358024691358024,0.006531394234956,-0.1529972410333584,1310.0,1215.0,0.6842105263157895,0.004695794201715,-0.0014580519521311,-4.29395658854935e-05
1999-07-05,1955.0,1975.0,1950.0,1950.0,12000.0,1950.0,2000.0,1982.5,1968.4,1540.4,1199.8,False,False,False,False,False,False,True,True,False,True,False,-0.0307692307692307,-0.0512820512820512,,,-0.0094358974358974,0.210051282051282,-0.1076923076923077,-0.1025641025641025,0.0060590322859864,-0.1457755359394703,1300.0,1300.0,0.1846153846153846,0.0046738467791099,-2.194742260504864e-05,-0.0004723619489696
1999-07-06,1945.0,1945.0,1870.0,1935.0,36000.0,1935.0,1992.0,1973.0,1975.4,1548.8666666666666,1204.35,False,False,False,False,False,False,True,True,False,True,False,-0.0232558139534883,-0.0594315245478036,,,-0.0208785529715762,0.1995521102497847,0.0310077519379844,-0.0749354005167958,0.0054663625016139,-0.138114546376077,1285.0,1275.0,3.0,0.0035435861091424,-0.0011302606699675,-0.0005926697843724
1999-07-07,1910.0,2000.0,1865.0,1890.0,49000.0,1890.0,1960.0,1964.5,1980.0,1557.0666666666666,1209.025,False,False,False,False,False,False,True,True,False,True,False,0.0,-0.0476190476190476,,,-0.0476190476190476,0.1761552028218695,0.0396825396825396,-0.0211640211640211,0.0052663127247816,-0.1267498091117332,1275.0,1365.0,1.3611111111111112,0.0023232323232322,-0.0012203537859101,-0.0002000497768322
1999-07-08,1885.0,1885.0,1800.0,1880.0,34000.0,1880.0,1936.0,1955.0,1984.2,1563.8,1213.875,False,False,False,False,False,False,True,True,False,True,False,-0.0292553191489361,-0.0930851063829787,,,-0.0554255319148936,0.1681914893617021,0.0638297872340425,-0.0372340425531914,0.0043057509485441,-0.1138107416879795,1255.0,1350.0,0.6938775510204082,0.0021167221046265,-0.0002065102186057,-0.0009605617762375
1999-07-09,1855.0,1900.0,1800.0,1900.0,31000.0,1900.0,1911.0,1955.5,1984.2,1570.6666666666667,1218.625,False,False,False,False,False,False,False,True,False,True,False,-0.0263157894736842,-0.0789473684210526,,,-0.0443157894736842,0.1733333333333332,0.031578947368421,-0.0342105263157894,0.0043718166383701,-0.1032983891587829,1255.0,1350.0,0.9117647058823528,0.0,-0.0021167221046265,6.606568982604148e-05
1999-07-12,1910.0,1910.0,1875.0,1890.0,18000.0,1890.0,1899.0,1949.5,1984.2,1577.0,1223.45,False,False,False,False,False,False,False,True,False,False,False,-0.0211640211640211,-0.0846560846560846,,,-0.0498412698412698,0.1656084656084656,-0.0158730158730158,-0.0476190476190476,0.004016064257028,-0.0928443190561682,1215.0,1350.0,0.5806451612903226,0.0,0.0,-0.0003557523813421
1999-07-13,1850.0,1890.0,1825.0,1890.0,32000.0,1890.0,1890.0,1941.0,1984.8,1584.8666666666666,1228.275,False,False,False,False,False,False,True,True,False,False,False,-0.037037037037037,-0.0899470899470899,,,-0.0501587301587301,0.1614462081128748,-0.0105820105820105,-0.074074074074074,0.0049636141841584,-0.0824317362184441,1210.0,1300.0,1.7777777777777777,0.0003022974607012,0.0003022974607012,0.0009475499271303
1999-07-14,1850.0,1890.0,1760.0,1890.0,58000.0,1890.0,1890.0,1925.0,1978.6,1592.4,1232.6,False,False,False,False,False,False,False,True,False,True,False,-0.0476190476190476,-0.1005291005291005,,,-0.0468783068783068,0.1574603174603174,-0.0211640211640211,-0.0873015873015873,0.0047308046554468,-0.0761038961038961,1220.0,1295.0,1.8125,-0.0031335287577074,-0.0034358262184087,-0.0002328095287116
1999-07-15,1830.0,1875.0,1800.0,1825.0,22000.0,1825.0,1879.0,1907.5,1968.6,1599.8666666666666,1236.6,False,False,False,False,False,False,False,True,False,True,False,-0.0657534246575342,-0.1506849315068493,,,-0.0786849315068492,0.1233607305936073,-0.0410958904109589,-0.0958904109589041,0.0046670555879655,-0.0715596330275229,1220.0,1320.0,0.3793103448275862,-0.0050797521080971,-0.0019462233503896,-6.374906748128802e-05
1999-07-16,1800.0,1850.0,1675.0,1850.0,128000.0,1850.0,1869.0,1890.0,1958.8,1607.0,1240.975,False,False,False,False,False,False,False,True,False,False,False,-0.054054054054054,-0.081081081081081,,,-0.0588108108108107,0.1313513513513513,0.0,-0.1081081081081081,0.0044389130885709,-0.0682539682539682,1220.0,1320.0,5.818181818181818,-0.005003063099857,7.668900824009221e-05,-0.0002281424993946
1999-07-19,1850.0,1850.0,1775.0,1850.0,28000.0,1850.0,1861.0,1880.0,1951.4,1615.2,1244.975,False,False,False,False,False,False,False,True,False,False,False,-0.0648648648648648,-0.1594594594594594,,,-0.0548108108108108,0.1269189189189189,0.0513513513513513,-0.0675675675675675,0.0050767706785537,-0.064627659574468,1465.0,1280.0,0.21875,-0.0037921492261965,0.0012109138736605,0.0006378575899828
1999-07-21,1850.0,1855.0,1780.0,1820.0,39000.0,1820.0,1847.0,1868.5,1940.2,1622.1333333333334,1249.05,False,False,False,False,False,False,False,True,False,True,False,-0.0549450549450549,-0.1978021978021978,,,-0.066043956043956,0.1087179487179486,0.0851648351648351,-0.0686813186813186,0.0042742068058524,-0.0639550441530639,1535.0,1275.0,1.3928571428571428,-0.0057726007628079,-0.0019804515366114,-0.0008025638727013
1999-07-22,1800.0,1800.0,1730.0,1800.0,52000.0,1800.0,1829.0,1859.5,1931.2,1629.7333333333331,1253.45,False,False,False,False,False,False,False,True,False,False,False,-0.0555555555555555,-0.125,,,-0.0728888888888889,0.0945925925925927,0.0805555555555555,-0.1527777777777778,0.0046633396056612,-0.0769023931164291,1550.0,1260.0,1.3333333333333333,-0.0046603148301574,0.0011122859326505,0.0003891327998088
1999-07-23,1725.0,1800.0,1705.0,1705.0,15000.0,1705.0,1805.0,1842.0,1919.4,1636.4666666666667,1257.475,False,False,False,False,False,False,False,True,False,True,False,-0.0909090909090909,-0.1554252199413489,,,-0.1257478005865103,0.0401955034213098,0.1290322580645161,-0.1202346041055718,0.0041145557501936,-0.0849619978284473,1700.0,1225.0,0.2884615384615384,-0.0061477545066166,-0.0014874396764592,-0.0005487838554676
1999-07-26,1750.0,1795.0,1700.0,1750.0,25000.0,1750.0,1785.0,1827.0,1910.4,1643.6,1261.725,False,False,False,False,False,False,False,True,False,False,False,-0.0285714285714285,-0.0571428571428571,,,-0.0916571428571429,0.0608,0.0828571428571428,-0.1142857142857142,0.0043400665206456,-0.0930487137383689,1795.0,1235.0,1.6666666666666667,-0.0047110552763819,0.0014366992302347,0.000225510770452
1999-07-27,1750.0,1770.0,1630.0,1730.0,25000.0,1730.0,1761.0,1811.0,1897.2,1649.3333333333333,1265.875,False,False,False,False,False,False,False,True,False,True,False,-0.1011560693641618,0.0057803468208092,,,-0.0966473988439306,0.0466281310211946,0.0982658959537572,-0.1329479768786127,0.0034761519805982,-0.1016013252346769,1720.0,1275.0,1.0,-0.0069576217583807,-0.0022465664819988,-0.0008639145400474
1999-07-28,1730.0,1730.0,1645.0,1720.0,11000.0,1720.0,1741.0,1794.0,1884.8,1655.2666666666669,1269.5,False,False,False,False,False,False,False,True,False,False,False,-0.1511627906976744,0.1598837209302325,,,-0.095813953488372,0.0376356589147285,0.1046511627906976,-0.1569767441860465,0.0035845181038303,-0.1098104793756967,1760.0,1280.0,0.44,-0.0065789473684211,0.0003786743899596,0.0001083661232321
1999-07-29,1725.0,1775.0,1675.0,1700.0,103000.0,1700.0,1721.0,1775.0,1873.8,1659.7333333333331,1273.05,False,False,False,False,False,False,False,True,False,False,False,-0.0735294117647058,0.1558823529411764,,,-0.102235294117647,0.023686274509804,0.1176470588235294,-0.1176470588235294,0.0026911953727503,-0.1129577464788732,1775.0,1275.0,9.363636363636363,-0.0058704237378588,0.0007085236305622,-0.0008933227310799
1999-07-30,1710.0,1710.0,1550.0,1550.0,29000.0,1550.0,1690.0,1747.5,1856.8,1662.4,1276.275,False,False,False,False,False,False,False,True,False,True,False,-0.0709677419354838,0.2903225806451613,,,-0.1979354838709677,-0.0725161290322581,0.267741935483871,-0.0354838709677419,0.0016041065126726,-0.107868383404864,1775.0,1325.0,0.2815533980582524,-0.0091555364067212,-0.0032851126688623,-0.0010870888600777
1999-08-02,1505.0,1700.0,1400.0,1700.0,82000.0,1700.0,1680.0,1732.5,1849.0,1667.0666666666666,1280.225,False,False,False,False,False,False,False,True,False,False,False,-0.0294117647058823,0.1529411764705882,,,-0.0876470588235294,0.0193725490196078,0.1558823529411764,-0.1470588235294117,0.0027993281612412,-0.1116883116883116,1900.0,1310.0,2.827586206896552,-0.0042184964845862,0.004937039922135,0.0011952216485685
1999-08-03,1525.0,1675.0,1405.0,1555.0,56000.0,1555.0,1645.0,1703.0,1833.2,1669.8,1283.5,False,False,False,False,False,False,False,True,False,True,False,0.1189710610932476,0.1961414790996784,,,-0.1789067524115755,-0.0738263665594855,0.2443729903536977,-0.0836012861736334,0.0016369225855391,-0.1139166177334116,1890.0,1300.0,0.6829268292682927,-0.0086188086406283,-0.0044003121560421,-0.001162405575702
1999-08-04,1575.0,1575.0,1425.0,1460.0,34000.0,1460.0,1593.0,1667.0,1812.6,1671.9333333333334,1286.3,False,False,False,False,False,False,False,True,False,True,False,0.3664383561643836,0.2808219178082192,,,-0.2415068493150684,-0.1451598173515982,0.3356164383561644,-0.0410958904109589,0.0012759679413055,-0.1124775044991001,1875.0,1285.0,0.6071428571428571,-0.0113648902129538,-0.0027460815723254,-0.0003609546442336
1999-08-05,1450.0,1670.0,1450.0,1575.0,52000.0,1575.0,1568.0,1644.5,1793.6,1675.6666666666667,1289.925,False,False,False,False,False,False,False,True,False,False,False,0.2476190476190476,0.1746031746031746,,,-0.1387936507936507,-0.0639153439153439,0.238095238095238,-0.1746031746031746,0.0022279689675751,-0.1140164183642444,2045.0,1275.0,1.5294117647058822,-0.010593220338983,0.0007716698739707,0.0009520010262695
1999-08-06,1575.0,1575.0,1405.0,1440.0,47000.0,1440.0,1546.0,1618.0,1771.2,1677.2666666666669,1292.875,False,False,False,False,False,False,False,True,False,True,False,0.3888888888888889,0.2152777777777778,,,-0.23,-0.1647685185185186,0.3541666666666667,-0.1458333333333333,0.0009539329862078,-0.1161928306551298,2075.0,1255.0,0.903846153846154,-0.0126467931345979,-0.0020535727956148,-0.0012740359813673
1999-08-09,1545.0,1650.0,1520.0,1650.0,46000.0,1650.0,1536.0,1608.0,1756.2,1681.6666666666667,1297.0,False,False,False,False,False,False,False,True,False,False,False,0.1878787878787878,0.1212121212121212,,,-0.0643636363636363,-0.0191919191919192,0.1515151515151515,-0.2575757575757575,0.0026164519326064,-0.1309079601990049,2095.0,1255.0,0.9787234042553192,-0.0085411684318414,0.0041056247027564,0.0016625189463986
1999-08-10,1625.0,1740.0,1605.0,1740.0,103000.0,1740.0,1573.0,1609.0,1747.8,1687.8,1301.65,False,False,False,False,False,False,False,True,False,False,False,0.0689655172413793,0.1178160919540229,,,-0.0044827586206896,0.03,0.0488505747126436,-0.3390804597701149,0.0036339218706797,-0.1532007458048477,2035.0,1215.0,2.239130434782609,-0.0048060418812221,0.0037351265506193,0.0010174699380732
1999-08-11,1765.0,2025.0,1765.0,1995.0,330000.0,1995.0,1680.0,1636.5,1750.2,1697.4,1307.625,False,False,False,False,True,False,True,True,True,False,True,-0.06265664160401,-0.0100250626566416,,,0.1227067669172932,0.149172932330827,-0.0977443609022556,-0.4010025062656641,0.0056557087310004,-0.1830125267338833,2100.0,1210.0,3.203883495145631,0.0013712718546452,0.0061773137358673,0.0020217868603207
1999-08-12,2045.0,2045.0,1955.0,1965.0,188000.0,1965.0,1758.0,1663.0,1753.2,1706.8,1312.95,False,False,False,False,False,False,True,True,False,False,False,-0.0585241730279898,-0.010178117048346,,,0.1077862595419847,0.1313994910941476,-0.0229007633587786,-0.4402035623409669,0.0055073822357627,-0.2200841852074564,2025.0,1220.0,0.5696969696969697,0.0017111567419575,0.0003398848873123,-0.0001483264952376
1999-08-13,1875.0,2000.0,1875.0,2000.0,69000.0,2000.0,1870.0,1708.0,1758.0,1717.1333333333334,1318.7,False,False,False,False,False,False,True,True,False,False,False,-0.125,-0.0375,,,0.121,0.1414333333333332,-0.065,-0.4625,0.0060177815739411,-0.2652224824355972,2000.0,1220.0,0.3670212765957447,0.0027303754266211,0.0010192186846635,0.0005103993381784
1999-08-16,1990.0,2000.0,1875.0,1960.0,26000.0,1960.0,1932.0,1734.0,1760.4,1726.8,1324.25,False,False,False,False,False,False,True,True,False,True,False,-0.0561224489795918,-0.0331632653061224,,,0.1018367346938775,0.1189795918367347,-0.0816326530612244,-0.3903061224489796,0.0055980233186625,-0.2909457900807382,1975.0,1220.0,0.3768115942028985,0.0013633265167008,-0.0013670489099203,-0.0004197582552785
1999-08-17,1885.0,1900.0,1860.0,1860.0,26000.0,1860.0,1956.0,1764.5,1759.2,1734.6,1329.225,False,False,False,False,False,False,False,True,False,True,False,0.0456989247311828,0.021505376344086,,,0.0541935483870967,0.0674193548387097,-0.1021505376344086,-0.4005376344086021,0.0044967139398131,-0.3207707565882686,2060.0,1465.0,1.0,-0.0006821282401091,-0.0020454547568099,-0.0011013093788493
1999-08-18,1835.0,1875.0,1835.0,1870.0,68000.0,1870.0,1931.0,1805.5,1758.4,1742.4666666666667,1334.325,False,False,False,False,False,False,False,True,False,False,False,0.0561497326203208,0.0160427807486631,,,0.0596791443850266,0.0681996434937611,-0.0641711229946524,-0.3983957219251337,0.0045146726862303,-0.3514261977291609,2030.0,1535.0,2.6153846153846154,-0.0004549590536851,0.000227169186424,1.795874641713057e-05
1999-08-19,1850.0,1850.0,1800.0,1850.0,25000.0,1850.0,1908.0,1833.0,1756.8,1750.1333333333334,1339.825,False,False,False,False,False,False,False,True,False,True,False,0.0513513513513513,0.027027027027027,,,0.0503783783783784,0.0539819819819819,-0.081081081081081,-0.4189189189189189,0.0043806186195337,-0.373431533006001,1975.0,1550.0,0.3676470588235294,-0.0009107468123862,-0.000455787758701,-0.0001340540666965
1999-08-20,1840.0,1845.0,1750.0,1750.0,51000.0,1750.0,1858.0,1864.0,1753.8,1755.8,1345.0,False,False,True,False,False,True,False,True,False,True,False,0.1,0.1228571428571428,,,-0.0021714285714285,-0.0033142857142856,-0.0857142857142857,-0.3714285714285714,0.0032273987166343,-0.3908261802575107,1975.0,1700.0,2.04,-0.0017105713308244,-0.0007998245184382,-0.0011532199028994
1999-08-23,1780.0,1850.0,1775.0,1850.0,33000.0,1850.0,1836.0,1884.0,1753.8,1763.0,1350.675,False,False,False,False,False,False,False,True,False,False,False,0.0243243243243243,0.0621621621621621,,,0.052,0.047027027027027,-0.0729729729729729,-0.4243243243243243,0.0040839478162223,-0.4057855626326964,1895.0,1795.0,0.6470588235294118,0.0,0.0017105713308244,0.000856549099588
1999-08-24,1950.0,1950.0,1900.0,1945.0,56000.0,1945.0,1853.0,1904.5,1757.6,1771.6,1356.775,False,False,False,False,False,False,True,True,True,False,False,-0.0231362467866323,-0.0051413881748071,,,0.0963496143958869,0.0891516709511568,-0.1542416452442159,-0.4344473007712082,0.0048543689320387,-0.4148070359674455,1950.0,1720.0,1.696969696969697,0.0021620391442876,0.0021620391442876,0.0007704211158164
1999-08-25,1970.0,1975.0,1925.0,1975.0,67000.0,1975.0,1874.0,1902.5,1763.8,1780.8,1363.025,False,False,False,False,False,False,True,True,False,False,False,-0.0379746835443038,-0.0126582278481012,,,0.1069367088607595,0.0983291139240506,-0.1468354430379747,-0.4556962025316455,0.0051662174303684,-0.4204993429697766,1975.0,1760.0,1.1964285714285714,0.0035151377707223,0.0013530986264346,0.0003118484983296
1999-08-26,1910.0,1970.0,1880.0,1945.0,40000.0,1945.0,1893.0,1900.5,1769.6,1789.7333333333331,1369.0,False,False,False,False,False,False,True,True,False,True,False,-0.0231362467866323,0.0025706940874035,,,0.0901799485861183,0.0798286203941732,-0.1156812339331619,-0.4910025706940874,0.0049914326156595,-0.4256774533017627,2050.0,1775.0,0.5970149253731343,0.0032775768535261,-0.0002375609171961,-0.0001747848147088
1999-08-27,1945.0,1945.0,1875.0,1925.0,22000.0,1925.0,1928.0,1893.0,1778.4,1798.6666666666667,1374.75,False,False,False,False,False,False,True,True,False,False,False,0.0207792207792207,0.0129870129870129,,,0.0761558441558441,0.0656277056277055,-0.1064935064935064,-0.4883116883116883,0.0049666419570053,-0.4281563655573164,2000.0,1775.0,0.55,0.0049482681061629,0.0016706912526367,-2.4790658654246824e-05
1999-08-30,1925.0,1925.0,1855.0,1895.0,14000.0,1895.0,1937.0,1886.5,1784.2,1807.2,1380.275,False,False,False,False,False,False,True,True,False,True,False,0.0369393139841688,0.0026385224274406,,,0.0584696569920844,0.0463324538258574,-0.0897097625329815,-0.525065963060686,0.004721853327431,-0.4418234826398092,2025.0,1900.0,0.6363636363636364,0.003250756641632,-0.0016975114645308,-0.0002447886295743
1999-08-31,1900.0,1925.0,1810.0,1900.0,34000.0,1900.0,1928.0,1890.5,1791.0,1816.3333333333333,1385.85,False,False,False,False,False,False,True,True,False,False,True,0.0184210526315789,-0.0394736842105263,,,0.0573684210526315,0.0440350877192982,-0.1052631578947368,-0.5789473684210527,0.005028445586346,-0.4596667548267654,1950.0,1890.0,2.4285714285714284,0.0037967615857062,0.0005460049440742,0.000306592258915
1999-09-01,1800.0,1920.0,1800.0,1900.0,32000.0,1900.0,1913.0,1893.5,1798.2,1825.5333333333333,1391.375,False,False,False,False,False,False,True,True,False,False,False,0.0263157894736842,-0.0526315789473684,,,0.053578947368421,0.0391929824561403,-0.0947368421052631,-0.5789473684210527,0.0050396231238359,-0.4776868233430156,1935.0,1875.0,0.9411764705882352,0.004004004004004,0.0002072424182977,1.1177537489929536e-05
1999-09-02,1850.0,1920.0,1850.0,1900.0,50000.0,1900.0,1904.0,1898.5,1806.2,1834.6,1396.875,False,False,False,False,False,False,True,True,False,False,False,0.0263157894736842,0.0105263157894736,,,0.0493684210526315,0.034421052631579,-0.1052631578947368,-0.5263157894736842,0.0049420400450597,-0.4882802212272847,1890.0,2045.0,1.5625,0.0044291883512346,0.0004251843472306,-9.758307877623731e-05
1999-09-03,1900.0,1975.0,1900.0,1965.0,185000.0,1965.0,1912.0,1920.0,1822.8,1844.5333333333333,1402.7,False,False,False,False,False,False,True,True,False,False,False,-0.0076335877862595,-0.0483460559796437,,,0.0723664122137404,0.061306191687871,-0.1653944020356234,-0.5241730279898219,0.0053852826369813,-0.5026041666666666,1880.0,2075.0,3.7,0.0091068685538731,0.0046776802026384,0.0004432425919216
1999-09-06,1970.0,2000.0,1900.0,1965.0,54000.0,1965.0,1926.0,1931.5,1833.4,1854.4666666666667,1408.325,False,False,False,False,False,False,True,True,False,True,False,-0.0330788804071246,-0.0839694656488549,,,0.066972010178117,0.0562510602205258,-0.1730279898218829,-0.5165394402035624,0.0053564367113635,-0.5115195443955475,1900.0,2095.0,0.2918918918918919,0.0057816079415294,-0.0033252606123436,-2.8845925617796385e-05
1999-09-07,1915.0,1965.0,1900.0,1935.0,40000.0,1935.0,1933.0,1930.5,1848.6,1860.733333333333,1413.625,False,False,False,False,False,False,True,True,False,False,False,-0.0568475452196382,-0.1369509043927648,,,0.0446511627906977,0.0383807062876831,-0.1472868217054263,-0.5478036175710594,0.0033678478019417,-0.5229215229215229,1890.0,2035.0,0.7407407407407407,0.0082224386021853,0.0024408306606558,-0.0019885889094218
1999-09-08,1950.0,1990.0,1940.0,1950.0,41000.0,1950.0,1943.0,1928.0,1868.2,1866.2666666666669,1419.1,True,True,False,False,False,False,True,True,False,False,False,-0.0769230769230769,-0.1025641025641025,,,0.0419487179487179,0.0429401709401708,-0.1666666666666666,-0.5615384615384615,0.0029649210545119,-0.5337136929460581,1890.0,2100.0,1.025,0.0104913820790066,0.0022689434768212,-0.0004029267474298
1999-09-09,1950.0,1975.0,1925.0,1950.0,26000.0,1950.0,1953.0,1928.5,1883.2,1871.6,1425.1,False,False,False,False,False,False,True,True,False,True,False,-0.0153846153846153,-0.1282051282051282,,,0.0342564102564102,0.0402051282051282,-0.1025641025641025,-0.5615384615384615,0.0028496117404002,-0.5408348457350273,1890.0,2025.0,0.6341463414634146,0.007965165675446,-0.0025262164035605,-0.0001153093141116
1999-09-10,1950.0,1950.0,1870.0,1950.0,26000.0,1950.0,1950.0,1931.0,1903.6,1874.9333333333327,1431.1,False,False,False,False,False,False,True,True,False,False,False,-0.041025641025641,-0.1794871794871795,,,0.0237948717948718,0.0384957264957265,-0.1153846153846153,-0.5692307692307692,0.0017778409899018,-0.5489383738995339,1825.0,2000.0,1.0,0.0107165370876233,0.0027513714121773,-0.0010717707504983
1999-09-13,1875.0,1900.0,1750.0,1900.0,38000.0,1900.0,1937.0,1931.5,1913.6,1876.3333333333333,1436.85,False,False,False,False,False,False,True,True,False,True,False,-0.0526315789473684,-0.0973684210526315,,,-0.007157894736842,0.0124561403508772,-0.0789473684210526,-0.5763157894736842,0.0007461360810091,-0.5539735956510484,1850.0,1975.0,1.4615384615384617,0.0052257525083612,-0.0054907845792621,-0.0010317049088927
1999-09-14,1875.0,1875.0,1740.0,1825.0,30000.0,1825.0,1915.0,1924.0,1917.0,1877.733333333333,1442.1,False,False,False,False,False,False,True,True,False,True,False,-0.084931506849315,-0.0986301369863013,,,-0.0504109589041095,-0.0288949771689496,-0.0410958904109589,-0.5342465753424658,0.000745579777036,-0.5496361746361746,1850.0,2060.0,0.7894736842105263,0.001773604590506,-0.0034521479178551,-5.563039730384443e-07
1999-09-16,1810.0,1825.0,1735.0,1800.0,12000.0,1800.0,1885.0,1914.0,1909.2,1878.2666666666669,1447.35,False,False,False,False,False,False,False,True,False,True,False,-0.0277777777777777,-0.0638888888888888,,,-0.0606666666666666,-0.0434814814814816,-0.0055555555555555,-0.525,0.000283949740896,-0.5444096133751306,1820.0,2030.0,0.4,-0.0040854808296668,-0.0058590854201728,-0.0004616300361399
1999-09-17,1730.0,1920.0,1650.0,1920.0,60000.0,1920.0,1879.0,1916.0,1907.4,1880.2,1453.2,False,False,False,False,True,False,False,True,False,False,False,-0.1145833333333333,-0.1041666666666666,,,0.0065624999999999,0.0207291666666666,-0.0364583333333333,-0.5338541666666666,0.0010282594050277,-0.5451461377870563,1800.0,1975.0,5.0,-0.0009436929852154,0.0031417878444513,0.0007443096641316
1999-09-20,1870.0,1870.0,1800.0,1870.0,5000.0,1870.0,1863.0,1906.5,1902.2,1881.4666666666667,1458.8,False,False,False,False,False,False,False,True,False,True,False,-0.1443850267379679,-0.0802139037433155,,,-0.0172192513368984,-0.0061319073083779,-0.0320855614973262,-0.4946524064171123,0.000673233647509,-0.5423551009703645,1705.0,1975.0,0.0833333333333333,-0.0027336767952896,-0.0017899838100742,-0.0003550257575187
1999-09-21,1845.0,1845.0,1770.0,1800.0,17000.0,1800.0,1843.0,1890.0,1895.8,1880.1333333333328,1464.0,False,False,False,False,False,False,False,False,False,True,False,-0.0472222222222222,-0.0416666666666666,,,-0.0532222222222222,-0.0445185185185184,0.0194444444444444,-0.4722222222222222,-0.0007091695624424,-0.5383597883597884,1750.0,1895.0,3.4,-0.0033758835320181,-0.0006422067367285,-0.0013824032099514
1999-09-22,1650.0,1800.0,1650.0,1670.0,85000.0,1670.0,1812.0,1863.5,1888.2,1877.2,1468.6,False,False,False,False,False,False,False,False,False,True,False,-0.0149700598802395,0.0179640718562874,,,-0.1306586826347305,-0.1240718562874251,0.0778443113772455,-0.4251497005988024,-0.0015626109808934,-0.5272337000268312,1730.0,1950.0,5.0,-0.0040249973519753,-0.0006491138199571,-0.0008534414184509
1999-09-24,1695.0,1750.0,1550.0,1750.0,23000.0,1750.0,1802.0,1843.5,1883.4,1875.5333333333333,1473.35,False,False,False,False,False,False,False,False,False,False,False,-0.0371428571428571,-0.0171428571428571,,,-0.0762285714285714,-0.0717333333333333,0.0,-0.4142857142857143,-0.000888636121281,-0.5128831027935992,1720.0,1975.0,0.2705882352941176,-0.0025485823510671,0.0014764150009081,0.0006739748596123
1999-09-27,1600.0,1725.0,1600.0,1700.0,43000.0,1700.0,1758.0,1818.5,1877.4,1870.9333333333327,1478.1,False,False,False,False,False,False,False,False,False,True,False,0.0117647058823529,0.0,,,-0.1043529411764706,-0.100549019607843,0.0147058823529411,-0.3970588235294117,-0.0024586659064995,-0.4968380533406654,1700.0,2050.0,1.8695652173913044,-0.0031959092361776,-0.0006473268851104,-0.0015700297852184
1999-09-28,1700.0,1725.0,1600.0,1600.0,40000.0,1600.0,1704.0,1783.5,1871.4,1864.6,1482.225,False,False,False,False,False,False,False,False,False,True,False,0.075,0.025,,,-0.169625,-0.1653749999999999,0.03125,-0.359375,-0.0033966176838642,-0.4765909728062797,1550.0,2000.0,0.9302325581395348,-0.0032061558191728,-1.0246582995119408e-05,-0.0009379517773647
1999-09-29,1575.0,1715.0,1575.0,1715.0,15000.0,1715.0,1687.0,1765.0,1866.0,1859.5333333333333,1486.85,False,False,False,False,False,False,False,False,False,False,False,0.0058309037900874,-0.0524781341107871,,,-0.0880466472303207,-0.0842759961127307,-0.0379008746355685,-0.4169096209912536,-0.0027246979528913,-0.460056657223796,1700.0,2025.0,0.375,-0.0028938906752412,0.0003122651439316,0.0006719197309728
1999-09-30,1700.0,1700.0,1605.0,1645.0,10000.0,1645.0,1682.0,1747.0,1854.0,1854.3333333333333,1491.15,False,False,True,False,False,False,False,False,False,True,False,0.033434650455927,0.0030395136778115,,,-0.1270516717325228,-0.1272543059777101,0.0486322188449848,-0.3890577507598784,-0.0028042423152975,-0.4456210646823125,1555.0,1950.0,0.6666666666666666,-0.0064724919093851,-0.0035786012341439,-7.954436240615237e-05
1999-10-01,1625.0,1700.0,1600.0,1685.0,15000.0,1685.0,1669.0,1735.5,1842.4,1848.8,1495.5,False,False,False,False,False,False,False,False,False,False,False,0.0207715133531157,-0.0356083086053412,,,-0.0934124629080119,-0.0972106824925815,0.0059347181008902,-0.4065281899109792,-0.0029929323525169,-0.4335926246038605,1460.0,1935.0,1.5,-0.0062961354754667,0.0001763564339183,-0.0001886900372194
1999-10-04,1610.0,1720.0,1610.0,1720.0,13000.0,1720.0,1673.0,1715.5,1833.4,1844.733333333333,1499.625,False,False,False,False,False,False,False,False,False,False,False,-0.0116279069767441,0.0174418604651162,,,-0.0659302325581395,-0.0725193798449611,-0.1133720930232558,-0.4040697674418604,-0.0022044739980485,-0.4194112503643252,1575.0,1890.0,0.8666666666666667,-0.0049089124031853,0.0013872230722813,0.0007884583544683
1999-10-05,1720.0,1770.0,1675.0,1720.0,21000.0,1720.0,1697.0,1700.5,1825.2,1841.0,1503.775,False,False,False,False,False,False,False,False,False,False,False,-0.0465116279069767,0.002906976744186,,,-0.0611627906976744,-0.0703488372093023,-0.127906976744186,-0.4186046511627907,-0.0020278833967045,-0.4110555718906204,1440.0,1880.0,1.6153846153846154,-0.0044926583388122,0.0004162540643731,0.000176590601344
1999-10-06,1700.0,1740.0,1600.0,1725.0,26000.0,1725.0,1699.0,1693.0,1818.4,1837.6666666666667,1508.2,False,False,False,False,False,False,False,False,False,False,False,-0.0579710144927536,0.0144927536231884,,,-0.0541449275362319,-0.0653140096618357,-0.1014492753623188,-0.3942028985507246,-0.001813894431344,-0.4028352037802717,1650.0,1900.0,1.238095238095238,-0.0037395512538495,0.0007531070849626,0.0002139889653605
1999-10-07,1700.0,1700.0,1625.0,1700.0,6000.0,1700.0,1710.0,1696.0,1810.4,1832.8666666666663,1512.075,False,False,False,False,False,False,False,False,False,True,False,-0.0294117647058823,0.0294117647058823,,,-0.0649411764705883,-0.0781568627450978,-0.1176470588235294,-0.4058823529411764,-0.002618848434147,-0.4009433962264151,1740.0,1890.0,0.2307692307692307,-0.0044189129474149,-0.0006793616935654,-0.000804954002803
1999-10-08,1700.0,1720.0,1700.0,1720.0,21000.0,1720.0,1717.0,1693.0,1803.2,1828.733333333333,1516.025,False,False,False,False,False,False,False,False,False,False,False,-0.0552325581395348,0.0406976744186046,,,-0.0483720930232558,-0.0632170542635657,-0.1569767441860465,-0.4186046511627907,-0.0022602165433268,-0.4013585351447135,1995.0,1890.0,3.5,-0.0039929015084294,0.0004260114389854,0.0003586318908202
1999-10-12,1595.0,1700.0,1595.0,1700.0,32000.0,1700.0,1713.0,1693.0,1795.2,1825.0666666666664,1519.925,False,False,False,False,False,False,False,False,False,True,False,0.0294117647058823,0.088235294117647,,,-0.056,-0.0735686274509802,-0.1176470588235294,-0.388235294117647,-0.0020090590298071,-0.4004725339633786,1965.0,1890.0,1.5238095238095235,-0.0044563279857397,-0.0004634264773102,0.0002511575135196
1999-10-13,1600.0,1650.0,1585.0,1640.0,12000.0,1640.0,1697.0,1697.0,1782.2,1820.6,1523.55,False,False,False,False,False,False,False,False,False,True,True,0.0518292682926829,0.1036585365853658,,,-0.0867073170731707,-0.1101219512195121,-0.0884146341463414,-0.4268292682926829,-0.0024534036398255,-0.4068945197407189,2000.0,1825.0,0.375,-0.0072943552912131,-0.0028380273054733,-0.0004443446100184
1999-10-14,1580.0,1650.0,1575.0,1625.0,11000.0,1625.0,1677.0,1688.0,1768.6,1817.0,1527.2,False,False,False,False,False,False,False,False,False,True,False,0.0769230769230769,0.1292307692307692,,,-0.0883692307692307,-0.1181538461538461,-0.1076923076923077,-0.3876923076923076,-0.001981287837094,-0.4040284360189573,1960.0,1850.0,0.9166666666666666,-0.0076896980662671,-0.000395342775054,0.0004721158027315
1999-10-15,1620.0,1650.0,1575.0,1650.0,35000.0,1650.0,1667.0,1688.5,1757.2,1813.0,1530.95,False,False,False,False,False,False,False,False,False,False,False,0.0606060606060606,0.0909090909090909,,,-0.064969696969697,-0.0987878787878787,-0.1363636363636363,-0.4303030303030303,-0.0022062879205736,-0.408054486230382,1860.0,1850.0,3.1818181818181817,-0.0064875938993853,0.0012021041668818,-0.0002250000834795
1999-10-18,1600.0,1625.0,1600.0,1625.0,9000.0,1625.0,1648.0,1682.5,1744.2,1808.3333333333333,1534.2,False,False,False,False,False,False,False,False,False,True,False,0.1015384615384615,0.0769230769230769,,,-0.0733538461538461,-0.1128205128205127,-0.1384615384615384,-0.4307692307692308,-0.0025806451612903,-0.4104011887072808,1870.0,1820.0,0.2571428571428571,-0.0074532737071436,-0.0009656798077583,-0.0003743572407167
1999-10-19,1550.0,1750.0,1550.0,1750.0,54000.0,1750.0,1658.0,1685.5,1736.2,1804.3333333333333,1538.1,False,False,False,False,True,False,False,False,False,False,False,0.0571428571428571,-0.0142857142857142,,,0.0078857142857142,-0.031047619047619,-0.2571428571428571,-0.4714285714285714,-0.0022168852761869,-0.4173835657075052,1850.0,1800.0,6.0,-0.0046077640824789,0.0028455096246646,0.0003637598851034
1999-10-20,1725.0,1750.0,1600.0,1725.0,32000.0,1725.0,1675.0,1686.0,1727.2,1800.6666666666667,1542.1,False,False,False,False,False,False,False,False,False,True,False,0.0492753623188405,-0.0434782608695652,,,-0.0012753623188406,-0.0438647342995169,-0.2869565217391304,-0.3971014492753623,-0.0020362828582005,-0.4151838671411625,1750.0,1705.0,0.5925925925925926,-0.005210745715609,-0.0006029816331301,0.0001806024179863
1999-10-21,1720.0,1750.0,1675.0,1750.0,30000.0,1750.0,1700.0,1688.5,1721.2,1797.0,1546.725,False,False,False,False,False,False,False,False,False,False,False,0.0485714285714285,-0.0571428571428571,,,0.0164571428571428,-0.0268571428571428,-0.3,-0.3914285714285714,-0.0020404377666481,-0.4148652650281315,1850.0,1750.0,0.9375,-0.0034859400418312,0.0017248056737777,-4.154908447577283e-06
1999-10-22,1750.0,1800.0,1700.0,1750.0,200000.0,1750.0,1720.0,1693.5,1718.2,1794.3333333333333,1551.225,False,False,False,False,False,False,False,False,False,False,False,0.0285714285714285,-0.0142857142857142,,,0.0181714285714285,-0.0253333333333332,-0.3428571428571428,-0.4485714285714285,-0.0014861601337544,-0.4192500738116327,1945.0,1730.0,6.666666666666667,-0.0017460132697008,0.0017399267721304,0.0005542776328937
1999-10-25,1750.0,1800.0,1700.0,1790.0,46000.0,1790.0,1753.0,1700.5,1717.8,1792.4,1556.05,False,False,False,False,False,False,False,False,False,False,False,-0.0223463687150838,-0.053072625698324,,,0.0403351955307262,-0.001340782122905,-0.3324022346368715,-0.4888268156424581,-0.0010786282823773,-0.4266392237577183,1975.0,1720.0,0.23,-0.0002328559785773,0.0015131572911235,0.0004075318513771
1999-10-26,1790.0,1870.0,1790.0,1850.0,138000.0,1850.0,1773.0,1715.5,1715.0,1791.8666666666666,1561.05,False,False,False,False,False,False,False,False,False,True,False,-0.0675675675675675,-0.1756756756756756,,,0.0729729729729729,0.0314234234234234,-0.4054054054054054,-0.527027027027027,-0.0002976411935412,-0.4412707665403672,1945.0,1700.0,3.0,-0.0016326530612244,-0.0013997970826471,0.000780987088836
1999-10-27,1755.0,1810.0,1755.0,1810.0,5000.0,1810.0,1790.0,1732.5,1712.6,1790.9333333333334,1565.5,False,False,False,False,False,False,False,False,False,False,False,-0.0883977900552486,-0.1712707182320442,,,0.0538121546961326,0.0105340699815837,-0.4060773480662983,-0.5027624309392266,-0.00052114353782,-0.449062049062049,1925.0,1550.0,0.036231884057971,-0.0014013780217214,0.000231275039503,-0.0002235023442787
1999-10-28,1810.0,1850.0,1785.0,1835.0,17000.0,1835.0,1807.0,1753.5,1714.0,1790.0666666666666,1569.875,False,False,False,False,False,False,True,False,False,False,False,-0.1008174386920981,-0.1553133514986376,,,0.0659400544959128,0.0244868301544051,-0.3487738419618528,-0.5313351498637602,-0.0004841532903803,-0.463358996293128,1895.0,1700.0,3.4,0.0008168028004667,0.0022181808221882,3.699024743972359e-05
1999-10-29,1770.0,1800.0,1750.0,1800.0,15000.0,1800.0,1817.0,1768.5,1719.2,1788.8666666666666,1574.25,False,False,False,False,False,False,True,False,True,False,False,-0.0416666666666666,-0.1666666666666666,,,0.0448888888888888,0.0061851851851852,-0.3805555555555555,-0.5138888888888888,-0.0006708157865315,-0.4715860899067006,1900.0,1555.0,0.8823529411764706,0.0030246626337831,0.0022078598333163,-0.0001866624961512
1999-11-01,1725.0,1800.0,1700.0,1750.0,9000.0,1750.0,1809.0,1781.0,1719.2,1787.0,1578.85,False,False,False,False,False,False,False,False,False,True,False,-0.0314285714285714,-0.1714285714285714,,,0.0175999999999999,-0.0211428571428571,-0.3571428571428571,-0.5,-0.0010445812348441,-0.4781021897810219,1900.0,1460.0,0.6,0.0,-0.0030246626337831,-0.0003737654483126
1999-11-02,1665.0,1725.0,1650.0,1725.0,14000.0,1725.0,1784.0,1778.5,1720.2,1784.8,1583.2,False,False,False,False,False,False,True,False,False,False,False,-0.1159420289855072,-0.1304347826086956,,,0.0027826086956521,-0.0346666666666666,-0.3768115942028985,-0.4521739130434782,-0.0012326311071268,-0.4762440258644925,1900.0,1575.0,1.5555555555555556,0.0005813277525869,0.0005813277525869,-0.0001880498722826
1999-11-04,1690.0,1695.0,1625.0,1650.0,21000.0,1650.0,1752.0,1771.0,1722.2,1782.4666666666667,1587.2,False,False,False,False,False,False,True,False,True,False,False,-0.0909090909090909,-0.0939393939393939,,,-0.0437575757575757,-0.0802828282828283,-0.3333333333333333,-0.4545454545454545,-0.0013090473875153,-0.481931112365895,1965.0,1440.0,1.5,0.0011613053071652,0.0005799775545783,-7.641628038851096e-05
1999-11-05,1645.0,1650.0,1600.0,1650.0,18000.0,1650.0,1715.0,1761.0,1719.6,1779.8,1591.225,False,False,False,False,False,False,False,False,False,True,False,-0.0606060606060606,-0.1212121212121212,,,-0.0421818181818181,-0.0786666666666666,-0.3545454545454545,-0.4696969696969697,-0.0014982956886541,-0.489778534923339,1965.0,1650.0,0.8571428571428571,-0.0015119795301233,-0.0026732848372886,-0.0001892483011388
1999-11-08,1650.0,1750.0,1650.0,1725.0,48000.0,1725.0,1700.0,1758.5,1722.8,1778.1333333333334,1595.85,False,False,False,False,False,False,True,False,True,False,False,-0.1304347826086956,-0.1739130434782608,,,0.0012753623188406,-0.0308019323671498,-0.3623188405797101,-0.4782608695652174,-0.0009373125374924,-0.4927495024168325,1935.0,1740.0,2.6666666666666665,0.0018574413745066,0.00336942090463,0.0005609831511617
1999-11-09,1720.0,1720.0,1695.0,1695.0,17000.0,1695.0,1689.0,1749.0,1723.2,1776.4666666666667,1600.325,False,False,False,False,False,False,True,False,False,True,False,-0.1445427728613569,-0.1740412979351032,,,-0.0166371681415929,-0.048062930186824,-0.3657817109144542,-0.4985250737463126,-0.0009381919165384,-0.4937106918238994,1950.0,1995.0,0.3541666666666667,0.0002321262766945,-0.001625315097812,-8.793790460735708e-07
1999-11-10,1495.0,1555.0,1495.0,1525.0,24000.0,1525.0,1649.0,1716.5,1715.4,1772.8,1603.95,False,False,False,False,False,False,False,False,False,True,False,-0.0163934426229508,-0.1475409836065573,,,-0.1248524590163935,-0.1624918032786885,-0.3508196721311475,-0.4393442622950819,-0.0020682912154031,-0.4852898339644625,1950.0,1965.0,1.411764705882353,-0.0045470444211262,-0.0047791706978208,-0.0011300992988646
1999-11-11,1525.0,1530.0,1450.0,1500.0,68000.0,1500.0,1619.0,1685.5,1706.6,1770.0666666666666,1607.475,False,False,False,False,False,False,False,False,False,True,False,-0.0033333333333333,-0.18,,,-0.1377333333333332,-0.1800444444444444,-0.3433333333333333,-0.4233333333333333,-0.0015441979586456,-0.4778997330169089,1950.0,2000.0,2.833333333333333,-0.0051564514238838,-0.0006094070027576,0.0005240932567575
1999-11-12,1500.0,1575.0,1425.0,1550.0,22000.0,1550.0,1599.0,1657.0,1699.6,1767.4,1610.475,False,False,False,False,False,False,False,False,False,False,False,-0.064516129032258,-0.2096774193548387,,,-0.096516129032258,-0.1402580645161291,-0.4193548387096774,-0.4193548387096774,-0.0015088076647428,-0.4665057332528666,1900.0,1960.0,0.3235294117647059,-0.0041186161449752,0.0010378352789085,3.5390293902782914e-05
1999-11-15,1400.0,1500.0,1400.0,1500.0,11000.0,1500.0,1554.0,1627.0,1691.6,1764.3333333333333,1613.1,False,False,False,False,False,False,False,False,False,True,False,-0.05,-0.2333333333333333,,,-0.1277333333333332,-0.1762222222222221,-0.4666666666666667,-0.43,-0.0017381447194408,-0.4578979717271051,1825.0,1860.0,0.5,-0.0047292504138094,-0.0006106342688341,-0.000229337054698
1999-11-16,1500.0,1500.0,1400.0,1450.0,23000.0,1450.0,1505.0,1597.0,1680.8,1760.7333333333331,1614.975,False,False,False,False,False,False,False,False,False,True,False,-0.0344827586206896,-0.1758620689655172,,,-0.1591724137931034,-0.2142988505747124,-0.4482758620689655,-0.4068965517241379,-0.002044602627693,-0.4486537257357545,1800.0,1870.0,2.090909090909091,-0.0064255116611137,-0.0016962612473043,-0.0003064579082522
1999-11-17,1450.0,1500.0,1350.0,1500.0,34000.0,1500.0,1500.0,1574.5,1672.8,1758.0666666666666,1616.55,False,False,False,False,False,False,False,False,False,False,False,-0.1333333333333333,-0.2666666666666666,,,-0.1151999999999999,-0.1720444444444444,-0.4,-0.4266666666666667,-0.0015168177164308,-0.4461733883772626,1920.0,1850.0,1.4782608695652173,-0.0047824007651841,0.0016431108959296,0.0005277849112622
1999-11-18,1500.0,1500.0,1405.0,1495.0,9000.0,1495.0,1499.0,1559.0,1667.0,1757.3333333333333,1618.075,False,False,False,False,False,False,False,False,False,False,False,-0.177257525083612,-0.2809364548494983,,,-0.1150501672240802,-0.175473801560758,-0.3745819397993311,-0.4280936454849498,-0.0004172989377845,-0.4435535599743425,1870.0,1750.0,0.2647058823529412,-0.0034793041391721,0.0013030966260119,0.0010995187786463
1999-11-19,1495.0,1495.0,1400.0,1450.0,8000.0,1450.0,1479.0,1539.0,1660.0,1754.0,1618.65,False,False,False,False,False,False,False,False,False,True,False,-0.1551724137931034,-0.1758620689655172,,,-0.1448275862068965,-0.2096551724137931,-0.3448275862068966,-0.4034482758620689,-0.0019004180919801,-0.4369720597790773,1800.0,1850.0,0.8888888888888888,-0.0042168674698795,-0.0007375633307073,-0.0014831191541956
1999-11-22,1400.0,1430.0,1350.0,1425.0,16000.0,1425.0,1464.0,1509.0,1651.0,1752.2666666666669,1619.275,False,False,False,False,False,False,False,False,False,True,False,-0.1929824561403508,-0.2175438596491228,,,-0.1585964912280701,-0.2296608187134504,-0.3859649122807017,-0.4,-0.0009891949474964,-0.4287607687210072,1670.0,1945.0,2.0,-0.0054512416717141,-0.0012343742018345,0.0009112231444837
1999-11-24,1375.0,1400.0,1325.0,1400.0,16000.0,1400.0,1454.0,1479.5,1642.0,1751.4666666666667,1619.275,False,False,False,False,False,False,False,False,False,True,False,-0.1464285714285714,-0.1964285714285714,,,-0.1728571428571428,-0.2510476190476191,-0.3892857142857143,-0.4071428571428571,-0.0004567600487211,-0.4187225413991213,1750.0,1975.0,1.0,-0.0054811205846528,-2.9878912938749447e-05,0.0005324348987752
1999-11-25,1400.0,1400.0,1300.0,1300.0,26000.0,1300.0,1414.0,1457.0,1624.0,1747.8,1618.45,False,False,False,False,False,False,False,False,False,True,False,-0.1538461538461538,-0.173076923076923,,,-0.2492307692307692,-0.3444615384615384,-0.3423076923076923,-0.3769230769230769,-0.002097875424343,-0.41283459162663,1700.0,1945.0,1.625,-0.0110837438423645,-0.0056026232577116,-0.0016411153756218
1999-11-26,1300.0,1325.0,1225.0,1230.0,30000.0,1230.0,1361.0,1430.0,1604.2,1745.0,1617.475,False,False,False,False,False,False,False,False,False,True,False,-0.1260162601626016,-0.1056910569105691,,,-0.3042276422764228,-0.4186991869918699,-0.3170731707317073,-0.2764227642276423,-0.0016045845272206,-0.4,1600.0,1925.0,1.1538461538461535,-0.0123426006732327,-0.0012588568308682,0.0004932908971224
1999-11-29,1250.0,1270.0,1150.0,1225.0,48000.0,1225.0,1316.0,1397.5,1583.2,1739.3333333333333,1616.15,False,False,False,False,False,False,False,False,False,True,False,-0.0244897959183673,-0.1306122448979592,,,-0.2924081632653061,-0.4198639455782312,-0.3428571428571428,-0.2775510204081632,-0.0032579532387888,-0.3871198568872988,1715.0,1895.0,1.6,-0.0132642748863062,-0.0009216742130734,-0.0016533687115682
1999-11-30,1245.0,1245.0,1150.0,1150.0,58000.0,1150.0,1261.0,1362.5,1559.2,1731.4666666666667,1614.575,False,False,False,False,False,False,False,False,False,True,False,-0.0304347826086956,-0.0434782608695652,,,-0.3558260869565218,-0.5056231884057971,-0.2608695652173913,-0.2608695652173913,-0.0045433543816417,-0.371743119266055,1645.0,1900.0,1.2083333333333333,-0.0153925089789635,-0.0021282340926573,-0.0012854011428528
1999-12-01,1175.0,1195.0,1130.0,1195.0,36000.0,1195.0,1220.0,1337.0,1535.4,1720.8,1613.175,False,False,False,False,False,False,False,False,False,True,False,-0.0585774058577405,-0.100418410041841,,,-0.2848535564853557,-0.4399999999999999,-0.2845188284518828,-0.2552301255230125,-0.0061986672865334,-0.3575168287210172,1685.0,1900.0,0.6206896551724138,-0.0155008466849029,-0.0001083377059393,-0.0016553129048917
1999-12-02,1175.0,1175.0,1100.0,1100.0,32000.0,1100.0,1180.0,1297.0,1505.4,1709.2666666666669,1611.175,False,False,False,False,False,False,False,False,False,True,False,-0.0227272727272727,-0.1,,,-0.3685454545454546,-0.5538787878787881,-0.1863636363636363,-0.25,-0.0067475330551112,-0.3404009252120277,1720.0,1900.0,0.8888888888888888,-0.0199282582702271,-0.0044274115853242,-0.0005488657685777
1999-12-03,1095.0,1125.0,1050.0,1075.0,22000.0,1075.0,1149.0,1255.0,1476.0,1696.9333333333334,1609.075,False,False,False,False,False,False,False,False,False,False,False,0.0232558139534883,-0.0837209302325581,,,-0.3730232558139535,-0.5785426356589148,-0.1209302325581395,-0.2232558139534883,-0.0072680128859905,-0.3199203187250996,1720.0,1965.0,0.6875,-0.0199186991869919,9.559083235251288e-06,-0.0005204798308793
1999-12-06,1050.0,1295.0,1050.0,1195.0,232000.0,1195.0,1143.0,1229.5,1450.4,1686.7333333333331,1607.825,False,False,False,False,False,False,False,False,False,False,False,-0.1087866108786611,-0.2468619246861924,,,-0.213723849372385,-0.4114923291492327,-0.205020920502092,-0.2887029288702928,-0.0060471918106005,-0.3070353802358682,1725.0,1965.0,10.545454545454543,-0.017650303364589,0.0022683958224029,0.0012208210753899
1999-12-07,1245.0,1245.0,1075.0,1115.0,56000.0,1115.0,1136.0,1198.5,1423.0,1676.8,1606.4,False,False,False,False,False,False,False,False,False,True,False,-0.0134529147982062,-0.2825112107623318,,,-0.2762331838565022,-0.5038565022421524,-0.1390134529147982,-0.2376681614349775,-0.005923982188295,-0.2895285773884021,1700.0,1935.0,0.2413793103448276,-0.019255094869993,-0.001604791505404,0.0001232096223054
1999-12-08,1140.0,1215.0,1100.0,1125.0,39000.0,1125.0,1122.0,1171.0,1398.0,1666.8666666666666,1605.325,False,False,False,False,False,False,False,False,False,False,False,-0.0444444444444444,-0.2888888888888888,,,-0.2426666666666666,-0.4816592592592592,-0.0888888888888888,-0.2666666666666666,-0.0059592848858137,-0.2732707087959009,1720.0,1950.0,0.6964285714285714,-0.0178826895565093,0.0013724053134837,-3.5302697518673105e-05
1999-12-09,1090.0,1090.0,1075.0,1075.0,19000.0,1075.0,1117.0,1148.5,1372.0,1656.5333333333333,1603.875,False,False,False,False,False,False,False,False,False,True,False,-0.0790697674418604,-0.1627906976744186,,,-0.2762790697674419,-0.5409612403100775,-0.0465116279069767,-0.213953488372093,-0.0062379265936895,-0.2559860687853722,1700.0,1950.0,0.4871794871794871,-0.0189504373177842,-0.0010677477612749,-0.0002786417078758
1999-12-10,1110.0,1120.0,1100.0,1100.0,25000.0,1100.0,1122.0,1135.5,1350.0,1647.8666666666666,1602.5,False,False,False,False,False,False,False,False,False,False,False,-0.1045454545454545,-0.15,,,-0.2272727272727272,-0.498060606060606,-0.0681818181818181,-0.2409090909090909,-0.005259325188122,-0.2523117569352708,1640.0,1950.0,1.3157894736842106,-0.0162962962962962,0.0026541410214879,0.0009786014055675
1999-12-13,1060.0,1075.0,1060.0,1065.0,17000.0,1065.0,1096.0,1119.5,1326.6,1637.4,1600.675,False,False,False,False,False,False,False,False,False,True,False,-0.1549295774647887,-0.107981220657277,,,-0.2456338028169013,-0.5374647887323944,-0.0610328638497652,-0.2018779342723004,-0.0063922478726435,-0.2447521214828048,1625.0,1900.0,0.68,-0.0176390773405699,-0.0013427810442736,-0.0011329226845214
1999-12-14,1065.0,1100.0,1000.0,1100.0,46000.0,1100.0,1093.0,1114.5,1301.6,1626.1333333333334,1599.1,False,False,False,False,False,False,False,False,False,True,False,-0.2727272727272727,-0.2045454545454545,,,-0.1832727272727272,-0.4783030303030304,-0.0863636363636363,-0.2272727272727272,-0.0069285011479173,-0.2413638402871242,1650.0,1825.0,2.7058823529411766,-0.0192071296865396,-0.0015680523459696,-0.0005362532752738
1999-12-15,1005.0,1075.0,1000.0,1075.0,31000.0,1075.0,1083.0,1102.5,1276.8,1614.1333333333334,1597.5,False,False,False,False,False,False,False,False,False,True,False,-0.2558139534883721,-0.2046511627906976,,,-0.1877209302325581,-0.5015193798449613,-0.0697674418604651,-0.2093023255813953,-0.0074343300842557,-0.236734693877551,1625.0,1800.0,0.6739130434782609,-0.019423558897243,-0.0002164292107034,-0.0005058289363384
1999-12-16,1010.0,1010.0,990.0,990.0,29000.0,990.0,1066.0,1091.5,1255.4,1601.4,1595.45,False,False,False,False,False,False,False,False,False,False,False,-0.0909090909090909,-0.1363636363636363,,,-0.2680808080808082,-0.6175757575757577,0.0353535353535353,-0.1414141414141414,-0.0079513758794388,-0.2267521759047182,1750.0,1920.0,0.935483870967742,-0.0170463597259836,0.0023771991712594,-0.000517045795183
1999-12-17,940.0,990.0,925.0,985.0,84000.0,985.0,1043.0,1082.5,1234.8,1588.8666666666666,1593.35,False,False,False,False,False,False,False,False,False,False,False,-0.0507614213197969,-0.1472081218274111,,,-0.2536040609137055,-0.613062605752961,0.015228426395939,-0.1015228426395939,-0.0078882222128982,-0.2157043879907621,1725.0,1870.0,2.896551724137931,-0.0166828636216392,0.0003634961043443,6.315366654062633e-05
1999-12-20,950.0,950.0,900.0,900.0,5000.0,900.0,1010.0,1053.0,1208.8,1575.6,1591.1,False,False,False,False,False,False,False,False,False,True,False,0.0555555555555555,-0.1055555555555555,,,-0.343111111111111,-0.7506666666666666,0.1611111111111111,-0.0555555555555555,-0.0084200727765084,-0.1937321937321937,1750.0,1800.0,0.0595238095238095,-0.0215089344804765,-0.0048260708588372,-0.0005318505636102
1999-12-21,855.0,855.0,800.0,800.0,51000.0,800.0,950.0,1021.5,1180.8,1560.9333333333334,1588.125,False,False,False,False,False,False,False,False,False,True,False,0.09375,0.0625,,,-0.4759999999999999,-0.9511666666666668,0.2625,0.09375,-0.0093960878107114,-0.1664219285364659,1750.0,1670.0,10.2,-0.0237127371273712,-0.0022038026468947,-0.000976015034203
1999-12-22,800.0,800.0,775.0,800.0,130000.0,800.0,895.0,989.0,1154.8,1546.2666666666669,1585.7,False,False,False,False,False,False,False,False,False,False,False,0.06875,0.06875,,,-0.4434999999999999,-0.9328333333333336,0.25,0.0625,-0.009485211692679,-0.1365015166835187,1790.0,1750.0,2.549019607843137,-0.0225147211638378,0.0011980159635333,-8.912388196759789e-05
1999-12-24,810.0,975.0,810.0,900.0,33000.0,900.0,877.0,971.5,1130.8,1532.9333333333334,1583.625,False,False,False,False,False,False,False,False,False,False,False,-0.05,-0.0055555555555555,,,-0.2564444444444444,-0.7032592592592594,0.1555555555555555,-0.0611111111111111,-0.008697921196834,-0.1209469891919711,1850.0,1700.0,0.2538461538461538,-0.0212239122744959,0.0012908088893419,0.0007872904958449
1999-12-27,975.0,975.0,900.0,935.0,39000.0,935.0,867.0,955.0,1108.4,1519.2,1581.725,False,False,False,False,False,False,False,False,False,False,False,-0.1016042780748663,0.0106951871657754,,,-0.1854545454545455,-0.624812834224599,0.0053475935828877,-0.1443850267379679,-0.0090398455327365,-0.1094240837696335,1810.0,1600.0,1.181818181818182,-0.0202093107181521,0.0010146015563437,-0.0003419243359024
1999-12-28,965.0,965.0,950.0,950.0,6000.0,950.0,877.0,943.5,1088.4,1505.6666666666667,1580.275,False,False,False,False,False,False,False,False,False,False,False,-0.1526315789473684,0.0,,,-0.1456842105263159,-0.5849122807017545,0.0473684210526315,-0.1578947368421052,-0.0089882665485941,-0.1038685744568097,1835.0,1715.0,0.1538461538461538,-0.0183755972069092,0.0018337135112429,5.157898414235966e-05
1999-12-29,950.0,950.0,850.0,875.0,19000.0,875.0,892.0,921.0,1066.4,1491.5333333333333,1578.275,False,False,False,False,False,False,False,False,False,True,False,-0.0285714285714285,0.0971428571428571,,,-0.2187428571428572,-0.7046095238095238,0.0742857142857142,-0.0857142857142857,-0.0094757073257945,-0.0874049945711183,1800.0,1645.0,3.1666666666666665,-0.0206301575393848,-0.0022545603324756,-0.0004874407772003
1999-12-30,875.0,875.0,855.0,855.0,16000.0,855.0,903.0,899.0,1044.6,1476.9333333333334,1576.4,False,False,False,False,False,False,False,False,False,True,False,0.0,0.1988304093567251,,,-0.2217543859649121,-0.7274074074074075,0.0818713450292397,-0.1228070175438596,-0.0098853480184164,-0.0761957730812013,1750.0,1685.0,0.8421052631578947,-0.0208692322420066,-0.0002390747026218,-0.0004096406926219
2000-01-04,880.0,880.0,855.0,855.0,4000.0,855.0,894.0,885.5,1026.8,1462.3333333333333,1574.625,False,False,False,False,False,False,False,False,False,False,False,0.0467836257309941,0.1988304093567251,,,-0.2009356725146198,-0.7103313840155945,0.0818713450292397,-0.1169590643274853,-0.0099840437656713,-0.0728402032749858,1725.0,1720.0,0.25,-0.0173354109855862,0.0035338212564204,-9.869574725491874e-05
2000-01-05,850.0,850.0,840.0,840.0,15000.0,840.0,875.0,871.0,1011.2,1447.5333333333333,1572.575,False,False,False,False,False,False,False,False,False,False,False,0.125,0.2202380952380952,,,-0.2038095238095238,-0.7232539682539683,0.238095238095238,-0.0833333333333333,-0.0102242895960944,-0.0706084959816303,1650.0,1720.0,3.75,-0.0154272151898733,0.0019081957957129,-0.000240245830423
2000-01-06,865.0,865.0,805.0,805.0,16000.0,805.0,846.0,861.5,994.4,1432.9333333333334,1570.225,False,False,False,False,False,False,False,False,False,True,False,0.1801242236024844,0.2422360248447205,,,-0.23527950310559,-0.7800414078674949,0.3229813664596273,-0.0062111801242236,-0.010188889922769,-0.0661636680208938,1650.0,1725.0,1.0666666666666669,-0.0168946098149638,-0.0014673946250905,3.53996733253939e-05
2000-01-07,855.0,855.0,825.0,850.0,6000.0,850.0,841.0,866.5,982.4,1419.9333333333334,1568.225,False,False,False,False,False,False,False,False,False,False,True,0.1294117647058823,0.1823529411764705,,,-0.1557647058823529,-0.6705098039215687,0.1352941176470588,-0.1117647058823529,-0.0091553594065449,-0.085401038661281,1725.0,1700.0,0.375,-0.012214983713355,0.0046796261016088,0.0010335305162241
2000-01-11,855.0,855.0,855.0,855.0,4000.0,855.0,841.0,872.0,968.8,1407.3333333333333,1566.0,False,False,False,False,False,False,False,False,False,True,False,0.1988304093567251,0.1695906432748538,,,-0.1330994152046783,-0.6460038986354775,0.0701754385964912,-0.1403508771929824,-0.008953102794884,-0.1043577981651376,1695.0,1720.0,0.6666666666666666,-0.014037985136251,-0.001823001422896,0.0002022566116608
2000-01-12,855.0,900.0,850.0,895.0,19000.0,895.0,849.0,871.5,960.6,1393.6666666666667,1564.1,False,False,False,False,False,False,False,False,False,False,False,0.1452513966480447,0.1452513966480447,,,-0.0732960893854748,-0.5571694599627561,-0.0223463687150838,-0.1787709497206704,-0.0098062664434344,-0.1164658634538152,1525.0,1700.0,4.75,-0.0085363314595044,0.0055016536767466,-0.0008531636485504
2000-01-13,875.0,950.0,875.0,945.0,23000.0,945.0,870.0,872.5,955.4,1381.3333333333333,1561.95,False,False,False,False,False,False,False,False,False,False,False,0.0846560846560846,0.0582010582010582,,,-0.0110052910052909,-0.4617283950617283,-0.0476190476190476,-0.2063492063492063,-0.0089285714285715,-0.1232091690544412,1500.0,1640.0,1.2105263157894737,-0.0054427464936152,0.0030935849658891,0.0008776950148629
2000-01-14,965.0,1005.0,950.0,950.0,41000.0,950.0,899.0,872.5,945.6,1370.0,1559.775,False,False,False,False,True,False,False,False,False,True,False,0.0526315789473684,0.1,,,0.0046315789473683,-0.4421052631578947,-0.0947368421052631,-0.2105263157894736,-0.008272506082725,-0.1289398280802292,1550.0,1625.0,1.7826086956521738,-0.0103637901861251,-0.0049210436925098,0.0006560653458465
2000-01-17,950.0,965.0,950.0,960.0,18000.0,960.0,921.0,881.0,939.4,1360.5333333333333,1557.5,False,False,False,False,False,False,False,False,False,False,True,0.046875,0.0520833333333333,,,0.0214583333333333,-0.4172222222222222,-0.0885416666666666,-0.2135416666666666,-0.0069580556644453,-0.1424517593643587,1500.0,1650.0,0.4390243902439024,-0.0065999574196295,0.0037638327664955,0.0013144504182796
2000-01-18,965.0,1025.0,965.0,1025.0,21000.0,1025.0,955.0,898.0,935.4,1350.8666666666666,1556.125,False,False,False,False,False,False,False,False,False,False,False,-0.024390243902439,-0.024390243902439,,,0.0874146341463414,-0.3179186991869918,-0.1463414634146341,-0.2634146341463415,-0.0071558999161032,-0.1581291759465478,1450.0,1625.0,1.1666666666666667,-0.0042762454564892,0.0023237119631403,-0.0001978442516579
2000-01-19,1025.0,1025.0,1000.0,1025.0,15000.0,1025.0,981.0,915.0,933.4,1341.8666666666666,1554.625,False,False,False,False,False,False,False,False,False,False,False,0.0,0.0146341463414634,,,0.0893658536585366,-0.3091382113821137,-0.0780487804878048,-0.2682926829268293,-0.0067070747217806,-0.1743169398907103,1500.0,1750.0,0.7142857142857143,-0.0021427040925648,0.0021335413639243,0.0004488251943226
2000-01-20,1025.0,1025.0,1005.0,1025.0,12000.0,1025.0,997.0,933.5,930.4,1334.2,1553.425,False,False,False,False,False,False,False,False,False,True,False,-0.024390243902439,-0.0829268292682926,,,0.0922926829268293,-0.3016585365853659,-0.1219512195121951,-0.2926829268292683,-0.0057462649277968,-0.1955008034279592,1495.0,1725.0,0.8,-0.0032244196044711,-0.0010817155119063,0.0009608097939837
2000-01-21,1020.0,1020.0,960.0,1000.0,15000.0,1000.0,1007.0,953.0,927.8,1324.6666666666667,1551.85,False,False,False,False,False,False,False,False,False,False,False,0.045,-0.005,,,0.0722,-0.3246666666666667,-0.125,-0.25,-0.0071967790639154,-0.217208814270724,1450.0,1750.0,1.25,-0.00280232808795,0.0004220915165211,-0.0014505141361186
2000-01-24,1000.0,1015.0,1000.0,1005.0,19000.0,1005.0,1016.0,968.5,924.0,1316.1333333333334,1550.7,False,False,False,False,False,False,False,False,False,True,False,0.0049751243781094,-0.0646766169154228,,,0.0805970149253731,-0.3095854063018243,-0.1044776119402985,-0.2935323383084577,-0.0064836389423563,-0.2343830665978317,1425.0,1750.0,1.2666666666666666,-0.004112554112554,-0.001310226024604,0.000713140121559
2000-01-25,1030.0,1030.0,1000.0,1000.0,23000.0,1000.0,1011.0,983.0,921.0,1307.0,1549.2,False,False,False,False,False,False,False,False,False,False,False,0.0,-0.075,,,0.079,-0.307,-0.15,-0.275,-0.006988013261923,-0.2466937945066124,1400.0,1790.0,1.2105263157894737,-0.003257328990228,0.000855225122326,-0.0005043743195666
2000-01-26,1000.0,1025.0,1000.0,1025.0,23000.0,1025.0,1011.0,996.0,922.4,1297.7333333333331,1548.175,False,False,False,False,False,False,True,False,True,False,False,0.0146341463414634,-0.0975609756097561,,,0.1000975609756097,-0.2660813008130079,-0.1658536585365853,-0.2682926829268293,-0.0071406555019009,-0.2550200803212851,1300.0,1850.0,1.0,0.001517779705117,0.004775108695345,-0.0001526422399778
2000-01-27,1050.0,1050.0,975.0,1000.0,36000.0,1000.0,1006.0,1001.5,923.0,1288.1333333333334,1547.175,False,False,False,False,False,False,True,False,False,True,False,-0.06,0.04,,,0.077,-0.2881333333333334,-0.135,-0.25,-0.0074526446537623,-0.2591113330004992,1230.0,1810.0,1.565217391304348,0.0006500541711809,-0.0008677255339361,-0.0003119891518613
2000-01-28,990.0,1045.0,950.0,1045.0,39000.0,1045.0,1015.0,1011.0,928.8,1279.0666666666666,1546.325,False,False,False,False,False,False,True,False,True,False,False,-0.0478468899521531,0.0191387559808612,,,0.1111961722488038,-0.223987240829346,-0.138755980861244,-0.3062200956937799,-0.0070885020327323,-0.2685459940652819,1225.0,1835.0,1.0833333333333333,0.0062446167097329,0.0055945625385519,0.0003641426210299
2000-01-31,945.0,1015.0,945.0,1010.0,15000.0,1010.0,1016.0,1016.0,937.2,1269.8666666666666,1544.875,False,False,False,False,False,False,True,False,False,False,False,-0.0693069306930693,-0.0445544554455445,,,0.072079207920792,-0.2572937293729372,-0.1534653465346534,-0.3069306930693069,-0.0072448551028979,-0.2775590551181102,1150.0,1800.0,0.3846153846153846,0.0089628681177977,0.0027182514080648,-0.0001563530701656
2000-02-01,1000.0,1000.0,950.0,1000.0,7000.0,1000.0,1016.0,1013.5,945.2,1260.2666666666669,1543.5,False,False,False,False,False,False,True,False,False,True,False,-0.075,-0.085,,,0.0547999999999999,-0.2602666666666668,-0.14,-0.275,-0.0076174354633937,-0.278737049827331,1195.0,1750.0,0.4666666666666667,0.0084638171815488,-0.0004990509362489,-0.0003725803604957
2000-02-02,995.0,1040.0,950.0,1040.0,43000.0,1040.0,1019.0,1015.0,950.8,1251.4666666666667,1541.875,False,False,False,False,False,False,True,False,False,True,False,-0.110576923076923,-0.1586538461538461,,,0.0857692307692308,-0.2033333333333333,-0.173076923076923,-0.3028846153846153,-0.007031749414021,-0.2822660098522167,1100.0,1725.0,6.142857142857143,0.0058897770298694,-0.0025740401516793,0.0005856860493727
2000-02-03,1020.0,1020.0,925.0,940.0,39000.0,940.0,1007.0,1006.5,951.0,1242.1333333333334,1539.825,False,False,False,False,False,False,True,False,False,True,False,0.1063829787234042,-0.0425531914893617,,,-0.0117021276595744,-0.3214184397163122,-0.0904255319148936,-0.2287234042553191,-0.0075139544869041,-0.2762046696472926,1075.0,1650.0,0.9069767441860463,0.0002103049421661,-0.0056794720877033,-0.0004822050728831
2000-02-04,950.0,1000.0,950.0,995.0,15000.0,995.0,997.0,1006.0,952.8,1233.7333333333331,1538.05,False,False,False,False,False,False,True,False,True,False,False,0.0703517587939698,-0.135678391959799,,,0.0424120603015075,-0.2399329983249579,-0.1306532663316583,-0.271356783919598,-0.0068086026153682,-0.2783300198807157,1195.0,1650.0,0.3846153846153846,0.001889168765743,0.0016788638235768,0.0007053518715359
2000-02-07,995.0,1000.0,920.0,940.0,70000.0,940.0,983.0,999.5,955.4,1224.2666666666669,1536.0,False,False,False,False,False,False,True,False,False,False,False,0.026595744680851,-0.0691489361702127,,,-0.0163829787234042,-0.3024113475177307,-0.0904255319148936,-0.2553191489361702,-0.0077325201481155,-0.2746373186593296,1115.0,1725.0,4.666666666666667,0.0027213732468076,0.0008322044810646,-0.0009239175327472
2000-02-08,965.0,965.0,925.0,925.0,13000.0,925.0,968.0,992.0,958.2,1214.9333333333334,1534.125,False,False,False,False,False,False,True,False,False,False,False,-0.0108108108108108,-0.054054054054054,,,-0.0358918918918919,-0.3134414414414415,-0.1027027027027027,-0.2864864864864865,-0.0076821773485514,-0.2757056451612903,1125.0,1695.0,0.1857142857142857,0.0029221456898351,0.0002007724430275,5.034279956404528e-05
2000-02-09,940.0,940.0,900.0,925.0,26000.0,925.0,945.0,982.0,961.0,1203.9333333333334,1532.275,False,False,False,False,False,False,True,False,False,True,False,-0.054054054054054,0.0216216216216216,,,-0.0389189189189189,-0.3015495495495496,-0.1243243243243243,-0.1405405405405405,-0.0091367185336951,-0.2637474541751528,1075.0,1525.0,2.0,0.0029136316337148,-8.514056120345614e-06,-0.0014545411851436
2000-02-10,950.0,1115.0,900.0,1040.0,133000.0,1040.0,965.0,986.0,969.0,1194.8,1530.875,False,False,False,True,True,False,True,False,False,False,True,-0.1346153846153846,-0.1346153846153846,,,0.0682692307692307,-0.1488461538461538,-0.1442307692307692,-0.2259615384615384,-0.00764423613436,-0.261156186612576,1100.0,1500.0,5.115384615384615,0.0082559339525283,0.0053423023188135,0.001492482399335
2000-02-14,1065.0,1100.0,1040.0,1065.0,40000.0,1065.0,979.0,988.0,979.4,1185.6666666666667,1529.6,False,False,False,False,False,False,True,False,False,False,False,-0.1924882629107981,-0.1784037558685446,,,0.0803755868544601,-0.113302034428795,-0.1690140845070422,-0.2629107981220657,-0.0077031206072532,-0.2565789473684211,1065.0,1550.0,0.3007518796992481,0.0106187461711251,0.0023628122185967,-5.888447289310698e-05
2000-02-15,940.0,965.0,940.0,965.0,10000.0,965.0,984.0,983.5,984.0,1175.2,1528.025,False,False,False,False,False,False,True,False,False,True,False,-0.0932642487046632,-0.0673575129533678,,,-0.0196891191709844,-0.2178238341968912,-0.1191709844559585,-0.2590673575129533,-0.008906285454958,-0.2516522623284189,1100.0,1500.0,0.25,0.0046747967479675,-0.0059439494231576,-0.0012031648477048
2000-02-16,990.0,990.0,915.0,915.0,12000.0,915.0,982.0,975.0,986.4,1163.5333333333333,1526.225,False,False,False,False,False,False,True,False,False,True,False,-0.0437158469945355,-0.0710382513661202,,,-0.0780327868852458,-0.2716211293260473,-0.0273224043715847,-0.1311475409836065,-0.0100269294677133,-0.2379487179487179,1075.0,1450.0,1.2,0.0024330900243308,-0.0022417067236366,-0.0011206440127553
2000-02-17,965.0,965.0,855.0,875.0,20000.0,875.0,972.0,958.5,985.6,1150.5333333333333,1524.3,False,False,False,False,False,False,False,False,False,True,False,0.08,-0.0228571428571428,,,-0.1264,-0.314895238095238,-0.0571428571428571,-0.0857142857142857,-0.0112991076602155,-0.2170057381324986,990.0,1500.0,1.6666666666666667,-0.0008116883116882,-0.0032447783360191,-0.0012721781925022
2000-02-18,925.0,925.0,875.0,900.0,40000.0,900.0,944.0,954.5,983.8,1138.4,1522.675,False,False,False,False,False,False,False,False,False,True,False,0.0,-0.0388888888888888,,,-0.093111111111111,-0.264888888888889,-0.0722222222222222,-0.0944444444444444,-0.0106582337784023,-0.2042954426401257,985.0,1495.0,2.0,-0.0018296401707664,-0.0010179518590782,0.0006408738818132
2000-02-21,875.0,885.0,855.0,860.0,34000.0,860.0,903.0,941.0,980.2,1125.4,1520.8,False,False,False,False,False,False,False,False,False,True,False,0.0174418604651162,0.0465116279069767,,,-0.1397674418604651,-0.3086046511627908,-0.0116279069767441,-0.0523255813953488,-0.0115514483739114,-0.1833156216790648,900.0,1450.0,0.85,-0.0036727198530911,-0.0018430796823246,-0.0008932145955091
2000-02-22,900.0,900.0,875.0,875.0,13000.0,875.0,885.0,934.5,976.8,1113.0666666666666,1518.8,False,False,False,False,False,False,False,False,False,False,False,0.0285714285714285,-0.0228571428571428,,,-0.1163428571428571,-0.2720761904761904,-0.0285714285714285,-0.0685714285714285,-0.0110804983229517,-0.1653290529695024,800.0,1425.0,0.3823529411764705,-0.0034807534807535,0.0001919663723375,0.0004709500509597
2000-02-23,875.0,875.0,875.0,875.0,18000.0,875.0,877.0,929.5,970.8,1101.4,1516.775,False,False,False,False,False,False,False,False,False,True,False,-0.0285714285714285,-0.0171428571428571,,,-0.1094857142857142,-0.2587428571428573,-0.0571428571428571,-0.0685714285714285,-0.0105925791416983,-0.1441635287789134,800.0,1400.0,1.3846153846153846,-0.0061804697156983,-0.0026997162349448,0.0004879191812534
2000-02-24,875.0,945.0,875.0,945.0,21000.0,945.0,891.0,931.5,967.6,1091.0,1515.125,False,False,False,False,False,False,False,False,False,False,True,-0.0952380952380952,-0.0899470899470899,,,-0.0239153439153439,-0.1544973544973545,-0.1058201058201058,-0.1693121693121693,-0.0095325389550871,-0.1470746108427267,900.0,1300.0,1.1666666666666667,-0.0033071517155848,0.0028733180001135,0.0010600401866111
2000-02-25,995.0,995.0,900.0,900.0,24000.0,900.0,891.0,917.5,962.6,1081.0,1513.0,False,False,False,False,False,False,False,False,False,True,False,-0.0388888888888888,-0.05,,,-0.0695555555555555,-0.2011111111111111,-0.0722222222222222,-0.0555555555555555,-0.0092506938020351,-0.1291553133514986,935.0,1230.0,1.1428571428571428,-0.0051942655308539,-0.001887113815269,0.000281845153052
2000-02-28,875.0,875.0,875.0,875.0,9000.0,875.0,894.0,898.5,957.6,1070.6666666666667,1510.825,False,False,False,False,False,False,False,False,False,True,False,0.0285714285714285,-0.0114285714285714,,,-0.0944,-0.2236190476190477,-0.0285714285714285,-0.0514285714285714,-0.009651307596513,-0.1057317751808569,950.0,1225.0,0.375,-0.0052213868003341,-2.7121269480231275e-05,-0.0004006137944778
2000-02-29,875.0,900.0,855.0,900.0,45000.0,900.0,899.0,892.0,953.4,1059.6666666666667,1508.825,False,False,False,False,False,False,False,False,False,False,False,-0.05,-0.05,,,-0.0593333333333333,-0.1774074074074074,-0.0555555555555555,-0.1333333333333333,-0.0103806228373702,-0.0919282511210762,875.0,1150.0,5.0,-0.0044052863436123,0.0008161004567217,-0.0007293152408572
2000-03-01,900.0,900.0,850.0,850.0,11000.0,850.0,894.0,885.5,947.4,1048.4,1506.65,False,False,False,False,False,False,False,False,False,True,False,0.0117647058823529,-0.0235294117647058,,,-0.1145882352941176,-0.2334117647058824,0.0,-0.0764705882352941,-0.0107465344016278,-0.0863918690005646,855.0,1195.0,0.2444444444444444,-0.006333122229259,-0.0019278358856466,-0.0003659115642576
2000-03-02,900.0,900.0,850.0,855.0,36000.0,855.0,876.0,883.5,940.6,1039.4666666666667,1504.55,False,False,False,False,False,False,False,False,False,True,False,0.0058479532163742,-0.0526315789473684,,,-0.1001169590643275,-0.2157504873294347,-0.0058479532163742,-0.023391812865497,-0.008594150846588,-0.0803621958121109,855.0,1100.0,3.272727272727273,-0.007229428024665,-0.000896305795406,0.0021523835550398
2000-03-03,855.0,895.0,855.0,865.0,54000.0,865.0,869.0,880.0,935.2,1031.0,1502.6,False,False,False,False,False,False,False,False,False,False,False,-0.0115606936416184,0.0289017341040462,,,-0.0811560693641619,-0.191907514450867,0.0231213872832369,-0.0173410404624277,-0.0082120918202392,-0.0727272727272727,840.0,1075.0,1.5,-0.0057741659538066,0.0014552620708584,0.0003820590263487
2000-03-06,875.0,930.0,865.0,900.0,22000.0,900.0,874.0,884.0,929.4,1022.3333333333334,1500.825,False,False,False,False,False,False,False,False,False,True,True,-0.0388888888888888,-0.0166666666666666,,,-0.0326666666666666,-0.1359259259259259,-0.0555555555555555,-0.0611111111111111,-0.0084773394196282,-0.0735294117647058,805.0,1195.0,0.4074074074074074,-0.0062405853238649,-0.0004664193700582,-0.0002652475993889
2000-03-07,875.0,895.0,855.0,855.0,21000.0,855.0,865.0,882.0,923.2,1013.7333333333332,1499.025,False,False,False,False,False,False,False,False,False,True,False,0.0,-0.0058479532163742,,,-0.079766081871345,-0.185653021442495,0.023391812865497,-0.0116959064327485,-0.0084834933578851,-0.0680272108843537,850.0,1115.0,0.9545454545454546,-0.0067157712305025,-0.0004751859066375,-6.153938256918401e-06
2000-03-08,880.0,880.0,860.0,860.0,23000.0,860.0,867.0,880.5,917.6,1005.8666666666668,1497.275,False,False,False,False,False,False,False,False,False,False,False,-0.0348837209302325,0.0348837209302325,,,-0.0669767441860465,-0.1696124031007753,-0.0116279069767441,-0.0348837209302325,-0.0078207847295862,-0.0647359454855195,855.0,1125.0,1.0952380952380951,-0.006102877070619,0.0006128941598834,0.0006627086282989
2000-03-09,880.0,880.0,850.0,860.0,31000.0,860.0,868.0,872.0,910.4,997.3333333333334,1495.475,False,False,False,False,False,False,False,False,False,True,False,-0.0581395348837209,-0.0406976744186046,,,-0.0586046511627906,-0.1596899224806202,-0.0174418604651162,-0.0174418604651162,-0.0085561497326204,-0.0487385321100917,895.0,1075.0,1.3478260869565215,-0.007908611599297,-0.001805734528678,-0.0007353650030341
2000-03-10,850.0,855.0,850.0,855.0,11000.0,855.0,866.0,867.5,907.0,988.8,1493.65,False,False,False,False,False,False,False,False,False,False,False,0.0409356725146198,-0.023391812865497,,,-0.0608187134502924,-0.1564912280701753,-0.0643274853801169,-0.0058479532163742,-0.0086299892125135,-0.0438040345821325,945.0,1100.0,0.3548387096774194,-0.0037486218302094,0.0041599897690876,-7.383947989316429e-05
2000-03-13,860.0,865.0,860.0,865.0,9000.0,865.0,859.0,866.5,901.8,981.0,1491.875,False,False,False,False,False,False,False,False,False,True,False,0.0231213872832369,-0.0173410404624277,,,-0.042543352601156,-0.1341040462427745,-0.0751445086705202,-0.0057803468208092,-0.0079510703363913,-0.0392383150605885,950.0,1065.0,0.8181818181818182,-0.0057662452872034,-0.0020176234569939,0.0006789188761221
2000-03-14,860.0,860.0,855.0,855.0,21000.0,855.0,859.0,862.0,898.4,973.4,1488.825,False,False,False,False,False,False,False,False,False,False,False,-0.0058479532163742,-0.0058479532163742,,,-0.0507602339181286,-0.1384795321637426,-0.0643274853801169,0.0526315789473684,-0.0078076844051777,-0.0203016241299303,960.0,1100.0,2.333333333333333,-0.0037845057880676,0.0019817394991357,0.0001433859312136
2000-03-15,860.0,860.0,825.0,830.0,17000.0,830.0,853.0,860.0,894.6,965.8,1485.3,False,False,False,False,False,False,False,False,False,True,False,0.072289156626506,-0.0060240963855421,,,-0.0778313253012048,-0.1636144578313252,-0.0963855421686747,0.0843373493975903,-0.0078691240422447,-0.0046511627906976,1025.0,1075.0,0.8095238095238095,-0.0042477084730605,-0.0004632026849928,-6.143963706704315e-05
2000-03-16,825.0,835.0,810.0,810.0,35000.0,810.0,843.0,855.5,890.0,959.2666666666668,1481.6,False,False,False,False,False,False,False,False,False,True,False,0.0185185185185185,0.0432098765432098,,,-0.0987654320987654,-0.1842798353909466,-0.0679012345679012,0.0617283950617283,-0.0068107582180831,0.0035067212156633,1025.0,990.0,2.0588235294117645,-0.0051685393258427,-0.0009208308527821,0.0010583658241616
2000-03-17,810.0,890.0,810.0,890.0,22000.0,890.0,850.0,858.0,884.0,954.7333333333332,1477.55,False,False,False,False,True,False,False,False,False,True,True,-0.0617977528089887,-0.0617977528089887,,,0.0067415730337078,-0.0727340823970036,-0.1348314606741573,0.0674157303370786,-0.0047482717687314,0.0122377622377622,1025.0,985.0,0.6285714285714286,-0.006787330316742,-0.0016187909908993,0.0020624864493516
2000-03-21,890.0,890.0,885.0,885.0,5000.0,885.0,854.0,856.5,876.8,950.2,1473.0,False,False,False,False,False,False,False,False,False,True,False,-0.03954802259887,-0.03954802259887,,,0.0092655367231638,-0.0736723163841808,-0.096045197740113,0.0169491525423728,-0.0047709254192098,0.0204319906596614,1000.0,900.0,0.2272727272727272,-0.0082116788321168,-0.0014243485153747,-2.265365047839866e-05
2000-03-22,900.0,900.0,850.0,850.0,17000.0,850.0,853.0,856.0,872.2,946.2,1468.65,False,False,False,False,False,False,False,False,False,False,False,0.0,0.0,,,-0.0261176470588235,-0.1131764705882353,-0.1117647058823529,0.0588235294117647,-0.0042274360600295,0.0274532710280373,1005.0,800.0,3.4,-0.0052740197202475,0.0029376591118692,0.0005434893591802
2000-03-23,850.0,890.0,840.0,890.0,12000.0,890.0,865.0,859.0,871.2,942.1333333333332,1464.3,False,False,False,False,False,False,False,False,False,False,True,-0.0730337078651685,-0.0449438202247191,,,0.0211235955056179,-0.058576779026217,-0.1741573033707865,0.0393258426966292,-0.0043164449476367,0.0349243306169965,1000.0,800.0,0.7058823529411765,-0.0011478420569329,0.0041261776633145,-8.90088876071551e-05
2000-03-24,855.0,875.0,825.0,825.0,35000.0,825.0,868.0,855.5,869.2,938.4666666666668,1459.55,False,False,False,False,False,False,False,False,False,True,False,0.0242424242424242,0.0303030303030303,,,-0.0535757575757576,-0.1375353535353537,-0.109090909090909,0.0909090909090909,-0.0039070824749588,0.0455873758036236,1025.0,900.0,2.9166666666666665,-0.0023009664058904,-0.0011531243489575,0.0004093624726778
2000-03-27,900.0,900.0,835.0,835.0,17000.0,835.0,857.0,853.5,866.6,935.2666666666668,1454.85,False,False,False,False,False,False,False,False,False,True,False,0.0,0.059880239520958,,,-0.0378443113772455,-0.1200798403193613,-0.1017964071856287,0.0479041916167664,-0.0034214840687148,0.0509666080843585,1000.0,935.0,0.4857142857142857,-0.0030002307869836,-0.0006992643810931,0.000485598406244
2000-03-28,835.0,850.0,835.0,850.0,24000.0,850.0,850.0,852.0,866.2,930.6666666666666,1449.6,False,False,False,False,False,False,False,False,False,False,False,0.0,0.0,,,-0.0190588235294118,-0.0949019607843136,-0.1176470588235294,0.0,-0.0049426934097422,0.0516431924882629,1045.0,950.0,1.411764705882353,-0.0004617871161394,0.0025384436708442,-0.0015212093410274
2000-03-29,840.0,850.0,840.0,850.0,27000.0,850.0,850.0,851.5,865.2,927.1333333333332,1444.4,False,False,False,False,False,False,False,False,False,True,False,0.0,0.0294117647058823,,,-0.0178823529411765,-0.0907450980392155,-0.1117647058823529,-0.0058823529411764,-0.0038110304163371,0.0458015267175572,1010.0,875.0,1.125,-0.0011558021266759,-0.0006940150105364,0.001131662993405
2000-03-30,850.0,850.0,825.0,825.0,38000.0,825.0,837.0,851.0,863.2,923.1333333333332,1439.15,False,False,False,False,False,False,False,False,False,True,False,0.0303030303030303,0.0303030303030303,,,-0.0463030303030303,-0.1189494949494948,-0.0848484848484848,0.0606060606060606,-0.0043330685347006,0.0434782608695652,1000.0,855.0,1.4074074074074074,-0.0023169601482854,-0.0011611580216095,-0.0005220381183634
2000-03-31,850.0,850.0,825.0,845.0,7000.0,845.0,841.0,854.5,859.2,920.0666666666668,1433.15,False,False,False,False,False,False,False,False,False,True,True,0.0059171597633136,0.0,,,-0.0168047337278107,-0.0888362919132151,-0.1124260355029585,-0.0414201183431952,-0.0033330918049413,0.0333528379169104,1040.0,855.0,0.1842105263157894,-0.0046554934823091,-0.0023385333340236,0.0009999767297593
2000-04-03,850.0,850.0,835.0,835.0,11000.0,835.0,841.0,849.0,856.6,916.5333333333332,1426.95,False,False,False,False,False,False,False,False,False,False,False,0.059880239520958,-0.0419161676646706,,,-0.0258682634730539,-0.0976447105788421,-0.1317365269461078,-0.029940119760479,-0.0038551061972653,0.0235571260306242,940.0,840.0,1.5714285714285714,-0.0030352556619192,0.0016202378203898,-0.000522014392324
2000-04-04,835.0,850.0,835.0,850.0,20000.0,850.0,841.0,845.5,855.6,913.6666666666666,1420.725,False,False,False,False,False,False,False,False,False,False,False,0.0,-0.0588235294117647,,,-0.0065882352941176,-0.0749019607843136,-0.1176470588235294,-0.0470588235294117,-0.0031375410434146,0.0171496156120638,995.0,805.0,1.818181818181818,-0.0011687704534829,0.0018664852084363,0.0007175651538507
2000-04-05,850.0,890.0,850.0,850.0,4000.0,850.0,841.0,845.5,853.6,910.3333333333334,1414.8,False,False,False,False,False,False,False,False,False,True,False,0.0294117647058823,-0.0588235294117647,,,-0.004235294117647,-0.0709803921568627,-0.1647058823529411,-0.088235294117647,-0.0036616623947271,0.0023654642223536,940.0,850.0,0.2,-0.0023430178069353,-0.0011742473534523,-0.0005241213513124
2000-04-06,860.0,860.0,850.0,850.0,13000.0,850.0,846.0,841.5,853.6,907.3333333333334,1408.55,False,False,False,False,False,False,False,False,False,False,False,0.0,-0.1176470588235294,,,-0.004235294117647,-0.0674509803921569,-0.1470588235294117,-0.088235294117647,-0.0033063923585598,-0.0106951871657754,925.0,855.0,3.25,0.0,0.0023430178069353,0.0003552700361672
2000-04-07,880.0,880.0,850.0,850.0,7000.0,850.0,847.0,844.0,853.4,905.4666666666668,1402.675,False,False,False,False,False,False,False,False,False,True,True,-0.0058823529411764,-0.1117647058823529,,,-0.0039999999999999,-0.0652549019607844,-0.1176470588235294,-0.088235294117647,-0.0020615520541892,-0.0284360189573459,925.0,895.0,0.5384615384615384,-0.0002343566908835,-0.0002343566908835,0.0012448403043706
2000-04-10,850.0,885.0,850.0,885.0,4000.0,885.0,857.0,849.0,854.2,904.1333333333332,1397.1,False,False,False,True,True,False,True,False,False,False,False,-0.096045197740113,-0.1299435028248587,,,0.0348022598870055,-0.0216195856873821,-0.1525423728813559,-0.096045197740113,-0.0014747087450231,-0.0429917550058892,1040.0,945.0,0.5714285714285714,0.0009365488176071,0.0011709055084907,0.000586843309166
2000-04-11,850.0,850.0,850.0,850.0,3000.0,850.0,857.0,849.0,852.2,903.4666666666668,1391.475,False,False,False,False,False,False,False,False,False,True,False,-0.0588235294117647,-0.0588235294117647,,,-0.0025882352941177,-0.0629019607843139,-0.1470588235294117,-0.0588235294117647,-0.0007378984651708,-0.0488810365135453,1065.0,950.0,0.75,-0.0023468669326449,-0.0032834157502521,0.0007368102798522
2000-04-12,865.0,875.0,850.0,875.0,8000.0,875.0,862.0,851.5,853.0,904.4666666666668,1385.55,False,False,False,False,False,False,True,True,False,False,True,-0.0857142857142857,-0.1371428571428571,,,0.0251428571428571,-0.0336761904761906,-0.2,-0.1314285714285714,0.0011056239404437,-0.0616559013505578,965.0,960.0,2.6666666666666665,0.0009378663540444,0.0032847332866894,0.0018435224056146
2000-04-13,870.0,870.0,850.0,850.0,9000.0,850.0,862.0,854.0,852.6,905.1333333333332,1379.65,False,False,False,False,False,False,False,True,False,True,False,-0.1176470588235294,-0.1352941176470588,,,-0.0030588235294117,-0.064862745098039,-0.1470588235294117,-0.1176470588235294,0.0007365397363184,-0.07903981264637,915.0,1025.0,1.125,-0.0004691531785127,-0.0014070195325572,-0.0003690842041252
2000-04-14,850.0,850.0,845.0,845.0,19000.0,845.0,861.0,854.0,852.0,904.4,1374.0,False,False,False,False,False,False,False,False,False,True,False,-0.1065088757396449,-0.1301775147928994,,,-0.008284023668639,-0.0702958579881656,-0.1420118343195266,-0.1420118343195266,-0.0008108506560517,-0.0889929742388758,875.0,1025.0,2.111111111111111,-0.0007042253521127,-0.0002350721735999,-0.0015473903923702
2000-04-17,800.0,800.0,750.0,800.0,16000.0,800.0,844.0,850.5,849.8,902.6,1368.125,False,False,False,False,False,False,False,False,False,True,False,-0.0375,-0.0625,,,-0.0622499999999999,-0.12825,-0.09375,-0.0875,-0.0019942388654996,-0.0946502057613168,900.0,1025.0,0.8421052631578947,-0.0025888444339845,-0.0018846190818718,-0.0011833882094478
2000-04-18,800.0,835.0,800.0,800.0,11000.0,800.0,834.0,845.5,847.2,900.6,1362.65,False,False,False,False,False,False,False,False,False,True,False,0.0,-0.0625,,,-0.059,-0.12575,-0.09375,-0.08125,-0.002220741727737,-0.0981667652276759,860.0,1000.0,0.6875,-0.0030689329556184,-0.0004800885216338,-0.0002265028622374
2000-04-19,825.0,835.0,785.0,800.0,23000.0,800.0,819.0,840.5,845.0,899.6,1356.9,False,False,False,False,False,False,False,False,False,False,False,-0.05625,-0.05625,,,-0.05625,-0.1245,-0.125,-0.06875,-0.0011116051578479,-0.0963712076145151,875.0,1005.0,2.090909090909091,-0.002603550295858,0.0004653826597603,0.0011091365698891
2000-04-20,750.0,750.0,725.0,750.0,31000.0,750.0,799.0,830.5,841.8,898.2,1350.775,False,False,False,False,False,False,False,False,False,True,False,-0.02,0.0066666666666666,,,-0.1223999999999999,-0.1976,-0.12,0.0333333333333333,-0.0015586729013582,-0.0854906682721252,875.0,1000.0,1.3478260869565215,-0.0038013779995248,-0.0011978277036668,-0.0004470677435103
2000-04-21,775.0,775.0,755.0,755.0,4000.0,755.0,781.0,821.0,839.6,896.8666666666667,1344.3,False,False,False,False,False,False,False,False,False,False,False,-0.0264900662251655,-0.0066225165562913,,,-0.1120529801324503,-0.1879028697571744,0.0529801324503311,-0.0066225165562913,-0.0014866572511707,-0.0779537149817296,945.0,1025.0,0.1290322580645161,-0.0026202953787517,0.0011810826207731,7.201565018746174e-05
2000-04-24,770.0,775.0,770.0,770.0,8000.0,770.0,775.0,809.5,834.8,895.9333333333333,1338.15,False,False,False,False,False,False,False,False,False,True,False,-0.0259740259740259,-0.0584415584415584,,,-0.0841558441558441,-0.1635497835497834,0.0454545454545454,-0.0259740259740259,-0.0010417441773942,-0.0710315009264978,900.0,1000.0,2.0,-0.005749880210829,-0.0031295848320773,0.0004449130737765
2000-04-25,860.0,860.0,765.0,800.0,20000.0,800.0,775.0,804.5,831.4,895.8666666666667,1332.025,False,False,False,False,False,False,False,False,False,False,False,-0.0625,-0.0625,,,-0.0392499999999999,-0.1198333333333333,-0.01875,-0.0625,-7.441583568976711e-05,-0.0714729645742697,875.0,1045.0,2.5,-0.004089487611258,0.0016603925995709,0.0009673283417044
2000-04-26,755.0,755.0,755.0,755.0,5000.0,755.0,766.0,792.5,827.6,894.6,1326.05,False,False,False,False,False,False,False,False,False,True,False,0.0,-0.0596026490066225,,,-0.096158940397351,-0.1849006622516556,-0.0529801324503311,-0.086092715231788,-0.0014159028243535,-0.0662460567823343,900.0,1010.0,0.25,-0.0045915901401642,-0.0005021025289061,-0.0013414869886637
2000-04-27,755.0,755.0,725.0,735.0,26000.0,735.0,763.0,781.0,821.4,893.0,1320.05,False,False,False,False,False,False,False,False,False,True,False,0.0272108843537414,-0.0136054421768707,,,-0.1175510204081632,-0.2149659863945578,0.0816326530612244,-0.0476190476190476,-0.0017917133258678,-0.058898847631242,850.0,1000.0,5.2,-0.0075480886291697,-0.0029564984890054,-0.0003758105015143
2000-04-28,735.0,735.0,735.0,735.0,2000.0,735.0,759.0,770.0,817.8,890.8666666666667,1314.275,False,False,False,False,False,False,False,False,False,False,False,0.0204081632653061,0.0204081632653061,,,-0.1126530612244897,-0.212063492063492,0.0884353741496598,0.0544217687074829,-0.0023946718551223,-0.0389610389610389,855.0,1040.0,0.0769230769230769,-0.0044020542920029,0.0031460343371668,-0.0006029585292544
2000-05-01,750.0,750.0,750.0,750.0,1000.0,750.0,755.0,765.0,814.4,888.2666666666667,1308.625,False,False,False,False,False,False,False,False,False,False,False,-0.0333333333333333,0.0,,,-0.0858666666666666,-0.1843555555555555,0.0866666666666666,0.0266666666666666,-0.002927048934254,-0.0274509803921568,865.0,940.0,0.5,-0.0041748526522593,0.0002272016397436,-0.0005323770791316
2000-05-02,750.0,755.0,750.0,750.0,7000.0,750.0,745.0,760.0,810.4,885.6,1302.875,False,False,False,False,False,False,False,False,False,True,False,0.0,-0.0333333333333333,,,-0.0805333333333333,-0.1808,0.0866666666666666,-0.0266666666666666,-0.0030111412225232,-0.0217105263157894,900.0,995.0,7.0,-0.0049358341559723,-0.000760981503713,-8.409228826928997e-05
2000-05-08,755.0,755.0,755.0,755.0,1000.0,755.0,745.0,755.5,806.6,882.8666666666667,1297.2,False,False,False,False,False,False,False,False,False,False,False,-0.0596026490066225,-0.0728476821192053,,,-0.0683443708609271,-0.1693598233995585,0.0794701986754966,-0.0264900662251655,-0.0030959752321981,-0.0172071475843812,855.0,940.0,0.1428571428571428,-0.0047111331515,0.0002247010044722,-8.483400967486615e-05
2000-05-09,755.0,755.0,755.0,755.0,4000.0,755.0,749.0,756.0,803.8,879.2666666666667,1291.525,False,False,False,False,False,False,False,False,False,False,False,-0.0397350993377483,-0.0397350993377483,,,-0.0646357615894039,-0.1645916114790286,0.0794701986754966,-0.0132450331125827,-0.0040943210250966,-0.0218253968253968,860.0,925.0,4.0,-0.0034834535954218,0.0012276795560782,-0.0009983457928985
2000-05-10,755.0,755.0,750.0,750.0,6000.0,750.0,752.0,755.5,800.0,875.6,1285.825,False,False,False,False,False,False,False,False,False,True,False,0.0,-0.0333333333333333,,,-0.0666666666666666,-0.1674666666666667,0.0466666666666666,0.06,-0.0041876046901172,-0.015221707478491,860.0,925.0,1.5,-0.0047499999999999,-0.0012665464045781,-9.328366502051218e-05
2000-05-11,750.0,750.0,725.0,725.0,16000.0,725.0,747.0,751.0,795.6,871.6,1280.325,False,False,False,False,False,False,False,False,False,True,False,0.0344827586206896,0.0,,,-0.0973793103448276,-0.2022068965517241,0.1724137931034483,0.0206896551724137,-0.0045892611289582,-0.0106524633821571,855.0,1040.0,2.6666666666666665,-0.0055304172951231,-0.0007804172951232,-0.000401656438841
2000-05-12,750.0,750.0,750.0,750.0,4000.0,750.0,747.0,746.0,791.6,868.2666666666667,1274.825,False,False,False,False,False,False,False,False,False,False,False,-0.0333333333333333,-0.0333333333333333,,,-0.0554666666666667,-0.1576888888888888,0.1066666666666666,-0.04,-0.0038390663390663,-0.0080428954423592,865.0,1065.0,0.25,-0.0050530570995452,0.0004773601955779,0.0007501947898918
2000-05-15,745.0,745.0,680.0,710.0,13000.0,710.0,738.0,741.5,786.0,864.3333333333334,1269.125,False,False,False,False,False,False,False,False,False,True,False,-0.0140845070422535,-0.0140845070422535,,,-0.1070422535211267,-0.2173708920187794,0.0985915492957746,-0.0140845070422535,-0.0045507134593134,-0.0006743088334457,855.0,965.0,3.25,-0.0071246819338422,-0.002071624834297,-0.000711647120247
2000-05-16,720.0,725.0,715.0,725.0,11000.0,725.0,732.0,740.5,781.0,860.6666666666666,1263.65,False,False,False,False,False,False,False,False,False,False,False,0.0,-0.0896551724137931,,,-0.0772413793103448,-0.1871264367816091,0.0827586206896551,-0.0137931034482758,-0.0042602633617351,0.0027008777852802,830.0,915.0,0.8461538461538461,-0.0064020486555697,0.0007226332782724,0.0002904500975782
2000-05-17,730.0,750.0,730.0,750.0,13000.0,750.0,732.0,742.0,777.0,857.0,1258.4,False,False,False,False,False,False,False,False,False,False,True,-0.0333333333333333,0.06,,,-0.036,-0.1426666666666666,0.1133333333333333,-0.04,-0.0042784908595876,-0.0067385444743935,810.0,875.0,1.181818181818182,-0.0051480051480051,0.0012540435075646,-1.822749785248753e-05
2000-05-19,750.0,750.0,750.0,750.0,19000.0,750.0,737.0,742.0,771.6,853.6666666666666,1253.625,False,False,False,False,False,False,False,False,False,True,False,-0.0333333333333333,0.0733333333333333,,,-0.0288,-0.1382222222222221,0.1333333333333333,-0.08,-0.0039047247169075,-0.0175202156334231,890.0,900.0,1.4615384615384617,-0.0069984447900466,-0.0018504396420414,0.0003737661426801
2000-05-22,750.0,750.0,725.0,725.0,23000.0,725.0,732.0,739.5,766.6,849.4,1248.5,False,False,False,False,False,False,False,False,False,False,False,0.0,0.0827586206896551,,,-0.0573793103448276,-0.1715862068965516,0.1655172413793103,-0.0344827586206896,-0.0050231535986186,-0.0182555780933062,885.0,860.0,1.2105263157894737,-0.0065223062875032,0.0004761385025433,-0.0011184288817111
2000-05-23,725.0,725.0,700.0,700.0,9000.0,700.0,730.0,734.0,759.6,845.2666666666667,1243.35,False,False,False,False,False,False,False,False,False,True,False,0.0,0.0214285714285714,,,-0.0851428571428571,-0.2075238095238095,0.2071428571428571,0.0,-0.0048899755501222,-0.0156675749318801,850.0,875.0,0.391304347826087,-0.0092153765139547,-0.0026930702264514,0.0001331780484963
2000-05-24,700.0,725.0,700.0,725.0,17000.0,725.0,730.0,731.0,754.6,841.6,1238.375,False,False,False,False,False,False,False,False,False,False,False,-0.0896551724137931,0.096551724137931,,,-0.0408275862068965,-0.1608275862068965,0.1448275862068965,0.0344827586206896,-0.0043567807351076,-0.0109439124487004,890.0,875.0,1.8888888888888888,-0.0066260270341902,0.0025893494797644,0.0005331948150145
2000-05-25,850.0,850.0,725.0,725.0,13000.0,725.0,725.0,728.5,749.8,837.4,1233.5,False,False,False,False,False,False,False,False,False,False,False,0.096551724137931,0.1034482758620689,,,-0.034206896551724,-0.1550344827586206,0.1655172413793103,0.0206896551724137,-0.0050155242417005,-0.0150995195607412,825.0,945.0,0.7647058823529411,-0.0064017071218992,0.000224319912291,-0.0006587435065928
2000-05-26,730.0,765.0,725.0,725.0,7000.0,725.0,720.0,728.5,746.8,834.5333333333333,1229.375,False,False,False,False,False,False,False,False,False,False,False,0.1103448275862069,0.1241379310344827,,,-0.0300689655172413,-0.1510804597701149,0.1724137931034483,-0.0068965517241379,-0.0034350535229269,-0.0178448867536032,835.0,900.0,0.5384615384615384,-0.0040171397964649,0.0023845673254343,0.0015804707187735
2000-05-29,680.0,725.0,680.0,725.0,8000.0,725.0,720.0,726.0,743.8,830.9333333333333,1224.5,False,False,False,False,False,False,False,False,False,True,False,0.0827586206896551,0.1241379310344827,,,-0.0259310344827585,-0.1461149425287355,0.1862068965517241,0.0068965517241379,-0.0043324775353016,-0.0130853994490358,850.0,875.0,1.1428571428571428,-0.0040333422963162,-1.620249985129739e-05,-0.0008974240123747
2000-05-30,690.0,700.0,680.0,700.0,9000.0,700.0,720.0,725.0,739.8,827.7333333333333,1220.225,False,False,False,False,False,False,False,False,False,True,False,0.0214285714285714,0.1642857142857142,,,-0.0568571428571427,-0.1824761904761905,0.2857142857142857,0.0,-0.0038659793814432,-0.0117241379310344,850.0,900.0,1.125,-0.0054068667207353,-0.0013735244244191,0.0004664981538584
2000-05-31,690.0,715.0,655.0,660.0,26000.0,660.0,707.0,718.5,736.2,824.2,1216.225,False,False,False,False,False,False,False,False,False,False,False,0.2045454545454545,0.2348484848484848,,,-0.1154545454545455,-0.2487878787878788,0.3636363636363636,0.0378787878787878,-0.0042869853595405,-0.0069589422407794,825.0,850.0,2.888888888888889,-0.0048899755501221,0.0005168911706132,-0.0004210059780973
2000-06-01,665.0,795.0,660.0,795.0,11000.0,795.0,721.0,723.0,737.8,822.4666666666667,1212.325,False,False,False,False,True,False,True,False,True,False,True,0.0062893081761006,-0.0125786163522012,,,0.0719496855345912,-0.0345492662473794,0.0817610062893081,-0.1257861635220125,-0.0021074815595363,-0.0165975103734439,845.0,855.0,0.4230769230769231,0.0021686093792354,0.0070585849293575,0.0021795038000041
2000-06-02,770.0,805.0,770.0,805.0,49000.0,805.0,737.0,728.5,739.2,819.3333333333334,1209.15,False,False,False,False,False,False,True,False,False,True,False,0.0124223602484472,0.0559006211180124,,,0.0817391304347825,-0.0178053830227743,0.1801242236024844,-0.1428571428571428,-0.0038242473555736,-0.0240219629375428,835.0,865.0,4.454545454545454,0.0018939393939395,-0.0002746699852959,-0.0017167657960372
2000-06-05,820.0,820.0,785.0,785.0,12000.0,785.0,749.0,734.5,738.6,815.6,1204.825,False,False,False,False,False,False,False,False,False,True,False,0.0382165605095541,0.0573248407643312,,,0.059108280254777,-0.0389808917197452,0.1464968152866242,-0.1146496815286624,-0.0045774072257642,-0.0326752893124574,850.0,900.0,0.2448979591836734,-0.0008123476848091,-0.0027062870787486,-0.0007531598701906
2000-06-06,780.0,780.0,700.0,715.0,12000.0,715.0,752.0,736.0,737.0,812.2666666666667,1199.7,False,False,False,False,False,True,False,False,False,True,False,0.1398601398601398,0.0909090909090909,,,-0.0307692307692307,-0.136037296037296,0.2587412587412587,-0.0279720279720279,-0.0041037426132633,-0.0353260869565217,850.0,855.0,1.0,-0.0021709633649932,-0.0013586156801841,0.0004736646125009
2000-06-07,715.0,795.0,700.0,795.0,59000.0,795.0,779.0,743.0,739.4,810.6666666666666,1193.7,False,False,False,False,False,False,True,False,True,False,False,0.0251572327044025,-0.0125786163522012,,,0.069937106918239,-0.0197064989517819,0.1635220125786163,-0.1320754716981132,-0.0019736842105263,-0.0524899057873485,850.0,860.0,4.916666666666667,0.0032458750338111,0.0054168383988044,0.0021300584027369
2000-06-08,745.0,800.0,745.0,800.0,18000.0,800.0,780.0,750.5,742.0,809.6666666666666,1187.875,False,False,False,False,False,False,True,False,False,False,False,-0.01875,0.04375,,,0.0725,-0.0120833333333332,0.125,-0.21875,-0.00123507616303,-0.0772818121252498,850.0,860.0,0.3050847457627119,0.0035040431266846,0.0002581680928734,0.0007386080474962
2000-06-09,815.0,815.0,790.0,815.0,25000.0,815.0,782.0,759.5,744.6,808.5333333333333,1181.95,False,False,False,False,False,False,True,False,False,True,False,0.0429447852760736,0.0429447852760736,,,0.0863803680981594,0.0079345603271984,0.0736196319018405,-0.147239263803681,-0.0014017150395778,-0.0915075707702435,885.0,855.0,1.3888888888888888,0.0034918076819769,-1.2235444707736113e-05,-0.0001666388765477
2000-06-12,820.0,820.0,780.0,815.0,9000.0,815.0,788.0,768.5,747.2,807.9333333333333,1176.225,False,False,False,False,False,False,True,False,False,True,False,0.0184049079754601,0.0368098159509202,,,0.0831901840490797,0.0086707566462168,0.0429447852760736,-0.1901840490797546,-0.0007426355309844,-0.1112556929082628,850.0,865.0,0.36,0.0034796573875803,-1.2150294396600682e-05,0.0006590795085933
2000-06-13,775.0,815.0,775.0,815.0,12000.0,815.0,808.0,780.0,749.6,807.1333333333333,1171.0,False,False,False,False,False,False,True,False,False,True,False,-0.0429447852760736,0.0368098159509202,,,0.0802453987730061,0.0096523517382413,0.0368098159509202,-0.1595092024539877,-0.0009911621376062,-0.1262820512820512,875.0,855.0,1.3333333333333333,0.0032017075773745,-0.0002779498102057,-0.0002485266066218
2000-06-14,780.0,815.0,780.0,815.0,17000.0,815.0,812.0,795.5,752.0,806.3333333333334,1165.725,False,False,False,False,False,False,True,False,False,True,False,-0.0368098159509202,0.0184049079754601,,,0.0773006134969325,0.0106339468302658,0.0736196319018405,-0.2331288343558282,-0.0009921455146754,-0.1508485229415462,850.0,830.0,1.4166666666666667,0.003191489361702,-1.021821567247184e-05,-9.833770691421596e-07
2000-06-15,785.0,785.0,785.0,785.0,10000.0,785.0,809.0,794.5,753.4,804.2,1160.4,False,False,False,False,False,False,True,False,False,True,False,0.0636942675159235,0.0764331210191082,,,0.0402547770700637,-0.0244585987261147,0.0318471337579617,-0.1337579617834395,-0.0026527397828069,-0.1516677155443675,845.0,810.0,0.5882352941176471,0.0018582426333952,-0.0013332467283068,-0.0016605942681314
2000-06-16,785.0,850.0,785.0,850.0,54000.0,850.0,816.0,799.0,758.4,803.5333333333333,1155.9,False,False,False,False,False,False,True,False,False,False,True,0.0,0.0,,,0.1077647058823529,0.0546666666666667,-0.0470588235294117,-0.0588235294117647,-0.0008296689620842,-0.1426783479349186,800.0,890.0,5.4,0.0065928270042194,0.0047345843708241,0.0018230708207226
2000-06-19,825.0,850.0,820.0,830.0,30000.0,830.0,819.0,803.5,761.6,802.9333333333333,1150.8,False,False,False,False,False,False,True,False,False,True,False,0.0180722891566265,0.036144578313253,,,0.0824096385542168,0.0326104417670683,-0.0240963855421686,0.0843373493975903,-0.0007472600464962,-0.1219663970130678,800.0,885.0,0.5555555555555556,0.0042016806722689,-0.0023911463319504,8.240891558801379e-05
2000-06-20,855.0,855.0,780.0,780.0,40000.0,780.0,812.0,810.0,764.4,801.3333333333334,1144.975,False,False,False,False,False,False,True,False,False,True,False,0.0833333333333333,0.1538461538461538,,,0.02,-0.0273504273504274,-0.0064102564102564,0.1538461538461538,-0.0019966722129782,-0.1037037037037037,800.0,850.0,1.3333333333333333,0.0036630036630036,-0.0005386770092653,-0.001249412166482
2000-06-21,785.0,785.0,785.0,785.0,9000.0,785.0,806.0,809.0,766.8,800.4666666666667,1139.025,False,False,False,False,False,False,True,False,False,True,False,0.0573248407643312,0.1464968152866242,,,0.0231847133757962,-0.0197027600849257,-0.0127388535031847,0.1464968152866242,-0.0010827017573082,-0.07663782447466,750.0,890.0,0.225,0.003129890453834,-0.0005331132091695,0.00091397045567
2000-06-22,800.0,835.0,790.0,835.0,5000.0,835.0,816.0,812.5,770.2,800.2,1133.475,False,False,False,False,False,False,True,False,False,False,True,0.0119760479041916,0.029940119760479,,,0.0776047904191616,0.0416766467065867,-0.0718562874251497,0.0239520958083832,-0.0003332500208281,-0.0523076923076923,755.0,825.0,0.5555555555555556,0.0044144378083615,0.0012845473545274,0.0007494517364801
2000-06-23,835.0,850.0,825.0,850.0,23000.0,850.0,816.0,816.0,774.2,800.0,1128.1,False,False,False,False,False,False,True,False,False,False,False,0.0,0.1176470588235294,,,0.0891764705882352,0.0588235294117647,-0.0588235294117647,0.0470588235294117,-0.00025,-0.0324754901960784,770.0,835.0,4.6,0.0051666236114699,0.0007521858031083,8.325002082805054e-05
2000-06-26,850.0,850.0,845.0,845.0,9000.0,845.0,819.0,819.0,779.0,799.2666666666667,1122.85,False,False,False,False,False,False,True,False,False,False,False,0.0177514792899408,0.0650887573964497,,,0.0781065088757396,0.0541222879684418,-0.0532544378698224,0.059171597633136,-0.0009175077154058,-0.0073260073260073,800.0,850.0,0.391304347826087,0.0061617458279845,0.0009951222165146,-0.0006675077154057
2000-06-27,825.0,845.0,825.0,845.0,13000.0,845.0,832.0,822.0,784.8,799.1333333333333,1117.575,False,False,False,False,False,False,True,False,False,False,False,0.0650887573964497,0.0650887573964497,,,0.0712426035502959,0.0542800788954635,-0.1005917159763313,0.0,-0.0001668474180361,0.0085158150851581,755.0,850.0,1.4444444444444444,0.0073904179408765,0.001228672112892,0.0007506602973696
2000-06-28,825.0,830.0,825.0,830.0,3000.0,830.0,841.0,823.5,789.0,798.7333333333333,1112.225,False,False,False,False,False,False,True,False,False,True,False,0.0843373493975903,0.1144578313253012,,,0.0493975903614457,0.0376706827309236,-0.0963855421686747,-0.0903614457831325,-0.0005007929221266,0.0224650880388585,735.0,825.0,0.2307692307692307,0.0053231939163498,-0.0020672240245267,-0.0003339455040904
2000-06-29,815.0,845.0,800.0,845.0,18000.0,845.0,843.0,829.5,793.8,798.5333333333333,1106.95,False,False,False,False,False,False,True,False,False,False,False,0.0177514792899408,0.0650887573964497,,,0.0605917159763314,0.0549901380670611,-0.1420118343195266,0.0355029585798816,-0.0002504591751545,0.0385774562989752,735.0,845.0,6.0,0.0060468631897202,0.0007236692733704,0.0002503337469721
2000-06-30,845.0,850.0,825.0,850.0,21000.0,850.0,843.0,829.5,798.8,798.4666666666667,1101.375,False,True,False,False,False,False,True,False,False,False,False,0.1176470588235294,0.0294117647058823,,,0.0602352941176471,0.0606274509803921,-0.1411764705882353,-0.0117647058823529,-8.349336227762299e-05,0.0433996383363472,750.0,835.0,1.1666666666666667,0.0062593890836254,0.0002125258939051,0.0001669658128768
2000-07-03,850.0,860.0,850.0,860.0,17000.0,860.0,846.0,832.5,804.2,798.4,1095.85,False,False,False,False,False,False,True,False,False,False,True,0.0465116279069767,-0.0116279069767441,,,0.0648837209302325,0.0716279069767442,-0.1453488372093023,0.0,-8.350033400140246e-05,0.0348348348348348,750.0,850.0,0.8095238095238095,0.0067147475752301,0.0004553584916047,-6.971723779471183e-09
2000-07-04,895.0,910.0,895.0,900.0,37000.0,900.0,857.0,844.5,812.2,799.0,1090.675,False,False,False,False,False,False,True,True,False,False,False,0.0,-0.0611111111111111,,,0.0975555555555555,0.1122222222222222,-0.1722222222222222,-0.0444444444444444,0.0007509386733417,0.0153937240970988,755.0,850.0,2.176470588235294,0.0098497906919477,0.0031350431167176,0.0008344390073431
2000-07-05,905.0,905.0,900.0,900.0,5000.0,900.0,871.0,856.0,821.8,799.9333333333333,1085.425,False,False,False,False,False,False,True,True,False,False,False,0.0277777777777777,-0.0277777777777777,,,0.0868888888888889,0.1111851851851852,-0.1388888888888889,-0.0666666666666666,0.0011667638969913,-0.0052570093457943,755.0,850.0,0.1351351351351351,0.0116816743733267,0.0018318836813789,0.0004158252236496
2000-07-06,860.0,860.0,860.0,860.0,2000.0,860.0,874.0,858.5,824.4,800.6,1079.975,False,False,False,False,False,False,True,True,False,True,False,0.0465116279069767,-0.0581395348837209,,,0.0413953488372093,0.0690697674418604,-0.127906976744186,-0.0406976744186046,0.0008327088017321,-0.011648223645894,750.0,850.0,0.4,0.0031538088306647,-0.0085278655426619,-0.0003340550952592
2000-07-07,875.0,950.0,875.0,950.0,37000.0,950.0,894.0,868.5,830.2,801.4,1074.975,False,False,False,False,False,False,True,True,False,False,False,-0.0789473684210526,-0.1473684210526315,,,0.1261052631578947,0.1564210526315789,-0.2105263157894736,-0.1578947368421052,0.0009982530571499,-0.0333909038572251,725.0,885.0,18.5,0.0069862683690677,0.003832459538403,0.0001655442554178
2000-07-10,900.0,945.0,900.0,900.0,16000.0,900.0,902.0,874.0,834.8,801.6,1069.975,False,False,False,False,False,False,True,True,False,True,False,-0.0555555555555555,-0.1,,,0.0724444444444444,0.1093333333333333,-0.1666666666666666,-0.1611111111111111,0.000249500998004,-0.0554919908466819,750.0,850.0,0.4324324324324324,0.0055103018687109,-0.0014759665003568,-0.0007487520591458
2000-07-11,900.0,900.0,900.0,900.0,10000.0,900.0,902.0,879.5,842.2,802.2666666666667,1065.35,False,False,False,False,False,False,True,True,False,False,False,-0.0611111111111111,-0.1388888888888889,,,0.0642222222222221,0.1085925925925926,-0.2333333333333333,-0.1166666666666666,0.000830978893136,-0.0670835702103467,710.0,875.0,0.625,0.0087865115174543,0.0032762096487434,0.000581477895132
2000-07-12,900.0,925.0,890.0,925.0,4000.0,925.0,907.0,889.0,847.4,802.7333333333333,1060.975,False,False,False,False,False,False,True,True,False,True,False,-0.054054054054054,-0.1621621621621621,,,0.0838918918918919,0.1321801801801801,-0.2432432432432432,-0.0378378378378378,0.0005813470641973,-0.061867266591676,725.0,850.0,0.4,0.0061364172763747,-0.0026500942410796,-0.0002496318289387
2000-07-13,900.0,900.0,900.0,900.0,2000.0,900.0,915.0,894.5,851.4,803.7333333333333,1055.875,False,False,False,False,False,False,True,True,False,True,False,-0.1,-0.1388888888888889,,,0.054,0.1069629629629629,-0.1388888888888889,-0.0388888888888888,0.0012441937624419,-0.0687534935718278,750.0,845.0,0.5,0.0046981442330279,-0.0014382730433467,0.0006628466982445
2000-07-14,875.0,875.0,875.0,875.0,5000.0,875.0,900.0,897.0,853.8,804.2666666666667,1050.9,False,False,False,False,False,False,True,True,False,True,False,-0.0742857142857142,-0.0857142857142857,,,0.0242285714285714,0.0808380952380952,-0.12,-0.0571428571428571,0.0006631299734747,-0.0730211817168338,750.0,800.0,2.5,0.0028109627547434,-0.0018871814782844,-0.0005810637889671
2000-07-17,855.0,855.0,850.0,850.0,11000.0,850.0,890.0,896.0,855.2,804.2666666666667,1046.15,False,False,False,False,False,False,True,False,False,True,False,-0.0470588235294117,-0.0588235294117647,,,-0.0061176470588235,0.0538039215686274,-0.1411764705882353,-0.0764705882352941,0.0,-0.0803571428571428,725.0,800.0,2.2,0.0016370439663237,-0.0011739187884197,-0.0006631299734747
2000-07-18,875.0,875.0,845.0,845.0,3000.0,845.0,879.0,890.5,856.4,804.2,1042.025,False,False,False,False,False,False,True,False,False,True,False,-0.0828402366863905,-0.1005917159763313,,,-0.013491124260355,0.048284023668639,-0.1301775147928994,-0.0532544378698224,-8.289811821264116e-05,-0.0814149354295339,700.0,800.0,0.2727272727272727,0.0014012143858009,-0.0002358295805228,-8.289811821264116e-05
2000-07-21,805.0,875.0,805.0,875.0,16000.0,875.0,869.0,888.0,858.8,804.8666666666667,1037.65,False,False,False,False,False,False,True,True,False,False,False,-0.1142857142857142,-0.1428571428571428,,,0.0185142857142857,0.0801523809523809,-0.1485714285714285,-0.0285714285714285,0.0008282945415389,-0.0777027027027027,725.0,750.0,5.333333333333333,0.0027945971122496,0.0013933827264486,0.0009111926597515
2000-07-24,785.0,810.0,785.0,810.0,3000.0,810.0,851.0,883.0,859.8,804.4,1033.2,False,False,False,False,False,False,True,False,False,True,False,-0.0432098765432098,-0.1049382716049382,,,-0.0614814814814814,0.0069135802469136,-0.0185185185185185,0.0925925925925925,-0.0005801425493121,-0.0656851642129105,725.0,755.0,0.1875,0.0011630611770179,-0.0016315359352317,-0.001408437090851
2000-07-25,860.0,860.0,810.0,810.0,10000.0,810.0,838.0,869.0,858.2,804.0666666666667,1029.25,False,False,False,False,False,False,False,False,False,True,False,-0.0123456790123456,-0.0987654320987654,,,-0.0595061728395062,0.0073251028806583,-0.0864197530864197,0.0493827160493827,-0.000414559323439,-0.0448791714614499,725.0,770.0,3.333333333333333,-0.0018643672803541,-0.003027428457372,0.000165583225873
2000-07-26,810.0,810.0,810.0,810.0,11000.0,810.0,830.0,860.0,857.4,803.5333333333333,1024.725,False,False,False,False,False,False,False,False,False,False,False,-0.0123456790123456,-0.0925925925925925,,,-0.0585185185185184,0.0079835390946502,-0.1111111111111111,0.0802469135802469,-0.0006637351696674,-0.0209302325581395,725.0,800.0,1.1,-0.0009330534173082,0.0009313138630459,-0.0002491758462283
2000-07-27,810.0,810.0,775.0,775.0,8000.0,775.0,816.0,847.5,857.2,802.5333333333333,1020.375,False,False,False,False,False,False,False,False,False,False,False,-0.0193548387096774,-0.0387096774193548,,,-0.1060645161290323,-0.03552688172043,-0.0967741935483871,0.1225806451612903,-0.0012460541618209,0.0023598820058997,700.0,755.0,0.7272727272727273,-0.0002333177788146,0.0006997356384935,-0.0005823189921534
2000-07-28,760.0,775.0,750.0,775.0,10000.0,775.0,796.0,832.5,856.8,801.5333333333333,1015.825,False,False,False,False,False,False,False,False,False,True,False,-0.032258064516129,0.0,,,-0.1055483870967741,-0.0342365591397849,-0.0774193548387096,0.1290322580645161,-0.001247608749896,0.0186186186186186,660.0,735.0,1.25,-0.0004668534080299,-0.0002335356292153,-1.5545880751321756e-06
2000-07-31,770.0,775.0,740.0,775.0,14000.0,775.0,789.0,820.0,854.4,800.5333333333333,1011.1,False,False,False,False,False,False,False,False,False,True,False,-0.064516129032258,-0.032258064516129,,,-0.1024516129032257,-0.0329462365591397,-0.0709677419354838,0.1290322580645161,-0.001249167221852,0.0353658536585365,795.0,735.0,1.4,-0.0028089887640449,-0.0023421353560149,-1.5584719560658364e-06
2000-08-01,775.0,800.0,775.0,800.0,2000.0,800.0,787.0,812.5,852.4,799.4,1006.5,False,False,False,False,False,False,False,False,False,False,False,-0.0875,-0.0625,,,-0.0654999999999999,0.00075,-0.1375,0.2125,-0.0014177299641397,0.0627692307692307,805.0,750.0,0.1428571428571428,-0.002346316283435,0.0004626724806099,-0.0001685627422876
2000-08-02,800.0,800.0,800.0,800.0,1000.0,800.0,785.0,807.5,850.6,798.7333333333333,1001.875,False,False,False,False,False,False,False,False,False,False,False,-0.08125,-0.0625,,,-0.06325,0.0015833333333333,-0.125,0.125,-0.0008346548702111,0.0835913312693498,785.0,750.0,0.5,-0.0021161533035503,0.0002301629798846,0.0005830750939286
2000-08-03,775.0,775.0,760.0,760.0,3000.0,760.0,782.0,799.0,847.2,797.2,997.175,False,False,False,False,False,False,False,False,False,True,False,-0.0197368421052631,-0.0921052631578947,,,-0.1147368421052632,-0.0489473684210526,-0.0789473684210526,0.3223684210526316,-0.0019233985616323,0.120775969962453,715.0,755.0,3.0,-0.0040132200188857,-0.0018970667153353,-0.0010887436914212
2000-08-04,750.0,750.0,750.0,750.0,4000.0,750.0,777.0,786.5,844.0,795.8666666666667,992.325,False,False,False,False,False,False,False,False,False,False,False,0.0333333333333333,-0.0666666666666666,,,-0.1253333333333333,-0.0611555555555555,0.0,0.44,-0.0016753224995812,0.1678321678321678,795.0,755.0,1.3333333333333333,-0.0037914691943128,0.0002217508245728,0.0002480760620511
2000-08-07,725.0,725.0,725.0,725.0,12000.0,725.0,767.0,778.0,839.2,794.2666666666667,987.45,False,False,False,False,False,False,False,False,False,True,False,0.0344827586206896,0.0689655172413793,,,-0.1575172413793104,-0.0955402298850574,0.0206896551724137,0.4275862068965517,-0.0020144367970455,0.1998714652956298,800.0,750.0,3.0,-0.0057197330791229,-0.00192826388481,-0.0003391142974643
2000-08-08,730.0,730.0,730.0,730.0,3000.0,730.0,753.0,770.0,834.4,793.3333333333334,982.9,False,False,False,False,False,False,False,False,False,True,False,0.0273972602739726,0.0547945205479452,,,-0.1430136986301369,-0.0867579908675799,-0.0136986301369863,0.5068493150684932,-0.0011764705882352,0.2448051948051948,815.0,725.0,0.25,-0.0057526366251199,-3.2903545997008815e-05,0.0008379662088102
2000-08-09,735.0,750.0,735.0,735.0,10000.0,735.0,740.0,762.5,829.4,792.4666666666667,978.45,False,False,False,False,False,False,False,False,False,True,False,0.0204081632653061,-0.0068027210884353,,,-0.1284353741496598,-0.0781859410430839,-0.0068027210884353,0.4829931972789115,-0.0010936316984941,0.2852459016393442,815.0,750.0,3.333333333333333,-0.0060284543043163,-0.0002758176791964,8.283888974106447e-05
2000-08-10,740.0,745.0,740.0,745.0,2000.0,745.0,737.0,759.5,823.2,791.7333333333333,973.925,False,False,False,False,False,False,False,False,False,True,False,-0.0738255033557047,-0.0134228187919463,,,-0.1049664429530202,-0.0627293064876957,-0.0604026845637583,0.3825503355704698,-0.0009262377905018,0.3113890717577353,815.0,710.0,0.2,-0.0075315840621962,-0.0015031297578798,0.0001673939079922
2000-08-11,750.0,775.0,735.0,775.0,9000.0,775.0,742.0,759.5,818.2,792.0666666666667,969.675,False,False,False,False,False,False,False,True,False,False,False,-0.0967741935483871,-0.0387096774193548,,,-0.055741935483871,-0.0220215053763441,-0.1161290322580645,0.2774193548387096,0.0004208399966333,0.3265306122448979,815.0,725.0,4.5,-0.0061109753116597,0.0014206087505364,0.0013470777871351
2000-08-14,775.0,775.0,750.0,750.0,5000.0,750.0,747.0,757.0,813.8,792.0,964.675,False,False,False,False,False,False,False,False,False,False,False,0.0333333333333333,0.06,,,-0.0850666666666666,-0.056,-0.0733333333333333,0.3,-8.417508417515116e-05,0.3441215323645971,785.0,750.0,0.5555555555555556,-0.0054067338412387,0.0007042414704209,-0.0005050150808084
2000-08-15,730.0,775.0,730.0,750.0,8000.0,750.0,751.0,752.0,805.8,791.7333333333333,959.8,False,False,False,False,False,False,False,False,False,True,False,0.0266666666666666,-0.0133333333333333,,,-0.0743999999999999,-0.0556444444444444,-0.08,0.3133333333333333,-0.0003368137420006,0.3550531914893617,850.0,750.0,1.6,-0.009928021841648,-0.0045212880004093,-0.0002526386578255
2000-08-16,750.0,750.0,730.0,750.0,8000.0,750.0,754.0,747.0,799.8,791.0666666666667,954.8,False,False,False,False,False,False,False,False,False,False,False,-0.0266666666666666,-0.04,,,-0.0663999999999999,-0.0547555555555556,-0.0733333333333333,0.26,-0.0008427439743805,0.3701472556894243,830.0,725.0,1.0,-0.0075018754688672,0.0024261463727808,-0.0005059302323798
2000-08-17,745.0,745.0,690.0,690.0,20000.0,690.0,743.0,740.0,791.4,790.2,949.5,False,False,False,False,False,False,False,False,False,True,False,0.0652173913043478,0.0144927536231884,,,-0.1469565217391304,-0.1452173913043478,0.0072463768115942,0.3405797101449275,-0.0010967687505273,0.3722972972972973,780.0,700.0,2.5,-0.0106141015921152,-0.0031122261232479,-0.0002540247761467
2000-08-18,745.0,750.0,700.0,700.0,25000.0,700.0,728.0,735.0,782.4,789.7333333333333,944.05,False,False,True,False,False,False,False,False,False,True,False,0.0642857142857142,0.0214285714285714,,,-0.1177142857142856,-0.1281904761904762,-0.0142857142857142,0.2642857142857143,-0.0005909167651528,0.3551020408163265,785.0,725.0,1.25,-0.0115030674846625,-0.0008889658925473,0.0005058519853744
2000-08-22,730.0,800.0,730.0,775.0,16000.0,775.0,733.0,740.0,777.4,790.2666666666667,938.675,False,False,False,False,False,False,False,True,False,False,True,0.0258064516129032,-0.0709677419354838,,,-0.0030967741935483,-0.0196989247311827,-0.1935483870967742,0.1290322580645161,0.0006748776784207,0.3243243243243243,835.0,725.0,0.64,-0.006431695394906,0.0050713720897564,0.0012657944435735
2000-08-23,765.0,770.0,750.0,770.0,10000.0,770.0,737.0,744.0,773.2,790.5333333333333,933.475,False,False,False,False,False,False,False,True,False,False,False,-0.0389610389610389,-0.1038961038961039,,,-0.0041558441558442,-0.0266666666666666,-0.0974025974025974,0.0714285714285714,0.0003373250126496,0.2802419354838709,850.0,725.0,0.625,-0.0054319710294877,0.0009997243654183,-0.000337552665771
2000-08-24,750.0,750.0,730.0,730.0,6000.0,730.0,733.0,743.5,768.4,790.2666666666667,927.95,False,False,False,False,False,False,False,False,False,True,False,-0.0136986301369863,-0.0410958904109589,,,-0.0526027397260273,-0.0825570776255707,-0.0958904109589041,0.1575342465753424,-0.0003374388392103,0.2481506388702084,845.0,725.0,0.6,-0.0062467464862051,-0.0008147754567174,-0.00067476385186
2000-08-25,795.0,795.0,735.0,735.0,12000.0,735.0,742.0,742.5,764.0,790.0,922.625,False,False,False,False,False,False,False,False,False,False,False,-0.0476190476190476,-0.0476190476190476,,,-0.0394557823129251,-0.0748299319727891,-0.0680272108843537,0.1088435374149659,-0.000337552742616,0.2208754208754208,845.0,700.0,2.0,-0.0057591623036648,0.0004875841825402,-1.1390340564059605e-07
2000-08-28,760.0,760.0,745.0,745.0,6000.0,745.0,751.0,739.5,758.8,789.8666666666667,917.6,False,False,False,False,False,False,False,False,False,True,False,-0.0402684563758389,0.0067114093959731,,,-0.0185234899328858,-0.0602237136465324,-0.1610738255033557,0.0738255033557047,-0.00016880486158,0.2001352265043948,830.0,660.0,0.5,-0.0068529256721139,-0.001093763368449,0.000168747881036
2000-08-29,730.0,795.0,730.0,795.0,5000.0,795.0,755.0,744.0,758.2,790.4666666666667,912.95,False,False,False,False,True,False,False,True,False,False,True,-0.0943396226415094,-0.0691823899371069,,,0.0462893081761005,0.0057023060796645,-0.1446540880503144,-0.0440251572327044,0.0007590452897023,0.1639784946236559,845.0,795.0,0.8333333333333334,-0.0007913479293061,0.0060615777428077,0.0009278501512823
2000-08-30,770.0,770.0,740.0,740.0,5000.0,740.0,749.0,743.0,755.4,790.6666666666666,908.4,False,False,False,False,False,False,False,True,False,True,False,-0.0675675675675675,-0.027027027027027,,,-0.0208108108108107,-0.0684684684684684,0.081081081081081,0.0135135135135135,0.0002529510961213,0.1339165545087483,850.0,805.0,1.0,-0.0037066454858354,-0.0029152975565292,-0.0005060941935809
2000-08-31,725.0,725.0,715.0,720.0,7000.0,720.0,747.0,740.0,751.8,790.2666666666667,903.75,False,False,False,False,False,False,False,False,False,True,False,-0.0277777777777777,0.0138888888888888,,,-0.0441666666666666,-0.0975925925925925,0.25,-0.0208333333333333,-0.0005061582588155,0.106081081081081,860.0,785.0,1.4,-0.0047885075818037,-0.0010818620959682,-0.0007591093549368
2000-09-01,720.0,720.0,700.0,700.0,15000.0,700.0,740.0,741.0,748.8,790.1333333333333,898.625,False,False,False,False,False,False,False,False,False,False,False,0.0,0.0,,,-0.0697142857142856,-0.1287619047619047,0.2857142857142857,-0.0357142857142857,-0.0001687478906513,0.0708502024291498,900.0,715.0,2.142857142857143,-0.0040064102564102,0.0007820973253934,0.0003374103681642
2000-09-04,725.0,725.0,690.0,715.0,13000.0,715.0,734.0,742.5,746.4,790.0,893.725,False,False,False,False,False,False,False,False,False,False,False,0.0489510489510489,-0.0419580419580419,,,-0.0439160839160838,-0.1048951048951049,0.2587412587412587,0.0209790209790209,-0.000168776371308,0.0478114478114478,900.0,795.0,0.8666666666666667,-0.0032154340836012,0.000790976172809,-2.8480656650013883e-08
2000-09-05,685.0,720.0,685.0,720.0,7000.0,720.0,719.0,737.0,744.2,789.6,889.7,False,False,False,False,False,False,False,False,False,False,False,0.0277777777777777,-0.0347222222222222,,,-0.0336111111111111,-0.0966666666666666,0.1875,-0.0277777777777777,-0.0005065856129685,0.0318860244233378,860.0,800.0,0.5384615384615384,-0.0029561945713516,0.0002592395122495,-0.0003378092416605
2000-09-06,715.0,715.0,690.0,690.0,17000.0,690.0,709.0,729.0,739.8,788.8,885.65,False,False,False,False,False,False,False,False,False,True,False,0.0434782608695652,0.0,,,-0.0721739130434782,-0.1431884057971013,0.2898550724637681,-0.0144927536231884,-0.0010141987829615,0.0233196159122085,950.0,815.0,2.4285714285714284,-0.0059475533928089,-0.0029913588214572,-0.0005076131699929
2000-09-07,695.0,700.0,690.0,700.0,6000.0,700.0,705.0,726.0,735.8,788.4666666666667,881.4,False,False,False,False,False,False,False,False,False,False,False,0.0428571428571428,-0.0071428571428571,,,-0.051142857142857,-0.1263809523809524,0.2785714285714286,0.1071428571428571,-0.000422761477974,0.0179063360881542,900.0,815.0,0.3529411764705882,-0.0054362598532209,0.000511293539588,0.0005914373049875
2000-09-08,700.0,700.0,700.0,700.0,4000.0,700.0,705.0,722.5,733.4,788.4666666666667,877.4,False,False,False,False,False,False,False,False,False,False,False,0.0,-0.0071428571428571,,,-0.0477142857142856,-0.1263809523809524,0.2071428571428571,0.1,0.0,0.0166089965397923,900.0,815.0,0.6666666666666666,-0.0032724297791109,0.00216383007411,0.000422761477974
2000-09-11,750.0,750.0,750.0,750.0,1000.0,750.0,712.0,723.0,733.4,788.8,873.9,False,False,False,False,True,False,False,True,False,False,False,-0.0866666666666666,-0.08,,,0.0221333333333333,-0.0517333333333332,0.0066666666666666,0.0266666666666666,0.0004225828262338,0.0117565698478561,925.0,815.0,0.25,0.0,0.0032724297791109,0.0004225828262338
2000-09-12,740.0,740.0,710.0,740.0,10000.0,740.0,716.0,717.5,734.0,789.0,870.1,False,False,False,False,False,False,True,True,False,False,False,-0.0608108108108108,-0.1554054054054054,,,0.0081081081081081,-0.0662162162162162,0.1824324324324324,0.0135135135135135,0.0002534854245881,0.0181184668989547,900.0,785.0,10.0,0.0008174386920981,0.0008174386920981,-0.0001690974016457
2000-09-13,735.0,735.0,685.0,720.0,18000.0,720.0,722.0,715.5,733.6,788.9333333333333,866.225,False,False,False,False,False,False,False,False,False,True,False,-0.0416666666666666,-0.0347222222222222,,,-0.0188888888888889,-0.0957407407407406,0.1666666666666666,0.0416666666666666,-8.450228156166942e-05,0.020964360587002,875.0,850.0,1.8,-0.000545256270447,-0.0013626949625452,-0.0003379877061498
2000-09-14,685.0,730.0,685.0,730.0,3000.0,730.0,728.0,716.5,733.4,789.0,862.625,False,False,False,False,False,False,False,True,False,False,False,-0.047945205479452,-0.0958904109589041,,,-0.0046575342465753,-0.0808219178082191,0.1780821917808219,0.0273972602739726,8.44951415294293e-05,0.0258199581297976,850.0,830.0,0.1666666666666666,-0.0002727024815926,0.0002725537888544,0.000168997423091
2000-09-18,700.0,700.0,700.0,700.0,3000.0,700.0,728.0,716.5,731.6,789.0,859.0,False,False,False,False,False,False,False,False,False,True,False,-0.0071428571428571,-0.0214285714285714,,,-0.0451428571428571,-0.1271428571428571,0.2285714285714285,0.1428571428571428,0.0,0.0432658757850662,845.0,780.0,1.0,-0.002460360852925,-0.0021876583713323,-8.44951415294293e-05
2000-09-19,700.0,700.0,685.0,685.0,6000.0,685.0,715.0,713.5,728.0,789.3333333333334,855.425,False,False,False,False,False,False,False,True,False,True,False,0.0072992700729927,-0.0875912408759124,,,-0.0627737226277372,-0.1523114355231144,0.2262773722627737,0.1094890510948905,0.0004222972972973,0.0518570427470217,875.0,785.0,2.0,-0.0049450549450549,-0.0024846940921299,0.0004222972972973
2000-09-20,700.0,700.0,695.0,695.0,9000.0,695.0,706.0,711.0,725.8,788.0,852.4,False,False,False,False,False,False,False,False,False,False,False,-0.1007194244604316,-0.0215827338129496,,,-0.0443165467625898,-0.1338129496402877,0.1870503597122302,0.1870503597122302,-0.0016920473773266,0.0731364275668073,810.0,835.0,1.5,-0.0030311380545605,0.0019139168904944,-0.0021143446746239
2000-09-21,700.0,700.0,670.0,690.0,14000.0,690.0,700.0,711.0,723.4,786.4666666666667,849.7,False,False,False,False,False,False,False,False,False,True,False,0.0072463768115942,0.1594202898550724,,,-0.0484057971014492,-0.1398067632850242,0.1594202898550724,0.2971014492753623,-0.001949648215648,0.1033755274261603,810.0,850.0,1.5555555555555556,-0.0033176665745092,-0.0002865285199486,-0.0002576008383213
2000-09-22,660.0,695.0,660.0,695.0,2000.0,695.0,693.0,710.5,721.2,785.2666666666667,847.05,False,False,False,False,False,False,False,False,False,False,False,-0.0503597122302158,0.2949640287769784,,,-0.0376978417266187,-0.1298800959232613,0.0863309352517985,0.2230215827338129,-0.0015281433058834,0.1147079521463757,810.0,845.0,0.1428571428571428,-0.0030504714364946,0.0002671951380145,0.0004215049097645
2000-09-25,700.0,700.0,685.0,695.0,11000.0,695.0,692.0,710.0,721.4,785.0,844.775,False,False,False,False,False,False,True,False,False,False,False,-0.014388489208633,0.2949640287769784,,,-0.0379856115107913,-0.1294964028776978,0.1438848920863309,0.2230215827338129,-0.0003397027600849,0.1267605633802817,775.0,845.0,5.5,0.0002772387025227,0.0033277101390174,0.0011884405457985
2000-09-26,675.0,700.0,610.0,690.0,41000.0,690.0,693.0,704.0,721.0,783.6,842.25,False,False,False,False,False,False,False,False,False,True,False,-0.0942028985507246,0.3043478260869565,,,-0.044927536231884,-0.1356521739130435,0.2898550724637681,0.3115942028985507,-0.0017866258295048,0.1555397727272727,775.0,830.0,3.727272727272727,-0.0005547850208044,-0.0008320237233271,-0.0014469230694199
2000-09-27,690.0,690.0,625.0,625.0,5000.0,625.0,679.0,692.5,715.0,781.2666666666667,839.875,False,False,False,False,False,False,False,False,False,True,False,0.088,0.368,,,-0.144,-0.2500266666666666,0.384,0.384,-0.0029866029524703,0.1913357400722021,775.0,845.0,0.1219512195121951,-0.0083916083916083,-0.0078368233708039,-0.0011999771229655
2000-09-28,625.0,695.0,625.0,695.0,588000.0,695.0,680.0,690.0,712.0,779.6666666666666,837.975,False,False,False,False,False,False,False,False,False,False,False,0.1510791366906475,0.2805755395683453,,,-0.0244604316546762,-0.1218225419664268,0.1870503597122302,0.5755395683453237,-0.0020521590423258,0.2456521739130434,800.0,850.0,117.6,-0.0042134831460674,0.0041781252455409,0.0009344439101445
2000-09-29,695.0,700.0,635.0,660.0,15000.0,660.0,673.0,683.0,709.2,777.6,835.3,False,False,False,False,False,False,False,False,False,False,False,0.3636363636363636,0.3560606060606061,,,-0.0745454545454546,-0.1781818181818182,0.1893939393939394,0.7121212121212122,-0.0026577503429354,0.3140556368960469,800.0,860.0,0.0255102040816326,-0.0039481105470952,0.0002653725989721,-0.0006055913006096
2000-10-02,690.0,690.0,650.0,685.0,13000.0,685.0,671.0,681.5,707.2,775.8666666666667,833.15,False,False,False,False,False,False,False,False,False,False,False,0.3138686131386861,0.2335766423357664,,,-0.0324087591240876,-0.1326520681265207,0.1678832116788321,0.5328467153284672,-0.002234060835195,0.3536316947909024,760.0,900.0,0.8666666666666667,-0.0028280542986425,0.0011200562484527,0.0004236895077403
2000-10-03,640.0,640.0,625.0,625.0,17000.0,625.0,658.0,675.5,702.4,773.3333333333334,830.65,False,False,False,False,False,False,False,False,False,True,False,0.44,0.208,,,-0.1238399999999999,-0.2373333333333334,0.36,0.8,-0.0032758620689654,0.4196891191709844,750.0,900.0,1.3076923076923077,-0.0068337129840547,-0.0040056586854122,-0.0010418012337704
2000-10-04,630.0,680.0,630.0,680.0,21000.0,680.0,669.0,674.0,697.8,771.9333333333333,828.675,False,False,False,False,False,False,False,False,False,False,False,0.2573529411764705,0.2867647058823529,,,-0.0261764705882352,-0.1351960784313724,0.3014705882352941,0.6838235294117647,-0.0018136281198723,0.4703264094955489,725.0,860.0,1.2352941176470589,-0.0065921467469189,0.0002415662371358,0.0014622339490931
2000-10-05,675.0,800.0,675.0,800.0,63000.0,800.0,690.0,685.0,700.2,771.2666666666667,827.175,False,False,False,False,True,False,True,False,True,False,True,0.1125,0.05,,,0.1247499999999999,0.0359166666666666,0.0625,0.43125,-0.0008643789437288,0.4832116788321168,730.0,950.0,3.0,0.0034275921165382,0.0100197388634571,0.0009492491761434
2000-10-06,825.0,925.0,800.0,900.0,188000.0,900.0,738.0,705.5,707.4,772.2,826.35,False,False,False,False,False,False,True,True,False,False,False,-0.0055555555555555,-0.0444444444444444,,,0.214,0.1419999999999999,-0.0277777777777777,0.3277777777777778,0.0012086678753346,0.4890148830616584,735.0,900.0,2.984126984126984,0.0101781170483459,0.0067505249318076,0.0020730468190635
2000-10-10,900.0,975.0,860.0,900.0,137000.0,900.0,781.0,726.0,715.4,773.8,825.35,False,False,False,False,False,False,True,True,False,False,False,-0.0611111111111111,-0.0444444444444444,,,0.2051111111111111,0.1402222222222222,-0.0333333333333333,0.3333333333333333,0.0020677177565261,0.4951790633608815,745.0,900.0,0.7287234042553191,0.0111825552138663,0.0010044381655204,0.0008590498811914
2000-10-11,850.0,900.0,800.0,900.0,71000.0,900.0,836.0,747.0,722.8,775.3333333333334,824.475,False,False,False,False,False,False,True,True,False,True,False,-0.1611111111111111,-0.0666666666666666,,,0.1968888888888889,0.1385185185185184,-0.0277777777777777,0.3611111111111111,0.0019776440240757,0.4959839357429719,775.0,925.0,0.5182481751824818,0.0102379634753735,-0.0009445917384928,-9.007373245034296e-05
2000-10-12,900.0,900.0,850.0,855.0,39000.0,855.0,871.0,770.0,728.2,775.6,823.8,False,False,False,False,False,False,True,True,False,True,False,0.023391812865497,-0.0350877192982456,,,0.1483040935672514,0.0928654970760233,0.023391812865497,0.543859649122807,0.0003438198384046,0.5103896103896104,750.0,900.0,0.5492957746478874,0.0074155451798957,-0.0028224182954777,-0.0016338241856711
2000-10-13,840.0,900.0,750.0,890.0,211000.0,890.0,889.0,789.5,736.2,776.1333333333333,823.325,False,False,False,False,False,False,True,True,False,False,False,-0.0561797752808988,-0.1011235955056179,,,0.1728089887640448,0.127940074906367,0.0898876404494382,0.3764044943820224,0.00068716715341,0.4895503483217226,750.0,875.0,5.410256410256411,0.0108666123336049,0.0034510671537092,0.0003433473150053
2000-10-16,900.0,900.0,850.0,895.0,46000.0,895.0,888.0,813.0,744.0,776.8,823.3,False,False,False,False,False,False,True,True,False,True,False,-0.0391061452513966,-0.1564245810055866,,,0.1687150837988826,0.1320670391061453,0.0055865921787709,0.3687150837988827,0.0008582217645038,0.4581795817958179,750.0,850.0,0.2180094786729857,0.0104838709677418,-0.0003827413658631,0.0001710546110938
2000-10-17,850.0,855.0,825.0,845.0,23000.0,845.0,877.0,829.0,749.8,776.8,823.525,False,False,False,False,False,False,True,False,False,True,False,0.0177514792899408,-0.059171597633136,,,0.1126627218934911,0.0807100591715976,0.1893491124260355,0.4497041420118343,0.0,0.451145958986731,690.0,845.0,0.5,0.0077353961056281,-0.0027484748621137,-0.0008582217645038
2000-10-18,800.0,800.0,750.0,755.0,49000.0,755.0,848.0,842.0,750.0,775.8,823.3,False,False,False,False,False,False,True,False,False,True,False,0.1125827814569536,0.1788079470198675,,,0.0066225165562913,-0.0275496688741721,0.4304635761589404,0.6887417218543046,-0.0012889920082495,0.4465558194774346,700.0,875.0,2.130434782608696,0.0002666666666667,-0.0074687294389613,-0.0012889920082495
2000-10-19,755.0,875.0,705.0,875.0,43000.0,875.0,852.0,861.5,755.4,776.2,823.175,False,False,False,False,False,False,True,True,True,False,False,-0.0571428571428571,-0.0114285714285714,,,0.1366857142857143,0.1129142857142856,0.1828571428571428,0.3885714285714285,0.000515331100232,0.4219384793964016,775.0,810.0,0.8775510204081632,0.0071485305798252,0.0068818639131585,0.0018043231084815
2000-10-20,900.0,900.0,840.0,840.0,42000.0,840.0,842.0,865.5,760.2,776.0666666666667,822.7,False,False,False,False,False,False,True,False,False,True,False,-0.0476190476190476,-0.0178571428571428,,,0.0949999999999999,0.076111111111111,0.3095238095238095,0.3630952380952381,-0.0001718065458293,0.4153668399768919,770.0,810.0,0.9767441860465116,0.0063141278610892,-0.0008344027187359,-0.0006871376460614
2000-10-23,820.0,860.0,795.0,860.0,45000.0,860.0,835.0,861.5,765.4,776.0666666666667,822.25,False,False,False,False,False,False,True,False,False,False,False,-0.1220930232558139,-0.0872093023255814,,,0.11,0.0975968992248061,0.2674418604651162,0.4244186046511627,0.0,0.4254207777132908,730.0,810.0,1.0714285714285714,0.006793833289783,0.0004797054286937,0.0001718065458293
2000-10-24,860.0,860.0,800.0,860.0,27000.0,860.0,838.0,857.5,771.8,775.5333333333333,822.175,False,False,False,False,False,False,True,False,False,False,False,-0.0755813953488372,-0.0697674418604651,,,0.1025581395348837,0.0982170542635659,0.1976744186046511,0.4534883720930232,-0.0006876987879309,0.4379008746355685,735.0,775.0,0.6,0.0082923037056231,0.0014984704158401,-0.0006876987879309
2000-10-25,875.0,875.0,800.0,840.0,18000.0,840.0,855.0,851.5,778.0,774.7333333333333,822.1,False,True,False,False,False,False,True,False,False,True,False,0.0595238095238095,0.0119047619047619,,,0.0738095238095238,0.0776984126984126,0.1785714285714285,0.4880952380952381,-0.0010326133723431,0.4509688784497945,745.0,775.0,0.6666666666666666,0.0079691516709512,-0.0003231520346719,-0.0003449145844121
2000-10-26,790.0,830.0,750.0,825.0,29000.0,825.0,845.0,848.5,783.2,774.2666666666667,821.95,False,False,False,False,False,False,True,False,False,True,False,0.0484848484848484,0.0727272727272727,,,0.0506666666666666,0.0614949494949495,0.1818181818181818,0.4303030303030303,-0.0006027208541415,0.4395992928697702,795.0,775.0,1.6111111111111112,0.0066394279877426,-0.0013297236832085,0.0004298925182015
2000-10-27,765.0,800.0,760.0,800.0,14000.0,800.0,837.0,839.5,787.6,772.2666666666667,821.75,False,False,False,False,False,False,True,False,False,True,False,0.03125,0.0625,,,0.0154999999999999,0.0346666666666666,0.23125,0.5,-0.0025897790055248,0.4520547945205479,740.0,800.0,0.4827586206896552,0.0055865921787709,-0.0010528358089717,-0.0019870581513832
2000-10-30,775.0,775.0,755.0,755.0,19000.0,755.0,816.0,825.5,790.0,770.3333333333334,821.5,False,False,False,False,False,False,True,False,False,True,False,0.0397350993377483,0.1589403973509933,,,-0.0463576158940397,-0.0203090507726269,0.2516556291390728,0.543046357615894,-0.002509736045002,0.469412477286493,720.0,800.0,1.3571428571428572,0.0030379746835442,-0.0025486174952266,8.004296052276701e-05
2000-10-31,760.0,800.0,755.0,795.0,25000.0,795.0,803.0,820.5,794.0,768.9333333333333,821.225,False,False,False,False,False,False,True,False,False,False,False,0.0062893081761006,0.0943396226415094,,,0.0012578616352201,0.0327882599580713,0.1635220125786163,0.4465408805031446,-0.0018207040055489,0.4692260816575259,700.0,760.0,1.3157894736842106,0.0050377833753148,0.0019998086917705,0.0006890320394531
2000-11-01,800.0,890.0,800.0,890.0,91000.0,890.0,813.0,834.0,802.0,768.4666666666667,821.4,False,False,False,False,False,False,True,False,False,False,True,-0.0449438202247191,-0.0168539325842696,,,0.098876404494382,0.1365543071161048,-0.0056179775280898,0.2921348314606741,-0.0006072698880887,0.4304556354916067,715.0,750.0,3.64,0.0099750623441396,0.0049372789688247,0.0012134341174602
2000-11-02,890.0,895.0,860.0,865.0,36000.0,865.0,821.0,833.0,811.6,768.0,821.25,False,False,False,False,False,False,True,False,False,False,False,0.0231213872832369,0.0115606936416184,,,0.0617341040462427,0.1121387283236994,0.0115606936416184,0.3583815028901734,-0.0006076388888889,0.4273709483793517,720.0,725.0,0.3956043956043956,0.011828486939379,0.0018534245952393,-3.6900080020198244e-07
2000-11-06,865.0,895.0,800.0,825.0,24000.0,825.0,826.0,831.5,816.8,767.3333333333334,820.65,False,False,False,False,False,False,True,False,False,True,False,0.0303030303030303,0.1757575757575757,,,0.0099393939393939,0.0698989898989898,0.0,0.4242424242424242,-0.0008688097306689,0.4335538184004811,690.0,730.0,0.6666666666666666,0.0063663075416257,-0.0054621793977532,-0.00026117084178
2000-11-07,825.0,825.0,780.0,785.0,35000.0,785.0,832.0,824.0,821.8,766.4666666666667,819.825,False,False,False,False,False,False,True,False,False,True,False,0.1146496815286624,0.1464968152866242,,,-0.0468789808917196,0.0236093418259022,0.0764331210191082,0.464968152866242,-0.0011307297555884,0.4375,700.0,735.0,1.4583333333333333,0.0060842054027743,-0.0002821021388513,-0.0002619200249194
2000-11-08,785.0,800.0,755.0,800.0,34000.0,800.0,833.0,818.0,826.4,765.8666666666667,819.025,False,False,False,False,False,False,True,False,False,True,False,0.0875,0.25625,,,-0.0329999999999999,0.0426666666666666,0.01875,0.4375,-0.000783426183844,0.4358190709046455,700.0,745.0,0.9714285714285714,0.0055663117134559,-0.0005178936893184,0.0003473035717443
2000-11-09,810.0,850.0,760.0,850.0,27000.0,850.0,825.0,819.0,835.4,765.5333333333333,818.15,False,False,False,False,False,False,True,False,False,False,False,0.0294117647058823,0.2705882352941176,,,0.0171764705882353,0.0993725490196078,-0.0588235294117647,0.3529411764705882,-0.0004354262823304,0.4218559218559218,750.0,775.0,0.7941176470588235,0.0107732822599952,0.0052069705465392,0.0003479999015135
2000-11-10,825.0,885.0,815.0,885.0,46000.0,885.0,829.0,825.0,843.6,766.5333333333333,817.45,False,False,False,False,False,False,True,True,False,True,False,-0.0112994350282485,0.1694915254237288,,,0.0467796610169491,0.1338606403013183,-0.1412429378531073,0.2824858757062147,0.0013045747086449,0.406060606060606,740.0,750.0,1.7037037037037035,0.0097202465623518,-0.0010530356976433,0.0017400009909754
2000-11-13,825.0,850.0,810.0,850.0,12000.0,850.0,834.0,830.0,845.6,767.0666666666667,816.575,False,False,False,False,False,False,True,True,False,True,False,0.1411764705882353,0.2941176470588235,,,0.0051764705882352,0.0975686274509803,-0.1176470588235294,0.2647058823529412,0.0006952894142187,0.3825301204819277,720.0,750.0,0.2608695652173913,0.0023651844843897,-0.007355062077962,-0.0006092852944262
2000-11-14,850.0,875.0,810.0,875.0,37000.0,875.0,852.0,842.0,844.6,767.9333333333333,815.95,False,False,False,False,False,False,False,True,False,True,False,0.0285714285714285,0.2457142857142857,,,0.0347428571428571,0.1223619047619048,-0.1942857142857142,0.2971428571428571,0.0011285701883842,0.3592636579572446,730.0,750.0,3.083333333333333,-0.0011839924224484,-0.0035491769068382,0.0004332807741654
2000-11-15,825.0,870.0,825.0,870.0,16000.0,870.0,866.0,849.5,843.4,769.2,815.275,False,False,False,False,False,False,False,True,False,True,False,0.1551724137931034,0.1839080459770115,,,0.0305747126436781,0.1158620689655171,-0.2241379310344827,0.3045977011494253,0.0016467325359682,0.3454973513831665,700.0,690.0,0.4324324324324324,-0.0014228124258952,-0.0002388200034467,0.0005181623475839
2000-11-16,825.0,875.0,825.0,875.0,41000.0,875.0,871.0,848.0,842.4,770.5333333333333,814.65,False,False,False,False,False,False,False,True,False,False,False,0.2342857142857143,0.1314285714285714,,,0.0372571428571428,0.1193904761904762,-0.1657142857142857,0.2742857142857143,0.0017304031839417,0.34375,685.0,700.0,2.5625,-0.0011870845204178,0.0002357279054773,8.367064797352671e-05
2000-11-17,875.0,885.0,850.0,875.0,52000.0,875.0,869.0,849.0,843.2,771.8666666666667,813.9,False,False,False,False,False,False,True,True,False,False,False,0.1828571428571428,0.1142857142857142,,,0.036342857142857,0.1178666666666666,-0.2,0.2571428571428571,0.0017274140611505,0.3333333333333333,695.0,775.0,1.2682926829268293,0.0009487666034156,0.0021358511238334,-2.9891227912534103e-06
2000-11-20,895.0,995.0,895.0,970.0,408000.0,970.0,893.0,863.5,846.4,774.1333333333333,813.75,False,False,False,False,False,False,True,True,True,False,False,0.134020618556701,0.0154639175257731,,,0.1274226804123711,0.2019243986254295,-0.2989690721649484,0.1855670103092783,0.0029280055115397,0.3080486392588303,690.0,770.0,7.846153846153846,0.0037807183364838,0.0028319517330682,0.0012005914503892
2000-11-21,975.0,975.0,900.0,900.0,136000.0,900.0,898.0,875.0,846.6,775.4666666666667,813.025,False,False,False,False,False,False,True,True,False,True,False,0.2111111111111111,0.05,,,0.0593333333333333,0.1383703703703703,-0.1388888888888889,0.2944444444444444,0.0017193947730399,0.2925714285714286,695.0,730.0,0.3333333333333333,0.0002362390739428,-0.0035444792625409,-0.0012086107384998
2000-11-22,925.0,1040.0,925.0,1005.0,212000.0,1005.0,925.0,895.5,853.0,778.7333333333333,813.0,False,False,False,False,False,False,True,True,True,False,False,0.0248756218905472,-0.0796019900497512,,,0.1512437810945273,0.2251409618573797,-0.2338308457711442,0.1194029850746268,0.0041948463316496,0.2601898380792853,695.0,735.0,1.5588235294117647,0.0075029308323563,0.0072666917584134,0.0024754515586097
2000-11-24,1030.0,1190.0,1025.0,1080.0,351000.0,1080.0,966.0,918.5,866.0,783.1333333333333,813.4,False,False,False,False,False,False,True,True,False,False,False,-0.0833333333333333,-0.1805555555555555,,,0.1981481481481481,0.2748765432098765,-0.287037037037037,0.0648148148148148,0.0056184557759427,0.2286336418072945,690.0,745.0,1.6556603773584906,0.0150115473441108,0.0075086165117544,0.001423609444293
2000-11-27,1165.0,1165.0,980.0,1035.0,285000.0,1035.0,998.0,933.5,872.4,787.2666666666667,813.375,False,False,False,False,False,False,True,True,False,True,False,-0.0579710144927536,-0.1545893719806763,,,0.1571014492753623,0.2393558776167472,-0.2753623188405797,0.1111111111111111,0.0052502328732322,0.2104981253347616,625.0,795.0,0.811965811965812,0.0073360843649701,-0.0076754629791406,-0.0003682229027104
2000-11-28,1075.0,1125.0,1025.0,1100.0,133000.0,1100.0,1024.0,958.5,882.8,792.2,814.175,False,False,False,False,False,False,True,True,False,False,False,-0.1045454545454545,-0.25,,,0.1974545454545455,0.2798181818181818,-0.3181818181818182,0.0681818181818181,0.0062273836573256,0.189358372456964,695.0,740.0,0.4666666666666667,0.0117806977797915,0.0044446134148213,0.0009771507840933
2000-11-29,1100.0,1120.0,1030.0,1090.0,53000.0,1090.0,1062.0,980.0,892.0,796.9333333333333,814.65,False,False,False,False,False,False,True,True,False,True,False,-0.1330275229357798,-0.2247706422018348,,,0.181651376146789,0.268868501529052,-0.3119266055045872,0.0596330275229357,0.0059394344989123,0.1653061224489796,660.0,720.0,0.3984962406015037,0.0103139013452915,-0.0014667964345,-0.0002879491584132
2000-11-30,1040.0,1075.0,1025.0,1030.0,38000.0,1030.0,1067.0,996.0,898.8,800.7333333333333,815.1,False,False,False,False,False,False,True,True,False,True,False,-0.1019417475728155,-0.2087378640776699,,,0.127378640776699,0.222588996763754,-0.2233009708737864,0.1553398058252427,0.0047456498209975,0.1521084337349397,685.0,700.0,0.7169811320754716,0.0075656430796617,-0.0027482582656298,-0.0011937846779148
2000-12-01,1000.0,1050.0,965.0,990.0,94000.0,990.0,1049.0,1007.5,904.8,803.6,815.425,False,False,False,False,False,False,True,True,False,True,False,-0.106060606060606,-0.1919191919191919,,,0.0860606060606061,0.1882828282828282,-0.2323232323232323,0.2121212121212121,0.0035672805707649,0.147394540942928,625.0,715.0,2.473684210526316,0.006631299734748,-0.0009343433449137,-0.0011783692502326
2000-12-04,955.0,975.0,930.0,975.0,36000.0,975.0,1037.0,1017.5,910.8,806.6,815.675,False,False,False,False,False,False,True,True,False,True,False,-0.1025641025641025,-0.2205128205128205,,,0.0658461538461538,0.1727179487179486,-0.1538461538461538,0.2205128205128205,0.0037193156459211,0.1449631449631449,680.0,720.0,0.3829787234042553,0.0065876152832674,-4.368445148055303e-05,0.0001520350751562
2000-12-05,990.0,1040.0,985.0,985.0,47000.0,985.0,1014.0,1019.0,918.2,809.7333333333333,815.4,False,False,False,False,False,False,True,True,False,False,False,-0.1624365482233502,-0.2385786802030456,,,0.0678172588832486,0.1779357021996615,-0.0913705583756345,0.1979695431472081,0.0038695866952082,0.1462217860647693,800.0,690.0,1.3055555555555556,0.0080592463515574,0.00147163106829,0.0001502710492871
2000-12-06,985.0,985.0,940.0,945.0,27000.0,945.0,985.0,1023.5,925.8,812.3333333333334,814.8,False,False,False,False,False,False,True,True,False,False,False,-0.1058201058201058,-0.2539682539682539,,,0.0203174603174603,0.1403880070546737,-0.1005291005291005,0.2433862433862433,0.0032006565449323,0.1421592574499267,900.0,700.0,0.574468085106383,0.0082091164398357,0.0001498700882782,-0.0006689301502759
2000-12-07,940.0,960.0,915.0,925.0,32000.0,925.0,964.0,1015.5,931.0,815.4666666666667,814.6,False,False,False,False,False,False,True,True,False,True,False,-0.1189189189189189,-0.2702702702702703,,,-0.0064864864864864,0.1184144144144143,-0.081081081081081,0.3405405405405405,0.0038423806409417,0.1624815361890694,900.0,700.0,1.1851851851851851,0.0055853920515575,-0.0026237243882782,0.0006417240960094
2000-12-08,950.0,950.0,885.0,885.0,38000.0,885.0,943.0,996.0,930.8,817.9333333333333,814.45,False,False,False,False,False,False,False,True,False,True,False,-0.096045197740113,-0.1751412429378531,,,-0.0517514124293784,0.0757815442561205,0.0225988700564971,0.3728813559322034,0.0030157307033987,0.1917670682730923,900.0,750.0,1.1875,-0.0002148689299527,-0.0058002609815102,-0.000826649937543
2000-12-11,895.0,900.0,825.0,875.0,49000.0,875.0,923.0,980.0,931.2,819.2666666666667,814.45,False,False,False,False,False,False,True,True,False,False,False,-0.1314285714285714,-0.2,,,-0.0642285714285714,0.0636952380952381,-0.0114285714285714,0.4285714285714285,0.0016274717226788,0.2214285714285714,855.0,740.0,1.2894736842105263,0.0004295532646049,0.0006444221945576,-0.0013882589807198
2000-12-12,825.0,850.0,780.0,825.0,69000.0,825.0,891.0,952.5,931.2,820.0,814.075,False,False,False,False,False,False,False,True,False,True,False,-0.0909090909090909,-0.1757575757575757,,,-0.1287272727272727,0.006060606060606,0.3272727272727272,0.503030303030303,0.0008943089430894,0.2635170603674541,890.0,720.0,1.4081632653061225,0.0,-0.0004295532646049,-0.0007331627795894
2000-12-13,800.0,845.0,775.0,845.0,86000.0,845.0,871.0,928.0,933.6,821.5333333333333,814.0,False,False,False,False,False,False,True,True,True,False,False,-0.165680473372781,-0.0828402366863905,,,-0.1048520710059171,0.0277712031558185,0.3372781065088757,0.4497041420118343,0.0018664286293921,0.3044181034482758,895.0,730.0,1.2463768115942029,0.0025706940874035,0.0025706940874035,0.0009721196863027
2000-12-14,850.0,880.0,815.0,815.0,41000.0,815.0,849.0,906.5,934.2,822.6,813.7,False,False,False,False,False,False,True,True,False,True,False,-0.1717791411042944,-0.0552147239263803,,,-0.1462576687116565,-0.0093251533742331,0.2883435582822086,0.4417177914110429,0.0012967015155199,0.3337010479867622,845.0,700.0,0.4767441860465116,0.0006422607578677,-0.0019284333295358,-0.0005697271138721
2000-12-15,800.0,800.0,800.0,800.0,4000.0,800.0,832.0,887.5,932.2,823.3333333333334,813.325,False,False,False,False,False,False,False,True,False,True,False,-0.0875,-0.0375,,,-0.16525,-0.0291666666666667,0.40625,0.48125,0.0008906882591093,0.3605633802816901,755.0,685.0,0.0975609756097561,-0.0021454623471358,-0.0027877231050035,-0.0004060132564106
2000-12-18,800.0,800.0,750.0,760.0,30000.0,760.0,809.0,866.0,927.2,822.8666666666667,812.4,False,False,False,False,False,False,False,False,False,True,False,-0.0789473684210526,-0.0131578947368421,,,-0.22,-0.082719298245614,0.506578947368421,0.6118421052631579,-0.0005671230657052,0.3983833718244803,875.0,695.0,7.5,-0.0053925798101811,-0.0032471174630453,-0.0014578113248146
2000-12-19,765.0,800.0,725.0,750.0,35000.0,750.0,794.0,842.5,923.2,823.0,811.65,False,False,False,False,False,False,False,True,False,False,False,-0.0933333333333333,0.0,,,-0.2309333333333334,-0.0973333333333333,0.5266666666666666,0.6333333333333333,0.00016200891049,0.4427299703264095,840.0,690.0,1.1666666666666667,-0.0043327556325823,0.0010598241775988,0.0007291319761953
2000-12-20,730.0,730.0,700.0,705.0,14000.0,705.0,766.0,818.5,916.4,822.8,810.8,False,False,False,False,False,False,False,False,False,True,False,0.0992907801418439,0.0638297872340425,,,-0.2998581560283687,-0.1670921985815602,0.6950354609929078,0.8297872340425532,-0.0002430724355858,0.499083689676237,860.0,695.0,0.4,-0.0074203404626801,-0.0030875848300978,-0.0004050813460759
2000-12-21,705.0,720.0,675.0,675.0,33000.0,675.0,738.0,793.5,908.6,822.4666666666667,809.675,False,False,False,False,False,False,False,False,False,True,False,0.1407407407407407,0.1851851851851851,,,-0.3460740740740741,-0.2184691358024691,0.7777777777777778,1.0,-0.0004052849152953,0.5601764335223692,860.0,695.0,2.357142857142857,-0.0085846357032797,-0.0011642952405995,-0.0001622124797095
2000-12-22,700.0,790.0,700.0,730.0,29000.0,730.0,724.0,778.0,902.8,822.6666666666666,809.075,False,False,False,False,False,False,False,True,False,False,False,0.0547945205479452,0.0410958904109589,,,-0.2367123287671232,-0.1269406392694063,0.678082191780822,0.9178082191780822,0.0002431118314423,0.6150385604113111,840.0,690.0,0.8787878787878788,-0.0064244572441294,0.0021601784591502,0.0006483967467377
2000-12-25,750.0,750.0,680.0,700.0,31000.0,700.0,712.0,760.5,895.8,822.4,808.3,False,False,False,False,False,False,False,False,False,True,False,0.0714285714285714,0.1785714285714285,,,-0.2797142857142856,-0.1748571428571428,0.8857142857142857,1.0,-0.0003242542153047,0.6719263642340565,825.0,625.0,1.0689655172413792,-0.0078142442509488,-0.0013897870068194,-0.0005673660467471
2000-12-26,705.0,710.0,680.0,680.0,16000.0,680.0,698.0,746.0,884.2,822.2666666666667,807.375,False,False,False,False,False,False,False,False,False,True,False,0.1029411764705882,0.3161764705882353,,,-0.3002941176470589,-0.2092156862745098,0.8014705882352942,0.9852941176470588,-0.0001621533971136,0.7191689008042895,800.0,695.0,0.5161290322580645,-0.0131192038000451,-0.0053049595490962,0.0001621008181911
2000-12-27,715.0,775.0,700.0,775.0,41000.0,775.0,712.0,739.0,879.2,823.2666666666667,806.75,False,False,False,False,False,False,False,True,False,False,False,-0.032258064516129,0.0967741935483871,,,-0.1344516129032258,-0.062279569892473,0.5806451612903226,0.9032258064516128,0.0012146732528949,0.7692828146143437,755.0,660.0,2.5625,-0.0056869881710646,0.0074322156289805,0.0013768266500086
2000-12-28,730.0,770.0,730.0,770.0,18000.0,770.0,731.0,734.5,869.8,824.2,806.325,False,False,False,False,False,False,False,True,False,True,False,0.0389610389610389,0.1038961038961039,,,-0.1296103896103895,-0.0703896103896104,0.5909090909090909,0.8506493506493507,0.0011324112270485,0.8141592920353983,795.0,685.0,0.4390243902439024,-0.0108070820878363,-0.0051200939167717,-8.226202584644677e-05
2000-12-29,770.0,770.0,735.0,770.0,6000.0,770.0,739.0,731.5,857.4,824.4666666666667,805.875,False,False,False,False,False,False,False,True,False,True,False,-0.0129870129870129,0.1753246753246753,,,-0.1135064935064934,-0.0707359307359307,0.6558441558441559,0.7987012987012987,0.0003234414166733,0.8489405331510594,890.0,625.0,0.3333333333333333,-0.0144623279682761,-0.0036552458804397,-0.0008089698103751
2001-01-04,745.0,775.0,725.0,750.0,14000.0,750.0,749.0,730.5,846.0,824.6,805.325,False,False,False,False,False,False,False,True,False,False,False,0.1,0.1533333333333333,,,-0.128,-0.0994666666666667,0.62,0.8266666666666667,0.000161694558978,0.8713210130047913,865.0,680.0,2.333333333333333,-0.0134751773049645,0.0009871506633116,-0.0001617468576953
2001-01-05,730.0,750.0,730.0,750.0,7000.0,750.0,763.0,730.5,832.0,825.0,804.8,False,False,False,False,False,False,False,True,False,True,False,0.1933333333333333,0.46,,,-0.1093333333333333,-0.1,0.5266666666666666,0.8,0.0004848484848484,0.8884325804243669,825.0,800.0,0.5,-0.016826923076923,-0.0033517457719585,0.0003231539258703
2001-01-09,735.0,750.0,720.0,750.0,35000.0,750.0,758.0,735.0,818.4,825.2666666666667,804.225,False,False,True,False,False,False,False,True,False,False,True,0.1333333333333333,0.5066666666666667,,,-0.0911999999999999,-0.1003555555555555,0.6333333333333333,0.8666666666666667,0.0003231278778576,0.8918367346938776,785.0,900.0,5.0,-0.0166177908113392,0.0002091322655838,-0.0001617206069908
2001-01-10,730.0,800.0,725.0,800.0,42000.0,800.0,764.0,747.5,809.2,826.6,803.95,False,False,False,False,False,False,False,True,False,False,False,0.0625,0.3125,,,-0.0115,-0.03325,0.5625,0.7,0.0016130333091378,0.8615384615384616,800.0,900.0,1.2,-0.0113692535837863,0.0052485372275528,0.0012899054312802
2001-01-11,800.0,825.0,755.0,760.0,29000.0,760.0,762.0,750.5,800.0,827.6,803.6,False,False,False,False,False,False,False,True,False,True,False,0.1907894736842105,0.4802631578947368,,,-0.0526315789473684,-0.0889473684210526,0.6447368421052632,0.868421052631579,0.00120831319478,0.8567621585609594,850.0,900.0,0.6904761904761905,-0.0115,-0.0001307464162136,-0.0004047201143577
2001-01-12,750.0,825.0,750.0,825.0,52000.0,825.0,777.0,763.0,794.0,829.3333333333334,803.675,False,False,False,False,True,False,False,True,False,False,False,0.0484848484848484,0.3878787878787879,,,0.0375757575757575,-0.0052525252525252,0.4303030303030303,0.7575757575757576,0.0020900321543408,0.8328964613368283,885.0,855.0,1.793103448275862,-0.0075566750629722,0.0039433249370277,0.0008817189595607
2001-01-15,830.0,900.0,825.0,895.0,152000.0,895.0,806.0,784.5,790.4,832.0666666666667,803.7,False,False,False,False,False,False,False,True,False,False,False,0.2234636871508379,0.2793296089385474,,,0.1168715083798883,0.0703165735567969,0.3407821229050279,0.5642458100558659,0.0032849931896482,0.7890376035691523,850.0,890.0,2.923076923076923,-0.0045546558704453,0.0030020191925269,0.0011949610353074
2001-01-16,920.0,920.0,840.0,850.0,39000.0,850.0,826.0,792.0,786.6,834.1333333333333,803.525,False,False,False,False,False,False,False,True,False,True,False,0.3294117647058823,0.4058823529411764,,,0.0745882352941176,0.0186666666666666,0.3705882352941176,0.6411764705882353,0.0024776214833758,0.7619949494949495,875.0,895.0,0.2565789473684211,-0.004830917874396,-0.0002762620039507,-0.0008073717062723
2001-01-17,825.0,850.0,825.0,850.0,34000.0,850.0,836.0,800.0,783.6,836.2,803.525,False,False,False,False,False,False,False,True,False,False,False,0.2352941176470588,0.4117647058823529,,,0.0781176470588235,0.016235294117647,0.3529411764705882,0.6411764705882353,0.0024714980467193,0.740625,870.0,845.0,0.8717948717948718,-0.0038284839203675,0.0010024339540285,-6.123436656537556e-06
2001-01-18,860.0,920.0,850.0,905.0,67000.0,905.0,865.0,813.5,784.4,839.0666666666667,803.6,False,False,False,False,False,False,True,True,True,False,False,0.2430939226519337,0.3535911602209944,,,0.1332596685082873,0.072854511970534,0.2707182320441988,0.5027624309392266,0.0034164945177181,0.7086662569145666,875.0,755.0,1.9705882352941173,0.0010198878123405,0.0048483717327081,0.0009449964709987
2001-01-19,905.0,905.0,855.0,865.0,54000.0,865.0,873.0,825.0,784.0,842.2666666666667,803.8,False,False,False,False,False,False,False,True,False,True,False,0.3236994219653179,0.5260115606936416,,,0.0936416184971098,0.026281310211946,0.3583815028901734,0.5606936416184971,0.003799271806237,0.6824242424242424,875.0,875.0,0.8059701492537313,-0.0005102040816326,-0.0015300918939732,0.0003827772885189
2001-01-22,905.0,1100.0,900.0,1095.0,331000.0,1095.0,913.0,859.5,794.8,847.6,805.1,False,False,False,False,False,False,True,True,True,False,False,0.045662100456621,0.1187214611872146,,,0.2741552511415525,0.2259360730593607,0.0730593607305936,0.2191780821917808,0.0062922762309265,0.6131471785922048,970.0,840.0,6.12962962962963,0.0135883241066934,0.014098528188326,0.0024930044246895
2001-01-23,1145.0,1245.0,1055.0,1130.0,613000.0,1130.0,969.0,897.5,806.2,853.8666666666667,806.5,False,False,False,False,False,False,True,True,False,False,False,0.0575221238938053,0.084070796460177,,,0.2865486725663716,0.2443657817109144,0.0176991150442477,0.1504424778761062,0.0073391630231105,0.5337047353760446,900.0,860.0,1.851963746223565,0.0141404118084843,0.0005520877017909,0.0010468867921839
2001-01-24,1130.0,1130.0,1050.0,1050.0,259000.0,1050.0,1009.0,922.5,815.6,858.7333333333333,807.5,False,False,False,False,False,False,True,True,False,True,False,0.1428571428571428,0.1666666666666666,,,0.2232380952380952,0.1821587301587301,0.0952380952380952,0.3333333333333333,0.0056672618585513,0.4964769647696477,1005.0,860.0,0.4225122349102773,0.0115252574791564,-0.0026151543293279,-0.0016719011645591
2001-01-25,1075.0,1145.0,1070.0,1125.0,210000.0,1125.0,1053.0,959.0,828.6,865.4,809.0,False,False,False,False,False,False,True,True,False,False,False,0.0888888888888888,0.1333333333333333,,,0.2634666666666666,0.2307555555555555,0.0222222222222222,0.2,0.0077035667514058,0.4322210636079249,1080.0,840.0,0.8108108108108109,0.0156891141684769,0.0041638566893205,0.0020363048928544
2001-01-26,1150.0,1230.0,1125.0,1145.0,344000.0,1145.0,1109.0,991.0,844.0,871.6,810.5,False,False,False,False,False,False,True,True,False,False,False,0.1528384279475982,0.0611353711790393,,,0.262882096069869,0.2387772925764192,-0.0087336244541484,0.222707423580786,0.0071133547498853,0.3809283551967709,1035.0,825.0,1.638095238095238,0.0182464454976303,0.0025573313291533,-0.0005902120015205
2001-01-29,1100.0,1150.0,1075.0,1145.0,137000.0,1145.0,1119.0,1016.0,859.8,876.2,812.05,False,False,False,False,False,False,True,True,False,False,False,0.0698689956331877,0.0,,,0.2490829694323144,0.2347598253275108,-0.0611353711790393,0.1703056768558952,0.0052499429354029,0.3410433070866142,1100.0,800.0,0.3982558139534883,0.0183763665968829,0.0001299210992526,-0.0018634118144824
2001-01-30,1140.0,1220.0,1140.0,1195.0,154000.0,1195.0,1132.0,1050.5,879.4,880.1333333333333,813.775,False,False,False,False,False,False,True,True,False,False,False,0.0251046025104602,0.0251046025104602,,,0.2641004184100418,0.263486750348675,-0.0502092050209205,0.0753138075313807,0.0044690198454778,0.2865302237029986,1090.0,755.0,1.124087591240876,0.022287923584262,0.003911556987379,-0.000780923089925
2001-01-31,1195.0,1245.0,1195.0,1200.0,163000.0,1200.0,1162.0,1085.5,900.4,884.1333333333333,815.525,True,True,False,False,False,False,True,True,False,False,False,0.0208333333333333,0.0416666666666666,,,0.2496666666666666,0.2632222222222222,-0.0541666666666666,0.0583333333333333,0.0045242044940431,0.2335329341317365,1030.0,795.0,1.0584415584415583,0.0233229675699689,0.0010350439857068,5.518464856523256e-05
2001-02-01,1225.0,1225.0,1190.0,1225.0,121000.0,1225.0,1182.0,1117.5,920.2,888.4666666666667,817.4,False,False,False,False,False,False,True,True,False,True,False,0.0408163265306122,0.0204081632653061,,,0.2488163265306122,0.2747210884353741,-0.0897959183673469,0.0204081632653061,0.0048773167254446,0.1883668903803132,990.0,890.0,0.7423312883435583,0.0215170615083678,-0.001805906061601,0.0003531122314014
2001-02-02,1225.0,1335.0,1190.0,1320.0,367000.0,1320.0,1217.0,1163.0,945.0,894.6666666666666,819.75,False,False,False,False,False,False,True,True,False,False,False,-0.0795454545454545,-0.106060606060606,,,0.2840909090909091,0.3222222222222222,-0.1666666666666666,-0.0681818181818181,0.0069299552906109,0.1315563198624247,975.0,865.0,3.0330578512396693,0.0262433862433861,0.0047263247350183,0.0020526385651663
2001-02-05,1255.0,1270.0,1200.0,1225.0,160000.0,1225.0,1233.0,1176.0,966.8,899.1333333333333,821.45,False,False,False,False,False,False,True,True,False,True,False,-0.0653061224489796,-0.0204081632653061,,,0.2107755102040816,0.2660136054421769,-0.0612244897959183,-0.0040816326530612,0.0049677467190628,0.1092687074829932,985.0,825.0,0.4359673024523161,0.0225486139842779,-0.0036947722591082,-0.0019622085715481
2001-02-06,1160.0,1225.0,1130.0,1225.0,139000.0,1225.0,1239.0,1185.5,984.8,903.5333333333332,823.325,False,False,False,False,False,False,True,True,False,True,False,0.0,-0.0489795918367346,,,0.1960816326530612,0.2624217687074831,-0.0489795918367346,0.0,0.0048697705305097,0.0940531421341206,945.0,785.0,0.86875,0.0182778229082047,-0.0042707910760732,-9.797618855313452e-05
2001-02-07,1225.0,1225.0,1155.0,1225.0,92000.0,1225.0,1244.0,1203.0,1003.0,908.6,825.075,False,False,False,False,False,False,True,True,False,True,False,0.0204081632653061,-0.0612244897959183,,,0.1812244897959183,0.2582857142857143,-0.0816326530612244,0.0204081632653061,0.0055763445593955,0.0656691604322527,925.0,800.0,0.6618705035971223,0.0181455633100698,-0.0001322595981348,0.0007065740288858
2001-02-08,1250.0,1325.0,1200.0,1275.0,167000.0,1275.0,1254.0,1218.0,1023.2,915.5333333333332,827.2,False,False,False,False,False,False,True,True,False,False,False,-0.0196078431372549,-0.0980392156862745,,,0.1974901960784313,0.2819346405228759,-0.0980392156862745,0.0196078431372549,0.0075729993446441,0.0484400656814449,885.0,850.0,1.815217391304348,0.0197419859265051,0.0015964226164352,0.0019966547852485
2001-02-09,1250.0,1260.0,1210.0,1215.0,70000.0,1215.0,1233.0,1225.0,1041.8,920.0666666666668,829.05,False,False,False,False,False,False,True,True,False,True,False,-0.0288065843621399,-0.0329218106995884,,,0.1425514403292181,0.2427434842249655,-0.0534979423868312,0.1069958847736625,0.0049271791899141,0.0379591836734693,875.0,885.0,0.4191616766467065,0.0178537147245151,-0.0018882712019899,-0.0026458201547299
2001-02-13,1175.0,1185.0,1140.0,1145.0,113000.0,1145.0,1217.0,1225.0,1057.6,924.1333333333332,830.775,False,False,False,False,False,False,True,True,False,True,False,0.0480349344978165,0.0262008733624454,,,0.0763318777292577,0.192896652110626,0.0262008733624454,0.1965065502183406,0.0044005194055688,0.0404081632653061,825.0,850.0,1.6142857142857143,0.0149394856278365,-0.0029142290966786,-0.0005266597843452
2001-02-14,1160.0,1245.0,1160.0,1225.0,137000.0,1225.0,1217.0,1228.0,1076.6,929.0,832.9,False,False,False,False,False,False,True,True,False,False,True,-0.0489795918367346,-0.0612244897959183,,,0.1211428571428572,0.2416326530612245,-0.0571428571428571,0.1020408163265306,0.0052386078220309,0.0431596091205211,845.0,875.0,1.2123893805309736,0.0176481515883336,0.002708665960497,0.0008380884164621
2001-02-15,1180.0,1250.0,1160.0,1250.0,123000.0,1250.0,1222.0,1233.0,1094.6,934.2,835.15,False,False,False,False,False,False,True,True,False,True,False,-0.08,-0.08,,,0.12432,0.25264,-0.048,0.076,0.00556625990152,0.0450121654501216,815.0,870.0,0.8978102189781022,0.0164443632377124,-0.0012037883506212,0.000327652079489
2001-02-16,1250.0,1295.0,1205.0,1250.0,290000.0,1250.0,1217.0,1235.5,1114.2,939.6666666666666,837.65,False,False,False,False,False,False,True,True,False,False,False,-0.08,-0.08,,,0.1086399999999999,0.2482666666666667,-0.04,0.044,0.0058176658389498,0.0473492513152569,800.0,875.0,2.3577235772357725,0.0175910967510322,0.0011467335133198,0.0002514059374298
2001-02-19,1225.0,1225.0,1180.0,1180.0,66000.0,1180.0,1210.0,1221.5,1128.4,944.4,839.775,False,False,False,False,False,False,True,True,False,True,False,-0.0042372881355932,-0.0381355932203389,,,0.0437288135593219,0.1996610169491525,0.0084745762711864,0.1016949152542373,0.0050120005647324,0.065083913221449,760.0,875.0,0.2275862068965517,0.0125841900035448,-0.0050069067474873,-0.0008056652742174
2001-02-20,1160.0,1245.0,1160.0,1200.0,91000.0,1200.0,1221.0,1219.0,1140.6,949.7333333333332,841.925,False,False,False,False,False,False,True,True,False,True,False,-0.0208333333333333,-0.1041666666666666,,,0.0495,0.2085555555555556,-0.0166666666666666,0.1041666666666666,0.005615611399691,0.0758818703855619,750.0,970.0,1.378787878787879,0.0106961248465718,-0.001888065156973,0.0006036108349585
2001-02-21,1150.0,1165.0,1125.0,1165.0,34000.0,1165.0,1209.0,1213.0,1153.2,955.2,843.75,False,False,False,False,False,False,True,True,False,False,False,-0.0128755364806866,-0.0257510729613733,,,0.0101287553648068,0.1800858369098712,0.0085836909871244,0.1201716738197424,0.0057230597431603,0.0877988458367683,705.0,900.0,0.3736263736263736,0.0109261186264309,0.000229993779859,0.0001074483434693
2001-02-22,1125.0,1155.0,1075.0,1150.0,68000.0,1150.0,1189.0,1205.5,1165.2,959.9333333333332,845.725,False,False,False,False,False,False,True,True,False,True,False,0.0,-0.0130434782608695,,,-0.0132173913043478,0.1652753623188407,0.0782608695652174,0.1478260869565217,0.0049308979790261,0.1003732890916632,675.0,1005.0,2.0,0.0102986611740473,-0.0006274574523835,-0.0007921617641342
2001-02-23,1125.0,1235.0,1095.0,1150.0,82000.0,1150.0,1169.0,1193.0,1175.0,963.4,847.8,False,False,False,False,False,False,True,True,False,True,False,0.0,-0.0304347826086956,,,-0.0217391304347826,0.1622608695652174,0.0565217391304347,0.1304347826086956,0.0035983668950247,0.1119027661357921,730.0,1080.0,1.2058823529411764,0.0083404255319148,-0.0019582356421325,-0.0013325310840013
2001-02-26,1195.0,1195.0,1150.0,1175.0,17000.0,1175.0,1168.0,1189.0,1187.4,967.5333333333332,850.0,False,False,False,False,False,False,True,True,False,False,False,-0.0340425531914893,-0.0638297872340425,,,-0.0105531914893617,0.1765673758865249,0.0638297872340425,0.1191489361702127,0.0042720319713359,0.1131202691337258,700.0,1035.0,0.2073170731707317,0.0104429846723935,0.0021025591404786,0.0006736650763112
2001-02-27,1135.0,1175.0,1135.0,1175.0,23000.0,1175.0,1163.0,1192.0,1190.6,972.2,852.125,False,False,False,False,False,False,True,True,False,True,True,-0.0851063829787234,-0.0212765957446808,,,-0.0132765957446807,0.172595744680851,0.0553191489361702,0.1063829787234042,0.0048001097167937,0.1044463087248322,680.0,1100.0,1.3529411764705883,0.0026877204770702,-0.0077552641953233,0.0005280777454578
2001-02-28,1160.0,1215.0,1150.0,1150.0,93000.0,1150.0,1160.0,1184.5,1191.4,977.0666666666668,854.125,False,False,False,False,False,False,True,True,False,True,False,-0.0130434782608695,0.0130434782608695,,,-0.036,0.1503768115942027,0.0652173913043478,0.0869565217391304,0.0049808951965066,0.102997045166737,775.0,1090.0,4.043478260869565,0.0006714789323486,-0.0020162415447215,0.0001807854797129
2001-03-01,1100.0,1150.0,1100.0,1150.0,9000.0,1150.0,1160.0,1174.5,1195.4,981.7333333333332,856.1,False,False,False,False,False,False,True,True,True,False,False,-0.0130434782608695,-0.0217391304347826,,,-0.0394782608695652,0.1463188405797102,0.0217391304347826,0.0826086956521739,0.0047534972158085,0.1038739889314602,770.0,1030.0,0.0967741935483871,0.0033461602810774,0.0026746813487288,-0.0002273979806981
2001-03-02,1100.0,1150.0,1100.0,1150.0,26000.0,1150.0,1160.0,1164.5,1196.4,985.7333333333332,858.075,False,False,False,False,False,False,True,True,False,True,False,-0.0304347826086956,0.0,,,-0.0403478260869566,0.142840579710145,0.0304347826086956,0.117391304347826,0.0040578926011091,0.111635895234006,770.0,990.0,2.888888888888889,0.000835840855901,-0.0025103194251764,-0.0006956046146993
2001-03-05,1100.0,1135.0,1100.0,1135.0,53000.0,1135.0,1152.0,1160.0,1196.0,989.0666666666668,860.0,False,False,False,False,False,False,False,True,False,True,False,-0.0308370044052863,0.013215859030837,,,-0.0537444933920704,0.1285756240822318,0.079295154185022,0.1013215859030837,0.0033701806416826,0.1116379310344827,750.0,975.0,2.0384615384615383,-0.0003344481605351,-0.0011702890164362,-0.0006877119594264
2001-03-06,1125.0,1125.0,1025.0,1075.0,28000.0,1075.0,1132.0,1147.5,1193.2,992.0666666666668,861.75,False,False,False,False,False,False,False,True,False,True,False,0.0697674418604651,0.0930232558139534,,,-0.109953488372093,0.0771472868217052,0.1395348837209302,0.2046511627906976,0.0030239903232309,0.1211328976034858,750.0,985.0,0.5283018867924528,-0.0023466309084813,-0.0020121827479461,-0.0003461903184516
2001-03-07,1050.0,1150.0,1035.0,1135.0,109000.0,1135.0,1129.0,1144.5,1190.8,995.5333333333332,863.675,False,False,False,False,False,False,False,True,False,False,False,0.026431718061674,0.0176211453744493,,,-0.0491629955947136,0.1228781204111601,0.1365638766519823,0.1277533039647577,0.0034822205852806,0.1218872870249017,750.0,945.0,3.892857142857143,-0.0020154517971112,0.00033117911137,0.0004582302620496
2001-03-08,1060.0,1135.0,1060.0,1135.0,17000.0,1135.0,1126.0,1143.0,1188.2,999.0666666666668,865.8,False,False,False,False,False,False,False,True,False,True,False,-0.0088105726872246,0.0484581497797356,,,-0.0468722466960352,0.1197650513950071,0.1894273127753304,0.1277533039647577,0.0035366341919127,0.1198600174978127,800.0,925.0,0.1559633027522936,-0.0021881838074397,-0.0001727320103284,5.441360663215218e-05
2001-03-09,1060.0,1125.0,1060.0,1115.0,22000.0,1115.0,1119.0,1139.5,1183.8,1002.2666666666668,867.75,False,False,False,False,False,False,False,True,False,True,False,0.0313901345291479,0.0762331838565022,,,-0.0617040358744394,0.1011061285500746,0.2556053811659193,0.1659192825112107,0.0031927630703737,0.1232996928477402,760.0,885.0,1.2941176470588236,-0.0037168440614969,-0.0015286602540572,-0.000343871121539
2001-03-12,1080.0,1150.0,1050.0,1100.0,115000.0,1100.0,1112.0,1132.0,1175.0,1005.2666666666668,869.5,False,False,False,False,False,False,False,True,False,True,False,0.0454545454545454,0.0818181818181818,,,-0.0681818181818181,0.086121212121212,0.2727272727272727,0.1909090909090909,0.0029842827773725,0.1303003533568904,825.0,875.0,5.227272727272728,-0.0074893617021276,-0.0037725176406306,-0.0002084802930012
2001-03-13,1050.0,1150.0,1030.0,1150.0,144000.0,1150.0,1127.0,1129.5,1172.0,1007.6666666666666,871.5,False,False,False,False,False,False,False,True,False,False,False,0.0217391304347826,0.0260869565217391,,,-0.0191304347826086,0.123768115942029,0.1739130434782608,0.1217391304347826,0.0023817399933839,0.131916777335104,895.0,825.0,1.2521739130434784,-0.0025597269624573,0.0049296347396702,-0.0006025427839885
2001-03-14,1150.0,1165.0,1050.0,1165.0,109000.0,1165.0,1133.0,1131.0,1169.6,1011.2,873.7,False,False,False,False,False,False,False,True,False,False,False,-0.0085836909871244,0.0085836909871244,,,-0.0039484978540771,0.1320171673819742,0.2660944206008583,0.1158798283261802,0.0034941983122363,0.1348364279398762,850.0,845.0,0.7569444444444444,-0.0020519835841314,0.0005077433783259,0.0011124583188524
2001-03-15,1090.0,1125.0,1075.0,1125.0,12000.0,1125.0,1131.0,1128.5,1165.6,1012.8,875.825,False,False,False,False,False,False,False,True,False,True,False,0.0577777777777777,0.1022222222222222,,,-0.0360888888888888,0.0997333333333333,0.2666666666666666,0.1555555555555555,0.0015797788309635,0.1422241914045192,850.0,815.0,0.110091743119266,-0.0034317089910775,-0.0013797254069461,-0.0019144194812727
2001-03-16,1075.0,1150.0,1075.0,1150.0,35000.0,1150.0,1138.0,1128.5,1160.6,1013.7333333333332,877.95,False,False,False,False,False,False,False,True,False,True,False,0.0434782608695652,0.0565217391304347,,,-0.0092173913043477,0.1184927536231885,0.2043478260869565,0.0782608695652174,0.0009206892016308,0.1382365972529907,905.0,800.0,2.9166666666666665,-0.0043081164914699,-0.0008764075003923,-0.0006590896293326
2001-03-21,1085.0,1150.0,1085.0,1150.0,34000.0,1150.0,1148.0,1130.0,1158.0,1015.2666666666668,880.075,False,False,False,False,False,False,False,True,False,False,False,0.0347826086956521,0.0869565217391304,,,-0.0069565217391304,0.1171594202898549,0.1913043478260869,0.0652173913043478,0.001510276446254,0.1345132743362831,865.0,760.0,0.9714285714285714,-0.0022452504317788,0.002062866059691,0.0005895872446231
2001-03-22,1150.0,1175.0,1125.0,1175.0,26000.0,1175.0,1153.0,1140.0,1159.2,1016.2666666666668,882.325,False,False,False,False,True,False,True,True,True,False,False,0.0042553191489361,0.0553191489361702,,,0.0134468085106382,0.1350921985815602,0.1489361702127659,0.0382978723404255,0.0009839937024403,0.1179824561403508,1095.0,750.0,0.7647058823529411,0.0010351966873706,0.0032804471191494,-0.0005262827438137
2001-03-23,1175.0,1175.0,1130.0,1155.0,12000.0,1155.0,1151.0,1142.0,1156.4,1017.1333333333332,884.475,False,False,False,False,False,False,False,True,False,True,False,0.0173160173160173,0.0606060606060606,,,-0.0012121212121212,0.1193650793650794,0.2121212121212121,0.0606060606060606,0.0008520679032573,0.1112084063047285,1130.0,705.0,0.4615384615384615,-0.0024213075060532,-0.0034565041934238,-0.0001319257991829
2001-03-26,1165.0,1225.0,1150.0,1190.0,662000.0,1190.0,1164.0,1147.5,1154.0,1019.2666666666668,886.925,False,False,False,False,False,False,False,True,False,False,False,0.042016806722689,-0.0126050420168067,,,0.0302521008403361,0.1434733893557422,0.1428571428571428,0.0210084033613445,0.0020930080449998,0.1002178649237472,1050.0,675.0,55.16666666666666,-0.0020797227036395,0.0003415848024136,0.0012409401417425
2001-03-27,1190.0,1215.0,1150.0,1200.0,100000.0,1200.0,1174.0,1156.0,1152.0,1022.0666666666668,889.625,False,False,False,False,False,False,False,True,False,False,False,0.0125,-0.0125,,,0.04,0.1482777777777776,0.1833333333333333,0.0,0.0027395473224186,0.083477508650519,1125.0,730.0,0.1510574018126888,-0.0017361111111111,0.0003436115925284,0.0006465392774188
2001-03-28,1190.0,1190.0,1190.0,1190.0,3000.0,1190.0,1182.0,1165.0,1152.4,1024.9333333333334,891.6,False,False,False,False,False,False,True,True,False,False,False,0.0504201680672268,0.0294117647058823,,,0.0315966386554621,0.1387114845938374,0.2184873949579832,0.0084033613445378,0.0027969298816182,0.0656652360515021,1145.0,700.0,0.03,0.0003471017007984,0.0020832128119095,5.738255919951777e-05
2001-03-29,1110.0,1185.0,1110.0,1180.0,17000.0,1180.0,1183.0,1168.0,1151.6,1027.5333333333333,893.475,False,False,False,False,False,False,False,True,False,True,False,0.0508474576271186,0.0381355932203389,,,0.0240677966101695,0.1292090395480226,0.1864406779661017,-0.0042372881355932,0.0025303315383117,0.0530821917808219,1145.0,680.0,5.666666666666667,-0.0006946856547413,-0.0010417873555398,-0.0002665983433064
2001-03-30,1175.0,1250.0,1170.0,1175.0,97000.0,1175.0,1187.0,1169.0,1152.0,1030.6,895.425,False,False,False,False,False,False,True,True,False,False,False,0.0425531914893617,0.0978723404255319,,,0.0195744680851063,0.1228936170212766,0.1872340425531914,-0.0212765957446808,0.0029756129115724,0.039349871685201,1195.0,775.0,5.705882352941177,0.0003472222222223,0.0010419078769636,0.0004452813732607
2001-04-02,1210.0,1240.0,1150.0,1240.0,48000.0,1240.0,1197.0,1180.5,1155.6,1034.8,898.05,False,False,False,False,False,False,True,True,True,False,True,-0.0524193548387096,0.0887096774193548,,,0.0680645161290323,0.1654838709677419,0.125,-0.0564516129032258,0.0040587553150367,0.0182126217704362,1200.0,770.0,0.4948453608247423,0.0031152647975077,0.0027680425752854,0.0010831424034642
2001-04-03,1200.0,1235.0,1155.0,1215.0,58000.0,1215.0,1200.0,1187.0,1158.2,1039.2,900.15,False,False,False,False,False,False,True,True,False,True,False,-0.0246913580246913,0.1522633744855967,,,0.0467489711934156,0.1446913580246913,0.1193415637860082,-0.074074074074074,0.00423402617398,0.0029486099410278,1225.0,770.0,1.2083333333333333,0.0022448627180108,-0.0008704020794968,0.0001752708589433
2001-04-04,1175.0,1275.0,1175.0,1250.0,156000.0,1250.0,1212.0,1197.0,1161.2,1044.2,902.4,False,False,False,False,False,False,True,True,False,False,False,-0.02,0.12,,,0.0710399999999999,0.1646399999999999,0.08,-0.076,0.0047883547213177,-0.0112781954887218,1320.0,750.0,2.689655172413793,0.002583534274888,0.0003386715568772,0.0005543285473376
2001-04-05,1230.0,1240.0,1200.0,1240.0,80000.0,1240.0,1224.0,1203.5,1163.8,1049.7333333333331,904.525,False,False,False,False,False,False,True,True,False,True,False,-0.0120967741935483,0.0887096774193548,,,0.0614516129032258,0.1534408602150539,0.0766129032258064,-0.0241935483870967,0.0052711799822174,-0.0174491067719152,1225.0,750.0,0.5128205128205128,0.0022340608351949,-0.000349473439693,0.0004828252608997
2001-04-06,1205.0,1225.0,1200.0,1225.0,13000.0,1225.0,1234.0,1210.5,1166.8,1054.8,906.575,False,False,False,False,False,False,True,True,False,False,False,0.0530612244897959,0.2040816326530612,,,0.0475102040816326,0.1389387755102041,0.0612244897959183,-0.0204081632653061,0.0048034382505373,-0.0251961999173895,1225.0,750.0,0.1625,0.0025711347274597,0.0003370738922647,-0.00046774173168
2001-04-09,1180.0,1250.0,1175.0,1175.0,30000.0,1175.0,1221.0,1209.0,1167.8,1059.6,908.375,False,False,False,False,False,False,True,True,False,True,False,0.1489361702127659,0.2127659574468085,,,0.0061276595744681,0.0982127659574468,0.1914893617021276,-0.0425531914893617,0.0045300113250282,-0.0314309346567411,1225.0,800.0,2.3076923076923075,0.0008563110121596,-0.0017148237153001,-0.0002734269255091
2001-04-10,1180.0,1240.0,1180.0,1185.0,28000.0,1185.0,1215.0,1207.5,1169.2,1064.7333333333331,910.225,False,False,False,False,False,False,True,True,False,False,False,0.1814345991561181,0.1687763713080168,,,0.0133333333333332,0.1014908579465543,0.1392405063291139,-0.050632911392405,0.0048212384947716,-0.0364389233954451,1275.0,760.0,0.9333333333333332,0.0011973999315772,0.0003410889194176,0.0002912271697433
2001-04-11,1190.0,1260.0,1180.0,1225.0,244000.0,1225.0,1210.0,1211.0,1172.8,1070.9333333333334,912.425,False,False,False,False,False,False,True,True,False,False,True,0.1428571428571428,0.1183673469387755,,,0.0426122448979592,0.1257687074829931,0.1428571428571428,-0.0612244897959183,0.0057893426294823,-0.0433526011560693,1215.0,825.0,8.714285714285714,0.003069577080491,0.0018721771489138,0.0009681041347106
2001-04-12,1235.0,1250.0,1200.0,1225.0,56000.0,1225.0,1207.0,1215.5,1178.8,1077.2666666666669,914.3,False,False,False,False,False,False,True,True,False,False,False,0.1020408163265306,0.1020408163265306,,,0.0377142857142857,0.1205986394557821,0.0938775510204081,-0.0653061224489796,0.0058790766755369,-0.0493624023035787,1145.0,895.0,0.2295081967213114,0.00508992195453,0.0020203448740389,8.973404605466632e-05
2001-04-13,1230.0,1290.0,1230.0,1290.0,201000.0,1290.0,1220.0,1227.0,1185.0,1085.0666666666666,916.6,False,False,False,False,False,False,True,True,False,False,False,0.1434108527131783,0.0852713178294573,,,0.0813953488372093,0.1588630490956072,-0.003875968992248,-0.1124031007751938,0.0071884984025556,-0.0586797066014669,1225.0,850.0,3.5892857142857144,0.0052320675105485,0.0001421455560185,0.0013094217270186
2001-04-16,1305.0,1350.0,1280.0,1350.0,302000.0,1350.0,1255.0,1238.0,1193.6,1094.0666666666666,919.45,False,False,False,False,False,False,True,True,False,False,False,0.0555555555555555,0.0074074074074074,,,0.1158518518518519,0.1895802469135803,-0.0592592592592592,-0.1666666666666666,0.0082261897507769,-0.0706785137318255,1250.0,850.0,1.5024875621890548,0.00720509383378,0.0019730263232315,0.0010376913482212
2001-04-17,1350.0,1475.0,1350.0,1400.0,1343000.0,1400.0,1298.0,1256.5,1205.0,1103.0,922.525,False,False,False,False,False,False,True,True,False,False,False,-0.0107142857142857,0.0142857142857142,,,0.1392857142857143,0.2121428571428571,-0.1071428571428571,-0.2071428571428571,0.0080991236022968,-0.0855551134102666,1250.0,905.0,4.447019867549669,0.0094605809128631,0.002255487079083,-0.00012706614848
2001-04-18,1400.0,1400.0,1300.0,1400.0,262000.0,1400.0,1333.0,1271.5,1217.0,1112.3333333333333,925.35,False,False,False,False,False,False,True,True,False,False,False,-0.0214285714285714,0.0357142857142857,,,0.1307142857142857,0.2054761904761905,-0.1214285714285714,-0.1821428571428571,0.0083907701528318,-0.0971293747542273,1180.0,865.0,0.1950856291883842,0.009860312243221,0.0003997313303578,0.0002916465505349
2001-04-19,1395.0,1395.0,1325.0,1350.0,74000.0,1350.0,1358.0,1282.5,1225.0,1121.2666666666669,927.85,False,False,False,False,False,False,True,True,False,True,False,0.0,0.037037037037037,,,0.0925925925925925,0.1694320987654319,-0.0962962962962963,-0.1,0.0079671799750284,-0.1044834307992202,1200.0,1095.0,0.2824427480916031,0.0065306122448979,-0.003329699998323,-0.0004235901778033
2001-04-20,1355.0,1475.0,1350.0,1475.0,146000.0,1475.0,1395.0,1307.5,1237.4,1130.6,931.0,False,False,False,False,False,False,True,True,False,False,False,-0.0508474576271186,-0.0542372881355932,,,0.1610847457627118,0.2334915254237288,-0.1694915254237288,-0.1966101694915254,0.0082552037266345,-0.1227533460803059,1165.0,1130.0,1.972972972972973,0.0100210117989333,0.0034903995540353,0.000288023751606
2001-04-23,1390.0,1450.0,1375.0,1425.0,11000.0,1425.0,1410.0,1332.5,1249.4,1139.3333333333333,933.9,False,False,False,False,False,False,True,True,False,True,False,-0.0456140350877193,-0.0210526315789473,,,0.1232280701754385,0.20046783625731,-0.1228070175438596,-0.1684210526315789,0.0076653013458162,-0.1347091932457786,1150.0,1050.0,0.0753424657534246,0.0096046102129021,-0.0004164015860311,-0.0005899023808182
2001-04-24,1425.0,1425.0,1355.0,1385.0,169000.0,1385.0,1407.0,1352.5,1258.8,1147.5333333333333,936.675,False,False,False,False,False,False,True,True,False,True,False,0.0252707581227436,-0.0180505415162454,,,0.0911191335740072,0.1714560770156438,-0.0613718411552346,-0.1552346570397112,0.0071457619241271,-0.144177449168207,1150.0,1125.0,15.363636363636363,0.0074674292977437,-0.0021371809151584,-0.0005195394216891
2001-04-25,1400.0,1400.0,1370.0,1370.0,21000.0,1370.0,1401.0,1367.0,1267.6,1155.8,939.3,False,False,False,False,False,False,True,True,False,True,False,0.0583941605839416,-0.0145985401459854,,,0.0747445255474453,0.1563503649635036,-0.0182481751824817,-0.1605839416058394,0.007152333160293,-0.1532553035844915,1175.0,1145.0,0.1242603550295858,0.0069422530766803,-0.0005251762210634,6.571236165849384e-06
2001-04-26,1350.0,1375.0,1325.0,1350.0,23000.0,1350.0,1401.0,1379.5,1274.6,1163.8,941.8,False,False,False,False,False,False,True,True,False,True,False,0.037037037037037,-0.0111111111111111,,,0.0558518518518519,0.1379259259259259,0.0148148148148148,-0.1481481481481481,0.0068740333390616,-0.16056542225444,1175.0,1145.0,1.0952380952380951,0.0054919190334222,-0.001450334043258,-0.0002782998212313
2001-04-27,1350.0,1400.0,1345.0,1400.0,47000.0,1400.0,1386.0,1390.5,1284.4,1172.4666666666667,944.5,False,False,False,False,False,False,True,True,False,False,False,-0.0035714285714285,-0.0714285714285714,,,0.0825714285714285,0.1625238095238095,-0.0357142857142857,-0.1785714285714285,0.0073918235059988,-0.166846458108594,1150.0,1195.0,2.0434782608695654,0.0076300218000624,0.0021381027666401,0.0005177901669371
2001-05-01,1390.0,1390.0,1330.0,1360.0,18000.0,1360.0,1373.0,1391.5,1291.2,1179.9333333333334,946.8,False,False,False,False,False,False,True,True,False,True,False,0.025735294117647,0.0294117647058823,,,0.0505882352941176,0.1324019607843136,-0.0110294117647058,-0.1544117647058823,0.0063280411322673,-0.1656485806683435,1150.0,1200.0,0.3829787234042553,0.005266418835192,-0.0023636029648703,-0.0010637823737314
2001-05-02,1335.0,1420.0,1330.0,1420.0,44000.0,1420.0,1380.0,1393.5,1300.0,1188.7333333333331,949.4,False,False,False,False,False,False,True,True,False,False,False,-0.0422535211267605,-0.0492957746478873,,,0.0845070422535211,0.1628638497652583,-0.0809859154929577,-0.1901408450704225,0.0074028377544723,-0.1639756010046645,1150.0,1225.0,2.4444444444444446,0.0067692307692307,0.0015028119340387,0.0010747966222049
2001-05-07,1395.0,1450.0,1350.0,1450.0,61000.0,1450.0,1396.0,1398.5,1310.4,1197.0666666666666,952.35,False,False,False,False,False,False,True,True,False,False,False,-0.0689655172413793,-0.0344827586206896,,,0.0962758620689654,0.1744367816091954,-0.1034482758620689,-0.1379310344827586,0.0069614613499667,-0.1594565606006435,1135.0,1320.0,1.3863636363636365,0.007936507936508,0.0011672771672772,-0.0004413764045056
2001-05-08,1425.0,1425.0,1395.0,1400.0,17000.0,1400.0,1406.0,1403.5,1319.2,1203.8,954.6,False,False,False,False,False,False,True,True,False,True,False,-0.0464285714285714,-0.0428571428571428,,,0.0577142857142856,0.1401428571428571,-0.0535714285714285,-0.125,0.0055933986819516,-0.1617385108656929,1075.0,1225.0,0.2786885245901639,0.0066707095209217,-0.0012657984155862,-0.0013680626680151
2001-05-09,1400.0,1400.0,1395.0,1395.0,20000.0,1395.0,1405.0,1395.5,1328.0,1211.0666666666666,957.075,False,False,False,False,False,False,True,True,False,True,False,-0.068100358422939,-0.078853046594982,,,0.0480286738351254,0.1318518518518519,-0.064516129032258,-0.1577060931899641,0.0060002201915666,-0.1576495879613041,1135.0,1225.0,1.1764705882352942,0.0066265060240963,-4.4203496825384256e-05,0.000406821509615
2001-05-10,1345.0,1395.0,1345.0,1395.0,66000.0,1395.0,1412.0,1392.5,1334.2,1218.3333333333333,959.55,False,False,False,False,False,False,True,True,False,True,False,0.003584229390681,-0.089605734767025,,,0.0435842293906809,0.1266427718040622,-0.053763440860215,-0.2078853046594982,0.0059644322845417,-0.1615798922800718,1135.0,1225.0,3.3,0.0046469794633488,-0.0019795265607474,-3.578790702493933e-05
2001-05-11,1370.0,1375.0,1360.0,1360.0,6000.0,1360.0,1400.0,1390.0,1340.0,1224.4,961.725,False,False,False,False,False,False,True,True,False,True,False,-0.0073529411764705,-0.0808823529411764,,,0.0147058823529411,0.0997058823529411,-0.0441176470588235,-0.0955882352941176,0.0049548077970163,-0.1557553956834532,1115.0,1275.0,0.0909090909090909,0.0043283582089551,-0.0003186212543936,-0.0010096244875253
2001-05-14,1360.0,1375.0,1350.0,1350.0,39000.0,1350.0,1380.0,1388.0,1344.0,1230.8666666666666,963.975,False,False,False,False,False,False,True,True,False,True,False,0.037037037037037,-0.0888888888888888,,,0.0044444444444444,0.0882469135802469,-0.0259259259259259,-0.1185185185185185,0.0052537507447325,-0.1516570605187319,1100.0,1215.0,6.5,0.0029761904761904,-0.0013521677327647,0.0002989429477161
2001-05-15,1350.0,1370.0,1300.0,1335.0,77000.0,1335.0,1367.0,1386.5,1347.8,1234.0666666666666,966.275,False,False,False,False,False,False,True,True,False,True,False,0.0037453183520599,-0.0861423220973782,,,-0.0095880149812733,0.075605493133583,-0.0262172284644194,-0.1385767790262172,0.0025930527794284,-0.1507392715470609,1150.0,1145.0,1.9743589743589745,0.0028194094079239,-0.0001567810682664,-0.002660697965304
2001-05-16,1310.0,1310.0,1250.0,1300.0,21000.0,1300.0,1348.0,1376.5,1350.8,1236.3333333333333,968.525,False,False,False,False,False,False,True,True,False,True,False,-0.0115384615384615,-0.0576923076923076,,,-0.039076923076923,0.048974358974359,-0.0384615384615384,-0.1192307692307692,0.0018333782690752,-0.1449328005811841,1165.0,1225.0,0.2727272727272727,0.0022209061297009,-0.000598503278223,-0.0007596745103532
2001-05-17,1275.0,1400.0,1250.0,1400.0,50000.0,1400.0,1349.0,1380.5,1359.8,1241.0,971.3,False,False,False,False,False,False,True,True,False,False,True,-0.0928571428571428,-0.1071428571428571,,,0.0287142857142857,0.1135714285714285,-0.1107142857142857,-0.1928571428571428,0.0037604082728982,-0.1488591090184715,1125.0,1250.0,2.380952380952381,0.0066186203853507,0.0043977142556498,0.001927030003823
2001-05-18,1350.0,1350.0,1350.0,1350.0,30000.0,1350.0,1347.0,1373.5,1366.4,1244.0,973.675,False,False,False,False,False,False,True,True,False,True,False,-0.074074074074074,-0.037037037037037,,,-0.0121481481481482,0.0785185185185185,-0.0481481481481481,-0.1185185185185185,0.0024115755627009,-0.1416090280305788,1150.0,1250.0,0.6,0.0048302107728338,-0.0017884096125169,-0.0013488327101972
2001-05-21,1325.0,1400.0,1315.0,1400.0,55000.0,1400.0,1357.0,1368.5,1373.4,1247.4,976.625,False,False,False,False,False,False,True,True,False,False,False,-0.1214285714285714,-0.0392857142857142,,,0.0189999999999999,0.1089999999999999,-0.1071428571428571,-0.1357142857142857,0.0027256693923361,-0.1413956887102667,1150.0,1180.0,1.8333333333333333,0.0050968399592252,0.0002666291863914,0.0003140938296351
2001-05-22,1350.0,1375.0,1335.0,1340.0,110000.0,1340.0,1358.0,1362.5,1378.0,1250.0,979.275,False,False,False,False,False,False,True,True,False,True,False,-0.0895522388059701,0.0223880597014925,,,-0.0283582089552238,0.0671641791044776,-0.0335820895522388,-0.085820895522388,0.0020799999999999,-0.1376146788990825,1175.0,1200.0,2.0,0.0033381712626994,-0.0017586686965257,-0.0006456693923362
2001-05-23,1315.0,1315.0,1250.0,1285.0,24000.0,1285.0,1355.0,1351.5,1377.8,1251.2,981.65,False,False,False,False,False,False,False,True,False,True,False,-0.046692607003891,0.0505836575875486,,,-0.0722178988326847,0.0263035019455252,-0.0038910505836575,-0.046692607003891,0.0009590792838875,-0.1268960414354421,1155.0,1165.0,0.2181818181818181,-0.0001451589490492,-0.0034833302117487,-0.0011209207161124
2001-05-24,1260.0,1270.0,1260.0,1270.0,14000.0,1270.0,1329.0,1339.0,1374.6,1252.1333333333334,984.125,False,False,False,False,False,False,False,True,False,True,False,-0.0157480314960629,0.0590551181102362,,,-0.0823622047244093,0.0140682414698161,0.0078740157480314,-0.0590551181102362,0.0007453945266745,-0.1120238984316654,1190.0,1150.0,0.5833333333333334,-0.0023279499490761,-0.0021827910000268,-0.0002136847572129
2001-05-25,1265.0,1290.0,1250.0,1250.0,16000.0,1250.0,1309.0,1328.0,1368.6,1252.4666666666667,986.5,False,False,False,False,False,False,False,True,False,True,False,0.04,0.044,,,-0.0948799999999999,-0.0019733333333333,0.04,-0.04,0.0002661414808111,-0.1069277108433734,1200.0,1150.0,1.1428571428571428,-0.004384042086804,-0.0020560921377279,-0.0004792530458633
2001-05-28,1200.0,1250.0,1180.0,1230.0,20000.0,1230.0,1275.0,1316.0,1361.8,1251.2666666666669,988.775,False,False,False,False,False,False,False,False,False,True,False,0.0934959349593495,0.056910569105691,,,-0.1071544715447154,-0.0172899728997291,0.065040650406504,-0.1869918699186991,-0.0009590281847726,-0.1132218844984802,1190.0,1175.0,1.25,-0.0049933911000146,-0.0006093490132106,-0.0012251696655837
2001-05-29,1250.0,1250.0,1220.0,1220.0,14000.0,1220.0,1251.0,1304.5,1356.6,1251.2,990.875,False,False,False,False,False,False,False,False,False,False,False,0.1229508196721311,0.0860655737704918,,,-0.111967213114754,-0.0255737704918033,0.0573770491803278,-0.0778688524590164,-5.328218243832593e-05,-0.1073208125718666,1180.0,1175.0,0.7,-0.0038331121922453,0.0011602789077693,0.0009057460023342
2001-05-30,1225.0,1225.0,1225.0,1225.0,1000.0,1225.0,1239.0,1297.0,1346.6,1251.2,993.0,False,False,False,False,False,False,False,False,False,True,False,0.1020408163265306,0.0653061224489796,,,-0.0992653061224489,-0.0213877551020408,0.0612244897959183,-0.0040816326530612,0.0,-0.0963762528912875,1175.0,1150.0,0.0714285714285714,-0.0074261102034754,-0.00359299801123,5.328218243832593e-05
2001-05-31,1205.0,1250.0,1200.0,1250.0,56000.0,1250.0,1235.0,1282.0,1339.6,1251.5333333333333,995.45,False,False,False,False,False,False,False,True,False,False,False,0.076,0.056,,,-0.0716799999999999,-0.0012266666666666,0.04,-0.12,0.0002663399563201,-0.0881435257410296,1240.0,1150.0,56.0,-0.005225440429979,0.0022006697734963,0.0002663399563201
2001-06-01,1245.0,1300.0,1215.0,1300.0,67000.0,1300.0,1245.0,1277.0,1336.2,1251.8666666666666,998.2,False,False,False,False,False,False,False,True,False,False,False,0.0038461538461538,0.0,,,-0.0278461538461538,0.0370256410256411,-0.0461538461538461,-0.1,0.0002662690382361,-0.086139389193422,1215.0,1150.0,1.1964285714285714,-0.0025445292620864,0.0026809111678926,-7.091808401323616e-08
2001-06-04,1315.0,1345.0,1275.0,1345.0,22000.0,1345.0,1268.0,1271.5,1335.2,1253.6,1001.3,False,False,False,False,True,False,False,True,False,False,False,-0.0334572490706319,-0.0223048327137546,,,0.0072862453531598,0.0679553903345725,-0.0892193308550185,-0.1449814126394052,0.0013826845352052,-0.086905230043256,1250.0,1135.0,0.3283582089552239,-0.0007489514679448,0.0017955777941415,0.0011164154969691
2001-06-05,1345.0,1390.0,1300.0,1370.0,177000.0,1370.0,1298.0,1274.5,1336.0,1256.6,1004.5,False,False,False,False,False,False,True,True,False,False,True,-0.0328467153284671,-0.0510948905109489,,,0.0248175182481751,0.0827737226277372,-0.1094890510948905,-0.1970802919708029,0.0023873945567404,-0.098862298940761,1240.0,1075.0,8.045454545454545,0.0005988023952095,0.0013477538631544,0.0010047100215351
2001-06-06,1350.0,1365.0,1325.0,1350.0,67000.0,1350.0,1323.0,1281.0,1334.0,1258.2666666666669,1007.575,False,False,False,False,False,False,False,True,False,True,False,-0.0333333333333333,-0.074074074074074,,,0.0118518518518518,0.0679506172839504,-0.0925925925925925,-0.1851851851851851,0.0013245734873373,-0.1131928181108509,1225.0,1135.0,0.3785310734463277,-0.0014992503748125,-0.0020980527700221,-0.001062821069403
2001-06-07,1325.0,1345.0,1325.0,1345.0,13000.0,1345.0,1342.0,1288.5,1333.4,1259.5333333333333,1010.575,False,False,False,False,False,False,False,True,False,False,False,-0.0185873605947955,-0.0743494423791821,,,0.008624535315985,0.063543990086741,-0.0966542750929368,-0.0929368029739776,0.0010056634732438,-0.1164144353899883,1175.0,1135.0,0.1940298507462686,-0.0004499775011248,0.0010492728736877,-0.0003189100140934
2001-06-08,1350.0,1350.0,1300.0,1305.0,53000.0,1305.0,1343.0,1294.0,1328.8,1260.2666666666669,1013.225,False,False,False,False,False,True,False,True,False,True,False,-0.003831417624521,-0.0153256704980842,,,-0.0182375478927202,0.0342784163473817,-0.0804597701149425,-0.0459770114942528,0.0005818874312316,-0.1166924265842349,1185.0,1115.0,4.076923076923077,-0.0034617700180615,-0.0030117925169366,-0.0004237760420121
2001-06-11,1305.0,1325.0,1300.0,1300.0,30000.0,1300.0,1334.0,1301.0,1322.8,1261.8666666666666,1015.975,False,False,False,False,False,False,False,True,False,True,False,0.0115384615384615,-0.0384615384615384,,,-0.0175384615384615,0.0293333333333334,-0.0769230769230769,-0.0423076923076923,0.001267962806424,-0.1026133743274404,1225.0,1100.0,0.5660377358490566,-0.0045358330813426,-0.001074063063281,0.0006860753751924
2001-06-12,1300.0,1325.0,1300.0,1325.0,20000.0,1325.0,1325.0,1311.5,1319.8,1263.5333333333333,1018.85,False,False,False,False,False,False,False,True,False,False,False,-0.0188679245283018,-0.0226415094339622,,,0.0039245283018868,0.0463899371069182,-0.1132075471698113,-0.0754716981132075,0.0013190523927611,-0.1021730842546702,1225.0,1150.0,0.6666666666666666,-0.0022730716775268,0.0022627614038157,5.108958633700785e-05
2001-06-13,1305.0,1345.0,1305.0,1305.0,28000.0,1305.0,1316.0,1319.5,1316.2,1265.4,1021.625,False,False,False,False,False,False,False,True,False,True,False,-0.0421455938697318,-0.0191570881226053,,,-0.0085823754789272,0.0303448275862068,-0.1187739463601532,-0.0498084291187739,0.0014751593698963,-0.1061007957559681,1290.0,1165.0,1.4,-0.00273514663425,-0.0004620749567231,0.0001561069771352
2001-06-14,1300.0,1320.0,1280.0,1320.0,31000.0,1320.0,1311.0,1326.5,1313.2,1267.6666666666667,1024.775,False,False,False,False,False,False,False,True,False,False,False,-0.0568181818181818,-0.0303030303030303,,,0.0051515151515151,0.0396464646464645,-0.1136363636363636,-0.0454545454545454,0.0017880620562713,-0.0987561251413494,1350.0,1125.0,1.1071428571428572,-0.0022844958879074,0.0004506507463426,0.000312902686375
2001-06-15,1300.0,1300.0,1270.0,1300.0,17000.0,1300.0,1310.0,1326.5,1310.8,1269.6666666666667,1027.775,False,False,False,False,False,False,False,True,False,False,False,-0.0115384615384615,0.0,,,-0.0083076923076922,0.0233333333333332,-0.1346153846153846,-0.0038461538461538,0.0015752165922814,-0.0893328307576328,1400.0,1150.0,0.5483870967741935,-0.0018309429356119,0.0004535529522954,-0.0002128454639899
2001-06-18,1300.0,1315.0,1275.0,1315.0,18000.0,1315.0,1313.0,1323.5,1309.4,1271.5333333333333,1030.475,False,False,False,False,False,False,False,True,False,False,False,-0.0494296577946768,-0.0038022813688212,,,0.0042585551330797,0.0330544993662864,-0.1216730038022813,0.026615969581749,0.0014680438315943,-0.0721571590479788,1400.0,1150.0,1.0588235294117647,-0.001069191996334,0.0007617509392778,-0.0001071727606871
2001-06-19,1315.0,1315.0,1275.0,1300.0,63000.0,1300.0,1308.0,1316.5,1308.0,1273.2,1033.125,False,False,False,False,False,False,False,True,False,True,False,-0.0038461538461538,-0.0076923076923076,,,-0.0061538461538461,0.0206153846153845,-0.0692307692307692,0.0153846153846153,0.0013090375955598,-0.05051272312951,1350.0,1175.0,3.5,-0.0010703363914373,-1.1443951032838722e-06,-0.0001590062360345
2001-06-20,1250.0,1295.0,1250.0,1250.0,12000.0,1250.0,1297.0,1306.5,1306.0,1274.5333333333333,1035.725,False,False,False,False,False,False,False,True,False,True,False,0.024,0.04,,,-0.0448,-0.0196266666666666,-0.04,0.04,0.0010461345329008,-0.0279372368924607,1475.0,1155.0,0.1904761904761904,-0.001531393568147,-0.0004610571767096,-0.0002629030626589
2001-06-21,1250.0,1250.0,1175.0,1245.0,15000.0,1245.0,1282.0,1296.5,1299.8,1275.8,1038.275,False,False,False,False,False,False,False,True,False,True,False,0.0281124497991967,0.0441767068273092,,,-0.044016064257028,-0.0247389558232931,-0.0963855421686747,0.0441767068273092,0.0009928410931702,-0.0142691862707288,1425.0,1190.0,1.25,-0.00476996460994,-0.003238571041793,-5.329343973058511e-05
2001-06-22,1195.0,1285.0,1195.0,1285.0,44000.0,1285.0,1279.0,1294.5,1297.2,1277.6,1040.975,False,False,False,False,False,False,False,True,False,False,False,0.0116731517509727,-0.0350194552529182,,,-0.0094941634241245,0.0057587548638133,-0.1245136186770428,0.0116731517509727,0.0014088916718847,-0.0084974893781382,1385.0,1200.0,2.933333333333333,-0.0020043169904408,0.0027656476194991,0.0004160505787144
2001-06-25,1290.0,1290.0,1250.0,1250.0,6000.0,1250.0,1266.0,1289.5,1291.2,1279.1333333333334,1043.25,False,False,False,False,False,False,False,True,False,True,False,0.048,-0.02,,,-0.03296,-0.0233066666666667,-0.08,0.144,0.0011987283056237,0.009693679720822,1370.0,1190.0,0.1363636363636363,-0.0046468401486988,-0.002642523158258,-0.0002101633662609
2001-06-27,1255.0,1300.0,1250.0,1295.0,91000.0,1295.0,1265.0,1286.5,1289.4,1282.0666666666666,1046.025,False,False,False,False,True,False,False,True,False,False,False,-0.0038610038610038,-0.0579150579150579,,,0.0043243243243242,0.00998712998713,-0.1158301158301158,0.0965250965250965,0.0022879725443293,0.0272055965798678,1350.0,1180.0,15.166666666666666,-0.0013959981386691,0.0032508420100297,0.0010892442387055
2001-06-28,1300.0,1300.0,1275.0,1280.0,13000.0,1280.0,1271.0,1284.0,1289.2,1284.0,1048.825,False,False,False,False,False,False,False,True,False,False,False,0.015625,-0.04296875,,,-0.0071875,-0.003125,-0.10546875,0.1171875,0.0015057113187954,0.0440031152647975,1400.0,1175.0,0.1428571428571428,-0.0001551349674216,0.0012408631712474,-0.0007822612255338
2001-06-29,1275.0,1285.0,1275.0,1280.0,25000.0,1280.0,1278.0,1280.0,1289.6,1285.9333333333334,1051.725,False,False,False,False,False,False,True,True,False,False,False,0.015625,-0.05078125,,,-0.0074999999999999,-0.0046354166666667,-0.12109375,0.1015625,0.0015034475607859,0.058984375,1360.0,1240.0,1.9230769230769231,0.0003101736972703,0.000465308664692,-2.263758009490857e-06
2001-07-02,1295.0,1300.0,1290.0,1300.0,44000.0,1300.0,1281.0,1280.0,1291.6,1288.4,1054.65,False,False,False,False,False,False,True,True,True,False,False,-0.0461538461538461,-0.0769230769230769,,,0.0064615384615385,0.0089230769230768,-0.1461538461538461,0.1269230769230769,0.0019145193004243,0.072265625,1420.0,1215.0,1.76,0.0015484670176525,0.0012382933203821,0.0004110717396383
2001-07-03,1275.0,1310.0,1275.0,1310.0,4000.0,1310.0,1293.0,1279.5,1294.8,1291.2,1057.6,False,False,False,False,False,False,True,True,False,False,False,-0.0648854961832061,-0.0839694656488549,,,0.0116030534351145,0.0143511450381679,-0.1259541984732824,0.1641221374045801,0.0021685254027261,0.0863618601016021,1450.0,1250.0,0.0909090909090909,0.0024714241581711,0.0009229571405186,0.0002540061023017
2001-07-04,1290.0,1290.0,1250.0,1290.0,21000.0,1290.0,1292.0,1278.5,1297.6,1293.0666666666666,1060.6,False,False,False,False,False,False,True,True,False,True,False,-0.0542635658914728,-0.0891472868217054,,,-0.0058914728682169,-0.002377260981912,-0.0581395348837209,0.2015503875968992,0.0014435966178592,0.1052014078998826,1400.0,1240.0,5.25,0.002157829839704,-0.0003135943184671,-0.0007249287848668
2001-07-05,1265.0,1300.0,1240.0,1300.0,37000.0,1300.0,1296.0,1283.5,1300.6,1294.8666666666666,1063.6,False,False,False,False,False,False,True,True,False,False,True,-0.0576923076923076,-0.1153846153846153,,,-0.0004615384615383,0.003948717948718,-0.0884615384615384,0.2692307692307692,0.0013901045152653,0.1281651733541098,1395.0,1225.0,1.761904761904762,0.0023066277102875,0.0001487978705835,-5.349210259389848e-05
2001-07-06,1250.0,1300.0,1250.0,1300.0,8000.0,1300.0,1300.0,1289.0,1302.6,1297.2,1066.6,False,False,False,False,False,False,True,True,False,True,False,-0.0653846153846153,-0.1,,,-0.0019999999999999,0.0021538461538461,-0.0884615384615384,0.273076923076923,0.0017987460170625,0.1508921644685802,1395.0,1175.0,0.2162162162162162,0.0015353907569476,-0.0007712369533399,0.0004086415017971
2001-07-09,1175.0,1240.0,1175.0,1240.0,24000.0,1240.0,1288.0,1284.5,1300.2,1298.4,1069.05,False,False,False,False,False,False,False,True,False,True,False,-0.032258064516129,-0.0927419354838709,,,-0.0485483870967742,-0.0470967741935484,-0.0564516129032258,0.2903225806451613,0.0009242144177449,0.1782794861813935,1360.0,1185.0,3.0,-0.0018458698661743,-0.0033812606231219,-0.0008745315993175
2001-07-10,1250.0,1250.0,1150.0,1225.0,60000.0,1225.0,1271.0,1282.0,1295.4,1299.4,1071.475,False,False,True,False,False,False,False,True,False,True,False,-0.0204081632653061,-0.0571428571428571,,,-0.0574693877551021,-0.060734693877551,-0.0612244897959183,0.3918367346938775,0.000769585962752,0.2020280811232449,1350.0,1225.0,2.5,-0.0037054191755441,-0.0018595493093698,-0.0001546284549929
2001-07-11,1200.0,1225.0,1130.0,1220.0,45000.0,1220.0,1257.0,1274.5,1289.4,1300.0,1073.975,False,False,False,False,False,False,False,True,False,True,False,-0.0368852459016393,-0.0081967213114754,,,-0.0568852459016394,-0.0655737704918032,-0.0573770491803278,0.3729508196721312,0.0004615384615383,0.2291094546881129,1335.0,1225.0,0.75,-0.0046533271288971,-0.0009479079533529,-0.0003080475012136
2001-07-12,1220.0,1225.0,1220.0,1225.0,8000.0,1225.0,1242.0,1269.0,1284.4,1300.9333333333334,1076.45,False,False,False,False,False,False,False,True,False,False,False,-0.0612244897959183,-0.0204081632653061,,,-0.0484897959183674,-0.0619863945578231,-0.0612244897959183,0.3755102040816326,0.0007174336373885,0.2545311268715524,1300.0,1290.0,0.1777777777777777,-0.0038928682653379,0.0007604588635592,0.0002558951758501
2001-07-13,1150.0,1215.0,1150.0,1215.0,8000.0,1215.0,1225.0,1262.5,1279.2,1301.2666666666669,1079.025,False,False,False,False,False,False,False,True,False,True,False,-0.037037037037037,-0.074074074074074,,,-0.0528395061728395,-0.0710013717421126,-0.0534979423868312,0.382716049382716,0.0002561606639685,0.2823762376237623,1400.0,1350.0,1.0,-0.0040650406504065,-0.0001721723850686,-0.00046127297342
2001-07-16,1205.0,1205.0,1200.0,1200.0,16000.0,1200.0,1217.0,1252.5,1275.0,1301.2666666666669,1081.6,False,False,False,False,False,False,False,False,False,False,False,-0.0625,-0.0625,,,-0.0625,-0.084388888888889,-0.0416666666666666,0.3958333333333333,0.0,0.3093812375249501,1350.0,1400.0,2.0,-0.0032941176470588,0.0007709230033476,-0.0002561606639685
2001-07-17,1160.0,1200.0,1150.0,1200.0,16000.0,1200.0,1212.0,1241.5,1271.0,1301.4,1084.125,False,False,False,False,False,False,False,True,False,False,False,-0.0375,-0.0416666666666666,,,-0.0591666666666666,-0.0845,0.0416666666666666,0.4125,0.0001024537677372,0.3346757954087797,1400.0,1400.0,1.0,-0.003147128245476,0.0001469894015828,0.0001024537677372
2001-07-18,1195.0,1195.0,1125.0,1175.0,192000.0,1175.0,1203.0,1230.0,1265.0,1301.3333333333333,1086.55,False,False,False,False,False,False,False,False,False,True,False,0.0297872340425531,-0.025531914893617,,,-0.076595744680851,-0.1075177304964538,0.0425531914893617,0.3957446808510638,-5.122950819684944e-05,0.3544715447154472,1340.0,1350.0,12.0,-0.0047430830039525,-0.0015959547584765,-0.000153683275934
2001-07-19,1175.0,1175.0,1150.0,1150.0,23000.0,1150.0,1188.0,1215.0,1258.8,1301.0,1088.825,False,False,False,False,False,False,False,False,False,True,False,0.0434782608695652,-0.0043478260869565,,,-0.0946086956521738,-0.1313043478260869,0.0217391304347826,0.4521739130434782,-0.0002562131693568,0.3728395061728395,1285.0,1475.0,0.1197916666666666,-0.0049253257070225,-0.00018224270307,-0.0002049836611599
2001-07-23,1145.0,1170.0,1145.0,1170.0,15000.0,1170.0,1179.0,1202.0,1252.8,1300.0666666666666,1091.2,False,False,False,False,False,False,False,False,False,False,False,-0.0384615384615384,-0.0384615384615384,,,-0.0707692307692307,-0.1111680911680911,-0.0555555555555555,0.4444444444444444,-0.0007179119019537,0.3905990016638935,1270.0,1425.0,0.6521739130434783,-0.0047892720306513,0.0001360536763712,-0.0004616987325969
2001-07-24,1115.0,1150.0,1115.0,1125.0,9000.0,1125.0,1164.0,1190.5,1245.8,1298.8666666666666,1093.375,False,False,False,False,False,False,False,False,False,True,False,0.0,-0.0133333333333333,,,-0.1073777777777777,-0.154548148148148,0.0933333333333333,0.5733333333333334,-0.0009238823589796,0.4183116337673246,1250.0,1385.0,0.6,-0.0056188794349012,-0.0008296074042499,-0.0002059704570258
2001-07-25,1115.0,1155.0,1050.0,1155.0,66000.0,1155.0,1155.0,1183.5,1239.4,1297.6,1096.025,False,False,False,False,False,False,False,False,False,False,False,-0.0043290043290043,-0.0086580086580086,,,-0.0730735930735931,-0.1234632034632033,0.0303030303030303,0.5800865800865801,-0.0009761611179613,0.4368398817068019,1230.0,1370.0,7.333333333333333,-0.0051637889301273,0.0004550905047738,-5.227875898169456e-05
2001-07-26,1155.0,1220.0,1155.0,1210.0,55000.0,1210.0,1162.0,1182.5,1235.8,1297.2,1098.6,False,False,False,False,False,False,False,False,False,False,False,-0.0537190082644628,0.0041322314049586,,,-0.0213223140495867,-0.0720661157024793,-0.0495867768595041,0.5330578512396694,-0.0003083564600677,0.453276955602537,1220.0,1350.0,0.8333333333333334,-0.0029130927334521,0.0022506961966752,0.0006678046578936
2001-07-27,1115.0,1200.0,1115.0,1200.0,18000.0,1200.0,1172.0,1180.0,1233.8,1296.8666666666666,1101.3,False,False,False,False,False,False,False,False,False,False,False,-0.0458333333333333,-0.0125,,,-0.0281666666666666,-0.0807222222222221,-0.0458333333333333,0.5583333333333333,-0.0002570297640467,0.4720338983050847,1225.0,1400.0,0.3272727272727272,-0.0016210082671421,0.0012920844663099,5.13266960209397e-05
2001-07-30,1195.0,1195.0,1105.0,1125.0,24000.0,1125.0,1163.0,1171.0,1229.0,1296.2,1103.5,False,False,False,False,False,False,False,False,False,True,False,0.0,0.0533333333333333,,,-0.0924444444444444,-0.1521777777777778,0.0044444444444444,0.6844444444444444,-0.0005143239212054,0.5017079419299744,1250.0,1360.0,1.3333333333333333,-0.0039056143205858,-0.0022846060534436,-0.0002572941571586
2001-07-31,1100.0,1125.0,1050.0,1125.0,24000.0,1125.0,1163.0,1163.5,1222.6,1295.4,1106.0,False,False,False,False,False,False,False,False,False,True,False,-0.0133333333333333,0.04,,,-0.0867555555555554,-0.1514666666666667,0.0577777777777777,0.6488888888888888,-0.0006175698625906,0.5268586162440911,1300.0,1420.0,1.0,-0.0052347456240799,-0.001329131303494,-0.0001032459413852
2001-08-01,1115.0,1150.0,1105.0,1150.0,19000.0,1150.0,1162.0,1158.5,1218.6,1294.4,1108.35,False,False,False,False,False,False,False,False,False,False,False,-0.0043478260869565,0.0,,,-0.0596521739130434,-0.1255652173913044,0.0521739130434782,0.5695652173913044,-0.0007725587144622,0.5429434613724644,1345.0,1450.0,0.7916666666666666,-0.0032824552765468,0.001952290347533,-0.0001549888518716
2001-08-02,1150.0,1150.0,1145.0,1145.0,11000.0,1145.0,1149.0,1155.5,1212.6,1293.3333333333333,1110.075,False,False,False,False,False,False,False,False,False,True,False,0.0611353711790393,0.0043668122270742,,,-0.0590393013100435,-0.1295487627365356,0.0698689956331877,0.5938864628820961,-0.0008247422680413,0.5629597576806578,1370.0,1400.0,0.5789473684210527,-0.0049480455220188,-0.0016655902454719,-5.2183553579066943e-05
2001-08-03,1125.0,1145.0,1100.0,1145.0,28000.0,1145.0,1138.0,1155.0,1207.2,1291.4,1111.3,False,False,False,False,False,False,False,False,False,False,False,0.0349344978165938,0.0043668122270742,,,-0.0543231441048035,-0.1278602620087337,0.0698689956331877,0.6462882096069869,-0.0014970832688037,0.5822510822510822,1350.0,1395.0,2.5454545454545454,-0.0044731610337971,0.0004748844882216,-0.0006723410007623
2001-08-06,1080.0,1125.0,1050.0,1125.0,19000.0,1125.0,1138.0,1150.5,1201.0,1288.4,1112.425,False,False,False,False,False,False,False,False,False,True,False,0.0533333333333333,0.0222222222222222,,,-0.0675555555555555,-0.1452444444444445,0.0622222222222222,0.7288888888888889,-0.0023284694194349,0.6106040851803564,1345.0,1395.0,0.6785714285714286,-0.0051623646960866,-0.0006892036622895,-0.0008313861506312
2001-08-07,1065.0,1110.0,1005.0,1110.0,68000.0,1110.0,1135.0,1149.0,1193.4,1284.5333333333333,1113.475,False,False,False,False,False,False,False,False,False,True,False,0.054054054054054,0.036036036036036,,,-0.0751351351351352,-0.1572372372372372,0.081081081081081,0.9054054054054054,-0.0030101723064148,0.6427328111401218,1305.0,1360.0,3.5789473684210527,-0.0063683593095357,-0.001205994613449,-0.0006817028869799
2001-08-08,1110.0,1145.0,1100.0,1145.0,46000.0,1145.0,1134.0,1148.0,1186.8,1281.1333333333334,1114.925,False,False,False,False,False,False,False,False,False,False,False,0.0043668122270742,0.0917030567685589,,,-0.0365065502183405,-0.1188937409024746,-0.1266375545851528,0.834061135371179,-0.0026539001925377,0.6681184668989547,1300.0,1350.0,0.6764705882352942,-0.0055611729019212,0.0008071864076144,0.0003562721138771
2001-08-09,1140.0,1215.0,1140.0,1215.0,103000.0,1215.0,1148.0,1148.5,1183.8,1279.3333333333333,1116.55,False,False,False,False,True,False,False,False,False,False,False,-0.0534979423868312,0.0082304526748971,,,0.025679012345679,-0.052949245541838,-0.074074074074074,0.720164609053498,-0.0014069828035436,0.6878537222464084,1325.0,1335.0,2.239130434782609,-0.0025342118601115,0.0030269610418097,0.001246917388994
2001-08-10,1165.0,1295.0,1150.0,1185.0,148000.0,1185.0,1156.0,1147.0,1179.2,1275.4666666666667,1118.0,False,False,False,False,False,False,False,False,False,True,False,-0.0295358649789029,-0.0084388185654008,,,0.0048945147679324,-0.0763431786216596,0.0295358649789029,0.7805907172995781,-0.0030315701442608,0.7109851787271142,1305.0,1300.0,1.4368932038834952,-0.0039009497964721,-0.0013667379363606,-0.0016245873407171
2001-08-13,1185.0,1185.0,1185.0,1185.0,6000.0,1185.0,1168.0,1153.0,1174.6,1272.2666666666669,1119.7,False,False,False,False,False,False,False,False,False,True,True,-0.0295358649789029,-0.0675105485232067,,,0.0087763713080169,-0.0736427566807315,-0.0717299578059071,0.7637130801687764,-0.0025151959756862,0.7189939288811795,1320.0,1400.0,0.0405405405405405,-0.003916226800613,-1.5277004140983302e-05,0.0005163741685745
2001-08-14,1170.0,1170.0,1165.0,1170.0,31000.0,1170.0,1180.0,1157.5,1171.8,1269.4,1121.775,False,False,False,False,False,True,False,False,False,False,False,-0.017094017094017,0.0512820512820512,,,-0.0015384615384614,-0.084957264957265,0.0,0.8247863247863247,-0.002258284753952,0.7365010799136069,1300.0,1350.0,5.166666666666667,-0.0023894862604539,0.0015267405401591,0.0002569112217342
2001-08-15,1175.0,1175.0,1150.0,1150.0,20000.0,1150.0,1181.0,1157.5,1168.8,1266.4666666666667,1123.15,False,False,False,False,False,False,False,False,False,True,False,0.0869565217391304,0.0347826086956521,,,-0.0163478260869564,-0.1012753623188406,0.0,0.7956521739130434,-0.0023161551823972,0.758963282937365,1315.0,1400.0,0.6451612903225806,-0.0025667351129363,-0.0001772488524823,-5.787042844517497e-05
2001-08-16,1125.0,1150.0,1105.0,1150.0,26000.0,1150.0,1168.0,1158.0,1166.0,1263.8,1124.7,False,False,False,False,False,False,False,False,False,False,False,0.0652173913043478,0.0,,,-0.0139130434782608,-0.0989565217391304,-0.0434782608695652,0.7869565217391304,-0.0021100385082028,0.7780656303972366,1300.0,1340.0,1.3,-0.0024013722126929,0.0001653629002434,0.0002061166741944
2001-08-17,1120.0,1150.0,1085.0,1150.0,12000.0,1150.0,1161.0,1158.5,1163.0,1260.4666666666667,1126.15,False,False,False,False,False,False,False,False,False,True,False,0.0217391304347826,-0.0043478260869565,,,-0.0113043478260869,-0.0960579710144927,-0.0434782608695652,0.7217391304347827,-0.0026445231924683,0.7854984894259819,1250.0,1285.0,0.4615384615384615,-0.0025795356835769,-0.000178163470884,-0.0005344846842655
2001-08-20,1150.0,1150.0,1150.0,1150.0,1000.0,1150.0,1154.0,1161.0,1160.4,1257.6666666666667,1127.6,False,False,False,False,False,False,False,False,False,False,True,-0.0391304347826087,-0.017391304347826,,,-0.0090434782608696,-0.0936231884057971,0.0608695652173913,0.6304347826086957,-0.0022263450834879,0.7756244616709733,1245.0,1270.0,0.0833333333333333,-0.0022406066873491,0.0003389289962278,0.0004181781089804
2001-08-21,1105.0,1175.0,1050.0,1150.0,35000.0,1150.0,1150.0,1165.0,1158.4,1254.0666666666666,1129.15,False,False,False,False,False,False,False,False,False,False,False,0.0695652173913043,0.0347826086956521,,,-0.007304347826087,-0.0904927536231883,0.0826086956521739,0.6260869565217392,-0.0028706607835841,0.7484978540772532,1285.0,1250.0,35.0,-0.0017265193370165,0.0005140873503325,-0.0006443157000962
2001-08-22,1150.0,1250.0,1125.0,1250.0,43000.0,1250.0,1170.0,1175.5,1160.4,1251.4,1131.275,False,False,False,False,True,False,True,False,True,False,False,-0.048,-0.032,,,0.0716799999999999,-0.00112,-0.004,0.492,-0.0021309466730593,0.7128881327094854,1250.0,1230.0,1.2285714285714286,0.0017235436056532,0.0034500629426697,0.0007397141105247
2001-08-23,1235.0,1235.0,1215.0,1225.0,74000.0,1225.0,1185.0,1176.5,1162.4,1249.0666666666666,1133.4,False,False,False,False,False,False,True,False,False,True,False,-0.0612244897959183,0.0,,,0.0511020408163264,-0.0196462585034013,0.0,0.5224489795918368,-0.0018680614859096,0.6923076923076923,1295.0,1220.0,1.7209302325581397,0.0017205781142463,-2.965491406836185e-06,0.0002628851871497
2001-08-24,1105.0,1175.0,1105.0,1175.0,3000.0,1175.0,1190.0,1175.5,1163.4,1246.1333333333334,1135.5,False,False,False,False,False,False,True,False,False,True,False,-0.025531914893617,0.0425531914893617,,,0.0098723404255318,-0.0605390070921986,0.0553191489361702,0.5106382978723404,-0.0023539482131391,0.6652488302849852,1280.0,1225.0,0.0405405405405405,0.0008595495960116,-0.0008610285182346,-0.0004858867272295
2001-08-27,1150.0,1150.0,1105.0,1105.0,19000.0,1105.0,1181.0,1167.5,1160.8,1242.2666666666669,1137.05,False,False,False,False,False,False,False,False,False,True,False,0.0226244343891402,0.0814479638009049,,,-0.050497737556561,-0.1242232277526397,0.1402714932126696,0.7058823529411765,-0.0031125898894493,0.6591006423982869,1280.0,1250.0,6.333333333333333,-0.0022398345968298,-0.0030993841928415,-0.0007586416763101
2001-08-28,1105.0,1235.0,1100.0,1230.0,67000.0,1230.0,1197.0,1173.5,1165.0,1240.5333333333333,1138.75,False,False,False,False,False,False,True,False,True,False,True,-0.032520325203252,-0.024390243902439,,,0.0528455284552845,-0.0085636856368563,0.0528455284552845,0.5528455284552846,-0.001397248495271,0.6314443971026843,1300.0,1300.0,3.526315789473684,0.0036051502145923,0.0058449848114222,0.0017153413941782
2001-08-29,1200.0,1200.0,1190.0,1190.0,3000.0,1190.0,1185.0,1177.5,1166.4,1238.4,1140.375,False,False,False,False,False,False,True,False,False,True,False,0.0168067226890756,-0.1596638655462184,,,0.0198319327731091,-0.0406722689075631,0.134453781512605,0.634453781512605,-0.0017226528854434,0.6157112526539278,1310.0,1345.0,0.044776119402985,0.0012002743484225,-0.0024048758661697,-0.0003254043901724
2001-08-30,1195.0,1195.0,1125.0,1150.0,11000.0,1150.0,1170.0,1177.5,1164.0,1235.9333333333334,1142.0,False,False,False,False,False,False,False,False,False,True,False,0.0652173913043478,-0.0217391304347826,,,-0.0121739130434782,-0.0747246376811594,0.1478260869565217,0.6521739130434783,-0.0019957926533254,0.6025477707006369,1290.0,1370.0,3.6666666666666665,-0.0020618556701031,-0.0032621300185257,-0.0002731397678819
2001-08-31,1150.0,1155.0,1105.0,1145.0,63000.0,1145.0,1164.0,1177.0,1161.8,1233.8666666666666,1143.8,False,False,False,False,False,False,False,False,False,False,False,0.0698689956331877,0.0655021834061135,,,-0.0146724890829693,-0.0776128093158659,0.1353711790393013,0.5938864628820961,-0.0016749513723796,0.5900594732370433,1300.0,1350.0,5.727272727272728,-0.0018936133585815,0.0001682423115216,0.0003208412809457
2001-09-03,1150.0,1150.0,1130.0,1130.0,26000.0,1130.0,1169.0,1175.0,1162.0,1230.2666666666669,1145.45,False,False,False,False,False,False,True,False,False,False,False,0.0575221238938053,-0.0265486725663716,,,-0.0283185840707964,-0.0887315634218291,0.1504424778761062,0.5973451327433629,-0.002926194862902,0.5868085106382979,1300.0,1345.0,0.4126984126984127,0.0001721170395869,0.0020657303981685,-0.0012512434905224
2001-09-04,1150.0,1190.0,1125.0,1190.0,26000.0,1190.0,1161.0,1179.0,1164.6,1228.1333333333334,1147.15,False,False,False,True,True,False,True,False,True,False,True,0.0084033613445378,-0.0168067226890756,,,0.0213445378151261,-0.0320448179271709,0.0924369747899159,0.4873949579831932,-0.0017370535229617,0.5729431721798134,1240.0,1305.0,1.0,0.0022325261892494,0.0020604091496624,0.0011891413399403
2001-09-05,1215.0,1225.0,1190.0,1210.0,214000.0,1210.0,1165.0,1175.0,1167.0,1225.6,1148.775,False,False,False,False,False,False,True,False,False,True,False,-0.1735537190082644,-0.0495867768595041,,,0.0355371900826446,-0.012892561983471,0.1818181818181818,0.4214876033057851,-0.0020670147954744,0.5659574468085107,1225.0,1300.0,8.23076923076923,0.0020565552699229,-0.0001759709193264,-0.0003299612725127
2001-09-06,1225.0,1250.0,1160.0,1225.0,117000.0,1225.0,1180.0,1175.0,1170.2,1224.0666666666666,1150.65,False,False,False,False,False,False,True,False,False,False,False,-0.0816326530612244,-0.1020408163265306,,,0.0447346938775509,0.0007619047619048,0.1591836734693877,0.4040816326530612,-0.0012526550841457,0.5536170212765957,1220.0,1325.0,0.5467289719626168,0.0027345752862758,0.0006780200163529,0.0008143597113287
2001-09-07,1225.0,1225.0,1190.0,1225.0,33000.0,1225.0,1196.0,1180.0,1173.4,1223.2666666666669,1152.4,False,False,False,False,False,False,True,False,False,True,True,-0.0040816326530612,-0.1020408163265306,,,0.0421224489795917,0.0014149659863943,0.1673469387755102,0.3755102040816326,-0.0006539865932746,0.5394067796610169,1225.0,1305.0,0.282051282051282,0.002727117777399,-7.457508876839314e-06,0.0005986684908711
2001-09-10,1225.0,1225.0,1185.0,1195.0,80000.0,1195.0,1209.0,1189.0,1176.2,1222.2666666666669,1154.025,False,False,False,False,False,False,True,False,False,True,False,-0.0794979079497908,0.0209205020920502,,,0.0157322175732217,-0.0228172942817296,0.1799163179916318,0.200836820083682,-0.0008181520671975,0.4899074852817494,1215.0,1320.0,2.4242424242424243,0.0023805475259309,-0.0003465702514681,-0.0001641654739229
2001-09-11,1220.0,1225.0,1175.0,1200.0,104000.0,1200.0,1211.0,1186.0,1179.8,1221.6,1155.65,False,False,False,False,False,False,True,False,False,False,False,-0.025,0.0375,,,0.0168333333333333,-0.0179999999999999,0.2208333333333333,0.2458333333333333,-0.0005457323728446,0.4586846543001686,1200.0,1300.0,1.3,0.0030513646380741,0.0006708171121432,0.0002724196943529
2001-09-12,1000.0,1145.0,1000.0,1000.0,57000.0,1000.0,1169.0,1167.0,1174.0,1218.5333333333333,1156.275,False,False,False,False,False,False,False,False,False,True,False,0.15,0.245,,,-0.174,-0.2185333333333333,0.525,0.63,-0.0025166867272129,0.4554413024850043,1200.0,1315.0,0.5480769230769231,-0.0049403747870527,-0.0079917394251269,-0.0019709543543683
2001-09-13,975.0,1125.0,975.0,1125.0,78000.0,1125.0,1149.0,1164.5,1170.4,1217.2666666666669,1157.05,False,False,False,False,False,False,False,False,False,False,False,-0.0222222222222222,0.0888888888888888,,,-0.0403555555555556,-0.082014814814815,0.3777777777777777,0.5377777777777778,-0.0010405827263265,0.4439673679690854,1175.0,1300.0,1.368421052631579,-0.003075871496924,0.0018645032901287,0.0014761040008864
2001-09-14,1100.0,1220.0,1100.0,1220.0,67000.0,1220.0,1148.0,1172.0,1171.8,1217.2,1158.65,False,False,False,False,False,False,True,False,True,False,True,-0.0983606557377049,0.0163934426229508,,,0.0395081967213115,0.002295081967213,0.3524590163934426,0.4139344262295082,-5.477051155671492e-05,0.4261945392491467,1150.0,1250.0,0.8589743589743589,0.0011947431302268,0.0042706146271509,0.0009858122147698
2001-09-17,1095.0,1135.0,1075.0,1100.0,55000.0,1100.0,1129.0,1169.0,1168.4,1215.2,1159.125,False,False,False,False,False,False,False,False,False,True,False,0.109090909090909,0.1454545454545454,,,-0.0621818181818182,-0.1047272727272727,0.5045454545454545,0.5590909090909091,-0.0016458196181698,0.4221556886227545,1170.0,1245.0,0.8208955223880597,-0.0029099623416636,-0.0041047054718905,-0.0015910491066131
2001-09-18,1100.0,1170.0,1100.0,1170.0,18000.0,1170.0,1123.0,1167.0,1168.4,1213.4666666666667,1159.575,False,False,False,False,False,False,False,False,False,False,False,0.0641025641025641,0.1068376068376068,,,0.0013675213675212,-0.0371509971509971,0.3675213675213675,0.4700854700854701,-0.0014284144599494,0.4203084832904884,1125.0,1285.0,0.3272727272727272,0.0,0.0029099623416636,0.0002174051582203
2001-09-19,1110.0,1150.0,1100.0,1150.0,9000.0,1150.0,1153.0,1161.0,1168.4,1210.8666666666666,1160.15,False,False,False,False,False,False,False,False,False,False,False,0.0826086956521739,0.1739130434782608,,,-0.016,-0.0529275362318839,0.4826086956521739,0.4782608695652174,-0.0021472223751584,0.4259259259259259,1155.0,1250.0,0.5,0.0,0.0,-0.0007188079152089
2001-09-20,1085.0,1125.0,1060.0,1100.0,26000.0,1100.0,1148.0,1148.5,1166.4,1207.2666666666669,1160.15,False,False,False,False,False,False,False,False,False,True,False,0.1136363636363636,0.2,,,-0.0603636363636364,-0.0975151515151517,0.5227272727272727,0.5,-0.0029819426804348,0.43535045711798,1210.0,1295.0,2.888888888888889,-0.0017146776406035,-0.0017146776406035,-0.0008347203052764
2001-09-21,1080.0,1115.0,1080.0,1100.0,65000.0,1100.0,1124.0,1136.0,1164.4,1203.9333333333334,1160.2,False,False,False,False,False,False,False,False,False,True,False,0.1272727272727272,0.1818181818181818,,,-0.0585454545454546,-0.0944848484848485,0.5318181818181819,0.5454545454545454,-0.0027687025859683,0.4524647887323944,1200.0,1280.0,2.5,-0.0017176228100309,-2.945169427350696e-06,0.0002132400944665
2001-09-25,1150.0,1225.0,1150.0,1220.0,171000.0,1220.0,1148.0,1138.5,1167.2,1202.2666666666669,1161.15,False,False,False,False,True,False,True,False,True,False,True,0.0327868852459016,0.0655737704918032,,,0.0432786885245901,0.0145355191256828,0.3770491803278688,0.4057377049180328,-0.0013862703781744,0.4738691260430391,1125.0,1280.0,2.6307692307692307,0.0023989033584646,0.0041165261684955,0.0013824322077939
2001-09-26,1225.0,1245.0,1165.0,1245.0,731000.0,1245.0,1163.0,1143.0,1171.0,1201.4666666666667,1162.425,False,False,False,False,False,False,True,False,False,False,False,0.0401606425702811,0.0441767068273092,,,0.059437751004016,0.034966532797858,0.3453815261044177,0.3453815261044177,-0.000665852846521,0.4838145231846019,1125.0,1300.0,4.274853801169591,0.0032450896669512,0.0008461863084866,0.0007204175316533
2001-09-27,1240.0,1245.0,1185.0,1245.0,56000.0,1245.0,1182.0,1167.5,1170.8,1200.7333333333331,1163.775,False,False,False,False,False,False,False,False,False,True,False,0.0843373493975903,0.1485943775100401,,,0.0595983935742972,0.0355555555555557,0.3614457831325301,0.357429718875502,-0.0006107378824053,0.4578158458244111,1150.0,1310.0,0.0766073871409028,-0.0001708233686368,-0.0034159130355881,5.511496411567129e-05
2001-09-28,1190.0,1225.0,1190.0,1225.0,77000.0,1225.0,1207.0,1177.5,1170.8,1199.4,1164.975,False,False,False,False,False,False,False,False,False,False,False,0.0775510204081632,0.1591836734693877,,,0.0442448979591837,0.0208979591836733,0.3387755102040816,0.3469387755102041,-0.0011116669445831,0.4386411889596603,1145.0,1290.0,1.375,0.0,0.0001708233686368,-0.0005009290621777
2001-10-01,1220.0,1240.0,1210.0,1240.0,36000.0,1240.0,1235.0,1179.5,1173.4,1198.5333333333333,1166.45,False,False,False,False,False,False,True,False,True,False,False,0.0483870967741935,0.1532258064516129,,,0.0537096774193547,0.0334408602150537,0.3467741935483871,0.3266129032258064,-0.0007231060184671,0.4294192454429843,1145.0,1300.0,0.4675324675324675,0.0022157831941368,0.0022157831941368,0.000388560926116
2001-10-02,1240.0,1270.0,1240.0,1260.0,54000.0,1260.0,1243.0,1195.5,1179.6,1197.7333333333331,1168.125,False,False,False,False,False,False,True,False,False,False,False,0.0317460317460317,0.119047619047619,,,0.0638095238095238,0.0494179894179895,0.3412698412698413,0.2896825396825397,-0.0006679283090283,0.4027603513174404,1125.0,1300.0,1.5,0.0052560189894878,0.0030402357953509,5.5177709438800136e-05
2001-10-03,1250.0,1300.0,1225.0,1295.0,171000.0,1295.0,1253.0,1208.0,1182.2,1197.6666666666667,1170.175,False,False,False,False,False,False,True,False,False,True,False,0.0038610038610038,0.1312741312741312,,,0.087104247104247,0.0751608751608751,0.3667953667953668,0.2471042471042471,-5.566379070390648e-05,0.3795529801324503,1110.0,1240.0,3.1666666666666665,0.0021992894603283,-0.0030567295291594,0.0006122645183244
2001-10-04,1295.0,1375.0,1290.0,1350.0,237000.0,1350.0,1274.0,1228.0,1188.6,1198.1333333333334,1172.55,False,False,False,False,False,False,True,True,False,False,False,0.0592592592592592,0.1296296296296296,,,0.1195555555555556,0.1124938271604937,0.3518518518518518,0.1777777777777777,0.0003894947696416,0.3481270358306189,1145.0,1225.0,1.3859649122807018,0.0053844859498568,0.0031851964895285,0.0004451585603455
2001-10-05,1305.0,1350.0,1295.0,1320.0,55000.0,1320.0,1293.0,1250.0,1195.4,1198.4,1175.025,False,False,False,False,False,False,True,True,False,False,False,0.0757575757575757,0.1742424242424242,,,0.0943939393939393,0.092121212121212,0.4053030303030303,0.1742424242424242,0.0002225189141076,0.3164,1215.0,1220.0,0.2320675105485232,0.0056884724778318,0.0003039865279749,-0.000166975855534
2001-10-09,1245.0,1305.0,1245.0,1300.0,65000.0,1300.0,1305.0,1270.0,1201.6,1199.0666666666666,1177.3,True,True,False,False,False,False,True,True,False,True,False,0.1,0.2692307692307692,,,0.0756923076923077,0.0776410256410257,0.4384615384615384,0.2346153846153846,0.0005559879906592,0.2881889763779527,1185.0,1225.0,1.181818181818182,0.0051597869507322,-0.0005286855270996,0.0003334690765515
2001-10-10,1300.0,1305.0,1275.0,1300.0,121000.0,1300.0,1313.0,1278.0,1208.4,1199.8,1179.725,False,False,False,False,False,False,True,True,False,False,False,0.0846153846153846,0.273076923076923,,,0.0704615384615384,0.0770769230769231,0.4576923076923077,0.2269230769230769,0.0006112129799411,0.270735524256651,1185.0,1215.0,1.8615384615384616,0.0056272757365112,0.000467488785779,5.522498928183851e-05
2001-10-11,1300.0,1310.0,1280.0,1300.0,60000.0,1300.0,1314.0,1283.5,1212.8,1200.0,1182.225,False,False,False,False,False,False,True,True,False,True,False,0.1269230769230769,0.2307692307692307,,,0.0670769230769231,0.0769230769230769,0.4269230769230769,0.2192307692307692,0.0001666666666667,0.2582781456953642,1170.0,1200.0,0.4958677685950413,0.0036279683377307,-0.0019993073987804,-0.0004445463132744
2001-10-12,1295.0,1450.0,1285.0,1430.0,397000.0,1430.0,1330.0,1302.0,1221.6,1202.4,1185.575,False,False,False,False,False,False,True,True,False,False,False,0.0664335664335664,0.1923076923076923,,,0.1457342657342658,0.1591608391608391,0.2622377622377622,0.0909090909090909,0.001996007984032,0.2304147465437788,1150.0,1200.0,6.616666666666666,0.0072036673215454,0.0035756989838147,0.0018293413173653
2001-10-15,1440.0,1440.0,1400.0,1420.0,334000.0,1420.0,1350.0,1321.5,1229.4,1204.0666666666666,1188.925,False,False,False,False,False,False,True,True,False,True,False,0.0915492957746478,0.1795774647887324,,,0.134225352112676,0.1520657276995305,0.2852112676056338,0.102112676056338,0.0013841979956811,0.2058267120696178,1150.0,1175.0,0.8413098236775819,0.0063445583211324,-0.000859109000413,-0.0006118099883508
2001-10-16,1415.0,1465.0,1400.0,1430.0,264000.0,1430.0,1376.0,1340.5,1237.6,1206.0666666666666,1192.55,False,False,False,False,False,False,True,True,False,False,False,0.1538461538461538,0.1783216783216783,,,0.1345454545454546,0.1565967365967366,0.3181818181818182,0.0839160839160839,0.0016582831242054,0.1816486385676986,1150.0,1150.0,0.7904191616766467,0.0066257272139623,0.0002811688928299,0.0002740851285242
2001-10-17,1435.0,1445.0,1400.0,1410.0,151000.0,1410.0,1398.0,1355.5,1246.2,1207.8,1196.225,False,False,False,False,False,False,True,True,False,False,False,0.1737588652482269,0.1914893617021276,,,0.1161702127659574,0.1434042553191489,0.3794326241134751,0.0815602836879432,0.0014351161892145,0.1611951309479896,1150.0,1170.0,0.571969696969697,0.0069009789760874,0.000275251762125,-0.0002231669349908
2001-10-18,1405.0,1465.0,1405.0,1465.0,186000.0,1465.0,1431.0,1372.5,1256.8,1210.0,1199.9,False,False,False,False,False,False,True,True,False,False,False,0.0921501706484641,0.1433447098976109,,,0.1421160409556314,0.1740614334470989,0.4436860068259385,0.0238907849829351,0.0018181818181818,0.1384335154826958,1150.0,1125.0,1.2317880794701987,0.008434118395926,0.0015331394198386,0.0003830656289672
2001-10-19,1465.0,1535.0,1425.0,1525.0,589000.0,1525.0,1450.0,1390.0,1277.8,1212.8666666666666,1204.025,False,False,False,False,False,False,True,True,False,False,False,0.1180327868852459,0.1114754098360655,,,0.1620983606557377,0.2046775956284153,0.3770491803278688,0.0163934426229508,0.0023635464189522,0.1212230215827338,1250.0,1155.0,3.1666666666666665,0.0164344967913601,0.008000378395434,0.0005453646007704
2001-10-22,1540.0,1575.0,1525.0,1550.0,340000.0,1550.0,1476.0,1413.0,1294.8,1216.3333333333333,1208.375,False,False,False,False,False,False,True,True,False,True,False,0.0806451612903225,0.0580645161290322,,,0.1646451612903226,0.2152688172043011,0.3483870967741935,-0.0161290322580645,0.0028500959166895,0.1012031139419674,1225.0,1210.0,0.5772495755517827,0.0131294408402842,-0.0033050559510759,0.0004865494977372
2001-10-23,1550.0,1685.0,1545.0,1650.0,472000.0,1650.0,1520.0,1448.0,1312.0,1221.0,1212.75,False,False,False,False,False,False,True,True,False,True,False,0.0212121212121212,0.0121212121212121,,,0.2048484848484848,0.26,0.2787878787878788,-0.0818181818181818,0.0038220038220038,0.0683701657458563,1175.0,1200.0,1.388235294117647,0.013109756097561,-1.9684742723204834e-05,0.0009719079053143
2001-10-24,1650.0,1685.0,1630.0,1655.0,404000.0,1655.0,1569.0,1483.5,1334.2,1225.7333333333331,1217.175,False,False,False,False,False,False,True,True,False,False,False,0.0151057401812688,0.0211480362537764,,,0.1938368580060422,0.259375629405841,0.2628398791540785,-0.093655589123867,0.0038616338518436,0.0364004044489383,1105.0,1125.0,0.8559322033898306,0.0166391845300554,0.0035294284324944,3.963002983973759e-05
2001-10-25,1650.0,1650.0,1545.0,1600.0,297000.0,1600.0,1596.0,1513.5,1351.4,1230.5333333333333,1221.325,False,False,False,False,False,False,True,True,False,True,False,0.046875,0.10625,,,0.1553749999999999,0.2309166666666667,0.334375,-0.06875,0.0039007476432984,0.0095804426825239,1230.0,1125.0,0.7351485148514851,0.0127275418084949,-0.0039116427215605,3.911379145482476e-05
2001-10-26,1585.0,1705.0,1575.0,1705.0,432000.0,1705.0,1632.0,1541.0,1373.6,1236.9333333333334,1226.1,False,False,False,False,False,False,True,True,False,False,False,-0.0058651026392961,0.0703812316715542,,,0.1943695014662757,0.2745259042033235,0.2111436950146627,-0.126099706744868,0.0051740864503611,-0.0129785853341985,1190.0,1150.0,1.4545454545454546,0.0161619103086777,0.0034343685001828,0.0012733388070627
2001-10-29,1700.0,1700.0,1620.0,1675.0,154000.0,1675.0,1657.0,1566.5,1396.6,1243.0,1230.725,False,False,False,False,False,False,True,True,False,False,False,-0.0208955223880597,0.1074626865671641,,,0.1662089552238806,0.257910447761194,0.226865671641791,-0.1074626865671641,0.0048806650576561,-0.0335142036386849,1150.0,1145.0,0.3564814814814814,0.0164685665186882,0.0003066562100104,-0.000293421392705
2001-10-30,1625.0,1690.0,1610.0,1685.0,169000.0,1685.0,1664.0,1592.0,1420.0,1249.1333333333334,1235.4,False,False,False,False,False,False,True,True,False,False,False,-0.0089020771513353,0.1097922848664688,,,0.1572700296735905,0.2586745796241345,0.1750741839762611,-0.1275964391691394,0.0049100709825479,-0.0540201005025125,1145.0,1145.0,1.0974025974025974,0.0164788732394366,1.030672074843822e-05,2.940592489182516e-05
2001-10-31,1650.0,1690.0,1630.0,1680.0,238000.0,1680.0,1669.0,1619.0,1438.4,1255.3333333333333,1239.8,False,False,False,False,False,False,True,True,False,True,False,0.0059523809523809,0.1279761904761904,,,0.1438095238095237,0.2527777777777778,0.1160714285714285,-0.1309523809523809,0.0049389272437598,-0.0738109944410129,1130.0,1125.0,1.4082840236686391,0.0127919911012236,-0.003686882138213,2.8856261211828056e-05
2001-11-01,1665.0,1690.0,1615.0,1675.0,100000.0,1675.0,1684.0,1640.0,1455.6,1261.6666666666667,1244.375,False,False,False,False,False,False,True,True,False,True,False,0.0567164179104477,0.1074626865671641,,,0.1309850746268657,0.2467661691542288,0.1164179104477611,-0.1194029850746268,0.0050198150594452,-0.0871951219512195,1190.0,1110.0,0.4201680672268907,0.0118164330860125,-0.0009755580152111,8.088781568548527e-05
2001-11-02,1655.0,1715.0,1620.0,1695.0,292000.0,1695.0,1682.0,1657.0,1473.6,1268.2666666666669,1248.725,False,False,False,False,False,False,True,True,False,False,False,0.0766961651917404,0.0648967551622418,,,0.1306194690265487,0.2517600786627334,0.1002949852507374,-0.1327433628318584,0.005203952901598,-0.1013880506940253,1210.0,1145.0,2.92,0.012214983713355,0.0003985506273425,0.0001841378421527
2001-11-05,1700.0,1700.0,1635.0,1640.0,80000.0,1640.0,1675.0,1666.0,1490.2,1274.4666666666667,1252.45,False,False,False,False,False,False,True,True,False,True,False,0.1310975609756097,0.1128048780487804,,,0.0913414634146341,0.2228861788617886,0.1371951219512195,-0.1067073170731707,0.0048647800387088,-0.10984393757503,1225.0,1215.0,0.273972602739726,0.0111394443698833,-0.0010755393434717,-0.0003391728628892
2001-11-06,1600.0,1670.0,1600.0,1670.0,102000.0,1670.0,1672.0,1668.0,1507.4,1281.4,1256.55,False,False,False,False,False,False,True,True,False,False,False,0.1197604790419161,0.1287425149700598,,,0.0973652694610777,0.232694610778443,0.0628742514970059,-0.1107784431137724,0.0054107486603194,-0.1127098321342925,1225.0,1185.0,1.275,0.0114103754809606,0.0002709311110772,0.0005459686216106
2001-11-07,1665.0,1695.0,1600.0,1690.0,229000.0,1690.0,1674.0,1671.5,1524.6,1288.3333333333333,1260.75,False,False,False,False,False,False,True,True,False,True,False,0.1213017751479289,0.150887573964497,,,0.0978698224852071,0.23767258382643,0.1153846153846153,-0.1242603550295858,0.0053816300129364,-0.1157642835776248,1195.0,1185.0,2.2450980392156863,0.0112816476452838,-0.0001287278356767,-2.9118647383007297e-05
2001-11-08,1650.0,1775.0,1650.0,1770.0,251000.0,1770.0,1693.0,1688.5,1543.6,1296.9333333333334,1265.075,False,False,False,False,False,False,True,True,False,False,False,0.0480225988700565,0.1949152542372881,,,0.127909604519774,0.2672693032015065,0.0790960451977401,-0.1694915254237288,0.0066310270381413,-0.1258513473497186,1200.0,1170.0,1.0960698689956332,0.0123088883130344,0.0010272406677505,0.0012493970252048
2001-11-09,1770.0,1825.0,1730.0,1825.0,315000.0,1825.0,1719.0,1700.5,1562.6,1305.8666666666666,1269.875,False,False,False,False,False,False,True,True,False,True,False,-0.010958904109589,0.1506849315068493,,,0.1437808219178082,0.2844566210045662,0.0657534246575342,-0.1972602739726027,0.0068409230140901,-0.1334901499558953,1000.0,1150.0,1.254980079681275,0.0121592218098041,-0.0001496665032302,0.0002098959759487
2001-11-12,1825.0,1870.0,1780.0,1855.0,314000.0,1855.0,1762.0,1718.5,1584.0,1314.4666666666667,1273.675,False,False,False,False,False,False,True,True,False,False,False,-0.0161725067385444,0.1266846361185983,,,0.1460916442048517,0.291392632524708,0.0242587601078167,-0.2183288409703504,0.0065425774712178,-0.1451847541460576,1125.0,1150.0,0.9968253968253968,0.013510101010101,0.0013508792002968,-0.0002983455428722
2001-11-13,1895.0,1905.0,1820.0,1870.0,268000.0,1870.0,1802.0,1737.0,1606.8,1323.4,1277.375,False,False,False,False,False,False,True,True,False,False,False,0.0080213903743315,0.1283422459893048,,,0.1407486631016043,0.2922994652406416,-0.0240641711229946,-0.2379679144385026,0.0067502896579517,-0.1568796776050662,1220.0,1150.0,0.8535031847133758,0.0141896938013442,0.0006795927912431,0.0002077121867339
2001-11-14,1870.0,1915.0,1825.0,1895.0,302000.0,1895.0,1843.0,1758.5,1630.6,1333.6666666666667,1281.6,False,False,False,False,False,False,True,True,False,False,False,0.0263852242744063,0.1029023746701846,,,0.1395250659630607,0.2962181178540017,-0.0474934036939313,-0.2506596306068601,0.0076980754811297,-0.1694626101791299,1100.0,1150.0,1.126865671641791,0.0145958542867655,0.0004061604854213,0.0009477858231779
2001-11-15,1870.0,1890.0,1820.0,1855.0,95000.0,1855.0,1860.0,1776.5,1652.8,1343.4,1285.25,False,False,False,False,False,False,True,True,False,True,False,0.1401617250673854,0.1509433962264151,,,0.1090026954177897,0.2757951482479784,-0.045822102425876,-0.2237196765498652,0.0072452980000992,-0.1798480157613284,1170.0,1150.0,0.314569536423841,0.013431752178122,-0.0011641021086435,-0.0004527774810304
2001-11-16,1865.0,1885.0,1795.0,1805.0,152000.0,1805.0,1856.0,1787.5,1667.8,1352.1333333333334,1288.55,False,False,False,False,False,False,True,True,False,True,False,0.1634349030470914,0.1440443213296399,,,0.07601108033241,0.2508956602031393,-0.0470914127423822,-0.2216066481994459,0.0064589290996943,-0.1885314685314685,1150.0,1250.0,1.6,0.008993884158772,-0.0044378680193499,-0.0007863689004049
2001-11-19,1825.0,1825.0,1795.0,1825.0,122000.0,1825.0,1850.0,1806.0,1684.0,1361.2,1291.95,False,False,False,False,False,False,True,True,False,False,False,0.1452054794520547,0.1260273972602739,,,0.0772602739726027,0.2541369863013698,-0.0575342465753424,-0.2219178082191781,0.0066607894994612,-0.1993355481727574,1100.0,1225.0,0.8026315789473685,0.0096199524940617,0.0006260683352897,0.0002018603997668
2001-11-20,1850.0,1885.0,1850.0,1885.0,156000.0,1885.0,1853.0,1827.5,1702.2,1371.0666666666666,1295.4,False,False,False,False,False,False,True,True,False,False,False,0.1193633952254641,0.0503978779840848,,,0.0969761273209548,0.2726436781609195,-0.1061007957559681,-0.2572944297082228,0.0071963434795292,-0.213406292749658,1100.0,1175.0,1.278688524590164,0.0106920455880625,0.0010720930940007,0.000535553980068
2001-11-21,1880.0,1965.0,1850.0,1945.0,609000.0,1945.0,1863.0,1853.0,1723.6,1382.0,1299.125,False,False,False,False,False,False,True,True,False,False,False,0.0745501285347043,-0.0359897172236503,,,0.1138303341902314,0.2894601542416452,-0.2622107969151671,-0.2827763496143959,0.0079112397491558,-0.2288181327576902,1220.0,1105.0,3.9038461538461537,0.0124158737526107,0.0017238281645482,0.0007148962696266
2001-11-22,1950.0,2125.0,1950.0,2115.0,594000.0,2115.0,1915.0,1887.5,1749.6,1395.4,1303.575,False,False,False,False,False,False,True,True,False,False,False,0.0094562647754137,-0.1158392434988179,,,0.1727659574468085,0.3402364066193853,-0.293144208037825,-0.342789598108747,0.0096029812240218,-0.2471523178807947,1245.0,1230.0,0.9753694581280788,0.0148605395518975,0.0024446657992868,0.0016917414748659
2001-11-26,2110.0,2115.0,2065.0,2100.0,136000.0,2100.0,1974.0,1915.0,1772.6,1408.1333333333334,1307.475,False,False,False,False,False,False,True,True,False,True,False,-0.0166666666666666,-0.1119047619047619,,,0.1559047619047619,0.3294603174603174,-0.2238095238095238,-0.3357142857142857,0.0090427042893665,-0.2616187989556136,1245.0,1190.0,0.2289562289562289,0.0129752905336793,-0.0018852490182182,-0.0005602769346553
2001-11-27,2100.0,2135.0,2025.0,2090.0,322000.0,2090.0,2027.0,1938.5,1794.2,1419.8,1311.8,False,False,False,False,False,False,True,True,False,True,False,-0.0167464114832535,-0.1076555023923445,,,0.1415311004784688,0.3206698564593301,-0.1722488038277512,-0.3397129186602871,0.0082171197821288,-0.2741810678359556,1225.0,1150.0,2.367647058823529,0.0120387916620221,-0.0009364988716571,-0.0008255845072377
2001-11-28,2100.0,2115.0,2075.0,2110.0,171000.0,2110.0,2072.0,1962.5,1812.6,1432.1333333333334,1316.225,False,False,False,False,False,False,True,True,False,True,False,-0.0616113744075829,-0.1587677725118483,,,0.1409478672985782,0.3212638230647708,-0.1824644549763033,-0.3507109004739336,0.0086118610930082,-0.2858598726114649,1240.0,1145.0,0.531055900621118,0.0101511640737062,-0.0018876275883159,0.0003947413108793
2001-11-29,2100.0,2100.0,2030.0,2090.0,88000.0,2090.0,2101.0,1982.0,1830.0,1444.2,1320.55,False,False,False,False,False,False,True,True,False,True,False,-0.1028708133971291,-0.0980861244019138,,,0.124401913875598,0.3089952153110047,-0.1794258373205741,-0.3444976076555024,0.0083552601209435,-0.2954086781029263,1260.0,1130.0,0.5146198830409356,0.0095081967213115,-0.0006429673523946,-0.0002566009720647
2001-11-30,2050.0,2175.0,2050.0,2135.0,269000.0,2135.0,2105.0,2010.0,1851.4,1457.0666666666666,1324.85,False,False,False,False,False,False,True,True,False,False,False,-0.1241217798594847,-0.1053864168618267,,,0.1328337236533957,0.3175331772053084,-0.1943793911007025,-0.3583138173302108,0.0088305270863835,-0.3087064676616915,1295.0,1190.0,3.0568181818181817,0.0115588203521659,0.0020506236308544,0.00047526696544
2001-12-03,2095.0,2100.0,2045.0,2065.0,100000.0,2065.0,2098.0,2036.0,1865.8,1469.2666666666669,1329.1,False,False,False,False,False,False,True,True,False,True,False,-0.0968523002421307,-0.0581113801452784,,,0.0964648910411622,0.2884907183212267,-0.1767554479418886,-0.297820823244552,0.0083034620445575,-0.3153241650294695,1350.0,1210.0,0.3717472118959107,0.0077178690106119,-0.0038409513415539,-0.0005270650418259
2001-12-04,2000.0,2055.0,1945.0,2055.0,189000.0,2055.0,2091.0,2059.0,1881.0,1481.3333333333333,1333.65,False,False,False,False,False,False,True,True,False,False,False,-0.0924574209245742,-0.0754257907542579,,,0.0846715328467153,0.2791565287915653,-0.1970802919708029,-0.2335766423357664,0.0081458145814579,-0.3154443904808159,1320.0,1225.0,1.89,0.0080808080808081,0.0003629390701961,-0.0001576474630996
2001-12-05,2045.0,2045.0,1975.0,1980.0,93000.0,1980.0,2065.0,2068.5,1892.8,1492.4,1337.425,False,False,False,False,False,False,True,True,False,True,False,-0.1035353535353535,-0.0782828282828282,,,0.044040404040404,0.2462626262626262,-0.1414141414141414,-0.154040404040404,0.0074153488787636,-0.3052936910804931,1300.0,1225.0,0.492063492063492,0.0062341504649196,-0.0018466576158884,-0.0007304657026943
2001-12-06,1955.0,1980.0,1785.0,1875.0,153000.0,1875.0,2022.0,2061.5,1900.6,1502.0666666666666,1340.55,False,False,False,False,False,False,True,True,False,True,False,0.0053333333333333,-0.0373333333333333,,,-0.0136533333333332,0.1988977777777778,-0.0853333333333333,-0.12,0.0064355776485729,-0.2905651224836284,1300.0,1195.0,1.6451612903225807,0.0041039671682626,-0.002130183296657,-0.0009797712301906
2001-12-07,1825.0,1895.0,1710.0,1870.0,239000.0,1870.0,1969.0,2037.0,1908.4,1511.6666666666667,1343.65,False,False,False,False,False,False,True,True,False,True,False,0.0213903743315508,-0.053475935828877,,,-0.0205347593582888,0.1916221033868092,-0.1042780748663101,-0.1096256684491978,0.0063506063947079,-0.2685321551300932,1300.0,1200.0,1.562091503267974,0.0040871934604905,-1.6773707772072162e-05,-8.497125386505797e-05
2001-12-10,1895.0,1920.0,1825.0,1865.0,55000.0,1865.0,1929.0,2013.5,1915.2,1519.8666666666666,1347.075,False,False,False,False,False,False,True,True,False,True,False,0.0428954423592493,-0.0777479892761394,,,-0.0269168900804289,0.1850580875781948,-0.0938337801608579,-0.128686327077748,0.0053952101061495,-0.2485721380680407,1430.0,1000.0,0.2301255230125523,0.0035505430242272,-0.0005366504362633,-0.0009553962885583
2001-12-11,1845.0,1865.0,1795.0,1865.0,79000.0,1865.0,1891.0,1991.0,1924.2,1528.4,1350.4,False,False,False,False,False,False,True,True,False,False,False,0.0187667560321715,-0.0777479892761394,,,-0.0317426273458445,0.1804825737265415,-0.1152815013404825,-0.128686327077748,0.005583180668237,-0.2277749874434957,1420.0,1125.0,1.4363636363636365,0.0046772684752104,0.0011267254509832,0.0001879705620875
2001-12-12,1815.0,1835.0,1775.0,1775.0,79000.0,1775.0,1850.0,1957.5,1928.4,1536.4,1353.45,False,False,False,False,False,False,True,True,False,True,False,0.028169014084507,-0.0507042253521126,,,-0.0864225352112676,0.1344225352112675,-0.0732394366197183,-0.0901408450704225,0.0052069773496485,-0.2020434227330779,1430.0,1220.0,1.0,0.0021779713752333,-0.002499297099977,-0.0003762033185885
2001-12-13,1775.0,1975.0,1770.0,1885.0,118000.0,1885.0,1852.0,1937.0,1936.2,1546.8,1357.125,False,False,False,False,False,False,True,True,False,False,False,-0.0424403183023872,-0.2387267904509283,,,-0.0271618037135278,0.1794164456233422,-0.1379310344827586,-0.1591511936339522,0.0067235583139383,-0.1824987093443469,1410.0,1100.0,1.4936708860759491,0.0040285094515029,0.0018505380762695,0.0015165809642898
2001-12-14,1900.0,1950.0,1875.0,1910.0,111000.0,1910.0,1860.0,1914.5,1941.8,1555.8666666666666,1360.925,False,False,False,False,False,False,True,True,False,True,False,-0.0732984293193717,-0.2172774869109947,,,-0.0166492146596858,0.1854101221640489,-0.1544502617801047,-0.1675392670157068,0.0058274059473819,-0.161399843301123,1465.0,1170.0,0.940677966101695,0.0028839221341023,-0.0011445873174005,-0.0008961523665564
2001-12-17,1890.0,1950.0,1885.0,1945.0,162000.0,1945.0,1876.0,1902.5,1946.6,1565.9333333333334,1364.775,False,False,False,False,False,False,True,True,False,True,False,-0.1156812339331619,-0.1619537275064267,,,-0.0008226221079691,0.1948928877463581,-0.1825192802056555,-0.1850899742930591,0.0064285410192005,-0.1490144546649146,1525.0,1150.0,1.4594594594594594,0.0024658378711599,-0.0004180842629423,0.0006011350718186
2001-12-18,1950.0,1950.0,1850.0,1900.0,122000.0,1900.0,1883.0,1887.0,1948.4,1575.9333333333334,1368.4,False,False,False,False,False,False,True,True,False,True,False,-0.0947368421052631,-0.0894736842105263,,,-0.0254736842105263,0.1705614035087718,-0.1842105263157894,-0.2105263157894736,0.0063454460848597,-0.1459989401165871,1550.0,1100.0,0.7530864197530864,0.0009238349414905,-0.0015420029296694,-8.309493434081796e-05
2001-12-19,1850.0,1855.0,1655.0,1825.0,125000.0,1825.0,1893.0,1871.5,1946.6,1585.0,1371.775,False,False,False,False,False,False,False,True,False,True,False,-0.0767123287671232,-0.0547945205479452,,,-0.0666301369863013,0.1315068493150684,-0.1205479452054794,-0.1589041095890411,0.0057202944269189,-0.1464066257013091,1650.0,1100.0,1.024590163934426,-0.000924689201685,-0.0018485241431756,-0.0006251516579407
2001-12-20,1725.0,1810.0,1650.0,1805.0,109000.0,1805.0,1877.0,1864.5,1943.0,1594.0,1375.05,False,False,False,False,False,False,False,True,False,True,False,-0.2049861495844875,-0.0498614958448753,,,-0.0764542936288088,0.1168975069252077,-0.1163434903047091,-0.0858725761772853,0.0056461731493099,-0.1432019308125502,1655.0,1220.0,0.872,-0.0018528049408131,-0.000928115739128,-7.412127760908147e-05
2001-12-21,1795.0,1800.0,1670.0,1770.0,39000.0,1770.0,1849.0,1854.5,1939.6,1601.7333333333331,1378.15,False,False,False,False,False,False,False,True,False,False,False,-0.1553672316384181,-0.0282485875706214,,,-0.0958192090395479,0.0950659133709982,-0.1045197740112994,-0.0254237288135593,0.0048281028885372,-0.1353464545699649,1600.0,1245.0,0.3577981651376147,-0.0017529387502578,9.986619055529668e-05,-0.0008180702607726
2001-12-25,1775.0,1775.0,1640.0,1720.0,69000.0,1720.0,1804.0,1840.0,1936.2,1608.5333333333333,1381.075,False,False,False,False,False,False,False,True,False,True,False,-0.0523255813953488,-0.0116279069767441,,,-0.1256976744186047,0.0648062015503876,-0.0930232558139534,0.0377906976744186,0.0042274535809019,-0.1198369565217391,1705.0,1245.0,1.7692307692307692,-0.0017560169403986,-3.078190140816612e-06,-0.0006006493076353
2001-12-26,1645.0,1720.0,1645.0,1720.0,41000.0,1720.0,1768.0,1825.5,1932.0,1615.1333333333334,1384.3,False,False,False,False,False,False,False,True,False,True,False,0.005813953488372,-0.0406976744186046,,,-0.1232558139534883,0.0609689922480619,-0.0901162790697674,0.0901162790697674,0.0040863499401495,-0.0991509175568337,1675.0,1225.0,0.5942028985507246,-0.0021739130434782,-0.0004178961030796,-0.0001411036407524
2001-12-27,1720.0,1720.0,1660.0,1685.0,14000.0,1685.0,1740.0,1816.5,1924.0,1621.2666666666669,1387.05,False,False,False,False,False,False,False,True,False,True,False,0.0237388724035608,0.0089020771513353,,,-0.1418397626112759,0.0378239366963401,-0.0801186943620178,0.0741839762611275,0.0037830502898968,-0.0839526562069914,1685.0,1240.0,0.3414634146341463,-0.0041580041580041,-0.0019840911145258,-0.0003032996502526
2001-12-28,1600.0,1600.0,1385.0,1435.0,144000.0,1435.0,1666.0,1771.5,1903.6,1624.4666666666667,1388.55,False,False,False,False,False,False,False,True,False,True,False,0.1951219512195122,0.1951219512195122,,,-0.3265505226480835,-0.1320325203252032,0.0627177700348432,0.289198606271777,0.0019698772930601,-0.0457239627434377,1680.0,1260.0,10.285714285714286,-0.0107165370876234,-0.0065585329296193,-0.0018131729968366
2002-01-04,1260.0,1500.0,1255.0,1495.0,61000.0,1495.0,1611.0,1730.0,1878.8,1628.4,1390.45,False,False,False,False,False,False,False,True,False,True,False,0.1505016722408027,0.1204013377926421,,,-0.2567224080267558,-0.0892307692307693,0.0033444816053511,0.2374581939799331,0.0024154589371981,-0.0078034682080924,1675.0,1295.0,0.4236111111111111,-0.013199914839259,-0.0024833777516355,0.0004455816441379
2002-01-07,1535.0,1630.0,1535.0,1630.0,47000.0,1630.0,1593.0,1698.5,1860.0,1636.8,1393.1,False,False,False,False,False,False,False,True,False,False,False,0.0429447852760736,0.0368098159509202,,,-0.1411042944785276,-0.0041717791411042,-0.0490797546012269,0.1349693251533742,0.005131964809384,0.0261995878716514,1695.0,1350.0,0.7704918032786885,-0.0101075268817204,0.0030923879575386,0.0027165058721859
2002-01-08,1630.0,1750.0,1630.0,1730.0,59000.0,1730.0,1595.0,1681.5,1845.6,1644.8666666666666,1396.0,False,False,False,False,False,False,False,True,False,False,False,-0.0462427745664739,-0.0462427745664739,,,-0.0668208092485548,0.0492100192678228,-0.1184971098265895,0.0693641618497109,0.0049041462327239,0.0573892358013678,1640.0,1320.0,1.25531914893617,-0.0078023407022107,0.0023051861795096,-0.00022781857666
2002-01-09,1725.0,1740.0,1675.0,1725.0,38000.0,1725.0,1603.0,1671.5,1830.2,1651.6,1398.8,False,False,False,False,False,False,False,True,False,True,False,-0.0144927536231884,-0.0463768115942029,,,-0.0609855072463768,0.0425507246376812,-0.1217391304347826,0.072463768115942,0.0040768547670945,0.0825605743344301,1670.0,1300.0,0.6440677966101694,-0.0084143809419734,-0.0006120402397627,-0.0008272914656294
2002-01-10,1675.0,1750.0,1665.0,1715.0,44000.0,1715.0,1659.0,1662.5,1815.2,1659.8,1401.75,False,False,False,False,False,False,False,True,False,False,False,0.0,-0.0524781341107871,,,-0.0584256559766764,0.0321865889212828,-0.1253644314868804,0.1253644314868804,0.0049403542595493,0.1052631578947368,1690.0,1300.0,1.1578947368421053,-0.00826355222565,0.0001508287163234,0.0008634994924548
2002-01-11,1700.0,1720.0,1600.0,1720.0,59000.0,1720.0,1704.0,1657.5,1798.6,1667.1333333333334,1404.6,False,False,False,False,False,False,False,True,False,True,False,-0.0261627906976744,-0.0610465116279069,,,-0.0456976744186045,0.030736434108527,-0.1337209302325581,0.1104651162790697,0.0043987683448635,0.1197586726998491,1770.0,1300.0,1.3409090909090908,-0.0092294006449461,-0.000965848419296,-0.0005415859146858
2002-01-15,1625.0,1700.0,1600.0,1700.0,22000.0,1700.0,1718.0,1655.5,1784.0,1674.4666666666667,1407.35,False,False,False,False,False,False,False,True,False,False,False,-0.0058823529411764,-0.0647058823529411,,,-0.0494117647058823,0.0150196078431372,-0.1235294117647058,0.1235294117647058,0.0043795039216466,0.1286620356387798,1825.0,1430.0,0.3728813559322034,-0.0081838565022421,0.001045544142704,-1.926442321688142e-05
2002-01-16,1680.0,1700.0,1625.0,1650.0,13000.0,1650.0,1702.0,1648.5,1767.8,1681.8,1409.725,False,False,False,False,False,False,False,True,False,True,False,0.0,-0.0606060606060606,,,-0.0713939393939393,-0.0192727272727272,-0.0939393939393939,0.1545454545454545,0.0043604074999008,0.13527449196239,1855.0,1420.0,0.5909090909090909,-0.0091639325715578,-0.0009800760693157,-1.90964217457925e-05
2002-01-17,1600.0,1700.0,1580.0,1700.0,90000.0,1700.0,1697.0,1650.0,1756.6,1689.8,1412.45,False,False,False,False,False,False,False,True,False,False,False,-0.0323529411764705,-0.0558823529411764,,,-0.0332941176470587,0.006,-0.1352941176470588,0.1117647058823529,0.0047342880814297,0.1390909090909091,1870.0,1430.0,6.923076923076923,-0.0063759535466241,0.0027879790249337,0.0003738805815288
2002-01-18,1700.0,1715.0,1650.0,1715.0,110000.0,1715.0,1697.0,1678.0,1750.2,1696.4,1415.075,False,False,False,False,False,False,False,True,False,False,True,-0.0524781341107871,-0.0699708454810495,,,-0.0205247813411078,0.0108454810495626,-0.1486880466472303,0.1049562682215743,0.0038905918415468,0.1227651966626936,1895.0,1410.0,1.2222222222222223,-0.0036567249457204,0.0027192286009037,-0.0008436962398828
2002-01-21,1710.0,1715.0,1600.0,1675.0,43000.0,1675.0,1688.0,1696.0,1742.4,1702.1333333333334,1417.45,False,False,False,False,False,False,False,True,False,True,False,-0.035820895522388,-0.053731343283582,,,-0.0402388059701493,-0.0161990049751244,-0.1194029850746268,0.1194029850746268,0.0033683221055929,0.1123231132075471,1855.0,1465.0,0.3909090909090909,-0.0044765840220385,-0.0008198590763181,-0.0005222697359538
2002-01-22,1625.0,1690.0,1555.0,1690.0,40000.0,1690.0,1686.0,1702.0,1735.4,1708.0666666666666,1419.95,False,False,False,False,False,False,False,True,False,False,False,-0.059171597633136,-0.0769230769230769,,,-0.0268639053254438,-0.0106903353057198,-0.1301775147928994,0.1065088757396449,0.0034737129698293,0.1095769682726204,1805.0,1525.0,0.9302325581395348,-0.0040336521839345,0.000442931838104,0.0001053908642363
2002-01-23,1650.0,1650.0,1625.0,1650.0,3000.0,1650.0,1686.0,1694.0,1726.8,1713.7333333333331,1422.3,False,False,False,False,False,False,False,True,False,True,False,-0.0606060606060606,-0.0515151515151515,,,-0.0465454545454545,-0.0386262626262624,-0.1121212121212121,0.1242424242424242,0.0033066210223293,0.115112160566706,1825.0,1550.0,0.075,-0.0049803104007413,-0.0009466582168067,-0.0001670919475
2002-01-24,1600.0,1645.0,1575.0,1645.0,9000.0,1645.0,1675.0,1686.0,1721.6,1719.1333333333334,1424.65,False,False,False,False,False,False,False,True,False,False,False,-0.0243161094224924,-0.0577507598784194,,,-0.0465653495440728,-0.0450658561296859,-0.0972644376899696,0.1428571428571428,0.0031411176174043,0.1221826809015421,1885.0,1650.0,3.0,-0.0030204460966543,0.001959864304087,-0.000165503404925
2002-01-25,1630.0,1630.0,1535.0,1625.0,33000.0,1625.0,1657.0,1677.0,1711.2,1724.0,1426.575,False,False,True,False,False,False,False,True,False,True,False,-0.0184615384615384,-0.0615384615384615,,,-0.0530461538461538,-0.0609230769230769,-0.0892307692307692,0.1353846153846153,0.0028228924980664,0.1231365533691115,1945.0,1655.0,3.6666666666666665,-0.0060776063581111,-0.0030571602614568,-0.0003182251193378
2002-01-28,1625.0,1625.0,1510.0,1615.0,31000.0,1615.0,1645.0,1666.5,1699.4,1728.2666666666669,1428.575,False,False,False,False,False,False,False,True,False,True,False,-0.0185758513931888,-0.0712074303405572,,,-0.0522600619195047,-0.0701341589267287,-0.0897832817337461,0.1238390092879257,0.0024687548217868,0.1245124512451245,2115.0,1600.0,0.9393939393939394,-0.0069436271625279,-0.0008660208044167,-0.0003541376762795
2002-01-29,1515.0,1590.0,1505.0,1590.0,41000.0,1590.0,1625.0,1655.5,1685.2,1731.4666666666667,1430.275,False,False,False,False,False,False,False,True,False,True,False,-0.0188679245283018,-0.0251572327044025,,,-0.059874213836478,-0.0889727463312369,-0.0786163522012578,0.1163522012578616,0.001848144155244,0.1238296587133796,2100.0,1705.0,1.3225806451612905,-0.0084262995490149,-0.001482672386487,-0.0006206106665428
2002-01-30,1540.0,1550.0,1510.0,1550.0,11000.0,1550.0,1605.0,1645.5,1671.2,1734.5333333333333,1431.825,False,False,False,False,False,False,False,True,False,False,False,0.0096774193548387,-0.0161290322580645,,,-0.0781935483870968,-0.1190537634408601,-0.064516129032258,0.1612903225806451,0.0017680067645475,0.1242783348526283,2090.0,1675.0,0.2682926829268293,-0.0083772139779798,4.908557103508633e-05,-8.013739069641802e-05
2002-01-31,1525.0,1605.0,1440.0,1605.0,91000.0,1605.0,1597.0,1636.0,1662.4,1738.6,1433.725,False,False,False,False,False,False,False,True,False,False,False,-0.0342679127725856,-0.0560747663551401,,,-0.0357632398753894,-0.083239875389408,-0.1121495327102803,0.1682242990654205,0.0023390467425897,0.1298899755501222,2110.0,1685.0,8.272727272727273,-0.005293551491819,0.0030836624861608,0.0005710399780422
2002-02-01,1495.0,1595.0,1495.0,1595.0,21000.0,1595.0,1591.0,1624.0,1654.0,1742.5333333333333,1435.825,False,False,False,False,False,False,False,True,False,False,False,-0.0438871473354232,-0.0595611285266457,,,-0.0369905956112852,-0.0924973876698014,-0.109717868338558,0.1504702194357366,0.0022572499808707,0.1345443349753694,2090.0,1680.0,0.2307692307692307,-0.0050785973397824,0.0002149541520366,-8.17967617189907e-05
2002-02-04,1500.0,1585.0,1500.0,1585.0,36000.0,1585.0,1585.0,1615.0,1646.6,1746.3333333333333,1437.825,False,False,False,False,False,False,False,True,False,False,False,-0.0536277602523659,-0.0599369085173501,,,-0.0388643533123027,-0.1017875920084121,-0.0914826498422713,0.1261829652996845,0.0021759877839282,0.1352941176470588,2135.0,1675.0,1.7142857142857142,-0.0044941090732418,0.0005844882665405,-8.126219694259279e-05
2002-02-05,1525.0,1560.0,1485.0,1560.0,45000.0,1560.0,1579.0,1602.0,1640.2,1748.0666666666666,1439.5,False,False,False,False,False,False,False,True,False,False,False,-0.0064102564102564,-0.0448717948717948,,,-0.0514102564102564,-0.1205555555555555,-0.0993589743589743,0.1506410256410256,0.000991571641051,0.1398252184769038,2065.0,1695.0,1.25,-0.0039019631752224,0.0005921458980194,-0.0011844161428771
2002-02-06,1500.0,1565.0,1500.0,1565.0,25000.0,1565.0,1582.0,1593.5,1634.0,1750.0,1441.2,False,False,False,False,False,False,False,True,False,False,False,-0.0255591054313099,-0.0447284345047923,,,-0.0440894568690095,-0.1182108626198083,-0.0926517571884984,0.1501597444089457,0.0011047619047619,0.1424537182303106,2055.0,1640.0,0.5555555555555556,-0.0037943696450428,0.0001075935301795,0.0001131902637108
2002-02-07,1550.0,1550.0,1500.0,1550.0,15000.0,1550.0,1571.0,1584.0,1628.6,1751.6,1442.5,False,False,False,False,False,False,False,True,False,False,False,-0.0225806451612903,-0.0516129032258064,,,-0.0507096774193547,-0.1300645161290322,-0.0967741935483871,0.1935483870967742,0.0009134505594884,0.1474116161616161,1980.0,1670.0,0.6,-0.0033157313029596,0.0004786383420832,-0.0001913113452735
2002-02-08,1505.0,1525.0,1500.0,1525.0,6000.0,1525.0,1557.0,1574.0,1632.2,1753.1333333333334,1443.375,False,False,False,False,False,False,True,True,True,False,False,-0.0163934426229508,-0.0426229508196721,,,-0.0702950819672131,-0.1495956284153006,-0.0852459016393442,0.1508196721311475,0.0008746244818801,0.1489834815756035,1875.0,1690.0,0.4,0.0022056120573459,0.0055213433603056,-3.8826077608241066e-05
2002-02-12,1475.0,1520.0,1475.0,1500.0,35000.0,1500.0,1540.0,1562.5,1632.4,1753.6,1443.875,False,False,False,False,False,False,True,True,False,True,False,-0.0066666666666666,-0.0166666666666666,,,-0.0882666666666667,-0.1690666666666666,-0.0733333333333333,0.1633333333333333,0.000266119221411,0.15296,1870.0,1770.0,5.833333333333333,0.0001225189904435,-0.0020830930669024,-0.000608505260469
2002-02-13,1495.0,1595.0,1475.0,1550.0,32000.0,1550.0,1538.0,1558.5,1629.2,1753.9333333333334,1444.625,False,False,False,False,False,False,False,True,False,True,False,-0.0387096774193548,-0.0516129032258064,,,-0.0510967741935484,-0.1315698924731183,-0.1,0.1258064516129032,0.0001900490326505,0.1539942252165543,1865.0,1825.0,0.9142857142857144,-0.0019641541861036,-0.0020866731765471,-7.607018876056962e-05
2002-02-14,1500.0,1535.0,1475.0,1525.0,28000.0,1525.0,1530.0,1556.0,1621.0,1753.6,1445.5,False,False,False,False,False,False,False,False,False,True,False,-0.0196721311475409,-0.0393442622950819,,,-0.0629508196721311,-0.1499016393442622,-0.0950819672131147,0.1475409836065573,-0.0001900851581509,0.1526349614395886,1865.0,1855.0,0.875,-0.0050586057988896,-0.0030944516127859,-0.0003801341908014
2002-02-15,1475.0,1515.0,1465.0,1515.0,22000.0,1515.0,1523.0,1547.0,1612.6,1751.8,1445.7,False,False,False,False,False,False,False,False,False,True,False,-0.0297029702970297,-0.0198019801980198,,,-0.0644224422442243,-0.1563036303630362,-0.0957095709570957,0.1551155115511551,-0.0010275145564561,0.1512605042016806,1775.0,1870.0,0.7857142857142857,-0.0052089792881062,-0.0001503734892166,-0.0008374293983052
2002-02-18,1470.0,1500.0,1470.0,1500.0,27000.0,1500.0,1518.0,1537.5,1604.0,1749.7333333333331,1446.075,False,False,False,False,False,False,False,False,False,True,False,-0.0266666666666666,-0.0133333333333333,,,-0.0693333333333333,-0.1664888888888887,-0.0866666666666666,0.16,-0.0011811323630268,0.1521951219512195,1885.0,1895.0,1.2272727272727273,-0.005361596009975,-0.0001526167218687,-0.0001536178065706
2002-02-19,1475.0,1495.0,1450.0,1490.0,22000.0,1490.0,1516.0,1528.0,1594.8,1748.2666666666669,1446.6,False,False,False,False,False,False,False,False,False,True,False,-0.0100671140939597,-0.0134228187919463,,,-0.0703355704697986,-0.1733333333333334,-0.0805369127516778,0.1543624161073825,-0.0008389261744964,0.1551047120418848,1910.0,1855.0,0.8148148148148148,-0.0057687484324053,-0.0004071524224303,0.0003422061885304
2002-02-20,1485.0,1490.0,1405.0,1490.0,10000.0,1490.0,1504.0,1521.0,1586.4,1745.4,1447.2,False,False,False,False,False,False,False,False,False,False,False,-0.0134228187919463,-0.0167785234899328,,,-0.0646979865771812,-0.1714093959731544,-0.0268456375838926,0.1442953020134228,-0.0016424124364998,0.1545036160420775,1945.0,1805.0,0.4545454545454545,-0.0052950075642964,0.0004737408681089,-0.0008034862620034
2002-02-21,1485.0,1495.0,1415.0,1495.0,74000.0,1495.0,1498.0,1514.0,1580.2,1743.0,1447.925,False,False,False,False,False,False,False,False,False,False,False,-0.020066889632107,-0.0301003344481605,,,-0.0569899665551839,-0.165886287625418,0.0535117056856187,0.1705685618729097,-0.0013769363166954,0.1565389696169088,1900.0,1825.0,7.4,-0.0039235539805088,0.0013714535837876,0.0002654761198044
2002-02-22,1425.0,1470.0,1400.0,1470.0,49000.0,1470.0,1489.0,1506.0,1571.0,1740.1333333333334,1448.275,False,False,False,False,False,False,False,False,False,True,False,0.010204081632653,-0.0306122448979591,,,-0.0687074829931972,-0.1837641723356009,0.1394557823129251,0.1904761904761904,-0.0016473833422725,0.1560424966799468,1825.0,1885.0,0.6621621621621622,-0.0058561425843412,-0.0019325886038323,-0.0002704470255771
2002-02-25,1460.0,1460.0,1400.0,1460.0,51000.0,1460.0,1481.0,1499.5,1560.8,1737.2,1448.775,False,False,False,False,False,False,False,False,False,True,False,0.0136986301369863,-0.0273972602739726,,,-0.0690410958904109,-0.1898630136986301,0.1301369863013698,0.1815068493150685,-0.001688540947118,0.1590530176725575,1805.0,1945.0,1.0408163265306123,-0.0065351101998975,-0.0006789676155563,-4.115760484544066e-05
2002-02-26,1410.0,1475.0,1380.0,1475.0,49000.0,1475.0,1478.0,1497.0,1552.8,1734.5333333333333,1449.05,False,False,False,False,False,False,False,False,False,False,False,-0.0033898305084745,-0.023728813559322,,,-0.0527457627118643,-0.175954802259887,0.1288135593220339,0.1491525423728813,-0.0015373971865631,0.1576486305945224,1770.0,2115.0,0.9607843137254902,-0.0051519835136527,0.0013831266862447,0.0001511437605548
2002-02-27,1495.0,1495.0,1400.0,1470.0,37000.0,1470.0,1474.0,1489.0,1544.0,1731.5333333333333,1449.15,False,False,False,False,False,False,False,False,False,True,False,-0.0034013605442176,-0.0442176870748299,,,-0.0503401360544217,-0.1779138321995464,0.1054421768707483,0.1530612244897959,-0.0017325684364532,0.1605104096709201,1720.0,2100.0,0.7551020408163265,-0.0056994818652849,-0.0005474983516321,-0.00019517124989
2002-02-28,1420.0,1465.0,1400.0,1465.0,68000.0,1465.0,1468.0,1483.0,1536.6,1729.2,1449.475,False,False,False,False,False,False,False,False,False,False,False,-0.0102389078498293,-0.030716723549488,,,-0.0488737201365187,-0.1803412969283276,0.1092150170648464,0.1262798634812286,-0.0013493715783791,0.1584625758597437,1720.0,2090.0,1.837837837837838,-0.0048158271508525,0.0008836547144323,0.000383196858074
2002-03-01,1445.0,1500.0,1445.0,1485.0,20000.0,1485.0,1471.0,1480.0,1530.2,1726.7333333333331,1449.925,False,False,False,False,False,False,False,False,False,False,False,-0.0404040404040404,-0.0572390572390572,,,-0.0304377104377104,-0.1627833894500559,0.0875420875420875,0.1077441077441077,-0.0014285162735031,0.1537162162162162,1685.0,2110.0,0.2941176470588235,-0.0041824598091751,0.0006333673416774,-7.914469512393472e-05
2002-03-04,1450.0,1490.0,1435.0,1480.0,18000.0,1480.0,1475.0,1478.0,1524.4,1723.9333333333334,1450.35,False,False,False,False,False,False,False,False,False,False,False,-0.0405405405405405,-0.0574324324324324,,,-0.03,-0.1648198198198198,0.0709459459459459,0.1114864864864864,-0.001624192737538,0.148849797023004,1435.0,2090.0,0.9,-0.0038047756494358,0.0003776841597393,-0.0001956764640349
2002-03-05,1455.0,1475.0,1425.0,1470.0,53000.0,1470.0,1474.0,1476.0,1518.6,1719.9333333333334,1450.9,False,False,False,False,False,False,False,False,False,True,False,-0.0204081632653061,-0.0544217687074829,,,-0.0330612244897958,-0.1700226757369615,0.0816326530612244,0.1326530612244898,-0.0023256715376564,0.146680216802168,1495.0,2135.0,2.9444444444444446,-0.0038193072566839,-1.4531607248094176e-05,-0.0007014788001184
2002-03-06,1465.0,1465.0,1425.0,1465.0,12000.0,1465.0,1473.0,1473.5,1513.6,1715.1333333333334,1451.475,False,False,False,False,False,False,False,False,False,False,False,-0.0409556313993174,-0.0477815699658703,,,-0.033174061433447,-0.1707394766780433,0.0819112627986348,0.1399317406143344,-0.002798616239748,0.1462504241601628,1630.0,2065.0,0.2264150943396226,-0.0033033826638477,0.0005159245928361,-0.0004729447020915
2002-03-07,1440.0,1455.0,1425.0,1450.0,30000.0,1450.0,1470.0,1469.0,1509.6,1709.7333333333331,1452.05,False,False,False,False,False,False,False,False,False,False,False,-0.0206896551724137,-0.0482758620689655,,,-0.041103448275862,-0.179126436781609,0.0344827586206896,0.1379310344827586,-0.0031583872728692,0.1429543907420013,1730.0,2055.0,2.5,-0.0026497085320614,0.0006536741317863,-0.0003597710331211
2002-03-08,1430.0,1445.0,1425.0,1425.0,13000.0,1425.0,1458.0,1464.5,1502.4,1703.8,1452.675,False,False,False,False,False,False,False,False,False,True,False,-0.0175438596491228,-0.0385964912280701,,,-0.0543157894736842,-0.1956491228070175,0.0771929824561403,0.175438596491228,-0.0034824118636771,0.1413451689996586,1725.0,1980.0,0.4333333333333333,-0.0047923322683704,-0.002142623736309,-0.0003240245908079
2002-03-11,1420.0,1420.0,1420.0,1420.0,1000.0,1420.0,1446.0,1460.5,1495.4,1697.4666666666667,1452.775,False,False,False,False,False,False,False,False,False,False,False,-0.0176056338028169,-0.0352112676056338,,,-0.0530985915492958,-0.1953990610328638,0.1619718309859155,0.1795774647887324,-0.0037310501924435,0.1410475864429989,1715.0,1875.0,0.0769230769230769,-0.0046810218001872,0.0001113104681832,-0.0002486383287664
2002-03-12,1395.0,1440.0,1355.0,1440.0,30000.0,1440.0,1440.0,1457.0,1489.6,1691.9333333333334,1453.225,False,False,False,False,False,False,False,False,False,False,False,-0.0347222222222222,-0.0486111111111111,,,-0.0344444444444443,-0.1749537037037037,0.1979166666666666,0.1666666666666666,-0.0032704204263367,0.1427590940288263,1720.0,1870.0,30.0,-0.0038936627282493,0.0007873590719379,0.0004606297661068
2002-03-13,1350.0,1435.0,1350.0,1405.0,34000.0,1405.0,1428.0,1450.5,1483.4,1686.6,1453.25,False,False,False,False,False,False,False,False,False,True,False,-0.0071174377224199,0.0320284697508896,,,-0.0558007117437723,-0.2004270462633451,0.2704626334519573,0.1743772241992882,-0.003162180323333,0.1447776628748707,1700.0,1865.0,1.1333333333333333,-0.0041795874342724,-0.0002859247060231,0.0001082401030036
2002-03-14,1375.0,1420.0,1350.0,1420.0,76000.0,1420.0,1422.0,1446.0,1477.6,1681.2,1453.65,False,False,False,False,False,False,False,False,False,False,False,-0.028169014084507,0.1091549295774647,,,-0.04056338028169,-0.183943661971831,0.3204225352112676,0.1549295774647887,-0.0032119914346894,0.1476486860304287,1650.0,1865.0,2.235294117647059,-0.0039252842447212,0.0002543031895512,-4.981111135639836e-05
2002-03-15,1365.0,1400.0,1350.0,1400.0,47000.0,1400.0,1417.0,1437.5,1471.6,1674.7333333333331,1454.225,False,False,False,False,False,False,False,False,False,True,False,-0.0214285714285714,0.1964285714285714,,,-0.051142857142857,-0.196238095238095,0.2928571428571428,0.1785714285714285,-0.003861311253533,0.1547826086956521,1700.0,1775.0,0.618421052631579,-0.0040771948899157,-0.0001519106451944,-0.0006493198188436
2002-03-18,1370.0,1395.0,1350.0,1395.0,53000.0,1395.0,1412.0,1429.0,1466.4,1667.4,1454.85,False,False,False,False,False,False,False,False,False,False,False,-0.017921146953405,0.1827956989247312,,,-0.0511827956989247,-0.1952688172043011,0.3261648745519713,0.1827956989247312,-0.0043980648514651,0.1620013995801259,1715.0,1885.0,1.127659574468085,-0.00354609929078,0.0005310955991357,-0.0005367535979321
2002-03-19,1365.0,1390.0,1350.0,1390.0,41000.0,1390.0,1402.0,1421.0,1462.0,1657.7333333333331,1455.55,False,False,False,False,False,False,False,False,False,False,False,-0.014388489208633,0.197841726618705,,,-0.0517985611510791,-0.1926139088729015,0.3309352517985611,0.1762589928057553,-0.005831255529639,0.1664320900774102,1675.0,1910.0,0.7735849056603774,-0.0030095759233926,0.0005365233673873,-0.0014331906781738
2002-03-20,1360.0,1395.0,1330.0,1395.0,85000.0,1395.0,1400.0,1414.0,1455.8,1648.3333333333333,1456.375,False,False,False,False,False,False,False,False,False,True,False,0.039426523297491,0.1648745519713261,,,-0.0435842293906809,-0.1816009557945041,0.3261648745519713,0.1648745519713261,-0.0057027300303335,0.169024045261669,1690.0,1945.0,2.073170731707317,-0.0042588267619178,-0.0012492508385252,0.0001285254993054
2002-03-22,1385.0,1385.0,1350.0,1380.0,55000.0,1380.0,1392.0,1407.0,1450.0,1638.8666666666666,1457.175,False,False,False,False,False,False,False,False,False,False,False,0.1413043478260869,0.1775362318840579,,,-0.0507246376811594,-0.1875845410628018,0.3405797101449275,0.1920289855072463,-0.0057763495098238,0.1744847192608386,1650.0,1900.0,0.6470588235294118,-0.0039999999999999,0.0002588267619179,-7.361947949029342e-05
2002-03-25,1365.0,1370.0,1315.0,1370.0,63000.0,1370.0,1386.0,1401.5,1444.2,1629.0,1457.9,False,False,False,False,False,False,False,False,False,True,False,0.2226277372262773,0.1788321167883211,,,-0.0541605839416058,-0.1890510948905109,0.3503649635036496,0.2007299270072992,-0.0060568856148965,0.1769532643596147,1645.0,1825.0,1.1454545454545455,-0.004016064257028,-1.6064257028111997e-05,-0.0002805361050727
2002-03-26,1325.0,1375.0,1325.0,1370.0,15000.0,1370.0,1381.0,1396.5,1439.0,1619.4,1458.5,False,False,False,False,False,False,False,False,False,False,False,0.2043795620437956,0.156934306569343,,,-0.0503649635036496,-0.182043795620438,0.4087591240875912,0.1934306569343065,-0.0059281215264912,0.1783029001074113,1625.0,1805.0,0.238095238095238,-0.0036136205698401,0.0004024436871878,0.0001287640884053
2002-03-27,1365.0,1380.0,1365.0,1370.0,3000.0,1370.0,1377.0,1389.5,1434.2,1609.2,1458.85,False,False,False,False,False,False,False,False,False,False,False,0.2153284671532846,0.1605839416058394,,,-0.0468613138686131,-0.1745985401459854,0.3941605839416058,0.1970802919708029,-0.0063385533184191,0.181360201511335,1615.0,1770.0,0.2,-0.0033468135545948,0.0002668070152453,-0.0004104317919278
2002-03-28,1370.0,1450.0,1370.0,1450.0,60000.0,1450.0,1388.0,1394.0,1432.6,1601.0,1459.375,False,False,False,False,True,False,False,False,False,False,True,0.1206896551724138,0.093103448275862,,,0.012,-0.1041379310344827,0.3172413793103448,0.1103448275862069,-0.0051217988757027,0.17467718794835,1590.0,1720.0,20.0,-0.0011168504816418,0.0022299630729529,0.0012167544427164
2002-03-29,1500.0,1600.0,1500.0,1575.0,57000.0,1575.0,1427.0,1409.5,1435.8,1594.6,1460.4,False,False,False,False,False,False,True,False,True,False,False,0.0317460317460317,-0.0476190476190476,,,0.0883809523809524,-0.0124444444444443,0.2095238095238095,0.092063492063492,-0.0040135457167942,0.1674352607307556,1550.0,1720.0,0.95,0.0022287226633236,0.0033455731449654,0.0011082531589084
2002-04-01,1605.0,1675.0,1605.0,1675.0,58000.0,1675.0,1488.0,1437.0,1444.0,1590.5333333333333,1462.025,False,False,False,False,False,False,True,False,False,False,False,-0.035820895522388,-0.0835820895522388,,,0.137910447761194,0.0504278606965174,0.1283582089552238,0.044776119402985,-0.0025567943666694,0.1520528879610299,1605.0,1685.0,1.0175438596491229,0.0056786703601108,0.0034499476967872,0.0014567513501248
2002-04-02,1675.0,1720.0,1650.0,1650.0,41000.0,1650.0,1544.0,1462.5,1451.6,1587.5333333333333,1463.55,False,False,False,False,False,False,True,False,False,True,False,-0.0393939393939393,0.0,,,0.1202424242424243,0.0378585858585858,0.1484848484848485,0.0454545454545454,-0.0018897241002813,0.137094017094017,1595.0,1435.0,0.7068965517241379,0.0052356020942407,-0.00044306826587,0.000667070266388
2002-04-03,1650.0,1675.0,1615.0,1665.0,30000.0,1665.0,1603.0,1490.0,1459.2,1584.8,1465.35,False,False,False,False,False,False,True,False,False,True,False,-0.045045045045045,0.036036036036036,,,0.1236036036036035,0.0481681681681682,0.1261261261261261,0.018018018018018,-0.0017247181558135,0.1201342281879194,1585.0,1495.0,0.7317073170731707,0.0052083333333334,-2.7268760907348845e-05,0.0001650059444677
2002-04-05,1600.0,1625.0,1535.0,1625.0,17000.0,1625.0,1638.0,1513.0,1465.4,1581.6,1466.975,False,False,False,False,False,False,True,False,False,True,False,-0.0246153846153846,0.0984615384615384,,,0.0982153846153845,0.0267076923076923,0.1507692307692307,0.0215384615384615,-0.0020232675771371,0.1054196959682749,1560.0,1630.0,0.5666666666666667,0.0042309267094309,-0.0009774066239025,-0.0002985494213235
2002-04-08,1610.0,1650.0,1580.0,1625.0,11000.0,1625.0,1648.0,1537.5,1471.8,1578.4,1468.475,False,False,False,False,False,False,True,False,False,False,False,-0.0769230769230769,0.1538461538461538,,,0.0942769230769231,0.028676923076923,0.1415384615384615,0.0276923076923076,-0.002027369488089,0.089430894308943,1565.0,1730.0,0.6470588235294118,0.0043484169044706,0.0001174901950397,-4.101910951983829e-06
2002-04-09,1600.0,1615.0,1585.0,1615.0,20000.0,1615.0,1636.0,1562.0,1477.0,1576.2666666666669,1470.025,False,False,False,False,False,False,True,False,False,True,False,-0.0495356037151702,0.1207430340557275,,,0.0854489164086687,0.0239834881320948,0.1640866873065015,0.0835913312693498,-0.0013534088986634,0.0790653008962868,1550.0,1725.0,1.818181818181818,0.0035206499661476,-0.0008277669383229,0.0006739605894256
2002-04-10,1590.0,1590.0,1585.0,1585.0,3000.0,1585.0,1623.0,1583.5,1481.2,1572.2666666666669,1471.35,False,False,False,False,False,False,True,False,False,True,False,0.0410094637223974,0.167192429022082,,,0.0654889589905362,0.0080336487907464,0.1640378548895899,0.1009463722397476,-0.0025440976933514,0.0713609093779602,1525.0,1715.0,0.15,0.0028355387523629,-0.0006851112137846,-0.0011906887946879
2002-04-11,1585.0,1590.0,1585.0,1590.0,8000.0,1590.0,1608.0,1605.5,1486.0,1568.0,1472.8,False,False,False,False,False,False,True,False,False,False,False,0.0849056603773584,0.1635220125786163,,,0.0654088050314465,0.0138364779874213,0.1415094339622641,0.0974842767295597,-0.0027210884353742,0.0632201806290875,1500.0,1720.0,2.6666666666666665,0.0032301480484521,0.0003946092960892,-0.0001769907420228
2002-04-12,1550.0,1585.0,1550.0,1585.0,19000.0,1585.0,1600.0,1619.0,1490.8,1563.2,1474.15,False,False,False,False,False,False,True,False,False,True,False,0.1261829652996845,0.167192429022082,,,0.0594321766561514,0.0137539432176655,0.1198738170347003,0.1419558359621451,-0.0030706243602865,0.0667078443483631,1550.0,1700.0,2.375,0.0032197477864233,-1.0400262028823803e-05,-0.0003495359249122
2002-04-15,1550.0,1550.0,1500.0,1500.0,17000.0,1500.0,1575.0,1611.5,1492.8,1557.8666666666666,1475.15,False,False,False,False,False,False,True,False,False,True,False,0.25,0.2333333333333333,,,0.0048,-0.0385777777777777,0.2,0.19,-0.0034234851078398,0.0757058641017685,1525.0,1650.0,0.8947368421052632,0.0013397642015005,-0.0018799835849228,-0.0003528607475533
2002-04-16,1500.0,1535.0,1450.0,1535.0,42000.0,1535.0,1559.0,1597.5,1497.2,1554.0,1476.575,False,False,False,False,False,False,True,False,False,False,False,0.1791530944625407,0.2052117263843648,,,0.0246254071661237,-0.0123778501628664,0.2214983713355048,0.1791530944625407,-0.0024882024882024,0.0888888888888888,1515.0,1700.0,2.4705882352941178,0.0029388191290409,0.0015990549275404,0.0009352826196374
2002-04-17,1525.0,1650.0,1525.0,1650.0,59000.0,1650.0,1572.0,1597.5,1506.4,1551.9333333333334,1478.6,False,False,False,False,False,False,True,False,False,False,False,0.1212121212121212,0.1696969696969697,,,0.0870303030303029,0.0594343434343433,0.1121212121212121,0.106060606060606,-0.0013316723226942,0.0951486697965571,1500.0,1715.0,1.4047619047619049,0.0061072756240042,0.0031684564949633,0.0011565301655081
2002-04-18,1675.0,1760.0,1650.0,1725.0,114000.0,1725.0,1599.0,1603.5,1517.8,1551.3333333333333,1480.8,False,False,False,False,False,False,True,False,False,False,True,0.072463768115942,0.1072463768115942,,,0.1201159420289855,0.1006763285024155,0.0347826086956521,0.0550724637681159,-0.0003867640739149,0.0988462737761147,1490.0,1675.0,1.9322033898305084,0.0075108709974962,0.001403595373492,0.0009449082487792
2002-04-19,1750.0,1785.0,1735.0,1785.0,133000.0,1785.0,1639.0,1619.5,1533.0,1552.2,1483.475,False,False,False,False,False,False,True,True,False,False,False,0.0364145658263305,0.0700280112044818,,,0.1411764705882353,0.1304201680672268,0.0056022408963585,0.0084033613445378,0.0005583472920157,0.0966347638159925,1490.0,1690.0,1.1666666666666667,0.0099151989562948,0.0024043279587985,0.0009451113659307
2002-04-22,1800.0,1875.0,1790.0,1875.0,198000.0,1875.0,1714.0,1644.5,1551.2,1554.2666666666669,1486.375,False,False,False,False,False,False,True,True,False,False,False,-0.0133333333333333,0.016,,,0.1726933333333333,0.1710577777777776,-0.04,-0.0426666666666666,0.0013296731577593,0.0875646093037397,1495.0,1650.0,1.4887218045112782,0.0117328519855595,0.0018176530292647,0.0007713258657436
2002-04-23,1840.0,1865.0,1800.0,1810.0,161000.0,1810.0,1769.0,1664.0,1567.6,1555.9333333333334,1489.025,True,True,False,False,False,False,True,True,False,True,False,0.0220994475138121,0.0441988950276243,,,0.1339226519337017,0.1403683241252301,0.0220994475138121,-0.0193370165745856,0.0010711684305239,0.0763221153846153,1470.0,1645.0,0.8131313131313131,0.0104618525133961,-0.0012709994721634,-0.0002585047272354
2002-04-24,1850.0,1875.0,1825.0,1850.0,92000.0,1850.0,1809.0,1690.5,1585.8,1561.4666666666667,1491.875,False,False,False,False,False,False,True,True,False,False,False,0.0432432432432432,0.0243243243243243,,,0.1428108108108108,0.1559639639639639,-0.0513513513513513,-0.0297297297297297,0.0035436768849799,0.0624075717243419,1460.0,1625.0,0.5714285714285714,0.011476857106823,0.0010150045934268,0.0024725084544559
2002-04-25,1850.0,1860.0,1825.0,1850.0,114000.0,1850.0,1834.0,1716.5,1604.2,1566.2,1494.625,False,False,False,False,False,False,True,True,False,True,False,0.0324324324324324,0.0135135135135135,,,0.1328648648648648,0.1534054054054053,-0.0567567567567567,-0.0324324324324324,0.0030221768186268,0.0489367899796096,1475.0,1615.0,1.2391304347826086,0.0114698915347214,-6.965572101670994e-06,-0.000521500066353
2002-04-26,1845.0,1860.0,1825.0,1850.0,132000.0,1850.0,1847.0,1743.0,1622.4,1569.1333333333334,1497.325,False,False,False,False,False,False,True,True,False,True,False,0.0324324324324324,0.0108108108108108,,,0.1230270270270269,0.1518198198198197,-0.0567567567567567,-0.0324324324324324,0.001869397119429,0.03184165232358,1470.0,1590.0,1.1578947368421053,0.0112179487179487,-0.0002519428167726,-0.0011527796991978
2002-04-30,1850.0,1860.0,1835.0,1850.0,117000.0,1850.0,1842.0,1778.0,1641.2,1570.7333333333331,1500.125,False,False,False,False,False,False,True,True,False,False,False,0.0297297297297297,0.0027027027027027,,,0.1128648648648648,0.150954954954955,-0.054054054054054,-0.0351351351351351,0.0010186324858874,0.0115298087739032,1465.0,1550.0,0.8863636363636364,0.011455032902754,0.0002370841848053,-0.0008507646335415
2002-05-01,1850.0,1860.0,1835.0,1850.0,65000.0,1850.0,1850.0,1809.5,1660.4,1572.4,1502.875,False,False,False,False,False,False,True,True,False,False,False,0.0216216216216216,0.0162162162162162,,,0.1024864864864864,0.150054054054054,-0.054054054054054,-0.0513513513513513,0.0010599508182822,-0.0091185410334346,1485.0,1605.0,0.5555555555555556,0.0115634786798362,0.0001084457770821,4.131833239473114e-05
2002-05-02,1850.0,1980.0,1845.0,1930.0,277000.0,1930.0,1866.0,1837.5,1682.8,1575.2666666666669,1506.025,False,False,False,False,False,False,True,True,False,False,False,-0.0181347150259067,-0.044041450777202,,,0.1280829015544041,0.1837996545768565,-0.0984455958549222,-0.0751295336787564,0.0018197977062085,-0.0263945578231292,1480.0,1595.0,4.2615384615384615,0.0133111480865223,0.0017476694066861,0.0007598468879263
2002-05-07,1950.0,1950.0,1875.0,1910.0,105000.0,1910.0,1878.0,1856.0,1704.4,1577.8,1509.375,False,False,False,False,False,False,True,True,False,True,False,-0.0183246073298429,-0.0497382198952879,,,0.1076439790575915,0.1739267015706806,-0.0994764397905759,-0.0209424083769633,0.0016056111885746,-0.0334051724137931,1470.0,1585.0,0.3790613718411552,0.0126730814362826,-0.0006380666502397,-0.0002141865176339
2002-05-08,1895.0,1935.0,1850.0,1910.0,216000.0,1910.0,1890.0,1868.5,1722.8,1580.6,1512.8,False,False,False,False,False,False,True,True,False,True,False,-0.0209424083769633,-0.0706806282722513,,,0.0980104712041885,0.1724607329842932,-0.1073298429319371,-0.031413612565445,0.0017714791851195,-0.0371956114530371,1465.0,1560.0,2.057142857142857,0.0106802879034129,-0.0019927935328696,0.0001658679965449
2002-05-09,1900.0,1925.0,1900.0,1905.0,37000.0,1905.0,1901.0,1871.5,1736.0,1584.0,1516.225,False,False,False,False,False,False,True,True,False,True,False,-0.0262467191601049,-0.0551181102362204,,,0.0887139107611548,0.168503937007874,-0.0813648293963254,-0.0419947506561679,0.0021464646464647,-0.0371359871760619,1450.0,1565.0,0.1712962962962963,0.0076036866359447,-0.0030766012674682,0.0003749854613451
2002-05-10,1900.0,1940.0,1890.0,1890.0,135000.0,1890.0,1909.0,1879.5,1744.6,1586.5333333333333,1519.55,False,False,False,False,False,False,True,True,False,True,False,-0.0052910052910052,-0.0079365079365079,,,0.0769312169312169,0.1605643738977072,-0.074074074074074,-0.0264550264550264,0.0015967728380535,-0.0377760042564511,1425.0,1550.0,3.6486486486486487,0.0049294967327753,-0.0026741899031693,-0.0005496918084111
2002-05-13,1895.0,1905.0,1885.0,1895.0,132000.0,1895.0,1902.0,1884.0,1754.4,1588.9333333333334,1522.95,False,False,False,False,False,False,True,True,False,False,False,-0.0263852242744063,-0.0316622691292876,,,0.0741952506596305,0.1615127528583992,-0.0897097625329815,-0.0448548812664907,0.0015104472602165,-0.0392781316348195,1420.0,1525.0,0.9777777777777776,0.0055859553123576,0.0006564585795822,-8.632557783704443e-05
2002-05-14,1890.0,1900.0,1850.0,1875.0,61000.0,1875.0,1895.0,1886.5,1762.8,1591.6,1526.325,False,False,False,False,False,False,True,True,False,True,False,-0.032,-0.048,,,0.05984,0.1511466666666667,-0.096,-0.0666666666666666,0.0016754628466112,-0.0426716141001855,1440.0,1500.0,0.4621212121212121,0.0047651463580666,-0.0008208089542909,0.0001650155863947
2002-05-15,1855.0,1880.0,1835.0,1870.0,28000.0,1870.0,1887.0,1888.5,1772.6,1594.0,1529.675,False,False,False,False,False,False,True,True,False,False,False,-0.0508021390374331,-0.0401069518716577,,,0.0520855614973262,0.1475935828877005,-0.0935828877005347,-0.0401069518716577,0.0015056461731493,-0.0434207042626423,1405.0,1550.0,0.4590163934426229,0.0055286020534807,0.0007634556954141,-0.0001698166734619
2002-05-16,1820.0,1855.0,1785.0,1855.0,36000.0,1855.0,1877.0,1889.0,1781.8,1596.7333333333331,1533.075,False,False,False,False,False,False,True,True,False,True,False,-0.0296495956873315,-0.0296495956873315,,,0.0394609164420485,0.1392273135669363,-0.1105121293800539,-0.045822102425876,0.0017118283161453,-0.0444679724722075,1420.0,1525.0,1.2857142857142858,0.0051633179930407,-0.0003652840604399,0.0002061821429959
2002-05-17,1825.0,1900.0,1825.0,1880.0,131000.0,1880.0,1875.0,1892.0,1792.4,1599.8666666666666,1536.725,False,False,False,False,False,False,True,True,False,False,False,-0.0026595744680851,-0.0159574468085106,,,0.046595744680851,0.1490070921985816,-0.125,-0.0611702127659574,0.0019584965413785,-0.0454545454545454,1400.0,1515.0,3.638888888888889,0.0059138585137246,0.0007505405206839,0.0002466682252331
2002-05-20,1880.0,1880.0,1820.0,1845.0,383000.0,1845.0,1865.0,1883.5,1802.8,1602.8,1540.1,False,False,False,False,False,False,True,True,False,True,False,-0.005420054200542,-0.048780487804878,,,0.0228726287262872,0.1312737127371274,-0.1084010840108401,-0.05420054200542,0.001830130604775,-0.0432705070347756,1395.0,1500.0,2.9236641221374047,0.0057688040825381,-0.0001450544311864,-0.0001283659366034
2002-05-21,1820.0,1845.0,1785.0,1815.0,115000.0,1815.0,1853.0,1874.0,1811.8,1605.4666666666667,1543.55,False,False,False,False,False,False,True,True,False,True,False,-0.0165289256198347,-0.0385674931129476,,,0.001763085399449,0.1154453627180899,-0.0826446280991735,-0.0385674931129476,0.0016609916119924,-0.0450907150480256,1390.0,1490.0,0.3002610966057441,0.0049674356993045,-0.0008013683832336,-0.0001691389927826
2002-05-22,1800.0,1815.0,1775.0,1775.0,235000.0,1775.0,1834.0,1860.5,1819.4,1607.9333333333334,1546.65,False,False,False,False,False,False,True,True,False,True,False,0.0112676056338028,-0.0169014084507042,,,-0.0250140845070423,0.0941220657276995,-0.0591549295774647,-0.028169014084507,0.001534060284423,-0.0448804084923407,1395.0,1490.0,2.0434782608695654,0.0041772012751457,-0.0007902344241588,-0.0001269313275693
2002-05-23,1800.0,1800.0,1800.0,1800.0,3000.0,1800.0,1823.0,1850.0,1831.4,1611.2666666666669,1549.6,False,False,False,False,False,False,True,True,False,False,False,0.0,-0.0277777777777777,,,-0.0174444444444444,0.1048518518518517,-0.0833333333333333,-0.0555555555555555,0.0020687657743391,-0.0462162162162162,1380.0,1495.0,0.0127659574468085,0.0065523643114557,0.0023751630363099,0.000534705489916
2002-05-24,1795.0,1950.0,1750.0,1875.0,139000.0,1875.0,1822.0,1848.5,1845.0,1614.8666666666666,1552.975,False,False,False,False,False,False,True,True,False,False,False,-0.0133333333333333,-0.0666666666666666,,,0.016,0.1387377777777778,-0.1066666666666666,-0.12,0.00222928621558,-0.0557208547470922,1370.0,1470.0,46.333333333333336,0.007371273712737,0.0008189094012813,0.0001605204412409
2002-05-27,1875.0,1875.0,1755.0,1835.0,139000.0,1835.0,1820.0,1842.5,1852.4,1618.0666666666666,1556.525,False,False,False,False,False,False,True,True,False,True,False,-0.0435967302452316,-0.0517711171662125,,,-0.0094822888283379,0.118219800181653,-0.0871934604904632,-0.0844686648501362,0.001977668822875,-0.0597014925373134,1370.0,1460.0,1.0,0.0039948175340099,-0.003376456178727,-0.0002516173927049
2002-05-28,1840.0,1845.0,1775.0,1785.0,48000.0,1785.0,1814.0,1833.5,1854.8,1620.7333333333331,1559.825,False,False,False,False,False,False,True,True,False,True,False,-0.0224089635854341,-0.0364145658263305,,,-0.0391036414565826,0.0920261437908498,-0.0588235294117647,-0.0336134453781512,0.001645345728271,-0.0564494136896645,1370.0,1475.0,0.3453237410071942,0.0012939400474443,-0.0027008774865655,-0.000332323094604
2002-05-29,1765.0,1800.0,1730.0,1795.0,33000.0,1795.0,1818.0,1826.0,1855.2,1623.8666666666666,1563.05,False,False,False,False,False,False,True,True,False,True,False,-0.0278551532033426,-0.0501392757660167,,,-0.0335376044568245,0.095338904363974,-0.0807799442896936,-0.0724233983286908,0.0019295508662452,-0.0596933187294633,1450.0,1470.0,0.6875,0.0002156101768003,-0.001078329870644,0.0002842051379741
2002-05-30,1670.0,1800.0,1670.0,1800.0,114000.0,1800.0,1818.0,1820.5,1852.2,1627.0,1566.325,False,False,False,False,False,False,False,True,False,True,False,-0.0277777777777777,-0.0277777777777777,,,-0.029,0.0961111111111111,-0.0888888888888888,-0.0638888888888888,0.0019258348699037,-0.0615215600109859,1575.0,1465.0,3.4545454545454546,-0.0016196954972465,-0.0018353056740469,-3.715996341468152e-06
2002-05-31,1795.0,1925.0,1775.0,1850.0,155000.0,1850.0,1813.0,1817.5,1853.8,1631.0,1569.85,False,False,False,False,False,False,True,True,False,False,False,-0.054054054054054,-0.054054054054054,,,-0.002054054054054,0.1183783783783783,-0.1081081081081081,-0.1,0.0024524831391784,-0.065474552957359,1675.0,1485.0,1.3596491228070176,0.0008630920271873,0.0024827875244338,0.0005266482692746
2002-06-03,1775.0,1900.0,1755.0,1755.0,68000.0,1755.0,1797.0,1808.5,1850.0,1634.0666666666666,1573.0,False,False,False,False,False,False,False,True,False,True,False,-0.0085470085470085,-0.017094017094017,,,-0.0541310541310541,0.0689078822412156,-0.0598290598290598,-0.0655270655270655,0.0018767084166292,-0.0666298037047276,1650.0,1480.0,0.4387096774193548,-0.002054054054054,-0.0029171460812413,-0.0005757747225491
2002-06-04,1795.0,1805.0,1700.0,1745.0,205000.0,1745.0,1789.0,1801.5,1845.8,1637.3333333333333,1576.175,False,False,False,False,False,False,False,True,False,True,False,-0.0143266475644699,-0.0286532951289398,,,-0.0577650429799426,0.0617000955109838,-0.0630372492836676,-0.0429799426934097,0.0019951140065146,-0.0671662503469331,1665.0,1470.0,3.014705882352941,-0.0022754361252573,-0.0002213820712033,0.0001184055898854
2002-06-05,1750.0,1750.0,1745.0,1745.0,32000.0,1745.0,1779.0,1798.5,1841.6,1639.9333333333334,1579.175,False,False,False,False,False,False,False,True,False,True,False,-0.0229226361031518,-0.0286532951289398,,,-0.0553581661891117,0.0602101241642788,-0.0687679083094555,-0.0229226361031518,0.0015854303020448,-0.0667222685571309,1625.0,1465.0,0.1560975609756097,-0.0022806255430061,-5.1894177487406094e-06,-0.0004096837044697
2002-06-06,1745.0,1750.0,1640.0,1750.0,69000.0,1750.0,1769.0,1793.5,1837.6,1642.9333333333334,1581.85,False,False,False,False,False,False,False,True,False,False,False,0.0,-0.0571428571428571,,,-0.0500571428571428,0.0611809523809523,-0.06,-0.0257142857142857,0.0018260022723583,-0.0638416504042375,1625.0,1450.0,2.15625,-0.0021767522855899,0.0001038732574162,0.0002405719703135
2002-06-07,1750.0,1750.0,1685.0,1750.0,32000.0,1750.0,1749.0,1781.0,1833.6,1646.0666666666666,1584.675,False,False,False,False,False,False,False,True,False,True,False,0.0,-0.06,,,-0.0477714285714285,0.0593904761904762,-0.06,-0.0057142857142857,0.0019035276011501,-0.0522178551375631,1615.0,1425.0,0.463768115942029,-0.0021815008726003,-4.748587010449095e-06,7.752532879175982e-05
2002-06-10,1745.0,1745.0,1665.0,1740.0,46000.0,1740.0,1746.0,1771.5,1826.0,1649.2666666666669,1587.45,False,False,False,False,False,False,False,True,False,True,False,-0.0086206896551724,-0.0545977011494252,,,-0.0494252873563218,0.0521455938697316,-0.0603448275862069,-0.043103448275862,0.0019402562755165,-0.0479819362122495,1585.0,1420.0,1.4375,-0.0041621029572836,-0.0019806020846832,3.672867436641338e-05
2002-06-11,1680.0,1720.0,1680.0,1720.0,30000.0,1720.0,1741.0,1765.0,1818.4,1652.3333333333333,1590.2,False,False,False,False,False,False,False,True,False,True,False,-0.0145348837209302,-0.0319767441860465,,,-0.0572093023255814,0.0393410852713178,-0.0465116279069767,-0.0203488372093023,0.0018559612668951,-0.046742209631728,1590.0,1440.0,0.6521739130434783,-0.0041794984601847,-1.7395502901097412e-05,-8.429500862143112e-05
2002-06-12,1680.0,1705.0,1655.0,1705.0,20000.0,1705.0,1733.0,1756.0,1810.2,1655.2,1592.975,False,False,False,False,False,False,False,True,False,True,False,-0.0058651026392961,-0.0205278592375366,,,-0.0617008797653959,0.0292082111436949,-0.0557184750733137,-0.0351906158357771,0.0017319155791848,-0.0429954441913439,1585.0,1405.0,0.6666666666666666,-0.0045298862004198,-0.0003503877402351,-0.0001240456877102
2002-06-13,1680.0,1750.0,1680.0,1750.0,29000.0,1750.0,1733.0,1751.0,1804.0,1658.6,1595.975,False,False,False,False,False,False,False,True,False,False,False,-0.0571428571428571,-0.0571428571428571,,,-0.0308571428571428,0.0522285714285714,-0.0171428571428571,-0.0428571428571428,0.0020499216206438,-0.040833809251856,1500.0,1420.0,1.45,-0.0034368070953437,0.0010930791050761,0.0003180060414589
2002-06-14,1775.0,1785.0,1700.0,1750.0,71000.0,1750.0,1733.0,1741.0,1798.4,1662.3333333333333,1598.975,False,False,False,False,False,False,False,True,False,False,False,-0.06,-0.0428571428571428,,,-0.0276571428571429,0.0500952380952381,0.0,-0.0314285714285714,0.0022458391818728,-0.033601378518093,1535.0,1400.0,2.4482758620689653,-0.0031138790035586,0.000322928091785,0.000195917561229
2002-06-17,1705.0,1730.0,1705.0,1725.0,14000.0,1725.0,1730.0,1738.0,1791.6,1665.8666666666666,1601.85,False,False,False,False,False,False,False,True,False,True,False,-0.0463768115942029,-0.0289855072463768,,,-0.0386086956521738,0.034280193236715,0.0,-0.0202898550724637,0.0021210180886825,-0.0290563866513233,1650.0,1395.0,0.1971830985915492,-0.0037954900647466,-0.000681611061188,-0.0001248210931903
2002-06-19,1650.0,1720.0,1650.0,1695.0,36000.0,1695.0,1725.0,1733.0,1784.4,1668.8,1604.575,False,False,False,False,False,False,False,True,False,True,False,-0.0176991150442477,-0.0088495575221238,,,-0.0527433628318584,0.015457227138643,0.0,0.0,0.0017577500798977,-0.0248124639353721,1725.0,1390.0,2.571428571428572,-0.0040349697377268,-0.0002394796729801,-0.0003632680087847
2002-06-20,1655.0,1695.0,1525.0,1695.0,56000.0,1695.0,1723.0,1728.0,1777.4,1671.8,1606.8,False,False,False,False,False,False,False,True,False,False,False,-0.0147492625368731,-0.0265486725663716,,,-0.0486135693215339,0.0136873156342183,-0.0206489675516224,-0.0294985250737463,0.0017944730230888,-0.0254629629629629,1785.0,1395.0,1.5555555555555556,-0.0039383368965905,9.663284113633954e-05,3.672294319111906e-05
2002-06-21,1650.0,1675.0,1550.0,1650.0,53000.0,1650.0,1703.0,1718.0,1769.2,1674.2666666666669,1608.925,False,False,False,False,False,False,False,True,False,True,False,0.0,-0.006060606060606,,,-0.0722424242424242,-0.0147070707070708,0.0121212121212121,0.006060606060606,0.0014732818348333,-0.0224097788125727,1875.0,1380.0,0.9464285714285714,-0.0046348632150124,-0.0006965263184219,-0.0003211911882555
2002-06-25,1625.0,1650.0,1600.0,1645.0,20000.0,1645.0,1682.0,1707.5,1759.8,1676.4,1611.275,False,False,False,False,False,False,False,True,False,True,False,0.0182370820668693,0.0030395136778115,,,-0.0697872340425531,-0.0190881458966565,0.0638297872340425,0.0,0.0012725682017019,-0.0219619326500732,1810.0,1370.0,0.3773584905660377,-0.0053415160813729,-0.0007066528663604,-0.0002007136331313
2002-06-26,1645.0,1645.0,1645.0,1645.0,1000.0,1645.0,1666.0,1698.0,1751.8,1678.6,1613.975,False,False,False,False,False,False,False,True,False,False,False,0.0182370820668693,0.0030395136778115,,,-0.0649240121580546,-0.0204255319148935,0.060790273556231,-0.0060790273556231,0.0013106159895149,-0.0182567726737338,1850.0,1370.0,0.05,-0.0045667313620276,0.0007747847193453,3.804778781297635e-05
2002-06-27,1595.0,1665.0,1595.0,1665.0,41000.0,1665.0,1660.0,1692.5,1745.8,1681.2,1616.15,False,False,False,False,False,False,False,True,False,False,False,0.009009009009009,-0.018018018018018,,,-0.0485285285285285,-0.0097297297297297,0.048048048048048,-0.012012012012012,0.0015465143944802,-0.0174298375184638,1850.0,1370.0,41.0,-0.003436819796082,0.0011299115659456,0.0002358984049652
2002-06-28,1670.0,1675.0,1650.0,1670.0,13000.0,1670.0,1655.0,1689.0,1741.6,1683.9333333333334,1618.55,False,False,False,False,False,False,False,True,False,False,False,-0.0119760479041916,-0.0269461077844311,,,-0.0428742514970059,-0.0083433133732535,0.0838323353293413,-0.0359281437125748,0.0016231838156696,-0.0174659561870929,1850.0,1450.0,0.3170731707317073,-0.0024115755627009,0.001025244233381,7.666942118945692e-05
2002-07-01,1600.0,1650.0,1600.0,1650.0,9000.0,1650.0,1655.0,1679.0,1735.6,1686.6,1621.05,False,False,False,False,False,False,False,True,False,True,False,-0.006060606060606,-0.003030303030303,,,-0.0518787878787878,-0.0221818181818181,0.0818181818181818,-0.0424242424242424,0.0015810901616663,-0.0172721858248957,1850.0,1575.0,0.6923076923076923,-0.0034570177460244,-0.0010454421833234,-4.209365400329184e-05
2002-07-02,1675.0,1675.0,1675.0,1675.0,4000.0,1675.0,1661.0,1671.5,1727.6,1689.9333333333334,1623.7,False,False,False,False,False,False,False,True,False,True,False,-0.0149253731343283,-0.017910447761194,,,-0.0314029850746268,-0.0089154228855721,0.0805970149253731,-0.0925373134328358,0.0019724643970177,-0.0233323362249476,1850.0,1675.0,0.4444444444444444,-0.004630701551285,-0.0011736838052605,0.0003913742353513
2002-07-03,1670.0,1675.0,1670.0,1675.0,3000.0,1675.0,1667.0,1666.5,1721.2,1693.3333333333333,1626.425,False,False,False,False,False,False,False,True,False,False,False,-0.0149253731343283,-0.0238805970149253,,,-0.0275820895522388,-0.0109452736318407,0.0895522388059701,-0.0865671641791044,0.0020078740157479,-0.03000300030003,1930.0,1650.0,0.75,-0.0037183360446199,0.000912365506665,3.5409618730227344e-05
2002-07-04,1590.0,1680.0,1590.0,1680.0,14000.0,1680.0,1670.0,1665.0,1717.0,1696.5333333333333,1628.875,False,False,False,False,False,False,False,True,False,False,False,-0.0267857142857142,-0.0238095238095238,,,-0.0220238095238095,-0.0098412698412698,0.0833333333333333,-0.1845238095238095,0.0018861993083936,-0.0486486486486486,1910.0,1665.0,4.666666666666667,-0.0024461269656377,0.0012722090789821,-0.0001216747073543
2002-07-05,1605.0,1650.0,1600.0,1650.0,10000.0,1650.0,1666.0,1660.5,1711.2,1699.8,1631.075,False,False,False,False,False,False,False,True,False,True,False,-0.0151515151515151,-0.0242424242424242,,,-0.0370909090909091,-0.0301818181818181,0.0909090909090909,-0.4121212121212121,0.0019217947209475,-0.086720867208672,1910.0,1625.0,0.7142857142857143,-0.0033894343151004,-0.0009433073494627,3.559541255393982e-05
2002-07-08,1620.0,1645.0,1555.0,1640.0,18000.0,1640.0,1664.0,1659.5,1704.8,1702.7333333333331,1633.15,False,False,False,False,False,False,False,True,False,True,False,0.0030487804878048,0.048780487804878,,,-0.0395121951219511,-0.038252032520325,0.0945121951219512,-0.5365853658536586,0.001722720332015,-0.1404037360650798,1905.0,1625.0,1.8,-0.003754106053496,-0.0003646717383955,-0.0001990743889324
2002-07-10,1650.0,1650.0,1600.0,1650.0,29000.0,1650.0,1659.0,1660.0,1696.8,1706.0666666666666,1635.275,False,False,True,False,False,False,False,True,False,True,False,-0.003030303030303,0.0606060606060606,,,-0.0283636363636363,-0.0339797979797979,0.0757575757575757,-0.5727272727272728,0.0019538118869916,-0.197289156626506,1890.0,1615.0,1.6111111111111112,-0.0047147571900047,-0.0009606511365086,0.0002310915549765
2002-07-11,1605.0,1650.0,1580.0,1650.0,16000.0,1650.0,1654.0,1660.5,1692.6,1709.4666666666667,1637.55,False,False,False,False,False,False,False,True,False,False,False,-0.009090909090909,0.0454545454545454,,,-0.0258181818181817,-0.036040404040404,0.0878787878787878,-0.6060606060606061,0.001988924420872,-0.2568503462812406,1895.0,1585.0,0.5517241379310345,-0.0024813895781637,0.0022333676118409,3.51125338804506e-05
2002-07-12,1650.0,1650.0,1575.0,1635.0,33000.0,1635.0,1645.0,1657.5,1688.2,1712.7333333333331,1639.725,False,False,False,False,False,False,False,True,False,True,False,0.0030581039755351,0.036697247706422,,,-0.0325382262996942,-0.0475433231396532,0.0948012232415902,-0.6330275229357798,0.0019072827060058,-0.318552036199095,1875.0,1590.0,2.0625,-0.0026063262646605,-0.0001249366864967,-8.164171486620695e-05
2002-07-15,1585.0,1625.0,1585.0,1625.0,32000.0,1625.0,1640.0,1653.0,1683.4,1715.8,1642.85,False,False,False,False,False,False,False,True,False,True,False,-0.0092307692307692,0.0215384615384615,,,-0.0359384615384615,-0.055876923076923,0.1015384615384615,-0.5876923076923077,0.0017873100983021,-0.3735632183908046,1870.0,1585.0,0.9696969696969696,-0.0028513722228822,-0.0002450459582217,-0.0001199726077037
2002-07-16,1600.0,1645.0,1590.0,1645.0,27000.0,1645.0,1641.0,1652.5,1679.2,1719.3333333333333,1645.45,False,False,False,False,False,False,False,True,False,False,False,0.0455927051671732,0.0151975683890577,,,-0.020790273556231,-0.0451874366767983,0.0851063829787234,-0.6322188449848024,0.0020550601008142,-0.432375189107413,1855.0,1500.0,0.84375,-0.002501191043354,0.0003501811795282,0.000267750002512
2002-07-17,1605.0,1645.0,1590.0,1645.0,47000.0,1645.0,1640.0,1649.5,1675.0,1723.0,1647.575,False,False,False,False,False,False,False,True,False,True,False,0.0638297872340425,0.0638297872340425,,,-0.0182370820668693,-0.0474164133738601,0.0668693009118541,-0.6382978723404256,0.0021280711936545,-0.4874204304334646,1880.0,1535.0,1.7407407407407407,-0.0025074626865671,-6.27164321318624e-06,7.301109284027106e-05
2002-07-18,1600.0,1635.0,1595.0,1635.0,95000.0,1635.0,1637.0,1645.5,1670.8,1726.5333333333333,1650.25,False,False,False,False,False,False,False,True,False,True,False,0.055045871559633,0.0672782874617737,,,-0.0218960244648317,-0.0559836901121304,0.091743119266055,-0.6452599388379205,0.0020464900764537,-0.5439076268611365,1845.0,1650.0,2.021276595744681,-0.0025137658606655,-6.3031740983854855e-06,-8.158111720075979e-05
2002-07-19,1600.0,1640.0,1560.0,1640.0,63000.0,1640.0,1638.0,1641.5,1667.6,1730.1333333333334,1652.6,False,False,False,False,False,False,False,True,False,False,False,0.0335365853658536,0.0640243902439024,,,-0.0168292682926828,-0.054959349593496,0.1402439024390244,-0.676829268292683,0.0020807644882861,-0.5939689308559245,1815.0,1725.0,0.6631578947368421,-0.001918925401775,0.0005948404588905,3.427441183238237e-05
2002-07-22,1600.0,1610.0,1565.0,1610.0,34000.0,1610.0,1635.0,1637.5,1663.8,1732.2666666666669,1654.9,False,False,False,False,False,False,False,True,False,True,False,0.031055900621118,0.124223602484472,,,-0.0334161490683229,-0.0759420289855073,0.1490683229813664,-0.6894409937888198,0.0012315270935961,-0.6216793893129771,1775.0,1785.0,0.5396825396825397,-0.0022839283567736,-0.0003650029549985,-0.00084923739469
2002-07-23,1600.0,1720.0,1575.0,1720.0,42000.0,1720.0,1650.0,1645.5,1662.6,1734.2,1658.0,False,False,False,False,True,False,False,True,False,False,True,-0.0290697674418604,0.0377906976744186,,,0.0333720930232558,-0.0082558139534883,0.0610465116279069,-0.6831395348837209,0.0011148272017836,-0.6365846247341234,1800.0,1875.0,1.2352941176470589,-0.0007217610970768,0.0015621672596967,-0.0001166998918124
2002-07-24,1695.0,1775.0,1670.0,1750.0,65000.0,1750.0,1671.0,1655.5,1662.6,1735.2,1661.25,False,False,False,False,False,False,False,True,False,False,False,0.0,0.0342857142857142,,,0.0499428571428571,0.0084571428571428,0.0514285714285714,-0.7085714285714285,0.0005763024435223,-0.6505587435819994,1875.0,1810.0,1.5476190476190477,0.0,0.0007217610970768,-0.0005385247582612
2002-07-25,1755.0,1800.0,1725.0,1725.0,25000.0,1725.0,1689.0,1663.0,1662.6,1736.2,1663.775,False,False,False,False,False,False,False,True,False,False,False,0.0115942028985507,0.0579710144927536,,,0.0361739130434783,-0.0064927536231884,0.0492753623188405,-0.7072463768115942,0.0005759705103098,-0.6608538785327721,1835.0,1850.0,0.3846153846153846,0.0,0.0,-3.319332124884127e-07
2002-07-26,1720.0,1720.0,1625.0,1695.0,18000.0,1695.0,1700.0,1669.0,1662.6,1736.6,1666.025,False,False,False,False,False,False,False,True,False,False,False,0.0294985250737463,0.0737463126843657,,,0.0191150442477876,-0.0245427728613568,0.0324483775811209,-0.7227138643067846,0.0002303351376251,-0.6698621929298981,1785.0,1850.0,0.72,0.0,0.0,-0.0003456353726847
2002-07-29,1645.0,1690.0,1600.0,1660.0,234000.0,1660.0,1710.0,1672.5,1661.2,1737.0666666666666,1668.1,False,False,False,False,False,True,False,True,False,True,False,0.0903614457831325,0.0843373493975903,,,-0.000722891566265,-0.0464257028112449,0.0813253012048192,-0.7590361445783133,0.0002686521338655,-0.6866965620328849,1795.0,1850.0,13.0,-0.000842764266795,-0.000842764266795,3.831699624037168e-05
2002-07-30,1600.0,1670.0,1575.0,1670.0,147000.0,1670.0,1700.0,1675.0,1662.0,1737.6666666666667,1670.325,False,False,False,False,False,False,True,True,False,False,False,0.0688622754491018,0.0748502994011976,,,0.0047904191616766,-0.0405189620758483,0.059880239520958,-0.7754491017964071,0.0003452906196049,-0.7008955223880597,1800.0,1850.0,0.6282051282051282,0.0004813477737665,0.0013241120405615,7.663848573937469e-05
2002-07-31,1650.0,1750.0,1625.0,1750.0,57000.0,1750.0,1700.0,1685.5,1666.2,1739.4666666666667,1672.875,False,False,False,False,False,False,True,True,True,False,False,0.0342857142857142,0.0142857142857142,,,0.0478857142857142,0.0060190476190476,0.0085714285714285,-0.7685714285714286,0.0010347999386784,-0.7140314446751705,1850.0,1850.0,0.3877551020408163,0.0025207057976233,0.0020393580238568,0.0006895093190735
2002-08-01,1750.0,1750.0,1680.0,1745.0,53000.0,1745.0,1704.0,1696.5,1670.2,1741.6,1675.3,False,False,False,False,False,False,True,True,False,True,False,0.0458452722063037,0.0286532951289398,,,0.0428653295128939,0.0019484240687679,0.0,-0.6848137535816619,0.0012249272699432,-0.7176539935160625,1755.0,1930.0,0.9298245614035088,0.0023949227637408,-0.0001257830338824,0.0001901273312647
2002-08-02,1750.0,1810.0,1720.0,1745.0,82000.0,1745.0,1714.0,1707.0,1673.4,1743.6666666666667,1677.55,False,False,False,False,False,False,True,True,False,True,False,0.0429799426934097,0.0257879656160458,,,0.0410315186246417,0.000764087870105,0.0,-0.7020057306590258,0.0011852418275665,-0.7199765670767428,1745.0,1910.0,1.5471698113207548,0.001912274411378,-0.0004826483523628,-3.968544237675114e-05
2002-08-05,1710.0,1815.0,1680.0,1810.0,81000.0,1810.0,1744.0,1727.0,1679.0,1746.6666666666667,1679.85,False,False,False,False,False,False,True,True,False,False,False,-0.005524861878453,-0.011049723756906,,,0.0723756906077348,0.0349907918968692,-0.0469613259668508,-0.712707182320442,0.0017175572519083,-0.7220613781123335,1745.0,1910.0,0.9878048780487804,0.0033353186420487,0.0014230442306707,0.0005323154243418
2002-08-06,1790.0,1790.0,1700.0,1785.0,60000.0,1785.0,1767.0,1733.5,1684.4,1750.4666666666667,1682.175,False,False,False,False,False,False,True,True,False,True,False,0.0056022408963585,0.0,,,0.0563585434173668,0.0193464052287581,-0.0476190476190476,-0.7142857142857143,0.002170849678181,-0.7251225843668878,1750.0,1905.0,0.7407407407407407,0.0032058893374495,-0.0001294293045991,0.0004532924262726
2002-08-07,1720.0,1810.0,1675.0,1810.0,86000.0,1810.0,1779.0,1739.5,1689.8,1754.1333333333334,1684.725,False,False,False,False,False,False,True,True,False,True,False,-0.0193370165745856,-0.0303867403314917,,,0.0664088397790055,0.0308655616942909,-0.0883977900552486,-0.7320441988950276,0.0020903010033445,-0.7275079045702788,1750.0,1890.0,1.4333333333333331,0.003195644454965,-1.0244882484586671e-05,-8.054867483650542e-05
2002-08-08,1800.0,1825.0,1755.0,1825.0,78000.0,1825.0,1795.0,1749.5,1695.8,1756.4666666666667,1687.35,False,False,False,False,False,False,True,True,False,False,False,-0.0164383561643835,-0.021917808219178,,,0.0707945205479452,0.0375525114155251,-0.0794520547945205,-0.7452054794520548,0.0013284244885565,-0.7313518148042297,1740.0,1895.0,0.9069767441860463,0.0035381530840901,0.0003425086291251,-0.0007618765147879
2002-08-09,1800.0,1820.0,1775.0,1820.0,31000.0,1820.0,1810.0,1762.0,1701.4,1757.7333333333331,1689.95,False,False,False,False,False,False,True,True,False,True,False,-0.0164835164835164,0.0274725274725274,,,0.0651648351648351,0.0342124542124543,-0.0521978021978022,-0.7362637362637363,0.0007206250474094,-0.7326901248581158,1720.0,1875.0,0.3974358974358974,0.0032914070765252,-0.0002467460075648,-0.0006077994411471
2002-08-12,1795.0,1800.0,1775.0,1800.0,30000.0,1800.0,1808.0,1776.0,1707.4,1757.9333333333334,1691.8,False,False,False,False,False,False,True,True,False,False,False,-0.0055555555555555,0.0277777777777777,,,0.0514444444444444,0.0233703703703703,-0.075,-0.7222222222222222,0.0001137699571468,-0.7291666666666666,1705.0,1870.0,0.967741935483871,0.0035141150286986,0.0002227079521733,-0.0006068550902626
2002-08-13,1800.0,1800.0,1775.0,1795.0,9000.0,1795.0,1810.0,1788.5,1713.6,1756.8666666666666,1693.675,False,False,False,False,False,False,True,False,False,False,False,-0.0055710306406685,0.0167130919220055,,,0.0453481894150418,0.0212441968430826,-0.0612813370473537,-0.7103064066852368,-0.0006071415019163,-0.7229521945764608,1750.0,1855.0,0.3,0.0036181139122314,0.0001039988835328,-0.0007209114590631
2002-08-14,1780.0,1785.0,1750.0,1775.0,29000.0,1775.0,1803.0,1791.0,1718.6,1756.4,1695.4,False,False,False,False,False,False,True,False,False,True,False,-0.0112676056338028,0.0366197183098591,,,0.0317746478873239,0.0104788732394365,-0.0619718309859154,-0.7183098591549296,-0.0002656949821603,-0.718034617532105,1750.0,1880.0,3.2222222222222223,0.0029093448155475,-0.0007087690966839,0.000341446519756
2002-08-15,1770.0,1795.0,1760.0,1795.0,12000.0,1795.0,1797.0,1796.0,1724.4,1755.6666666666667,1697.325,False,False,False,False,False,False,True,False,False,False,False,-0.0055710306406685,0.0083565459610027,,,0.0393314763231197,0.0219127205199628,-0.0863509749303621,-0.7298050139275766,-0.0004176950825897,-0.7224387527839644,1725.0,1845.0,0.4137931034482758,0.0033634887497101,0.0004541439341626,-0.0001520001004293
2002-08-16,1775.0,1800.0,1750.0,1790.0,29000.0,1790.0,1791.0,1800.5,1730.6,1754.8666666666666,1698.95,False,False,False,False,False,False,True,False,False,False,False,0.0446927374301676,-0.0223463687150838,,,0.0331843575418994,0.0196275605214153,-0.0670391061452514,-0.7374301675977654,-0.0004558750902253,-0.72590946959178,1695.0,1815.0,2.4166666666666665,0.0035825725182016,0.0002190837684915,-3.818000763566382e-05
2002-08-19,1775.0,1790.0,1750.0,1790.0,24000.0,1790.0,1789.0,1798.5,1737.2,1754.0666666666666,1700.275,False,False,False,False,False,False,True,False,False,False,False,0.0335195530726257,0.0027932960893854,,,0.0294972067039105,0.0200744878957169,-0.047486033519553,-0.7346368715083799,-0.0004560830071072,-0.7281067556296914,1695.0,1775.0,0.8275862068965517,0.0037992171310155,0.0002166446128138,-2.0791688188563466e-07
2002-08-20,1760.0,1785.0,1760.0,1785.0,6000.0,1785.0,1787.0,1798.5,1742.8,1753.2,1701.45,False,False,False,False,False,False,True,False,False,True,False,0.0224089635854341,-0.0084033613445378,,,0.023641456582633,0.0178151260504201,-0.0448179271708683,-0.742296918767507,-0.0004943341698987,-0.7308868501529052,1650.0,1800.0,0.25,0.0032132201055771,-0.0005859970254383,-3.825116279152353e-05
2002-08-21,1735.0,1755.0,1720.0,1755.0,26000.0,1755.0,1783.0,1793.0,1747.2,1751.9333333333334,1701.975,False,False,False,False,False,False,True,False,False,True,False,0.0484330484330484,0.0056980056980056,,,0.0044444444444444,0.001747388414055,-0.0085470085470085,-0.7435897435897436,-0.0007230107690551,-0.7320133853876185,1645.0,1875.0,4.333333333333333,0.002518315018315,-0.0006949050872621,-0.0002286765991563
2002-08-22,1775.0,1790.0,1760.0,1785.0,92000.0,1785.0,1781.0,1789.0,1753.2,1750.0,1702.625,False,True,False,False,False,False,True,False,False,False,False,0.0140056022408963,-0.0224089635854341,,,0.0178151260504201,0.0196078431372549,-0.0672268907563025,-0.7591036414565826,-0.0011047619047619,-0.7333705980994969,1645.0,1835.0,3.5384615384615383,0.0034223134839151,0.0009039984656,-0.0003817511357068
2002-08-23,1790.0,1875.0,1790.0,1870.0,117000.0,1870.0,1797.0,1794.0,1762.4,1749.4666666666667,1703.975,False,False,False,False,False,False,True,False,False,False,True,-0.0641711229946524,-0.0668449197860962,,,0.0575401069518716,0.0644563279857397,-0.0989304812834224,-0.7754010695187166,-0.0003048548128953,-0.7374581939799331,1665.0,1785.0,1.2717391304347827,0.0052201543349977,0.0017978408510826,0.0007999070918665
2002-08-26,1870.0,1875.0,1800.0,1850.0,65000.0,1850.0,1809.0,1799.0,1772.0,1748.6666666666667,1704.7,False,False,False,False,False,False,True,False,False,False,False,-0.0297297297297297,-0.0675675675675675,,,0.0421621621621621,0.0547747747747747,-0.1108108108108108,-0.7918918918918919,-0.0004574914220358,-0.7445803224013341,1670.0,1795.0,0.5555555555555556,0.0054176072234762,0.0001974528884784,-0.0001526366091404
2002-08-27,1850.0,1850.0,1825.0,1825.0,53000.0,1825.0,1817.0,1802.0,1776.2,1747.6,1705.45,False,False,False,False,False,False,True,False,False,True,False,-0.0301369863013698,-0.0684931506849315,,,0.0267397260273972,0.0424109589041096,-0.0821917808219178,-0.7780821917808219,-0.0006103608758679,-0.7513873473917869,1650.0,1800.0,0.8153846153846154,0.0023645985812408,-0.0030530086422353,-0.0001528694538321
2002-08-28,1825.0,1840.0,1810.0,1840.0,25000.0,1840.0,1834.0,1808.5,1779.8,1746.9333333333334,1706.225,False,False,False,False,False,False,True,False,False,True,False,-0.0407608695652173,-0.1032608695652173,,,0.0327173913043478,0.0505797101449275,-0.0788043478260869,-0.7880434782608695,-0.0003816211265454,-0.7583632844899088,1675.0,1850.0,0.4716981132075472,0.002022699179683,-0.0003418994015578,0.0002287397493224
2002-08-29,1790.0,1810.0,1755.0,1810.0,34000.0,1810.0,1839.0,1810.0,1783.2,1745.8,1706.875,False,False,False,False,False,False,True,False,False,True,False,-0.0359116022099447,-0.0718232044198895,,,0.0148066298342541,0.0354696132596685,-0.0662983425414364,-0.7817679558011049,-0.0006491770725933,-0.7635359116022099,1675.0,1755.0,1.36,0.0019066846119336,-0.0001160145677494,-0.0002675559460478
2002-08-30,1800.0,1800.0,1750.0,1750.0,31000.0,1750.0,1815.0,1806.0,1785.4,1744.1333333333334,1707.25,False,False,False,False,False,False,True,False,False,True,False,-0.0028571428571428,-0.0142857142857142,,,-0.0202285714285714,0.0033523809523808,-0.0314285714285714,-0.7742857142857142,-0.0009555844354406,-0.7671650055370985,1680.0,1745.0,0.9117647058823528,0.0012322168701691,-0.0006744677417644,-0.0003064073628472
2002-09-02,1750.0,1795.0,1700.0,1795.0,170000.0,1795.0,1804.0,1806.5,1790.8,1743.1333333333334,1707.75,False,False,False,False,False,False,True,False,False,False,False,-0.0389972144846796,-0.0724233983286908,,,0.0023398328690808,0.028895078922934,-0.0835654596100278,-0.7743732590529248,-0.0005736795808314,-0.7711043454193192,1650.0,1745.0,5.483870967741935,0.0030154121063211,0.0017831952361519,0.0003819048546091
2002-09-03,1750.0,1775.0,1725.0,1770.0,28000.0,1770.0,1793.0,1805.0,1794.8,1742.0,1708.4,False,False,False,False,False,False,True,False,False,True,False,-0.03954802259887,-0.0480225988700565,,,-0.0140112994350282,0.015819209039548,-0.0621468926553672,-0.7711864406779662,-0.0006505931879066,-0.7739612188365651,1640.0,1750.0,0.1647058823529411,0.0022286605749944,-0.0007867515313266,-7.69136070752287e-05
2002-09-04,1770.0,1770.0,1725.0,1765.0,50000.0,1765.0,1778.0,1806.0,1795.4,1740.4666666666667,1708.875,False,False,False,False,False,False,True,False,False,True,False,-0.065155807365439,-0.0566572237960339,,,-0.0172237960339943,0.0138999055712936,-0.0679886685552408,-0.7677053824362606,-0.0008809897728578,-0.7763012181616833,1650.0,1750.0,1.7857142857142858,0.0003341873677175,-0.0018944732072768,-0.0002303965849511
2002-09-05,1750.0,1750.0,1715.0,1745.0,176000.0,1745.0,1765.0,1802.0,1795.4,1739.1333333333334,1709.15,False,False,False,False,False,False,False,False,False,True,False,-0.0372492836676217,-0.0601719197707736,,,-0.0288825214899713,0.0033619866284622,-0.0630372492836676,-0.7593123209169055,-0.0007666653888909,-0.7763596004439511,1650.0,1740.0,3.52,0.0,-0.0003341873677175,0.0001143243839668
2002-09-06,1725.0,1745.0,1675.0,1745.0,50000.0,1745.0,1764.0,1789.5,1795.4,1738.2,1709.025,False,False,False,False,False,False,False,False,False,False,False,-0.0114613180515759,-0.0429799426934097,,,-0.0288825214899713,0.0038968481375357,-0.0573065902578796,-0.7507163323782235,-0.000536953937023,-0.7739592064822576,1635.0,1720.0,0.2840909090909091,0.0,0.0,0.0002297114518679
2002-09-09,1725.0,1725.0,1675.0,1725.0,85000.0,1725.0,1750.0,1777.0,1792.0,1737.5333333333333,1708.525,False,False,False,False,False,False,False,False,False,True,False,-0.0347826086956521,-0.0115942028985507,,,-0.0388405797101449,-0.0072657004830917,-0.0666666666666666,-0.7536231884057971,-0.0003836856846871,-0.7701181767023073,1625.0,1705.0,1.7,-0.0018973214285714,-0.0018973214285714,0.0001532682523358
2002-09-10,1700.0,1750.0,1675.0,1700.0,135000.0,1700.0,1736.0,1764.5,1788.6,1736.2,1707.75,False,False,False,False,False,False,False,False,False,True,False,-0.0088235294117647,0.0029411764705882,,,-0.0521176470588234,-0.0212941176470588,-0.0705882352941176,-0.7558823529411764,-0.0007679606804131,-0.7679229243411732,1645.0,1750.0,1.588235294117647,-0.0019009281001901,-3.606671618664511e-06,-0.0003842749957259
2002-09-11,1685.0,1700.0,1650.0,1650.0,22000.0,1650.0,1713.0,1745.5,1782.2,1733.2,1706.65,False,False,False,False,False,False,False,False,False,True,False,0.009090909090909,0.0545454545454545,,,-0.0801212121212121,-0.0504242424242424,-0.0787878787878787,-0.7515151515151515,-0.0017309023771059,-0.7642509309653395,1645.0,1750.0,0.1629629629629629,-0.0035910672202894,-0.0016901391200993,-0.0009629416966928
2002-09-12,1640.0,1680.0,1570.0,1680.0,74000.0,1680.0,1700.0,1732.5,1776.4,1731.1333333333334,1705.575,False,False,False,False,False,False,False,False,False,False,False,-0.0238095238095238,-0.0089285714285714,,,-0.0573809523809524,-0.030436507936508,-0.0892857142857142,-0.7619047619047619,-0.0011938229291022,-0.7621933621933622,1635.0,1725.0,3.363636363636364,-0.0032650303985588,0.0003260368217305,0.0005370794480036
2002-09-13,1640.0,1725.0,1600.0,1725.0,137000.0,1725.0,1696.0,1730.0,1772.6,1730.3333333333333,1704.925,False,False,False,False,False,False,False,False,False,False,False,-0.0318840579710144,-0.0231884057971014,,,-0.0275942028985506,-0.0030917874396134,-0.2057971014492753,-0.7681159420289855,-0.0004623386630708,-0.7615606936416185,1640.0,1695.0,1.8513513513513515,-0.0021437436533906,0.0011212867451682,0.0007314842660314
2002-09-17,1695.0,1770.0,1640.0,1665.0,111000.0,1665.0,1684.0,1717.0,1767.2,1728.6,1704.225,False,False,False,False,False,False,False,False,False,True,False,0.024024024024024,-0.012012012012012,,,-0.0613813813813814,-0.0381981981981981,-0.4174174174174174,-0.7597597597597597,-0.0010027382467507,-0.7600465928945835,1610.0,1695.0,0.8102189781021898,-0.0030556813037572,-0.0009119376503666,-0.0005403995836799
2002-09-18,1665.0,1685.0,1640.0,1685.0,59000.0,1685.0,1681.0,1708.5,1762.8,1727.0666666666666,1703.525,False,False,False,False,False,False,False,False,False,False,False,0.0118694362017804,-0.0059347181008902,,,-0.0461721068249257,-0.0249653808110781,-0.5489614243323442,-0.7537091988130564,-0.000887825214236,-0.7582674860989171,1720.0,1650.0,0.5315315315315315,-0.0024960290447016,0.0005596522590556,0.0001149130325146
2002-09-19,1675.0,1675.0,1630.0,1665.0,39000.0,1665.0,1684.0,1698.5,1758.4,1724.6,1702.425,False,False,False,False,False,False,False,False,False,True,False,0.045045045045045,0.018018018018018,,,-0.0560960960960961,-0.0357957957957957,-0.5765765765765766,-0.7327327327327328,-0.0014302833507286,-0.754783632617015,1750.0,1645.0,0.6610169491525424,-0.0025022747952683,-6.245750566685401e-06,-0.0005424581364926
2002-09-20,1575.0,1665.0,1480.0,1640.0,159000.0,1640.0,1676.0,1688.0,1752.2,1723.0666666666666,1700.9,False,False,False,False,False,False,False,False,False,True,False,0.0152439024390243,0.0304878048780487,,,-0.0684146341463415,-0.050650406504065,-0.6036585365853658,-0.698170731707317,-0.0008898862493228,-0.7488151658767772,1725.0,1645.0,4.076923076923077,-0.0035384088574363,-0.001036134062168,0.0005403971014057
2002-09-24,1575.0,1695.0,1560.0,1670.0,38000.0,1670.0,1665.0,1680.5,1747.4,1722.0666666666666,1698.675,False,False,False,False,False,False,False,False,False,False,False,0.0089820359281437,0.0149700598802395,,,-0.0463473053892216,-0.0311776447105788,-0.6407185628742516,-0.6856287425149701,-0.0005806976113971,-0.7423385897054449,1695.0,1665.0,0.2389937106918239,-0.0027469383083437,0.0007914705490925,0.0003091886379257
2002-09-25,1675.0,1705.0,1620.0,1705.0,115000.0,1705.0,1673.0,1678.5,1744.0,1721.5333333333333,1696.7,False,False,False,False,False,False,False,False,False,False,False,-0.0351906158357771,-0.0351906158357771,,,-0.0228739002932551,-0.0096969696969696,-0.6070381231671554,-0.7067448680351907,-0.0003098013398907,-0.7375633005659815,1660.0,1670.0,3.026315789473684,-0.0019495412844037,0.00079739702394,0.0002708962715063
2002-09-26,1680.0,1710.0,1680.0,1705.0,108000.0,1705.0,1677.0,1679.0,1740.8,1720.9333333333334,1694.775,False,False,False,False,False,False,False,False,False,False,False,-0.0175953079178885,-0.0263929618768328,,,-0.0209970674486803,-0.0093450635386119,-0.6451612903225806,-0.718475073313783,-0.0003486480204539,-0.7337701012507445,1670.0,1650.0,0.9391304347826088,-0.0018382352941176,0.000111305990286,-3.88466805631869e-05
2002-09-27,1680.0,1740.0,1675.0,1740.0,73000.0,1740.0,1692.0,1688.0,1740.2,1720.8,1692.925,False,False,False,False,False,False,False,False,False,False,True,-0.0258620689655172,-0.0545977011494252,,,-0.0001149425287356,0.0110344827586207,-0.6580459770114943,-0.7385057471264368,-7.748334108172911e-05,-0.7325236966824644,1750.0,1675.0,0.6759259259259259,-0.0003447879554073,0.0014934473387103,0.0002711646793722
2002-09-30,1695.0,1695.0,1645.0,1665.0,38000.0,1665.0,1697.0,1686.5,1735.4,1719.8,1690.8,False,False,False,False,False,False,False,False,False,True,False,0.015015015015015,-0.018018018018018,,,-0.0422822822822823,-0.0329129129129128,-0.6516516516516516,-0.7147147147147147,-0.0005814629608093,-0.7278387192410317,1745.0,1675.0,0.5205479452054794,-0.0027659329261265,-0.0024211449707191,-0.0005039796197276
2002-10-01,1610.0,1690.0,1600.0,1685.0,58000.0,1685.0,1700.0,1682.5,1728.0,1719.3333333333333,1688.55,False,False,False,False,False,False,False,False,False,True,False,0.0059347181008902,-0.0237388724035608,,,-0.0255192878338278,-0.020375865479723,-0.685459940652819,-0.712166172106825,-0.000271423032183,-0.7221396731054978,1745.0,1680.0,1.5263157894736843,-0.0042824074074074,-0.0015164744812809,0.0003100399286263
2002-10-02,1640.0,1645.0,1625.0,1645.0,38000.0,1645.0,1688.0,1680.5,1719.8,1718.5333333333333,1686.45,False,False,False,False,False,False,False,False,False,True,False,0.0,-0.0212765957446808,,,-0.0454711246200607,-0.0447011144883485,-0.6960486322188449,-0.7173252279635258,-0.0004655132283342,-0.7179410889616186,1810.0,1650.0,0.6551724137931034,-0.004767996278637,-0.0004855888712296,-0.0001940901961511
2002-10-03,1590.0,1675.0,1565.0,1675.0,57000.0,1675.0,1682.0,1679.5,1713.8,1717.5333333333333,1684.55,False,False,True,False,False,False,False,False,False,False,False,-0.008955223880597,-0.0567164179104477,,,-0.0231641791044775,-0.0253930348258706,-0.6746268656716418,-0.7194029850746269,-0.0005822303303186,-0.714498362607919,1785.0,1640.0,1.5,-0.0035009919477185,0.0012670043309185,-0.0001167171019844
2002-10-04,1605.0,1700.0,1605.0,1695.0,47000.0,1695.0,1673.0,1682.5,1708.0,1716.8,1683.125,False,False,False,False,False,False,False,False,False,False,False,-0.0294985250737463,-0.103244837758112,,,-0.007669616519174,-0.0128613569321533,-0.6991150442477876,-0.7345132743362832,-0.0004271512892202,-0.7147102526002972,1810.0,1650.0,0.8245614035087719,-0.0033957845433255,0.000105207404393,0.0001550790410984
2002-10-07,1690.0,1725.0,1655.0,1690.0,55000.0,1690.0,1678.0,1687.5,1703.2,1716.3333333333333,1682.2,False,False,False,False,False,False,False,False,False,False,False,-0.0325443786982248,-0.0946745562130177,,,-0.0078106508875739,-0.0155818540433924,-0.7011834319526628,-0.7366863905325444,-0.0002718974558166,-0.7185185185185186,1825.0,1650.0,1.1702127659574468,-0.0028182245185532,0.0005775600247722,0.0001552538334035
2002-10-08,1620.0,1700.0,1620.0,1695.0,35000.0,1695.0,1680.0,1690.0,1701.0,1716.3333333333333,1681.325,False,False,False,False,False,False,False,False,False,False,False,-0.0294985250737463,-0.191740412979351,,,-0.0035398230088495,-0.0125860373647983,-0.7227138643067846,-0.7404129793510325,0.0,-0.7239644970414201,1820.0,1635.0,0.6363636363636364,-0.0012933568489124,0.0015248676696408,0.0002718974558166
2002-10-09,1645.0,1695.0,1645.0,1645.0,18000.0,1645.0,1680.0,1684.0,1695.0,1715.6666666666667,1680.225,False,False,False,False,False,False,False,False,False,True,False,-0.0212765957446808,-0.4103343465045592,,,-0.0303951367781155,-0.0429584599797366,-0.756838905775076,-0.6869300911854104,-0.0003885758694384,-0.7220902612826603,1800.0,1625.0,0.5142857142857142,-0.0035398230088495,-0.0022464661599371,-0.0003885758694384
2002-10-10,1645.0,1660.0,1595.0,1660.0,19000.0,1660.0,1677.0,1679.5,1690.6,1715.8,1679.2,False,False,False,False,False,False,False,True,False,False,False,-0.0481927710843373,-0.5421686746987951,,,-0.0184337349397589,-0.0336144578313252,-0.7740963855421686,-0.7078313253012049,7.770913470871434e-05,-0.721047930931825,1795.0,1645.0,1.0555555555555556,-0.0026026262865255,0.000937196722324,0.0004662850041471
2002-10-11,1650.0,1670.0,1600.0,1645.0,44000.0,1645.0,1667.0,1670.0,1685.8,1715.8,1678.55,False,False,False,False,False,False,False,False,False,True,False,-0.0759878419452887,-0.5714285714285714,,,-0.0248024316109422,-0.0430395136778115,-0.7537993920972644,-0.7112462006079028,0.0,-0.7182634730538923,1775.0,1645.0,2.3157894736842106,-0.0028473128484992,-0.0002446865619736,-7.770913470871434e-05
2002-10-16,1600.0,1635.0,1585.0,1635.0,45000.0,1635.0,1656.0,1667.0,1681.4,1715.6666666666667,1677.3,False,False,False,False,False,False,False,False,False,False,False,-0.0642201834862385,-0.6024464831804281,,,-0.0283792048929664,-0.0493374108053007,-0.6636085626911316,-0.7003058103975535,-7.77151738876309e-05,-0.7168566286742651,1795.0,1635.0,1.0227272727272727,-0.0026168668966336,0.0002304459518655,-7.77151738876309e-05
2002-10-17,1605.0,1645.0,1575.0,1645.0,64000.0,1645.0,1646.0,1663.0,1677.4,1715.4,1675.975,False,False,False,False,False,False,False,False,False,False,False,-0.1671732522796352,-0.6352583586626139,,,-0.0196960486322189,-0.0427963525835866,-0.6838905775075987,-0.6899696048632219,-0.0001554545101239,-0.7146722790138305,1790.0,1640.0,1.4222222222222225,-0.0023846428997257,0.0002322239969079,-7.773933623633522e-05
2002-10-18,1595.0,1610.0,1560.0,1610.0,52000.0,1610.0,1639.0,1659.5,1672.8,1714.6,1674.3,False,False,False,False,False,False,False,False,False,True,False,-0.3975155279503105,-0.5838509316770186,,,-0.0390062111801241,-0.0649689440993788,-0.6770186335403726,-0.6894409937888198,-0.0004665811267935,-0.7119614341669177,1790.0,1610.0,0.8125,-0.0027498804399809,-0.0003652375402551,-0.0003111266166695
2002-10-21,1570.0,1580.0,1555.0,1580.0,7000.0,1580.0,1623.0,1650.0,1668.0,1713.6666666666667,1672.7,False,False,False,False,False,False,False,False,False,True,False,-0.5189873417721519,-0.6170886075949367,,,-0.0556962025316455,-0.0845991561181435,-0.6772151898734177,-0.6867088607594937,-0.0005446411204044,-0.7087878787878787,1785.0,1720.0,0.1346153846153846,-0.0028776978417265,-0.0001278174017456,-7.805999361096592e-05
2002-10-22,1530.0,1555.0,1480.0,1520.0,75000.0,1520.0,1598.0,1632.5,1662.8,1711.6,1671.175,False,False,False,False,False,False,False,False,False,True,False,-0.5361842105263158,-0.6085526315789473,,,-0.0939473684210526,-0.1260526315789473,-0.680921052631579,-0.6710526315789473,-0.0012074472228714,-0.70260336906585,1755.0,1750.0,10.714285714285714,-0.0031272552321385,-0.0002495573904119,-0.0006628061024669
2002-10-23,1475.0,1545.0,1415.0,1530.0,202000.0,1530.0,1577.0,1616.5,1656.8,1709.6666666666667,1669.8,False,False,False,False,False,False,False,False,False,True,False,-0.5751633986928104,-0.6209150326797386,,,-0.082875816993464,-0.1174291938997821,-0.696078431372549,-0.6797385620915033,-0.0011308247221679,-0.6968759665944942,1785.0,1725.0,2.6933333333333334,-0.0036214389183969,-0.0004941836862583,7.662250070351851e-05
2002-10-24,1495.0,1495.0,1350.0,1370.0,109000.0,1370.0,1522.0,1584.0,1642.6,1705.5333333333333,1667.8,False,False,False,False,False,False,False,False,False,True,False,-0.5620437956204379,-0.6131386861313869,,,-0.1989781021897809,-0.2449148418491483,-0.6496350364963503,-0.5802919708029197,-0.0024234843450729,-0.6821338383838383,1870.0,1695.0,0.5396039603960396,-0.0086448313649093,-0.0050233924465124,-0.0012926596229049
2002-10-25,1295.0,1320.0,970.0,970.0,359000.0,970.0,1394.0,1516.5,1614.8,1696.4666666666667,1664.05,False,False,False,False,False,False,False,False,False,True,False,-0.3092783505154639,-0.4845360824742268,,,-0.664742268041237,-0.7489347079037801,-0.4845360824742268,-0.4329896907216495,-0.0053444413879828,-0.6656775469831849,1850.0,1660.0,3.293577981651376,-0.0172157542729749,-0.0085709229080656,-0.0029209570429098
2002-10-28,720.0,810.0,720.0,760.0,3572000.0,760.0,1230.0,1426.5,1577.8,1684.7333333333331,1659.25,False,False,False,False,False,False,False,False,False,True,False,-0.2039473684210526,-0.2828947368421052,,,-1.0760526315789474,-1.216754385964912,-0.3157894736842105,-0.2828947368421052,-0.0069645047683116,-0.6403785488958991,1825.0,1670.0,9.949860724233984,-0.0234503739383952,-0.0062346196654202,-0.0016200633803288
2002-10-29,760.0,795.0,670.0,705.0,1458000.0,705.0,1067.0,1332.5,1539.4,1672.1333333333334,1654.35,False,False,False,False,False,False,False,False,False,True,False,-0.1560283687943262,-0.2765957446808511,,,-1.1835460992907805,-1.3718203309692674,-0.2907801418439716,-0.2836879432624113,-0.007535284267602,-0.6127579737335835,1840.0,1750.0,0.4081746920492721,-0.0249447836819539,-0.0014944097435586,-0.0005707794992904
2002-10-30,705.0,705.0,640.0,650.0,816000.0,650.0,891.0,1234.0,1499.8,1658.8,1650.425,False,False,False,False,False,False,False,False,False,True,False,-0.1076923076923077,-0.2230769230769231,,,-1.3073846153846154,-1.5519999999999998,-0.2538461538461538,-0.2153846153846154,-0.0080379390724219,-0.580226904376013,1810.0,1745.0,0.5596707818930041,-0.026403520469396,-0.001458736787442,-0.0005026548048198
2002-10-31,640.0,645.0,585.0,600.0,1279000.0,600.0,737.0,1129.5,1457.0,1645.0,1645.95,False,False,False,False,False,False,False,False,False,True,False,-0.1166666666666666,-0.2166666666666666,,,-1.4283333333333332,-1.7416666666666667,-0.2166666666666666,-0.2166666666666666,-0.0083890577507598,-0.5449313855688358,1750.0,1745.0,1.5674019607843137,-0.0293754289636238,-0.0029719084942278,-0.0003511186783379
2002-11-01,625.0,680.0,620.0,670.0,615000.0,670.0,677.0,1035.5,1415.6,1632.2666666666669,1641.15,False,False,False,False,False,False,False,False,False,False,False,-0.2537313432835821,-0.4029850746268656,,,-1.1128358208955222,-1.436218905472637,-0.291044776119403,-0.2985074626865671,-0.0078010129063877,-0.5065185900531144,1795.0,1810.0,0.4808444096950743,-0.0292455495902798,0.000129879373344,0.0005880448443721
2002-11-05,625.0,650.0,600.0,605.0,553000.0,605.0,646.0,938.0,1371.6,1618.4,1635.525,False,False,False,False,False,False,False,False,False,True,False,-0.0991735537190082,-0.3801652892561983,,,-1.2671074380165288,-1.6750413223140497,-0.2396694214876033,-0.2066115702479339,-0.0085681331356072,-0.4568230277185501,1770.0,1785.0,0.8991869918699187,-0.0320793234179061,-0.0028337738276262,-0.0007671202292195
2002-11-06,615.0,620.0,590.0,595.0,152000.0,595.0,624.0,845.5,1325.8,1604.4,1629.875,False,False,False,False,False,False,False,False,False,True,False,-0.1428571428571428,-0.3193277310924369,,,-1.228235294117647,-1.6964705882352942,-0.2436974789915966,-0.2016806722689075,-0.0087260034904013,-0.400354819633353,1765.0,1810.0,0.2748643761301989,-0.034545180268517,-0.0024658568506109,-0.0001578703547941
2002-11-07,600.0,600.0,560.0,580.0,254000.0,580.0,610.0,750.5,1282.4,1590.3333333333333,1624.2,False,False,False,False,False,False,False,False,False,False,False,-0.1293103448275862,-0.0517241379310344,,,-1.2110344827586208,-1.7419540229885055,-0.2586206896551724,-0.1724137931034483,-0.0088451058478307,-0.3257828114590273,1745.0,1825.0,1.6710526315789471,-0.0338427947598252,0.0007023855086918,-0.0001191023574293
2002-11-08,570.0,570.0,525.0,530.0,378000.0,530.0,596.0,666.5,1236.2,1575.5333333333333,1618.25,False,False,False,False,False,False,False,False,False,True,False,-0.1132075471698113,-0.0188679245283018,,,-1.332452830188679,-1.9727044025157232,-0.2075471698113207,-0.0471698113207547,-0.0093936444801759,-0.2513128282070517,1745.0,1820.0,1.4881889763779528,-0.0373725934314836,-0.0035297986716583,-0.0005485386323452
2002-11-11,530.0,530.0,500.0,500.0,237000.0,500.0,562.0,619.5,1190.4,1560.7333333333331,1612.25,False,False,False,False,False,False,False,False,False,True,False,-0.2,0.04,,,-1.3808000000000002,-2.121466666666666,-0.23,0.04,-0.0094827217974457,-0.1993543179983858,1725.0,1800.0,0.626984126984127,-0.0384744623655913,-0.0011018689341077,-8.907731726976766e-05
2002-11-12,485.0,600.0,465.0,545.0,588000.0,545.0,550.0,598.0,1145.2,1545.0666666666666,1606.725,False,False,False,False,False,False,False,False,False,True,False,-0.3119266055045872,-0.0642201834862385,,,-1.101284403669725,-1.8349847094801224,-0.2568807339449541,-0.110091743119266,-0.010139799792889,-0.1806020066889632,1700.0,1795.0,2.481012658227848,-0.0394690883688439,-0.0009946260032525,-0.0006570779954433
2002-11-13,565.0,570.0,505.0,510.0,198000.0,510.0,533.0,578.5,1097.8,1528.5333333333333,1600.775,False,False,False,False,False,False,False,False,False,True,False,-0.2058823529411764,-0.0490196078431372,,,-1.152549019607843,-1.997124183006536,-0.2352941176470588,-0.0588235294117647,-0.0108164689462665,-0.1573033707865168,1650.0,1775.0,0.336734693877551,-0.0431772636181454,-0.0037081752493015,-0.0006766691533774
2002-11-14,515.0,520.0,490.0,505.0,159000.0,505.0,518.0,564.0,1050.4,1512.2666666666669,1594.725,False,False,False,False,False,False,False,False,False,True,False,0.0891089108910891,-0.0792079207920792,,,-1.08,-1.994587458745875,-0.2178217821782178,-0.1287128712871287,-0.0107564803385644,-0.1480496453900709,1680.0,1795.0,0.803030303030303,-0.0451256664127949,-0.0019484027946495,5.998860770208871e-05
2002-11-15,480.0,505.0,450.0,470.0,196000.0,470.0,506.0,551.0,1001.4,1495.9333333333334,1588.7,False,False,False,False,False,False,False,False,False,True,False,0.1063829787234042,0.0212765957446808,,,-1.1306382978723404,-2.182836879432624,-0.1595744680851064,-0.0957446808510638,-0.0109184901287937,-0.1361161524500907,1725.0,1790.0,1.2327044025157232,-0.048931495905732,-0.003805829492937,-0.0001620097902292
2002-11-18,450.0,460.0,375.0,400.0,252000.0,400.0,486.0,524.0,951.6,1479.1333333333334,1582.25,False,False,False,False,False,False,False,False,False,True,False,0.3,0.25,,,-1.379,-2.697833333333333,0.0125,0.1125,-0.0113580024338576,-0.0963740458015267,1665.0,1790.0,1.2857142857142858,-0.0523329129886506,-0.0034014170829185,-0.0004395123050639
2002-11-19,400.0,420.0,360.0,375.0,487000.0,375.0,452.0,501.0,900.2,1461.8666666666666,1575.875,False,False,False,False,False,False,False,False,False,True,False,0.36,0.3866666666666666,,,-1.4005333333333334,-2.8983111111111106,0.08,0.1733333333333333,-0.0118113827070413,-0.0628742514970059,1685.0,1785.0,1.9325396825396823,-0.0570984225727615,-0.0047655095841109,-0.0004533802731837
2002-11-20,380.0,430.0,375.0,405.0,165000.0,405.0,431.0,482.0,850.6,1443.9333333333334,1569.675,False,False,False,False,False,False,False,False,False,True,False,0.1975308641975308,0.2345679012345679,,,-1.100246913580247,-2.5652674897119345,0.0123456790123456,0.1358024691358024,-0.0124197793065237,-0.0290456431535269,1665.0,1755.0,0.3388090349075975,-0.0583117799200564,-0.0012133573472948,-0.0006083965994823
2002-11-21,410.0,555.0,410.0,550.0,612000.0,550.0,440.0,479.0,807.2,1428.0,1564.3,False,False,False,False,False,False,False,False,False,False,False,-0.1545454545454545,-0.1181818181818181,,,-0.4676363636363637,-1.5963636363636364,-0.2363636363636363,-0.1909090909090909,-0.0111577964519141,-0.0302713987473903,1640.0,1785.0,3.709090909090909,-0.0537661050545093,0.004545674865547,0.0012619828546095
2002-11-22,575.0,575.0,485.0,520.0,599000.0,520.0,450.0,478.0,762.2,1411.6666666666667,1558.825,False,False,False,False,False,False,False,False,False,True,False,-0.0769230769230769,-0.0961538461538461,,,-0.4657692307692309,-1.71474358974359,-0.1634615384615384,-0.1346153846153846,-0.0115702479338842,-0.0397489539748954,1670.0,1870.0,0.9787581699346404,-0.0590396221464182,-0.0052735170919088,-0.0004124514819701
2002-11-25,515.0,535.0,500.0,520.0,181000.0,520.0,474.0,480.0,718.6,1394.4666666666667,1553.475,False,False,False,False,False,False,False,False,False,True,True,-0.0384615384615384,-0.0865384615384615,,,-0.381923076923077,-1.6816666666666666,-0.1826923076923076,-0.1538461538461538,-0.0123344647894057,-0.0604166666666666,1705.0,1850.0,0.3021702838063439,-0.0606735318675202,-0.0016339097211019,-0.0007642168555215
2002-11-26,515.0,520.0,490.0,510.0,84000.0,510.0,501.0,476.5,675.8,1377.4666666666667,1548.275,False,False,False,False,False,False,False,False,False,True,False,0.0196078431372549,-0.0980392156862745,,,-0.3250980392156862,-1.7009150326797386,-0.1862745098039215,-0.0980392156862745,-0.0123414964669441,-0.0587618048268625,1705.0,1825.0,0.4640883977900552,-0.06333234684818,-0.0026588149806598,-7.031677538370251e-06
2002-11-27,495.0,500.0,475.0,485.0,108000.0,485.0,517.0,474.0,634.4,1359.8,1542.675,False,False,False,False,False,False,False,False,False,True,False,0.0309278350515463,-0.0721649484536082,,,-0.308041237113402,-1.8037113402061853,-0.1546391752577319,-0.0721649484536082,-0.0129921066823553,-0.060126582278481,1740.0,1840.0,1.2857142857142858,-0.0652585119798234,-0.0019261651316433,-0.0006506102154111
2002-11-28,485.0,485.0,460.0,465.0,108000.0,465.0,500.0,470.0,591.8,1341.6666666666667,1537.025,False,False,False,False,False,False,False,False,False,True,False,0.043010752688172,-0.075268817204301,,,-0.2726881720430106,-1.885304659498208,-0.1397849462365591,-0.053763440860215,-0.0135155279503104,-0.052127659574468,1665.0,1810.0,1.0,-0.0719837783034809,-0.0067252663236575,-0.0005234212679551
2002-11-29,475.0,495.0,475.0,480.0,145000.0,480.0,492.0,471.0,556.2,1323.8,1531.5,False,False,False,False,False,False,False,False,False,False,True,-0.0208333333333333,-0.125,,,-0.15875,-1.7579166666666666,-0.1666666666666666,-0.0729166666666666,-0.01349649997482,-0.0498938428874734,1685.0,1750.0,1.3425925925925926,-0.0640057533261415,0.0079780249773394,1.902797549041373e-05
2002-12-02,500.0,510.0,490.0,500.0,110000.0,500.0,488.0,481.0,537.4,1306.4666666666667,1526.2,False,False,False,False,False,False,False,False,False,False,False,-0.05,-0.23,,,-0.0747999999999999,-1.612933333333333,-0.2,-0.08,-0.0132673368372709,-0.0665280665280665,1645.0,1795.0,0.7586206896551724,-0.0349832526981765,0.0290225006279649,0.0002291631375491
2002-12-03,540.0,540.0,510.0,520.0,104000.0,520.0,490.0,495.5,527.8,1289.4666666666667,1520.975,False,False,False,False,False,False,False,False,False,False,False,-0.1153846153846153,-0.2211538461538461,,,-0.0149999999999999,-1.4797435897435898,-0.2019230769230769,-0.0192307692307692,-0.013183745217661,-0.0797174571140262,1675.0,1770.0,0.9454545454545454,-0.0181887078438803,0.0167945448542962,8.359161960990596e-05
2002-12-04,525.0,530.0,480.0,500.0,148000.0,500.0,493.0,505.0,519.6,1272.4666666666667,1515.725,False,False,False,False,False,False,False,False,False,False,False,-0.1,-0.22,,,-0.0392,-1.5449333333333335,-0.11,-0.03,-0.0133598784513019,-0.092079207920792,1695.0,1765.0,1.4230769230769231,-0.0157813702848343,0.0024073375590459,-0.0001761332336408
2002-12-05,495.0,495.0,485.0,485.0,74000.0,485.0,497.0,498.5,513.0,1255.0,1510.525,False,False,False,False,False,False,False,False,False,False,False,-0.1134020618556701,-0.1855670103092783,,,-0.0577319587628866,-1.5876288659793814,0.0206185567010309,0.0103092783505154,-0.0139176626826029,-0.0712136409227683,1690.0,1745.0,0.5,-0.0128654970760234,0.0029158732088109,-0.000557784231301
2002-12-06,475.0,475.0,465.0,470.0,88000.0,470.0,495.0,493.5,507.8,1237.4,1505.375,False,False,False,False,False,False,False,False,False,False,False,-0.1063829787234042,-0.1595744680851064,,,-0.0804255319148936,-1.6327659574468087,0.1170212765957446,0.0638297872340425,-0.0142233715855825,-0.0516717325227963,1695.0,1745.0,1.1891891891891893,-0.0102402520677431,0.0026252450082802,-0.0003057089029796
2002-12-09,470.0,475.0,455.0,475.0,36000.0,475.0,490.0,489.0,500.0,1219.8666666666666,1500.0,False,False,False,False,False,False,False,False,False,True,False,-0.1894736842105263,-0.1473684210526315,,,-0.0526315789473684,-1.5681403508771927,0.0526315789473684,0.031578947368421,-0.0143731555361243,-0.032719836400818,1645.0,1725.0,0.4090909090909091,-0.0156,-0.0053597479322568,-0.0001497839505417
2002-12-10,460.0,470.0,445.0,460.0,158000.0,460.0,478.0,484.0,494.2,1202.2,1494.675,False,False,False,False,False,False,False,False,False,False,False,-0.1195652173913043,-0.1195652173913043,,,-0.0743478260869565,-1.6134782608695653,0.0434782608695652,0.0760869565217391,-0.0146952808739531,-0.015495867768595,1660.0,1700.0,4.388888888888889,-0.0117361392148927,0.0038638607851072,-0.0003221253378288
2002-12-11,450.0,460.0,450.0,450.0,45000.0,450.0,468.0,480.5,488.4,1184.8,1489.35,False,False,False,False,False,False,False,False,False,True,False,-0.1333333333333333,-0.0888888888888888,,,-0.0853333333333332,-1.6328888888888888,0.0111111111111111,0.0666666666666666,-0.0146860229574612,-0.0020811654526534,1645.0,1650.0,0.2848101265822785,-0.0118755118755119,-0.0001393726606191,9.25791649192785e-06
2002-12-12,430.0,440.0,420.0,430.0,91000.0,430.0,457.0,477.0,482.4,1166.7333333333331,1484.0,False,False,False,False,False,False,False,False,False,True,False,-0.0813953488372093,-0.0232558139534883,,,-0.121860465116279,-1.713333333333333,0.1046511627906976,0.2093023255813953,-0.0154848294383179,0.0220125786163522,1635.0,1680.0,2.022222222222222,-0.0124378109452736,-0.0005622990697617,-0.0007988064808567
2002-12-13,415.0,425.0,405.0,420.0,40000.0,420.0,447.0,471.0,478.0,1147.4,1478.65,False,False,False,False,False,False,False,False,False,False,False,-0.0595238095238095,0.0357142857142857,,,-0.1380952380952381,-1.731904761904762,0.1547619047619047,0.25,-0.016849689152286,0.0520169851380042,1645.0,1725.0,0.4395604395604395,-0.009205020920502,0.0032327900247715,-0.0013648597139681
2002-12-16,410.0,410.0,380.0,385.0,115000.0,385.0,429.0,459.5,473.4,1127.8666666666666,1473.125,False,False,False,False,False,False,False,False,False,True,False,0.0519480519480519,0.1038961038961039,,,-0.2296103896103895,-1.9295238095238088,0.2077922077922078,0.2987012987012987,-0.0173188320132405,0.0870511425462459,1610.0,1665.0,2.875,-0.0097169412758766,-0.0005119203553746,-0.0004691428609544
2002-12-17,390.0,405.0,390.0,405.0,63000.0,405.0,418.0,448.0,467.8,1108.9333333333334,1467.675,False,False,False,False,False,False,False,False,False,True,False,0.0,0.0246913580246913,,,-0.1550617283950617,-1.738106995884774,0.1604938271604938,0.2098765432098765,-0.0170734639894191,0.1104910714285714,1580.0,1685.0,0.5478260869565217,-0.0119709277469003,-0.0022539864710236,0.0002453680238214
2002-12-18,405.0,405.0,390.0,390.0,43000.0,390.0,406.0,437.0,463.0,1089.6,1462.275,False,False,False,False,False,False,False,False,False,False,False,0.0512820512820512,0.0512820512820512,,,-0.1871794871794871,-1.7938461538461536,0.1538461538461538,0.2179487179487179,-0.0177435144395498,0.1361556064073226,1520.0,1665.0,0.6825396825396826,-0.0103671706263499,0.0016037571205503,-0.0006700504501307
2002-12-19,385.0,395.0,380.0,395.0,100000.0,395.0,399.0,428.0,458.6,1070.7333333333331,1456.95,False,False,False,False,False,False,False,False,False,False,False,0.0632911392405063,0.0126582278481012,,,-0.1610126582278481,-1.7107172995780586,0.1265822784810126,0.2025316455696202,-0.0176203225203911,0.1565420560747663,1530.0,1640.0,2.3255813953488373,-0.0095944177932838,0.000772752833066,0.0001231919191586
2002-12-20,375.0,395.0,375.0,395.0,39000.0,395.0,394.0,420.5,455.6,1052.6666666666667,1451.55,False,False,False,False,False,False,False,False,False,False,False,0.1012658227848101,0.0126582278481012,,,-0.1534177215189874,-1.6649789029535866,0.1139240506329113,0.240506329113924,-0.0171627612412916,0.1747919143876337,1370.0,1670.0,0.39,-0.0065847234416154,0.0030096943516684,0.0004575612790994
2002-12-24,395.0,415.0,395.0,405.0,53000.0,405.0,398.0,413.5,455.8,1034.1333333333334,1446.225,False,False,False,False,False,False,True,False,False,False,False,0.0493827160493827,-0.0123456790123456,,,-0.1254320987654321,-1.5534156378600823,0.2716049382716049,0.2222222222222222,-0.0179216090768437,0.1958887545344619,970.0,1705.0,1.358974358974359,0.0004387889425186,0.007023512384134,-0.000758847835552
2002-12-25,435.0,435.0,405.0,405.0,63000.0,405.0,398.0,408.0,457.0,1015.9333333333332,1440.925,False,False,False,False,False,False,True,False,True,False,False,0.0246913580246913,0.0246913580246913,,,-0.128395061728395,-1.5084773662551436,0.1975308641975308,0.2592592592592592,-0.0179145613229217,0.2156862745098039,760.0,1705.0,1.1886792452830188,0.0026258205689277,0.0021870316264091,7.04775392198001e-06
2002-12-26,400.0,420.0,400.0,410.0,28000.0,410.0,402.0,404.0,457.2,997.8666666666668,1435.55,False,False,False,False,False,False,True,False,False,True,False,0.0,0.0853658536585365,,,-0.1151219512195121,-1.4338211382113824,0.1585365853658536,0.2926829268292683,-0.0181052912880809,0.2400990099009901,705.0,1740.0,0.4444444444444444,0.000437445319335,-0.0021883752495927,-0.0001907299651592
2002-12-27,430.0,430.0,410.0,420.0,13000.0,420.0,407.0,403.0,452.0,980.2,1430.25,False,False,False,False,False,False,False,False,False,True,False,-0.0476190476190476,0.1785714285714285,,,-0.0761904761904762,-1.333809523809524,0.1666666666666666,0.2619047619047619,-0.0180235326123921,0.2456575682382134,650.0,1665.0,0.4642857142857143,-0.011504424778761,-0.011941870098096,8.175867568884637e-05
2002-12-30,410.0,435.0,410.0,435.0,11000.0,435.0,415.0,404.5,448.6,962.7333333333332,1425.075,False,False,False,False,False,False,False,False,False,False,True,-0.0804597701149425,0.2068965517241379,,,-0.031264367816092,-1.2131800766283525,0.1724137931034483,0.1724137931034483,-0.0181427878955752,0.2373300370828183,600.0,1685.0,0.8461538461538461,-0.007579135086937,0.0039252896918239,-0.0001192552831831
2003-01-06,430.0,430.0,405.0,425.0,22000.0,425.0,419.0,408.5,444.8,945.4,1419.875,False,False,False,False,False,False,False,False,False,True,False,-0.0588235294117647,0.1764705882352941,,,-0.0465882352941176,-1.224470588235294,0.1764705882352941,0.1529411764705882,-0.0183343910866651,0.222766217870257,670.0,1645.0,2.0,-0.0085431654676259,-0.0009640303806888,-0.0001916031910899
2003-01-07,425.0,430.0,415.0,415.0,24000.0,415.0,421.0,409.5,441.0,928.2666666666668,1414.7,False,False,False,False,False,False,False,False,False,True,False,0.0,0.1566265060240964,,,-0.0626506024096385,-1.2367871485943778,0.1927710843373494,0.1566265060240964,-0.018457339844872,0.2173382173382173,605.0,1675.0,1.0909090909090908,-0.0086167800453515,-7.361457772557534e-05,-0.0001229487582068
2003-01-08,410.0,415.0,395.0,410.0,30000.0,410.0,421.0,411.5,438.0,911.7333333333332,1409.625,False,False,False,False,False,False,False,False,False,False,False,0.0853658536585365,0.1097560975609756,,,-0.0682926829268292,-1.2237398373983737,0.2195121951219512,0.1341463414634146,-0.0181339572974556,0.2089914945321992,595.0,1695.0,1.25,-0.0068493150684931,0.0017674649768583,0.0003233825474164
2003-01-09,395.0,400.0,395.0,400.0,12000.0,400.0,417.0,412.0,435.4,894.6666666666666,1404.525,False,False,False,False,False,False,False,False,False,False,False,0.2375,0.1875,,,-0.0884999999999999,-1.2366666666666666,0.225,0.1375,-0.0190760059612517,0.2026699029126213,580.0,1690.0,0.4,-0.0059715204409738,0.0008777946275192,-0.0009420486637961
2003-01-10,400.0,410.0,380.0,400.0,34000.0,400.0,410.0,412.5,432.2,877.0,1399.325,False,False,False,False,False,False,False,False,False,True,False,0.3125,0.2125,,,-0.0804999999999999,-1.1925,0.4375,0.175,-0.0201444317749904,0.1963636363636363,530.0,1695.0,2.833333333333333,-0.0074039796390559,-0.001432459198082,-0.0010684258137386
2003-01-14,400.0,405.0,380.0,400.0,75000.0,400.0,405.0,412.0,428.2,860.1333333333333,1394.3,False,False,False,False,False,False,False,False,False,True,False,0.25,0.1625,,,-0.0704999999999999,-1.1503333333333332,0.375,0.1625,-0.0196093628894745,0.1905339805825242,500.0,1645.0,2.2058823529411766,-0.0093414292386735,-0.0019374495996175,0.0005350688855159
2003-01-15,405.0,425.0,405.0,415.0,37000.0,415.0,405.0,413.0,424.0,843.2,1389.275,False,False,False,False,False,False,False,False,False,True,True,0.1566265060240964,0.1325301204819277,,,-0.0216867469879518,-1.0318072289156628,0.3132530120481928,0.1204819277108433,-0.0200822264389626,0.1767554479418886,545.0,1660.0,0.4933333333333333,-0.0099056603773584,-0.0005642311386849,-0.0004728635494881
2003-01-16,425.0,445.0,425.0,445.0,54000.0,445.0,412.0,416.5,421.8,826.9333333333333,1384.5,False,False,False,False,True,False,False,False,False,False,False,0.0224719101123595,0.0112359550561797,,,0.0521348314606741,-0.8582771535580523,0.1348314606741573,0.0449438202247191,-0.0196710738471462,0.1512605042016806,510.0,1645.0,1.4594594594594594,-0.0052157420578472,0.0046899183195111,0.0004111525918164
2003-01-17,445.0,495.0,430.0,495.0,172000.0,495.0,431.0,424.0,422.2,811.6666666666666,1380.0,False,False,False,False,False,False,True,False,False,False,False,-0.0404040404040404,-0.101010101010101,,,0.1470707070707071,-0.6397306397306397,0.0303030303030303,-0.0606060606060606,-0.0188090349075975,0.115566037735849,505.0,1635.0,3.185185185185185,0.0009474182851728,0.0061631603430201,0.0008620389395486
2003-01-20,520.0,590.0,505.0,525.0,584000.0,525.0,456.0,433.0,424.4,796.4,1375.675,False,False,False,False,False,False,True,False,True,False,False,-0.0761904761904762,-0.1619047619047619,,,0.1916190476190476,-0.5169523809523809,-0.1047619047619047,-0.1238095238095238,-0.0191695965176628,0.0808314087759815,470.0,1645.0,3.395348837209302,0.0051837888784165,0.0042363705932437,-0.0003605616100652
2003-01-21,525.0,525.0,475.0,500.0,224000.0,500.0,476.0,440.5,425.4,780.3333333333334,1371.2,False,False,False,False,False,False,True,False,False,True,False,-0.07,0.03,,,0.1492,-0.5606666666666668,-0.06,-0.06,-0.0205894916702263,0.05788876276958,400.0,1610.0,0.3835616438356164,0.002350728725905,-0.0028330601525115,-0.0014198951525635
2003-01-22,500.0,500.0,475.0,480.0,110000.0,480.0,489.0,447.0,426.2,764.0,1366.7,False,False,False,False,False,False,True,False,False,True,False,-0.0208333333333333,0.0104166666666666,,,0.1120833333333333,-0.5916666666666667,0.0,-0.03125,-0.0213787085514834,0.0391498881431767,375.0,1580.0,0.4910714285714285,0.001877053026748,-0.0004736756991569,-0.0007892168812571
2003-01-23,460.0,470.0,450.0,455.0,67000.0,455.0,491.0,451.5,426.4,746.8666666666667,1362.125,False,False,False,False,False,False,True,False,False,True,False,-0.0109890109890109,0.0439560439560439,,,0.0628571428571429,-0.6414652014652015,0.0439560439560439,0.0329670329670329,-0.0229402838525394,0.0299003322259136,405.0,1520.0,0.6090909090909091,0.0004690431519699,-0.001408009874778,-0.001561575301056
2003-01-24,450.0,475.0,450.0,475.0,30000.0,475.0,487.0,459.0,428.2,731.0,1357.65,False,False,False,False,False,False,True,False,True,False,False,-0.0631578947368421,0.031578947368421,,,0.0985263157894737,-0.5389473684210526,0.0105263157894736,-0.031578947368421,-0.0217054263565891,0.0141612200435729,550.0,1530.0,0.4477611940298507,0.0042036431574031,0.0037346000054331,0.0012348574959503
2003-01-27,500.0,510.0,460.0,485.0,121000.0,485.0,479.0,467.5,430.8,715.0,1353.225,False,False,False,False,False,False,True,False,False,False,False,-0.0927835051546391,0.0515463917525773,,,0.1117525773195876,-0.4742268041237113,0.0412371134020618,-0.0515463917525773,-0.0223776223776223,-0.0064171122994652,520.0,1370.0,4.033333333333333,0.0060352831940576,0.0018316400366545,-0.0006721960210332
2003-01-28,475.0,475.0,455.0,465.0,45000.0,465.0,472.0,474.0,434.0,699.2666666666667,1348.3,False,False,False,False,False,False,True,False,False,False,False,0.1075268817204301,0.075268817204301,,,0.0666666666666666,-0.5037992831541218,0.1182795698924731,0.0,-0.0224997616550672,-0.020042194092827,520.0,970.0,0.371900826446281,0.0073732718894008,0.0013379886953432,-0.0001221392774448
2003-01-29,465.0,475.0,460.0,470.0,23000.0,470.0,470.0,479.5,436.6,683.2,1342.775,False,False,False,False,False,False,True,False,False,True,False,0.0319148936170212,0.0531914893617021,,,0.071063829787234,-0.4536170212765958,0.0319148936170212,-0.0106382978723404,-0.0235167837626853,-0.0312825860271115,510.0,760.0,0.5111111111111111,0.0059551076500229,-0.0014181642393779,-0.001017022107618
2003-01-30,450.0,460.0,450.0,450.0,33000.0,450.0,469.0,480.0,439.0,666.6,1336.65,False,False,False,False,False,False,True,False,False,True,False,0.0555555555555555,0.1111111111111111,,,0.0244444444444444,-0.4813333333333334,0.0666666666666666,0.0111111111111111,-0.0249024902490249,-0.034375,485.0,705.0,1.434782608695652,0.0054669703872436,-0.0004881372627792,-0.0013857064863396
2003-01-31,455.0,455.0,440.0,445.0,52000.0,445.0,463.0,475.0,441.0,650.0,1330.625,False,False,False,False,False,False,True,False,False,True,False,0.1011235955056179,0.1011235955056179,,,0.0089887640449438,-0.4606741573033708,-0.0112359550561797,0.0449438202247191,-0.0255384615384615,-0.0242105263157894,465.0,650.0,1.5757575757575757,0.0045351473922902,-0.0009318229949534,-0.0006359712894366
2003-02-03,445.0,445.0,425.0,440.0,41000.0,440.0,454.0,466.5,442.8,633.2666666666667,1324.5,False,False,False,False,False,False,True,False,False,True,False,0.1590909090909091,0.3068181818181818,,,-0.0063636363636363,-0.4392424242424242,-0.034090909090909,0.0681818181818181,-0.0264238340877987,-0.0042872454448017,480.0,600.0,0.7884615384615384,0.0040650406504065,-0.0004701067418837,-0.0008853725493371
2003-02-04,445.0,515.0,445.0,515.0,140000.0,515.0,464.0,468.0,447.2,618.2,1318.95,False,False,False,False,False,False,True,False,False,False,True,-0.029126213592233,0.0679611650485436,,,0.1316504854368932,-0.2003883495145632,-0.1359223300970873,-0.087378640776699,-0.0243718322010135,-0.0074786324786324,500.0,670.0,3.414634146341464,0.0098389982110911,0.0057739575606846,0.0020520018867851
2003-02-05,530.0,530.0,480.0,485.0,227000.0,485.0,467.0,468.5,450.4,602.5333333333333,1313.25,False,False,False,False,False,False,True,False,False,True,False,0.0206185567010309,0.1237113402061855,,,0.071340206185567,-0.2423367697594501,-0.0927835051546391,0.1030927835051546,-0.0260013277273734,0.0064034151547491,520.0,605.0,1.6214285714285714,0.0071047957371225,-0.0027342024739686,-0.0016294955263598
2003-02-06,485.0,490.0,475.0,475.0,95000.0,475.0,472.0,470.5,453.0,586.9333333333333,1307.55,False,False,False,False,False,False,True,False,False,True,False,0.0526315789473684,0.0631578947368421,,,0.0463157894736842,-0.2356491228070174,-0.031578947368421,0.2947368421052631,-0.0265788278055429,0.0329436769394261,500.0,595.0,0.4185022026431718,0.0057395143487859,-0.0013652813883366,-0.0005775000781695
2003-02-07,475.0,490.0,475.0,490.0,53000.0,490.0,481.0,472.0,455.8,571.6666666666666,1302.075,False,False,False,False,False,False,True,False,False,False,False,0.0,0.0408163265306122,,,0.0697959183673469,-0.1666666666666666,-0.0918367346938775,0.1530612244897959,-0.0267055393586005,0.0519067796610169,485.0,580.0,0.5578947368421052,0.0061430451952611,0.0004035308464751,-0.0001267115530575
2003-02-10,500.0,520.0,490.0,510.0,49000.0,510.0,495.0,474.5,458.8,556.5333333333333,1296.675,False,False,False,False,False,False,True,False,False,False,False,0.1274509803921568,-0.0784313725490196,,,0.100392156862745,-0.0912418300653594,-0.1176470588235294,0.1568627450980392,-0.0271921418303785,0.0737618545837724,470.0,530.0,0.9245283018867924,0.0065387968613775,0.0003957516661164,-0.0004866024717779
2003-02-12,510.0,510.0,495.0,500.0,59000.0,500.0,492.0,478.0,461.8,541.7333333333333,1291.25,False,False,False,False,False,False,True,False,False,True,False,0.1,-0.06,,,0.0763999999999999,-0.0834666666666667,-0.12,0.21,-0.0273197144966772,0.0951882845188284,475.0,500.0,1.2040816326530612,0.0064963187527068,-4.247810867070642e-05,-0.0001275726662987
2003-02-13,515.0,515.0,495.0,495.0,69000.0,495.0,494.0,480.5,465.0,527.2666666666667,1286.225,False,False,False,False,False,False,True,False,False,False,False,0.101010101010101,-0.0303030303030303,,,0.0606060606060606,-0.0651851851851851,-0.0707070707070707,0.2222222222222222,-0.0274370969781262,0.1186264308012487,460.0,545.0,1.1694915254237288,0.0068817204301075,0.0003854016774007,-0.0001173824814489
2003-02-14,500.0,510.0,495.0,500.0,48000.0,500.0,499.0,485.5,468.6,513.6666666666666,1281.05,False,False,False,False,False,False,True,False,False,False,False,0.01,-0.05,,,0.0627999999999999,-0.0273333333333332,-0.1,0.18,-0.0264763140817651,0.1349124613800206,450.0,510.0,0.6956521739130435,0.0076824583866837,0.0008007379565762,0.0009607828963611
2003-02-17,505.0,505.0,480.0,490.0,88000.0,490.0,499.0,490.0,472.2,499.8,1275.25,False,False,False,False,False,False,True,False,False,True,False,0.0408163265306122,-0.0204081632653061,,,0.0363265306122449,-0.02,-0.1020408163265306,0.173469387755102,-0.0277444311057755,0.1469387755102041,430.0,505.0,1.8333333333333333,0.0076238881829732,-5.8570203710542335e-05,-0.0012681170240104
2003-02-18,495.0,590.0,485.0,575.0,974000.0,575.0,512.0,503.5,479.2,489.2,1269.5,False,False,False,False,False,False,True,False,False,False,False,-0.1826086956521739,-0.1217391304347826,,,0.1666086956521739,0.1492173913043478,-0.2260869565217391,0.008695652173913,-0.0216680294358136,0.138033763654419,420.0,470.0,11.068181818181818,0.0146076794657762,0.006983791282803,0.0060764016699619
2003-02-19,560.0,580.0,535.0,550.0,453000.0,550.0,522.0,507.0,485.2,483.6,1263.325,False,True,False,False,False,False,True,False,False,True,False,-0.1454545454545454,-0.0545454545454545,,,0.1178181818181818,0.1207272727272726,-0.1636363636363636,0.0818181818181818,-0.0115798180314308,0.1548323471400394,385.0,400.0,0.4650924024640657,0.0123660346248969,-0.0022416448408793,0.0100882114043827
2003-02-20,530.0,550.0,530.0,545.0,74000.0,545.0,532.0,513.0,490.4,480.73333333333335,1256.675,False,False,False,False,False,False,True,False,False,True,False,-0.1192660550458715,-0.110091743119266,,,0.1001834862385321,0.117920489296636,-0.0642201834862385,0.073394495412844,-0.0059631119123561,0.1510721247563352,405.0,375.0,0.1633554083885209,0.0106035889070146,-0.0017624457178822,0.0056167061190747
2003-02-21,550.0,550.0,505.0,505.0,225000.0,505.0,533.0,516.0,492.8,478.06666666666666,1250.15,False,False,False,False,False,False,True,False,False,True,False,-0.0594059405940594,-0.0495049504950495,,,0.0241584158415841,0.0533333333333333,-0.0396039603960396,0.1386138613861386,-0.0055780225909915,0.1366279069767441,390.0,405.0,3.0405405405405403,0.0048701298701299,-0.0057334590368847,0.0003850893213646
2003-02-24,520.0,520.0,500.0,510.0,79000.0,510.0,537.0,518.0,493.4,476.2,1243.45,False,False,False,False,False,False,True,False,False,True,False,-0.0588235294117647,-0.1372549019607843,,,0.0325490196078431,0.0662745098039215,-0.0392156862745098,0.3333333333333333,-0.0039199216015679,0.1544401544401544,395.0,550.0,0.3511111111111111,0.0012160518848803,-0.0036540779852495,0.0016581009894235
2003-02-25,520.0,520.0,465.0,470.0,123000.0,470.0,516.0,514.0,491.2,474.4666666666666,1236.55,False,False,False,False,False,False,False,False,False,True,False,0.0744680851063829,-0.0957446808510638,,,-0.0451063829787233,-0.0095035460992906,0.0638297872340425,0.3829787234042553,-0.0036532246733175,0.1750972762645914,395.0,520.0,1.5569620253164558,-0.0044788273615634,-0.0056948792464438,0.0002666969282504
2003-02-26,490.0,490.0,470.0,470.0,50000.0,470.0,500.0,511.0,490.0,471.8,1229.65,False,False,False,False,False,False,False,False,False,False,False,0.1063829787234042,-0.0531914893617021,,,-0.0425531914893617,-0.0038297872340425,0.0425531914893617,0.425531914893617,-0.005652112477038,0.1947162426614481,405.0,520.0,0.4065040650406504,-0.0024489795918367,0.0020298477697267,-0.0019988878037205
2003-02-27,470.0,490.0,470.0,480.0,54000.0,480.0,487.0,509.5,490.0,470.1333333333333,1222.8,False,False,False,False,False,False,False,False,False,False,False,0.0104166666666666,-0.0833333333333333,,,-0.0208333333333333,0.0205555555555555,0.03125,0.3125,-0.0035450935904708,0.2031403336604514,405.0,510.0,1.08,0.0,0.0024489795918367,0.0021070188865672
2003-02-28,485.0,490.0,465.0,475.0,50000.0,475.0,481.0,507.0,490.8,468.53333333333336,1215.925,False,False,False,False,False,False,True,False,True,False,False,0.0105263157894736,-0.031578947368421,,,-0.0332631578947368,0.0136140350877192,0.0105263157894736,0.3052631578947368,-0.0034149117814455,0.2149901380670611,410.0,485.0,0.925925925925926,0.0016299918500407,0.0016299918500407,0.0001301818090252
2003-03-03,475.0,480.0,465.0,480.0,66000.0,480.0,475.0,506.0,491.0,467.2,1208.675,False,False,False,False,False,False,True,False,False,True,False,-0.0833333333333333,-0.0729166666666666,,,-0.0229166666666666,0.0266666666666666,0.0833333333333333,0.3125,-0.0028538812785388,0.2282608695652173,420.0,465.0,1.32,0.00040733197556,-0.0012226598744807,0.0005610305029066
2003-03-04,490.0,505.0,480.0,505.0,63000.0,505.0,482.0,499.0,491.8,466.8666666666667,1201.65,False,False,False,True,True,False,True,False,True,False,False,-0.1584158415841584,-0.1089108910891089,,,0.0261386138613861,0.0755115511551155,0.0396039603960396,0.2277227722772277,-0.0007139797229758,0.2535070140280561,435.0,480.0,0.9545454545454546,0.0016266775111834,0.0012193455356233,0.002139901555563
2003-03-05,515.0,555.0,515.0,520.0,241000.0,520.0,492.0,496.0,494.0,467.1333333333333,1194.7,False,False,False,False,False,False,True,True,False,False,False,-0.1442307692307692,-0.1538461538461538,,,0.05,0.1016666666666666,-0.0384615384615384,0.2211538461538461,0.0005708577137148,0.2691532258064516,425.0,500.0,3.8253968253968256,0.0044534412955465,0.0028267637843631,0.0012848374366906
2003-03-06,530.0,530.0,485.0,485.0,139000.0,485.0,493.0,490.0,494.6,466.3333333333333,1187.6,False,False,False,False,False,False,True,False,False,True,False,-0.0927835051546391,-0.0515463917525773,,,-0.0197938144329897,0.0384879725085911,0.0103092783505154,0.2886597938144329,-0.0017155110793424,0.2928571428571428,415.0,520.0,0.5767634854771784,0.0012131014961585,-0.0032403397993879,-0.0022863687930572
2003-03-07,490.0,515.0,475.0,480.0,63000.0,480.0,494.0,487.5,495.8,465.9333333333333,1180.55,False,False,False,False,False,False,True,False,False,False,False,-0.0416666666666666,-0.0625,,,-0.0329166666666666,0.0293055555555556,-0.0104166666666666,0.375,-0.0008584919158678,0.3169230769230769,410.0,500.0,0.4532374100719424,0.0024203307785397,0.0012072292823811,0.0008570191634745
2003-03-10,470.0,470.0,430.0,440.0,72000.0,440.0,486.0,480.5,495.6,465.06666666666666,1173.275,False,False,False,False,False,False,False,False,False,True,False,0.0113636363636363,0.0,,,-0.1263636363636364,-0.0569696969696969,0.0795454545454545,0.4772727272727273,-0.0018635321100916,0.3298647242455775,400.0,485.0,1.1428571428571428,-0.0004035512510088,-0.0028238820295485,-0.0010050401942237
2003-03-11,425.0,440.0,420.0,425.0,71000.0,425.0,470.0,476.0,495.0,464.4666666666666,1166.025,False,False,False,False,False,False,False,False,False,True,False,0.0588235294117647,0.0470588235294117,,,-0.1647058823529411,-0.092862745098039,0.1529411764705882,0.5647058823529412,-0.0012918042198939,0.3455882352941176,400.0,470.0,0.9861111111111112,-0.0012121212121212,-0.0008085699611124,0.0005717278901976
2003-03-12,420.0,445.0,420.0,445.0,41000.0,445.0,455.0,473.5,492.2,465.06666666666666,1158.9,False,False,False,False,False,False,False,True,False,True,False,-0.0112359550561797,0.0337078651685393,,,-0.106067415730337,-0.0450936329588014,0.1123595505617977,0.4157303370786517,0.001290137614679,0.3442449841605068,400.0,475.0,0.5774647887323944,-0.0056887444128403,-0.004476623200719,0.002581941834573
2003-03-13,450.0,450.0,440.0,440.0,33000.0,440.0,446.0,469.5,490.4,465.9333333333333,1151.825,False,False,False,False,False,False,False,True,False,False,False,0.0454545454545454,0.1590909090909091,,,-0.1145454545454544,-0.0589393939393938,0.1590909090909091,0.4659090909090909,0.0018600658177134,0.3588924387646432,415.0,460.0,0.8048780487804879,-0.0036704730831974,0.0020182713296429,0.0005699282030343
2003-03-14,455.0,500.0,455.0,460.0,64000.0,460.0,442.0,468.0,489.8,466.6666666666667,1144.725,False,False,False,False,False,False,False,True,False,False,False,-0.0217391304347826,0.0543478260869565,,,-0.0647826086956522,-0.0144927536231884,0.1521739130434782,0.358695652173913,0.0015714285714287,0.3643162393162393,445.0,450.0,1.93939393939394,-0.0012249897917516,0.0024454832914457,-0.0002886372462847
2003-03-17,460.0,475.0,435.0,445.0,69000.0,445.0,443.0,464.5,488.0,465.26666666666665,1137.725,False,False,False,False,False,False,False,False,False,True,False,-0.0112359550561797,0.1011235955056179,,,-0.096629213483146,-0.0455430711610486,0.1910112359550561,0.3258426966292135,-0.0030090270812438,0.3659849300322927,495.0,430.0,1.078125,-0.0036885245901639,-0.0024635347984122,-0.0045804556526725
2003-03-18,450.0,460.0,450.0,450.0,18000.0,450.0,448.0,459.0,485.6,464.3333333333333,1130.9,False,False,False,False,False,False,False,False,False,True,False,-0.0111111111111111,0.1111111111111111,,,-0.0791111111111111,-0.0318518518518518,0.1333333333333333,0.2666666666666666,-0.0020100502512562,0.3714596949891067,525.0,420.0,0.2608695652173913,-0.0049423393739702,-0.0012538147838063,0.0009989768299875
2003-03-19,450.0,450.0,430.0,440.0,25000.0,440.0,447.0,451.0,483.2,463.26666666666665,1124.225,False,False,False,False,False,False,False,False,False,True,False,0.0454545454545454,0.1136363636363636,,,-0.0981818181818181,-0.0528787878787878,0.1136363636363636,0.3409090909090909,-0.0023024895668441,0.3858093126385809,500.0,385.0,1.3888888888888888,-0.0049668874172186,-2.454804324831476e-05,-0.0002924393155878
2003-03-20,450.0,475.0,450.0,460.0,45000.0,460.0,451.0,448.5,481.8,462.6,1117.525,False,False,False,False,False,False,False,False,False,False,False,0.108695652173913,0.0760869565217391,,,-0.0473913043478261,-0.0056521739130435,0.0434782608695652,0.2391304347826087,-0.001441129845799,0.3812709030100334,480.0,405.0,1.8,-0.0029057700290576,0.0020611173881609,0.0008613597210451
2003-03-24,465.0,470.0,430.0,450.0,62000.0,450.0,449.0,445.5,479.8,462.1333333333333,1110.4,False,False,False,False,False,False,False,False,False,True,False,0.0777777777777777,0.0666666666666666,,,-0.0662222222222222,-0.0269629629629629,0.0333333333333333,0.2222222222222222,-0.0010098095787652,0.3658810325476992,455.0,390.0,1.3777777777777778,-0.0041684035014589,-0.0012626334724012,0.0004313202670338
2003-03-25,445.0,450.0,435.0,440.0,42000.0,440.0,448.0,445.5,477.8,461.8,1103.425,False,False,False,False,False,False,False,False,False,True,False,0.1136363636363636,0.1818181818181818,,,-0.0859090909090909,-0.0495454545454545,0.034090909090909,0.3068181818181818,-0.0007218131947451,0.3490460157126824,475.0,395.0,0.6774193548387096,-0.0041858518208455,-1.744831938660027e-05,0.00028799638402
2003-03-26,450.0,450.0,435.0,445.0,35000.0,445.0,447.0,447.5,472.6,461.3333333333333,1096.725,False,False,False,False,False,False,False,False,False,True,True,0.1235955056179775,0.1797752808988764,,,-0.0620224719101124,-0.0367041198501872,0.0561797752808988,0.2696629213483146,-0.0010115606936416,0.3206703910614525,485.0,395.0,0.8333333333333334,-0.0110029623360135,-0.0068171105151679,-0.0002897474988965
2003-03-27,455.0,460.0,440.0,460.0,39000.0,460.0,451.0,449.0,469.0,460.8,1090.05,False,False,False,False,False,False,False,False,False,False,False,0.0652173913043478,0.0869565217391304,,,-0.0195652173913043,-0.0017391304347826,0.0108695652173913,0.2391304347826087,-0.0011574074074073,0.3028953229398664,465.0,405.0,1.1142857142857143,-0.0076759061833689,0.0033270561526445,-0.0001458467137656
2003-03-28,465.0,535.0,465.0,510.0,392000.0,510.0,461.0,456.0,467.6,460.6666666666667,1083.6,False,False,False,False,True,False,False,False,False,False,False,-0.0294117647058823,-0.0392156862745098,,,0.0831372549019607,0.0967320261437908,-0.088235294117647,0.1274509803921568,-0.0002894356005788,0.2675438596491228,470.0,405.0,10.051282051282053,-0.0029940119760478,0.004681894207321,0.0008679718068284
2003-03-31,510.0,515.0,480.0,485.0,167000.0,485.0,468.0,458.5,466.8,460.4666666666666,1076.775,False,False,False,False,False,False,False,False,False,False,False,-0.0103092783505154,-0.0206185567010309,,,0.0375257731958762,0.0505841924398627,-0.0412371134020618,0.1546391752577319,-0.0004343419719127,0.2464558342420937,450.0,410.0,0.4260204081632653,-0.001713796058269,0.0012802159177787,-0.0001449063713339
2003-04-01,480.0,495.0,480.0,490.0,24000.0,490.0,478.0,463.0,466.0,460.53333333333336,1070.45,False,False,False,False,False,False,False,True,False,True,False,0.0612244897959183,-0.0306122448979591,,,0.0489795918367346,0.0601360544217686,-0.0510204081632653,0.1326530612244898,0.0001447596989,0.2267818574514039,445.0,420.0,0.1437125748502994,-0.0017167381974249,-2.942139155826754e-06,0.0005791016708128
2003-04-02,495.0,505.0,480.0,500.0,69000.0,500.0,489.0,468.0,467.2,460.9333333333333,1064.225,False,False,False,False,False,False,True,True,True,False,False,0.05,-0.02,,,0.0656,0.0781333333333334,-0.08,0.03,0.0008678044547293,0.2019230769230769,440.0,435.0,2.875,0.0025684931506849,0.0042852313481098,0.0007230447558292
2003-04-03,520.0,520.0,490.0,490.0,50000.0,490.0,495.0,473.0,468.0,461.1333333333333,1057.95,False,False,False,False,False,False,True,True,False,True,False,0.0204081632653061,0.010204081632653,,,0.0448979591836734,0.0589115646258503,-0.0408163265306122,0.0204081632653061,0.0004337140378777,0.1701902748414376,515.0,425.0,0.7246376811594203,0.0017094017094017,-0.0008590914412831,-0.0004340904168515
2003-04-04,490.0,495.0,480.0,495.0,24000.0,495.0,492.0,476.5,468.6,461.6,1051.675,False,False,False,False,False,False,True,True,False,True,False,-0.0101010101010101,0.0303030303030303,,,0.0533333333333332,0.0674747474747474,-0.0606060606060606,0.0404040404040404,0.0010109763142692,0.1500524658971668,485.0,415.0,0.48,0.001280409731114,-0.0004289919782877,0.0005772622763914
2003-04-07,485.0,490.0,480.0,480.0,54000.0,480.0,491.0,479.5,468.8,462.0,1045.325,False,False,False,False,False,False,True,True,False,True,False,-0.0104166666666666,0.1041666666666666,,,0.0233333333333333,0.0375,-0.0208333333333333,0.0833333333333333,0.0008658008658008,0.1366006256517205,475.0,410.0,2.25,0.0004266211604095,-0.0008537885707044,-0.0001451754484684
2003-04-08,485.0,530.0,485.0,520.0,209000.0,520.0,497.0,487.5,470.4,463.2,1039.225,False,False,False,False,False,False,True,True,True,False,False,-0.0865384615384615,0.0192307692307692,,,0.0953846153846154,0.1092307692307692,-0.1153846153846153,0.0288461538461538,0.0025906735751295,0.1097435897435897,490.0,400.0,3.87037037037037,0.0034013605442176,0.002974739383808,0.0017248727093286
2003-04-09,535.0,560.0,510.0,525.0,487000.0,525.0,502.0,495.5,471.2,464.6,1033.25,False,False,False,False,False,False,True,True,False,True,False,-0.0666666666666666,-0.0285714285714285,,,0.1024761904761905,0.115047619047619,-0.1238095238095238,0.0380952380952381,0.0030133448127422,0.0877901109989909,510.0,400.0,2.3301435406698565,0.0016977928692699,-0.0017035676749476,0.0004226712376127
2003-04-10,525.0,530.0,490.0,500.0,125000.0,500.0,504.0,499.5,470.4,466.1333333333333,1027.225,False,False,False,False,False,False,False,True,False,True,False,-0.01,-0.02,,,0.0592,0.0677333333333333,-0.07,0.06,0.0032894736842104,0.071071071071071,500.0,400.0,0.2566735112936344,-0.0017006802721088,-0.0033984731413788,0.0002761288714682
2003-04-11,500.0,500.0,490.0,490.0,46000.0,490.0,503.0,497.5,470.6,467.26666666666665,1020.925,False,False,False,False,False,False,True,True,False,False,False,0.0408163265306122,-0.0204081632653061,,,0.0395918367346938,0.0463945578231292,-0.0510204081632653,0.0918367346938775,0.0024254529890141,0.0673366834170854,495.0,415.0,0.368,0.0004249893752657,0.0021256696473745,-0.0008640206951963
2003-04-14,485.0,490.0,465.0,475.0,60000.0,475.0,502.0,496.5,470.4,468.4,1014.55,False,False,False,False,False,False,False,True,False,True,False,0.1157894736842105,-0.0210526315789473,,,0.0096842105263158,0.0138947368421053,-0.0421052631578947,0.1052631578947368,0.002419584400797,0.0624370594159113,500.0,445.0,1.3043478260869563,-0.0004251700680273,-0.000850159443293,-5.868588217085302e-06
2003-04-15,475.0,485.0,475.0,475.0,38000.0,475.0,493.0,495.0,471.8,469.4666666666666,1008.3,False,False,False,False,False,False,True,True,True,False,False,0.1157894736842105,-0.0421052631578947,,,0.0067368421052631,0.0116491228070177,-0.0210526315789473,0.1263157894736842,0.0022720817949444,0.0616161616161616,490.0,495.0,0.6333333333333333,0.0029673590504451,0.0033925291184724,-0.0001475026058525
2003-04-16,485.0,495.0,485.0,490.0,14000.0,490.0,486.0,494.0,474.4,470.73333333333335,1002.275,False,False,False,False,False,False,True,True,False,False,False,0.0408163265306122,-0.0408163265306122,,,0.0318367346938776,0.0393197278911564,-0.0408163265306122,0.0918367346938775,0.0026908369919276,0.0678137651821862,575.0,525.0,0.3684210526315789,0.0054806070826306,0.0025132480321854,0.0004187551969832
2003-04-17,495.0,495.0,485.0,495.0,24000.0,495.0,485.0,494.5,476.4,471.9333333333333,996.275,False,False,False,False,False,False,True,True,False,True,False,-0.0101010101010101,-0.0606060606060606,,,0.0375757575757576,0.0465993265993267,-0.0505050505050505,0.0808080808080808,0.002542732024297,0.0738119312436804,550.0,500.0,1.7142857142857142,0.0041981528127623,-0.0012824542698682,-0.0001481049676306
2003-04-18,515.0,525.0,495.0,510.0,131000.0,510.0,489.0,496.0,479.2,473.3333333333333,990.575,False,False,False,False,False,False,True,True,False,False,False,-0.0588235294117647,-0.088235294117647,,,0.0603921568627451,0.0718954248366013,0.0490196078431372,0.0098039215686274,0.0029577464788733,0.0705645161290322,545.0,480.0,5.458333333333333,0.0058430717863105,0.0016449189735481,0.0004150144545762
2003-04-21,510.0,530.0,505.0,530.0,218000.0,530.0,500.0,501.0,482.0,474.9333333333333,985.0,False,False,False,False,False,False,True,True,False,True,False,-0.1226415094339622,-0.1226415094339622,,,0.090566037735849,0.1038993710691824,0.160377358490566,-0.0094339622641509,0.0033688938798427,0.060878243512974,505.0,455.0,1.6641221374045805,0.0058091286307054,-3.3943155605123225e-05,0.0004111474009694
2003-04-22,535.0,560.0,515.0,530.0,440000.0,530.0,511.0,502.0,485.4,476.4,979.425,False,False,False,False,False,False,True,True,False,False,False,-0.1415094339622641,-0.1226415094339622,,,0.0841509433962264,0.1011320754716981,0.0660377358490566,-0.0377358490566037,0.0030786453960258,0.0537848605577689,510.0,475.0,2.018348623853211,0.0070045323444581,0.0011954037137527,-0.0002902484838169
2003-04-23,530.0,530.0,495.0,510.0,161000.0,510.0,515.0,500.5,487.8,477.4,973.65,False,False,False,False,False,False,True,True,False,True,False,-0.0784313725490196,-0.0980392156862745,,,0.0435294117647058,0.063921568627451,0.1568627450980392,0.0,0.0020946795140343,0.0499500499500499,470.0,485.0,0.3659090909090909,0.004920049200492,-0.002084483143966,-0.0009839658819914
2003-04-24,510.0,510.0,490.0,490.0,104000.0,490.0,514.0,499.5,489.8,478.26666666666665,967.75,False,False,False,False,False,False,True,True,False,True,False,-0.0510204081632653,-0.0408163265306122,,,0.000408163265306,0.0239455782312925,0.2346938775510204,0.0510204081632653,0.0018120992472818,0.049049049049049,470.0,465.0,0.6459627329192547,0.0040832993058391,-0.0008367498946529,-0.0002825802667524
2003-04-25,480.0,490.0,440.0,480.0,261000.0,480.0,508.0,498.5,490.6,479.1333333333333,961.9,False,False,False,False,False,False,True,True,False,True,False,-0.03125,-0.03125,,,-0.0220833333333333,0.0018055555555555,0.2604166666666667,0.0729166666666666,0.0018088214832336,0.0471414242728184,480.0,470.0,2.5096153846153846,0.0016306563391765,-0.0024526429666625,-3.277764048234934e-06
2003-04-28,430.0,465.0,425.0,465.0,272000.0,465.0,495.0,497.5,491.2,479.8666666666667,955.85,False,False,False,False,False,False,True,True,False,True,False,0.0,0.010752688172043,,,-0.0563440860215053,-0.0319713261648745,0.2688172043010752,0.1720430107526881,0.0015282022784107,0.0532663316582914,475.0,450.0,1.0421455938697315,0.0012214983713354,-0.0004091579678411,-0.0002806192048229
2003-04-30,450.0,455.0,440.0,455.0,90000.0,455.0,480.0,495.5,491.8,480.6,949.75,False,False,False,False,False,False,True,True,False,True,False,0.0219780219780219,0.0109890109890109,,,-0.0808791208791209,-0.0562637362637363,0.2637362637362637,0.2087912087912088,0.0015258704397281,0.0605449041372351,480.0,445.0,0.3308823529411764,0.0012200081333876,-1.4902379478333536e-06,-2.3318386825521738e-06
2003-05-01,480.0,480.0,465.0,470.0,94000.0,470.0,472.0,493.5,492.8,481.53333333333336,943.7,False,False,False,False,False,False,True,True,False,False,False,-0.0212765957446808,-0.0212765957446808,,,-0.0485106382978723,-0.0245390070921986,0.2340425531914893,0.1914893617021276,0.0019382528035442,0.0699088145896656,505.0,440.0,1.0444444444444445,0.0020292207792207,0.0008092126458331,0.000412382363816
2003-05-02,465.0,465.0,455.0,465.0,94000.0,465.0,467.0,490.5,493.0,482.4,937.775,False,False,False,False,False,False,True,True,False,True,False,0.010752688172043,0.0,,,-0.0602150537634408,-0.0374193548387096,0.2795698924731182,0.2043010752688172,0.0017965726920949,0.0815494393476044,520.0,515.0,1.0,0.0004056795131845,-0.0016235412660362,-0.0001416801114492
2003-05-06,455.0,475.0,455.0,465.0,38000.0,465.0,464.0,486.0,491.2,483.06666666666666,931.9,False,False,False,False,False,False,False,True,False,True,False,0.0,0.0,,,-0.0563440860215053,-0.038853046594982,0.2580645161290322,0.2473118279569892,0.0013800717637317,0.1049382716049382,485.0,485.0,0.4042553191489361,-0.0036644951140065,-0.004070174627191,-0.0004165009283632
2003-05-07,475.0,475.0,465.0,465.0,39000.0,465.0,464.0,479.5,490.4,483.3333333333333,925.975,False,False,False,False,False,False,False,True,False,False,False,0.010752688172043,-0.021505376344086,,,-0.0546236559139784,-0.039426523297491,0.2365591397849462,0.3225806451612903,0.000551724137931,0.1386861313868613,480.0,475.0,1.0263157894736843,-0.0016313213703099,0.0020331737436965,-0.0008283476258007
2003-05-08,465.0,465.0,455.0,465.0,69000.0,465.0,466.0,473.0,489.4,482.9333333333333,920.05,False,False,False,False,False,False,False,False,False,True,False,-0.010752688172043,0.0,,,-0.0524731182795698,-0.0385663082437274,0.4623655913978494,0.2903225806451613,-0.0008282716731088,0.1733615221987315,440.0,490.0,1.7692307692307692,-0.0020433183489987,-0.0004119969786887,-0.0013799958110398
2003-05-09,470.0,470.0,460.0,460.0,44000.0,460.0,464.0,468.0,487.8,482.06666666666666,914.175,False,False,False,False,False,False,False,False,False,True,False,0.0,0.0217391304347826,,,-0.0604347826086956,-0.0479710144927536,0.4130434782608695,0.3152173913043478,-0.0017978149633521,0.2061965811965811,425.0,510.0,0.6376811594202898,-0.0032800328003279,-0.0012367144513291,-0.0009695432902432
2003-05-12,460.0,470.0,460.0,470.0,43000.0,470.0,465.0,466.0,487.0,481.6666666666667,908.4,False,False,False,False,False,False,False,False,False,False,False,-0.0106382978723404,0.0,,,-0.0361702127659574,-0.024822695035461,0.425531914893617,0.2553191489361702,-0.0008304498269895,0.2274678111587982,445.0,500.0,0.9772727272727272,-0.0016427104722792,0.0016373223280486,0.0009673651363625
2003-05-13,470.0,480.0,465.0,465.0,130000.0,465.0,465.0,464.5,485.8,481.4666666666666,902.5,False,False,False,False,False,False,False,False,False,True,False,0.0,0.1505376344086021,,,-0.0447311827956989,-0.0354121863799281,0.3548387096774194,0.2580645161290322,-0.0004153973968431,0.2465016146393972,440.0,495.0,3.0232558139534884,-0.00247015232606,-0.0008274418537807,0.0004150524301463
2003-05-14,465.0,470.0,460.0,470.0,92000.0,470.0,466.0,465.0,485.4,481.6666666666667,896.625,False,False,False,False,False,False,False,True,False,False,False,-0.0319148936170212,0.3085106382978723,,,-0.0327659574468084,-0.024822695035461,0.3191489361702128,0.2340425531914893,0.000415224913495,0.2526881720430107,460.0,500.0,0.7076923076923077,-0.0008240626287598,0.0016460896973002,0.0008306223103382
2003-05-15,470.0,470.0,460.0,460.0,62000.0,460.0,465.0,465.5,483.0,481.4666666666666,890.75,False,False,False,False,False,False,False,False,False,True,False,0.0108695652173913,0.2282608695652173,,,-0.05,-0.0466666666666664,0.3695652173913043,0.2717391304347826,-0.0004153973968431,0.2588614393125671,445.0,490.0,0.6739130434782609,-0.0049689440993788,-0.0041448814706189,-0.0008306223103382
2003-05-16,465.0,465.0,460.0,460.0,51000.0,460.0,465.0,464.5,480.4,481.1333333333333,884.85,False,False,True,False,False,False,False,False,False,True,False,0.0217391304347826,0.2826086956521739,,,-0.0443478260869564,-0.0459420289855072,0.3478260869565217,0.3260869565217391,-0.0006928086462517,0.2723358449946179,450.0,575.0,0.8225806451612904,-0.0054121565362198,-0.000443212436841,-0.0002774112494085
2003-05-19,460.0,465.0,460.0,465.0,47000.0,465.0,464.0,464.5,479.0,481.1333333333333,879.125,False,False,False,False,False,False,False,False,False,False,False,0.010752688172043,0.3010752688172043,,,-0.0301075268817204,-0.0346953405017921,0.3655913978494624,0.3010752688172043,0.0,0.2820236813778256,440.0,550.0,0.9215686274509804,-0.0029227557411273,0.0024894007950925,0.0006928086462517
2003-05-20,445.0,465.0,445.0,465.0,77000.0,465.0,464.0,464.5,478.0,481.06666666666666,872.85,False,False,False,False,False,False,False,False,False,False,False,0.1505376344086021,0.3010752688172043,,,-0.0279569892473118,-0.0345519713261648,0.3440860215053763,0.2795698924731182,-0.0001385809312638,0.2852529601722282,460.0,545.0,1.6382978723404256,-0.002092050209205,0.0008307055319222,-0.0001385809312638
2003-05-21,460.0,465.0,455.0,455.0,53000.0,455.0,461.0,463.5,477.2,481.1333333333333,866.375,False,False,False,False,False,False,False,True,False,False,False,0.3516483516483517,0.2967032967032967,,,-0.0487912087912087,-0.0574358974358974,0.4505494505494505,0.2967032967032967,0.0001385617292503,0.2826321467098166,450.0,505.0,0.6883116883116883,-0.0016764459346186,0.0004156042745863,0.0002771426605142
2003-05-22,460.0,470.0,455.0,465.0,60000.0,465.0,462.0,463.5,476.8,481.4,860.075,False,False,False,False,False,False,False,True,False,False,False,0.2150537634408602,0.2365591397849462,,,-0.0253763440860215,-0.035268817204301,0.3978494623655914,0.2258064516129032,0.000553939897521,0.2761596548004315,440.0,510.0,1.1320754716981132,-0.0008389261744965,0.000837519760122,0.0004153781682707
2003-05-23,455.0,470.0,450.0,470.0,47000.0,470.0,464.0,464.5,476.0,481.8,853.95,False,False,False,False,False,False,False,True,False,True,True,0.2553191489361702,0.2340425531914893,,,-0.0127659574468085,-0.0251063829787234,0.4148936170212766,0.2340425531914893,0.0008302200083022,0.2680301399354144,445.0,470.0,0.7833333333333333,-0.0016806722689075,-0.0008417460944109,0.0002762801107811
2003-05-26,460.0,470.0,460.0,470.0,146000.0,470.0,465.0,464.5,475.0,481.2,848.0,False,False,False,False,False,False,False,False,False,True,False,0.2872340425531915,0.2659574468085106,,,-0.0106382978723404,-0.0238297872340425,0.3404255319148936,0.2234042553191489,-0.0012468827930175,0.2648008611410118,460.0,470.0,3.106382978723404,-0.0021052631578947,-0.0004245908889871,-0.0020771028013197
2003-05-27,510.0,535.0,485.0,535.0,724000.0,535.0,479.0,471.5,476.0,481.8666666666667,842.325,False,False,False,False,True,False,True,True,True,False,True,0.1308411214953271,0.0934579439252336,,,0.1102803738317757,0.0993146417445482,0.205607476635514,0.0934579439252336,0.0013835085777532,0.2460233297985153,510.0,480.0,4.958904109589041,0.0021008403361344,0.0042061034940291,0.0026303913707707
2003-05-28,545.0,665.0,535.0,615.0,3334000.0,615.0,511.0,486.0,479.4,483.73333333333335,836.65,False,False,False,False,False,False,True,True,False,False,False,-0.040650406504065,-0.065040650406504,,,0.2204878048780488,0.2134417344173441,0.016260162601626,-0.065040650406504,0.0038588754134509,0.2078189300411522,485.0,475.0,4.604972375690608,0.0070921985815602,0.0049913582454257,0.0024753668356977
2003-05-29,600.0,615.0,560.0,565.0,836000.0,565.0,531.0,496.5,480.8,484.73333333333335,830.75,False,False,False,False,False,False,True,True,False,True,False,0.0176991150442477,0.2035398230088495,,,0.1490265486725663,0.1420648967551622,0.0442477876106194,0.0088495575221238,0.0020629899601155,0.1792547834843907,490.0,480.0,0.250749850029994,0.0029118136439268,-0.0041803849376333,-0.0017958854533354
2003-05-30,570.0,610.0,550.0,590.0,356000.0,590.0,555.0,509.5,484.0,485.8,824.975,False,False,False,False,False,False,True,True,False,False,False,-0.0169491525423728,0.1016949152542373,,,0.1796610169491525,0.1766101694915254,-0.0338983050847457,-0.0338983050847457,0.0021956909564978,0.141315014720314,500.0,505.0,0.4258373205741627,0.0066115702479338,0.003699756604007,0.0001327009963823
2003-06-02,625.0,630.0,600.0,605.0,379000.0,605.0,582.0,523.5,488.6,487.2,818.95,True,True,False,False,False,False,True,True,False,False,False,-0.0165289256198347,0.1074380165289256,,,0.1923966942148759,0.1947107438016529,-0.024793388429752,-0.024793388429752,0.0028735632183907,0.10792741165234,490.0,520.0,1.0646067415730338,0.0094146541137945,0.0028030838658606,0.0006778722618928
2003-06-03,615.0,635.0,590.0,605.0,540000.0,605.0,596.0,537.5,493.6,488.6666666666667,813.05,False,False,False,False,False,False,True,True,False,False,False,-0.0330578512396694,0.0413223140495867,,,0.1841322314049586,0.1922865013774104,-0.0578512396694214,-0.0165289256198347,0.0030013642564802,0.0790697674418604,495.0,485.0,1.424802110817942,0.0101296596434359,0.0007150055296414,0.0001278010380895
2003-06-04,620.0,625.0,590.0,590.0,254000.0,590.0,591.0,551.0,498.6,489.8666666666667,806.95,False,False,False,False,False,False,True,True,False,True,False,-0.0254237288135593,0.0508474576271186,,,0.1549152542372881,0.1697175141242937,-0.0677966101694915,-0.0084745762711864,0.0024496461622209,0.0517241379310344,480.0,480.0,0.4703703703703704,0.0100280786201363,-0.0001015810232995,-0.0005517180942592
2003-06-05,600.0,600.0,560.0,575.0,207000.0,575.0,593.0,562.0,503.4,491.0,800.7,False,False,False,False,False,False,True,True,False,True,False,0.1826086956521739,0.0956521739130434,,,0.1245217391304348,0.1460869565217391,0.0,0.017391304347826,0.0023082145281737,0.0338078291814946,520.0,440.0,0.8149606299212598,0.0095351609058401,-0.0004929177142961,-0.0001414316340472
2003-06-06,575.0,580.0,560.0,580.0,154000.0,580.0,591.0,573.0,507.8,491.06666666666666,794.5,False,False,False,False,False,False,True,True,False,True,False,0.1206896551724138,0.0689655172413793,,,0.1244827586206896,0.1533333333333333,-0.0258620689655172,0.0,0.0001357588922074,0.0139616055846422,525.0,425.0,0.7439613526570048,0.0086648286727058,-0.0008703322331343,-0.0021724556359663
2003-06-09,605.0,620.0,590.0,595.0,236000.0,595.0,589.0,585.5,513.0,491.6666666666667,788.475,False,False,False,False,False,False,True,True,False,False,False,0.1260504201680672,0.0672268907563025,,,0.1378151260504201,0.1736694677871148,-0.042016806722689,-0.0336134453781512,0.0012203389830508,-0.0076857386848847,500.0,445.0,1.5324675324675323,0.0101364522417153,0.0014716235690095,0.0010845800908434
2003-06-10,590.0,595.0,585.0,585.0,70000.0,585.0,585.0,590.5,517.8,492.2,782.425,False,False,False,False,False,False,True,True,False,True,False,0.0769230769230769,0.0683760683760683,,,0.1148717948717949,0.1586324786324786,-0.017094017094017,0.0256410256410256,0.0010835703643504,-0.0135478408128704,490.0,440.0,0.2966101694915254,0.0092699884125143,-0.0008664638292009,-0.0001367686187004
2003-06-11,600.0,600.0,575.0,575.0,145000.0,575.0,582.0,586.5,522.2,493.1333333333333,776.425,False,False,False,False,False,False,True,True,False,True,False,0.0782608695652174,0.1478260869565217,,,0.0918260869565216,0.1423768115942029,-0.0260869565217391,0.1130434782608695,0.0018926591861565,0.0042625745950554,475.0,460.0,2.071428571428572,0.0084258904634241,-0.0008440979490902,0.000809088821806
2003-06-12,600.0,710.0,575.0,680.0,1639000.0,680.0,603.0,598.0,530.8,495.4,770.85,False,False,False,False,False,False,True,True,False,False,True,-0.0735294117647058,-0.0441176470588235,,,0.2194117647058824,0.2714705882352941,-0.1838235294117647,-0.1029411764705882,0.0045754272641636,-0.0083612040133779,475.0,445.0,11.303448275862069,0.0162019593067066,0.0077760688432825,0.002682768078007
2003-06-13,690.0,710.0,635.0,650.0,879000.0,650.0,617.0,604.0,538.4,497.8,765.15,False,False,False,False,False,False,True,True,False,True,False,-0.0461538461538461,0.023076923076923,,,0.1716923076923077,0.2341538461538461,-0.2076923076923077,-0.0615384615384615,0.0048212133386903,-0.0115894039735099,490.0,450.0,0.5363026235509457,0.0141158989598811,-0.0020860603468255,0.0002457860745266
2003-06-16,635.0,685.0,635.0,670.0,276000.0,670.0,632.0,610.5,546.4,500.4666666666666,759.55,False,False,False,False,False,False,True,True,False,False,False,-0.0522388059701492,-0.0597014925373134,,,0.1844776119402985,0.2530348258706469,-0.2537313432835821,-0.0970149253731343,0.0053283601971491,-0.0196560196560196,495.0,440.0,0.3139931740614334,0.0146412884333821,0.0005253894735009,0.0005071468584588
2003-06-17,675.0,680.0,605.0,630.0,477000.0,630.0,641.0,613.0,553.0,502.4666666666666,753.775,False,False,False,False,False,False,True,True,False,True,False,-0.0079365079365079,0.0238095238095238,,,0.1222222222222222,0.2024338624338625,-0.1825396825396825,-0.0396825396825396,0.0039803635398699,-0.0220228384991843,510.0,460.0,1.7282608695652173,0.0119349005424955,-0.0027063878908866,-0.0013479966572791
2003-06-18,615.0,635.0,610.0,620.0,111000.0,620.0,650.0,616.0,559.0,504.4,748.1,False,False,False,False,False,False,True,True,False,True,False,0.064516129032258,0.0080645161290322,,,0.0983870967741935,0.1864516129032258,-0.1612903225806451,-0.0241935483870967,0.0038329368226276,-0.023538961038961,530.0,450.0,0.2327044025157232,0.0107334525939177,-0.0012014479485778,-0.0001474267172423
2003-06-19,630.0,630.0,610.0,630.0,104000.0,630.0,640.0,621.5,565.8,506.4,742.325,False,False,False,False,False,False,True,True,False,False,False,0.0317460317460317,-0.0634920634920634,,,0.1019047619047619,0.1961904761904762,-0.1507936507936507,-0.0793650793650793,0.0039494470774091,-0.0329847144006436,530.0,440.0,0.9369369369369368,0.0120183810533756,0.0012849284594579,0.0001165102547814
2003-06-20,630.0,635.0,615.0,620.0,40000.0,620.0,634.0,625.5,572.2,507.9333333333333,736.075,False,False,False,False,False,False,True,True,False,True,False,0.0725806451612903,-0.0806451612903225,,,0.0770967741935483,0.1807526881720431,-0.1209677419354838,-0.0725806451612903,0.0030187688673053,-0.0399680255795363,510.0,445.0,0.3846153846153846,0.0111849003844811,-0.0008334806688945,-0.0009306782101038
2003-06-23,620.0,645.0,615.0,635.0,87000.0,635.0,627.0,629.5,579.0,509.4666666666666,730.0,False,False,False,False,False,False,True,True,False,False,False,-0.0078740157480314,-0.0708661417322834,,,0.0881889763779527,0.1976902887139109,-0.1653543307086614,-0.1023622047244094,0.0030096833289714,-0.0468625893566322,490.0,460.0,2.175,0.0117443868739204,0.0005594864894393,-9.08553833394712e-06
2003-06-24,630.0,630.0,615.0,625.0,111000.0,625.0,626.0,633.5,585.4,511.3333333333333,724.0,False,False,False,False,False,False,True,True,False,True,False,0.032,-0.088,,,0.06336,0.1818666666666667,-0.144,-0.088,0.0036505867014342,-0.0576164167324388,480.0,510.0,1.2758620689655171,0.010932695592757,-0.0008116912811634,0.0006409033724628
2003-06-25,640.0,670.0,635.0,660.0,312000.0,660.0,634.0,642.0,593.6,513.7333333333333,718.1,False,False,False,False,False,False,True,True,False,False,False,-0.053030303030303,-0.1666666666666666,,,0.1006060606060605,0.2216161616161616,-0.2045454545454545,-0.1287878787878787,0.0046716844017649,-0.0802180685358255,465.0,485.0,2.810810810810811,0.0138140161725068,0.0028813205797497,0.0010210977003306
2003-06-26,660.0,680.0,640.0,650.0,156000.0,650.0,638.0,639.0,601.0,516.5333333333333,712.3,False,False,False,False,False,False,True,True,False,True,False,-0.0923076923076923,-0.1153846153846153,,,0.0753846153846153,0.2053333333333333,-0.1769230769230769,-0.123076923076923,0.0054207537429013,-0.0821596244131455,455.0,490.0,0.5,0.0123128119800332,-0.0015012041924735,0.0007490693411363
2003-06-27,675.0,685.0,650.0,665.0,212000.0,665.0,647.0,640.5,608.8,519.7333333333333,706.875,False,False,False,False,False,False,True,True,False,False,True,-0.1428571428571428,-0.150375939849624,,,0.0845112781954887,0.2184461152882205,-0.1954887218045112,-0.150375939849624,0.0061570035915855,-0.0913348946135831,470.0,500.0,1.358974358974359,0.0128120893561103,0.000499277376077,0.0007362498486842
2003-06-30,670.0,670.0,630.0,630.0,134000.0,630.0,646.0,636.5,615.2,522.2,701.05,False,False,False,False,False,False,True,True,False,True,False,-0.0634920634920634,-0.0952380952380952,,,0.0234920634920634,0.171111111111111,-0.1507936507936507,-0.1031746031746031,0.0047236052597983,-0.0919088766692851,465.0,490.0,0.6320754716981132,0.010403120936281,-0.0024089684198292,-0.0014333983317871
2003-07-01,640.0,650.0,635.0,645.0,72000.0,645.0,650.0,638.0,619.6,524.9333333333333,695.425,False,False,False,False,False,False,True,True,False,True,True,-0.1162790697674418,-0.1085271317829457,,,0.0393798449612402,0.1861498708010336,-0.2015503875968992,-0.0542635658914728,0.0052070104140206,-0.0932601880877743,465.0,495.0,0.5373134328358209,0.0071013557133634,-0.0033017652229176,0.0004834051542222
2003-07-02,650.0,650.0,625.0,625.0,179000.0,625.0,643.0,638.5,620.0,527.1333333333333,689.725,False,False,False,False,False,False,True,True,False,True,False,-0.12,-0.104,,,0.008,0.1565866666666666,-0.16,-0.008,0.0041735171367143,-0.0916209866875489,465.0,480.0,2.486111111111111,0.0006451612903225,-0.0064561944230408,-0.0010334932773062
2003-07-03,635.0,635.0,590.0,590.0,238000.0,590.0,631.0,634.5,621.0,529.0666666666667,683.95,False,False,False,False,False,False,True,True,True,False,False,-0.0254237288135593,-0.059322033898305,,,-0.0525423728813559,0.103276836158192,-0.135593220338983,0.1525423728813559,0.0036542338709678,-0.070133963750985,465.0,520.0,1.329608938547486,0.001610305958132,0.0009651446678095,-0.0005192832657465
2003-07-04,565.0,600.0,530.0,570.0,105000.0,570.0,612.0,629.5,620.2,530.6666666666666,678.075,False,False,False,False,False,False,False,True,False,True,False,-0.0087719298245614,-0.0964912280701754,,,-0.0880701754385965,0.0690058479532164,-0.1052631578947368,0.0175438596491228,0.0030150753768842,-0.0619539316918189,460.0,525.0,0.4411764705882353,-0.0012899064817799,-0.002900212439912,-0.0006391584940836
2003-07-07,580.0,600.0,575.0,590.0,41000.0,590.0,604.0,625.0,619.6,532.6666666666666,672.4,False,False,False,False,False,False,False,True,False,False,False,-0.0338983050847457,-0.1525423728813559,,,-0.0501694915254237,0.0971751412429379,-0.1271186440677966,0.0254237288135593,0.0037546933667083,-0.0496,470.0,500.0,0.3904761904761905,-0.0009683666881859,0.000321539793594,0.0007396179898241
2003-07-08,590.0,595.0,555.0,570.0,110000.0,570.0,589.0,619.5,618.2,534.1333333333333,666.75,False,False,False,False,False,False,False,True,False,True,False,0.0087719298245614,-0.0964912280701754,,,-0.084561403508772,0.0629239766081871,-0.0964912280701754,0.0175438596491228,0.0027458811782327,-0.03954802259887,465.0,490.0,2.682926829268293,-0.0022646392753153,-0.0012962725871294,-0.0010088121884756
2003-07-09,560.0,560.0,545.0,550.0,104000.0,550.0,574.0,608.5,616.6,535.4666666666667,661.25,False,False,False,False,False,False,False,True,False,True,False,0.0181818181818181,-0.0545454545454545,,,-0.1210909090909091,0.0264242424242423,-0.009090909090909,0.1545454545454545,0.0024900398406375,-0.0123253903040262,470.0,475.0,0.9454545454545454,-0.0025948751216348,-0.0003302358463194,-0.0002558413375951
2003-07-10,550.0,580.0,550.0,575.0,110000.0,575.0,571.0,601.0,616.6,537.2666666666667,655.725,False,False,False,False,False,False,False,True,False,False,False,-0.0347826086956521,-0.0695652173913043,,,-0.0723478260869565,0.0656231884057971,-0.0434782608695652,0.0956521739130434,0.0033502915994539,0.0099833610648918,460.0,475.0,1.0576923076923077,0.0,0.0025948751216348,0.0008602517588164
2003-07-11,570.0,570.0,560.0,565.0,35000.0,565.0,570.0,591.0,616.0,538.8666666666667,649.925,False,False,False,False,False,False,False,True,False,True,False,-0.0884955752212389,-0.0353982300884955,,,-0.0902654867256637,0.0462536873156342,-0.0088495575221238,0.1061946902654867,0.0029691946059631,0.0372250423011844,460.0,490.0,0.3181818181818182,-0.000974025974026,-0.000974025974026,-0.0003810969934907
2003-07-14,565.0,570.0,550.0,570.0,50000.0,570.0,566.0,585.0,615.0,540.3333333333334,644.45,False,False,False,False,False,False,False,True,False,True,False,-0.1228070175438596,-0.0701754385964912,,,-0.0789473684210526,0.0520467836257309,-0.0175438596491228,0.0964912280701754,0.0027143738433066,0.0581196581196581,465.0,495.0,1.4285714285714286,-0.0016260162601626,-0.0006519902861365,-0.0002548207626565
2003-07-15,570.0,580.0,560.0,575.0,90000.0,575.0,567.0,578.0,614.6,541.2,638.9,False,False,False,False,False,False,False,True,False,False,False,-0.1043478260869565,-0.0695652173913043,,,-0.0688695652173913,0.058782608695652,0.008695652173913,0.0608695652173913,0.0016013796501601,0.0709342560553633,465.0,510.0,1.8,-0.0006508298080051,0.0009751864521574,-0.0011129941931465
2003-07-16,570.0,570.0,560.0,560.0,27000.0,560.0,569.0,571.5,614.0,542.2,633.375,False,False,False,False,False,False,False,True,False,True,False,-0.0714285714285714,-0.0625,,,-0.0964285714285714,0.0317857142857142,0.0982142857142857,0.0714285714285714,0.0018443378827001,0.0796150481189851,455.0,530.0,0.3,-0.0009771986970684,-0.0003263688890632,0.0002429582325399
2003-07-17,550.0,555.0,515.0,555.0,120000.0,555.0,565.0,568.0,609.0,543.0666666666667,627.95,False,False,False,False,False,False,False,True,False,True,False,-0.036036036036036,-0.036036036036036,,,-0.0972972972972973,0.0215015015015014,0.081081081081081,0.2162162162162162,0.0015958752762091,0.0853873239436619,465.0,530.0,4.444444444444445,-0.0082101806239737,-0.0072329819269052,-0.0002484626064909
2003-07-18,545.0,545.0,515.0,515.0,54000.0,515.0,555.0,562.5,603.6,543.2666666666667,622.175,False,False,False,False,False,False,False,True,False,True,False,0.058252427184466,0.0388349514563106,,,-0.1720388349514563,-0.0548867313915857,0.174757281553398,0.2524271844660194,0.0003681433304698,0.1075555555555555,470.0,510.0,0.45,-0.0089463220675943,-0.0007361414436206,-0.0012277319457393
2003-07-22,530.0,530.0,500.0,500.0,62000.0,500.0,541.0,553.5,596.8,543.4,616.15,False,False,False,False,False,False,False,True,False,True,False,0.06,0.07,,,-0.1935999999999999,-0.0867999999999999,0.18,0.32,0.0002453686664212,0.1355013550135501,470.0,490.0,1.148148148148148,-0.0113941018766757,-0.0024477798090813,-0.0001227746640485
2003-07-23,515.0,520.0,515.0,515.0,54000.0,515.0,529.0,548.0,592.2,543.6666666666666,610.2,False,False,False,False,False,False,False,True,False,False,False,0.0388349514563106,0.0,,,-0.1499029126213593,-0.0556634304207119,0.1359223300970873,0.2524271844660194,0.0004904966278356,0.1587591240875912,535.0,480.0,0.8709677419354839,-0.0077676460655182,0.0036264558111574,0.0002451279614143
2003-07-24,530.0,535.0,520.0,520.0,56000.0,520.0,521.0,545.0,588.2,544.2,604.1,False,False,False,False,False,False,False,True,False,False,False,0.0096153846153846,0.0096153846153846,,,-0.1311538461538462,-0.0465384615384616,0.1153846153846153,0.25,0.0009800318510353,0.1678899082568807,615.0,465.0,1.037037037037037,-0.0068004080244814,0.0009672380410367,0.0004895352231996
2003-07-25,530.0,540.0,520.0,535.0,30000.0,535.0,517.0,541.0,584.4,544.4,598.45,False,False,False,False,False,False,False,True,False,False,False,0.0,-0.0467289719626168,,,-0.0923364485981308,-0.0175700934579438,0.0934579439252336,0.2897196261682243,0.0003673769287287,0.1876155268022181,565.0,455.0,0.5357142857142857,-0.0065023956194388,0.0002980124050426,-0.0006126549223065
2003-07-28,550.0,550.0,530.0,545.0,39000.0,545.0,523.0,539.0,581.4,544.6666666666666,592.75,False,False,False,False,False,False,False,True,False,False,False,-0.018348623853211,-0.0642201834862385,,,-0.066788990825688,0.0006116207951071,0.1192660550458715,0.2752293577981651,0.0004895960832313,0.2050092764378478,590.0,470.0,1.3,-0.0051599587203302,0.0013424368991086,0.0001222191545025
2003-07-29,545.0,545.0,530.0,530.0,32000.0,530.0,529.0,535.0,577.2,545.0666666666667,587.175,False,False,False,False,False,False,False,True,False,True,False,0.0094339622641509,-0.0283018867924528,,,-0.0890566037735849,-0.0284276729559749,0.1415094339622641,0.2264150943396226,0.0007338551859101,0.2186915887850467,605.0,465.0,0.8205128205128205,-0.0072765072765071,-0.0021165485561769,0.0002442591026788
2003-07-30,535.0,545.0,530.0,535.0,28000.0,535.0,533.0,531.0,573.6,545.6666666666666,581.475,False,False,False,False,False,False,False,True,False,False,False,-0.0373831775700934,-0.0373831775700934,,,-0.0721495327102804,-0.0199376947040497,0.1121495327102803,0.1775700934579439,0.0010995723885154,0.231638418079096,605.0,465.0,0.875,-0.0062761506276151,0.001000356648892,0.0003657172026052
2003-07-31,540.0,540.0,525.0,525.0,33000.0,525.0,534.0,527.5,568.2,546.3333333333334,575.625,False,False,False,False,False,False,False,True,False,True,False,0.0,0.0380952380952381,,,-0.0822857142857143,-0.0406349206349207,0.1238095238095238,0.1142857142857142,0.0012202562538134,0.2369668246445497,590.0,465.0,1.1785714285714286,-0.0095036958817317,-0.0032275452541166,0.000120683865298
2003-08-01,510.0,545.0,510.0,535.0,82000.0,535.0,534.0,525.5,563.6,547.1333333333333,569.85,False,False,False,False,False,False,False,True,False,False,False,-0.0467289719626168,0.02803738317757,,,-0.0534579439252336,-0.0226791277258566,0.0654205607476635,0.1121495327102803,0.00146216644328,0.2264509990485252,575.0,465.0,2.484848484848485,-0.0081618168914123,0.0013418789903193,0.0002419101894666
2003-08-04,535.0,535.0,535.0,535.0,2000.0,535.0,532.0,527.5,558.4,547.7333333333333,564.05,False,False,False,False,False,False,False,True,False,True,True,-0.0467289719626168,0.0467289719626168,,,-0.0437383177570093,-0.0238006230529595,0.0841121495327102,0.1121495327102803,0.001095423563778,0.2123222748815166,580.0,460.0,0.024390243902439,-0.0093123209169055,-0.0011505040254931,-0.000366742879502
2003-08-05,515.0,535.0,515.0,535.0,11000.0,535.0,533.0,531.0,554.6,548.2666666666667,558.5,False,False,False,False,False,False,False,True,False,False,False,-0.0373831775700934,0.0467289719626168,,,-0.0366355140186916,-0.0247975077881619,0.0747663551401869,0.1308411214953271,0.0009727626459143,0.1939736346516007,595.0,470.0,5.5,-0.0068517850703208,0.0024605358465846,-0.0001226609178636
2003-08-06,525.0,525.0,515.0,515.0,50000.0,515.0,529.0,531.0,549.4,548.3333333333334,552.775,False,False,False,False,False,False,False,True,False,True,False,0.0,0.1262135922330097,,,-0.0667961165048543,-0.0647249190938512,0.1359223300970873,0.2135922330097087,0.0001215805471125,0.1902071563088512,585.0,465.0,4.545454545454546,-0.0094648707681107,-0.0026130856977898,-0.0008511820988017
2003-08-07,515.0,525.0,510.0,525.0,56000.0,525.0,529.0,531.5,545.4,548.2666666666667,547.175,False,False,True,False,False,False,False,False,False,False,False,0.0380952380952381,0.1714285714285714,,,-0.0388571428571428,-0.0443174603174602,0.0952380952380952,0.2285714285714285,-0.0001215953307393,0.1881467544684854,575.0,470.0,1.12,-0.0073340667400073,0.0021308040281034,-0.0002431758778519
2003-08-08,510.0,515.0,510.0,510.0,18000.0,510.0,524.0,529.0,542.2,548.0,541.55,False,False,False,False,False,False,False,False,False,False,False,0.0784313725490196,0.1764705882352941,,,-0.0631372549019608,-0.0745098039215686,0.1176470588235294,0.2254901960784313,-0.0004866180048661,0.1814744801512287,680.0,460.0,0.3214285714285714,-0.0059018812246402,0.0014321855153671,-0.0003650226741267
2003-08-11,525.0,525.0,510.0,510.0,32000.0,510.0,519.0,525.5,539.8,548.0,535.875,False,False,False,False,False,False,False,False,False,False,False,0.0980392156862745,0.1862745098039215,,,-0.0584313725490195,-0.0745098039215686,0.1176470588235294,0.2450980392156862,0.0,0.1779257849666984,650.0,460.0,1.7777777777777777,-0.0044460911448686,0.0014557900797715,0.0004866180048661
2003-08-12,505.0,515.0,505.0,515.0,50000.0,515.0,515.0,524.0,536.8,548.3333333333334,530.4,False,False,False,False,False,False,False,True,False,True,False,0.087378640776699,0.145631067961165,,,-0.0423300970873785,-0.0647249190938512,0.145631067961165,0.2233009708737864,0.0006079027355623,0.1774809160305343,670.0,465.0,1.5625,-0.0055886736214605,-0.0011425824765918,0.0006079027355623
2003-08-13,515.0,520.0,515.0,515.0,22000.0,515.0,515.0,522.0,534.6,548.8,525.075,False,False,False,False,False,False,False,True,False,False,False,0.1262135922330097,0.1359223300970873,,,-0.0380582524271845,-0.0656310679611649,0.1553398058252427,0.1844660194174757,0.0008503401360542,0.1781609195402299,630.0,465.0,0.44,-0.0041152263374484,0.001473447284012,0.0002424374004918
2003-08-14,520.0,545.0,520.0,545.0,158000.0,545.0,519.0,524.0,534.4,549.8666666666667,520.2,False,False,False,False,True,False,False,True,False,False,True,0.128440366972477,0.0642201834862385,,,0.0194495412844037,-0.0089296636085627,0.073394495412844,0.1192660550458715,0.0019398642095054,0.1784351145038168,620.0,455.0,7.181818181818182,-0.000374251497006,0.0037409748404423,0.0010895240734511
2003-08-15,550.0,570.0,545.0,550.0,184000.0,550.0,527.0,525.5,533.4,551.1333333333333,515.3,False,False,False,False,False,False,False,True,False,True,False,0.0909090909090909,0.0636363636363636,,,0.0301818181818182,-0.002060606060606,0.0636363636363636,0.0909090909090909,0.0022982944236119,0.176022835394862,630.0,465.0,1.1645569620253164,-0.0018747656542932,-0.0015005141572871,0.0003584302141064
2003-08-18,565.0,570.0,555.0,560.0,103000.0,560.0,537.0,528.0,533.2,552.3333333333334,511.25,False,False,False,False,False,False,False,True,False,False,False,0.0803571428571428,0.0892857142857142,,,0.0478571428571427,0.0136904761904761,0.0357142857142857,0.0714285714285714,0.0021726010863006,0.1714015151515151,620.0,470.0,0.5597826086956522,-0.0003750937734432,0.0014996718808499,-0.0001256933373112
2003-08-19,570.0,570.0,560.0,560.0,123000.0,560.0,546.0,530.5,532.8,553.6,509.2,False,False,False,False,False,False,False,True,False,True,False,0.0535714285714285,0.0803571428571428,,,0.0485714285714286,0.0114285714285713,0.0267857142857142,0.0803571428571428,0.0022880539499036,0.1658812441093308,635.0,470.0,1.194174757281553,-0.0007507507507509,-0.0003756569773076,0.000115452863603
2003-08-20,560.0,580.0,560.0,580.0,93000.0,580.0,559.0,537.0,533.0,555.1333333333333,508.3,False,False,False,False,False,False,True,True,False,False,False,0.0086206896551724,0.0258620689655172,,,0.0810344827586206,0.0428735632183908,0.0344827586206896,0.0,0.0027620991953884,0.143389199255121,625.0,535.0,0.7560975609756098,0.000375234521576,0.0011259852723269,0.0004740452454848
2003-08-21,580.0,630.0,575.0,615.0,460000.0,615.0,573.0,546.0,535.2,557.1333333333333,507.85,False,False,False,False,False,False,True,True,True,False,False,-0.056910569105691,-0.040650406504065,,,0.1297560975609755,0.0940921409214092,0.040650406504065,-0.08130081300813,0.0035898049539308,0.1098901098901098,660.0,615.0,4.946236559139785,0.0041106128550075,0.0037353783334314,0.0008277057585423
2003-08-22,625.0,635.0,585.0,600.0,294000.0,600.0,583.0,555.0,537.0,558.9333333333333,507.6,False,False,False,False,False,False,True,True,False,True,False,-0.025,-0.05,,,0.105,0.0684444444444445,0.0166666666666666,-0.0583333333333333,0.0032204198473281,0.081081081081081,650.0,565.0,0.6391304347826087,0.0033519553072624,-0.000758657547745,-0.0003693851066026
2003-08-25,605.0,615.0,600.0,605.0,157000.0,605.0,592.0,564.5,540.6,560.8666666666667,507.625,False,False,False,False,False,False,True,True,False,False,False,0.0082644628099173,-0.0413223140495867,,,0.1064462809917355,0.0729476584022038,0.0082644628099173,-0.0413223140495867,0.0034470462379651,0.0531443755535872,665.0,590.0,0.5340136054421769,0.0066592674805771,0.0033073121733146,0.0002266263906369
2003-08-26,605.0,605.0,580.0,590.0,152000.0,590.0,598.0,572.0,544.2,562.4666666666667,507.225,False,False,False,False,False,False,True,True,False,True,False,0.0254237288135593,-0.0254237288135593,,,0.0776271186440677,0.0466666666666666,0.0254237288135593,-0.0338983050847457,0.0028446130141045,0.0288461538461538,630.0,605.0,0.9681528662420382,0.0066152149944873,-4.405248608981699e-05,-0.0006024332238605
2003-08-27,590.0,595.0,585.0,585.0,139000.0,585.0,599.0,579.0,547.0,564.0666666666667,507.125,False,False,False,False,False,False,True,True,False,True,False,0.017094017094017,0.0,,,0.0649572649572649,0.0357834757834756,0.0341880341880341,-0.017094017094017,0.0028365441437182,0.0103626943005181,645.0,605.0,0.9144736842105264,0.0051188299817183,-0.0014963850127689,-8.068870386302926e-06
2003-08-28,585.0,600.0,580.0,580.0,81000.0,580.0,592.0,582.5,549.4,565.5333333333333,507.05,False,False,False,False,False,False,True,True,False,True,False,0.0172413793103448,-0.0086206896551724,,,0.0527586206896552,0.0249425287356322,0.043103448275862,0.0,0.0025934221383942,-0.0008583690987124,625.0,590.0,0.5827338129496403,0.0043684018929741,-0.0007504280887442,-0.0002431220053239
2003-08-29,590.0,595.0,585.0,585.0,43000.0,585.0,589.0,586.0,551.4,567.2,507.075,False,False,False,False,False,False,True,True,False,True,False,-0.0256410256410256,-0.0256410256410256,,,0.0574358974358974,0.0304273504273503,-0.0085470085470085,-0.0085470085470085,0.0029384109073814,-0.0102389078498293,590.0,575.0,0.5308641975308642,0.0036271309394269,-0.0007412709535471,0.0003449887689871
2003-09-01,595.0,610.0,595.0,610.0,84000.0,610.0,590.0,591.0,554.0,569.2,507.475,False,False,False,False,False,False,True,True,False,False,False,-0.0491803278688524,-0.0655737704918032,,,0.0918032786885245,0.0668852459016392,-0.0573770491803278,-0.0573770491803278,0.0035137034434293,-0.0228426395939086,570.0,580.0,1.9534883720930232,0.0046931407942238,0.0010660098547969,0.0005752925360479
2003-09-02,615.0,615.0,600.0,605.0,53000.0,605.0,593.0,595.5,557.0,571.0666666666667,508.0,False,False,False,False,False,False,True,True,False,False,False,-0.0495867768595041,-0.024793388429752,,,0.0793388429752066,0.0560881542699723,-0.0578512396694214,-0.0661157024793388,0.0032687368666822,-0.0369437447523089,590.0,595.0,0.6309523809523809,0.0053859964093357,0.0006928556151118,-0.0002449665767471
2003-09-03,605.0,605.0,590.0,595.0,68000.0,595.0,595.0,597.0,559.4,572.8,508.25,False,False,False,False,False,False,True,True,False,True,False,-0.0168067226890756,0.0,,,0.0598319327731092,0.0373109243697479,-0.042016806722689,-0.0504201680672268,0.0030260707635007,-0.0418760469011725,570.0,585.0,1.2830188679245282,0.0042903110475509,-0.0010956853617848,-0.0002426661031814
2003-09-04,595.0,595.0,585.0,590.0,61000.0,590.0,597.0,594.5,562.0,574.6,508.65,False,False,False,False,False,False,True,True,False,False,False,-0.0254237288135593,-0.0084745762711864,,,0.047457627118644,0.0261016949152541,-0.0254237288135593,-0.0169491525423728,0.0031326139923426,-0.0353238015138772,550.0,575.0,0.8970588235294118,0.0046263345195729,0.000336023472022,0.0001065432288418
2003-09-05,585.0,590.0,565.0,570.0,77000.0,570.0,594.0,591.5,563.4,576.0,508.975,False,False,False,False,False,False,True,True,False,True,False,0.0,0.0263157894736842,,,0.011578947368421,-0.0105263157894736,0.0,0.0263157894736842,0.0024305555555555,-0.0270498732037193,575.0,680.0,1.2622950819672132,0.0024849130280439,-0.002141421491529,-0.0007020584367871
2003-09-08,580.0,585.0,575.0,580.0,14000.0,580.0,588.0,589.0,565.2,577.4666666666667,509.525,False,False,False,False,False,False,True,True,False,False,False,-0.0172413793103448,0.0,,,0.0255172413793102,0.0043678160919539,-0.0258620689655172,0.0172413793103448,0.002539829138767,-0.0212224108658743,565.0,650.0,0.1818181818181818,0.0031847133757962,0.0006998003477523,0.0001092735832115
2003-09-09,585.0,595.0,575.0,575.0,42000.0,575.0,582.0,587.5,566.8,578.8666666666667,510.4,False,False,False,False,False,False,True,True,False,True,False,0.0260869565217391,0.0,,,0.0142608695652174,-0.0067246376811594,-0.017391304347826,0.0434782608695652,0.002418518945065,-0.0136170212765957,570.0,670.0,3.0,0.0028228652081861,-0.0003618481676101,-0.000121310193702
2003-09-10,575.0,585.0,575.0,585.0,29000.0,585.0,580.0,587.5,569.6,579.5333333333333,511.45,False,False,False,False,False,False,True,True,False,False,False,0.017094017094017,0.0256410256410256,,,0.0263247863247862,0.0093447293447293,0.0427350427350427,0.0256410256410256,0.0011503508570113,-0.0093617021276595,575.0,630.0,0.6904761904761905,0.0049157303370787,0.0020928651288926,-0.0012681680880537
2003-09-11,575.0,580.0,565.0,575.0,37000.0,575.0,577.0,587.0,571.6,579.0,512.3,False,False,False,False,False,False,True,False,False,True,False,0.017391304347826,0.1130434782608695,,,0.0059130434782608,-0.0069565217391304,0.0782608695652174,0.0434782608695652,-0.0009211283822682,-0.0051107325383304,560.0,620.0,1.2758620689655171,0.0034989503149055,-0.0014167800221732,-0.0020714792392795
2003-09-12,570.0,570.0,555.0,570.0,32000.0,570.0,577.0,585.5,574.0,579.0666666666667,512.4,False,False,False,False,False,False,True,True,False,False,False,0.0263157894736842,0.0701754385964912,,,-0.0070175438596491,-0.0159064327485381,0.1929824561403508,0.131578947368421,0.000115127791849,0.0085397096498719,555.0,630.0,0.8648648648648649,0.0041811846689895,0.0006822343540839,0.0010362561741172
2003-09-16,575.0,575.0,565.0,570.0,25000.0,570.0,575.0,581.5,576.4,578.8,512.65,False,False,False,False,False,False,True,False,False,True,False,0.0175438596491228,0.0701754385964912,,,-0.0112280701754385,-0.0154385964912279,0.0175438596491228,0.1140350877192982,-0.0004607233356371,0.0257953568357695,515.0,620.0,0.78125,0.0041637751561415,-1.7409512847977975e-05,-0.0005758511274861
2003-09-17,580.0,590.0,580.0,590.0,59000.0,590.0,578.0,580.0,579.4,578.6,513.0,False,True,False,False,False,False,True,False,False,False,False,-0.0254237288135593,0.0254237288135593,,,0.0179661016949152,0.019322033898305,0.0254237288135593,0.059322033898305,-0.0003456619426199,0.0387931034482758,500.0,635.0,2.36,0.0051777701070072,0.0010139949508657,0.0001150613930171
2003-09-18,590.0,595.0,585.0,595.0,43000.0,595.0,580.0,580.0,582.6,578.4666666666667,513.425,False,False,False,False,False,False,True,False,False,False,False,0.0084033613445378,0.0168067226890756,,,0.0208403361344537,0.0277871148459383,-0.0252100840336134,0.0504201680672268,-0.0002304944105105,0.0491379310344827,515.0,625.0,0.7288135593220338,0.0054926192928253,0.000314849185818,0.0001151675321094
2003-09-19,605.0,610.0,585.0,585.0,62000.0,585.0,582.0,579.5,584.2,578.4,513.925,False,False,False,False,False,False,True,False,False,True,False,0.094017094017094,0.0341880341880341,,,0.0013675213675212,0.0112820512820513,0.0854700854700854,0.1111111111111111,-0.0001152604887045,0.0621225194132873,520.0,660.0,1.441860465116279,0.0027387880862718,-0.0027538312065534,0.0001152339218059
2003-09-22,590.0,590.0,575.0,585.0,28000.0,585.0,585.0,581.0,585.6,578.5333333333333,514.525,False,False,False,False,False,False,True,True,False,True,True,0.0427350427350427,-0.0085470085470085,,,-0.001025641025641,0.0110541310541311,0.0769230769230769,0.1025641025641025,0.0002304678497349,0.0697074010327022,535.0,650.0,0.4516129032258064,0.0023907103825136,-0.0003480777037582,0.0003457283384395
2003-09-24,580.0,585.0,560.0,580.0,80000.0,580.0,587.0,581.0,586.4,578.5333333333333,515.025,False,False,False,False,False,False,True,False,False,True,False,0.0517241379310344,-0.0086206896551724,,,-0.0110344827586206,0.0025287356321839,0.0775862068965517,0.1724137931034483,0.0,0.0851979345955249,545.0,665.0,2.857142857142857,0.0013642564802182,-0.0010264539022954,-0.0002304678497349
2003-09-25,575.0,575.0,570.0,575.0,18000.0,575.0,584.0,581.0,587.0,578.2666666666667,515.4,False,False,False,False,False,False,True,False,False,True,False,0.0521739130434782,-0.008695652173913,,,-0.0208695652173913,-0.0056811594202898,0.0869565217391304,0.217391304347826,-0.0004611482591652,0.1024096385542168,530.0,630.0,0.225,0.0010221465076661,-0.000342109972552,-0.0004611482591652
2003-09-26,565.0,610.0,565.0,600.0,281000.0,600.0,585.0,582.5,587.8,578.4666666666667,515.8,False,False,False,True,True,False,True,True,False,False,True,0.0083333333333333,-0.05,,,0.0203333333333334,0.0358888888888888,0.0166666666666666,0.15,0.0003457416157658,0.1150214592274678,535.0,645.0,15.61111111111111,0.0013610071452874,0.0003388606376212,0.0008068898749311
2003-09-29,635.0,645.0,615.0,640.0,662000.0,640.0,596.0,589.0,588.8,579.3333333333334,516.5,False,False,False,False,False,False,True,True,False,False,False,-0.0546875,-0.1015625,,,0.08,0.0947916666666666,-0.0625,0.0703125,0.0014959723820483,0.1171477079796264,525.0,625.0,2.3558718861209966,0.0016983695652173,0.0003373624199299,0.0011502307662824
2003-09-30,650.0,655.0,605.0,610.0,428000.0,610.0,601.0,593.0,589.2,578.4,517.125,False,False,False,False,False,False,True,False,False,True,False,-0.0491803278688524,-0.0655737704918032,,,0.0340983606557376,0.0518032786885246,0.1065573770491803,0.1475409836065573,-0.0016136468418627,0.1188870151770657,535.0,590.0,0.6465256797583081,0.0006788866259336,-0.0010194829392837,-0.003109619223911
2003-10-01,595.0,625.0,590.0,610.0,116000.0,610.0,607.0,597.0,589.4,577.8666666666667,517.825,False,False,False,False,False,False,True,False,False,True,False,-0.0573770491803278,-0.0737704918032786,,,0.0337704918032787,0.0526775956284152,0.0573770491803278,0.0901639344262295,-0.0009229349330871,0.1164154103852596,535.0,570.0,0.2710280373831775,0.0003393281303018,-0.0003395584956317,0.0006907119087755
2003-10-02,610.0,620.0,600.0,605.0,45000.0,605.0,613.0,598.5,590.0,577.0,518.475,False,False,False,False,False,False,True,False,True,False,False,-0.0578512396694214,-0.0661157024793388,,,0.024793388429752,0.0462809917355371,0.0909090909090909,0.1157024793388429,-0.0015020219526285,0.1219715956558061,535.0,590.0,0.3879310344827586,0.0010169491525424,0.0006776210222405,-0.0005790870195413
2003-10-03,605.0,610.0,600.0,605.0,70000.0,605.0,614.0,599.5,590.8,576.6666666666666,519.2,False,False,False,False,False,False,True,False,False,False,False,-0.0578512396694214,0.0082644628099173,,,0.0234710743801653,0.046831955922865,0.0661157024793388,0.0743801652892562,-0.0005780346820809,0.1242702251876563,515.0,570.0,1.5555555555555556,0.0013540961408259,0.0003371469882835,0.0009239872705475
2003-10-06,620.0,620.0,600.0,605.0,82000.0,605.0,607.0,601.5,591.8,576.4666666666667,519.975,False,False,False,False,False,False,True,False,False,False,False,-0.0495867768595041,0.024793388429752,,,0.0218181818181818,0.0471625344352616,0.0743801652892562,0.0413223140495867,-0.0003469411356538,0.1172069825436409,525.0,550.0,1.1714285714285717,0.0016897600540723,0.0003356639132464,0.0002310935464271
2003-10-07,605.0,610.0,580.0,580.0,147000.0,580.0,601.0,601.0,591.6,575.8,520.725,False,False,False,False,False,False,False,False,False,True,False,-0.0172413793103448,0.1724137931034483,,,-0.02,0.0072413793103449,0.1896551724137931,0.0948275862068965,-0.0011578094245688,0.1164725457570715,510.0,575.0,1.7926829268292683,-0.000338066260987,-0.0020278263150593,-0.0008108682889149
2003-10-08,585.0,585.0,565.0,575.0,246000.0,575.0,594.0,600.5,590.2,575.2,521.5,False,False,False,False,False,False,False,False,False,True,False,-0.017391304347826,0.008695652173913,,,-0.0264347826086957,-0.0003478260869566,0.208695652173913,0.1043478260869565,-0.0010431154381083,0.1099084096586178,510.0,565.0,1.673469387755102,-0.002372077261945,-0.002034011000958,0.0001146939864605
2003-10-09,580.0,580.0,565.0,570.0,108000.0,570.0,587.0,600.0,588.8,574.3333333333334,522.425,False,False,False,False,False,False,False,False,False,True,False,-0.0087719298245614,0.0614035087719298,,,-0.0329824561403508,-0.0076023391812866,0.1403508771929824,0.1052631578947368,-0.0015089959373186,0.0991666666666666,515.0,570.0,0.4390243902439024,-0.0023777173913045,-5.640129359437557e-06,-0.0004658804992103
2003-10-10,575.0,585.0,570.0,570.0,167000.0,570.0,580.0,597.0,587.8,573.6,523.25,False,False,False,False,False,False,False,False,False,False,False,0.0701754385964912,0.0175438596491228,,,-0.0312280701754385,-0.0063157894736842,0.1052631578947368,0.1052631578947368,-0.0012784751278475,0.0946398659966499,515.0,575.0,1.5462962962962965,-0.0017012589316093,0.0006764584596951,0.0002305208094711
2003-10-14,580.0,585.0,575.0,575.0,81000.0,575.0,574.0,590.5,587.2,572.4666666666667,524.175,False,False,False,False,False,False,False,False,False,False,False,0.0782608695652174,0.1043478260869565,,,-0.0212173913043479,0.0044057971014492,0.017391304347826,0.1565217391304348,-0.0019797368114591,0.1033022861981371,545.0,560.0,0.4850299401197604,-0.0010217983651224,0.0006794605664869,-0.0007012616836116
2003-10-15,575.0,580.0,570.0,570.0,53000.0,570.0,572.0,586.5,587.2,571.4,525.05,False,False,False,False,False,False,False,False,False,False,False,0.1929824561403508,0.1052631578947368,,,-0.0301754385964913,-0.0024561403508771,0.043859649122807,0.1666666666666666,-0.0018667600046669,0.1048593350383631,550.0,555.0,0.654320987654321,0.0,0.0010217983651224,0.0001129768067921
2003-10-16,570.0,575.0,565.0,565.0,99000.0,565.0,570.0,582.0,586.6,570.0666666666667,525.9,False,False,False,False,False,False,False,False,False,True,False,0.0265486725663716,0.1061946902654867,,,-0.0382300884955752,-0.0089675516224189,0.0530973451327433,0.1238938053097345,-0.0023389077300899,0.1082474226804123,560.0,515.0,1.8679245283018868,-0.0010228435049437,-0.0010228435049437,-0.0004721477254229
2003-10-17,580.0,580.0,565.0,565.0,69000.0,565.0,569.0,578.0,586.2,569.2,526.7,False,False,False,False,False,False,False,False,False,False,False,0.0707964601769911,0.1061946902654867,,,-0.0375221238938053,-0.0074336283185841,0.0707964601769911,0.1327433628318584,-0.001522604825486,0.1098615916955017,560.0,500.0,0.696969696969697,-0.0006823609689525,0.0003404825359912,0.0008163029046038
2003-10-20,565.0,610.0,565.0,610.0,337000.0,610.0,577.0,578.5,587.2,568.7333333333333,527.725,False,False,False,True,True,False,True,False,True,False,False,-0.0491803278688524,0.0,,,0.0373770491803278,0.0676502732240437,0.0245901639344262,0.0573770491803278,-0.0008205368655492,0.1080380293863439,580.0,515.0,4.884057971014493,0.0017029972752043,0.0023853582441568,0.0007020679599368
2003-10-21,590.0,620.0,580.0,620.0,349000.0,620.0,586.0,580.0,589.0,568.6666666666666,528.775,False,False,False,False,False,False,True,False,False,False,True,0.0241935483870967,-0.032258064516129,,,0.05,0.0827956989247312,0.0403225806451612,0.0241935483870967,-0.0001172332942556,0.1060344827586207,615.0,520.0,1.0356083086053411,0.0030560271646858,0.0013530298894814,0.0007033035712935
2003-10-22,620.0,685.0,615.0,680.0,1591000.0,680.0,608.0,590.0,593.4,569.8666666666667,530.075,False,False,False,False,False,False,True,True,False,False,False,-0.0735294117647058,-0.0073529411764705,,,0.1273529411764706,0.1619607843137255,-0.0808823529411764,-0.0661764705882353,0.0021057557323351,0.0872881355932203,600.0,535.0,4.558739255014327,0.0074148972025614,0.0043588700378756,0.0022229890265907
2003-10-23,655.0,655.0,575.0,580.0,850000.0,580.0,611.0,590.5,593.8,570.0,530.8,False,False,False,False,False,False,True,True,False,True,False,0.0775862068965517,0.1120689655172413,,,-0.0237931034482757,0.0172413793103448,0.0948275862068965,0.0948275862068965,0.0002339181286549,0.0863674851820491,605.0,545.0,0.5342551854179761,0.0006736274840013,-0.0067412697185601,-0.0018718376036801
2003-10-24,615.0,635.0,600.0,605.0,246000.0,605.0,619.0,594.0,594.4,570.2,531.7,False,False,False,False,False,False,True,True,False,False,True,0.0330578512396694,0.0909090909090909,,,0.0175206611570248,0.0575206611570247,0.0413223140495867,0.0495867768595041,0.000350754121361,0.0808080808080808,590.0,530.0,0.2894117647058823,0.0010094212651413,0.00033579378114,0.000116835992706
2003-10-27,610.0,610.0,575.0,580.0,169000.0,580.0,613.0,595.0,593.8,570.3333333333334,532.525,False,False,False,False,False,False,False,True,False,True,False,0.0517241379310344,0.1120689655172413,,,-0.0237931034482757,0.0166666666666666,0.0517241379310344,0.0862068965517241,0.0002337814143775,0.0789915966386554,585.0,535.0,0.6869918699186992,-0.001010441226002,-0.0020198624911434,-0.0001169727069834
2003-10-28,625.0,665.0,610.0,635.0,950000.0,635.0,616.0,601.0,595.8,571.4666666666667,533.65,False,False,False,False,False,False,True,True,True,False,False,-0.0551181102362204,0.0236220472440944,,,0.061732283464567,0.1000524934383201,-0.0393700787401574,0.0078740157480314,0.0019832011199253,0.0640599001663893,580.0,525.0,5.621301775147929,0.003356831151393,0.0043672723773951,0.0017494197055477
2003-10-29,650.0,650.0,625.0,630.0,295000.0,630.0,606.0,607.0,597.6,572.2,534.8,False,False,False,False,False,False,True,True,False,True,False,0.0714285714285714,0.0952380952380952,,,0.0514285714285713,0.0917460317460316,-0.0476190476190476,0.0396825396825396,0.0012816031690551,0.0518945634266886,585.0,535.0,0.3105263157894737,0.0030120481927711,-0.0003447829586218,-0.0007015979508701
2003-10-30,650.0,650.0,615.0,625.0,146000.0,625.0,615.0,613.0,599.4,573.0,535.925,False,False,False,False,False,False,True,True,False,True,False,0.032,0.112,,,0.04096,0.0832,-0.04,0.024,0.0013961605584641,0.0424143556280587,610.0,535.0,0.4949152542372881,0.0030030030030029,-9.04518976827147e-06,0.000114557389409
2003-10-31,625.0,625.0,605.0,625.0,74000.0,625.0,619.0,619.0,601.4,573.7333333333333,537.05,False,False,False,False,False,False,True,True,False,False,False,0.056,0.04,,,0.03776,0.0820266666666666,-0.032,0.024,0.0012781780153381,0.0323101777059773,605.0,535.0,0.5068493150684932,0.0033255736614566,0.0003225706584536,-0.0001179825431259
2003-11-04,620.0,630.0,610.0,610.0,74000.0,610.0,625.0,619.0,601.8,574.2,538.025,False,False,False,False,False,False,True,True,False,True,False,0.0573770491803278,0.0327868852459016,,,0.0134426229508197,0.0586885245901638,-0.0491803278688524,0.040983606557377,0.000812724950656,0.0306946688206785,595.0,515.0,1.0,0.0006646726487204,-0.0026609010127361,-0.0004654530646821
2003-11-05,625.0,625.0,595.0,600.0,76000.0,600.0,618.0,617.0,600.2,574.7333333333333,538.8,False,False,False,False,False,False,False,True,False,True,False,0.0833333333333333,-0.025,,,-0.0003333333333334,0.042111111111111,-0.0583333333333333,0.0666666666666666,0.0009279665932025,0.0348460291734197,590.0,525.0,1.027027027027027,-0.0026657780739751,-0.0033304507226956,0.0001152416425465
2003-11-06,625.0,705.0,625.0,675.0,1509000.0,675.0,627.0,616.5,602.8,576.3333333333334,539.7,False,False,False,False,False,False,True,True,True,False,False,0.0222222222222222,-0.1185185185185185,,,0.106962962962963,0.1461728395061728,-0.1629629629629629,-0.0592592592592592,0.0027761711972238,0.0356853203568532,570.0,510.0,19.855263157894736,0.0043132050431319,0.006978983117107,0.0018482046040212
2003-11-07,655.0,675.0,620.0,645.0,367000.0,645.0,631.0,623.0,604.2,578.0666666666667,540.3,False,False,False,False,False,False,True,True,False,True,True,0.0775193798449612,-0.0775193798449612,,,0.0632558139534883,0.1037726098191213,-0.1007751937984496,0.0,0.0029985007496252,0.0264847512038523,580.0,510.0,0.2432074221338634,0.0023171135385635,-0.0019960915045683,0.0002223295524013
2003-11-10,650.0,670.0,645.0,660.0,135000.0,660.0,638.0,628.5,606.4,580.2,541.1,False,False,False,False,False,False,True,True,False,False,False,-0.0151515151515151,-0.0833333333333333,,,0.0812121212121212,0.1209090909090908,-0.1363636363636363,-0.0075757575757575,0.0036768930253935,0.020684168655529,575.0,515.0,0.3678474114441417,0.0036279683377307,0.0013108547991672,0.0006783922757683
2003-11-11,635.0,645.0,605.0,645.0,220000.0,645.0,645.0,635.0,608.0,581.9333333333333,541.925,False,False,False,False,False,False,True,True,False,True,False,-0.0232558139534883,-0.0310077519379844,,,0.0573643410852713,0.0977777777777778,-0.1085271317829457,0.0155038759689922,0.0029785771566042,0.0141732283464566,585.0,515.0,1.6296296296296295,0.0026315789473684,-0.0009963893903623,-0.0006983158687892
2003-11-12,640.0,650.0,625.0,650.0,365000.0,650.0,655.0,636.5,609.8,583.6666666666666,542.9,False,False,False,False,False,False,True,True,False,False,False,-0.1,-0.0076923076923076,,,0.0618461538461539,0.1020512820512821,-0.1076923076923077,0.0461538461538461,0.0029697315819531,0.0180675569520816,575.0,545.0,1.6590909090909092,0.0029517874713019,0.0003202085239335,-8.845574651057155e-06
2003-11-13,660.0,715.0,650.0,690.0,993000.0,690.0,658.0,642.5,614.2,585.7333333333333,543.975,False,False,False,False,False,False,True,True,False,False,False,-0.1376811594202898,-0.0942028985507246,,,0.109855072463768,0.151111111111111,-0.1594202898550724,-0.0072463768115942,0.003528340541771,0.0132295719844357,570.0,550.0,2.7205479452054795,0.0071637902963205,0.0042120028250185,0.0005586089598178
2003-11-14,685.0,715.0,670.0,695.0,762000.0,695.0,668.0,649.5,619.0,587.7333333333333,545.025,False,False,False,False,False,False,True,True,False,False,False,-0.1438848920863309,-0.0863309352517985,,,0.1093525179856115,0.1543405275779376,-0.1726618705035971,-0.014388489208633,0.0034029038112522,0.0092378752886836,570.0,560.0,0.7673716012084593,0.0077544426494344,0.0005906523531139,-0.0001254367305188
2003-11-17,675.0,675.0,625.0,650.0,535000.0,650.0,666.0,652.0,622.2,589.3333333333334,545.95,False,False,False,False,False,False,True,True,False,True,False,-0.0692307692307692,-0.0307692307692307,,,0.0427692307692307,0.0933333333333332,-0.1307692307692307,0.0538461538461538,0.0027149321266968,0.0122699386503067,590.0,560.0,0.7020997375328084,0.0051430408228866,-0.0026114018265478,-0.0006879716845553
2003-11-18,605.0,640.0,575.0,630.0,441000.0,630.0,663.0,654.0,624.6,590.6,546.75,False,False,False,False,False,False,True,True,False,True,False,-0.0079365079365079,-0.0317460317460317,,,0.0085714285714285,0.0625396825396825,-0.1031746031746031,0.0873015873015873,0.0021447115927305,0.0168195718654434,595.0,580.0,0.8242990654205608,0.0038424591738712,-0.0013005816490153,-0.0005702205339663
2003-11-19,605.0,605.0,585.0,585.0,311000.0,585.0,650.0,652.5,625.0,591.4,547.425,False,False,False,False,False,False,True,True,False,True,False,0.1025641025641025,0.0427350427350427,,,-0.0683760683760683,-0.0109401709401709,-0.0085470085470085,0.1794871794871795,0.0013527223537368,0.0268199233716475,585.0,615.0,0.7052154195011338,0.0006399999999999,-0.0032024591738712,-0.0007919892389937
2003-11-20,610.0,615.0,585.0,595.0,211000.0,595.0,631.0,644.5,626.0,592.2,548.175,False,False,False,False,False,False,True,True,True,False,False,0.0504201680672268,0.0084033613445378,,,-0.0521008403361344,0.0047058823529411,-0.0168067226890756,0.1932773109243697,0.0013508949679163,0.0512024825446082,585.0,600.0,0.6784565916398714,0.0015974440894568,0.0009574440894569,-1.8273858204591667e-06
2003-11-21,585.0,615.0,585.0,595.0,134000.0,595.0,611.0,639.5,627.2,593.0,548.95,False,False,False,False,False,False,True,True,False,False,False,0.0672268907563025,0.0084033613445378,,,-0.0541176470588236,0.0033613445378151,-0.0084033613445378,0.1764705882352941,0.0013490725126474,0.0680218921032056,580.0,605.0,0.6350710900473934,0.0019132653061225,0.0003158212166656,-1.8224552688814696e-06
2003-11-25,620.0,625.0,605.0,605.0,161000.0,605.0,602.0,634.0,628.8,593.9333333333333,549.4,False,False,False,False,False,False,True,True,False,False,False,0.0413223140495867,0.0,,,-0.0393388429752065,0.0182920110192838,-0.0082644628099173,0.1570247933884297,0.0015714446065775,0.084384858044164,575.0,590.0,1.2014925373134329,0.0025445292620863,0.0006312639559638,0.00022237209393
2003-11-26,610.0,645.0,610.0,625.0,153000.0,625.0,601.0,632.0,629.4,595.4,550.1,False,False,False,False,False,False,True,True,False,True,False,-0.024,-0.072,,,-0.0070399999999999,0.04736,-0.04,0.12,0.002463329974247,0.0949367088607595,600.0,585.0,0.9503105590062112,0.0009532888465205,-0.0015912404155658,0.0008918853676695
2003-11-27,645.0,650.0,630.0,645.0,253000.0,645.0,613.0,631.5,630.4,597.0,550.95,False,False,False,True,True,False,True,True,True,False,False,-0.0542635658914728,-0.1240310077519379,,,0.0226356589147287,0.0744186046511627,-0.0697674418604651,0.0697674418604651,0.002680067001675,0.0973871733966745,640.0,580.0,1.65359477124183,0.0015862944162436,0.0006330055697231,0.000216737027428
2003-11-28,640.0,645.0,625.0,625.0,159000.0,625.0,619.0,625.0,628.2,598.5333333333333,551.625,False,False,False,False,False,False,False,True,False,True,False,-0.04,-0.096,,,-0.00512,0.0423466666666667,0.032,0.112,0.0025618177767876,0.1104,610.0,585.0,0.6284584980237155,-0.003502069404648,-0.0050883638208917,-0.0001182492248874
2003-12-01,615.0,635.0,595.0,635.0,87000.0,635.0,627.0,619.0,630.4,600.2,552.25,False,False,False,False,False,False,True,True,True,False,False,-0.0551181102362204,-0.0866141732283464,,,0.007244094488189,0.0548031496062991,0.0,0.0866141732283464,0.0027768521603911,0.1219709208400646,610.0,610.0,0.5471698113207547,0.0034898477157359,0.006991917120384,0.0002150343836034
2003-12-02,635.0,640.0,620.0,630.0,33000.0,630.0,632.0,617.0,631.4,601.7333333333333,552.9,False,False,False,False,False,False,True,True,False,True,False,-0.0396825396825396,-0.0952380952380952,,,-0.0022222222222221,0.0448677248677248,-0.0079365079365079,0.1428571428571428,0.0025481941059161,0.1312803889789303,605.0,605.0,0.3793103448275862,0.0015837820715869,-0.0019060656441489,-0.0002286580544749
2003-12-03,605.0,620.0,605.0,610.0,74000.0,610.0,629.0,615.0,632.6,603.0,553.475,False,False,False,False,False,False,True,True,False,False,False,-0.0491803278688524,-0.0573770491803278,,,-0.0370491803278688,0.0114754098360655,0.0245901639344262,0.2622950819672131,0.0021006080707572,0.148780487804878,605.0,595.0,2.242424242424242,0.0018969332911793,0.0003131512195923,-0.0004475860351588
2003-12-04,620.0,630.0,610.0,610.0,123000.0,610.0,622.0,617.5,631.6,603.8666666666667,554.025,False,False,False,False,False,False,False,True,False,True,True,-0.0737704918032786,-0.0491803278688524,,,-0.0354098360655738,0.0100546448087431,0.0655737704918032,0.2377049180327868,0.0014351954073747,0.1546558704453441,605.0,590.0,1.662162162162162,-0.0015832805573147,-0.003480213848494,-0.0006654126633825
2003-12-05,610.0,615.0,595.0,600.0,119000.0,600.0,617.0,618.0,630.4,604.5333333333333,554.575,False,False,False,False,False,False,False,True,False,True,False,-0.0583333333333333,-0.0333333333333333,,,-0.0506666666666666,-0.0075555555555555,0.075,0.2916666666666667,0.0011027790030877,0.1642394822006472,580.0,570.0,0.967479674796748,-0.0019035532994924,-0.0003202727421777,-0.0003324164042869
2003-12-08,605.0,615.0,600.0,600.0,106000.0,600.0,610.0,618.5,629.4,605.0666666666667,554.7,False,False,False,False,False,False,False,True,False,False,False,-0.0333333333333333,-0.0416666666666666,,,-0.0489999999999999,-0.0084444444444445,0.1333333333333333,0.4083333333333333,0.0008814455707361,0.1867421180274858,575.0,580.0,0.8907563025210085,-0.0015888147442008,0.0003147385552916,-0.0002213334323515
2003-12-09,615.0,615.0,600.0,605.0,58000.0,605.0,605.0,618.5,628.6,605.6666666666666,554.975,False,False,False,False,False,False,False,True,False,False,False,-0.0578512396694214,-0.0661157024793388,,,-0.0390082644628099,-0.0011019283746555,0.1570247933884297,0.396694214876033,0.0009906439185469,0.2101859337105901,570.0,575.0,0.5471698113207547,-0.001272669424117,0.0003161453200838,0.0001091983478107
2003-12-10,590.0,595.0,575.0,580.0,114000.0,580.0,599.0,614.0,627.4,605.6666666666666,555.15,False,False,False,False,False,False,False,False,False,True,False,-0.0086206896551724,-0.0258620689655172,,,-0.0817241379310344,-0.0442528735632183,0.1896551724137931,0.4396551724137931,0.0,0.2410423452768729,570.0,585.0,1.9655172413793105,-0.0019126554032515,-0.0006399859791345,-0.0009906439185469
2003-12-11,580.0,585.0,565.0,565.0,115000.0,565.0,590.0,606.0,626.0,605.0,555.45,False,False,False,False,False,False,False,False,False,True,False,0.0265486725663716,0.0265486725663716,,,-0.1079646017699115,-0.0707964601769911,0.2123893805309734,0.4336283185840708,-0.0011019283746555,0.2772277227722772,575.0,575.0,1.0087719298245614,-0.0022364217252395,-0.0003237663219879,-0.0011019283746555
2003-12-12,575.0,590.0,565.0,565.0,97000.0,565.0,583.0,600.0,621.6,604.5333333333333,555.725,False,False,False,False,False,False,False,False,False,True,False,0.0265486725663716,0.0353982300884955,,,-0.1001769911504425,-0.0699705014749262,0.2389380530973451,0.4513274336283185,-0.0007719453021614,0.3108333333333333,570.0,570.0,0.8434782608695652,-0.007078507078507,-0.0048420853532674,0.000329983072494
2003-12-15,590.0,590.0,565.0,580.0,95000.0,580.0,579.0,594.5,619.0,604.2,556.275,False,False,False,False,False,False,False,False,False,False,False,-0.0086206896551724,0.0172413793103448,,,-0.0672413793103448,-0.0417241379310345,0.146551724137931,0.4310344827586206,-0.0005516936996578,0.3465096719932716,565.0,570.0,0.979381443298969,-0.004200323101777,0.0028781839767299,0.0002202516025036
2003-12-16,570.0,570.0,550.0,570.0,216000.0,570.0,572.0,588.5,615.4,603.9333333333333,556.775,False,False,False,False,False,False,False,False,False,True,False,-0.0087719298245614,0.0526315789473684,,,-0.0796491228070175,-0.0595321637426899,0.1842105263157894,0.4210526315789473,-0.0004415498399383,0.3755310110450297,565.0,590.0,2.273684210526316,-0.0058498537536561,-0.001649530651879,0.0001101438597194
2003-12-17,570.0,600.0,570.0,575.0,99000.0,575.0,571.0,585.0,612.6,603.8,557.25,False,False,False,False,False,False,False,False,False,False,False,-0.017391304347826,0.0434782608695652,,,-0.0653913043478261,-0.050086956521739,0.1304347826086956,0.4260869565217391,-0.0002208236722976,0.3923076923076923,610.0,595.0,0.4583333333333333,-0.0045706823375774,0.0012791714160787,0.0002207261676406
2003-12-18,570.0,580.0,570.0,580.0,45000.0,580.0,574.0,582.0,609.8,603.8,557.775,False,False,False,False,False,False,False,False,False,True,False,0.0,0.0344827586206896,,,-0.0513793103448275,-0.0410344827586206,0.0862068965517241,0.3620689655172414,0.0,0.4054982817869416,620.0,585.0,0.4545454545454545,-0.0045916693998033,-2.098706222586257e-05,0.0002208236722976
2003-12-19,580.0,580.0,570.0,580.0,111000.0,580.0,577.0,580.0,605.4,603.7333333333333,558.275,False,False,False,False,False,False,False,False,False,True,False,0.0086206896551724,0.1120689655172413,,,-0.0437931034482758,-0.040919540229885,0.0948275862068965,0.3534482758620689,-0.0001104240282684,0.4120689655172413,680.0,585.0,2.466666666666667,-0.0072679220350181,-0.0026762526352148,-0.0001104240282684
2003-12-22,575.0,575.0,565.0,575.0,35000.0,575.0,576.0,577.5,600.6,603.2666666666667,558.625,False,False,True,False,False,False,False,False,False,True,False,0.0260869565217391,0.1043478260869565,,,-0.0445217391304348,-0.049159420289855,0.1043478260869565,0.3826086956521739,-0.000773566139905,0.4095238095238095,580.0,580.0,0.3153153153153153,-0.0079920079920079,-0.0007240859569897,-0.0006631421116365
2003-12-24,565.0,570.0,550.0,565.0,244000.0,565.0,575.0,573.5,597.2,602.7333333333333,558.85,False,False,False,False,False,False,False,False,False,False,False,0.0619469026548672,0.1061946902654867,,,-0.0569911504424779,-0.0667846607669616,0.1150442477876106,0.4778761061946903,-0.0008848578697046,0.4176111595466434,605.0,575.0,6.971428571428572,-0.0056932350971198,0.002298772894888,-0.0001112917297996
2003-12-25,570.0,575.0,555.0,565.0,140000.0,565.0,573.0,572.0,594.6,602.3333333333334,559.25,False,False,False,False,False,False,False,False,False,False,False,0.0619469026548672,0.1061946902654867,,,-0.0523893805309734,-0.0660766961651918,0.1150442477876106,0.4424778761061947,-0.0006640841173214,0.4178321678321678,580.0,600.0,0.5737704918032787,-0.0043726875210225,0.0013205475760972,0.0002207737523831
2003-12-26,560.0,580.0,560.0,580.0,65000.0,580.0,573.0,573.5,594.4,602.2,559.75,False,False,False,False,False,False,False,False,False,False,True,0.0344827586206896,0.1206896551724138,,,-0.0248275862068965,-0.0382758620689656,0.146551724137931,0.4137931034482758,-0.000221410384147,0.4158674803836094,635.0,640.0,0.4642857142857143,-0.0003364737550471,0.0040362137659753,0.0004426737331744
2003-12-29,580.0,590.0,580.0,585.0,99000.0,585.0,574.0,575.5,594.0,602.4,560.475,False,False,False,False,False,False,False,True,False,True,False,0.1025641025641025,0.1025641025641025,,,-0.0153846153846153,-0.0297435897435897,0.1367521367521367,0.3931623931623931,0.0003320053120848,0.4100781928757602,630.0,610.0,1.523076923076923,-0.0006734006734006,-0.0003369269183534,0.0005534156962318
2003-12-30,585.0,595.0,585.0,590.0,69000.0,590.0,577.0,576.5,593.8,602.5333333333333,561.3,False,False,False,False,False,False,False,True,False,False,False,0.0762711864406779,0.1525423728813559,,,-0.0064406779661016,-0.0212429378531072,0.0762711864406779,0.3813559322033898,0.0002212878955521,0.4050303555941023,625.0,610.0,0.696969696969697,-0.0003368137420007,0.0003365869313998,-0.0001107174165327
2004-01-05,595.0,600.0,595.0,600.0,60000.0,600.0,584.0,579.5,593.6,602.8666666666667,562.075,False,False,False,False,True,False,False,True,False,True,False,0.0416666666666666,0.1666666666666666,,,0.0106666666666666,-0.0047777777777777,0.0666666666666666,0.3583333333333333,0.0005529138560212,0.3986194995685936,625.0,605.0,0.8695652173913043,-0.0003369272237195,-1.1348171881142349e-07,0.0003316259604691
2004-01-06,605.0,610.0,595.0,600.0,108000.0,600.0,591.0,582.0,592.6,603.0666666666667,562.875,False,False,False,False,False,False,False,True,False,True,False,0.0416666666666666,0.15,,,0.0123333333333332,-0.0051111111111112,0.075,0.3833333333333333,0.0003316382931683,0.3943298969072165,610.0,605.0,1.8,-0.0016874789065136,-0.0013505516827941,-0.0002212755628529
2004-01-07,600.0,610.0,600.0,600.0,82000.0,600.0,595.0,584.0,590.8,603.4,563.575,False,False,False,False,False,False,False,True,False,True,False,0.0833333333333333,0.1416666666666666,,,0.0153333333333334,-0.0056666666666666,0.0583333333333333,0.3916666666666666,0.0005524251463925,0.3972602739726027,600.0,605.0,0.7592592592592593,-0.0030467163168586,-0.0013592374103449,0.0002207868532242
2004-01-08,610.0,650.0,605.0,645.0,293000.0,645.0,607.0,590.5,591.6,604.4,564.575,False,False,False,False,False,False,True,True,True,False,False,0.0,0.0852713178294573,,,0.0827906976744185,0.0629457364341085,-0.0155038759689922,0.2635658914728682,0.0016545334215751,0.3869602032176122,675.0,580.0,3.573170731707317,0.0013522650439487,0.0043989813608073,0.0011021082751825
2004-01-09,655.0,660.0,620.0,635.0,221000.0,635.0,616.0,596.5,591.6,605.2666666666667,565.5,False,False,False,False,False,False,False,True,False,True,False,0.0708661417322834,0.0472440944881889,,,0.0683464566929133,0.0468241469816273,0.0,0.2755905511811024,0.0014318757572419,0.3755238893545683,645.0,575.0,0.7542662116040956,0.0,-0.0013522650439487,-0.0002226576643331
2004-01-13,640.0,640.0,625.0,625.0,74000.0,625.0,621.0,602.5,591.4,605.7333333333333,566.425,False,False,False,False,False,False,False,True,False,True,False,0.12,0.08,,,0.05376,0.0308266666666666,0.016,0.312,0.0007704160246533,0.3593360995850622,660.0,570.0,0.334841628959276,-0.0003381805884343,-0.0003381805884343,-0.0006614597325886
2004-01-14,635.0,640.0,625.0,625.0,56000.0,625.0,626.0,608.5,592.0,606.1333333333333,567.25,False,False,False,False,False,False,True,True,True,False,False,0.104,0.04,,,0.0528,0.0301866666666666,0.008,0.28,0.0006599208095028,0.343467543138866,645.0,570.0,0.7567567567567568,0.0010135135135135,0.0013516941019478,-0.0001104952151505
2004-01-15,640.0,670.0,640.0,650.0,218000.0,650.0,636.0,615.5,593.6,607.0,568.25,False,False,False,False,False,False,True,True,False,False,False,0.0538461538461538,-0.0307692307692307,,,0.0867692307692307,0.0661538461538461,-0.0153846153846153,0.1538461538461538,0.0014277869302581,0.3168155970755483,650.0,575.0,3.892857142857143,0.0026954177897574,0.0016819042762438,0.0007678661207552
2004-01-16,655.0,660.0,630.0,645.0,119000.0,645.0,636.0,621.5,595.4,607.8,569.275,False,False,False,False,False,False,True,True,False,False,False,0.0852713178294573,-0.0155038759689922,,,0.0768992248062015,0.0576744186046512,0.0155038759689922,0.1860465116279069,0.0013162224415925,0.2960579243765084,690.0,570.0,0.5458715596330275,0.0030231776956667,0.0003277599059092,-0.0001115644886655
2004-01-19,650.0,680.0,650.0,680.0,165000.0,680.0,645.0,630.5,598.6,609.1333333333333,570.45,False,False,False,False,False,False,True,True,False,False,False,-0.0220588235294117,-0.0661764705882353,,,0.1197058823529411,0.1042156862745098,-0.0588235294117647,-0.0220588235294117,0.0021889022655139,0.253766851704996,695.0,565.0,1.3865546218487397,0.0053458068827264,0.0023226291870597,0.0008726798239213
2004-01-20,680.0,700.0,675.0,700.0,491000.0,700.0,660.0,640.5,602.4,610.8,571.65,False,False,False,False,False,False,True,True,False,False,False,-0.0357142857142857,-0.1,,,0.1394285714285714,0.1274285714285715,-0.0857142857142857,-0.0857142857142857,0.0027286618642217,0.2068696330991413,650.0,565.0,2.975757575757576,0.0063081009296147,0.0009622940468883,0.0005397595987078
2004-01-21,700.0,740.0,690.0,690.0,696000.0,690.0,673.0,649.5,606.8,612.0,572.55,False,False,False,False,False,False,True,True,False,False,False,-0.0579710144927536,-0.0869565217391304,,,0.1205797101449276,0.1130434782608695,-0.0797101449275362,0.036231884057971,0.0019607843137255,0.1724403387220939,630.0,610.0,1.4175152749490836,0.0072511535926169,0.0009430526630021,-0.0007678775504961
2004-01-22,680.0,690.0,675.0,685.0,107000.0,685.0,680.0,658.0,611.6,612.6,573.55,False,False,False,False,False,False,True,True,False,False,False,-0.0802919708029197,-0.0291970802919708,,,0.1071532846715328,0.1056934306569342,-0.0656934306569343,-0.0072992700729927,0.0009794319294809,0.1337386018237082,585.0,620.0,0.153735632183908,0.0078482668410727,0.0005971132484557,-0.0009813523842446
2004-01-23,680.0,705.0,680.0,700.0,90000.0,700.0,691.0,663.5,617.0,613.8,574.6,True,True,False,False,False,False,True,True,False,False,False,-0.0928571428571428,-0.05,,,0.1185714285714285,0.1231428571428572,-0.0928571428571428,-0.0285714285714285,0.0019550342130986,0.1039939713639789,595.0,680.0,0.8411214953271028,0.0087520259319286,0.0009037590908559,0.0009756022836176
2004-01-26,700.0,700.0,650.0,665.0,202000.0,665.0,688.0,666.5,620.4,614.5333333333333,575.425,False,False,False,False,False,False,True,True,False,True,False,-0.0451127819548872,-0.0451127819548872,,,0.0670676691729323,0.075889724310777,-0.0300751879699248,-0.0827067669172932,0.0011933174224343,0.0690172543135784,595.0,580.0,2.2444444444444445,0.0054803352675692,-0.0032716906643593,-0.0007617167906642
2004-01-27,675.0,680.0,670.0,675.0,62000.0,675.0,683.0,671.5,624.6,615.4666666666667,576.35,False,False,False,False,False,False,True,True,False,False,False,-0.0666666666666666,-0.0518518518518518,,,0.0746666666666666,0.0881975308641974,-0.0296296296296296,-0.074074074074074,0.0015164644714039,0.0320178704393149,605.0,605.0,0.3069306930693069,0.0067243035542748,0.0012439682867055,0.0003231470489695
2004-01-28,650.0,660.0,645.0,650.0,89000.0,650.0,675.0,674.0,627.6,616.0666666666667,577.125,False,False,False,False,False,False,True,True,False,True,False,-0.0307692307692307,-0.0076923076923076,,,0.0344615384615384,0.0522051282051281,0.0076923076923076,0.023076923076923,0.0009739205713667,0.008160237388724,625.0,580.0,1.435483870967742,0.0047801147227533,-0.0019441888315214,-0.0005425439000371
2004-01-29,630.0,635.0,620.0,630.0,84000.0,630.0,664.0,672.0,629.6,616.4,577.875,False,False,False,False,False,False,True,True,False,True,False,0.0555555555555555,0.0079365079365079,,,0.0006349206349205,0.0215873015873016,0.0793650793650793,0.0555555555555555,0.0005407743889248,-0.0014880952380952,645.0,635.0,0.9438202247191012,0.0031766200762388,-0.0016034946465144,-0.0004331461824419
2004-01-30,630.0,645.0,630.0,635.0,20000.0,635.0,651.0,671.0,631.8,617.1333333333333,578.45,False,False,False,False,False,False,True,True,False,False,False,0.0472440944881889,0.0,,,0.0050393700787402,0.0281364829396325,0.0787401574803149,0.1023622047244094,0.001188289942746,-0.0096870342771982,625.0,630.0,0.238095238095238,0.0034821145932255,0.0003054945169867,0.0006475155538212
2004-02-02,635.0,645.0,625.0,635.0,46000.0,635.0,645.0,666.5,634.2,617.9333333333333,579.0,False,False,False,False,False,False,True,True,False,False,False,0.0,0.0,,,0.0012598425196849,0.0268766404199475,0.0787401574803149,0.1338582677165354,0.001294638040781,0.005251312828207,635.0,625.0,2.3,0.0037842951750237,0.0003021805817981,0.0001063480980349
2004-02-03,630.0,635.0,625.0,630.0,58000.0,630.0,636.0,659.5,636.8,618.7333333333333,579.65,False,False,False,False,False,False,True,True,False,False,False,0.0158730158730158,0.0079365079365079,,,-0.0107936507936507,0.0178835978835978,0.0873015873015873,0.1349206349206349,0.0012929641202457,0.0272934040940106,630.0,625.0,1.2608695652173914,0.0040829145728641,0.0002986193978403,-1.6739205352515364e-06
2004-02-04,635.0,650.0,630.0,630.0,69000.0,630.0,632.0,653.5,639.4,619.5333333333333,580.35,False,False,False,False,False,False,True,True,False,True,False,0.0238095238095238,0.0,,,-0.0149206349206348,0.0166137566137566,0.0873015873015873,0.1269841269841269,0.0012912945227589,0.0359602142310635,610.0,610.0,1.1896551724137931,0.0040663121676572,-1.6602405206964446e-05,-1.669597486780687e-06
2004-02-05,630.0,670.0,625.0,665.0,116000.0,665.0,639.0,651.5,642.8,620.7333333333333,581.3,False,False,False,False,False,False,True,True,False,False,False,-0.0451127819548872,-0.037593984962406,,,0.0333834586466166,0.0665664160401002,0.037593984962406,0.037593984962406,0.0019331972935238,0.0406753645433614,610.0,600.0,1.681159420289855,0.0052893590541381,0.0012230468864808,0.0006419027707648
2004-02-06,670.0,685.0,650.0,665.0,117000.0,665.0,645.0,648.0,646.0,622.0,582.25,False,False,False,False,False,False,True,True,False,True,False,-0.0451127819548872,-0.0150375939849624,,,0.0285714285714285,0.0646616541353383,0.0676691729323308,0.0451127819548872,0.0020364415862807,0.0486111111111111,600.0,675.0,1.0086206896551724,0.004953560371517,-0.000335798682621,0.0001032442927569
2004-02-09,665.0,665.0,635.0,635.0,94000.0,635.0,645.0,645.0,647.8,622.9333333333333,582.975,False,False,False,False,False,False,True,True,False,True,False,0.0,0.0078740157480314,,,-0.0201574803149605,0.019002624671916,0.1023622047244094,0.0944881889763779,0.0014982876712327,0.0666666666666666,600.0,645.0,0.8034188034188035,0.0027786353812904,-0.0021749249902266,-0.0005381539150479
2004-02-10,640.0,650.0,625.0,640.0,60000.0,640.0,647.0,641.5,649.4,623.9333333333333,583.7,False,False,False,False,False,False,True,True,False,True,False,-0.0078125,0.0,,,-0.0146874999999999,0.0251041666666667,0.09375,0.078125,0.0016027353349716,0.0826188620420888,605.0,660.0,0.6382978723404256,0.002463812750231,-0.0003148226310594,0.0001044476637388
2004-02-12,630.0,650.0,630.0,645.0,26000.0,645.0,650.0,641.0,651.2,624.4,584.375,False,False,False,False,False,False,True,True,False,False,False,-0.0232558139534883,-0.0155038759689922,,,-0.0096124031007752,0.031937984496124,0.0852713178294573,0.0620155038759689,0.0007473841554559,0.0865834633385335,580.0,645.0,0.4333333333333333,0.0027641277641278,0.0003003150138968,-0.0008553511795157
2004-02-13,645.0,645.0,630.0,635.0,55000.0,635.0,644.0,641.5,652.6,624.6,584.9,False,False,False,False,False,False,True,True,False,True,False,0.0078740157480314,0.0078740157480314,,,-0.0277165354330709,0.0163779527559054,0.0866141732283464,0.0629921259842519,0.000320204931156,0.0872954014029618,565.0,650.0,2.1153846153846154,0.0021452650934722,-0.0006188626706556,-0.0004271792242999
2004-02-16,635.0,640.0,635.0,635.0,23000.0,635.0,638.0,641.5,652.2,624.0,585.425,False,False,False,False,False,False,False,False,False,True,False,0.0314960629921259,0.0,,,-0.0270866141732284,0.0173228346456692,0.0944881889763779,0.0236220472440944,-0.0009615384615384,0.0795011691348402,565.0,690.0,0.4181818181818181,-0.0006133088009812,-0.0027585738944534,-0.0012817433926945
2004-02-17,640.0,645.0,635.0,635.0,69000.0,635.0,638.0,641.5,652.2,624.7333333333333,586.05,False,False,False,False,False,False,False,True,False,False,False,0.0078740157480314,0.0157480314960629,,,-0.0270866141732284,0.0161679790026246,0.0866141732283464,0.0551181102362204,0.0011738341692455,0.0717069368667186,580.0,695.0,3.0,0.0,0.0006133088009812,0.002135372630784
2004-02-18,640.0,645.0,635.0,635.0,46000.0,635.0,637.0,642.0,652.6,625.1333333333333,586.775,False,False,False,False,False,False,True,True,False,False,False,0.0078740157480314,0.0314960629921259,,,-0.0277165354330709,0.0155380577427821,0.1338582677165354,0.0787401574803149,0.0006398634957875,0.0661993769470404,570.0,650.0,0.6666666666666666,0.0006129328838491,0.0006129328838491,-0.000533970673458
2004-02-19,635.0,640.0,630.0,630.0,70000.0,630.0,634.0,642.0,652.8,625.8,587.525,False,False,False,False,False,False,True,True,False,True,False,0.0079365079365079,0.0396825396825396,,,-0.0361904761904761,0.0066666666666667,0.2222222222222222,0.1031746031746031,0.0010653030787258,0.0638629283489096,575.0,630.0,1.5217391304347827,0.0003063725490195,-0.0003065603348296,0.0004254395829383
2004-02-20,640.0,640.0,635.0,640.0,21000.0,640.0,635.0,639.5,652.4,625.8666666666667,588.4,False,False,False,False,False,False,False,True,False,True,False,0.0,0.0625,,,-0.0193749999999999,0.0220833333333333,0.1796875,0.0859375,0.000106518960375,0.0688037529319781,580.0,585.0,0.3,-0.0006131207847945,-0.000919493333814,-0.0009587841183508
2004-02-23,635.0,655.0,630.0,655.0,51000.0,655.0,639.0,638.5,652.8,626.2,589.4,False,False,False,True,True,False,True,True,False,False,False,-0.0305343511450381,0.0458015267175572,,,0.0033587786259542,0.0439694656488548,0.183206106870229,0.0839694656488549,0.0005323112956457,0.0728269381362568,580.0,595.0,2.4285714285714284,0.0006127450980391,0.0012258658828337,0.0004257923352707
2004-02-24,660.0,665.0,640.0,640.0,35000.0,640.0,640.0,639.0,651.2,626.4,590.25,False,False,False,False,False,False,False,True,False,True,False,0.0078125,0.0703125,,,-0.0175,0.02125,0.3203125,0.1484375,0.0003192848020433,0.0782472613458529,575.0,595.0,0.6862745098039216,-0.0024570024570023,-0.0030697475550414,-0.0002130264936024
2004-02-25,640.0,650.0,635.0,640.0,52000.0,640.0,641.0,639.0,648.8,626.6,591.125,False,False,False,False,False,False,False,True,False,True,False,0.0234375,0.0703125,,,-0.0137499999999999,0.0209374999999999,0.3203125,0.140625,0.000319182891797,0.0845070422535211,565.0,605.0,1.4857142857142858,-0.0036991368680642,-0.0012421344110619,-1.0191024624162624e-07
2004-02-26,645.0,645.0,635.0,635.0,15000.0,635.0,642.0,638.0,646.6,626.9333333333333,591.975,False,False,False,False,False,False,False,True,False,False,False,0.0314960629921259,0.0787401574803149,,,-0.0182677165354331,0.0127034120734908,0.3149606299212598,0.1496062992125984,0.0005316886431304,0.0932601880877743,565.0,625.0,0.2884615384615384,-0.0034024126198576,0.0002967242482066,0.0002125057513333
2004-02-27,635.0,640.0,630.0,640.0,99000.0,640.0,642.0,638.5,644.8,627.4666666666667,592.85,False,False,False,False,False,False,False,True,False,False,False,0.0625,0.078125,,,-0.0074999999999999,0.0195833333333332,0.265625,0.1484375,0.0008499787505313,0.1018010963194988,580.0,645.0,6.6,-0.0027915632754343,0.0006108493444232,0.0003182901074009
2004-03-01,640.0,650.0,635.0,635.0,50000.0,635.0,638.0,638.5,642.2,626.9333333333333,593.7,False,False,False,False,False,False,False,False,False,True,False,0.0787401574803149,0.1181102362204724,,,-0.0113385826771654,0.0127034120734908,0.2913385826771653,0.1338582677165354,-0.000850701829009,0.1127642913077525,585.0,625.0,0.5050505050505051,-0.0040485829959512,-0.0012570197205169,-0.0017006805795404
2004-03-02,650.0,650.0,635.0,645.0,47000.0,645.0,639.0,639.5,641.4,626.9333333333333,594.625,False,False,False,False,True,False,False,False,False,False,False,0.0620155038759689,0.0852713178294573,,,0.0055813953488372,0.0280103359173127,0.2868217054263566,0.1317829457364341,0.0,0.1204065676309616,590.0,635.0,0.94,-0.0012472715933895,0.0028013114025617,0.000850701829009
2004-03-03,650.0,660.0,650.0,655.0,64000.0,655.0,642.0,641.5,640.6,626.8666666666667,595.55,False,False,False,False,False,False,False,False,False,True,False,0.0458015267175572,0.0687022900763358,,,0.0219847328244274,0.0429516539440203,0.2366412213740458,0.0916030534351145,-0.0001063490375411,0.1215900233826968,600.0,630.0,1.3617021276595744,-0.0012488292226037,-1.5576292141709046e-06,-0.0001063490375411
2004-03-04,655.0,660.0,650.0,655.0,55000.0,655.0,646.0,644.0,640.8,627.0,596.5,False,False,False,False,False,False,True,True,False,False,False,0.0458015267175572,0.0687022900763358,,,0.0216793893129771,0.0427480916030534,0.2519083969465648,0.0916030534351145,0.0002126528442317,0.1203416149068323,600.0,610.0,0.859375,0.0003121098626715,0.0015609390852752,0.0003190018817728
2004-03-05,670.0,685.0,670.0,680.0,113000.0,680.0,654.0,648.0,642.8,627.4,597.55,False,False,False,False,False,False,True,True,True,False,False,0.0147058823529411,0.0147058823529411,,,0.0547058823529412,0.0773529411764706,0.1617647058823529,0.0441176470588235,0.0006375518010838,0.1157407407407407,600.0,610.0,2.0545454545454547,0.0031113876789047,0.0027992778162332,0.000424898956852
2004-03-08,700.0,715.0,685.0,685.0,151000.0,685.0,664.0,651.0,644.8,627.3333333333334,598.675,False,False,False,False,False,False,True,False,False,True,False,0.0364963503649635,0.0145985401459854,,,0.0586861313868613,0.084184914841849,0.145985401459854,0.0437956204379562,-0.0001062699256109,0.1113671274961597,645.0,600.0,1.336283185840708,0.0031017369727047,-9.650706200077084e-06,-0.0007438217266947
2004-03-09,690.0,690.0,670.0,685.0,66000.0,685.0,672.0,655.5,646.8,627.2,599.8,False,False,False,False,False,False,True,False,False,True,False,0.0218978102189781,0.0072992700729927,,,0.0557664233576643,0.0843795620437955,0.1605839416058394,0.0510948905109489,-0.0002125850340135,0.1014492753623188,635.0,600.0,0.4370860927152318,0.0030921459492888,-9.5910234159083e-06,-0.0001063151084026
2004-03-10,695.0,695.0,675.0,685.0,66000.0,685.0,678.0,660.0,649.0,627.6666666666666,600.9,False,False,False,False,False,False,True,True,False,False,False,0.0218978102189781,0.0510948905109489,,,0.0525547445255474,0.083698296836983,0.218978102189781,0.1240875912408759,0.0007434944237916,0.1,625.0,605.0,1.0,0.0033898305084746,0.0002976845591858,0.0009560794578052
2004-03-11,670.0,685.0,665.0,685.0,114000.0,685.0,684.0,665.0,651.2,628.4,602.0,False,False,False,False,False,False,True,True,False,True,False,0.0218978102189781,0.1240875912408759,,,0.0493430656934305,0.0826277372262774,0.1897810218978102,0.1751824817518248,0.0011669849352854,0.1030075187969924,625.0,580.0,1.7272727272727273,0.0033783783783784,-1.1452130096198474e-05,0.0004234905114937
2004-03-12,685.0,700.0,670.0,690.0,293000.0,690.0,686.0,670.0,652.2,629.8,603.175,False,False,False,False,False,False,True,True,False,True,False,0.0,0.0942028985507246,,,0.0547826086956521,0.0872463768115942,0.1884057971014492,0.144927536231884,0.0022229279136233,0.1029850746268656,650.0,565.0,2.5701754385964914,0.0015332720024532,-0.0018451063759252,0.0010559429783379
2004-03-15,700.0,720.0,690.0,710.0,300000.0,710.0,691.0,677.5,654.0,631.3333333333334,604.4,False,False,False,False,False,False,True,True,False,False,False,-0.0211267605633802,0.0915492957746478,,,0.0788732394366197,0.1107981220657276,0.1478873239436619,0.0915492957746478,0.0024287222808871,0.0988929889298893,645.0,565.0,1.023890784982935,0.0027522935779815,0.0012190215755283,0.0002057943672638
2004-03-16,715.0,715.0,695.0,700.0,146000.0,700.0,694.0,683.0,656.6,632.7333333333333,605.55,False,False,False,False,False,False,True,True,False,False,False,-0.0142857142857142,0.2071428571428571,,,0.0619999999999999,0.096095238095238,0.1642857142857142,0.0928571428571428,0.0022126224844589,0.0951683748169839,680.0,580.0,0.4866666666666667,0.0039597928723728,0.0012074992943912,-0.0002160997964282
2004-03-17,700.0,700.0,690.0,700.0,174000.0,700.0,697.0,687.5,659.0,634.0,606.7,False,False,False,False,False,False,True,True,False,True,False,0.0285714285714285,0.2071428571428571,,,0.0585714285714285,0.0942857142857142,0.1642857142857142,0.1071428571428571,0.0019978969505783,0.0967272727272727,700.0,570.0,1.1917808219178083,0.0036418816388467,-0.0003179112335261,-0.0002147255338806
2004-03-18,695.0,710.0,685.0,700.0,156000.0,700.0,700.0,692.0,661.2,635.0,607.525,False,False,False,False,False,False,True,True,False,True,False,0.1,0.1928571428571428,,,0.0554285714285713,0.0928571428571428,0.1857142857142857,0.0928571428571428,0.0015748031496062,0.0968208092485549,690.0,575.0,0.896551724137931,0.0033272837265578,-0.0003145979122888,-0.000423093800972
2004-03-19,680.0,705.0,680.0,690.0,90000.0,690.0,700.0,693.0,663.4,635.6,607.9,False,False,False,False,False,False,True,True,False,True,False,0.0942028985507246,0.1739130434782608,,,0.0385507246376811,0.0788405797101449,0.2101449275362318,0.144927536231884,0.0009439899307741,0.1067821067821067,685.0,580.0,0.5769230769230769,0.0033162496231533,-1.1034103404493343e-05,-0.0006308132188321
2004-03-22,690.0,695.0,680.0,695.0,87000.0,695.0,697.0,694.0,665.8,636.5333333333333,608.55,False,False,False,False,False,False,True,True,False,False,False,0.1151079136690647,0.1798561151079136,,,0.0420143884892087,0.0841247002398082,0.1726618705035971,0.4964028776978417,0.0014662756598239,0.1520172910662824,700.0,580.0,0.9666666666666668,0.0036046860919194,0.0002884364687661,0.0005222857290498
2004-03-23,695.0,700.0,680.0,690.0,74000.0,690.0,695.0,694.5,668.0,637.2666666666667,609.05,False,False,False,False,False,False,True,True,False,True,False,0.2246376811594203,0.2028985507246377,,,0.0318840579710144,0.0764251207729468,0.1739130434782608,0.3333333333333333,0.001150747986191,0.1799856011519078,665.0,575.0,0.8505747126436781,0.0032934131736527,-0.0003112729182666,-0.0003155276736329
2004-03-24,715.0,720.0,690.0,720.0,230000.0,720.0,699.0,698.0,671.4,638.4666666666667,609.625,False,False,False,False,False,False,True,True,False,False,True,0.1736111111111111,0.125,,,0.0675,0.1132407407407407,0.1388888888888889,0.5069444444444444,0.0018795029758797,0.2191977077363897,675.0,565.0,3.108108108108108,0.0050640452785224,0.0017706321048696,0.0007287549896887
2004-03-25,740.0,770.0,735.0,770.0,650000.0,770.0,713.0,706.5,677.0,640.6,610.45,False,False,False,False,False,False,True,True,False,False,False,0.0844155844155844,0.0649350649350649,,,0.1207792207792207,0.168051948051948,0.0389610389610389,0.2467532467532467,0.0033302112602768,0.2264685067232837,650.0,565.0,2.8260869565217392,0.0082717872968981,0.0032077420183756,0.001450708284397
2004-03-26,795.0,800.0,740.0,755.0,552000.0,755.0,726.0,713.0,681.6,642.5333333333333,611.275,False,False,False,False,False,False,True,True,False,True,False,0.0728476821192053,0.0463576158940397,,,0.0972185430463575,0.148962472406181,-0.0066225165562913,0.2649006622516556,0.0030089230130731,0.2384291725105189,630.0,580.0,0.8492307692307692,0.0067488262910798,-0.0015229610058182,-0.0003212882472036
2004-03-29,780.0,780.0,760.0,775.0,153000.0,775.0,742.0,719.5,686.4,644.8666666666667,612.275,False,False,False,False,False,False,True,True,False,False,False,0.0580645161290322,0.0129032258064516,,,0.1143225806451613,0.1679139784946236,-0.0129032258064516,0.2645161290322581,0.0036183190323581,0.2557331480194579,635.0,585.0,0.2771739130434782,0.0069930069930069,0.000244180701927,0.0006093960192849
2004-03-30,795.0,855.0,790.0,845.0,677000.0,845.0,773.0,734.0,694.6,648.1333333333333,613.6,False,False,False,False,False,False,True,True,False,False,False,-0.0177514792899408,-0.059171597633136,,,0.1779881656804733,0.2329783037475345,-0.2130177514792899,0.1301775147928994,0.0050401152026331,0.2568119891008174,635.0,590.0,4.42483660130719,0.0118053556003455,0.0048123486073386,0.001421796170275
2004-03-31,860.0,865.0,825.0,845.0,386000.0,845.0,798.0,748.5,702.8,651.3333333333334,614.85,False,False,False,False,False,False,True,True,False,True,False,-0.0414201183431952,-0.0118343195266272,,,0.1682840236686391,0.2291913214990137,-0.2426035502958579,0.1005917159763313,0.0049129989764586,0.2531730126920508,630.0,600.0,0.5701624815361891,0.0116676152532725,-0.000137740347073,-0.0001271162261745
2004-04-01,850.0,860.0,820.0,835.0,209000.0,835.0,811.0,762.0,710.8,654.7333333333333,616.1,False,False,False,False,False,False,True,True,False,True,False,-0.0179640718562874,-0.0239520958083832,,,0.1487425149700599,0.2158882235528942,-0.1437125748502994,0.0838323353293413,0.0051929538743508,0.2493438320209973,630.0,600.0,0.5414507772020726,0.0112549240292628,-0.0004126912240097,0.0002799548978922
2004-04-02,825.0,830.0,800.0,810.0,164000.0,810.0,822.0,774.0,717.6,658.0,617.275,False,False,False,False,False,False,True,True,False,True,False,-0.0246913580246913,0.0123456790123456,,,0.114074074074074,0.1876543209876543,-0.1604938271604938,0.1728395061728395,0.0049645390070921,0.2506459948320413,665.0,600.0,0.784688995215311,0.0094760312151617,-0.001778892814101,-0.0002284148672586
2004-04-05,815.0,860.0,810.0,820.0,233000.0,820.0,831.0,786.5,725.0,661.4,617.975,False,False,False,False,False,False,True,True,False,False,False,-0.0426829268292682,-0.0060975609756097,,,0.1158536585365853,0.1934146341463415,-0.1707317073170731,0.0975609756097561,0.0051406108255215,0.2129688493324857,665.0,645.0,1.420731707317073,0.0102068965517241,0.0007308653365623,0.0001760718184294
2004-04-06,845.0,845.0,815.0,830.0,172000.0,830.0,828.0,800.5,732.4,664.7333333333333,618.875,False,False,False,False,False,False,True,True,False,True,False,-0.0421686746987951,-0.0180722891566265,,,0.1175903614457831,0.1991164658634538,-0.2650602409638554,-0.0120481927710843,0.0050145421722997,0.179262960649594,635.0,635.0,0.7381974248927039,0.0101037684325504,-0.0001031281191736,-0.0001260686532218
2004-04-07,830.0,830.0,810.0,810.0,74000.0,810.0,821.0,809.5,738.6,667.9333333333333,619.575,False,False,False,False,False,False,True,True,False,True,False,0.0308641975308641,0.0061728395061728,,,0.0881481481481481,0.1753909465020576,-0.228395061728395,0.0555555555555555,0.0047908972951391,0.137739345274861,640.0,625.0,0.4302325581395348,0.008394259409694,-0.0017095090228564,-0.0002236448771605
2004-04-08,820.0,830.0,800.0,820.0,121000.0,820.0,818.0,814.5,745.2,671.2,620.525,False,False,False,False,False,False,True,True,False,False,False,-0.0060975609756097,0.0121951219512195,,,0.0912195121951219,0.1814634146341462,-0.1890243902439024,0.0,0.0048669050456894,0.1135666052793124,645.0,625.0,1.635135135135135,0.0088566827697262,0.0004624233600322,7.600775055032621e-05
2004-04-09,805.0,810.0,775.0,790.0,154000.0,790.0,814.0,818.0,749.6,674.0,621.375,False,False,False,False,False,False,True,True,False,True,False,0.0379746835443038,0.0569620253164556,,,0.051139240506329,0.1468354430379747,-0.1582278481012658,0.050632911392405,0.004154302670623,0.093520782396088,635.0,650.0,1.2727272727272727,0.0058697972251867,-0.0029868855445395,-0.0007126023750663
2004-04-12,765.0,795.0,750.0,785.0,232000.0,785.0,807.0,819.0,753.6,676.7333333333333,622.15,False,False,False,False,False,False,True,True,False,True,False,0.0382165605095541,0.0382165605095541,,,0.0399999999999999,0.1379193205944798,-0.10828025477707,0.0700636942675159,0.0040390109348832,0.075091575091575,635.0,645.0,1.5064935064935066,0.0053078556263269,-0.0005619415988597,-0.0001152917357397
2004-04-13,785.0,800.0,785.0,795.0,114000.0,795.0,800.0,814.0,758.0,679.6666666666666,623.025,False,False,False,False,False,False,True,True,False,False,False,0.0251572327044025,0.0188679245283018,,,0.0465408805031446,0.1450733752620545,-0.0943396226415094,0.0566037735849056,0.0043158410985776,0.0675675675675675,635.0,680.0,0.4913793103448275,0.0058047493403693,0.0004968937140423,0.0002768301636943
2004-04-14,820.0,835.0,810.0,835.0,154000.0,835.0,805.0,813.0,764.0,683.2666666666667,624.025,False,False,False,False,False,False,True,True,False,False,False,-0.0239520958083832,-0.0179640718562874,,,0.0850299401197604,0.1817165668662674,-0.1437125748502994,-0.0239520958083832,0.00526880671285,0.0547355473554735,635.0,700.0,1.350877192982456,0.0078534031413612,0.0020486538009918,0.0009529656142724
2004-04-15,855.0,875.0,810.0,815.0,232000.0,815.0,804.0,811.0,769.2,686.6,624.975,False,False,False,False,False,False,True,True,False,True,False,0.0184049079754601,-0.0184049079754601,,,0.0561963190184048,0.1575460122699386,-0.1288343558282208,0.0061349693251533,0.0048548402757549,0.0468557336621455,630.0,690.0,1.5064935064935066,0.0067602704108164,-0.0010931327305447,-0.000413966437095
2004-04-16,840.0,840.0,800.0,820.0,139000.0,820.0,810.0,812.0,774.4,689.8,625.775,False,False,False,False,False,False,True,True,False,True,False,0.0182926829268292,-0.0853658536585365,,,0.055609756097561,0.1587804878048781,-0.1585365853658536,-0.024390243902439,0.0046390258045809,0.0270935960591133,640.0,685.0,0.5991379310344828,0.0067148760330577,-4.539437775872863e-05,-0.000215814471174
2004-04-19,860.0,860.0,780.0,815.0,165000.0,815.0,816.0,811.5,778.6,692.8666666666667,626.6,False,False,False,False,False,False,True,True,False,True,False,0.0,-0.0613496932515337,,,0.0446625766871165,0.1498568507157464,-0.147239263803681,-0.0184049079754601,0.0044260559992303,0.0154035736290819,655.0,700.0,1.1870503597122302,0.0053942974569741,-0.0013205785760836,-0.0002129698053506
2004-04-20,840.0,840.0,815.0,815.0,58000.0,815.0,820.0,810.0,783.2,695.8666666666667,627.35,False,False,False,False,False,False,True,True,False,False,False,-0.0061349693251533,-0.1840490797546012,,,0.0390184049079754,0.1461758691206544,-0.147239263803681,0.0306748466257668,0.0043111707223606,0.019753086419753,640.0,665.0,0.3515151515151515,0.005873340143003,0.0004790426860289,-0.0001148852768697
2004-04-21,810.0,825.0,805.0,815.0,86000.0,815.0,816.0,810.5,787.8,698.7333333333333,628.275,False,False,False,False,False,False,True,True,False,True,False,0.0061349693251533,-0.2147239263803681,,,0.0333742331288344,0.1426584867075664,-0.1533742331288343,0.0306748466257668,0.0041026619597366,0.0172732880937692,640.0,675.0,1.4827586206896552,0.0058390454430057,-3.4294699997368915e-05,-0.0002085087626239
2004-04-22,845.0,845.0,825.0,830.0,58000.0,830.0,819.0,811.5,793.0,701.8,629.2,False,False,False,False,False,False,True,True,False,False,False,-0.036144578313253,-0.1385542168674698,,,0.044578313253012,0.1544578313253012,-0.1746987951807229,0.0120481927710843,0.0043697159684619,0.0184842883548983,635.0,650.0,0.6744186046511628,0.0065573770491803,0.0007183316061746,0.0002670540087252
2004-04-23,855.0,855.0,825.0,835.0,127000.0,835.0,822.0,816.0,798.8,704.9333333333333,630.25,False,False,False,False,False,False,True,True,False,False,False,-0.1017964071856287,-0.18562874251497,,,0.0433532934131737,0.1557684630738523,-0.1916167664670658,-0.0059880239520958,0.0044448647626252,0.0128676470588235,640.0,630.0,2.189655172413793,0.0072608913370054,0.000703514287825,7.51487941633329e-05
2004-04-26,830.0,830.0,815.0,815.0,102000.0,815.0,822.0,819.0,803.6,707.2,631.375,False,False,False,False,False,False,True,True,False,True,False,-0.0613496932515337,-0.1656441717791411,,,0.0139877300613496,0.1322699386503067,-0.2024539877300613,0.0061349693251533,0.0032051282051283,0.0067155067155067,635.0,635.0,0.8031496062992126,0.0059731209556994,-0.001287770381306,-0.0012397365574969
2004-04-27,815.0,820.0,800.0,810.0,177000.0,810.0,821.0,820.5,808.4,709.5333333333333,632.575,False,False,False,False,False,False,True,True,False,True,False,-0.1790123456790123,-0.2469135802469135,,,0.0019753086419753,0.1240329218106996,-0.1728395061728395,-0.0061728395061728,0.0032885464624634,0.0006093845216331,645.0,635.0,1.7352941176470589,0.0059376546264225,-3.546632927693e-05,8.341825733514021e-05
2004-04-28,805.0,820.0,795.0,820.0,52000.0,820.0,822.0,819.0,812.4,712.1333333333333,633.725,False,False,False,False,False,False,True,True,False,True,False,-0.2195121951219512,-0.2378048780487804,,,0.0092682926829268,0.1315447154471545,-0.1646341463414634,-0.048780487804878,0.0036510016850777,-0.0018315018315018,655.0,630.0,0.2937853107344633,0.0049236829148202,-0.0010139717116022,0.0003624552226142
2004-04-30,800.0,805.0,795.0,800.0,104000.0,800.0,816.0,817.5,813.6,714.4666666666667,634.875,False,False,False,False,False,False,True,True,False,True,False,-0.10625,-0.16875,,,-0.017,0.1069166666666666,-0.13125,-0.00625,0.0032658393207054,-0.0030581039755351,655.0,630.0,2.0,0.0014749262536873,-0.0034487566611329,-0.0003851623643722
2004-05-06,810.0,810.0,750.0,750.0,122000.0,750.0,799.0,810.5,813.4,715.8,635.875,False,False,False,False,False,False,False,True,False,True,False,-0.0933333333333333,-0.1133333333333333,,,-0.0845333333333333,0.0456,-0.0733333333333333,0.0866666666666666,0.0018627177051316,0.0074028377544725,680.0,665.0,1.1730769230769231,-0.0002458814851242,-0.0017208077388115,-0.0014031216155737
2004-05-07,760.0,775.0,750.0,765.0,103000.0,765.0,789.0,805.5,813.0,717.4,636.825,False,False,False,False,False,False,False,True,False,True,False,-0.1111111111111111,-0.0849673202614379,,,-0.0627450980392156,0.0622222222222222,-0.0718954248366013,0.0915032679738562,0.0022302759966546,0.0180012414649286,685.0,665.0,0.8442622950819673,-0.0004920049200491,-0.0002461234349249,0.0003675582915229
2004-05-10,725.0,735.0,665.0,665.0,175000.0,665.0,760.0,790.5,805.8,717.2,637.325,False,False,False,False,False,False,False,False,False,True,False,-0.0827067669172932,0.0827067669172932,,,-0.2117293233082706,-0.0784962406015038,0.1052631578947368,0.2105263157894736,-0.0002788622420523,0.0328905755850727,685.0,635.0,1.699029126213592,-0.0089352196574833,-0.0084432147374341,-0.0025091382387069
2004-05-11,665.0,700.0,640.0,640.0,161000.0,640.0,724.0,773.0,797.6,716.4,637.675,False,False,False,False,False,False,False,False,False,True,False,-0.0234375,0.1171875,,,-0.24625,-0.1193749999999999,0.140625,0.2734375,-0.0011166945840313,0.0530401034928848,685.0,640.0,0.92,-0.0102808425275826,-0.0013456228700993,-0.000837832341979
2004-05-12,675.0,715.0,675.0,715.0,77000.0,715.0,707.0,761.5,792.8,716.7333333333333,638.375,False,False,False,False,False,False,False,True,False,False,False,-0.0699300699300699,-0.0069930069930069,,,-0.1088111888111887,-0.0024242424242424,0.0209790209790209,0.1398601398601398,0.0004650730164636,0.0656598818122127,685.0,645.0,0.4782608695652174,-0.0060544904137235,0.004226352113859,0.001581767600495
2004-05-13,705.0,705.0,680.0,680.0,29000.0,680.0,693.0,746.0,787.6,716.6666666666666,638.975,False,False,False,False,False,False,False,False,False,True,False,-0.0220588235294117,0.0147058823529411,,,-0.158235294117647,-0.0539215686274509,0.0808823529411764,0.1985294117647058,-9.302325581402752e-05,0.0857908847184986,690.0,635.0,0.3766233766233766,-0.0066023362112746,-0.000547845797551,-0.0005580962722776
2004-05-14,680.0,690.0,670.0,680.0,43000.0,680.0,676.0,732.5,782.0,716.4,639.6,False,False,False,False,False,False,False,False,False,True,False,0.0294117647058823,0.0220588235294117,,,-0.15,-0.0535294117647058,0.0588235294117647,0.25,-0.0003722315280104,0.1098976109215017,710.0,635.0,1.4827586206896552,-0.0071611253196931,-0.0005587891084184,-0.0002792082721963
2004-05-17,680.0,680.0,605.0,610.0,54000.0,610.0,665.0,712.5,773.2,715.6666666666666,640.075,False,False,False,False,False,False,False,False,False,True,False,0.180327868852459,0.1393442622950819,,,-0.2675409836065574,-0.1732240437158469,0.1967213114754098,0.3852459016393442,-0.0010246856078248,0.1466666666666666,700.0,635.0,1.255813953488372,-0.0113812726332125,-0.0042201473135194,-0.0006524540798144
2004-05-18,600.0,625.0,595.0,625.0,154000.0,625.0,662.0,693.0,765.8,715.0,640.7,False,False,False,False,False,False,False,False,False,False,False,0.144,0.104,,,-0.2252799999999999,-0.144,0.144,0.384,-0.0009324009324008,0.1911976911976912,700.0,635.0,2.851851851851852,-0.0096630974144686,0.0017181752187439,9.228467542401367e-05
2004-05-19,640.0,665.0,630.0,665.0,105000.0,665.0,652.0,679.5,759.6,715.2,641.45,False,False,False,False,False,False,False,True,False,False,False,0.0676691729323308,0.0300751879699248,,,-0.1422556390977443,-0.0754887218045113,0.075187969924812,0.3007518796992481,0.0002796420581656,0.2251655629139073,700.0,630.0,0.6818181818181818,-0.0081621906266455,0.0015009067878231,0.0012120429905664
2004-05-20,665.0,665.0,650.0,665.0,92000.0,665.0,649.0,671.0,754.6,715.6666666666666,642.175,False,False,False,False,False,False,False,True,False,False,False,0.037593984962406,0.0150375939849624,,,-0.1347368421052631,-0.0761904761904761,0.0676691729323308,0.2932330827067669,0.0006520726595248,0.2473919523099851,690.0,640.0,0.8761904761904762,-0.0066260270341902,0.0015361635924552,0.0003724306013591
2004-05-21,660.0,720.0,660.0,700.0,85000.0,700.0,653.0,664.5,751.2,716.5333333333333,643.0,False,False,False,False,False,False,False,True,False,False,False,-0.0071428571428571,-0.0714285714285714,,,-0.0731428571428572,-0.0236190476190475,0.0214285714285714,0.2214285714285714,0.0012095273539263,0.2626034612490594,695.0,655.0,0.9239130434782608,-0.0045260915867944,0.0020999354473958,0.0005574546944015
2004-05-24,745.0,745.0,715.0,720.0,137000.0,720.0,675.0,670.0,748.2,717.6666666666666,643.875,False,False,False,False,False,False,False,True,False,False,True,-0.0347222222222222,-0.0694444444444444,,,-0.0391666666666667,0.0032407407407407,0.0,0.1944444444444444,0.0015791918253599,0.2604477611940298,690.0,640.0,1.611764705882353,-0.004009623095429,0.0005164684913654,0.0003696644714336
2004-05-25,735.0,735.0,715.0,715.0,58000.0,715.0,693.0,677.5,743.4,718.8,644.8,False,False,False,False,False,False,False,True,False,True,False,-0.0349650349650349,-0.0419580419580419,,,-0.0397202797202796,-0.0053146853146852,0.0769230769230769,0.2867132867132867,0.0015767019105917,0.2619926199261992,720.0,640.0,0.4233576642335766,-0.0064568200161421,-0.0024471969207131,-2.4899147682360366e-06
2004-05-26,710.0,725.0,705.0,710.0,44000.0,710.0,702.0,677.0,739.2,719.8666666666667,645.675,False,False,False,False,False,False,False,True,False,False,False,-0.0352112676056338,-0.0211267605633802,,,-0.0411267605633803,-0.0138967136150234,0.1338028169014084,0.3098591549295774,0.0014817558807187,0.2799113737075332,770.0,635.0,0.7586206896551724,-0.005681818181818,0.000775001834324,-9.494602987299108e-05
2004-05-27,720.0,720.0,690.0,690.0,40000.0,690.0,707.0,678.0,734.0,720.2,646.5,False,False,False,False,False,False,False,True,False,True,False,-0.0217391304347826,0.0072463768115942,,,-0.0637681159420289,-0.043768115942029,0.144927536231884,0.3043478260869565,0.0004628343978525,0.2905604719764011,755.0,640.0,0.9090909090909092,-0.0070844686648501,-0.0014026504830321,-0.0010189214828662
2004-05-28,695.0,695.0,690.0,695.0,21000.0,695.0,706.0,679.5,729.2,720.6,647.3,False,False,False,False,False,False,False,True,False,False,False,-0.0647482014388489,0.0215827338129496,,,-0.0492086330935252,-0.0368345323741007,0.1151079136690647,0.2446043165467626,0.0005550929780737,0.2899190581309787,775.0,635.0,0.525,-0.006582556226001,0.0005019124388491,9.22585802212948e-05
2004-05-31,690.0,695.0,690.0,695.0,13000.0,695.0,701.0,688.0,724.4,721.4,648.1,False,False,False,False,False,False,False,True,False,True,False,-0.0359712230215827,0.0575539568345323,,,-0.0423021582733812,-0.0379856115107913,0.1007194244604316,0.2589928057553957,0.0011089548100914,0.2783430232558139,845.0,645.0,0.6190476190476191,-0.0066261733848703,-4.361715886929719e-05,0.0005538618320176
2004-06-01,695.0,695.0,690.0,690.0,80000.0,690.0,696.0,694.5,719.4,722.0666666666667,648.875,False,False,True,False,False,False,False,True,False,True,False,-0.0072463768115942,0.0579710144927536,,,-0.0426086956521738,-0.0464734299516908,0.1231884057971014,0.2318840579710145,0.0009232757824763,0.2642188624910007,845.0,655.0,6.153846153846154,-0.0069502363080344,-0.0003240629231641,-0.000185679027615
2004-06-02,690.0,695.0,685.0,685.0,31000.0,685.0,691.0,696.5,713.6,722.6,649.725,False,False,False,False,False,False,False,True,False,True,False,0.0145985401459854,0.0656934306569343,,,-0.0417518248175182,-0.0548905109489051,0.1167883211678832,0.2116788321167883,0.0007380754682165,0.2555635319454415,835.0,655.0,0.3875,-0.0081278026905828,-0.0011775663825484,-0.0001852003142597
2004-06-03,685.0,695.0,675.0,675.0,51000.0,675.0,688.0,697.5,707.2,723.1333333333333,650.475,False,False,False,False,False,False,False,True,False,True,False,0.0296296296296296,0.0888888888888888,,,-0.0477037037037037,-0.0713086419753086,0.1703703703703703,0.2148148148148148,0.0007375311145938,0.2480286738351254,810.0,680.0,1.6451612903225807,-0.009049773755656,-0.0009219710650731,-5.443536227281052e-07
2004-06-04,660.0,665.0,640.0,650.0,92000.0,650.0,679.0,692.5,700.6,723.3333333333334,651.175,False,False,False,False,False,False,False,True,False,True,False,0.0923076923076923,0.1076923076923077,,,-0.0778461538461538,-0.1128205128205128,0.6,0.2692307692307692,0.0002764976958525,0.2527075812274368,820.0,685.0,1.803921568627451,-0.0094204967170996,-0.0003707229614435,-0.0004610334187412
2004-06-07,655.0,670.0,650.0,670.0,95000.0,670.0,674.0,687.5,695.0,723.8,651.975,False,False,False,False,False,False,False,True,False,False,False,0.0970149253731343,0.0895522388059701,,,-0.0373134328358208,-0.0802985074626865,0.373134328358209,0.1940298507462686,0.0006447453255962,0.2530909090909091,830.0,685.0,1.0326086956521738,-0.0080575539568345,0.001362942760265,0.0003682476297436
2004-06-08,680.0,685.0,675.0,685.0,53000.0,685.0,673.0,684.5,689.6,724.4666666666667,652.825,False,False,False,False,False,False,False,True,False,False,False,0.0656934306569343,0.0437956204379562,,,-0.0067153284671533,-0.0576155717761557,0.583941605839416,0.1678832116788321,0.0009202171712525,0.2410518626734843,810.0,685.0,0.5578947368421052,-0.0078306264501159,0.0002269275067185,0.0002754718456562
2004-06-09,695.0,715.0,695.0,695.0,140000.0,695.0,675.0,683.0,685.4,725.3333333333334,653.725,False,False,False,False,True,False,False,True,False,False,False,0.0503597122302158,0.0287769784172661,,,0.0138129496402878,-0.0436450839328537,0.381294964028777,0.1510791366906475,0.0011948529411764,0.2247437774524158,820.0,685.0,2.641509433962264,-0.006127808578932,0.0017028178711838,0.0002746357699239
2004-06-10,700.0,700.0,685.0,695.0,50000.0,695.0,679.0,683.5,683.2,726.0666666666667,654.475,False,False,False,False,False,False,False,True,False,False,False,0.0575539568345323,0.0215827338129496,,,0.0169784172661869,-0.0447002398081535,0.3741007194244604,0.1870503597122302,0.0010100082637039,0.212874908558888,790.0,690.0,0.3571428571428571,-0.0032201405152223,0.0029076680637096,-0.0001848446774724
2004-06-11,695.0,710.0,695.0,710.0,80000.0,710.0,691.0,685.0,681.0,726.8,655.275,False,False,False,False,False,False,False,True,False,True,True,0.0140845070422535,0.0070422535211267,,,0.0408450704225352,-0.0236619718309858,0.380281690140845,0.1830985915492957,0.0010089891762977,0.2065693430656934,785.0,710.0,1.6,-0.0032305433186491,-1.0402803426729728e-05,-1.0190874062049934e-06
2004-06-14,720.0,740.0,720.0,735.0,94000.0,735.0,704.0,689.0,683.8,728.0666666666667,656.15,False,False,False,False,False,False,True,True,True,False,False,-0.0068027210884353,-0.0204081632653061,,,0.0696598639455783,0.0094331065759636,0.2993197278911564,0.1768707482993197,0.001739767420566,0.1981132075471698,795.0,700.0,1.175,0.0040947645510382,0.0073253078696873,0.0007307782442682
2004-06-15,730.0,730.0,715.0,730.0,56000.0,730.0,713.0,693.0,687.4,729.2666666666667,657.0,False,False,False,False,False,False,True,True,False,False,False,-0.0205479452054794,0.0547945205479452,,,0.0583561643835616,0.0010045662100456,0.273972602739726,0.1780821917808219,0.0016454886187036,0.1926406926406926,835.0,700.0,0.5957446808510638,0.0052371254000582,0.0011423608490199,-9.427880186239045e-05
2004-06-16,735.0,735.0,730.0,730.0,56000.0,730.0,720.0,697.5,688.0,730.5333333333333,657.75,False,False,False,False,False,False,True,True,False,True,False,-0.0205479452054794,0.1027397260273972,,,0.0575342465753424,-0.0007305936073058,0.2397260273972602,0.2397260273972602,0.0017338930461762,0.1956989247311828,815.0,700.0,1.0,0.0008720930232558,-0.0043650323768023,8.840442747266191e-05
2004-06-17,735.0,740.0,725.0,735.0,59000.0,735.0,728.0,703.5,690.2,731.8,658.35,False,False,False,False,False,False,True,True,True,False,False,-0.0340136054421768,0.0748299319727891,,,0.0609523809523808,0.0043537414965987,0.2925170068027211,0.1632653061224489,0.0017308918648082,0.1904761904761904,820.0,690.0,1.0535714285714286,0.0031874818893075,0.0023153888660516,-3.0011813680740768e-06
2004-06-18,735.0,735.0,720.0,720.0,81000.0,720.0,730.0,710.5,691.8,732.9333333333333,658.95,False,False,False,False,False,False,True,True,False,True,False,-0.0069444444444444,0.0763888888888889,,,0.0391666666666667,-0.0179629629629628,0.25,0.2291666666666666,0.0015462979807167,0.1871921182266009,815.0,695.0,1.3728813559322033,0.002312807169702,-0.0008746747196054,-0.0001845938840914
2004-06-21,720.0,730.0,720.0,730.0,74000.0,730.0,729.0,716.5,696.6,734.0666666666667,659.575,False,False,False,False,False,False,True,True,False,False,False,-0.0136986301369863,0.047945205479452,,,0.0457534246575342,-0.0055707762557078,0.1232876712328767,0.1917808219178082,0.0015439106348198,0.1870202372644801,815.0,690.0,0.9135802469135802,0.0068906115417744,0.0045778043720723,-2.387345896874256e-06
2004-06-22,725.0,730.0,715.0,715.0,62000.0,715.0,726.0,719.5,700.2,734.8666666666667,660.2,False,False,False,False,False,False,True,True,False,True,False,0.0769230769230769,0.0839160839160839,,,0.0206993006993006,-0.0277855477855477,0.1958041958041958,0.2027972027972027,0.0010886328585683,0.1904100069492703,815.0,720.0,0.8378378378378378,0.0051413881748072,-0.0017492233669672,-0.0004552777762514
2004-06-23,715.0,720.0,710.0,715.0,67000.0,715.0,723.0,721.5,702.2,735.6666666666666,660.85,False,False,False,False,False,False,True,True,False,True,False,0.1258741258741259,0.0699300699300699,,,0.0179020979020978,-0.0289044289044288,0.1468531468531468,0.1958041958041958,0.0010874490258268,0.1947331947331947,830.0,770.0,1.0806451612903225,0.0028481913984619,-0.0022931967763452,-1.1838327415331518e-06
2004-06-24,720.0,720.0,705.0,710.0,48000.0,710.0,718.0,723.0,704.0,736.0666666666667,661.5,False,False,False,False,False,False,True,True,False,True,False,0.1126760563380281,0.1126760563380281,,,0.0084507042253521,-0.0367136150234742,0.1690140845070422,0.2253521126760563,0.000543429037225,0.1984785615491009,835.0,755.0,0.7164179104477612,0.0025568181818181,-0.0002913732166438,-0.0005440199886018
2004-06-25,720.0,720.0,710.0,715.0,42000.0,715.0,717.0,723.5,704.6,736.4666666666667,662.15,False,False,False,False,False,False,True,True,False,True,False,0.0839160839160839,0.4545454545454545,,,0.0145454545454545,-0.03002331002331,0.1748251748251748,0.1818181818181818,0.000543133882502,0.1983413959917069,815.0,775.0,0.875,0.0008515469770082,-0.0017052712048098,-2.951547230067419e-07
2004-06-28,710.0,720.0,695.0,720.0,119000.0,720.0,715.0,722.0,704.6,736.9333333333333,662.7,False,False,False,False,False,False,False,True,False,True,False,0.0625,0.2777777777777778,,,0.0213888888888888,-0.0235185185185184,0.1666666666666666,0.1666666666666666,0.0006332549303418,0.1973684210526315,810.0,845.0,2.833333333333333,0.0,-0.0008515469770082,9.012104783983873e-05
2004-06-29,730.0,775.0,730.0,770.0,158000.0,770.0,726.0,726.0,706.8,738.0666666666667,663.525,False,False,False,False,False,False,True,True,True,False,True,0.0064935064935064,0.4090909090909091,,,0.0820779220779221,0.0414718614718614,0.0584415584415584,0.0584415584415584,0.0015355433113541,0.1845730027548209,820.0,845.0,1.3277310924369747,0.0031126202603281,0.0031126202603281,0.0009022883810122
2004-06-30,810.0,820.0,780.0,805.0,542000.0,805.0,744.0,733.5,710.6,739.6666666666666,664.575,False,False,False,False,False,False,True,True,False,False,False,-0.0496894409937888,0.1925465838509316,,,0.1172670807453415,0.0811594202898551,0.0186335403726708,0.0248447204968944,0.0021631365479944,0.1615541922290388,800.0,835.0,3.430379746835443,0.0053475935828877,0.0022349733225596,0.0006275932366403
2004-07-01,815.0,815.0,790.0,790.0,160000.0,790.0,760.0,739.0,714.6,741.0,665.575,False,False,False,False,False,False,True,True,False,False,False,0.0,0.2088607594936709,,,0.0954430379746835,0.0620253164556962,0.0126582278481012,0.0316455696202531,0.0017993702204229,0.1474966170500676,750.0,810.0,0.2952029520295203,0.0055975370836831,0.0002499435007953,-0.0003637663275715
2004-07-02,785.0,785.0,775.0,775.0,96000.0,775.0,772.0,744.5,717.8,741.8666666666667,666.6,False,False,False,False,False,False,True,True,False,True,False,0.3419354838709677,0.2645161290322581,,,0.0738064516129032,0.042752688172043,0.032258064516129,0.0387096774193548,0.0011682242990654,0.1282740094022834,765.0,820.0,0.6,0.0044580663137363,-0.0011394707699468,-0.0006311459213574
2004-07-05,770.0,770.0,755.0,765.0,145000.0,765.0,781.0,748.0,720.6,742.7333333333333,667.525,False,False,False,False,False,False,True,True,False,True,False,0.2026143790849673,0.2483660130718954,,,0.0580392156862744,0.0291067538126361,0.0980392156862745,0.065359477124183,0.0011668611435239,0.1156417112299465,665.0,830.0,1.5104166666666667,0.0038856508465168,-0.0005724154672194,-1.3631555414999209e-06
2004-07-06,775.0,810.0,775.0,775.0,152000.0,775.0,782.0,754.0,724.0,743.7333333333333,668.525,False,False,False,False,False,False,True,True,False,False,False,0.4,0.2,,,0.0658064516129032,0.0403440860215053,0.0838709677419354,0.0516129032258064,0.0013445679455001,0.1007957559681697,640.0,810.0,1.0482758620689656,0.004696132596685,0.0008104817501681,0.0001777068019762
2004-07-07,770.0,795.0,765.0,765.0,76000.0,765.0,774.0,759.0,727.2,744.6,669.425,False,False,False,False,False,False,True,True,False,True,False,0.2549019607843137,0.1830065359477124,,,0.0494117647058822,0.0266666666666666,0.0980392156862745,0.0392156862745098,0.0011639358939923,0.0856389986824769,715.0,820.0,0.5,0.0044004400440044,-0.0002956925526805,-0.0001806320515078
2004-07-08,790.0,800.0,760.0,790.0,200000.0,790.0,774.0,767.0,731.8,745.9333333333333,670.5,False,False,False,False,False,False,True,True,False,False,False,0.2088607594936709,0.2025316455696202,,,0.0736708860759494,0.0557805907172996,0.050632911392405,0.0126582278481012,0.0017874698364464,0.0651890482398957,680.0,790.0,2.631578947368421,0.0062858704564087,0.0018854304124042,0.000623533942454
2004-07-09,825.0,1040.0,825.0,1040.0,4545000.0,1040.0,827.0,799.5,747.4,750.5333333333333,672.85,False,False,False,False,False,False,True,True,False,False,False,-0.0576923076923076,-0.1346153846153846,,,0.2813461538461538,0.2783333333333334,-0.2115384615384615,-0.2259615384615384,0.0061289749511458,0.0168855534709193,680.0,785.0,22.725,0.0208723575060209,0.0145864870496121,0.0043415051146994
2004-07-12,1015.0,1025.0,920.0,920.0,2350000.0,920.0,858.0,819.5,757.4,753.6,674.6,True,True,False,False,False,False,True,True,False,True,False,0.0380434782608695,-0.108695652173913,,,0.1767391304347826,0.1808695652173912,-0.125,-0.1304347826086956,0.004069355980184,-0.0128126906650396,610.0,795.0,0.517051705170517,0.0132030631106416,-0.0076692943953792,-0.0020596189709618
2004-07-13,970.0,1125.0,955.0,1085.0,3151000.0,1085.0,920.0,851.0,773.4,758.4666666666667,677.075,False,False,False,False,False,False,True,True,False,False,False,-0.1428571428571428,-0.2119815668202765,,,0.2871889400921659,0.3009523809523809,-0.2811059907834101,-0.2396313364055299,0.0064164542498022,-0.0481786133960047,625.0,835.0,1.3408510638297872,0.0206878717351952,0.0074848086245535,0.0023470982696181
2004-07-14,1065.0,1080.0,960.0,960.0,1401000.0,960.0,959.0,866.5,784.0,761.0,678.9,False,False,False,False,False,False,True,True,False,True,False,-0.0572916666666666,-0.1458333333333333,,,0.1833333333333333,0.2072916666666666,-0.171875,-0.1302083333333333,0.003328953131844,-0.0640507789959607,665.0,815.0,0.4446207553157728,0.0135204081632653,-0.0071674635719299,-0.0030875011179582
2004-07-15,1015.0,1045.0,945.0,955.0,587000.0,955.0,992.0,883.0,794.4,763.6666666666666,680.75,False,False,False,False,False,False,True,True,False,True,False,-0.0052356020942408,-0.1308900523560209,,,0.1681675392670157,0.2003490401396161,-0.1465968586387434,-0.1361256544502617,0.003491924923614,-0.0804077010192525,665.0,820.0,0.4189864382583869,0.013091641490433,-0.0004287666728323,0.00016297179177
2004-07-16,965.0,990.0,925.0,980.0,414000.0,980.0,980.0,903.5,805.2,766.4,682.725,False,False,False,False,False,False,True,True,False,False,False,-0.0816326530612244,-0.1428571428571428,,,0.1783673469387754,0.2179591836734694,-0.1479591836734693,-0.1632653061224489,0.0035664578983994,-0.0996126175982291,700.0,815.0,0.7052810902896082,0.0134128166915053,0.0003211752010722,7.453297478537046e-05
2004-07-20,980.0,980.0,930.0,955.0,142000.0,955.0,987.0,922.5,814.0,767.8666666666667,684.6,False,False,False,False,False,False,True,True,False,True,False,-0.1413612565445026,-0.1204188481675392,,,0.1476439790575916,0.1959511343804537,-0.1570680628272251,-0.1413612565445026,0.0019100538287897,-0.1176151761517615,720.0,815.0,0.3429951690821256,0.0108108108108107,-0.0026020058806945,-0.0016564040696097
2004-07-21,950.0,950.0,930.0,930.0,279000.0,930.0,956.0,938.0,822.0,769.0,686.375,False,False,False,False,False,False,True,True,False,True,False,-0.0806451612903225,-0.1236559139784946,,,0.1161290322580645,0.1731182795698924,-0.1236559139784946,-0.1182795698924731,0.0014737754659731,-0.1316631130063965,715.0,815.0,1.9647887323943665,0.0097323600973236,-0.0010784507134871,-0.0004362783628166
2004-07-22,925.0,925.0,905.0,905.0,224000.0,905.0,945.0,952.0,829.0,769.9333333333333,687.9,False,False,False,False,False,False,True,True,False,True,False,-0.0939226519337016,-0.0939226519337016,,,0.0839779005524861,0.1492449355432781,-0.0994475138121546,-0.0994475138121546,0.0012122261667676,-0.1423319327731092,710.0,830.0,0.8028673835125448,0.008443908323281,-0.0012884517740425,-0.0002615492992054
2004-07-23,915.0,965.0,910.0,950.0,231000.0,950.0,944.0,968.0,837.6,771.8,689.45,False,False,False,False,False,False,True,True,False,False,False,-0.1263157894736842,-0.1578947368421052,,,0.1183157894736841,0.1875789473684211,-0.1421052631578947,-0.1526315789473684,0.0024185885808067,-0.1559917355371901,690.0,835.0,1.03125,0.0102674307545367,0.0018235224312557,0.0012063624140391
2004-07-26,945.0,945.0,900.0,900.0,139000.0,900.0,928.0,954.0,844.8,772.8666666666667,690.9,False,False,False,False,False,False,True,True,False,True,False,-0.0666666666666666,-0.1111111111111111,,,0.0613333333333333,0.1412592592592592,-0.0555555555555555,-0.0944444444444444,0.001380143189856,-0.1425576519916142,695.0,815.0,0.6017316017316018,0.0085227272727271,-0.0017447034818096,-0.0010384453909507
2004-07-27,900.0,900.0,815.0,820.0,228000.0,820.0,901.0,944.0,848.4,772.7333333333333,691.95,False,False,False,False,False,False,True,False,False,True,False,0.024390243902439,0.024390243902439,,,-0.0346341463414633,0.0576422764227642,0.0304878048780487,0.0,-0.0001725476662928,-0.1313559322033898,695.0,810.0,1.640287769784173,0.0042432814710042,-0.0042794458017229,-0.0015526908561488
2004-07-28,845.0,870.0,825.0,855.0,121000.0,855.0,886.0,921.0,854.0,773.3333333333334,693.2,False,False,False,False,False,False,True,True,False,False,False,-0.0467836257309941,-0.0175438596491228,,,0.0011695906432748,0.0955165692007796,0.0116959064327485,-0.0467836257309941,0.0007758620689655,-0.1107491856677524,690.0,820.0,0.5307017543859649,0.0065573770491803,0.002314095578176,0.0009484097352583
2004-07-29,860.0,860.0,820.0,820.0,120000.0,820.0,869.0,907.0,858.2,773.3333333333334,694.275,False,False,False,False,False,False,True,False,False,True,False,0.0,0.024390243902439,,,-0.0465853658536585,0.056910569105691,0.0548780487804878,0.0,0.0,-0.0986769570011025,685.0,800.0,0.9917355371900828,0.0048939641109299,-0.0016634129382504,-0.0007758620689655
2004-07-30,820.0,840.0,820.0,830.0,74000.0,830.0,845.0,894.5,863.0,773.8666666666667,695.4,False,False,False,False,False,False,True,True,False,False,False,-0.036144578313253,0.0,,,-0.0397590361445783,0.0676305220883534,0.036144578313253,0.0,0.0006891798759475,-0.0855226383454443,675.0,750.0,0.6166666666666667,0.0055619930475086,0.0006680289365787,0.0006891798759475
2004-08-02,850.0,860.0,840.0,840.0,53000.0,840.0,833.0,880.5,868.0,774.6,696.7,False,False,False,False,False,False,True,True,False,False,False,-0.0476190476190476,-0.0238095238095238,,,-0.0333333333333333,0.0778571428571428,0.0178571428571428,0.0119047619047619,0.0009467251914967,-0.0675752413401476,650.0,765.0,0.7162162162162162,0.0057603686635944,0.0001983756160858,0.0002575453155491
2004-08-03,845.0,855.0,840.0,840.0,71000.0,840.0,837.0,869.0,872.8,775.2,698.025,False,False,False,False,False,False,True,True,False,True,False,0.0,-0.0416666666666666,,,-0.0390476190476189,0.077142857142857,0.0238095238095238,-0.0297619047619047,0.0007739938080495,-0.0558112773302646,670.0,665.0,1.339622641509434,0.0054995417048578,-0.0002608269587365,-0.0001727313834471
2004-08-04,835.0,835.0,760.0,815.0,152000.0,815.0,829.0,857.5,874.6,774.9333333333333,699.25,False,False,False,False,False,False,True,False,False,True,False,0.0306748466257668,-0.0429447852760736,,,-0.0731288343558282,0.0491615541922291,0.1288343558282208,0.0061349693251533,-0.0003441156228494,-0.0431486880466472,685.0,640.0,2.140845070422535,0.0020580836954036,-0.0034414580094541,-0.0011181094308989
2004-08-05,815.0,820.0,785.0,820.0,57000.0,820.0,829.0,849.0,875.2,775.0,700.5,False,False,False,False,False,False,True,True,False,True,False,0.024390243902439,-0.0304878048780487,,,-0.0673170731707317,0.0548780487804878,0.1341463414634146,0.0121951219512195,8.602150537641255e-05,-0.0318021201413427,695.0,715.0,0.375,0.0006855575868373,-0.0013725261085663,0.0004301371282258
2004-08-06,770.0,805.0,770.0,800.0,51000.0,800.0,823.0,834.0,875.6,774.7333333333333,701.625,False,False,False,False,False,False,True,False,False,True,False,0.0375,0.01875,,,-0.0945,0.0315833333333333,0.125,0.025,-0.0003442044574477,-0.0125899280575539,695.0,680.0,0.8947368421052632,0.0004568296025582,-0.0002287279842791,-0.0004302259628241
2004-08-09,780.0,800.0,775.0,800.0,44000.0,800.0,815.0,824.0,876.6,774.5333333333333,702.775,False,False,False,False,False,False,True,False,True,False,False,0.025,0.04375,,,-0.09575,0.0318333333333333,0.08125,0.01875,-0.0002582200034429,-0.0006067961165048,710.0,680.0,0.8627450980392157,0.001140771161305,0.0006839415587468,8.598445400471224e-05
2004-08-10,800.0,850.0,790.0,840.0,126000.0,840.0,815.0,826.0,879.6,774.8666666666667,704.15,False,False,False,False,False,False,True,True,False,False,True,-0.0416666666666666,-0.0416666666666666,,,-0.0471428571428571,0.0775396825396825,0.0416666666666666,-0.0476190476190476,0.0004301815366084,-0.0054479418886198,735.0,610.0,2.863636363636364,0.0034106412005457,0.0022698700392406,0.0006884015400514
2004-08-11,865.0,865.0,840.0,840.0,46000.0,840.0,820.0,824.5,882.2,775.2,705.525,False,False,False,False,False,False,True,True,False,True,False,-0.0714285714285714,-0.0297619047619047,,,-0.0502380952380952,0.077142857142857,0.0119047619047619,-0.0416666666666666,0.0004299965600275,-0.0048514251061249,730.0,625.0,0.365079365079365,0.0029471775107685,-0.0004634636897771,-1.8497658092904963e-07
2004-08-12,845.0,850.0,840.0,840.0,16000.0,840.0,824.0,826.5,885.2,775.3333333333334,706.675,False,False,False,False,False,False,True,True,False,False,True,-0.0535714285714285,-0.0297619047619047,,,-0.0538095238095238,0.0769841269841269,-0.0119047619047619,-0.0416666666666666,0.0001719690455717,-0.0090744101633393,730.0,665.0,0.3478260869565217,0.0033890646181653,0.0004418871073968,-0.0002580275144557
2004-08-13,825.0,830.0,805.0,830.0,17000.0,830.0,830.0,826.5,886.8,775.2666666666667,707.725,False,False,False,False,False,False,True,False,False,True,False,-0.0180722891566265,-0.0180722891566265,,,-0.0684337349397589,0.0659437751004016,-0.0120481927710843,-0.0301204819277108,-8.599191675989301e-05,-0.0120992135511191,735.0,665.0,1.0625,0.001804239963915,-0.0015848246542502,-0.0002579609623316
2004-08-16,820.0,820.0,805.0,820.0,34000.0,820.0,834.0,824.5,878.0,775.3333333333334,708.425,False,False,False,False,False,False,False,True,False,True,False,0.0182926829268292,0.0365853658536585,,,-0.0707317073170731,0.0544715447154471,0.0060975609756097,-0.024390243902439,8.598452278596696e-05,-0.015767131594906,720.0,700.0,2.0,-0.0100227790432801,-0.0118270190071952,0.0001719764395458
2004-08-17,815.0,835.0,805.0,805.0,25000.0,805.0,827.0,821.0,873.4,775.2666666666667,709.55,False,False,False,False,False,False,False,False,False,False,False,0.0,0.0496894409937888,,,-0.0849689440993788,0.036935817805383,-0.0062111801242236,0.0,-8.599191675989301e-05,-0.01278928136419,730.0,720.0,0.7352941176470589,-0.0052667735287382,0.0047560055145418,-0.0001719764395458
2004-08-18,820.0,820.0,770.0,780.0,27000.0,780.0,815.0,817.5,861.2,774.7333333333333,710.425,False,False,False,False,False,False,False,False,False,True,False,0.0448717948717948,0.1089743589743589,,,-0.1041025641025641,0.0067521367521367,0.0256410256410256,0.032051282051282,-0.0006884089148954,-0.0103975535168195,715.0,715.0,1.08,-0.0141662796098466,-0.0088995060811083,-0.0006024169981355
2004-08-19,790.0,800.0,790.0,795.0,13000.0,795.0,806.0,815.0,854.6,774.6666666666666,711.5,False,False,False,False,False,False,False,False,False,False,False,0.0251572327044025,0.0880503144654088,,,-0.0749685534591195,0.0255765199161426,0.0062893081761006,-0.0062893081761006,-8.605851979352804e-05,-0.0122699386503067,715.0,710.0,0.4814814814814814,-0.0077229113035338,0.0064433683063128,0.0006023503951018
2004-08-20,790.0,815.0,790.0,815.0,17000.0,815.0,803.0,816.5,849.0,775.5333333333333,712.4,False,False,False,False,False,False,False,True,False,False,False,0.0,0.0552147239263803,,,-0.0417177914110429,0.0484253578732106,0.0122699386503067,-0.0368098159509202,0.0011175105303877,-0.0183710961420698,710.0,690.0,1.3076923076923077,-0.0065959952885748,0.001126916014959,0.0012035690501812
2004-08-23,820.0,840.0,820.0,835.0,37000.0,835.0,806.0,820.0,843.2,776.4666666666667,713.425,False,False,False,False,False,False,False,True,False,True,False,0.0179640718562874,0.0239520958083832,,,-0.0098203592814371,0.0700998003992015,0.0059880239520958,-0.0658682634730539,0.00120202627286,-0.0268292682926829,715.0,695.0,2.176470588235294,-0.0068785578747627,-0.0002825625861879,8.451574247234192e-05
2004-08-24,815.0,825.0,805.0,805.0,51000.0,805.0,806.0,816.5,837.2,778.3333333333334,714.325,False,False,False,False,False,False,False,True,False,True,False,0.0496894409937888,0.0683229813664596,,,-0.04,0.0331262939958591,0.0745341614906832,-0.0124223602484472,0.0023982869379015,-0.0232700551132884,720.0,695.0,1.3783783783783785,-0.007166746297181,-0.0002881884224183,0.0011962606650414
2004-08-25,810.0,825.0,800.0,815.0,85000.0,815.0,813.0,814.0,832.6,780.6666666666666,715.275,False,False,False,False,False,False,False,True,False,False,False,0.0613496932515337,0.1288343558282208,,,-0.0215950920245399,0.0421267893660532,0.0552147239263803,-0.0429447852760736,0.002988898377455,-0.0233415233415233,770.0,690.0,1.6666666666666667,-0.005524861878453,0.001641884418728,0.0005906114395535
2004-08-26,825.0,850.0,810.0,815.0,75000.0,815.0,817.0,811.5,829.0,782.0,716.3,False,False,False,False,False,False,False,True,False,False,False,0.0613496932515337,0.1411042944785276,,,-0.0171779141104294,0.0404907975460122,0.1104294478527607,-0.0368098159509202,0.0017050298380222,-0.0227972889710412,805.0,685.0,0.8823529411764706,-0.0043425814234017,0.0011822804550513,-0.0012838685394328
2004-08-27,815.0,830.0,815.0,815.0,31000.0,815.0,817.0,810.0,823.6,783.8,717.375,False,False,False,False,False,False,False,True,False,True,False,0.0552147239263803,0.1042944785276073,,,-0.0105521472392638,0.0382822085889571,0.0490797546012269,-0.0061349693251533,0.0022965042102576,-0.0203703703703703,790.0,675.0,0.4133333333333333,-0.0065565808644973,-0.0022139994410955,0.0005914743722354
2004-08-30,840.0,850.0,820.0,850.0,38000.0,850.0,820.0,813.0,821.6,786.0666666666667,718.25,False,False,False,False,True,False,False,True,False,False,True,0.0058823529411764,0.0176470588235294,,,0.0334117647058823,0.0752156862745097,0.0411764705882352,-0.0588235294117647,0.0028835552540074,-0.0239852398523985,775.0,650.0,1.2258064516129032,-0.0024342745861733,0.0041223062783239,0.0005870510437497
2004-08-31,845.0,850.0,835.0,845.0,23000.0,845.0,828.0,817.0,822.6,789.2,719.25,False,False,False,False,False,False,True,True,True,False,False,0.0177514792899408,0.0355029585798816,,,0.0265088757396449,0.0660355029585798,0.029585798816568,-0.0650887573964497,0.003970265247508,-0.0305997552019583,765.0,670.0,0.6052631578947368,0.0012156576707999,0.0036499322569732,0.0010867099935005
2004-09-01,830.0,865.0,830.0,865.0,68000.0,865.0,838.0,825.5,823.0,792.4,720.275,False,False,False,False,False,False,True,True,False,True,False,0.0635838150289017,-0.0173410404624277,,,0.0485549132947976,0.0839306358381503,-0.0057803468208092,-0.0809248554913294,0.0040383644623926,-0.0417928528164748,775.0,685.0,2.9565217391304346,0.0004860267314702,-0.0007296309393296,6.809921488462947e-05
2004-09-02,885.0,890.0,865.0,865.0,111000.0,865.0,848.0,832.5,824.8,795.0666666666667,721.375,False,False,False,False,False,False,True,True,True,False,False,0.0751445086705202,-0.0404624277456647,,,0.0464739884393064,0.0808477842003853,-0.0115606936416184,-0.0635838150289017,0.0033540164346806,-0.0474474474474474,765.0,695.0,1.6323529411764706,0.0021823472356934,0.0016963205042232,-0.000684348027712
2004-09-03,870.0,870.0,840.0,860.0,91000.0,860.0,857.0,837.0,826.0,797.6666666666666,722.425,False,False,False,False,False,False,True,True,False,True,False,0.0465116279069767,-0.0465116279069767,,,0.0395348837209302,0.0724806201550388,0.0116279069767441,-0.0697674418604651,0.0032595068951106,-0.0507765830346475,790.0,695.0,0.8198198198198198,0.001452784503632,-0.0007295627320614,-9.450953956999892e-05
2004-09-06,835.0,870.0,835.0,855.0,83000.0,855.0,858.0,839.0,826.6,799.7333333333333,723.25,False,False,False,False,False,False,True,True,False,True,False,0.0116959064327485,-0.0350877192982456,,,0.0332163742690058,0.0646393762183235,-0.0116959064327485,-0.0467836257309941,0.0025841947315772,-0.0488676996424314,1040.0,710.0,0.912087912087912,0.000725864989112,-0.0007269195145199,-0.0006753121635333
2004-09-07,865.0,870.0,860.0,860.0,32000.0,860.0,861.0,844.5,827.4,801.6,724.075,False,False,False,False,False,False,True,True,False,False,False,0.0174418604651162,-0.0697674418604651,,,0.037906976744186,0.067906976744186,-0.0232558139534883,-0.0465116279069767,0.0023286759813706,-0.0521018354055654,920.0,735.0,0.3855421686746988,0.0009668842156151,0.000241019226503,-0.0002555187502066
2004-09-08,855.0,920.0,845.0,920.0,201000.0,920.0,872.0,855.0,831.6,804.3333333333334,725.425,False,False,False,False,False,False,True,True,True,False,False,-0.0760869565217391,-0.1304347826086956,,,0.0960869565217391,0.1257246376811593,-0.1141304347826086,-0.1141304347826086,0.0033982594280978,-0.0596491228070175,1085.0,730.0,6.28125,0.0050505050505051,0.0040836208348899,0.0010695834467272
2004-09-09,950.0,980.0,925.0,930.0,822000.0,930.0,885.0,866.5,836.0,807.2666666666667,726.925,False,False,False,False,False,False,True,True,False,False,False,-0.1075268817204301,-0.1397849462365591,,,0.1010752688172043,0.1319713261648745,-0.1129032258064516,-0.1129032258064516,0.0036336609133701,-0.0675129832660127,960.0,730.0,4.08955223880597,0.0052631578947368,0.0002126528442317,0.0002354014852723
2004-09-10,920.0,920.0,885.0,900.0,151000.0,900.0,893.0,875.0,840.0,810.0666666666667,728.5,False,False,False,False,False,False,True,True,False,True,False,-0.0888888888888888,-0.0833333333333333,,,0.0666666666666666,0.0999259259259258,-0.0944444444444444,-0.0888888888888888,0.0034565056373961,-0.0754285714285714,955.0,735.0,0.1836982968369829,0.0047619047619047,-0.000501253132832,-0.0001771552759739
2004-09-13,885.0,890.0,865.0,865.0,84000.0,865.0,895.0,876.5,842.6,812.3333333333334,729.85,False,False,False,False,False,False,True,True,False,True,False,-0.0462427745664739,-0.0289017341040462,,,0.0258959537572254,0.0608863198458573,-0.0693641618497109,-0.0231213872832369,0.0027903159622486,-0.0718767826583,980.0,720.0,0.5562913907284768,0.0030856871587942,-0.0016762176031105,-0.0006661896751475
2004-09-14,870.0,875.0,860.0,875.0,75000.0,875.0,898.0,879.5,844.0,814.7333333333333,731.25,False,False,False,False,False,False,True,True,False,True,False,-0.0857142857142857,-0.0114285714285714,,,0.0354285714285714,0.0688761904761904,-0.0685714285714285,-0.0457142857142857,0.0029457491203665,-0.0699260943718021,955.0,730.0,0.8928571428571429,0.0016587677725118,-0.0014269193862824,0.0001554331581179
2004-09-15,880.0,880.0,850.0,850.0,92000.0,850.0,884.0,878.0,844.4,816.8666666666667,732.475,False,False,False,False,False,False,True,True,False,True,False,-0.0588235294117647,0.0117647058823529,,,0.0065882352941176,0.0389803921568627,-0.0411764705882352,-0.0117647058823529,0.0026116053211458,-0.0632118451025057,930.0,715.0,1.2266666666666666,0.0004737091425864,-0.0011850586299253,-0.0003341437992207
2004-09-16,840.0,850.0,820.0,830.0,49000.0,830.0,864.0,874.5,844.0,818.8,733.5,False,False,False,False,False,False,False,True,False,True,False,-0.036144578313253,0.0903614457831325,,,-0.016867469879518,0.0134939759036145,-0.0421686746987951,0.0542168674698795,0.0023611789610811,-0.0520297312750142,905.0,715.0,0.532608695652174,-0.000473933649289,-0.0009476427918754,-0.0002504263600646
2004-09-17,830.0,830.0,815.0,820.0,57000.0,820.0,848.0,870.5,843.6,820.7333333333333,734.375,False,False,False,False,False,False,False,True,False,True,False,0.0060975609756097,0.0426829268292682,,,-0.028780487804878,-0.0008943089430894,-0.024390243902439,0.0426829268292682,0.0023556169279506,-0.0413555427914991,950.0,710.0,1.163265306122449,-0.0004741583688951,-2.2471960611141013e-07,-5.562033130505038e-06
2004-09-21,815.0,825.0,805.0,825.0,43000.0,825.0,840.0,867.5,843.8,823.0666666666667,735.375,False,False,False,False,False,False,True,True,False,False,False,0.0181818181818181,0.0727272727272727,,,-0.0227878787878787,0.0023434343434342,-0.0242424242424242,0.0606060606060606,0.0028349262919164,-0.0311239193083573,900.0,715.0,0.7543859649122807,0.00023702299123,0.0007111813601252,0.0004793093639657
2004-09-22,825.0,825.0,800.0,800.0,23000.0,800.0,825.0,861.5,843.6,824.8,736.2,False,False,False,False,False,False,False,True,False,True,False,0.08125,0.0875,,,-0.0545,-0.0309999999999999,0.0,0.0875,0.0021015195602973,-0.0185722576900754,820.0,720.0,0.5348837209302325,-0.0002370791844475,-0.0004741021756775,-0.0007334067316191
2004-09-24,795.0,805.0,790.0,800.0,37000.0,800.0,815.0,849.5,844.4,826.3333333333334,737.05,False,False,False,False,False,False,True,True,False,False,False,0.075,0.075,,,-0.0554999999999999,-0.0329166666666667,0.03125,0.08125,0.0018555869302138,0.0011771630370806,855.0,770.0,1.608695652173913,0.0009474182851728,0.0011844974696203,-0.0002459326300834
2004-09-27,800.0,805.0,785.0,800.0,68000.0,800.0,809.0,836.5,844.6,827.7333333333333,738.0,False,False,False,False,False,False,True,True,False,True,False,0.13125,0.06875,,,-0.05575,-0.0346666666666666,0.04375,0.06875,0.0016913659793814,0.0203227734608487,820.0,805.0,1.837837837837838,0.0002367984844897,-0.000710619800683,-0.0001642209508324
2004-09-28,800.0,825.0,785.0,825.0,78000.0,825.0,810.0,829.0,845.0,829.4666666666667,739.075,False,False,False,False,False,False,True,True,False,False,False,0.0363636363636363,0.0545454545454545,,,-0.0242424242424242,-0.0054141414141414,0.0,0.0303030303030303,0.0020896961903231,0.0331724969843184,830.0,790.0,1.1470588235294117,0.000473372781065,0.0002365742965753,0.0003983302109417
2004-09-29,840.0,845.0,815.0,840.0,42000.0,840.0,813.0,826.5,845.2,831.2,740.275,False,False,False,False,False,False,True,True,False,True,False,0.0535714285714285,0.0059523809523809,,,-0.0061904761904762,0.0104761904761904,-0.0238095238095238,0.0059523809523809,0.0020853384664741,0.0362976406533575,840.0,775.0,0.5384615384615384,0.0002366303833412,-0.0002367423977237,-4.357723848925216e-06
2004-09-30,840.0,865.0,835.0,865.0,52000.0,865.0,826.0,825.5,847.6,832.9333333333333,741.6,False,False,False,True,True,False,True,True,True,False,False,0.0057803468208092,-0.0289017341040462,,,0.0201156069364161,0.0370712909441233,-0.0520231213872832,-0.0115606936416184,0.002080998879462,0.0399757722592368,840.0,765.0,1.238095238095238,0.0028315243039169,0.0025948939205756,-4.33958701216838e-06
2004-10-01,860.0,870.0,850.0,860.0,65000.0,860.0,838.0,826.5,849.4,834.6666666666666,742.875,False,False,False,False,False,False,True,True,False,True,False,0.0,-0.0523255813953488,,,0.0123255813953488,0.0294573643410853,-0.0465116279069767,0.005813953488372,0.0020766773162939,0.0417422867513611,815.0,775.0,1.25,0.0021191429244171,-0.0007123813794997,-4.321563168075814e-06
2004-10-04,845.0,910.0,845.0,905.0,240000.0,905.0,859.0,834.0,853.0,837.0,744.5,False,False,False,False,False,False,True,True,False,False,False,-0.0552486187845303,-0.0883977900552486,,,0.0574585635359116,0.0751381215469613,-0.0994475138121546,-0.011049723756906,0.0027877339705297,0.0347721822541966,820.0,765.0,3.692307692307693,0.0042203985932004,0.0021012556687833,0.0007110566542357
2004-10-05,900.0,900.0,830.0,855.0,63000.0,855.0,865.0,837.5,854.6,838.6,745.95,False,False,False,False,False,False,True,True,False,True,False,0.0175438596491228,-0.0467836257309941,,,0.0004678362573099,0.0191812865497075,-0.0584795321637426,0.0116959064327485,0.0019079418077748,0.0316417910447761,800.0,790.0,0.2625,0.0018722209220688,-0.0023481776711316,-0.0008797921627548
2004-10-06,850.0,885.0,850.0,885.0,46000.0,885.0,874.0,843.5,856.0,840.8,747.55,False,False,False,False,False,False,True,True,False,True,False,-0.0451977401129943,-0.0903954802259887,,,0.0327683615819209,0.0499435028248588,-0.0790960451977401,-0.0112994350282485,0.0026165556612748,0.0243034973325429,800.0,1040.0,0.7301587301587301,0.0016355140186915,-0.0002367069033772,0.0007086138535
2004-10-07,875.0,885.0,865.0,870.0,23000.0,870.0,875.0,850.5,857.0,842.6666666666666,749.0,False,False,False,False,False,False,True,True,False,True,False,-0.0344827586206896,-0.0632183908045977,,,0.0149425287356321,0.0314176245210728,-0.057471264367816,0.0057471264367816,0.0022151898734177,0.0164609053497942,840.0,920.0,0.5,0.0011668611435239,-0.0004686528751676,-0.0004013657878571
2004-10-08,860.0,860.0,855.0,860.0,24000.0,860.0,875.0,856.5,856.8,844.6,750.45,False,False,False,False,False,False,False,True,False,True,False,-0.0523255813953488,-0.0523255813953488,,,0.0037209302325581,0.017906976744186,-0.0523255813953488,0.0174418604651162,0.0022890520167338,0.010507880910683,840.0,1085.0,1.0434782608695652,-0.0002334267040149,-0.0014002878475389,7.386214331610037e-05
2004-10-12,855.0,860.0,855.0,855.0,34000.0,855.0,865.0,862.0,856.4,846.4666666666667,751.85,False,False,False,False,False,False,False,True,False,True,False,-0.0350877192982456,-0.0701754385964912,,,-0.0016374269005847,0.009980506822612,-0.0409356725146198,0.0292397660818713,0.0022052453335433,0.0069605568445475,840.0,960.0,1.4166666666666667,-0.0004670714619336,-0.0002336447579186,-8.380668319046564e-05
2004-10-13,855.0,870.0,855.0,870.0,26000.0,870.0,868.0,866.5,856.8,848.6,753.3,False,False,False,False,False,False,True,True,False,False,False,-0.0632183908045977,-0.0804597701149425,,,0.0151724137931035,0.0245977011494252,-0.0459770114942528,0.0172413793103448,0.0025139445360986,0.0057703404500865,830.0,955.0,0.7647058823529411,0.0004668534080298,0.0009339248699635,0.0003086992025552
2004-10-14,860.0,860.0,835.0,845.0,35000.0,845.0,860.0,867.0,856.4,850.3333333333334,754.625,False,False,False,False,False,False,False,True,False,True,False,-0.0473372781065088,-0.0473372781065088,,,-0.013491124260355,-0.0063116370808678,0.0059171597633136,0.0532544378698224,0.0020384163073304,0.0103806228373702,820.0,980.0,1.3461538461538465,-0.0004670714619336,-0.0009339248699635,-0.0004755282287681
2004-10-15,810.0,840.0,810.0,840.0,45000.0,840.0,854.0,864.5,855.6,851.9333333333333,755.95,False,False,False,False,False,False,False,True,False,True,False,-0.0297619047619047,-0.0476190476190476,,,-0.0185714285714286,-0.0142063492063491,-0.0297619047619047,0.1011904761904761,0.0018780812270129,0.0213996529786003,805.0,955.0,1.2857142857142858,-0.0009350163627862,-0.0004679449008526,-0.0001603350803175
2004-10-18,830.0,840.0,815.0,815.0,33000.0,815.0,845.0,860.0,851.4,852.5333333333333,757.2,False,False,True,False,False,False,False,True,False,True,False,0.0,0.0122699386503067,,,-0.0446625766871165,-0.0460531697341512,0.0061349693251533,0.1104294478527607,0.0007037847982483,0.0313953488372093,780.0,930.0,0.7333333333333333,-0.0049330514446794,-0.0039980350818931,-0.0011742964287645
2004-10-19,825.0,825.0,820.0,825.0,27000.0,825.0,839.0,852.0,847.2,852.8,758.5,False,False,False,False,False,False,False,True,False,True,False,-0.0363636363636363,0.0121212121212121,,,-0.0269090909090909,-0.0336969696969696,0.006060606060606,0.0787878787878787,0.0003126954346466,0.0404929577464788,795.0,905.0,0.8181818181818182,-0.0049575070821528,-2.4455637473488542e-05,-0.0003910893636017
2004-10-20,810.0,825.0,810.0,815.0,26000.0,815.0,828.0,848.0,843.8,853.1333333333333,759.675,False,False,False,False,False,False,False,True,False,False,False,-0.0184049079754601,0.0122699386503067,,,-0.0353374233128833,-0.0467893660531697,0.0061349693251533,0.0736196319018405,0.0003907165741971,0.0465801886792452,815.0,950.0,0.9629629629629628,-0.0040293908509126,0.0009281162312402,7.802113955048548e-05
2004-10-21,815.0,815.0,805.0,805.0,23000.0,805.0,820.0,840.0,841.4,853.5333333333333,760.775,False,False,False,False,False,False,False,True,False,False,False,0.0,0.0186335403726708,,,-0.0452173913043478,-0.0602898550724637,0.0124223602484472,0.2670807453416149,0.0004686401624618,0.0738095238095238,835.0,900.0,0.8846153846153846,-0.0028523888756833,0.0011770019752292,7.792358826477449e-05
2004-10-22,800.0,815.0,800.0,815.0,24000.0,815.0,815.0,834.5,839.0,854.2,761.9,False,False,False,False,False,False,False,True,False,True,False,-0.0184049079754601,0.0061349693251533,,,-0.0294478527607361,-0.0480981595092025,-0.0184049079754601,0.1349693251533742,0.000780457348006,0.0868783702816057,805.0,820.0,1.0434782608695652,-0.002860548271752,-8.159396068701044e-06,0.0003118171855441
2004-10-25,815.0,820.0,815.0,815.0,15000.0,815.0,815.0,830.0,837.6,854.7333333333333,762.975,False,False,False,False,False,False,False,True,False,False,False,0.0122699386503067,0.0061349693251533,,,-0.0277300613496932,-0.0487525562372188,-0.0122699386503067,0.1595092024539877,0.0006239762889009,0.1012048192771084,815.0,855.0,0.625,-0.0016714422158547,0.0011891060558972,-0.000156481059105
2004-10-26,815.0,815.0,790.0,795.0,61000.0,795.0,809.0,824.0,836.2,855.1333333333333,763.95,False,False,False,False,False,False,False,True,False,True,False,0.050314465408805,0.0251572327044025,,,-0.0518238993710692,-0.0756394129979035,0.0125786163522012,0.1635220125786163,0.0004677633117642,0.1146844660194174,815.0,820.0,4.066666666666666,-0.0016742406122936,-2.798396438886313e-06,-0.0001562129771367
2004-10-27,800.0,805.0,800.0,800.0,37000.0,800.0,806.0,817.0,835.4,855.2666666666667,764.95,False,False,False,False,False,False,False,True,False,False,False,0.03125,0.00625,,,-0.0442499999999999,-0.0690833333333333,0.00625,0.15625,0.0001558967963208,0.1291309669522644,815.0,830.0,0.6065573770491803,-0.0009576250897774,0.0007166155225162,-0.0003118665154433
2004-10-28,800.0,815.0,800.0,805.0,19000.0,805.0,806.0,813.0,834.6,852.1333333333333,765.75,False,False,False,False,False,False,False,False,False,True,False,0.0186335403726708,0.0124223602484472,,,-0.0367701863354037,-0.0585507246376811,-0.0062111801242236,0.1490683229813664,-0.0036770458457205,0.1389913899138991,850.0,840.0,0.5135135135135135,-0.0009585430146177,-9.179248402925834e-07,-0.0038329426420413
2004-10-29,810.0,820.0,795.0,800.0,38000.0,800.0,803.0,809.0,834.6,850.5333333333333,766.575,False,False,False,False,False,False,False,False,False,False,False,0.025,0.025,,,-0.04325,-0.0631666666666666,0.00625,0.21875,-0.0018811725975858,0.1508034610630408,845.0,840.0,2.0,0.0,0.0009585430146177,0.0017958732481346
2004-11-01,780.0,845.0,775.0,825.0,243000.0,825.0,805.0,810.0,835.6,847.0666666666667,767.575,False,False,False,False,False,False,True,False,True,False,False,-0.006060606060606,-0.0121212121212121,,,-0.0128484848484848,-0.0267474747474748,-0.0242424242424242,0.2727272727272727,-0.0040925546985675,0.1672839506172839,865.0,815.0,6.394736842105263,0.0011967448539971,0.0011967448539971,-0.0022113821009816
2004-11-02,825.0,860.0,815.0,835.0,130000.0,835.0,813.0,811.0,837.0,845.4,768.625,False,False,False,False,False,False,True,False,False,False,False,-0.0239520958083832,-0.0179640718562874,,,-0.0023952095808383,-0.0124550898203592,-0.0538922155688622,0.2395209580838323,-0.0019714533554137,0.1837237977805178,865.0,820.0,0.5349794238683128,0.0016726403823177,0.0004758955283206,0.0021211013431538
2004-11-04,830.0,835.0,820.0,825.0,31000.0,825.0,818.0,812.0,837.0,843.6666666666666,769.5,False,False,False,False,False,False,False,False,False,True,False,-0.0242424242424242,0.006060606060606,,,-0.0145454545454545,-0.0226262626262625,-0.0484848484848484,0.2848484848484848,-0.0020545239035954,0.2050492610837438,860.0,800.0,0.2384615384615384,0.0,-0.0016726403823177,-8.307054818173414e-05
2004-11-05,825.0,825.0,815.0,820.0,53000.0,820.0,821.0,813.5,836.2,841.5333333333333,770.375,False,False,False,False,False,False,False,False,False,True,False,-0.0060975609756097,0.0365853658536585,,,-0.0197560975609756,-0.0262601626016259,-0.048780487804878,0.3170731707317073,-0.002535055058227,0.2102028272894898,855.0,800.0,1.7096774193548387,-0.0009567089213106,-0.0009567089213106,-0.0004805311546316
2004-11-08,830.0,835.0,820.0,820.0,31000.0,820.0,825.0,814.0,834.4,839.7333333333333,771.075,False,False,False,False,False,False,False,False,False,True,False,0.0,-0.0060975609756097,,,-0.017560975609756,-0.0240650406504065,-0.0304878048780487,0.3231707317073171,-0.0021435376309939,0.2291154791154791,860.0,840.0,0.5849056603773585,-0.00215723873442,-0.0012005298131093,0.0003915174272331
2004-11-09,825.0,825.0,820.0,820.0,8000.0,820.0,824.0,814.5,832.8,838.2666666666667,771.675,False,False,False,False,False,False,False,False,False,False,False,-0.0060975609756097,0.0,,,-0.0156097560975609,-0.0222764227642276,-0.048780487804878,0.3414634146341463,-0.0017496421186575,0.247391037446286,920.0,840.0,0.2580645161290322,-0.0019212295869356,0.0002360091474843,0.0003938955123363
2004-11-10,825.0,825.0,815.0,815.0,91000.0,815.0,820.0,816.5,829.2,837.0666666666667,772.3,False,False,False,False,False,False,False,False,False,True,True,0.0061349693251533,0.0184049079754601,,,-0.0174233128834356,-0.0270756646216769,-0.0368098159509202,0.3312883435582822,-0.0014335775724752,0.2639314145744029,930.0,840.0,11.375,-0.0043415340086829,-0.0024203044217472,0.0003160645461823
2004-11-11,815.0,820.0,800.0,805.0,66000.0,805.0,816.0,817.0,827.2,835.1333333333333,772.9,False,False,False,False,False,False,False,False,False,False,False,0.031055900621118,0.0186335403726708,,,-0.0275776397515528,-0.0374327122153209,0.0062111801242236,0.4347826086956521,-0.0023149996008622,0.2913096695226438,900.0,830.0,0.7252747252747253,-0.0024177949709864,0.0019237390376964,-0.0008814220283869
2004-11-12,805.0,815.0,805.0,815.0,30000.0,815.0,815.0,818.0,824.4,834.0,773.475,False,False,False,False,False,False,False,False,False,True,False,0.0429447852760736,0.0,,,-0.0115337423312883,-0.0233128834355828,-0.0184049079754601,0.4417177914110429,-0.0013589128697042,0.3202933985330073,865.0,820.0,0.4545454545454545,-0.0033964095099467,-0.0009786145389602,0.0009560867311579
2004-11-15,810.0,820.0,805.0,820.0,34000.0,820.0,815.0,820.0,822.4,834.0,774.25,False,False,False,False,False,False,False,False,False,False,False,-0.0060975609756097,-0.024390243902439,,,-0.0029268292682926,-0.0170731707317073,-0.0365853658536585,0.3963414634146341,0.0,0.3378048780487805,875.0,805.0,1.1333333333333333,-0.0024319066147859,0.0009645028951607,0.0013589128697042
2004-11-16,820.0,820.0,815.0,815.0,25000.0,815.0,814.0,819.0,820.6,833.4666666666667,774.95,False,False,False,False,False,False,False,False,False,False,False,0.0061349693251533,-0.0122699386503067,,,-0.0068711656441718,-0.0226584867075665,-0.0245398773006134,0.4355828220858895,-0.0006398976163813,0.3540903540903541,850.0,780.0,0.7352941176470589,-0.0021935169388251,0.0002383896759607,-0.0006398976163813
2004-11-17,815.0,820.0,810.0,820.0,29000.0,820.0,815.0,817.5,819.2,833.4666666666667,775.8,False,False,False,False,True,False,False,False,False,False,False,0.0121951219512195,-0.0182926829268292,,,0.0009756097560975,-0.0164227642276423,-0.0121951219512195,0.4024390243902439,0.0,0.3706422018348624,830.0,795.0,1.16,-0.0017089843749999,0.0004845325638252,0.0006398976163813
2004-11-18,820.0,840.0,815.0,830.0,69000.0,830.0,820.0,818.0,817.6,833.4666666666667,776.8,False,False,False,False,False,False,False,False,False,True,False,-0.0120481927710843,-0.0301204819277108,,,0.0149397590361445,-0.0041767068273092,-0.036144578313253,0.4036144578313253,0.0,0.382640586797066,820.0,815.0,2.3793103448275863,-0.0019569471624266,-0.0002479627874266,0.0
2004-11-19,840.0,850.0,825.0,850.0,199000.0,850.0,827.0,821.0,817.8,833.6,777.875,False,False,False,False,False,False,True,True,False,False,True,-0.0411764705882352,-0.0588235294117647,,,0.0378823529411765,0.0192941176470588,-0.0411764705882352,0.3647058823529411,0.0001599488163787,0.3873325213154689,825.0,835.0,2.8840579710144927,0.0002445585717778,0.0022015057342044,0.0001599488163787
2004-11-22,840.0,840.0,805.0,815.0,92000.0,815.0,826.0,820.5,816.8,833.2666666666667,778.775,False,False,False,False,False,True,False,False,False,True,False,-0.0184049079754601,-0.0122699386503067,,,-0.0022085889570551,-0.0224130879345603,0.0061349693251533,0.3742331288343558,-0.0004000320025602,0.3924436319317489,800.0,805.0,0.4623115577889447,-0.0012242899118511,-0.0014688484836289,-0.000559980818939
2004-11-24,815.0,820.0,810.0,820.0,13000.0,820.0,827.0,820.5,817.0,833.3333333333334,779.725,False,False,False,False,False,False,True,True,False,False,False,-0.0182926829268292,-0.0182926829268292,,,0.0036585365853658,-0.016260162601626,-0.0060975609756097,0.3658536585365853,8.000000000006366e-05,0.3948811700182815,800.0,815.0,0.1413043478260869,0.0002447980416157,0.0014690879534668,0.0004800320025603
2004-11-25,830.0,830.0,815.0,830.0,29000.0,830.0,829.0,822.0,817.2,833.4666666666667,780.725,False,False,False,False,False,False,True,True,False,True,False,-0.0301204819277108,-0.0481927710843373,,,0.0154216867469878,-0.0041767068273092,-0.0060240963855421,0.3072289156626506,0.0001599744040953,0.3923357664233576,800.0,815.0,2.230769230769231,0.0002447381302007,-5.991141498185026e-08,7.997440409527199e-05
2004-11-26,835.0,845.0,820.0,820.0,50000.0,820.0,827.0,823.5,817.4,833.7333333333333,781.5,False,False,False,False,False,False,True,True,False,True,False,-0.0182926829268292,-0.0426829268292682,,,0.0031707317073171,-0.0167479674796748,0.0,0.3109756097560975,0.0003198464736926,0.3800850030358227,825.0,815.0,1.7241379310344829,0.0002446782481036,-5.988209708077032e-08,0.0001598720695972
2004-11-29,825.0,835.0,810.0,815.0,77000.0,815.0,820.0,823.5,817.8,833.9333333333333,782.25,False,False,False,False,False,False,True,True,False,False,False,-0.0184049079754601,-0.0429447852760736,,,-0.0034355828220858,-0.0232310838445807,0.0368098159509202,0.3803680981595092,0.0002398273243264,0.374013357619915,840.0,850.0,1.54,0.0004891171435558,0.0002444388954521,-8.001914936620622e-05
2004-11-30,815.0,815.0,795.0,800.0,139000.0,800.0,817.0,821.5,817.2,833.4,783.075,False,False,False,False,False,False,False,False,False,True,False,0.00625,-0.00625,,,-0.0215,-0.0417499999999999,0.04375,0.44375,-0.0006399488040956,0.3785757760194765,865.0,845.0,1.8051948051948048,-0.0007342143906019,-0.0012233315341577,-0.000879776128422
2004-12-01,800.0,815.0,800.0,805.0,61000.0,805.0,814.0,820.5,816.8,832.9333333333333,783.9,False,False,False,False,False,False,False,False,False,False,False,0.0,-0.031055900621118,,,-0.0146583850931676,-0.0346997929606624,0.0434782608695652,0.3975155279503105,-0.0005602689290859,0.3747714808043875,860.0,865.0,0.4388489208633093,-0.0004897159647405,0.0002444984258613,7.967987500963835e-05
2004-12-02,815.0,815.0,805.0,805.0,19000.0,805.0,809.0,819.0,817.2,832.4666666666667,784.7,False,False,False,False,False,False,True,False,False,False,False,-0.0186335403726708,-0.0248447204968944,,,-0.0151552795031056,-0.034120082815735,0.0869565217391304,0.3664596273291925,-0.0005605830063264,0.3711843711843712,905.0,865.0,0.3114754098360656,0.0004894762604014,0.000979192225142,-3.140772404818708e-07
2004-12-03,810.0,815.0,805.0,805.0,41000.0,805.0,806.0,816.5,817.4,832.1333333333333,785.55,False,False,False,False,False,False,True,False,False,True,False,-0.0248447204968944,0.0062111801242236,,,-0.0154037267080745,-0.0337060041407867,0.062111801242236,0.3291925465838509,-0.0004005768306361,0.3637477036129822,855.0,860.0,2.1578947368421053,0.0002446782481036,-0.0002447980122978,0.0001600061756903
2004-12-06,810.0,815.0,800.0,800.0,75000.0,800.0,803.0,811.5,817.2,831.8666666666667,786.375,False,False,False,False,False,False,False,False,False,True,False,-0.025,0.0,,,-0.0215,-0.0398333333333333,0.09375,0.325,-0.0003205641929796,0.3598274799753543,885.0,855.0,1.829268292682927,-0.0002447381302006,-0.0004894163783042,8.001263765653561e-05
2004-12-07,800.0,810.0,800.0,805.0,40000.0,805.0,804.0,810.5,817.4,831.8666666666667,787.225,False,False,False,False,False,False,True,False,False,False,False,-0.0124223602484472,-0.0186335403726708,,,-0.0154037267080745,-0.0333747412008281,0.0807453416149068,0.2546583850931677,0.0,0.3479333744602097,870.0,860.0,0.5333333333333333,0.0002446782481036,0.0004894163783042,0.0003205641929796
2004-12-08,800.0,805.0,800.0,805.0,20000.0,805.0,804.0,809.0,816.6,832.2,788.075,False,False,False,False,False,False,False,True,False,True,False,-0.031055900621118,-0.0124223602484472,,,-0.0144099378881987,-0.0337888198757764,0.0745341614906832,0.2795031055900621,0.0004005447408475,0.3393077873918417,860.0,920.0,0.5,-0.0009796718099436,-0.0012243500580472,0.0004005447408475
2004-12-09,805.0,805.0,785.0,790.0,65000.0,790.0,801.0,805.0,814.8,832.1333333333333,788.875,False,False,False,False,False,False,False,False,False,True,False,-0.0063291139240506,0.0253164556962025,,,-0.031392405063291,-0.0533333333333333,0.0822784810126582,0.3227848101265823,-8.011536612728696e-05,0.3409937888198758,855.0,930.0,3.25,-0.0022091310751105,-0.0012294592651669,-0.0004806601069748
2004-12-10,800.0,800.0,785.0,785.0,39000.0,785.0,797.0,801.5,813.2,831.7333333333333,789.6,False,False,False,False,False,False,False,False,False,False,False,0.0318471337579617,0.019108280254777,,,-0.0359235668789809,-0.0595329087048832,0.0828025477707006,0.3439490445859872,-0.0004809233728758,0.3443543356207111,870.0,900.0,0.6,-0.0019675356615837,0.0002415954135267,-0.0004008080067486
2004-12-13,785.0,785.0,780.0,780.0,29000.0,780.0,793.0,798.0,811.6,831.0,790.225,False,False,False,False,False,False,False,False,False,True,False,0.0256410256410256,0.0448717948717948,,,-0.0405128205128205,-0.0653846153846153,0.0833333333333333,0.3525641025641026,-0.000882470918572,0.3414786967418546,845.0,865.0,0.7435897435897436,-0.0019714144898965,-3.878828312774401e-06,-0.0004015475456961
2004-12-14,785.0,800.0,785.0,795.0,31000.0,795.0,791.0,797.5,810.6,830.8666666666667,791.0,False,False,False,False,False,False,False,False,False,False,False,-0.0062893081761006,0.0314465408805031,,,-0.0196226415094339,-0.0451153039832285,0.0754716981132075,0.3333333333333333,-0.0001604750060178,0.3304075235109718,840.0,875.0,1.0689655172413792,-0.001233654083395,0.0007377604065015,0.0007219959125542
2004-12-15,785.0,795.0,780.0,780.0,50000.0,780.0,786.0,795.0,809.0,830.4,791.7,False,False,False,False,False,False,False,False,False,True,False,0.0192307692307692,0.0448717948717948,,,-0.0371794871794871,-0.0646153846153845,0.1089743589743589,0.3653846153846153,-0.0005619781631342,0.3270440251572327,815.0,850.0,1.6129032258064515,-0.0019777503090235,-0.0007440962256284,-0.0004015031571164
2004-12-16,780.0,785.0,780.0,785.0,22000.0,785.0,785.0,793.0,807.8,830.0,792.45,False,False,False,False,False,False,False,False,False,False,False,0.0318471337579617,0.0509554140127388,,,-0.029044585987261,-0.0573248407643312,0.1401273885350318,0.3694267515923566,-0.0004819277108433,0.3272383354350567,825.0,830.0,0.44,-0.0014855162168854,0.000492234092138,8.005045229092289e-05
2004-12-17,775.0,810.0,775.0,810.0,108000.0,810.0,790.0,793.5,808.0,829.9333333333333,793.3,False,False,False,False,True,False,True,False,False,False,False,-0.0123456790123456,0.0123456790123456,,,0.0024691358024691,-0.0246090534979423,0.0679012345679012,0.3395061728395062,-8.032773716770792e-05,0.3282923755513547,815.0,820.0,4.909090909090909,0.0002475247524753,0.0017330409693607,0.0004015999736756
2004-12-20,805.0,805.0,790.0,800.0,38000.0,800.0,794.0,793.5,807.4,829.2666666666667,794.125,False,False,False,False,False,False,False,False,False,True,False,0.01875,0.05625,,,-0.0092499999999999,-0.0365833333333333,0.09375,0.325,-0.0008039231449472,0.3282923755513547,805.0,825.0,0.3518518518518518,-0.0007431260837255,-0.0009906508362008,-0.0007235954077795
2004-12-21,800.0,800.0,785.0,790.0,61000.0,790.0,793.0,792.0,806.2,828.5333333333333,794.85,False,False,False,False,False,False,False,False,False,True,False,0.0379746835443038,0.0569620253164556,,,-0.0205063291139241,-0.0487763713080168,0.1075949367088607,0.3227848101265823,-0.0008850981654329,0.3352272727272727,815.0,800.0,1.605263157894737,-0.0014884644008929,-0.0007453383171674,-8.117502048561446e-05
2004-12-22,795.0,805.0,795.0,795.0,68000.0,795.0,796.0,791.0,805.4,827.6,795.55,False,False,False,False,False,False,False,False,False,False,False,0.0251572327044025,0.0566037735849056,,,-0.0130817610062892,-0.0410062893081761,0.10062893081761,0.2893081761006289,-0.0011277589817946,0.336283185840708,815.0,800.0,1.1147540983606556,-0.0009932952570152,0.0004951691438777,-0.0002426608163617
2004-12-24,800.0,810.0,790.0,810.0,111000.0,810.0,801.0,793.0,805.0,826.8666666666667,796.325,False,False,False,False,True,False,False,False,False,False,True,0.0185185185185185,0.0802469135802469,,,0.0061728395061728,-0.0208230452674897,0.0864197530864197,0.2469135802469135,-0.0008868822059179,0.328499369482976,795.0,800.0,1.6323529411764706,-0.0004968944099378,0.0004964008470773,0.0002408767758767
2004-12-27,815.0,825.0,800.0,800.0,62000.0,800.0,799.0,794.5,803.8,826.0666666666667,796.925,False,False,False,False,False,False,False,False,False,True,False,0.025,0.06875,,,-0.0047499999999999,-0.0325833333333334,0.10625,0.15625,-0.0009684448389959,0.3096286972938955,800.0,825.0,0.5585585585585585,-0.0014929086837522,-0.0009960142738143,-8.156263307804894e-05
2004-12-28,805.0,815.0,800.0,815.0,27000.0,815.0,802.0,798.0,802.4,825.5333333333333,797.575,False,False,False,False,False,False,False,False,False,True,False,0.0368098159509202,0.0736196319018405,,,0.0154601226993865,-0.012924335378323,0.0920245398773006,0.1840490797546012,-0.0006460469999193,0.2926065162907268,805.0,840.0,0.4354838709677419,-0.0017447657028912,-0.000251857019139,0.0003223978390766
2004-12-29,815.0,820.0,800.0,820.0,48000.0,820.0,808.0,800.5,802.6,825.0,798.25,False,False,False,False,False,False,True,False,False,False,False,0.0182926829268292,0.0609756097560975,,,0.0212195121951219,-0.0060975609756097,0.1280487804878048,0.1890243902439024,-0.0006464646464646,0.2779512804497189,800.0,865.0,1.7777777777777777,0.0002491901320708,0.0019939558349621,-4.1764654526454427e-07
2004-12-30,805.0,820.0,805.0,815.0,165000.0,815.0,812.0,804.0,802.4,823.6,798.9,False,False,False,False,False,False,False,False,False,True,False,0.0306748466257668,0.0613496932515337,,,0.0154601226993865,-0.0105521472392638,0.1104294478527607,0.1717791411042944,-0.0016998542982029,0.2587064676616915,825.0,860.0,3.4375,-0.0002492522432702,-0.000498442375341,-0.0010533896517383
2005-01-04,815.0,825.0,810.0,825.0,55000.0,825.0,815.0,808.0,802.2,822.2,799.6,False,False,False,False,False,False,False,False,False,True,False,0.0606060606060606,0.0363636363636363,,,0.0276363636363635,0.0033939393939393,0.0787878787878787,0.1818181818181818,-0.0017027487229384,0.2400990099009901,835.0,905.0,0.3333333333333333,-0.0002493143854399,-6.214216970873173e-08,-2.8944247354464967e-06
2005-01-05,820.0,820.0,815.0,820.0,42000.0,820.0,819.0,809.0,802.2,821.1333333333333,800.25,False,False,False,False,False,False,False,False,False,False,False,0.0426829268292682,0.0365853658536585,,,0.0217073170731706,-0.0013821138211382,0.0670731707317073,0.1768292682926829,-0.0012990176179265,0.2237330037082818,825.0,855.0,0.7636363636363637,0.0,0.0002493143854399,0.0004037311050119
2005-01-06,830.0,855.0,830.0,845.0,158000.0,845.0,825.0,813.5,803.4,820.8666666666667,800.925,False,False,False,False,False,False,True,False,True,False,False,0.0355029585798816,0.0,,,0.0492307692307692,0.028560157790927,0.2071005917159763,0.1420118343195266,-0.0003248599041663,0.2052858020897357,820.0,885.0,3.761904761904762,0.0014936519790887,0.0014936519790887,0.0009741577137601
2005-01-07,850.0,850.0,835.0,835.0,76000.0,835.0,828.0,818.0,804.8,820.3333333333334,801.6,False,False,False,False,False,False,True,False,False,False,False,0.0419161676646706,0.0239520958083832,,,0.0361676646706587,0.0175648702594809,0.1077844311377245,0.155688622754491,-0.0006501422186102,0.1888753056234718,820.0,870.0,0.4810126582278481,0.0017395626242544,0.0002459106451656,-0.0003252823144439
2005-01-11,840.0,845.0,835.0,840.0,101000.0,840.0,833.0,822.5,806.2,820.2,802.3,False,False,False,False,False,False,True,False,False,True,False,0.0297619047619047,0.0297619047619047,,,0.0402380952380951,0.0235714285714285,0.125,0.1547619047619047,-0.0001625619767536,0.1756838905775076,820.0,860.0,1.3289473684210529,0.001736541801042,-3.020823212407376e-06,0.0004875802418566
2005-01-12,850.0,875.0,840.0,875.0,271000.0,875.0,843.0,829.0,809.0,820.8,803.175,False,False,False,False,False,False,True,True,False,False,False,-0.0228571428571428,0.0228571428571428,,,0.0754285714285714,0.0619428571428571,0.0571428571428571,0.1085714285714285,0.0007309941520466,0.1616405307599517,815.0,855.0,2.683168316831684,0.003461063040791,0.001724521239749,0.0008935561288003
2005-01-13,885.0,890.0,850.0,855.0,332000.0,855.0,850.0,834.5,811.0,821.2666666666667,804.0,False,False,False,False,False,False,True,True,False,True,False,-0.0058479532163742,0.0116959064327485,,,0.0514619883040935,0.0394541910331384,0.0818713450292397,0.1812865497076023,0.0005682279405796,0.164170161773517,805.0,870.0,1.2250922509225093,0.002466091245376,-0.0009949717954149,-0.000162766211467
2005-01-14,840.0,895.0,840.0,875.0,223000.0,875.0,856.0,840.5,814.0,821.9333333333333,804.9,False,False,False,False,False,False,True,True,False,False,False,-0.0342857142857142,0.0,,,0.0697142857142857,0.0606476190476191,0.0571428571428571,0.1657142857142857,0.0008110957904128,0.1624033313503866,815.0,845.0,0.6716867469879518,0.0036855036855036,0.0012194124401276,0.0002428678498331
2005-01-17,875.0,890.0,865.0,870.0,88000.0,870.0,863.0,845.5,816.6,822.8666666666667,805.8,False,False,False,False,False,False,True,True,False,True,False,-0.0172413793103448,0.0057471264367816,,,0.0613793103448275,0.0541762452107279,0.1206896551724138,0.1724137931034483,0.0011342461314105,0.1608515671200473,820.0,840.0,0.3946188340807174,0.0031839333823169,-0.0005015703031867,0.0003231503409977
2005-01-18,875.0,880.0,860.0,865.0,72000.0,865.0,868.0,850.5,819.0,823.7333333333333,806.525,False,False,False,False,False,False,True,True,False,True,False,0.0,0.0115606936416184,,,0.053179190751445,0.0477071290944123,0.2138728323699422,0.1560693641618497,0.0010521204273227,0.1593180482069371,815.0,815.0,0.8181818181818182,0.0029304029304029,-0.000253530451914,-8.212570408782228e-05
2005-01-19,870.0,870.0,855.0,855.0,112000.0,855.0,864.0,853.5,821.6,824.4666666666667,806.95,False,False,False,False,False,False,True,True,False,False,False,0.0467836257309941,0.0292397660818713,,,0.03906432748538,0.0357115009746588,0.2105263157894736,0.1812865497076023,0.0008894638958518,0.159343878148799,820.0,825.0,1.5555555555555556,0.0031645569620253,0.0002341540316224,-0.0001626565314708
2005-01-20,855.0,855.0,845.0,850.0,47000.0,850.0,863.0,856.5,824.2,824.8,807.425,False,False,False,False,False,False,True,True,False,True,False,0.0176470588235294,0.0411764705882352,,,0.0303529411764705,0.0296470588235294,0.2470588235294117,0.188235294117647,0.0004041383769801,0.1605370694687682,830.0,815.0,0.4196428571428571,0.0031545741324921,-9.982829533203372e-06,-0.0004853255188716
2005-01-21,840.0,850.0,835.0,845.0,85000.0,845.0,857.0,856.5,826.8,824.8666666666667,807.775,True,True,False,False,False,False,True,True,False,True,False,0.0355029585798816,0.0532544378698224,,,0.0215384615384615,0.0238264299802761,0.2781065088757396,0.1952662721893491,8.082114281102366e-05,0.1657910099241097,850.0,805.0,1.8085106382978724,0.0031446540880502,-9.92004444193631e-06,-0.0003233172341691
2005-01-24,840.0,865.0,840.0,855.0,136000.0,855.0,854.0,858.5,829.2,824.7333333333333,807.825,False,False,False,False,False,False,True,False,False,True,True,0.023391812865497,0.0818713450292397,,,0.0301754385964911,0.0353996101364522,0.2690058479532163,0.1988304093567251,-0.0001616684180745,0.1700640652300524,815.0,815.0,1.6,0.0028943560057888,-0.0002502980822613,-0.0002424895608855
2005-01-25,875.0,875.0,865.0,865.0,116000.0,865.0,854.0,861.0,832.6,824.8,807.925,False,False,False,False,False,False,True,True,False,False,False,0.0115606936416184,0.0462427745664739,,,0.0374566473988439,0.0464739884393064,0.2716763005780346,0.1618497109826589,8.08276753959821e-05,0.1707317073170731,820.0,815.0,0.8529411764705882,0.0040835935623348,0.001189237556546,0.0002424960934705
2005-01-26,875.0,910.0,875.0,895.0,417000.0,895.0,862.0,863.0,837.0,824.6666666666666,808.225,False,False,False,False,False,False,True,False,False,False,False,-0.0167597765363128,-0.0055865921787709,,,0.064804469273743,0.078584729981378,0.2122905027932961,0.1340782122905028,-0.0001616814874696,0.1732329084588644,830.0,795.0,3.5948275862068964,0.0052568697729987,0.0011732762106639,-0.0002425091628656
2005-01-27,895.0,895.0,865.0,865.0,103000.0,865.0,865.0,864.0,839.2,824.8,808.5,False,False,False,False,False,False,True,True,False,True,False,0.0231213872832369,0.0115606936416184,,,0.0298265895953756,0.0464739884393064,0.3352601156069364,0.2023121387283237,0.0001616553507921,0.1753472222222222,820.0,800.0,0.2470023980815347,0.0026215443279314,-0.0026353254450673,0.0003233368382617
2005-01-28,870.0,895.0,870.0,875.0,85000.0,875.0,871.0,864.0,842.2,824.6666666666666,808.775,False,False,False,False,False,False,True,False,False,False,False,0.0171428571428571,0.1657142857142857,,,0.0374857142857142,0.0575238095238095,0.3428571428571428,0.04,-0.0001616814874696,0.1626157407407407,815.0,805.0,0.8252427184466019,0.0035620992638328,0.0009405549359014,-0.0003233368382617
2005-01-31,880.0,880.0,870.0,875.0,28000.0,875.0,875.0,864.5,845.6,824.7333333333333,809.0,False,False,False,False,False,False,True,True,False,False,False,0.0571428571428571,0.0571428571428571,,,0.0335999999999999,0.057447619047619,0.3085714285714285,-0.0571428571428571,8.08342090373289e-05,0.139386928860613,800.0,800.0,0.3294117647058823,0.0040208136234626,0.0004587143596297,0.000242515696507
2005-02-01,890.0,890.0,875.0,875.0,19000.0,875.0,877.0,865.5,848.8,824.9333333333333,809.325,False,False,False,False,False,False,True,True,False,True,False,0.0342857142857142,0.08,,,0.0299428571428571,0.0572190476190476,0.3371428571428571,-0.0857142857142857,0.000242443833845,0.1149624494511842,805.0,825.0,0.6785714285714286,0.0037700282752119,-0.0002507853482506,0.0001616096248077
2005-02-02,865.0,880.0,860.0,880.0,167000.0,880.0,874.0,868.0,851.6,825.2666666666667,809.625,False,False,False,False,False,False,True,True,False,True,False,0.0113636363636363,0.0511363636363636,,,0.0322727272727272,0.0621969696969697,0.3068181818181818,-0.1022727272727272,0.0004039098473221,0.086405529953917,805.0,835.0,8.789473684210526,0.0032879286049789,-0.000482099670233,0.000161466013477
2005-02-03,895.0,900.0,880.0,885.0,67000.0,885.0,878.0,871.5,855.0,825.4666666666667,810.1,False,False,False,False,False,False,True,True,False,False,False,-0.0112994350282485,0.0451977401129943,,,0.0338983050847457,0.0672693032015065,0.3163841807909605,-0.1242937853107344,0.0002422871910838,0.0550774526678141,805.0,825.0,0.4011976047904191,0.0039766081871344,0.0006886795821555,-0.0001616226562382
2005-02-04,895.0,910.0,890.0,890.0,96000.0,890.0,881.0,876.0,858.0,826.0666666666667,810.625,False,False,False,False,False,False,True,True,False,True,False,0.146067415730337,0.0393258426966292,,,0.0359550561797752,0.0718352059925093,0.3033707865168539,-0.1235955056179775,0.000726333629247,0.0234018264840182,800.0,820.0,1.4328358208955223,0.0034965034965034,-0.0004801046906309,0.0004840464381631
2005-02-07,905.0,930.0,905.0,925.0,159000.0,925.0,891.0,883.0,862.2,827.2,811.275,False,False,False,False,False,False,True,True,False,False,False,0.0,0.054054054054054,,,0.0678918918918918,0.1057297297297296,0.2108108108108108,-0.1027027027027027,0.0013700838168923,-0.0067950169875424,805.0,820.0,1.65625,0.0048712595685456,0.0013747560720421,0.0006437501876452
2005-02-08,905.0,915.0,900.0,905.0,120000.0,905.0,897.0,887.0,865.8,828.4,811.625,False,False,False,False,False,False,True,True,False,True,False,0.0441988950276243,0.1602209944751381,,,0.0433149171270718,0.0846408839779005,0.2375690607734806,-0.0773480662983425,0.0014485755673586,-0.0304396843291995,805.0,820.0,0.7547169811320755,0.004158004158004,-0.0007132554105415,7.849175046636329e-05
2005-02-09,900.0,900.0,890.0,890.0,84000.0,890.0,899.0,886.5,868.4,829.2666666666667,812.0,False,False,False,False,False,False,True,True,False,True,False,0.0393258426966292,0.1629213483146067,,,0.0242696629213483,0.0682397003745318,0.2191011235955056,-0.0617977528089887,0.0010451000884315,-0.0501974055273547,790.0,815.0,0.7,0.0029940119760479,-0.0011639921819561,-0.0004034754789271
2005-02-10,890.0,895.0,875.0,875.0,192000.0,875.0,897.0,887.5,870.6,830.0666666666667,812.275,False,False,False,False,False,False,True,True,False,True,False,0.0571428571428571,0.2114285714285714,,,0.0050285714285714,0.0513523809523808,0.2285714285714285,-0.0514285714285714,0.0009637780097984,-0.0749295774647887,785.0,805.0,2.2857142857142856,0.0025269928784746,-0.0004670190975732,-8.132207863306316e-05
2005-02-14,890.0,1020.0,885.0,1020.0,635000.0,1020.0,923.0,902.0,877.6,832.9333333333333,813.3,False,False,False,False,False,False,True,True,False,False,False,-0.0931372549019607,0.0588235294117647,,,0.1396078431372548,0.1833986928104575,0.1029411764705882,-0.2009803921568627,0.0034416519929564,-0.1003325942350332,780.0,815.0,3.3072916666666665,0.0079762989972652,0.0054493061187906,0.002477873983158
2005-02-15,970.0,975.0,925.0,925.0,843000.0,925.0,923.0,907.0,881.2,834.4,813.85,False,False,False,False,False,False,True,True,False,True,False,0.054054054054054,0.1729729729729729,,,0.0473513513513513,0.0979459459459459,0.2486486486486486,-0.0918918918918919,0.0017577500798977,-0.103638368246968,795.0,820.0,1.3275590551181102,0.0040853381752156,-0.0038909608220496,-0.0016839019130587
2005-02-16,935.0,980.0,930.0,945.0,341000.0,945.0,931.0,914.0,885.4,836.1333333333333,814.5,False,False,False,False,False,False,True,True,False,False,False,0.1111111111111111,0.164021164021164,,,0.0630687830687831,0.1152028218694885,0.1904761904761904,-0.1269841269841269,0.0020730346037314,-0.1077680525164113,780.0,815.0,0.4045077105575326,0.0047436187034108,0.0006582805281951,0.0003152845238337
2005-02-17,930.0,950.0,910.0,925.0,228000.0,925.0,938.0,918.5,887.4,837.8666666666667,814.975,False,False,False,False,False,False,True,True,False,True,False,0.1189189189189189,0.1729729729729729,,,0.0406486486486486,0.0941981981981981,0.1891891891891892,-0.1081081081081081,0.0020687460216422,-0.1083287969515514,785.0,820.0,0.6686217008797654,0.0022537750732476,-0.0024898436301631,-4.28858208919615e-06
2005-02-18,925.0,935.0,920.0,925.0,142000.0,925.0,948.0,922.5,890.2,839.5333333333333,815.425,False,False,False,False,False,False,True,True,False,False,False,0.1459459459459459,0.2486486486486486,,,0.0376216216216215,0.0923963963963964,0.1567567567567567,-0.1243243243243243,0.0019852298896211,-0.1084010840108401,810.0,830.0,0.6228070175438597,0.0031453605931252,0.0008915855198775,-8.351613202111112e-05
2005-02-21,930.0,940.0,925.0,925.0,92000.0,925.0,929.0,926.0,892.2,841.1333333333333,815.975,False,False,False,False,False,False,True,True,False,True,False,0.1675675675675675,0.2702702702702703,,,0.0354594594594594,0.0906666666666666,0.1459459459459459,-0.1297297297297297,0.0019021954505825,-0.1090712742980561,800.0,850.0,0.647887323943662,0.0022416498542927,-0.0009037107388324,-8.30344390385985e-05
2005-02-22,940.0,1010.0,940.0,975.0,1259000.0,975.0,939.0,931.0,896.4,843.4666666666667,816.8,False,False,False,False,False,False,True,True,False,False,False,0.1128205128205128,0.1743589743589743,,,0.0806153846153846,0.1349059829059828,0.0358974358974358,-0.1692307692307692,0.0027663610496364,-0.1160042964554242,790.0,815.0,13.684782608695652,0.004685408299866,0.0024437584455732,0.0008641655990538
2005-02-23,970.0,1050.0,955.0,1050.0,1541000.0,1050.0,960.0,945.5,903.8,846.4666666666667,817.95,False,False,False,False,False,False,True,True,False,False,False,0.0476190476190476,0.1142857142857142,,,0.1392380952380952,0.1938412698412698,-0.019047619047619,-0.219047619047619,0.0035441442860518,-0.1311475409836065,795.0,820.0,1.2239872915011911,0.0081876521354281,0.0035022438355621,0.0007777832364153
2005-02-24,1050.0,1090.0,1030.0,1035.0,1609000.0,1035.0,982.0,960.0,911.0,849.1333333333333,819.125,False,False,False,False,False,False,True,True,False,True,False,0.0483091787439613,0.1111111111111111,,,0.1198067632850241,0.1795813204508856,0.0096618357487922,-0.1980676328502415,0.0031404569364842,-0.1447916666666666,810.0,830.0,1.0441271901362752,0.0079034028540066,-0.0002842492814215,-0.0004036873495676
2005-02-25,1045.0,1075.0,1010.0,1060.0,650000.0,1060.0,1009.0,978.5,919.4,852.2666666666667,820.675,False,False,False,False,False,False,True,True,False,False,False,0.0896226415094339,0.0990566037735849,,,0.1326415094339622,0.1959748427672956,-0.0047169811320754,-0.160377358490566,0.0036764705882352,-0.1548288196218702,800.0,820.0,0.403977625854568,0.0091363932999782,0.0012329904459715,0.000536013651751
2005-02-28,1090.0,1110.0,1070.0,1080.0,1076000.0,1080.0,1040.0,984.5,928.8,855.7333333333333,822.25,False,False,False,False,False,False,True,True,False,False,False,0.0879629629629629,0.074074074074074,,,0.14,0.2076543209876543,-0.0231481481481481,-0.1666666666666666,0.0040511062636335,-0.1513458608430675,815.0,815.0,1.6553846153846157,0.010120585701981,0.0009841924020028,0.0003746356753982
2005-03-01,1090.0,1090.0,1075.0,1085.0,513000.0,1085.0,1062.0,1000.5,938.0,859.2666666666667,824.35,False,False,False,False,False,False,True,True,False,True,False,0.0552995391705069,0.032258064516129,,,0.1354838709677419,0.2080491551459293,-0.0230414746543778,-0.1705069124423963,0.0041120335169524,-0.1589205397301349,820.0,800.0,0.4767657992565056,0.0098081023454158,-0.0003124833565651,6.092725331883868e-05
2005-03-02,1135.0,1135.0,1075.0,1100.0,774000.0,1100.0,1072.0,1016.0,947.4,863.0,826.65,False,False,False,False,False,False,True,True,False,False,False,0.0636363636363636,0.0181818181818181,,,0.1387272727272727,0.2154545454545454,-0.0318181818181818,-0.1590909090909091,0.0043259945925067,-0.1619094488188976,815.0,805.0,1.5087719298245614,0.0099218914925057,0.0001137891470899,0.0002139610755543
2005-03-03,1110.0,1110.0,1085.0,1085.0,300000.0,1085.0,1082.0,1032.0,955.0,866.6,828.5,False,False,False,False,False,False,True,True,False,True,False,0.0599078341013824,0.0,,,0.1198156682027649,0.2012903225806451,-0.0092165898617511,-0.1382488479262673,0.0041541657050542,-0.1642441860465116,825.0,805.0,0.3875968992248062,0.007958115183246,-0.0019637763092596,-0.0001718288874525
2005-03-04,1095.0,1180.0,1080.0,1155.0,1230000.0,1155.0,1101.0,1055.0,966.6,871.2666666666667,830.875,False,False,False,False,False,False,True,True,False,False,False,0.0086580086580086,-0.0692640692640692,,,0.1631168831168831,0.2456565656565656,-0.0606060606060606,-0.1991341991341991,0.0053561863952865,-0.171563981042654,820.0,805.0,4.1,0.0120008276432857,0.0040427124600396,0.0012020206902322
2005-03-07,1230.0,1260.0,1175.0,1175.0,1328000.0,1175.0,1120.0,1080.0,978.6,876.0666666666667,833.35,False,False,False,False,False,False,True,True,False,False,False,-0.0127659574468085,-0.0425531914893617,,,0.1671489361702127,0.2544113475177304,-0.0978723404255319,-0.2382978723404255,0.0054790350810441,-0.1824074074074074,845.0,800.0,1.0796747967479674,0.012262415695892,0.0002615880526063,0.0001228486857576
2005-03-08,1195.0,1215.0,1130.0,1145.0,584000.0,1145.0,1132.0,1097.0,989.4,880.4,836.025,False,False,False,False,False,False,True,True,False,True,False,-0.0218340611353711,0.0087336244541484,,,0.1358951965065502,0.2310917030567685,-0.0873362445414847,-0.222707423580786,0.0049220051491745,-0.1877848678213309,835.0,805.0,0.4397590361445783,0.010915706488781,-0.001346709207111,-0.0005570299318696
2005-03-09,1160.0,1200.0,1150.0,1170.0,306000.0,1170.0,1146.0,1109.0,1001.2,885.1333333333333,838.75,False,False,False,False,False,False,True,True,False,False,False,-0.0427350427350427,-0.0384615384615384,,,0.1442735042735042,0.2434757834757834,-0.1239316239316239,-0.2435897435897435,0.0053475935828877,-0.190712353471596,840.0,805.0,0.523972602739726,0.0117858569716341,0.000870150482853,0.0004255884337131
2005-03-10,1170.0,1170.0,1130.0,1150.0,395000.0,1150.0,1159.0,1120.5,1012.0,889.5333333333333,841.175,False,False,False,False,False,False,True,True,False,True,False,-0.0565217391304347,-0.0434782608695652,,,0.12,0.2264927536231884,-0.1217391304347826,-0.2304347826086956,0.0049464138499587,-0.1941097724230254,875.0,790.0,1.2908496732026145,0.0106719367588932,-0.0011139202127408,-0.0004011797329289
2005-03-11,1175.0,1180.0,1140.0,1165.0,371000.0,1165.0,1161.0,1131.0,1023.2,894.0,843.675,False,False,False,False,False,False,True,True,False,False,False,-0.0772532188841201,-0.0815450643776824,,,0.1217167381974248,0.2326180257510729,-0.2060085836909871,-0.2575107296137339,0.0049962714392244,-0.2038019451812555,855.0,785.0,0.939240506329114,0.0109460516028147,0.0002741148439215,4.985758926573901e-05
2005-03-14,1155.0,1170.0,1130.0,1160.0,326000.0,1160.0,1158.0,1139.0,1034.0,898.1333333333333,845.975,False,False,False,False,False,False,True,True,False,True,False,-0.0301724137931034,-0.0862068965517241,,,0.1086206896551724,0.2257471264367816,-0.168103448275862,-0.2543103448275862,0.0046021377672208,-0.2124670763827919,875.0,780.0,0.8787061994609164,0.0104448742746614,-0.0005011773281532,-0.0003941336720035
2005-03-15,1160.0,1160.0,1105.0,1120.0,399000.0,1120.0,1153.0,1142.5,1041.8,902.2,847.975,False,False,False,False,False,False,True,True,False,True,False,0.03125,-0.0982142857142857,,,0.0698214285714286,0.1944642857142856,-0.1294642857142857,-0.2276785714285714,0.0045075001847336,-0.2179431072210065,870.0,795.0,1.2239263803680982,0.0074870416586676,-0.0029578326159938,-9.46375824872215e-05
2005-03-16,1095.0,1125.0,1050.0,1120.0,285000.0,1120.0,1143.0,1144.5,1050.4,906.2,850.0,False,False,False,False,False,False,True,True,False,False,False,0.0044642857142857,-0.0803571428571428,,,0.062142857142857,0.1908928571428571,-0.1473214285714285,-0.2098214285714285,0.004414036636504,-0.2228047182175622,865.0,780.0,0.7142857142857143,0.0081873571972583,0.0007003155385906,-9.346354822959042e-05
2005-03-17,1125.0,1135.0,1085.0,1085.0,164000.0,1085.0,1130.0,1144.5,1058.2,909.6,851.875,False,False,False,False,False,False,True,True,False,True,False,0.0138248847926267,-0.0368663594470046,,,0.024700460829493,0.1616589861751151,-0.1013824884792626,-0.1935483870967742,0.0037379067722075,-0.2280471821756225,855.0,785.0,0.5754385964912281,0.0073710073710073,-0.0008163498262509,-0.0006761298642965
2005-03-18,1085.0,1100.0,1075.0,1075.0,218000.0,1075.0,1112.0,1136.5,1066.2,913.0,853.8,False,False,False,False,False,False,True,True,False,False,False,-0.0046511627906976,-0.0186046511627906,,,0.0081860465116278,0.1506976744186046,-0.1023255813953488,-0.1395348837209302,0.0037239868565169,-0.2226132864056313,850.0,810.0,1.329268292682927,0.0075032826861752,0.0001322753151678,-1.3919915690586548e-05
2005-03-22,1065.0,1130.0,1065.0,1125.0,289000.0,1125.0,1105.0,1131.5,1070.4,917.1333333333332,855.95,False,False,False,False,False,False,True,True,False,True,False,-0.0577777777777777,-0.0622222222222222,,,0.0485333333333332,0.1847703703703704,-0.1422222222222222,-0.12,0.0045067965399431,-0.2107821475916924,845.0,800.0,1.3256880733944951,0.0039237668161435,-0.0035795158700316,0.0007828096834262
2005-03-23,1165.0,1170.0,1135.0,1155.0,509000.0,1155.0,1112.0,1132.5,1079.6,921.8666666666668,858.25,False,False,False,False,False,False,True,True,False,False,False,-0.1255411255411255,-0.0822510822510822,,,0.0652813852813853,0.2018470418470417,-0.1645021645021645,-0.1601731601731601,0.0051345096904833,-0.2044150110375276,855.0,790.0,1.7612456747404843,0.008521674694331,0.0045979078781875,0.0006277131505401
2005-03-24,1150.0,1155.0,1125.0,1125.0,242000.0,1125.0,1113.0,1128.0,1086.8,926.1333333333332,860.425,False,False,False,False,False,False,True,True,False,True,False,-0.0844444444444444,-0.0533333333333333,,,0.0339555555555555,0.1767703703703704,-0.1377777777777777,-0.1644444444444444,0.0046069680391589,-0.1963652482269503,865.0,795.0,0.4754420432220039,0.006624953993375,-0.0018967207009559,-0.0005275416513243
2005-03-25,1105.0,1120.0,1090.0,1100.0,261000.0,1100.0,1116.0,1123.0,1093.8,930.0666666666668,862.5,False,False,False,False,False,False,True,True,False,True,False,-0.05,-0.0227272727272727,,,0.0056363636363636,0.1544848484848483,-0.1181818181818181,-0.1318181818181818,0.0042290875206081,-0.186553873552983,895.0,810.0,1.078512396694215,0.0063997074419455,-0.0002252465514295,-0.0003778805185508
2005-03-28,1065.0,1100.0,1065.0,1070.0,156000.0,1070.0,1115.0,1113.5,1099.6,933.6,864.475,False,False,False,False,False,False,True,True,False,True,False,-0.014018691588785,0.014018691588785,,,-0.027663551401869,0.1274766355140186,-0.0560747663551401,-0.1121495327102803,0.0037846329620107,-0.1719802424786708,865.0,800.0,0.5977011494252874,0.0052746453255728,-0.0011250621163726,-0.0004444545585974
2005-03-29,1060.0,1075.0,1030.0,1060.0,341000.0,1060.0,1102.0,1103.5,1105.0,937.0666666666668,866.525,False,False,False,False,False,False,True,True,False,True,False,-0.0047169811320754,0.0,,,-0.0424528301886792,0.1159748427672954,-0.0377358490566037,-0.1084905660377358,0.0036994877632329,-0.1572270049841413,875.0,815.0,2.185897435897436,0.0048868778280543,-0.0003877674975185,-8.514519877776379e-05
2005-03-30,1060.0,1060.0,985.0,1010.0,432000.0,1010.0,1073.0,1092.5,1106.4,939.8,868.225,False,False,False,False,False,False,True,True,False,True,False,0.0495049504950495,0.0346534653465346,,,-0.0954455445544555,0.0695049504950495,0.0099009900990099,-0.0594059405940594,0.0029084202312546,-0.1409610983981693,875.0,820.0,1.2668621700879763,0.0012653651482285,-0.0036215126798258,-0.0007910675319782
2005-03-31,1015.0,1040.0,1015.0,1030.0,150000.0,1030.0,1054.0,1083.5,1105.6,942.8,869.95,False,False,False,False,False,False,False,True,False,True,False,0.0339805825242718,-0.0048543689320388,,,-0.0733980582524271,0.0846601941747573,-0.029126213592233,-0.0533980582524271,0.0031820110309715,-0.1255191508998615,875.0,815.0,0.3472222222222222,-0.0007235890014473,-0.0019889541496759,0.0002735907997169
2005-04-01,1035.0,1050.0,1025.0,1045.0,109000.0,1045.0,1043.0,1079.5,1106.0,946.2,871.7,False,False,False,False,False,False,True,True,False,False,False,0.0287081339712918,-0.0334928229665071,,,-0.0583732057416267,0.0945454545454545,-0.0334928229665071,-0.0574162679425837,0.0035933206510252,-0.112088930060213,880.0,825.0,0.7266666666666667,0.0003616636528029,0.0010852526542503,0.0004113096200536
2005-04-04,1060.0,1075.0,1055.0,1055.0,79000.0,1055.0,1040.0,1077.5,1105.8,949.8,873.5,False,False,False,False,False,False,False,True,False,True,False,0.0284360189573459,-0.1232227488151658,,,-0.0481516587677724,0.0997156398104265,-0.0426540284360189,0.1232227488151658,0.0037902716361338,-0.0863109048723898,885.0,820.0,0.7247706422018348,-0.0001808645324652,-0.0005425281852682,0.0001969509851085
2005-04-05,1055.0,1065.0,1040.0,1055.0,97000.0,1055.0,1039.0,1070.5,1104.8,953.4666666666668,875.225,False,False,False,False,False,False,False,True,False,True,False,0.0047393364928909,-0.0853080568720379,,,-0.0472037914691942,0.0962401263823063,-0.0426540284360189,0.1042654028436018,0.0038456159977627,-0.0639887902849136,890.0,845.0,1.2278481012658229,-0.0009051412020275,-0.0007242766695622,5.534436162892139e-05
2005-04-06,1050.0,1060.0,1045.0,1060.0,117000.0,1060.0,1049.0,1061.0,1103.8,957.0,876.85,False,False,False,False,False,False,False,True,False,True,False,-0.0141509433962264,-0.080188679245283,,,-0.041320754716981,0.0971698113207547,-0.0330188679245283,-0.0141509433962264,0.0036920933472656,-0.0485391140433553,925.0,835.0,1.2061855670103092,-0.0009059612248595,-8.200228320597112e-07,-0.0001535226504971
2005-04-07,1050.0,1065.0,1050.0,1065.0,67000.0,1065.0,1056.0,1055.0,1102.4,960.8,878.525,False,False,False,False,False,False,False,True,False,True,False,-0.0375586854460093,-0.1032863849765258,,,-0.0351173708920188,0.0978403755868545,-0.056338028169014,-0.0328638497652582,0.0039550374687759,-0.0345971563981042,905.0,840.0,0.5726495726495726,-0.0012699564586355,-0.000363995233776,0.0002629441215103
2005-04-08,1070.0,1075.0,1060.0,1075.0,101000.0,1075.0,1062.0,1052.5,1102.0,964.6666666666666,880.25,False,False,False,False,False,False,False,True,False,False,False,-0.0604651162790697,-0.0930232558139534,,,-0.0251162790697674,0.1026356589147287,-0.055813953488372,-0.0325581395348837,0.0040082930200414,-0.0242280285035629,890.0,875.0,1.507462686567164,-0.0003629764065336,0.0009069800521019,5.325555126550058e-05
2005-04-11,1080.0,1085.0,1075.0,1085.0,108000.0,1085.0,1068.0,1054.0,1099.2,968.3333333333334,882.0,False,False,False,False,False,False,False,True,False,True,False,-0.1474654377880184,-0.1105990783410138,,,-0.0130875576036866,0.10752688172043,-0.0414746543778801,0.032258064516129,0.0037865748709122,-0.0094876660341555,875.0,855.0,1.0693069306930694,-0.0025473071324599,-0.0021843307259262,-0.0002217181491291
2005-04-12,1100.0,1100.0,1060.0,1060.0,193000.0,1060.0,1069.0,1054.0,1094.6,971.8,883.7,False,False,False,False,False,False,False,True,False,True,False,-0.0896226415094339,-0.0896226415094339,,,-0.0326415094339621,0.0832075471698113,-0.1415094339622641,0.0518867924528301,0.0035672634972901,0.0066413662239089,1020.0,875.0,1.787037037037037,-0.004202448382971,-0.0016551412505111,-0.0002193113736221
2005-04-13,1065.0,1065.0,1045.0,1045.0,75000.0,1045.0,1066.0,1057.5,1090.6,975.2,885.275,False,False,False,False,False,False,False,True,False,False,True,-0.0669856459330143,-0.0765550239234449,,,-0.0436363636363635,0.0667942583732057,-0.2105263157894736,0.0047846889952153,0.0034864643150123,0.0127659574468085,925.0,870.0,0.38860103626943,-0.0036677058499908,0.0005347425329802,-8.079918227776785e-05
2005-04-14,1010.0,1025.0,990.0,1025.0,138000.0,1025.0,1058.0,1057.0,1084.8,978.2666666666668,886.825,False,False,False,False,False,False,False,True,False,True,False,-0.0682926829268292,-0.0536585365853658,,,-0.0583414634146341,0.0455934959349592,-0.2195121951219512,-0.0097560975609756,0.0031347962382445,0.0170293282876064,945.0,865.0,1.84,-0.0053466076696164,-0.0016789018196256,-0.0003516680767678
2005-04-15,990.0,1015.0,990.0,1010.0,101000.0,1010.0,1045.0,1053.5,1079.2,980.9333333333332,888.3,False,False,False,False,False,False,False,True,False,False,False,-0.0346534653465346,-0.0396039603960396,,,-0.0685148514851485,0.0287788778877889,-0.2178217821782178,-0.0099009900990099,0.0027184993883373,0.0218319886093972,925.0,855.0,0.7318840579710145,-0.0051890289103038,0.0001575787593126,-0.0004162968499072
2005-04-18,975.0,975.0,915.0,925.0,162000.0,925.0,1013.0,1040.5,1069.6,982.6,889.375,False,False,False,False,False,False,False,True,False,True,False,0.0432432432432432,0.0918918918918919,,,-0.1563243243243242,-0.0622702702702702,-0.1621621621621621,0.081081081081081,0.0016961802021848,0.0168188370975492,925.0,850.0,1.603960396039604,-0.0089753178758415,-0.0037862889655377,-0.0010223191861524
2005-04-19,930.0,990.0,930.0,965.0,80000.0,965.0,994.0,1031.5,1061.8,984.6,890.625,False,False,False,False,False,False,False,True,False,False,False,0.0,0.0569948186528497,,,-0.1003108808290155,-0.0203108808290155,-0.1917098445595854,0.0518134715025906,0.0020312817387771,0.0111488124091129,925.0,845.0,0.4938271604938271,-0.0073460161989074,0.001629301676934,0.0003351015365922
2005-04-20,980.0,990.0,975.0,975.0,55000.0,975.0,980.0,1023.0,1056.0,986.6666666666666,891.9,False,False,False,False,False,False,False,True,False,False,False,-0.0102564102564102,0.0461538461538461,,,-0.083076923076923,-0.0119658119658119,-0.1487179487179487,0.0564102564102564,0.0020945945945945,0.0180840664711632,975.0,855.0,0.6875,-0.0054924242424242,0.0018535919564832,6.331285581736516e-05
2005-04-21,925.0,955.0,925.0,955.0,92000.0,955.0,966.0,1012.0,1049.4,988.5333333333332,892.825,False,False,False,False,False,False,False,True,False,True,False,0.0157068062827225,0.0471204188481675,,,-0.0988481675392671,-0.035113438045375,-0.1256544502617801,0.2041884816753926,0.0018883193957376,0.0410079051383399,1050.0,865.0,1.6727272727272726,-0.0062893081761005,-0.0007968839336763,-0.0002062751988568
2005-04-22,975.0,990.0,975.0,975.0,54000.0,975.0,959.0,1002.0,1045.0,990.5333333333332,893.675,False,False,False,False,False,False,False,True,False,False,False,-0.0051282051282051,0.0358974358974358,,,-0.0717948717948717,-0.0159316239316237,-0.1435897435897435,0.1641025641025641,0.0020191142818683,0.060878243512974,1035.0,895.0,0.5869565217391305,-0.0042105263157895,0.0020787818603109,0.0001307948861306
2005-04-25,965.0,975.0,945.0,965.0,64000.0,965.0,967.0,990.0,1040.6,992.4666666666668,894.55,False,False,False,False,False,False,False,True,False,True,False,0.0466321243523316,0.0466321243523316,,,-0.078341968911917,-0.0284628670120899,-0.1398963730569948,0.160621761658031,0.0019480083294152,0.0737373737373737,1060.0,865.0,1.1851851851851851,-0.0042283298097252,-1.780349393568602e-05,-7.11059524531384e-05
2005-04-26,965.0,970.0,965.0,965.0,40000.0,965.0,967.0,980.5,1034.2,994.0666666666668,895.5,False,False,False,False,False,False,False,True,False,True,False,0.0569948186528497,0.0466321243523316,,,-0.0717098445595855,-0.0301208981001728,-0.155440414507772,0.160621761658031,0.0016095499966467,0.0846506884242733,1080.0,875.0,0.625,-0.0061883581512278,-0.0019600283415026,-0.0003384583327684
2005-04-27,970.0,970.0,950.0,965.0,58000.0,965.0,965.0,972.5,1026.6,995.8,896.5,False,False,False,False,False,False,False,True,False,True,False,0.0569948186528497,0.0621761658031088,,,-0.0638341968911916,-0.0319170984455958,-0.1295336787564766,0.1917098445595854,0.0017406440382939,0.1038560411311054,1085.0,875.0,1.45,-0.0074030781219561,-0.0012147199707282,0.0001310940416471
2005-04-28,965.0,970.0,950.0,970.0,29000.0,970.0,968.0,967.0,1020.4,997.5333333333332,897.475,False,False,False,False,False,False,False,True,False,False,False,0.0309278350515463,0.0360824742268041,,,-0.0519587628865979,-0.0283848797250857,-0.1494845360824742,0.1958762886597938,0.0017376194613378,0.125129265770424,1100.0,875.0,0.5,-0.0060760486083888,0.0013270295135673,-3.024576956087415e-06
2005-05-02,960.0,970.0,950.0,970.0,43000.0,970.0,967.0,963.0,1015.2,998.8,898.5,False,False,False,False,False,False,False,True,False,False,False,0.0412371134020618,0.0463917525773195,,,-0.0465979381443299,-0.0296907216494844,-0.1494845360824742,0.1649484536082474,0.0012681884928581,0.1433021806853582,1085.0,880.0,1.4827586206896552,-0.0051221434200156,0.0009539051883731,-0.0004694309684796
2005-05-06,980.0,1010.0,980.0,1010.0,70000.0,1010.0,976.0,971.5,1012.8,1000.8666666666668,899.6,False,False,False,False,False,False,False,True,False,False,True,0.0,0.0297029702970297,,,-0.0027722772277227,0.0090429042904289,-0.198019801980198,0.1386138613861386,0.0020648771065078,0.1487390633041688,1155.0,885.0,1.627906976744186,-0.0023696682464455,0.0027524751735701,0.0007966886136496
2005-05-09,1010.0,1025.0,1000.0,1020.0,67000.0,1020.0,987.0,977.0,1011.2,1002.8,899.5,False,False,False,False,True,False,False,True,False,False,False,-0.0098039215686274,-0.1078431372549019,,,0.0086274509803921,0.0168627450980392,-0.2107843137254902,0.088235294117647,0.0019279351150111,0.1519959058341863,1175.0,890.0,0.9571428571428572,-0.0015822784810125,0.000787389765433,-0.0001369419914967
2005-05-10,1020.0,1040.0,1015.0,1020.0,98000.0,1020.0,998.0,981.5,1011.6,1004.8,900.0,False,False,False,False,False,False,True,True,False,False,False,0.0049019607843137,-0.1911764705882352,,,0.008235294117647,0.0149019607843137,-0.2058823529411764,0.0931372549019607,0.0019904458598726,0.1553744268976057,1145.0,925.0,1.462686567164179,0.000395413206801,0.0019776916878136,6.251074486147588e-05
2005-05-11,1015.0,1015.0,1000.0,1000.0,46000.0,1000.0,1004.0,986.0,1010.4,1006.6,899.575,False,False,False,False,False,False,False,True,False,True,False,0.005,-0.2,,,-0.0103999999999999,-0.0066,-0.18,0.145,0.0017881978939003,0.1495943204868154,1170.0,905.0,0.4693877551020408,-0.001187648456057,-0.0015830616628581,-0.0002022479659722
2005-05-12,1015.0,1030.0,1010.0,1010.0,66000.0,1010.0,1012.0,989.5,1009.0,1008.6666666666666,899.825,False,False,False,False,False,False,False,True,False,True,False,0.0049504950495049,-0.2178217821782178,,,0.0009900990099009,0.0013201320132013,-0.1782178217821782,0.1188118811881188,0.0020489094514209,0.1450227387569479,1150.0,890.0,1.434782608695652,-0.0013875123885034,-0.0001998639324463,0.0002607115575206
2005-05-13,1005.0,1010.0,1000.0,1010.0,46000.0,1010.0,1012.0,994.0,1007.2,1010.8,900.1,False,False,True,False,False,False,False,True,False,True,False,0.0297029702970297,-0.2326732673267326,,,0.0027722772277227,-0.0007920792079207,-0.1188118811881188,0.1039603960396039,0.0021105395066613,0.1393360160965794,1165.0,875.0,0.696969696969697,-0.0017871326449562,-0.0003996202564528,6.16300552404251e-05
2005-05-16,1010.0,1030.0,1005.0,1010.0,79000.0,1010.0,1010.0,998.5,1005.4,1013.0,900.25,False,False,False,False,False,False,False,True,False,True,False,-0.099009900990099,-0.2277227722772277,,,0.0045544554455445,-0.0029702970297029,-0.1089108910891089,0.099009900990099,0.0021717670286278,0.1331997996995493,1160.0,1020.0,1.7173913043478262,-0.0017903322060871,-3.1995611309281347e-06,6.122752196650004e-05
2005-05-17,1010.0,1050.0,975.0,1025.0,194000.0,1025.0,1011.0,1004.5,1004.0,1015.2666666666668,900.6,False,False,False,False,False,False,False,True,False,False,False,-0.1951219512195122,-0.1902439024390244,,,0.0204878048780487,0.0094959349593494,-0.1219512195121951,0.1121951219512195,0.0022325825727231,0.1254355400696864,1120.0,925.0,2.4556962025316458,-0.0013944223107569,0.0003959098953302,6.081554409530796e-05
2005-05-18,1000.0,1025.0,980.0,1005.0,92000.0,1005.0,1012.0,1008.0,1001.6,1017.1333333333332,900.975,False,False,False,False,False,False,False,True,False,True,False,-0.2039800995024875,-0.1691542288557214,,,0.0033830845771144,-0.0120729684908788,-0.0796019900497512,0.1343283582089552,0.0018352231762467,0.1195436507936508,1120.0,945.0,0.4742268041237113,-0.0023961661341852,-0.0010017438234283,-0.0003973593964764
2005-05-19,1025.0,1035.0,995.0,1015.0,86000.0,1015.0,1013.0,1012.5,999.2,1018.7333333333332,901.525,False,False,False,False,False,False,False,True,False,True,False,-0.2216748768472906,-0.1773399014778325,,,0.0155665024630541,-0.0036781609195401,-0.0788177339901477,0.1231527093596059,0.0015705778417643,0.1155555555555555,1085.0,925.0,0.9347826086956522,-0.0024019215372297,-5.755403044480252e-06,-0.0002646453344824
2005-05-20,1040.0,1065.0,990.0,1040.0,466000.0,1040.0,1019.0,1015.5,997.4,1021.0666666666668,901.975,False,False,False,False,False,False,False,True,False,False,False,-0.2548076923076923,-0.2019230769230769,,,0.0409615384615384,0.018205128205128,-0.110576923076923,0.0865384615384615,0.0022851919561245,0.1102904972919743,1075.0,925.0,5.418604651162791,-0.0018046921997193,0.0005972293375104,0.0007146141143602
2005-05-23,940.0,960.0,905.0,910.0,761000.0,910.0,999.0,1004.5,991.4,1021.5333333333332,902.025,False,False,False,False,False,True,False,True,False,True,False,-0.1428571428571428,-0.1043956043956044,,,-0.0894505494505494,-0.1225641025641024,-0.0164835164835164,0.2142857142857142,0.0004568296025579,0.1219512195121951,1125.0,925.0,1.6330472103004292,-0.0060520476094411,-0.0042473554097218,-0.0018283623535666
2005-05-24,905.0,905.0,800.0,825.0,932000.0,825.0,959.0,985.0,982.6,1020.8666666666668,902.05,False,False,False,False,False,False,False,False,False,True,False,0.006060606060606,0.0181818181818181,,,-0.191030303030303,-0.2374141414141415,0.0787878787878787,0.4,-0.0006530399007376,0.1482233502538071,1155.0,975.0,1.2247043363994743,-0.008955831467535,-0.0029037838580938,-0.0011098695032956
2005-05-25,830.0,835.0,785.0,800.0,356000.0,800.0,918.0,965.0,973.6,1019.8666666666668,901.775,False,False,False,False,False,False,False,False,False,True,False,0.04375,0.03125,,,-0.217,-0.2748333333333335,0.10625,0.4375,-0.0009805203294548,0.1725388601036269,1125.0,1050.0,0.3819742489270386,-0.0092440427280197,-0.0002882112604846,-0.0003274804287171
2005-05-26,790.0,805.0,780.0,790.0,215000.0,790.0,873.0,943.0,964.8,1018.6666666666666,901.625,False,False,False,False,False,False,False,False,False,False,False,0.0569620253164556,0.0443037974683544,,,-0.22126582278481,-0.2894514767932489,0.120253164556962,0.4556962025316455,-0.0011780104712043,0.2020148462354188,1100.0,1035.0,0.6039325842696629,-0.0091210613598674,0.0001229813681523,-0.0001974901417495
2005-05-27,795.0,825.0,775.0,775.0,311000.0,775.0,820.0,919.5,958.8,1017.2,901.35,False,False,False,False,False,False,False,False,False,False,False,0.0709677419354838,0.0451612903225806,,,-0.2371612903225806,-0.3125161290322581,0.1161290322580645,0.5161290322580645,-0.0014418665618035,0.2392604676454595,1070.0,1060.0,1.4465116279069767,-0.0062578222778473,0.00286323908202,-0.0002638560905992
2005-05-30,760.0,780.0,760.0,780.0,333000.0,780.0,794.0,896.5,951.4,1015.7333333333332,901.05,False,False,False,False,False,False,False,False,False,True,False,0.0448717948717948,0.032051282051282,,,-0.2197435897435897,-0.3022222222222221,0.1089743589743589,0.5128205128205128,-0.0014439485429247,0.2788622420524261,1060.0,1080.0,1.0707395498392285,-0.0077780113516922,-0.0015201890738449,-2.081981121232132e-06
2005-05-31,785.0,840.0,785.0,830.0,240000.0,830.0,795.0,877.0,945.6,1014.4666666666668,901.0,False,False,False,False,False,False,False,False,False,False,False,0.0120481927710843,-0.0240963855421686,,,-0.1392771084337349,-0.2222489959839359,0.0421686746987951,0.3975903614457831,-0.0012486035355192,0.3095781071835803,1010.0,1085.0,0.7207207207207207,-0.0061336717428087,0.0016443396088834,0.0001953450074055
2005-06-01,815.0,835.0,780.0,835.0,134000.0,835.0,802.0,860.0,940.8,1013.5333333333332,901.1,False,False,False,False,False,False,False,False,False,False,False,-0.0119760479041916,-0.0179640718562874,,,-0.1267065868263472,-0.2138123752495008,0.059880239520958,0.3892215568862275,-0.0009208708807475,0.3377906976744186,1030.0,1100.0,0.5583333333333333,-0.0051020408163266,0.0010316309264821,0.0003277326547717
2005-06-02,850.0,850.0,825.0,835.0,63000.0,835.0,811.0,842.0,935.2,1012.8,901.175,False,False,False,False,False,False,False,False,False,True,False,-0.0119760479041916,-0.0059880239520958,,,-0.12,-0.2129341317365269,0.0479041916167664,0.4131736526946107,-0.0007240652975249,0.3711401425178147,1045.0,1085.0,0.4701492537313433,-0.0059880239520957,-0.0008859831357691,0.0001968055832225
2005-06-03,840.0,860.0,815.0,830.0,190000.0,830.0,822.0,821.0,929.8,1012.2,901.325,False,False,False,False,False,False,False,False,False,False,False,-0.0240963855421686,0.072289156626506,,,-0.1202409638554216,-0.2195180722891566,0.1144578313253012,0.4518072289156626,-0.0005927682276229,0.415347137637028,1055.0,1155.0,3.015873015873016,-0.0058077005807701,0.0001803233713255,0.000131297069902
2005-06-06,815.0,830.0,810.0,815.0,101000.0,815.0,829.0,811.5,923.8,1009.4666666666668,901.4,False,False,False,False,False,False,False,False,False,True,False,-0.0122699386503067,0.1042944785276073,,,-0.1334969325153373,-0.2386094069529654,0.2147239263803681,0.4355828220858895,-0.0027077004358736,0.4399260628465804,1055.0,1175.0,0.531578947368421,-0.0064949123186836,-0.0006872117379135,-0.0021149322082507
2005-06-07,820.0,840.0,815.0,840.0,59000.0,840.0,831.0,813.0,918.8,1008.3333333333334,901.4,False,False,False,False,False,False,False,False,False,False,False,-0.0357142857142857,0.0714285714285714,,,-0.0938095238095237,-0.2003968253968254,0.1547619047619047,0.3869047619047619,-0.0011239669421488,0.4384993849938499,1060.0,1145.0,0.5841584158415841,-0.0054418807139747,0.0010530316047089,0.0015837334937247
2005-06-08,840.0,840.0,825.0,825.0,45000.0,825.0,829.0,815.5,913.0,1006.7333333333332,901.325,False,False,False,False,False,False,False,False,False,True,False,-0.006060606060606,0.1212121212121212,,,-0.1066666666666666,-0.2202828282828281,0.1393939393939394,0.3939393939393939,-0.001589298721939,0.43408951563458,1065.0,1170.0,0.7627118644067796,-0.0063526834611171,-0.0009108027471423,-0.0004653317797902
2005-06-09,825.0,830.0,815.0,825.0,48000.0,825.0,827.0,819.0,907.2,1005.4,901.25,False,False,False,False,False,False,False,False,False,True,False,0.006060606060606,0.1333333333333333,,,-0.0996363636363636,-0.2186666666666666,0.1575757575757575,0.3696969696969697,-0.0013261720045089,0.4255189255189255,1075.0,1150.0,1.0666666666666669,-0.0063932980599646,-4.0614598847529305e-05,0.0002631267174301
2005-06-10,825.0,825.0,800.0,810.0,115000.0,810.0,823.0,822.5,899.2,1003.8666666666668,901.15,False,False,False,False,False,False,False,False,False,True,False,0.0987654320987654,0.1419753086419753,,,-0.1101234567901235,-0.2393415637860083,0.1728395061728395,0.3765432098765432,-0.0015274272811792,0.4121580547112462,1085.0,1165.0,2.395833333333333,-0.0088967971530249,-0.0025034990930602,-0.0002012552766703
2005-06-13,810.0,820.0,800.0,805.0,70000.0,805.0,821.0,825.0,890.6,1002.2666666666668,901.075,False,False,False,False,False,False,False,False,False,True,False,0.1180124223602484,0.1118012422360248,,,-0.1063354037267081,-0.2450517598343686,0.1739130434782608,0.3788819875776397,-0.0015963815351869,0.3993939393939394,1060.0,1160.0,0.6086956521739131,-0.0096564114080395,-0.0007596142550146,-6.89542540076363e-05
2005-06-14,805.0,810.0,800.0,810.0,36000.0,810.0,815.0,823.0,882.2,1000.0666666666668,901.1,False,False,False,False,False,False,False,False,False,False,False,0.1111111111111111,0.0987654320987654,,,-0.0891358024691358,-0.234650205761317,0.1728395061728395,0.3703703703703703,-0.0021998533431103,0.3967193195625759,1045.0,1120.0,0.5142857142857142,-0.009521650419406,0.0001347609886335,-0.0006034718079234
2005-06-15,810.0,820.0,805.0,820.0,53000.0,820.0,814.0,821.5,875.0,997.0,901.3,False,False,False,False,False,False,False,False,False,False,False,0.1280487804878048,0.0792682926829268,,,-0.0670731707317073,-0.2158536585365853,0.1890243902439024,0.3414634146341463,-0.0030758943497159,0.3919659160073037,1025.0,1120.0,1.4722222222222223,-0.0082285714285714,0.0012930789908345,-0.0008760410066055
2005-06-16,840.0,840.0,830.0,830.0,90000.0,830.0,815.0,821.0,867.8,994.2666666666668,901.475,False,False,False,False,False,False,False,False,False,True,False,0.1265060240963855,0.0662650602409638,,,-0.0455421686746987,-0.1979116465863455,0.1867469879518072,0.3072289156626506,-0.0027490948102453,0.3812423873325213,1010.0,1085.0,1.69811320754717,-0.0082968425904586,-6.827116188720325e-05,0.0003267995394706
2005-06-17,840.0,925.0,840.0,890.0,470000.0,890.0,831.0,827.0,863.0,992.0,901.85,False,False,False,False,True,False,False,False,False,False,True,0.0393258426966292,-0.0280898876404494,,,0.0303370786516853,-0.1146067415730337,0.3314606741573033,0.2303370786516854,-0.0022849462365592,0.3579201934703748,925.0,1075.0,5.222222222222222,-0.0055619930475086,0.00273484954295,0.000464148573686
2005-06-20,905.0,910.0,895.0,900.0,282000.0,900.0,850.0,835.5,858.6,989.6,902.175,False,False,False,False,False,False,False,False,False,False,False,-0.0055555555555555,-0.0388888888888888,,,0.0459999999999999,-0.0995555555555555,0.2944444444444444,0.2,-0.0024252223120452,0.3333333333333333,965.0,1125.0,0.6,-0.0051246214768227,0.0004373715706859,-0.000140276075486
2005-06-21,900.0,915.0,875.0,900.0,144000.0,900.0,868.0,841.5,853.6,987.1333333333332,902.65,False,False,False,False,False,False,False,False,False,True,False,-0.0111111111111111,-0.0388888888888888,,,0.0515555555555555,-0.0968148148148146,0.1611111111111111,0.2222222222222222,-0.0024988181265619,0.3161021984551396,975.0,1155.0,0.5106382978723404,-0.0058575445173383,-0.0007329230405156,-7.359581451665993e-05
2005-06-22,910.0,935.0,895.0,925.0,196000.0,925.0,889.0,851.5,850.4,984.8,903.2,False,False,False,False,False,False,False,False,False,False,False,-0.0432432432432432,-0.0432432432432432,,,0.0806486486486486,-0.0646486486486486,0.1135135135135135,0.1783783783783784,-0.0023693474140264,0.2935995302407516,955.0,1125.0,1.3611111111111112,-0.0037629350893697,0.0020946094279685,0.0001294707125354
2005-06-23,915.0,950.0,915.0,935.0,227000.0,935.0,910.0,862.5,847.2,982.8,903.8,False,False,False,False,False,False,False,False,False,True,False,-0.053475935828877,-0.0641711229946524,,,0.0939037433155079,-0.0511229946524063,0.1122994652406417,0.1711229946524064,-0.002035002035002,0.2730434782608695,975.0,1100.0,1.1581632653061225,-0.0037771482530688,-1.4213163699090208e-05,0.0003343453790244
2005-06-24,935.0,935.0,895.0,925.0,77000.0,925.0,917.0,874.0,842.6,979.7333333333332,904.35,False,False,False,False,False,False,False,False,False,True,False,-0.0648648648648648,0.0,,,0.089081081081081,-0.059171171171171,0.2108108108108108,0.2486486486486486,-0.0031301034295046,0.2608695652173913,965.0,1070.0,0.3392070484581498,-0.005459292665559,-0.0016821444124901,-0.0010951013945026
2005-06-27,900.0,905.0,875.0,895.0,73000.0,895.0,916.0,883.0,842.0,976.0,904.575,False,False,False,False,False,False,False,False,False,False,False,-0.0335195530726257,0.106145251396648,,,0.059217877094972,-0.0905027932960893,0.2458100558659217,0.2513966480446927,-0.0038251366120217,0.2491506228765572,965.0,1060.0,0.948051948051948,-0.0007125890736342,0.0047467035919247,-0.000695033182517
2005-06-28,870.0,900.0,870.0,890.0,49000.0,890.0,914.0,891.0,844.6,972.6,904.8,False,False,False,False,False,False,True,False,True,False,False,-0.0280898876404494,0.0898876404494382,,,0.0510112359550561,-0.0928089887640449,0.1797752808988764,0.2528089887640449,-0.0034957844951675,0.2384960718294051,965.0,1010.0,0.6712328767123288,0.0030783802983661,0.0037909693720003,0.0003293521168541
2005-06-29,895.0,905.0,885.0,885.0,48000.0,885.0,906.0,897.5,848.0,968.8,904.9,False,False,False,False,False,False,True,False,False,False,False,0.0,0.0621468926553672,,,0.0418079096045197,-0.0946892655367231,0.1468926553672316,0.2598870056497175,-0.0039223781998349,0.2311977715877437,970.0,1030.0,0.979591836734694,0.0040094339622641,0.000931053663898,-0.0004265937046673
2005-06-30,895.0,895.0,875.0,885.0,37000.0,885.0,896.0,903.0,851.8,965.2666666666668,905.0,False,False,False,False,False,False,True,False,False,False,False,-0.0112994350282485,0.0790960451977401,,,0.0375141242937853,-0.0906967984934087,0.1299435028248587,0.2542372881355932,-0.0036604737896262,0.2264673311184939,970.0,1045.0,0.7708333333333334,0.0044611411129372,0.0004517071506731,0.0002619044102087
2005-07-01,860.0,890.0,855.0,865.0,90000.0,865.0,884.0,900.5,855.4,961.2666666666668,905.025,False,False,False,False,False,False,True,False,False,True,False,0.0693641618497109,0.0982658959537572,,,0.0110982658959537,-0.1112909441233141,0.1560693641618497,0.2716763005780346,-0.0041611762258131,0.2304275402554136,1010.0,1055.0,2.4324324324324325,0.0042085574000467,-0.0002525837128904,-0.0005007024361869
2005-07-04,870.0,870.0,860.0,865.0,81000.0,865.0,878.0,897.0,858.8,957.3333333333334,905.075,False,False,False,False,False,False,True,False,False,True,False,0.1445086705202312,0.0924855491329479,,,0.0071676300578035,-0.1067437379576108,0.1734104046242774,0.2716763005780346,-0.0041086350974931,0.2374581939799331,1020.0,1055.0,0.9,0.0039590125756869,-0.0002495448243598,5.254112832006261e-05
2005-07-05,865.0,865.0,860.0,865.0,82000.0,865.0,873.0,893.5,860.2,953.9333333333332,905.1,False,False,False,False,False,False,True,False,False,True,False,0.1213872832369942,0.0982658959537572,,,0.0055491329479768,-0.1028131021194603,0.1907514450867052,0.2658959537572254,-0.0035641903696976,0.2417459429210968,1020.0,1060.0,1.0123456790123455,0.0016275284817485,-0.0023314840939384,0.0005444447277954
2005-07-06,865.0,890.0,860.0,885.0,139000.0,885.0,873.0,889.5,862.2,950.8,904.925,False,False,False,False,False,False,True,False,False,False,False,0.0621468926553672,0.1016949152542373,,,0.0257627118644067,-0.0743502824858756,0.2994350282485876,0.2429378531073446,-0.0032954704809983,0.2484541877459246,1000.0,1065.0,1.695121951219512,0.0023196474135931,0.0006921189318445,0.0002687198886992
2005-07-07,880.0,885.0,870.0,875.0,70000.0,875.0,871.0,883.5,863.8,948.0,904.65,False,False,False,False,False,False,True,False,False,True,False,0.0914285714285714,0.1257142857142857,,,0.0128,-0.0834285714285714,0.2971428571428571,0.2685714285714285,-0.0029535864978902,0.2586304470854556,1010.0,1075.0,0.5035971223021583,0.0018522806205139,-0.0004673667930792,0.000341883983108
2005-07-08,875.0,950.0,875.0,925.0,564000.0,925.0,883.0,883.5,867.6,946.0,904.775,False,False,False,False,False,False,True,False,False,False,False,0.027027027027027,0.2810810810810811,,,0.062054054054054,-0.0227027027027027,0.2108108108108108,0.2054054054054054,-0.0021141649048625,0.254102999434069,1010.0,1085.0,8.057142857142857,0.00437989857077,0.0025276179502561,0.0008394215930276
2005-07-11,950.0,1010.0,950.0,990.0,1598000.0,990.0,908.0,893.0,874.6,944.2,905.4,False,False,False,False,False,False,True,False,False,False,True,-0.0454545454545454,0.1767676767676767,,,0.1165656565656565,0.0462626262626262,0.1313131313131313,0.1262626262626262,-0.0019063757678457,0.2402015677491601,1010.0,1060.0,2.833333333333333,0.0080036588154584,0.0036237602446884,0.0002077891370168
2005-07-12,990.0,990.0,940.0,970.0,756000.0,970.0,929.0,901.0,879.8,941.7333333333332,905.875,False,False,False,False,False,False,True,False,False,True,False,-0.0206185567010309,0.0773195876288659,,,0.0929896907216495,0.0291408934707904,0.1855670103092783,0.1494845360824742,-0.0026192835905424,0.2291897891231964,1025.0,1045.0,0.4730913642052565,0.0059104341895884,-0.00209322462587,-0.0007129078226966
2005-07-13,945.0,955.0,930.0,940.0,105000.0,940.0,940.0,906.5,884.4,939.2666666666668,906.325,False,False,False,False,False,False,True,False,False,True,False,0.0372340425531914,0.0957446808510638,,,0.0591489361702127,0.0007801418439715,0.2340425531914893,0.1861702127659574,-0.0026261622542406,0.2217319360176503,1005.0,1025.0,0.1388888888888889,0.0052012663952962,-0.0007091677942921,-6.878663698271347e-06
2005-07-14,945.0,975.0,935.0,955.0,340000.0,955.0,956.0,913.5,889.6,937.3333333333334,906.95,False,False,False,False,False,False,True,False,False,False,False,0.031413612565445,0.0890052356020942,,,0.0684816753926701,0.0184991273996509,0.1832460732984293,0.1780104712041884,-0.0020625889046942,0.2140120415982485,1015.0,1010.0,3.238095238095238,0.0058453237410072,0.0006440573457109,0.0005635733495464
2005-07-15,955.0,965.0,950.0,950.0,219000.0,950.0,961.0,922.0,895.2,935.7333333333332,907.6,False,False,False,False,False,False,True,False,False,False,False,0.2473684210526315,0.1789473684210526,,,0.0576842105263157,0.0150175438596492,0.2105263157894736,0.2,-0.0017098888572244,0.2071583514099783,1040.0,925.0,0.6441176470588236,0.0062555853440572,0.0004102616030499,0.0003527000474698
2005-07-19,950.0,960.0,940.0,945.0,107000.0,945.0,952.0,930.0,900.8,934.2,908.2,False,False,False,False,False,False,True,False,False,True,False,0.2328042328042328,0.1798941798941798,,,0.0467724867724868,0.0114285714285713,0.1746031746031746,0.2328042328042328,-0.0016413330478839,0.203763440860215,910.0,965.0,0.4885844748858447,0.0062166962699821,-3.888907407508142e-05,6.855580934047299e-05
2005-07-20,950.0,955.0,945.0,950.0,193000.0,950.0,948.0,938.5,906.4,933.4,908.95,False,False,False,False,False,False,True,False,False,True,False,0.1,0.1052631578947368,,,0.0458947368421052,0.0174736842105263,0.1736842105263158,0.2263157894736842,-0.0008570816370259,0.2003196590303676,825.0,975.0,1.8037383177570088,0.0061782877316858,-3.840853829632177e-05,0.0007842514108579
2005-07-21,970.0,990.0,970.0,975.0,395000.0,975.0,955.0,947.5,912.6,932.6666666666666,909.825,False,False,False,False,False,False,True,False,False,False,False,0.0564102564102564,0.041025641025641,,,0.0639999999999999,0.0434188034188034,0.1743589743589743,0.2102564102564102,-0.0007862759113652,0.1973614775725593,800.0,955.0,2.046632124352332,0.0067937760245453,0.0006154882928594,7.080572566072266e-05
2005-07-22,980.0,1020.0,975.0,985.0,1357000.0,985.0,961.0,958.5,918.8,931.8666666666668,910.75,False,False,False,False,False,False,True,False,False,True,False,0.0558375634517766,0.015228426395939,,,0.0672081218274112,0.0539424703891707,0.1472081218274111,0.1776649746192893,-0.0008584919158676,0.1888367240479916,790.0,975.0,3.435443037974684,0.0067479320853286,-4.584393921668907e-05,-7.221600450234408e-05
2005-07-25,1000.0,1235.0,950.0,1185.0,11314000.0,1185.0,1008.0,984.5,930.6,933.6,912.55,False,False,False,False,False,False,True,True,False,False,False,-0.0548523206751054,-0.1561181434599156,,,0.2146835443037974,0.2121518987341772,-0.0590717299578059,-0.0168776371308016,0.001856612396458,0.1625190452006094,775.0,965.0,8.337509211495947,0.0126799914033957,0.0059320593180671,0.0027151043123256
2005-07-26,1250.0,1345.0,1130.0,1165.0,13580000.0,1165.0,1052.0,1002.0,941.2,935.0666666666668,914.175,True,True,False,False,False,False,True,True,False,True,False,-0.0429184549356223,-0.1287553648068669,,,0.1921030042918454,0.1973676680972816,-0.0472103004291845,-0.0128755364806866,0.0015685156138601,0.1457085828343313,780.0,965.0,1.200282835425137,0.0112622184445389,-0.0014177729588568,-0.0002880967825979
2005-07-27,1115.0,1120.0,1030.0,1045.0,2378000.0,1045.0,1071.0,1009.5,947.0,934.8666666666668,915.075,False,False,False,False,False,False,True,False,False,True,False,0.0047846889952153,-0.0143540669856459,,,0.0937799043062201,0.1053907496012758,0.0909090909090909,0.0813397129186602,-0.0002139342508736,0.1386825160970777,830.0,965.0,0.1751104565537555,0.0061246040126715,-0.0051376144318673,-0.0017824498647337
2005-07-28,1070.0,1090.0,1020.0,1030.0,1298000.0,1030.0,1082.0,1018.5,951.2,934.4,915.925,False,False,False,False,False,False,True,False,False,True,False,-0.0145631067961165,0.116504854368932,,,0.076504854368932,0.0928155339805825,0.1067961165048543,0.0776699029126213,-0.0004994292237444,0.1281296023564064,835.0,970.0,0.5458368376787216,0.0044154751892346,-0.0017091288234368,-0.0002854949728708
2005-07-29,1040.0,1075.0,1025.0,1040.0,908000.0,1040.0,1093.0,1027.0,955.4,933.9333333333332,916.6,False,False,False,False,False,False,True,False,False,True,False,-0.0384615384615384,0.0913461538461538,,,0.0813461538461538,0.1019871794871796,0.0961538461538461,0.0817307692307692,-0.0004996787779286,0.118792599805258,835.0,970.0,0.699537750385208,0.0043960644756122,-1.941071362246069e-05,-2.495541841823941e-07
2005-08-01,1050.0,1230.0,1045.0,1120.0,9571000.0,1120.0,1080.0,1044.0,963.2,934.4,917.925,False,False,False,False,False,False,True,True,False,False,False,-0.1071428571428571,0.0,,,0.1399999999999999,0.1657142857142857,0.0089285714285714,0.0,0.0004994292237444,0.0986590038314176,830.0,1010.0,10.540748898678414,0.0080980066445183,0.0037019421689061,0.000999108001673
2005-08-02,1200.0,1230.0,1095.0,1115.0,4222000.0,1115.0,1070.0,1061.0,972.0,935.1333333333332,919.075,False,False,False,False,False,False,True,True,False,False,False,-0.0896860986547085,0.0044843049327354,,,0.1282511210762331,0.1613153961136025,-0.0089686098654708,-0.0044843049327354,0.0007842018963426,0.0758718190386427,815.0,1020.0,0.4411242294431094,0.0090534979423867,0.0009554912978684,0.0002847726725982
2005-08-03,1115.0,1115.0,1040.0,1050.0,584000.0,1050.0,1071.0,1071.0,978.4,935.2,919.975,False,False,False,False,False,False,True,True,False,True,False,-0.019047619047619,0.0952380952380952,,,0.0681904761904762,0.1093333333333333,0.1,0.0476190476190476,7.12859994298903e-05,0.0597572362278244,840.0,1020.0,0.1383230696352439,0.0065412919051512,-0.0025122060372355,-0.0007129158969127
2005-08-04,1030.0,1035.0,990.0,1015.0,632000.0,1015.0,1068.0,1075.0,983.6,935.0666666666668,920.75,False,False,False,False,False,False,True,False,False,True,False,0.1330049261083744,0.1428571428571428,,,0.0309359605911329,0.0787520525451558,0.1330049261083744,0.1034482758620689,-0.0001425923285325,0.0502325581395348,825.0,1000.0,1.082191780821918,0.0052867019113461,-0.0012545899938051,-0.0002138783279624
2005-08-05,1010.0,1055.0,990.0,1000.0,567000.0,1000.0,1060.0,1076.5,988.2,934.9333333333332,921.475,False,False,False,False,False,False,True,False,False,True,False,0.135,0.13,,,0.0117999999999999,0.0650666666666668,0.15,0.115,-0.0001426126640049,0.0445889456572224,825.0,1010.0,0.8971518987341772,0.0046549281521959,-0.0006317737591501,-2.033547232509333e-08
2005-08-08,970.0,1000.0,955.0,1000.0,306000.0,1000.0,1036.0,1058.0,993.6,935.9333333333332,922.125,False,False,False,False,False,False,True,True,False,False,False,0.12,0.15,,,0.0063999999999999,0.0640666666666668,0.175,0.095,0.0010684521689579,0.0562381852551984,810.0,1010.0,0.5396825396825397,0.0054347826086956,0.0007798544564996,0.0012110648329628
2005-08-09,1025.0,1040.0,1005.0,1015.0,414000.0,1015.0,1016.0,1043.0,999.6,936.6,922.975,False,False,False,False,False,False,True,True,False,False,False,0.1034482758620689,0.0935960591133004,,,0.0151724137931034,0.0772413793103448,0.1625615763546798,0.0935960591133004,0.0007117944337677,0.0675934803451581,805.0,1010.0,1.3529411764705883,0.0060024009603841,0.0005676183516885,-0.0003566577351901
2005-08-10,1060.0,1065.0,1030.0,1030.0,356000.0,1030.0,1012.0,1041.5,1006.2,937.3333333333334,923.925,False,False,False,False,False,False,True,True,False,False,False,0.116504854368932,0.0825242718446602,,,0.0231067961165048,0.089967637540453,0.1262135922330097,0.0825242718446602,0.0007823613086771,0.0676908305328852,810.0,1025.0,0.8599033816425121,0.0065593321407275,0.0005569311803433,7.056687490938408e-05
2005-08-11,1035.0,1170.0,1020.0,1150.0,1628000.0,1150.0,1039.0,1053.5,1016.8,939.9333333333332,925.6,False,False,False,False,False,False,True,True,False,False,True,0.008695652173913,-0.0043478260869565,,,0.1158260869565217,0.1826666666666668,0.008695652173913,-0.0217391304347826,0.0027661536279166,0.0569530137636449,820.0,1005.0,4.573033707865169,0.0104248623131391,0.0038655301724116,0.0019837923192395
2005-08-12,1100.0,1190.0,1080.0,1135.0,2246000.0,1135.0,1066.0,1063.0,1027.2,942.0666666666668,927.15,False,False,False,False,False,False,True,True,False,True,False,-0.0044052863436123,-0.0044052863436123,,,0.0949779735682819,0.1699853157121878,0.039647577092511,0.0,0.0022645248036235,0.0484477892756349,830.0,1015.0,1.3796068796068797,0.0101246105919004,-0.0003002517212387,-0.000501628824293
2005-08-15,1150.0,1150.0,1115.0,1120.0,307000.0,1120.0,1090.0,1063.0,1035.0,944.1333333333332,928.675,False,False,False,False,False,False,True,True,False,True,False,0.0267857142857142,-0.0044642857142857,,,0.0758928571428571,0.1570238095238096,0.0758928571428571,0.0044642857142857,0.0021889563620954,0.0489181561618062,890.0,1040.0,0.1366874443455031,0.0075362318840579,-0.0025883787078424,-7.556844152814893e-05
2005-08-16,1115.0,1140.0,1110.0,1120.0,320000.0,1120.0,1111.0,1063.5,1040.2,946.2,930.25,False,False,False,False,False,False,True,True,False,True,False,-0.0089285714285714,-0.0089285714285714,,,0.0712499999999999,0.1551785714285714,0.0446428571428571,0.0133928571428571,0.0021841752976821,0.0507757404795486,900.0,910.0,1.0423452768729642,0.0049990386464141,-0.0025371932376437,-4.7810644133125e-06
2005-08-17,1130.0,1185.0,1110.0,1150.0,978000.0,1150.0,1135.0,1073.5,1047.4,948.6666666666666,931.925,False,False,False,False,False,False,True,True,False,False,True,-0.0304347826086956,-0.008695652173913,,,0.0892173913043477,0.1750724637681159,0.0130434782608695,0.0217391304347826,0.0026001405481376,0.047973917093619,900.0,825.0,3.05625,0.0068741645980523,0.0018751259516381,0.0004159652504555
2005-08-18,1185.0,1195.0,1145.0,1160.0,655000.0,1160.0,1137.0,1088.0,1056.2,951.2,933.65,False,False,False,False,False,False,True,True,False,False,False,-0.0129310344827586,-0.0172413793103448,,,0.0894827586206896,0.1799999999999999,-0.0086206896551724,-0.0129310344827586,0.002663302495094,0.0363051470588235,925.0,800.0,0.6697341513292433,0.0083317553493656,0.0014575907513132,6.316194695635486e-05
2005-08-19,1165.0,1165.0,1115.0,1130.0,180000.0,1130.0,1136.0,1101.0,1063.2,953.3333333333334,935.325,False,False,False,False,False,False,True,True,False,True,False,0.0,0.0088495575221238,,,0.0591150442477875,0.1563421828908554,0.0,0.0132743362831858,0.0022377622377622,0.0267938237965485,935.0,790.0,0.2748091603053435,0.0065838976674191,-0.0017478576819464,-0.0004255402573317
2005-08-22,1125.0,1150.0,1110.0,1150.0,251000.0,1150.0,1142.0,1116.0,1071.2,955.2,937.075,False,False,False,False,False,False,True,True,False,False,False,-0.0304347826086956,-0.017391304347826,,,0.0685217391304347,0.169391304347826,-0.0304347826086956,-0.0217391304347826,0.0019542155220547,0.0156810035842293,925.0,775.0,1.3944444444444444,0.0074682598954443,0.0008843622280252,-0.0002835467157075
2005-08-23,1145.0,1145.0,1110.0,1110.0,187000.0,1110.0,1140.0,1125.5,1077.8,956.4,938.6,False,False,False,False,False,False,True,True,False,True,False,0.0,-0.0045045045045045,,,0.029009009009009,0.1383783783783784,0.0,0.0315315315315315,0.001254705144291,0.010217681030653,895.0,780.0,0.7450199203187251,0.0061235850807199,-0.0013446748147244,-0.0006995103777637
2005-08-24,1110.0,1130.0,1090.0,1115.0,212000.0,1115.0,1133.0,1134.0,1084.4,957.6666666666666,940.175,False,False,False,False,False,False,True,True,False,True,False,0.0224215246636771,0.0358744394618834,,,0.0274439461883407,0.1411061285500747,-0.0044843049327354,0.0269058295964125,0.0013226592412112,0.0052910052910052,890.0,830.0,1.1336898395721926,0.0060863150129104,-3.72700678094107e-05,6.795409692024121e-05
2005-08-25,1115.0,1200.0,1110.0,1145.0,1600000.0,1145.0,1130.0,1133.5,1091.2,959.6,941.775,False,False,False,False,False,False,True,True,False,False,False,-0.0043668122270742,0.0043668122270742,,,0.0469868995633187,0.1619213973799126,-0.0393013100436681,0.0043668122270742,0.0020147283590385,0.007940008822232,885.0,835.0,7.547169811320755,0.0062316715542521,0.0001453565413416,0.0006920691178272
2005-08-26,1150.0,1155.0,1115.0,1130.0,320000.0,1130.0,1130.0,1133.0,1097.0,961.2,943.25,False,False,False,False,False,False,True,True,False,True,False,0.0088495575221238,0.0176991150442477,,,0.0292035398230088,0.1493805309734512,-0.0398230088495575,0.0088495575221238,0.0016645859342488,0.0088261253309797,885.0,835.0,0.2,0.0052871467639015,-0.0009445247903506,-0.0003501424247896
2005-08-29,1125.0,1130.0,1110.0,1115.0,188000.0,1115.0,1123.0,1132.5,1094.2,962.6,944.7,False,False,False,False,False,False,False,True,False,True,False,0.0134529147982062,0.0538116591928251,,,0.0186547085201793,0.1366816143497757,-0.0179372197309417,0.0089686098654708,0.001454394348639,0.0092715231788079,865.0,830.0,0.5875,-0.0025589471760189,-0.0078460939399204,-0.0002101915856098
2005-08-30,1120.0,1125.0,1100.0,1110.0,149000.0,1110.0,1123.0,1131.5,1092.0,963.9333333333332,946.15,False,False,False,False,False,False,False,True,False,False,False,-0.0045045045045045,0.063063063063063,,,0.0162162162162162,0.1315915915915917,-0.027027027027027,0.0135135135135135,0.0013832215229267,0.0092797171895713,865.0,815.0,0.7925531914893617,-0.002014652014652,0.0005442951613669,-7.117282571237823e-05
2005-08-31,1105.0,1180.0,1105.0,1140.0,1130000.0,1140.0,1128.0,1130.5,1095.8,965.4666666666668,947.75,False,False,False,False,False,False,True,True,True,False,False,0.0131578947368421,0.0175438596491228,,,0.0387719298245614,0.1530994152046782,-0.0350877192982456,-0.0087719298245614,0.0015881784283941,0.0061919504643962,865.0,840.0,7.583892617449664,0.0034677860923525,0.0054824381070046,0.0002049569054674
2005-09-01,1160.0,1165.0,1135.0,1140.0,285000.0,1140.0,1127.0,1128.5,1100.2,967.2666666666668,949.35,False,False,False,False,False,False,True,True,False,False,False,0.0087719298245614,0.0175438596491228,,,0.0349122807017543,0.1515204678362572,-0.043859649122807,-0.0131578947368421,0.0018609139155006,0.0062029242357111,885.0,825.0,0.252212389380531,0.0039992728594801,0.0005314867671275,0.0002727354871064
2005-09-02,1140.0,1150.0,1120.0,1140.0,111000.0,1140.0,1129.0,1129.5,1104.2,968.9333333333332,950.975,False,False,False,False,False,False,True,True,False,True,False,0.0087719298245614,0.0350877192982456,,,0.0314035087719297,0.1500584795321639,-0.0394736842105263,-0.0087719298245614,0.0017201045823583,0.0039840637450199,875.0,825.0,0.3894736842105263,0.0036225321499728,-0.0003767407095073,-0.0001408093331423
2005-09-05,1155.0,1155.0,1120.0,1130.0,171000.0,1130.0,1132.0,1127.5,1104.6,970.1333333333332,952.6,False,False,False,False,False,False,True,True,False,True,False,0.0398230088495575,0.0663716814159292,,,0.0224778761061947,0.1414749262536874,0.0221238938053097,0.0,0.001236943375481,0.0062084257206208,925.0,810.0,1.5405405405405406,0.0003621220351257,-0.0032604101148471,-0.0004831612068772
2005-09-06,1140.0,1145.0,1100.0,1105.0,278000.0,1105.0,1131.0,1127.0,1104.2,972.7333333333332,954.05,False,False,False,False,False,False,False,True,False,True,False,0.0678733031674208,0.0588235294117647,,,0.0007239819004524,0.1196983408748115,0.0135746606334841,0.0407239819004524,0.0026728805428003,0.0070984915705412,990.0,805.0,1.6257309941520468,-0.0003622532149971,-0.0007243752501228,0.0014359371673192
2005-09-07,1130.0,1190.0,1130.0,1155.0,1155000.0,1155.0,1134.0,1131.0,1108.4,977.1333333333332,955.725,False,False,False,False,False,False,True,True,True,False,True,0.0043290043290043,0.0086580086580086,,,0.0403463203463202,0.1539971139971141,-0.0346320346320346,0.0043290043290043,0.0045029678651838,0.0048629531388152,970.0,810.0,4.154676258992806,0.0037892457596535,0.0041514989746507,0.0018300873223834
2005-09-08,1180.0,1250.0,1120.0,1150.0,5044000.0,1150.0,1136.0,1131.5,1113.8,981.8,957.4,False,False,False,False,False,False,True,True,False,False,False,0.008695652173913,0.0,,,0.0314782608695652,0.1462608695652174,-0.0304347826086956,0.0130434782608695,0.004753174441502,0.0057445868316394,940.0,820.0,4.367099567099567,0.0048482671933918,0.0010590214337382,0.0002502065763182
2005-09-09,1140.0,1165.0,1125.0,1150.0,457000.0,1150.0,1138.0,1133.5,1119.8,986.6,959.05,False,False,False,False,False,False,True,True,False,False,False,0.0260869565217391,-0.017391304347826,,,0.0262608695652174,0.1420869565217391,-0.0347826086956521,0.0260869565217391,0.0048651935941618,0.0074988972209969,955.0,830.0,0.0906026962727993,0.0053580996606536,0.0005098324672618,0.0001120191526597
2005-09-12,1155.0,1190.0,1140.0,1175.0,358000.0,1175.0,1147.0,1139.5,1126.8,991.9333333333332,960.775,False,False,False,False,False,False,True,True,False,False,False,0.025531914893617,-0.051063829787234,,,0.0410212765957447,0.1558014184397164,-0.0638297872340425,0.0085106382978723,0.0053767054237514,0.007459412022817,950.0,890.0,0.7833698030634574,0.00621228257011,0.0008541829094563,0.0005115118295895
2005-09-13,1190.0,1220.0,1170.0,1180.0,781000.0,1180.0,1162.0,1146.5,1133.4,997.2666666666668,962.425,False,False,False,False,False,False,True,True,False,True,False,-0.0084745762711864,-0.059322033898305,,,0.0394915254237287,0.1548587570621468,-0.0677966101694915,0.0,0.005347951066248,0.0061055385957261,945.0,900.0,2.181564245810056,0.0058231868713606,-0.0003890956987494,-2.8754357503397304e-05
2005-09-14,1180.0,1200.0,1160.0,1160.0,279000.0,1160.0,1163.0,1148.5,1138.6,1001.6666666666666,964.15,False,False,False,False,False,False,True,True,False,True,False,0.0043103448275862,-0.043103448275862,,,0.018448275862069,0.1364942528735632,-0.0560344827586206,0.0775862068965517,0.0043926788685522,0.0148019155420113,950.0,900.0,0.3572343149807938,0.0045670121201473,-0.0012561747512132,-0.0009552721976957
2005-09-15,1165.0,1200.0,1160.0,1160.0,377000.0,1160.0,1165.0,1150.5,1139.0,1006.0,965.85,False,False,False,False,False,False,True,True,False,True,False,-0.0086206896551724,-0.0517241379310344,,,0.018103448275862,0.1327586206896551,-0.0517241379310344,0.0603448275862069,0.0043074884029158,0.0221642764015645,975.0,925.0,1.3512544802867383,0.0003511852502195,-0.0042158268699278,-8.519046563640071e-05
2005-09-16,1180.0,1210.0,1160.0,1180.0,588000.0,1180.0,1171.0,1154.5,1140.8,1010.6,967.6,False,False,False,False,False,False,True,True,True,False,False,-0.0423728813559322,-0.0805084745762711,,,0.0332203389830508,0.1435593220338983,-0.059322033898305,0.0677966101694915,0.0045517514347912,0.0298830662624512,985.0,935.0,1.559681697612732,0.0015778401122019,0.0012266548619823,0.0002442630318753
2005-09-20,1185.0,1230.0,1180.0,1205.0,1080000.0,1205.0,1177.0,1162.0,1144.2,1015.6,969.525,False,False,False,False,False,False,True,True,False,False,False,-0.0746887966804979,-0.0912863070539419,,,0.0504564315352696,0.1571784232365145,-0.0746887966804979,0.0580912863070539,0.0049231981094919,0.0357142857142857,1185.0,925.0,1.836734693877551,0.0029715084775389,0.001393668365337,0.0003714466747006
2005-09-21,1215.0,1215.0,1155.0,1170.0,502000.0,1170.0,1175.0,1168.5,1146.2,1020.3333333333334,971.3,False,False,False,False,False,False,True,True,False,True,False,-0.0512820512820512,-0.0769230769230769,,,0.0203418803418803,0.1279202279202279,-0.047008547008547,0.141025641025641,0.0046390068605031,0.0457851946940522,1165.0,895.0,0.4648148148148148,0.0017448961786773,-0.0012266122988616,-0.0002841912489888
2005-09-22,1150.0,1165.0,1140.0,1165.0,234000.0,1165.0,1176.0,1169.5,1146.8,1024.6666666666667,973.125,False,False,False,False,False,False,True,True,False,True,False,-0.0472103004291845,-0.055793991416309,,,0.0156223175965665,0.1204577968526465,-0.0429184549356223,0.0729613733905579,0.0042290175666883,0.0525865754595981,1045.0,890.0,0.4661354581673306,0.0005231949773281,-0.0012217012013492,-0.0004099892938147
2005-09-26,1175.0,1180.0,1150.0,1150.0,145000.0,1150.0,1174.0,1169.5,1146.4,1029.0,974.85,False,False,False,False,False,False,False,True,False,True,False,-0.0434782608695652,-0.0521739130434782,,,0.0031304347826086,0.1052173913043478,-0.0304347826086956,-0.008695652173913,0.0042112082928408,0.0504489097905087,1030.0,885.0,0.6196581196581197,-0.0003489183531052,-0.0008721133304333,-1.7809273847518153e-05
2005-09-27,1150.0,1160.0,1125.0,1130.0,247000.0,1130.0,1164.0,1167.5,1146.4,1033.0666666666666,976.475,False,False,False,False,False,False,False,True,False,False,False,-0.0398230088495575,-0.0309734513274336,,,-0.0145132743362832,0.0857817109144543,-0.0044247787610619,0.0619469026548672,0.0039364997418688,0.0539614561027837,1040.0,885.0,1.703448275862069,0.0,0.0003489183531052,-0.000274708550972
2005-09-28,1125.0,1140.0,1105.0,1115.0,262000.0,1115.0,1146.0,1161.5,1145.0,1037.1333333333334,978.025,False,False,False,False,False,False,False,True,False,True,False,-0.0179372197309417,0.0358744394618834,,,-0.0269058295964125,0.0698355754857996,0.0224215246636771,0.0807174887892376,0.0039210644725848,0.0611278519156263,1120.0,865.0,1.0607287449392713,-0.0012227074235808,-0.0012227074235808,-1.5435269283961724e-05
2005-09-29,1105.0,1115.0,1100.0,1110.0,153000.0,1110.0,1134.0,1154.5,1145.0,1041.2,979.575,False,False,False,False,False,False,False,True,False,False,False,-0.027027027027027,0.009009009009009,,,-0.0315315315315315,0.0619819819819819,0.0495495495495495,0.036036036036036,0.0039057497758995,0.0649631875270679,1115.0,865.0,0.583969465648855,0.0,0.0012227074235808,-1.5314696685304278e-05
2005-09-30,1120.0,1135.0,1105.0,1110.0,74000.0,1110.0,1123.0,1149.5,1144.8,1045.2,981.1,False,False,False,False,False,False,False,True,False,True,False,-0.009009009009009,0.0045045045045045,,,-0.0313513513513513,0.0583783783783783,0.0495495495495495,0.081081081081081,0.0038270187523918,0.0652457590256633,1050.0,865.0,0.4836601307189542,-0.0001747030048917,-0.0001747030048917,-7.873102350765835e-05
2005-10-03,1105.0,1115.0,1075.0,1100.0,148000.0,1100.0,1113.0,1143.5,1143.0,1048.9333333333334,982.575,False,False,False,False,False,False,False,True,False,True,False,-0.009090909090909,0.0136363636363636,,,-0.039090909090909,0.0464242424242423,0.0727272727272727,0.0636363636363636,0.0035591712215584,0.0655881066899868,1015.0,885.0,2.0,-0.0015748031496062,-0.0014001001447145,-0.0002678475308334
2005-10-04,1100.0,1110.0,1075.0,1085.0,95000.0,1085.0,1104.0,1134.0,1141.2,1052.3333333333333,984.05,False,False,False,False,False,False,False,True,False,True,False,0.0092165898617511,0.0230414746543778,,,-0.0517972350230415,0.0301075268817205,0.0691244239631336,0.1059907834101382,0.0032309154260372,0.0692239858906525,1000.0,875.0,0.6418918918918919,-0.001577287066246,-2.483916639757326e-06,-0.0003282557955211
2005-10-05,1085.0,1110.0,1080.0,1095.0,105000.0,1095.0,1100.0,1123.0,1140.4,1055.0666666666666,985.6,False,False,False,False,False,False,False,True,False,False,False,0.0547945205479452,0.0045662100456621,,,-0.0414611872146119,0.036468797564688,0.0639269406392694,0.1278538812785388,0.0025906735751295,0.0761353517364203,1000.0,925.0,1.105263157894737,-0.0007015082427218,0.0008757788235242,-0.0006402418509076
2005-10-06,1085.0,1100.0,1075.0,1080.0,102000.0,1080.0,1094.0,1114.0,1139.2,1057.4666666666667,987.1,False,False,False,False,False,False,False,True,False,True,False,0.037037037037037,0.0185185185185185,,,-0.0548148148148148,0.0208641975308641,0.0648148148148148,0.1388888888888889,0.0022695750851091,0.0754039497307001,1015.0,990.0,0.9714285714285714,-0.0010533707865168,-0.000351862543795,-0.0003210984900203
2005-10-07,1065.0,1100.0,1060.0,1100.0,79000.0,1100.0,1092.0,1107.5,1137.6,1060.1333333333334,988.625,False,False,False,False,False,False,False,True,False,True,False,0.0136363636363636,-0.0045454545454545,,,-0.0341818181818181,0.0362424242424241,0.0272727272727272,0.1045454545454545,0.0025154068670608,0.0785553047404063,1030.0,970.0,0.7745098039215687,-0.0014064697609002,-0.0003530989743833,0.0002458317819516
2005-10-11,1085.0,1100.0,1085.0,1090.0,64000.0,1090.0,1090.0,1101.5,1135.6,1062.3333333333333,990.175,False,False,False,False,False,False,False,True,False,True,False,0.0229357798165137,0.0091743119266055,,,-0.041834862385321,0.0253822629969419,0.018348623853211,0.0963302752293578,0.0020709130844052,0.0894235133908306,1150.0,940.0,0.810126582278481,-0.0017611835153222,-0.000354713754422,-0.0004444937826555
2005-10-12,1085.0,1105.0,1085.0,1095.0,49000.0,1095.0,1092.0,1098.0,1133.8,1064.4666666666667,991.725,False,False,False,False,False,False,False,True,False,False,False,0.0136986301369863,0.0136986301369863,,,-0.0354337899543378,0.0278843226788432,0.0273972602739726,0.1050228310502283,0.0020041335253962,0.0938069216757741,1135.0,955.0,0.765625,-0.0015875815840535,0.0001736019312687,-6.677955900899696e-05
2005-10-13,1120.0,1220.0,1115.0,1155.0,1606000.0,1155.0,1104.0,1102.0,1134.8,1067.5333333333333,993.45,False,False,False,False,True,False,True,True,False,False,True,-0.0476190476190476,-0.0346320346320346,,,0.0174891774891775,0.0757287157287157,-0.0303030303030303,0.0476190476190476,0.0028726659589083,0.0902903811252268,1120.0,950.0,32.775510204081634,0.0008812125484666,0.0024687941325202,0.0008685324335121
2005-10-14,1180.0,1180.0,1110.0,1120.0,240000.0,1120.0,1112.0,1103.0,1135.4,1070.5333333333333,995.05,False,False,False,False,False,False,True,True,False,True,False,-0.0178571428571428,-0.0044642857142857,,,-0.01375,0.0441666666666666,-0.0089285714285714,0.0625,0.0028023415120189,0.0929283771532185,1120.0,945.0,0.149439601494396,0.0005284481240092,-0.0003527644244574,-7.032444688939883e-05
2005-10-17,1125.0,1130.0,1110.0,1115.0,73000.0,1115.0,1115.0,1103.5,1133.8,1073.5333333333333,996.675,False,False,False,False,False,False,False,True,False,True,False,-0.0179372197309417,0.0,,,-0.0168609865470851,0.0371898355754858,-0.0134529147982062,0.0941704035874439,0.0027945103396882,0.0942455822383325,1150.0,950.0,0.3041666666666666,-0.00141118363027,-0.0019396317542792,-7.831172330674714e-06
2005-10-18,1130.0,1130.0,1115.0,1115.0,70000.0,1115.0,1120.0,1105.0,1132.4,1076.6,998.275,False,False,False,False,False,False,False,True,False,False,False,-0.0134529147982062,0.0,,,-0.0156053811659193,0.0344394618834081,0.0044843049327354,0.085201793721973,0.0028484735896959,0.0963800904977375,1160.0,975.0,0.958904109589041,-0.0012363122571528,0.0001748713731171,5.396325000764368e-05
2005-10-19,1110.0,1120.0,1105.0,1110.0,39000.0,1110.0,1123.0,1107.5,1130.8,1079.6,999.775,False,False,False,False,False,False,False,True,False,True,False,0.0,0.0135135135135135,,,-0.0187387387387386,0.0273873873873874,0.0045045045045045,0.0855855855855855,0.0027788069655427,0.0943566591422122,1130.0,985.0,0.5571428571428572,-0.0014149274849665,-0.0001786152278136,-6.966662415310671e-05
2005-10-20,1105.0,1110.0,1090.0,1100.0,81000.0,1100.0,1112.0,1108.0,1127.8,1082.7333333333331,1001.275,False,False,False,False,False,False,False,True,False,True,False,0.0136363636363636,0.0363636363636363,,,-0.0252727272727272,0.0156969696969698,-0.0045454545454545,0.0772727272727272,0.0028939104734929,0.0893501805054151,1150.0,1185.0,2.076923076923077,-0.0026600461074658,-0.0012451186224993,0.0001151035079501
2005-10-21,1090.0,1100.0,1090.0,1100.0,23000.0,1100.0,1108.0,1110.0,1124.6,1085.8666666666666,1002.7,False,False,False,False,False,False,False,True,False,True,False,0.0136363636363636,0.059090909090909,,,-0.0223636363636362,0.0128484848484849,0.009090909090909,0.059090909090909,0.0028855599214146,0.0815315315315315,1110.0,1165.0,0.2839506172839506,-0.002845456162191,-0.0001854100547251,-8.350552078264031e-06
2005-10-24,1100.0,1100.0,1085.0,1095.0,14000.0,1095.0,1104.0,1109.5,1122.0,1088.9333333333334,1004.075,False,False,False,False,False,False,False,True,False,False,False,0.0182648401826484,0.0639269406392694,,,-0.0246575342465753,0.0055403348554032,0.0182648401826484,0.045662100456621,0.0028162115832008,0.0757097791798107,1115.0,1045.0,0.6086956521739131,-0.0023172905525845,0.0005281656096064,-6.934833821379757e-05
2005-10-25,1110.0,1115.0,1100.0,1100.0,55000.0,1100.0,1101.0,1110.5,1119.6,1091.8,1005.5,False,False,False,False,False,False,False,True,False,False,False,0.0136363636363636,0.0727272727272727,,,-0.0178181818181817,0.0074545454545454,0.0227272727272727,0.0227272727272727,0.0026256335104108,0.0684376407023863,1145.0,1030.0,3.928571428571429,-0.0021436227224009,0.0001736678301836,-0.0001905780727899
2005-10-26,1105.0,1120.0,1100.0,1110.0,40000.0,1110.0,1101.0,1112.0,1116.8,1094.9333333333334,1006.925,False,False,False,False,False,False,False,True,False,True,False,0.0135135135135135,0.045045045045045,,,-0.006126126126126,0.0135735735735735,0.0225225225225225,0.0045045045045045,0.0028616658548466,0.0584532374100719,1130.0,1040.0,0.7272727272727273,-0.0025071633237821,-0.0003635406013812,0.0002360323444358
2005-10-27,1110.0,1115.0,1105.0,1115.0,21000.0,1115.0,1104.0,1108.0,1113.2,1097.4666666666667,1008.4,False,False,False,False,True,False,False,True,False,True,False,0.0224215246636771,0.0448430493273542,,,0.0016143497757847,0.0157249626307922,0.0089686098654708,-0.0313901345291479,0.002308346494958,0.0505415162454873,1115.0,1120.0,0.525,-0.0032339202299675,-0.0007267569061853,-0.0005533193598886
2005-10-28,1120.0,1125.0,1115.0,1115.0,60000.0,1115.0,1107.0,1107.5,1111.0,1099.1333333333334,1009.75,False,False,False,False,False,False,False,True,False,False,False,0.0448430493273542,0.0313901345291479,,,0.0035874439461883,0.0142301943198803,0.0179372197309417,-0.1614349775784753,0.0015163462121672,0.0279909706546275,1110.0,1115.0,2.857142857142857,-0.001980198019802,0.0012537222101655,-0.0007920002827908
2005-10-31,1120.0,1130.0,1110.0,1115.0,51000.0,1115.0,1111.0,1107.5,1109.0,1101.0666666666666,1011.15,False,False,False,False,False,False,False,True,False,False,False,0.0448430493273542,0.0134529147982062,,,0.0053811659192825,0.0124962630792227,0.0538116591928251,-0.1255605381165919,0.0017558730927583,0.0058690744920993,1140.0,1050.0,0.85,-0.0018034265103697,0.0001767715094323,0.0002395268805911
2005-11-01,1115.0,1115.0,1110.0,1115.0,11000.0,1115.0,1114.0,1107.5,1107.6,1103.4,1012.525,False,False,False,False,False,False,False,True,False,False,False,0.0582959641255605,-0.0044843049327354,,,0.0066367713004485,0.0104035874439461,0.0269058295964125,-0.1390134529147982,0.0021146758504019,-0.0167042889390519,1140.0,1015.0,0.2156862745098039,-0.0012639942217407,0.0005394322886289,0.0003588027576435
2005-11-02,1120.0,1125.0,1115.0,1125.0,64000.0,1125.0,1117.0,1109.0,1107.4,1105.6666666666667,1013.775,False,False,False,False,False,False,False,True,False,False,False,0.0311111111111111,0.0,,,0.0156444444444443,0.0171851851851851,0.0177777777777777,-0.0933333333333333,0.0020500452215857,-0.0347159603246167,1140.0,1000.0,5.818181818181818,-0.000180603214737,0.0010833910070037,-6.463062881616882e-05
2005-11-04,1135.0,1145.0,1135.0,1140.0,86000.0,1140.0,1122.0,1113.0,1108.4,1108.2,1015.2,False,False,False,False,False,False,True,True,False,False,False,0.0219298245614035,-0.0175438596491228,,,0.0277192982456139,0.0278947368421052,-0.0131578947368421,-0.0701754385964912,0.0022859892919448,-0.0494159928122192,1130.0,1000.0,1.34375,0.000902201371346,0.0010828045860831,0.0002359440703591
2005-11-07,1160.0,1175.0,1155.0,1165.0,218000.0,1165.0,1132.0,1119.5,1110.6,1111.1333333333334,1016.65,False,False,False,False,False,False,True,True,True,False,False,-0.0128755364806866,-0.0472103004291845,,,0.0466952789699571,0.0462374821173103,-0.0171673819742489,-0.055793991416309,0.002639947201056,-0.0607414024117909,1105.0,1015.0,2.5348837209302326,0.0019809112191606,0.0010787098478145,0.0003539579091111
2005-11-08,1170.0,1180.0,1165.0,1165.0,194000.0,1165.0,1142.0,1126.5,1112.8,1114.0,1018.125,False,False,False,False,False,False,True,True,False,True,False,-0.0300429184549356,-0.055793991416309,,,0.0448068669527897,0.0437768240343347,-0.0171673819742489,-0.0686695278969957,0.0025733093955714,-0.0719041278295605,1155.0,1030.0,0.8899082568807339,0.0019769949676492,-3.916251511435886e-06,-6.663780548461437e-05
2005-11-09,1180.0,1180.0,1160.0,1180.0,178000.0,1180.0,1155.0,1134.5,1116.0,1116.7333333333331,1019.7,False,False,False,False,False,False,True,True,False,False,False,-0.059322033898305,-0.0508474576271186,,,0.0542372881355932,0.0536158192090397,-0.0254237288135593,-0.0847457627118644,0.0024476150677569,-0.0824151608638166,1150.0,1150.0,0.9175257731958762,0.0028673835125448,0.0008903885448956,-0.0001256943278144
2005-11-10,1190.0,1190.0,1145.0,1160.0,201000.0,1160.0,1162.0,1139.5,1119.0,1119.0666666666666,1021.225,False,False,False,False,False,False,True,True,False,True,False,-0.0301724137931034,-0.0387931034482758,,,0.0353448275862069,0.0352873563218391,-0.0172413793103448,-0.0603448275862069,0.0020850708924104,-0.088635366388767,1150.0,1135.0,1.1292134831460674,0.002680965147453,-0.0001864183650917,-0.0003625441753464
2005-11-11,1165.0,1190.0,1165.0,1165.0,54000.0,1165.0,1167.0,1144.5,1121.8,1118.8,1022.8,False,True,False,False,False,False,True,False,False,True,False,-0.03862660944206,-0.0600858369098712,,,0.0370815450643777,0.039656652360515,-0.0343347639484978,-0.0858369098712446,-0.0002383506137528,-0.0939274792485801,1175.0,1120.0,0.2686567164179104,0.0024959885897664,-0.0001849765576866,-0.0023234215061632
2005-11-14,1165.0,1170.0,1145.0,1150.0,44000.0,1150.0,1164.0,1148.0,1124.6,1118.6,1024.325,False,False,False,False,False,False,True,False,False,True,False,-0.0347826086956521,-0.0347826086956521,,,0.0220869565217392,0.027304347826087,-0.0217391304347826,-0.0521739130434782,-0.0001787949222242,-0.0831881533101045,1180.0,1120.0,0.8148148148148148,0.002489774141917,-6.214447849320608e-06,5.955569152856738e-05
2005-11-15,1150.0,1150.0,1120.0,1130.0,91000.0,1130.0,1157.0,1149.5,1125.8,1119.7333333333331,1025.7,False,False,False,False,False,False,True,True,False,True,False,-0.0265486725663716,-0.0132743362831858,,,0.003716814159292,0.009085545722714,0.0,-0.0353982300884955,0.0010121457489877,-0.0743801652892562,1160.0,1150.0,2.0681818181818183,0.0010659086871558,-0.0014238654547612,0.0011909406712119
2005-11-16,1125.0,1125.0,1100.0,1110.0,84000.0,1110.0,1143.0,1149.0,1126.6,1120.8,1026.925,False,False,False,False,False,False,True,True,False,True,False,0.009009009009009,0.0135135135135135,,,-0.0149549549549548,-0.0097297297297296,0.0135135135135135,-0.036036036036036,0.000951701165834,-0.0644038294168842,1160.0,1160.0,0.9230769230769232,0.0007101011894194,-0.0003558074977363,-6.044458315366912e-05
2005-11-17,1110.0,1140.0,1105.0,1125.0,105000.0,1125.0,1136.0,1149.0,1127.8,1121.9333333333334,1028.075,False,False,False,False,False,False,True,True,False,False,False,-0.0088888888888888,0.0088888888888888,,,-0.0024888888888888,0.0027259259259258,0.0044444444444444,-0.0355555555555555,0.0010101610315527,-0.0587467362924282,1180.0,1130.0,1.25,0.0010640184429863,0.0003539172535669,5.845986571869461e-05
2005-11-18,1125.0,1140.0,1110.0,1120.0,103000.0,1120.0,1127.0,1147.0,1126.4,1121.9333333333334,1029.35,False,False,False,False,False,False,False,False,False,True,False,-0.0223214285714285,0.0044642857142857,,,-0.0057142857142857,-0.0017261904761905,0.0089285714285714,-0.03125,0.0,-0.054925893635571,1205.0,1150.0,0.9809523809523808,-0.0012428977272726,-0.0023069161702589,-0.0010101610315527
2005-11-21,1120.0,1120.0,1080.0,1110.0,184000.0,1110.0,1119.0,1141.5,1126.0,1121.8666666666666,1030.525,False,False,False,False,False,False,False,False,False,False,False,0.0,0.0225225225225225,,,-0.0144144144144144,-0.0106906906906905,0.036036036036036,0.0045045045045045,-5.9424768243552486e-05,-0.0490582566798072,1170.0,1110.0,1.7864077669902914,-0.0003552397868562,0.0008876579404163,-5.9424768243552486e-05
2005-11-22,1095.0,1115.0,1095.0,1100.0,60000.0,1100.0,1113.0,1135.0,1125.4,1122.5333333333333,1031.65,False,False,False,False,False,False,False,True,False,True,False,0.0136363636363636,0.0681818181818181,,,-0.0230909090909091,-0.0204848484848484,0.0545454545454545,0.05,0.0005938947618482,-0.0374449339207048,1165.0,1115.0,0.3260869565217391,-0.0005331437711035,-0.0001779039842473,0.0006533195300918
2005-11-24,1110.0,1130.0,1105.0,1120.0,58000.0,1120.0,1115.0,1129.0,1125.6,1123.9333333333334,1032.875,False,False,False,False,False,False,True,True,False,False,False,0.0044642857142857,0.0223214285714285,,,-0.0049999999999999,-0.0035119047619048,0.0401785714285714,0.03125,0.0012456254819385,-0.0256864481842338,1150.0,1145.0,0.9666666666666668,0.0001776830135037,0.0007108267846072,0.0006517307200902
2005-11-25,1130.0,1130.0,1105.0,1115.0,38000.0,1115.0,1113.0,1124.5,1125.8,1125.4666666666667,1034.05,False,False,False,False,False,False,True,True,False,True,False,0.0179372197309417,0.0269058295964125,,,-0.0096860986547084,-0.0093871449925261,0.0582959641255605,0.0358744394618834,0.0013623978201634,-0.0160071142730102,1130.0,1130.0,0.6551724137931034,0.0001776514478593,-3.156564440699185e-08,0.0001167723382249
2005-11-28,1105.0,1110.0,1095.0,1095.0,50000.0,1095.0,1108.0,1117.5,1125.6,1126.7333333333331,1035.1,False,False,False,False,False,False,False,True,False,True,False,0.0273972602739726,0.0273972602739726,,,-0.0279452054794519,-0.0289802130898019,0.0821917808219178,0.0867579908675799,0.0011241938346841,0.0013422818791946,1115.0,1115.0,1.3157894736842106,-0.0001776830135039,-0.0003553344613632,-0.0002382039854793
2005-11-29,1100.0,1110.0,1090.0,1110.0,25000.0,1110.0,1108.0,1113.5,1126.0,1128.0,1036.2,False,False,False,False,False,False,True,True,False,False,False,0.0225225225225225,0.0315315315315315,,,-0.0144144144144144,-0.0162162162162162,0.063063063063063,0.1036036036036036,0.0011229314420805,0.0170633138751683,1110.0,1110.0,0.5,0.0003552397868562,0.0005329228003601,-1.262392603556791e-06
2005-11-30,1110.0,1125.0,1100.0,1115.0,88000.0,1115.0,1111.0,1112.0,1126.8,1129.1333333333334,1037.15,False,False,False,False,False,False,True,True,False,False,False,0.0538116591928251,0.0269058295964125,,,-0.0105829596412555,-0.0126756352765322,0.1210762331838565,0.1121076233183856,0.0010037196670013,0.0319244604316546,1110.0,1140.0,3.52,0.0007099751508696,0.0003547353640134,-0.0001192117750792
2005-12-01,1110.0,1125.0,1100.0,1125.0,70000.0,1125.0,1112.0,1113.5,1127.8,1128.8,1038.25,False,False,False,False,False,False,True,False,False,False,False,0.0177777777777777,0.0222222222222222,,,-0.0024888888888888,-0.0033777777777777,0.0933333333333333,0.0933333333333333,-0.0002952988424286,0.0449034575662326,1100.0,1140.0,0.7954545454545454,0.0008866820358219,0.0001767068849522,-0.00129901850943
2005-12-02,1110.0,1140.0,1110.0,1135.0,83000.0,1135.0,1116.0,1114.5,1128.8,1128.8,1039.475,False,False,False,True,True,False,True,False,False,True,False,0.0088105726872246,0.0044052863436123,,,0.0054625550660793,0.0054625550660793,0.1101321585903083,0.158590308370044,0.0,0.0646029609690444,1085.0,1140.0,1.1857142857142855,0.0008858965272856,-7.85508536341184e-07,0.0002952988424286
2005-12-05,1125.0,1130.0,1110.0,1125.0,118000.0,1125.0,1122.0,1115.0,1129.2,1128.8666666666666,1040.725,False,True,False,False,False,False,True,True,False,True,False,0.0,0.0,,,-0.0037333333333333,-0.0034370370370369,0.1333333333333333,0.2177777777777777,5.905628063539188e-05,0.0896860986547085,1095.0,1130.0,1.4216867469879515,0.0003542330853702,-0.0005316634419153,5.905628063539188e-05
2005-12-06,1135.0,1140.0,1125.0,1135.0,107000.0,1135.0,1127.0,1117.5,1130.0,1129.0666666666666,1041.3,False,False,False,False,False,False,True,True,False,False,True,0.0088105726872246,-0.0088105726872246,,,0.0044052863436123,0.0052276064610866,0.1762114537444934,0.1938325991189427,0.0001771374586679,0.1087248322147651,1080.0,1105.0,0.9067796610169492,0.0007079646017698,0.0003537315163996,0.0001180811780325
2005-12-07,1145.0,1180.0,1145.0,1175.0,166000.0,1175.0,1139.0,1125.0,1132.4,1129.4,1042.55,False,False,False,False,False,False,True,True,True,False,False,-0.025531914893617,-0.0382978723404255,,,0.036255319148936,0.0388085106382977,0.0638297872340425,0.1531914893617021,0.0002951419632844,0.1191111111111111,1100.0,1155.0,1.5514018691588785,0.0021193924408337,0.0014114278390638,0.0001180045046165
2005-12-08,1175.0,1175.0,1145.0,1145.0,62000.0,1145.0,1143.0,1127.5,1133.6,1129.2,1043.55,False,False,False,False,False,False,True,False,False,True,False,0.0043668122270742,-0.0174672489082969,,,0.0099563318777293,0.0137991266375545,-0.0043668122270742,0.1746724890829694,-0.0001771165426851,0.1334811529933481,1090.0,1150.0,0.3734939759036144,0.0010585744530697,-0.001060817987764,-0.0004722585059696
2005-12-09,1155.0,1155.0,1135.0,1145.0,87000.0,1145.0,1145.0,1130.5,1134.4,1129.4,1044.65,False,False,False,False,False,False,True,True,False,True,False,-0.0043668122270742,-0.0131004366812227,,,0.0092576419213973,0.0136244541484715,0.0480349344978165,0.1615720524017467,0.0001770851779706,0.145953118089341,1095.0,1150.0,1.403225806451613,0.0007052186177716,-0.000353355835298,0.0003542017206557
2005-12-12,1155.0,1160.0,1110.0,1125.0,200000.0,1125.0,1145.0,1133.5,1133.8,1129.0666666666666,1045.65,False,False,False,False,False,False,False,False,False,True,False,0.0,0.0044444444444444,,,-0.0078222222222221,-0.0036148148148147,0.0711111111111111,0.1866666666666666,-0.00029522909778,0.1557123952359947,1155.0,1175.0,2.2988505747126435,-0.0005291938613513,-0.0012344124791229,-0.0004723142757506
2005-12-13,1130.0,1145.0,1130.0,1145.0,60000.0,1145.0,1147.0,1137.0,1133.0,1129.5333333333333,1046.75,False,False,False,False,False,False,False,True,False,True,False,-0.0174672489082969,0.0043668122270742,,,0.0104803493449781,0.0135080058224163,0.0043668122270742,0.2139737991266375,0.0004131499734403,0.1666666666666666,1120.0,1180.0,0.3,-0.0007060900264783,-0.000176896165127,0.0007083790712203
2005-12-14,1150.0,1160.0,1145.0,1145.0,91000.0,1145.0,1141.0,1140.0,1132.2,1129.9333333333334,1047.6,False,False,False,False,False,False,False,True,False,True,False,-0.0131004366812227,0.0131004366812227,,,0.01117903930131,0.0131586608442503,0.0480349344978165,0.2183406113537118,0.0003540031860287,0.1771929824561403,1115.0,1160.0,1.5166666666666666,-0.000706588941883,-4.989154046835132e-07,-5.914678741163101e-05
2005-12-15,1135.0,1155.0,1135.0,1150.0,64000.0,1150.0,1142.0,1142.5,1131.0,1130.0,1048.1,False,False,False,False,False,False,False,True,False,True,False,-0.0217391304347826,0.0130434782608695,,,0.0165217391304347,0.017391304347826,0.017391304347826,0.2391304347826087,5.899705014743897e-05,0.1916849015317286,1115.0,1160.0,0.7032967032967034,-0.0010610079575597,-0.0003544190156767,-0.0002950061358813
2005-12-16,1150.0,1150.0,1135.0,1140.0,78000.0,1140.0,1141.0,1143.0,1130.2,1130.1333333333334,1048.625,False,False,False,False,False,False,False,True,False,False,False,-0.0087719298245614,0.0350877192982456,,,0.0085964912280701,0.0086549707602338,0.0526315789473684,0.2675438596491228,0.0001179801793299,0.2025371828521434,1110.0,1180.0,1.21875,-0.0007078393204742,0.0003531686370855,5.8983129182527496e-05
2005-12-19,1145.0,1150.0,1120.0,1125.0,117000.0,1125.0,1141.0,1143.0,1128.6,1130.2666666666669,1048.95,False,False,True,False,False,True,False,True,False,True,False,0.0044444444444444,0.0533333333333333,,,-0.0031999999999999,-0.0046814814814816,0.0977777777777777,0.3155555555555555,0.0001179662616492,0.2121609798775153,1100.0,1205.0,1.5,-0.001417685628212,-0.0007098463077378,-1.3917680704268676e-08
2005-12-20,1125.0,1140.0,1125.0,1125.0,107000.0,1125.0,1137.0,1142.0,1127.6,1130.4666666666667,1049.175,False,False,False,False,False,False,False,True,False,False,False,0.0222222222222222,0.0488888888888888,,,-0.002311111111111,-0.0048592592592592,0.0933333333333333,0.3644444444444444,0.0001769180869255,0.2289842381786339,1100.0,1170.0,0.9145299145299144,-0.0008868393047179,0.000530846323494,5.895182527633026e-05
2005-12-21,1125.0,1135.0,1125.0,1130.0,173000.0,1130.0,1134.0,1137.5,1127.6,1130.3333333333333,1049.4,False,False,False,False,False,False,False,False,False,False,False,0.0265486725663716,0.1061946902654867,,,0.0021238938053098,-0.0002949852507373,0.0752212389380531,0.4336283185840708,-0.0001179593040402,0.2571428571428571,1095.0,1165.0,1.616822429906542,0.0,0.0008868393047179,-0.0002948773909657
2005-12-22,1130.0,1135.0,1125.0,1125.0,72000.0,1125.0,1129.0,1135.5,1128.2,1130.1333333333334,1049.525,False,False,False,False,False,False,True,False,False,False,False,0.0355555555555555,0.0933333333333333,,,-0.0028444444444444,-0.004562962962963,0.0622222222222222,0.3955555555555555,-0.0001769702689946,0.2791721708498458,1100.0,1150.0,0.4161849710982659,0.0005318205991846,0.0005318205991846,-5.901096495444787e-05
2005-12-26,1140.0,1145.0,1120.0,1130.0,198000.0,1130.0,1127.0,1134.0,1128.4,1130.0,1049.75,False,False,False,False,False,False,True,False,False,True,False,0.0442477876106194,0.1150442477876106,,,0.0014159292035397,0.0,0.0707964601769911,0.3716814159292035,-0.000117994100295,0.3002645502645503,1110.0,1130.0,2.75,0.000177242112726,-0.0003545784864586,5.897616869956876e-05
2005-12-27,1125.0,1145.0,1125.0,1130.0,196000.0,1130.0,1128.0,1134.5,1128.8,1130.0,1049.625,False,False,False,False,False,False,True,False,False,False,False,0.0486725663716814,0.1283185840707964,,,0.0010619469026549,0.0,0.0707964601769911,0.2566371681415929,0.0,0.3071837814014984,1115.0,1115.0,0.98989898989899,0.0003543586109141,0.0001771164981881,0.000117994100295
2005-12-28,1140.0,1150.0,1125.0,1150.0,89000.0,1150.0,1133.0,1135.0,1130.4,1130.6,1049.5,False,False,False,False,False,False,True,True,True,False,False,0.0260869565217391,0.1608695652173913,,,0.0170434782608694,0.0168695652173913,0.0347826086956521,0.2956521739130435,0.0005306916681407,0.3154185022026431,1115.0,1110.0,0.4540816326530612,0.0014154281670206,0.0010610695561065,0.0005306916681407
2005-12-29,1155.0,1165.0,1150.0,1160.0,145000.0,1160.0,1139.0,1136.5,1132.8,1130.6666666666667,1049.575,True,True,False,False,False,False,True,True,False,False,False,0.0775862068965517,0.0775862068965517,,,0.023448275862069,0.025287356321839,0.0517241379310344,0.2629310344827586,5.896226415109086e-05,0.3198416190057193,1115.0,1110.0,1.6292134831460674,0.0021186440677964,0.0007032159007758,-0.0004717294039896
2005-12-30,1165.0,1180.0,1165.0,1165.0,103000.0,1165.0,1147.0,1138.0,1134.6,1130.8666666666666,1049.55,False,False,False,False,False,False,True,True,False,True,False,0.055793991416309,-0.0214592274678111,,,0.0260944206008584,0.0292989985693849,0.03862660944206,0.2703862660944206,0.0001768555090489,0.3229349736379613,1115.0,1100.0,0.7103448275862069,0.0015864621893177,-0.0005321818784787,0.0001178932448978
2006-01-04,1175.0,1180.0,1165.0,1180.0,94000.0,1180.0,1157.0,1142.0,1137.2,1131.2666666666669,1049.7,False,False,False,False,False,False,True,True,False,False,False,0.0677966101694915,0.0169491525423728,,,0.0362711864406779,0.0412994350282484,0.0211864406779661,0.2288135593220339,0.0003535859508518,0.318739054290718,1125.0,1085.0,0.912621359223301,0.002286317270489,0.0006998550811712,0.0001767304418028
2006-01-05,1200.0,1200.0,1165.0,1185.0,174000.0,1185.0,1168.0,1148.0,1140.8,1131.4,1049.8,False,False,False,False,False,False,True,True,False,False,False,0.0759493670886076,0.0168776371308016,,,0.0372995780590717,0.0452320675105484,0.0,0.1814345991561181,0.0001178480938069,0.3048780487804878,1140.0,1095.0,1.851063829787234,0.0031556802244038,0.0008693629539148,-0.0002357378570448
2006-01-06,1195.0,1195.0,1180.0,1180.0,164000.0,1180.0,1174.0,1153.5,1143.6,1131.4,1049.9,False,False,False,False,False,False,True,False,False,True,False,0.1313559322033898,-0.0254237288135593,,,0.0308474576271187,0.041186440677966,-0.0127118644067796,0.2033898305084746,0.0,0.2886866059817945,1165.0,1080.0,0.942528735632184,0.0024484085344525,-0.0007072716899512,-0.0001178480938069
2006-01-10,1190.0,1270.0,1190.0,1250.0,725000.0,1250.0,1192.0,1165.5,1149.0,1132.6,1050.55,False,False,False,False,False,False,True,True,False,False,False,0.0,-0.04,,,0.0808,0.09392,-0.084,0.124,0.0010595090941195,0.2569712569712569,1165.0,1100.0,4.420731707317073,0.0046997389033943,0.0022513303689417,0.0010595090941195
2006-01-11,1275.0,1280.0,1225.0,1230.0,556000.0,1230.0,1205.0,1176.0,1153.2,1133.5333333333333,1051.1,False,False,False,False,False,False,True,True,False,True,False,-0.073170731707317,-0.048780487804878,,,0.0624390243902438,0.0784281842818428,-0.0853658536585365,0.1382113821138211,0.0008233841086867,0.2312925170068027,1180.0,1090.0,0.766896551724138,0.0036420395421436,-0.0010576993612506,-0.0002361249854328
2006-01-12,1250.0,1260.0,1225.0,1260.0,199000.0,1260.0,1221.0,1189.0,1158.2,1134.6,1051.975,False,False,False,False,False,False,True,True,False,False,False,-0.0476190476190476,-0.0476190476190476,,,0.0807936507936507,0.0995238095238096,-0.115079365079365,0.1111111111111111,0.0009401257418179,0.2052144659377628,1160.0,1095.0,0.3579136690647482,0.0043170436884821,0.0006750041463384,0.0001167416331311
2006-01-13,1275.0,1290.0,1260.0,1275.0,439000.0,1275.0,1239.0,1203.5,1164.2,1135.5333333333333,1052.975,False,False,False,False,False,False,True,True,False,False,False,-0.0549019607843137,-0.0313725490196078,,,0.0869019607843136,0.1093856209150327,-0.1529411764705882,0.0980392156862745,0.0008219338930312,0.1890319900290818,1165.0,1155.0,2.2060301507537687,0.0051537536505755,0.0008367099620933,-0.0001181918487866
2006-01-16,1280.0,1335.0,1280.0,1335.0,577000.0,1335.0,1270.0,1222.0,1172.2,1137.7333333333331,1054.025,False,False,False,False,False,False,True,True,False,False,False,-0.1385767790262172,-0.0786516853932584,,,0.1219475655430711,0.147765293383271,-0.299625468164794,0.0561797752808988,0.0019336692839562,0.1644844517184942,1150.0,1120.0,1.3143507972665147,0.0068247739293635,0.001671020278788,0.001111735390925
2006-01-17,1310.0,1360.0,1235.0,1250.0,512000.0,1250.0,1270.0,1231.0,1175.2,1138.8666666666666,1054.5,False,False,False,False,False,False,True,True,False,True,False,-0.04,-0.028,,,0.0598399999999999,0.0889066666666667,-0.22,0.124,0.0009951413686121,0.1510966693744923,1130.0,1115.0,0.8873483535528596,0.0025527569775357,-0.0042720169518278,-0.000938527915344
2006-01-18,1225.0,1225.0,1100.0,1140.0,452000.0,1140.0,1252.0,1228.5,1175.0,1138.7333333333331,1054.575,False,False,False,False,False,False,False,False,False,True,False,0.0263157894736842,0.0482456140350877,,,-0.0307017543859649,0.0011111111111112,-0.1578947368421052,0.2280701754385964,-0.000117089163398,0.1469271469271469,1110.0,1115.0,0.8828125,-0.0001702127659574,-0.0027229697434932,-0.0011122305320101
2006-01-19,1150.0,1235.0,1140.0,1200.0,296000.0,1200.0,1240.0,1230.5,1177.2,1139.6666666666667,1055.075,False,False,False,False,False,False,True,True,True,False,False,0.0,0.0083333333333333,,,0.0189999999999999,0.0502777777777777,-0.15,0.1666666666666666,0.0008189529102079,0.1409995936611133,1125.0,1110.0,0.6548672566371682,0.0018688413183826,0.0020390540843401,0.0009360420736059
2006-01-20,1205.0,1225.0,1185.0,1205.0,179000.0,1205.0,1226.0,1232.5,1180.4,1140.8666666666666,1055.75,False,False,False,False,False,False,True,True,False,False,False,0.0248962655601659,0.0041493775933609,,,0.020414937759336,0.0532226832641771,-0.1203319502074688,0.1493775933609958,0.0010518319406297,0.1379310344827586,1120.0,1100.0,0.6047297297297297,0.002710945442223,0.0008421041238403,0.0002328790304218
2006-01-23,1170.0,1170.0,1140.0,1150.0,162000.0,1150.0,1189.0,1229.5,1180.6,1141.4,1056.2,False,False,False,False,False,False,True,True,False,True,False,0.0695652173913043,0.0347826086956521,,,-0.0266086956521738,0.0074782608695651,-0.0434782608695652,0.1782608695652174,0.0004672624262603,0.1354209028060187,1110.0,1100.0,0.905027932960894,0.0001694053870911,-0.0025415400551318,-0.0005845695143694
2006-01-24,1175.0,1200.0,1170.0,1200.0,122000.0,1200.0,1179.0,1224.5,1182.8,1142.6,1057.15,False,False,False,False,False,False,True,True,True,False,False,0.0125,0.0166666666666666,,,0.0143333333333333,0.0478333333333334,-0.0958333333333333,0.1083333333333333,0.001050236303168,0.133932217231523,1100.0,1095.0,0.7530864197530864,0.0018599932363882,0.0016905878492971,0.0005829738769077
2006-01-25,1210.0,1210.0,1170.0,1170.0,127000.0,1170.0,1185.0,1218.5,1183.6,1143.5333333333333,1057.85,False,False,False,False,False,False,True,True,False,True,False,0.0213675213675213,0.0341880341880341,,,-0.0116239316239315,0.0226210826210826,-0.0769230769230769,0.0683760683760683,0.0008161837579432,0.1272055806319245,1120.0,1100.0,1.040983606557377,0.0006759040216288,-0.0011840892147593,-0.0002340525452247
2006-01-26,1175.0,1215.0,1175.0,1200.0,84000.0,1200.0,1185.0,1212.5,1186.0,1145.0666666666666,1058.625,False,False,False,False,False,False,True,True,True,False,False,0.0083333333333333,0.0041666666666666,,,0.0116666666666666,0.0457777777777778,-0.0916666666666666,0.0625,0.0013390777829529,0.1224742268041237,1115.0,1110.0,0.6614173228346457,0.0020236087689714,0.0013477047473425,0.0005228940250096
2006-01-27,1225.0,1235.0,1210.0,1235.0,105000.0,1235.0,1191.0,1208.5,1190.4,1146.9333333333334,1059.525,False,False,False,False,False,False,True,True,False,False,False,-0.020242914979757,-0.0404858299595141,,,0.0361133603238865,0.0713090418353575,-0.1376518218623481,0.0931174089068826,0.0016275284817485,0.1220521307405875,1095.0,1115.0,1.25,0.0036962365591398,0.0016726277901684,0.0002884506987956
2006-01-30,1245.0,1245.0,1225.0,1230.0,103000.0,1230.0,1207.0,1198.0,1194.6,1148.9333333333334,1060.4,False,False,False,False,False,False,True,True,False,True,False,-0.032520325203252,-0.0528455284552845,,,0.0287804878048781,0.0659078590785907,-0.1138211382113821,-0.032520325203252,0.0017407450388766,0.1135225375626043,1110.0,1115.0,0.9809523809523808,0.003515821195379,-0.0001804153637608,0.0001132165571281
2006-01-31,1220.0,1230.0,1215.0,1215.0,52000.0,1215.0,1210.0,1194.5,1198.0,1150.4666666666667,1061.175,False,False,False,False,False,False,True,True,False,True,False,0.0041152263374485,-0.0576131687242798,,,0.0139917695473251,0.053113854595336,-0.102880658436214,-0.0205761316872428,0.001332792490004,0.0987861029719548,1115.0,1115.0,0.5048543689320388,0.0028380634390651,-0.0006777577563138,-0.0004079525488726
2006-02-01,1220.0,1230.0,1195.0,1195.0,136000.0,1195.0,1215.0,1200.0,1200.8,1151.8666666666666,1061.825,False,False,False,False,False,False,True,True,False,True,True,0.0125523012552301,-0.0585774058577405,,,-0.0048535564853556,0.036094839609484,-0.104602510460251,-0.0292887029288702,0.0012154184512095,0.07375,1125.0,1115.0,2.6153846153846154,0.0023317788141238,-0.0005062846249413,-0.0001173740387945
2006-02-02,1185.0,1210.0,1185.0,1210.0,50000.0,1210.0,1217.0,1201.0,1204.0,1153.4,1062.5,False,False,False,False,False,False,True,True,False,False,False,-0.0041322314049586,-0.0785123966942148,,,0.0049586776859504,0.0467768595041321,-0.1033057851239669,-0.0082644628099173,0.0013294029246866,0.056203164029975,1135.0,1125.0,0.3676470588235294,0.0026578073089701,0.0003260284948462,0.000113984473477
2006-02-03,1205.0,1210.0,1195.0,1210.0,30000.0,1210.0,1212.0,1201.5,1207.2,1154.1333333333334,1063.125,False,False,False,False,False,False,True,True,False,True,False,-0.0206611570247933,-0.1074380165289256,,,0.0023140495867768,0.0461707988980715,-0.1033057851239669,-0.0165289256198347,0.0006353974121996,0.0395339159384103,1125.0,1140.0,0.6,0.002650762094102,-7.04521486804546e-06,-0.0006940055124869
2006-02-06,1220.0,1220.0,1190.0,1190.0,83000.0,1190.0,1204.0,1205.5,1208.8,1155.0666666666666,1063.775,False,False,False,False,False,False,True,True,False,True,True,-0.0210084033613445,-0.2142857142857142,,,-0.015798319327731,0.0293557422969188,-0.0630252100840336,-0.0042016806722689,0.0008080341683018,0.021982579842389,1135.0,1165.0,2.7666666666666666,0.00132362673726,-0.001327135356842,0.0001726367561021
2006-02-07,1195.0,1225.0,1190.0,1220.0,128000.0,1220.0,1205.0,1207.5,1211.2,1156.4666666666667,1064.65,False,False,False,False,False,False,True,True,False,False,False,-0.0614754098360655,-0.2008196721311475,,,0.0072131147540983,0.0520765027322404,-0.0532786885245901,-0.0245901639344262,0.0012105839626449,0.008695652173913,1175.0,1165.0,1.5421686746987953,0.0019815059445179,0.0006578792072578,0.000402549794343
2006-02-08,1235.0,1235.0,1205.0,1210.0,73000.0,1210.0,1208.0,1211.5,1213.0,1157.7333333333331,1065.575,False,False,False,False,False,False,True,True,False,True,False,-0.0702479338842975,-0.2066115702479339,,,-0.0024793388429752,0.0431955922865015,-0.0454545454545454,-0.0082644628099173,0.0010940919037197,0.0012381345439537,1145.0,1180.0,0.5703125,0.0014839241549875,-0.0004975817895303,-0.0001164920589252
2006-02-09,1200.0,1215.0,1180.0,1205.0,350000.0,1205.0,1207.0,1212.0,1214.0,1159.0,1066.55,False,False,False,False,False,False,True,True,False,True,False,-0.0746887966804979,-0.1535269709543568,,,-0.0074688796680497,0.0381742738589211,-0.0414937759336099,-0.0290456431535269,0.0010928961748635,-0.0078382838283828,1145.0,1160.0,4.794520547945205,0.000823723228995,-0.0006602009259925,-1.1957288561321913e-06
2006-02-10,1210.0,1210.0,1175.0,1185.0,192000.0,1185.0,1202.0,1207.0,1214.0,1160.1333333333334,1067.85,False,False,False,False,False,False,False,True,False,True,False,-0.0886075949367088,-0.1054852320675105,,,-0.0244725738396624,0.02098452883263,0.0042194092827004,-0.0464135021097046,0.0009768992069877,-0.0219552609776304,1125.0,1165.0,0.5485714285714286,0.0,-0.000823723228995,-0.0001159969678757
2006-02-13,1150.0,1165.0,1100.0,1165.0,394000.0,1165.0,1197.0,1200.5,1213.4,1161.0,1068.85,False,False,False,False,False,False,False,True,False,True,False,-0.1974248927038626,-0.055793991416309,,,-0.0415450643776824,0.0034334763948497,0.0515021459227467,-0.0042918454935622,0.0007464829170254,-0.0191586838817159,1145.0,1150.0,2.052083333333333,-0.0004944783253666,-0.0004944783253666,-0.0002304162899623
2006-02-14,1120.0,1145.0,1070.0,1145.0,199000.0,1145.0,1182.0,1193.5,1209.2,1161.6666666666667,1069.7,False,False,False,False,False,False,False,True,False,True,False,-0.148471615720524,-0.0524017467248908,,,-0.0560698689956332,-0.0145560407569141,0.0829694323144104,0.0,0.0005738880918221,-0.0171763720150816,1145.0,1130.0,0.5050761421319797,-0.0034733708236851,-0.0029788924983184,-0.0001725948252033
2006-02-15,1130.0,1145.0,1125.0,1125.0,64000.0,1125.0,1165.0,1186.5,1205.0,1162.0,1070.55,False,False,False,False,False,False,False,True,False,True,False,-0.1466666666666666,-0.04,,,-0.0711111111111111,-0.0328888888888888,0.0933333333333333,0.0,0.0002868617326447,-0.0143278550358196,1150.0,1110.0,0.321608040201005,-0.0034854771784232,-1.210635473815596e-05,-0.0002870263591773
2006-02-16,1135.0,1135.0,1100.0,1115.0,92000.0,1115.0,1147.0,1177.0,1199.2,1162.0666666666666,1071.25,False,False,False,False,False,False,False,True,False,True,False,-0.085201793721973,-0.0224215246636771,,,-0.0755156950672646,-0.0422122571001494,0.179372197309417,-0.0089686098654708,5.736905513160981e-05,-0.0144435004248088,1140.0,1125.0,1.4375,-0.0048365577051367,-0.0013510805267134,-0.0002294926775131
2006-02-17,1080.0,1090.0,1015.0,1080.0,133000.0,1080.0,1126.0,1164.0,1191.4,1161.6,1071.825,False,False,False,False,False,False,False,False,False,True,False,-0.0185185185185185,-0.0138888888888888,,,-0.1031481481481482,-0.0755555555555554,0.2685185185185185,-0.0648148148148148,-0.0004017447199265,-0.0189003436426116,1125.0,1120.0,1.4456521739130437,-0.0065469195903978,-0.001710361885261,-0.0004591137750581
2006-02-20,1040.0,1045.0,930.0,935.0,281000.0,935.0,1080.0,1138.5,1175.4,1159.2,1071.675,False,False,False,False,False,False,False,False,False,True,False,0.1764705882352941,0.1657754010695187,,,-0.2571122994652407,-0.2397860962566845,0.4491978609625668,0.1229946524064171,-0.002070393374741,-0.0087834870443566,1125.0,1110.0,2.112781954887218,-0.0136123872724178,-0.00706546768202,-0.0016686486548145
2006-02-21,935.0,1005.0,935.0,975.0,220000.0,975.0,1046.0,1114.0,1164.4,1157.3333333333333,1071.725,False,False,False,False,False,False,False,False,False,False,False,0.1128205128205128,0.1179487179487179,,,-0.1942564102564103,-0.1870085470085469,0.3897435897435897,0.0615384615384615,-0.0016129032258065,-0.0008976660682226,1130.0,1100.0,0.7829181494661922,-0.00944692545517,0.0041654618172478,0.0004574901489345
2006-02-22,950.0,980.0,940.0,960.0,467000.0,960.0,1013.0,1089.0,1157.2,1155.2666666666669,1071.675,False,False,False,False,False,False,False,False,False,False,False,0.125,0.1145833333333333,,,-0.2054166666666667,-0.203402777777778,0.4010416666666667,0.0729166666666666,-0.0017889087656527,0.0064279155188246,1125.0,1120.0,2.122727272727273,-0.0062219149671621,0.0032250104880078,-0.0001760055398461
2006-02-23,970.0,1030.0,970.0,1020.0,159000.0,1020.0,994.0,1070.5,1150.0,1153.8666666666666,1071.925,False,False,True,False,False,False,False,False,False,True,False,0.0686274509803921,0.0637254901960784,,,-0.1274509803921568,-0.1312418300653593,0.3039215686274509,-0.0049019607843137,-0.0012133117633467,0.0093414292386735,1130.0,1115.0,0.3404710920770878,-0.0062608695652174,-3.895459805527621e-05,0.0005755970023059
2006-02-24,1020.0,1060.0,1020.0,1060.0,86000.0,1060.0,990.0,1058.0,1144.2,1152.8,1072.175,False,False,False,False,False,False,False,False,False,False,False,0.0047169811320754,0.0235849056603773,,,-0.0794339622641509,-0.0875471698113207,0.2594339622641509,-0.0377358490566037,-0.0009252833680314,0.0108695652173913,1130.0,1095.0,0.5408805031446541,-0.0050690438734486,0.0011918256917687,0.0002880283953152
2006-02-27,1055.0,1105.0,1055.0,1100.0,155000.0,1100.0,1023.0,1051.5,1142.2,1151.9333333333334,1072.575,False,False,False,False,False,False,False,False,False,False,False,-0.009090909090909,0.0136363636363636,,,-0.0383636363636364,-0.0472121212121212,0.2636363636363636,-0.0181818181818181,-0.0007523583540713,0.009510223490252,1150.0,1110.0,1.802325581395349,-0.0017510068289266,0.003318037044522,0.00017292501396
2006-02-28,1110.0,1135.0,1080.0,1085.0,93000.0,1085.0,1045.0,1045.5,1137.6,1150.8666666666666,1072.9,False,False,False,False,False,False,False,False,False,True,False,0.0046082949308755,0.064516129032258,,,-0.0484792626728109,-0.0607066052227341,0.2857142857142857,0.0276497695852534,-0.0009268377454673,0.0124342419894787,1160.0,1115.0,0.6,-0.004043600562588,-0.0022925937336613,-0.000174479391396
2006-03-01,1070.0,1085.0,1050.0,1080.0,47000.0,1080.0,1069.0,1041.0,1134.0,1149.5333333333333,1073.3,False,False,False,False,False,False,False,False,False,False,False,-0.0092592592592592,0.0694444444444444,,,-0.05,-0.0643827160493826,0.3194444444444444,-0.0046296296296296,-0.0011598909702487,0.0120076849183477,1165.0,1125.0,0.5053763440860215,-0.003174603174603,0.0008689973879849,-0.0002330532247814
2006-03-02,1070.0,1095.0,1070.0,1090.0,27000.0,1090.0,1083.0,1038.5,1129.6,1148.6,1073.7,False,False,False,False,False,False,False,False,False,True,False,-0.0045871559633027,0.0596330275229357,,,-0.0363302752293577,-0.0537614678899081,0.3256880733944954,-0.0412844036697247,-0.0008125834349063,0.0086663456909003,1180.0,1135.0,0.574468085106383,-0.0038951841359774,-0.0007205809613743,0.0003473075353424
2006-03-03,1080.0,1125.0,1065.0,1065.0,51000.0,1065.0,1084.0,1037.0,1122.8,1147.2666666666669,1073.975,False,False,False,False,False,False,False,False,False,True,False,0.0187793427230046,0.1173708920187793,,,-0.0542723004694835,-0.0772456964006261,0.3896713615023474,0.028169014084507,-0.0011621825788828,0.0183220829315332,1185.0,1125.0,1.8888888888888888,-0.006056287851799,-0.0021611037158216,-0.0003495991439765
2006-03-06,1090.0,1090.0,1065.0,1090.0,13000.0,1090.0,1082.0,1052.5,1117.2,1146.4666666666667,1074.375,False,False,False,False,False,False,False,False,False,False,True,0.0229357798165137,0.1238532110091743,,,-0.024954128440367,-0.0518042813455657,0.4082568807339449,-0.036697247706422,-0.0006977961272316,0.0033254156769596,1180.0,1135.0,0.2549019607843137,-0.0050125313283207,0.0010437565234783,0.0004643864516512
2006-03-07,1080.0,1090.0,1045.0,1090.0,32000.0,1090.0,1083.0,1064.0,1112.2,1145.9333333333334,1074.7,False,False,False,False,False,False,False,False,False,False,False,0.0596330275229357,0.1376146788990825,,,-0.0203669724770642,-0.0513149847094801,0.4862385321100917,-0.0642201834862385,-0.0004654139275117,-0.0089285714285714,1250.0,1175.0,2.4615384615384617,-0.0044955943175687,0.0005169370107519,0.0002323821997198
2006-03-08,1065.0,1075.0,1030.0,1070.0,115000.0,1070.0,1081.0,1075.0,1107.2,1145.4,1075.025,False,False,False,False,False,False,False,False,False,True,False,0.0794392523364486,0.1495327102803738,,,-0.0347663551401869,-0.0704672897196262,0.4672897196261682,-0.02803738317757,-0.0004656306384959,-0.0181395348837209,1230.0,1145.0,3.59375,-0.0045158959537572,-2.030163618844255e-05,-2.167109842321946e-07
2006-03-09,1050.0,1085.0,1050.0,1085.0,22000.0,1085.0,1080.0,1081.5,1102.2,1144.8666666666666,1075.375,False,False,False,False,False,False,False,False,False,True,False,0.064516129032258,0.2119815668202765,,,-0.015852534562212,-0.0551766513056834,0.4285714285714285,-0.0506912442396313,-0.0004658475513889,-0.0226537216828478,1260.0,1145.0,0.1913043478260869,-0.0045363817818907,-2.048582813353895e-05,-2.1691289299366045e-07
2006-03-10,1085.0,1085.0,1075.0,1085.0,18000.0,1085.0,1084.0,1084.0,1097.2,1144.4,1075.6,False,False,False,False,False,False,False,False,False,True,False,0.0967741935483871,0.2626728110599078,,,-0.0112442396313364,-0.0547465437788019,0.3087557603686636,-0.0368663594470046,-0.0004077828265173,-0.0226014760147601,1275.0,1125.0,0.8181818181818182,-0.0045570543200874,-2.067253819673133e-05,5.806472487161773e-05
2006-03-13,1100.0,1115.0,1100.0,1115.0,60000.0,1115.0,1089.0,1085.5,1094.2,1144.4666666666667,1076.625,False,False,False,False,True,False,False,True,False,False,False,0.0986547085201793,0.2152466367713004,,,0.0186547085201793,-0.0264275037369208,0.336322869955157,-0.0448430493273542,5.825129609128505e-05,-0.0253339474896361,1335.0,1145.0,3.333333333333333,-0.0027417291171632,0.0018153252029242,0.0004660341226086
2006-03-14,1165.0,1190.0,1145.0,1155.0,266000.0,1155.0,1102.0,1092.5,1091.6,1145.2,1078.275,False,False,False,False,False,False,False,True,False,False,False,0.0735930735930736,0.1731601731601731,,,0.0548917748917749,0.0084848484848484,0.2683982683982684,-0.0735930735930736,0.0006403539410874,-0.0356979405034324,1250.0,1145.0,4.433333333333334,-0.0023818248442654,0.0003599042728978,0.0005821026449961
2006-03-15,1160.0,1160.0,1145.0,1155.0,36000.0,1155.0,1119.0,1100.0,1089.4,1145.6666666666667,1080.05,False,False,False,False,False,False,False,True,False,False,False,0.0649350649350649,0.1645021645021645,,,0.0567965367965367,0.008080808080808,0.2813852813852814,-0.0649350649350649,0.0004073319755601,-0.0418181818181818,1140.0,1150.0,0.1353383458646616,-0.0020194602533503,0.0003623645909151,-0.0002330219655273
2006-03-16,1160.0,1185.0,1140.0,1155.0,148000.0,1155.0,1133.0,1106.5,1087.4,1146.2,1081.875,False,False,False,False,False,False,False,True,False,False,False,0.1385281385281385,0.1515151515151515,,,0.0585281385281384,0.0076190476190475,0.2554112554112554,-0.0952380952380952,0.0004653056476472,-0.0474469046543154,1200.0,1140.0,4.111111111111111,-0.0018392495861688,0.0001802106671814,5.797367208716398e-05
2006-03-17,1180.0,1195.0,1175.0,1190.0,91000.0,1190.0,1154.0,1119.0,1087.6,1147.4666666666667,1083.95,False,False,False,False,False,False,True,True,False,False,False,0.1512605042016806,0.1218487394957983,,,0.0860504201680673,0.0357422969187674,0.1764705882352941,-0.1134453781512605,0.0011038810132465,-0.0616621983914209,1205.0,1125.0,0.6148648648648649,0.000183891136447,0.0020231407226158,0.0006385753655992
2006-03-20,1215.0,1240.0,1210.0,1225.0,184000.0,1225.0,1176.0,1132.5,1090.0,1149.0,1086.175,False,False,False,False,False,False,True,True,True,False,False,0.1061224489795918,0.1346938775510204,,,0.110204081632653,0.0620408163265306,0.1591836734693877,-0.1551020408163265,0.0013344937626921,-0.0741721854304635,1150.0,1125.0,2.021978021978022,0.0022018348623854,0.0020179437259383,0.0002306127494456
2006-03-22,1220.0,1240.0,1210.0,1240.0,105000.0,1240.0,1193.0,1147.5,1093.8,1150.6666666666667,1088.225,False,False,False,False,False,False,True,True,False,False,False,0.0927419354838709,0.125,,,0.1179032258064516,0.0720430107526881,0.1330645161290322,-0.1774193548387097,0.0014484356894554,-0.0862745098039215,1200.0,1130.0,0.5706521739130435,0.003474126897056,0.0012722920346706,0.0001139419267632
2006-03-23,1250.0,1250.0,1215.0,1230.0,127000.0,1230.0,1208.0,1163.5,1098.0,1152.0666666666666,1090.2,False,False,False,False,False,False,True,True,False,False,False,0.0934959349593495,0.1585365853658536,,,0.1073170731707317,0.063360433604336,0.1382113821138211,-0.1829268292682926,0.0012152074532722,-0.1018478727975934,1170.0,1125.0,1.2095238095238094,0.0038251366120218,0.0003510097149658,-0.0002332282361831
2006-03-24,1280.0,1345.0,1275.0,1315.0,1289000.0,1315.0,1240.0,1186.5,1106.0,1154.4666666666667,1092.6,False,False,False,False,False,False,True,True,False,False,False,0.0114068441064638,0.0988593155893536,,,0.15893536121673,0.1220785804816222,0.0646387832699619,-0.2395437262357414,0.0020788820234452,-0.1217867678044669,1200.0,1130.0,10.149606299212598,0.0072332730560578,0.0034081364440359,0.0008636745701729
2006-03-27,1365.0,1405.0,1335.0,1370.0,1297000.0,1370.0,1276.0,1215.0,1117.6,1157.7333333333331,1095.3,False,False,False,False,False,False,True,True,False,False,False,-0.0255474452554744,0.0802919708029197,,,0.1842335766423358,0.1549391727493919,0.0218978102189781,-0.2846715328467153,0.002821605435909,-0.1477366255144032,1235.0,1130.0,1.0062063615205583,0.0103793843951323,0.0031461113390744,0.0007427234124637
2006-03-28,1390.0,1390.0,1325.0,1355.0,350000.0,1355.0,1302.0,1239.0,1134.4,1160.6666666666667,1098.0,False,False,False,False,False,False,True,True,False,False,False,0.025830258302583,0.1328413284132841,,,0.1628044280442803,0.1434194341943419,0.040590405904059,-0.2915129151291513,0.0025272831705918,-0.1727199354317998,1230.0,1150.0,0.2698535080956052,0.0148095909732018,0.0044302065780695,-0.0002943222653171
2006-03-29,1345.0,1355.0,1330.0,1355.0,165000.0,1355.0,1325.0,1259.0,1149.6,1163.0666666666666,1100.575,False,False,False,False,False,False,True,True,False,True,False,0.029520295202952,0.1955719557195571,,,0.1515867158671587,0.1416482164821648,0.03690036900369,-0.3284132841328413,0.0020635102602314,-0.1985702938840349,1215.0,1160.0,0.4714285714285714,0.0132219902574807,-0.0015876007157211,-0.0004637729103604
2006-03-30,1345.0,1350.0,1325.0,1345.0,171000.0,1345.0,1348.0,1278.0,1165.0,1165.7333333333331,1103.175,False,False,False,False,False,False,True,True,False,True,False,0.0594795539033457,0.1672862453531598,,,0.1338289962825278,0.133283767038414,0.0408921933085501,-0.345724907063197,0.002287544321171,-0.2261345852895148,1195.0,1165.0,1.0363636363636364,0.0132188841201717,-3.1061373089551203e-06,0.0002240340609396
2006-03-31,1345.0,1345.0,1330.0,1330.0,113000.0,1330.0,1351.0,1295.5,1177.4,1168.2,1105.7,True,True,False,False,False,False,True,True,False,True,False,0.0864661654135338,0.1654135338345864,,,0.1147368421052631,0.1216541353383458,0.0526315789473684,-0.3082706766917293,0.002111510586087,-0.2462369741412582,1210.0,1180.0,0.6608187134502924,0.0105316799728215,-0.0026872041473502,-0.000176033735084
2006-04-03,1325.0,1340.0,1305.0,1335.0,182000.0,1335.0,1344.0,1310.0,1188.4,1171.0,1108.325,False,False,False,False,False,False,True,True,False,True,False,0.1086142322097378,0.0636704119850187,,,0.1098127340823969,0.1228464419475655,0.0374531835205992,-0.3258426966292135,0.002391118701964,-0.266412213740458,1210.0,1185.0,1.6106194690265487,0.0092561427128912,-0.0012755372599302,0.000279608115877
2006-04-04,1360.0,1440.0,1355.0,1390.0,997000.0,1390.0,1351.0,1326.5,1200.0,1174.2666666666669,1111.25,False,False,False,False,False,False,True,True,False,False,False,0.1043165467625899,0.0719424460431654,,,0.1366906474820144,0.1552038369304554,-0.0251798561151079,-0.3381294964028777,0.00278187805155,-0.284206558612891,1190.0,1180.0,5.478021978021978,0.0096666666666665,0.0004105239537753,0.0003907593495859
2006-04-05,1415.0,1415.0,1375.0,1395.0,506000.0,1395.0,1359.0,1342.0,1212.4,1177.6,1114.175,False,False,False,False,False,False,True,True,False,False,False,0.1612903225806451,0.050179211469534,,,0.1308960573476701,0.1558422939068101,-0.046594982078853,-0.3369175627240143,0.0028306159420287,-0.2995529061102832,1220.0,1250.0,0.5075225677031093,0.0102276476410426,0.000560980974376,4.873789047864447e-05
2006-04-06,1400.0,1425.0,1395.0,1425.0,303000.0,1425.0,1375.0,1361.5,1226.2,1181.2666666666669,1117.2,False,False,False,False,False,False,True,True,False,False,False,0.1017543859649122,0.0385964912280701,,,0.1395087719298245,0.1710409356725144,-0.1228070175438596,-0.3508771929824561,0.0031040126417971,-0.3154608887256702,1210.0,1230.0,0.5988142292490118,0.0112542815201434,0.0010266338791008,0.0002733966997684
2006-04-07,1435.0,1460.0,1420.0,1445.0,490000.0,1445.0,1398.0,1374.5,1240.4,1185.3333333333333,1120.275,False,False,False,False,False,False,True,True,False,False,False,0.0726643598615917,0.0034602076124567,,,0.14159169550173,0.1797001153402538,-0.1176470588235294,-0.3494809688581315,0.0034308211473563,-0.3263004728992361,1205.0,1260.0,1.6171617161716172,0.0114479200257981,0.0001936385056546,0.0003268085055591
2006-04-10,1445.0,1485.0,1435.0,1480.0,495000.0,1480.0,1427.0,1385.5,1257.0,1190.0666666666666,1123.225,False,False,False,False,False,False,True,True,False,False,False,-0.0405405405405405,-0.054054054054054,,,0.1506756756756756,0.1959009009009009,-0.0878378378378378,-0.3581081081081081,0.0039773682146658,-0.3338145073980512,1185.0,1275.0,1.010204081632653,0.0132060461416069,0.0017581261158087,0.0005465470673095
2006-04-11,1500.0,1540.0,1485.0,1535.0,664000.0,1535.0,1456.0,1403.5,1274.8,1195.5333333333333,1126.4,False,False,False,False,False,False,True,True,False,False,False,-0.0293159609120521,-0.0749185667752443,,,0.1695114006514658,0.2211509229098806,-0.2247557003257329,-0.3648208469055374,0.004572575698433,-0.3412896330602066,1165.0,1335.0,1.3414141414141414,0.0139629745842484,0.0007569284426415,0.0005952074837672
2006-04-12,1550.0,1635.0,1545.0,1620.0,1138000.0,1620.0,1501.0,1430.0,1296.0,1202.0666666666666,1130.0,False,False,False,False,False,False,True,True,False,False,False,-0.095679012345679,-0.132716049382716,,,0.2,0.2579835390946502,-0.2654320987654321,-0.3919753086419753,0.0054350840219621,-0.3482517482517482,1145.0,1250.0,1.713855421686747,0.016358024691358,0.0023950501071095,0.000862508323529
2006-04-13,1640.0,1640.0,1535.0,1570.0,985000.0,1570.0,1530.0,1452.5,1316.0,1208.0,1133.225,False,False,False,False,False,False,True,True,False,True,False,-0.0573248407643312,-0.10828025477707,,,0.1617834394904458,0.2305732484076433,-0.2611464968152866,-0.3535031847133758,0.0049116997792494,-0.3490533562822719,1125.0,1140.0,0.8655536028119508,0.0151975683890577,-0.0011604563023003,-0.0005233842427126
2006-04-14,1570.0,1580.0,1540.0,1550.0,349000.0,1550.0,1551.0,1474.5,1334.6,1213.6,1136.3,False,False,False,False,False,False,True,True,False,True,False,-0.064516129032258,-0.0967741935483871,,,0.1389677419354839,0.2170322580645161,-0.2258064516129032,-0.332258064516129,0.0046143704680289,-0.3509664292980671,1115.0,1200.0,0.3543147208121827,0.0139367600779259,-0.0012608083111318,-0.0002973293112205
2006-04-17,1545.0,1545.0,1405.0,1420.0,398000.0,1420.0,1539.0,1483.0,1348.0,1217.4666666666667,1138.775,False,False,False,False,False,False,True,True,False,True,False,-0.0140845070422535,-0.0140845070422535,,,0.0507042253521126,0.1426291079812206,-0.1619718309859155,-0.2676056338028169,0.0031759938670464,-0.3452461227242077,1080.0,1205.0,1.140401146131805,0.0099406528189911,-0.0039961072589347,-0.0014383766009825
2006-04-18,1440.0,1495.0,1435.0,1490.0,269000.0,1490.0,1530.0,1493.0,1363.0,1222.0,1141.75,False,False,False,False,False,False,True,True,False,False,False,-0.046979865771812,-0.0536912751677852,,,0.085234899328859,0.1798657718120805,-0.2046979865771812,-0.3120805369127516,0.003709765411893,-0.3425987943737441,935.0,1150.0,0.6758793969849246,0.0110051357300073,0.0010644829110161,0.0005337715448466
2006-04-19,1525.0,1545.0,1400.0,1465.0,467000.0,1465.0,1499.0,1500.0,1375.4,1226.0666666666666,1144.625,False,False,False,False,False,False,True,True,False,True,False,-0.0409556313993174,-0.0409556313993174,,,0.0611604095563139,0.163094425483504,-0.1877133105802047,-0.3003412969283277,0.0033168397585775,-0.339,975.0,1200.0,1.7360594795539033,0.0090155591100771,-0.0019895766199302,-0.0003929256533155
2006-04-20,1480.0,1525.0,1475.0,1480.0,227000.0,1480.0,1481.0,1505.5,1388.4,1230.2666666666669,1147.6,False,False,False,False,False,False,True,True,False,False,False,-0.054054054054054,-0.054054054054054,,,0.0618918918918918,0.1687387387387386,-0.1891891891891892,-0.3175675675675675,0.0034138940067196,-0.3357688475589505,960.0,1170.0,0.4860813704496788,0.0093632958801498,0.0003477367700726,9.705424814211586e-05
2006-04-21,1465.0,1490.0,1425.0,1450.0,351000.0,1450.0,1461.0,1506.0,1400.2,1233.8666666666666,1150.425,False,False,False,False,False,False,True,True,False,True,False,-0.0344827586206896,-0.0344827586206896,,,0.0343448275862068,0.1490574712643678,-0.193103448275862,-0.296551724137931,0.0029176572293059,-0.3306772908366533,1020.0,1200.0,1.5462555066079295,0.0084273675189258,-0.0009359283612239,-0.0004962367774136
2006-04-24,1400.0,1440.0,1365.0,1400.0,310000.0,1400.0,1457.0,1498.0,1408.6,1236.7333333333331,1153.1,False,False,False,False,False,False,True,True,False,True,False,0.0,-0.0107142857142857,,,-0.006142857142857,0.1166190476190477,-0.1928571428571428,-0.2535714285714285,0.002317934343162,-0.3207610146862483,1060.0,1235.0,0.8831908831908832,0.0059633678830043,-0.0024639996359215,-0.0005997228861439
2006-04-25,1375.0,1420.0,1370.0,1420.0,171000.0,1420.0,1443.0,1486.5,1416.4,1239.9333333333334,1155.875,False,False,False,False,False,False,True,True,False,True,False,-0.0070422535211267,-0.0457746478873239,,,0.0025352112676055,0.1268075117370891,-0.1830985915492957,-0.2394366197183098,0.0025807839131138,-0.3084426505213589,1100.0,1230.0,0.5516129032258065,0.0055069189494494,-0.0004564489335548,0.0002628495699518
2006-04-26,1425.0,1450.0,1405.0,1405.0,83000.0,1405.0,1431.0,1465.0,1423.0,1242.0,1158.575,False,False,False,False,False,False,True,True,False,True,False,0.0,-0.0533807829181494,,,-0.0128113879003558,0.1160142348754448,-0.1850533807829181,-0.2313167259786477,0.001663982823403,-0.2918088737201365,1085.0,1215.0,0.4853801169590643,0.0046380885453267,-0.0008688304041227,-0.0009168010897107
2006-04-27,1380.0,1435.0,1380.0,1400.0,115000.0,1400.0,1415.0,1448.0,1429.8,1244.2666666666669,1161.15,False,False,False,False,False,False,True,True,False,False,False,0.0,-0.1071428571428571,,,-0.0212857142857142,0.111238095238095,-0.1964285714285714,-0.2142857142857142,0.0018216888126876,-0.2776243093922652,1080.0,1195.0,1.3855421686746987,0.0047559099174709,0.0001178213721442,0.0001577059892846
2006-04-28,1425.0,1425.0,1390.0,1400.0,95000.0,1400.0,1405.0,1433.0,1433.2,1246.1333333333334,1163.775,False,False,False,False,False,False,True,True,False,True,False,0.0,-0.0892857142857142,,,-0.0237142857142857,0.1099047619047618,-0.2107142857142857,-0.2071428571428571,0.0014979670447249,-0.2648290300069784,1090.0,1210.0,0.8260869565217391,0.0023723137036003,-0.0023835962138705,-0.0003237217679627
2006-05-01,1400.0,1400.0,1360.0,1400.0,141000.0,1400.0,1405.0,1431.0,1434.4,1247.8,1166.15,False,False,False,False,False,False,True,True,False,True,False,-0.0107142857142857,-0.0357142857142857,,,-0.0245714285714286,0.1087142857142857,-0.2785714285714286,-0.1892857142857142,0.001335684137415,-0.257162823200559,1065.0,1210.0,1.4842105263157894,0.0008365867261573,-0.001535726977443,-0.0001622829073098
2006-05-02,1390.0,1415.0,1385.0,1410.0,73000.0,1410.0,1403.0,1423.0,1436.6,1248.8,1168.25,False,False,False,False,False,False,True,True,True,False,False,-0.0390070921985815,-0.1560283687943262,,,-0.0188652482269502,0.1143262411347518,-0.2553191489361702,-0.202127659574468,0.0008007687379884,-0.2459592410400562,1090.0,1190.0,0.5177304964539007,0.0015313935681468,0.0006948068419895,-0.0005349153994265
2006-05-08,1415.0,1420.0,1390.0,1405.0,164000.0,1405.0,1403.0,1417.0,1438.6,1250.8666666666666,1170.425,False,False,False,False,False,False,True,True,False,True,False,-0.0533807829181494,-0.1530249110320284,,,-0.0239145907473308,0.1097034400948992,-0.2633451957295373,-0.1850533807829181,0.0016521878164472,-0.2342978122794636,1090.0,1220.0,2.246575342465753,0.0013902405116085,-0.0001411530565383,0.0008514190784587
2006-05-09,1405.0,1410.0,1390.0,1400.0,63000.0,1400.0,1403.0,1409.0,1440.8,1254.3333333333333,1172.725,False,False,False,False,False,False,True,True,False,False,False,-0.1071428571428571,-0.1714285714285714,,,-0.0291428571428571,0.1040476190476191,-0.2642857142857143,-0.1928571428571428,0.0027637523252724,-0.2214336408800567,1070.0,1210.0,0.3841463414634146,0.0015269294836202,0.0001366889720117,0.0011115645088251
2006-05-10,1405.0,1405.0,1385.0,1400.0,64000.0,1400.0,1403.0,1404.0,1443.6,1257.0,1174.95,False,False,False,False,False,False,True,True,False,False,False,-0.0892857142857142,-0.1428571428571428,,,-0.031142857142857,0.1021428571428571,-0.275,-0.2071428571428571,0.0021214531954389,-0.2122507122507122,1085.0,1205.0,1.0158730158730158,0.0019395954558049,0.0004126659721846,-0.0006422991298334
2006-05-11,1395.0,1395.0,1380.0,1385.0,20000.0,1385.0,1400.0,1402.5,1445.6,1259.4,1177.125,False,False,False,False,False,False,True,True,False,True,False,-0.0252707581227436,-0.1407942238267148,,,-0.0437545126353789,0.0906859205776172,-0.2635379061371841,-0.1949458483754512,0.001905669366365,-0.2064171122994652,1085.0,1185.0,0.3125,0.0013835085777531,-0.0005560868780517,-0.0002157838290739
2006-05-12,1350.0,1355.0,1305.0,1355.0,176000.0,1355.0,1389.0,1396.0,1444.2,1262.1333333333334,1179.175,False,False,False,False,False,False,False,True,False,True,False,-0.1217712177121771,-0.1254612546125461,,,-0.065830258302583,0.0685362853628535,-0.2029520295202952,-0.1808118081180811,0.0021656454679907,-0.2005730659025787,1115.0,1165.0,8.8,-0.0009693948206618,-0.002352903398415,0.0002599761016257
2006-05-15,1310.0,1350.0,1310.0,1330.0,81000.0,1330.0,1374.0,1388.5,1441.6,1263.8666666666666,1181.075,False,False,False,False,False,False,False,True,False,True,False,-0.1052631578947368,-0.1052631578947368,,,-0.0839097744360901,0.0497243107769424,-0.1616541353383458,-0.169172932330827,0.0013714526848822,-0.1944544472452286,1155.0,1145.0,0.4602272727272727,-0.001803551609323,-0.0008341567886612,-0.0007941927831085
2006-05-16,1325.0,1330.0,1245.0,1250.0,161000.0,1250.0,1344.0,1373.5,1434.6,1264.9333333333334,1182.45,False,False,False,False,False,False,False,True,False,True,False,-0.072,-0.04,,,-0.1476799999999999,-0.0119466666666667,-0.14,-0.124,0.0008432591967957,-0.1860211139424827,1155.0,1125.0,1.9876543209876545,-0.0048794088944653,-0.0030758572851422,-0.0005281934880864
2006-05-17,1270.0,1275.0,1215.0,1275.0,109000.0,1275.0,1319.0,1361.0,1427.8,1265.9333333333334,1183.9,False,False,False,False,False,False,False,True,False,False,False,-0.0588235294117647,-0.0823529411764705,,,-0.1198431372549019,0.007111111111111,-0.1803921568627451,-0.1450980392156863,0.0007899310126915,-0.1800146950771491,1155.0,1115.0,0.6770186335403726,-0.0047625717887659,0.0001168371056994,-5.3328184104188656e-05
2006-05-18,1235.0,1350.0,1220.0,1350.0,111000.0,1350.0,1312.0,1356.0,1422.6,1267.4666666666667,1184.725,False,False,False,False,False,False,False,True,False,False,False,-0.1185185185185185,-0.1629629629629629,,,-0.0537777777777777,0.0611358024691357,-0.1888888888888888,-0.2111111111111111,0.0012097622554176,-0.1821533923303834,1190.0,1080.0,1.018348623853211,-0.0036552790664979,0.0011072927222679,0.000419831242726
2006-05-19,1320.0,1350.0,1190.0,1190.0,368000.0,1190.0,1279.0,1334.0,1408.8,1266.9333333333334,1184.85,False,False,False,False,False,False,False,False,False,True,False,-0.0042016806722689,-0.0252100840336134,,,-0.1838655462184873,-0.0646498599439776,-0.1176470588235294,-0.1134453781512605,-0.0004209640075773,-0.1739130434782608,1225.0,935.0,3.315315315315315,-0.0097955706984667,-0.0061402916319687,-0.0016307262629949
2006-05-22,1200.0,1240.0,1190.0,1190.0,240000.0,1190.0,1251.0,1312.5,1391.6,1266.6,1185.575,False,False,False,False,False,False,False,False,False,True,False,0.0,-0.0378151260504201,,,-0.1694117647058823,-0.0643697478991595,-0.1428571428571428,-0.0966386554621848,-0.0002631717458814,-0.1657142857142857,1240.0,975.0,0.6521739130434783,-0.0123598735268755,-0.0025643028284088,0.0001577922616958
2006-05-23,1175.0,1185.0,1110.0,1160.0,100000.0,1160.0,1233.0,1288.5,1375.2,1266.1333333333334,1186.225,False,False,False,False,False,False,False,False,False,False,False,0.0344827586206896,-0.0301724137931034,,,-0.1855172413793104,-0.0914942528735633,-0.1034482758620689,-0.0517241379310344,-0.0003685762426283,-0.1525029103608847,1230.0,960.0,0.4166666666666667,-0.0119255381035484,0.000434335423327,-0.0001054044967468
2006-05-24,1155.0,1200.0,1100.0,1200.0,132000.0,1200.0,1218.0,1268.5,1361.2,1266.0,1187.025,False,False,False,False,False,False,False,False,False,False,False,-0.025,-0.0791666666666666,,,-0.1343333333333333,-0.055,-0.1416666666666666,-0.0916666666666666,-0.0001053185887309,-0.1407173827355143,1315.0,1020.0,1.32,-0.0102850426094622,0.0016404954940862,0.0002632576538973
2006-05-25,1175.0,1190.0,1135.0,1190.0,56000.0,1190.0,1186.0,1249.0,1352.0,1265.7333333333331,1187.375,False,False,False,False,False,False,False,False,False,False,False,-0.0504201680672268,-0.1512605042016806,,,-0.1361344537815126,-0.0636414565826328,-0.1218487394957983,-0.1008403361344537,-0.00021068155483,-0.1309047237790232,1370.0,1060.0,0.4242424242424242,-0.0068047337278106,0.0034803088816515,-0.000105362966099
2006-05-26,1180.0,1185.0,1150.0,1185.0,47000.0,1185.0,1185.0,1232.0,1339.8,1265.6666666666667,1187.725,False,False,False,False,False,False,False,False,False,True,False,-0.0210970464135021,-0.1139240506329113,,,-0.130632911392405,-0.0680731364275668,-0.1012658227848101,-0.1097046413502109,-5.2673163023212e-05,-0.1233766233766233,1355.0,1100.0,0.8392857142857143,-0.0091058366920436,-0.0023011029642329,0.0001580083918068
2006-05-29,1185.0,1195.0,1145.0,1190.0,58000.0,1190.0,1185.0,1218.0,1328.8,1265.2666666666669,1188.425,False,False,False,False,False,False,False,False,False,False,False,-0.0378151260504201,-0.1302521008403361,,,-0.1166386554621848,-0.0632492997198881,-0.1008403361344537,-0.1428571428571428,-0.0003161388903523,-0.1202791461412151,1355.0,1085.0,1.2340425531914894,-0.0082781456953642,0.0008276909966793,-0.0002634657273291
2006-05-30,1175.0,1200.0,1140.0,1200.0,88000.0,1200.0,1193.0,1213.0,1317.6,1265.1333333333334,1189.35,False,False,False,False,False,False,False,False,False,True,False,-0.0625,-0.1416666666666666,,,-0.0979999999999999,-0.0542777777777778,-0.1,-0.1541666666666666,-0.0001053907361543,-0.1232481450948062,1345.0,1080.0,1.5172413793103448,-0.0085003035822708,-0.0002221578869065,0.000210748154198
2006-05-31,1160.0,1175.0,1140.0,1170.0,64000.0,1170.0,1187.0,1202.5,1306.4,1264.6666666666667,1190.2,False,False,False,False,False,False,False,False,False,True,False,-0.0555555555555555,-0.1324786324786324,,,-0.1165811965811966,-0.0809116809116809,-0.1068376068376068,-0.1239316239316239,-0.0003690036900369,-0.120997920997921,1330.0,1090.0,0.7272727272727273,-0.0085731781996324,-7.287461736160683e-05,-0.0002636129538825
2006-06-01,1185.0,1185.0,1130.0,1130.0,123000.0,1130.0,1175.0,1180.5,1295.6,1263.9333333333334,1190.85,False,False,False,False,False,False,False,False,False,False,False,-0.1061946902654867,-0.0973451327433628,,,-0.1465486725663716,-0.1185250737463127,-0.0663716814159292,-0.0929203539823008,-0.0005801993776043,-0.1080050825921219,1335.0,1065.0,1.921875,-0.0083359061438717,0.0002372720557607,-0.0002111956875673
2006-06-02,1110.0,1160.0,965.0,1160.0,238000.0,1160.0,1170.0,1177.5,1285.2,1263.8666666666666,1191.575,False,False,False,False,False,False,False,False,False,False,False,-0.0948275862068965,-0.0689655172413793,,,-0.1079310344827586,-0.0895402298850573,-0.1077586206896551,-0.1077586206896551,-5.2748180187915455e-05,-0.1074309978768577,1390.0,1090.0,1.934959349593496,-0.0080921257391844,0.0002437804046872,0.0005274511974164
2006-06-05,1135.0,1145.0,1125.0,1145.0,68000.0,1145.0,1161.0,1173.0,1274.8,1263.8666666666666,1192.15,False,False,False,False,False,False,False,False,False,True,False,-0.0960698689956331,-0.0262008733624454,,,-0.1133624454148471,-0.1038136826783114,-0.1091703056768559,-0.1135371179039301,0.0,-0.1091219096334185,1395.0,1090.0,0.2857142857142857,-0.0081581424537183,-6.601671453384562e-05,5.2748180187915455e-05
2006-06-06,1130.0,1130.0,1070.0,1125.0,96000.0,1125.0,1146.0,1169.5,1263.8,1263.8666666666666,1192.025,False,False,True,False,False,False,False,False,False,True,False,-0.0844444444444444,-0.0444444444444444,,,-0.1233777777777777,-0.1234370370370369,-0.1066666666666666,-0.1111111111111111,0.0,-0.1150064129970072,1425.0,1070.0,1.411764705882353,-0.0087039088463364,-0.0005457663926181,0.0
2006-06-07,1105.0,1130.0,1060.0,1105.0,51000.0,1105.0,1133.0,1160.0,1252.0,1263.7333333333331,1191.875,False,False,False,False,False,False,False,False,False,True,False,-0.0814479638009049,-0.0542986425339366,,,-0.1330316742081448,-0.1436500754147811,-0.0950226244343891,-0.0995475113122171,-0.0001055074910319,-0.1159482758620689,1445.0,1085.0,0.53125,-0.0094249201277954,-0.000721011281459,-0.0001055074910319
2006-06-08,1045.0,1065.0,965.0,1010.0,249000.0,1010.0,1109.0,1142.0,1236.4,1262.8,1191.325,False,False,False,False,False,False,False,False,False,True,False,0.0099009900990099,0.0841584158415841,,,-0.2241584158415842,-0.2502970297029702,-0.0297029702970297,-0.0148514851485148,-0.0007390983000737,-0.1085814360770578,1480.0,1085.0,4.882352941176471,-0.0126172759624716,-0.0031923558346761,-0.0006335908090418
2006-06-09,985.0,1055.0,970.0,1050.0,96000.0,1050.0,1087.0,1128.5,1222.0,1264.3333333333333,1190.975,False,False,False,False,False,False,False,True,False,False,False,0.0285714285714285,0.0,,,-0.1638095238095238,-0.204126984126984,-0.0857142857142857,-0.0619047619047619,0.0012127603480094,-0.1041205139565795,1535.0,1115.0,0.3855421686746988,-0.011783960720131,0.0008333152423406,0.0019518586480832
2006-06-12,1010.0,1045.0,1000.0,1035.0,78000.0,1035.0,1065.0,1113.0,1207.2,1265.1333333333334,1190.4,False,False,False,False,False,False,False,True,False,True,False,0.0772946859903381,-0.0144927536231884,,,-0.1663768115942029,-0.2223510466988729,-0.1207729468599033,-0.0579710144927536,0.0006323444169258,-0.0956873315363881,1620.0,1155.0,0.8125,-0.0122597746852219,-0.0004758139650909,-0.0005804159310835
2006-06-13,1010.0,1035.0,995.0,1030.0,60000.0,1030.0,1046.0,1096.0,1192.4,1266.0666666666666,1189.75,False,False,False,False,False,False,False,True,False,True,False,0.0436893203883495,0.0097087378640776,,,-0.1576699029126214,-0.2291909385113268,-0.145631067961165,-0.0679611650485436,0.0007371913011425,-0.0866788321167883,1570.0,1155.0,0.7692307692307693,-0.0124119423012411,-0.0001521676160191,0.0001048468842166
2006-06-14,1000.0,1040.0,975.0,1015.0,65000.0,1015.0,1028.0,1080.5,1177.0,1266.0,1189.175,False,False,False,False,False,False,False,False,False,True,False,0.0295566502463054,0.0147783251231527,,,-0.1596059113300492,-0.2472906403940886,-0.0935960591133004,-0.0246305418719211,-5.265929436540761e-05,-0.0768162887552059,1550.0,1155.0,1.0833333333333333,-0.0130841121495327,-0.0006721698482916,-0.0007898505955079
2006-06-15,1035.0,1060.0,1020.0,1020.0,42000.0,1020.0,1030.0,1069.5,1162.4,1265.4666666666667,1188.525,False,False,False,False,False,False,False,False,False,False,False,0.0735294117647058,0.0245098039215686,,,-0.139607843137255,-0.2406535947712418,-0.1176470588235294,-0.0490196078431372,-0.0004214519018016,-0.072463768115942,1420.0,1190.0,0.6461538461538462,-0.0125602202339985,0.0005238919155342,-0.0003687926074362
2006-06-16,1050.0,1095.0,1050.0,1080.0,101000.0,1080.0,1036.0,1061.5,1151.4,1265.2,1188.375,False,False,False,False,False,False,False,False,False,False,False,-0.0277777777777777,-0.0138888888888888,,,-0.0661111111111111,-0.1714814814814815,-0.1481481481481481,-0.1157407407407407,-0.0002107703656865,-0.0730098916627414,1490.0,1225.0,2.4047619047619047,-0.0095535869376411,0.0030066332963574,0.0002106815361151
2006-06-19,1080.0,1120.0,1075.0,1115.0,62000.0,1115.0,1052.0,1058.5,1142.8,1265.6,1188.375,False,False,False,False,False,False,False,True,False,False,False,-0.085201793721973,-0.0403587443946188,,,-0.0249327354260089,-0.1350672645739909,-0.1704035874439461,-0.1569506726457399,0.00031605562579,-0.0774681152574397,1465.0,1240.0,0.6138613861386139,-0.0075253762688135,0.0020282106688275,0.0005268259914766
2006-06-20,1105.0,1105.0,1065.0,1075.0,44000.0,1075.0,1061.0,1053.5,1135.8,1265.5333333333333,1188.025,False,False,False,False,False,False,False,False,False,False,False,-0.0325581395348837,0.0046511627906976,,,-0.0565581395348836,-0.1772403100775193,-0.1395348837209302,-0.1488372093023255,-5.2678712532217805e-05,-0.0811580446131941,1480.0,1230.0,0.7096774193548387,-0.0061630568762106,0.0013623193926029,-0.0003687343383222
2006-06-21,1075.0,1075.0,1035.0,1045.0,73000.0,1045.0,1067.0,1047.5,1126.6,1264.9333333333334,1187.6,False,False,False,False,False,False,False,False,False,True,False,-0.0143540669856459,0.0,,,-0.0780861244019137,-0.2104625199362042,-0.1004784688995215,-0.124401913875598,-0.0004743332981974,-0.0835322195704057,1450.0,1315.0,1.6590909090909092,-0.0081661636783242,-0.0020031068021136,-0.0004216545856652
2006-06-22,1070.0,1125.0,1070.0,1095.0,102000.0,1095.0,1082.0,1056.0,1116.4,1265.3333333333333,1187.5,False,False,False,False,False,False,False,True,False,True,True,-0.045662100456621,-0.0365296803652968,,,-0.0195433789954338,-0.1555555555555554,-0.1324200913242009,-0.1780821917808219,0.0003161222339303,-0.099905303030303,1400.0,1370.0,1.3972602739726028,-0.0091365102113936,-0.0009703465330693,0.0007904555321278
2006-06-23,1080.0,1080.0,1005.0,1050.0,316000.0,1050.0,1076.0,1056.0,1110.8,1264.8,1187.2,False,False,False,False,False,False,False,False,False,False,False,0.0142857142857142,-0.0142857142857142,,,-0.0579047619047618,-0.2045714285714285,-0.0714285714285714,-0.1476190476190476,-0.0004216740459624,-0.1084280303030303,1420.0,1355.0,3.0980392156862746,-0.0050414115952467,0.0040950986161468,-0.0007377962798927
2006-06-26,1050.0,1050.0,995.0,1020.0,444000.0,1020.0,1057.0,1054.5,1104.0,1263.8666666666666,1186.6,False,False,False,False,False,False,False,False,False,True,False,0.0490196078431372,0.0,,,-0.0823529411764705,-0.2390849673202613,-0.034313725490196,-0.1372549019607843,-0.000738474522629,-0.1161688003793267,1405.0,1355.0,1.4050632911392404,-0.006159420289855,-0.0011180086946082,-0.0003168004766665
2006-06-27,1030.0,1040.0,1020.0,1040.0,93000.0,1040.0,1050.0,1055.5,1099.2,1263.4666666666667,1186.1,False,False,False,False,False,False,False,False,False,False,False,0.0384615384615384,-0.0336538461538461,,,-0.0569230769230769,-0.2148717948717949,-0.0240384615384615,-0.1298076923076923,-0.0003165892781763,-0.1222169587873046,1400.0,1345.0,0.2094594594594594,-0.0043668122270741,0.0017926080627808,0.0004218852444526
2006-06-28,1020.0,1040.0,1020.0,1030.0,47000.0,1030.0,1047.0,1057.0,1092.4,1262.7333333333331,1185.55,False,False,False,False,False,False,False,False,False,True,False,0.0145631067961165,-0.029126213592233,,,-0.0605825242718447,-0.225954692556634,0.0048543689320388,-0.1116504854368932,-0.0005807507523363,-0.130558183538316,1400.0,1330.0,0.5053763440860215,-0.0062248260710362,-0.001858013843962,-0.00026416147416
2006-06-29,1040.0,1045.0,1030.0,1045.0,47000.0,1045.0,1037.0,1059.5,1086.6,1262.2,1185.125,False,False,False,False,False,False,False,False,False,False,False,0.0095693779904306,-0.062200956937799,,,-0.0398086124401913,-0.2078468899521531,-0.0047846889952153,-0.1196172248803827,-0.0004225426503985,-0.1373289287399716,1400.0,1335.0,1.0,-0.0053377507822567,0.0008870752887794,0.0001582081019378
2006-06-30,1080.0,1080.0,1040.0,1065.0,110000.0,1065.0,1040.0,1058.0,1081.8,1261.5333333333333,1184.925,False,False,False,False,False,False,False,False,False,False,False,-0.028169014084507,-0.0985915492957746,,,-0.0157746478873239,-0.1845383411580594,-0.0375586854460093,-0.1267605633802817,-0.0005284574327538,-0.138468809073724,1410.0,1390.0,2.3404255319148937,-0.0044370493621741,0.0009007014200826,-0.0001059147823552
2006-07-03,1065.0,1075.0,1050.0,1070.0,53000.0,1070.0,1050.0,1053.5,1077.0,1260.4,1184.5,False,False,False,False,False,False,False,False,False,True,False,-0.0467289719626168,-0.1495327102803738,,,-0.0065420560747663,-0.1779439252336449,-0.0420560747663551,-0.116822429906542,-0.0008991854437743,-0.1343141907925961,1405.0,1395.0,0.4818181818181818,-0.0044568245125347,-1.9775150360664545e-05,-0.0003707280110205
2006-07-04,1075.0,1085.0,1065.0,1080.0,78000.0,1080.0,1058.0,1054.0,1072.2,1259.4,1184.15,False,False,False,False,True,False,False,False,False,True,False,-0.0694444444444444,-0.1851851851851851,,,0.0072222222222221,-0.1661111111111111,-0.0648148148148148,-0.1203703703703703,-0.000794028902652,-0.131404174573055,1400.0,1425.0,1.471698113207547,-0.004476776720761,-1.9952208226232428e-05,0.0001051565411223
2006-07-05,1065.0,1070.0,1040.0,1045.0,131000.0,1045.0,1061.0,1054.0,1067.2,1257.9333333333334,1183.625,False,False,False,False,False,False,False,False,False,True,False,-0.0430622009569378,-0.1196172248803827,,,-0.021244019138756,-0.2037639553429027,-0.0239234449760765,-0.0813397129186602,-0.0011659335417881,-0.127134724857685,1400.0,1445.0,1.6794871794871795,-0.0046851574212893,-0.0002083807005283,-0.000371904639136
2006-07-06,1050.0,1055.0,1030.0,1055.0,50000.0,1055.0,1063.0,1050.0,1064.2,1256.1333333333334,1183.025,False,False,False,False,False,False,False,False,False,False,False,-0.0710900473933649,-0.1469194312796208,,,-0.0087203791469194,-0.1906477093206952,-0.0094786729857819,-0.0805687203791469,-0.0014329688992675,-0.1171428571428571,1385.0,1480.0,0.3816793893129771,-0.0028190189813944,0.0018661384398948,-0.0002670353574794
2006-07-07,1050.0,1050.0,1035.0,1035.0,44000.0,1035.0,1057.0,1048.5,1059.2,1253.6,1182.3,False,False,False,False,False,False,False,False,False,True,False,-0.072463768115942,-0.1111111111111111,,,-0.0233816425120773,-0.2112077294685989,0.0434782608695652,-0.0821256038647343,-0.002020846628377,-0.1106342393896041,1355.0,1535.0,0.88,-0.0047205438066465,-0.001901524825252,-0.0005878777291095
2006-07-10,1030.0,1030.0,1000.0,1020.0,76000.0,1020.0,1047.0,1048.5,1054.2,1250.6666666666667,1181.6,False,False,False,False,False,False,False,False,False,True,False,-0.1078431372549019,-0.0931372549019607,,,-0.0335294117647059,-0.2261437908496733,0.0588235294117647,-0.0735294117647058,-0.0023454157782514,-0.1044349070100143,1330.0,1620.0,1.7272727272727273,-0.0047429330297856,-2.2389223139093403e-05,-0.0003245691498743
2006-07-11,1035.0,1035.0,995.0,1005.0,74000.0,1005.0,1032.0,1045.0,1049.4,1247.6666666666667,1180.825,False,False,False,False,False,False,False,False,False,False,False,-0.1243781094527363,-0.0796019900497512,,,-0.044179104477612,-0.2414593698175788,0.0945273631840796,-0.0696517412935323,-0.0024044883783061,-0.0985645933014354,1250.0,1570.0,0.9736842105263158,-0.0045740423098913,0.0001688907198942,-5.907260005470544e-05
2006-07-12,1005.0,1005.0,985.0,1000.0,44000.0,1000.0,1023.0,1042.0,1045.2,1243.4666666666667,1179.925,False,False,False,False,False,False,False,False,False,False,False,-0.08,-0.06,,,-0.0452,-0.2434666666666667,0.11,-0.075,-0.0033776538708985,-0.0950095969289827,1275.0,1550.0,0.5945945945945946,-0.0040183696900115,0.0005556726198797,-0.0009731654925924
2006-07-13,975.0,995.0,975.0,980.0,59000.0,980.0,1008.0,1035.5,1044.0,1238.2666666666669,1178.8,False,False,False,False,False,False,False,False,False,False,False,-0.0816326530612244,-0.0306122448979591,,,-0.0653061224489796,-0.2635374149659866,0.1581632653061224,-0.0663265306122449,-0.0041994185420478,-0.0898116851762433,1350.0,1420.0,1.3409090909090908,-0.0011494252873563,0.0028689444026551,-0.0008217646711492
2006-07-14,975.0,995.0,960.0,960.0,64000.0,960.0,993.0,1025.0,1040.4,1233.0,1177.75,False,False,False,False,False,False,False,False,False,True,False,-0.0416666666666666,0.015625,,,-0.08375,-0.284375,0.171875,-0.0572916666666666,-0.004271424709381,-0.0829268292682926,1190.0,1490.0,1.0847457627118644,-0.0034602076124566,-0.0023107823251002,-7.200616733321012e-05
2006-07-18,970.0,970.0,910.0,910.0,98000.0,910.0,971.0,1009.0,1035.4,1227.0666666666666,1176.475,False,False,False,False,False,False,False,False,False,True,False,0.0164835164835164,0.0824175824175824,,,-0.1378021978021979,-0.3484249084249083,0.2582417582417582,0.0,-0.0048353797674671,-0.0718533201189296,1190.0,1465.0,1.53125,-0.0048290515742708,-0.0013688439618141,-0.000563955058086
2006-07-19,885.0,905.0,830.0,880.0,160000.0,880.0,946.0,989.0,1029.4,1220.8666666666666,1175.125,False,False,False,False,False,False,False,False,False,True,False,0.0511363636363636,0.1534090909090909,,,-0.1697727272727273,-0.3873484848484847,0.2840909090909091,0.034090909090909,-0.0050783596352318,-0.057128412537917,1160.0,1480.0,1.6326530612244898,-0.0058286380415776,-0.0009995864673068,-0.0002429798677646
2006-07-20,925.0,925.0,900.0,920.0,63000.0,920.0,930.0,976.5,1025.6,1215.4,1174.075,False,False,False,False,False,False,False,False,False,False,False,0.0217391304347826,0.125,,,-0.114782608695652,-0.3210869565217392,0.2065217391304347,-0.0163043478260869,-0.0044978333607589,-0.0506912442396313,1200.0,1450.0,0.39375,-0.0037051482059284,0.0021234898356492,0.0005805262744728
2006-07-21,900.0,905.0,895.0,900.0,61000.0,900.0,914.0,961.0,1020.8,1209.6,1173.0,False,False,False,False,False,False,False,False,False,True,False,0.0555555555555555,0.1555555555555555,,,-0.1342222222222221,-0.3439999999999999,0.2388888888888889,-0.0055555555555555,-0.0047949735449736,-0.0431841831425598,1190.0,1400.0,0.9682539682539684,-0.0047021943573667,-0.0009970461514383,-0.0002971401842147
2006-07-24,880.0,920.0,870.0,920.0,18000.0,920.0,906.0,949.5,1014.4,1203.3333333333333,1172.05,False,False,False,False,False,False,False,False,False,True,False,0.0597826086956521,0.1141304347826086,,,-0.1026086956521738,-0.3079710144927535,0.2065217391304347,-0.0380434782608695,-0.0052077562326869,-0.0384412848867825,1185.0,1420.0,0.2950819672131147,-0.0063091482649842,-0.0016069539076174,-0.0004127826877132
2006-07-25,910.0,930.0,910.0,925.0,34000.0,925.0,909.0,940.0,1006.8,1197.0666666666666,1171.125,False,False,False,False,False,False,False,False,False,True,False,0.0648648648648648,0.1081081081081081,,,-0.0884324324324323,-0.294126126126126,0.1945945945945946,-0.0648648648648648,-0.0052350189351748,-0.0372340425531914,1190.0,1405.0,1.8888888888888888,-0.0075486690504569,-0.0012395207854727,-2.726270248789089e-05
2006-07-26,925.0,925.0,875.0,925.0,28000.0,925.0,918.0,932.0,1000.8,1190.4,1170.25,False,False,False,False,False,False,False,False,False,False,False,0.0972972972972973,0.0918918918918919,,,-0.0819459459459459,-0.286918918918919,0.1837837837837838,-0.0432432432432432,-0.0056003584229389,-0.0343347639484978,1200.0,1400.0,0.8235294117647058,-0.0059952038369304,0.0015534652135264,-0.000365339487764
2006-07-27,895.0,940.0,895.0,940.0,27000.0,940.0,922.0,926.0,996.6,1183.6666666666667,1169.525,False,False,False,False,False,False,False,False,False,False,False,0.101063829787234,0.0851063829787234,,,-0.0602127659574468,-0.2592198581560284,0.1595744680851064,-0.0744680851063829,-0.0056885384398761,-0.0340172786177105,1170.0,1400.0,0.9642857142857144,-0.0042143287176399,0.0017808751192905,-8.818001693716281e-05
2006-07-28,925.0,950.0,910.0,950.0,23000.0,950.0,932.0,923.0,990.8,1176.6,1168.8,False,False,False,False,False,False,False,False,False,True,False,0.0947368421052631,0.1,,,-0.0429473684210525,-0.2385263157894736,0.1210526315789473,-0.0789473684210526,-0.0060060060060061,-0.0352112676056338,1130.0,1400.0,0.8518518518518519,-0.005853855470327,-0.0016395267526871,-0.00031746756613
2006-07-31,950.0,980.0,950.0,975.0,38000.0,975.0,943.0,924.5,987.8,1169.1333333333334,1168.275,False,False,False,False,False,False,False,False,False,False,False,0.0512820512820512,0.1076923076923077,,,-0.013128205128205,-0.1991111111111112,0.082051282051282,-0.1179487179487179,-0.0063864971203738,-0.0416441319632233,1160.0,1410.0,1.6521739130434785,-0.0030370520348248,0.0028168034355022,-0.0003804911143677
2006-08-01,970.0,1000.0,970.0,985.0,32000.0,985.0,955.0,932.0,986.4,1160.6666666666667,1167.7,False,False,False,False,False,False,False,False,False,False,False,0.0406091370558375,0.0964467005076142,,,-0.0014213197969542,-0.17834179357022,0.0913705583756345,-0.1421319796954314,-0.0072946582423894,-0.0563304721030042,1145.0,1405.0,0.8421052631578947,-0.001419302514193,0.0016177495206318,-0.0009081611220155
2006-08-02,985.0,1015.0,985.0,1015.0,378000.0,1015.0,973.0,945.5,985.4,1153.2666666666669,1167.325,False,False,False,False,True,False,False,False,False,False,False,-0.0049261083743842,0.083743842364532,,,0.0291625615763547,-0.1362233169129723,0.083743842364532,-0.167487684729064,-0.0064165558702814,-0.076679005817028,1125.0,1400.0,11.8125,-0.0010148163182463,0.0004044861959466,0.000878102372108
2006-08-03,1040.0,1045.0,1030.0,1035.0,52000.0,1035.0,992.0,957.0,985.6,1146.4,1167.025,False,False,False,False,False,False,True,False,False,False,False,-0.0144927536231884,0.072463768115942,,,0.0477294685990337,-0.1076328502415459,0.0531400966183574,-0.2077294685990338,-0.0059897650616423,-0.0966562173458725,1105.0,1400.0,0.1375661375661375,0.0002029220779221,0.0012177383961685,0.000426790808639
2006-08-04,1035.0,1040.0,1000.0,1040.0,51000.0,1040.0,1010.0,971.0,985.4,1141.3333333333333,1166.45,False,False,False,False,False,False,False,False,False,True,False,0.0048076923076923,0.0913461538461538,,,0.0525,-0.0974358974358973,0.0288461538461538,-0.2163461538461538,-0.0044392523364487,-0.1179196704428424,1010.0,1385.0,0.9807692307692308,-0.0002029632636493,-0.0004058853415714,0.0015505127251936
2006-08-07,1025.0,1040.0,1010.0,1025.0,52000.0,1025.0,1020.0,981.5,983.8,1135.1333333333334,1165.975,False,False,False,False,False,False,False,False,False,True,False,0.0536585365853658,0.0975609756097561,,,0.0401951219512195,-0.1074471544715448,0.0292682926829268,-0.2048780487804878,-0.0054619134316084,-0.1344880285277636,1050.0,1355.0,1.0196078431372548,-0.001626346818459,-0.0014233835548097,-0.0010226610951597
2006-08-08,1025.0,1025.0,995.0,1025.0,47000.0,1025.0,1028.0,991.5,982.0,1129.2666666666669,1165.525,False,False,False,False,False,False,False,False,False,True,False,0.0536585365853658,0.1170731707317073,,,0.0419512195121951,-0.1017235772357725,-0.0048780487804878,-0.1804878048780487,-0.0051951118720112,-0.145738779626828,1035.0,1330.0,0.903846153846154,-0.0018329938900203,-0.0002066470715612,0.0002668015595972
2006-08-09,1000.0,1015.0,1000.0,1010.0,25000.0,1010.0,1027.0,1000.0,979.2,1123.0,1165.0,False,False,False,False,False,False,False,False,False,True,False,0.0891089108910891,0.1188118811881188,,,0.0304950495049504,-0.1118811881188118,0.0049504950495049,-0.1386138613861386,-0.0055802908875038,-0.1545,1030.0,1250.0,0.5319148936170213,-0.0028594771241829,-0.0010264832341626,-0.0003851790154926
2006-08-10,1020.0,1025.0,1020.0,1020.0,7000.0,1020.0,1024.0,1008.0,978.2,1117.2666666666669,1164.55,False,False,False,False,False,False,False,False,False,False,False,0.088235294117647,0.088235294117647,,,0.0409803921568627,-0.0953594771241832,0.0049019607843137,-0.1372549019607843,-0.0051315710961272,-0.1602182539682539,1015.0,1275.0,0.28,-0.0010222858311183,0.0018371912930645,0.0004487197913766
2006-08-11,1020.0,1055.0,1020.0,1045.0,49000.0,1045.0,1025.0,1017.5,977.8,1112.5333333333333,1164.275,False,False,False,False,False,False,False,False,False,False,False,0.0861244019138756,0.0669856459330143,,,0.0643062200956938,-0.0646251993620414,-0.0191387559808612,-0.138755980861244,-0.0042545541706617,-0.1656019656019656,1020.0,1350.0,7.0,-0.0004090816117816,0.0006132042193367,0.0008770169254654
2006-08-14,1055.0,1080.0,1055.0,1080.0,92000.0,1080.0,1036.0,1028.0,979.6,1108.0,1164.175,False,False,False,False,False,False,True,False,True,False,False,0.0416666666666666,0.0277777777777777,,,0.0929629629629629,-0.0259259259259259,-0.0416666666666666,-0.162037037037037,-0.0040914560770156,-0.1697470817120622,1080.0,1190.0,1.877551020408164,0.0018374846876276,0.0022465662994093,0.0001630980936461
2006-08-15,1085.0,1090.0,1075.0,1080.0,48000.0,1080.0,1047.0,1037.5,982.0,1103.6666666666667,1164.1,False,False,False,False,False,False,True,False,False,False,False,0.0601851851851851,0.0231481481481481,,,0.0907407407407407,-0.0219135802469136,-0.0601851851851851,-0.1759259259259259,-0.0039263062518875,-0.173012048192771,1115.0,1190.0,0.5217391304347826,0.0024439918533604,0.0006065071657327,0.000165149825128
2006-08-16,1070.0,1100.0,1070.0,1100.0,53000.0,1100.0,1065.0,1046.0,985.8,1099.6666666666667,1164.1,False,False,False,False,False,False,True,False,False,False,False,0.0272727272727272,-0.0045454545454545,,,0.1038181818181818,0.0003030303030302,-0.0909090909090909,-0.2,-0.0036374658987571,-0.1763862332695984,1075.0,1160.0,1.1041666666666667,0.0038547372692229,0.0014107454158624,0.0002888403531303
2006-08-17,1105.0,1135.0,1100.0,1110.0,140000.0,1110.0,1083.0,1053.5,990.2,1095.8,1164.1,False,False,False,False,False,False,True,False,False,False,False,0.0,-0.018018018018018,,,0.1079279279279278,0.0127927927927928,-0.1036036036036036,-0.2207207207207207,-0.0035286244448501,-0.1779781680113906,1045.0,1200.0,2.641509433962264,0.0044435467582307,0.0005888094890078,0.000108841453907
2006-08-18,1120.0,1135.0,1110.0,1135.0,53000.0,1135.0,1101.0,1063.0,996.4,1092.2666666666669,1164.2,False,False,False,False,False,False,True,False,False,False,False,-0.0176211453744493,-0.0616740088105726,,,0.1221145374449339,0.0376505139500732,-0.1233480176211453,-0.2334801762114537,-0.0032348632812497,-0.1801505174035748,1095.0,1190.0,0.3785714285714285,0.0062224006423122,0.0017788538840815,0.0002937611636003
2006-08-21,1150.0,1150.0,1120.0,1125.0,34000.0,1125.0,1110.0,1073.0,1003.0,1088.4666666666667,1164.25,False,False,False,False,False,False,True,False,False,False,False,-0.0133333333333333,-0.0622222222222222,,,0.1084444444444444,0.032474074074074,-0.1244444444444444,-0.2133333333333333,-0.0034911496294483,-0.1812674743709226,1050.0,1185.0,0.6415094339622641,0.006580259222333,0.0003578585800207,-0.0002562863481985
2006-08-22,1125.0,1155.0,1125.0,1145.0,59000.0,1145.0,1123.0,1085.0,1012.4,1085.0,1164.4,False,False,False,False,False,False,True,False,False,False,False,-0.0349344978165938,-0.0611353711790393,,,0.1158078602620087,0.0524017467248908,-0.148471615720524,-0.2096069868995633,-0.003195084485407,-0.184331797235023,1020.0,1190.0,1.7352941176470589,0.0092848676412484,0.0027046084189154,0.0002960651440412
2006-08-23,1145.0,1145.0,1130.0,1130.0,55000.0,1130.0,1129.0,1097.0,1022.4,1081.4,1164.475,False,False,False,False,False,False,True,False,False,False,False,-0.0309734513274336,-0.0265486725663716,,,0.0952212389380531,0.043008849557522,-0.1504424778761062,-0.2079646017699115,-0.0033290179397077,-0.190975387420237,1040.0,1200.0,0.9322033898305084,0.0097809076682316,0.0004960400269831,-0.0001339334543006
2006-08-24,1135.0,1135.0,1105.0,1110.0,64000.0,1110.0,1129.0,1106.0,1030.0,1077.5333333333333,1164.4,False,False,False,False,False,False,True,False,False,True,False,-0.018018018018018,-0.018018018018018,,,0.072072072072072,0.0292492492492492,-0.1081081081081081,-0.2072072072072072,-0.0035884427395905,-0.1975587703435804,1030.0,1170.0,1.1636363636363636,0.007378640776699,-0.0024022668915325,-0.0002594247998828
2006-08-25,1115.0,1115.0,1105.0,1115.0,30000.0,1115.0,1125.0,1113.0,1038.6,1073.9333333333334,1164.275,False,False,False,False,False,False,True,False,False,False,False,-0.0448430493273542,-0.0403587443946188,,,0.0685201793721973,0.0368310911808669,-0.1300448430493273,-0.1928251121076233,-0.0033521633869264,-0.2026055705300988,1045.0,1130.0,0.46875,0.0082803774311572,0.0009017366544581,0.000236279352664
2006-08-28,1110.0,1110.0,1090.0,1110.0,49000.0,1110.0,1122.0,1116.0,1046.2,1070.6666666666667,1164.0,False,False,False,False,False,False,True,False,False,True,False,-0.0495495495495495,-0.0495495495495495,,,0.0574774774774774,0.0354354354354353,-0.1396396396396396,-0.1711711711711711,-0.0030510585305105,-0.2034050179211469,1065.0,1160.0,1.6333333333333333,0.0072643853947621,-0.0010159920363951,0.0003011048564159
2006-08-29,1090.0,1105.0,1090.0,1105.0,10000.0,1105.0,1114.0,1118.5,1053.4,1067.6666666666667,1163.7,False,False,False,False,False,False,True,False,False,True,False,-0.0271493212669683,-0.0769230769230769,,,0.0466968325791854,0.033785822021116,-0.1493212669683258,-0.171945701357466,-0.0028098657508585,-0.2029503799731783,1070.0,1145.0,0.2040816326530612,0.0068350104423771,-0.000429374952385,0.000241192779652
2006-08-30,1100.0,1100.0,1065.0,1095.0,40000.0,1095.0,1107.0,1118.0,1060.2,1065.6,1163.275,False,False,False,False,False,False,True,False,False,True,False,0.0045662100456621,-0.0730593607305936,,,0.0317808219178081,0.0268493150684932,-0.1643835616438356,-0.1689497716894977,-0.0019394394394395,-0.1999105545617173,1080.0,1125.0,4.0,0.0064138841727975,-0.0004211262695795,0.0008704263114189
2006-08-31,1075.0,1095.0,1070.0,1090.0,26000.0,1090.0,1103.0,1116.0,1066.2,1063.1333333333334,1162.925,False,True,False,False,False,False,True,False,False,True,False,0.0,-0.0596330275229357,,,0.021834862385321,0.0246483180428133,-0.1605504587155963,-0.1788990825688073,-0.002320185614849,-0.1957885304659498,1045.0,1105.0,0.65,0.0056274620146314,-0.0007864221581661,-0.0003807461754094
2006-09-01,1065.0,1065.0,1050.0,1065.0,44000.0,1065.0,1093.0,1109.0,1070.8,1059.3333333333333,1162.425,False,False,False,False,False,False,True,False,False,True,False,0.0046948356807511,-0.0375586854460093,,,-0.0054460093896713,0.005320813771518,-0.1549295774647887,-0.1643192488262911,-0.0035871617369416,-0.1889089269612263,1055.0,1010.0,1.6923076923076923,0.0042958535674261,-0.0013316084472052,-0.0012669761220926
2006-09-04,1060.0,1065.0,1040.0,1055.0,64000.0,1055.0,1082.0,1102.0,1074.0,1057.5333333333333,1161.95,False,False,False,False,False,False,True,False,False,True,False,0.0,-0.0189573459715639,,,-0.0180094786729857,-0.0024012638230647,-0.1516587677725118,-0.1563981042654028,-0.0017020740086994,-0.1833030852994555,1035.0,1050.0,1.4545454545454546,0.0029795158286778,-0.0013163377387482,0.0018850877282421
2006-09-05,1050.0,1090.0,1050.0,1075.0,39000.0,1075.0,1076.0,1095.0,1077.6,1056.0,1161.675,False,False,False,False,False,False,True,False,False,False,False,-0.0511627906976744,-0.055813953488372,,,-0.0024186046511627,0.0176744186046511,-0.1813953488372093,-0.1813953488372093,-0.0014520202020201,-0.1803652968036529,1020.0,1035.0,0.609375,0.0033407572383072,0.0003612414096293,0.0002500538066792
2006-09-06,1070.0,1105.0,1070.0,1100.0,48000.0,1100.0,1077.0,1092.0,1081.0,1055.2,1161.625,False,False,False,True,True,False,True,False,False,True,False,-0.0772727272727272,-0.0909090909090909,,,0.0172727272727272,0.0407272727272726,-0.1772727272727272,-0.2045454545454545,-0.0007581501137224,-0.1799450549450549,1005.0,1030.0,1.2307692307692308,0.003145235892692,-0.0001955213456152,0.0006938700882976
2006-09-07,1100.0,1100.0,1070.0,1090.0,53000.0,1090.0,1077.0,1090.0,1083.2,1053.7333333333331,1161.45,False,False,False,False,False,False,True,False,False,True,False,-0.0596330275229357,-0.0871559633027523,,,0.0062385321100917,0.0332721712538228,-0.1605504587155963,-0.1926605504587156,-0.0013918765025941,-0.178440366972477,1000.0,1015.0,1.1041666666666667,0.0020310192023634,-0.0011142166903286,-0.0006337263888717
2006-09-08,1065.0,1080.0,1055.0,1070.0,23000.0,1070.0,1078.0,1085.5,1084.4,1052.1333333333334,1161.2,False,False,False,False,False,False,True,False,False,True,False,-0.0420560747663551,-0.0700934579439252,,,-0.0134579439252337,0.0166978193146416,-0.1401869158878504,-0.1588785046728972,-0.0015207198073751,-0.1750345462920313,980.0,1020.0,0.4339622641509434,0.0011066027296201,-0.0009244164727433,-0.0001288433047809
2006-09-11,1060.0,1060.0,1055.0,1055.0,5000.0,1055.0,1078.0,1080.0,1085.6,1050.4,1160.925,False,False,False,False,False,False,True,False,False,True,False,-0.0189573459715639,-0.0663507109004739,,,-0.0290047393364928,0.0043601895734596,-0.1184834123222748,-0.1421800947867298,-0.0016501650165016,-0.1722222222222222,960.0,1080.0,0.217391304347826,0.0011053795136328,-1.2232159872615622e-06,-0.0001294452091264
2006-09-12,1055.0,1055.0,1015.0,1020.0,63000.0,1020.0,1067.0,1071.5,1085.4,1048.1333333333334,1160.525,False,False,False,False,False,False,False,False,False,True,False,-0.0049019607843137,-0.0441176470588235,,,-0.0641176470588236,-0.0275816993464053,-0.0735294117647058,-0.1225490196078431,-0.0021625747360386,-0.1675221651889874,910.0,1115.0,12.6,-0.0001842638658557,-0.0012896433794885,-0.0005124097195369
2006-09-13,1035.0,1035.0,1015.0,1015.0,10000.0,1015.0,1050.0,1063.5,1085.6,1045.6666666666667,1160.0,False,False,False,False,False,False,True,False,False,False,False,-0.0147783251231527,-0.0541871921182266,,,-0.0695566502463053,-0.0302134646962233,-0.064039408866995,-0.1330049261083744,-0.0023589416640102,-0.1640808650681711,880.0,1075.0,0.1587301587301587,0.0001842299189386,0.0003684937847944,-0.0001963669279715
2006-09-14,1020.0,1035.0,1010.0,1025.0,35000.0,1025.0,1037.0,1057.0,1085.8,1043.7333333333331,1159.55,False,False,False,False,False,False,True,False,False,True,False,-0.0292682926829268,-0.0341463414634146,,,-0.0593170731707316,-0.0182764227642274,-0.0634146341463414,-0.1512195121951219,-0.0018523249872256,-0.1613055818353831,920.0,1045.0,3.5,0.0001841959845275,-3.3934411088954765e-08,0.0005066166767846
2006-09-15,1025.0,1025.0,1010.0,1025.0,6000.0,1025.0,1028.0,1053.0,1085.0,1042.3333333333333,1159.2,False,False,False,False,False,False,False,False,False,True,False,-0.0292682926829268,-0.0536585365853658,,,-0.0585365853658536,-0.0169105691056909,-0.0536585365853658,-0.1365853658536585,-0.0013431403901501,-0.1585944919278252,900.0,1095.0,0.1714285714285714,-0.00073732718894,-0.0009215231734676,0.0005091845970754
2006-09-19,1005.0,1035.0,1005.0,1035.0,10000.0,1035.0,1024.0,1051.0,1083.2,1040.6666666666667,1158.825,False,False,False,False,False,False,False,False,False,True,False,-0.0483091787439613,-0.0772946859903381,,,-0.0465700483091787,-0.005475040257649,-0.0821256038647343,-0.1400966183574879,-0.0016015374759767,-0.1569933396764985,920.0,1050.0,1.6666666666666667,-0.0016617429837518,-0.0009244157948117,-0.0002583970858266
2006-09-20,1010.0,1015.0,975.0,1015.0,61000.0,1015.0,1023.0,1045.0,1080.6,1038.9333333333334,1158.325,False,False,False,False,False,False,False,False,False,True,False,-0.0394088669950738,-0.0738916256157635,,,-0.064630541871921,-0.0235796387520526,-0.0689655172413793,-0.1133004926108374,-0.0016683778234086,-0.1502392344497607,925.0,1020.0,6.1,-0.0024060707014622,-0.0007443277177104,-6.684034743184662e-05
2006-09-21,995.0,1000.0,995.0,1000.0,16000.0,1000.0,1020.0,1035.0,1076.6,1037.2666666666669,1157.7,False,False,False,False,False,False,False,False,False,True,False,-0.04,-0.085,,,-0.0765999999999999,-0.0372666666666668,-0.065,-0.085,-0.0016067870685775,-0.1381642512077294,925.0,1040.0,0.2622950819672131,-0.003715400334386,-0.0013093296329237,6.159075483111323e-05
2006-09-22,975.0,995.0,960.0,995.0,16000.0,995.0,1014.0,1025.5,1072.0,1035.8,1157.0,False,False,False,False,False,False,False,False,False,True,False,-0.0050251256281407,-0.0804020100502512,,,-0.0773869346733668,-0.041005025125628,-0.0703517587939698,-0.0753768844221105,-0.0014159747699043,-0.1262798634812286,940.0,1030.0,1.0,-0.0042910447761193,-0.0005756444417332,0.0001908122986731
2006-09-25,1000.0,1000.0,975.0,995.0,11000.0,995.0,1008.0,1018.0,1066.4,1035.6,1156.35,False,False,False,False,False,False,False,False,False,True,False,-0.0251256281407035,-0.0954773869346733,,,-0.0717587939698493,-0.0408040201005024,-0.0804020100502512,-0.0703517587939698,-0.000193124758594,-0.1173870333988212,950.0,1045.0,0.6875,-0.0052513128282069,-0.0009602680520876,0.0012228500113102
2006-09-26,990.0,990.0,970.0,985.0,5000.0,985.0,998.0,1011.0,1060.8,1034.7333333333331,1155.6,False,False,False,False,False,False,False,False,False,True,False,-0.0304568527918781,-0.0913705583756345,,,-0.0769543147208121,-0.0504906937394244,-0.0812182741116751,-0.0456852791878172,-0.0008375748985246,-0.1078140454995054,975.0,1065.0,0.4545454545454545,-0.0052790346907995,-2.772186259255953e-05,-0.0006444501399306
2006-09-27,965.0,980.0,955.0,975.0,36000.0,975.0,990.0,1006.5,1054.0,1033.9333333333334,1154.6,False,False,False,False,False,False,False,False,False,True,False,-0.0358974358974358,-0.0974358974358974,,,-0.081025641025641,-0.0604444444444445,-0.0666666666666666,-0.0102564102564102,-0.000773744277516,-0.0968703427719821,985.0,1070.0,7.2,-0.0064516129032257,-0.0011725782124262,6.383062100867999e-05
2006-09-28,965.0,965.0,955.0,960.0,33000.0,960.0,982.0,1001.0,1047.2,1033.0,1153.675,False,False,False,False,False,False,False,False,False,True,False,-0.046875,-0.0572916666666666,,,-0.0908333333333333,-0.0760416666666666,-0.0520833333333333,0.0,-0.0009035172636334,-0.0839160839160839,1015.0,1080.0,0.9166666666666666,-0.0064935064935064,-4.189359028068662e-05,-0.0001297729861174
2006-09-29,960.0,990.0,960.0,990.0,103000.0,990.0,981.0,997.5,1042.4,1032.6666666666667,1152.9,False,False,False,False,False,False,False,False,False,False,False,-0.0757575757575757,-0.0757575757575757,,,-0.052929292929293,-0.0430976430976431,-0.0858585858585858,-0.0303030303030303,-0.0003227888960619,-0.0716791979949874,1035.0,1045.0,3.121212121212121,-0.0046047582501918,0.0018887482433146,0.0005807283675715
2006-10-02,970.0,975.0,960.0,970.0,29000.0,970.0,976.0,992.0,1036.6,1032.0,1152.125,False,False,False,False,False,False,False,False,False,True,False,-0.0721649484536082,-0.0515463917525773,,,-0.0686597938144328,-0.0639175257731958,-0.0773195876288659,-0.0051546391752577,-0.0006459948320414,-0.0584677419354838,1040.0,1055.0,0.2815533980582524,-0.0055952151263748,-0.000990456876183,-0.0003232059359795
2006-10-03,960.0,960.0,925.0,955.0,109000.0,955.0,970.0,984.0,1030.4,1030.3333333333333,1151.175,False,False,False,False,False,False,False,False,False,True,False,-0.06282722513089,-0.0261780104712041,,,-0.0789528795811519,-0.0788830715532285,-0.0732984293193717,0.0157068062827225,-0.0016175994823682,-0.0426829268292682,1025.0,1035.0,3.7586206896551726,-0.0060170807453414,-0.0004218656189665,-0.0009716046503268
2006-10-04,955.0,955.0,940.0,940.0,22000.0,940.0,963.0,976.5,1023.8,1028.0,1150.15,False,False,True,False,False,False,False,False,False,True,False,-0.0638297872340425,0.0053191489361702,,,-0.0891489361702127,-0.0936170212765957,-0.0797872340425532,0.0212765957446808,-0.0022697795071335,-0.0291858678955453,1025.0,1020.0,0.2018348623853211,-0.0064465715960149,-0.0004294908506735,-0.0006521800247652
2006-10-05,945.0,945.0,900.0,915.0,152000.0,915.0,954.0,968.0,1016.6,1025.8666666666666,1148.975,False,False,False,False,False,False,False,False,False,True,False,-0.0109289617486338,0.0382513661202185,,,-0.1110382513661202,-0.1211657559198541,-0.0327868852459016,0.0327868852459016,-0.0020795425006499,-0.0175619834710743,1010.0,1005.0,6.909090909090909,-0.0070824316348612,-0.0006358600388462,0.0001902370064835
2006-10-06,910.0,930.0,910.0,915.0,69000.0,915.0,939.0,960.0,1009.6,1024.1333333333334,1147.85,False,False,False,False,False,False,False,False,False,False,False,0.0,0.0491803278688524,,,-0.1033879781420765,-0.1192714025500912,-0.0491803278688524,0.0273224043715847,-0.001692487957297,-0.0072916666666666,1020.0,1000.0,0.4539473684210526,-0.0069334389857369,0.0001489926491243,0.0003870545433529
2006-10-10,905.0,915.0,900.0,900.0,46000.0,900.0,925.0,950.5,1003.0,1021.5333333333332,1146.725,False,False,False,False,False,False,False,False,False,False,False,0.0222222222222222,0.0777777777777777,,,-0.1144444444444444,-0.1350370370370368,-0.0277777777777777,0.0388888888888888,-0.0025451934999676,0.0036822724881641,1045.0,980.0,0.6666666666666666,-0.006580259222333,0.0003531797634039,-0.0008527055426705
2006-10-11,890.0,895.0,850.0,895.0,106000.0,895.0,913.0,941.5,996.6,1019.4666666666668,1145.575,False,False,False,False,False,False,False,False,False,False,False,0.0391061452513966,0.0614525139664804,,,-0.1135195530726257,-0.1390689013035383,-0.0391061452513966,0.0782122905027933,-0.0020272037666751,0.0159320233669676,1080.0,960.0,2.3043478260869565,-0.0064218342364037,0.0001584249859292,0.0005179897332925
2006-10-12,875.0,880.0,855.0,880.0,82000.0,880.0,901.0,932.0,988.8,1017.6,1144.325,False,False,False,False,False,False,False,False,False,True,False,0.0738636363636363,0.0738636363636363,,,-0.1236363636363635,-0.1563636363636364,-0.0397727272727272,0.0852272727272727,-0.0018343815513628,0.0252145922746781,1080.0,910.0,0.7735849056603774,-0.0078883495145631,-0.0014665152781594,0.0001928222153123
2006-10-13,880.0,945.0,880.0,905.0,178000.0,905.0,899.0,926.5,981.0,1015.8,1143.225,False,False,False,False,False,False,False,False,False,True,False,0.0497237569060773,0.0331491712707182,,,-0.0839779005524861,-0.1224309392265192,-0.0662983425414364,0.0441988950276243,-0.0017720023626698,0.029681597409606,1100.0,880.0,2.1707317073170733,-0.0079510703363913,-6.272082182821534e-05,6.237918869291849e-05
2006-10-16,915.0,920.0,900.0,915.0,90000.0,915.0,899.0,919.0,974.0,1014.2666666666668,1142.15,False,False,False,False,False,False,False,False,False,False,False,0.0491803278688524,0.0109289617486338,,,-0.0644808743169398,-0.108488160291439,-0.1038251366120218,0.0382513661202185,-0.0015117654791637,0.0369967355821545,1110.0,920.0,0.5056179775280899,-0.0071868583162217,0.0007642120201696,0.000260236883506
2006-10-17,915.0,925.0,915.0,920.0,68000.0,920.0,903.0,914.0,968.0,1012.6,1141.1,False,False,False,False,False,False,False,False,False,False,False,0.0543478260869565,-0.0054347826086956,,,-0.0521739130434782,-0.1006521739130435,-0.1141304347826086,0.0271739130434782,-0.0016459279741919,0.0404814004376367,1135.0,900.0,0.7555555555555555,-0.006198347107438,0.0009885112087837,-0.0001341624950281
2006-10-18,920.0,930.0,920.0,930.0,76000.0,930.0,910.0,911.5,963.0,1010.8,1140.0,False,False,False,False,False,False,False,False,False,False,False,0.021505376344086,-0.0268817204301075,,,-0.0354838709677419,-0.0868817204301074,-0.1236559139784946,0.0,-0.0017807677087456,0.0389467910038398,1125.0,920.0,1.1176470588235294,-0.0051921079958463,0.0010062391115917,-0.0001348397345536
2006-10-19,940.0,945.0,930.0,945.0,104000.0,945.0,923.0,912.0,960.0,1009.1333333333332,1138.925,False,False,False,False,False,False,False,False,False,False,False,0.0,-0.037037037037037,,,-0.0158730158730158,-0.0678659611992944,-0.1111111111111111,-0.0158730158730158,-0.0016515822157627,0.0350877192982456,1145.0,925.0,1.368421052631579,-0.003125,0.0020671079958463,0.0001291854929828
2006-10-20,960.0,960.0,940.0,950.0,64000.0,950.0,932.0,915.5,957.4,1007.4,1137.85,False,False,False,False,False,False,False,False,False,False,True,-0.0157894736842105,-0.0421052631578947,,,-0.0077894736842105,-0.0604210526315789,-0.0842105263157894,0.0052631578947368,-0.0017206008867711,0.0322228290551611,1130.0,925.0,0.6153846153846154,-0.0027156883225402,0.0004093116774597,-6.901867100835252e-05
2006-10-23,950.0,960.0,950.0,960.0,34000.0,960.0,941.0,920.0,954.8,1006.2666666666668,1136.75,False,False,False,False,True,False,False,False,False,True,False,-0.0364583333333333,-0.0572916666666666,,,0.0054166666666667,-0.0481944444444445,-0.0833333333333333,-0.0052083333333333,-0.001126275341195,0.0288043478260869,1110.0,940.0,0.53125,-0.0027230833682446,-7.395045704445321e-06,0.000594325545576
2006-10-24,965.0,980.0,965.0,970.0,51000.0,970.0,951.0,927.0,952.6,1005.1333333333332,1135.675,False,False,False,False,False,False,False,False,False,False,False,-0.056701030927835,-0.0773195876288659,,,0.0179381443298968,-0.0362199312714775,-0.0721649484536082,-0.0206185567010309,-0.0011275452676264,0.0226537216828478,1115.0,950.0,1.5,-0.0023094688221708,0.0004136145460738,-1.2699264313480087e-06
2006-10-25,985.0,985.0,950.0,950.0,89000.0,950.0,955.0,932.5,949.2,1004.0,1134.525,False,False,False,False,False,False,False,False,False,True,False,-0.0473684210526315,-0.0684210526315789,,,0.0008421052631578,-0.0568421052631578,-0.0473684210526315,-0.0157894736842105,-0.0011288180610888,0.0134048257372654,1110.0,975.0,1.7450980392156863,-0.0035819637589548,-0.001272494936784,-1.2727934624522878e-06
2006-10-26,950.0,950.0,935.0,945.0,41000.0,945.0,955.0,939.0,946.4,1003.0,1133.0,False,False,False,False,False,True,False,False,False,False,False,-0.037037037037037,-0.0846560846560846,,,-0.0014814814814814,-0.0613756613756613,-0.0582010582010582,-0.0052910052910052,-0.0009970089730807,0.0047923322683706,1105.0,985.0,0.4606741573033708,-0.0029585798816568,0.000623383877298,0.000131809088008
2006-10-27,955.0,955.0,935.0,935.0,29000.0,935.0,952.0,942.0,943.8,1002.0666666666668,1131.525,False,False,False,False,False,False,False,False,False,False,False,-0.0267379679144385,-0.053475935828877,,,-0.0094117647058823,-0.0717290552584672,-0.0588235294117647,0.0106951871657754,-0.0009314084225931,0.001592356687898,1095.0,1015.0,0.7073170731707317,-0.0027548209366391,0.0002037589450177,6.560055048761705e-05
2006-10-30,925.0,930.0,915.0,925.0,18000.0,925.0,945.0,943.0,941.0,1001.0666666666668,1129.85,False,False,False,False,False,False,False,False,False,True,False,-0.0216216216216216,-0.0594594594594594,,,-0.0172972972972972,-0.0822342342342344,-0.0648648648648648,0.0162162162162162,-0.0009989344698987,-0.0005302226935312,1090.0,1035.0,0.6206896551724138,-0.0029755579171094,-0.0002207369804702,-6.752604730563396e-05
2006-10-31,915.0,915.0,910.0,915.0,16000.0,915.0,934.0,942.5,937.8,1000.2,1128.05,False,False,False,False,False,False,False,False,False,True,False,-0.0218579234972677,-0.0437158469945355,,,-0.0249180327868851,-0.0931147540983607,-0.0491803278688524,0.0491803278688524,-0.0008664933679931,0.0015915119363395,1065.0,1040.0,0.8888888888888888,-0.0034122414160802,-0.0004366834989708,0.0001324411019055
2006-11-01,905.0,910.0,905.0,905.0,22000.0,905.0,925.0,940.0,934.6,999.4666666666668,1125.9,False,False,False,False,False,False,False,False,False,True,False,-0.0220994475138121,-0.0497237569060773,,,-0.032707182320442,-0.1043830570902395,-0.0220994475138121,0.1712707182320442,-0.0007337246531482,0.0180851063829787,1055.0,1025.0,1.375,-0.0034239246736571,-1.1683257576870169e-05,0.0001327687148449
2006-11-02,900.0,910.0,880.0,910.0,64000.0,910.0,918.0,936.5,932.0,999.4666666666668,1124.2,False,False,False,False,False,False,False,False,False,False,False,-0.0494505494505494,-0.0714285714285714,,,-0.0241758241758241,-0.0983150183150184,-0.0054945054945054,0.1813186813186813,0.0,0.0373731980779498,1075.0,1025.0,2.909090909090909,-0.0027896995708154,0.0006342251028416,0.0007337246531482
2006-11-06,905.0,910.0,900.0,910.0,20000.0,910.0,913.0,932.5,930.0,999.8666666666668,1123.05,False,False,False,False,False,False,False,True,False,False,False,-0.0274725274725274,-0.0714285714285714,,,-0.0219780219780219,-0.0987545787545788,-0.0164835164835164,0.1593406593406593,0.0004000533404453,0.0525469168900804,1100.0,1010.0,0.3125,-0.0021505376344086,0.0006391619364068,0.0004000533404453
2006-11-07,915.0,915.0,905.0,905.0,11000.0,905.0,909.0,927.0,926.6,999.6666666666666,1121.575,False,False,False,False,False,False,False,False,False,True,False,-0.0386740331491712,-0.0939226519337016,,,-0.0238674033149171,-0.1046040515653774,-0.0276243093922651,0.0939226519337016,-0.0002000666888964,0.0625674217907227,1090.0,1020.0,0.55,-0.0036693287286854,-0.0015187910942768,-0.0006001200293418
2006-11-08,920.0,920.0,895.0,895.0,9000.0,895.0,905.0,919.5,923.6,999.6,1120.025,False,False,False,False,False,False,False,False,False,False,False,-0.0223463687150838,-0.0893854748603352,,,-0.0319553072625698,-0.1168715083798883,0.0055865921787709,0.0949720670391061,-6.669334400420772e-05,0.0744970092441544,1070.0,1045.0,0.8181818181818182,-0.0032481593763534,0.000421169352332,0.0001333733448922
2006-11-09,880.0,885.0,880.0,885.0,59000.0,885.0,901.0,913.0,920.8,999.1333333333332,1118.7,False,False,False,False,False,False,False,False,False,False,False,-0.0282485875706214,-0.0790960451977401,,,-0.0404519774011298,-0.1289642184557437,0.03954802259887,0.1016949152542373,-0.0004670714619338,0.0865279299014238,1055.0,1080.0,6.555555555555555,-0.0030408340573415,0.0002073253190118,-0.0004003781179296
2006-11-10,880.0,885.0,865.0,865.0,39000.0,865.0,892.0,905.0,917.8,998.3333333333334,1117.025,False,False,False,False,False,False,False,False,False,True,False,-0.0231213872832369,-0.0289017341040462,,,-0.0610404624277456,-0.1541425818882466,0.0578034682080924,0.0578034682080924,-0.0008013355592652,0.0933701657458563,1020.0,1080.0,0.6610169491525424,-0.0032686859882327,-0.0002278519308912,-0.0003342640973314
2006-11-13,865.0,885.0,845.0,885.0,75000.0,885.0,887.0,900.0,916.6,997.8,1115.6,False,False,False,False,False,False,False,False,False,False,False,-0.0451977401129943,-0.0169491525423728,,,-0.0357062146892655,-0.127457627118644,0.0282485875706214,0.0847457627118644,-0.0005345092536915,0.1011111111111111,1015.0,1100.0,1.9230769230769231,-0.001309186122627,0.0019594998656057,0.0002668263055737
2006-11-14,860.0,880.0,855.0,870.0,39000.0,870.0,880.0,894.5,914.8,996.8666666666668,1113.95,False,False,False,False,False,False,False,False,False,True,False,-0.057471264367816,0.0114942528735632,,,-0.0514942528735631,-0.1458237547892721,0.028735632183908,0.0862068965517241,-0.0009362669698386,0.1084404695360536,1025.0,1110.0,0.52,-0.0019676432006996,-0.0006584570780726,-0.0004017577161471
2006-11-15,875.0,880.0,875.0,875.0,47000.0,875.0,876.0,890.5,913.8,995.8666666666668,1112.15,False,False,False,False,False,False,False,False,False,False,False,-0.0685714285714285,0.0285714285714285,,,-0.044342857142857,-0.1381333333333334,0.0171428571428571,0.1028571428571428,-0.0010041504886865,0.1139809096013475,1025.0,1135.0,1.205128205128205,-0.0010943313635368,0.0008733118371628,-6.788351884791019e-05
2006-11-16,870.0,875.0,855.0,860.0,29000.0,860.0,871.0,886.0,912.4,994.3333333333334,1110.3,False,False,False,False,False,False,False,False,False,True,False,-0.0523255813953488,0.0523255813953488,,,-0.0609302325581395,-0.1562015503875969,0.0348837209302325,0.127906976744186,-0.0015420717398592,0.1094808126410835,1035.0,1125.0,0.6170212765957447,-0.0015344147303813,-0.0004400833668445,-0.0005379212511727
2006-11-17,850.0,865.0,835.0,845.0,131000.0,845.0,867.0,879.5,911.0,992.4666666666668,1108.45,False,False,False,False,False,False,False,False,False,True,False,-0.0059171597633136,0.0532544378698224,,,-0.0781065088757396,-0.1745167652859962,0.0414201183431952,0.1715976331360946,-0.0018808356284005,0.1080159181353041,1015.0,1145.0,4.517241379310345,-0.0015367727771679,-2.358046786535414e-06,-0.0003387638885412
2006-11-20,850.0,850.0,805.0,845.0,67000.0,845.0,859.0,873.0,908.6,990.2,1106.7,False,False,False,False,False,False,False,False,False,True,False,0.029585798816568,0.0414201183431952,,,-0.0752662721893491,-0.1718343195266272,0.0355029585798816,0.1775147928994082,-0.0022890998451492,0.1093928980526918,1000.0,1130.0,0.5114503816793893,-0.0026414263702399,-0.0011046535930719,-0.0004082642167487
2006-11-21,830.0,830.0,805.0,820.0,26000.0,820.0,849.0,864.5,904.8,987.3333333333334,1104.75,False,False,False,False,False,False,False,False,False,True,False,0.073170731707317,0.0548780487804878,,,-0.1034146341463414,-0.2040650406504065,0.073170731707317,0.1707317073170731,-0.0029034436191762,0.1168305378831694,995.0,1110.0,0.3880597014925373,-0.0041998231653404,-0.0015583967951005,-0.000614343774027
2006-11-22,805.0,835.0,790.0,815.0,171000.0,815.0,837.0,856.5,900.6,984.3333333333334,1102.775,False,False,False,False,False,False,False,False,False,True,False,0.1042944785276073,0.0674846625766871,,,-0.1050306748466258,-0.2077709611451943,0.1042944785276073,0.1717791411042944,-0.0030477480528276,0.1243432574430823,995.0,1115.0,6.576923076923077,-0.0046635576282477,-0.0004637344629072,-0.0001443044336513
2006-11-24,815.0,825.0,805.0,815.0,76000.0,815.0,828.0,849.5,896.0,981.5333333333332,1100.9,False,False,False,False,False,False,False,False,False,True,False,0.1104294478527607,0.0858895705521472,,,-0.0993865030674846,-0.2043353783231082,0.1104294478527607,0.1656441717791411,-0.0028526794810842,0.1306650971159505,985.0,1110.0,0.4444444444444444,-0.0051339285714285,-0.0004703709431808,0.0001950685717434
2006-11-27,805.0,840.0,805.0,840.0,32000.0,840.0,827.0,847.0,891.8,979.0666666666668,1099.0,False,False,False,False,False,False,False,False,False,False,False,0.0595238095238095,0.0773809523809523,,,-0.0616666666666666,-0.1655555555555557,0.0654761904761904,0.1309523809523809,-0.0025194062372324,0.1381345926800472,975.0,1105.0,0.4210526315789473,-0.0047095761381476,0.0004243524332809,0.0003332732438517
2006-11-28,840.0,880.0,840.0,870.0,92000.0,870.0,832.0,845.5,888.6,977.2,1097.3,False,False,False,False,False,False,False,False,False,False,False,0.0114942528735632,0.028735632183908,,,-0.0213793103448276,-0.1232183908045977,0.0114942528735632,0.0919540229885057,-0.0019102196752627,0.1389710230632761,960.0,1095.0,2.875,-0.0036011703803735,0.001108405757774,0.0006091865619696
2006-11-29,880.0,905.0,865.0,880.0,161000.0,880.0,844.0,846.5,885.4,975.3333333333334,1095.675,False,False,False,False,False,False,False,False,False,True,False,-0.0170454545454545,0.0,,,-0.0061363636363636,-0.1083333333333333,-0.0113636363636363,0.0909090909090909,-0.0019138755980861,0.1393975191966922,990.0,1090.0,1.75,-0.0036141856787892,-1.3015298415754682e-05,-3.655922823352868e-06
2006-11-30,895.0,900.0,885.0,900.0,50000.0,900.0,861.0,849.0,882.6,973.4,1094.25,False,False,False,False,True,False,False,False,False,False,False,-0.0333333333333333,0.0,,,0.0193333333333333,-0.0815555555555555,-0.0166666666666666,0.0611111111111111,-0.0019861653311417,0.1348645465253239,970.0,1065.0,0.3105590062111801,-0.0031724450487196,0.0004417406300696,-7.228973305563281e-05
2006-12-01,910.0,910.0,880.0,905.0,50000.0,905.0,879.0,853.5,880.8,971.0666666666668,1092.95,False,False,False,False,False,False,False,False,False,False,False,-0.0220994475138121,0.0165745856353591,,,0.0267403314917127,-0.0730018416206263,-0.0165745856353591,0.0607734806629834,-0.0024028559659479,0.127709431751611,955.0,1055.0,1.0,-0.0020435967302453,0.0011288483184743,-0.0004166906348061
2006-12-04,900.0,900.0,885.0,890.0,62000.0,890.0,889.0,858.0,878.6,968.5333333333332,1091.675,False,False,False,False,False,False,False,False,False,True,False,0.0168539325842696,0.0280898876404494,,,0.0128089887640449,-0.0882397003745316,0.0112359550561797,0.0674157303370786,-0.0026156387665201,0.1171328671328671,940.0,1075.0,1.24,-0.002503983610289,-0.0004603868800437,-0.0002127828005722
2006-12-05,900.0,900.0,880.0,880.0,24000.0,880.0,891.0,861.5,876.4,965.6,1090.45,False,False,False,False,False,False,False,False,False,True,False,0.0170454545454545,0.034090909090909,,,0.0040909090909091,-0.0972727272727273,0.0397727272727272,0.0738636363636363,-0.0030378348522505,0.1067904817179338,915.0,1100.0,0.3870967741935484,-0.0025102692834322,-6.285673143255951e-06,-0.0004221960857304
2006-12-06,870.0,875.0,860.0,865.0,47000.0,865.0,888.0,866.0,874.0,962.3333333333334,1089.2,False,False,False,False,False,True,False,False,False,True,False,0.0173410404624277,0.0346820809248554,,,-0.0104046242774566,-0.11252408477842,0.0635838150289017,0.0751445086705202,-0.0033945271908555,0.0975750577367205,915.0,1090.0,1.9583333333333333,-0.0027459954233409,-0.0002357261399086,-0.0003566923386049
2006-12-07,880.0,880.0,870.0,870.0,27000.0,870.0,882.0,871.5,872.2,958.8,1088.15,False,False,False,False,False,False,False,False,False,False,False,0.0344827586206896,0.0229885057471264,,,-0.0025287356321839,-0.1020689655172413,0.0632183908045977,0.0632183908045977,-0.0036851620080657,0.087205966724039,900.0,1070.0,0.574468085106383,-0.0020637468470533,0.0006822485762875,-0.0002906348172101
2006-12-08,900.0,900.0,880.0,885.0,30000.0,885.0,878.0,878.5,871.4,955.6,1087.9,False,False,False,False,False,False,False,False,False,False,False,0.03954802259887,0.0056497175141242,,,0.0153672316384181,-0.079774011299435,0.0621468926553672,0.0225988700564971,-0.0033486814566763,0.0734206033010813,895.0,1055.0,1.1111111111111112,-0.0009180628873078,0.0011456839597455,0.0003364805513893
2006-12-11,885.0,910.0,885.0,905.0,44000.0,905.0,881.0,885.0,871.2,952.4,1087.55,False,False,False,False,False,False,False,False,False,False,False,0.011049723756906,-0.0276243093922651,,,0.0373480662983424,-0.0523756906077347,0.0662983425414364,-0.0276243093922651,-0.003359932801344,0.0576271186440678,880.0,1020.0,1.4666666666666666,-0.0002295684113865,0.0006884944759213,-1.125134466765888e-05
2006-12-12,905.0,910.0,895.0,895.0,31000.0,895.0,884.0,887.5,870.6,949.2666666666668,1087.225,False,False,False,False,False,False,False,False,False,True,False,0.0167597765363128,-0.0223463687150838,,,0.0272625698324022,-0.0606331471135941,0.0726256983240223,0.0055865921787709,-0.0033007935950557,0.0490140845070422,905.0,1015.0,0.7045454545454546,-0.0006891798759476,-0.0004596114645611,5.913920628831644e-05
2006-12-13,900.0,900.0,880.0,880.0,19000.0,880.0,887.0,887.5,869.6,946.2,1086.525,False,False,False,False,False,False,False,False,False,True,False,0.0170454545454545,0.0,,,0.0118181818181817,-0.0752272727272727,0.0909090909090909,0.0227272727272727,-0.0032410343126894,0.0422535211267605,915.0,1025.0,0.6129032258064516,-0.0011499540018399,-0.0004607741258922,5.975928236629478e-05
2006-12-14,895.0,905.0,890.0,900.0,29000.0,900.0,893.0,887.5,869.8,943.3333333333334,1085.725,False,False,False,False,False,False,True,False,False,False,False,-0.0111111111111111,0.0,,,0.0335555555555556,-0.0481481481481481,0.0722222222222222,-0.0055555555555555,-0.0030388692579505,0.0354929577464788,920.0,1025.0,1.5263157894736843,0.0002299379167623,0.0013798919186023,0.0002021650547388
2006-12-15,900.0,945.0,900.0,920.0,166000.0,920.0,900.0,889.0,871.2,940.8,1084.825,False,False,False,False,False,False,True,False,True,False,False,-0.0326086956521739,-0.0163043478260869,,,0.0530434782608695,-0.0226086956521738,0.0543478260869565,-0.0271739130434782,-0.0026927437641724,0.0264341957255343,930.0,1035.0,5.724137931034483,0.0016069788797062,0.0013770409629438,0.0003461254937781
2006-12-18,940.0,940.0,915.0,915.0,106000.0,915.0,902.0,891.5,873.2,938.2666666666668,1083.975,False,False,False,False,False,False,True,False,False,False,False,-0.0382513661202185,-0.0218579234972677,,,0.0456830601092895,-0.0254280510018216,0.0491803278688524,-0.0163934426229508,-0.0027000142106009,0.0179472798653954,945.0,1015.0,0.6385542168674698,0.0022904260192395,0.0006834471395333,-7.2704464285306206e-06
2006-12-19,910.0,910.0,890.0,910.0,85000.0,910.0,905.0,894.5,874.2,935.8,1083.125,False,False,False,False,False,False,True,False,False,True,False,-0.0384615384615384,-0.0329670329670329,,,0.0393406593406592,-0.0283516483516483,0.0384615384615384,-0.0219780219780219,-0.0026358908598704,0.0083845723868082,950.0,1000.0,0.8018867924528302,0.0011439029970258,-0.0011465230222137,6.412335073045826e-05
2006-12-20,885.0,900.0,885.0,895.0,64000.0,895.0,908.0,897.5,875.2,933.2,1082.15,False,False,False,False,False,False,True,False,False,True,False,-0.0167597765363128,-0.0279329608938547,,,0.0221229050279329,-0.0426815642458101,0.0502793296089385,0.0,-0.0027861123017572,0.0011142061281337,960.0,995.0,0.7529411764705882,0.0011425959780621,-1.3070189636948514e-06,-0.0001502214418867
2006-12-21,900.0,900.0,890.0,890.0,39000.0,890.0,906.0,899.5,875.8,930.8666666666668,1081.275,False,False,False,False,False,False,True,False,False,True,False,0.0112359550561797,-0.0056179775280898,,,0.0159550561797753,-0.0459176029962548,0.0505617977528089,0.0056179775280898,-0.0025066246508629,-0.0044469149527515,970.0,995.0,0.609375,0.0006850879196162,-0.0004575080584459,0.0002794876508943
2006-12-22,885.0,890.0,880.0,890.0,20000.0,890.0,900.0,900.0,877.0,928.6666666666666,1080.275,False,False,False,False,False,False,True,False,True,False,False,0.0168539325842696,0.0,,,0.0146067415730337,-0.043445692883895,0.0842696629213483,-0.0056179775280898,-0.0023689877961236,-0.0072222222222222,950.0,985.0,0.5128205128205128,0.0013683010262258,0.0006832131066095,0.0001376368547392
2006-12-25,905.0,905.0,880.0,880.0,75000.0,880.0,893.0,897.5,878.4,926.0666666666668,1079.225,False,False,False,False,False,False,True,False,False,False,False,0.0170454545454545,0.0227272727272727,,,0.0018181818181818,-0.052348484848485,0.0852272727272727,-0.0056818181818181,-0.0028075732488659,-0.0050139275766016,945.0,975.0,3.75,0.0015938069216757,0.0002255058954499,-0.0004385854527423
2006-12-26,880.0,885.0,865.0,875.0,147000.0,875.0,886.0,895.5,879.6,923.0666666666668,1078.25,False,False,False,False,False,False,True,False,False,True,False,0.0057142857142857,0.0457142857142857,,,-0.0052571428571428,-0.0549333333333335,0.08,0.0,-0.0032500361115123,-0.0055834729201563,935.0,960.0,1.96,0.0013642564802183,-0.0002295504414574,-0.0004424628626463
2006-12-27,885.0,885.0,880.0,880.0,7000.0,880.0,883.0,895.5,882.0,920.2666666666668,1077.225,False,False,False,False,False,False,True,False,False,False,False,-0.0113636363636363,0.0454545454545454,,,-0.0022727272727272,-0.0457575757575758,0.0795454545454545,-0.0113636363636363,-0.0030425963488844,-0.0089335566722501,925.0,990.0,0.0476190476190476,0.0027210884353741,0.0013568319551557,0.0002074397626278
2006-12-28,885.0,900.0,880.0,900.0,9000.0,900.0,885.0,895.5,885.4,918.0,1076.3,False,False,False,False,False,False,True,False,False,False,False,-0.0166666666666666,0.0277777777777777,,,0.0162222222222222,-0.02,0.05,-0.0277777777777777,-0.0024691358024692,-0.0111669458403126,915.0,970.0,1.2857142857142858,0.0038400722837135,0.0011189838483394,0.0005734605464152
2006-12-29,895.0,905.0,895.0,905.0,3000.0,905.0,888.0,894.0,889.0,916.0,1075.25,False,False,False,False,False,False,True,False,False,False,False,-0.0165745856353591,0.0386740331491712,,,0.0176795580110497,-0.0121546961325966,0.0276243093922651,-0.0276243093922651,-0.0021834061135371,-0.0111856823266219,905.0,955.0,0.3333333333333333,0.0040494938132733,0.0002094215295598,0.0002857296889321
2007-01-04,905.0,905.0,895.0,895.0,11000.0,895.0,891.0,892.0,891.2,914.3333333333334,1073.95,False,False,False,False,False,False,True,False,False,True,False,0.0055865921787709,0.0782122905027933,,,0.0042458100558658,-0.0216014897579143,0.0391061452513966,-0.0111731843575419,-0.0018228217280349,-0.0106502242152466,910.0,940.0,3.6666666666666665,0.0024685816876122,-0.0015809121256611,0.0003605843855021
2007-01-05,900.0,900.0,880.0,880.0,25000.0,880.0,892.0,889.0,891.6,912.5333333333332,1072.575,False,False,False,False,False,False,True,False,False,True,False,0.0397727272727272,0.0909090909090909,,,-0.0131818181818182,-0.0369696969696968,0.0852272727272727,0.0056818181818181,-0.0019725306838108,-0.0078740157480314,910.0,915.0,2.272727272727273,0.0004486316733961,-0.0020199500142161,-0.0001497089557758
2007-01-09,880.0,880.0,860.0,870.0,27000.0,870.0,890.0,886.5,891.2,910.4666666666668,1071.15,False,False,False,False,False,False,False,False,False,True,False,0.057471264367816,0.1034482758620689,,,-0.024367816091954,-0.0465134099616859,0.0977011494252873,0.0114942528735632,-0.0022698982206923,-0.0067681895093062,905.0,915.0,1.08,-0.0004488330341112,-0.0008974647075074,-0.0002973675368815
2007-01-10,875.0,885.0,875.0,885.0,5000.0,885.0,887.0,886.0,890.6,908.6,1069.625,False,False,False,False,False,False,False,False,False,True,False,0.0451977401129943,0.0903954802259887,,,-0.0063276836158192,-0.0266666666666666,0.0734463276836158,0.0056497175141242,-0.0020544427324089,-0.0067720090293453,895.0,900.0,0.1851851851851851,-0.0006737031214911,-0.0002248700873798,0.0002154554882834
2007-01-11,890.0,890.0,875.0,890.0,25000.0,890.0,884.0,886.0,890.0,906.6666666666666,1067.95,False,False,False,False,False,False,False,False,False,True,False,0.0561797752808988,0.0898876404494382,,,0.0,-0.0187265917602995,0.0505617977528089,-0.0056179775280898,-0.0021323529411765,-0.0067720090293453,885.0,895.0,5.0,-0.0006741573033708,-4.541818796569442e-07,-7.791020876757012e-05
2007-01-12,895.0,900.0,895.0,900.0,32000.0,900.0,885.0,888.0,890.4,905.1333333333332,1066.25,False,False,False,False,True,False,True,False,False,False,True,0.0722222222222222,0.0666666666666666,,,0.0106666666666666,-0.0057037037037035,0.0444444444444444,0.0111111111111111,-0.0016940413935332,-0.0050675675675675,865.0,880.0,1.28,0.0004492362982928,0.0011233936016636,0.0004383115476432
2007-01-15,915.0,950.0,910.0,915.0,59000.0,915.0,892.0,892.0,891.8,904.0,1064.675,False,False,False,False,False,False,True,False,True,False,False,0.0491803278688524,0.0327868852459016,,,0.0253551912568306,0.0120218579234972,0.0327868852459016,0.0,-0.001253687315634,-0.0050448430493273,885.0,905.0,1.84375,0.0015698587127158,0.0011206224144229,0.0004403540778991
2007-01-16,920.0,925.0,920.0,920.0,37000.0,920.0,902.0,896.0,894.0,903.0,1062.7,False,False,False,False,False,False,True,False,False,False,False,0.0434782608695652,0.0217391304347826,,,0.0282608695652173,0.0184782608695652,0.0217391304347826,-0.0108695652173913,-0.0011074197120708,-0.0050223214285714,870.0,915.0,0.6271186440677966,0.0024608501118568,0.000890991399141,0.0001462676035632
2007-01-17,915.0,925.0,915.0,925.0,26000.0,925.0,910.0,898.5,896.2,902.0666666666668,1060.475,False,False,False,False,False,False,True,False,False,True,False,0.0432432432432432,0.0108108108108108,,,0.031135135135135,0.0247927927927926,0.0378378378378378,-0.027027027027027,-0.0010346611484736,-0.005008347245409,875.0,920.0,0.7027027027027027,0.0024548091943763,-6.040917480568207e-06,7.2758563597185e-05
2007-01-18,925.0,940.0,920.0,940.0,35000.0,940.0,920.0,902.0,898.4,901.4666666666668,1058.4,False,False,False,False,False,False,True,False,False,True,False,0.0319148936170212,0.026595744680851,,,0.0442553191489361,0.0409929078014182,0.1276595744680851,-0.026595744680851,-0.0006655820144949,-0.0049889135254988,860.0,930.0,1.3461538461538465,0.0024487978628672,-6.011331509062166e-06,0.0003690791339787
2007-01-19,940.0,965.0,935.0,965.0,115000.0,965.0,933.0,909.0,900.8,901.3333333333334,1056.45,False,False,False,False,False,False,True,False,False,False,False,-0.005181347150259,-0.0103626943005181,,,0.0665284974093264,0.0659758203799654,0.1139896373056994,-0.0673575129533678,-0.0001479289940829,-0.011001100110011,845.0,945.0,3.2857142857142856,0.0026642984014209,0.0002155005385536,0.0005176530204119
2007-01-22,970.0,985.0,955.0,960.0,55000.0,960.0,942.0,917.0,903.4,901.3333333333334,1054.525,False,True,False,False,False,False,True,False,False,False,False,-0.015625,-0.015625,,,0.0589583333333333,0.061111111111111,0.0989583333333333,-0.0729166666666666,0.0,-0.0190839694656488,845.0,950.0,0.4782608695652174,0.0028780163825548,0.0002137179811338,0.0001479289940829
2007-01-23,950.0,975.0,950.0,960.0,51000.0,960.0,950.0,926.0,906.6,900.9333333333332,1052.675,False,False,False,False,False,False,True,False,False,False,False,-0.0208333333333333,-0.0104166666666666,,,0.0556249999999999,0.0615277777777779,0.03125,-0.0625,-0.0004439840165756,-0.0264578833693304,820.0,960.0,0.9272727272727272,0.0035296712993602,0.0006516549168054,-0.0004439840165756
2007-01-24,985.0,985.0,965.0,965.0,65000.0,965.0,958.0,934.0,909.2,900.8666666666668,1050.825,False,False,False,False,False,False,True,False,False,True,False,-0.0310880829015544,-0.0207253886010362,,,0.0578238341968911,0.0664594127806561,0.0155440414507772,-0.082901554404145,-7.400281210654035e-05,-0.0353319057815845,815.0,970.0,1.2745098039215683,0.002859656841179,-0.0006700144581812,0.000369981204469
2007-01-25,980.0,980.0,945.0,970.0,40000.0,970.0,964.0,942.0,911.2,901.0666666666668,1048.725,False,False,False,False,False,False,True,True,False,True,False,-0.0051546391752577,-0.0412371134020618,,,0.0606185567010308,0.0710652920962197,0.0051546391752577,-0.0876288659793814,0.0002219591595146,-0.0435244161358811,815.0,950.0,0.6153846153846154,0.0021949078138718,-0.0006647490273072,0.0002959619716212
2007-01-26,950.0,960.0,935.0,960.0,43000.0,960.0,963.0,948.0,913.0,901.3333333333334,1046.55,False,False,False,False,False,False,True,True,False,True,False,-0.0052083333333333,-0.03125,,,0.0489583333333333,0.061111111111111,-0.046875,-0.0885416666666666,0.0002958579881655,-0.0532700421940928,840.0,945.0,1.075,0.0019715224534501,-0.0002233853604217,7.389882865083778e-05
2007-01-29,940.0,945.0,935.0,945.0,29000.0,945.0,960.0,951.0,914.4,901.7333333333332,1044.15,False,False,False,False,False,False,True,True,False,True,False,0.0,0.0105820105820105,,,0.0323809523809524,0.0457848324514992,0.0158730158730158,-0.0158730158730158,0.0004435901227264,-0.0546792849631966,870.0,935.0,0.6744186046511628,0.0015310586176727,-0.0004404638357773,0.0001477321345609
2007-01-30,945.0,945.0,940.0,940.0,11000.0,940.0,956.0,953.0,916.2,902.0666666666668,1041.625,False,False,False,False,False,False,True,True,False,False,False,0.0106382978723404,0.0159574468085106,,,0.0253191489361701,0.0403546099290778,0.0053191489361702,0.0,0.0003695218387409,-0.0535152151101783,880.0,925.0,0.3793103448275862,0.0019646365422397,0.0004335779245669,-7.406828398548584e-05
2007-01-31,940.0,940.0,930.0,935.0,17000.0,935.0,950.0,954.0,918.0,902.5333333333332,1038.9,False,False,False,False,False,False,True,True,False,True,False,0.0106951871657754,0.0160427807486631,,,0.0181818181818181,0.0347237076648842,0.0320855614973262,-0.0053475935828877,0.0005170630816956,-0.0513626834381551,900.0,915.0,1.5454545454545454,0.0019607843137254,-3.852228514319381e-06,0.0001475412429546
2007-02-01,935.0,970.0,930.0,965.0,419000.0,965.0,949.0,956.5,921.0,903.4666666666668,1036.05,False,False,False,False,False,False,True,True,False,False,False,-0.0362694300518134,-0.0310880829015544,,,0.0455958549222797,0.0637651122625214,0.005181347150259,-0.0518134715025906,0.0010330578512399,-0.0538421327757449,905.0,905.0,24.647058823529413,0.003257328990228,0.0012965446765025,0.0005159947695443
2007-02-02,970.0,970.0,955.0,955.0,46000.0,955.0,948.0,955.5,924.0,904.4666666666668,1032.725,False,False,False,False,False,False,True,True,False,True,False,-0.0261780104712041,-0.0157068062827225,,,0.0324607329842931,0.0529144851657939,0.0366492146596858,-0.0575916230366492,0.0011056239404437,-0.0528519099947671,890.0,910.0,0.1097852028639618,0.0032467532467532,-1.0575743474766208e-05,7.256608920373558e-05
2007-02-05,960.0,970.0,930.0,945.0,78000.0,945.0,948.0,954.0,926.8,905.0,1029.6,False,False,False,False,False,False,True,True,False,True,False,0.0105820105820105,0.0,,,0.0192592592592593,0.0423280423280423,0.0529100529100529,-0.0476190476190476,0.0005893186003681,-0.050314465408805,880.0,910.0,1.6956521739130437,0.0030211480362537,-0.0002256052104995,-0.0005163053400755
2007-02-06,950.0,970.0,945.0,950.0,98000.0,950.0,950.0,953.0,929.6,905.4666666666668,1026.6,False,False,False,False,False,False,True,True,False,True,False,0.0052631578947368,-0.0105263157894736,,,0.0214736842105262,0.0468771929824559,0.0105263157894736,-0.0473684210526315,0.0005153880135475,-0.0487932843651626,865.0,905.0,1.2564102564102564,0.0030120481927711,-9.09984348256964e-06,-7.393058682066405e-05
2007-02-07,950.0,950.0,940.0,945.0,86000.0,945.0,952.0,951.0,931.4,905.8,1024.225,False,False,False,False,False,False,True,True,False,True,False,0.0052910052910052,0.0158730158730158,,,0.0143915343915344,0.0414814814814815,0.0105820105820105,-0.0476190476190476,0.0003679988224035,-0.0452155625657203,870.0,895.0,0.8775510204081632,0.0019325746188532,-0.0010794735739178,-0.0001473891911439
2007-02-08,945.0,945.0,930.0,930.0,33000.0,930.0,945.0,947.0,932.4,905.8,1021.425,False,False,False,False,False,False,True,False,False,True,False,0.0053763440860215,0.1397849462365591,,,-0.0025806451612902,0.0260215053763441,0.021505376344086,0.0053763440860215,0.0,-0.0359028511087645,885.0,885.0,0.3837209302325581,0.001072501072501,-0.0008600735463522,-0.0003679988224035
2007-02-09,930.0,930.0,910.0,930.0,25000.0,930.0,940.0,944.0,933.8,905.6,1018.75,False,False,False,False,False,False,True,False,False,False,False,0.010752688172043,0.1559139784946236,,,-0.0040860215053762,0.0262365591397849,0.021505376344086,0.0268817204301075,-0.000220848056537,-0.024364406779661,905.0,865.0,0.7575757575757576,0.0014992503748125,0.0004267493023114,-0.000220848056537
2007-02-13,930.0,955.0,925.0,955.0,111000.0,955.0,942.0,945.0,936.8,905.6666666666666,1016.125,False,False,False,False,False,False,True,True,False,False,False,-0.0104712041884816,0.1047120418848167,,,0.0190575916230366,0.0516579406631763,-0.0052356020942408,0.0837696335078534,7.361059992632245e-05,-0.0142857142857142,895.0,885.0,4.44,0.0032023911187019,0.0017031407438893,0.0002944586564633
2007-02-14,965.0,965.0,955.0,955.0,73000.0,955.0,943.0,946.5,940.2,905.6,1013.65,False,False,False,False,False,False,True,False,False,False,False,-0.0157068062827225,0.0366492146596858,,,0.0154973821989528,0.0517277486910994,0.0052356020942408,0.2670157068062827,-7.361601884563387e-05,0.0126782884310618,880.0,870.0,0.6576576576576577,0.0036162518613062,0.0004138607426042,-0.0001472266187719
2007-02-15,955.0,960.0,945.0,950.0,48000.0,950.0,944.0,948.0,942.8,905.3333333333334,1011.4,False,False,False,False,False,False,True,False,False,True,False,0.0105263157894736,0.031578947368421,,,0.0075789473684211,0.047017543859649,0.0052631578947368,0.2526315789473684,-0.0002945508100147,0.0385021097046413,900.0,875.0,0.6575342465753424,0.0027577428935086,-0.0008585089677976,-0.000220934791169
2007-02-16,945.0,945.0,935.0,935.0,30000.0,935.0,945.0,945.0,944.6,905.1333333333332,1008.975,False,False,False,False,False,False,True,False,False,True,False,0.1336898395721925,0.0427807486631016,,,-0.0102673796791444,0.0319429590017826,0.0267379679144385,0.267379679144385,-0.0002209619208958,0.0703703703703703,920.0,860.0,0.625,0.0019055684946009,-0.0008521743989076,7.358888911890258e-05
2007-02-19,935.0,940.0,930.0,940.0,28000.0,940.0,947.0,943.5,946.2,905.0666666666668,1006.65,False,False,False,False,False,False,True,False,False,True,False,0.1436170212765957,-0.026595744680851,,,-0.0065957446808511,0.0371631205673757,0.0106382978723404,0.2446808510638297,-7.365939893898643e-05,0.1006889242183359,915.0,845.0,0.9333333333333332,0.0016909744240118,-0.0002145940705891,0.0001473025219568
2007-02-20,940.0,945.0,930.0,945.0,23000.0,945.0,945.0,943.5,947.4,905.2,1004.375,False,False,False,False,False,False,True,True,False,True,False,0.1164021164021164,0.0158730158730158,,,-0.0025396825396825,0.042116402116402,0.0,0.1957671957671957,0.000147297098247,0.1250662427133015,910.0,845.0,0.8214285714285714,0.0012666244458517,-0.0004243499781601,0.000220956497186
2007-02-21,935.0,945.0,935.0,940.0,72000.0,940.0,942.0,942.5,948.2,905.4,1002.075,False,False,False,False,False,False,True,True,False,True,False,0.0531914893617021,0.0053191489361702,,,-0.0087234042553191,0.0368085106382978,-0.0106382978723404,0.1542553191489361,0.000220896841175,0.1453580901856764,895.0,820.0,3.130434782608696,0.0008437038599452,-0.0004229205859065,7.35997429280653e-05
2007-02-22,935.0,965.0,925.0,960.0,164000.0,960.0,944.0,944.0,949.6,906.0,999.875,False,False,False,True,True,False,True,True,True,False,False,0.0208333333333333,0.0052083333333333,,,0.0108333333333333,0.05625,-0.0364583333333333,0.1197916666666666,0.0006622516556291,0.1620762711864407,890.0,815.0,2.2777777777777777,0.0014743049705138,0.0006306011105686,0.000441354814454
2007-02-23,975.0,1060.0,975.0,1060.0,616000.0,1060.0,969.0,957.0,954.4,908.0666666666668,998.125,False,False,False,False,False,False,True,True,False,False,False,-0.080188679245283,-0.0849056603773584,,,0.0996226415094339,0.1433333333333331,-0.1462264150943396,0.0,0.0022758975111961,0.1593521421107628,890.0,815.0,3.7560975609756095,0.0050293378038557,0.0035550328333419,0.0016136458555669
2007-02-26,1095.0,1095.0,1070.0,1075.0,297000.0,1075.0,996.0,971.5,958.8,910.2666666666668,996.475,False,False,False,False,False,False,True,True,False,True,False,-0.1488372093023255,-0.0790697674418604,,,0.1080930232558139,0.1532403100775193,-0.1813953488372093,0.0325581395348837,0.0024168741760655,0.1580030880082346,880.0,840.0,0.4821428571428571,0.0045890696704213,-0.0004402681334344,0.0001409766648694
2007-02-27,1080.0,1090.0,1040.0,1055.0,122000.0,1055.0,1018.0,981.5,962.6,912.2,994.75,False,False,False,False,False,False,True,True,False,True,False,-0.0900473933649289,-0.0568720379146919,,,0.0875829383886255,0.1353554502369667,-0.1469194312796208,0.0900473933649289,0.0021194182562303,0.1579215486500254,875.0,870.0,0.4107744107744108,0.003947641803449,-0.0006414278669722,-0.0002974559198352
2007-02-28,895.0,990.0,895.0,990.0,354000.0,990.0,1028.0,985.0,963.8,913.3333333333334,992.7,False,False,False,False,False,False,True,True,False,True,False,-0.0454545454545454,-0.0303030303030303,,,0.0264646464646465,0.0774410774410774,-0.0909090909090909,0.101010101010101,0.0012408759124087,0.1416243654822335,880.0,880.0,2.901639344262295,0.0012450715916164,-0.0027025702118326,-0.0008785423438215
2007-03-01,990.0,1015.0,970.0,980.0,97000.0,980.0,1032.0,988.0,964.4,914.4666666666668,990.675,False,False,False,False,False,False,True,True,False,True,False,-0.0153061224489795,-0.0255102040816326,,,0.0159183673469388,0.0668707482993195,-0.086734693877551,0.1071428571428571,0.0012393380476781,0.1275303643724696,900.0,900.0,0.2740112994350282,0.0006221484861053,-0.000622923105511,-1.5378647305712425e-06
2007-03-02,955.0,980.0,945.0,975.0,92000.0,975.0,1015.0,992.0,964.6,915.6666666666666,988.775,False,False,False,False,False,False,True,True,False,True,False,-0.0051282051282051,-0.0256410256410256,,,0.0106666666666666,0.0608547008547008,-0.082051282051282,0.1076923076923077,0.001310520567892,0.1123991935483871,905.0,905.0,0.9484536082474226,0.0002073398299813,-0.0004148086561239,7.1182520213868e-05
2007-03-05,970.0,970.0,915.0,915.0,96000.0,915.0,983.0,989.5,962.8,916.3333333333334,986.7,False,False,False,False,False,True,False,True,False,True,False,0.081967213114754,0.0382513661202185,,,-0.0522404371584699,-0.0014571948998178,-0.0163934426229508,0.2076502732240437,0.000727537286286,0.1086407276402223,895.0,890.0,1.0434782608695652,-0.0018695471541338,-0.0020768869841152,-0.000582983281606
2007-03-06,900.0,960.0,900.0,960.0,74000.0,960.0,964.0,991.0,963.4,917.3333333333334,985.25,False,False,False,False,False,False,True,True,False,False,False,0.0364583333333333,-0.0104166666666666,,,-0.0035416666666666,0.0444444444444444,-0.0729166666666666,0.1302083333333333,0.0010901162790697,0.1024217961654894,880.0,880.0,0.7708333333333334,0.0006227942702927,0.0024923414244265,0.0003625789927837
2007-03-07,960.0,980.0,945.0,945.0,71000.0,945.0,955.0,991.5,963.6,918.3333333333334,983.6,False,False,False,False,False,False,True,True,False,True,False,0.0158730158730158,0.0158730158730158,,,-0.0196825396825397,0.0282186948853615,-0.0529100529100529,0.1111111111111111,0.0010889292196007,0.0983358547655068,870.0,865.0,0.9594594594594594,0.0002075550020755,-0.0004152392682171,-1.1870594690416032e-06
2007-03-08,945.0,975.0,945.0,965.0,32000.0,965.0,952.0,992.0,964.8,919.5333333333332,981.675,False,False,False,True,True,False,True,True,True,False,False,-0.0103626943005181,-0.0103626943005181,,,0.0002072538860104,0.0471157167530226,-0.0725388601036269,0.0414507772020725,0.0013050097875732,0.0907258064516129,885.0,870.0,0.4507042253521127,0.0012437810945272,0.0010362260924516,0.0002160805679724
2007-03-09,980.0,990.0,960.0,970.0,32000.0,970.0,951.0,983.0,965.0,921.0,980.575,False,False,False,False,False,False,True,True,False,True,False,-0.0206185567010309,-0.0103092783505154,,,0.0051546391752577,0.0505154639175257,-0.0876288659793814,0.0670103092783505,0.0015924719507782,0.0981688708036622,890.0,885.0,1.0,0.0002072538860104,-0.0010365272085168,0.000287462163205
2007-03-12,975.0,990.0,975.0,990.0,42000.0,990.0,966.0,974.5,966.4,922.9333333333332,979.575,False,False,False,False,False,False,True,True,True,False,False,-0.0404040404040404,-0.0404040404040404,,,0.0238383838383838,0.0677441077441079,-0.1161616161616161,0.0505050505050505,0.0020947702976016,0.1005643919958953,900.0,905.0,1.3125,0.0014486754966887,0.0012414216106783,0.0005022983468233
2007-03-13,1000.0,1005.0,995.0,995.0,90000.0,995.0,973.0,968.5,968.4,924.9333333333332,978.75,False,False,False,False,False,False,True,True,False,False,False,-0.0452261306532663,-0.050251256281407,,,0.0267336683417085,0.0704187604690119,-0.1206030150753768,0.0653266331658291,0.0021623180049012,0.0980898296334537,915.0,895.0,2.142857142857143,0.0020652622883106,0.0006165867916218,6.754770729958592e-05
2007-03-14,970.0,975.0,940.0,960.0,95000.0,960.0,976.0,965.5,968.8,926.8,977.55,False,False,False,False,False,False,True,True,False,True,False,0.0,-0.03125,,,-0.0091666666666666,0.0345833333333333,-0.09375,0.0989583333333333,0.0020140986908359,0.0978767477990678,920.0,880.0,1.0555555555555556,0.000412881915772,-0.0016523803725385,-0.0001482193140652
2007-03-15,970.0,970.0,950.0,955.0,63000.0,955.0,974.0,963.0,969.2,928.6666666666666,976.375,False,False,False,False,False,False,True,True,False,True,False,0.0,-0.031413612565445,,,-0.014869109947644,0.0275741710296684,-0.0837696335078534,0.1047120418848167,0.0020100502512562,0.0976116303219107,925.0,900.0,0.6631578947368421,0.0004127115146513,-1.704011207131627e-07,-4.0484395796920765e-06
2007-03-16,960.0,960.0,945.0,950.0,26000.0,950.0,970.0,960.5,970.0,930.4666666666668,975.2,False,False,False,False,False,False,True,True,False,False,False,0.0105263157894736,-0.0473684210526315,,,-0.0210526315789473,0.0205614035087717,-0.0736842105263157,0.1,0.0019345131475247,0.096824570536179,940.0,920.0,0.4126984126984127,0.0008247422680411,0.0004120307533898,-7.55371037315549e-05
2007-03-19,945.0,950.0,940.0,950.0,38000.0,950.0,962.0,964.0,970.8,931.9333333333332,974.0,False,False,False,False,False,False,True,True,False,True,True,0.0,-0.0736842105263157,,,-0.0218947368421052,0.0190175438596492,-0.0684210526315789,0.1,0.0015737892553112,0.0866182572614107,965.0,915.0,1.4615384615384617,0.0008240626287597,-6.796392814513007e-07,-0.0003607238922135
2007-03-20,955.0,960.0,950.0,950.0,14000.0,950.0,953.0,963.0,970.6,933.0,972.75,False,False,False,False,False,False,False,True,False,True,False,-0.0052631578947368,-0.0526315789473684,,,-0.0216842105263158,0.0178947368421052,-0.0684210526315789,0.1736842105263158,0.0011432654519473,0.0908618899273105,960.0,910.0,0.3684210526315789,-0.0002060581083864,-0.0010301207371462,-0.0004305238033639
2007-03-22,960.0,965.0,960.0,960.0,30000.0,960.0,953.0,964.5,970.8,934.0666666666668,971.7,False,False,False,False,False,False,True,True,False,False,False,-0.03125,-0.0625,,,-0.0112499999999999,0.0270138888888887,-0.0833333333333333,0.15625,0.001141959888659,0.095386210471747,960.0,895.0,2.142857142857143,0.0002060156571898,0.0004120737655763,-1.3055632882136552e-06
2007-03-23,960.0,960.0,950.0,955.0,37000.0,955.0,953.0,963.5,971.0,934.8,970.825,False,False,False,False,False,False,True,True,False,True,False,-0.031413612565445,-0.06282722513089,,,-0.0167539267015706,0.021151832460733,-0.0680628272251308,0.1675392670157068,0.0007844815290255,0.1079398028022833,965.0,890.0,1.2333333333333334,0.0002059732234809,-4.243370888186177e-08,-0.0003574783596334
2007-03-26,960.0,965.0,960.0,960.0,56000.0,960.0,955.0,962.5,972.0,935.5333333333332,969.825,False,False,False,False,False,False,True,True,True,False,False,-0.0572916666666666,-0.0677083333333333,,,-0.0125,0.0254861111111112,-0.078125,0.171875,0.0007838666001566,0.1184415584415584,970.0,890.0,1.5135135135135136,0.0010288065843621,0.0008228333608811,-6.149288689214676e-07
2007-03-27,955.0,955.0,950.0,950.0,3000.0,950.0,955.0,958.5,972.4,936.3333333333334,968.85,False,False,False,False,False,False,True,True,False,True,False,-0.0736842105263157,-0.0526315789473684,,,-0.023578947368421,0.0143859649122806,-0.0421052631578947,0.1631578947368421,0.0008543965824138,0.1298904538341158,960.0,880.0,0.0535714285714285,0.0004113533525297,-0.0006174532318323,7.052998225719643e-05
2007-03-28,950.0,950.0,940.0,945.0,10000.0,945.0,954.0,953.5,972.4,937.2,967.95,False,False,False,False,False,False,False,True,False,True,False,-0.0476190476190476,-0.0582010582010582,,,-0.0289947089947089,0.0082539682539682,-0.0317460317460317,0.1693121693121693,0.00092474036136,0.140534871525957,945.0,875.0,3.333333333333333,0.0,-0.0004113533525297,7.034377894622322e-05
2007-03-29,935.0,935.0,930.0,930.0,37000.0,930.0,948.0,950.5,972.0,938.0666666666668,967.075,False,False,False,False,False,False,False,True,False,True,False,-0.032258064516129,-0.0376344086021505,,,-0.0451612903225806,-0.0086738351254482,-0.021505376344086,0.1612903225806451,0.0009238860066805,0.1467648605996843,940.0,880.0,3.7,-0.0004115226337448,-0.0004115226337448,-8.54354679552115e-07
2007-03-30,935.0,935.0,920.0,925.0,52000.0,925.0,942.0,947.5,970.6,938.8,966.65,False,False,False,False,False,False,False,True,False,True,False,-0.0324324324324324,-0.0324324324324324,,,-0.0492972972972973,-0.0149189189189188,-0.027027027027027,0.1675675675675675,0.0007811390427493,0.1530343007915567,935.0,900.0,1.4054054054054057,-0.0014424067587059,-0.001030884124961,-0.0001427469639311
2007-04-02,930.0,930.0,900.0,905.0,52000.0,905.0,931.0,943.0,964.4,939.0666666666668,965.925,False,False,False,False,False,False,False,True,False,True,False,-0.011049723756906,-0.0220994475138121,,,-0.065635359116022,-0.0376427255985268,0.011049723756906,0.1767955801104972,0.0002839698991909,0.1606574761399788,965.0,905.0,1.0,-0.0064288676897553,-0.0049864609310494,-0.0004971691435584
2007-04-03,900.0,900.0,880.0,880.0,97000.0,880.0,917.0,936.0,956.6,938.7333333333332,965.15,False,False,False,False,False,False,False,False,False,True,False,0.0227272727272727,-0.0056818181818181,,,-0.0870454545454545,-0.0667424242424241,0.0227272727272727,0.1931818181818181,-0.0003550884170161,0.1698717948717948,955.0,895.0,1.865384615384616,-0.0081538783190465,-0.0017250106292912,-0.000639058316207
2007-04-04,895.0,910.0,895.0,900.0,38000.0,900.0,908.0,931.0,950.4,938.8,964.5,False,False,False,False,False,False,False,True,False,False,False,-0.0111111111111111,-0.0277777777777777,,,-0.0559999999999999,-0.043111111111111,-0.0111111111111111,0.1388888888888889,7.101264025002101e-05,0.1664876476906552,945.0,880.0,0.3917525773195876,-0.006523569023569,0.0016303092954775,0.0004261010572661
2007-04-05,890.0,900.0,890.0,900.0,15000.0,900.0,902.0,925.0,946.8,939.0666666666668,963.925,False,False,False,False,False,False,False,True,False,False,False,-0.0055555555555555,-0.0333333333333333,,,-0.0519999999999999,-0.0434074074074075,0.0,0.1611111111111111,0.0002839698991909,0.167027027027027,950.0,870.0,0.3947368421052631,-0.0038022813688213,0.0027212876547477,0.0002129572589408
2007-04-06,900.0,900.0,890.0,895.0,14000.0,895.0,896.0,919.0,943.4,939.0,963.3,False,False,False,False,False,False,False,False,False,False,False,0.0,-0.0223463687150838,,,-0.0540782122905027,-0.0491620111731843,-0.0111731843575419,0.1620111731843575,-7.099751508714953e-05,0.1664853101196953,945.0,885.0,0.9333333333333332,-0.0036039855840576,0.0001982957847636,-0.000354967414278
2007-04-09,895.0,900.0,895.0,895.0,11000.0,895.0,894.0,912.5,940.2,938.6666666666666,962.375,False,False,False,False,False,False,False,False,False,False,False,-0.0111731843575419,-0.0167597765363128,,,-0.0505027932960894,-0.0487895716945995,-0.0111731843575419,0.1452513966480447,-0.0003551136363636,0.1638356164383561,930.0,890.0,0.7857142857142857,-0.0034035311635821,0.0002004544204754,-0.0002841161212765
2007-04-10,900.0,905.0,900.0,900.0,10000.0,900.0,898.0,907.5,939.6,938.4666666666668,961.3,False,False,False,False,False,False,False,False,False,False,False,-0.0277777777777777,-0.0166666666666666,,,-0.044,-0.0427407407407409,-0.0277777777777777,0.1333333333333333,-0.000213113589543,0.1608815426997245,930.0,900.0,0.9090909090909092,-0.0006385696040868,0.0027649615594952,0.0001420000468206
2007-04-11,905.0,905.0,890.0,890.0,46000.0,890.0,896.0,902.0,936.8,938.2,960.375,False,False,True,False,False,False,False,False,False,True,False,-0.0168539325842696,-0.0056179775280898,,,-0.0525842696629213,-0.0541573033707865,0.0449438202247191,0.1685393258426966,-0.0002842322177219,0.1607538802660754,955.0,915.0,4.6,-0.0029888983774552,-0.0023503287733683,-7.111862817895108e-05
2007-04-12,885.0,895.0,885.0,895.0,17000.0,895.0,895.0,898.5,934.8,938.2,959.625,False,False,False,False,False,False,False,False,False,False,False,-0.0279329608938547,-0.0167597765363128,,,-0.0444692737430167,-0.048268156424581,0.0502793296089385,0.1564245810055866,0.0,0.1602671118530884,955.0,920.0,0.3695652173913043,-0.0021394950791613,0.0008494032982939,0.0002842322177219
2007-04-13,890.0,900.0,875.0,895.0,73000.0,895.0,895.0,895.5,932.0,938.2666666666668,958.625,False,False,False,False,False,False,False,True,False,True,False,-0.0223463687150838,-0.0055865921787709,,,-0.041340782122905,-0.048342644320298,0.0391061452513966,0.1731843575418994,7.105300554219097e-05,0.1608040201005025,950.0,925.0,4.294117647058823,-0.0030042918454935,-0.0008647967663321,7.105300554219097e-05
2007-04-16,890.0,895.0,885.0,885.0,22000.0,885.0,893.0,893.5,928.6,938.2,957.8,False,False,False,False,False,False,False,False,False,True,False,-0.0056497175141242,0.0,,,-0.0492655367231638,-0.0601129943502825,0.0338983050847457,0.1807909604519774,-7.105805443052624e-05,0.1611639619473978,935.0,940.0,0.3013698630136986,-0.0036614258022829,-0.0006571339567894,-0.0001421110599727
2007-04-17,895.0,895.0,870.0,875.0,36000.0,875.0,888.0,893.0,924.0,938.1333333333332,957.075,False,False,False,False,False,False,False,False,False,True,False,0.0114285714285714,0.04,,,-0.056,-0.0721523809523808,0.0285714285714285,0.2171428571428571,-7.106310403656206e-05,0.1634938409854423,940.0,965.0,1.6363636363636365,-0.004978354978355,-0.001316929176072,-5.0496060358156325e-09
2007-04-18,870.0,875.0,865.0,875.0,18000.0,875.0,885.0,890.5,919.2,938.1333333333332,956.25,False,False,False,False,False,False,False,False,False,True,False,0.0114285714285714,0.0457142857142857,,,-0.0505142857142857,-0.0721523809523808,0.0285714285714285,0.1714285714285714,0.0,0.1667602470522178,945.0,960.0,0.5,-0.0052219321148824,-0.0002435771365274,7.106310403656206e-05
2007-04-19,865.0,880.0,860.0,870.0,24000.0,870.0,880.0,887.5,915.6,938.0,955.45,False,False,False,False,False,False,False,False,False,False,False,0.0114942528735632,0.0459770114942528,,,-0.0524137931034483,-0.0781609195402298,0.0402298850574712,0.1551724137931034,-0.0001421464108029,0.1661971830985915,940.0,960.0,1.3333333333333333,-0.0039318479685452,0.0012900841463372,-0.0001421464108029
2007-04-20,870.0,880.0,870.0,875.0,14000.0,875.0,876.0,885.5,912.4,937.6666666666666,954.6,False,False,False,False,False,False,False,False,False,False,False,0.0171428571428571,0.0285714285714285,,,-0.0427428571428571,-0.0716190476190475,0.0285714285714285,0.1657142857142857,-0.0003554923569143,0.1665725578769057,960.0,965.0,0.5833333333333334,-0.0035072336694432,0.0004246142991019,-0.0002133459461113
2007-04-23,880.0,890.0,875.0,880.0,17000.0,880.0,875.0,884.0,909.6,937.3333333333334,953.675,False,False,False,False,False,False,False,False,False,False,False,0.0056818181818181,0.0397727272727272,,,-0.0336363636363636,-0.0651515151515152,0.0625,0.0909090909090909,-0.0003556187766713,0.1611990950226244,1060.0,970.0,1.2142857142857142,-0.0030782761653473,0.0004289575040959,-1.2641975696061356e-07
2007-04-24,880.0,885.0,865.0,885.0,58000.0,885.0,877.0,882.5,907.0,937.2,952.75,False,False,False,False,False,False,False,False,False,False,False,0.0282485875706214,0.0169491525423728,,,-0.0248587570621468,-0.0589830508474576,0.0790960451977401,0.0847457627118644,-0.0001422677479015,0.1563739376770538,1075.0,960.0,3.411764705882353,-0.0028665931642778,0.0002116830010694,0.0002133510287697
2007-04-25,885.0,885.0,860.0,885.0,58000.0,885.0,879.0,882.0,904.4,937.2666666666668,951.775,False,False,False,False,False,False,False,True,False,True,False,0.0338983050847457,0.0056497175141242,,,-0.0219209039548022,-0.0590583804143127,0.1694915254237288,0.1129943502824858,7.112881428272251e-05,0.1507936507936507,1055.0,945.0,1.0,-0.002874834144184,-8.24097990615065e-06,0.0002133965621842
2007-04-26,875.0,880.0,870.0,880.0,24000.0,880.0,881.0,880.5,901.2,937.4,950.95,False,False,False,False,False,False,False,True,False,True,False,0.034090909090909,0.0227272727272727,,,-0.0240909090909091,-0.0652272727272727,0.375,0.0909090909090909,0.0001422373942108,0.144236229415105,990.0,940.0,0.4137931034482758,-0.0035508211273856,-0.0006759869832016,7.110857992808618e-05
2007-04-27,875.0,890.0,875.0,890.0,26000.0,890.0,884.0,880.0,898.6,937.4666666666668,950.125,False,False,False,False,False,False,False,True,False,False,False,0.0112359550561797,-0.0056179775280898,,,-0.0096629213483146,-0.0533333333333334,0.3370786516853932,0.0393258426966292,7.111363959625238e-05,0.1306818181818181,980.0,935.0,1.0833333333333333,-0.0028933897173381,0.0006574314100475,-7.112375461455631e-05
2007-05-01,880.0,890.0,865.0,885.0,81000.0,885.0,885.0,880.0,895.6,937.4,949.375,False,False,False,False,False,False,False,False,False,True,False,0.0338983050847457,0.0,,,-0.0119774011299435,-0.0592090395480225,0.3389830508474576,-0.0847457627118644,-7.111869710564691e-05,0.1039772727272727,975.0,965.0,3.1153846153846154,-0.0033497096918267,-0.0004563199744886,-0.0001422323367018
2007-05-02,880.0,910.0,880.0,910.0,44000.0,910.0,890.0,883.5,894.0,937.5333333333332,948.825,False,False,False,False,True,False,False,True,False,False,True,-0.0109890109890109,-0.0384615384615384,,,0.0175824175824175,-0.0302564102564101,0.2857142857142857,-0.0769230769230769,0.0001422171656117,0.0741369552914544,915.0,955.0,0.5432098765432098,-0.0017897091722595,0.0015600005195671,0.0002133358627174
2007-05-07,915.0,920.0,900.0,915.0,55000.0,915.0,896.0,887.5,892.8,937.5333333333332,948.375,False,False,False,False,False,False,False,False,False,False,False,-0.0273224043715847,0.0163934426229508,,,0.0242622950819672,-0.0246265938069215,0.2349726775956284,-0.0382513661202185,0.0,0.0529577464788732,960.0,945.0,1.25,-0.0013440860215054,0.0004456231507541,-0.0001422171656117
2007-05-08,915.0,915.0,895.0,910.0,33000.0,910.0,902.0,891.5,892.0,937.4,947.925,False,False,False,False,False,False,False,False,False,False,False,-0.0109890109890109,0.0329670329670329,,,0.0197802197802197,-0.03010989010989,0.1923076923076923,-0.0164835164835164,-0.0001422373942108,0.0358945597307908,945.0,950.0,0.6,-0.000896860986547,0.0004472250349583,-0.0001422373942108
2007-05-09,895.0,900.0,895.0,900.0,19000.0,900.0,904.0,894.0,891.0,937.0666666666668,947.525,False,False,False,False,False,False,False,False,False,True,False,-0.0166666666666666,0.0333333333333333,,,0.01,-0.0411851851851853,0.1944444444444444,0.05,-0.0003557199772337,0.0246085011185682,965.0,945.0,0.5757575757575758,-0.0011223344556677,-0.0002254734691207,-0.0002134825830229
2007-05-10,915.0,930.0,900.0,915.0,98000.0,915.0,910.0,897.5,891.4,936.7333333333332,947.3,False,False,False,False,False,False,True,False,False,False,False,-0.0327868852459016,0.0,,,0.0257923497267759,-0.0237522768670308,0.1584699453551912,0.0109289617486338,-0.000355846558964,0.0167130919220055,970.0,930.0,5.157894736842105,0.0004487323311644,0.0015710667868322,-1.2658173033884557e-07
2007-05-11,900.0,905.0,900.0,900.0,48000.0,900.0,908.0,899.0,892.2,935.8666666666668,947.25,False,False,False,False,False,False,True,False,False,False,False,-0.0277777777777777,0.0,,,0.0086666666666666,-0.0398518518518519,0.2333333333333333,0.05,-0.0009260578429973,0.0133481646273637,990.0,930.0,0.4897959183673469,0.0008966599417171,0.0004479276105527,-0.0005702112840332
2007-05-14,910.0,915.0,890.0,890.0,84000.0,890.0,903.0,899.5,891.8,934.9333333333332,947.3,False,False,False,False,False,False,False,False,False,True,False,0.0449438202247191,0.0112359550561797,,,-0.0020224719101123,-0.0504868913857676,0.2921348314606741,0.0617977528089887,-0.0009982886480322,0.0083379655364091,995.0,955.0,1.75,-0.000448531060776,-0.0013451910024932,-7.223080503491043e-05
2007-05-15,895.0,900.0,890.0,900.0,23000.0,900.0,901.0,901.5,891.8,934.1333333333332,947.2,False,False,False,False,False,False,False,False,False,False,True,0.0444444444444444,0.0055555555555555,,,0.0091111111111111,-0.0379259259259257,0.2111111111111111,0.0055555555555555,-0.0008564087924635,0.0,960.0,955.0,0.2738095238095238,0.0,0.000448531060776,0.0001418798555686
2007-05-16,895.0,895.0,875.0,885.0,54000.0,885.0,898.0,901.0,891.4,933.0666666666668,947.125,False,False,False,False,False,False,False,False,False,True,False,0.0508474576271186,0.0169491525423728,,,-0.007231638418079,-0.0543126177024484,0.2259887005649717,0.0056497175141242,-0.0011431837667902,-0.0033296337402885,955.0,950.0,2.347826086956522,-0.0004487323311644,-0.0004487323311644,-0.0002867749743266
2007-05-17,885.0,900.0,885.0,885.0,14000.0,885.0,892.0,901.0,891.0,931.9333333333332,946.95,False,False,False,False,False,False,False,False,False,True,False,0.0338983050847457,0.0564971751412429,,,-0.0067796610169491,-0.0530320150659131,0.2203389830508474,0.0564971751412429,-0.0012161098791047,0.0105438401775804,950.0,935.0,0.2592592592592592,-0.000448933782267,-2.014511026551965e-07,-7.292611231452624e-05
2007-05-18,880.0,885.0,870.0,875.0,33000.0,875.0,887.0,897.5,890.0,930.8,946.7,False,False,False,False,False,False,False,False,False,True,False,0.0285714285714285,0.0914285714285714,,,-0.0171428571428571,-0.0637714285714285,0.2628571428571428,0.0628571428571428,-0.0012175906030653,0.0245125348189415,950.0,940.0,2.357142857142857,-0.0011235955056179,-0.0006746617233508,-1.48072396060424e-06
2007-05-21,900.0,945.0,885.0,930.0,279000.0,930.0,895.0,899.0,891.6,930.6,946.725,False,False,False,True,True,False,True,False,True,False,False,-0.032258064516129,0.1129032258064516,,,0.0412903225806451,-0.0006451612903226,0.1666666666666666,0.010752688172043,-0.000214915108532,0.0294771968854282,950.0,945.0,8.454545454545455,0.0017945266935845,0.0029181221992025,0.0010026754945332
2007-05-22,930.0,950.0,920.0,940.0,193000.0,940.0,903.0,902.0,893.4,930.6,946.725,False,False,False,False,False,False,True,False,False,False,False,-0.0372340425531914,0.2872340425531915,,,0.0495744680851064,0.0099999999999999,0.1170212765957446,-0.0053191489361702,0.0,0.0304878048780487,960.0,940.0,0.6917562724014337,0.0020147750167897,0.0002202483232051,0.000214915108532
2007-05-23,940.0,950.0,920.0,930.0,114000.0,930.0,912.0,905.0,894.8,930.5333333333332,946.625,False,False,False,False,False,False,True,False,False,True,False,-0.032258064516129,0.2795698924731182,,,0.0378494623655914,-0.0005734767025088,0.0806451612903225,-0.0053763440860215,-7.164350193455375e-05,0.0248618784530386,955.0,960.0,0.5906735751295337,0.0015645954403218,-0.0004501795764679,-7.164350193455375e-05
2007-05-24,930.0,930.0,915.0,915.0,55000.0,915.0,918.0,905.0,896.0,929.8666666666668,946.325,False,False,False,False,False,False,True,False,False,True,False,0.0218579234972677,0.2950819672131147,,,0.0207650273224043,-0.0162477231329691,0.1311475409836065,0.0109289617486338,-0.0007169486664751,0.0248618784530386,960.0,1060.0,0.4824561403508772,0.0013392857142857,-0.000225309726036,-0.0006453051645406
2007-05-25,915.0,915.0,890.0,900.0,87000.0,900.0,923.0,905.0,897.0,929.1333333333332,945.9,False,False,False,False,False,False,True,False,False,True,False,0.0611111111111111,0.3,,,0.0033333333333333,-0.0323703703703702,0.1555555555555555,0.0444444444444444,-0.0007892659826364,0.0243093922651933,950.0,1075.0,1.5818181818181818,0.0011148272017837,-0.000224458512502,-7.231731616121463e-05
2007-05-28,900.0,910.0,900.0,900.0,37000.0,900.0,917.0,906.0,898.0,928.5333333333332,945.325,False,False,False,False,False,False,True,False,False,True,False,0.15,0.2555555555555555,,,0.0022222222222222,-0.0317037037037035,0.1777777777777777,0.0055555555555555,-0.0006461803561171,0.0187637969094922,945.0,1055.0,0.425287356321839,0.0011135857461024,-1.2414556812736632e-06,0.0001430856265192
2007-05-29,900.0,910.0,895.0,905.0,73000.0,905.0,910.0,906.5,899.4,927.9333333333332,944.675,False,False,False,False,False,False,True,False,False,False,False,0.3370165745856354,0.1988950276243093,,,0.0061878453038674,-0.0253406998158377,0.1657458563535911,-0.005524861878453,-0.0006465981751562,0.017650303364589,930.0,990.0,1.972972972972973,0.0015565932844118,0.0004430075383093,-4.178190390871552e-07
2007-05-30,895.0,910.0,895.0,900.0,42000.0,900.0,904.0,908.0,900.4,927.3333333333334,943.975,False,False,False,False,False,False,True,False,False,True,False,0.3222222222222222,0.1944444444444444,,,-0.0004444444444444,-0.0303703703703704,0.1722222222222222,0.0055555555555555,-0.0006470165348667,0.0176211453744493,925.0,980.0,0.5753424657534246,0.0011106175033318,-0.0004459757810799,-4.183597104956242e-07
2007-05-31,900.0,940.0,895.0,935.0,186000.0,935.0,908.0,913.0,902.6,927.4,943.525,False,False,False,False,False,False,True,True,False,False,False,0.267379679144385,0.1336898395721925,,,0.0346524064171122,0.0081283422459893,0.1176470588235294,-0.0160427807486631,7.188555819129398e-05,0.0104052573932092,905.0,975.0,4.428571428571429,0.0024374030578329,0.0013267855545011,0.000718902093058
2007-06-01,950.0,975.0,950.0,955.0,334000.0,955.0,919.0,921.0,905.4,927.7333333333332,943.175,False,False,False,False,False,False,True,True,False,False,False,0.225130890052356,0.1623036649214659,,,0.0519371727748691,0.0285514834205934,0.094240837696335,-0.0680628272251308,0.0003592986490369,-0.00271444082519,880.0,915.0,1.7956989247311828,0.0030925557764523,0.0006551527186193,0.0002874130908457
2007-06-04,975.0,1045.0,970.0,1035.0,633000.0,1035.0,946.0,931.5,911.4,928.8,943.3,False,False,False,False,False,False,True,True,False,False,False,0.0917874396135265,0.1111111111111111,,,0.1194202898550724,0.1026086956521739,0.0772946859903381,-0.1352657004830917,0.0011484352569624,-0.0187869028448738,900.0,960.0,1.895209580838324,0.0065832784726793,0.003490722696227,0.0007891366079254
2007-06-05,1120.0,1260.0,1110.0,1210.0,2781000.0,1210.0,1007.0,958.5,924.6,932.2,944.25,False,False,False,False,False,False,True,True,False,False,False,-0.1033057851239669,-0.0991735537190082,,,0.2358677685950413,0.2295867768595041,-0.0826446280991735,-0.2479338842975206,0.0036472859901309,-0.0490349504434011,900.0,945.0,4.393364928909953,0.0142764438676184,0.007693165394939,0.0024988507331685
2007-06-06,1225.0,1245.0,1130.0,1190.0,878000.0,1190.0,1065.0,984.5,936.6,935.4,944.975,True,True,False,False,False,False,True,True,False,True,False,-0.0966386554621848,-0.088235294117647,,,0.2129411764705882,0.2139495798319328,-0.0630252100840336,-0.2352941176470588,0.0034209963651912,-0.0756729304215337,895.0,965.0,0.3157137720244516,0.0128122998078155,-0.0014641440598029,-0.0002262896249396
2007-06-07,1160.0,1185.0,1110.0,1185.0,364000.0,1185.0,1115.0,1011.5,948.6,938.7333333333332,945.5,False,False,False,False,False,False,True,True,False,True,False,-0.1054852320675105,-0.0886075949367088,,,0.1994936708860759,0.2078199718706048,-0.050632911392405,-0.2320675105485232,0.0035508841701582,-0.10182896688087,895.0,970.0,0.4145785876993166,0.0126502213788741,-0.0001620784289413,0.000129887804967
2007-06-08,1140.0,1170.0,1140.0,1170.0,130000.0,1170.0,1158.0,1038.5,959.0,941.8,945.95,False,False,False,False,False,False,True,True,False,True,False,-0.0512820512820512,-0.0555555555555555,,,0.1803418803418803,0.1950427350427351,-0.0555555555555555,-0.2051282051282051,0.0032561761166561,-0.1261434761675493,900.0,990.0,0.3571428571428571,0.0108446298227319,-0.0018055915561421,-0.0002947080535021
2007-06-11,1185.0,1190.0,1110.0,1130.0,192000.0,1130.0,1177.0,1061.5,967.6,944.2666666666668,946.1,False,False,False,False,False,False,True,True,False,True,False,0.0176991150442477,-0.0398230088495575,,,0.143716814159292,0.1643657817109143,-0.0221238938053097,-0.1504424778761062,0.0026122564247389,-0.1398963730569948,890.0,995.0,1.476923076923077,0.0088879702356345,-0.0019566595870974,-0.0006439196919171
2007-06-12,1105.0,1120.0,1045.0,1085.0,211000.0,1085.0,1152.0,1079.5,974.6,946.2,945.975,False,False,False,False,False,False,True,True,False,True,False,0.0046082949308755,-0.032258064516129,,,0.1017511520737327,0.1279262672811059,-0.0046082949308755,-0.1336405529953917,0.0020432607623475,-0.1505326540064845,895.0,960.0,1.0989583333333333,0.0071824338190026,-0.0017055364166319,-0.0005689956623913
2007-06-13,1060.0,1075.0,1025.0,1075.0,173000.0,1075.0,1129.0,1097.0,981.6,947.7333333333332,945.675,False,False,False,False,False,False,True,True,False,True,False,0.0093023255813953,-0.0651162790697674,,,0.0868837209302325,0.1183875968992249,0.0046511627906976,-0.1348837209302325,0.0016178953292063,-0.1618049225159526,895.0,955.0,0.8199052132701422,0.0071312143439282,-5.121947507438773e-05,-0.0004253654331412
2007-06-14,1060.0,1070.0,1045.0,1060.0,64000.0,1060.0,1104.0,1109.5,987.4,947.7333333333332,945.35,False,False,False,False,False,False,True,False,False,True,False,0.0188679245283018,-0.0235849056603773,,,0.0684905660377358,0.1059119496855346,0.0047169811320754,-0.1320754716981132,0.0,-0.1712483100495719,885.0,950.0,0.3699421965317919,0.0058740125582336,-0.0012572017856945,-0.0016178953292063
2007-06-15,1075.0,1115.0,1050.0,1110.0,112000.0,1110.0,1092.0,1125.0,995.8,948.2,945.175,False,False,False,False,False,False,True,True,False,False,False,-0.0045045045045045,-0.063063063063063,,,0.1028828828828829,0.1457657657657657,-0.054054054054054,-0.1576576576576576,0.0004921605849681,-0.1786666666666666,875.0,950.0,1.75,0.008435428800964,0.0025614162427303,0.0004921605849681
2007-06-18,1110.0,1155.0,1085.0,1150.0,160000.0,1150.0,1096.0,1136.5,1006.2,949.4666666666668,945.275,False,False,False,False,False,False,True,True,False,False,False,-0.0565217391304347,-0.0782608695652174,,,0.1250434782608695,0.1743768115942027,-0.108695652173913,-0.1956521739130435,0.001334082291813,-0.1843378794544654,875.0,950.0,1.4285714285714286,0.0103359173126615,0.0019004885116975,0.0008419217068448
2007-06-19,1125.0,1150.0,1075.0,1090.0,179000.0,1090.0,1097.0,1124.5,1013.8,950.8,945.175,False,False,False,False,False,False,True,True,False,True,False,-0.036697247706422,-0.0321100917431192,,,0.0699082568807339,0.1277064220183486,-0.0412844036697247,-0.1605504587155963,0.0014023278642544,-0.1751889728768341,870.0,960.0,1.11875,0.0074965476425329,-0.0028393696701286,6.824557244141218e-05
2007-06-20,1070.0,1095.0,1070.0,1085.0,103000.0,1085.0,1099.0,1114.0,1021.8,952.2,945.025,False,False,False,False,False,False,True,True,False,False,False,-0.0737327188940092,-0.0276497695852534,,,0.0582488479262673,0.1223963133640552,-0.0414746543778801,-0.1105990783410138,0.0014702793530771,-0.1624775583482944,875.0,955.0,0.5754189944134078,0.00782932080642,0.000332773163887,6.795148882271658e-05
2007-06-21,1070.0,1085.0,1055.0,1080.0,81000.0,1080.0,1103.0,1103.5,1029.6,953.6,944.875,False,False,False,False,False,False,True,True,False,True,False,-0.0416666666666666,-0.0324074074074074,,,0.0466666666666667,0.117037037037037,-0.0509259259259259,-0.1064814814814814,0.0014681208053691,-0.1495242410512007,880.0,960.0,0.7864077669902912,0.0075757575757575,-0.0002535632306625,-2.1585477080763096e-06
2007-06-22,1085.0,1125.0,1070.0,1105.0,163000.0,1105.0,1102.0,1097.0,1038.8,956.1333333333332,944.875,False,False,False,False,False,False,True,True,False,False,False,-0.0588235294117647,-0.0542986425339366,,,0.0599095022624434,0.1347209653092007,-0.0769230769230769,-0.1176470588235294,0.0026495607307208,-0.1403828623518687,885.0,950.0,2.0123456790123457,0.0088563727377743,0.0012806151620168,0.0011814399253517
2007-06-25,1095.0,1095.0,1060.0,1085.0,102000.0,1085.0,1089.0,1092.5,1045.0,957.8,944.825,False,False,False,False,False,False,True,True,False,True,False,-0.0230414746543778,0.0276497695852534,,,0.0368663594470046,0.1172350230414746,-0.0414746543778801,-0.0875576036866359,0.001740098837614,-0.1340961098398169,885.0,945.0,0.6257668711656442,0.005933014354067,-0.0029233583837073,-0.0009094618931067
2007-06-26,1075.0,1075.0,1020.0,1050.0,143000.0,1050.0,1081.0,1089.0,1049.4,959.2,944.625,False,False,False,False,False,False,True,True,False,True,False,0.0047619047619047,0.0571428571428571,,,0.0005714285714284,0.0864761904761904,-0.0142857142857142,-0.019047619047619,0.0014595496246873,-0.1230486685032139,880.0,930.0,1.4019607843137254,0.0041928721174005,-0.0017401422366665,-0.0002805492129267
2007-06-27,1030.0,1045.0,1000.0,1005.0,118000.0,1005.0,1065.0,1082.0,1052.4,959.7333333333332,944.325,False,False,False,False,False,False,True,True,False,True,False,0.0497512437810945,0.1094527363184079,,,-0.0471641791044777,0.0450414593698176,0.044776119402985,0.0199004975124378,0.0005557099194219,-0.1085951940850277,890.0,925.0,0.8251748251748252,0.0028506271379703,-0.0013422449794301,-0.0009038397052654
2007-06-28,1010.0,1050.0,1005.0,1035.0,51000.0,1035.0,1056.0,1079.5,1057.2,960.6,944.225,False,False,False,False,False,False,True,True,False,False,False,0.0096618357487922,0.0869565217391304,,,-0.0214492753623188,0.0718840579710144,0.0096618357487922,-0.0434782608695652,0.000902213894094,-0.1000463177396943,885.0,905.0,0.4322033898305085,0.0045402951191827,0.0016896679812123,0.0003465039746721
2007-06-29,1025.0,1060.0,1025.0,1040.0,67000.0,1040.0,1043.0,1072.5,1062.8,961.2666666666668,944.05,False,False,False,False,False,False,True,True,False,False,False,0.0048076923076923,0.0625,,,-0.0219230769230768,0.0757051282051281,0.0240384615384615,-0.0384615384615384,0.0006935293709689,-0.0881118881118881,910.0,880.0,1.3137254901960784,0.0052691004892735,0.0007288053700908,-0.0002086845231251
2007-07-02,1040.0,1060.0,1030.0,1060.0,47000.0,1060.0,1038.0,1063.5,1069.2,962.1333333333332,943.85,False,False,False,False,False,False,True,True,False,False,False,0.0518867924528301,0.0424528301886792,,,-0.0086792452830189,0.0923270440251573,-0.0330188679245283,-0.0660377358490566,0.0009007760532148,-0.0742830277385989,915.0,900.0,0.7014925373134329,0.0059857837635616,0.000716683274288,0.0002072466822459
2007-07-03,1060.0,1075.0,1045.0,1055.0,99000.0,1055.0,1039.0,1060.0,1075.2,963.4,943.675,False,False,False,False,False,False,True,True,False,True,False,0.0521327014218009,0.0236966824644549,,,-0.0191469194312796,0.086824644549763,-0.0473933649289099,-0.0947867298578199,0.0013147879039513,-0.0674528301886792,910.0,900.0,2.106382978723404,0.0055803571428571,-0.0004054266207044,0.0004140118507365
2007-07-04,1060.0,1060.0,1040.0,1055.0,47000.0,1055.0,1049.0,1057.0,1081.4,964.7333333333332,943.6,False,False,False,False,False,False,True,True,False,False,False,0.0568720379146919,0.0236966824644549,,,-0.0250236966824645,0.0855608214849922,-0.0331753554502369,-0.0710900473933649,0.0013820744938151,-0.0633869441816461,900.0,895.0,0.4747474747474747,0.0057333086739412,0.000152951531084,6.72865898637522e-05
2007-07-05,1045.0,1070.0,1035.0,1045.0,83000.0,1045.0,1051.0,1053.5,1085.8,966.0,943.55,False,False,False,False,False,False,True,True,False,True,False,0.0765550239234449,0.0191387559808612,,,-0.0390430622009568,0.0755980861244019,-0.0813397129186602,-0.0861244019138756,0.0013112491373361,-0.0612244897959183,915.0,895.0,1.7659574468085106,0.0040523116596056,-0.0016809970143355,-7.082535647894234e-05
2007-07-06,1055.0,1055.0,1035.0,1045.0,66000.0,1045.0,1052.0,1047.5,1089.4,967.2666666666668,943.675,False,False,False,False,False,False,True,True,False,True,False,0.0574162679425837,0.0047846889952153,,,-0.042488038277512,0.0743859649122806,-0.0813397129186602,-0.0574162679425837,0.0013095320146117,-0.0548926014319809,900.0,900.0,0.7951807228915663,0.0033045713236645,-0.0007477403359411,-1.7171227244736336e-06
2007-07-09,1055.0,1125.0,1050.0,1115.0,305000.0,1115.0,1063.0,1050.5,1092.6,969.4666666666668,944.175,False,False,False,True,True,False,True,True,False,True,True,-0.0089686098654708,-0.0807174887892376,,,0.0200896860986547,0.130523168908819,-0.116591928251121,-0.1210762331838565,0.0022692889561271,-0.0585435506901475,890.0,890.0,4.621212121212121,0.0029287937030933,-0.0003757776205711,0.0009597569415154
2007-07-10,1130.0,1150.0,1090.0,1110.0,275000.0,1110.0,1074.0,1056.5,1088.6,971.4666666666668,944.6,False,False,False,False,False,False,False,True,False,True,False,-0.027027027027027,-0.0585585585585585,,,0.0192792792792793,0.1248048048048046,-0.1351351351351351,-0.1396396396396396,0.0020587427944002,-0.0709891150023663,900.0,895.0,0.9016393442622952,-0.0036744442403086,-0.006603237943402,-0.0002105461617269
2007-07-11,1100.0,1135.0,1080.0,1115.0,151000.0,1115.0,1086.0,1067.5,1085.6,973.6,945.05,False,False,False,False,False,False,False,True,False,False,False,-0.0313901345291479,-0.0672645739910313,,,0.0263677130044843,0.1268161434977578,-0.1704035874439461,-0.147982062780269,0.0021911804984934,-0.0875878220140515,885.0,895.0,0.5490909090909091,-0.0027634487840825,0.0009109954562261,0.0001324377040932
2007-07-12,1130.0,1130.0,1085.0,1125.0,70000.0,1125.0,1102.0,1076.5,1083.2,975.8,945.5,False,False,False,False,False,False,False,True,False,False,False,-0.0533333333333333,-0.0888888888888888,,,0.0371555555555555,0.1326222222222222,-0.28,-0.1688888888888889,0.0022545603607295,-0.1003251277287505,885.0,885.0,0.4635761589403973,-0.002215657311669,0.0005477914724135,6.337986223614893e-05
2007-07-13,1125.0,1125.0,1095.0,1105.0,69000.0,1105.0,1114.0,1083.0,1080.6,977.8666666666668,945.95,False,False,False,False,False,False,False,True,False,True,False,-0.0497737556561085,-0.0769230769230769,,,0.0220814479638009,0.1150527903469078,-0.2398190045248869,-0.1628959276018099,0.0021134442323426,-0.1126500461680517,875.0,875.0,0.9857142857142858,-0.0024060707014622,-0.0001904133897932,-0.0001411161283869
2007-07-17,1095.0,1125.0,1095.0,1105.0,72000.0,1105.0,1112.0,1087.5,1079.6,980.0,946.475,False,False,False,False,False,False,False,True,False,False,False,-0.0723981900452488,-0.0588235294117647,,,0.0229864253393666,0.1131221719457013,-0.2036199095022624,-0.1583710407239819,0.0021768707482991,-0.1218390804597701,930.0,875.0,1.0434782608695652,-0.0009262689885142,0.001479801712948,6.342651595651156e-05
2007-07-18,1110.0,1110.0,1050.0,1080.0,100000.0,1080.0,1106.0,1090.0,1079.4,982.0,946.9,False,False,False,False,False,False,False,True,False,False,False,-0.0324074074074074,-0.0416666666666666,,,0.0005555555555554,0.0907407407407407,-0.1712962962962963,-0.1666666666666666,0.0020366598778004,-0.1288990825688073,940.0,870.0,1.3888888888888888,-0.0001852881230311,0.0007409808654831,-0.0001402108704987
2007-07-19,1070.0,1080.0,1065.0,1080.0,31000.0,1080.0,1099.0,1092.5,1079.6,984.0666666666668,947.325,False,False,False,False,False,False,True,True,False,False,False,-0.037037037037037,-0.0277777777777777,,,0.0003703703703704,0.088827160493827,-0.125,-0.1527777777777778,0.0021001287175667,-0.1368421052631579,930.0,875.0,0.31,0.0001852537977026,0.0003705419207338,6.346883976632257e-05
2007-07-20,1080.0,1090.0,1035.0,1065.0,109000.0,1065.0,1087.0,1094.5,1079.8,986.2,947.725,False,False,False,False,False,False,True,True,False,True,False,-0.0375586854460093,-0.0187793427230046,,,-0.0138967136150234,0.0739906103286384,-0.1314553990610328,-0.1408450704225352,0.0021631852903399,-0.1420740063956144,915.0,880.0,3.5161290322580645,0.0001852194850898,-3.431261281087506e-08,6.305657277317278e-05
2007-07-23,1035.0,1050.0,1025.0,1050.0,19000.0,1050.0,1076.0,1095.0,1077.4,988.4666666666668,948.1,False,False,False,False,False,False,False,True,False,True,False,-0.0285714285714285,0.0142857142857142,,,-0.0260952380952381,0.0586031746031744,-0.1,-0.1428571428571428,0.0022931139138059,-0.1502283105022831,900.0,885.0,0.1743119266055046,-0.0022275849266752,-0.002412804411765,0.000129928623466
2007-07-24,1035.0,1045.0,1025.0,1025.0,11000.0,1025.0,1060.0,1086.0,1072.4,990.1333333333332,948.425,False,False,False,False,False,False,False,True,False,True,False,0.0146341463414634,0.0,,,-0.0462439024390244,0.0340162601626017,-0.0780487804878048,-0.1414634146341463,0.0016832749798004,-0.1523941068139963,900.0,885.0,0.5789473684210527,-0.0046624393882879,-0.0024348544616127,-0.0006098389340055
2007-07-25,1030.0,1045.0,1010.0,1045.0,68000.0,1045.0,1053.0,1079.5,1070.6,992.0666666666668,948.7,False,False,False,False,False,False,False,True,False,False,False,-0.0095693779904306,-0.0382775119617224,,,-0.0244976076555023,0.0506539074960126,-0.1339712918660287,-0.1770334928229665,0.0019487937638602,-0.1560907827698008,905.0,880.0,6.181818181818182,-0.0016813002054924,0.0029811391827955,0.0002655187840598
2007-07-26,1030.0,1100.0,1030.0,1040.0,140000.0,1040.0,1045.0,1072.0,1068.8,994.0,949.05,False,False,False,False,False,False,False,True,False,True,False,0.0096153846153846,-0.0192307692307692,,,-0.0276923076923076,0.0442307692307692,-0.1442307692307692,-0.2980769230769231,0.0019450033534538,-0.1707089552238806,900.0,890.0,2.0588235294117645,-0.0016841317365269,-2.8315310344863634e-06,-3.790410406355645e-06
2007-07-27,1005.0,1050.0,1000.0,1025.0,82000.0,1025.0,1037.0,1062.0,1066.6,995.7333333333332,949.4,False,False,False,False,False,False,False,True,False,True,False,0.0195121951219512,-0.0634146341463414,,,-0.0405853658536584,0.0285528455284553,-0.0878048780487804,-0.2585365853658536,0.001740760578468,-0.1793785310734463,935.0,885.0,0.5857142857142857,-0.0020626289143071,-0.0003784971777802,-0.0002042427749858
2007-07-30,1015.0,1025.0,995.0,1020.0,49000.0,1020.0,1031.0,1053.5,1063.2,997.3333333333334,949.8,False,False,False,False,False,False,False,True,False,True,False,0.0441176470588235,-0.0588235294117647,,,-0.0423529411764706,0.0222222222222221,-0.088235294117647,-0.230392156862745,0.0016042780748664,-0.1860465116279069,955.0,910.0,0.5975609756097561,-0.0031978931527462,-0.0011352642384391,-0.0001364825036015
2007-07-31,1030.0,1090.0,1025.0,1040.0,167000.0,1040.0,1034.0,1047.0,1061.4,999.3333333333334,950.425,False,False,False,False,False,False,False,True,False,False,False,-0.0144230769230769,-0.0528846153846153,,,-0.0205769230769231,0.039102564102564,-0.0961538461538461,-0.2548076923076923,0.0020013342228152,-0.1957975167144221,1035.0,915.0,3.4081632653061225,-0.0016958733747879,0.0015020197779583,0.0003970561479487
2007-08-01,1035.0,1045.0,1020.0,1035.0,263000.0,1035.0,1032.0,1042.5,1060.8,1001.2,951.025,False,False,False,False,False,False,False,True,False,False,False,-0.0289855072463768,-0.072463768115942,,,-0.024927536231884,0.0326570048309178,-0.0966183574879227,-0.251207729468599,0.0018644293514449,-0.2043165467625899,1210.0,910.0,1.5748502994011977,-0.0005656108597286,0.0011302625150593,-0.0001369048713702
2007-08-02,1045.0,1055.0,1035.0,1050.0,74000.0,1050.0,1034.0,1039.5,1062.6,1003.2666666666668,951.775,False,False,False,False,False,False,True,True,True,False,False,-0.0285714285714285,-0.119047619047619,,,-0.0119999999999999,0.0445079365079364,-0.119047619047619,-0.2523809523809524,0.0020599375373779,-0.2145262145262145,1190.0,900.0,0.2813688212927757,0.0016939582156973,0.0022595690754259,0.000195508185933
2007-08-03,1055.0,1070.0,1045.0,1045.0,14000.0,1045.0,1038.0,1037.5,1063.0,1005.4,952.525,False,False,False,False,False,False,True,True,False,True,False,-0.0813397129186602,-0.2248803827751196,,,-0.0172248803827751,0.0378947368421052,-0.1148325358851674,-0.2870813397129186,0.0021218752072142,-0.2293975903614457,1185.0,915.0,0.1891891891891892,0.000376293508937,-0.0013176647067602,6.193766983630337e-05
2007-08-06,1030.0,1065.0,1010.0,1065.0,164000.0,1065.0,1047.0,1039.0,1064.0,1007.9333333333332,953.45,False,False,False,True,True,False,True,True,False,False,False,-0.0985915492957746,-0.2112676056338028,,,0.0009389671361502,0.0535837245696402,-0.1173708920187793,-0.3192488262910798,0.0025133937429722,-0.2473532242540904,1170.0,900.0,11.714285714285714,0.0009398496240601,0.000563556115123,0.000391518535758
2007-08-07,1060.0,1060.0,1025.0,1025.0,79000.0,1025.0,1044.0,1039.0,1062.6,1009.9333333333332,954.05,False,False,False,False,False,False,False,True,False,True,False,-0.0390243902439024,-0.1414634146341463,,,-0.0366829268292682,0.01469918699187,-0.1170731707317073,-0.2731707317073171,0.0019803287345699,-0.2603464870067372,1130.0,890.0,0.4817073170731707,-0.0013175230566535,-0.0022573726807137,-0.0005330650084023
2007-08-08,1025.0,1025.0,1000.0,1005.0,74000.0,1005.0,1038.0,1035.0,1060.6,1011.7333333333332,954.5,False,False,False,False,False,False,False,True,False,True,False,-0.044776119402985,-0.1094527363184079,,,-0.055323383084577,-0.0066998341625206,-0.1044776119402985,-0.2537313432835821,0.0017791249341065,-0.2681159420289855,1085.0,900.0,0.9367088607594936,-0.001885725061286,-0.0005682020046324,-0.0002012038004633
2007-08-09,1000.0,1025.0,955.0,1020.0,175000.0,1020.0,1032.0,1033.0,1059.2,1013.6666666666666,955.0,False,False,False,False,False,False,False,True,False,False,False,-0.0931372549019607,-0.0735294117647058,,,-0.0384313725490196,0.0062091503267974,-0.1127450980392156,-0.25,0.0019072673462677,-0.2633107454017425,1075.0,885.0,2.364864864864865,-0.0013217522658608,0.0005639727954251,0.0001281424121611
2007-08-10,970.0,995.0,950.0,960.0,101000.0,960.0,1015.0,1026.5,1055.8,1014.7333333333332,955.15,False,False,False,False,False,False,False,True,False,True,False,-0.15625,-0.0364583333333333,,,-0.0997916666666666,-0.0570138888888887,-0.0416666666666666,-0.1822916666666666,0.0010511792917678,-0.2562104237700925,1060.0,885.0,0.5771428571428572,-0.0032203068763024,-0.0018985546104415,-0.0008560880544998
2007-08-13,960.0,985.0,940.0,960.0,47000.0,960.0,994.0,1020.5,1052.4,1015.7333333333332,955.225,False,False,False,False,False,False,False,True,False,True,False,-0.125,-0.015625,,,-0.0962500000000001,-0.0580555555555554,-0.0729166666666666,-0.1770833333333333,0.0009845103701758,-0.2513473787359138,1110.0,875.0,0.4653465346534653,-0.0032307107563662,-1.0403880063854664e-05,-6.666892159199324e-05
2007-08-14,945.0,985.0,935.0,985.0,21000.0,985.0,986.0,1015.0,1047.2,1017.0666666666668,955.4,False,False,False,False,False,False,False,True,False,True,False,-0.1065989847715736,-0.0406091370558375,,,-0.0631472081218274,-0.0325549915397632,-0.0913705583756345,-0.2081218274111675,0.0013109596224438,-0.2467980295566502,1150.0,930.0,0.4468085106382978,-0.0049656226126814,-0.0017349118563152,0.0003264492522679
2007-08-15,935.0,960.0,925.0,960.0,129000.0,960.0,977.0,1007.5,1041.2,1018.1333333333332,955.4,False,False,False,False,False,False,False,True,False,True,False,-0.0677083333333333,-0.0572916666666666,,,-0.0845833333333333,-0.0605555555555554,-0.0520833333333333,-0.2135416666666666,0.0010476689366157,-0.2431761786600496,1090.0,940.0,6.142857142857143,-0.0057625816365731,-0.0007969590238917,-0.0002632906858281
2007-08-16,935.0,935.0,905.0,925.0,54000.0,925.0,958.0,995.0,1033.6,1018.6,955.175,False,False,False,False,False,False,False,True,False,True,False,0.0216216216216216,-0.0378378378378378,,,-0.1174054054054053,-0.1011891891891892,-0.0162162162162162,-0.1729729729729729,0.0004581451665686,-0.235678391959799,1085.0,930.0,0.4186046511627907,-0.0073529411764707,-0.0015903595398975,-0.0005895237700471
2007-08-17,920.0,920.0,805.0,810.0,153000.0,810.0,928.0,971.5,1021.0,1017.6,954.475,False,False,False,False,False,False,False,False,False,True,False,0.1419753086419753,0.1543209876543209,,,-0.2604938271604938,-0.2562962962962963,0.1234567901234567,-0.0679012345679012,-0.0009827044025157,-0.2161605764282038,1080.0,915.0,2.833333333333333,-0.0123408423114592,-0.0049879011349885,-0.0014408495690843
2007-08-20,870.0,880.0,840.0,840.0,89000.0,840.0,904.0,949.0,1010.4,1016.6666666666666,953.95,False,False,True,False,False,False,False,False,False,False,False,0.125,0.1071428571428571,,,-0.2028571428571428,-0.2103174603174602,0.1071428571428571,-0.0833333333333333,-0.0009180327868853,-0.1928345626975764,1105.0,900.0,0.5816993464052288,-0.0104908946951702,0.001849947616289,6.467161563041772e-05
2007-08-21,850.0,880.0,850.0,880.0,42000.0,880.0,883.0,934.5,1001.4,1016.2,953.675,False,False,False,False,False,False,False,False,False,False,False,0.0738636363636363,0.0681818181818181,,,-0.1379545454545454,-0.1547727272727273,0.0909090909090909,-0.1193181818181818,-0.0004592271862493,-0.1771000535045478,1085.0,900.0,0.4719101123595505,-0.0089874176153385,0.0015034770798317,0.0004588056006359
2007-08-22,875.0,895.0,865.0,895.0,24000.0,895.0,870.0,923.5,994.0,1016.0,953.525,False,False,False,False,False,False,False,False,False,False,False,0.0111731843575419,0.0446927374301676,,,-0.1106145251396648,-0.1351955307262569,0.0502793296089385,-0.1284916201117318,-0.0001968503937008,-0.1640498105035192,1050.0,905.0,0.5714285714285714,-0.0074446680080482,0.0015427496072902,0.0002623767925485
2007-08-23,885.0,945.0,880.0,945.0,68000.0,945.0,874.0,916.0,988.6,1016.6,953.675,False,False,False,False,False,False,False,True,False,False,False,-0.0582010582010582,-0.0211640211640211,,,-0.0461375661375661,-0.0757671957671957,-0.0158730158730158,-0.1798941798941798,0.0005902026362384,-0.1561135371179039,1005.0,900.0,2.833333333333333,-0.0054622698765931,0.0019823981314551,0.0007870530299392
2007-08-24,920.0,930.0,900.0,925.0,47000.0,925.0,897.0,912.5,983.0,1016.7333333333332,953.775,False,False,False,False,False,False,False,True,False,True,False,0.0108108108108108,0.0,,,-0.0627027027027027,-0.099171171171171,-0.0054054054054054,-0.1783783783783784,0.0001311389417086,-0.1556164383561643,1035.0,935.0,0.6911764705882353,-0.0056968463886063,-0.0002345765120131,-0.0004590636945298
2007-08-27,935.0,945.0,905.0,945.0,37000.0,945.0,918.0,911.0,978.8,1017.3333333333334,953.95,False,False,False,False,False,False,False,True,False,False,False,-0.0158730158730158,-0.0052910052910052,,,-0.0357671957671957,-0.0765432098765432,-0.0105820105820105,-0.1957671957671957,0.0005897771952819,-0.1575192096597146,1040.0,955.0,0.7872340425531915,-0.0042909685328974,0.0014058778557088,0.0004586382535732
2007-08-28,945.0,945.0,915.0,945.0,28000.0,945.0,931.0,907.0,975.6,1018.0666666666668,954.125,False,False,False,False,False,False,False,True,False,False,False,-0.0052910052910052,-0.0423280423280423,,,-0.0323809523809524,-0.0773192239858908,-0.0211640211640211,-0.2063492063492063,0.0007203195599503,-0.1571113561190738,1060.0,1035.0,0.7567567567567568,-0.0032800328003279,0.0010109357325695,0.0001305423646684
2007-08-29,900.0,915.0,890.0,905.0,54000.0,905.0,933.0,901.5,970.0,1018.1333333333332,954.125,False,False,False,False,False,False,False,True,False,True,False,0.0331491712707182,-0.005524861878453,,,-0.0718232044198895,-0.1250092081031306,0.011049723756906,-0.1878453038674033,6.547930853821897e-05,-0.1541874653355518,1055.0,1210.0,1.9285714285714288,-0.0057731958762886,-0.0024931630759607,-0.0006548402514121
2007-08-30,915.0,925.0,885.0,890.0,27000.0,890.0,922.0,898.0,964.0,1018.2,954.1,False,False,False,False,False,False,False,True,False,True,False,0.0393258426966292,0.0168539325842696,,,-0.0831460674157303,-0.1440449438202247,0.0842696629213483,-0.196629213483146,6.547502127954568e-05,-0.1564587973273942,1055.0,1190.0,0.5,-0.0062240663900414,-0.0004508705137528,-4.287258673291508e-09
2007-08-31,890.0,935.0,890.0,935.0,15000.0,935.0,924.0,910.5,960.4,1018.8666666666668,954.35,False,False,False,False,False,False,False,True,False,False,True,-0.0106951871657754,-0.0160427807486631,,,-0.0271657754010694,-0.0896969696969698,0.0320855614973262,-0.2566844919786096,0.000654321795459,-0.1746293245469522,1045.0,1185.0,0.5555555555555556,-0.0037484381507705,0.0024756282392709,0.0005888467741795
2007-09-03,930.0,930.0,915.0,930.0,11000.0,930.0,921.0,919.5,956.8,1019.6,954.675,False,False,False,False,False,False,False,True,False,True,False,0.010752688172043,-0.043010752688172,,,-0.0288172043010752,-0.0963440860215054,0.0483870967741935,-0.2526881720430107,0.0007192363018176,-0.1908646003262642,1045.0,1170.0,0.7333333333333333,-0.00376254180602,-1.410365524955482e-05,6.491450635852868e-05
2007-09-04,935.0,940.0,920.0,940.0,31000.0,940.0,920.0,925.5,952.8,1019.7333333333332,954.95,False,False,False,False,False,False,False,True,False,True,False,-0.0372340425531914,-0.0478723404255319,,,-0.0136170212765956,-0.0848226950354608,0.0531914893617021,-0.2606382978723404,0.0001307531380751,-0.2047541869259859,1115.0,1130.0,2.8181818181818183,-0.0041981528127623,-0.0004356110067422,-0.0005884831637424
2007-09-05,945.0,945.0,900.0,935.0,46000.0,935.0,926.0,929.5,948.8,1019.6666666666666,955.275,False,False,False,False,False,False,False,False,False,True,False,-0.0374331550802139,-0.0267379679144385,,,-0.01475935828877,-0.0905525846702317,0.1016042780748663,-0.2245989304812834,-6.538084341282057e-05,-0.2140935987089833,1110.0,1085.0,1.4838709677419355,-0.0042158516020236,-1.7698789261224104e-05,-0.000196133981488
2007-09-06,915.0,925.0,910.0,925.0,9000.0,925.0,933.0,927.5,943.8,1019.6,955.525,False,False,False,False,False,False,False,False,False,True,False,-0.0216216216216216,-0.0162162162162162,,,-0.0203243243243242,-0.1022702702702702,0.1081081081081081,-0.1891891891891892,-6.538511834700473e-05,-0.2150943396226415,1115.0,1075.0,0.1956521739130435,-0.0052977325704598,-0.0010818809684362,-4.27493418416532e-09
2007-09-07,915.0,925.0,895.0,925.0,22000.0,925.0,931.0,927.5,939.0,1019.7333333333332,955.85,False,False,False,False,False,False,False,True,False,False,False,-0.0054054054054054,-0.0162162162162162,,,-0.0151351351351351,-0.1024144144144143,0.0702702702702702,-0.1945945945945946,0.0001307531380751,-0.2167115902964959,1125.0,1060.0,2.4444444444444446,-0.0051118210862619,0.0001859114841979,0.0001961382564221
2007-09-10,875.0,940.0,875.0,940.0,28000.0,940.0,933.0,927.0,934.0,1020.2666666666668,956.325,False,False,False,False,True,False,False,True,False,True,False,-0.0531914893617021,-0.0106382978723404,,,0.0063829787234042,-0.0853900709219859,0.0638297872340425,-0.2446808510638297,0.0005227391531627,-0.2216828478964401,1105.0,1110.0,1.2727272727272727,-0.0053533190578158,-0.0002414979715539,0.0003919860150875
2007-09-11,905.0,920.0,900.0,905.0,39000.0,905.0,926.0,923.0,929.2,1020.3333333333334,956.625,False,False,False,False,False,False,False,True,False,False,False,-0.011049723756906,0.0607734806629834,,,-0.0267403314917127,-0.1274401473296501,0.0939226519337016,-0.2209944751381215,6.533812479575894e-05,-0.2231852654387865,1105.0,1150.0,1.3928571428571428,-0.0051657339647007,0.000187585093115,-0.000457401028367
2007-09-12,915.0,915.0,880.0,900.0,33000.0,900.0,919.0,922.5,925.0,1020.2666666666668,957.025,False,False,False,False,False,False,False,False,False,False,False,0.0111111111111111,0.0444444444444444,,,-0.0277777777777777,-0.1336296296296297,0.0611111111111111,-0.1944444444444444,-6.534239414526205e-05,-0.2238482384823848,1080.0,1090.0,0.8461538461538461,-0.0045405405405405,0.0006251934241601,-0.000130680518941
2007-09-13,875.0,920.0,865.0,905.0,65000.0,905.0,915.0,924.0,920.4,1020.3333333333334,957.475,False,False,False,False,False,False,False,True,False,True,False,0.005524861878453,0.0276243093922651,,,-0.0170165745856353,-0.1274401473296501,0.0828729281767955,-0.2154696132596685,6.533812479575894e-05,-0.2256493506493506,1080.0,1085.0,1.9696969696969693,-0.0049978270317253,-0.0004572864911847,0.000130680518941
2007-09-14,880.0,920.0,870.0,920.0,24000.0,920.0,914.0,922.5,918.8,1020.1333333333332,958.0,False,False,False,False,True,False,False,False,False,False,False,-0.0108695652173913,0.0,,,0.001304347826087,-0.1088405797101448,0.0380434782608695,-0.2228260869565217,-0.0001960528035552,-0.2222222222222222,1065.0,1080.0,0.3692307692307692,-0.0017414018284719,0.0032564252032534,-0.000261390928351
2007-09-18,885.0,905.0,870.0,890.0,29000.0,890.0,904.0,918.5,916.0,1019.2666666666668,958.25,False,False,False,False,False,False,False,False,False,True,False,0.0449438202247191,0.0505617977528089,,,-0.0292134831460674,-0.145243445692884,0.1067415730337078,-0.1910112359550561,-0.0008502845182809,-0.216113228089276,1050.0,1105.0,1.2083333333333333,-0.0030567685589519,-0.0013153667304799,-0.0006542317147256
2007-09-19,890.0,900.0,880.0,895.0,37000.0,895.0,902.0,914.0,912.4,1017.4,958.375,False,False,False,False,False,False,False,False,False,True,False,0.0726256983240223,0.0335195530726257,,,-0.0194413407821228,-0.1367597765363128,0.0949720670391061,-0.2905027932960894,-0.001834742153201,-0.2188183807439825,1025.0,1085.0,1.2758620689655171,-0.0039456378781236,-0.0008888693191717,-0.0009844576349201
2007-09-20,895.0,910.0,890.0,910.0,13000.0,910.0,904.0,911.5,910.4,1013.4,958.525,False,False,False,False,False,False,False,False,False,False,False,0.0329670329670329,0.0054945054945054,,,-0.0004395604395604,-0.1136263736263736,0.0494505494505494,-0.3956043956043956,-0.0039471087428458,-0.235874931431706,1045.0,1050.0,0.3513513513513513,-0.0021968365553602,0.0017488013227633,-0.0021123665896447
2007-09-21,890.0,910.0,880.0,910.0,20000.0,910.0,905.0,910.0,909.8,1009.6666666666666,958.575,False,False,False,False,True,False,False,False,False,False,False,0.0219780219780219,0.0604395604395604,,,0.0002197802197802,-0.1095238095238094,0.0439560439560439,-0.4010989010989011,-0.0036975899636843,-0.2571428571428571,1040.0,1005.0,1.5384615384615383,-0.000659485601231,0.0015373509541292,0.0002495187791614
2007-09-25,895.0,910.0,895.0,910.0,40000.0,910.0,903.0,908.5,913.8,1006.0,958.6,False,False,False,False,False,False,True,False,True,False,False,0.0109890109890109,0.0604395604395604,,,-0.0041758241758241,-0.1054945054945055,0.0274725274725274,-0.3461538461538461,-0.0036447978793902,-0.2724270776004402,1025.0,1035.0,2.0,0.0043773254541475,0.0050368110553785,5.2792084294112345e-05
2007-09-26,900.0,935.0,900.0,930.0,47000.0,930.0,911.0,907.5,917.4,1002.8,958.8,False,False,False,False,False,False,True,False,False,True,False,0.0053763440860215,0.0483870967741935,,,0.0135483870967742,-0.078279569892473,-0.0053763440860215,-0.3655913978494624,-0.0031910650179497,-0.2848484848484848,1020.0,1040.0,1.175,0.0039241334205363,-0.0004531920336111,0.0004537328614405
2007-09-27,930.0,960.0,930.0,960.0,72000.0,960.0,924.0,913.0,920.6,1000.5333333333332,959.2,False,False,False,False,False,False,True,False,False,True,True,-0.0364583333333333,0.03125,,,0.0410416666666666,-0.042222222222222,-0.03125,-0.4427083333333333,-0.0022654584221749,-0.307776560788609,1040.0,1060.0,1.5319148936170213,0.0034759939170106,-0.0004481395035256,0.0009256065957748
2007-09-28,950.0,960.0,935.0,940.0,14000.0,940.0,930.0,917.0,922.4,998.6,959.575,False,False,False,False,False,False,True,False,False,True,False,-0.026595744680851,0.0957446808510638,,,0.0187234042553191,-0.0623404255319149,-0.0425531914893617,-0.425531914893617,-0.0019360437946456,-0.3309705561613958,1035.0,1055.0,0.1944444444444444,0.0019514310494362,-0.0015245628675744,0.0003294146275292
2007-10-01,920.0,935.0,920.0,930.0,51000.0,930.0,934.0,919.5,921.8,996.6666666666666,959.875,False,False,False,False,False,False,False,False,False,True,False,0.0376344086021505,0.1021505376344086,,,0.0088172043010753,-0.07168458781362,-0.0161290322580645,-0.3978494623655914,-0.0019397993311037,-0.3491027732463295,1050.0,1055.0,3.642857142857143,-0.0006509004122369,-0.0026023314616731,-3.755536458069192e-06
2007-10-02,950.0,950.0,910.0,920.0,53000.0,920.0,936.0,919.5,921.6,994.8,960.05,False,False,False,False,False,False,False,False,False,False,False,0.0489130434782608,0.0760869565217391,,,-0.0017391304347826,-0.0813043478260869,-0.0054347826086956,-0.3532608695652174,-0.0018764240718402,-0.3621533442088091,1045.0,1045.0,1.03921568627451,-0.0002170138888888,0.0004338865233481,6.337525926349615e-05
2007-10-03,920.0,935.0,920.0,935.0,31000.0,935.0,937.0,924.0,921.2,992.4666666666668,960.2,False,False,False,False,False,False,False,False,False,True,True,0.0427807486631016,0.0695187165775401,,,0.01475935828877,-0.0614616755793227,-0.0374331550802139,-0.3529411764705882,-0.0023510445355005,-0.3777056277056277,1065.0,1045.0,0.5849056603773585,-0.0004342162396873,-0.0002172023507985,-0.0004746204636603
2007-10-04,925.0,935.0,925.0,925.0,12000.0,925.0,930.0,927.0,920.4,989.4666666666668,960.35,False,False,False,False,False,False,False,False,False,True,False,0.0702702702702702,0.0702702702702702,,,0.0049729729729729,-0.0696936936936938,-0.0486486486486486,-0.3405405405405405,-0.003031936396712,-0.3824163969795038,1025.0,1115.0,0.3870967741935484,-0.0008691873098653,-0.000434971070178,-0.0006808918612114
2007-10-05,930.0,930.0,915.0,915.0,41000.0,915.0,925.0,927.5,920.8,987.1333333333332,960.525,False,False,False,False,False,False,True,False,False,False,False,0.1256830601092896,0.0437158469945355,,,-0.0063387978142076,-0.0788342440801455,-0.0601092896174863,-0.3497267759562841,-0.0023637468764776,-0.3778975741239892,1005.0,1110.0,3.4166666666666665,0.0004344048653344,0.0013035921751998,0.0006681895202344
2007-10-09,935.0,970.0,935.0,965.0,94000.0,965.0,932.0,933.0,923.8,985.5333333333332,960.85,False,False,False,False,False,False,True,False,True,False,True,0.0621761658031088,0.0155440414507772,,,0.0426943005181347,-0.021278065630397,-0.2435233160621761,-0.3626943005181347,-0.0016234864371237,-0.3740621650589496,1020.0,1115.0,2.292682926829268,0.0032474561593418,0.0028130512940073,0.0007402604393538
2007-10-10,975.0,975.0,950.0,965.0,31000.0,965.0,941.0,938.5,925.0,984.0,961.075,False,False,False,False,False,False,True,False,False,True,False,0.0259067357512953,-0.0103626943005181,,,0.0414507772020725,-0.0196891191709844,-0.2124352331606217,-0.3523316062176165,-0.0015582655826556,-0.3745338305807139,960.0,1125.0,0.3297872340425531,0.0012972972972973,-0.0019501588620445,6.522085446806613e-05
2007-10-11,960.0,985.0,960.0,975.0,84000.0,975.0,949.0,943.0,926.8,982.2666666666668,961.375,False,False,False,False,False,False,True,False,False,False,False,0.0256410256410256,0.0102564102564102,,,0.0494358974358974,-0.0074529914529915,-0.1948717948717948,-0.358974358974359,-0.0017646260350209,-0.3738069989395546,960.0,1105.0,2.7096774193548385,0.0019421665947345,0.0006448692974371,-0.0002063604523652
2007-10-12,980.0,995.0,980.0,990.0,93000.0,990.0,962.0,946.0,928.8,981.0,961.775,False,False,False,False,False,False,True,False,False,False,False,0.0,-0.0101010101010101,,,0.0618181818181818,0.009090909090909,-0.2171717171717171,-0.3737373737373737,-0.0012911994563371,-0.3668076109936575,985.0,1105.0,1.1071428571428572,0.0021533161068044,0.0002111495120699,0.0004734265786837
2007-10-15,995.0,1030.0,995.0,1030.0,135000.0,1030.0,985.0,955.0,932.6,980.7333333333332,962.45,False,False,False,False,False,False,True,False,False,False,False,-0.0728155339805825,-0.0728155339805825,,,0.0945631067961164,0.047831715210356,-0.2475728155339805,-0.4174757281553398,-0.0002719053769289,-0.3664921465968586,960.0,1080.0,1.4516129032258065,0.0040746300664808,0.0019213139596764,0.0010192940794082
2007-10-16,1020.0,1035.0,1015.0,1025.0,86000.0,1025.0,997.0,964.5,936.6,981.0,963.125,False,False,False,False,False,False,True,True,False,False,False,-0.0439024390243902,-0.073170731707317,,,0.0862439024390243,0.0429268292682926,-0.2341463414634146,-0.4,0.0002718314644921,-0.3670295489891135,925.0,1080.0,0.6370370370370371,0.0042707666026051,0.0001961365361242,0.000543736841421
2007-10-17,1020.0,1020.0,990.0,990.0,67000.0,990.0,1002.0,971.5,939.2,980.4,963.625,False,False,False,False,False,False,True,False,False,True,False,-0.0353535353535353,-0.0555555555555555,,,0.0513131313131312,0.0096969696969697,-0.2474747474747475,-0.3686868686868687,-0.0006119951040391,-0.368502316006176,810.0,1065.0,0.7790697674418605,0.0027683134582623,-0.0015024531443427,-0.0008838265685313
2007-10-18,1000.0,1000.0,990.0,1000.0,32000.0,1000.0,1007.0,978.0,941.6,979.8666666666668,964.225,False,False,False,False,False,False,True,False,False,True,False,-0.015,-0.075,,,0.0583999999999999,0.0201333333333332,-0.275,-0.39,-0.0005442917403726,-0.3721881390593047,840.0,1050.0,0.4776119402985074,0.0025488530161427,-0.0002194604421196,6.770336366649808e-05
2007-10-19,985.0,990.0,985.0,990.0,10000.0,990.0,1007.0,984.5,945.0,978.9333333333332,964.8,False,False,False,False,False,False,True,False,False,False,False,-0.0101010101010101,-0.0606060606060606,,,0.0454545454545454,0.0111784511784513,-0.2474747474747475,-0.3737373737373737,-0.0009534186870065,-0.3753174200101574,880.0,1025.0,0.3125,0.0035978835978835,0.0010490305817408,-0.0004091269466338
2007-10-22,975.0,975.0,950.0,955.0,30000.0,955.0,992.0,988.5,947.2,977.6,965.175,False,False,False,False,False,False,True,False,False,True,False,0.0,-0.0575916230366492,,,0.0081675392670156,-0.0236649214659686,-0.2146596858638743,-0.3612565445026178,-0.0013638843426075,-0.3763277693474962,895.0,1045.0,3.0,0.0023226351351351,-0.0012752484627483,-0.0004104656556009
2007-10-23,960.0,980.0,960.0,980.0,8000.0,980.0,983.0,990.0,950.2,976.6,965.575,False,False,False,False,False,False,True,False,False,False,False,-0.0306122448979591,-0.0663265306122449,,,0.030408163265306,0.003469387755102,-0.2193877551020408,-0.3775510204081632,-0.0010239606799098,-0.3777777777777777,945.0,1040.0,0.2666666666666666,0.0031572300568301,0.0008345949216949,0.0003399236626976
2007-10-24,980.0,980.0,955.0,955.0,16000.0,955.0,976.0,989.0,951.6,975.4,965.825,False,False,False,False,False,False,True,False,False,True,False,-0.0209424083769633,-0.0418848167539267,,,0.0035602094240837,-0.0213612565445025,-0.1780104712041884,-0.3455497382198952,-0.001230264506869,-0.3771486349848331,925.0,1025.0,2.0,0.0014712063892391,-0.0016860236675909,-0.0002063038269591
2007-10-25,985.0,985.0,945.0,985.0,25000.0,985.0,973.0,990.0,955.4,974.6,966.275,False,False,False,False,False,False,True,False,False,False,False,-0.0609137055837563,-0.0862944162436548,,,0.0300507614213198,0.0105583756345177,-0.1979695431472081,-0.365482233502538,-0.0008208495793145,-0.3777777777777777,945.0,1020.0,1.5625,0.003977391668411,0.0025061852791719,0.0004094149275544
2007-10-26,975.0,980.0,950.0,980.0,18000.0,980.0,971.0,989.0,958.8,972.8,966.775,False,False,False,False,False,False,True,False,False,True,False,-0.0510204081632653,-0.1020408163265306,,,0.0216326530612245,0.0073469387755102,-0.2040816326530612,-0.3622448979591837,-0.0018503289473684,-0.3766430738119312,945.0,1040.0,0.72,0.0035460992907801,-0.0004312923776309,-0.0010294793680539
2007-10-29,975.0,1015.0,955.0,955.0,51000.0,955.0,971.0,981.5,960.6,970.7333333333332,967.2,False,False,False,False,False,False,True,False,False,True,False,-0.0575916230366492,-0.0994764397905759,,,-0.0058638743455497,-0.0164746945898777,-0.2094240837696335,-0.3455497382198952,-0.0021289746583339,-0.369332654100866,905.0,1035.0,2.833333333333333,0.0018738288569644,-0.0016722704338156,-0.0002786457109654
2007-10-30,950.0,950.0,925.0,950.0,74000.0,950.0,965.0,974.0,962.2,968.5333333333332,967.525,False,False,False,False,False,False,True,False,False,True,False,-0.0368421052631578,-0.231578947368421,,,-0.0128421052631579,-0.0195087719298244,-0.1947368421052631,-0.3473684210526316,-0.0022714757709251,-0.3639630390143737,890.0,1050.0,1.4509803921568627,0.0016628559551029,-0.0002109729018615,-0.0001425011125911
2007-10-31,940.0,940.0,920.0,935.0,31000.0,935.0,961.0,968.5,963.2,966.0,967.75,False,False,False,False,False,False,True,False,False,True,False,-0.0213903743315508,-0.1871657754010695,,,-0.0301604278074866,-0.0331550802139037,-0.1925133689839572,-0.3101604278074866,-0.002622498274672,-0.3582860092927207,935.0,1045.0,0.4189189189189189,0.0010382059800664,-0.0006246499750364,-0.0003510225037468
2007-11-01,940.0,940.0,925.0,925.0,30000.0,925.0,949.0,961.0,963.0,963.6,967.875,False,False,False,False,False,False,False,False,False,True,False,-0.027027027027027,-0.1513513513513513,,,-0.041081081081081,-0.0417297297297297,-0.1675675675675675,-0.2918918918918919,-0.0024906600249065,-0.3485952133194589,930.0,1065.0,0.967741935483871,-0.0002076843198338,-0.0012458902999003,0.0001318382497654
2007-11-02,910.0,930.0,910.0,930.0,13000.0,930.0,939.0,955.0,961.8,961.2666666666668,967.95,False,True,False,False,False,False,False,False,False,True,False,-0.053763440860215,-0.1666666666666666,,,-0.0341935483870967,-0.0336200716845879,-0.1666666666666666,-0.2849462365591398,-0.0024273527983909,-0.3397905759162303,940.0,1025.0,0.4333333333333333,-0.0012476606363069,-0.001039976316473,6.330722651564421e-05
2007-11-05,925.0,925.0,900.0,900.0,22000.0,900.0,928.0,949.5,960.2,958.8666666666668,967.85,False,False,False,False,False,False,False,False,False,True,False,-0.0444444444444444,-0.1388888888888889,,,-0.0668888888888889,-0.0654074074074075,-0.1333333333333333,-0.2611111111111111,-0.0025029548772856,-0.330173775671406,935.0,1005.0,1.6923076923076923,-0.0016663195167672,-0.0004186588804602,-7.560207889472769e-05
2007-11-06,920.0,920.0,895.0,915.0,9000.0,915.0,921.0,943.0,959.6,956.6666666666666,967.8,False,False,False,False,False,False,False,False,False,False,False,-0.2021857923497267,-0.1420765027322404,,,-0.0487431693989071,-0.0455373406193077,-0.1530054644808743,-0.2896174863387978,-0.0022996515679444,-0.3213149522799576,925.0,1020.0,0.4090909090909091,-0.0006252605252188,0.0010410589915483,0.0002033033093412
2007-11-07,915.0,915.0,885.0,915.0,16000.0,915.0,917.0,939.0,959.4,954.6666666666666,967.675,False,False,False,False,False,False,False,False,False,False,False,-0.1693989071038251,-0.1857923497267759,,,-0.0485245901639344,-0.043351548269581,-0.1693989071038251,-0.2786885245901639,-0.0020949720670391,-0.3146964856230032,925.0,960.0,1.7777777777777777,-0.0002084636230978,0.000416796902121,0.0002046795009053
2007-11-08,865.0,900.0,825.0,900.0,101000.0,900.0,912.0,930.5,958.0,952.6666666666666,967.35,False,False,False,False,False,False,False,False,False,True,False,-0.1277777777777777,-0.1944444444444444,,,-0.0644444444444444,-0.0585185185185184,-0.1555555555555555,-0.3166666666666666,-0.0020993701889433,-0.3095110155830198,940.0,960.0,6.3125,-0.0014613778705636,-0.0012529142474658,-4.398121904211193e-06
2007-11-09,880.0,880.0,860.0,880.0,19000.0,880.0,902.0,920.5,956.2,950.7333333333332,966.95,False,False,False,False,False,False,False,False,False,True,False,-0.1193181818181818,-0.1534090909090909,,,-0.0865909090909091,-0.0803787878787877,-0.1477272727272727,-0.3068181818181818,-0.002033517986116,-0.3036393264530146,905.0,985.0,0.1881188118811881,-0.0018824513700062,-0.0004210734994425,6.58522028272727e-05
2007-11-12,855.0,860.0,815.0,860.0,41000.0,860.0,894.0,911.0,954.0,948.2666666666668,966.45,False,False,False,False,False,False,False,False,False,True,False,-0.0988372093023255,-0.127906976744186,,,-0.1093023255813953,-0.1026356589147288,-0.1453488372093023,-0.2616279069767442,-0.0026012373453316,-0.2952799121844127,900.0,960.0,2.1578947368421053,-0.0023060796645702,-0.000423628294564,-0.0005677193592155
2007-11-13,735.0,780.0,690.0,730.0,768000.0,730.0,857.0,889.0,944.6,944.1333333333332,965.275,False,False,False,False,False,False,False,False,False,True,False,0.0753424657534246,0.047945205479452,,,-0.2939726027397261,-0.2933333333333331,-0.0205479452054794,-0.1301369863013698,-0.0043779127241917,-0.2761529808773903,905.0,925.0,18.73170731707317,-0.0099513021384712,-0.007645222473901,-0.0017766753788601
2007-11-14,780.0,785.0,750.0,760.0,271000.0,760.0,826.0,871.5,936.4,940.6,964.225,False,False,True,False,False,False,False,False,False,False,False,-0.0197368421052631,0.0328947368421052,,,-0.2321052631578947,-0.2376315789473684,-0.0855263157894736,-0.1842105263157894,-0.0037564675030121,-0.2644865174985656,920.0,810.0,0.3528645833333333,-0.0087569414780009,0.0011943606604703,0.0006214452211796
2007-11-15,775.0,795.0,765.0,785.0,213000.0,785.0,803.0,857.5,928.8,937.4666666666668,963.35,False,False,False,False,False,False,False,False,False,False,False,-0.0764331210191082,0.0063694267515923,,,-0.1831847133757961,-0.1942250530785564,-0.1146496815286624,-0.2101910828025477,-0.0033423410610153,-0.2565597667638484,890.0,840.0,0.7859778597785978,-0.008182601205857,0.0005743402721438,0.0004141264419967
2007-11-16,770.0,785.0,760.0,775.0,61000.0,775.0,782.0,842.0,920.2,933.9333333333332,962.5,False,False,False,False,False,False,False,False,False,True,False,-0.0387096774193548,0.0064516129032258,,,-0.1873548387096774,-0.2050752688172041,-0.1032258064516129,-0.1806451612903225,-0.0037832821757444,-0.2464370546318289,895.0,880.0,0.2863849765258216,-0.0093457943925232,-0.0011631931866662,-0.0004409411147291
2007-11-19,780.0,785.0,755.0,775.0,84000.0,775.0,765.0,829.5,910.0,930.4666666666668,961.675,False,False,False,False,False,False,False,False,False,True,False,-0.032258064516129,-0.0258064516129032,,,-0.1741935483870967,-0.2006021505376345,-0.064516129032258,-0.1806451612903225,-0.0037257290248617,-0.2386980108499095,910.0,895.0,1.3770491803278688,-0.0112087912087912,-0.0018629968162679,5.755315088275606e-05
2007-11-20,745.0,785.0,705.0,785.0,113000.0,785.0,776.0,816.5,900.4,926.9333333333332,960.925,False,False,False,False,False,False,False,False,False,False,False,-0.0254777070063694,-0.0254777070063694,,,-0.1470063694267515,-0.1808067940552014,-0.0445859872611464,-0.2038216560509554,-0.0038118527042581,-0.2296387017758726,910.0,945.0,1.3452380952380951,-0.0106619280319858,0.0005468631768054,-8.612367939636167e-05
2007-11-21,765.0,765.0,735.0,745.0,46000.0,745.0,773.0,799.5,890.6,922.9333333333332,959.825,False,False,False,False,False,False,False,False,False,True,False,0.0536912751677852,0.0134228187919463,,,-0.1954362416107382,-0.2388366890380311,0.0,-0.1610738255033557,-0.0043340075122796,-0.2176360225140713,910.0,925.0,0.4070796460176991,-0.0110038176510217,-0.0003418896190359,-0.0005221548080215
2007-11-22,725.0,725.0,700.0,725.0,101000.0,725.0,761.0,782.0,879.6,918.4,958.675,False,False,False,False,False,False,False,False,False,True,False,0.0896551724137931,0.0620689655172413,,,-0.2132413793103448,-0.2667586206896551,-0.0206896551724137,-0.1448275862068965,-0.0049361207897791,-0.1994884910485933,930.0,945.0,2.1956521739130435,-0.0125056844020009,-0.0015018667509791,-0.0006021132774994
2007-11-26,730.0,745.0,720.0,745.0,58000.0,745.0,755.0,768.5,869.8,914.6666666666666,957.675,False,False,False,False,False,False,False,False,False,False,False,0.046979865771812,0.0402684563758389,,,-0.1675167785234898,-0.2277404921700223,-0.0536912751677852,-0.1476510067114094,-0.0040816326530612,-0.1821730644111906,960.0,945.0,0.5742574257425742,-0.0112669579213613,0.0012387264806395,0.0008544881367179
2007-11-27,720.0,750.0,720.0,750.0,21000.0,750.0,750.0,757.5,861.6,911.2666666666668,956.675,False,False,False,False,False,False,False,False,False,False,False,0.0066666666666666,0.04,,,-0.1488,-0.2150222222222223,-0.0333333333333333,-0.1533333333333333,-0.0037310703050697,-0.1702970297029703,940.0,905.0,0.3620689655172414,-0.0095171773444753,0.0017497805768859,0.0003505623479915
2007-11-28,755.0,765.0,730.0,765.0,55000.0,765.0,746.0,761.0,853.0,907.8666666666668,955.775,False,False,False,False,False,False,False,False,False,True,True,0.0,0.0130718954248366,,,-0.115032679738562,-0.1867538126361657,-0.0718954248366013,-0.1568627450980392,-0.0037450433250109,-0.1727989487516426,930.0,890.0,2.619047619047619,-0.0100820633059789,-0.0005648859615036,-1.3973019941273482e-05
2007-11-29,765.0,790.0,765.0,785.0,41000.0,785.0,754.0,763.5,846.2,905.5333333333332,955.05,False,False,False,False,False,False,False,False,False,False,False,-0.0382165605095541,-0.0318471337579617,,,-0.0779617834394905,-0.1535456475583862,-0.0891719745222929,-0.1719745222929936,-0.0025767503497021,-0.1715782580222658,920.0,935.0,0.7454545454545455,-0.0080359253131646,0.0020461379928142,0.0011682929753088
2007-11-30,780.0,790.0,770.0,790.0,52000.0,790.0,767.0,764.0,838.4,903.2666666666668,954.35,False,False,False,False,False,False,False,False,False,True,False,-0.0253164556962025,-0.0379746835443038,,,-0.06126582278481,-0.1433755274261604,-0.0886075949367088,-0.1835443037974683,-0.0025094102885819,-0.168848167539267,935.0,930.0,1.2682926829268293,-0.0093034351145038,-0.0012675098013392,6.734006112021212e-05
2007-12-03,790.0,790.0,770.0,780.0,31000.0,780.0,774.0,764.5,830.4,900.5333333333333,953.475,False,False,False,False,False,False,False,False,False,True,False,-0.0064102564102564,-0.0384615384615384,,,-0.0646153846153845,-0.1545299145299145,-0.1858974358974359,-0.1794871794871795,-0.003035238377258,-0.1687377370830608,925.0,940.0,0.5961538461538461,-0.0096339113680154,-0.0003304762535115,-0.0005258280886761
2007-12-04,765.0,765.0,755.0,755.0,73000.0,755.0,775.0,762.5,822.4,897.8,952.475,False,False,False,False,False,False,False,False,False,True,False,0.0331125827814569,-0.0264900662251655,,,-0.0892715231788079,-0.189139072847682,-0.271523178807947,-0.1854304635761589,-0.003044479097052,-0.1691803278688524,915.0,935.0,2.3548387096774195,-0.0097276264591439,-9.371509112855378e-05,-9.240719794005852e-06
2007-12-05,750.0,770.0,750.0,765.0,48000.0,765.0,775.0,760.5,815.0,895.6666666666666,951.55,False,False,False,False,False,False,False,False,False,False,False,0.0130718954248366,-0.065359477124183,,,-0.065359477124183,-0.1708061002178648,-0.2875816993464052,-0.2156862745098039,-0.0023818384815779,-0.1702827087442472,965.0,925.0,0.6575342465753424,-0.0090797546012269,0.000647871857917,0.0006626406154741
2007-12-06,770.0,770.0,745.0,755.0,55000.0,755.0,769.0,761.5,807.8,894.9333333333333,950.65,False,False,False,False,False,False,False,False,False,False,False,0.0066225165562913,-0.0794701986754966,,,-0.069933774834437,-0.1853421633554083,-0.2119205298013245,-0.2185430463576159,-0.0008194278903456,-0.1759684832567301,965.0,925.0,1.1458333333333333,-0.0089130973013122,0.0001666572999147,0.0015624105912322
2007-12-07,765.0,780.0,765.0,770.0,50000.0,770.0,765.0,766.0,801.6,894.0,949.8,False,False,False,False,False,False,False,False,False,False,False,-0.0129870129870129,-0.0974025974025974,,,-0.041038961038961,-0.161038961038961,-0.2337662337662337,-0.2272727272727272,-0.0010439970171513,-0.1840731070496083,975.0,940.0,0.9090909090909092,-0.0077345309381236,0.0011785663631885,-0.0002245691268056
2007-12-10,780.0,780.0,775.0,775.0,35000.0,775.0,764.0,769.0,795.4,892.6,948.95,False,False,False,False,False,False,False,False,False,True,False,-0.032258064516129,-0.1032258064516129,,,-0.0263225806451612,-0.151741935483871,-0.3096774193548387,-0.2064516129032258,-0.0015684517140936,-0.1898569570871261,990.0,905.0,0.7,-0.0077948202162434,-6.028927811979005e-05,-0.0005244546969423
2007-12-11,775.0,780.0,770.0,780.0,54000.0,780.0,769.0,772.0,790.6,891.0666666666667,948.15,False,False,False,False,False,False,False,False,False,False,False,-0.0576923076923076,-0.0705128205128205,,,-0.0135897435897436,-0.1423931623931624,-0.3076923076923077,-0.1987179487179487,-0.0017207840790064,-0.194300518134715,1030.0,900.0,1.542857142857143,-0.0060713382241335,0.0017234819921099,-0.0001523323649127
2007-12-12,770.0,775.0,760.0,775.0,41000.0,775.0,771.0,773.0,785.0,888.8,947.225,False,False,False,False,False,False,False,False,False,True,False,-0.0774193548387096,-0.032258064516129,,,-0.0129032258064516,-0.1468387096774193,-0.2774193548387096,-0.2,-0.0025502550255026,-0.1985769728331177,1025.0,905.0,0.7592592592592593,-0.0071337579617834,-0.0010624197376499,-0.0008294709464962
2007-12-13,775.0,780.0,760.0,760.0,52000.0,760.0,772.0,770.5,778.8,886.6,945.725,False,False,False,False,False,False,False,False,False,True,False,-0.0855263157894736,-0.0197368421052631,,,-0.0247368421052631,-0.166578947368421,-0.2171052631578947,-0.2105263157894736,-0.0024813895781636,-0.2024659312134977,990.0,920.0,1.2682926829268293,-0.0079609655880842,-0.0008272076263008,6.886544733896664e-05
2007-12-14,770.0,770.0,755.0,760.0,22000.0,760.0,770.0,767.5,773.2,884.1333333333333,944.15,False,False,False,False,False,False,False,False,False,False,False,-0.0855263157894736,-0.0657894736842105,,,-0.0173684210526316,-0.1633333333333333,-0.2039473684210526,-0.2171052631578947,-0.0027899261046599,-0.2058631921824104,1000.0,890.0,0.4230769230769231,-0.007242628039317,0.0007183375487672,-0.0003085365264962
2007-12-17,750.0,750.0,720.0,750.0,76000.0,750.0,765.0,764.5,768.0,881.5333333333333,942.625,False,False,False,False,False,False,False,False,False,False,False,-0.0733333333333333,-0.06,,,-0.024,-0.1753777777777777,-0.1866666666666666,-0.2133333333333333,-0.0029494063374423,-0.2092871157619359,990.0,895.0,3.4545454545454546,-0.0067708333333333,0.0004717947059836,-0.0001594802327823
2007-12-18,725.0,745.0,725.0,735.0,67000.0,735.0,756.0,762.5,763.0,879.2666666666667,941.35,False,False,False,False,False,False,False,False,False,False,False,-0.0136054421768707,-0.0136054421768707,,,-0.0380952380952381,-0.1962811791383219,-0.1904761904761904,-0.1904761904761904,-0.0025779058306164,-0.2098360655737705,955.0,910.0,0.881578947368421,-0.0065530799475753,0.000217753385758,0.0003715005068259
2007-12-19,725.0,735.0,715.0,715.0,41000.0,715.0,744.0,757.5,762.4,876.9333333333333,940.025,False,False,False,False,False,False,False,False,False,False,False,0.0489510489510489,-0.0069930069930069,,,-0.0662937062937062,-0.2264801864801864,-0.1398601398601398,-0.1748251748251748,-0.0026607875931276,-0.2059405940594059,980.0,910.0,0.6119402985074627,-0.0007869884575026,0.0057660914900727,-8.288176251120341e-05
2007-12-20,710.0,740.0,675.0,695.0,161000.0,695.0,731.0,751.5,759.8,873.7333333333333,938.625,False,False,False,False,False,False,False,False,False,True,False,0.0719424460431654,0.0287769784172661,,,-0.0932374100719423,-0.2571702637889688,-0.1007194244604316,-0.1510791366906475,-0.003662444681825,-0.1996007984031936,955.0,910.0,3.926829268292683,-0.0034219531455646,-0.0026349646880619,-0.0010016570886974
2007-12-21,705.0,715.0,680.0,695.0,96000.0,695.0,718.0,744.0,756.2,870.6,937.525,False,False,False,False,False,False,False,False,False,True,False,0.0215827338129496,0.0359712230215827,,,-0.0880575539568346,-0.2526618705035972,-0.1007194244604316,-0.1223021582733813,-0.003599050463282,-0.189516129032258,985.0,930.0,0.5962732919254659,-0.0047606453319226,-0.0013386921863579,6.339421854302096e-05
2007-12-25,705.0,725.0,695.0,695.0,82000.0,695.0,707.0,736.0,753.0,867.3333333333334,936.2,False,False,False,False,False,False,False,False,False,False,False,0.014388489208633,-0.0863309352517985,,,-0.0834532374100719,-0.2479616306954437,-0.1079136690647482,-0.1079136690647482,-0.0037663335895464,-0.1800271739130435,980.0,960.0,0.8541666666666666,-0.0042496679946879,0.0005109773372346,-0.0001672831262644
2007-12-26,705.0,725.0,700.0,725.0,33000.0,725.0,705.0,730.5,751.0,864.5333333333333,935.1,False,False,False,False,False,False,False,False,False,False,False,0.0,-0.2413793103448276,,,-0.0358620689655172,-0.1924597701149424,-0.1724137931034483,-0.1517241379310344,-0.0032387415175818,-0.1752224503764544,955.0,940.0,0.4024390243902439,-0.0026631158455392,0.0015865521491486,0.0005275920719646
2007-12-27,750.0,750.0,735.0,750.0,84000.0,750.0,712.0,728.0,749.6,862.2,934.025,False,False,False,False,True,False,False,False,False,False,False,-0.0533333333333333,-0.2733333333333333,,,0.0005333333333333,-0.1496,-0.18,-0.1666666666666666,-0.0027062553158585,-0.1717032967032967,950.0,930.0,2.5454545454545454,-0.0018676627534684,0.0007954530920707,0.0005324862017232
2007-12-28,725.0,745.0,720.0,745.0,71000.0,745.0,722.0,726.5,749.6,859.8,932.9,False,False,False,False,False,False,False,False,False,False,False,-0.0402684563758389,-0.2013422818791946,,,-0.0061744966442953,-0.1540939597315435,-0.1610738255033557,-0.1543624161073825,-0.002791346824843,-0.1658637302133516,935.0,920.0,0.8452380952380952,0.0,0.0018676627534684,-8.509150898452491e-05
2008-01-04,715.0,715.0,700.0,710.0,23000.0,710.0,725.0,721.5,749.0,856.7333333333333,931.5,False,False,False,False,False,False,False,False,False,True,False,0.0140845070422535,-0.1690140845070422,,,-0.0549295774647887,-0.2066666666666667,-0.1408450704225352,-0.1056338028169014,-0.0035794879775892,-0.1545391545391545,925.0,935.0,0.323943661971831,-0.0008010680907877,-0.0008010680907877,-0.0007881411527461
2008-01-07,705.0,710.0,695.0,705.0,32000.0,705.0,727.0,717.0,747.4,854.0666666666667,930.05,False,False,False,False,False,False,False,False,False,True,False,-0.0992907801418439,-0.2411347517730496,,,-0.0601418439716311,-0.2114420803782506,-0.1205673758865248,-0.0992907801418439,-0.0031223167590351,-0.1429567642956764,930.0,925.0,1.391304347826087,-0.0021407546160021,-0.0013396865252144,0.000457171218554
2008-01-08,715.0,725.0,715.0,725.0,19000.0,725.0,727.0,716.0,746.4,851.7333333333333,928.875,False,False,False,False,False,False,False,False,False,False,False,-0.2413793103448276,-0.2551724137931034,,,-0.0295172413793103,-0.1748045977011494,-0.1586206896551724,-0.0827586206896551,-0.0027395115842204,-0.1319832402234637,900.0,915.0,0.59375,-0.0013397642015005,0.0008009904145016,0.0003828051748147
2008-01-09,705.0,710.0,675.0,710.0,76000.0,710.0,719.0,715.5,744.2,849.1333333333333,927.65,False,False,False,False,False,False,False,False,False,True,False,-0.2323943661971831,-0.2112676056338028,,,-0.0481690140845071,-0.1959624413145539,-0.1408450704225352,-0.0422535211267605,-0.0030619455130721,-0.1187980433263452,915.0,965.0,4.0,-0.0029561945713516,-0.0016164303698511,-0.0003224339288517
2008-01-10,705.0,720.0,690.0,715.0,18000.0,715.0,713.0,717.5,741.4,846.4,926.475,False,False,False,False,False,False,False,False,False,True,True,-0.1678321678321678,-0.1678321678321678,,,-0.0369230769230768,-0.1837762237762237,-0.1258741258741259,-0.0279720279720279,-0.00322936357908,-0.1066202090592334,915.0,965.0,0.2368421052631578,-0.0037766387914756,-0.0008204442201239,-0.0001674180660078
2008-01-11,710.0,720.0,680.0,720.0,45000.0,720.0,715.0,720.0,738.6,844.1333333333333,925.325,False,False,False,False,False,False,False,False,False,True,False,-0.1805555555555555,-0.1597222222222222,,,-0.0258333333333333,-0.1724074074074074,-0.1319444444444444,-0.0277777777777777,-0.0026851998104564,-0.0972222222222222,900.0,975.0,2.5,-0.0037909558624423,-1.431707096671798e-05,0.0005441637686235
2008-01-15,685.0,685.0,630.0,635.0,435000.0,635.0,701.0,714.0,732.8,840.6666666666666,923.75,False,False,False,False,False,False,False,False,False,True,False,-0.1574803149606299,-0.0393700787401574,,,-0.1540157480314959,-0.3238845144356955,-0.0157480314960629,0.0787401574803149,-0.0041237113402062,-0.080532212885154,880.0,990.0,9.666666666666666,-0.0079148471615721,-0.0041238912991297,-0.0014385115297497
2008-01-16,590.0,595.0,540.0,550.0,258000.0,550.0,666.0,696.5,724.6,835.8666666666667,921.7,False,False,False,False,False,False,False,False,False,True,False,-0.0181818181818181,0.0818181818181818,,,-0.3174545454545455,-0.5197575757575758,0.1363636363636363,0.2363636363636363,-0.0057425426702822,-0.0480976310122038,860.0,1030.0,0.593103448275862,-0.0113165884625999,-0.0034017413010278,-0.001618831330076
2008-01-17,550.0,550.0,525.0,545.0,437000.0,545.0,633.0,676.0,715.8,831.0,919.65,False,False,False,False,False,False,False,False,False,True,False,0.0275229357798165,0.128440366972477,,,-0.313394495412844,-0.5247706422018349,0.1376146788990825,0.2110091743119266,-0.0058563979141596,-0.0140532544378698,730.0,1025.0,1.693798449612403,-0.0122939368538698,-0.0009773483912699,-0.0001138552438773
2008-01-18,525.0,620.0,500.0,595.0,166000.0,595.0,609.0,661.0,709.4,826.8,917.825,False,False,False,False,False,False,False,False,False,False,False,0.0,0.0504201680672268,,,-0.1922689075630251,-0.389579831932773,0.0840336134453781,0.1092436974789916,-0.0050798258345428,0.0128593040847201,760.0,990.0,0.3798627002288329,-0.0090217084860445,0.0032722283678253,0.0007765720796167
2008-01-21,570.0,590.0,555.0,590.0,54000.0,590.0,583.0,649.0,702.2,822.2666666666667,916.025,False,False,False,False,False,False,False,False,False,True,False,0.0254237288135593,0.059322033898305,,,-0.1901694915254238,-0.3936723163841807,0.1101694915254237,0.1101694915254237,-0.0055132155018647,0.034668721109399,785.0,1000.0,0.3253012048192771,-0.010253489034463,-0.0012317805484185,-0.0004333896673218
2008-01-22,515.0,555.0,515.0,535.0,110000.0,535.0,563.0,632.0,692.6,816.6,913.975,False,False,False,False,False,False,False,False,False,True,False,0.1401869158878504,0.1588785046728972,,,-0.2945794392523365,-0.526355140186916,0.2429906542056074,0.2429906542056074,-0.0069393419871009,0.0672468354430379,775.0,990.0,2.037037037037037,-0.0138608143228415,-0.0036073252883784,-0.0014261264852362
2008-01-23,560.0,565.0,540.0,540.0,77000.0,540.0,561.0,613.5,683.0,811.2666666666667,912.025,False,False,False,False,False,False,False,False,False,True,False,0.1018518518518518,0.1111111111111111,,,-0.2648148148148148,-0.5023456790123456,0.2314814814814814,0.2314814814814814,-0.0065740816829649,0.0994295028524857,775.0,955.0,0.7,-0.0140556368960468,-0.0001948225732053,0.0003652603041359
2008-01-24,555.0,565.0,555.0,560.0,94000.0,560.0,564.0,598.5,674.4,806.3333333333334,910.2,False,False,False,False,False,False,False,False,False,False,False,0.0982142857142857,0.0982142857142857,,,-0.2042857142857142,-0.4398809523809524,0.1607142857142857,0.2053571428571428,-0.006118230673832,0.1261487050960735,785.0,980.0,1.2207792207792207,-0.0127520759193357,0.0013035609767111,0.0004558510091328
2008-01-25,595.0,600.0,585.0,595.0,111000.0,595.0,564.0,586.5,667.8,802.0,908.65,False,False,False,False,False,False,False,False,False,False,False,0.0504201680672268,0.0504201680672268,,,-0.1223529411764705,-0.3478991596638655,0.1092436974789916,0.1092436974789916,-0.0054031587697423,0.1432225063938619,745.0,955.0,1.180851063829787,-0.0098831985624438,0.0028688773568918,0.0007150719040897
2008-01-28,620.0,620.0,580.0,605.0,47000.0,605.0,567.0,575.0,661.6,797.6,907.275,False,False,False,False,False,False,False,False,False,False,False,0.0330578512396694,0.0082644628099173,,,-0.0935537190082645,-0.3183471074380166,0.0165289256198347,0.0826446280991735,-0.0055165496489468,0.1582608695652174,725.0,985.0,0.4234234234234234,-0.0093712212817411,0.0005119772807027,-0.0001133908792044
2008-01-29,605.0,615.0,590.0,610.0,42000.0,610.0,582.0,572.5,656.0,793.4,905.825,False,False,False,False,False,False,False,False,False,False,False,0.0163934426229508,0.0163934426229508,,,-0.0754098360655737,-0.300655737704918,0.0,0.0655737704918032,-0.005293672800605,0.1572052401746725,745.0,980.0,0.8936170212765957,-0.0085365853658536,0.0008346359158874,0.0002228768483417
2008-01-30,610.0,615.0,595.0,595.0,49000.0,595.0,593.0,577.0,650.4,789.1333333333333,904.3,False,False,False,False,False,False,False,False,False,True,True,0.0084033613445378,0.0252100840336134,,,-0.0931092436974789,-0.3262745098039215,0.0672268907563025,0.0924369747899159,-0.0054067753653797,0.1429809358752166,750.0,955.0,1.1666666666666667,-0.008610086100861,-7.350073500735077e-05,-0.0001131025647746
2008-01-31,595.0,615.0,585.0,615.0,28000.0,615.0,604.0,584.0,646.4,784.4666666666667,902.9,False,False,False,False,False,False,False,False,False,False,False,0.0,-0.008130081300813,,,-0.0510569105691056,-0.2755555555555556,0.032520325203252,0.048780487804878,-0.0059488399762045,0.1267123287671233,765.0,950.0,0.5714285714285714,-0.0061881188118811,0.0024219672889798,-0.0005420646108248
2008-02-01,610.0,625.0,610.0,625.0,24000.0,625.0,610.0,587.0,643.6,779.9333333333333,901.55,False,False,False,False,False,False,False,False,False,False,False,0.0,0.0,,,-0.02976,-0.2478933333333332,-0.008,0.016,-0.0058124626036414,0.1166950596252129,785.0,935.0,0.8571428571428571,-0.0043505282784337,0.0018375905334474,0.0001363773725631
2008-02-04,650.0,650.0,625.0,625.0,44000.0,625.0,614.0,590.5,640.8,775.2666666666667,900.175,False,False,False,False,False,False,False,False,False,True,False,-0.024,0.0,,,-0.0252799999999999,-0.2404266666666666,-0.008,0.032,-0.0060194341731876,0.1083827265029635,790.0,925.0,1.8333333333333333,-0.0043695380774033,-1.9009798969613943e-05,-0.0002069715695462
2008-02-05,630.0,630.0,620.0,620.0,81000.0,620.0,616.0,599.0,637.8,770.3333333333334,898.825,False,False,False,False,False,False,False,False,False,True,False,0.0,0.0080645161290322,,,-0.0287096774193547,-0.2424731182795699,0.0241935483870967,0.0241935483870967,-0.0064041540458675,0.0876460767946577,780.0,930.0,1.8409090909090908,-0.0047036688617121,-0.0003341307843087,-0.0003847198726798
2008-02-06,605.0,610.0,595.0,600.0,59000.0,600.0,617.0,605.0,632.8,764.6,897.35,False,False,False,False,False,False,False,False,False,True,False,0.0166666666666666,0.0416666666666666,,,-0.0546666666666665,-0.2743333333333334,0.0583333333333333,0.05,-0.0074984741477025,0.0710743801652892,755.0,900.0,0.7283950617283951,-0.0079013906447534,-0.0031977217830413,-0.001094320101835
2008-02-07,600.0,615.0,585.0,615.0,17000.0,615.0,617.0,610.5,627.4,759.1333333333333,895.95,False,False,False,False,False,False,False,False,False,True,False,-0.008130081300813,0.008130081300813,,,-0.0201626016260162,-0.2343631436314363,0.016260162601626,0.024390243902439,-0.0072011943444278,0.054054054054054,765.0,915.0,0.288135593220339,-0.0086069493146317,-0.0007055586698783,0.0002972798032746
2008-02-08,615.0,625.0,590.0,625.0,26000.0,625.0,617.0,613.5,622.6,754.2666666666667,894.65,False,False,False,False,True,False,False,False,False,False,False,0.0,0.032,,,0.0038399999999999,-0.2068266666666666,0.0,0.024,-0.0064521831359377,0.0456397718011409,755.0,915.0,1.5294117647058822,-0.0077096048827496,0.000897344431882,0.0007490112084901
2008-02-12,590.0,610.0,590.0,610.0,14000.0,610.0,614.0,614.0,618.6,749.0666666666667,893.325,False,False,False,False,False,False,False,False,False,False,False,0.0245901639344262,0.0737704918032786,,,-0.0140983606557377,-0.2279781420765028,0.0163934426229508,0.040983606557377,-0.0069419722321109,0.0415309446254071,770.0,900.0,0.5384615384615384,-0.0064662140316844,0.0012433908510652,-0.0004897890961731
2008-02-13,600.0,620.0,600.0,620.0,26000.0,620.0,614.0,615.0,615.2,744.1333333333333,892.05,False,False,False,False,False,False,False,False,False,False,False,0.0080645161290322,0.0725806451612903,,,0.0077419354838708,-0.2002150537634408,0.0241935483870967,0.0241935483870967,-0.0066296362659022,0.0373983739837398,775.0,880.0,1.8571428571428568,-0.0055266579973991,0.0009395560342852,0.0003123359662087
2008-02-14,610.0,615.0,605.0,610.0,17000.0,610.0,616.0,616.5,610.6,739.5333333333333,890.75,False,False,False,False,False,False,False,False,False,True,False,0.0245901639344262,0.0901639344262295,,,-0.000983606557377,-0.2123497267759562,0.040983606557377,0.1065573770491803,-0.0062201388262868,0.0389294403892944,780.0,860.0,0.6538461538461539,-0.0075335735342286,-0.0020069155368294,0.0004094974396153
2008-02-15,600.0,625.0,600.0,610.0,25000.0,610.0,615.0,616.0,606.6,734.6,889.425,False,False,False,False,False,False,False,False,False,False,False,0.0163934426229508,0.0655737704918032,,,0.0055737704918032,-0.2042622950819672,0.0573770491803278,0.0901639344262295,-0.0067156729285778,0.0430194805194805,775.0,730.0,1.4705882352941178,-0.0065941312232113,0.0009394423110173,-0.0004955341022909
2008-02-18,625.0,625.0,615.0,625.0,13000.0,625.0,615.0,616.0,603.0,730.2,888.15,False,False,False,False,False,False,False,False,False,False,False,0.032,0.056,,,0.0352,-0.16832,0.04,0.072,-0.0060257463708572,0.0487012987012987,760.0,760.0,0.52,-0.0059701492537313,0.0006239819694799,0.0006899265577205
2008-02-19,625.0,625.0,615.0,625.0,19000.0,625.0,618.0,616.0,599.2,725.4,886.85,False,False,False,False,False,False,False,False,False,True,False,0.048,-0.016,,,0.0412799999999999,-0.1606399999999999,0.032,0.056,-0.0066170388751034,0.0511363636363636,760.0,785.0,1.4615384615384617,-0.0063417890520693,-0.0003716397983379,-0.0005912925042462
2008-02-20,630.0,635.0,625.0,625.0,13000.0,625.0,619.0,616.5,598.8,720.6666666666666,885.55,False,False,False,False,False,False,False,False,False,False,False,0.064,-0.024,,,0.04192,-0.1530666666666666,0.024,0.04,-0.0065679925994449,0.0527169505271695,750.0,775.0,0.6842105263157895,-0.0006680026720108,0.0056737863800585,4.904627565850608e-05
2008-02-21,625.0,630.0,615.0,625.0,16000.0,625.0,622.0,619.0,601.8,716.2666666666667,884.275,False,False,False,False,False,False,True,False,True,False,True,0.064,0.016,,,0.03712,-0.1460266666666666,-0.016,0.032,-0.0061429635145197,0.0508885298869143,735.0,775.0,1.2307692307692308,0.0049850448654037,0.0056530475374146,0.0004250290849252
2008-02-22,615.0,620.0,610.0,620.0,12000.0,620.0,624.0,619.5,604.8,711.8666666666667,882.925,False,False,False,False,False,False,True,False,False,True,False,0.0483870967741935,0.0241935483870967,,,0.0245161290322581,-0.1481720430107527,-0.032258064516129,0.0483870967741935,-0.0061809327589435,0.0532687651331719,715.0,785.0,0.75,0.0049603174603174,-2.472740508632776e-05,-3.796924442388966e-05
2008-02-25,635.0,645.0,625.0,645.0,27000.0,645.0,628.0,621.5,606.8,708.0,881.725,False,False,False,False,False,False,True,False,False,True,True,0.0232558139534883,-0.0387596899224806,,,0.0592248062015504,-0.0976744186046511,-0.0852713178294573,-0.0077519379844961,-0.0054613935969868,0.0498793242156074,695.0,745.0,2.25,0.003295978905735,-0.0016643385545824,0.0007195391619567
2008-02-26,655.0,655.0,640.0,655.0,16000.0,655.0,634.0,626.0,609.4,704.4,880.45,False,False,False,False,False,False,True,False,False,False,False,-0.0610687022900763,-0.0534351145038167,,,0.069618320610687,-0.0754198473282442,-0.0916030534351145,-0.0229007633587786,-0.0051107325383305,0.0431309904153354,695.0,725.0,0.5925925925925926,0.0042664916311126,0.0009705127253776,0.0003506610586563
2008-02-27,665.0,665.0,645.0,665.0,32000.0,665.0,642.0,630.5,614.6,700.8666666666667,879.2,False,False,False,False,False,False,True,False,False,False,False,-0.0827067669172932,-0.0451127819548872,,,0.0757894736842104,-0.0539348370927318,-0.075187969924812,-0.0451127819548872,-0.005041377342338,0.035685963521015,695.0,745.0,2.0,0.0084607875040677,0.0041942958729551,6.935519599251226e-05
2008-02-28,650.0,665.0,645.0,665.0,20000.0,665.0,650.0,636.0,619.6,697.7333333333333,877.975,False,False,False,False,False,False,True,False,False,True,False,-0.0451127819548872,-0.0451127819548872,,,0.0682706766917292,-0.0492230576441103,-0.0601503759398496,-0.0300751879699248,-0.0044907318937511,0.0220125786163522,725.0,750.0,0.625,0.0080697224015493,-0.0003910651025183,0.0005506454485868
2008-02-29,650.0,655.0,650.0,650.0,30000.0,650.0,656.0,640.0,623.2,694.2,876.725,False,False,False,False,False,False,True,False,False,True,False,-0.023076923076923,-0.0384615384615384,,,0.0412307692307691,-0.068,-0.0461538461538461,-0.0076923076923076,-0.0050897916066454,0.0125,750.0,765.0,1.5,0.0057766367137355,-0.0022930856878137,-0.0005990597128943
2008-03-03,630.0,660.0,605.0,660.0,22000.0,660.0,659.0,643.5,625.8,690.8,875.45,False,False,False,False,False,False,True,False,False,True,False,-0.0606060606060606,-0.053030303030303,,,0.0518181818181818,-0.0466666666666666,-0.0909090909090909,-0.0227272727272727,-0.0049218297625942,0.0031080031080031,745.0,785.0,0.7333333333333333,0.0041546820070308,-0.0016219547067047,0.0001679618440512
2008-03-04,625.0,625.0,605.0,615.0,23000.0,615.0,651.0,642.5,626.2,687.0,874.025,False,False,False,False,False,False,True,False,False,True,False,0.008130081300813,0.008130081300813,,,-0.0182113821138212,-0.1170731707317073,-0.032520325203252,0.040650406504065,-0.0055312954876272,0.001556420233463,710.0,790.0,1.0454545454545454,0.0006387735547749,-0.0035159084522558,-0.000609465725033
2008-03-05,610.0,615.0,605.0,610.0,12000.0,610.0,640.0,641.0,626.2,683.4,872.625,False,False,False,False,False,False,False,False,False,True,False,0.040983606557377,0.040983606557377,,,-0.0265573770491804,-0.1203278688524589,-0.0327868852459016,0.040983606557377,-0.0052677787532923,0.0015600624024961,705.0,780.0,0.5217391304347826,0.0,-0.0006387735547749,0.0002635167343349
2008-03-06,625.0,635.0,615.0,635.0,8000.0,635.0,634.0,642.0,627.8,680.4,871.3,False,False,False,False,False,False,True,False,True,False,False,0.0,0.0,,,0.0113385826771654,-0.0714960629921259,-0.0629921259842519,0.0078740157480314,-0.0044091710758377,-0.0007788161993769,725.0,755.0,0.6666666666666666,0.002548582351067,0.002548582351067,0.0008586076774546
2008-03-07,620.0,635.0,620.0,635.0,20000.0,635.0,631.0,643.5,628.6,679.1333333333333,870.05,False,False,False,False,False,False,True,False,False,True,False,-0.0157480314960629,0.0157480314960629,,,0.0100787401574802,-0.069501312335958,-0.0708661417322834,0.0551181102362204,-0.0018651222145871,0.0,710.0,765.0,2.5,0.0012726694241171,-0.0012759129269498,0.0025440488612505
2008-03-10,625.0,625.0,600.0,620.0,39000.0,620.0,623.0,641.0,628.4,677.2666666666667,868.725,False,False,False,False,False,False,False,False,False,True,False,0.0080645161290322,0.0483870967741935,,,-0.0135483870967741,-0.0923655913978494,-0.0483870967741935,0.0403225806451612,-0.002756176789054,0.0046801872074883,715.0,755.0,1.95,-0.0003182686187142,-0.0015909380428314,-0.0008910545744668
2008-03-11,615.0,620.0,615.0,620.0,2000.0,620.0,624.0,637.5,628.2,675.0666666666667,867.45,False,False,False,False,False,False,False,False,False,True,False,0.0,0.0403225806451612,,,-0.0132258064516129,-0.0888172043010753,-0.0161290322580645,0.0967741935483871,-0.0032589373888997,0.0164705882352941,720.0,770.0,0.0512820512820512,-0.000318369945877,-1.013271627333919e-07,-0.0005027605998457
2008-03-12,635.0,635.0,635.0,635.0,8000.0,635.0,629.0,634.5,628.8,673.2,865.975,False,False,False,False,False,False,True,False,False,False,False,0.0,0.0078740157480314,,,0.0097637795275591,-0.0601574803149607,-0.0236220472440944,0.0393700787401574,-0.002772826302238,0.0252167060677699,635.0,775.0,4.0,0.0009541984732822,0.0012725684191592,0.0004861110866616
2008-03-13,610.0,635.0,610.0,635.0,5000.0,635.0,629.0,631.5,630.2,671.3333333333334,864.45,False,False,False,False,False,False,True,False,True,False,False,0.0,-0.0314960629921259,,,0.0075590551181101,-0.0572178477690289,-0.0314960629921259,0.0,-0.002780536246276,0.0285035629453681,550.0,780.0,0.625,0.002221516978737,0.0012673185054547,-7.709944038000825e-06
2008-03-14,625.0,625.0,625.0,625.0,8000.0,625.0,627.0,629.0,630.6,669.2,862.925,False,False,False,False,False,False,True,False,False,True,False,0.032,-0.04,,,-0.00896,-0.07072,0.0,-0.008,-0.0031878860330743,0.0286168521462639,545.0,775.0,1.6,0.0006343165239454,-0.0015872004547916,-0.0004073497867982
2008-03-17,605.0,625.0,600.0,625.0,17000.0,625.0,628.0,625.5,630.6,667.6,861.475,False,False,False,False,False,False,False,False,False,True,False,0.04,-0.056,,,-0.00896,-0.06816,0.008,-0.024,-0.0023966446974236,0.0287769784172661,595.0,760.0,2.125,0.0,-0.0006343165239454,0.0007912413356506
2008-03-18,615.0,620.0,585.0,620.0,22000.0,620.0,628.0,626.0,631.0,666.2,860.075,False,False,False,False,False,False,True,False,False,False,False,0.0403225806451612,-0.0403225806451612,,,-0.0177419354838709,-0.0745161290322581,0.0241935483870967,-0.0403225806451612,-0.0021014710297207,0.0207667731629392,590.0,760.0,1.2941176470588236,0.000633914421553,0.000633914421553,0.0002951736677028
2008-03-19,635.0,635.0,615.0,635.0,24000.0,635.0,628.0,628.5,631.6,664.7333333333333,858.75,False,False,False,True,True,False,True,False,False,False,True,0.0078740157480314,-0.0314960629921259,,,0.0053543307086613,-0.0468241469816273,0.0,-0.0708661417322834,-0.0022063985558119,0.0095465393794749,535.0,750.0,1.0909090909090908,0.0009499683343888,0.0003160539128358,-0.0001049275260911
2008-03-21,635.0,635.0,620.0,635.0,13000.0,635.0,628.0,628.5,632.6,663.2,857.4,False,False,False,False,False,False,True,False,True,False,False,-0.0314960629921259,-0.0157480314960629,,,0.003779527559055,-0.0444094488188977,0.0472440944881889,-0.0314960629921259,-0.0023120225170888,0.005568814638027,540.0,735.0,0.5416666666666666,0.0015807777426493,0.0006308094082604,-0.0001056239612769
2008-03-24,645.0,650.0,620.0,645.0,35000.0,645.0,632.0,629.5,634.0,661.6,856.125,False,False,False,False,False,False,True,False,False,False,False,-0.0697674418604651,-0.0387596899224806,,,0.0170542635658914,-0.0257364341085271,0.0542635658914728,-0.0387596899224806,-0.0024183796856106,-0.0039714058776806,560.0,715.0,2.6923076923076925,0.0022082018927444,0.000627424150095,-0.0001063571685218
2008-03-25,650.0,650.0,650.0,650.0,12000.0,650.0,637.0,632.5,635.0,659.8,854.7,False,False,False,False,False,False,True,False,False,True,False,-0.0923076923076923,-0.0769230769230769,,,0.023076923076923,-0.015076923076923,0.0692307692307692,-0.0307692307692307,-0.002728099424068,-0.0110671936758893,595.0,695.0,0.3428571428571428,0.0015748031496062,-0.0006333987431381,-0.0003097197384573
2008-03-26,610.0,645.0,610.0,645.0,7000.0,645.0,642.0,635.0,635.8,657.8666666666667,853.15,False,False,False,False,False,False,True,False,False,True,False,-0.0775193798449612,-0.0775193798449612,,,0.0142635658914729,-0.0199483204134367,0.0852713178294573,-0.0387596899224806,-0.0029387920551276,-0.0244094488188976,605.0,695.0,0.5833333333333334,0.0012582573136205,-0.0003165458359857,-0.0002106926310596
2008-03-27,625.0,640.0,615.0,640.0,36000.0,640.0,643.0,635.5,636.4,656.0,851.175,False,False,False,False,False,False,True,False,False,True,False,-0.0390625,-0.078125,,,0.005625,-0.025,0.0703125,-0.109375,-0.0028455284552845,-0.03933910306845,610.0,695.0,5.142857142857143,0.0009428032683846,-0.0003154540452358,9.326359984304036e-05
2008-03-28,625.0,625.0,610.0,615.0,22000.0,615.0,639.0,633.5,636.0,654.1333333333333,848.2,False,False,False,False,False,False,False,False,False,True,False,0.016260162601626,-0.032520325203252,,,-0.0341463414634146,-0.0636314363143631,0.1056910569105691,-0.0975609756097561,-0.0028536485935589,-0.0489344909234412,595.0,725.0,0.6111111111111112,-0.00062893081761,-0.0015717340859947,-8.120138274354555e-06
2008-03-31,610.0,610.0,600.0,600.0,7000.0,600.0,630.0,631.0,635.2,651.9333333333333,845.25,False,False,False,False,False,False,False,False,False,True,False,0.0333333333333333,-0.0166666666666666,,,-0.0586666666666667,-0.0865555555555554,0.1,-0.0583333333333333,-0.0033745781777278,-0.0538827258320126,615.0,750.0,0.3181818181818182,-0.0012594458438286,-0.0006305150262186,-0.0005209295841689
2008-04-01,600.0,600.0,590.0,590.0,37000.0,590.0,618.0,627.5,633.0,649.7333333333333,842.275,False,False,False,False,False,False,False,False,False,True,False,0.0169491525423728,0.0,,,-0.0728813559322033,-0.1012429378531073,0.1186440677966101,-0.0508474576271186,-0.0033860045146725,-0.0565737051792828,625.0,745.0,5.285714285714286,-0.0034755134281201,-0.0022160675842914,-1.1426336944727038e-05
2008-04-02,600.0,605.0,585.0,595.0,18000.0,595.0,608.0,625.0,630.6,647.4,839.4,False,False,False,False,False,False,False,False,False,True,False,0.0,0.0252100840336134,,,-0.0598319327731092,-0.0880672268907562,0.1008403361344537,-0.0756302521008403,-0.0036041602306663,-0.06,625.0,710.0,0.4864864864864865,-0.0038058991436726,-0.0003303857155525,-0.0002181557159937
2008-04-03,605.0,615.0,605.0,615.0,11000.0,615.0,603.0,623.0,628.6,645.2666666666667,836.825,False,False,False,False,False,False,False,False,False,False,False,-0.040650406504065,0.008130081300813,,,-0.0221138211382114,-0.0492140921409213,0.08130081300813,-0.1056910569105691,-0.0033061266659778,-0.0634028892455858,620.0,705.0,0.6111111111111112,-0.0031816735602927,0.0006242255833799,0.0002980335646884
2008-04-04,625.0,625.0,625.0,625.0,3000.0,625.0,605.0,622.0,627.0,643.2,834.525,False,False,False,False,False,False,False,False,False,False,False,-0.048,-0.016,,,-0.0032,-0.02912,0.064,-0.072,-0.0032131011608622,-0.067524115755627,600.0,725.0,0.2727272727272727,-0.0025518341307815,0.0006298394295111,9.302550511561822e-05
2008-04-07,620.0,620.0,595.0,620.0,5000.0,620.0,609.0,619.5,625.8,641.1333333333333,832.25,False,False,False,False,False,False,False,False,False,False,False,-0.0483870967741935,0.0080645161290322,,,-0.0093548387096773,-0.0340860215053763,0.0887096774193548,-0.0483870967741935,-0.0032234584589789,-0.0686037126715092,615.0,710.0,1.6666666666666667,-0.0019175455417066,0.0006342885890748,-1.035729811671394e-05
2008-04-08,600.0,600.0,600.0,600.0,2000.0,600.0,611.0,614.5,623.4,639.0,829.95,False,False,False,False,False,False,False,False,False,True,False,-0.0166666666666666,0.05,,,-0.0389999999999999,-0.065,0.1,-0.0166666666666666,-0.003338549817423,-0.0675345809601301,625.0,715.0,0.4,-0.0038498556304138,-0.0019323100887071,-0.000115091358444
2008-04-09,600.0,600.0,595.0,595.0,12000.0,595.0,611.0,609.5,622.6,636.8,827.375,False,False,False,False,False,False,False,False,False,False,False,0.0252100840336134,0.0672268907563025,,,-0.0463865546218487,-0.070252100840336,0.1008403361344537,-0.0336134453781512,-0.0034547738693468,-0.0672682526661197,610.0,720.0,6.0,-0.0012849341471248,0.0025649214832889,-0.0001162240519237
2008-04-10,600.0,600.0,590.0,590.0,28000.0,590.0,606.0,604.5,621.8,634.6666666666666,824.575,False,False,False,False,False,False,False,False,False,True,False,0.0508474576271186,0.0762711864406779,,,-0.0538983050847456,-0.0757062146892654,0.1016949152542373,-0.0169491525423728,-0.0033613445378151,-0.0578990901571546,620.0,635.0,2.333333333333333,-0.0012865873271149,-1.653179990050973e-06,9.342933153169132e-05
2008-04-11,585.0,595.0,585.0,595.0,32000.0,595.0,600.0,602.5,620.2,632.8,822.1,False,False,False,False,False,False,False,False,False,True,False,0.0336134453781512,0.1176470588235294,,,-0.0423529411764706,-0.0635294117647058,0.0924369747899159,-0.0252100840336134,-0.0029498525073746,-0.0506224066390041,610.0,550.0,1.1428571428571428,-0.0025798129635599,-0.001293225636445,0.0004114920304404
2008-04-14,590.0,590.0,590.0,590.0,30000.0,590.0,594.0,601.5,618.4,631.1333333333333,819.625,False,False,False,False,False,False,False,False,False,True,False,0.059322033898305,0.1525423728813559,,,-0.0481355932203389,-0.0697175141242937,0.0932203389830508,-0.0508474576271186,-0.002640752086194,-0.0498753117206982,610.0,545.0,0.9375,-0.0029107373868047,-0.0003309244232447,0.0003091004211805
2008-04-15,590.0,590.0,590.0,590.0,41000.0,590.0,592.0,601.5,617.2,629.7333333333333,817.175,False,False,False,False,False,False,False,False,False,False,False,0.0677966101694915,0.1779661016949152,,,-0.0461016949152543,-0.0673446327683616,0.0762711864406779,-0.0423728813559322,-0.002223163243701,-0.0490440565253532,625.0,595.0,1.3666666666666667,-0.001944264419961,0.0009664729668437,0.000417588842493
2008-04-16,590.0,610.0,590.0,610.0,20000.0,610.0,595.0,603.0,616.8,628.6,814.7,False,False,False,False,False,False,False,False,False,False,True,0.040983606557377,0.1475409836065573,,,-0.0111475409836064,-0.0304918032786885,0.0573770491803278,-0.1229508196721311,-0.0018029483508325,-0.0538971807628524,625.0,590.0,0.4878048780487805,-0.0006485084306097,0.0012957559893512,0.0004202148928684
2008-04-17,610.0,630.0,610.0,620.0,44000.0,620.0,601.0,603.5,616.2,627.6,812.375,False,False,False,False,True,False,False,False,False,True,False,0.0241935483870967,0.1048387096774193,,,0.0061290322580644,-0.012258064516129,0.0241935483870967,-0.1451612903225806,-0.0015933715742511,-0.0579950289975145,625.0,535.0,2.2,-0.0009737098344691,-0.0003252014038594,0.0002095767765814
2008-04-18,610.0,620.0,610.0,615.0,7000.0,615.0,605.0,602.5,615.4,626.1333333333333,810.2,False,False,False,False,False,False,False,False,False,True,False,0.08130081300813,0.1056910569105691,,,-0.000650406504065,-0.0181029810298102,0.024390243902439,-0.1382113821138211,-0.0023424190800681,-0.0647302904564315,625.0,540.0,0.1590909090909091,-0.0012999675008125,-0.0003262576663434,-0.000749047505817
2008-04-21,625.0,625.0,620.0,625.0,15000.0,625.0,612.0,603.0,615.4,624.4666666666667,808.3,False,False,False,False,False,False,False,False,False,False,False,0.088,0.056,,,0.01536,0.0008533333333332,0.008,-0.184,-0.0026689441656879,-0.0787728026533996,620.0,560.0,2.142857142857143,0.0,0.0012999675008125,-0.0003265250856198
2008-04-22,625.0,630.0,610.0,630.0,22000.0,630.0,620.0,606.0,615.6,622.9333333333333,806.275,False,False,False,False,False,False,True,False,False,False,True,0.1031746031746031,0.0476190476190476,,,0.0228571428571428,0.0112169312169313,0.0158730158730158,-0.1904761904761904,-0.0024614726027398,-0.0965346534653465,645.0,595.0,1.4666666666666666,0.0003248862897986,0.0003248862897986,0.0002074715629481
2008-04-23,635.0,635.0,630.0,635.0,11000.0,635.0,625.0,610.0,616.2,621.9333333333333,804.25,False,False,False,False,False,False,True,False,False,False,False,0.1023622047244094,0.0314960629921259,,,0.0296062992125983,0.0205774278215223,0.0,-0.2047244094488189,-0.0016078893772108,-0.1139344262295082,655.0,605.0,0.5,0.0009737098344693,0.0006488235446707,0.000853583225529
2008-04-24,625.0,635.0,625.0,635.0,13000.0,635.0,628.0,614.5,616.2,621.0,802.125,False,False,False,False,False,False,False,False,False,True,False,0.0787401574803149,0.0472440944881889,,,0.0296062992125983,0.0220472440944881,0.0,-0.2204724409448819,-0.0015029522275898,-0.1342554922701383,665.0,610.0,1.181818181818182,0.0,-0.0009737098344693,0.000104937149621
2008-04-25,635.0,670.0,630.0,665.0,132000.0,665.0,638.0,621.5,617.4,620.2,800.175,False,False,False,False,False,False,True,False,True,False,False,0.0225563909774436,0.0,,,0.071578947368421,0.0673684210526315,0.0150375939849624,-0.2481203007518796,-0.0012899064817799,-0.1568785197103781,665.0,595.0,10.153846153846152,0.0019436345966957,0.0019436345966957,0.0002130457458098
2008-04-28,675.0,685.0,665.0,680.0,93000.0,680.0,649.0,630.5,618.8,619.8,798.3,False,False,False,False,False,False,True,False,False,False,False,-0.0294117647058823,-0.0073529411764705,,,0.09,0.0885294117647059,-0.0220588235294117,-0.2647058823529412,-0.000645369474024,-0.1784298176050753,650.0,615.0,0.7045454545454546,0.0022624434389139,0.0003188088422182,0.0006445370077559
2008-04-30,665.0,710.0,665.0,695.0,90000.0,695.0,662.0,641.0,620.6,619.5333333333333,796.55,False,True,False,False,False,False,True,False,False,False,False,-0.0503597122302158,-0.0503597122302158,,,0.1070503597122301,0.1085851318944844,-0.0359712230215827,-0.2877697841726618,-0.0004304315075863,-0.2028081123244929,660.0,625.0,0.967741935483871,0.0029004189494039,0.0006379755104899,0.0002149379664376
2008-05-01,695.0,705.0,675.0,700.0,75000.0,700.0,675.0,650.0,622.8,619.2666666666667,794.825,False,False,False,False,False,False,True,False,False,False,False,-0.0642857142857142,-0.0642857142857142,,,0.1102857142857143,0.1153333333333333,-0.0571428571428571,-0.3,-0.0004306168586499,-0.2207692307692307,615.0,625.0,0.8333333333333334,0.0035324341682722,0.0006320152188682,-1.8535106366082042e-07
2008-05-02,695.0,695.0,670.0,685.0,76000.0,685.0,685.0,656.5,624.6,619.9333333333333,792.675,False,False,False,False,False,False,True,True,False,True,False,-0.0291970802919708,-0.0510948905109489,,,0.0881751824817518,0.0949878345498784,-0.0510948905109489,-0.3211678832116788,0.0010753844499407,-0.2383853769992384,610.0,620.0,1.0133333333333334,0.0028818443804035,-0.0006505897878686,0.0015060013085907
2008-05-07,675.0,690.0,675.0,680.0,67000.0,680.0,688.0,663.0,627.2,621.6666666666666,790.525,False,False,False,False,False,False,True,True,False,False,False,-0.0220588235294117,-0.0441176470588235,,,0.0776470588235293,0.0857843137254902,-0.0514705882352941,-0.3014705882352941,0.0027882037533512,-0.2541478129713423,635.0,600.0,0.881578947368421,0.0041454081632653,0.0012635637828617,0.0017128193034104
2008-05-08,680.0,680.0,660.0,660.0,24000.0,660.0,684.0,666.5,629.6,623.2,788.25,False,False,False,False,False,False,True,True,False,True,False,0.0227272727272727,-0.0227272727272727,,,0.046060606060606,0.0557575757575756,-0.0151515151515151,-0.3106060606060606,0.0024604193410356,-0.2663165791447862,635.0,615.0,0.3582089552238806,0.0038119440914866,-0.0003334640717787,-0.0003277844123155
2008-05-09,665.0,670.0,660.0,660.0,8000.0,660.0,677.0,669.5,632.4,624.0666666666667,785.925,False,False,False,False,False,False,True,True,False,False,False,0.0,-0.0378787878787878,,,0.0418181818181818,0.0544444444444443,-0.0303030303030303,-0.2803030303030303,0.0013887405191753,-0.2748319641523525,620.0,625.0,0.3333333333333333,0.0044275774826058,0.0006156333911192,-0.0010716788218603
2008-05-12,655.0,655.0,650.0,655.0,11000.0,655.0,668.0,671.5,634.8,624.9333333333333,783.675,False,False,False,False,False,False,True,True,False,True,False,0.0,-0.015267175572519,,,0.0308396946564886,0.0459033078880407,-0.0229007633587786,-0.3053435114503817,0.0013868145935564,-0.2844378257632167,620.0,610.0,1.375,0.0037807183364838,-0.0006468591461219,-1.92592561883728e-06
2008-05-13,655.0,665.0,655.0,665.0,21000.0,665.0,664.0,674.5,636.8,626.6666666666666,781.475,False,False,False,False,False,False,True,True,False,True,False,-0.0225563909774436,-0.0451127819548872,,,0.042406015037594,0.0576441102756892,-0.0451127819548872,-0.3233082706766917,0.0027659574468085,-0.2942920681986656,635.0,620.0,1.9090909090909087,0.0031407035175879,-0.0006400148188959,0.001379142853252
2008-05-14,650.0,665.0,650.0,665.0,39000.0,665.0,661.0,674.5,638.4,628.3333333333334,779.4,False,False,False,False,False,False,True,True,False,True,False,-0.0225563909774436,-0.0526315789473684,,,0.04,0.0551378446115287,-0.0300751879699248,-0.2932330827067669,0.0026525198938993,-0.2987398072646405,635.0,610.0,1.8571428571428568,0.0025062656641604,-0.0006344378534275,-0.0001134375529092
2008-05-15,660.0,755.0,660.0,675.0,245000.0,675.0,664.0,674.0,640.6,629.8666666666667,777.375,False,False,False,False,False,False,True,True,False,False,False,-0.0444444444444444,-0.0666666666666666,,,0.0509629629629629,0.0668641975308641,-0.0444444444444444,-0.3111111111111111,0.0024343776460626,-0.3034124629080119,625.0,610.0,6.282051282051282,0.0034342803621605,0.0009280146980001,-0.0002181422478367
2008-05-16,660.0,660.0,640.0,660.0,78000.0,660.0,664.0,670.5,643.0,630.7333333333333,775.35,False,False,False,False,False,False,True,True,False,False,False,-0.0378787878787878,-0.0303030303030303,,,0.0257575757575757,0.0443434343434343,-0.0227272727272727,-0.2727272727272727,0.0013740619384843,-0.3020134228187919,625.0,625.0,0.3183673469387755,0.0037325038880248,0.0002982235258643,-0.0010603157075782
2008-05-19,645.0,655.0,630.0,655.0,52000.0,655.0,664.0,666.0,645.4,631.4,773.375,False,False,False,False,False,False,True,True,False,True,False,-0.015267175572519,-0.0305343511450381,,,0.0146564885496183,0.036030534351145,-0.0229007633587786,-0.2595419847328244,0.0010558547143912,-0.2980480480480481,620.0,625.0,0.6666666666666666,0.0037186241090796,-1.387977894524257e-05,-0.000318207224093
2008-05-20,655.0,655.0,645.0,650.0,51000.0,650.0,661.0,662.5,647.8,631.9333333333333,771.5,False,False,False,False,False,False,True,True,False,True,False,-0.023076923076923,-0.023076923076923,,,0.0033846153846154,0.0277948717948718,-0.023076923076923,-0.2923076923076923,0.0008439708830044,-0.2950943396226415,635.0,625.0,0.9807692307692308,0.0037048471750539,-1.377693402561126e-05,-0.0002118838313867
2008-05-21,650.0,650.0,650.0,650.0,5000.0,650.0,658.0,659.5,650.0,632.6666666666666,769.525,False,False,False,False,False,False,True,True,False,True,False,-0.0307692307692307,0.0384615384615384,,,0.0,0.0266666666666667,-0.0153846153846153,-0.3076923076923077,0.001159114857745,-0.2956785443517816,635.0,625.0,0.0980392156862745,0.0033846153846154,-0.0003202317904385,0.0003151439747405
2008-05-22,635.0,645.0,635.0,645.0,8000.0,645.0,652.0,658.0,652.2,633.0666666666667,767.55,False,False,False,False,False,False,True,True,False,True,False,-0.0232558139534883,0.0310077519379844,,,-0.0111627906976744,0.018501291989664,0.0387596899224806,-0.3178294573643411,0.0006318449873632,-0.2963525835866261,645.0,620.0,1.6,0.0033731984053971,-1.1416979218267872e-05,-0.0005272698703817
2008-05-23,645.0,645.0,635.0,635.0,19000.0,635.0,647.0,655.5,654.0,633.2,765.6,False,False,False,False,False,False,True,True,False,True,False,0.0078740157480314,0.0551181102362204,,,-0.0299212598425196,0.0028346456692912,0.0157480314960629,-0.2992125984251969,0.0002105706464518,-0.2982456140350877,650.0,645.0,2.375,0.0027522935779815,-0.0006209048274156,-0.0004212743409113
2008-05-26,660.0,660.0,645.0,645.0,17000.0,645.0,645.0,654.5,655.4,633.4666666666667,763.725,False,False,False,False,False,False,True,True,False,True,False,-0.0155038759689922,0.0232558139534883,,,-0.0161240310077519,0.0178811369509043,0.0542635658914728,-0.3410852713178294,0.0004209640075773,-0.3017570664629488,645.0,655.0,0.8947368421052632,0.0021361000915471,-0.0006161934864344,0.0002103933611254
2008-05-27,635.0,635.0,635.0,635.0,4000.0,635.0,642.0,651.5,656.0,633.6666666666666,761.7,False,False,False,False,False,False,True,True,False,True,False,0.0,0.0236220472440944,,,-0.0330708661417322,0.0020997375328084,0.0393700787401574,-0.3385826771653543,0.0003156233561282,-0.3031465848042978,640.0,665.0,0.2352941176470588,0.0009146341463414,-0.0012214659452056,-0.000105340651449
2008-05-28,635.0,640.0,630.0,630.0,40000.0,630.0,638.0,648.0,656.6,634.0666666666667,759.675,False,False,False,False,False,False,True,True,False,True,False,0.0714285714285714,0.0238095238095238,,,-0.0422222222222222,-0.0064550264550265,0.0079365079365079,-0.3412698412698413,0.0006308484912208,-0.3078703703703703,615.0,665.0,10.0,0.0009137983551629,-8.357911785027324e-07,0.0003152251350925
2008-05-29,635.0,635.0,625.0,630.0,14000.0,630.0,635.0,643.5,656.8,634.2666666666667,757.575,False,False,False,False,False,False,True,True,False,True,False,0.0555555555555555,0.0317460317460317,,,-0.0425396825396824,-0.0067724867724867,-0.0158730158730158,-0.3333333333333333,0.0003153247845279,-0.31002331002331,600.0,650.0,0.35,0.0003045066991472,-0.0006092916560157,-0.0003155237066928
2008-05-30,630.0,640.0,625.0,640.0,16000.0,640.0,636.0,641.5,657.2,634.4666666666667,755.55,False,False,False,False,False,False,True,True,False,False,False,0.046875,0.0,,,-0.026875,0.0086458333333332,-0.046875,-0.3984375,0.0003152253861511,-0.3226812159002338,590.0,660.0,1.1428571428571428,0.0006086427267195,0.0003041360275722,-9.939837678662372e-08
2008-06-02,640.0,640.0,630.0,635.0,5000.0,635.0,634.0,639.5,657.2,634.8,753.4,False,False,False,False,False,False,False,True,False,True,False,0.0393700787401574,0.0078740157480314,,,-0.0349606299212599,0.0003149606299213,-0.0629921259842519,-0.3228346456692913,0.0005250997689559,-0.3291634089132134,595.0,615.0,0.3125,0.0,-0.0006086427267195,0.0002098743828048
2008-06-03,630.0,640.0,630.0,635.0,18000.0,635.0,634.0,638.0,657.2,635.0,751.45,False,False,False,False,False,False,False,True,False,False,False,0.0236220472440944,0.0,,,-0.0349606299212599,0.0,-0.0708661417322834,-0.3464566929133858,0.0003149606299213,-0.3346394984326019,615.0,610.0,3.6,0.0,0.0,-0.0002101391390346
2008-06-04,640.0,675.0,640.0,675.0,48000.0,675.0,643.0,640.5,657.6,635.8666666666667,749.8,False,False,False,True,True,False,True,True,False,False,True,-0.0444444444444444,-0.0444444444444444,,,0.0257777777777777,0.0579753086419752,-0.0888888888888888,-0.3185185185185185,0.0013629691759278,-0.3356752537080406,625.0,635.0,2.6666666666666665,0.0006082725060826,0.0006082725060826,0.0010480085460065
2008-06-05,660.0,665.0,655.0,665.0,28000.0,665.0,650.0,642.5,657.0,636.6,748.025,False,False,False,False,False,False,False,True,False,True,False,-0.0225563909774436,-0.0300751879699248,,,0.0120300751879699,0.0427067669172932,-0.0676691729323308,-0.2631578947368421,0.0011519530840925,-0.3299610894941634,620.0,635.0,0.5833333333333334,-0.0009132420091324,-0.0015215145152151,-0.0002110160918352
2008-06-06,685.0,685.0,665.0,670.0,82000.0,670.0,656.0,646.0,656.0,637.2,746.575,False,False,False,False,False,False,False,True,False,True,False,-0.044776119402985,-0.0373134328358208,,,0.0208955223880597,0.0489552238805969,-0.0597014925373134,-0.2835820895522388,0.0009416195856874,-0.3281733746130031,600.0,620.0,2.9285714285714284,-0.0015243902439024,-0.0006111482347699,-0.0002103334984051
2008-06-09,645.0,660.0,640.0,660.0,33000.0,660.0,661.0,647.5,654.4,637.6666666666666,745.075,False,False,False,False,False,False,False,True,False,True,False,-0.0303030303030303,-0.0303030303030303,,,0.0084848484848485,0.0338383838383839,-0.0606060606060606,-0.2651515151515151,0.0007318348144274,-0.3204633204633205,595.0,620.0,0.4024390243902439,-0.0024449877750611,-0.0009205975311587,-0.0002097847712599
2008-06-10,660.0,660.0,650.0,650.0,4000.0,650.0,664.0,649.0,653.0,638.0,743.4,False,False,False,False,False,True,False,True,False,False,False,-0.023076923076923,-0.023076923076923,,,-0.0046153846153846,0.0184615384615384,-0.123076923076923,-0.2615384615384615,0.0005224660397074,-0.3127889060092449,590.0,635.0,0.1212121212121212,-0.0021439509954057,0.0003010367796553,-0.0002093687747199
2008-06-11,650.0,655.0,645.0,645.0,82000.0,645.0,658.0,650.5,651.6,638.2666666666667,741.825,False,False,False,False,False,False,False,True,False,True,False,0.0,-0.0077519379844961,,,-0.0102325581395349,0.0104392764857881,-0.1395348837209302,-0.2713178294573643,0.0004177982034677,-0.3059185242121445,595.0,635.0,20.5,-0.0021485573971761,-4.606401770362086e-06,-0.0001046678362397
2008-06-12,645.0,650.0,630.0,650.0,16000.0,650.0,655.0,652.5,651.2,638.6666666666666,740.45,False,False,False,False,False,False,False,True,False,False,False,-0.0076923076923076,0.0307692307692307,,,-0.0018461538461539,0.0174358974358974,-0.1307692307692307,-0.2769230769230769,0.0006263048016701,-0.3003831417624521,590.0,625.0,0.1951219512195122,-0.0006142506142505,0.0015343067829255,0.0002085065982024
2008-06-13,640.0,655.0,630.0,640.0,32000.0,640.0,649.0,652.5,650.4,638.6,739.6,False,False,False,False,False,False,False,False,False,True,False,0.0078125,0.0078125,,,-0.0162499999999999,0.0021874999999999,-0.125,-0.296875,-0.0001043950307964,-0.2904214559386973,590.0,625.0,2.0,-0.0012300123001231,-0.0006157616858725,-0.0007306998324665
2008-06-16,645.0,645.0,640.0,640.0,9000.0,640.0,645.0,653.0,649.8,638.4,738.6,False,False,False,False,False,False,False,False,False,False,False,0.0,0.0625,,,-0.0153124999999999,0.0025,-0.140625,-0.375,-0.0003132832080201,-0.2955589586523736,610.0,620.0,0.28125,-0.0009233610341643,0.0003066512659587,-0.0002088881772236
2008-06-17,640.0,640.0,635.0,635.0,18000.0,635.0,642.0,653.0,648.6,638.0,737.375,False,False,False,False,False,False,False,False,False,True,False,0.0,0.0393700787401574,,,-0.0214173228346457,-0.0047244094488188,-0.1338582677165354,-0.3464566929133858,-0.0006269592476488,-0.2955589586523736,620.0,635.0,2.0,-0.0018501387604069,-0.0009267777262425,-0.0003136760396287
2008-06-18,640.0,650.0,635.0,645.0,46000.0,645.0,642.0,650.0,647.8,637.7333333333333,736.125,False,False,False,False,False,False,False,False,False,False,False,-0.0077519379844961,-0.0155038759689922,,,-0.0043410852713177,0.011266149870801,-0.1007751937984496,-0.4031007751937984,-0.0004181476061049,-0.3038461538461538,615.0,635.0,2.555555555555556,-0.0012349490583514,0.0006151897020554,0.0002088116415439
2008-06-19,645.0,650.0,625.0,645.0,52000.0,645.0,641.0,648.0,646.6,637.6666666666666,734.625,False,False,False,False,False,False,False,False,False,True,False,0.0387596899224806,-0.0387596899224806,,,-0.0024806201550387,0.0113695090439277,-0.0852713178294573,-0.4418604651162791,-0.0001045478306325,-0.3217592592592592,625.0,645.0,1.1304347826086956,-0.0018558614290131,-0.0006209123706617,0.0003135997754723
2008-06-20,635.0,645.0,625.0,645.0,22000.0,645.0,642.0,645.5,646.0,637.4666666666667,733.225,False,False,False,False,False,False,False,False,False,False,False,0.0,-0.0542635658914728,,,-0.0015503875968992,0.0116795865633074,-0.0852713178294573,-0.5348837209302325,-0.0003137418950009,-0.3470178156467854,630.0,650.0,0.4230769230769231,-0.0009287925696594,0.0009270688593537,-0.0002091940643683
2008-06-23,635.0,640.0,635.0,640.0,12000.0,640.0,642.0,643.5,645.4,637.8,731.7,False,False,False,False,False,False,False,True,False,True,False,0.0625,-0.0703125,,,-0.0084374999999999,0.0034375,-0.1015625,-0.5,0.0005226298735234,-0.3706293706293706,635.0,645.0,0.5454545454545454,-0.0009296560272699,-8.634576104674585e-07,0.0008363717685243
2008-06-24,635.0,640.0,630.0,635.0,21000.0,635.0,642.0,642.0,644.8,638.1333333333333,730.15,False,False,False,False,False,False,False,True,False,True,False,0.0393700787401574,-0.0708661417322834,,,-0.0154330708661416,-0.0049343832020997,-0.0866141732283464,-0.5275590551181102,0.0005223568742165,-0.397196261682243,635.0,640.0,1.75,-0.0009305210918114,-8.650645415043696e-07,-2.729993069277345e-07
2008-06-25,645.0,645.0,625.0,640.0,40000.0,640.0,641.0,641.5,644.4,638.2,728.825,False,False,False,False,False,False,False,True,False,False,False,-0.0078125,-0.0390625,,,-0.0068749999999999,0.0028124999999999,-0.09375,-0.4140625,0.0001044604617153,-0.4115354637568199,665.0,615.0,1.9047619047619049,-0.0006207324643078,0.0003097886275036,-0.0004178964125012
2008-06-26,645.0,680.0,635.0,670.0,140000.0,670.0,646.0,643.5,645.4,638.6666666666666,727.725,False,False,False,True,True,False,True,True,True,False,True,-0.0746268656716417,-0.0746268656716417,,,0.0367164179104477,0.0467661691542289,-0.1641791044776119,-0.4552238805970149,0.0007306889352817,-0.4296814296814297,680.0,600.0,3.5,0.0015494267121165,0.0021701591764243,0.0006262284735663
2008-06-27,645.0,670.0,640.0,645.0,101000.0,645.0,646.0,644.0,645.8,639.0,726.275,False,False,False,False,False,False,True,True,False,True,False,-0.0542635658914728,-0.0232558139534883,,,-0.0012403100775193,0.0093023255813953,-0.1240310077519379,-0.4883720930232558,0.0005216484089724,-0.4487577639751552,695.0,590.0,0.7214285714285714,0.0006193868070609,-0.0009300399050555,-0.0002090405263092
2008-06-30,665.0,705.0,655.0,680.0,256000.0,680.0,654.0,648.0,647.2,639.8,725.025,False,False,False,False,False,False,True,True,True,False,True,-0.125,-0.088235294117647,,,0.0482352941176469,0.0591176470588235,-0.213235294117647,-0.5073529411764706,0.0012503907471084,-0.4621913580246913,700.0,595.0,2.5346534653465347,0.0021631644004945,0.0015437775934336,0.0007287423381359
2008-07-01,675.0,695.0,660.0,660.0,108000.0,660.0,659.0,650.5,648.2,640.1333333333333,723.625,False,False,False,False,False,False,True,True,False,True,False,-0.106060606060606,-0.1363636363636363,,,0.0178787878787878,0.0301010101010101,-0.1969696969696969,-0.4696969696969697,0.0005207248489898,-0.474250576479631,685.0,615.0,0.421875,0.0015427337241592,-0.0006204306763353,-0.0007296658981185
2008-07-02,665.0,665.0,630.0,635.0,106000.0,635.0,658.0,649.5,648.4,640.1333333333333,722.125,False,False,False,False,False,False,True,False,False,True,False,-0.0314960629921259,-0.1259842519685039,,,-0.0211023622047243,-0.0080839895013123,-0.1653543307086614,-0.4015748031496063,0.0,-0.4742109314857582,680.0,625.0,0.9814814814814816,0.0003084515731029,-0.0012342821510562,-0.0005207248489898
2008-07-03,635.0,635.0,605.0,620.0,51000.0,620.0,648.0,647.0,648.0,640.0666666666667,720.6,False,False,False,False,False,False,False,False,False,True,False,0.0,-0.0887096774193548,,,-0.0451612903225806,-0.0323655913978495,-0.1774193548387097,-0.3870967741935484,-0.0001041558171022,-0.4690880989180834,660.0,620.0,0.4811320754716981,-0.0006172839506172,-0.0009257355237201,-0.0001041558171022
2008-07-04,620.0,620.0,605.0,610.0,39000.0,610.0,641.0,643.5,646.8,639.8666666666667,719.025,False,False,False,False,False,False,False,False,False,True,False,0.0327868852459016,-0.081967213114754,,,-0.0603278688524589,-0.0489617486338797,-0.1639344262295081,-0.4098360655737705,-0.0003125651177329,-0.4568764568764569,660.0,600.0,0.7647058823529411,-0.0018552875695733,-0.0012380036189561,-0.0002084093006306
2008-07-07,600.0,600.0,580.0,595.0,82000.0,595.0,624.0,639.0,645.2,639.5333333333333,717.3,False,False,False,False,False,False,False,False,False,True,False,0.042016806722689,-0.0756302521008403,,,-0.0843697478991597,-0.07484593837535,-0.1512605042016806,-0.3865546218487395,-0.0005212133847597,-0.4460093896713615,655.0,595.0,2.102564102564102,-0.0024798512089273,-0.0006245636393539,-0.0002086482670268
2008-07-08,600.0,605.0,585.0,590.0,56000.0,590.0,610.0,634.5,643.4,638.9333333333333,715.725,False,False,False,False,False,False,False,False,False,True,False,-0.0338983050847457,-0.0677966101694915,,,-0.0905084745762711,-0.0829378531073445,-0.1610169491525423,-0.4152542372881356,-0.0009390651085142,-0.4349881796690307,665.0,590.0,0.6829268292682927,-0.002797637550513,-0.0003177863415856,-0.0004178517237544
2008-07-09,590.0,620.0,585.0,615.0,41000.0,615.0,606.0,632.0,641.0,638.6666666666666,714.3,False,False,False,False,False,False,False,False,False,True,False,-0.0975609756097561,-0.056910569105691,,,-0.0422764227642276,-0.0384823848238481,-0.1869918699186991,-0.4715447154471545,-0.0004175365344467,-0.4406645569620253,665.0,595.0,0.7321428571428571,-0.0037441497659906,-0.0009465122154775,0.0005215285740674
2008-07-10,600.0,620.0,595.0,620.0,52000.0,620.0,606.0,627.0,639.2,638.3333333333334,712.875,False,False,False,False,False,False,False,False,False,False,False,-0.0887096774193548,-0.0483870967741935,,,-0.0309677419354839,-0.0295698924731183,-0.1935483870967742,-0.4435483870967742,-0.0005221932114881,-0.4393939393939394,675.0,590.0,1.2682926829268293,-0.0028160200250312,0.0009281297409593,-0.0001046566770413
2008-07-11,620.0,630.0,620.0,630.0,40000.0,630.0,610.0,625.5,637.6,638.0666666666667,711.425,False,False,True,False,False,False,False,False,False,False,False,-0.1111111111111111,-0.0634920634920634,,,-0.012063492063492,-0.0128042328042328,-0.2142857142857142,-0.4047619047619047,-0.0004179291610071,-0.4308553157474021,660.0,590.0,0.7692307692307693,-0.0025094102885822,0.0003066097364489,0.0001042640504809
2008-07-14,615.0,625.0,610.0,620.0,28000.0,620.0,615.0,619.5,636.0,637.7333333333333,710.075,False,False,False,False,False,False,False,False,False,True,False,-0.1129032258064516,-0.0725806451612903,,,-0.0258064516129032,-0.0286021505376344,-0.2096774193548387,-0.4032258064516129,-0.0005226845076312,-0.4196933010492332,655.0,610.0,0.7,-0.0025157232704402,-6.312981858068879e-06,-0.000104755346624
2008-07-15,605.0,615.0,555.0,570.0,91000.0,570.0,611.0,610.5,632.8,636.8,708.45,False,False,False,False,False,False,False,False,False,True,False,-0.0350877192982456,0.0175438596491228,,,-0.1101754385964911,-0.1171929824561402,-0.1842105263157894,-0.3596491228070175,-0.0014656616415411,-0.4086814086814087,650.0,620.0,3.25,-0.0050568900126422,-0.002541166742202,-0.0009429771339098
2008-07-16,575.0,575.0,550.0,555.0,27000.0,555.0,599.0,602.5,629.2,636.0,706.675,False,False,False,False,False,False,False,False,False,True,False,0.045045045045045,0.045045045045045,,,-0.1336936936936937,-0.1459459459459459,-0.1441441441441441,-0.2882882882882883,-0.00125786163522,-0.3983402489626556,650.0,615.0,0.2967032967032967,-0.0057215511760964,-0.0006646611634541,0.000207800006321
2008-07-17,555.0,575.0,555.0,565.0,22000.0,565.0,588.0,597.0,625.8,635.5333333333333,704.95,False,False,False,False,False,False,False,False,False,False,False,0.0442477876106194,-0.0088495575221238,,,-0.1076106194690264,-0.1248377581120943,-0.1946902654867256,-0.3451327433628318,-0.0007342914087905,-0.3944723618090452,645.0,625.0,0.8148148148148148,-0.0054330457015022,0.0002885054745942,0.0005235702264294
2008-07-18,560.0,565.0,540.0,560.0,47000.0,560.0,574.0,592.0,622.6,635.1333333333333,703.2,False,False,False,False,False,False,False,False,False,False,False,0.0535714285714285,0.0089285714285714,,,-0.1117857142857143,-0.1341666666666666,-0.1517857142857142,-0.3571428571428571,-0.000629789020678,-0.3893581081081081,635.0,630.0,2.136363636363636,-0.0051397365884997,0.0002933091130024,0.0001045023881125
2008-07-22,560.0,560.0,545.0,550.0,18000.0,550.0,560.0,587.5,619.0,634.5333333333333,701.3,False,False,False,False,False,False,False,False,False,True,False,0.0454545454545454,-0.0272727272727272,,,-0.1254545454545454,-0.1536969696969696,-0.1727272727272727,-0.3454545454545454,-0.0009455768018491,-0.385531914893617,645.0,635.0,0.3829787234042553,-0.0058158319870759,-0.0006760953985762,-0.0003157877811711
2008-07-23,535.0,560.0,535.0,550.0,97000.0,550.0,556.0,583.5,615.6,633.6666666666666,699.25,False,False,False,False,False,False,False,False,False,False,False,0.0545454545454545,-0.0363636363636363,,,-0.1192727272727273,-0.152121212121212,-0.1818181818181818,-0.3454545454545454,-0.0013677012098895,-0.3787489288774636,635.0,635.0,5.388888888888889,-0.0055230669265756,0.0002927650605003,-0.0004221244080403
2008-07-24,560.0,610.0,560.0,580.0,89000.0,580.0,561.0,580.0,613.0,633.0666666666667,697.45,False,False,False,False,False,False,False,False,False,False,False,0.0,-0.0862068965517241,,,-0.0568965517241379,-0.0914942528735633,-0.1896551724137931,-0.3879310344827586,-0.0009477674810445,-0.3698275862068965,630.0,665.0,0.9175257731958762,-0.0042414355628059,0.0012816313637697,0.000419933728845
2008-07-25,590.0,600.0,585.0,590.0,79000.0,590.0,566.0,577.0,610.8,632.6666666666666,695.75,False,False,False,False,False,False,False,False,False,False,False,-0.0508474576271186,-0.135593220338983,,,-0.0352542372881355,-0.0723163841807909,-0.211864406779661,-0.4067796610169492,-0.000632244467861,-0.365684575389948,630.0,680.0,0.8876404494382022,-0.0036018336607728,0.000639601902033,0.0003155230131834
2008-07-28,610.0,610.0,585.0,590.0,41000.0,590.0,572.0,573.0,608.6,632.5333333333333,694.1,False,False,False,False,False,False,False,False,False,True,False,-0.0423728813559322,-0.135593220338983,,,-0.0315254237288136,-0.0720903954802259,-0.1864406779661017,-0.4067796610169492,-0.0002107925801011,-0.3656195462478185,640.0,695.0,0.5189873417721519,-0.003614853762734,-1.3020101961199772e-05,0.0004214518877598
2008-07-29,580.0,580.0,575.0,575.0,10000.0,575.0,577.0,568.5,606.0,632.2666666666667,692.3,False,False,False,False,False,False,False,False,False,True,False,-0.0695652173913043,-0.1217391304347826,,,-0.0539130434782608,-0.0995942028985507,-0.1565217391304348,-0.417391304347826,-0.0004217629692112,-0.366754617414248,635.0,700.0,0.2439024390243902,-0.0042904290429043,-0.0006755752801702,-0.0002109703891101
2008-07-30,585.0,585.0,580.0,580.0,4000.0,580.0,583.0,569.5,603.8,632.1333333333333,690.575,False,False,False,False,False,False,False,False,False,False,False,-0.0862068965517241,-0.146551724137931,,,-0.0410344827586206,-0.0898850574712643,-0.2068965517241379,-0.4224137931034483,-0.0002109259649862,-0.373134328358209,635.0,685.0,0.4,-0.0036435905929116,0.0006468384499926,0.000210837004225
2008-07-31,580.0,595.0,575.0,580.0,10000.0,580.0,583.0,572.0,601.4,631.9333333333333,688.9,False,False,False,False,False,False,False,False,False,True,False,-0.0862068965517241,-0.1379310344827586,,,-0.0368965517241378,-0.0895402298850573,-0.2241379310344827,-0.4741379310344827,-0.0003164890811267,-0.3916083916083916,675.0,680.0,2.5,-0.0039906883937478,-0.0003470978008362,-0.0001055631161404
2008-08-01,575.0,575.0,550.0,560.0,25000.0,560.0,577.0,571.5,597.0,631.5333333333333,686.875,False,False,False,False,False,False,False,False,False,True,False,-0.0892857142857142,-0.1071428571428571,,,-0.0660714285714285,-0.1277380952380951,-0.2142857142857142,-0.4642857142857143,-0.0006333790773777,-0.4033245844269466,665.0,660.0,2.5,-0.0073701842546063,-0.0033794958608584,-0.000316889996251
2008-08-04,560.0,565.0,535.0,565.0,28000.0,565.0,572.0,572.0,593.8,631.2,684.875,False,False,False,False,False,False,False,False,False,False,False,-0.0973451327433628,-0.1238938053097345,,,-0.0509734513274335,-0.1171681415929204,-0.2123893805309734,-0.4336283185840708,-0.0005280946345583,-0.4108391608391608,670.0,660.0,1.12,-0.0053890198720108,0.0019811643825954,0.0001052844428193
2008-08-05,545.0,545.0,515.0,535.0,64000.0,535.0,564.0,570.5,588.0,630.2,682.675,False,False,False,False,False,False,False,False,False,True,False,-0.0560747663551401,-0.0841121495327102,,,-0.0990654205607476,-0.1779439252336449,-0.205607476635514,-0.3831775700934579,-0.0015867978419549,-0.4145486415425066,660.0,655.0,2.2857142857142856,-0.0098639455782312,-0.0044749257062203,-0.0010587032073965
2008-08-06,535.0,535.0,525.0,530.0,32000.0,530.0,554.0,568.5,582.8,629.0,680.375,False,False,False,False,False,False,False,False,False,False,False,-0.0660377358490566,-0.1226415094339622,,,-0.0996226415094338,-0.1867924528301886,-0.2075471698113207,-0.3773584905660377,-0.0019077901430843,-0.4177660510114336,650.0,665.0,0.5,-0.0089224433768017,0.0009415022014294,-0.0003209923011293
2008-08-07,535.0,540.0,525.0,530.0,25000.0,530.0,544.0,563.5,578.6,627.8666666666667,677.875,False,False,False,False,False,False,False,False,False,False,False,-0.0566037735849056,-0.1037735849056603,,,-0.0916981132075472,-0.1846540880503144,-0.2169811320754717,-0.3584905660377358,-0.0018050541516245,-0.4152617568766637,645.0,665.0,0.78125,-0.0072589007950223,0.0016635425817793,0.0001027359914597
2008-08-08,520.0,520.0,510.0,510.0,62000.0,510.0,534.0,555.5,574.2,626.3333333333334,675.3,False,False,False,False,False,False,False,False,False,True,False,-0.0196078431372549,-0.1078431372549019,,,-0.1258823529411765,-0.2281045751633987,-0.1764705882352941,-0.3235294117647059,-0.0024481106971793,-0.4077407740774077,650.0,675.0,2.48,-0.0076628352490421,-0.0004039344540197,-0.0006430565455547
2008-08-11,515.0,515.0,505.0,510.0,24000.0,510.0,523.0,547.5,570.2,624.7333333333333,672.9,False,False,False,False,False,False,False,False,False,False,False,-0.0294117647058823,-0.0686274509803921,,,-0.1180392156862746,-0.2249673202614379,-0.2450980392156862,-0.3529411764705882,-0.0025610927328994,-0.4027397260273972,640.0,660.0,0.3870967741935484,-0.0070150824272185,0.0006477528218235,-0.0001129820357201
2008-08-12,510.0,510.0,500.0,505.0,32000.0,505.0,517.0,540.5,566.6,623.0,670.425,False,False,False,False,False,False,False,False,False,False,False,-0.0297029702970297,-0.099009900990099,,,-0.121980198019802,-0.2336633663366336,-0.1485148514851485,-0.3861386138613861,-0.0027822364901016,-0.3996299722479186,640.0,655.0,1.3333333333333333,-0.0063536886692552,0.0006613937579632,-0.0002211437572022
2008-08-13,505.0,505.0,495.0,495.0,56000.0,495.0,510.0,532.0,562.8,621.1333333333333,667.95,False,False,False,False,False,False,False,False,False,True,False,-0.0606060606060606,-0.0909090909090909,,,-0.1369696969696968,-0.2548148148148147,-0.1616161616161616,-0.3636363636363636,-0.0030052592036063,-0.393796992481203,635.0,650.0,1.75,-0.0067519545131486,-0.0003982658438934,-0.0002230227135046
2008-08-14,490.0,500.0,490.0,500.0,8000.0,500.0,504.0,524.0,558.2,618.9333333333333,665.675,False,False,False,False,False,False,False,False,False,True,False,-0.05,-0.06,,,-0.1164,-0.2378666666666665,-0.08,-0.35,-0.0035545023696683,-0.3807251908396946,645.0,650.0,0.1428571428571428,-0.0082407739161589,-0.0014888194030102,-0.0005492431660619
2008-08-15,510.0,510.0,500.0,500.0,13000.0,500.0,502.0,518.0,553.4,616.5333333333333,663.275,False,False,False,False,False,False,False,False,False,True,False,-0.09,-0.07,,,-0.1067999999999999,-0.2330666666666666,-0.02,-0.38,-0.0038927335640138,-0.3716216216216216,645.0,645.0,1.625,-0.0086736537766535,-0.0004328798604946,-0.0003382311943454
2008-08-18,495.0,495.0,490.0,495.0,19000.0,495.0,499.0,511.0,548.0,613.8666666666667,660.975,False,False,False,False,False,False,False,False,False,True,False,-0.0404040404040404,-0.0303030303030303,,,-0.107070707070707,-0.2401346801346801,-0.0303030303030303,-0.3636363636363636,-0.0043440486533448,-0.3639921722113503,645.0,635.0,1.4615384615384617,-0.0098540145985401,-0.0011803608218865,-0.000451315089331
2008-08-19,490.0,490.0,470.0,490.0,25000.0,490.0,496.0,506.5,542.8,611.0666666666667,658.5,False,False,False,False,False,False,False,False,False,False,False,-0.0714285714285714,-0.010204081632653,,,-0.1077551020408162,-0.2470748299319728,-0.010204081632653,-0.3571428571428571,-0.0045821514291947,-0.3613030602171767,640.0,645.0,1.3157894736842106,-0.0095799557848195,0.0002740588137205,-0.0002381027758499
2008-08-20,480.0,480.0,450.0,465.0,59000.0,465.0,490.0,500.0,538.6,608.1333333333333,655.925,False,False,False,False,False,False,False,False,False,False,False,-0.032258064516129,-0.010752688172043,,,-0.1582795698924731,-0.3078136200716845,0.032258064516129,-0.3010752688172043,-0.0048235036176278,-0.354,635.0,635.0,2.36,-0.0077979948013366,0.0017819609834828,-0.000241352188433
2008-08-21,465.0,480.0,455.0,475.0,36000.0,475.0,485.0,494.5,535.4,605.4,653.525,False,False,False,False,False,False,False,False,False,False,False,-0.0105263157894736,-0.0526315789473684,,,-0.127157894736842,-0.2745263157894736,-0.0105263157894736,-0.3157894736842105,-0.0045149212641779,-0.3498483316481294,640.0,630.0,0.6101694915254238,-0.0059768397459843,0.0018211550553522,0.0003085823534498
2008-08-22,460.0,460.0,435.0,455.0,70000.0,455.0,476.0,489.0,531.0,602.6666666666666,651.05,False,False,False,False,False,False,False,False,False,True,False,0.0219780219780219,-0.0329670329670329,,,-0.167032967032967,-0.3245421245421244,0.0329670329670329,-0.3076923076923077,-0.0045353982300885,-0.3486707566462168,670.0,630.0,1.9444444444444444,-0.0082862523540489,-0.0023094126080645,-2.047696591054183e-05
2008-08-25,485.0,485.0,470.0,475.0,20000.0,475.0,472.0,485.5,527.6,600.2,648.75,False,False,False,False,False,False,False,False,False,False,False,0.0105263157894736,-0.0631578947368421,,,-0.1107368421052632,-0.2635789473684211,-0.0526315789473684,-0.3157894736842105,-0.0041097411973785,-0.345005149330587,645.0,640.0,0.2857142857142857,-0.0064442759666413,0.0018419763874075,0.00042565703271
2008-08-26,460.0,460.0,455.0,455.0,8000.0,455.0,465.0,480.5,523.8,597.5333333333333,646.4,False,False,False,False,False,False,False,False,False,True,False,0.0659340659340659,-0.0659340659340659,,,-0.1512087912087911,-0.3132600732600732,-0.1208791208791208,-0.2967032967032967,-0.0044627914760684,-0.3361082206035379,680.0,635.0,0.4,-0.0072546773577702,-0.0008104013911289,-0.0003530502786898
2008-08-27,455.0,455.0,450.0,450.0,20000.0,450.0,462.0,476.0,519.8,594.6666666666666,644.0,False,False,False,False,False,False,False,False,False,True,False,0.0222222222222222,-0.0666666666666666,,,-0.155111111111111,-0.3214814814814814,-0.0777777777777777,-0.2777777777777778,-0.0048206278026905,-0.3277310924369748,660.0,635.0,2.5,-0.0076952674105425,-0.0004405900527722,-0.0003578363266221
2008-08-28,450.0,470.0,440.0,470.0,62000.0,470.0,461.0,473.0,515.4,592.0666666666667,641.85,False,False,False,False,False,False,False,False,False,True,False,-0.0425531914893617,-0.1170212765957446,,,-0.096595744680851,-0.2597163120567377,-0.1808510638297872,-0.3404255319148936,-0.0043913973651614,-0.3266384778012685,635.0,675.0,3.1,-0.0085370585952657,-0.0008417911847232,0.0004292304375291
2008-08-29,465.0,475.0,460.0,465.0,28000.0,465.0,463.0,469.5,510.4,589.2666666666667,639.6,False,False,False,False,False,False,False,False,False,True,False,-0.053763440860215,-0.0967741935483871,,,-0.0976344086021504,-0.2672401433691756,-0.2258064516129032,-0.3225806451612903,-0.0047516687408079,-0.3205537806176783,620.0,665.0,0.4516129032258064,-0.0097962382445141,-0.0012591796492483,-0.0003602713756464
2008-09-01,480.0,495.0,470.0,480.0,112000.0,480.0,464.0,468.0,506.0,586.8666666666667,637.425,False,False,False,False,False,False,False,False,False,False,False,-0.0729166666666666,-0.1979166666666666,,,-0.0541666666666666,-0.2226388888888889,-0.375,-0.3541666666666667,-0.0040895149380892,-0.3194444444444444,610.0,670.0,4.0,-0.0086956521739129,0.0011005860706011,0.0006621538027186
2008-09-02,475.0,495.0,470.0,485.0,122000.0,485.0,470.0,467.5,502.4,584.6,635.35,False,False,False,False,False,False,False,False,False,False,False,-0.1237113402061855,-0.1134020618556701,,,-0.0358762886597937,-0.205360824742268,-0.3402061855670103,-0.3711340206185567,-0.0038772950165354,-0.320855614973262,595.0,660.0,1.0892857142857142,-0.0071656050955414,0.0015300470783715,0.0002122199215537
2008-09-03,485.0,485.0,460.0,460.0,46000.0,460.0,472.0,467.0,497.6,582.0666666666667,633.25,False,False,False,False,False,False,False,False,False,True,False,-0.0869565217391304,-0.0978260869565217,,,-0.0817391304347826,-0.2653623188405798,-0.3478260869565217,-0.3369565217391304,-0.0043523078685144,-0.3244111349036402,590.0,650.0,0.3770491803278688,-0.0096463022508037,-0.0024806971552623,-0.0004750128519789
2008-09-04,455.0,455.0,425.0,450.0,88000.0,450.0,468.0,464.5,492.4,579.4,631.2,False,False,False,False,False,False,False,False,False,True,False,-0.0777777777777777,0.0222222222222222,,,-0.0942222222222221,-0.2875555555555555,-0.1666666666666666,-0.3111111111111111,-0.0046024623173399,-0.3240043057050592,615.0,645.0,1.9130434782608696,-0.0105605199025183,-0.0009142176517146,-0.0002501544488254
2008-09-05,425.0,440.0,410.0,440.0,24000.0,440.0,463.0,463.0,487.6,576.6666666666666,629.75,False,False,False,False,False,False,False,False,False,False,False,-0.0454545454545454,0.1136363636363636,,,-0.1081818181818182,-0.3106060606060605,-0.1704545454545454,-0.2954545454545454,-0.0047398843930636,-0.3228941684665227,620.0,650.0,0.2727272727272727,-0.0098441345365052,0.0007163853660131,-0.0001374220757237
2008-09-08,415.0,450.0,415.0,445.0,26000.0,445.0,456.0,460.0,482.8,574.1333333333333,628.175,False,False,False,False,False,False,False,False,False,True,False,-0.1348314606741573,0.0786516853932584,,,-0.0849438202247191,-0.2901872659176029,-0.2584269662921348,-0.2921348314606741,-0.0044124477473292,-0.3206521739130434,630.0,640.0,1.0833333333333333,-0.0099420049710025,-9.787043449726966e-05,0.0003274366457343
2008-09-09,430.0,430.0,425.0,425.0,20000.0,425.0,444.0,457.0,478.4,571.2,626.375,False,False,False,False,False,False,False,False,False,False,False,0.0117647058823529,0.1411764705882353,,,-0.1256470588235293,-0.3440000000000001,-0.2117647058823529,-0.2470588235294117,-0.0051353874883285,-0.3161925601750547,620.0,640.0,0.7692307692307693,-0.0091973244147157,0.0007446805562867,-0.0007229397409993
2008-09-10,415.0,425.0,415.0,420.0,40000.0,420.0,436.0,454.0,474.0,568.3333333333334,624.6,False,False,False,False,False,False,False,False,False,True,False,-0.0119047619047619,0.1428571428571428,,,-0.1285714285714285,-0.3531746031746032,-0.1666666666666666,-0.2023809523809523,-0.0050439882697947,-0.3094713656387665,570.0,635.0,2.0,-0.0092827004219408,-8.537600722508844e-05,9.139921853383668e-05
2008-09-11,420.0,425.0,415.0,415.0,22000.0,415.0,429.0,448.5,469.4,565.4666666666667,622.8,False,False,False,False,False,False,False,False,False,True,False,0.108433734939759,0.1325301204819277,,,-0.1310843373493975,-0.3625702811244981,-0.0843373493975903,-0.1566265060240964,-0.0050695590662579,-0.2920847268673355,555.0,645.0,0.55,-0.0097997443544951,-0.0005170439325542,-2.557079646323644e-05
2008-09-12,420.0,420.0,415.0,420.0,23000.0,420.0,425.0,444.0,465.8,562.6666666666666,620.975,False,False,False,False,False,False,False,False,False,False,False,0.1666666666666666,0.119047619047619,,,-0.109047619047619,-0.3396825396825396,-0.0952380952380952,-0.2023809523809523,-0.0049763033175356,-0.2804054054054054,565.0,645.0,1.0454545454545454,-0.0077286389008157,0.0020711054536794,9.32557487223042e-05
2008-09-16,390.0,395.0,385.0,385.0,58000.0,385.0,413.0,434.5,460.8,559.2666666666667,619.175,False,False,False,False,False,False,False,False,False,True,False,0.2467532467532467,0.1688311688311688,,,-0.1968831168831169,-0.4526406926406926,-0.0649350649350649,-0.1038961038961039,-0.0060793896769578,-0.2566168009205984,560.0,645.0,2.5217391304347827,-0.0108506944444444,-0.0031220555436287,-0.0011030863594222
2008-09-17,410.0,430.0,410.0,430.0,32000.0,430.0,414.0,429.0,457.8,556.5333333333333,617.7,False,False,False,False,False,False,False,False,False,False,False,0.127906976744186,-0.0697674418604651,,,-0.0646511627906977,-0.2942635658914728,-0.1511627906976744,-0.2325581395348837,-0.0049113560134164,-0.2412587412587412,550.0,640.0,0.5517241379310345,-0.0065530799475753,0.004297614496869,0.0011680336635414
2008-09-18,415.0,425.0,415.0,415.0,45000.0,415.0,413.0,424.5,454.6,553.6,616.05,False,False,False,False,False,False,False,False,False,True,False,0.1566265060240964,0.0,,,-0.095421686746988,-0.3339759036144579,-0.1686746987951807,-0.180722891566265,-0.0052986512524083,-0.2249705535924617,550.0,635.0,1.40625,-0.0070391553013638,-0.0004860753537884,-0.0003872952389919
2008-09-19,420.0,465.0,415.0,460.0,126000.0,460.0,422.0,425.5,453.0,550.7333333333333,614.6,False,False,False,False,True,False,False,False,False,False,True,0.0217391304347826,-0.1630434782608695,,,0.0152173913043478,-0.1972463768115942,-0.2934782608695652,-0.2826086956521739,-0.0052051809708267,-0.2220916568742655,580.0,640.0,2.8,-0.0035320088300221,0.0035071464713416,9.347028158159226e-05
2008-09-22,480.0,490.0,455.0,490.0,40000.0,490.0,436.0,430.5,452.6,548.4,613.225,False,False,False,False,False,False,False,False,False,False,False,-0.0408163265306122,-0.2653061224489796,,,0.0763265306122448,-0.1191836734693877,-0.2959183673469387,-0.3265306122448979,-0.0042548018477997,-0.2264808362369338,590.0,670.0,0.3174603174603174,-0.0008837825894829,0.0026482262405391,0.000950379123027
2008-09-24,485.0,485.0,465.0,480.0,52000.0,480.0,455.0,434.0,452.0,545.8666666666667,611.7,False,False,False,False,False,False,False,False,False,True,False,-0.0625,-0.375,,,0.0583333333333333,-0.1372222222222222,-0.21875,-0.2916666666666667,-0.0046409379579872,-0.2269585253456221,590.0,645.0,1.3,-0.0013274336283186,-0.0004436510388356,-0.0003861361101875
2008-09-25,465.0,485.0,455.0,485.0,20000.0,485.0,466.0,440.0,451.8,543.5333333333333,610.175,False,False,False,False,False,False,False,False,False,False,False,-0.1752577319587628,-0.3402061855670103,,,0.0684536082474226,-0.1206872852233676,-0.2371134020618556,-0.2989690721649484,-0.004292898319637,-0.2329545454545454,575.0,680.0,0.3846153846153846,-0.0004426737494466,0.000884759878872,0.0003480396383502
2008-09-26,485.0,485.0,480.0,480.0,7000.0,480.0,479.0,446.0,452.4,541.2666666666667,608.675,False,False,False,False,False,False,True,False,True,False,False,-0.1354166666666666,-0.375,,,0.0575,-0.1276388888888888,-0.2395833333333333,-0.3020833333333333,-0.0041877078457937,-0.2432735426008968,580.0,660.0,0.35,0.0013262599469495,0.0017689336963961,0.0001051904738432
2008-09-29,480.0,480.0,450.0,470.0,5000.0,470.0,481.0,451.5,452.2,538.9333333333333,607.25,False,False,False,False,False,False,False,False,False,True,False,-0.1808510638297872,-0.202127659574468,,,0.0378723404255319,-0.1466666666666665,-0.1595744680851064,-0.2872340425531915,-0.0043295398317665,-0.2558139534883721,580.0,635.0,0.7142857142857143,-0.0004422821760282,-0.0017685421229778,-0.0001418319859727
2008-09-30,395.0,470.0,395.0,470.0,26000.0,470.0,477.0,456.5,452.8,536.5333333333333,605.775,False,False,False,False,False,False,True,False,True,False,False,-0.2340425531914893,-0.2234042553191489,,,0.036595744680851,-0.1415602836879432,-0.2127659574468085,-0.3085106382978723,-0.0044731610337971,-0.2661555312157722,560.0,620.0,5.2,0.0013250883392226,0.0017673705152509,-0.0001436212020306
2008-10-01,460.0,460.0,430.0,450.0,18000.0,450.0,471.0,463.0,451.8,534.0,604.25,False,False,False,False,False,True,False,False,False,True,False,-0.3333333333333333,-0.2666666666666666,,,-0.004,-0.1866666666666666,-0.2,-0.3444444444444444,-0.0047440699126091,-0.2872570194384449,565.0,610.0,0.6923076923076923,-0.0022133687472332,-0.0035384570864559,-0.000270908878812
2008-10-02,450.0,450.0,370.0,400.0,74000.0,400.0,454.0,460.0,449.6,530.8,602.4,False,False,False,False,False,False,False,False,False,True,False,-0.2,-0.1625,,,-0.124,-0.3269999999999999,-0.1,-0.2125,-0.0060286360211003,-0.2858695652173913,535.0,595.0,4.111111111111111,-0.0048932384341636,-0.0026798696869303,-0.0012845661084911
2008-10-03,400.0,415.0,385.0,415.0,39000.0,415.0,441.0,460.0,448.2,527.8666666666667,600.6,False,False,False,False,False,False,False,False,False,False,False,-0.2771084337349397,-0.1566265060240964,,,-0.0799999999999999,-0.2719678714859438,-0.1325301204819277,-0.2409638554216867,-0.0055569588279867,-0.2913043478260869,530.0,590.0,0.527027027027027,-0.0031236055332441,0.0017696329009195,0.0004716771931135
2008-10-06,380.0,385.0,330.0,385.0,150000.0,385.0,424.0,452.5,444.8,524.4,598.625,False,False,False,False,False,False,False,False,False,True,False,-0.0259740259740259,-0.0129870129870129,,,-0.1553246753246753,-0.362077922077922,-0.0779220779220779,-0.1688311688311688,-0.0066107297228579,-0.281767955801105,530.0,615.0,3.8461538461538463,-0.0076438848920862,-0.0045202793588421,-0.0010537708948711
2008-10-07,285.0,360.0,285.0,360.0,228000.0,360.0,402.0,439.5,440.6,520.6,596.55,False,False,False,False,False,False,False,False,False,True,False,0.0138888888888888,0.0555555555555555,,,-0.2238888888888889,-0.4461111111111112,-0.0277777777777777,-0.125,-0.0072992700729926,-0.2639362912400455,510.0,620.0,1.52,-0.0095324557421697,-0.0018885708500834,-0.0006885403501346
2008-10-08,310.0,320.0,290.0,300.0,205000.0,300.0,372.0,421.5,433.4,516.0,594.25,False,False,False,False,False,False,False,False,False,True,False,0.1,0.2,,,-0.4446666666666666,-0.72,0.1666666666666666,0.0166666666666666,-0.0089147286821705,-0.2408066429418742,510.0,630.0,0.8991228070175439,-0.01661282879557,-0.0070803730534002,-0.0016154586091779
2008-10-09,305.0,325.0,305.0,320.0,58000.0,320.0,356.0,405.0,426.8,511.73333333333335,592.05,False,False,False,False,False,False,False,False,False,False,False,0.046875,0.140625,,,-0.33375,-0.5991666666666667,0.046875,-0.046875,-0.0083376758728504,-0.2185185185185185,505.0,620.0,0.2829268292682926,-0.0154639175257731,0.0011489112697969,0.0005770528093201
2008-10-10,310.0,310.0,280.0,300.0,149000.0,300.0,333.0,387.0,420.4,507.26666666666665,589.8,False,False,False,False,False,False,False,False,False,False,False,0.1666666666666666,0.15,,,-0.4013333333333332,-0.6908888888888889,0.1166666666666666,0.0166666666666666,-0.0088053620712314,-0.189922480620155,495.0,570.0,2.5689655172413794,-0.0152235965746908,0.0002403209510822,-0.000467686198381
2008-10-14,340.0,375.0,340.0,375.0,65000.0,375.0,331.0,377.5,417.4,503.73333333333335,588.0,False,False,False,False,False,False,False,False,False,False,False,0.0133333333333333,-0.1333333333333333,,,-0.1130666666666666,-0.3432888888888889,-0.1866666666666666,-0.1866666666666666,-0.007014293276866,-0.1774834437086092,500.0,555.0,0.436241610738255,-0.0071873502635361,0.0080362463111546,0.0017910687943654
2008-10-15,355.0,365.0,345.0,365.0,56000.0,365.0,332.0,367.0,414.4,499.6666666666667,586.25,False,False,False,False,False,False,False,False,False,True,False,0.0410958904109589,-0.0547945205479452,,,-0.1353424657534246,-0.3689497716894978,-0.1780821917808219,-0.1506849315068493,-0.0081387591727818,-0.1580381471389645,500.0,565.0,0.8615384615384616,-0.0072393822393822,-5.2031975846062936e-05,-0.0011244658959158
2008-10-16,335.0,340.0,330.0,330.0,51000.0,330.0,338.0,355.0,409.8,495.4666666666666,584.425,False,False,False,False,False,False,False,False,False,True,False,0.0909090909090909,0.1363636363636363,,,-0.2418181818181818,-0.5014141414141412,-0.0303030303030303,-0.0909090909090909,-0.0084768568353069,-0.128169014084507,495.0,560.0,0.9107142857142856,-0.0112249877989262,-0.0039856055595439,-0.0003380976625251
2008-10-17,335.0,340.0,330.0,335.0,32000.0,335.0,341.0,348.5,406.2,490.8666666666667,582.625,False,False,False,False,False,False,False,False,False,False,False,0.0895522388059701,0.1044776119402985,,,-0.2125373134328358,-0.465273631840796,-0.0149253731343283,-0.1343283582089552,-0.0093711802254513,-0.1190817790530846,490.0,550.0,0.6274509803921569,-0.0088626292466765,0.0023623585522496,-0.0008943233901444
2008-10-20,335.0,350.0,330.0,350.0,28000.0,350.0,351.0,342.0,403.4,486.73333333333335,580.9,False,False,False,False,False,False,False,False,False,False,False,-0.0142857142857142,0.0428571428571428,,,-0.1525714285714285,-0.3906666666666667,-0.0571428571428571,-0.1857142857142857,-0.0084919873989864,-0.1111111111111111,465.0,550.0,0.875,-0.0069410014873574,0.001921627759319,0.0008791928264649
2008-10-21,365.0,380.0,355.0,380.0,49000.0,380.0,352.0,341.5,402.0,483.3333333333333,579.175,False,False,False,False,False,False,False,False,False,False,False,-0.1447368421052631,0.0394736842105263,,,-0.0578947368421052,-0.2719298245614034,-0.1052631578947368,-0.2631578947368421,-0.0070344827586207,-0.1215226939970717,475.0,580.0,1.75,-0.0034825870646765,0.0034584144226809,0.0014575046403656
2008-10-22,380.0,385.0,370.0,380.0,54000.0,380.0,355.0,343.5,400.4,480.1333333333333,577.325,False,False,False,False,False,False,False,False,False,True,True,-0.0921052631578947,-0.0263157894736842,,,-0.0536842105263157,-0.2635087719298245,-0.0921052631578947,-0.2631578947368421,-0.0066648153290752,-0.1368267831149927,455.0,590.0,1.1020408163265305,-0.003996003996004,-0.0005134169313274,0.0003696674295455
2008-10-23,365.0,365.0,330.0,360.0,106000.0,360.0,361.0,349.5,399.4,476.8,575.4,False,False,False,False,False,False,False,False,False,False,False,0.0416666666666666,0.0,,,-0.1094444444444443,-0.3244444444444445,-0.0833333333333333,-0.2361111111111111,-0.0069910514541386,-0.1602288984263233,475.0,590.0,1.962962962962963,-0.0025037556334501,0.0014922483625538,-0.0003262361250634
2008-10-24,345.0,365.0,335.0,365.0,26000.0,365.0,367.0,354.0,396.8,473.73333333333335,573.675,False,False,False,False,False,False,False,False,False,True,False,0.0136986301369863,-0.0136986301369863,,,-0.0871232876712329,-0.2978995433789955,-0.1506849315068493,-0.2602739726027397,-0.0064734027582324,-0.1807909604519774,455.0,575.0,0.2452830188679245,-0.0065524193548386,-0.0040486637213884,0.0005176486959061
2008-10-27,345.0,345.0,325.0,345.0,39000.0,345.0,366.0,358.5,394.0,470.4666666666666,571.875,False,False,False,False,False,False,False,False,False,True,False,0.0579710144927536,0.0434782608695652,,,-0.1420289855072463,-0.3636714975845408,-0.0869565217391304,-0.2463768115942029,-0.0069434603939353,-0.203626220362622,450.0,580.0,1.5,-0.0071065989847716,-0.0005541796299329,-0.0004700576357028
2008-10-28,310.0,325.0,300.0,325.0,42000.0,325.0,355.0,353.5,388.6,466.6,569.875,False,False,False,False,False,False,False,False,False,True,False,0.2153846153846154,0.0923076923076923,,,-0.1956923076923077,-0.4356923076923077,0.0,-0.2307692307692307,-0.0082868981283038,-0.2079207920792079,470.0,580.0,1.0769230769230769,-0.0138960370560987,-0.0067894380713271,-0.0013434377343685
2008-10-29,345.0,350.0,335.0,345.0,45000.0,345.0,348.0,351.5,382.8,462.9333333333333,568.05,False,False,False,False,False,False,False,False,False,True,False,0.072463768115942,0.0144927536231884,,,-0.1095652173913043,-0.3418357487922703,-0.1014492753623188,-0.3043478260869565,-0.0079205069124425,-0.2233285917496444,465.0,560.0,1.0714285714285714,-0.0151515151515151,-0.0012554780954164,0.0003663912158612
2008-10-30,355.0,375.0,325.0,375.0,44000.0,375.0,351.0,356.0,378.6,459.53333333333336,566.35,False,False,False,False,False,False,False,False,False,False,True,-0.04,-0.0666666666666666,,,-0.0096,-0.2254222222222223,-0.16,-0.3466666666666667,-0.0073988103873493,-0.2485955056179775,480.0,565.0,0.9777777777777776,-0.011093502377179,0.0040580127743361,0.0005216965250932
2008-10-31,370.0,370.0,355.0,370.0,14000.0,370.0,352.0,359.5,374.0,456.2,564.6,False,False,False,False,False,False,False,False,False,True,False,-0.027027027027027,-0.0945945945945946,,,-0.0108108108108108,-0.2329729729729729,-0.1486486486486486,-0.3243243243243243,-0.0073067368113401,-0.2670375521557719,485.0,535.0,0.3181818181818182,-0.0122994652406417,-0.0012059628634627,9.207357600917246e-05
2008-11-04,360.0,375.0,355.0,365.0,24000.0,365.0,356.0,361.0,369.4,453.4666666666666,563.25,False,False,False,False,False,False,False,False,False,True,False,-0.0136986301369863,-0.0821917808219178,,,-0.0120547945205478,-0.242374429223744,-0.1095890410958904,-0.3287671232876712,-0.0060276389297267,-0.281163434903047,460.0,530.0,1.7142857142857142,-0.0124526258798051,-0.0001531606391633,0.0012790978816134
2008-11-05,375.0,395.0,370.0,395.0,95000.0,395.0,370.0,362.5,366.4,451.3333333333333,562.475,False,False,False,False,True,False,False,False,False,False,False,-0.1012658227848101,-0.2278481012658227,,,0.0724050632911393,-0.1426160337552742,-0.1772151898734177,-0.3924050632911392,-0.0047267355982273,-0.2951724137931034,450.0,530.0,3.9583333333333335,-0.0081877729257641,0.0042648529540409,0.0013009033314993
2008-11-06,380.0,380.0,365.0,370.0,48000.0,370.0,375.0,361.5,362.4,448.73333333333335,561.6,False,False,False,False,False,False,False,False,False,True,False,-0.054054054054054,-0.1891891891891892,,,0.0205405405405406,-0.2127927927927928,-0.1486486486486486,-0.3378378378378378,-0.0057940870598721,-0.3029045643153527,440.0,510.0,0.5052631578947369,-0.0110375275938189,-0.0028497546680547,-0.0010673514616448
2008-11-07,360.0,360.0,345.0,360.0,29000.0,360.0,372.0,361.5,358.8,446.06666666666666,560.425,False,False,False,False,False,False,False,False,False,False,False,-0.0277777777777777,-0.1111111111111111,,,0.0033333333333333,-0.239074074074074,-0.0972222222222222,-0.3194444444444444,-0.0059781796442983,-0.3112033195020747,445.0,510.0,0.6041666666666666,-0.0100334448160534,0.0010040827777655,-0.0001840925844261
2008-11-10,365.0,370.0,360.0,360.0,22000.0,360.0,370.0,361.0,357.2,443.53333333333336,559.275,False,False,False,False,False,False,False,False,False,False,False,-0.0694444444444444,-0.0833333333333333,,,0.0077777777777778,-0.2320370370370371,-0.1111111111111111,-0.3194444444444444,-0.005711709003457,-0.3171745152354571,425.0,505.0,0.7586206896551724,-0.0044792833146697,0.0055541615013836,0.0002664706408413
2008-11-11,360.0,360.0,355.0,360.0,14000.0,360.0,369.0,362.5,355.0,441.0,558.4,False,False,False,False,False,False,False,False,False,True,True,-0.0694444444444444,-0.0833333333333333,,,0.0138888888888888,-0.225,-0.0972222222222222,-0.3333333333333333,-0.0057445200302343,-0.3255172413793103,420.0,495.0,0.6363636363636364,-0.0061971830985915,-0.0017178997839218,-3.2811026777357886e-05
2008-11-12,370.0,370.0,345.0,355.0,47000.0,355.0,361.0,365.5,353.8,438.0,557.475,False,False,False,False,False,False,False,False,False,False,False,-0.1408450704225352,-0.0422535211267605,,,0.0033802816901408,-0.2338028169014084,-0.1267605633802817,-0.323943661971831,-0.0068493150684931,-0.3337893296853625,415.0,500.0,3.357142857142857,-0.0033917467495759,0.0028054363490155,-0.0011047950382587
2008-11-13,345.0,365.0,340.0,350.0,27000.0,350.0,357.0,366.0,353.4,434.8,556.425,False,False,False,False,False,True,False,False,False,False,False,-0.1428571428571428,-0.0142857142857142,,,-0.0097142857142856,-0.2422857142857143,-0.1,-0.3,-0.0073597056117755,-0.3333333333333333,420.0,500.0,0.574468085106383,-0.0011318619128467,0.0022598848367292,-0.0005103905432823
2008-11-14,360.0,360.0,350.0,350.0,20000.0,350.0,355.0,363.5,355.4,431.6,555.2,False,False,False,False,False,False,True,False,True,False,False,-0.0857142857142857,-0.0571428571428571,,,-0.0154285714285713,-0.2331428571428572,-0.1142857142857142,-0.3,-0.0074142724745134,-0.328748280605227,385.0,495.0,0.7407407407407407,0.0056274620146314,0.0067593239274781,-5.456686273790871e-05
2008-11-17,345.0,345.0,320.0,335.0,124000.0,335.0,350.0,360.0,356.0,428.4,553.85,False,False,False,False,False,False,True,False,False,True,False,-0.0149253731343283,-0.0746268656716417,,,-0.0626865671641791,-0.2788059701492537,-0.0895522388059701,-0.2388059701492537,-0.0074696545284781,-0.3208333333333333,430.0,490.0,6.2,0.001685393258427,-0.0039420687562043,-5.538205396475246e-05
2008-11-18,340.0,340.0,330.0,335.0,17000.0,335.0,345.0,357.0,357.4,425.1333333333333,552.475,False,False,False,False,False,False,True,False,False,False,False,-0.0149253731343283,-0.0597014925373134,,,-0.0668656716417909,-0.2690547263681592,-0.0895522388059701,-0.208955223880597,-0.0076838638858397,-0.3095238095238095,415.0,465.0,0.1370967741935483,0.0039171796306658,0.0022317863722388,-0.0002142093573615
2008-11-19,335.0,335.0,300.0,305.0,126000.0,305.0,335.0,348.0,354.6,421.4666666666666,551.025,False,False,False,False,False,False,False,False,False,True,False,0.1147540983606557,0.0655737704918032,,,-0.1626229508196722,-0.3818579234972675,0.0163934426229508,-0.1475409836065573,-0.0086997785510916,-0.2859195402298851,460.0,475.0,7.411764705882353,-0.0078962210941905,-0.0118134007248563,-0.0010159146652519
2008-11-20,300.0,305.0,295.0,300.0,43000.0,300.0,325.0,341.0,352.0,418.0,549.45,False,False,False,False,False,False,False,False,False,False,False,0.15,0.0333333333333333,,,-0.1733333333333333,-0.3933333333333333,0.0333333333333333,-0.1,-0.0082934609250396,-0.2639296187683284,490.0,455.0,0.3412698412698413,-0.0073863636363637,0.0005098574578268,0.0004063176260519
2008-11-21,295.0,320.0,290.0,320.0,29000.0,320.0,319.0,337.0,351.6,414.73333333333335,547.925,False,False,False,False,False,False,False,False,False,False,False,0.03125,-0.015625,,,-0.09875,-0.2960416666666667,-0.015625,-0.171875,-0.0078765471789101,-0.2492581602373887,480.0,475.0,0.6744186046511628,-0.0011376564277587,0.0062487072086049,0.0004169137461295
2008-11-25,335.0,335.0,330.0,330.0,71000.0,330.0,318.0,334.0,351.4,412.0,546.45,False,False,False,False,False,False,False,False,False,False,False,-0.0606060606060606,-0.0454545454545454,,,-0.0648484848484847,-0.2484848484848484,-0.0303030303030303,-0.2121212121212121,-0.0066343042071197,-0.2380239520958083,485.0,455.0,2.4482758620689653,-0.0005691519635744,0.0005685044641843,0.0012422429717903
2008-11-26,335.0,335.0,325.0,330.0,67000.0,330.0,317.0,331.0,350.6,409.3333333333333,545.0,False,False,False,False,False,False,False,False,False,True,False,-0.0454545454545454,-0.0151515151515151,,,-0.0624242424242424,-0.2404040404040403,0.0151515151515151,-0.1666666666666666,-0.006514657980456,-0.2205438066465256,480.0,450.0,0.943661971830986,-0.0022818026240728,-0.0017126506604984,0.0001196462266637
2008-11-27,350.0,350.0,335.0,340.0,69000.0,340.0,324.0,329.5,349.0,406.8,543.7,False,False,False,False,False,False,False,False,False,True,False,-0.0441176470588235,-0.0441176470588235,,,-0.0264705882352941,-0.1964705882352941,0.0294117647058823,-0.1911764705882352,-0.0062274664044574,-0.2063732928679817,470.0,470.0,1.0298507462686568,-0.0045845272206304,-0.0023027245965575,0.0002871915759985
2008-11-28,345.0,345.0,330.0,345.0,23000.0,345.0,333.0,329.0,347.6,404.6,542.35,False,False,False,False,False,False,False,False,False,False,False,-0.1014492753623188,-0.0869565217391304,,,-0.007536231884058,-0.1727536231884058,-0.0289855072463768,-0.1739130434782608,-0.0054374691052891,-0.1930091185410334,470.0,465.0,0.3333333333333333,-0.0040276179516685,0.0005569092689619,0.0007899972991683
2008-12-01,335.0,335.0,330.0,330.0,8000.0,330.0,335.0,327.0,346.4,402.2,540.875,False,False,False,False,False,False,False,False,False,False,False,-0.0454545454545454,-0.0151515151515151,,,-0.0496969696969696,-0.2187878787878787,0.0454545454545454,-0.1363636363636363,-0.0059671805072104,-0.1758409785932721,450.0,480.0,0.3478260869565217,-0.0034642032332564,0.000563414718412,-0.0005297114019212
2008-12-02,325.0,325.0,310.0,310.0,73000.0,310.0,331.0,324.5,344.2,399.6,539.375,False,False,False,False,False,False,False,False,False,True,False,0.0161290322580645,0.032258064516129,,,-0.1103225806451612,-0.2890322580645162,0.064516129032258,-0.064516129032258,-0.0065065065065064,-0.1587057010785824,400.0,485.0,9.125,-0.0063916327716443,-0.0029274295383878,-0.0005393259992959
2008-12-03,315.0,320.0,315.0,315.0,29000.0,315.0,328.0,322.5,343.0,397.2,537.85,False,False,False,False,False,False,False,False,False,False,False,0.0317460317460317,0.0317460317460317,,,-0.0888888888888888,-0.2609523809523809,0.0793650793650793,-0.0476190476190476,-0.0060422960725076,-0.1426356589147286,415.0,460.0,0.3972602739726027,-0.0034985422740524,0.0028930904975919,0.0004642104339987
2008-12-04,320.0,325.0,310.0,325.0,20000.0,325.0,325.0,324.5,343.0,394.8666666666667,536.425,False,False,False,False,False,False,False,False,False,False,True,0.0,-0.0461538461538461,,,-0.0553846153846153,-0.214974358974359,0.0153846153846153,-0.0461538461538461,-0.0059091676515278,-0.1325115562403698,385.0,450.0,0.6896551724137931,0.0,0.0034985422740524,0.0001331284209797
2008-12-05,315.0,315.0,310.0,310.0,9000.0,310.0,318.0,325.5,341.6,392.3333333333333,534.925,False,False,False,False,False,False,False,False,False,True,False,0.0161290322580645,0.0161290322580645,,,-0.1019354838709678,-0.2655913978494623,0.064516129032258,-0.032258064516129,-0.0064570943075616,-0.1259600614439324,360.0,440.0,0.45,-0.0040983606557376,-0.0040983606557376,-0.0005479266560337
2008-12-08,315.0,315.0,310.0,315.0,16000.0,315.0,315.0,325.0,339.2,389.9333333333333,533.375,False,False,False,False,False,False,False,False,False,True,False,0.0317460317460317,-0.0158730158730158,,,-0.0768253968253967,-0.2378835978835977,0.0793650793650793,-0.0317460317460317,-0.0061548982732091,-0.1123076923076923,300.0,445.0,1.7777777777777777,-0.0070754716981133,-0.0029771110423756,0.0003021960343524
2008-12-09,320.0,320.0,310.0,315.0,17000.0,315.0,316.0,323.5,337.0,387.6,531.825,False,False,False,False,False,False,False,False,False,False,False,0.0158730158730158,-0.0317460317460317,,,-0.0698412698412698,-0.2304761904761905,0.0793650793650793,-0.0317460317460317,-0.006019951840385,-0.0942812982998454,320.0,425.0,1.0625,-0.0065281899109791,0.0005472817871341,0.0001349464328241
2008-12-10,340.0,340.0,325.0,325.0,60000.0,325.0,318.0,323.0,335.4,385.73333333333335,530.325,False,False,False,False,False,False,False,False,False,False,False,0.0,-0.0615384615384615,,,-0.0319999999999999,-0.1868717948717949,0.0307692307692307,-0.0769230769230769,-0.0048392671966816,-0.0851393188854489,300.0,420.0,3.5294117647058822,-0.0047704233750746,0.0017577665359045,0.0011806846437034
2008-12-11,330.0,330.0,320.0,325.0,8000.0,325.0,318.0,321.5,332.6,383.73333333333335,528.825,False,False,False,False,False,False,False,False,False,True,False,-0.0461538461538461,-0.0461538461538461,,,-0.0233846153846154,-0.1807179487179487,0.0307692307692307,-0.0461538461538461,-0.0052119527449617,-0.0699844479004665,375.0,415.0,0.1333333333333333,-0.0084185207456402,-0.0036480973705656,-0.0003726855482801
2008-12-12,325.0,325.0,315.0,315.0,18000.0,315.0,319.0,318.5,330.4,381.8666666666667,527.3,False,False,False,False,False,False,False,False,False,False,False,0.0,-0.0158730158730158,,,-0.0488888888888888,-0.2122751322751323,0.0317460317460317,-0.0158730158730158,-0.0048882681564246,-0.053375196232339,365.0,420.0,2.25,-0.0066585956416466,0.0017599251039936,0.0003236845885371
2008-12-15,315.0,325.0,315.0,325.0,25000.0,325.0,321.0,318.0,329.0,379.8666666666667,525.7,False,False,False,False,False,False,False,False,False,False,False,-0.0461538461538461,-0.0307692307692307,,,-0.0123076923076923,-0.1688205128205128,-0.0923076923076923,-0.0307692307692307,-0.0052650052650052,-0.0424528301886792,330.0,385.0,1.3888888888888888,-0.0042553191489361,0.0024032764927105,-0.0003767371085806
2008-12-16,320.0,325.0,320.0,320.0,20000.0,320.0,322.0,319.0,327.4,378.06666666666666,524.025,False,False,False,False,False,False,False,False,False,True,True,-0.046875,0.0,,,-0.0231249999999999,-0.1814583333333333,-0.015625,-0.015625,-0.0047610650678892,-0.0376175548589341,335.0,430.0,0.8,-0.0048869883934026,-0.0006316692444665,0.0005039401971159
2008-12-17,320.0,330.0,320.0,325.0,23000.0,325.0,322.0,320.0,326.0,376.4,522.325,False,False,False,False,False,False,False,False,False,False,False,-0.0615384615384615,0.0307692307692307,,,-0.003076923076923,-0.1581538461538461,-0.0307692307692307,-0.0307692307692307,-0.0044279135671272,-0.0359375,350.0,415.0,1.15,-0.0042944785276072,0.0005925098657953,0.000333151500762
2008-12-18,325.0,325.0,300.0,310.0,63000.0,310.0,319.0,318.5,324.2,374.26666666666665,520.55,False,False,False,False,False,False,False,False,False,True,False,0.0,0.1290322580645161,,,-0.0458064516129031,-0.2073118279569892,0.032258064516129,0.0161290322580645,-0.0057000356252226,-0.0298273155416012,380.0,460.0,2.739130434782609,-0.0055521283158544,-0.0012576497882471,-0.0012721220580954
2008-12-19,320.0,325.0,315.0,315.0,35000.0,315.0,319.0,319.0,322.8,372.26666666666665,518.875,False,False,False,False,False,False,False,False,False,False,False,-0.0158730158730158,0.0634920634920634,,,-0.0247619047619047,-0.1817989417989417,0.0,-0.0158730158730158,-0.0053724928366762,-0.0282131661442006,380.0,490.0,0.5555555555555556,-0.0043370508054522,0.0012150775104022,0.0003275427885464
2008-12-22,310.0,315.0,310.0,310.0,13000.0,310.0,316.0,318.5,321.2,370.0,517.125,False,False,False,False,False,False,False,False,False,True,False,0.0161290322580645,0.1129032258064516,,,-0.0361290322580644,-0.1935483870967742,-0.0161290322580645,0.0806451612903225,-0.006126126126126,-0.0172684458398744,360.0,480.0,0.3714285714285714,-0.0049813200498132,-0.000644269244361,-0.0007536332894498
2008-12-24,315.0,315.0,300.0,305.0,62000.0,305.0,313.0,317.5,320.0,367.6,515.575,False,False,False,False,False,False,False,False,False,False,False,0.0491803278688524,0.081967213114754,,,-0.0491803278688524,-0.2052459016393443,0.0,0.0983606557377049,-0.0065288356909683,-0.0047244094488188,365.0,485.0,4.769230769230769,-0.0037499999999999,0.0012313200498133,-0.0004027095648422
2008-12-25,325.0,325.0,305.0,305.0,32000.0,305.0,309.0,315.5,318.8,365.53333333333336,514.05,False,False,False,False,False,False,False,False,False,True,False,0.0983606557377049,0.1147540983606557,,,-0.0452459016393443,-0.1984699453551913,0.0,0.1311475409836065,-0.0056538391391573,0.0158478605388272,345.0,480.0,0.5161290322580645,-0.0037641154328732,-1.411543287327486e-05,0.0008749965518109
2008-12-26,310.0,315.0,300.0,310.0,44000.0,310.0,309.0,314.0,319.0,363.6666666666667,512.425,False,False,False,False,False,False,True,False,False,False,False,0.1290322580645161,0.064516129032258,,,-0.0290322580645161,-0.1731182795698925,-0.0161290322580645,0.1935483870967742,-0.0051329055912007,0.0398089171974522,325.0,470.0,1.375,0.0006269592476488,0.0043910746805221,0.0005209335479566
2008-12-29,305.0,320.0,305.0,310.0,69000.0,310.0,308.0,313.5,319.4,361.9333333333333,510.8,False,False,False,False,False,False,True,False,True,False,False,0.0806451612903225,0.064516129032258,,,-0.0303225806451612,-0.1675268817204299,0.0,0.1290322580645161,-0.0047890955977161,0.0542264752791068,345.0,470.0,1.568181818181818,0.0012523481527864,0.0006253889051375,0.0003438099934845
2008-12-30,310.0,320.0,310.0,315.0,10000.0,315.0,309.0,312.5,319.2,360.2,509.275,False,False,False,False,False,False,False,False,False,True,False,0.0952380952380952,0.0793650793650793,,,-0.0133333333333332,-0.1434920634920634,-0.0476190476190476,0.0793650793650793,-0.0048121414029241,0.0656,375.0,450.0,0.144927536231884,-0.00062656641604,-0.0018789145688264,-2.304580520801677e-05
2009-01-05,325.0,325.0,320.0,320.0,11000.0,320.0,312.0,312.5,318.8,358.8,507.775,False,False,False,False,True,False,False,False,False,True,False,0.03125,0.0625,,,0.0037499999999999,-0.12125,-0.09375,0.109375,-0.0039018952062429,0.0784,370.0,400.0,1.1,-0.001254705144291,-0.0006281387282509,0.0009102461966812
2009-01-06,325.0,335.0,325.0,335.0,28000.0,335.0,318.0,313.5,319.0,357.6666666666667,506.275,False,False,False,False,False,False,True,False,False,False,True,0.0149253731343283,0.0,,,0.0477611940298507,-0.0676616915422886,-0.1492537313432835,0.1194029850746268,-0.0031686859273065,0.0940988835725677,365.0,415.0,2.5454545454545454,0.0006269592476488,0.0018816643919398,0.0007332092789363
2009-01-07,340.0,355.0,340.0,350.0,111000.0,350.0,326.0,317.5,319.4,356.8,504.85,False,False,False,False,False,False,True,False,True,False,False,-0.0571428571428571,-0.0428571428571428,,,0.0874285714285715,-0.0194285714285714,-0.2,0.1142857142857142,-0.0024289985052317,0.1039370078740157,395.0,385.0,3.9642857142857135,0.0012523481527864,0.0006253889051375,0.0007396874220748
2009-01-08,340.0,340.0,330.0,335.0,37000.0,335.0,331.0,319.5,319.0,355.6666666666667,503.4,False,False,False,False,False,False,False,False,False,True,False,-0.0149253731343283,-0.0298507462686567,,,0.0477611940298507,-0.0616915422885572,-0.1641791044776119,0.1791044776119403,-0.003186504217432,0.1236306729264475,370.0,360.0,0.3333333333333333,-0.0012539184952977,-0.0025062666480841,-0.0007575057122003
2009-01-09,340.0,345.0,340.0,345.0,41000.0,345.0,337.0,323.0,319.6,355.1333333333333,502.0,False,False,False,False,False,False,True,False,True,False,False,-0.0144927536231884,-0.144927536231884,,,0.073623188405797,-0.0293719806763284,-0.2028985507246377,0.1594202898550724,-0.0015017833677492,0.131578947368421,360.0,300.0,1.108108108108108,0.0018773466833542,0.0031312651786519,0.0016847208496827
2009-01-13,340.0,340.0,330.0,330.0,32000.0,330.0,339.0,325.5,320.4,353.8,500.55,False,False,False,False,False,False,True,False,False,False,False,0.0303030303030303,-0.0454545454545454,,,0.0290909090909091,-0.0721212121212121,-0.1818181818181818,0.2272727272727272,-0.0037686074995288,0.1443932411674347,360.0,320.0,0.7804878048780488,0.0024968789013731,0.0006195322180188,-0.0022668241317795
2009-01-14,330.0,340.0,330.0,340.0,32000.0,340.0,340.0,329.0,321.4,352.8,499.075,False,False,False,False,False,False,True,False,False,False,False,-0.0147058823529411,-0.0735294117647058,,,0.0547058823529412,-0.0376470588235294,-0.2352941176470588,0.2058823529411764,-0.0028344671201814,0.1519756838905775,360.0,300.0,1.0,0.0031113876789047,0.0006145087775316,0.0009341403793474
2009-01-15,335.0,335.0,330.0,330.0,24000.0,330.0,336.0,331.0,321.6,351.06666666666666,497.55,False,False,False,False,False,False,True,False,False,True,False,0.0151515151515151,-0.0303030303030303,,,0.0254545454545453,-0.0638383838383838,-0.2424242424242424,0.1818181818181818,-0.0049373338397265,0.1510574018126888,355.0,375.0,0.75,0.0006218905472638,-0.0024894971316409,-0.0021028667195451
2009-01-16,330.0,335.0,330.0,330.0,22000.0,330.0,335.0,333.0,322.4,348.93333333333334,495.975,False,False,False,False,False,False,True,False,True,False,False,-0.0151515151515151,-0.0454545454545454,,,0.0230303030303031,-0.0573737373737373,-0.2727272727272727,0.0909090909090909,-0.0061138708444783,0.1471471471471471,350.0,365.0,0.9166666666666666,0.0024813895781636,0.0018594990308998,-0.0011765370047517
2009-01-19,345.0,345.0,340.0,340.0,31000.0,340.0,334.0,335.5,323.4,347.06666666666666,494.425,False,False,False,False,False,False,True,False,False,False,False,-0.1323529411764706,-0.1029411764705882,,,0.0488235294117647,-0.0207843137254901,-0.2794117647058823,0.1029411764705882,-0.0053784095274683,0.1490312965722801,350.0,330.0,1.4090909090909092,0.0030921459492888,0.0006107563711251,0.00073546131701
2009-01-20,340.0,340.0,340.0,340.0,5000.0,340.0,336.0,337.5,324.4,345.1333333333333,492.9,False,False,False,False,False,False,True,False,False,True,False,-0.0735294117647058,-0.1029411764705882,,,0.0458823529411765,-0.0150980392156862,-0.2647058823529412,0.0588235294117647,-0.0056016998261541,0.1437037037037037,335.0,335.0,0.1612903225806451,0.00308261405672,-9.531892568707867e-06,-0.0002232902986858
2009-01-21,335.0,335.0,330.0,335.0,11000.0,335.0,335.0,337.5,324.8,343.2,491.375,False,False,False,False,False,False,True,False,False,True,False,-0.0597014925373134,-0.0895522388059701,,,0.0304477611940298,-0.0244776119402984,-0.2686567164179104,0.1194029850746268,-0.0056332556332556,0.1437037037037037,335.0,350.0,2.2,0.0012315270935961,-0.0018510869631239,-3.155580710148976e-05
2009-01-22,345.0,345.0,335.0,335.0,45000.0,335.0,336.0,336.0,325.2,341.4,489.975,False,False,False,False,False,False,True,False,False,True,False,-0.044776119402985,-0.0895522388059701,,,0.0292537313432836,-0.0191044776119402,-0.2835820895522388,0.1343283582089552,-0.0052724077328647,0.1458333333333333,305.0,380.0,4.090909090909091,0.0012300123001229,-1.514793473232634e-06,0.0003608479003909
2009-01-23,325.0,330.0,325.0,325.0,40000.0,325.0,335.0,335.0,325.6,339.46666666666664,488.6,False,False,False,False,False,False,True,False,False,True,False,-0.0307692307692307,-0.0461538461538461,,,-0.0018461538461539,-0.0445128205128204,-0.2461538461538461,0.1692307692307692,-0.0056952081696779,0.144776119402985,300.0,380.0,0.8888888888888888,0.0012285012285013,-1.5110716215982391e-06,-0.0004228004368132
2009-01-26,335.0,335.0,295.0,295.0,107000.0,295.0,326.0,330.0,324.4,337.4,487.125,False,False,False,False,False,False,False,False,False,True,False,0.0338983050847457,0.0169491525423728,,,-0.0996610169491524,-0.1437288135593219,-0.1694915254237288,0.2372881355932203,-0.0061252716854376,0.1515151515151515,320.0,360.0,2.675,-0.0036991368680642,-0.0049276380965655,-0.0004300635157597
2009-01-27,300.0,315.0,300.0,315.0,51000.0,315.0,321.0,328.5,324.2,336.26666666666665,485.725,False,False,False,False,False,False,False,False,False,False,False,-0.0317460317460317,-0.0793650793650793,,,-0.0292063492063491,-0.0675132275132274,-0.2222222222222222,0.2063492063492063,-0.0033703409992069,0.1491628614916286,330.0,365.0,0.4766355140186916,-0.000616903146206,0.0030822337218582,0.0027549306862306
2009-01-28,315.0,315.0,310.0,315.0,21000.0,315.0,317.0,326.0,323.8,334.93333333333334,484.225,False,False,False,False,False,False,False,False,False,True,False,-0.0317460317460317,-0.0952380952380952,,,-0.0279365079365079,-0.0632804232804233,-0.238095238095238,0.2063492063492063,-0.0039808917197451,0.1487730061349693,330.0,345.0,0.4117647058823529,-0.0012353304508955,-0.0006184273046895,-0.0006105507205382
2009-01-29,315.0,325.0,315.0,320.0,25000.0,320.0,314.0,325.0,324.2,334.06666666666666,482.7,False,False,False,False,False,False,True,False,True,False,False,-0.046875,-0.125,,,-0.0131249999999999,-0.0439583333333333,-0.25,0.171875,-0.0025942925563759,0.1476923076923077,340.0,325.0,1.1904761904761905,0.001233806292412,0.0024691367433075,0.0013865991633691
2009-01-30,310.0,315.0,310.0,315.0,7000.0,315.0,312.0,323.5,324.2,333.46666666666664,481.175,False,False,False,False,False,False,False,False,False,True,False,-0.0158730158730158,-0.1111111111111111,,,-0.0292063492063491,-0.0586243386243385,-0.2222222222222222,0.1746031746031746,-0.0017992802878849,0.1561051004636785,345.0,345.0,0.28,0.0,-0.001233806292412,0.000795012268491
2009-02-03,305.0,310.0,305.0,305.0,8000.0,305.0,314.0,320.0,324.0,333.53333333333336,479.7,False,False,False,False,False,False,False,True,False,True,False,-0.0163934426229508,-0.0983606557377049,,,-0.0622950819672131,-0.0935519125683061,-0.1967213114754098,0.2295081967213114,0.0001998800719569,0.16875,330.0,375.0,1.1428571428571428,-0.0006172839506172,-0.0006172839506172,0.0019991603598418
2009-02-04,305.0,305.0,300.0,305.0,40000.0,305.0,312.0,316.5,324.0,333.3333333333333,478.25,False,False,False,False,False,False,False,False,False,False,False,-0.0491803278688524,-0.1147540983606557,,,-0.0622950819672131,-0.0928961748633879,-0.1639344262295081,0.2459016393442623,-0.0006000000000001,0.1879936808846761,310.0,370.0,5.0,0.0,0.0006172839506172,-0.0007998800719571
2009-02-05,305.0,305.0,300.0,305.0,15000.0,305.0,310.0,313.5,324.0,333.4,476.825,False,False,False,False,False,False,False,True,False,False,False,-0.0655737704918032,-0.1475409836065573,,,-0.0622950819672131,-0.0931147540983605,-0.1311475409836065,0.2622950819672131,0.0001999600079983,0.2025518341307815,315.0,365.0,0.375,0.0,0.0,0.0007999600079985
2009-02-06,310.0,310.0,300.0,305.0,29000.0,305.0,307.0,310.5,323.8,332.46666666666664,475.375,False,False,False,False,False,False,False,False,False,True,False,-0.081967213114754,-0.180327868852459,,,-0.0616393442622951,-0.090054644808743,-0.1475409836065573,0.2786885245901639,-0.002807298977341,0.217391304347826,325.0,395.0,1.933333333333333,-0.0006176652254477,-0.0006176652254477,-0.0030072589853394
2009-02-09,305.0,320.0,300.0,310.0,33000.0,310.0,306.0,309.0,323.8,331.7333333333333,473.975,False,False,False,False,False,False,False,False,False,False,False,-0.0967741935483871,-0.2258064516129032,,,-0.0445161290322581,-0.0701075268817203,-0.1290322580645161,0.2903225806451613,-0.0022106109324759,0.2297734627831715,310.0,370.0,1.137931034482759,0.0,0.0006176652254477,0.0005966880448651
2009-02-10,315.0,315.0,300.0,300.0,17000.0,300.0,305.0,309.5,323.2,331.3333333333333,472.525,False,False,False,False,False,False,False,False,False,True,False,-0.0833333333333333,-0.1833333333333333,,,-0.0773333333333333,-0.1044444444444443,-0.1166666666666666,0.35,-0.0012072434607645,0.2407108239095315,315.0,360.0,0.5151515151515151,-0.0018564356435644,-0.0018564356435644,0.0010033674717114
2009-02-12,280.0,290.0,275.0,290.0,42000.0,290.0,302.0,307.0,322.0,330.7333333333333,470.925,False,False,False,False,False,False,False,False,False,True,False,-0.0689655172413793,-0.1379310344827586,,,-0.1103448275862069,-0.1404597701149423,-0.1034482758620689,0.4310344827586206,-0.0018141503729087,0.262214983713355,315.0,360.0,2.4705882352941178,-0.0037267080745341,-0.0018702724309696,-0.0006069069121442
2009-02-13,285.0,285.0,285.0,285.0,7000.0,285.0,298.0,304.0,320.0,329.8666666666667,469.25,False,False,False,False,False,False,False,False,False,True,False,-0.087719298245614,-0.1403508771929824,,,-0.1228070175438596,-0.1574269005847953,-0.0350877192982456,0.5789473684210527,-0.0026273241713822,0.2976973684210526,325.0,360.0,0.1666666666666666,-0.00625,-0.0025232919254658,-0.0008131737984734
2009-02-16,290.0,290.0,280.0,280.0,19000.0,280.0,293.0,300.0,317.2,328.53333333333336,467.575,False,False,False,False,False,False,False,False,False,True,False,-0.1071428571428571,-0.1428571428571428,,,-0.1328571428571428,-0.1733333333333334,-0.0178571428571428,0.5714285714285714,-0.0040584415584415,0.3366666666666666,325.0,355.0,2.7142857142857144,-0.008827238335435,-0.002577238335435,-0.0014311173870592
2009-02-17,280.0,280.0,260.0,280.0,19000.0,280.0,287.0,296.5,315.0,327.2,465.85,False,False,False,False,False,False,False,False,False,False,False,-0.1428571428571428,-0.125,,,-0.125,-0.1685714285714285,0.0178571428571428,0.5714285714285714,-0.0040749796251019,0.3760539629005059,315.0,350.0,1.0,-0.0069841269841269,0.0018431113513081,-1.6538066660489598e-05
2009-02-18,265.0,275.0,265.0,275.0,12000.0,275.0,282.0,293.5,312.2,326.06666666666666,464.075,False,False,False,False,False,False,False,False,False,True,False,-0.109090909090909,-0.109090909090909,,,-0.1352727272727272,-0.1856969696969697,0.0363636363636363,0.6363636363636364,-0.0034757718258024,0.4156729131175468,325.0,350.0,0.631578947368421,-0.0089686098654708,-0.0019844828813439,0.0005992077992995
2009-02-19,280.0,280.0,270.0,270.0,23000.0,270.0,278.0,290.0,309.8,324.8,462.25,False,False,False,False,False,False,False,False,False,False,False,-0.074074074074074,-0.0925925925925925,,,-0.1474074074074074,-0.202962962962963,0.074074074074074,0.6851851851851852,-0.0038998357963874,0.4586206896551724,320.0,335.0,1.9166666666666667,-0.0077469335054873,0.0012216763599835,-0.000424063970585
2009-02-20,265.0,270.0,260.0,260.0,19000.0,260.0,273.0,285.5,306.6,323.6666666666667,460.375,False,False,False,False,False,False,False,False,False,True,False,-0.0576923076923076,-0.0769230769230769,,,-0.1792307692307693,-0.2448717948717949,0.1538461538461538,0.6923076923076923,-0.003501544799176,0.500875656742557,325.0,335.0,0.8260869565217391,-0.0104370515329419,-0.0026901180274545,0.0003982909972113
2009-02-23,255.0,255.0,240.0,250.0,18000.0,250.0,267.0,280.0,303.4,322.6666666666667,458.3,False,False,False,False,False,False,False,False,False,True,False,-0.04,-0.04,,,-0.2135999999999999,-0.2906666666666667,0.24,0.8,-0.003099173553719,0.5517857142857143,310.0,305.0,0.9473684210526316,-0.0105471324983521,-0.0001100809654102,0.000402371245457
2009-02-24,240.0,245.0,235.0,240.0,37000.0,240.0,259.0,273.0,299.8,321.26666666666665,456.1,False,False,False,False,False,False,False,False,False,True,False,0.0208333333333333,0.0208333333333333,,,-0.2491666666666667,-0.338611111111111,0.25,0.9791666666666666,-0.0043577505706579,0.6190476190476191,315.0,300.0,2.055555555555556,-0.0120080053368911,-0.0014608728385389,-0.0012585770169389
2009-02-25,255.0,255.0,245.0,245.0,37000.0,245.0,253.0,267.5,296.0,319.53333333333336,453.85,False,False,False,False,False,False,False,False,False,True,False,0.0,0.0,,,-0.2081632653061224,-0.30421768707483,0.2448979591836734,1.1020408163265305,-0.0054245775088669,0.6934579439252336,310.0,320.0,1.0,-0.0128378378378378,-0.0008298325009467,-0.001066826938209
2009-02-26,250.0,250.0,235.0,250.0,14000.0,250.0,249.0,263.5,292.4,317.93333333333334,451.6,False,False,False,False,False,False,False,False,False,False,False,-0.02,0.02,,,-0.1695999999999999,-0.2717333333333333,0.22,1.04,-0.0050325015726568,0.7552182163187856,305.0,330.0,0.3783783783783784,-0.012311901504788,0.0005259363330498,0.0003920759362101
2009-02-27,250.0,255.0,245.0,245.0,6000.0,245.0,246.0,259.5,288.8,316.3333333333333,449.4,False,False,False,False,False,False,False,False,False,True,False,-0.0204081632653061,0.0816326530612244,,,-0.1787755102040816,-0.2911564625850339,0.2244897959183673,1.0408163265306123,-0.0050579557428873,0.8015414258188824,305.0,330.0,0.4285714285714285,-0.0124653739612187,-0.0001534724564306,-2.545417023050965e-05
2009-03-02,250.0,250.0,240.0,240.0,8000.0,240.0,244.0,255.5,285.0,314.26666666666665,447.2,False,False,False,False,False,False,False,False,False,True,False,0.0,0.0833333333333333,,,-0.1875,-0.3094444444444443,0.2916666666666667,1.125,-0.0065761561306745,0.8571428571428571,310.0,340.0,1.3333333333333333,-0.0133333333333333,-0.0008679593721146,-0.0015182003877872
2009-03-03,245.0,245.0,245.0,245.0,3000.0,245.0,245.0,252.0,281.8,312.6,445.125,False,False,False,False,False,False,False,False,False,False,False,0.0,0.1020408163265306,,,-0.1502040816326531,-0.2759183673469388,0.2653061224489796,1.1020408163265305,-0.0053316272126251,0.9126984126984128,310.0,345.0,0.375,-0.0113555713271823,0.001977762006151,0.0012445289180494
2009-03-04,240.0,245.0,240.0,245.0,2000.0,245.0,245.0,249.0,279.8,311.06666666666666,443.05,False,False,False,False,False,False,False,False,False,False,False,0.0,0.0816326530612244,,,-0.1420408163265306,-0.2696598639455782,0.2857142857142857,1.1020408163265305,-0.0049292756108016,0.9618473895582328,315.0,330.0,0.6666666666666666,-0.0071479628305932,0.004207608496589,0.0004023516018235
2009-03-05,245.0,250.0,240.0,245.0,10000.0,245.0,244.0,246.5,277.0,309.53333333333336,441.0,False,False,False,False,False,False,False,False,False,True,False,0.0408163265306122,0.0612244897959183,,,-0.1306122448979592,-0.2634013605442178,0.2857142857142857,1.0408163265306123,-0.0049536937325004,1.0,320.0,310.0,5.0,-0.0101083032490975,-0.0029603404185042,-2.4418121698811628e-05
2009-03-06,240.0,240.0,240.0,240.0,7000.0,240.0,243.0,244.5,274.0,307.93333333333334,438.875,False,False,False,False,False,False,False,False,False,True,False,0.1041666666666666,0.1458333333333333,,,-0.1416666666666666,-0.2830555555555555,0.3125,1.1458333333333333,-0.005195929854947,1.047034764826176,335.0,315.0,0.7,-0.010948905109489,-0.0008406018603915,-0.0002422361224465
2009-03-09,240.0,240.0,240.0,240.0,5000.0,240.0,243.0,243.5,270.8,306.4,436.75,False,False,False,False,False,False,False,False,False,True,False,0.0833333333333333,0.1458333333333333,,,-0.1283333333333333,-0.2766666666666665,0.3125,1.125,-0.0050043516100958,1.080082135523614,350.0,325.0,0.7142857142857143,-0.0118168389955686,-0.0008679338860795,0.0001915782448512
2009-03-10,245.0,245.0,235.0,245.0,11000.0,245.0,243.0,244.0,268.0,305.0,434.6,False,False,False,False,False,False,False,False,False,False,True,0.1020408163265306,0.1632653061224489,,,-0.0938775510204081,-0.2448979591836734,0.2653061224489796,1.0612244897959184,-0.0045901639344261,1.088114754098361,335.0,310.0,2.2,-0.0104477611940298,0.0013690778015387,0.0004141876756696
2009-03-11,245.0,245.0,245.0,245.0,2000.0,245.0,243.0,244.0,265.6,303.6,432.525,False,False,False,False,False,False,False,False,False,False,False,0.0816326530612244,0.1632653061224489,,,-0.0840816326530613,-0.2391836734693878,0.3673469387755102,1.020408163265306,-0.0046113306982871,1.0799180327868851,345.0,315.0,0.1818181818181818,-0.0090361445783131,0.0014116166157167,-2.1166763860989632e-05
2009-03-13,250.0,255.0,250.0,255.0,14000.0,255.0,245.0,244.5,263.6,302.53333333333336,430.525,False,False,False,False,False,False,False,False,False,False,True,0.0196078431372549,0.1372549019607843,,,-0.0337254901960785,-0.18640522875817,0.3137254901960784,0.9215686274509804,-0.003525782282944,1.0674846625766872,330.0,315.0,7.0,-0.007587253414264,0.0014488911640491,0.0010855484153431
2009-03-16,270.0,270.0,265.0,265.0,22000.0,265.0,250.0,246.5,262.0,301.6,428.6,False,False,False,False,True,False,False,False,False,False,False,0.0377358490566037,0.1320754716981132,,,0.0113207547169811,-0.1381132075471699,0.3018867924528302,0.8301886792452831,-0.0030946065428824,1.0446247464503042,340.0,325.0,1.5714285714285714,-0.0061068702290077,0.0014803831852563,0.0004311757400615
2009-03-17,270.0,270.0,260.0,260.0,3000.0,260.0,254.0,248.5,260.2,301.0,426.65,False,False,False,False,False,False,False,False,False,True,False,0.0576923076923076,0.1923076923076923,,,-0.0007692307692307,-0.1576923076923077,0.4230769230769231,0.7692307692307693,-0.0019933554817276,1.0080482897384306,330.0,325.0,0.1363636363636363,-0.0069177555726364,-0.0008108853436287,0.0011012510611547
2009-03-18,265.0,270.0,265.0,270.0,4000.0,270.0,259.0,251.0,258.6,300.6,424.775,False,False,False,False,False,False,False,False,False,False,False,0.0555555555555555,0.1111111111111111,,,0.0422222222222221,-0.1133333333333334,0.2962962962962963,0.6666666666666666,-0.0013306719893545,0.9621513944223108,330.0,315.0,1.3333333333333333,-0.0061871616395977,0.0007305939330387,0.0006626834923731
2009-03-23,255.0,265.0,255.0,265.0,8000.0,265.0,263.0,253.0,257.2,299.8666666666667,422.925,False,False,False,False,False,False,False,False,False,False,False,0.0754716981132075,0.1509433962264151,,,0.0294339622641509,-0.1315723270440252,0.2830188679245283,0.6981132075471698,-0.0024455313472655,0.9209486166007904,340.0,325.0,2.0,-0.005443234836703,0.0007439268028946,-0.0011148593579109
2009-03-24,275.0,275.0,260.0,260.0,11000.0,260.0,264.0,254.5,256.0,298.93333333333334,421.0,False,False,False,False,False,False,False,False,False,False,False,0.1153846153846153,0.173076923076923,,,0.0153846153846153,-0.1497435897435897,0.3653846153846153,0.5,-0.0031222123104371,0.8664047151277013,340.0,320.0,1.375,-0.0046874999999999,0.0007557348367031,-0.0006766809631716
2009-03-25,285.0,285.0,270.0,275.0,27000.0,275.0,266.0,258.0,255.6,298.2,419.2,False,False,False,False,False,False,False,False,False,False,False,0.0909090909090909,0.0909090909090909,,,0.0705454545454545,-0.0843636363636363,0.3636363636363636,0.4909090909090909,-0.0024591996422982,0.8003875968992248,335.0,325.0,2.4545454545454546,-0.001564945226917,0.0031225547730828,0.0006630126681388
2009-03-26,270.0,275.0,260.0,275.0,20000.0,275.0,269.0,261.5,255.4,297.3333333333333,417.425,False,False,False,False,False,False,False,False,False,False,False,0.1272727272727272,0.1272727272727272,,,0.0712727272727272,-0.0812121212121211,0.4181818181818181,0.4909090909090909,-0.002914798206278,0.7380497131931166,335.0,310.0,0.7407407407407407,-0.0007830853563037,0.0007818598706132,-0.0004555985639797
2009-03-27,275.0,290.0,275.0,285.0,25000.0,285.0,272.0,265.5,255.6,296.53333333333336,415.7,False,False,False,False,False,False,True,False,False,False,False,0.0526315789473684,0.087719298245614,,,0.1031578947368421,-0.04046783625731,0.3859649122807017,0.4736842105263157,-0.0026978417266185,0.67984934086629,325.0,315.0,1.25,0.0007824726134584,0.0015655579697622,0.0002169564796595
2009-03-30,285.0,285.0,285.0,285.0,13000.0,285.0,276.0,269.5,256.0,295.93333333333334,413.925,False,False,False,False,False,False,True,False,True,False,False,0.0701754385964912,0.1052631578947368,,,0.1017543859649122,-0.0383625730994152,0.4035087719298245,0.5087719298245614,-0.0020274836674927,0.6307977736549165,295.0,310.0,0.52,0.0015625,0.0007800273865415,0.0006703580591257
2009-03-31,285.0,295.0,285.0,290.0,8000.0,290.0,282.0,273.0,256.8,295.6666666666667,412.2,False,False,False,False,False,False,True,False,False,False,False,0.0517241379310344,0.0862068965517241,,,0.1144827586206896,-0.0195402298850575,0.396551724137931,0.5517241379310345,-0.0009019165727169,0.5952380952380952,315.0,305.0,0.6153846153846154,0.0031152647975078,0.0015527647975078,0.0011255670947757
2009-04-01,295.0,305.0,295.0,300.0,25000.0,300.0,287.0,276.5,258.4,295.46666666666664,410.525,False,False,False,False,False,False,True,False,False,False,False,0.0,0.05,,,0.1386666666666667,0.0151111111111112,0.3666666666666666,0.4833333333333333,-0.0006768953068593,0.5605786618444847,315.0,305.0,3.125,0.0061919504643961,0.0030766856668883,0.0002250212658576
2009-04-02,310.0,325.0,305.0,310.0,135000.0,310.0,294.0,281.5,260.8,295.26666666666665,408.7,False,False,False,False,False,False,True,False,False,False,False,0.0,0.0161290322580645,,,0.1587096774193548,0.0475268817204301,0.2580645161290322,0.4516129032258064,-0.0006773538044704,0.5293072824156305,320.0,310.0,5.4,0.0092024539877301,0.003010503523334,-4.5849761113692187e-07
2009-04-03,310.0,310.0,300.0,300.0,45000.0,300.0,297.0,284.5,263.2,295.1333333333333,406.875,False,False,False,False,False,False,True,False,False,True,False,0.0333333333333333,0.0333333333333333,,,0.1226666666666667,0.0162222222222222,0.2,0.5333333333333333,-0.0004517732098486,0.5166959578207382,315.0,310.0,0.3333333333333333,0.0091185410334345,-8.391295429562712e-05,0.0002255805946218
2009-04-06,305.0,315.0,305.0,305.0,7000.0,305.0,301.0,288.5,265.6,295.0,405.05,False,False,False,False,False,False,True,False,False,True,False,0.0327868852459016,0.0983606557377049,,,0.1291803278688524,0.0327868852459016,0.2295081967213114,0.5737704918032787,-0.0004519774011299,0.5060658578856152,305.0,315.0,0.1555555555555555,0.0090361445783133,-8.2396455121184e-05,-2.04191281287481e-07
2009-04-07,310.0,310.0,305.0,305.0,25000.0,305.0,304.0,293.0,267.8,294.8666666666667,403.275,False,False,False,False,False,False,True,False,False,True,False,0.0327868852459016,0.0983606557377049,,,0.121967213114754,0.0332240437158469,0.180327868852459,0.5081967213114754,-0.0004521817770743,0.5068259385665529,305.0,320.0,3.571428571428572,0.0082150858849887,-0.0008210586933246,-2.0437594444035981e-07
2009-04-08,310.0,315.0,300.0,300.0,14000.0,300.0,304.0,295.5,270.0,294.53333333333336,401.525,False,False,False,False,False,False,True,False,False,True,False,0.05,0.15,,,0.1,0.0182222222222221,0.25,0.5833333333333334,-0.0011317338162063,0.5160744500846024,305.0,335.0,0.56,0.0081481481481481,-6.693773684064881e-05,-0.000679552039132
2009-04-09,305.0,315.0,300.0,310.0,24000.0,310.0,304.0,299.0,272.8,294.3333333333333,399.85,False,False,False,False,False,False,True,False,False,False,False,0.0161290322580645,0.1935483870967742,,,0.1199999999999999,0.0505376344086022,0.2258064516129032,0.4838709677419355,-0.0006795016987544,0.5150501672240803,305.0,350.0,1.7142857142857142,0.0102639296187683,0.0021157814706202,0.0004522321174519
2009-04-10,315.0,315.0,310.0,310.0,13000.0,310.0,306.0,301.5,275.4,294.26666666666665,398.15,False,False,False,False,False,False,True,False,False,True,False,0.0,0.1290322580645161,,,0.1116129032258065,0.050752688172043,0.2258064516129032,0.5,-0.0002265518803805,0.5174129353233831,310.0,335.0,0.5416666666666666,0.0094408133623818,-0.0008231162563865,0.0004529498183738
2009-04-13,310.0,320.0,310.0,315.0,25000.0,315.0,308.0,304.5,278.2,294.1333333333333,396.525,False,False,False,False,False,False,True,False,False,False,False,0.0634920634920634,0.0793650793650793,,,0.1168253968253968,0.0662433862433862,0.1587301587301587,0.5079365079365079,-0.0004533091568449,0.5172413793103449,300.0,345.0,1.9230769230769231,0.0100647016534867,0.0006238882911048,-0.0002267572764643
2009-04-14,315.0,320.0,310.0,315.0,41000.0,315.0,310.0,307.0,281.0,294.06666666666666,394.9,False,False,False,False,False,False,True,False,False,True,False,0.0634920634920634,0.1269841269841269,,,0.1079365079365079,0.0664550264550264,0.2063492063492063,0.4444444444444444,-0.0002267059623667,0.506514657980456,290.0,330.0,1.64,0.0099644128113879,-0.0001002888420988,0.0002266031944781
2009-04-15,315.0,315.0,315.0,315.0,29000.0,315.0,313.0,308.5,284.0,293.93333333333334,393.3,False,False,False,False,False,False,True,False,False,False,False,0.0952380952380952,0.1904761904761904,,,0.0984126984126984,0.0668783068783068,0.2063492063492063,0.4761904761904761,-0.0004536176003628,0.5056726094003241,285.0,340.0,0.7073170731707317,0.0105633802816901,0.0005989674703022,-0.000226911637996
2009-04-16,315.0,320.0,315.0,315.0,22000.0,315.0,314.0,309.0,287.0,294.0,391.65,False,False,False,False,False,False,True,True,False,True,False,0.1746031746031746,0.238095238095238,,,0.0888888888888888,0.0666666666666666,0.1904761904761904,0.4761904761904761,0.0002267573696144,0.5080906148867314,280.0,330.0,0.7586206896551724,0.0104529616724738,-0.0001104186092162,0.0006803749699773
2009-04-17,320.0,320.0,310.0,310.0,28000.0,310.0,314.0,310.0,289.6,293.93333333333334,389.975,False,False,False,False,False,False,True,False,False,True,False,0.1290322580645161,0.2741935483870967,,,0.0658064516129031,0.0518279569892473,0.1935483870967742,0.4677419354838709,-0.0002268088001814,0.5016129032258064,280.0,330.0,1.2727272727272727,0.0089779005524862,-0.0014750611199876,-0.0004535661697959
2009-04-20,325.0,340.0,320.0,335.0,65000.0,335.0,318.0,313.0,293.2,294.26666666666665,388.425,False,False,False,False,False,False,True,True,False,False,False,0.0149253731343283,0.1940298507462686,,,0.1247761194029851,0.121592039800995,0.1194029850746268,0.373134328358209,0.0011327594019029,0.4808306709265175,275.0,340.0,2.321428571428572,0.0122783083219644,0.0033004077694781,0.0013595682020844
2009-04-21,335.0,340.0,325.0,335.0,22000.0,335.0,322.0,316.0,296.4,294.6666666666667,386.9,True,True,False,False,False,False,True,True,False,True,False,0.0597014925373134,0.208955223880597,,,0.115223880597015,0.1203980099502487,0.1343283582089552,0.3880597014925373,0.0013574660633485,0.4683544303797468,270.0,340.0,0.3384615384615385,0.010796221322537,-0.0014820869994273,0.0002247066614455
2009-04-22,330.0,345.0,325.0,345.0,106000.0,345.0,328.0,320.5,299.6,295.2,385.45,False,False,False,False,False,False,True,True,False,True,False,0.0869565217391304,0.1884057971014492,,,0.1315942028985506,0.1443478260869565,0.1159420289855072,0.3333333333333333,0.0018066847335138,0.4430577223088923,260.0,335.0,4.818181818181818,0.0106809078771697,-0.0001153134453673,0.0004492186701653
2009-04-23,360.0,370.0,350.0,370.0,129000.0,370.0,339.0,326.5,304.0,296.0,384.1,False,False,False,False,False,False,True,True,False,False,False,0.054054054054054,0.054054054054054,,,0.1783783783783784,0.2,0.054054054054054,0.2702702702702703,0.0027027027027027,0.4196018376722817,250.0,335.0,1.2169811320754718,0.0144736842105262,0.0037927763333565,0.0008960179691888
2009-04-24,365.0,365.0,345.0,350.0,51000.0,350.0,347.0,330.5,307.2,296.53333333333336,382.5,False,False,False,False,False,False,True,True,False,True,False,0.1285714285714285,0.0285714285714285,,,0.1222857142857143,0.1527619047619046,0.1428571428571428,0.4857142857142857,0.0017985611510792,0.4190620272314674,240.0,325.0,0.3953488372093023,0.0104166666666666,-0.0040570175438596,-0.0009041415516235
2009-04-27,330.0,340.0,325.0,340.0,70000.0,340.0,348.0,333.0,310.2,296.8666666666667,380.975,False,False,False,False,False,False,True,True,False,True,False,0.1764705882352941,0.1029411764705882,,,0.0876470588235294,0.1268627450980392,0.1911764705882352,0.4558823529411764,0.0011228385358184,0.4144144144144144,245.0,295.0,1.3725490196078431,0.0096711798839458,-0.0007454867827207,-0.0006757226152607
2009-04-28,330.0,355.0,330.0,355.0,32000.0,355.0,352.0,337.0,314.0,297.3333333333333,379.35,False,False,False,False,False,False,True,True,False,False,False,0.1408450704225352,0.0140845070422535,,,0.1154929577464788,0.1624413145539906,0.1690140845070422,0.4084507042253521,0.0015695067264573,0.4109792284866468,250.0,315.0,0.4571428571428571,0.0121019108280255,0.0024307309440796,0.0004466681906388
2009-04-30,360.0,400.0,360.0,375.0,159000.0,375.0,358.0,343.0,318.0,297.8666666666667,377.925,False,False,False,False,False,False,True,True,False,False,False,0.0933333333333333,0.0,,,0.152,0.2056888888888888,0.2,0.36,0.0017905102954342,0.3994169096209912,245.0,315.0,4.96875,0.0125786163522012,0.0004767055241757,0.0002210035689769
2009-05-01,375.0,410.0,375.0,390.0,102000.0,390.0,362.0,350.5,322.6,298.4,376.7,False,False,False,False,False,False,True,True,False,False,False,0.0,-0.0256410256410256,,,0.1728205128205127,0.2348717948717949,0.1282051282051282,0.282051282051282,0.0017873100983019,0.3794579172610556,240.0,320.0,0.6415094339622641,0.0142591444513329,0.0016805280991317,-3.200197132333972e-06
2009-05-07,415.0,425.0,395.0,395.0,157000.0,395.0,371.0,359.0,327.0,299.2,375.575,False,False,False,False,False,False,True,True,False,True,False,-0.0886075949367088,-0.0379746835443038,,,0.1721518987341772,0.2425316455696202,0.1139240506329113,0.5189873417721519,0.0026737967914438,0.3871866295264624,245.0,315.0,1.53921568627451,0.0134556574923546,-0.0008034869589783,0.0008864866931419
2009-05-08,410.0,410.0,390.0,400.0,33000.0,400.0,383.0,365.5,331.6,299.93333333333334,374.525,False,False,False,False,False,False,True,True,False,False,False,-0.0625,-0.0875,,,0.1709999999999999,0.2501666666666666,0.125,1.0125,0.0024449877750611,0.4569083447332421,245.0,305.0,0.2101910828025477,0.0138721351025332,0.0004164776101785,-0.0002288090163827
2009-05-11,410.0,415.0,405.0,405.0,43000.0,405.0,393.0,372.5,336.2,300.93333333333334,373.575,False,False,False,False,False,False,True,True,False,True,False,-0.1111111111111111,-0.0617283950617283,,,0.1698765432098765,0.256954732510288,0.1234567901234567,0.8271604938271605,0.0033229951262738,0.5033557046979866,245.0,305.0,1.303030303030303,0.0136823319452705,-0.0001898031572626,0.0008780073512126
2009-05-12,405.0,410.0,400.0,410.0,21000.0,410.0,400.0,379.0,340.6,301.8666666666667,372.675,False,False,False,False,False,False,True,True,False,True,False,-0.0853658536585365,-0.073170731707317,,,0.1692682926829267,0.263739837398374,0.073170731707317,0.6585365853658537,0.0030918727915194,0.5356200527704486,240.0,305.0,0.4883720930232558,0.0129183793305931,-0.0007639526146774,-0.0002311223347543
2009-05-13,395.0,400.0,375.0,390.0,70000.0,390.0,400.0,381.0,343.8,302.6666666666667,371.55,False,False,False,False,False,False,True,True,False,True,False,-0.0256410256410256,-0.0384615384615384,,,0.1184615384615384,0.2239316239316238,0.1538461538461538,0.782051282051282,0.0026431718061674,0.5866141732283464,240.0,305.0,3.333333333333333,0.0093077370564281,-0.003610642274165,-0.000448700985352
2009-05-14,380.0,380.0,360.0,360.0,36000.0,360.0,393.0,382.0,346.2,303.06666666666666,370.25,False,False,False,False,False,False,True,True,False,True,False,0.0555555555555555,0.0277777777777777,,,0.0383333333333333,0.1581481481481481,0.3194444444444444,0.8888888888888888,0.0013198416190056,0.6243455497382199,245.0,310.0,0.5142857142857142,0.0069324090121316,-0.0023753280442964,-0.0013233301871617
2009-05-15,390.0,390.0,370.0,375.0,36000.0,375.0,388.0,385.5,349.0,303.53333333333336,368.975,False,False,False,False,False,False,True,True,False,False,False,-0.0266666666666666,0.0,,,0.0693333333333333,0.1905777777777777,0.3733333333333333,0.76,0.0015374478365913,0.6523994811932555,245.0,300.0,1.0,0.0080229226361031,0.0010905136239715,0.0002176062175857
2009-05-18,375.0,380.0,355.0,360.0,139000.0,360.0,379.0,386.0,351.2,303.8,367.675,False,False,False,False,False,False,True,True,False,True,False,0.0555555555555555,0.0555555555555555,,,0.0244444444444444,0.1561111111111111,0.4166666666666667,0.7083333333333334,0.0008777704630238,0.6800518134715026,255.0,290.0,3.861111111111111,0.00626423690205,-0.0017586857340531,-0.0006596773735674
2009-05-19,365.0,375.0,365.0,375.0,63000.0,375.0,372.0,386.0,354.2,304.3333333333333,366.7,False,False,False,False,False,False,True,True,False,False,False,0.0133333333333333,0.0266666666666666,,,0.0554666666666667,0.1884444444444445,0.3333333333333333,0.76,0.0017524644030667,0.7189119170984456,265.0,285.0,0.4532374100719424,0.0084697910784867,0.0022055541764366,0.0008746939400428
2009-05-20,370.0,380.0,370.0,380.0,6000.0,380.0,370.0,385.0,357.0,304.93333333333334,365.825,False,False,False,False,False,False,True,True,False,True,False,-0.0131578947368421,0.0263157894736842,,,0.0605263157894736,0.1975438596491228,0.3421052631578947,0.6447368421052632,0.0019676432006996,0.7558441558441559,260.0,280.0,0.0952380952380952,0.0078431372549019,-0.0006266538235847,0.0002151787976329
2009-05-21,380.0,380.0,370.0,380.0,31000.0,380.0,374.0,383.5,359.8,305.6666666666667,364.9,False,False,False,False,False,False,True,True,False,True,False,-0.0263157894736842,0.0526315789473684,,,0.053157894736842,0.1956140350877192,0.3552631578947368,0.618421052631579,0.0023991275899673,0.7666232073011734,270.0,280.0,5.166666666666667,0.0077821011673152,-6.103608758678547e-05,0.0004314843892676
2009-05-22,365.0,375.0,365.0,365.0,18000.0,365.0,372.0,380.0,361.8,306.6,363.925,False,False,False,False,False,False,True,True,False,True,False,0.0273972602739726,0.1095890410958904,,,0.0087671232876712,0.1599999999999999,0.410958904109589,0.6438356164383562,0.0030441400304414,0.7289473684210527,265.0,275.0,0.5806451612903226,0.0055279159756771,-0.002254185191638,0.000645012440474
2009-05-25,390.0,390.0,375.0,380.0,40000.0,380.0,376.0,377.5,364.4,307.46666666666664,363.075,False,False,False,False,False,False,True,True,False,False,False,0.0,0.0921052631578947,,,0.0410526315789474,0.1908771929824562,0.3157894736842105,0.5657894736842105,0.0028187337380744,0.7019867549668874,260.0,270.0,2.2222222222222223,0.0071350164654225,0.0016071004897453,-0.0002254062923669
2009-05-26,380.0,385.0,380.0,380.0,13000.0,380.0,377.0,374.5,367.0,308.3333333333333,362.225,False,False,False,False,False,False,True,True,False,True,False,0.0131578947368421,0.1842105263157894,,,0.0342105263157894,0.1885964912280702,0.3552631578947368,0.6052631578947368,0.0028108108108108,0.6969292389853138,275.0,260.0,0.325,0.0070844686648501,-5.054780057232085e-05,-7.922927263592349e-06
2009-05-27,390.0,390.0,375.0,375.0,56000.0,375.0,376.0,373.0,369.4,309.06666666666666,361.2,False,False,False,False,False,False,True,True,False,True,False,0.04,0.1733333333333333,,,0.0149333333333333,0.1758222222222222,0.36,0.6666666666666666,0.0023727351164797,0.6849865951742627,275.0,250.0,4.307692307692308,0.0064970221981591,-0.000587446466691,-0.000438075694331
2009-05-28,370.0,380.0,370.0,370.0,35000.0,370.0,374.0,374.0,371.8,309.8,360.1,False,False,False,False,False,False,True,True,False,True,True,0.081081081081081,0.1891891891891892,,,-0.0048648648648648,0.1627027027027026,0.3648648648648648,0.6891891891891891,0.0023671185711212,0.6657754010695187,285.0,240.0,0.625,0.0064550833781603,-4.193881999872261e-05,-5.616545358570757e-06
2009-05-29,380.0,380.0,370.0,375.0,26000.0,375.0,376.0,374.0,373.4,310.7333333333333,359.025,False,False,False,False,False,False,True,True,False,True,False,0.08,0.2,,,0.0042666666666667,0.1713777777777778,0.32,0.6133333333333333,0.0030036472859899,0.6510695187165776,285.0,245.0,0.7428571428571429,0.0042849491162291,-0.0021701342619312,0.0006365287148687
2009-06-01,375.0,385.0,375.0,380.0,39000.0,380.0,376.0,376.0,375.2,311.7333333333333,358.05,False,False,False,False,False,False,True,True,False,False,True,0.0921052631578947,0.1973684210526315,,,0.0126315789473684,0.1796491228070176,0.2894736842105263,0.5789473684210527,0.003207869974337,0.6382978723404256,290.0,250.0,1.5,0.0047974413646055,0.0005124922483764,0.000204222688347
2009-06-02,385.0,395.0,380.0,385.0,35000.0,385.0,377.0,377.0,376.8,312.8,357.075,False,False,False,False,False,False,True,True,False,True,False,0.1688311688311688,0.1428571428571428,,,0.0212987012987012,0.1875324675324675,0.2597402597402597,0.5064935064935064,0.0034100596760445,0.6127320954907162,300.0,245.0,0.8974358974358975,0.0042462845010616,-0.0005511568635439,0.0002021897017074
2009-06-03,390.0,405.0,385.0,390.0,85000.0,390.0,380.0,378.0,377.6,313.93333333333334,356.125,False,False,False,False,False,False,True,True,False,True,False,0.1282051282051282,0.1538461538461538,,,0.0317948717948717,0.195042735042735,0.1794871794871795,0.4358974358974359,0.003610108303249,0.5912698412698413,310.0,240.0,2.4285714285714284,0.0021186440677966,-0.0021276404332649,0.0002000486272045
2009-06-04,390.0,410.0,390.0,400.0,69000.0,400.0,386.0,380.0,379.6,315.1333333333333,355.325,False,False,False,False,False,False,True,True,False,False,False,0.1,0.1875,,,0.0509999999999999,0.2121666666666667,0.125,0.4,0.0038079119949227,0.5684210526315789,300.0,245.0,0.8117647058823529,0.0052687038988408,0.0031500598310442,0.0001978036916736
2009-06-05,410.0,410.0,405.0,405.0,59000.0,405.0,392.0,384.0,382.2,316.53333333333336,354.525,False,False,False,False,False,False,True,True,False,False,False,0.1111111111111111,0.2716049382716049,,,0.0562962962962963,0.2184362139917695,0.1111111111111111,0.382716049382716,0.0044229149115418,0.5416666666666666,305.0,245.0,0.855072463768116,0.0068027210884352,0.0015340171895944,0.000615002916619
2009-06-08,410.0,420.0,400.0,415.0,79000.0,415.0,399.0,387.5,384.6,318.2,353.925,False,False,False,False,False,False,True,True,False,True,False,0.0963855421686747,0.2289156626506024,,,0.0732530120481927,0.2332530120481928,-0.0602409638554216,0.3012048192771084,0.0052377959354702,0.5135483870967742,305.0,245.0,1.3389830508474576,0.0062402496099844,-0.0005624714784507,0.0008148810239284
2009-06-09,425.0,470.0,425.0,450.0,314000.0,450.0,412.0,394.5,387.6,320.4,353.525,False,False,False,False,False,False,True,True,False,False,False,-0.0222222222222222,0.1111111111111111,,,0.1386666666666666,0.288,-0.0888888888888888,0.1222222222222222,0.0068664169787764,0.4600760456273764,300.0,240.0,3.974683544303797,0.0077399380804953,0.0014996884705108,0.0016286210433062
2009-06-10,460.0,465.0,435.0,440.0,82000.0,440.0,422.0,401.0,389.6,322.53333333333336,353.075,False,False,False,False,False,False,True,True,False,True,False,0.0227272727272727,0.1590909090909091,,,0.1145454545454544,0.2669696969696969,-0.0681818181818181,0.1590909090909091,0.00661430343117,0.4077306733167082,310.0,240.0,0.2611464968152866,0.0051334702258726,-0.0026064678546226,-0.0002521135476064
2009-06-11,440.0,460.0,440.0,440.0,66000.0,440.0,430.0,408.0,391.4,324.6666666666667,352.725,False,False,False,False,False,False,True,True,False,True,False,0.0795454545454545,0.1704545454545454,,,0.1104545454545455,0.2621212121212121,-0.0454545454545454,0.2045454545454545,0.006570841889117,0.3602941176470588,310.0,245.0,0.8048780487804879,0.0045988758303524,-0.0005345943955202,-4.346154205303772e-05
2009-06-12,445.0,465.0,445.0,450.0,62000.0,450.0,439.0,415.5,393.4,327.0,352.425,False,False,False,False,False,False,True,True,False,False,False,0.1444444444444444,0.1444444444444444,,,0.1257777777777778,0.2733333333333333,-0.0444444444444444,0.2444444444444444,0.0071355759429153,0.3249097472924188,315.0,245.0,0.9393939393939394,0.0050838840874428,0.0004850082570903,0.0005647340537983
2009-06-15,450.0,455.0,445.0,455.0,52000.0,455.0,447.0,423.0,395.4,329.46666666666664,352.175,False,False,False,False,False,False,True,True,False,True,False,0.1208791208791208,0.0989010989010989,,,0.130989010989011,0.275897435897436,-0.0109890109890109,0.1978021978021978,0.0074868474301901,0.2884160756501182,315.0,255.0,0.8387096774193549,0.0050581689428426,-2.5715144600115675e-05,0.0003512714872747
2009-06-16,450.0,450.0,440.0,440.0,46000.0,440.0,445.0,428.5,396.6,331.8666666666667,351.9,False,False,False,False,False,False,True,True,False,True,False,0.1363636363636363,0.1704545454545454,,,0.0986363636363635,0.2457575757575757,0.0113636363636363,0.1818181818181818,0.0072318200080354,0.2578763127187864,315.0,265.0,0.8846153846153846,0.0030257186081695,-0.0020324503346731,-0.0002550274221546
2009-06-17,430.0,450.0,425.0,450.0,26000.0,450.0,447.0,434.5,399.0,334.53333333333336,351.65,False,False,False,False,False,False,True,True,False,False,False,0.1333333333333333,0.1333333333333333,,,0.1133333333333333,0.2565925925925925,0.0,0.1444444444444444,0.0079713033080909,0.2301495972382048,315.0,260.0,0.5652173913043478,0.0060150375939849,0.0029893189858153,0.0007394833000554
2009-06-18,450.0,485.0,450.0,475.0,193000.0,475.0,454.0,442.0,403.6,337.6666666666667,351.525,False,False,False,False,False,False,True,True,False,False,False,0.0842105263157894,0.0631578947368421,,,0.1503157894736841,0.2891228070175438,-0.031578947368421,0.1052631578947368,0.009279368213228,0.2013574660633484,310.0,270.0,7.423076923076923,0.0113974231912785,0.0053823855972936,0.001308064905137
2009-06-19,495.0,540.0,485.0,515.0,517000.0,515.0,467.0,453.0,409.2,341.26666666666665,351.625,False,False,False,False,False,False,True,True,False,False,False,0.0,-0.0388349514563106,,,0.2054368932038835,0.3373462783171521,-0.0679611650485436,0.0097087378640776,0.0105489353389332,0.1633554083885209,335.0,265.0,2.678756476683938,0.013685239491691,0.0022878163004124,0.0012695671257052
2009-06-22,540.0,540.0,505.0,510.0,124000.0,510.0,478.0,462.5,415.2,344.7333333333333,351.725,False,False,False,False,False,False,True,True,False,False,False,-0.0196078431372549,-0.0392156862745098,,,0.1858823529411765,0.3240522875816994,-0.0980392156862745,0.0392156862745098,0.0100560819957454,0.1372972972972973,335.0,260.0,0.2398452611218568,0.0144508670520231,0.000765627560332,-0.0004928533431878
2009-06-23,500.0,500.0,480.0,500.0,196000.0,500.0,490.0,467.5,420.2,348.1333333333333,351.9,False,False,False,False,False,False,True,True,False,True,False,0.03,-0.03,,,0.1596,0.3037333333333333,-0.05,0.05,0.0097663730371506,0.1294117647058823,345.0,275.0,1.5806451612903225,0.0118990956687291,-0.0025517713832939,-0.0002897089585948
2009-06-24,500.0,520.0,500.0,510.0,105000.0,510.0,502.0,474.5,425.4,351.7333333333333,352.075,False,False,False,False,False,False,True,True,False,False,False,0.0,-0.0980392156862745,,,0.1658823529411765,0.310326797385621,-0.0980392156862745,0.0,0.0102350265352538,0.1127502634351949,370.0,275.0,0.5357142857142857,0.0122237893747061,0.0003246937059769,0.0004686534981032
2009-06-25,525.0,525.0,510.0,515.0,53000.0,515.0,510.0,482.0,430.8,355.3333333333333,352.375,False,False,False,False,False,False,True,True,False,False,False,-0.0194174757281553,-0.1262135922330097,,,0.1634951456310679,0.3100323624595469,-0.0970873786407767,0.0097087378640776,0.0101313320825516,0.0933609958506224,350.0,285.0,0.5047619047619047,0.0125348189415042,0.0003110295667981,-0.0001036944527022
2009-06-26,520.0,520.0,510.0,515.0,33000.0,515.0,510.0,488.5,436.8,358.93333333333334,352.575,False,False,False,False,False,False,True,True,False,False,False,-0.0388349514563106,-0.1262135922330097,,,0.1518446601941747,0.303042071197411,-0.0776699029126213,0.029126213592233,0.0100297176820208,0.0726714431934493,340.0,285.0,0.6226415094339622,0.0137362637362637,0.0012014447947594,-0.0001016144005307
2009-06-29,505.0,505.0,500.0,500.0,37000.0,500.0,508.0,493.0,441.6,362.3333333333333,352.8,False,False,False,False,False,False,True,True,False,True,False,-0.02,-0.22,,,0.1167999999999999,0.2753333333333334,-0.09,0.05,0.0093836246550137,0.0588235294117647,355.0,290.0,1.121212121212121,0.0108695652173913,-0.0028666985188724,-0.0006460930270071
2009-06-30,520.0,520.0,505.0,515.0,30000.0,515.0,511.0,500.5,447.0,366.0,353.125,False,False,False,False,False,False,True,True,False,False,False,-0.058252427184466,-0.203883495145631,,,0.1320388349514563,0.2893203883495145,-0.0970873786407767,0.0194174757281553,0.0100182149362477,0.0439560439560439,375.0,300.0,0.8108108108108109,0.0120805369127516,0.0012109716953602,0.000634590281234
2009-07-01,510.0,510.0,500.0,510.0,42000.0,510.0,511.0,506.5,452.4,369.6,353.325,False,False,False,False,False,False,True,True,False,True,False,-0.0980392156862745,-0.196078431372549,,,0.1129411764705882,0.2752941176470588,-0.088235294117647,0.0392156862745098,0.0097402597402598,0.0345508390918065,390.0,310.0,1.4,0.0119363395225463,-0.0001441973902052,-0.0002779551959879
2009-07-02,515.0,515.0,500.0,505.0,14000.0,505.0,509.0,509.5,457.8,373.06666666666666,353.525,False,False,False,False,False,False,True,True,False,True,False,-0.1089108910891089,-0.1683168316831683,,,0.0934653465346534,0.2612541254125413,-0.099009900990099,0.0396039603960396,0.0092923516797711,0.028459273797841,395.0,300.0,0.3333333333333333,0.0117955439056357,-0.0001407956169106,-0.0004479080604886
2009-07-03,495.0,495.0,485.0,495.0,16000.0,495.0,505.0,507.5,462.6,376.4,353.6,False,False,False,False,False,False,True,True,False,True,False,-0.0909090909090909,-0.1313131313131313,,,0.0654545454545454,0.2395959595959596,-0.0707070707070707,0.0303030303030303,0.0088558271342542,0.0305418719211822,400.0,305.0,1.1428571428571428,0.0103761348897535,-0.0014194090158821,-0.0004365245455169
2009-07-06,490.0,490.0,485.0,490.0,24000.0,490.0,503.0,505.5,467.0,379.53333333333336,353.625,False,False,False,False,False,False,True,True,False,True,False,-0.2040816326530612,-0.0816326530612244,,,0.046938775510204,0.2254421768707482,-0.0510204081632653,0.0408163265306122,0.0082557526787283,0.0306627101879327,405.0,305.0,1.5,0.0094218415417558,-0.0009542933479977,-0.0006000744555258
2009-07-07,485.0,490.0,485.0,485.0,8000.0,485.0,497.0,504.0,471.0,382.4666666666666,353.75,False,False,False,False,False,False,True,True,False,True,False,-0.1546391752577319,-0.0824742268041237,,,0.0288659793814433,0.2114089347079039,-0.0515463917525773,0.0,0.0076695136831093,0.0257936507936507,410.0,300.0,0.3333333333333333,0.0084925690021231,-0.0009292725396326,-0.000586238995619
2009-07-08,485.0,485.0,445.0,460.0,93000.0,460.0,487.0,499.0,473.8,385.1333333333333,353.8,False,False,False,False,False,False,True,True,False,True,False,-0.108695652173913,-0.0217391304347826,,,-0.03,0.1627536231884058,0.0217391304347826,0.0,0.0069240090012118,0.0260521042084168,390.0,310.0,11.625,0.0059096665259603,-0.0025829024761627,-0.0007455046818974
2009-07-09,435.0,455.0,435.0,450.0,25000.0,450.0,476.0,492.5,475.8,387.53333333333336,353.85,False,False,False,False,False,False,True,True,False,True,False,-0.0666666666666666,0.0222222222222222,,,-0.0573333333333333,0.1388148148148147,0.1555555555555555,0.0,0.0061930156545674,0.0253807106598984,360.0,310.0,0.2688172043010752,0.0042034468263976,-0.0017062196995626,-0.0007309933466444
2009-07-10,450.0,450.0,450.0,450.0,22000.0,450.0,467.0,486.0,477.6,390.0,353.875,False,False,False,False,False,False,True,True,False,True,False,-0.0444444444444444,0.0666666666666666,,,-0.0613333333333333,0.1333333333333333,0.1,0.0333333333333333,0.0063247863247862,0.0257201646090535,375.0,315.0,0.88,0.0037688442211055,-0.000434602605292,0.0001317706702188
2009-07-13,430.0,430.0,390.0,390.0,60000.0,390.0,447.0,475.0,476.6,391.73333333333335,353.7,False,False,False,False,False,False,False,True,False,True,False,0.1538461538461538,0.1794871794871795,,,-0.2220512820512821,-0.0044444444444444,0.282051282051282,0.1666666666666666,0.0044247787610619,0.0347368421052631,360.0,315.0,2.727272727272727,-0.0020981955518254,-0.0058670397729309,-0.0019000075637242
2009-07-14,415.0,430.0,405.0,410.0,44000.0,410.0,432.0,464.5,475.0,393.53333333333336,353.65,False,False,False,False,False,False,False,True,False,True,False,0.0853658536585365,0.1585365853658536,,,-0.1585365853658536,0.0401626016260161,0.2439024390243902,0.1097560975609756,0.0045739454514653,0.0430570505920344,375.0,315.0,0.7333333333333333,-0.0033684210526316,-0.0012702255008061,0.0001491666904034
2009-07-15,415.0,415.0,410.0,410.0,5000.0,410.0,422.0,454.5,473.8,395.3333333333333,353.625,False,False,False,False,False,False,False,True,False,False,False,0.0975609756097561,0.1219512195121951,,,-0.155609756097561,0.0357723577235772,0.2195121951219512,0.0975609756097561,0.0045531197301853,0.0484048404840484,380.0,315.0,0.1136363636363636,-0.0025327142254115,0.00083570682722,-2.0825721280002228e-05
2009-07-16,430.0,435.0,420.0,420.0,12000.0,420.0,416.0,446.0,473.0,397.1333333333333,353.625,False,False,False,False,False,False,False,True,False,False,False,0.0952380952380952,0.1071428571428571,,,-0.1261904761904762,0.0544444444444444,0.4285714285714285,0.0833333333333333,0.0045324827933523,0.0526905829596412,380.0,310.0,2.4,-0.00169133192389,0.0008413823015214,-2.063693683299582e-05
2009-07-17,425.0,430.0,425.0,430.0,11000.0,430.0,412.0,439.5,472.2,399.06666666666666,353.85,False,False,False,False,False,False,False,True,False,True,False,0.1162790697674418,0.1046511627906976,,,-0.0981395348837209,0.071937984496124,0.872093023255814,0.0465116279069767,0.0048446374874707,0.0546075085324232,365.0,335.0,0.9166666666666666,-0.001694197373994,-2.865450104007133e-06,0.0003121546941183
2009-07-21,440.0,450.0,440.0,450.0,9000.0,450.0,424.0,435.5,472.0,401.2,353.95,False,False,False,False,False,False,False,True,False,False,False,0.0222222222222222,0.0111111111111111,,,-0.0488888888888888,0.1084444444444444,0.6444444444444445,-0.0555555555555555,0.005317381189764,0.044776119402985,380.0,335.0,0.8181818181818182,-0.0004237288135592,0.0012704685604347,0.0004727437022932
2009-07-22,440.0,445.0,440.0,445.0,14000.0,445.0,431.0,431.5,472.2,403.1333333333333,354.1,False,False,False,False,False,False,True,True,False,False,False,0.0674157303370786,0.0449438202247191,,,-0.0611235955056179,0.0940823970037453,0.5280898876404494,-0.0224719101123595,0.004795766495783,0.0428736964078794,380.0,345.0,1.5555555555555556,0.0004235493434984,0.0008472781570577,-0.0005216146939809
2009-07-23,445.0,450.0,445.0,450.0,18000.0,450.0,439.0,430.5,472.2,405.0,354.05,False,False,False,False,False,False,False,True,False,True,False,0.0222222222222222,0.0333333333333333,,,-0.0493333333333333,0.1,0.5444444444444444,-0.1111111111111111,0.0046090534979424,0.0313588850174216,375.0,370.0,1.2857142857142858,0.0,-0.0004235493434984,-0.0001867129978406
2009-07-24,460.0,470.0,460.0,460.0,28000.0,460.0,447.0,431.5,471.6,407.1333333333333,353.9,False,False,False,False,False,False,False,True,False,True,True,0.0108695652173913,-0.0108695652173913,,,-0.0252173913043478,0.114927536231884,0.4782608695652174,-0.1304347826086956,0.0052398886523661,0.0173812282734646,370.0,350.0,1.5555555555555556,-0.0012722646310431,-0.0012722646310431,0.0006308351544237
2009-07-27,485.0,485.0,465.0,480.0,42000.0,480.0,457.0,434.5,470.2,409.4666666666666,353.9,False,False,False,False,True,False,False,True,False,True,False,-0.0104166666666666,-0.0416666666666666,,,0.0204166666666666,0.1469444444444446,0.375,-0.1875,0.005698469553891,-0.0069044879171461,375.0,340.0,1.5,-0.0029774564015313,-0.0017051917704881,0.0004585809015249
2009-07-28,475.0,475.0,460.0,460.0,19000.0,460.0,459.0,441.5,468.2,411.53333333333336,353.775,False,False,False,False,False,False,False,True,False,True,False,-0.0108695652173913,0.0108695652173913,,,-0.0178260869565217,0.1053623188405796,0.3369565217391304,-0.1847826086956521,0.005021869431395,-0.0407701019252548,380.0,355.0,0.4523809523809524,-0.0042716787697565,-0.0012942223682251,-0.000676600122496
2009-07-29,460.0,475.0,460.0,475.0,11000.0,475.0,465.0,448.0,467.2,413.8666666666667,353.75,False,False,False,False,False,False,False,True,False,False,False,-0.0210526315789473,-0.031578947368421,,,0.0164210526315789,0.1287017543859649,0.3894736842105263,-0.2,0.005637886597938,-0.0714285714285714,385.0,375.0,0.5789473684210527,-0.0021404109589041,0.0021312678108524,0.000616017166543
2009-07-30,475.0,475.0,460.0,460.0,6000.0,460.0,467.0,453.0,465.2,415.8666666666667,353.7,False,False,False,False,False,False,False,True,False,True,False,0.0108695652173913,0.0217391304347826,,,-0.0113043478260869,0.0959420289855072,0.358695652173913,-0.2391304347826087,0.0048092337287592,-0.1037527593818984,390.0,390.0,0.5454545454545454,-0.0042992261392949,-0.0021588151803908,-0.0008286528691788
2009-07-31,475.0,475.0,465.0,465.0,5000.0,465.0,468.0,457.5,463.2,417.9333333333333,353.675,False,False,False,False,False,False,False,True,False,True,False,-0.021505376344086,0.1182795698924731,,,0.0038709677419355,0.1012186379928316,0.3225806451612903,-0.2580645161290322,0.0049449672994096,-0.1366120218579235,400.0,395.0,0.8333333333333334,-0.0043177892918825,-1.856315258762925e-05,0.0001357335706504
2009-08-03,475.0,475.0,460.0,475.0,13000.0,475.0,467.0,462.0,461.6,420.06666666666666,353.8,False,False,False,False,False,False,False,True,False,False,False,-0.031578947368421,0.0421052631578947,,,0.0282105263157894,0.1156491228070175,0.2631578947368421,-0.2421052631578947,0.0050785589588955,-0.1645021645021645,405.0,400.0,2.6,-0.0034662045060657,0.0008515847858167,0.0001335916594858
2009-08-04,460.0,475.0,455.0,455.0,60000.0,455.0,466.0,462.5,459.8,421.9333333333333,354.075,False,False,False,False,False,False,False,True,False,True,False,0.0219780219780219,0.0989010989010989,,,-0.0105494505494505,0.0726739926739927,0.3076923076923077,-0.1648351648351648,0.0044240796334332,-0.1751351351351351,415.0,405.0,4.615384615384615,-0.0039147455415398,-0.000448541035474,-0.0006544793254622
2009-08-05,465.0,465.0,465.0,465.0,2000.0,465.0,464.0,464.5,457.8,423.9333333333333,354.325,False,False,False,False,False,False,False,True,False,True,False,-0.010752688172043,0.0967741935483871,,,0.0154838709677419,0.08831541218638,0.3118279569892473,-0.2043010752688172,0.0047177229124076,-0.1926803013993541,450.0,410.0,0.0333333333333333,-0.0043687199650502,-0.0004539744235104,0.0002936432789743
2009-08-06,465.0,465.0,465.0,465.0,1000.0,465.0,465.0,466.0,456.0,425.9333333333333,354.725,False,False,False,False,False,False,False,True,False,False,False,0.010752688172043,0.075268817204301,,,0.0193548387096774,0.0840143369175628,0.3440860215053763,-0.2473118279569892,0.0046955705118171,-0.2060085836909871,440.0,390.0,0.5,-0.0039473684210526,0.0004213515439975,-2.2152400590425524e-05
2009-08-07,455.0,460.0,455.0,455.0,15000.0,455.0,463.0,465.5,454.0,427.8666666666667,355.2,False,False,False,False,False,False,False,True,False,True,False,0.1428571428571428,0.3186813186813186,,,0.0021978021978021,0.0596336996336996,0.3736263736263736,-0.1978021978021978,0.0045185416017452,-0.2126745435016111,440.0,360.0,15.0,-0.0044052863436123,-0.0004579179225596,-0.0001770289100719
2009-08-10,465.0,470.0,460.0,460.0,21000.0,460.0,460.0,463.5,452.6,429.53333333333336,356.0,False,False,False,False,False,False,False,True,False,False,False,0.0760869565217391,0.75,,,0.016086956521739,0.0662318840579709,0.3152173913043478,-0.1739130434782608,0.0038801800403539,-0.2114347357065803,450.0,375.0,1.4,-0.0030932390631904,0.0013120472804219,-0.0006383615613913
2009-08-11,465.0,470.0,465.0,465.0,12000.0,465.0,462.0,464.0,451.6,431.26666666666665,356.725,False,False,False,False,False,False,False,True,False,False,False,0.075268817204301,0.5913978494623656,,,0.0288172043010752,0.0725448028673835,0.2903225806451613,-0.1827956989247312,0.00401916834132,-0.2112068965517241,455.0,360.0,0.5714285714285714,-0.0022143489813994,0.0008788900817909,0.0001389883009661
2009-08-12,465.0,470.0,460.0,460.0,25000.0,460.0,461.0,462.5,450.6,432.8,357.525,False,False,False,False,False,False,False,True,False,True,False,0.108695652173913,0.4782608695652174,,,0.0204347826086956,0.0591304347826086,0.2608695652173913,-0.1630434782608695,0.0035428219346889,-0.2075675675675675,440.0,375.0,2.083333333333333,-0.002219263204616,-4.914223216599244e-06,-0.0004763464066311
2009-08-13,460.0,470.0,460.0,470.0,14000.0,470.0,462.0,463.5,451.0,434.1333333333333,358.0,False,False,False,False,False,False,True,True,False,False,True,0.0638297872340425,0.4787234042553192,,,0.0404255319148936,0.0763120567375886,0.1914893617021276,-0.1276595744680851,0.003071253071253,-0.1963322545846817,450.0,380.0,0.56,0.0008869179600886,0.0031061811647047,-0.0004715688634358
2009-08-14,470.0,545.0,470.0,520.0,564000.0,520.0,475.0,469.0,453.8,436.4,358.775,False,False,False,False,False,False,True,True,True,False,False,0.1538461538461538,0.3076923076923077,,,0.1273076923076923,0.1607692307692308,0.0769230769230769,-0.1153846153846153,0.0051940116101435,-0.1812366737739872,475.0,380.0,40.285714285714285,0.006170118995152,0.0052832010350634,0.0021227585388905
2009-08-17,520.0,520.0,495.0,495.0,99000.0,495.0,482.0,471.0,455.6,438.4666666666666,359.6,False,False,False,False,False,False,True,True,False,True,False,0.6262626262626263,0.3333333333333333,,,0.0795959595959595,0.1142087542087543,0.1313131313131313,-0.0101010101010101,0.0047133951649686,-0.1571125265392781,515.0,365.0,0.175531914893617,0.0039508340649692,-0.0022192849301827,-0.0004806164451748
2009-08-18,485.0,500.0,480.0,500.0,42000.0,500.0,489.0,475.5,460.0,440.4,360.425,False,False,False,False,False,False,True,True,False,False,False,0.48,0.23,,,0.08,0.1192,0.08,-0.11,0.004389948531638,-0.1514195583596214,510.0,380.0,0.4242424242424242,0.0095652173913042,0.005614383326335,-0.0003234466333306
2009-08-19,505.0,510.0,500.0,510.0,94000.0,510.0,499.0,480.0,464.0,442.2,361.225,False,False,False,False,False,False,True,True,False,True,False,0.3333333333333333,0.2941176470588235,,,0.0901960784313725,0.1329411764705882,-0.0098039215686274,-0.1176470588235294,0.0040705563093623,-0.1427083333333333,500.0,380.0,2.238095238095238,0.0086206896551724,-0.0009445277361318,-0.0003193922222757
2009-08-20,515.0,640.0,495.0,500.0,2638000.0,500.0,505.0,483.5,467.6,443.6666666666667,361.825,False,False,False,False,False,False,True,True,False,True,False,0.39,0.25,,,0.0647999999999999,0.1126666666666666,0.02,-0.11,0.003305785123967,-0.1292657704239917,510.0,375.0,28.06382978723404,0.0076988879384089,-0.0009218017167634,-0.0007647711853952
2009-08-21,540.0,620.0,540.0,600.0,1769000.0,600.0,521.0,498.0,474.8,446.4,362.925,False,False,False,False,False,False,True,True,False,False,False,0.1333333333333333,0.025,,,0.2086666666666666,0.256,-0.1166666666666666,-0.2916666666666667,0.0061230585424132,-0.142570281124498,515.0,370.0,0.6705837755875663,0.0151642796967143,0.0074653917583054,0.0028172734184462
2009-08-24,675.0,835.0,660.0,805.0,7711000.0,805.0,583.0,532.5,489.8,451.8,365.15,False,False,False,False,False,False,True,True,False,False,False,-0.1801242236024844,-0.2546583850931677,,,0.3915527950310559,0.4387577639751552,-0.3043478260869565,-0.4906832298136646,0.0119521912350598,-0.1924882629107981,515.0,375.0,4.35895986433013,0.0306247447937933,0.015460465097079,0.0058291326926465
2009-08-25,765.0,810.0,705.0,740.0,1766000.0,740.0,631.0,560.0,501.4,456.26666666666665,367.025,False,False,False,False,False,False,True,True,False,True,False,-0.1689189189189189,-0.1959459459459459,,,0.3224324324324324,0.3834234234234234,-0.2635135135135135,-0.4189189189189189,0.0097895967270601,-0.2232142857142857,500.0,380.0,0.2290234729607055,0.0231352213801355,-0.0074895234136578,-0.0021625945079996
2009-08-26,725.0,760.0,665.0,680.0,771000.0,680.0,665.0,582.0,510.8,459.8666666666667,368.7,False,False,False,False,False,False,True,True,False,True,False,-0.0294117647058823,-0.1029411764705882,,,0.2488235294117647,0.3237254901960784,-0.2352941176470588,-0.3529411764705882,0.0078283560452305,-0.243127147766323,515.0,385.0,0.4365798414496036,0.0184025058731402,-0.0047327155069953,-0.0019612406818295
2009-08-27,675.0,745.0,655.0,695.0,913000.0,695.0,704.0,604.5,520.6,463.9333333333333,370.55,False,False,False,False,False,False,True,True,False,False,False,-0.1007194244604316,-0.1007194244604316,,,0.2509352517985611,0.3324700239808154,-0.2589928057553957,-0.3884892086330935,0.0087656272452937,-0.2688172043010752,510.0,390.0,1.1841763942931258,0.018824433346139,0.0004219274729988,0.0009372712000631
2009-08-28,670.0,685.0,660.0,680.0,398000.0,680.0,720.0,620.5,529.4,468.2,372.225,False,False,False,False,False,False,True,True,False,True,False,-0.0955882352941176,-0.0808823529411764,,,0.2214705882352941,0.3114705882352941,-0.2279411764705882,-0.3897058823529412,0.0091129147088139,-0.2949234488315874,505.0,400.0,0.4359255202628697,0.0166225916131468,-0.0022018417329922,0.0003472874635202
2009-08-31,700.0,725.0,630.0,660.0,472000.0,660.0,691.0,637.0,536.6,472.0,373.65,False,False,False,False,False,False,True,True,False,True,False,-0.0909090909090909,-0.0833333333333333,,,0.1869696969696969,0.2848484848484848,-0.2121212121212121,-0.3560606060606061,0.0080508474576271,-0.3233908948194662,495.0,405.0,1.185929648241206,0.0134178158777488,-0.0032047757353979,-0.0010620672511868
2009-09-01,655.0,655.0,605.0,615.0,265000.0,615.0,666.0,648.5,542.8,475.4,374.875,False,False,False,False,False,False,True,True,False,True,False,-0.032520325203252,-0.024390243902439,,,0.1173983739837399,0.2269918699186992,-0.1382113821138211,-0.3252032520325203,0.0071518721076987,-0.3400154202004626,490.0,415.0,0.5614406779661016,0.0114222549742076,-0.0019955609035411,-0.0008989753499284
2009-09-02,640.0,665.0,615.0,660.0,293000.0,660.0,662.0,663.5,550.2,479.2,376.35,False,False,False,False,False,False,True,True,False,False,False,-0.0757575757575757,-0.1212121212121212,,,0.1663636363636363,0.273939393939394,-0.2045454545454545,-0.3636363636363636,0.0079298831385642,-0.359457422758101,485.0,450.0,1.1056603773584903,0.0134496546710288,0.0020273996968211,0.0007780110308655
2009-09-03,635.0,660.0,620.0,625.0,318000.0,625.0,648.0,676.0,556.8,482.4666666666666,377.5,False,False,False,False,False,False,True,True,False,True,False,0.0,-0.104,,,0.10912,0.2280533333333334,-0.184,-0.32,0.0067707613652064,-0.3742603550295858,460.0,440.0,1.0853242320819112,0.0118534482758619,-0.0015962063951669,-0.0011591217733578
2009-09-04,630.0,640.0,600.0,615.0,259000.0,615.0,635.0,677.5,562.8,485.6,378.725,False,False,False,False,False,False,True,True,False,True,False,0.016260162601626,-0.089430894308943,,,0.0848780487804878,0.2104065040650406,-0.1544715447154471,-0.3170731707317073,0.0064524986271281,-0.3763837638376384,450.0,440.0,0.8144654088050315,0.0106609808102345,-0.0011924674656273,-0.0003182627380782
2009-09-07,610.0,615.0,585.0,600.0,204000.0,600.0,623.0,657.0,567.8,488.73333333333335,379.925,False,False,False,False,False,False,True,True,False,True,False,0.0083333333333333,-0.0666666666666666,,,0.0536666666666667,0.1854444444444444,-0.1166666666666666,-0.3166666666666666,0.00641113081435,-0.3569254185692542,450.0,450.0,0.7876447876447876,0.0088059175766114,-0.001855063233623,-4.13678127781647e-05
2009-09-08,600.0,600.0,580.0,595.0,133000.0,595.0,619.0,642.5,573.4,491.6,381.1,False,False,False,False,False,False,True,True,False,False,False,0.0084033613445378,-0.0924369747899159,,,0.0363025210084034,0.173781512605042,-0.1176470588235294,-0.2941176470588235,0.005831299159208,-0.3439688715953307,390.0,455.0,0.6519607843137255,0.0097663062434601,0.0009603886668486,-0.0005798316551419
2009-09-09,615.0,640.0,600.0,610.0,322000.0,610.0,609.0,635.5,579.2,494.6666666666667,382.35,False,False,False,False,False,False,True,True,False,False,False,-0.0491803278688524,-0.1721311475409836,,,0.0504918032786884,0.1890710382513661,-0.1393442622950819,-0.3114754098360656,0.006199460916442,-0.3398898505114083,410.0,440.0,2.421052631578948,0.0100138121546962,0.0002475059112361,0.0003681617572339
2009-09-10,600.0,625.0,600.0,625.0,173000.0,625.0,609.0,628.5,585.6,498.0,383.7,False,False,False,False,False,False,True,True,False,False,False,-0.104,-0.184,,,0.0630399999999999,0.2032,-0.152,-0.32,0.0066934404283801,-0.3325377883850438,410.0,450.0,0.5372670807453416,0.0109289617486338,0.0009151495939375,0.0004939795119381
2009-09-11,635.0,635.0,610.0,625.0,136000.0,625.0,611.0,623.0,592.4,501.4,385.075,False,False,False,False,False,False,True,True,False,False,False,-0.104,-0.152,,,0.05216,0.19776,-0.16,-0.32,0.0067810131631431,-0.3250401284109149,420.0,475.0,0.7861271676300579,0.0114787305874408,0.000549768838807,8.757273476300495e-05
2009-09-14,620.0,620.0,595.0,605.0,128000.0,605.0,612.0,617.5,598.2,504.4666666666666,386.35,False,False,False,False,False,False,True,True,False,True,False,-0.0743801652892562,-0.0743801652892562,,,0.0112396694214875,0.1661707988980717,-0.1570247933884297,-0.2892561983471074,0.0060790273556229,-0.3182186234817813,430.0,515.0,0.9411764705882352,0.0096957539284521,-0.0017829766589887,-0.0007019858075201
2009-09-15,620.0,625.0,595.0,600.0,153000.0,600.0,613.0,616.0,603.6,507.4,387.675,False,False,False,False,False,False,True,True,False,True,False,-0.1,-0.0916666666666666,,,-0.006,0.1543333333333333,-0.15,-0.275,0.0057811062935226,-0.3133116883116883,450.0,510.0,1.1953125,0.0089463220675943,-0.0007494318608577,-0.0002979210621003
2009-09-16,595.0,605.0,575.0,580.0,68000.0,580.0,607.0,608.0,608.4,510.0,388.9,False,False,False,False,False,False,True,True,False,True,False,-0.1293103448275862,-0.1034482758620689,,,-0.0489655172413792,0.1206896551724138,-0.1637931034482758,-0.2413793103448276,0.0050980392156863,-0.3009868421052631,445.0,500.0,0.4444444444444444,0.0078895463510847,-0.0010567757165096,-0.0006830670778363
2009-09-17,575.0,590.0,550.0,560.0,129000.0,560.0,594.0,601.5,612.0,512.2666666666667,390.175,False,False,False,False,False,False,True,True,False,True,False,-0.0892857142857142,-0.0803571428571428,,,-0.0928571428571428,0.0852380952380952,-0.1785714285714285,-0.1785714285714285,0.0044247787610619,-0.2876142975893599,450.0,510.0,1.897058823529412,0.0058823529411765,-0.0020071934099082,-0.0006732604546244
2009-09-18,555.0,590.0,550.0,560.0,133000.0,560.0,581.0,596.0,613.6,514.4,391.475,False,False,False,False,False,False,True,True,False,True,False,-0.0535714285714285,-0.0625,,,-0.0957142857142857,0.0814285714285714,-0.1964285714285714,-0.2053571428571428,0.0041472265422498,-0.2768456375838926,460.0,515.0,1.0310077519379846,0.0026075619295958,-0.0032747910115806,-0.000277552218812
2009-09-24,580.0,580.0,560.0,560.0,43000.0,560.0,572.0,592.0,616.2,516.4666666666667,392.675,False,False,False,False,False,False,True,True,False,False,False,0.0,-0.0714285714285714,,,-0.1003571428571429,0.0777380952380951,-0.1696428571428571,-0.2232142857142857,0.0040015489867046,-0.2677364864864865,480.0,515.0,0.3233082706766917,0.0042194092827004,0.0016118473531045,-0.0001456775555452
2009-09-25,550.0,550.0,530.0,540.0,50000.0,540.0,560.0,586.5,617.8,518.1333333333333,393.725,False,False,False,False,False,False,True,True,False,True,False,0.0092592592592592,-0.0185185185185185,,,-0.144074074074074,0.0404938271604938,-0.1574074074074074,-0.2037037037037037,0.0032166752444672,-0.2591645353793691,460.0,500.0,1.162790697674419,0.0025898348980251,-0.0016295743846753,-0.0007848737422373
2009-09-28,525.0,525.0,505.0,505.0,117000.0,505.0,545.0,576.0,617.6,518.8666666666667,394.6,False,False,False,False,False,False,False,True,False,True,False,0.0297029702970297,0.0396039603960396,,,-0.222970297029703,-0.0274587458745874,-0.099009900990099,-0.1287128712871287,0.0014133367596042,-0.2421875,475.0,515.0,2.34,-0.000323834196891,-0.0029136690949161,-0.0018033384848629
2009-09-29,505.0,515.0,500.0,510.0,81000.0,510.0,535.0,564.5,618.0,519.8,395.45,False,False,False,False,False,False,True,True,False,False,False,0.0098039215686274,0.0,,,-0.2117647058823529,-0.0192156862745097,-0.1176470588235294,-0.1274509803921568,0.0017955623957931,-0.2232063773250664,460.0,510.0,0.6923076923076923,0.0006472491909384,0.0009710833878295,0.0003822256361888
2009-09-30,515.0,530.0,515.0,530.0,89000.0,530.0,529.0,555.0,615.2,521.0,396.375,False,False,False,False,False,False,False,True,False,True,False,-0.0094339622641509,-0.0188679245283018,,,-0.1607547169811321,0.0169811320754716,-0.1415094339622641,-0.2075471698113207,0.0023032629558542,-0.2108108108108108,465.0,505.0,1.0987654320987654,-0.0045513654096228,-0.0051986146005612,0.000507700560061
2009-10-01,545.0,575.0,535.0,560.0,200000.0,560.0,529.0,550.5,605.4,522.4666666666667,397.525,False,False,False,False,False,False,False,True,False,True,False,-0.0714285714285714,-0.0535714285714285,,,-0.0810714285714285,0.0670238095238094,-0.1964285714285714,-0.2321428571428571,0.0028071966313641,-0.2043596730245231,475.0,495.0,2.247191011235955,-0.0161876445325405,-0.0116362791229177,0.0005039336755098
2009-10-02,535.0,545.0,510.0,545.0,124000.0,545.0,530.0,545.0,597.6,523.6666666666666,398.7,False,False,False,False,False,False,False,True,False,False,False,-0.0275229357798165,-0.036697247706422,,,-0.0965137614678899,0.0391437308868502,-0.2201834862385321,-0.2110091743119266,0.002291534054742,-0.1972477064220183,455.0,490.0,0.62,-0.0130522088353412,0.0031354356971992,-0.000515662576622
2009-10-05,545.0,545.0,515.0,520.0,50000.0,520.0,533.0,539.0,591.2,524.7333333333333,399.725,False,False,False,False,False,False,False,True,False,False,False,0.0096153846153846,0.0096153846153846,,,-0.136923076923077,-0.0091025641025641,-0.1634615384615384,-0.1923076923076923,0.0020327785541863,-0.1920222634508348,465.0,485.0,0.4032258064516129,-0.0108254397834911,0.0022267690518501,-0.0002587555005557
2009-10-06,510.0,530.0,510.0,515.0,65000.0,515.0,534.0,534.5,584.0,525.6,400.675,False,False,False,False,False,False,False,True,False,True,False,-0.0097087378640776,0.029126213592233,,,-0.1339805825242718,-0.0205825242718447,-0.2233009708737864,-0.1941747572815534,0.0016489091831557,-0.1936389148737137,465.0,460.0,1.3,-0.0123287671232877,-0.0015033273397965,-0.0003838693710305
2009-10-07,525.0,525.0,510.0,525.0,23000.0,525.0,533.0,531.0,577.8,526.2666666666667,401.75,False,False,False,False,False,False,False,True,False,False,False,-0.0095238095238095,0.0,,,-0.1005714285714284,-0.0024126984126983,-0.238095238095238,-0.2,0.0012667848999239,-0.1930320150659133,455.0,450.0,0.3538461538461538,-0.0107303565247491,0.0015984105985386,-0.0003821242832318
2009-10-08,510.0,520.0,510.0,520.0,21000.0,520.0,525.0,527.0,572.2,526.3333333333334,402.775,False,False,False,False,False,False,False,True,False,False,False,0.0192307692307692,-0.0192307692307692,,,-0.1003846153846154,-0.0121794871794872,-0.25,-0.2019230769230769,0.0001266624445852,-0.1907020872865275,460.0,450.0,0.9130434782608696,-0.0097867878364206,0.0009435686883284,-0.0011401224553386
2009-10-09,515.0,530.0,510.0,530.0,64000.0,530.0,522.0,526.0,568.8,526.6,403.85,False,False,False,False,False,False,False,True,False,False,False,-0.0094339622641509,-0.0377358490566037,,,-0.0732075471698112,0.0064150943396225,-0.2924528301886792,-0.2264150943396226,0.0005063932143308,-0.1929657794676806,465.0,390.0,3.0476190476190474,-0.0059774964838257,0.0038092913525949,0.0003797307697456
2009-10-13,530.0,530.0,525.0,525.0,10000.0,525.0,523.0,528.0,563.4,526.9333333333333,404.85,False,False,False,False,False,False,False,True,False,True,True,0.0,-0.0761904761904762,,,-0.073142857142857,-0.0036825396825395,-0.2761904761904762,-0.2,0.0006325910931172,-0.199810606060606,460.0,410.0,0.15625,-0.0095846645367411,-0.0036071680529154,0.0001261978787863
2009-10-14,525.0,525.0,505.0,510.0,25000.0,510.0,522.0,528.0,558.8,526.9333333333333,405.775,False,False,False,False,False,False,False,False,False,False,False,0.0392156862745098,-0.0980392156862745,,,-0.0956862745098038,-0.0332026143790848,-0.3137254901960784,-0.1666666666666666,0.0,-0.2035984848484848,470.0,410.0,2.5,-0.0082319255547602,0.0013527389819809,-0.0006325910931172
2009-10-15,515.0,530.0,510.0,520.0,44000.0,520.0,521.0,527.0,555.0,527.0,406.8,False,False,False,False,False,False,False,True,False,False,False,0.0096153846153846,-0.1346153846153846,,,-0.0673076923076923,-0.0134615384615384,-0.3365384615384615,-0.2115384615384615,0.0001265022137888,-0.2039848197343453,520.0,420.0,1.76,-0.0068468468468467,0.0013850787079134,0.0001265022137888
2009-10-16,530.0,530.0,520.0,530.0,34000.0,530.0,523.0,524.0,552.2,527.2,407.825,False,False,False,False,False,False,False,True,False,False,False,-0.0377358490566037,-0.1226415094339622,,,-0.0418867924528302,0.0052830188679244,-0.320754716981132,-0.2169811320754717,0.0003793626707132,-0.2022900763358778,495.0,430.0,0.7727272727272727,-0.0050706265845707,0.001776220262276,0.0002528604569244
2009-10-19,525.0,525.0,520.0,525.0,21000.0,525.0,522.0,522.0,549.4,527.5333333333333,408.85,False,False,False,False,False,False,False,True,False,True,False,-0.0285714285714285,-0.1333333333333333,,,-0.0464761904761904,-0.0048253968253967,-0.2761904761904762,-0.219047619047619,0.0006318716036899,-0.2030651340996168,500.0,450.0,0.6176470588235294,-0.0050964688751366,-2.5842290565911488e-05,0.0002525089329766
2009-10-20,520.0,525.0,520.0,525.0,18000.0,525.0,522.0,522.5,546.0,527.6666666666666,409.85,False,False,False,False,False,False,False,True,False,True,False,-0.0761904761904762,-0.1333333333333333,,,-0.04,-0.005079365079365,-0.2952380952380952,-0.2285714285714285,0.0002526847757422,-0.2066985645933014,510.0,445.0,0.8571428571428571,-0.0062271062271061,-0.0011306373519695,-0.0003791868279477
2009-10-21,515.0,530.0,515.0,530.0,18000.0,530.0,526.0,524.0,542.2,527.9333333333333,410.95,False,False,False,False,False,False,False,True,False,True,True,-0.1320754716981132,-0.1509433962264151,,,-0.0230188679245283,0.0038993710691824,-0.3396226415094339,-0.1509433962264151,0.0005051142821062,-0.2022900763358778,500.0,450.0,1.0,-0.0070084839542603,-0.0007813777271541,0.000252429506364
2009-10-22,525.0,530.0,520.0,525.0,34000.0,525.0,527.0,524.0,538.2,528.2,412.0,False,False,False,False,False,False,False,True,False,True,False,-0.1428571428571428,-0.1333333333333333,,,-0.0251428571428572,-0.0060952380952381,-0.3047619047619048,-0.1619047619047619,0.0005048592704785,-0.1984732824427481,600.0,460.0,1.8888888888888888,-0.0074321813452248,-0.0004236973909644,-2.550116277572458e-07
2009-10-23,520.0,520.0,500.0,510.0,116000.0,510.0,523.0,523.0,534.4,528.4,413.0,False,False,False,False,False,False,False,True,False,False,False,-0.088235294117647,-0.1176470588235294,,,-0.0478431372549019,-0.0360784313725489,-0.2549019607843137,-0.1666666666666666,0.0003785011355032,-0.1950286806883365,805.0,480.0,3.411764705882353,-0.0071107784431139,0.0003214029021109,-0.0001263581349752
2009-10-26,515.0,515.0,505.0,510.0,47000.0,510.0,520.0,521.0,530.8,528.6666666666666,414.025,False,False,False,False,False,False,False,True,False,False,False,-0.1078431372549019,-0.1666666666666666,,,-0.0407843137254901,-0.0366013071895424,-0.2549019607843137,-0.1372549019607843,0.0005044136191676,-0.1861804222648752,740.0,460.0,0.4051724137931034,-0.0067822155237377,0.0003285629193761,0.0001259124836644
2009-10-27,505.0,505.0,485.0,485.0,172000.0,485.0,512.0,517.0,527.0,528.6666666666666,414.925,False,False,True,False,False,False,False,False,False,True,False,-0.0618556701030927,-0.1030927835051546,,,-0.0865979381443299,-0.0900343642611683,-0.2061855670103092,-0.0721649484536082,0.0,-0.1740812379110251,680.0,475.0,3.6595744680851054,-0.0072106261859581,-0.0004284106622203,-0.0005044136191676
2009-10-28,475.0,475.0,455.0,460.0,81000.0,460.0,498.0,512.0,523.0,528.6666666666666,415.675,False,False,False,False,False,False,False,False,False,True,False,-0.0217391304347826,-0.1304347826086956,,,-0.1369565217391304,-0.1492753623188405,-0.108695652173913,-0.0652173913043478,0.0,-0.1650390625,695.0,460.0,0.4709302325581395,-0.0076481835564053,-0.0004375573704471,0.0
2009-10-29,435.0,450.0,430.0,450.0,64000.0,450.0,483.0,505.0,518.6,528.6666666666666,416.375,False,False,False,False,False,False,False,False,False,True,False,0.0111111111111111,-0.1111111111111111,,,-0.1524444444444445,-0.1748148148148147,0.0222222222222222,-0.0333333333333333,0.0,-0.1485148514851485,680.0,465.0,0.7901234567901234,-0.0084843810258387,-0.0008361974694333,0.0
2009-10-30,450.0,475.0,450.0,465.0,42000.0,465.0,474.0,498.5,514.8,528.8666666666667,417.125,False,False,False,False,False,False,False,True,False,False,False,-0.032258064516129,-0.1612903225806451,,,-0.1070967741935483,-0.1373476702508961,0.053763440860215,-0.064516129032258,0.0003781671498803,-0.1334002006018054,660.0,475.0,0.65625,-0.0073815073815075,0.0011028736443312,0.0003781671498803
2009-11-02,460.0,460.0,445.0,455.0,11000.0,455.0,463.0,491.5,511.4,529.7333333333333,417.8,False,False,False,False,False,False,False,True,False,False,False,-0.0659340659340659,-0.1758241758241758,,,-0.1239560439560439,-0.1642490842490842,-0.0219780219780219,-0.0549450549450549,0.0016360432922225,-0.1169888097660223,615.0,455.0,0.2619047619047619,-0.0066484161126319,0.0007330912688755,0.0012578761423421
2009-11-04,455.0,455.0,455.0,455.0,12000.0,455.0,457.0,484.5,509.4,530.3333333333334,418.4,False,False,False,False,False,False,False,True,False,False,False,-0.0439560439560439,-0.1648351648351648,,,-0.1195604395604395,-0.1655677655677656,-0.0109890109890109,0.0329670329670329,0.0011313639220616,-0.0908152734778121,660.0,465.0,1.0909090909090908,-0.0039261876717707,0.0027222284408612,-0.0005046793701608
2009-11-05,455.0,460.0,450.0,450.0,12000.0,450.0,455.0,476.5,507.0,530.8666666666667,418.9,False,False,False,False,False,False,False,True,False,True,False,-0.1111111111111111,-0.2222222222222222,,,-0.1266666666666666,-0.1797037037037037,-0.0111111111111111,0.0555555555555555,0.0010046464900162,-0.0703043022035676,625.0,465.0,1.0,-0.0047337278106508,-0.0008075401388801,-0.0001267174320453
2009-11-06,450.0,455.0,450.0,455.0,19000.0,455.0,456.0,469.5,504.0,531.3333333333334,419.5,False,False,False,False,False,False,False,True,False,True,False,-0.1208791208791208,-0.2417582417582417,,,-0.1076923076923077,-0.1677655677655678,-0.0659340659340659,0.0879120879120879,0.0008782936010038,-0.0447284345047923,615.0,455.0,1.5833333333333333,-0.0059523809523809,-0.0012186531417301,-0.0001263528890124
2009-11-09,455.0,455.0,450.0,450.0,17000.0,450.0,453.0,463.5,499.6,531.6,420.025,False,False,False,False,False,False,False,True,False,True,False,-0.1333333333333333,-0.2,,,-0.1102222222222222,-0.1813333333333333,-0.0888888888888888,0.1777777777777777,0.0005016302984699,-0.0097087378640776,600.0,460.0,0.8947368421052632,-0.0088070456365091,-0.0028546646841282,-0.0003766633025338
2009-11-10,445.0,445.0,425.0,425.0,72000.0,425.0,447.0,455.0,494.8,531.2666666666667,420.5,False,False,False,False,False,False,False,False,False,True,False,-0.1176470588235294,-0.1058823529411764,,,-0.1642352941176471,-0.2500392156862744,0.0117647058823529,0.2235294117647059,-0.0006274312962731,0.0263736263736263,595.0,465.0,4.235294117647059,-0.0097008892481811,-0.0008938436116719,-0.0011290615947431
2009-11-11,430.0,435.0,430.0,435.0,19000.0,435.0,443.0,450.0,491.4,531.1333333333333,420.975,False,False,False,False,False,False,False,False,False,False,False,-0.1264367816091954,-0.1494252873563218,,,-0.129655172413793,-0.2209961685823754,0.0114942528735632,0.1724137931034483,-0.0002510355215262,0.0511111111111111,610.0,460.0,0.2638888888888889,-0.0069190069190069,0.0027818823291741,0.0003763957747468
2009-11-12,440.0,440.0,400.0,400.0,45000.0,400.0,433.0,444.0,486.8,530.4666666666667,421.325,False,False,False,False,False,False,False,False,False,True,False,-0.125,-0.125,,,-0.217,-0.3261666666666667,0.0625,0.275,-0.001256755058439,0.0833333333333333,625.0,470.0,2.3684210526315788,-0.0094494658997534,-0.0025304589807464,-0.0010057195369127
2009-11-13,395.0,400.0,375.0,400.0,41000.0,400.0,422.0,439.0,481.8,529.6666666666666,421.675,False,False,False,False,False,False,False,False,False,True,False,-0.1375,-0.0875,,,-0.2045,-0.3241666666666665,0.0375,0.3,-0.0015103838892386,0.1150341685649202,625.0,520.0,0.9111111111111112,-0.0103777501037775,-0.000928284204024,-0.0002536288307996
2009-11-16,405.0,405.0,390.0,390.0,16000.0,390.0,410.0,431.5,476.6,528.4666666666667,421.925,False,False,False,False,False,False,False,False,False,True,False,-0.0769230769230769,-0.0256410256410256,,,-0.2220512820512821,-0.3550427350427351,0.0897435897435897,0.3076923076923077,-0.0022707203229467,0.1517960602549246,605.0,495.0,0.3902439024390244,-0.0109106168694922,-0.0005328667657147,-0.0007603364337081
2009-11-17,400.0,400.0,375.0,375.0,24000.0,375.0,400.0,423.5,470.4,527.3333333333334,422.1,False,False,False,False,False,False,False,False,False,True,False,0.0133333333333333,0.0133333333333333,,,-0.2543999999999999,-0.4062222222222223,0.1066666666666666,0.3466666666666667,-0.0021491782553729,0.1912632821723731,600.0,500.0,1.5,-0.0131802721088436,-0.0022696552393514,0.0001215420675738
2009-11-18,375.0,380.0,355.0,380.0,49000.0,380.0,389.0,416.0,464.6,526.0666666666667,422.325,False,False,False,False,False,False,False,False,False,False,False,-0.0263157894736842,0.0131578947368421,,,-0.2226315789473684,-0.3843859649122808,0.1052631578947368,0.3289473684210526,-0.0024078063616778,0.2211538461538461,580.0,510.0,2.0416666666666665,-0.0124838570813602,0.0006964150274834,-0.0002586281063049
2009-11-19,365.0,365.0,345.0,350.0,88000.0,350.0,379.0,406.0,458.2,524.6,422.4,False,False,False,False,False,False,False,False,False,True,False,0.0,0.1714285714285714,,,-0.3091428571428571,-0.4988571428571429,0.2142857142857142,0.4428571428571428,-0.0027957809124412,0.2586206896551724,560.0,500.0,1.7959183673469388,-0.0139676996944566,-0.0014838426130964,-0.0003879745507634
2009-11-20,340.0,360.0,340.0,345.0,26000.0,345.0,368.0,395.0,451.2,523.0,422.5,False,False,False,False,False,False,False,False,False,True,False,0.0579710144927536,0.3333333333333333,,,-0.3078260869565217,-0.5159420289855072,0.217391304347826,0.4782608695652174,-0.0030592734225621,0.2974683544303797,560.0,600.0,0.2954545454545454,-0.0155141843971631,-0.0015464847027064,-0.0002634925101209
2009-11-24,355.0,360.0,355.0,360.0,30000.0,360.0,362.0,386.0,444.4,521.4666666666667,422.825,False,False,False,False,False,False,False,False,False,False,False,0.0555555555555555,0.3611111111111111,,,-0.2344444444444443,-0.4485185185185186,0.1388888888888889,0.4027777777777778,-0.0029404244438761,0.3212435233160621,560.0,805.0,1.1538461538461535,-0.0153015301530153,0.0002126542441477,0.0001188489786859
2009-11-25,410.0,410.0,370.0,380.0,26000.0,380.0,363.0,381.5,438.6,520.4666666666667,423.15,False,False,False,False,False,False,False,False,False,False,False,0.0,0.1710526315789473,,,-0.1542105263157895,-0.3696491228070176,0.1052631578947368,0.3552631578947368,-0.0019213526322531,0.3355176933158584,540.0,740.0,0.8666666666666667,-0.0132238942088462,0.0020776359441691,0.001019071811623
2009-11-26,365.0,370.0,355.0,370.0,28000.0,370.0,361.0,375.0,432.4,519.2,423.425,False,False,False,False,False,False,False,False,False,True,False,0.0405405405405405,0.2162162162162162,,,-0.1686486486486486,-0.4032432432432433,0.1351351351351351,0.3783783783783784,-0.0024396507447354,0.3586666666666667,505.0,680.0,1.0769230769230769,-0.0143385753931545,-0.0011146811843083,-0.0005182981124823
2009-11-27,350.0,355.0,350.0,350.0,20000.0,350.0,361.0,370.0,425.2,517.6666666666666,423.575,False,False,False,False,False,False,False,False,False,True,False,0.1714285714285714,0.2714285714285714,,,-0.2148571428571428,-0.4790476190476189,0.2142857142857142,0.4857142857142857,-0.0029620090148102,0.3797297297297297,510.0,695.0,0.7142857142857143,-0.0169332079021636,-0.002594632509009,-0.0005223582700747
2009-11-30,355.0,365.0,355.0,365.0,9000.0,365.0,365.0,366.5,418.8,516.4666666666667,423.825,False,False,False,False,False,False,False,False,False,False,False,0.2602739726027397,0.1643835616438356,,,-0.1473972602739726,-0.4149771689497717,0.1643835616438356,0.410958904109589,-0.002323480056796,0.3915416098226466,530.0,680.0,0.45,-0.0152817574021011,0.0016514505000624,0.0006385289580141
2009-12-01,365.0,380.0,365.0,380.0,12000.0,380.0,369.0,365.5,413.6,515.4,424.2,False,False,False,False,False,False,False,False,False,False,False,0.2894736842105263,0.0789473684210526,,,-0.088421052631579,-0.3563157894736841,0.131578947368421,0.3421052631578947,-0.0020695899624887,0.3953488372093023,560.0,660.0,1.3333333333333333,-0.0125725338491295,0.0027092235529716,0.0002538900943072
2009-12-02,395.0,395.0,380.0,380.0,30000.0,380.0,369.0,366.0,408.4,514.2666666666667,424.575,False,False,False,False,False,False,False,False,False,True,False,0.1710526315789473,0.131578947368421,,,-0.0747368421052631,-0.3533333333333333,0.1447368421052631,0.3421052631578947,-0.0022037853253824,0.3948087431693989,545.0,615.0,2.5,-0.0127326150832518,-0.0001600812341222,-0.0001341953628936
2009-12-03,385.0,385.0,385.0,385.0,16000.0,385.0,372.0,366.5,404.4,513.2666666666667,424.975,False,False,False,False,False,False,False,False,False,False,False,0.1688311688311688,0.1428571428571428,,,-0.0503896103896103,-0.3331601731601731,0.1428571428571428,0.3116883116883117,-0.001948304974672,0.3929058663028649,520.0,660.0,0.5333333333333333,-0.009891196834817,0.0028414182484348,0.0002554803507103
2009-12-04,375.0,415.0,375.0,410.0,104000.0,410.0,384.0,372.5,402.4,512.4666666666667,425.5,False,False,False,False,True,False,False,False,False,False,False,0.0853658536585365,0.0365853658536585,,,0.0185365853658537,-0.2499186991869919,0.1219512195121951,0.1951219512195122,-0.0015610771432287,0.3664429530201342,515.0,625.0,6.5,-0.0049701789264413,0.0049210179083756,0.0003872278314432
2009-12-07,455.0,480.0,435.0,460.0,201000.0,460.0,403.0,384.0,402.8,511.6666666666667,426.25,False,False,False,False,False,False,True,False,False,False,False,-0.0760869565217391,-0.0978260869565217,,,0.1243478260869564,-0.1123188405797101,-0.0326086956521739,0.0652173913043478,-0.0015635179153094,0.3203125,525.0,615.0,1.932692307692308,0.0009930486593843,0.0059632275858257,-2.4407720807292487e-06
2009-12-08,485.0,505.0,470.0,490.0,250000.0,490.0,425.0,397.0,403.8,511.6,427.2,False,False,False,False,False,False,True,False,True,False,False,-0.1632653061224489,-0.1326530612244898,,,0.1759183673469387,-0.0440816326530612,-0.1122448979591836,0.010204081632653,-0.0001303101381287,0.2745591939546599,520.0,600.0,1.243781094527363,0.0024764735017335,0.0014834248423491,0.0014332077771807
2009-12-09,465.0,475.0,440.0,445.0,101000.0,445.0,438.0,403.5,403.4,510.8666666666667,427.975,False,False,False,False,False,False,False,False,False,True,False,-0.0337078651685393,-0.0674157303370786,,,0.0934831460674157,-0.1480149812734082,-0.0337078651685393,0.0898876404494382,-0.0014354691374135,0.2465923172242874,530.0,595.0,0.404,-0.0009915716410511,-0.0034680451427846,-0.0013051589992848
2009-12-10,480.0,480.0,415.0,450.0,97000.0,450.0,451.0,411.5,403.2,510.06666666666666,428.8,False,False,False,False,False,False,False,False,False,False,False,-0.0222222222222222,-0.0666666666666666,,,0.104,-0.1334814814814814,-0.0222222222222222,0.1,-0.0015684224284407,0.2187120291616039,525.0,610.0,0.9603960396039604,-0.0004960317460317,0.0004955398950194,-0.0001329532910271
2009-12-11,465.0,465.0,440.0,445.0,22000.0,445.0,458.0,421.0,403.0,509.3333333333333,429.625,False,False,False,False,False,False,False,False,False,True,False,-0.0449438202247191,-0.0449438202247191,,,0.0943820224719101,-0.144569288389513,0.0,0.1123595505617977,-0.0014397905759162,0.1852731591448931,510.0,625.0,0.2268041237113402,-0.0004962779156327,-2.461696010083378e-07,0.0001286318525244
2009-12-14,435.0,435.0,415.0,425.0,29000.0,425.0,451.0,427.0,401.8,507.0,430.35,False,False,False,False,False,False,False,False,False,True,False,-0.0235294117647058,-0.0117647058823529,,,0.0545882352941176,-0.1929411764705882,-0.0117647058823529,0.1647058823529411,-0.0046022353714661,0.1639344262295081,520.0,625.0,1.318181818181818,-0.0029865604778496,-0.0024902825622169,-0.0031624447955498
2009-12-15,415.0,415.0,400.0,410.0,56000.0,410.0,435.0,430.0,400.2,501.73333333333335,431.025,False,False,False,False,False,False,False,False,False,True,False,0.0365853658536585,0.0,,,0.0239024390243902,-0.223739837398374,0.048780487804878,0.2317073170731707,-0.0104969439277172,0.1546511627906976,530.0,605.0,1.9310344827586208,-0.0039980009995003,-0.0010114405216506,-0.0058947085562511
2009-12-16,405.0,440.0,405.0,430.0,96000.0,430.0,432.0,435.0,400.4,497.6,431.825,False,False,False,False,False,False,True,False,False,False,False,-0.0348837209302325,-0.0232558139534883,,,0.0688372093023256,-0.1572093023255814,0.0,0.2093023255813953,-0.0083065380493033,0.1436781609195402,525.0,600.0,1.7142857142857142,0.0004995004995004,0.0044975014990007,0.0021904058784139
2009-12-17,440.0,440.0,425.0,440.0,25000.0,440.0,430.0,440.5,400.6,494.4,432.725,False,False,False,False,False,False,True,False,False,True,False,-0.0454545454545454,-0.0454545454545454,,,0.0895454545454545,-0.1236363636363635,-0.0454545454545454,0.1704545454545454,-0.0064724919093852,0.1316685584562996,525.0,580.0,0.2604166666666667,0.0004992511233151,-2.4937618533019124e-07,0.0018340461399181
2009-12-18,415.0,425.0,415.0,425.0,15000.0,425.0,426.0,442.0,401.6,490.8,433.6,False,False,False,False,False,False,True,False,True,False,False,0.0,0.0,,,0.0550588235294117,-0.1548235294117647,-0.0235294117647058,0.2705882352941176,-0.0073349633251833,0.1391402714932126,530.0,560.0,0.6,0.0024900398406374,0.0019907887173223,-0.000862471415798
2009-12-21,420.0,420.0,410.0,415.0,19000.0,415.0,424.0,437.5,402.2,487.26666666666665,434.475,False,False,False,False,False,False,True,False,False,True,False,0.0120481927710843,0.0240963855421686,,,0.0308433734939759,-0.1741365461847389,0.0120481927710843,0.2771084337349397,-0.0072513339718156,0.16,525.0,560.0,1.2666666666666666,0.0014917951268025,-0.0009982447138349,8.362935336767973e-05
2009-12-22,420.0,430.0,410.0,425.0,46000.0,425.0,427.0,431.0,403.6,484.1333333333333,435.375,False,False,False,False,False,False,True,False,False,False,False,-0.0352941176470588,0.0117647058823529,,,0.0503529411764705,-0.1391372549019607,-0.0235294117647058,0.2705882352941176,-0.0064720462682456,0.1879350348027842,510.0,560.0,2.421052631578948,0.0034687809712587,0.0019769858444562,0.0007792877035699
2009-12-24,425.0,425.0,415.0,415.0,32000.0,415.0,424.0,428.0,405.2,481.4666666666666,436.2,False,False,False,False,False,False,True,False,False,False,False,0.0120481927710843,0.0481927710843373,,,0.0236144578313253,-0.1601606425702809,-0.0120481927710843,0.3493975903614458,-0.0055386319579065,0.2137850467289719,510.0,540.0,0.6956521739130435,0.0039486673247778,0.000479886353519,0.000933414310339
2009-12-25,430.0,430.0,415.0,420.0,28000.0,420.0,420.0,425.0,406.8,478.26666666666665,437.075,False,False,False,False,False,False,True,False,False,True,False,0.0,0.0476190476190476,,,0.0314285714285714,-0.1387301587301587,0.0,0.2619047619047619,-0.0066908279899636,0.2305882352941176,485.0,505.0,0.875,0.0039331366764995,-1.553064827823896e-05,-0.001152196032057
2009-12-28,420.0,435.0,420.0,425.0,56000.0,425.0,420.0,423.0,409.8,475.6,438.0,False,False,False,False,False,False,True,False,False,False,False,0.0,0.0823529411764705,,,0.0357647058823529,-0.1190588235294118,0.0,0.2235294117647059,-0.0056069526212502,0.2423167848699763,460.0,510.0,2.0,0.007320644216691,0.0033875075401915,0.0010838753687133
2009-12-29,420.0,420.0,420.0,420.0,15000.0,420.0,421.0,422.5,412.8,473.0,438.875,False,False,False,False,False,False,True,False,False,True,False,0.0119047619047619,0.0595238095238095,,,0.0171428571428571,-0.1261904761904762,-0.0238095238095238,0.238095238095238,-0.0054968287526427,0.2497041420118343,450.0,530.0,0.2678571428571428,0.0072674418604651,-5.320235622595284e-05,0.0001101238686075
2009-12-30,415.0,420.0,405.0,410.0,31000.0,410.0,418.0,422.5,414.8,470.4666666666666,439.7,False,False,False,False,False,False,True,False,False,True,False,0.048780487804878,0.0609756097560975,,,-0.0117073170731707,-0.1474796747967477,0.0121951219512195,0.3170731707317073,-0.0053847243871335,0.2579881656804734,465.0,560.0,2.066666666666667,0.0048216007714561,-0.0024458410890089,0.0001121043655092
2010-01-04,410.0,420.0,410.0,420.0,9000.0,420.0,419.0,421.5,416.4,468.1333333333333,440.575,False,False,False,False,False,False,True,False,False,True,False,0.0357142857142857,0.0238095238095238,,,0.0085714285714286,-0.1146031746031745,-0.0238095238095238,0.3095238095238095,-0.0049843349473082,0.2680901542111507,455.0,545.0,0.2903225806451613,0.0038424591738711,-0.0009791415975849,0.0004003894398252
2010-01-05,420.0,420.0,420.0,420.0,23000.0,420.0,419.0,419.5,418.4,465.6,441.475,False,False,False,False,False,False,True,False,False,False,False,0.0476190476190476,0.0476190476190476,,,0.0038095238095238,-0.1085714285714286,-0.0357142857142857,0.3095238095238095,-0.0054410080183275,0.2824791418355185,455.0,520.0,2.555555555555556,0.0047801147227533,0.0009376555488821,-0.0004566730710192
2010-01-06,415.0,425.0,410.0,425.0,74000.0,425.0,419.0,419.5,421.4,462.9333333333333,442.4,False,False,False,False,False,False,True,False,False,False,False,0.0823529411764705,0.0470588235294117,,,0.0084705882352941,-0.0892549019607841,0.0588235294117647,0.2941176470588235,-0.0057603686635946,0.2848629320619785,450.0,515.0,3.217391304347826,0.0071191267204556,0.0023390119977022,-0.000319360645267
2010-01-07,430.0,430.0,420.0,425.0,23000.0,425.0,420.0,420.5,423.8,460.26666666666665,443.3,False,False,False,False,False,False,True,False,False,True,True,0.0470588235294117,-0.0117647058823529,,,0.0028235294117646,-0.0829803921568627,0.0352941176470588,0.2705882352941176,-0.0057937427578214,0.2841854934601664,455.0,525.0,0.3108108108108108,0.0056630486078339,-0.0014560781126216,-3.337409422683648e-05
2010-01-08,425.0,430.0,420.0,430.0,26000.0,430.0,424.0,421.0,425.8,457.9333333333333,444.225,False,False,False,False,False,False,True,False,False,True,False,0.0116279069767441,0.0,,,0.009767441860465,-0.0649612403100774,-0.0116279069767441,0.2674418604651162,-0.0050953559470083,0.2838479809976247,450.0,520.0,1.1304347826086956,0.0046970408642555,-0.0009660077435784,0.000698386810813
2010-01-12,430.0,440.0,425.0,435.0,45000.0,435.0,427.0,423.0,428.0,455.73333333333335,445.125,False,False,False,False,False,False,True,False,False,False,False,-0.0114942528735632,-0.0114942528735632,,,0.0160919540229885,-0.0476628352490421,0.0114942528735632,0.2528735632183908,-0.0048273844353421,0.2742316784869976,425.0,530.0,1.7307692307692308,0.0051401869158878,0.0004431460516323,0.0002679715116662
2010-01-13,435.0,445.0,430.0,440.0,34000.0,440.0,431.0,425.0,430.2,453.8666666666667,446.0,False,False,False,False,False,False,True,False,False,True,False,0.0,-0.0454545454545454,,,0.0222727272727272,-0.0315151515151515,0.0227272727272727,0.2045454545454545,-0.0041128084606345,0.268235294117647,435.0,525.0,0.7555555555555555,0.00511390051139,-2.628640449779847e-05,0.0007145759747075
2010-01-14,445.0,465.0,445.0,460.0,51000.0,460.0,438.0,428.5,432.2,452.53333333333336,447.0,False,False,False,False,False,False,True,False,False,True,False,-0.0326086956521739,-0.0978260869565217,,,0.0604347826086956,0.0162318840579709,-0.0652173913043478,0.0869565217391304,-0.0029463759575721,0.2532088681446908,400.0,510.0,1.5,0.0046274872744099,-0.00048641323698,0.0011664325030624
2010-01-15,460.0,465.0,445.0,445.0,69000.0,445.0,442.0,431.0,431.6,451.0,447.875,False,False,False,False,False,False,False,False,False,True,False,-0.0561797752808988,-0.0561797752808988,,,0.0301123595505617,-0.0134831460674157,-0.0224719101123595,0.1348314606741573,-0.00339985218034,0.2424593967517401,400.0,520.0,1.3529411764705883,-0.0013901760889711,-0.0060176633633811,-0.0004534762227679
2010-01-18,445.0,445.0,435.0,435.0,22000.0,435.0,443.0,433.5,429.4,449.3333333333333,448.725,False,False,False,False,False,False,False,False,False,True,False,-0.0114942528735632,-0.0459770114942528,,,0.0128735632183908,-0.0329501915708811,0.0,0.1379310344827586,-0.0037091988130564,0.2249134948096885,390.0,530.0,0.3188405797101449,-0.0051234280391244,-0.0037332519501532,-0.0003093466327163
2010-01-19,435.0,440.0,430.0,430.0,29000.0,430.0,442.0,434.5,428.8,447.8666666666667,449.575,False,False,False,False,False,False,False,False,False,False,False,0.0,-0.0465116279069767,,,0.0027906976744185,-0.0415503875968992,0.0,0.1744186046511628,-0.0032747841619529,0.2117376294591484,375.0,525.0,1.318181818181818,-0.0013992537313432,0.0037241743077812,0.0004344146511035
2010-01-20,430.0,440.0,430.0,440.0,29000.0,440.0,442.0,436.5,428.4,447.0,450.4,False,False,False,False,False,False,False,False,False,False,False,-0.0454545454545454,-0.0454545454545454,,,0.0263636363636364,-0.0159090909090909,0.0681818181818181,0.1704545454545454,-0.0019388516032811,0.1981672394043528,380.0,525.0,1.0,-0.0009337068160598,0.0004655469152833,0.0013359325586717
2010-01-21,430.0,445.0,420.0,445.0,69000.0,445.0,439.0,438.5,428.4,446.1333333333333,451.25,False,False,False,False,False,False,False,False,False,False,False,-0.0674157303370786,-0.0449438202247191,,,0.0373033707865169,-0.0025468164794007,0.0674157303370786,0.2022471910112359,-0.0019426180514046,0.1892816419612314,350.0,530.0,2.3793103448275863,0.0,0.0009337068160598,-3.766448123528835e-06
2010-01-22,425.0,430.0,410.0,420.0,88000.0,420.0,434.0,438.0,428.2,444.6666666666667,451.925,False,False,False,False,False,True,False,False,False,True,False,0.0,-0.0238095238095238,,,-0.0195238095238094,-0.0587301587301587,0.1785714285714285,0.238095238095238,-0.0032983508245876,0.1860730593607306,345.0,525.0,1.2753623188405796,-0.0004670714619336,-0.0004670714619336,-0.0013557327731829
2010-01-25,420.0,430.0,410.0,430.0,60000.0,430.0,433.0,438.0,429.0,442.9333333333333,452.65,False,False,False,False,False,False,True,False,True,False,False,-0.0348837209302325,-0.0348837209302325,,,0.0023255813953488,-0.0300775193798448,0.2325581395348837,0.1395348837209302,-0.0039133052378087,0.1735159817351598,360.0,510.0,0.6818181818181818,0.0018648018648018,0.0023318733267355,-0.000614954413221
2010-01-26,430.0,435.0,425.0,430.0,17000.0,430.0,433.0,437.5,429.0,441.4,453.35,False,False,False,False,False,False,False,False,False,True,False,-0.0465116279069767,-0.0465116279069767,,,0.0023255813953488,-0.0265116279069766,0.2093023255813953,0.1395348837209302,-0.0034737954991692,0.1622857142857142,380.0,510.0,0.2833333333333333,0.0,-0.0018648018648018,0.0004395097386394
2010-01-27,425.0,425.0,415.0,420.0,15000.0,420.0,429.0,435.5,428.2,440.06666666666666,453.95,False,False,False,False,False,False,False,False,False,True,False,0.0,-0.0357142857142857,,,-0.0195238095238094,-0.0477777777777777,0.2142857142857142,0.1428571428571428,-0.0030298439630358,0.1561423650975889,370.0,485.0,0.8823529411764706,-0.0018682858477347,-0.0018682858477347,0.0004439515361333
2010-01-28,425.0,425.0,415.0,415.0,17000.0,415.0,423.0,431.0,427.8,438.73333333333335,454.475,False,False,False,False,False,False,False,False,False,False,False,0.0240963855421686,0.0843373493975903,,,-0.0308433734939759,-0.0571887550200803,0.2289156626506024,0.1686746987951807,-0.0030390518158334,0.1647331786542923,350.0,460.0,1.1333333333333333,-0.0009350163627862,0.0009332694849484,-9.207852797555888e-06
2010-01-29,410.0,420.0,410.0,420.0,15000.0,420.0,423.0,428.5,428.0,437.3333333333333,455.075,False,False,False,False,False,False,True,False,False,False,False,-0.0238095238095238,0.0476190476190476,,,-0.019047619047619,-0.0412698412698412,0.238095238095238,0.1547619047619047,-0.0032012195121952,0.1668611435239206,365.0,450.0,0.8823529411764706,0.0004672897196261,0.0014023060824124,-0.0001621676963617
2010-02-01,415.0,415.0,410.0,415.0,3000.0,415.0,420.0,426.5,427.6,435.9333333333333,455.625,False,False,False,False,False,False,False,False,False,True,False,0.0,0.0240963855421686,,,-0.0303614457831325,-0.0504417670682729,0.2289156626506024,0.1204819277108433,-0.0032115002293929,0.1652989449003517,380.0,465.0,0.2,-0.000935453695042,-0.0014027434146681,-1.0280717197751806e-05
2010-02-02,410.0,415.0,410.0,410.0,4000.0,410.0,416.0,424.5,427.4,434.3333333333333,456.15,False,False,False,False,False,False,False,False,False,False,False,0.0,0.073170731707317,,,-0.0424390243902438,-0.0593495934959349,0.2317073170731707,0.1463414634146341,-0.0036838066001534,0.1625441696113074,380.0,455.0,1.3333333333333333,-0.0004679457182967,0.0004675079767452,-0.0004723063707604
2010-02-03,420.0,425.0,415.0,420.0,11000.0,420.0,416.0,422.5,427.4,432.9333333333333,456.75,False,False,False,False,False,False,False,False,False,False,False,-0.0357142857142857,0.0714285714285714,,,-0.0176190476190475,-0.0307936507936506,0.2023809523809523,0.1547619047619047,-0.0032337542346782,0.1609467455621301,385.0,455.0,2.75,0.0,0.0004679457182967,0.0004500523654751
2010-02-04,420.0,425.0,420.0,425.0,2000.0,425.0,418.0,420.5,427.4,431.8,457.325,False,False,False,False,False,False,False,False,False,False,False,0.0588235294117647,0.0117647058823529,,,-0.0056470588235293,-0.016,0.188235294117647,0.1529411764705882,-0.0026246719160103,0.1557669441141498,410.0,450.0,0.1818181818181818,0.0,0.0,0.0006090823186678
2010-02-05,410.0,415.0,410.0,410.0,11000.0,410.0,416.0,419.5,427.0,430.3333333333333,457.825,False,False,False,False,False,False,False,False,False,True,False,0.073170731707317,0.0609756097560975,,,-0.0414634146341463,-0.0495934959349593,0.2439024390243902,0.1829268292682926,-0.0034082106893881,0.1501787842669845,460.0,455.0,5.5,-0.0009367681498828,-0.0009367681498828,-0.0007835387733777
2010-02-08,405.0,415.0,405.0,415.0,12000.0,415.0,416.0,418.0,427.2,428.8,458.325,False,False,False,False,False,False,True,False,False,False,False,0.0240963855421686,0.0481927710843373,,,-0.0293975903614457,-0.0332530120481927,0.216867469879518,0.1566265060240964,-0.003575870646766,0.1519138755980861,490.0,450.0,1.0909090909090908,0.0004681647940074,0.0014049329438903,-0.0001676599573779
2010-02-09,405.0,410.0,405.0,410.0,4000.0,410.0,416.0,416.0,426.8,427.26666666666665,458.8,False,False,False,False,False,False,False,False,False,True,False,0.073170731707317,0.048780487804878,,,-0.0409756097560975,-0.0421138211382113,0.2560975609756097,0.1585365853658536,-0.0035887033858636,0.1538461538461538,445.0,425.0,0.3333333333333333,-0.000937207122774,-0.0014053719167815,-1.2832739097593405e-05
2010-02-10,405.0,420.0,405.0,405.0,34000.0,405.0,413.0,414.5,426.2,425.6666666666667,459.25,False,True,False,False,False,False,False,False,False,True,False,0.1111111111111111,0.1604938271604938,,,-0.0523456790123456,-0.0510288065843621,0.2592592592592592,0.1851851851851851,-0.0037588097102583,0.158021712907117,450.0,435.0,8.5,-0.001407789770061,-0.0004705826472869,-0.0001701063243946
2010-02-12,450.0,540.0,445.0,450.0,1845000.0,450.0,418.0,418.0,427.2,424.6,459.925,False,False,False,True,True,False,True,False,True,False,True,-0.0444444444444444,0.0555555555555555,,,0.0506666666666666,0.0564444444444443,0.1555555555555555,0.0777777777777777,-0.0025121683152771,0.1483253588516746,445.0,400.0,54.26470588235294,0.0023408239700374,0.0037486137400985,0.0012466413949812
2010-02-15,460.0,460.0,435.0,440.0,187000.0,440.0,424.0,420.0,427.8,423.4666666666666,460.575,False,False,False,False,False,False,True,False,False,True,False,-0.0113636363636363,0.125,,,0.0277272727272727,0.0375757575757577,0.1704545454545454,0.0568181818181818,-0.0026763224181362,0.1380952380952381,425.0,400.0,0.1013550135501355,0.0014025245441795,-0.0009382994258578,-0.0001641541028591
2010-02-16,440.0,440.0,420.0,425.0,73000.0,425.0,426.0,421.0,427.6,422.3333333333333,461.025,False,False,False,False,False,False,False,False,False,True,False,0.0235294117647058,0.2470588235294117,,,-0.0061176470588235,0.0062745098039216,0.2,0.0823529411764705,-0.0026835043409627,0.1342042755344418,410.0,390.0,0.3903743315508021,-0.000467726847521,-0.0018702513917005,-7.181922826480797e-06
2010-02-17,430.0,440.0,430.0,440.0,25000.0,440.0,432.0,424.0,427.8,421.4,461.55,False,False,False,False,False,False,True,False,False,False,False,-0.0227272727272727,0.1818181818181818,,,0.0277272727272727,0.0422727272727273,0.1590909090909091,0.0454545454545454,-0.0022148394241417,0.1238207547169811,430.0,375.0,0.3424657534246575,0.0004675081813931,0.0009352350289141,0.0004686649168209
2010-02-18,440.0,450.0,440.0,450.0,55000.0,450.0,441.0,427.0,428.2,420.9333333333333,462.075,False,False,False,False,False,False,True,False,False,False,False,0.0444444444444444,0.1333333333333333,,,0.0484444444444444,0.0645925925925927,0.1222222222222222,0.0333333333333333,-0.0011086474501109,0.1112412177985948,440.0,380.0,2.2,0.0009341429238672,0.0004666347424741,0.0011061919740308
2010-02-19,450.0,450.0,425.0,430.0,75000.0,430.0,437.0,427.5,427.0,420.53333333333336,462.375,False,False,False,False,False,False,False,False,False,True,False,0.1046511627906976,0.1860465116279069,,,0.0069767441860465,0.0220155038759689,0.1395348837209302,0.1046511627906976,-0.0009511731135064,0.1064327485380117,425.0,350.0,1.3636363636363635,-0.0028103044496486,-0.0037444473735159,0.0001574743366044
2010-02-22,430.0,440.0,430.0,435.0,20000.0,435.0,436.0,430.0,426.6,420.3333333333333,462.8,False,False,False,False,False,False,False,False,False,False,False,0.1379310344827586,0.1954022988505747,,,0.0193103448275861,0.0337164750957854,0.1264367816091954,0.1264367816091954,-0.0004758128469469,0.1011627906976744,415.0,345.0,0.2666666666666666,-0.0009376465072667,0.0018726579423819,0.0004753602665594
2010-02-23,440.0,440.0,430.0,435.0,32000.0,435.0,438.0,432.0,426.6,419.9333333333333,463.275,False,False,False,False,False,False,False,False,False,False,False,0.2183908045977011,0.1724137931034483,,,0.0193103448275861,0.0346360153256706,0.1379310344827586,0.160919540229885,-0.00095253214796,0.1018518518518518,425.0,360.0,1.6,0.0,0.0009376465072667,-0.000476719301013
2010-02-24,430.0,435.0,420.0,430.0,60000.0,430.0,436.0,434.0,426.6,419.6,463.65,False,False,False,False,False,False,False,False,False,False,False,0.2093023255813953,0.1744186046511628,,,0.0079069767441859,0.0241860465116278,0.127906976744186,0.1395348837209302,-0.0007944073721002,0.1002304147465437,415.0,380.0,1.875,0.0,0.0,0.0001581247758598
2010-02-25,435.0,470.0,425.0,470.0,380000.0,470.0,440.0,440.5,427.8,419.8,464.125,False,False,False,False,False,False,True,True,True,False,False,0.0851063829787234,0.0744680851063829,,,0.0897872340425531,0.1068085106382978,0.0531914893617021,0.0638297872340425,0.0004764173415912,0.0885357548240635,420.0,370.0,6.333333333333333,0.002805049088359,0.002805049088359,0.0012708247136914
2010-02-26,470.0,490.0,465.0,475.0,518000.0,475.0,449.0,443.0,429.0,420.1333333333333,464.55,False,False,False,False,False,False,True,True,False,True,False,0.0736842105263157,0.0631578947368421,,,0.0968421052631579,0.1155087719298245,0.0421052631578947,0.0526315789473684,0.0007933989209774,0.0857787810383747,425.0,350.0,1.363157894736842,0.0027972027972027,-7.846291156249005e-06,0.0003169815793862
2010-03-01,475.0,510.0,470.0,495.0,708000.0,495.0,461.0,448.5,432.0,420.6666666666667,465.05,False,False,False,False,False,False,True,True,False,False,False,0.0505050505050505,0.0303030303030303,,,0.1272727272727272,0.1501683501683501,0.0,0.0101010101010101,0.0012678288431062,0.0802675585284281,420.0,365.0,1.3667953667953667,0.0069444444444444,0.0041472416472416,0.0004744299221288
2010-03-02,505.0,540.0,505.0,530.0,588000.0,530.0,480.0,459.0,436.0,421.73333333333335,465.7,False,False,False,False,False,False,True,True,False,False,False,-0.0377358490566037,-0.0471698113207547,,,0.1773584905660377,0.2042767295597484,-0.0471698113207547,-0.0471698113207547,0.002529244388239,0.065359477124183,410.0,380.0,0.8305084745762712,0.0091743119266055,0.002229867482161,0.0012614155451327
2010-03-03,530.0,535.0,495.0,520.0,268000.0,520.0,498.0,467.0,439.6,423.0,466.275,False,False,False,False,False,False,True,True,False,True,False,-0.0288461538461538,-0.0096153846153846,,,0.1546153846153845,0.1865384615384615,0.0,-0.0288461538461538,0.0029944838455476,0.0567451820128479,420.0,380.0,0.4557823129251701,0.008189262966333,-0.0009850489602724,0.0004652394573086
2010-03-04,520.0,520.0,500.0,510.0,90000.0,510.0,506.0,473.0,443.2,424.0,466.775,False,False,False,False,False,False,True,True,False,True,False,-0.0098039215686274,0.0,,,0.1309803921568627,0.1686274509803921,0.0098039215686274,0.0098039215686274,0.0023584905660377,0.0539112050739957,420.0,385.0,0.3358208955223881,0.0081227436823103,-6.651928402268831e-05,-0.0006359932795099
2010-03-05,510.0,510.0,500.0,510.0,79000.0,510.0,513.0,481.0,447.0,425.4666666666666,467.375,False,False,False,False,False,False,True,True,False,False,False,-0.0098039215686274,0.0196078431372549,,,0.1235294117647058,0.1657516339869282,0.0588235294117647,-0.0294117647058823,0.0034471952366027,0.0405405405405405,425.0,410.0,0.8777777777777778,0.0085011185682326,0.0003783748859222,0.001088704670565
2010-03-08,505.0,520.0,505.0,520.0,88000.0,520.0,518.0,489.5,451.0,427.06666666666666,468.175,False,False,False,False,False,False,True,True,False,False,False,-0.0192307692307692,-0.0096153846153846,,,0.1326923076923077,0.1787179487179487,0.0192307692307692,-0.0576923076923076,0.0037464876678116,0.0224719101123595,425.0,460.0,1.1139240506329111,0.0088691796008869,0.0003680610326542,0.0002992924312088
2010-03-09,520.0,520.0,505.0,510.0,40000.0,510.0,514.0,497.0,454.8,428.6666666666667,468.85,False,False,False,False,False,False,True,True,False,True,False,-0.0098039215686274,0.0,,,0.108235294117647,0.1594771241830065,0.0588235294117647,-0.0490196078431372,0.0037325038880249,0.0030181086519114,430.0,490.0,0.4545454545454545,0.0083553210202286,-0.0005138585806582,-1.39837797866766e-05
2010-03-10,505.0,510.0,500.0,505.0,86000.0,505.0,511.0,504.5,458.6,430.4,469.575,False,False,False,False,False,False,True,True,False,True,False,0.0198019801980198,0.0099009900990099,,,0.0918811881188118,0.1477227722772277,0.1089108910891089,-0.0297029702970297,0.0040272614622056,-0.0118929633300297,435.0,445.0,2.15,0.0082860880941997,-6.923292602893302e-05,0.0002947575741806
2010-03-11,505.0,510.0,500.0,505.0,40000.0,505.0,510.0,508.0,462.0,432.06666666666666,470.225,False,False,False,False,False,False,True,True,False,True,False,0.0099009900990099,0.0,,,0.0851485148514851,0.1444224422442244,0.0495049504950495,-0.0297029702970297,0.0038574294090418,-0.0206692913385826,440.0,450.0,0.4651162790697674,0.0073593073593073,-0.0009267807348924,-0.0001698320531637
2010-03-12,505.0,510.0,500.0,505.0,13000.0,505.0,509.0,511.0,465.2,434.1333333333333,470.85,False,False,False,False,False,False,True,True,False,True,False,0.0297029702970297,-0.0297029702970297,,,0.0788118811881188,0.1403300330033003,0.0297029702970297,-0.0396039603960396,0.0047604422604422,-0.0293542074363992,460.0,445.0,0.325,0.0068787618228718,-0.0004805455364354,0.0009030128514003
2010-03-15,510.0,515.0,500.0,510.0,65000.0,510.0,507.0,512.5,469.2,436.3333333333333,471.5,False,False,False,False,False,False,True,True,False,False,False,0.0098039215686274,-0.0392156862745098,,,0.08,0.1444444444444445,0.0196078431372549,-0.0588235294117647,0.0050420168067226,-0.0360975609756097,445.0,425.0,5.0,0.0085251491901108,0.0016463873672389,0.0002815745462804
2010-03-16,510.0,510.0,500.0,505.0,26000.0,505.0,506.0,510.0,472.8,438.26666666666665,472.2,False,False,False,False,False,False,True,True,False,True,False,0.0099009900990099,-0.0198019801980198,,,0.0637623762376237,0.1321452145214521,0.0693069306930693,-0.0594059405940594,0.0044113173106175,-0.0372549019607843,435.0,410.0,0.4,0.0076142131979695,-0.0009109359921412,-0.000630699496105
2010-03-17,500.0,520.0,500.0,515.0,40000.0,515.0,508.0,509.5,477.0,440.06666666666666,472.875,False,False,False,False,False,False,True,True,False,False,False,-0.0097087378640776,-0.058252427184466,,,0.0737864077669902,0.1455016181229773,0.0679611650485436,-0.0485436893203883,0.0040902893500984,-0.0392541707556427,430.0,430.0,1.5384615384615383,0.0088050314465408,0.0011908182485712,-0.000321027960519
2010-03-18,520.0,520.0,510.0,510.0,56000.0,510.0,509.0,509.5,481.2,441.9333333333333,473.525,False,False,False,False,False,False,True,True,False,True,False,-0.0098039215686274,-0.0294117647058823,,,0.0564705882352941,0.1334640522875818,0.0784313725490196,-0.0490196078431372,0.0042238648363251,-0.0451422963689892,440.0,440.0,1.4,0.0087281795511221,-7.685189541868469e-05,0.0001335754862266
2010-03-19,505.0,520.0,505.0,520.0,30000.0,520.0,512.0,510.5,484.0,444.2,474.25,False,False,False,False,False,False,True,True,False,True,False,-0.0576923076923076,-0.048076923076923,,,0.0692307692307692,0.1457692307692308,0.0576923076923076,-0.0576923076923076,0.005102806543599,-0.0479921645445641,445.0,425.0,0.5357142857142857,0.0057851239669421,-0.0029430555841799,0.0008789417072739
2010-03-23,520.0,520.0,505.0,515.0,39000.0,515.0,513.0,510.0,487.0,446.2,474.975,False,False,False,False,False,False,True,True,False,False,False,-0.0485436893203883,-0.0388349514563106,,,0.0543689320388349,0.1335922330097087,0.0485436893203883,-0.0679611650485436,0.0044822949350067,-0.0490196078431372,420.0,415.0,1.3,0.0061601642710472,0.000375040304105,-0.0006205116085923
2010-03-24,515.0,520.0,505.0,510.0,53000.0,510.0,514.0,510.0,490.4,447.9333333333333,475.65,False,False,False,False,False,False,True,True,False,False,False,-0.0294117647058823,-0.0098039215686274,,,0.0384313725490196,0.1216993464052288,0.0686274509803921,-0.0490196078431372,0.0038696234558713,-0.0490196078431372,430.0,425.0,1.358974358974359,0.0069331158238172,0.00077295155277,-0.0006126714791354
2010-03-25,515.0,515.0,495.0,510.0,82000.0,510.0,513.0,510.5,493.2,449.6666666666667,476.3,False,False,False,False,False,False,True,True,False,True,False,-0.0490196078431372,0.0196078431372549,,,0.0329411764705882,0.1183006535947712,0.0686274509803921,-0.0490196078431372,0.0038547071905116,-0.0509304603330068,430.0,415.0,1.5471698113207548,0.0056772100567721,-0.0012559057670451,-1.4916265359666768e-05
2010-03-26,510.0,510.0,500.0,505.0,39000.0,505.0,512.0,510.5,495.4,451.26666666666665,476.9,False,False,False,False,False,False,True,True,False,True,False,-0.0198019801980198,0.0198019801980198,,,0.019009900990099,0.1064026402640264,0.0495049504950495,-0.0594059405940594,0.0035455754173436,-0.0538687561214495,420.0,420.0,0.4756097560975609,0.0044408558740411,-0.0012363541827309,-0.0003091317731679
2010-03-29,485.0,495.0,485.0,490.0,41000.0,490.0,506.0,509.0,497.8,452.3333333333333,477.4,False,False,False,False,False,False,True,True,False,False,False,0.010204081632653,0.1020408163265306,,,-0.0159183673469388,0.0768707482993197,0.0204081632653061,-0.0408163265306122,0.002358142962417,-0.0540275049115913,415.0,425.0,1.051282051282051,0.0048212133386903,0.0003803574646491,-0.0011874324549266
2010-03-30,495.0,495.0,490.0,490.0,27000.0,490.0,501.0,507.0,500.0,452.73333333333335,477.85,False,False,False,False,False,False,True,True,False,True,False,0.010204081632653,0.0816326530612244,,,-0.0204081632653061,0.0760544217687074,0.0306122448979591,-0.0306122448979591,0.0008835223089383,-0.0512820512820512,420.0,420.0,0.6585365853658537,0.0043999999999999,-0.0004212133386903,-0.0014746206534787
2010-03-31,495.0,500.0,490.0,495.0,22000.0,495.0,498.0,506.0,502.4,452.8,478.3,False,False,False,False,False,False,True,True,False,False,False,0.0202020202020202,0.0909090909090909,,,-0.0149494949494949,0.0852525252525252,0.0,-0.0808080808080808,0.0001472320376913,-0.0533596837944664,415.0,410.0,0.8148148148148148,0.0047770700636942,0.0003770700636942,-0.0007362902712469
2010-04-01,495.0,495.0,485.0,485.0,33000.0,485.0,493.0,503.0,504.6,453.3333333333333,478.65,False,False,False,False,False,False,True,True,False,True,False,0.0721649484536082,0.1546391752577319,,,-0.0404123711340206,0.0652920962199313,0.0412371134020618,-0.0206185567010309,0.0011764705882352,-0.0506958250497017,410.0,420.0,1.5,0.0043598890210068,-0.0004171810426873,0.0010292385505438
2010-04-02,485.0,500.0,485.0,495.0,50000.0,495.0,491.0,501.5,505.6,453.9333333333333,478.875,False,False,False,False,False,False,True,True,False,True,False,0.0404040404040404,0.0707070707070707,,,-0.0214141414141414,0.082962962962963,0.0404040404040404,-0.0707070707070707,0.0013217799970626,-0.0528414755732801,420.0,420.0,1.5151515151515151,0.0019778481012658,-0.002382040919741,0.0001453094088274
2010-04-05,495.0,500.0,495.0,495.0,40000.0,495.0,492.0,499.0,506.4,454.6,479.15,False,False,False,False,False,False,True,True,False,True,False,0.0909090909090909,0.0505050505050505,,,-0.0230303030303029,0.0816161616161615,0.0808080808080808,-0.0505050505050505,0.0014664906877842,-0.0521042084168336,425.0,425.0,0.8,0.0015797788309635,-0.0003980692703022,0.0001447106907216
2010-04-06,500.0,500.0,490.0,495.0,27000.0,495.0,493.0,497.0,506.4,455.53333333333336,479.425,False,False,False,False,False,False,False,True,False,True,False,0.0707070707070707,0.0505050505050505,,,-0.0230303030303029,0.0797306397306396,0.0505050505050505,-0.0606060606060606,0.0020488804331918,-0.0513078470824949,410.0,425.0,0.675,0.0,-0.0015797788309635,0.0005823897454075
2010-04-07,495.0,510.0,495.0,505.0,59000.0,505.0,495.0,496.5,505.4,456.8,479.7,False,False,False,False,False,False,False,True,False,True,False,0.0693069306930693,0.0693069306930693,,,-0.0007920792079207,0.0954455445544554,-0.0297029702970297,-0.0693069306930693,0.0027729130180968,-0.05337361530715,415.0,430.0,2.185185185185185,-0.001978630787495,-0.001978630787495,0.000724032584905
2010-04-08,505.0,525.0,505.0,520.0,124000.0,520.0,502.0,497.5,505.4,458.0,480.025,False,False,False,False,True,False,False,True,False,False,True,0.0769230769230769,0.0576923076923076,,,0.0280769230769231,0.1192307692307692,-0.0576923076923076,-0.0961538461538461,0.0026200873362445,-0.0582914572864321,410.0,435.0,2.101694915254237,0.0,0.001978630787495,-0.0001528256818523
2010-04-09,525.0,525.0,515.0,515.0,39000.0,515.0,506.0,498.5,505.6,459.0,480.4,False,False,False,False,False,False,True,True,False,False,False,0.029126213592233,0.0679611650485436,,,0.0182524271844659,0.1087378640776699,-0.0679611650485436,-0.087378640776699,0.0021786492374727,-0.0611835506519558,405.0,440.0,0.314516129032258,0.0003955696202532,0.0003955696202532,-0.0004414380987717
2010-04-12,515.0,545.0,510.0,540.0,307000.0,540.0,515.0,503.5,506.8,460.53333333333336,480.85,False,False,False,False,False,False,True,True,True,False,False,-0.037037037037037,0.0185185185185185,,,0.0614814814814814,0.1471604938271604,-0.1018518518518518,-0.1388888888888889,0.003329473074696,-0.0714995034756703,450.0,460.0,7.871794871794871,0.0023677979479084,0.0019722283276551,0.0011508238372232
2010-04-13,540.0,540.0,525.0,530.0,59000.0,530.0,522.0,507.5,507.2,462.06666666666666,481.125,False,False,False,False,False,False,True,True,False,True,False,-0.0188679245283018,0.0188679245283018,,,0.0430188679245283,0.1281761006289308,-0.0849056603773584,-0.1037735849056603,0.0033184244697734,-0.0788177339901477,440.0,445.0,0.1921824104234527,0.0007886435331229,-0.0015791544147854,-1.104860492264631e-05
2010-04-14,535.0,540.0,535.0,540.0,42000.0,540.0,529.0,512.0,508.4,463.6,481.25,False,False,False,False,False,False,True,True,True,False,False,0.0,0.0092592592592592,,,0.0585185185185185,0.1414814814814814,-0.1388888888888889,-0.0833333333333333,0.0033074489502445,-0.0791015625,425.0,435.0,0.711864406779661,0.0023603461841069,0.0015717026509839,-1.0975519528895038e-05
2010-04-15,545.0,560.0,540.0,560.0,206000.0,560.0,537.0,519.5,510.6,465.53333333333336,481.5,False,False,False,False,False,False,True,True,False,False,False,-0.0178571428571428,-0.0267857142857142,,,0.0882142857142856,0.1686904761904761,-0.1607142857142857,-0.1071428571428571,0.0041529428612344,-0.0875842155919153,440.0,430.0,4.904761904761905,0.0043086564825696,0.0019483102984626,0.0008454939109899
2010-04-16,565.0,565.0,525.0,530.0,176000.0,530.0,540.0,523.0,511.6,467.0,481.65,False,False,False,False,False,False,True,True,False,True,False,0.0377358490566037,0.0,,,0.0347169811320754,0.1188679245283018,-0.0849056603773584,-0.0094339622641509,0.0031406138472519,-0.0812619502868068,450.0,440.0,0.8543689320388349,0.0019546520719311,-0.0023540044106384,-0.0010123290139825
2010-04-19,520.0,525.0,515.0,520.0,73000.0,520.0,536.0,525.5,512.2,468.26666666666665,481.7,False,False,False,False,False,False,True,True,False,True,False,0.0576923076923076,-0.0384615384615384,,,0.0149999999999999,0.0994871794871795,-0.0576923076923076,-0.0096153846153846,0.0027050113895216,-0.077069457659372,430.0,445.0,0.4147727272727273,0.0011714174150722,-0.0007832346568589,-0.0004356024577302
2010-04-20,520.0,525.0,520.0,520.0,69000.0,520.0,534.0,528.0,512.6,469.6,481.725,False,False,False,False,False,False,True,True,False,True,False,0.0384615384615384,-0.0288461538461538,,,0.0142307692307691,0.0969230769230768,-0.0673076923076923,-0.0769230769230769,0.0028392958546281,-0.0785984848484848,435.0,420.0,0.9452054794520548,0.0007803355442839,-0.0003910818707882,0.0001342844651065
2010-04-21,520.0,540.0,520.0,540.0,223000.0,540.0,534.0,531.5,514.0,471.3333333333333,481.85,False,False,False,False,False,False,True,True,True,False,False,0.0092592592592592,-0.0833333333333333,,,0.0481481481481481,0.1271604938271605,-0.1111111111111111,-0.0925925925925925,0.0036775106082035,-0.0809031044214487,435.0,430.0,3.231884057971014,0.0027237354085602,0.0019433998642762,0.0008382147535754
2010-04-22,535.0,555.0,535.0,550.0,306000.0,550.0,532.0,534.5,515.4,473.06666666666666,482.1,False,False,False,False,False,False,True,True,False,True,False,-0.009090909090909,-0.0818181818181818,,,0.0629090909090909,0.1398787878787878,-0.1363636363636363,-0.109090909090909,0.0036640360766629,-0.0823199251637044,430.0,430.0,1.3721973094170403,0.0027163368257663,-7.398582793916031e-06,-1.34745315406486e-05
2010-04-23,550.0,565.0,545.0,550.0,93000.0,550.0,536.0,538.0,517.0,474.8,482.275,False,False,False,False,False,False,True,True,False,False,False,-0.0363636363636363,-0.0636363636363636,,,0.06,0.1367272727272727,-0.1272727272727272,-0.1363636363636363,0.0036506599269868,-0.087360594795539,470.0,420.0,0.3039215686274509,0.0030947775628627,0.0003784407370963,-1.3376149676107283e-05
2010-04-26,560.0,565.0,545.0,550.0,108000.0,550.0,542.0,539.0,518.2,476.4666666666666,482.475,False,False,False,False,False,False,True,True,False,True,False,-0.0909090909090909,-0.0272727272727272,,,0.0578181818181817,0.1336969696969698,-0.1181818181818181,-0.1363636363636363,0.0034979711767173,-0.0871985157699443,475.0,415.0,1.1612903225806452,0.0023157082207642,-0.0007790693420984,-0.0001526887502695
2010-04-27,550.0,550.0,540.0,540.0,15000.0,540.0,546.0,540.0,519.2,478.0,482.65,False,False,False,False,False,False,True,True,False,True,False,-0.0648148148148148,-0.037037037037037,,,0.0385185185185184,0.1148148148148148,-0.1388888888888889,-0.1203703703703703,0.0032078103207812,-0.0888888888888888,495.0,420.0,0.1388888888888889,0.0019260400616332,-0.0003896681591309,-0.000290160855936
2010-04-28,530.0,550.0,530.0,545.0,61000.0,545.0,547.0,540.5,520.6,479.53333333333336,482.9,False,False,False,False,False,False,True,True,False,False,False,-0.091743119266055,-0.1009174311926605,,,0.0447706422018348,0.1201223241590213,-0.1559633027522936,-0.1192660550458715,0.0031975531766996,-0.0925069380203515,530.0,415.0,4.066666666666666,0.0026892047637341,0.0007631647021008,-1.025714408158223e-05
2010-04-30,550.0,555.0,545.0,545.0,34000.0,545.0,546.0,539.0,522.0,481.0,483.175,False,False,False,False,False,False,True,True,False,True,False,-0.073394495412844,-0.1009174311926605,,,0.0422018348623853,0.1174311926605504,-0.1559633027522936,-0.128440366972477,0.0030492030492029,-0.0946196660482374,520.0,410.0,0.5573770491803278,0.0026819923371647,-7.212426569401693e-06,-0.0001483501274966
2010-05-06,525.0,535.0,525.0,530.0,40000.0,530.0,542.0,539.0,523.0,482.2,483.4,False,False,False,False,False,False,True,True,False,True,False,-0.0283018867924528,-0.0943396226415094,,,0.0132075471698113,0.090188679245283,-0.1226415094339622,-0.1132075471698113,0.0024885939444213,-0.1048237476808905,510.0,420.0,1.1764705882352942,0.0019120458891013,-0.0007699464480633,-0.0005606091047816
2010-05-07,515.0,515.0,500.0,500.0,84000.0,500.0,532.0,537.0,523.4,482.73333333333335,483.6,False,False,False,False,False,False,True,True,False,True,False,0.07,-0.03,,,-0.0467999999999999,0.0345333333333333,-0.05,-0.09,0.001104819776274,-0.1126629422718808,510.0,425.0,2.1,0.0007642338555597,-0.0011478120335415,-0.0013837741681473
2010-05-10,505.0,505.0,505.0,505.0,7000.0,505.0,525.0,535.5,524.0,483.53333333333336,483.875,False,False,False,False,False,False,True,True,False,False,False,0.0297029702970297,-0.0396039603960396,,,-0.0376237623762376,0.0425082508250824,-0.0297029702970297,-0.0891089108910891,0.0016544877981525,-0.1139122315592903,520.0,410.0,0.0833333333333333,0.0011450381679389,0.0003808043123792,0.0005496680218784
2010-05-11,515.0,515.0,490.0,495.0,57000.0,495.0,515.0,531.0,524.0,484.3333333333333,484.1,False,False,False,False,False,False,False,True,False,True,False,-0.0101010101010101,-0.0606060606060606,,,-0.0585858585858585,0.0215488215488215,0.0202020202020202,-0.0404040404040404,0.0016517549896764,-0.1092278719397363,510.0,415.0,8.142857142857142,0.0,-0.0011450381679389,-2.732808476074581e-06
2010-05-12,495.0,505.0,495.0,505.0,39000.0,505.0,507.0,526.5,524.8,485.3333333333333,484.675,False,False,False,False,False,False,True,True,True,False,False,-0.0297029702970297,-0.0693069306930693,,,-0.0392079207920791,0.0389438943894389,-0.0297029702970297,-0.0891089108910891,0.0020604395604395,-0.1073124406457739,505.0,410.0,0.6842105263157895,0.0015243902439023,0.0015243902439023,0.0004086845707631
2010-05-13,510.0,515.0,510.0,515.0,9000.0,515.0,504.0,523.0,525.6,486.3333333333333,485.2,False,False,False,False,False,False,True,True,False,True,False,-0.0679611650485436,-0.058252427184466,,,-0.0205825242718447,0.055663430420712,-0.029126213592233,-0.0679611650485436,0.002056202878684,-0.1003824091778202,505.0,405.0,0.2307692307692307,0.0015220700152208,-2.320228681522603e-06,-4.236681755530412e-06
2010-05-14,510.0,555.0,510.0,535.0,134000.0,535.0,511.0,521.5,527.2,487.53333333333336,485.825,False,False,False,True,True,False,True,True,False,False,False,-0.0934579439252336,-0.0841121495327102,,,0.0145794392523363,0.0887227414330217,-0.0654205607476635,-0.102803738317757,0.002461370162724,-0.096836049856184,505.0,450.0,14.88888888888889,0.0030349013657056,0.0015128313504848,0.0004051672840399
2010-05-17,540.0,545.0,520.0,520.0,84000.0,520.0,514.0,519.5,528.2,488.8666666666667,486.325,False,False,False,False,False,False,True,True,False,True,False,-0.0673076923076923,-0.0673076923076923,,,-0.0157692307692308,0.0598717948717948,-0.0384615384615384,-0.0961538461538461,0.0027273966998499,-0.0943214629451395,510.0,440.0,0.6268656716417911,0.0018932222642938,-0.0011416791014118,0.0002660265371259
2010-05-18,520.0,520.0,480.0,490.0,46000.0,490.0,513.0,514.0,527.6,489.6666666666667,486.625,False,False,False,False,False,False,False,True,False,True,False,-0.0510204081632653,-0.0204081632653061,,,-0.076734693877551,0.0006802721088434,0.0306122448979591,-0.0306122448979591,0.0016337644656228,-0.0856031128404669,505.0,425.0,0.5476190476190477,-0.0011372251705838,-0.0030304474348776,-0.001093632234227
2010-05-19,480.0,495.0,480.0,490.0,23000.0,490.0,510.0,508.5,526.4,490.4666666666666,486.825,False,False,False,False,False,False,False,True,False,True,False,-0.0408163265306122,-0.0306122448979591,,,-0.0742857142857142,-0.0009523809523807,0.0306122448979591,-0.0204081632653061,0.0016310996330023,-0.0747295968534906,515.0,440.0,0.5,-0.0022796352583587,-0.0011424100877749,-2.664832620521669e-06
2010-05-20,490.0,490.0,470.0,480.0,51000.0,480.0,503.0,503.5,525.0,491.26666666666665,487.0,False,False,False,False,False,False,False,True,False,True,False,0.0104166666666666,0.0,,,-0.09375,-0.0234722222222221,0.0729166666666666,-0.03125,0.001628443479441,-0.0665342601787487,510.0,450.0,2.217391304347826,-0.0026666666666666,-0.0003870314083078,-2.6561535613341906e-06
2010-05-21,455.0,485.0,445.0,485.0,32000.0,485.0,493.0,502.0,522.8,492.2,487.175,False,False,False,False,False,False,False,True,False,True,False,0.0103092783505154,0.0,,,-0.0779381443298968,-0.0148453608247422,0.0206185567010309,-0.0412371134020618,0.0018962481376134,-0.0617529880478087,520.0,430.0,0.6274509803921569,-0.0042081101759756,-0.0015414435093089,0.0002678046581724
2010-05-24,485.0,485.0,470.0,485.0,10000.0,485.0,486.0,500.0,521.0,493.06666666666666,487.3,False,False,False,False,False,False,False,True,False,False,False,0.0,-0.0412371134020618,,,-0.0742268041237113,-0.0166323024054982,0.0103092783505154,-0.0206185567010309,0.0017577068685776,-0.055,515.0,435.0,0.3125,-0.0034548944337811,0.0007532157421945,-0.0001385412690358
2010-05-25,495.0,495.0,445.0,465.0,51000.0,465.0,481.0,497.0,518.0,493.73333333333335,487.225,False,False,False,False,False,False,False,True,False,True,False,0.032258064516129,-0.010752688172043,,,-0.1139784946236559,-0.0617921146953405,0.043010752688172,0.021505376344086,0.0013502565487442,-0.0492957746478873,510.0,435.0,5.1,-0.0057915057915057,-0.0023366113577246,-0.0004074503198333
2010-05-26,455.0,470.0,445.0,470.0,22000.0,470.0,477.0,493.5,514.4,494.53333333333336,487.275,False,False,False,False,False,False,False,True,False,True,False,0.0106382978723404,-0.0212765957446808,,,-0.0944680851063829,-0.0521985815602837,0.0425531914893617,0.0,0.0016176867080075,-0.0405268490374873,510.0,430.0,0.4313725490196078,-0.0069984447900467,-0.0012069389985409,0.0002674301592632
2010-05-27,460.0,485.0,460.0,485.0,13000.0,485.0,478.0,490.5,512.6,495.4,487.325,False,False,False,False,False,False,False,True,False,False,False,-0.0103092783505154,-0.0412371134020618,,,-0.0569072164948454,-0.0214432989690721,0.0103092783505154,-0.0309278350515463,0.0017494280715918,-0.036697247706422,505.0,470.0,0.5909090909090909,-0.0035115099492781,0.0034869348407686,0.0001317413635843
2010-05-28,485.0,490.0,470.0,490.0,18000.0,490.0,479.0,486.0,511.4,496.26666666666665,487.475,False,False,False,False,False,False,False,True,False,False,False,-0.010204081632653,-0.0306122448979591,,,-0.043673469387755,-0.0127891156462584,-0.010204081632653,-0.0510204081632653,0.0017463729177861,-0.0308641975308641,490.0,475.0,1.3846153846153846,-0.0023464998044584,0.0011650101448196,-3.0551538057284246e-06
2010-05-31,475.0,485.0,475.0,485.0,8000.0,485.0,479.0,482.5,510.0,497.26666666666665,487.575,False,False,False,False,False,False,False,True,False,True,False,-0.0412371134020618,0.0103092783505154,,,-0.0515463917525773,-0.0252920962199312,-0.0103092783505154,-0.0412371134020618,0.0020109934307547,-0.0248704663212435,490.0,495.0,0.4444444444444444,-0.0027450980392156,-0.0003985982347572,0.0002646205129686
2010-06-01,480.0,480.0,480.0,480.0,2000.0,480.0,482.0,481.5,507.6,498.1333333333333,487.6,False,False,False,False,False,False,False,True,False,True,False,-0.0416666666666666,0.0520833333333333,,,-0.0575,-0.0377777777777777,-0.0104166666666666,-0.0208333333333333,0.0017398286937901,-0.023883696780893,495.0,530.0,0.25,-0.0047281323877068,-0.0019830343484911,-0.0002711647369646
2010-06-02,470.0,480.0,470.0,475.0,6000.0,475.0,483.0,480.0,504.6,499.0,487.7,False,False,False,False,False,False,False,True,False,True,False,-0.031578947368421,0.031578947368421,,,-0.0623157894736842,-0.0505263157894736,0.031578947368421,0.0,0.0017368069472278,-0.021875,485.0,520.0,3.0,-0.0059453032104637,-0.0012171708227569,-3.021746562361164e-06
2010-06-03,475.0,490.0,470.0,480.0,17000.0,480.0,482.0,480.0,501.8,500.0,487.775,False,False,False,False,False,False,False,True,False,False,False,-0.03125,0.0416666666666666,,,-0.0454166666666666,-0.0416666666666666,0.0104166666666666,-0.0104166666666666,0.002,-0.0197916666666666,495.0,510.0,2.833333333333333,-0.0055799123156636,0.0003653908948,0.0002631930527721
2010-06-04,480.0,485.0,475.0,485.0,8000.0,485.0,481.0,480.0,499.2,500.4666666666666,487.875,False,False,True,False,False,False,False,True,False,False,False,-0.0206185567010309,0.0309278350515463,,,-0.0292783505154638,-0.0318900343642609,0.0103092783505154,-0.0206185567010309,0.0009324630345009,-0.0177083333333333,495.0,510.0,0.4705882352941176,-0.0052083333333333,0.0003715789823302,-0.001067536965499
2010-06-08,460.0,465.0,460.0,465.0,2000.0,465.0,477.0,478.0,496.2,500.8,487.925,False,False,False,False,False,False,False,True,False,True,False,0.053763440860215,0.075268817204301,,,-0.0670967741935483,-0.0769892473118279,0.032258064516129,0.0,0.0006656017039405,-0.0156903765690376,495.0,520.0,0.25,-0.0060459492140266,-0.0008376158806932,-0.0002668613305604
2010-06-09,460.0,460.0,445.0,460.0,17000.0,460.0,473.0,477.5,492.8,501.26666666666665,487.925,False,False,False,False,False,False,False,True,False,True,False,0.0978260869565217,0.0978260869565217,,,-0.0713043478260869,-0.0897101449275361,0.0543478260869565,0.0,0.0009309748636786,-0.0178010471204188,505.0,510.0,8.5,-0.0068993506493506,-0.000853401435324,0.000265373159738
2010-06-10,450.0,460.0,450.0,460.0,15000.0,460.0,470.0,476.5,489.4,501.53333333333336,487.9,False,False,False,False,False,False,False,True,False,True,False,0.0652173913043478,0.0978260869565217,,,-0.0639130434782608,-0.0902898550724638,0.0543478260869565,0.0,0.000531702778147,-0.0178384050367261,520.0,505.0,0.8823529411764706,-0.0069472823865959,-4.793173724529885e-05,-0.0003992720855315
2010-06-11,465.0,470.0,465.0,465.0,11000.0,465.0,467.0,474.5,486.8,501.73333333333335,487.925,False,False,False,False,False,False,False,True,False,False,False,0.075268817204301,0.1075268817204301,,,-0.0468817204301075,-0.0789964157706093,0.021505376344086,0.0,0.0003986181238373,-0.0147523709167544,515.0,505.0,0.7333333333333333,-0.0053410024650779,0.0016062799215179,-0.0001330846543097
2010-06-14,470.0,480.0,470.0,475.0,8000.0,475.0,465.0,473.0,485.8,502.3333333333333,487.95,False,False,False,False,False,False,False,True,False,False,False,0.0526315789473684,0.0421052631578947,,,-0.0227368421052631,-0.0575438596491227,-0.0105263157894736,-0.031578947368421,0.0011944260119441,-0.0126849894291754,540.0,505.0,0.7272727272727273,-0.0020584602717167,0.0032825421933612,0.0007958078881068
2010-06-15,480.0,490.0,480.0,490.0,18000.0,490.0,470.0,473.5,485.2,503.06666666666666,487.8,False,False,False,False,True,False,False,True,False,False,False,0.0204081632653061,0.0,,,0.0097959183673469,-0.0266666666666666,-0.0306122448979591,-0.0612244897959183,0.0014577259475218,-0.0147835269271383,530.0,510.0,2.25,-0.0012366034624897,0.000821856809227,0.0002632999355777
2010-06-16,495.0,505.0,490.0,505.0,5000.0,505.0,479.0,476.0,485.6,504.0,487.85,False,False,False,False,False,False,True,True,False,False,False,0.0,-0.0396039603960396,,,0.0384158415841583,0.0019801980198019,-0.099009900990099,-0.0792079207920792,0.0018518518518518,-0.0210084033613445,540.0,505.0,0.2777777777777778,0.0008237232289951,0.0020603266914848,0.0003941259043299
2010-06-17,495.0,505.0,490.0,490.0,11000.0,490.0,485.0,477.5,485.0,504.8,487.8,False,False,False,False,False,False,False,True,False,True,False,0.0306122448979591,0.0,,,0.010204081632653,-0.030204081632653,-0.0306122448979591,-0.0510204081632653,0.0015847860538827,-0.0261780104712041,560.0,515.0,2.2,-0.0012371134020619,-0.002060836631057,-0.0002670657979691
2010-06-18,485.0,500.0,485.0,500.0,5000.0,500.0,492.0,479.5,484.4,505.2,487.75,False,False,False,False,False,False,False,True,False,True,False,0.03,-0.02,,,0.0312,-0.0103999999999999,-0.08,-0.08,0.0007917656373712,-0.0333680917622523,530.0,510.0,0.4545454545454545,-0.0012386457473163,-1.5323452544119178e-06,-0.0007930204165114
2010-06-21,485.0,500.0,485.0,500.0,15000.0,500.0,497.0,481.0,483.0,505.53333333333336,487.75,False,False,False,False,False,False,False,True,False,True,False,-0.01,-0.03,,,0.034,-0.0110666666666667,-0.06,-0.06,0.0006593696426217,-0.0374220374220374,520.0,520.0,3.0,-0.0028985507246376,-0.0016599049773213,-0.0001323959947495
2010-06-22,495.0,500.0,495.0,500.0,6000.0,500.0,499.0,484.5,482.2,505.6,487.25,False,False,False,False,False,False,False,True,False,False,False,-0.02,-0.04,,,0.0356,-0.0112,-0.07,-0.06,0.0001318565400843,-0.0433436532507739,520.0,515.0,0.4,-0.0016590626296142,0.0012394880950233,-0.0005275131025373
2010-06-23,505.0,505.0,505.0,505.0,3000.0,505.0,499.0,489.0,482.8,505.26666666666665,485.75,False,False,False,False,False,False,True,False,True,False,False,-0.0396039603960396,-0.0594059405940594,,,0.0439603960396039,-0.0005280528052804,-0.0693069306930693,-0.0792079207920792,-0.0006597176408497,-0.0511247443762781,540.0,510.0,0.5,0.0012427506213753,0.0029018132509896,-0.0007915741809341
2010-06-24,505.0,505.0,495.0,505.0,49000.0,505.0,502.0,493.5,483.4,505.06666666666666,484.575,False,False,False,False,False,False,True,False,False,True,False,-0.0297029702970297,-0.0297029702970297,,,0.0427722772277228,-0.0001320132013201,-0.0693069306930693,-0.0297029702970297,-0.0003959873284054,-0.0536980749746707,550.0,510.0,16.333333333333332,0.0012412081092262,-1.5425121491145603e-06,0.0002637303124443
2010-06-25,515.0,520.0,490.0,515.0,68000.0,515.0,505.0,498.5,484.8,505.1333333333333,483.75,False,False,False,False,False,False,True,True,False,False,False,-0.0485436893203883,-0.058252427184466,,,0.0586407766990291,0.0191585760517799,-0.087378640776699,-0.0388349514563106,0.0001319783555496,-0.0571715145436308,550.0,505.0,1.3877551020408163,0.0028877887788779,0.0016465806696517,0.0005279656839551
2010-06-28,515.0,515.0,485.0,495.0,20000.0,495.0,504.0,500.5,485.2,504.9333333333333,482.75,False,False,False,False,False,False,True,False,False,True,False,-0.0202020202020202,-0.0101010101010101,,,0.0197979797979798,-0.0200673400673399,-0.0606060606060606,-0.0101010101010101,-0.0003960918933193,-0.0549450549450549,550.0,490.0,0.2941176470588235,0.0008244023083264,-0.0020633864705515,-0.000528070248869
2010-06-29,495.0,505.0,490.0,490.0,10000.0,490.0,502.0,500.5,485.4,504.53333333333336,481.8,False,False,False,False,False,False,True,False,False,True,False,-0.0204081632653061,-0.0204081632653061,,,0.0093877551020408,-0.0296598639455782,-0.0306122448979591,-0.010204081632653,-0.0007928118393233,-0.0499500499500499,540.0,490.0,0.5,0.0004120313143798,-0.0004123709939465,-0.0003967199460039
2010-06-30,510.0,510.0,485.0,485.0,32000.0,485.0,498.0,498.5,486.2,504.2,480.925,False,False,False,False,False,False,True,False,True,False,False,-0.0206185567010309,0.0,,,-0.0024742268041236,-0.0395876288659793,0.0206185567010309,0.0103092783505154,-0.0006611133148222,-0.0411233701103309,545.0,495.0,3.2,0.0016454134101193,0.0012333820957394,0.000131698524501
2010-07-01,485.0,490.0,460.0,490.0,21000.0,490.0,495.0,498.5,487.0,504.0,480.3,False,False,False,False,False,False,True,False,False,True,False,0.0,-0.010204081632653,,,0.0061224489795918,-0.0285714285714285,0.0204081632653061,-0.0408163265306122,-0.0003968253968253,-0.0401203610832497,545.0,485.0,0.65625,0.0016427104722792,-2.7029378400318053e-06,0.0002642879179968
2010-07-02,470.0,490.0,465.0,490.0,15000.0,490.0,490.0,497.5,487.2,503.8,479.45,False,False,False,False,False,False,True,False,False,True,False,-0.010204081632653,-0.0306122448979591,,,0.0057142857142857,-0.0281632653061224,0.0714285714285714,-0.0510204081632653,-0.0003969829297339,-0.0371859296482412,530.0,495.0,0.7142857142857143,0.0004105090311986,-0.0012322014410806,-1.575329086245963e-07
2010-07-05,490.0,495.0,485.0,485.0,13000.0,485.0,488.0,496.0,487.0,503.53333333333336,478.75,False,False,False,False,False,False,False,False,False,True,False,0.0103092783505154,-0.0309278350515463,,,-0.0041237113402061,-0.038213058419244,0.0618556701030927,-0.0309278350515463,-0.0005295908910366,-0.034274193548387,500.0,495.0,0.8666666666666667,-0.0004106776180697,-0.0008211866492684,-0.0001326079613026
2010-07-06,480.0,480.0,470.0,480.0,16000.0,480.0,486.0,494.0,486.8,503.1333333333333,478.075,False,False,False,False,False,False,False,False,False,True,False,0.0,-0.0104166666666666,,,-0.0141666666666666,-0.0481944444444444,0.0,0.0104166666666666,-0.0007950178879025,-0.027327935222672,505.0,495.0,1.2307692307692308,-0.0004108463434675,-1.687253977279311e-07,-0.0002654269968659
2010-07-07,480.0,480.0,475.0,475.0,3000.0,475.0,484.0,491.0,486.6,502.73333333333335,477.45,False,False,False,False,False,False,False,False,False,True,False,0.0210526315789473,-0.0421052631578947,,,-0.0244210526315789,-0.0583859649122807,0.031578947368421,0.0421052631578947,-0.0007956504442381,-0.015274949083503,495.0,505.0,0.1875,-0.0004110152075626,-1.6886409513668668e-07,-6.325563355738311e-07
2010-07-08,485.0,490.0,480.0,490.0,20000.0,490.0,484.0,489.5,487.2,502.4,476.925,False,False,False,True,True,False,True,False,True,False,False,-0.010204081632653,-0.0306122448979591,,,0.0057142857142857,-0.0253061224489795,0.0,0.0204081632653061,-0.0006634819532909,-0.010214504596527,505.0,520.0,6.666666666666667,0.0012315270935959,0.0016425423011586,0.0001321684909471
2010-07-09,490.0,495.0,480.0,485.0,16000.0,485.0,483.0,486.5,487.4,502.06666666666666,476.3,False,False,False,False,False,False,True,False,False,True,False,-0.0206185567010309,-0.0515463917525773,,,-0.0049484536082473,-0.0351890034364261,-0.0206185567010309,0.0206185567010309,-0.0006639224538573,-0.0041109969167523,515.0,515.0,0.8,0.0004103405826836,-0.0008211865109123,-4.4050056640580586e-07
2010-07-12,485.0,490.0,480.0,490.0,5000.0,490.0,484.0,486.0,487.6,501.6666666666667,475.625,False,False,False,False,False,False,True,False,False,True,False,-0.0408163265306122,-0.0408163265306122,,,0.0048979591836734,-0.0238095238095238,-0.0306122448979591,0.0204081632653061,-0.0007973421926909,-0.0010288065843621,535.0,540.0,0.3125,0.0004101722723544,-1.683103291219806e-07,-0.0001334197388336
2010-07-13,480.0,485.0,475.0,480.0,7000.0,480.0,484.0,485.0,488.2,501.2,474.9,False,False,False,False,False,False,True,False,True,False,False,-0.0104166666666666,-0.03125,,,-0.0170833333333333,-0.0441666666666666,-0.0104166666666666,0.0416666666666666,-0.0009310986964618,0.0041237113402061,520.0,530.0,1.4,0.0012290045063497,0.0008188322339953,-0.0001337565037709
2010-07-14,485.0,485.0,485.0,485.0,1000.0,485.0,486.0,485.0,489.2,500.8666666666667,474.3,False,False,False,False,False,False,True,False,False,False,False,-0.0618556701030927,-0.0309278350515463,,,-0.0086597938144329,-0.0327147766323024,-0.0103092783505154,0.0309278350515463,-0.0006655131106082,0.0061855670103092,490.0,540.0,0.1428571428571428,0.0020441537203597,0.0008151492140099,0.0002655855858536
2010-07-15,485.0,485.0,480.0,485.0,10000.0,485.0,485.0,484.5,490.2,500.53333333333336,473.725,False,False,False,False,False,False,True,False,False,True,False,-0.0206185567010309,-0.0309278350515463,,,-0.010721649484536,-0.0320274914089347,-0.0206185567010309,0.0309278350515463,-0.0006659563132658,0.0134158926728586,490.0,560.0,10.0,0.0020399836801305,-4.170040229211844e-06,-4.4320265757066563e-07
2010-07-16,470.0,480.0,470.0,475.0,20000.0,475.0,483.0,483.0,490.6,500.1333333333333,473.2,False,False,False,False,False,False,True,False,False,True,False,-0.031578947368421,-0.0105263157894736,,,-0.0328421052631579,-0.0529122807017543,-0.0105263157894736,0.0421052631578947,-0.0007997867235404,0.0227743271221532,480.0,530.0,2.0,0.0008153281695883,-0.0012246555105422,-0.0001338304102746
2010-07-20,465.0,470.0,460.0,470.0,20000.0,470.0,479.0,481.5,490.4,499.8666666666667,472.75,False,False,False,False,False,False,False,False,False,True,False,0.0,-0.0106382978723404,,,-0.0434042553191488,-0.0635460992907801,-0.0319148936170212,0.0638297872340425,-0.0005334755934915,0.0321910695742471,485.0,520.0,1.0,-0.0004078303425775,-0.0012231585121659,0.0002663111300488
2010-07-21,465.0,475.0,465.0,475.0,10000.0,475.0,478.0,481.0,489.8,499.6666666666667,472.325,False,False,False,False,False,False,False,False,False,True,False,-0.0210526315789473,0.0,,,-0.0311578947368421,-0.0519298245614035,-0.031578947368421,0.0526315789473684,-0.000400266844563,0.0363825363825363,485.0,520.0,0.5,-0.0012249897917516,-0.000817159449174,0.0001332087489285
2010-07-22,470.0,470.0,445.0,455.0,26000.0,455.0,472.0,479.0,487.8,499.1333333333333,471.8,False,False,False,False,False,False,False,False,False,True,False,0.0329670329670329,0.0879120879120879,,,-0.0720879120879121,-0.0969963369963369,0.0439560439560439,0.0879120879120879,-0.0010685187658608,0.0407098121085595,465.0,540.0,2.6,-0.00410004100041,-0.0028750512086583,-0.0006682519212978
2010-07-23,455.0,475.0,455.0,475.0,8000.0,475.0,470.0,477.5,487.2,499.0,471.475,False,False,False,False,False,False,False,False,False,False,False,-0.0105263157894736,0.0526315789473684,,,-0.0256842105263157,-0.0505263157894736,-0.031578947368421,0.031578947368421,-0.0002672010688042,0.0418848167539267,470.0,550.0,0.3076923076923077,-0.0012315270935961,0.0028685139068138,0.0008013176970566
2010-07-26,465.0,475.0,460.0,460.0,14000.0,460.0,467.0,475.0,485.6,498.53333333333336,471.25,False,False,False,False,False,False,False,False,False,True,False,0.0217391304347826,0.1413043478260869,,,-0.0556521739130435,-0.083768115942029,0.0434782608695652,0.0760869565217391,-0.0009360791655522,0.0473684210526315,485.0,550.0,1.75,-0.0032948929159801,-0.002063365822384,-0.0006688780967479
2010-07-27,460.0,470.0,455.0,470.0,26000.0,470.0,467.0,473.0,484.4,498.2,471.05,False,False,False,False,False,False,False,False,False,False,False,-0.0106382978723404,0.0957446808510638,,,-0.0306382978723403,-0.0599999999999999,0.0212765957446808,0.0531914893617021,-0.0006690753378831,0.0507399577167019,490.0,550.0,1.8571428571428568,-0.0024772914946326,0.0008176014213475,0.0002670038276691
2010-07-28,465.0,475.0,465.0,465.0,10000.0,465.0,465.0,471.5,483.0,497.8,470.725,False,False,False,False,False,False,False,False,False,True,False,0.021505376344086,0.032258064516129,,,-0.0387096774193548,-0.0705376344086021,0.010752688172043,0.075268817204301,-0.0008035355564483,0.0540827147401908,485.0,540.0,0.3846153846153846,-0.0028985507246376,-0.000421259230005,-0.0001344602185652
2010-07-29,460.0,475.0,460.0,470.0,28000.0,470.0,468.0,470.0,481.6,497.3333333333333,470.275,False,False,False,False,False,False,False,False,False,True,False,0.0531914893617021,0.0425531914893617,,,-0.0246808510638298,-0.0581560283687942,0.0106382978723404,0.0744680851063829,-0.0009383378016086,0.0585106382978723,480.0,545.0,2.8,-0.0029069767441859,-8.426019548365277e-06,-0.0001348022451603
2010-07-30,470.0,470.0,465.0,470.0,8000.0,470.0,467.0,468.5,480.2,496.6666666666667,469.9,False,False,False,False,False,False,False,False,False,True,False,0.0638297872340425,0.0425531914893617,,,-0.0217021276595744,-0.0567375886524823,0.0212765957446808,0.1595744680851064,-0.0013422818791945,0.071504802561366,475.0,545.0,0.2857142857142857,-0.0029154518950438,-8.475150857803655e-06,-0.0004039440775859
2010-08-02,465.0,470.0,460.0,470.0,5000.0,470.0,469.0,468.0,478.4,496.06666666666666,469.65,False,False,False,False,False,False,False,False,False,True,False,0.1170212765957446,0.0106382978723404,,,-0.0178723404255318,-0.0554609929078014,-0.0106382978723404,0.1382978723404255,-0.0012095148501545,0.0811965811965812,480.0,530.0,0.625,-0.00376254180602,-0.0008470899109762,0.0001327670290399
2010-08-03,465.0,465.0,465.0,465.0,2000.0,465.0,468.0,467.5,477.2,495.06666666666666,469.4,False,False,False,False,False,False,False,False,False,False,False,0.1075268817204301,0.021505376344086,,,-0.0262365591397849,-0.0646594982078853,0.0,0.2150537634408602,-0.0020199299757608,0.0962566844919786,485.0,500.0,0.4,-0.0025146689019278,0.0012478729040922,-0.0008104151256062
2010-08-04,465.0,475.0,465.0,475.0,31000.0,475.0,470.0,467.5,476.6,494.3333333333333,469.15,False,False,False,False,False,False,False,False,False,False,False,0.0105263157894736,0.0,,,-0.0033684210526316,-0.0407017543859648,0.0,0.1894736842105263,-0.0014834794335806,0.1101604278074866,465.0,505.0,15.5,-0.0012589173310951,0.0012557515708327,0.0005364505421802
2010-08-05,470.0,500.0,470.0,495.0,53000.0,495.0,475.0,471.5,477.0,493.73333333333335,469.025,False,False,False,False,True,False,True,False,False,False,True,-0.0101010101010101,-0.0303030303030303,,,0.0363636363636363,0.0025589225589225,-0.0404040404040404,0.1414141414141414,-0.0012152308938697,0.1155885471898197,460.0,495.0,1.7096774193548387,0.00083857442348,0.0020974917545752,0.0002682485397108
2010-08-06,495.0,505.0,485.0,500.0,36000.0,500.0,481.0,474.0,477.4,492.9333333333333,468.875,False,False,False,False,False,False,True,False,False,True,False,-0.02,-0.05,,,0.0452,0.0141333333333334,-0.06,0.15,-0.0016229375169057,0.1276371308016877,460.0,505.0,0.6792452830188679,0.0008378718056136,-7.026178663427189e-07,-0.0004077066230359
2010-08-09,515.0,525.0,500.0,525.0,30000.0,525.0,492.0,480.5,478.8,492.8666666666667,468.875,False,False,False,False,False,False,True,False,True,False,False,-0.0952380952380952,-0.1047619047619047,,,0.0879999999999999,0.0612063492063491,-0.1047619047619047,0.0857142857142857,-0.0001352630867035,0.1279916753381894,465.0,515.0,0.8333333333333334,0.0029239766081872,0.0020861048025735,0.0014876744302022
2010-08-10,520.0,525.0,505.0,515.0,32000.0,515.0,502.0,485.0,480.0,492.8,468.9,False,False,False,False,False,False,True,False,False,True,False,-0.0776699029126213,-0.116504854368932,,,0.0679611650485436,0.0431067961165048,-0.0970873786407767,0.1067961165048543,-0.0001352813852813,0.1329896907216494,475.0,535.0,1.0666666666666669,0.0024999999999999,-0.0004239766081872,-1.829857786201836e-08
2010-08-11,500.0,505.0,475.0,480.0,113000.0,480.0,503.0,486.5,480.0,492.26666666666665,468.7,False,False,False,False,False,False,False,False,False,True,False,-0.0104166666666666,-0.0416666666666666,,,0.0,-0.0255555555555555,-0.03125,0.1875,-0.0010834236186349,0.1438848920863309,490.0,520.0,3.53125,0.0,-0.0024999999999999,-0.0009481422333535
2010-08-12,480.0,490.0,465.0,490.0,30000.0,490.0,502.0,488.5,480.6,491.6,468.5,False,False,False,False,False,False,True,False,True,False,False,-0.0204081632653061,-0.0306122448979591,,,0.0191836734693877,-0.003265306122449,-0.0408163265306122,0.1632653061224489,-0.0013561160835366,0.1525076765609007,505.0,490.0,0.2654867256637168,0.0012484394506866,0.0012484394506866,-0.0002726924649017
2010-08-16,480.0,490.0,480.0,490.0,10000.0,490.0,500.0,490.5,480.6,490.8,468.325,False,False,False,False,False,False,False,False,False,True,False,-0.0306122448979591,-0.0612244897959183,,,0.0191836734693877,-0.0016326530612245,-0.0306122448979591,0.1530612244897959,-0.0016299918500407,0.1518858307849133,490.0,490.0,0.3333333333333333,0.0,-0.0012484394506866,-0.000273875766504
2010-08-18,475.0,490.0,465.0,475.0,37000.0,475.0,490.0,491.0,480.2,489.8,468.075,False,False,False,False,False,False,False,False,False,True,False,-0.0105263157894736,0.0105263157894736,,,-0.0109473684210526,-0.0311578947368421,0.0,0.1789473684210526,-0.0020416496529195,0.1558044806517311,500.0,480.0,3.7,-0.0008329862557268,-0.0008329862557268,-0.0004116578028787
2010-08-19,475.0,480.0,470.0,475.0,16000.0,475.0,482.0,492.0,479.6,488.8,467.8,False,False,False,False,False,False,False,False,False,True,False,-0.0421052631578947,0.0105263157894736,,,-0.0096842105263158,-0.0290526315789473,0.0,0.2,-0.0020458265139116,0.1544715447154471,500.0,485.0,0.4324324324324324,-0.0012510425354461,-0.0004180562797192,-4.176860992061333e-06
2010-08-20,460.0,475.0,460.0,475.0,50000.0,475.0,481.0,492.0,479.4,487.9333333333333,467.55,False,False,False,False,False,False,False,False,False,False,False,-0.031578947368421,-0.0105263157894736,,,-0.0092631578947367,-0.0272280701754384,-0.0210526315789473,0.2105263157894736,-0.0017761989342807,0.1565040650406504,500.0,485.0,3.125,-0.0004171881518565,0.0008338543835895,0.0002696275796308
2010-08-23,465.0,480.0,465.0,480.0,17000.0,480.0,479.0,490.5,479.2,487.06666666666666,467.4,False,False,False,False,True,False,False,False,False,True,False,-0.0104166666666666,-0.0104166666666666,,,0.0016666666666666,-0.0147222222222222,-0.0416666666666666,0.2291666666666666,-0.0017793594306048,0.1651376146788991,505.0,465.0,0.34,-0.0004173622704507,-1.74118594145384e-07,-3.160496324109514e-06
2010-08-24,475.0,485.0,470.0,475.0,20000.0,475.0,476.0,488.0,478.8,486.1333333333333,467.225,False,False,False,False,False,False,False,False,False,True,False,-0.031578947368421,0.0105263157894736,,,-0.008,-0.023438596491228,-0.031578947368421,0.2105263157894736,-0.0019199122325836,0.1711065573770492,505.0,470.0,1.1764705882352942,-0.0008354218880534,-0.0004180596176026,-0.0001405528019787
2010-08-25,470.0,475.0,460.0,470.0,21000.0,470.0,475.0,482.5,478.6,485.3333333333333,467.15,False,False,False,False,False,False,False,False,False,False,False,0.0212765957446808,-0.0106382978723404,,,-0.0182978723404255,-0.0326241134751772,-0.0106382978723404,0.2127659574468085,-0.0016483516483516,0.1844559585492228,515.0,485.0,1.05,-0.0004178854993731,0.0004175363886802,0.0002715605842319
2010-08-26,460.0,470.0,455.0,455.0,14000.0,455.0,471.0,476.5,478.0,484.73333333333335,467.125,False,False,False,False,False,False,False,False,False,True,False,0.0549450549450549,0.0219780219780219,,,-0.0505494505494505,-0.0653479853479853,0.0109890109890109,0.2527472527472527,-0.0012377939760692,0.1993704092339979,495.0,490.0,0.6666666666666666,-0.001255230125523,-0.0008373446261499,0.0004105576722824
2010-08-27,450.0,470.0,450.0,460.0,5000.0,460.0,468.0,474.5,477.4,484.1333333333333,467.175,False,False,False,False,False,False,False,False,False,True,False,0.0217391304347826,0.0326086956521739,,,-0.0378260869565216,-0.052463768115942,0.0,0.217391304347826,-0.001239328008813,0.20231822971549,490.0,485.0,0.3571428571428571,-0.0012568077084206,-1.577582897599331e-06,-1.5340327438001598e-06
2010-08-30,465.0,475.0,465.0,475.0,16000.0,475.0,467.0,473.0,478.2,483.8666666666667,467.225,False,False,False,False,False,False,True,False,True,False,False,0.0,0.0,,,-0.0067368421052631,-0.0186666666666666,-0.0210526315789473,0.1894736842105263,-0.00055111600992,0.2050739957716701,485.0,480.0,3.2,0.0016729401923881,0.0029297479008088,0.0006882119988929
2010-08-31,460.0,460.0,455.0,460.0,8000.0,460.0,464.0,470.0,477.6,483.26666666666665,467.25,False,False,False,False,False,False,False,False,False,True,False,0.0434782608695652,0.0217391304347826,,,-0.0382608695652174,-0.0505797101449275,0.0108695652173913,0.217391304347826,-0.0012415505586977,0.2117021276595744,490.0,475.0,0.5,-0.0012562814070351,-0.0029292215994232,-0.0006904345487777
2010-09-01,460.0,485.0,460.0,480.0,26000.0,480.0,466.0,470.5,478.4,482.8,467.375,False,False,False,True,True,False,True,False,True,False,False,-0.03125,-0.0208333333333333,,,0.0033333333333333,-0.0058333333333333,-0.0416666666666666,0.1666666666666666,-0.0009665838166251,0.2104144527098831,490.0,480.0,3.25,0.0016722408026754,0.0029285222097105,0.0002749667420726
2010-09-02,485.0,485.0,470.0,480.0,16000.0,480.0,471.0,471.0,478.8,482.06666666666666,467.525,False,False,False,False,False,False,True,False,False,True,False,-0.03125,-0.03125,,,0.0024999999999999,-0.0043055555555555,-0.0208333333333333,0.1666666666666666,-0.0015212280459134,0.2070063694267516,485.0,485.0,0.6153846153846154,0.0008354218880535,-0.0008368189146219,-0.0005546442292882
2010-09-03,465.0,485.0,465.0,470.0,89000.0,470.0,473.0,470.5,479.0,481.4,467.6,False,False,False,False,False,False,True,False,False,True,False,0.0106382978723404,-0.0106382978723404,,,-0.0191489361702127,-0.0242553191489361,0.0,0.1702127659574468,-0.0013848497438028,0.2029755579171094,480.0,465.0,5.5625,0.0004175365344467,-0.0004178853536067,0.0001363783021106
2010-09-06,475.0,475.0,475.0,475.0,1000.0,475.0,473.0,470.0,479.2,481.2,467.725,False,False,False,False,False,False,True,False,False,True,False,0.0,-0.0105263157894736,,,-0.0088421052631578,-0.0130526315789473,-0.0210526315789473,0.1263157894736842,-0.0004156275976724,0.1925531914893617,475.0,460.0,0.0112359550561797,0.0004173622704507,-1.742639960128508e-07,0.0009692221461303
2010-09-07,470.0,480.0,470.0,480.0,14000.0,480.0,477.0,470.5,479.6,481.06666666666666,468.0,False,False,False,False,False,False,True,False,False,False,False,-0.0208333333333333,-0.0104166666666666,,,0.0008333333333332,-0.0022222222222222,0.0208333333333333,0.125,-0.0002771618625277,0.18384697130712,490.0,460.0,14.0,0.0008340283569642,0.0004166660865134,0.0001384657351447
2010-09-08,475.0,475.0,465.0,465.0,2000.0,465.0,474.0,470.0,479.4,480.8666666666667,468.15,False,False,False,False,False,False,False,False,False,True,False,0.010752688172043,0.021505376344086,,,-0.0309677419354838,-0.0341218637992831,0.064516129032258,0.1720430107526881,-0.0004159157077498,0.1797872340425532,485.0,465.0,0.1428571428571428,-0.0004171881518565,-0.0012512165088207,-0.0001387538452221
2010-09-09,460.0,475.0,460.0,465.0,18000.0,465.0,471.0,471.0,479.4,480.6,468.475,False,False,False,False,False,False,False,False,False,False,True,0.0,0.021505376344086,,,-0.0309677419354838,-0.0335483870967742,0.053763440860215,0.1720430107526881,-0.0005548619780829,0.1719745222929936,490.0,475.0,9.0,0.0,0.0004171881518565,-0.000138946270333
2010-09-10,470.0,475.0,465.0,475.0,12000.0,475.0,472.0,472.5,479.4,480.4666666666666,468.85,False,False,False,False,False,False,False,False,False,False,False,-0.0210526315789473,-0.0210526315789473,,,-0.0092631578947367,-0.0115087719298243,0.0210526315789473,0.1368421052631579,-0.0002775079783545,0.164021164021164,480.0,490.0,0.6666666666666666,0.0,0.0,0.0002773539997283
2010-09-13,465.0,475.0,465.0,475.0,8000.0,475.0,472.0,472.5,478.6,480.6,469.275,False,False,False,False,False,False,False,True,False,True,False,-0.0105263157894736,-0.031578947368421,,,-0.0075789473684211,-0.0117894736842105,0.031578947368421,0.1789473684210526,0.0002774309890416,0.1629629629629629,485.0,505.0,0.6666666666666666,-0.0016715419974925,-0.0016715419974925,0.0005549389673962
2010-09-14,475.0,485.0,465.0,470.0,17000.0,470.0,470.0,473.5,477.4,480.6,469.75,False,False,False,False,False,False,False,False,False,True,True,0.0106382978723404,-0.0212765957446808,,,-0.0157446808510637,-0.0225531914893617,0.0,0.1914893617021276,0.0,0.160506863780359,485.0,490.0,2.125,-0.0025136154168413,-0.0008420734193487,-0.0002774309890416
2010-09-15,465.0,485.0,465.0,470.0,22000.0,470.0,471.0,472.5,475.2,480.4,470.2,False,False,False,False,False,False,False,False,False,True,False,0.0106382978723404,-0.0106382978723404,,,-0.011063829787234,-0.022127659574468,-0.0106382978723404,0.2340425531914893,-0.0004163197335554,0.1671957671957672,475.0,500.0,1.2941176470588236,-0.0046296296296296,-0.0021160142127882,-0.0004163197335554
2010-09-16,470.0,470.0,455.0,465.0,37000.0,465.0,471.0,471.0,473.2,480.06666666666666,470.775,False,False,False,False,False,False,False,False,False,False,False,0.021505376344086,-0.010752688172043,,,-0.0176344086021505,-0.0324014336917562,0.010752688172043,0.2258064516129032,-0.0006943480072211,0.173036093418259,470.0,500.0,1.681818181818182,-0.0042265426880811,0.0004030869415484,-0.0002780282736657
2010-09-17,465.0,470.0,465.0,465.0,10000.0,465.0,469.0,470.5,472.6,479.8,471.375,False,False,False,False,False,False,False,False,False,False,False,0.0,-0.010752688172043,,,-0.0163440860215054,-0.0318279569892473,0.043010752688172,0.2580645161290322,-0.0005557871335278,0.181721572794899,475.0,500.0,0.2702702702702703,-0.0012695725772322,0.0029569701108488,0.0001385608736933
2010-09-21,475.0,475.0,470.0,470.0,6000.0,470.0,468.0,470.0,471.8,479.6666666666667,471.925,False,False,False,False,False,False,False,False,False,True,False,-0.0212765957446808,-0.0106382978723404,,,-0.0038297872340425,-0.0205673758865248,0.0531914893617021,0.2127659574468085,-0.0002779708130646,0.1904255319148936,455.0,505.0,0.6,-0.0016956337431115,-0.0004260611658792,0.0002778163204632
2010-09-22,475.0,475.0,470.0,475.0,5000.0,475.0,469.0,469.5,471.2,479.6666666666667,472.4,False,False,False,False,True,False,False,False,False,False,False,-0.031578947368421,-0.0210526315789473,,,0.008,-0.0098245614035088,0.0526315789473684,0.2,0.0,0.1980830670926517,475.0,505.0,0.8333333333333334,-0.0012733446519525,0.000422289091159,0.0002779708130646
2010-09-24,475.0,475.0,470.0,475.0,5000.0,475.0,470.0,470.5,471.2,479.6,472.925,False,False,False,False,False,False,False,False,False,False,True,-0.0210526315789473,-0.031578947368421,,,0.008,-0.0096842105263158,0.0421052631578947,0.2105263157894736,-0.0001390047261606,0.2019128586609989,460.0,515.0,1.0,0.0,0.0012733446519525,-0.0001390047261606
2010-09-27,475.0,475.0,475.0,475.0,11000.0,475.0,472.0,471.5,471.2,479.4666666666666,473.55,False,False,False,False,False,False,False,False,False,False,False,-0.031578947368421,-0.0105263157894736,,,0.008,-0.0094035087719296,0.0526315789473684,0.2631578947368421,-0.0002780867630702,0.2110286320254507,470.0,495.0,2.2,0.0,0.0,-0.0001390820369096
2010-09-28,465.0,465.0,460.0,465.0,13000.0,465.0,472.0,470.5,470.8,479.4666666666666,474.05,False,False,False,False,False,True,False,False,False,True,False,-0.010752688172043,0.010752688172043,,,-0.0124731182795699,-0.0311111111111109,0.075268817204301,0.2795698924731182,0.0,0.2252922422954304,465.0,490.0,1.181818181818182,-0.0008496176720475,-0.0008496176720475,0.0002780867630702
2010-09-29,460.0,460.0,455.0,460.0,25000.0,460.0,470.0,469.0,470.0,479.4666666666666,474.45,False,False,False,False,False,False,False,False,False,True,False,0.0108695652173913,0.0108695652173913,,,-0.0217391304347826,-0.0423188405797099,0.0869565217391304,0.2282608695652173,0.0,0.2302771855010661,470.0,485.0,1.9230769230769231,-0.0017021276595744,-0.0008525099875269,0.0
2010-09-30,455.0,460.0,455.0,460.0,22000.0,460.0,467.0,468.0,469.4,479.4666666666666,474.85,False,False,False,False,False,False,False,False,False,False,False,0.0108695652173913,0.0652173913043478,,,-0.0204347826086956,-0.0423188405797099,0.0869565217391304,0.25,0.0,0.2361111111111111,470.0,490.0,0.88,-0.0012782275244994,0.000423900135075,0.0
2010-10-01,460.0,465.0,460.0,465.0,6000.0,465.0,465.0,467.5,469.2,479.4666666666666,475.25,False,False,False,False,False,False,False,False,False,False,False,-0.010752688172043,0.064516129032258,,,-0.0090322580645161,-0.0311111111111109,0.064516129032258,0.2473118279569892,0.0,0.2374331550802139,470.0,490.0,0.2727272727272727,-0.0004262574595055,0.0008519700649938,0.0
2010-10-04,460.0,465.0,455.0,460.0,14000.0,460.0,462.0,467.0,469.4,479.26666666666665,475.5,False,False,False,False,False,False,True,False,False,False,False,0.0217391304347826,0.0652173913043478,,,-0.0204347826086956,-0.0418840579710144,0.0869565217391304,0.2608695652173913,-0.0004173042147724,0.240899357601713,465.0,485.0,2.333333333333333,0.0004260758414997,0.0008523333010052,-0.0004173042147724
2010-10-05,455.0,460.0,455.0,460.0,4000.0,460.0,461.0,466.5,469.4,478.8666666666667,475.5,False,False,False,False,False,False,False,False,False,True,False,0.0217391304347826,0.0543478260869565,,,-0.0204347826086956,-0.0410144927536232,0.0869565217391304,0.25,-0.0008353055826255,0.240085744908896,475.0,480.0,0.2857142857142857,0.0,-0.0004260758414997,-0.0004180013678531
2010-10-06,460.0,465.0,460.0,465.0,4000.0,465.0,462.0,466.0,469.0,478.3333333333333,475.375,False,False,False,False,False,False,False,False,False,True,False,0.0,0.053763440860215,,,-0.0086021505376344,-0.0286738351254479,0.064516129032258,0.2258064516129032,-0.0011149825783972,0.2414163090128755,495.0,475.0,1.0,-0.0008528784648187,-0.0008528784648187,-0.0002796769957716
2010-10-07,460.0,465.0,455.0,465.0,24000.0,465.0,463.0,465.0,469.2,478.0,475.475,False,False,False,False,False,False,True,False,False,False,False,0.053763440860215,0.010752688172043,,,-0.0090322580645161,-0.0279569892473118,0.053763440860215,0.1827956989247312,-0.0006973500697349,0.2397849462365591,500.0,490.0,6.0,0.0004262574595055,0.0012791359243242,0.0004176325086623
2010-10-08,455.0,460.0,455.0,460.0,9000.0,460.0,462.0,463.5,468.4,477.4666666666666,475.525,False,False,False,False,False,False,False,False,False,True,False,0.0760869565217391,0.0108695652173913,,,-0.0182608695652173,-0.0379710144927534,0.0760869565217391,0.2065217391304347,-0.0011170064227871,0.2394822006472491,525.0,485.0,0.375,-0.0017079419299744,-0.0021341993894799,-0.0004196563530521
2010-10-12,450.0,470.0,450.0,470.0,78000.0,470.0,464.0,463.0,468.0,477.06666666666666,475.65,False,False,False,False,True,False,False,False,False,False,False,0.0425531914893617,0.0,,,0.0042553191489361,-0.0150354609929077,0.0531914893617021,0.202127659574468,-0.0008384572386806,0.2332613390928725,515.0,490.0,8.666666666666666,-0.0008547008547008,0.0008532410752735,0.0002785491841064
2010-10-13,460.0,470.0,460.0,470.0,12000.0,470.0,466.0,463.5,468.0,476.6666666666667,475.875,False,False,False,False,False,False,False,False,False,False,False,0.0319148936170212,0.0319148936170212,,,0.0042553191489361,-0.0141843971631206,0.0638297872340425,0.2127659574468085,-0.0008391608391607,0.2265372168284789,480.0,480.0,0.1538461538461538,0.0,0.0008547008547008,-7.036004801310152e-07
2010-10-14,465.0,465.0,460.0,465.0,4000.0,465.0,466.0,464.0,467.6,476.1333333333333,476.15,False,False,False,False,False,False,False,False,False,True,False,0.053763440860215,0.064516129032258,,,-0.0055913978494624,-0.023942652329749,0.086021505376344,0.2473118279569892,-0.0011201344161299,0.2284482758620689,490.0,485.0,0.3333333333333333,-0.0008554319931564,-0.0008554319931564,-0.0002809735769691
2010-10-15,455.0,500.0,455.0,490.0,95000.0,490.0,471.0,467.0,468.0,475.9333333333333,476.45,False,False,False,False,False,False,True,False,False,False,False,-0.0408163265306122,0.0204081632653061,,,0.0448979591836734,0.0287074829931973,0.1122448979591836,0.2346938775510204,-0.0004202269225382,0.2269807280513918,490.0,485.0,23.75,0.0008547008547008,0.0017101328478573,0.0006999074935917
2010-10-18,510.0,545.0,490.0,495.0,340000.0,495.0,478.0,470.0,469.2,475.6666666666667,476.725,False,False,False,False,False,False,True,False,True,False,False,-0.0606060606060606,0.0,,,0.0521212121212121,0.039057239057239,0.0808080808080808,0.2525252525252525,-0.000560616678346,0.2276595744680851,475.0,475.0,3.5789473684210527,0.0025575447570332,0.0017028439023324,-0.0001403897558077
2010-10-19,490.0,505.0,475.0,490.0,42000.0,490.0,482.0,473.0,470.2,475.6,477.05,False,False,False,False,False,False,True,False,False,True,False,-0.0408163265306122,0.0204081632653061,,,0.0404081632653061,0.0293877551020407,0.1530612244897959,0.2551020408163265,-0.0001401738155312,0.2272727272727272,475.0,470.0,0.1235294117647058,0.0021267545725223,-0.0004307901845108,0.0004204428628147
2010-10-20,480.0,490.0,470.0,485.0,32000.0,485.0,485.0,475.5,470.6,475.53333333333336,477.4,False,False,False,False,False,False,True,False,False,True,False,0.0,0.0309278350515463,,,0.0296907216494844,0.0195189003436425,0.1649484536082474,0.2474226804123711,-0.0001401934669844,0.2271293375394321,475.0,475.0,0.7619047619047619,0.0008499787505313,-0.001276775821991,-1.9651453179759e-08
2010-10-21,490.0,490.0,490.0,490.0,1000.0,490.0,490.0,478.0,471.2,475.6,477.725,False,False,False,False,False,False,True,True,False,False,False,0.010204081632653,0.0204081632653061,,,0.0383673469387755,0.0293877551020407,0.1530612244897959,0.2346938775510204,0.0001401738155312,0.2280334728033473,480.0,455.0,0.03125,0.0012733446519523,0.000423365901421,0.0002803672825156
2010-10-22,490.0,490.0,470.0,470.0,29000.0,470.0,486.0,478.5,471.2,475.3333333333333,478.0,False,False,False,False,False,False,False,False,False,True,False,0.0638297872340425,0.0638297872340425,,,-0.0025531914893616,-0.0113475177304964,0.2234042553191489,0.2978723404255319,-0.0005610098176718,0.2392894461859979,475.0,475.0,29.0,0.0,-0.0012733446519523,-0.0007011836332031
2010-10-25,475.0,480.0,465.0,465.0,26000.0,465.0,480.0,479.0,471.0,475.0,478.225,False,False,False,False,False,False,False,False,False,True,False,0.064516129032258,0.064516129032258,,,-0.0129032258064516,-0.021505376344086,0.2258064516129032,0.3333333333333333,-0.0007017543859648,0.2515657620041753,470.0,460.0,0.896551724137931,-0.0004246284501061,-0.0004246284501061,-0.0001407445682929
2010-10-26,460.0,470.0,460.0,470.0,25000.0,470.0,476.0,479.0,471.2,474.8,478.45,False,False,False,False,False,False,True,False,False,False,False,0.0638297872340425,0.0638297872340425,,,-0.0025531914893616,-0.0102127659574468,0.2127659574468085,0.3191489361702128,-0.0004212299915753,0.2630480167014614,455.0,470.0,0.9615384615384616,0.0004244482173174,0.0008490766674235,0.0002805243943894
2010-10-27,480.0,510.0,475.0,485.0,49000.0,485.0,476.0,480.5,472.0,474.8666666666667,478.775,False,False,False,True,True,False,True,True,True,False,True,0.0309278350515463,0.0309278350515463,,,0.0268041237113402,0.0208934707903779,0.1752577319587628,0.2577319587628865,0.0001403902849922,0.2674297606659729,460.0,465.0,1.96,0.0016949152542373,0.0012704670369198,0.0005616202765676
2010-10-28,490.0,505.0,480.0,495.0,34000.0,495.0,477.0,483.5,473.0,475.1333333333333,479.2,False,False,False,False,False,False,True,True,False,False,False,0.0101010101010101,0.0,,,0.0444444444444444,0.0401346801346801,0.1515151515151515,0.2525252525252525,0.0005612459660445,0.2678386763185109,475.0,470.0,0.6938775510204082,0.0021141649048625,0.0004192496506252,0.0004208556810523
2010-10-29,485.0,500.0,485.0,500.0,20000.0,500.0,483.0,484.5,474.0,475.26666666666665,479.6,False,False,False,False,False,False,True,True,False,True,False,0.0,-0.02,,,0.052,0.0494666666666667,0.13,0.23,0.0002805442558563,0.2672858617131063,460.0,470.0,0.5882352941176471,0.0021097046413502,-4.460263512368577e-06,-0.0002807017101882
2010-11-01,490.0,495.0,485.0,495.0,8000.0,495.0,489.0,484.5,474.8,475.4,479.975,False,False,False,False,False,False,True,True,False,True,False,0.0,0.0,,,0.0408080808080807,0.0395959595959596,0.1313131313131313,0.2323232323232323,0.0002804655728509,0.2652218782249742,480.0,470.0,0.4,0.0016849199663016,-0.0004247846750485,-7.86830054287798e-08
2010-11-02,495.0,500.0,490.0,500.0,12000.0,500.0,495.0,485.5,475.8,475.53333333333336,480.35,True,True,False,False,False,False,True,True,False,False,True,0.0,-0.01,,,0.0483999999999999,0.0489333333333332,0.14,0.18,0.0002803869339689,0.2574665293511843,480.0,465.0,1.5,0.0021017234131988,0.0004168034468971,-7.863888193599712e-08
2010-11-04,500.0,505.0,490.0,500.0,24000.0,500.0,498.0,487.0,477.2,475.8,480.725,False,False,False,False,False,False,True,True,False,False,False,0.0,0.0,,,0.0456,0.0483999999999999,0.15,0.18,0.0005604595768529,0.2505133470225872,470.0,475.0,2.0,0.0029337803855825,0.0008320569723836,0.000280072642884
2010-11-05,490.0,500.0,490.0,500.0,14000.0,500.0,499.0,488.0,478.8,476.0,481.075,False,False,False,False,False,False,True,True,False,False,False,-0.01,0.01,,,0.0423999999999999,0.048,0.18,0.22,0.0004201680672268,0.2489754098360656,475.0,495.0,0.5833333333333334,0.0033416875522139,0.0004079071666313,-0.0001402915096261
2010-11-08,500.0,500.0,500.0,500.0,1000.0,500.0,499.0,491.0,480.4,476.2,481.4,False,False,False,False,False,False,True,True,False,True,False,-0.02,0.09,,,0.0392,0.0476,0.15,0.22,0.0004199916001679,0.2413441955193482,480.0,500.0,0.0714285714285714,0.0033305578684428,-1.1129683771022357e-05,-1.764670588941166e-07
2010-11-09,495.0,495.0,490.0,495.0,10000.0,495.0,499.0,494.0,481.6,476.4666666666666,481.675,False,False,False,False,False,False,True,True,False,True,False,0.0,0.0808080808080808,,,0.027070707070707,0.0374410774410776,0.1515151515151515,0.202020202020202,0.0005596753882746,0.228744939271255,465.0,525.0,10.0,0.0024916943521595,-0.0008388635162833,0.0001396837881066
2010-11-10,490.0,500.0,490.0,500.0,40000.0,500.0,499.0,497.0,483.2,476.8666666666667,481.875,False,False,False,False,False,False,True,True,False,False,False,-0.01,0.13,,,0.0336,0.0462666666666666,0.14,0.2,0.0008388088913744,0.2173038229376257,465.0,515.0,4.0,0.0033112582781456,0.000819563925986,0.0002791335030997
2010-11-11,490.0,500.0,490.0,500.0,17000.0,500.0,499.0,498.5,484.8,477.2,482.15,False,False,False,False,False,False,True,True,False,True,False,0.0,0.13,,,0.0303999999999999,0.0456,0.12,0.21,0.0006985191394243,0.2126379137412236,475.0,480.0,0.425,0.0033003300330033,-1.0928245142277464e-05,-0.00014028975195
2010-11-12,490.0,500.0,490.0,495.0,9000.0,495.0,498.0,498.5,486.0,477.73333333333335,482.45,False,False,False,False,False,False,True,True,False,True,False,0.0202020202020202,0.1414141414141414,,,0.0181818181818181,0.0348821548821548,0.1414141414141414,0.2222222222222222,0.0011163829193413,0.2096288866599799,475.0,490.0,0.5294117647058824,0.0024691358024691,-0.0008311942305342,0.000417863779917
2010-11-15,495.0,495.0,490.0,490.0,6000.0,490.0,496.0,497.5,487.0,477.9333333333333,482.75,False,False,False,False,False,False,True,True,False,True,False,0.1122448979591836,0.173469387755102,,,0.0061224489795918,0.0246258503401361,0.1428571428571428,0.2244897959183673,0.0004184684056352,0.2090452261306532,470.0,490.0,0.6666666666666666,0.002053388090349,-0.00041574771212,-0.0006979145137061
2010-11-16,495.0,500.0,495.0,495.0,18000.0,495.0,496.0,497.5,488.4,478.4,483.025,False,False,False,False,False,False,True,True,False,False,False,0.0808080808080808,0.1515151515151515,,,0.0133333333333333,0.0335353535353535,0.1313131313131313,0.202020202020202,0.0009754738015608,0.2060301507537688,470.0,475.0,3.0,0.0028665028665028,0.0008131147761537,0.0005570053959255
2010-11-17,490.0,495.0,490.0,495.0,4000.0,495.0,495.0,497.0,489.4,478.73333333333335,483.275,False,False,False,False,False,False,True,True,False,True,False,0.1414141414141414,0.1515151515151515,,,0.0113131313131313,0.0328619528619528,0.1313131313131313,0.1919191919191919,0.0006962818548949,0.2072434607645875,465.0,475.0,0.2222222222222222,0.0020433183489987,-0.000823184517504,-0.0002791919466658
2010-11-18,490.0,505.0,490.0,500.0,27000.0,500.0,495.0,497.0,490.6,479.2,483.675,False,False,False,False,False,False,True,True,False,False,False,0.13,0.14,,,0.0187999999999999,0.0416,0.1,0.15,0.0009738452977183,0.204225352112676,465.0,475.0,6.75,0.0024459845087648,0.000402666159766,0.0002775634428234
2010-11-19,505.0,505.0,490.0,505.0,30000.0,505.0,497.0,497.5,492.2,479.6666666666667,484.05,False,False,False,False,False,False,True,True,False,False,False,0.1188118811881188,0.1287128712871287,,,0.0253465346534653,0.0501650165016501,0.0594059405940594,-0.0198019801980198,0.0009728978457262,0.1798994974874372,470.0,480.0,1.1111111111111112,0.0032507110930515,0.0008047265842866,-9.47451992102332e-07
2010-11-22,510.0,565.0,510.0,545.0,252000.0,545.0,508.0,502.0,494.4,480.6666666666667,484.625,False,False,False,False,False,False,True,True,False,False,False,0.055045871559633,0.036697247706422,,,0.0928440366972477,0.1180428134556574,-0.0091743119266055,-0.3119266055045872,0.0020804438280166,0.1225099601593625,475.0,475.0,8.4,0.0044498381877022,0.0011991270946507,0.0011075459822903
2010-11-24,545.0,545.0,520.0,535.0,58000.0,535.0,516.0,506.0,496.0,481.53333333333336,485.2,False,False,False,False,False,False,True,True,False,True,False,0.0654205607476635,0.0467289719626168,,,0.0728971962616822,0.0999376947040498,0.0186915887850467,-0.1775700934579439,0.0017998061747196,0.0830039525691699,475.0,470.0,0.2301587301587301,0.0032258064516129,-0.0012240317360892,-0.0002806376532969
2010-11-25,545.0,570.0,535.0,565.0,103000.0,565.0,530.0,512.5,499.0,482.8666666666667,485.95,False,False,False,False,False,False,True,True,False,False,False,0.0088495575221238,0.0088495575221238,,,0.1168141592920354,0.1453687315634218,-0.0353982300884955,-0.1858407079646017,0.0027612867596299,0.0419512195121951,475.0,455.0,1.7758620689655171,0.0060120240480961,0.0027862175964832,0.0009614805849102
2010-11-26,560.0,565.0,540.0,565.0,80000.0,565.0,543.0,519.0,502.2,484.06666666666666,486.675,False,False,False,False,False,False,True,True,False,False,False,0.0088495575221238,0.0176991150442477,,,0.1111504424778761,0.1432448377581121,-0.0442477876106194,-0.1415929203539823,0.0024789973832805,0.0057803468208092,465.0,460.0,0.7766990291262136,0.0063719633612106,0.0003599393131144,-0.0002822893763494
2010-11-29,575.0,580.0,560.0,565.0,65000.0,565.0,555.0,526.0,505.2,485.0,487.425,False,False,False,False,False,False,True,True,False,True,False,0.0088495575221238,0.0442477876106194,,,0.1058407079646018,0.1415929203539823,-0.0088495575221238,-0.0176991150442477,0.0019243986254295,-0.0171102661596958,460.0,475.0,0.8125,0.005938242280285,-0.0004337210809256,-0.0005545987578509
2010-11-30,550.0,580.0,550.0,575.0,96000.0,575.0,561.0,534.5,509.4,486.0,488.25,False,False,False,False,False,False,True,True,False,False,False,-0.017391304347826,0.0,,,0.1140869565217391,0.1547826086956521,-0.0260869565217391,-0.008695652173913,0.0020576131687242,-0.0383536014967259,460.0,460.0,1.476923076923077,0.0082449941107184,0.0023067518304334,0.0001332145432947
2010-12-01,570.0,570.0,550.0,570.0,43000.0,570.0,568.0,542.0,513.6,486.6,489.0,False,False,False,False,False,False,True,True,False,True,False,-0.0175438596491228,0.0,,,0.0989473684210525,0.1463157894736841,0.0175438596491228,0.0263157894736842,0.001233045622688,-0.0535055350553505,465.0,480.0,0.4479166666666667,0.008177570093458,-6.742401726043956e-05,-0.0008245675460361
2010-12-02,565.0,570.0,555.0,570.0,127000.0,570.0,569.0,549.5,517.6,487.3333333333333,489.725,False,False,False,False,False,False,True,True,False,True,False,0.0,0.0,,,0.0919298245614034,0.1450292397660819,0.0,0.175438596491228,0.0015047879616962,-0.0518653321201091,460.0,480.0,2.953488372093023,0.0077279752704791,-0.0004495948229788,0.0002717423390081
2010-12-03,575.0,590.0,565.0,570.0,135000.0,570.0,570.0,556.5,521.0,488.53333333333336,490.525,False,False,False,False,False,False,True,True,False,True,False,0.0087719298245614,-0.0175438596491228,,,0.0859649122807017,0.1429239766081871,0.0263157894736842,0.2631578947368421,0.0024563318777293,-0.0377358490566037,460.0,470.0,1.062992125984252,0.0065259117082533,-0.0012020635622258,0.0009515439160331
2010-12-06,570.0,570.0,560.0,570.0,14000.0,570.0,571.0,563.0,524.0,489.6,491.3,False,False,False,False,False,False,True,True,False,True,False,0.0350877192982456,-0.0087719298245614,,,0.0807017543859649,0.1410526315789473,0.0,0.2894736842105263,0.0021786492374727,-0.0062166962699822,465.0,475.0,0.1037037037037037,0.0057251908396946,-0.0008007208685586,-0.0002776826402565
2010-12-07,560.0,565.0,560.0,565.0,18000.0,565.0,569.0,565.0,526.6,490.6,492.075,False,False,False,False,False,False,True,True,False,True,False,0.0176991150442477,-0.0088495575221238,,,0.0679646017699114,0.1316814159292035,0.0088495575221238,0.3539823008849557,0.0020383204239706,0.05929203539823,465.0,480.0,1.2857142857142858,0.0049373338397265,-0.000787856999968,-0.0001403288135021
2010-12-08,560.0,570.0,545.0,560.0,44000.0,560.0,567.0,567.5,529.2,491.73333333333335,492.85,False,False,False,False,False,False,True,True,False,True,False,0.0178571428571428,0.0,,,0.0549999999999999,0.1219047619047618,0.0267857142857142,0.3571428571428571,0.0023047722342733,0.1110132158590308,460.0,465.0,2.4444444444444446,0.0049130763416478,-2.4257498078777626e-05,0.0002664518103026
2010-12-09,560.0,570.0,560.0,570.0,89000.0,570.0,567.0,568.0,532.0,493.0,493.45,False,False,False,False,False,False,True,True,False,False,False,0.0,-0.0175438596491228,,,0.0666666666666666,0.1350877192982456,0.0526315789473684,0.2894736842105263,0.0025693035835023,0.1584507042253521,470.0,465.0,2.022727272727273,0.0052631578947367,0.0003500815530889,0.000264531349229
2010-12-10,560.0,590.0,560.0,575.0,174000.0,575.0,568.0,569.0,535.0,494.3333333333333,494.125,False,False,False,False,False,False,True,True,False,False,False,-0.0260869565217391,-0.0434782608695652,,,0.0695652173913043,0.1402898550724638,0.0347826086956521,0.2695652173913043,0.0026972353337828,0.1994727592267135,470.0,475.0,1.9550561797752808,0.005607476635514,0.0003443187407772,0.0001279317502804
2010-12-13,575.0,595.0,575.0,590.0,90000.0,590.0,572.0,571.5,538.6,495.8,494.95,False,False,False,False,False,False,True,True,False,False,False,-0.0423728813559322,-0.0932203389830508,,,0.0871186440677965,0.1596610169491525,-0.0423728813559322,0.1694915254237288,0.0029581820626597,0.2178477690288714,465.0,475.0,0.5172413793103449,0.006683995544003,0.0010765189084889,0.0002609467288769
2010-12-14,590.0,595.0,575.0,575.0,87000.0,575.0,574.0,571.5,541.6,497.1333333333333,495.625,False,False,False,False,False,False,True,True,False,True,False,-0.0260869565217391,-0.0608695652173913,,,0.058086956521739,0.1354202898550724,0.0,0.1217391304347826,0.0026820437173125,0.2309711286089238,490.0,470.0,0.9666666666666668,0.0055391432791728,-0.0011448522648301,-0.0002761383453471
2010-12-15,580.0,585.0,570.0,570.0,13000.0,570.0,576.0,571.5,544.6,498.4666666666666,496.225,False,False,False,False,False,False,True,True,False,True,False,-0.0175438596491228,-0.043859649122807,,,0.0445614035087718,0.1254970760233919,0.0175438596491228,0.131578947368421,0.0026748696001068,0.2414698162729658,495.0,470.0,0.1494252873563218,0.0055086301872934,-3.051309187939496e-05,-7.174117205711265e-06
2010-12-16,580.0,580.0,555.0,570.0,55000.0,570.0,576.0,571.5,547.4,500.0,496.925,False,False,False,False,False,False,True,True,False,True,False,-0.0175438596491228,-0.043859649122807,,,0.0396491228070175,0.1228070175438596,0.0175438596491228,0.1666666666666666,0.0030666666666668,0.2405949256342957,490.0,465.0,4.230769230769231,0.0051150895140664,-0.000393540673227,0.0003917970665599
2010-12-17,565.0,570.0,560.0,560.0,53000.0,560.0,573.0,570.5,549.8,501.3333333333333,497.55,False,False,False,False,False,False,True,True,False,True,False,-0.0178571428571428,-0.0357142857142857,,,0.0182142857142857,0.1047619047619047,0.0267857142857142,0.2321428571428571,0.002659574468085,0.2375109553023663,485.0,465.0,0.9636363636363636,0.0043652237177154,-0.0007498657963509,-0.0004070921985817
2010-12-20,560.0,565.0,555.0,565.0,34000.0,565.0,568.0,570.0,552.6,502.53333333333336,498.2,False,False,False,False,False,False,True,True,False,False,False,-0.0530973451327433,-0.0088495575221238,,,0.0219469026548672,0.1105604719764011,0.0088495575221238,0.1946902654867256,0.0023879013000796,0.2280701754385964,490.0,470.0,0.6415094339622641,0.0050669562070214,0.0007017324893059,-0.0002716731680053
2010-12-21,565.0,570.0,555.0,560.0,15000.0,560.0,565.0,569.5,555.4,503.8666666666667,498.85,False,False,False,False,False,False,True,True,False,True,False,-0.0357142857142857,0.0,,,0.0082142857142857,0.1002380952380952,-0.0178571428571428,0.2232142857142857,0.0026462026991267,0.2151009657594381,470.0,475.0,0.4411764705882353,0.0050414115952465,-2.554461177488917e-05,0.000258301399047
2010-12-22,560.0,570.0,550.0,560.0,38000.0,560.0,563.0,569.5,558.0,504.9333333333333,499.3,False,False,False,False,False,False,True,True,False,True,False,-0.0267857142857142,0.0357142857142857,,,0.0035714285714285,0.0983333333333334,-0.0089285714285714,0.3035714285714285,0.0021124900977025,0.2098331870061457,465.0,475.0,2.533333333333333,0.0046594982078853,-0.0003819133873612,-0.0005337126014241
2010-12-24,550.0,560.0,550.0,560.0,17000.0,560.0,561.0,568.5,560.6,506.0,499.725,False,False,False,False,False,False,True,True,False,True,False,-0.0267857142857142,0.0178571428571428,,,-0.0010714285714286,0.0964285714285714,0.0089285714285714,0.3035714285714285,0.0021080368906456,0.2110817941952506,470.0,475.0,0.4473684210526316,0.0046378879771673,-2.161023071798381e-05,-4.453207056856218e-06
2010-12-27,555.0,555.0,545.0,550.0,44000.0,550.0,559.0,566.0,562.6,507.06666666666666,500.0,False,False,False,False,False,False,True,True,False,True,False,-0.0181818181818181,0.0636363636363636,,,-0.0229090909090909,0.078060606060606,0.0363636363636363,0.3,0.0021036024191427,0.2137809187279152,485.0,465.0,2.588235294117647,0.0035549235691432,-0.001082964408024,-4.434471502916346e-06
2010-12-28,540.0,540.0,525.0,535.0,20000.0,535.0,553.0,560.5,563.8,507.8666666666667,500.025,False,False,False,False,False,False,True,True,False,True,False,0.0467289719626168,0.0654205607476635,,,-0.0538317757009344,0.0507165109034267,0.0841121495327102,0.3271028037383177,0.0015752165922814,0.2292595896520963,495.0,460.0,0.4545454545454545,0.002128414331323,-0.0014265092378202,-0.0005283858268613
2010-12-29,525.0,545.0,525.0,540.0,49000.0,540.0,549.0,557.0,563.6,508.6666666666667,500.125,False,False,False,False,False,False,False,True,False,True,False,0.037037037037037,0.0555555555555555,,,-0.0437037037037037,0.0580246913580246,0.1203703703703703,0.3425925925925926,0.0015727391874181,0.2513464991023339,500.0,460.0,2.45,-0.0003548616039743,-0.0024832759352973,-2.477404863352123e-06
2010-12-30,540.0,545.0,535.0,545.0,11000.0,545.0,546.0,554.5,564.0,509.73333333333335,500.3,False,False,False,False,False,False,True,True,False,False,False,0.0642201834862385,0.055045871559633,,,-0.0348623853211009,0.0647094801223241,0.1376146788990825,0.3302752293577982,0.0020925974365681,0.2714156898106402,495.0,465.0,0.2244897959183673,0.0007092198581559,0.0010640814621303,0.00051985824915
2011-01-04,540.0,555.0,525.0,545.0,54000.0,545.0,543.0,552.0,563.2,510.8,500.475,False,False,False,False,False,False,False,True,False,True,False,0.0458715596330275,0.1009174311926605,,,-0.0333944954128441,0.0627522935779816,0.128440366972477,0.2935779816513761,0.0020882276168102,0.2844202898550724,500.0,460.0,4.909090909090909,-0.0014204545454544,-0.0021296744036104,-4.369819757907983e-06
2011-01-05,545.0,545.0,535.0,540.0,22000.0,540.0,541.0,550.0,562.2,511.6666666666667,500.575,False,False,False,False,False,False,False,True,False,True,False,0.0833333333333333,0.1018518518518518,,,-0.0411111111111111,0.0524691358024691,0.1203703703703703,0.3425925925925926,0.0016938110749185,0.2954545454545454,500.0,460.0,0.4074074074074074,-0.0017787264318747,-0.0003582718864203,-0.0003944165418916
2011-01-06,545.0,565.0,545.0,560.0,64000.0,560.0,546.0,549.5,562.0,512.8,500.825,False,False,False,False,False,False,False,True,False,False,False,0.0178571428571428,0.0089285714285714,,,-0.0035714285714285,0.0842857142857143,0.0803571428571428,0.3214285714285714,0.002210088403536,0.3084622383985441,500.0,465.0,2.909090909090909,-0.000355871886121,0.0014228545457537,0.0005162773286174
2011-01-07,560.0,570.0,560.0,560.0,54000.0,560.0,550.0,549.5,561.4,514.0,501.1,False,False,False,False,False,False,False,True,False,True,False,0.0178571428571428,0.0267857142857142,,,-0.0024999999999999,0.0821428571428571,0.0892857142857142,0.3303571428571428,0.0023346303501946,0.3193812556869881,500.0,465.0,0.84375,-0.0010687566797292,-0.0007128847936082,0.0001245419466586
2011-01-11,560.0,580.0,555.0,580.0,38000.0,580.0,557.0,551.5,561.8,515.4666666666667,501.475,False,False,False,False,True,False,True,True,False,False,True,-0.0086206896551724,0.0,,,0.0313793103448276,0.1112643678160919,0.0689655172413793,0.3189655172413793,0.0028453181583032,0.3209428830462375,495.0,460.0,0.7037037037037037,0.0007119971520113,0.0017807538317406,0.0005106878081085
2011-01-12,580.0,585.0,565.0,570.0,60000.0,570.0,562.0,552.5,561.8,516.8666666666667,501.8,False,False,False,False,False,False,False,True,False,True,False,0.0526315789473684,0.0175438596491228,,,0.0143859649122807,0.0932163742690058,0.087719298245614,0.3859649122807017,0.0027086289178382,0.3294117647058823,500.0,470.0,1.5789473684210529,0.0,-0.0007119971520113,-0.000136689240465
2011-01-13,575.0,585.0,575.0,585.0,40000.0,585.0,571.0,556.0,562.4,518.4666666666667,502.175,False,False,False,False,False,False,True,True,True,False,False,0.017094017094017,-0.017094017094017,,,0.0386324786324786,0.1137321937321936,0.0427350427350427,0.358974358974359,0.0030860228880031,0.335431654676259,500.0,470.0,0.6666666666666666,0.0010668563300142,0.0010668563300142,0.0003773939701649
2011-01-14,585.0,585.0,570.0,570.0,30000.0,570.0,573.0,559.5,562.4,519.8,502.5,False,False,False,False,False,False,False,True,False,True,False,-0.0087719298245614,0.0,,,0.0133333333333333,0.0880701754385965,0.087719298245614,0.3684210526315789,0.0025650891368473,0.3395889186773905,495.0,465.0,0.75,0.0,-0.0010668563300142,-0.0005209337511557
2011-01-17,575.0,580.0,570.0,570.0,21000.0,570.0,575.0,562.5,562.6,521.0666666666667,502.775,False,False,False,False,False,False,True,True,False,False,False,0.0087719298245614,-0.0350877192982456,,,0.0129824561403508,0.0858479532163741,0.0789473684210526,0.3421052631578947,0.0024309109518937,0.3395555555555555,490.0,490.0,0.7,0.0003554923569144,0.0003554923569144,-0.0001341781849536
2011-01-18,570.0,575.0,565.0,575.0,29000.0,575.0,574.0,565.5,563.2,522.4,503.1,False,False,False,False,False,False,True,True,True,False,False,0.008695652173913,-0.0347826086956521,,,0.0205217391304347,0.0914782608695652,0.0608695652173913,0.3043478260869565,0.0025523226135782,0.3368700265251989,495.0,495.0,1.380952380952381,0.0010653409090909,0.0007098485521765,0.0001214116616844
2011-01-19,585.0,640.0,575.0,600.0,669000.0,600.0,580.0,571.0,564.4,524.0666666666667,503.5,False,False,False,False,False,False,True,True,False,False,False,-0.0333333333333333,-0.0583333333333333,,,0.0593333333333333,0.1265555555555554,-0.0166666666666666,0.2583333333333333,0.0031802569647628,0.3327495621716287,495.0,490.0,23.06896551724138,0.0021261516654853,0.0010608107563944,0.0006279343511846
2011-01-20,595.0,600.0,590.0,595.0,106000.0,595.0,582.0,576.5,565.2,525.8,503.9,False,False,False,False,False,False,True,True,False,True,False,-0.0336134453781512,-0.042016806722689,,,0.0500840336134453,0.1163025210084034,-0.0084033613445378,0.1092436974789916,0.0032965639660198,0.3087597571552471,500.0,485.0,0.1584454409566517,0.0014154281670206,-0.0007107234984647,0.0001163070012569
2011-01-21,585.0,590.0,560.0,565.0,105000.0,565.0,581.0,577.0,564.2,527.2,504.175,False,False,False,False,False,False,False,True,False,True,False,0.0088495575221238,0.0265486725663716,,,0.0014159292035397,0.0669026548672565,0.079646017699115,0.1238938053097345,0.0026555386949925,0.2894280762564991,505.0,490.0,0.9905660377358492,-0.0017724211272598,-0.0031878492942804,-0.0006410252710272
2011-01-24,570.0,575.0,565.0,575.0,37000.0,575.0,582.0,578.5,564.2,528.7333333333333,504.5,False,False,False,False,False,False,False,True,False,False,True,-0.0434782608695652,0.0521739130434782,,,0.018782608695652,0.080463768115942,0.0608695652173913,0.0782608695652174,0.0029000126087504,0.2644770959377701,545.0,470.0,0.3523809523809524,0.0,0.0017724211272598,0.0002444739137578
2011-01-25,575.0,580.0,570.0,580.0,33000.0,580.0,583.0,578.5,564.6,530.2666666666667,504.875,False,False,False,False,False,False,True,True,False,False,False,-0.043103448275862,0.0689655172413793,,,0.0265517241379309,0.0857471264367816,0.0258620689655172,0.0689655172413793,0.0028916268544128,0.2394122731201383,535.0,465.0,0.8918918918918919,0.0007084661707403,0.0007084661707403,-8.385754337598538e-06
2011-01-26,575.0,580.0,570.0,580.0,14000.0,580.0,579.0,579.5,565.0,531.8666666666667,505.325,False,False,False,False,False,False,True,True,False,True,False,-0.0258620689655172,0.0603448275862069,,,0.0258620689655172,0.0829885057471264,0.0344827586206896,0.0689655172413793,0.0030082727500627,0.2079378774805867,565.0,470.0,0.4242424242424242,0.0007079646017698,-5.015689704355184e-07,0.0001166458956498
2011-01-27,575.0,575.0,570.0,575.0,15000.0,575.0,575.0,578.5,565.6,533.4,505.75,False,False,False,False,False,False,True,True,False,False,False,-0.008695652173913,0.0521739130434782,,,0.0163478260869564,0.0723478260869565,0.0521739130434782,0.0695652173913043,0.0028746406699162,0.1789109766637856,565.0,485.0,1.0714285714285714,0.0010608203677511,0.0003528557659812,-0.0001336320801465
2011-01-28,575.0,580.0,565.0,570.0,33000.0,570.0,576.0,578.5,565.8,534.8,506.125,False,False,False,False,False,False,True,True,False,True,False,0.0175438596491228,0.0614035087719298,,,0.0073684210526316,0.0617543859649123,0.0614035087719298,0.0701754385964912,0.0026178010471203,0.1495246326707001,565.0,495.0,2.2,0.0003534817956874,-0.0007073385720636,-0.0002568396227958
2011-01-31,555.0,560.0,550.0,550.0,52000.0,550.0,571.0,576.5,565.4,535.9333333333333,506.45,False,False,False,False,False,False,False,True,False,True,False,0.1,0.109090909090909,,,-0.0279999999999999,0.0255757575757576,0.0909090909090909,0.1545454545454545,0.0021146908819504,0.1309627059843885,575.0,500.0,1.5757575757575757,-0.0007074637424831,-0.0010609455381705,-0.0005031101651698
2011-02-01,555.0,560.0,555.0,555.0,13000.0,555.0,566.0,574.5,565.2,537.2,506.75,False,False,False,False,False,False,False,True,False,False,False,0.1171171171171171,0.1171171171171171,,,-0.0183783783783784,0.0320720720720719,0.072072072072072,0.1801801801801801,0.0023579051873915,0.1183637946040034,570.0,495.0,0.25,-0.000353857041755,0.0003536067007281,0.0002432143054411
2011-02-02,560.0,570.0,560.0,565.0,14000.0,565.0,563.0,571.0,565.4,538.4666666666667,507.1,False,False,False,False,False,False,True,True,False,False,False,0.0884955752212389,0.0973451327433628,,,-0.0007079646017698,0.046961651917404,0.0442477876106194,0.1327433628318584,0.0023523585489661,0.1050788091068301,570.0,500.0,1.0769230769230769,0.0003537318712414,0.0007075889129964,-5.546638425423141e-06
2011-02-03,570.0,570.0,565.0,570.0,14000.0,570.0,562.0,568.5,566.2,539.8,507.475,False,False,False,True,True,False,True,True,True,False,False,0.0614035087719298,0.0701754385964912,,,0.0066666666666665,0.0529824561403509,0.0087719298245614,0.1140350877192982,0.0024700506360378,0.1055408970976253,570.0,500.0,1.0,0.0014129282938892,0.0010591964226477,0.0001176920870717
2011-02-04,575.0,590.0,575.0,580.0,64000.0,580.0,564.0,570.0,568.0,541.3333333333334,507.85,False,False,False,False,False,False,True,True,False,False,True,0.043103448275862,0.0689655172413793,,,0.0206896551724137,0.0666666666666666,-0.146551724137931,0.1293103448275862,0.002832512315271,0.1061403508771929,570.0,500.0,4.571428571428571,0.0031690140845069,0.0017560857906177,0.0003624616792331
2011-02-07,590.0,605.0,590.0,605.0,87000.0,605.0,575.0,573.0,570.6,542.8666666666667,508.275,False,False,False,False,False,False,True,True,False,False,False,0.0082644628099173,0.0165289256198347,,,0.0568595041322313,0.1026997245179063,-0.3801652892561983,0.0991735537190082,0.0028245118506692,0.1082024432809773,565.0,500.0,1.359375,0.0045566070802664,0.0013875929957594,-8.00046460185935e-06
2011-02-08,610.0,620.0,610.0,620.0,160000.0,620.0,588.0,577.0,573.6,544.5333333333333,508.8,False,False,False,False,False,False,True,True,False,False,False,0.0,-0.0161290322580645,,,0.0748387096774193,0.1217204301075269,-0.2903225806451613,0.1209677419354838,0.0030607247796277,0.1135181975736568,560.0,495.0,1.839080459770115,0.0052301255230125,0.0006735184427461,0.0002362129289585
2011-02-09,625.0,645.0,605.0,615.0,198000.0,615.0,598.0,580.5,576.4,546.2,509.175,False,False,False,False,False,False,True,True,False,True,False,0.008130081300813,-0.040650406504065,,,0.0627642276422764,0.1118699186991869,-0.2520325203252032,0.1707317073170731,0.0030513853289394,0.1240310077519379,570.0,500.0,1.2375,0.004857737682165,-0.0003723878408474,-9.339450688269392e-06
2011-02-10,610.0,610.0,595.0,605.0,54000.0,605.0,605.0,583.5,579.0,547.8,509.55,False,False,False,False,False,False,True,True,False,True,False,0.0082644628099173,-0.024793388429752,,,0.0429752066115702,0.0945454545454546,-0.1983471074380165,0.2148760330578512,0.0029207740051111,0.1388174807197943,575.0,500.0,0.2727272727272727,0.0044905008635578,-0.0003672368186071,-0.0001306113238282
2011-02-14,605.0,605.0,600.0,605.0,42000.0,605.0,610.0,587.0,580.8,549.3333333333334,509.875,False,False,False,False,False,False,True,True,False,True,False,0.024793388429752,0.0082644628099173,,,0.04,0.0920110192837465,-0.0826446280991735,0.1487603305785124,0.0027912621359224,0.1465076660988075,590.0,495.0,0.7777777777777778,0.0030991735537189,-0.0013913273098389,-0.0001295118691887
2011-02-15,610.0,615.0,605.0,610.0,29000.0,610.0,611.0,593.0,582.8,551.2,510.125,False,False,False,False,False,False,True,True,False,False,False,0.0081967213114754,0.0,,,0.0445901639344263,0.0963934426229507,-0.0655737704918032,0.1475409836065573,0.0033865505563618,0.1458684654300168,575.0,490.0,0.6904761904761905,0.0034317089910775,0.0003325354373586,0.0005952884204394
2011-02-16,615.0,625.0,610.0,620.0,67000.0,620.0,611.0,599.5,584.4,553.2666666666667,510.575,False,False,False,False,False,False,True,True,False,True,False,-0.0161290322580645,-0.0403225806451612,,,0.0574193548387097,0.1076344086021505,-0.0564516129032258,0.1370967741935483,0.0037353898060006,0.1417848206839032,570.0,495.0,2.310344827586207,0.0027378507871321,-0.0006938582039454,0.0003488392496387
2011-02-17,625.0,625.0,615.0,620.0,36000.0,620.0,612.0,605.0,586.4,555.2666666666667,511.075,False,False,False,False,False,False,True,True,False,False,False,-0.0483870967741935,-0.032258064516129,,,0.0541935483870968,0.1044086021505376,0.0806451612903225,0.1370967741935483,0.0036018729739464,0.1421487603305785,570.0,495.0,0.5373134328358209,0.0034106412005457,0.0006727904134135,-0.0001335168320541
2011-02-18,620.0,620.0,610.0,610.0,31000.0,610.0,613.0,609.0,587.4,556.9333333333333,511.525,False,False,False,False,False,False,True,True,False,True,False,-0.0327868852459016,-0.0081967213114754,,,0.0370491803278688,0.0869945355191257,0.180327868852459,0.1393442622950819,0.0029925784055541,0.1444991789819376,560.0,500.0,0.8611111111111112,0.0017024174327545,-0.0017082237677911,-0.0006092945683922
2011-02-21,610.0,620.0,605.0,620.0,35000.0,620.0,616.0,613.0,589.4,558.6,511.925,False,False,False,False,False,False,True,True,False,False,False,-0.0161290322580645,-0.0241935483870967,,,0.0493548387096774,0.0990322580645161,0.1854838709677419,0.1290322580645161,0.002983649600191,0.1443719412724306,565.0,505.0,1.1290322580645162,0.00339328130302,0.0016908638702655,-8.928805363068396e-06
2011-02-22,625.0,625.0,605.0,615.0,84000.0,615.0,617.0,614.0,591.2,560.1333333333333,512.25,False,False,False,False,False,False,True,True,False,True,False,-0.008130081300813,-0.024390243902439,,,0.0386991869918698,0.0892140921409214,0.2439024390243902,0.1869918699186991,0.0027374434658414,0.1530944625407166,560.0,545.0,2.4,0.003044654939107,-0.000348626363913,-0.0002462061343496
2011-02-23,605.0,610.0,605.0,610.0,17000.0,610.0,615.0,613.0,592.6,561.6666666666666,512.55,False,False,False,False,False,False,True,True,False,True,False,-0.0245901639344262,-0.0245901639344262,,,0.0285245901639343,0.0792349726775956,0.2459016393442623,0.1721311475409836,0.0027299703264094,0.1582381729200652,560.0,535.0,0.2023809523809523,0.002362470469119,-0.0006821844699879,-7.473139431970772e-06
2011-02-24,605.0,605.0,590.0,590.0,64000.0,590.0,609.0,610.5,592.2,562.8666666666667,512.75,False,False,False,False,False,False,False,True,False,True,False,0.0169491525423728,0.0,,,-0.0037288135593221,0.0459887005649717,0.2457627118644068,0.1864406779661017,0.0021319436219354,0.1597051597051597,560.0,565.0,3.764705882352941,-0.000675447483958,-0.0030379179530771,-0.000598026704474
2011-02-25,585.0,595.0,580.0,590.0,19000.0,590.0,605.0,609.0,592.0,564.0666666666667,513.0,False,False,False,False,False,False,False,True,False,False,False,0.0254237288135593,-0.0254237288135593,,,-0.0033898305084745,0.0439548022598869,0.2372881355932203,0.1610169491525423,0.0021274081077887,0.154351395730706,550.0,565.0,0.296875,-0.0003378378378379,0.0003376096461201,-4.535514146654027e-06
2011-02-28,595.0,610.0,590.0,610.0,12000.0,610.0,603.0,609.5,593.8,565.5333333333333,513.325,False,False,False,False,False,False,True,True,True,False,False,-0.0081967213114754,-0.1885245901639344,,,0.0265573770491804,0.072896174863388,0.1311475409836065,0.1229508196721311,0.0025934221383942,0.1517637407711238,535.0,565.0,0.631578947368421,0.0030313236780059,0.0033691615158439,0.0004660140306055
2011-03-01,610.0,610.0,600.0,610.0,41000.0,610.0,602.0,609.5,595.2,567.0,513.65,False,False,False,False,False,False,True,True,False,True,False,-0.0163934426229508,-0.3852459016393442,,,0.0242622950819671,0.0704918032786885,0.0573770491803278,0.1147540983606557,0.0025867136978248,0.1484823625922887,540.0,575.0,3.4166666666666665,0.0023521505376345,-0.0006791731403714,-6.708440569426228e-06
2011-03-02,600.0,605.0,595.0,595.0,37000.0,595.0,599.0,607.0,595.8,568.3333333333334,513.975,False,False,False,False,False,False,True,True,False,True,False,0.0,-0.2605042016806723,,,-0.0013445378151259,0.0448179271708682,0.0840336134453781,0.1764705882352941,0.0023460410557185,0.1523887973640856,545.0,570.0,0.902439024390244,0.0010070493454177,-0.0013451011922167,-0.0002406726421063
2011-03-03,600.0,605.0,600.0,600.0,8000.0,600.0,601.0,605.0,596.6,569.6666666666666,514.475,False,False,False,False,False,False,True,True,False,False,False,-0.0166666666666666,-0.2333333333333333,,,0.0056666666666666,0.0505555555555556,0.1083333333333333,0.1666666666666666,0.0023405500292567,0.1553719008264462,545.0,570.0,0.2162162162162162,0.0013409319477037,0.0003338826022859,-5.491026461799161e-06
2011-03-04,610.0,610.0,600.0,605.0,38000.0,605.0,604.0,604.5,597.8,571.0666666666667,514.975,False,False,False,False,False,False,True,True,False,False,False,-0.0495867768595041,-0.1983471074380165,,,0.011900826446281,0.0560881542699723,0.140495867768595,0.1487603305785124,0.0024515526500118,0.1563275434243176,540.0,570.0,4.75,0.0020073603211775,0.0006664283734737,0.000111002620755
2011-03-07,615.0,615.0,605.0,605.0,71000.0,605.0,603.0,603.0,599.2,572.5333333333333,515.525,False,False,False,False,False,False,True,True,False,False,False,-0.1818181818181818,-0.0826446280991735,,,0.009586776859504,0.05366391184573,0.1157024793388429,0.1487603305785124,0.002561714019562,0.1583747927031509,560.0,570.0,1.868421052631579,0.0023364485981309,0.0003290882769534,0.0001101613695502
2011-03-08,605.0,605.0,600.0,600.0,26000.0,600.0,601.0,601.5,601.2,574.0,516.0,False,False,False,False,False,False,True,True,False,False,False,-0.375,-0.05,,,-0.002,0.0433333333333333,0.1416666666666666,0.1416666666666666,0.0025551684088269,0.1537822111388196,560.0,565.0,0.3661971830985915,0.0033266799733865,0.0009902313752555,-6.545610735036057e-06
2011-03-09,605.0,605.0,590.0,595.0,52000.0,595.0,601.0,600.0,602.8,575.3333333333334,516.4,False,False,False,False,False,False,True,True,False,True,False,-0.2605042016806723,-0.0168067226890756,,,-0.0131092436974789,0.0330532212885153,0.226890756302521,0.1680672268907563,0.0023174971031286,0.1533333333333333,580.0,560.0,2.0,0.0026542800265426,-0.0006723999468439,-0.0002376713056983
2011-03-10,595.0,595.0,590.0,590.0,19000.0,590.0,599.0,600.0,603.8,576.6,516.675,False,False,False,False,False,False,True,True,False,True,False,-0.2203389830508474,0.135593220338983,,,-0.0233898305084745,0.0227118644067796,0.2372881355932203,0.1610169491525423,0.0021967857555786,0.1508333333333333,570.0,570.0,0.3653846153846153,0.0016561775422325,-0.0009981024843101,-0.00012071134755
2011-03-11,580.0,580.0,570.0,575.0,41000.0,575.0,593.0,598.5,604.0,577.6,516.95,False,False,False,False,False,False,True,True,False,True,False,-0.1565217391304348,0.2521739130434782,,,-0.0504347826086956,-0.0045217391304348,0.2434782608695652,0.1826086956521739,0.0017313019390581,0.1528822055137844,585.0,575.0,2.1578947368421053,0.0003311258278146,-0.0013250517144178,-0.0004654838165204
2011-03-14,425.0,515.0,425.0,495.0,179000.0,495.0,571.0,587.0,600.6,577.4666666666667,516.975,False,False,False,False,False,False,False,False,False,True,False,0.1212121212121212,0.4848484848484848,,,-0.2133333333333333,-0.1665993265993266,0.4343434343434343,0.3939393939393939,-0.0002308935580697,0.176320272572402,570.0,590.0,4.365853658536586,-0.0056610056610056,-0.0059921314888202,-0.0019621954971278
2011-03-15,470.0,470.0,345.0,375.0,197000.0,375.0,526.0,563.5,591.4,575.2,516.4,False,False,False,False,False,False,False,False,False,True,False,0.52,1.04,,,-0.5770666666666666,-0.5338666666666668,0.9333333333333332,0.8266666666666667,-0.0039406583217431,0.2262644188110026,570.0,575.0,1.100558659217877,-0.0155563070679743,-0.0098953014069687,-0.0037097647636734
2011-03-16,380.0,440.0,380.0,440.0,67000.0,440.0,495.0,548.0,584.2,573.9333333333333,516.2,False,False,False,False,False,False,False,False,False,False,False,0.3295454545454545,0.7272727272727273,,,-0.3277272727272728,-0.3043939393939393,0.6477272727272727,0.5454545454545454,-0.002206992682077,0.2572992700729927,575.0,570.0,0.3401015228426396,-0.012324546388223,0.0032317606797512,0.001733665639666
2011-03-17,420.0,500.0,390.0,460.0,98000.0,460.0,469.0,534.0,578.0,572.5333333333333,516.075,False,False,False,False,False,False,False,False,False,False,False,0.4565217391304347,0.5978260869565217,,,-0.2565217391304348,-0.2446376811594202,0.532608695652174,0.4891304347826087,-0.0024452724732184,0.2874531835205992,600.0,570.0,1.462686567164179,-0.0107266435986159,0.001597902789607,-0.0002382797911413
2011-03-18,465.0,490.0,460.0,485.0,67000.0,485.0,451.0,522.0,573.2,571.4666666666667,516.075,False,False,False,False,False,False,False,False,False,False,False,0.4845360824742268,0.5051546391752577,,,-0.1818556701030928,-0.1782817869415808,0.4948453608247423,0.422680412371134,-0.0018665422305178,0.3160919540229885,595.0,560.0,0.6836734693877551,-0.0083740404745288,0.0023526031240871,0.0005787302427005
2011-03-22,525.0,575.0,515.0,555.0,153000.0,555.0,463.0,517.0,571.2,571.3333333333334,516.525,False,False,True,False,False,False,False,False,False,False,False,0.3243243243243243,0.2432432432432432,,,-0.0291891891891892,-0.0294294294294295,0.3333333333333333,0.2432432432432432,-0.0002333722287047,0.327852998065764,565.0,565.0,2.283582089552239,-0.003501400560224,0.0048726399143047,0.001633170001813
2011-03-23,565.0,570.0,550.0,570.0,72000.0,570.0,502.0,514.0,569.6,571.2666666666667,517.025,False,False,False,False,True,False,False,False,False,False,False,0.3421052631578947,0.131578947368421,,,0.0007017543859648,-0.0022222222222221,0.3070175438596491,0.1842105263157894,-0.0001166997315907,0.3336575875486381,575.0,560.0,0.4705882352941176,-0.0028089887640449,0.0006924117961791,0.000116672497114
2011-03-24,570.0,585.0,560.0,585.0,74000.0,585.0,531.0,513.0,568.2,571.4666666666667,517.525,False,False,False,False,False,False,False,True,False,False,False,0.2991452991452991,0.1025641025641025,,,0.0287179487179486,0.023133903133903,0.3076923076923077,0.1538461538461538,0.0003499766682221,0.3323586744639376,580.0,560.0,1.0277777777777777,-0.002463921154523,0.0003450676095219,0.0004666763998129
2011-03-25,590.0,680.0,590.0,670.0,685000.0,670.0,573.0,521.0,570.2,572.8,518.425,False,False,False,False,False,False,True,True,True,False,True,0.0970149253731343,-0.0074626865671641,,,0.1489552238805969,0.1450746268656717,0.1791044776119403,0.0149253731343283,0.0023277467411544,0.3109404990403071,580.0,560.0,9.256756756756756,0.0035075412136092,0.0059714623681322,0.0019777700729322
2011-03-28,680.0,720.0,665.0,720.0,850000.0,720.0,620.0,535.5,574.6,574.8,519.6,False,False,False,False,False,False,True,True,False,False,False,0.0138888888888888,-0.0416666666666666,,,0.2019444444444444,0.2016666666666667,0.1041666666666666,-0.0555555555555555,0.0034794711203897,0.2754435107376284,575.0,550.0,1.2408759124087592,0.0076575008701705,0.0041499596565612,0.0011517243792352
2011-03-29,700.0,860.0,635.0,735.0,2128000.0,735.0,656.0,559.5,579.2,577.0,520.875,True,True,False,False,False,False,True,True,False,False,False,-0.0612244897959183,-0.0816326530612244,,,0.2119727891156462,0.2149659863945578,0.0612244897959183,-0.0816326530612244,0.0038128249566725,0.2180518319928507,570.0,535.0,2.503529411764706,0.0079419889502762,0.0002844880801057,0.0003333538362828
2011-03-30,760.0,795.0,755.0,765.0,460000.0,765.0,695.0,598.5,585.2,579.6666666666666,522.325,False,False,False,False,False,False,True,True,False,False,False,-0.1568627450980392,-0.1045751633986928,,,0.235032679738562,0.2422657952069717,0.0,-0.0849673202614379,0.0046003450258768,0.1411862990810359,550.0,540.0,0.2161654135338346,0.010252904989747,0.0023109160394708,0.0007875200692043
2011-03-31,760.0,775.0,735.0,760.0,214000.0,760.0,730.0,630.5,591.2,582.3333333333334,523.725,False,False,False,False,False,False,True,True,False,True,False,-0.1513157894736842,-0.0394736842105263,,,0.2221052631578946,0.2337719298245613,-0.0131578947368421,-0.0921052631578947,0.0045792787635948,0.084853291038858,555.0,545.0,0.4652173913043478,0.010148849797023,-0.000104055192724,-2.106626228201222e-05
2011-04-01,750.0,750.0,695.0,735.0,241000.0,735.0,743.0,658.0,597.0,584.5333333333333,524.975,False,False,False,False,False,False,True,True,False,True,False,-0.0952380952380952,-0.0068027210884353,,,0.1877551020408163,0.2047165532879819,0.0272108843537414,-0.0136054421768707,0.0037636861313867,0.0455927051671732,565.0,545.0,1.1261682242990654,0.0097152428810719,-0.000433606915951,-0.0008155926322081
2011-04-04,735.0,745.0,715.0,730.0,117000.0,730.0,745.0,682.5,602.6,586.6,526.3,False,False,False,False,False,False,True,True,False,True,False,-0.0547945205479452,-0.0205479452054794,,,0.1745205479452054,0.1964383561643835,-0.0958904109589041,-0.0068493150684931,0.0035231276281396,0.0131868131868131,570.0,540.0,0.4854771784232365,0.0092930633919681,-0.0004221794891037,-0.000240558503247
2011-04-05,725.0,725.0,680.0,690.0,175000.0,690.0,736.0,696.0,605.8,587.9333333333333,527.45,False,False,False,False,False,False,True,True,False,True,False,-0.0217391304347826,0.0289855072463768,,,0.1220289855072464,0.1479227053140097,-0.0797101449275362,0.0652173913043478,0.0022678308198207,0.0,580.0,560.0,1.4957264957264955,0.0052822713766918,-0.0040107920152763,-0.0012552968083189
2011-04-06,660.0,660.0,630.0,645.0,153000.0,645.0,712.0,703.5,607.2,588.8666666666667,528.375,False,False,False,False,False,False,True,True,False,True,False,0.0620155038759689,0.1240310077519379,,,0.0586046511627906,0.0870284237726098,-0.0387596899224806,0.1240310077519379,0.0015849654703952,-0.0035536602700781,605.0,560.0,0.8742857142857143,0.0023056653491437,-0.0029766060275481,-0.0006828653494255
2011-04-07,620.0,665.0,615.0,645.0,260000.0,645.0,689.0,709.5,609.2,589.8666666666667,529.275,False,False,False,False,False,False,True,True,False,False,False,0.1317829457364341,0.1240310077519379,,,0.0555038759689921,0.0854780361757105,-0.0387596899224806,0.1007751937984496,0.0016952983725135,-0.0070472163495419,620.0,580.0,1.699346405228758,0.0032829940906106,0.0009773287414668,0.0001103329021183
2011-04-08,625.0,675.0,625.0,665.0,95000.0,665.0,675.0,709.0,611.8,591.1333333333333,530.225,False,False,False,False,False,False,True,True,False,False,False,0.0977443609022556,0.0601503759398496,,,0.08,0.1110776942355889,-0.0676691729323308,0.0526315789473684,0.0021427765873463,-0.0035260930888575,615.0,570.0,0.3653846153846153,0.004249754821837,0.0009667607312264,0.0004474782148327
2011-04-11,665.0,710.0,665.0,690.0,109000.0,690.0,667.0,706.0,615.2,592.8666666666667,531.225,False,False,False,False,False,False,True,True,False,False,False,0.036231884057971,0.0507246376811594,,,0.1084057971014492,0.1407729468599033,-0.108695652173913,0.0144927536231884,0.0029236478128865,0.0035410764872521,605.0,585.0,1.1473684210526316,0.0055266579973993,0.0012769031755623,0.0007808712255402
2011-04-12,685.0,695.0,660.0,675.0,110000.0,675.0,664.0,700.0,618.0,594.3333333333334,532.075,False,False,False,False,False,False,True,True,False,True,False,0.0518518518518518,0.0962962962962963,,,0.0844444444444444,0.1195061728395061,-0.0962962962962963,0.0074074074074074,0.0024677509814919,0.0128571428571428,605.0,570.0,1.0091743119266054,0.0045307443365695,-0.0009959136608298,-0.0004558968313946
2011-04-13,660.0,685.0,660.0,685.0,84000.0,685.0,672.0,692.0,621.4,596.0,533.05,False,False,False,False,False,False,True,True,False,False,False,0.0583941605839416,0.0875912408759124,,,0.0928467153284671,0.12992700729927,-0.072992700729927,-0.0291970802919708,0.0027964205816554,0.0195086705202312,610.0,570.0,0.7636363636363637,0.0054715159317669,0.0009407715951974,0.0003286696001634
2011-04-14,685.0,745.0,680.0,730.0,319000.0,730.0,689.0,689.0,626.8,598.2666666666667,534.2,False,False,False,False,False,False,True,True,False,False,False,-0.0068493150684931,0.047945205479452,,,0.1413698630136987,0.1804566210045662,-0.1027397260273972,-0.0958904109589041,0.0037887229774905,0.0195936139332365,620.0,575.0,3.797619047619048,0.0086151882578174,0.0031436723260505,0.000992302395835
2011-04-15,740.0,770.0,725.0,730.0,317000.0,730.0,702.0,688.5,632.4,600.5333333333333,535.35,False,False,False,False,False,False,True,True,False,False,False,-0.0342465753424657,0.0821917808219178,,,0.1336986301369863,0.177351598173516,-0.1232876712328767,-0.1301369863013698,0.0037744227353463,0.0072621641249092,620.0,600.0,0.9937304075235108,0.0088551549652119,0.0002399667073944,-1.4300242144169376e-05
2011-04-18,730.0,740.0,710.0,715.0,127000.0,715.0,707.0,687.0,638.0,602.7333333333333,536.425,False,False,False,False,False,False,True,True,False,True,False,0.0139860139860139,0.1118881118881118,,,0.1076923076923077,0.157016317016317,-0.1118881118881118,-0.1538461538461538,0.0036500387125318,-0.0080058224163027,610.0,595.0,0.4006309148264984,0.0087774294670846,-7.77254981272537e-05,-0.0001243840228144
2011-04-19,715.0,715.0,700.0,710.0,45000.0,710.0,714.0,689.0,646.6,605.0666666666667,537.45,False,False,False,False,False,False,True,True,False,False,True,0.0422535211267605,0.0985915492957746,,,0.0892957746478873,0.1477934272300468,-0.0774647887323943,-0.1901408450704225,0.00385632437197,-0.0341074020319303,620.0,565.0,0.3543307086614173,0.013300340241262,0.0045229107741773,0.0002062856594382
2011-04-20,725.0,725.0,705.0,725.0,34000.0,725.0,722.0,697.0,660.6,607.5333333333333,538.55,False,False,False,False,False,False,True,True,False,False,False,0.0275862068965517,0.0551724137931034,,,0.0888275862068965,0.1620229885057471,-0.0827586206896551,-0.1793103448275862,0.0040601338746843,-0.063845050215208,615.0,575.0,0.7555555555555555,0.0211928549803209,0.0078925147390588,0.0002038095027142
2011-04-21,720.0,725.0,695.0,725.0,50000.0,725.0,721.0,705.0,672.0,609.9333333333333,539.6,False,False,False,False,False,False,True,True,False,True,False,0.0551724137931034,0.0344827586206896,,,0.073103448275862,0.158712643678161,-0.0413793103448275,-0.1586206896551724,0.0039348562684446,-0.0886524822695035,610.0,580.0,1.4705882352941178,0.0169642857142856,-0.0042285692660352,-0.0001252776062397
2011-04-22,705.0,715.0,705.0,705.0,59000.0,705.0,716.0,709.0,681.8,612.0666666666667,540.65,False,False,False,False,False,False,True,True,False,True,False,0.1205673758865248,0.0709219858156028,,,0.0329078014184397,0.131820330969267,0.0212765957446808,-0.1418439716312056,0.003485459100316,-0.1071932299012694,590.0,580.0,1.18,0.0143737166324434,-0.0025905690818422,-0.0004493971681285
2011-04-25,725.0,735.0,710.0,725.0,107000.0,725.0,718.0,712.5,691.4,614.5333333333333,541.825,False,False,False,False,False,False,True,True,False,True,False,0.096551724137931,-0.0896551724137931,,,0.0463448275862069,0.152367816091954,0.0137931034482758,-0.1517241379310344,0.0040138858754609,-0.1235087719298245,590.0,575.0,1.8135593220338984,0.0138848712756725,-0.0004888453567708,0.0005284267751448
2011-04-26,725.0,740.0,720.0,740.0,190000.0,740.0,724.0,719.0,698.8,616.9333333333333,543.1,False,False,False,False,False,False,True,True,False,True,False,0.054054054054054,-0.1418918918918918,,,0.0556756756756757,0.1663063063063063,-0.0608108108108108,-0.1621621621621621,0.0038902096390749,-0.1397774687065368,610.0,570.0,1.7757009345794392,0.0105895821408127,-0.0032952891348597,-0.0001236762363859
2011-04-27,750.0,770.0,735.0,745.0,295000.0,745.0,728.0,725.0,705.8,619.4,544.375,False,False,False,False,False,False,True,True,False,True,False,0.0268456375838926,-0.1677852348993288,,,0.0526174496644295,0.1685906040268456,-0.0604026845637583,-0.1946308724832214,0.0039823485093101,-0.1558620689655172,610.0,550.0,1.5526315789473684,0.0099178237461037,-0.000671758394709,9.213887023517588e-05
2011-04-28,740.0,770.0,725.0,765.0,196000.0,765.0,736.0,728.5,713.0,621.8666666666667,545.75,False,False,False,False,False,False,True,True,False,False,False,-0.0196078431372549,-0.1895424836601307,,,0.0679738562091503,0.1871023965141612,-0.0784313725490196,-0.2026143790849673,0.0039665523156089,-0.1667810569663692,595.0,555.0,0.6644067796610169,0.0100981767180926,0.0001803529719889,-1.579619370116643e-05
2011-05-02,775.0,815.0,765.0,790.0,596000.0,790.0,753.0,734.5,717.8,624.8,547.275,False,False,False,False,False,False,True,True,False,True,False,-0.0443037974683544,-0.2151898734177215,,,0.0913924050632912,0.2091139240506329,-0.1075949367088607,-0.2658227848101265,0.004694835680751,-0.181075561606535,600.0,565.0,3.0408163265306123,0.0066870994706045,-0.003411077247488,0.0007282833651421
2011-05-06,785.0,805.0,780.0,795.0,304000.0,795.0,767.0,742.5,720.8,627.6,548.85,False,False,False,False,False,False,True,True,False,True,False,-0.1698113207547169,-0.2264150943396226,,,0.0933333333333334,0.210566037735849,-0.1257861635220125,-0.2830188679245283,0.0044614404079032,-0.1946127946127946,605.0,570.0,0.5100671140939598,0.0041620421753607,-0.0025250572952438,-0.0002333952728478
2011-05-09,805.0,805.0,780.0,780.0,230000.0,780.0,775.0,749.5,722.6,630.4,550.375,False,False,False,False,False,False,True,True,False,True,False,-0.1858974358974359,-0.2179487179487179,,,0.0735897435897435,0.1917948717948718,-0.1025641025641025,-0.2756410256410256,0.0044416243654821,-0.2034689793195463,605.0,580.0,0.756578947368421,0.0024910047052312,-0.0016710374701295,-1.981604242106989e-05
2011-05-10,765.0,775.0,740.0,765.0,283000.0,765.0,779.0,753.5,722.6,633.0,551.75,False,False,False,False,False,False,False,True,False,True,False,-0.1895424836601307,-0.1699346405228758,,,0.0554248366013071,0.1725490196078431,-0.0457516339869281,-0.2745098039215686,0.0041074249605055,-0.2130059721300597,600.0,605.0,1.2304347826086957,0.0,-0.0024910047052312,-0.0003341994049765
2011-05-11,775.0,775.0,750.0,750.0,108000.0,750.0,776.0,756.0,722.2,635.3333333333334,553.075,False,False,False,False,False,False,False,True,False,True,False,-0.1733333333333333,-0.1266666666666666,,,0.0370666666666666,0.1528888888888888,-0.0466666666666666,-0.2466666666666666,0.0036726128016789,-0.2215608465608465,595.0,620.0,0.381625441696113,-0.0005538631957906,-0.0005538631957906,-0.0004348121588265
2011-05-12,745.0,760.0,745.0,755.0,68000.0,755.0,769.0,761.0,723.0,637.4,554.4,False,False,False,False,False,False,True,True,True,False,False,-0.1788079470198675,-0.152317880794702,,,0.0423841059602649,0.1557615894039735,-0.0728476821192053,-0.2582781456953642,0.0032423386675033,-0.2325886990801577,590.0,615.0,0.6296296296296297,0.0011065006915628,0.0016603638873534,-0.0004302741341756
2011-05-13,755.0,755.0,650.0,660.0,278000.0,660.0,742.0,754.5,720.2,638.2666666666667,555.3,False,False,False,False,False,True,False,True,False,True,False,-0.0681818181818181,-0.0378787878787878,,,-0.0912121212121212,0.0329292929292929,0.0378787878787878,-0.1515151515151515,0.0013578441612701,-0.2332670642809808,575.0,605.0,4.088235294117647,-0.0038878089419605,-0.0049943096335233,-0.0018844945062331
2011-05-16,640.0,650.0,625.0,635.0,119000.0,635.0,713.0,744.0,718.0,639.2,556.05,False,False,False,False,False,False,False,True,False,False,False,-0.0393700787401574,0.0314960629921259,,,-0.1307086614173228,-0.0066141732283465,0.0787401574803149,-0.0787401574803149,0.0014601585314978,-0.2271505376344086,495.0,605.0,0.4280575539568345,-0.0030640668523677,0.0008237420895927,0.0001023143702276
2011-05-17,630.0,640.0,605.0,620.0,107000.0,620.0,684.0,731.5,717.0,639.8,556.725,False,False,False,False,False,False,False,True,False,False,False,0.0241935483870967,0.0725806451612903,,,-0.1564516129032258,-0.0319354838709676,0.0967741935483871,-0.0564516129032258,0.0009377930603312,-0.2159945317840054,375.0,610.0,0.8991596638655462,-0.00139470013947,0.0016693667128977,-0.0005223654711665
2011-05-18,630.0,630.0,610.0,620.0,59000.0,620.0,658.0,717.0,716.0,640.3333333333334,557.45,False,False,False,False,False,False,False,True,False,True,False,0.0564516129032258,0.1209677419354838,,,-0.1548387096774193,-0.0327956989247312,0.1290322580645161,-0.0564516129032258,0.0008328995314941,-0.203626220362622,440.0,620.0,0.5514018691588785,-0.0013966480446927,-1.9479052227235755e-06,-0.000104893528837
2011-05-19,640.0,640.0,620.0,620.0,42000.0,620.0,631.0,700.0,714.2,640.8666666666667,558.2,False,False,False,False,False,False,False,True,False,True,False,0.032258064516129,0.1612903225806451,,,-0.1519354838709678,-0.0336559139784946,0.1290322580645161,-0.0725806451612903,0.0008322063871839,-0.185,460.0,620.0,0.711864406779661,-0.0025203024362922,-0.0011236543915995,-6.93144310169461e-07
2011-05-20,615.0,620.0,610.0,615.0,48000.0,615.0,622.0,682.0,711.2,641.4,558.9,False,False,False,False,False,False,False,True,False,True,False,0.032520325203252,0.1951219512195122,,,-0.1564227642276423,-0.0429268292682926,0.1300813008130081,-0.08130081300813,0.0008315143955929,-0.1642228739002932,485.0,610.0,1.1428571428571428,-0.0042182227221597,-0.0016979202858674,-6.919915910478082e-07
2011-05-23,615.0,620.0,605.0,610.0,37000.0,610.0,617.0,665.0,708.6,641.9333333333333,559.675,False,False,False,False,False,False,False,True,False,False,False,0.0737704918032786,0.1393442622950819,,,-0.1616393442622951,-0.0523497267759561,0.1393442622950819,-0.081967213114754,0.0008308235538477,-0.1436090225563909,555.0,620.0,0.7708333333333334,-0.0036692068868191,0.0005490158353406,-6.908417452220492e-07
2011-05-24,620.0,645.0,610.0,635.0,64000.0,635.0,620.0,652.0,706.6,643.0666666666667,560.475,False,False,False,False,False,False,False,True,False,False,False,0.0472440944881889,0.1023622047244094,,,-0.112755905511811,-0.0127034120734908,0.0787401574803149,-0.1023622047244094,0.0017623885548415,-0.1242331288343558,570.0,615.0,1.7297297297297298,-0.0028304557033682,0.0008387511834508,0.0009315650009938
2011-05-25,645.0,665.0,640.0,655.0,117000.0,655.0,627.0,642.5,703.6,644.4,561.45,False,False,False,False,False,False,False,True,False,True,False,0.0610687022900763,0.0763358778625954,,,-0.0741984732824427,0.0161832061068702,0.0610687022900763,-0.1374045801526717,0.0020691082143594,-0.111284046692607,585.0,610.0,1.828125,-0.004263786242183,-0.0014333305388148,0.0003067196595179
2011-05-26,660.0,675.0,625.0,640.0,127000.0,640.0,631.0,631.0,700.0,645.4,562.3,False,False,False,False,False,False,False,True,False,True,False,0.125,0.1015625,,,-0.09375,-0.0084374999999999,0.0703125,-0.109375,0.0015494267121165,-0.0935023771790808,670.0,590.0,1.0854700854700854,-0.0051428571428571,-0.0008790709006741,-0.0005196815022429
2011-05-27,640.0,640.0,630.0,635.0,32000.0,635.0,635.0,628.5,696.8,646.2666666666667,563.15,False,False,False,False,False,False,False,True,False,False,False,0.1574803149606299,0.0944881889763779,,,-0.0973228346456692,-0.0177427821522309,0.0708661417322834,-0.1259842519685039,0.0013410356921807,-0.0906921241050119,720.0,590.0,0.2519685039370078,-0.0045924225028703,0.0005504346399868,-0.0002083910199357
2011-05-30,620.0,660.0,620.0,655.0,70000.0,655.0,644.0,630.5,694.6,647.2666666666667,564.075,False,False,False,False,False,False,False,True,False,False,True,0.0610687022900763,0.0687022900763358,,,-0.0604580152671756,0.0118066157760814,0.0534351145038167,-0.1603053435114503,0.0015449582861262,-0.099127676447264,735.0,610.0,2.1875,-0.0031672905269218,0.0014251319759484,0.0002039225939455
2011-05-31,655.0,665.0,635.0,665.0,60000.0,665.0,650.0,635.0,692.2,648.0666666666667,565.05,False,False,False,False,False,False,False,True,False,True,False,0.0526315789473684,0.0977443609022556,,,-0.0409022556390978,0.0254636591478695,0.0300751879699248,-0.1954887218045112,0.0012344409011419,-0.1133858267716535,765.0,610.0,0.8571428571428571,-0.0034672060098237,-0.0002999154829018,-0.0003105173849843
2011-06-01,670.0,695.0,665.0,695.0,245000.0,695.0,658.0,642.5,691.0,649.0666666666667,566.175,False,False,False,False,True,False,False,True,False,False,False,0.014388489208633,0.0287769784172661,,,0.0057553956834532,0.0660911270983212,-0.0215827338129496,-0.237410071942446,0.0015406737880032,-0.1322957198443579,760.0,595.0,4.083333333333333,-0.0017366136034732,0.0017305924063504,0.0003062328868613
2011-06-02,685.0,730.0,680.0,720.0,680000.0,720.0,674.0,652.5,691.6,650.4666666666667,567.45,False,False,False,False,False,False,True,True,False,False,False,-0.0208333333333333,-0.0277777777777777,,,0.0394444444444444,0.096574074074074,-0.0486111111111111,-0.25,0.0021523009121655,-0.1509578544061302,735.0,600.0,2.7755102040816326,0.0008675534991324,0.0026041671026057,0.0006116271241623
2011-06-03,735.0,780.0,725.0,735.0,660000.0,735.0,694.0,664.5,692.0,652.2,568.75,False,False,False,False,False,False,True,True,False,True,False,-0.0544217687074829,-0.0680272108843537,,,0.0585034013605442,0.1126530612244897,-0.0612244897959183,-0.2857142857142857,0.0026576714709189,-0.1723100075244544,730.0,605.0,0.9705882352941176,0.0005780346820808,-0.0002895188170515,0.0005053705587533
2011-06-06,730.0,730.0,690.0,695.0,155000.0,695.0,702.0,673.0,690.2,653.4,569.75,False,False,False,False,False,False,False,True,False,True,False,0.0071942446043165,-0.014388489208633,,,0.0069064748201438,0.0598561151079137,-0.0071942446043165,-0.2158273381294964,0.0018365472910926,-0.1849925705794948,690.0,605.0,0.2348484848484848,-0.0026079397276151,-0.003185974409696,-0.0008211241798263
2011-06-07,695.0,720.0,670.0,700.0,112000.0,700.0,709.0,679.5,688.4,654.6,570.75,False,False,False,False,False,False,False,True,False,True,False,0.0428571428571428,-0.0285714285714285,,,0.0165714285714286,0.0648571428571428,-0.0357142857142857,-0.2428571428571428,0.001833180568286,-0.1986754966887417,645.0,600.0,0.7225806451612903,-0.0026147588611273,-6.819133512232876e-06,-3.366722806595699e-06
2011-06-08,700.0,710.0,685.0,705.0,97000.0,705.0,711.0,684.5,686.0,655.7333333333333,571.65,False,False,False,False,False,False,False,True,False,True,False,0.0141843971631205,-0.0070921985815602,,,0.026950354609929,0.0698817966903073,-0.0425531914893617,-0.2907801418439716,0.0017283448556323,-0.2140248356464572,645.0,595.0,0.8660714285714286,-0.0034985422740524,-0.000883783412925,-0.0001048357126536
2011-06-09,695.0,715.0,680.0,705.0,94000.0,705.0,708.0,691.0,682.6,656.8666666666667,572.6,False,False,False,False,False,False,False,True,False,True,False,-0.0070921985815602,-0.0070921985815602,,,0.03177304964539,0.068274231678487,-0.0354609929078014,-0.2836879432624113,0.0017253628336547,-0.2308248914616497,665.0,590.0,0.9690721649484536,-0.0049809551714034,-0.0014824128973509,-2.982021977646597e-06
2011-06-10,705.0,705.0,690.0,695.0,110000.0,695.0,700.0,697.0,678.6,658.0,573.675,False,False,False,False,False,False,False,True,False,True,False,-0.014388489208633,0.0,,,0.0235971223021582,0.0532374100719424,-0.0215827338129496,-0.2446043165467626,0.0017223910840932,-0.2417503586800574,690.0,575.0,1.1702127659574468,-0.0058944886531093,-0.0009135334817059,-2.971749561512518e-06
2011-06-13,680.0,705.0,675.0,700.0,89000.0,700.0,701.0,701.5,675.4,659.0666666666667,574.725,False,False,False,False,False,False,False,True,False,False,False,-0.0214285714285714,-0.0071428571428571,,,0.0351428571428571,0.0584761904761904,-0.0357142857142857,-0.2428571428571428,0.0016184503338054,-0.2494654312188168,675.0,495.0,0.8090909090909091,-0.0047379330766953,0.0011565555764139,-0.0001039407502877
2011-06-14,710.0,740.0,710.0,730.0,247000.0,730.0,707.0,708.0,674.0,660.6,575.925,False,False,False,False,False,False,False,True,False,False,False,-0.0684931506849315,-0.0616438356164383,,,0.0767123287671232,0.0950684931506849,-0.0410958904109589,-0.2465753424657534,0.0023211222121303,-0.2542372881355932,685.0,375.0,2.7752808988764044,-0.0020771513353115,0.0026607817413838,0.0007026718783248
2011-06-15,735.0,735.0,705.0,715.0,76000.0,715.0,709.0,710.0,672.6,662.0,577.125,False,False,False,False,False,False,False,True,False,True,False,-0.0209790209790209,-0.0279720279720279,,,0.0593006993006992,0.0741258741258741,-0.0349650349650349,-0.2307692307692307,0.0021148036253776,-0.2535211267605634,730.0,440.0,0.3076923076923077,-0.0020814748736247,-4.323538313166699e-06,-0.0002063185867527
2011-06-16,705.0,720.0,700.0,700.0,76000.0,700.0,708.0,708.0,670.4,663.4666666666667,578.25,False,False,False,False,False,False,False,True,False,True,False,0.0,-0.0214285714285714,,,0.0422857142857143,0.0521904761904761,0.0357142857142857,-0.2142857142857142,0.0022106109324759,-0.25,730.0,460.0,1.0,-0.0032816229116945,-0.0012001480380698,9.580730709832055e-05
2011-06-17,710.0,715.0,680.0,685.0,113000.0,685.0,706.0,703.0,671.4,664.7333333333333,579.3,False,False,False,False,False,False,True,True,True,False,False,0.0145985401459854,-0.0072992700729927,,,0.0198540145985401,0.0295863746958637,0.0583941605839416,-0.218978102189781,0.0019055260254738,-0.2432432432432432,715.0,485.0,1.486842105263158,0.0014894250819183,0.0047710479936129,-0.000305084907002
2011-06-20,685.0,690.0,680.0,685.0,40000.0,685.0,703.0,702.0,673.4,665.7333333333333,580.325,False,False,False,False,False,False,True,True,False,False,False,0.0145985401459854,0.0072992700729927,,,0.0169343065693431,0.0281265206812651,0.072992700729927,-0.2335766423357664,0.0015021029441217,-0.245014245014245,710.0,555.0,0.3539823008849557,0.0029700029700029,0.0014805778880845,-0.000403423081352
2011-06-21,680.0,690.0,670.0,680.0,46000.0,680.0,693.0,700.0,675.8,666.6666666666666,581.35,False,False,False,False,False,False,True,True,False,False,False,0.0073529411764705,0.0073529411764705,,,0.0061764705882353,0.0196078431372549,0.0661764705882353,-0.1985294117647058,0.0013999999999999,-0.2407142857142857,725.0,570.0,1.15,0.0035513465522343,0.0005813435822313,-0.0001021029441218
2011-06-22,695.0,715.0,690.0,700.0,70000.0,700.0,690.0,699.5,679.0,668.0666666666667,582.5,False,False,False,False,False,False,True,True,False,False,False,-0.0071428571428571,-0.0285714285714285,,,0.03,0.0456190476190475,0.0142857142857142,-0.1928571428571428,0.0020955992415927,-0.2308791994281629,725.0,585.0,1.5217391304347827,0.0047128129602357,0.0011614664080013,0.0006955992415928
2011-06-23,700.0,715.0,690.0,700.0,52000.0,700.0,690.0,699.0,682.2,669.4,583.725,False,False,False,False,False,False,True,True,False,True,False,-0.0214285714285714,-0.0214285714285714,,,0.0254285714285713,0.0437142857142857,0.0,-0.1785714285714285,0.0019918334827207,-0.2203147353361945,705.0,670.0,0.7428571428571429,0.0046907065376723,-2.210642256340444e-05,-0.000103765758872
2011-06-24,700.0,715.0,695.0,695.0,65000.0,695.0,692.0,699.0,685.4,670.6,584.9,False,False,False,False,False,False,True,True,False,True,False,-0.0215827338129496,-0.0071942446043165,,,0.0138129496402878,0.0351079136690647,0.0071942446043165,-0.158273381294964,0.0017894422904861,-0.2117310443490701,725.0,720.0,1.25,0.004668806536329,-2.1900001343251943e-05,-0.0002023911922345
2011-06-27,690.0,700.0,685.0,695.0,44000.0,695.0,694.0,698.5,688.8,671.8,586.0,False,False,False,False,False,False,True,True,False,False,False,-0.0071942446043165,-0.0071942446043165,,,0.0089208633093525,0.0333812949640288,-0.0215827338129496,-0.1726618705035971,0.0017862459065196,-0.2047244094488189,740.0,735.0,0.676923076923077,0.0049361207897792,0.0002673142534502,-3.196383966503356e-06
2011-06-28,695.0,695.0,680.0,685.0,33000.0,685.0,695.0,694.0,690.8,672.9333333333333,587.125,False,False,False,False,False,False,True,True,False,True,False,0.0,-0.0145985401459854,,,-0.0084671532846714,0.0176155717761557,-0.0291970802919708,-0.1386861313868613,0.0016841688131563,-0.1938040345821325,745.0,765.0,0.75,0.0028951939779965,-0.0020409268117827,-0.0001020770933633
2011-06-29,690.0,695.0,685.0,695.0,19000.0,695.0,694.0,692.0,692.4,674.2666666666667,588.2,False,False,False,False,False,False,True,True,False,True,False,-0.0215827338129496,-0.0287769784172661,,,0.0037410071942446,0.0298321342925659,-0.0503597122302158,-0.1007194244604316,0.0019774569903105,-0.180635838150289,765.0,760.0,0.5757575757575758,0.0023108030040439,-0.0005843909739525,0.0002932881771541
2011-06-30,690.0,690.0,675.0,685.0,58000.0,685.0,691.0,690.5,694.2,675.5333333333333,589.225,False,False,False,False,False,False,True,True,False,False,False,0.0,-0.0072992700729927,,,-0.0134306569343066,0.0138199513381995,-0.072992700729927,-0.1021897810218978,0.0018750616796604,-0.169442433019551,790.0,735.0,3.0526315789473686,0.0025929127052723,0.0002821097012284,-0.00010239531065
2011-07-01,685.0,685.0,675.0,680.0,51000.0,680.0,688.0,690.0,696.0,676.9333333333333,590.275,False,False,False,False,False,False,True,True,False,True,False,0.0147058823529411,0.0,,,-0.0235294117647058,0.0045098039215687,-0.1102941176470588,-0.1102941176470588,0.0020681504825684,-0.158695652173913,795.0,730.0,0.8793103448275862,0.0025862068965516,-6.705808720695525e-06,0.0001930888029079
2011-07-04,680.0,690.0,680.0,690.0,41000.0,690.0,687.0,690.5,697.4,679.5333333333333,591.35,False,False,False,False,False,False,True,True,False,True,False,0.0,-0.0217391304347826,,,-0.0107246376811593,0.0151690821256039,-0.1666666666666666,-0.1521739130434782,0.0038261552045521,-0.1506154960173787,780.0,690.0,0.803921568627451,0.0020074562661313,-0.0005787506304203,0.0017580047219837
2011-07-05,680.0,695.0,680.0,685.0,51000.0,685.0,687.0,691.0,698.2,683.6666666666666,592.375,False,False,False,False,False,False,True,True,False,True,False,-0.0145985401459854,0.0218978102189781,,,-0.0192700729927007,0.0019464720194647,-0.1313868613138686,-0.0948905109489051,0.0060458313018039,-0.1403762662807525,765.0,645.0,1.2439024390243902,0.0011458034947007,-0.0008616527714305,0.0022196760972518
2011-07-06,680.0,685.0,675.0,680.0,31000.0,680.0,684.0,689.0,697.6,686.8666666666667,593.45,False,False,False,False,False,False,False,True,False,True,False,-0.0073529411764705,0.0147058823529411,,,-0.0258823529411765,-0.0100980392156862,-0.1029411764705882,-0.0735294117647058,0.0046588372318742,-0.1284470246734397,750.0,645.0,0.6078431372549019,-0.0008600917431192,-0.00200589523782,-0.0013869940699297
2011-07-07,685.0,690.0,685.0,685.0,28000.0,685.0,684.0,687.5,696.2,689.8666666666667,594.55,False,False,False,False,False,False,False,True,False,True,False,-0.0072992700729927,0.0583941605839416,,,-0.0163503649635037,-0.0071046228710462,-0.1167883211678832,-0.1021897810218978,0.0043486664089679,-0.1207272727272727,755.0,665.0,0.9032258064516128,-0.0020109164033323,-0.001150824660213,-0.0003101708229063
2011-07-08,690.0,695.0,690.0,690.0,12000.0,690.0,686.0,687.0,694.4,692.6,595.625,False,False,False,False,False,False,False,True,False,True,False,-0.0144927536231884,0.0507246376811594,,,-0.0063768115942028,-0.003768115942029,-0.108695652173913,-0.0797101449275362,0.003946481855809,-0.1128093158660844,660.0,690.0,0.4285714285714285,-0.0025921658986176,-0.0005812494952852,-0.0004021845531588
2011-07-11,695.0,700.0,690.0,690.0,56000.0,690.0,686.0,686.5,694.2,694.4,596.7,False,False,True,False,False,False,False,True,False,False,False,-0.0217391304347826,0.0652173913043478,,,-0.0060869565217391,-0.0063768115942028,-0.1014492753623188,-0.0869565217391304,0.0025921658986174,-0.1041514930808448,635.0,675.0,4.666666666666667,-0.0002881014116968,0.0023040644869207,-0.0013543159571916
2011-07-12,685.0,685.0,675.0,675.0,35000.0,675.0,684.0,685.5,693.2,695.8,597.725,False,False,False,False,False,False,False,True,False,True,False,0.037037037037037,0.074074074074074,,,-0.026962962962963,-0.0308148148148147,-0.1111111111111111,-0.0888888888888888,0.0020120724346076,-0.099197665937272,620.0,685.0,0.625,-0.0014425851125216,-0.0011544837008248,-0.0005800934640098
2011-07-13,675.0,680.0,675.0,675.0,24000.0,675.0,683.0,683.5,692.0,697.0,598.75,False,False,False,False,False,False,False,True,False,True,False,0.0222222222222222,0.0518518518518518,,,-0.0251851851851851,-0.0325925925925925,-0.0962962962962963,-0.1037037037037037,0.0017216642754663,-0.099487929773226,620.0,730.0,0.6857142857142857,-0.0017341040462428,-0.0002915189337212,-0.0002904081591412
2011-07-14,675.0,680.0,675.0,680.0,29000.0,680.0,682.0,683.0,691.0,697.1333333333333,599.825,False,False,False,False,False,False,False,True,False,False,False,0.0661764705882353,0.0294117647058823,,,-0.0161764705882352,-0.0251960784313725,-0.1470588235294117,-0.1397058823529411,0.000191259443435,-0.103221083455344,620.0,730.0,1.2083333333333333,-0.0014471780028943,0.0002869260433484,-0.0015304048320313
2011-07-15,670.0,680.0,670.0,680.0,29000.0,680.0,680.0,683.0,690.4,696.6,600.9,False,False,False,False,False,False,False,False,False,False,False,0.0661764705882353,0.0294117647058823,,,-0.0152941176470587,-0.0244117647058823,-0.1617647058823529,-0.0955882352941176,-0.0007656235046415,-0.1017569546120058,615.0,715.0,1.0,-0.0008690614136732,0.000578116589221,-0.0009568829480765
2011-07-19,680.0,680.0,675.0,675.0,17000.0,675.0,677.0,681.5,689.4,695.8,601.925,False,False,False,False,False,False,False,False,False,True,False,0.0888888888888888,0.0074074074074074,,,-0.0213333333333332,-0.0308148148148147,-0.1629629629629629,-0.0888888888888888,-0.0011497556769187,-0.0953778429933969,610.0,710.0,0.5862068965517241,-0.0014505366985784,-0.0005814752849052,-0.0003841321722772
2011-07-20,680.0,700.0,680.0,700.0,75000.0,700.0,682.0,683.0,688.2,694.9333333333333,603.05,False,False,False,False,True,False,False,False,False,True,True,0.0357142857142857,-0.05,,,0.0168571428571427,0.0072380952380953,-0.2071428571428571,-0.0785714285714285,-0.0012471220260936,-0.0937042459736456,635.0,725.0,4.411764705882353,-0.0017436791630339,-0.0002931424644554,-9.73663491748882e-05
2011-07-21,700.0,700.0,685.0,690.0,46000.0,690.0,685.0,684.0,687.2,694.0,604.125,False,False,False,False,False,False,False,False,False,False,False,0.0289855072463768,-0.0434782608695652,,,0.0040579710144926,-0.0057971014492753,-0.181159420289855,-0.1014492753623188,-0.0013448607108548,-0.0964912280701754,655.0,725.0,0.6133333333333333,-0.0014551804423748,0.000288498720659,-9.773868476122948e-05
2011-07-22,700.0,730.0,700.0,725.0,322000.0,725.0,694.0,688.0,688.2,693.8666666666667,605.375,False,False,False,False,False,False,True,False,True,False,False,-0.0344827586206896,-0.1241379310344827,,,0.0507586206896551,0.0429425287356321,-0.2275862068965517,-0.1724137931034483,-0.0001921598770176,-0.1039244186046511,640.0,705.0,7.0,0.001453065969195,0.0029082464115698,0.0011527008338372
2011-07-25,735.0,735.0,720.0,725.0,135000.0,725.0,703.0,691.5,689.8,693.8,606.675,False,False,False,False,False,False,True,False,False,False,False,-0.0344827586206896,-0.1655172413793103,,,0.048551724137931,0.0430344827586207,-0.2275862068965517,-0.1862068965517241,-9.60891707505329e-05,-0.1149674620390455,635.0,725.0,0.4192546583850932,0.0023195129022903,0.0008664469330953,9.607070626713488e-05
2011-07-26,720.0,735.0,720.0,735.0,284000.0,735.0,715.0,696.0,691.8,694.4,608.05,False,False,False,False,False,False,True,True,False,False,False,-0.0748299319727891,-0.2176870748299319,,,0.0587755102040816,0.0552380952380952,-0.2040816326530612,-0.2040816326530612,0.0008640552995392,-0.1271551724137931,655.0,740.0,2.103703703703704,0.0028910089621277,0.0005714960598373,0.0009601444702897
2011-07-27,730.0,730.0,715.0,725.0,241000.0,725.0,720.0,701.0,693.6,695.4666666666667,609.375,False,False,False,False,False,False,True,True,False,True,False,-0.0827586206896551,-0.1793103448275862,,,0.0433103448275861,0.040735632183908,-0.193103448275862,-0.2,0.0015337423312884,-0.1383737517831669,665.0,745.0,0.8485915492957746,0.0025951557093426,-0.0002958532527851,0.0006696870317492
2011-07-28,715.0,715.0,705.0,710.0,73000.0,710.0,724.0,704.5,694.0,696.3333333333334,610.6,False,False,False,False,False,False,True,True,False,True,False,-0.0704225352112676,-0.1408450704225352,,,0.0225352112676056,0.0192488262910797,-0.176056338028169,-0.1830985915492957,0.001244614648157,-0.1462029808374733,695.0,765.0,0.3029045643153527,0.0005763688760806,-0.002018786833262,-0.0002891276831313
2011-07-29,700.0,705.0,680.0,700.0,91000.0,700.0,719.0,706.5,694.0,696.8,611.8,False,False,False,False,False,False,False,True,False,True,False,-0.0928571428571428,-0.1357142857142857,,,0.0085714285714285,0.0045714285714286,-0.1785714285714285,-0.1857142857142857,0.0006697282816684,-0.1507430997876857,720.0,790.0,1.2465753424657535,0.0,-0.0005763688760806,-0.0005748863664885
2011-08-01,695.0,700.0,680.0,700.0,37000.0,700.0,714.0,708.5,694.2,696.9333333333333,613.0,False,False,False,False,False,False,True,True,False,False,False,-0.1357142857142857,-0.1214285714285714,,,0.0082857142857142,0.0043809523809524,-0.1928571428571428,-0.2,0.0001913143294432,-0.1609033168666196,735.0,795.0,0.4065934065934066,0.0002881014116969,0.0002881014116969,-0.0004784139522251
2011-08-02,690.0,690.0,680.0,680.0,61000.0,680.0,703.0,709.0,693.6,697.0,614.075,False,False,False,False,False,True,False,True,False,True,False,-0.1544117647058823,-0.088235294117647,,,-0.02,-0.025,-0.1764705882352941,-0.1617647058823529,9.564801530375856e-05,-0.1678420310296191,695.0,780.0,1.648648648648649,-0.0008650519031142,-0.0011531533148112,-9.566631413950587e-05
2011-08-03,670.0,680.0,645.0,665.0,118000.0,665.0,691.0,705.5,692.8,696.7333333333333,615.075,False,False,False,False,False,False,False,False,False,True,False,-0.1052631578947368,-0.0977443609022556,,,-0.0418045112781954,-0.047719298245614,-0.1428571428571428,-0.1203007518796992,-0.000382738493924,-0.1722182849043231,700.0,765.0,1.9344262295081969,-0.0011547344110855,-0.0002896825079713,-0.0004783865092277
2011-08-04,665.0,665.0,655.0,660.0,21000.0,660.0,681.0,702.5,691.4,695.8,616.075,False,False,False,False,False,False,False,False,False,True,False,-0.0757575757575757,-0.0757575757575757,,,-0.0475757575757575,-0.0542424242424241,-0.1439393939393939,-0.1212121212121212,-0.0013413816230718,-0.1743772241992882,705.0,750.0,0.1779661016949152,-0.0020248770610355,-0.0008701426499499,-0.0009586431291478
2011-08-05,610.0,635.0,600.0,635.0,78000.0,635.0,668.0,693.5,689.4,694.5333333333333,616.9,False,False,False,False,False,False,False,False,False,True,False,-0.0472440944881889,-0.0866141732283464,,,-0.0856692913385826,-0.0937532808398949,-0.1023622047244094,-0.0944881889763779,-0.0018237665578805,-0.167267483777938,705.0,755.0,3.7142857142857135,-0.0029010733971569,-0.0008761963361214,-0.0004823849348087
2011-08-08,620.0,630.0,600.0,605.0,84000.0,605.0,649.0,681.5,686.4,693.0666666666667,617.575,False,False,False,False,False,False,False,False,False,True,False,0.0165289256198347,-0.0578512396694214,,,-0.1345454545454545,-0.1455647382920111,-0.0826446280991735,-0.0578512396694214,-0.002116198537899,-0.1555392516507703,695.0,660.0,1.0769230769230769,-0.0043706293706293,-0.0014695559734724,-0.0002924319800185
2011-08-09,580.0,580.0,545.0,575.0,123000.0,575.0,628.0,665.5,681.8,691.2666666666667,618.125,False,False,False,False,False,False,False,False,False,True,False,0.0782608695652174,-0.017391304347826,,,-0.1857391304347825,-0.2022028985507246,-0.0434782608695652,0.0,-0.0026039155174077,-0.1367392937640871,700.0,635.0,1.4642857142857142,-0.0067468465825755,-0.0023762172119461,-0.0004877169795086
2011-08-10,600.0,605.0,590.0,595.0,48000.0,595.0,614.0,652.5,678.2,689.5333333333333,618.65,False,False,False,False,False,False,False,False,False,False,False,0.0084033613445378,-0.0672268907563025,,,-0.1398319327731093,-0.1588795518207282,-0.1008403361344537,-0.042016806722689,-0.0025137774340133,-0.1210727969348659,730.0,620.0,0.3902439024390244,-0.0053081686818046,0.0014386779007709,9.013808339439168e-05
2011-08-11,570.0,615.0,570.0,610.0,30000.0,610.0,604.0,642.5,675.4,688.0,619.225,False,False,False,False,False,False,False,False,False,False,False,0.0,-0.0737704918032786,,,-0.1072131147540983,-0.1278688524590163,-0.1311475409836065,-0.0573770491803278,-0.0022286821705425,-0.1081712062256809,715.0,620.0,0.625,-0.0041456914421084,0.0011624772396961,0.0002850952634707
2011-08-12,610.0,615.0,600.0,605.0,28000.0,605.0,598.0,633.0,672.2,686.6666666666666,619.8,False,False,False,False,False,False,False,False,False,True,False,-0.0413223140495867,-0.0743801652892562,,,-0.1110743801652893,-0.1349862258953167,-0.1074380165289256,-0.0495867768595041,-0.0019417475728155,-0.093996840442338,700.0,620.0,0.9333333333333332,-0.0047604879500147,-0.0006147965079062,0.000286934597727
2011-08-15,610.0,615.0,595.0,615.0,23000.0,615.0,600.0,624.5,669.2,685.2,620.45,False,False,False,False,False,False,False,False,False,False,False,-0.073170731707317,-0.089430894308943,,,-0.088130081300813,-0.1141463414634147,-0.1463414634146341,-0.016260162601626,-0.0021404942595834,-0.0744595676541233,685.0,615.0,0.8214285714285714,-0.0044829647340107,0.000277523216004,-0.0001987466867678
2011-08-16,620.0,625.0,620.0,620.0,27000.0,620.0,609.0,618.5,666.4,683.6,621.1,False,False,False,False,False,False,False,False,False,False,False,-0.0887096774193548,-0.0564516129032258,,,-0.0748387096774193,-0.1025806451612903,-0.1209677419354838,-0.0483870967741935,-0.0023405500292569,-0.0622473726758286,685.0,610.0,1.173913043478261,-0.004201680672269,0.0002812840617417,-0.0002000557696734
2011-08-17,610.0,610.0,600.0,600.0,16000.0,600.0,610.0,612.0,663.4,681.6666666666666,621.75,False,False,False,False,False,False,False,False,False,True,False,-0.075,-0.025,,,-0.1056666666666666,-0.136111111111111,-0.1166666666666666,-0.0083333333333333,-0.0028361858190709,-0.0506535947712418,680.0,635.0,0.5925925925925926,-0.0045221585770274,-0.0003204779047584,-0.000495635789814
2011-08-18,600.0,625.0,600.0,610.0,14000.0,610.0,610.0,607.0,660.8,679.6,622.475,False,False,False,False,False,False,False,False,False,False,False,-0.0737704918032786,-0.040983606557377,,,-0.08327868852459,-0.1140983606557377,-0.180327868852459,-0.0245901639344262,-0.0030410045124582,-0.0403624382207578,700.0,655.0,0.875,-0.0039346246973365,0.0005875338796908,-0.0002048186933872
2011-08-19,595.0,595.0,580.0,580.0,37000.0,580.0,605.0,601.5,656.8,676.8,623.025,False,False,False,False,False,False,False,False,False,True,False,-0.0344827586206896,-0.0086206896551724,,,-0.1324137931034482,-0.1668965517241378,-0.1293103448275862,0.0,-0.0041371158392436,-0.0307564422277639,700.0,640.0,2.642857142857143,-0.0060901339829476,-0.002155509285611,-0.0010961113267853
2011-08-22,570.0,580.0,560.0,570.0,25000.0,570.0,596.0,598.0,652.4,673.8,623.45,False,False,False,False,False,False,False,False,False,True,False,-0.0175438596491228,-0.0087719298245614,,,-0.1445614035087719,-0.1821052631578946,-0.0789473684210526,0.0263157894736842,-0.0044523597506678,-0.0225752508361204,695.0,635.0,0.6756756756756757,-0.0067443286327406,-0.0006541946497929,-0.0003152439114242
2011-08-23,555.0,565.0,550.0,565.0,70000.0,565.0,585.0,597.0,648.0,670.9333333333333,623.8,False,False,False,False,False,False,False,False,False,True,False,0.0353982300884955,-0.0088495575221238,,,-0.1469026548672566,-0.1874926253687314,-0.0619469026548672,0.0353982300884955,-0.0042726550079491,-0.0192629815745393,695.0,655.0,2.8,-0.00679012345679,-4.579482404947367e-05,0.0001797047427187
2011-08-24,565.0,575.0,555.0,555.0,43000.0,555.0,576.0,593.0,642.2,668.1333333333333,624.075,False,False,False,False,False,False,False,False,False,True,False,0.054054054054054,0.027027027027027,,,-0.1571171171171172,-0.2038438438438438,-0.009009009009009,0.054054054054054,-0.0041907802833765,-0.0101180438448566,685.0,665.0,0.6142857142857143,-0.0090314543755838,-0.0022413309187937,8.187472457263367e-05
2011-08-25,560.0,565.0,560.0,565.0,35000.0,565.0,567.0,588.5,637.2,665.6666666666666,624.425,False,False,False,False,False,False,False,False,False,False,False,0.0353982300884955,0.0,,,-0.1277876106194691,-0.1781710914454276,-0.0265486725663716,0.0353982300884955,-0.0037055583375063,-0.0008496176720475,695.0,695.0,0.813953488372093,-0.0078468298807281,0.0011846244948556,0.0004852219458701
2011-08-26,555.0,560.0,545.0,560.0,88000.0,560.0,563.0,584.0,630.6,663.0666666666667,624.725,False,False,False,False,False,False,False,False,False,True,False,0.0267857142857142,0.0178571428571428,,,-0.1260714285714286,-0.1840476190476191,-0.0178571428571428,0.0267857142857142,-0.0039211743414436,0.0068493150684931,685.0,720.0,2.5142857142857142,-0.0104662226450999,-0.0026193927643717,-0.0002156160039373
2011-08-29,565.0,565.0,560.0,560.0,23000.0,560.0,561.0,578.5,624.0,661.7333333333333,625.025,False,False,False,False,False,False,False,False,False,True,False,0.0089285714285714,-0.0089285714285714,,,-0.1142857142857142,-0.1816666666666667,-0.0446428571428571,0.0089285714285714,-0.00201491033649,0.0095073465859982,680.0,735.0,0.2613636363636363,-0.0105769230769231,-0.0001107004318231,0.0019062640049535
2011-08-30,570.0,590.0,570.0,585.0,34000.0,585.0,565.0,575.0,618.0,661.0666666666667,625.45,False,False,False,False,False,False,False,False,False,False,False,-0.0427350427350427,-0.0598290598290598,,,-0.0564102564102564,-0.1300284900284901,-0.1025641025641025,0.0,-0.0010084711577248,0.0147826086956521,690.0,695.0,1.4782608695652173,-0.0097087378640776,0.0008681852128454,0.0010064391787652
2011-08-31,585.0,585.0,580.0,585.0,7000.0,585.0,571.0,573.5,612.4,660.6,625.875,False,False,False,False,False,False,False,False,False,False,False,-0.0256410256410256,-0.0854700854700854,,,-0.0468376068376068,-0.1292307692307692,-0.0683760683760683,-0.0085470085470085,-0.000706428499344,0.014821272885789,685.0,700.0,0.2058823529411764,-0.0091443500979752,0.0005643877661024,0.0003020426583807
2011-09-01,595.0,595.0,585.0,585.0,6000.0,585.0,575.0,571.0,607.4,660.1333333333333,626.325,False,False,False,False,False,False,False,False,False,False,False,-0.0341880341880341,-0.094017094017094,,,-0.0382905982905982,-0.1284330484330484,-0.0341880341880341,-0.0085470085470085,-0.0007069278933549,0.0166374781085814,680.0,705.0,0.8571428571428571,-0.008231807704972,0.0009125423930032,-4.9939401084722e-07
2011-09-02,580.0,580.0,575.0,575.0,12000.0,575.0,578.0,570.5,602.4,659.5333333333333,626.7,False,False,False,False,False,False,False,False,False,True,False,-0.008695652173913,-0.0608695652173913,,,-0.0476521739130434,-0.1470144927536231,0.0,-0.008695652173913,-0.0009097341554634,0.0157756354075372,685.0,705.0,2.0,-0.0083001328021248,-6.832509715282153e-05,-0.0002028062621085
2011-09-05,575.0,575.0,565.0,565.0,17000.0,565.0,579.0,570.0,597.0,658.8666666666667,627.025,False,False,False,False,False,False,False,False,False,True,False,-0.0176991150442477,-0.0707964601769911,,,-0.0566371681415929,-0.1661356932153392,0.0353982300884955,0.0088495575221238,-0.0010118385105736,0.0140350877192982,690.0,695.0,1.4166666666666667,-0.0090452261306532,-0.0007450933285283,-0.0001021043551101
2011-09-06,560.0,560.0,555.0,560.0,7000.0,560.0,574.0,569.5,592.2,658.2,627.35,False,False,False,False,False,False,False,False,False,False,False,-0.0178571428571428,-0.0267857142857142,,,-0.0575,-0.1753571428571429,0.0267857142857142,0.0089285714285714,-0.001012863364732,0.0114135206321334,690.0,700.0,0.4117647058823529,-0.0081053698074973,0.0009398563231558,-1.0248541583851578e-06
2011-09-07,565.0,570.0,565.0,570.0,12000.0,570.0,571.0,571.0,588.4,657.3333333333334,627.75,False,False,False,False,False,False,False,False,False,False,True,-0.0614035087719298,-0.0701754385964912,,,-0.0322807017543859,-0.1532163742690059,0.0350877192982456,-0.0087719298245614,-0.0013184584178499,0.0052539404553415,675.0,730.0,1.7142857142857142,-0.0064581917063223,0.001647178101175,-0.0003055950531178
2011-09-08,570.0,570.0,560.0,565.0,8000.0,565.0,567.0,571.0,584.6,656.1333333333333,628.1,False,False,False,False,False,False,False,False,False,True,False,-0.0619469026548672,-0.1150442477876106,,,-0.0346902654867257,-0.1612979351032448,0.1061946902654867,0.0176991150442477,-0.0018288965657387,0.0035026269702276,675.0,715.0,0.6666666666666666,-0.006500171057133,-4.197935081065845e-05,-0.0005104381478888
2011-09-09,560.0,570.0,560.0,570.0,2000.0,570.0,566.0,572.0,582.0,655.2,628.475,False,False,False,False,False,False,False,False,False,False,False,-0.0526315789473684,-0.1140350877192982,,,-0.0210526315789473,-0.1494736842105264,0.0789473684210526,0.0263157894736842,-0.0014245014245013,0.0034965034965034,680.0,700.0,0.25,-0.00446735395189,0.0020328171052429,0.0004043951412373
2011-09-12,565.0,565.0,550.0,555.0,23000.0,555.0,564.0,571.5,580.0,654.1333333333333,628.75,False,False,False,False,False,False,False,False,False,False,False,-0.054054054054054,-0.054054054054054,,,-0.045045045045045,-0.1786186186186186,0.09009009009009,0.054054054054054,-0.0016306563391765,0.0078740157480314,680.0,685.0,11.5,-0.0034482758620689,0.0010190780898211,-0.0002061549146752
2011-09-13,555.0,555.0,550.0,550.0,14000.0,550.0,562.0,568.0,579.0,652.7333333333333,628.975,False,False,False,False,False,False,False,False,False,False,False,-0.009090909090909,-0.0363636363636363,,,-0.0527272727272727,-0.1867878787878788,0.0636363636363636,0.0545454545454545,-0.0021448268818302,0.0132042253521126,675.0,685.0,0.6086956521739131,-0.001727115716753,0.0017211601453159,-0.0005141705426536
2011-09-14,550.0,555.0,535.0,535.0,29000.0,535.0,555.0,563.0,576.6,651.0,628.925,False,False,False,False,False,False,False,False,False,True,False,-0.0093457943925233,0.02803738317757,,,-0.0777570093457944,-0.216822429906542,0.1588785046728972,0.0747663551401869,-0.0026625704045059,0.0213143872113676,700.0,680.0,2.071428571428572,-0.0041623309053069,-0.0024352151885539,-0.0005177435226756
2011-09-15,545.0,545.0,530.0,530.0,50000.0,530.0,548.0,557.5,573.4,648.8,628.9,False,False,False,False,False,False,False,False,False,True,False,-0.0566037735849056,0.0377358490566037,,,-0.0818867924528301,-0.2241509433962263,0.1886792452830188,0.1037735849056603,-0.0033908754623921,0.032286995515695,690.0,700.0,1.7241379310344829,-0.0055807464248344,-0.0014184155195274,-0.0007283050578862
2011-09-16,535.0,540.0,535.0,540.0,32000.0,540.0,542.0,554.0,570.8,646.4,628.775,False,False,False,False,False,False,False,False,False,False,False,-0.0648148148148148,0.0185185185185185,,,-0.0570370370370369,-0.1970370370370369,0.1388888888888889,0.0833333333333333,-0.0037128712871286,0.0415162454873646,725.0,700.0,0.64,-0.0045550105115627,0.0010257359132716,-0.0003219958247364
2011-09-20,535.0,540.0,525.0,525.0,23000.0,525.0,536.0,550.0,567.2,643.6,628.575,False,False,False,False,False,False,False,False,False,True,False,0.0,0.019047619047619,,,-0.0803809523809524,-0.2259047619047619,0.2095238095238095,0.1523809523809524,-0.0043505282784337,0.0554545454545454,725.0,695.0,0.71875,-0.0063469675599434,-0.0017919570483806,-0.000637656991305
2011-09-21,540.0,545.0,520.0,545.0,40000.0,545.0,535.0,548.5,564.2,641.6,628.475,False,False,False,False,False,False,False,False,False,False,False,-0.0275229357798165,-0.036697247706422,,,-0.0352293577981652,-0.1772477064220184,0.1559633027522936,0.1009174311926605,-0.0031172069825436,0.064721969006381,735.0,695.0,1.7391304347826086,-0.0053172633817795,0.0010297041781639,0.00123332129589
2011-09-22,530.0,535.0,530.0,530.0,18000.0,530.0,534.0,544.5,561.4,639.3333333333334,628.25,False,False,False,False,False,False,False,False,False,False,False,0.0377358490566037,0.0283018867924528,,,-0.0592452830188678,-0.2062893081761007,0.160377358490566,0.2358490566037736,-0.0035453597497392,0.0890725436179981,725.0,685.0,0.45,-0.0049875311720699,0.0003297322097095,-0.0004281527671956
2011-09-26,535.0,535.0,495.0,500.0,88000.0,500.0,528.0,538.0,557.0,636.6,627.9,False,False,False,False,False,False,False,False,False,True,False,0.1,0.13,,,-0.114,-0.2732,0.21,0.27,-0.0042936433134359,0.1133828996282527,710.0,695.0,4.888888888888889,-0.007899461400359,-0.002911930228289,-0.0007482835636966
2011-09-27,510.0,510.0,505.0,505.0,11000.0,505.0,521.0,531.5,554.0,633.9333333333333,627.575,False,False,False,False,False,False,False,False,False,False,False,0.0891089108910891,0.1386138613861386,,,-0.097029702970297,-0.2553135313531352,0.1584158415841584,0.2475247524752475,-0.0042065411715218,0.1354656632173095,700.0,685.0,0.125,-0.0054151624548736,0.0024842989454853,8.71021419141492e-05
2011-09-28,490.0,525.0,490.0,525.0,86000.0,525.0,521.0,528.5,552.2,631.6666666666666,627.35,False,False,False,False,False,False,False,False,False,False,False,0.019047619047619,0.1142857142857142,,,-0.0518095238095238,-0.2031746031746031,0.1714285714285714,0.1904761904761904,-0.0035883905013192,0.1494796594134342,700.0,680.0,7.818181818181818,-0.0032596885186525,0.002155473936221,0.0006181506702025
2011-09-29,510.0,540.0,510.0,530.0,25000.0,530.0,518.0,526.5,550.8,629.4,627.15,False,False,False,False,False,False,False,False,False,False,False,-0.0094339622641509,0.0849056603773584,,,-0.0392452830188678,-0.1875471698113207,0.160377358490566,0.2075471698113207,-0.0036013134201885,0.1652421652421652,680.0,690.0,0.2906976744186046,-0.0025417574437183,0.0007179310749341,-1.2922918869278256e-05
2011-09-30,540.0,555.0,535.0,550.0,37000.0,550.0,522.0,528.0,550.6,627.0,627.075,False,False,False,False,False,False,False,False,False,False,True,-0.009090909090909,0.0727272727272727,,,-0.0010909090909091,-0.14,0.1727272727272727,0.1454545454545454,-0.0038277511961722,0.1723484848484848,665.0,685.0,1.48,-0.0003632401017071,0.0021785173420112,-0.0002264377759836
2011-10-03,550.0,550.0,550.0,550.0,21000.0,550.0,532.0,530.0,550.0,624.8,627.025,False,False,False,False,False,False,False,False,False,True,False,0.0272727272727272,0.1363636363636363,,,0.0,-0.1359999999999999,0.1272727272727272,0.1636363636363636,-0.0035211267605634,0.1783018867924528,660.0,680.0,0.5675675675675675,-0.0010909090909091,-0.000727668989202,0.0003066244356087
2011-10-04,530.0,550.0,530.0,550.0,31000.0,550.0,541.0,531.0,549.6,622.8,626.925,False,False,False,False,True,False,False,False,False,False,False,0.0454545454545454,0.1181818181818181,,,0.0007272727272726,-0.1323636363636363,0.0909090909090909,0.1545454545454545,-0.0032113037893384,0.1854990583804143,635.0,685.0,1.4761904761904765,-0.0007278020378456,0.0003631070530634,0.0003098229712249
2011-10-05,545.0,545.0,520.0,535.0,39000.0,535.0,543.0,532.0,548.6,620.8,626.725,False,False,False,False,False,False,False,False,False,True,False,0.0934579439252336,0.1308411214953271,,,-0.0254205607476635,-0.1603738317757008,0.102803738317757,0.1775700934579439,-0.003221649484536,0.18796992481203,605.0,690.0,1.2580645161290325,-0.0018228217280349,-0.0010950196901893,-1.0345695197610996e-05
2011-10-06,530.0,535.0,465.0,525.0,69000.0,525.0,542.0,530.0,546.2,618.6666666666666,626.4,False,False,False,False,False,False,False,False,False,True,False,0.0952380952380952,0.1142857142857142,,,-0.0403809523809524,-0.1784126984126983,0.1142857142857142,0.2095238095238095,-0.0034482758620689,0.1990566037735849,575.0,690.0,1.7692307692307692,-0.0043939948736726,-0.0025711731456376,-0.0002266263775328
2011-10-07,530.0,545.0,530.0,545.0,9000.0,545.0,541.0,531.5,544.6,616.8666666666667,626.25,False,False,False,False,False,False,False,False,False,False,True,0.0825688073394495,0.1376146788990825,,,0.0007339449541283,-0.1318654434250764,0.0642201834862385,0.1651376146788991,-0.0029179725494433,0.1919096895578551,595.0,675.0,0.1304347826086956,-0.0029379360998898,0.0014560587737827,0.0005303033126256
2011-10-11,550.0,570.0,550.0,565.0,11000.0,565.0,544.0,538.0,543.8,615.0666666666667,626.225,False,False,False,False,False,False,False,False,False,False,False,0.1061946902654867,0.1150442477876106,,,0.0375221238938053,-0.088613569321534,0.0265486725663716,0.1327433628318584,-0.002926512031216,0.1784386617100371,610.0,675.0,1.2222222222222223,-0.0014711290915779,0.0014668070083119,-8.539481772703878e-06
2011-10-12,565.0,575.0,565.0,575.0,32000.0,575.0,549.0,545.0,543.8,613.4,626.25,False,False,False,False,False,False,False,False,False,False,False,0.0695652173913043,0.0695652173913043,,,0.0542608695652174,-0.0667826086956521,-0.008695652173913,0.1043478260869565,-0.0027170959678297,0.1642201834862385,605.0,680.0,2.909090909090909,0.0,0.0014711290915779,0.0002094160633863
2011-10-13,585.0,585.0,575.0,585.0,28000.0,585.0,559.0,551.0,544.6,611.9333333333333,626.375,False,False,False,False,False,False,True,False,True,False,False,0.0341880341880341,0.0854700854700854,,,0.069059829059829,-0.0460398860398859,-0.0427350427350427,0.0683760683760683,-0.0023967752478483,0.1515426497277677,615.0,680.0,0.875,0.001468968049945,0.001468968049945,0.0003203207199813
2011-10-14,575.0,575.0,575.0,575.0,7000.0,575.0,569.0,555.5,545.2,610.3333333333334,626.425,False,False,False,False,False,False,True,False,False,True,False,0.017391304347826,0.0956521739130434,,,0.0518260869565216,-0.0614492753623189,-0.008695652173913,0.1043478260869565,-0.0026215182960129,0.1413141314131413,620.0,675.0,0.25,0.0011005135730007,-0.0003684544769442,-0.0002247430481645
2011-10-17,575.0,590.0,575.0,590.0,38000.0,590.0,578.0,559.5,546.0,609.0666666666667,626.575,False,False,False,False,False,False,True,False,False,False,False,0.0508474576271186,0.0423728813559322,,,0.0745762711864406,-0.032316384180791,-0.0084745762711864,0.0762711864406779,-0.0020796847635726,0.1340482573726541,600.0,700.0,5.428571428571429,0.0014652014652013,0.0003646878922006,0.0005418335324403
2011-10-18,580.0,625.0,575.0,625.0,73000.0,625.0,590.0,567.0,548.4,608.1333333333333,626.9,False,False,False,False,False,False,True,False,False,False,False,0.008,-0.032,,,0.12256,0.0269866666666666,-0.072,0.008,-0.0015347511510634,0.1172839506172839,610.0,690.0,1.921052631578948,0.0043763676148796,0.0029111661496782,0.0005449336125091
2011-10-19,620.0,625.0,610.0,615.0,49000.0,615.0,598.0,573.5,550.2,607.2,627.175,False,False,False,False,False,False,True,False,False,True,False,0.0,-0.048780487804878,,,0.1053658536585365,0.0126829268292682,-0.065040650406504,0.040650406504065,-0.0015371102327623,0.1054925893635571,580.0,725.0,0.6712328767123288,0.0032715376226827,-0.0011048299921968,-2.359081698856185e-06
2011-10-20,620.0,620.0,605.0,605.0,8000.0,605.0,602.0,580.5,552.2,606.2,627.45,False,False,False,False,False,False,True,False,False,False,False,0.0495867768595041,0.0165289256198347,,,0.0872727272727272,-0.0019834710743802,-0.0578512396694214,0.0578512396694214,-0.0016496205872649,0.0938845822566752,570.0,725.0,0.1632653061224489,0.0036218761318362,0.0003503385091535,-0.0001125103545026
2011-10-21,605.0,605.0,585.0,585.0,36000.0,585.0,604.0,586.5,553.6,604.8,627.7,False,False,False,False,False,False,True,False,False,True,False,0.0769230769230769,0.0512820512820512,,,0.0536752136752136,-0.0338461538461537,-0.017094017094017,0.0769230769230769,-0.0023148148148149,0.0818414322250639,565.0,735.0,4.5,0.002528901734104,-0.0010929743977322,-0.00066519422755
2011-10-24,595.0,620.0,595.0,620.0,25000.0,620.0,610.0,594.0,557.0,603.9333333333333,628.1,False,False,False,False,False,False,True,False,False,False,False,-0.0080645161290322,0.0403225806451612,,,0.1016129032258064,0.0259139784946237,-0.0806451612903225,0.0161290322580645,-0.0014350369797991,0.0673400673400673,555.0,725.0,0.6944444444444444,0.0061041292639137,0.0035752275298097,0.0008797778350158
2011-10-25,630.0,630.0,615.0,630.0,39000.0,630.0,611.0,600.5,561.0,603.2666666666667,628.525,False,False,False,False,False,False,True,False,False,False,False,-0.0396825396825396,-0.0158730158730158,,,0.1095238095238095,0.0424338624338624,-0.0873015873015873,0.0,-0.0011050944855784,0.0541215653621981,565.0,710.0,1.56,0.0071301247771836,0.0010259955132698,0.0003299424942206
2011-10-26,615.0,620.0,605.0,615.0,20000.0,615.0,611.0,604.5,564.0,602.3333333333334,628.875,False,False,False,False,False,False,True,False,False,True,False,-0.048780487804878,-0.024390243902439,,,0.0829268292682926,0.0205962059620595,-0.065040650406504,0.032520325203252,-0.0015495296070834,0.0471464019851116,560.0,700.0,0.5128205128205128,0.0053191489361702,-0.0018109758410133,-0.000444435121505
2011-10-27,610.0,635.0,610.0,635.0,53000.0,635.0,617.0,609.5,568.4,601.6,629.35,False,False,False,False,False,False,True,False,False,False,False,-0.0314960629921259,-0.0708661417322834,,,0.1048818897637795,0.0525984251968503,-0.0472440944881889,-0.0078740157480314,-0.0012189716312056,0.0393765381460213,560.0,700.0,2.65,0.0077410274454609,0.0024218785092906,0.0003305579758777
2011-10-28,630.0,635.0,625.0,630.0,20000.0,630.0,626.0,615.0,571.8,600.8,629.7,False,False,False,False,False,False,True,False,False,True,False,-0.0238095238095238,-0.0714285714285714,,,0.0923809523809524,0.0463492063492064,-0.0634920634920634,0.0,-0.0013315579227697,0.0292682926829268,585.0,680.0,0.3773584905660377,0.005946135012242,-0.0017948924332189,-0.000112586291564
2011-10-31,630.0,630.0,615.0,615.0,20000.0,615.0,625.0,617.5,575.2,600.0,629.975,False,False,False,False,False,False,True,False,False,True,False,0.048780487804878,-0.056910569105691,,,0.0647154471544714,0.024390243902439,-0.032520325203252,0.024390243902439,-0.0013333333333332,0.0242914979757085,585.0,665.0,1.0,0.0059109874826149,-3.514752962710272e-05,-1.7754105635034174e-06
2011-11-01,605.0,605.0,605.0,605.0,13000.0,605.0,620.0,615.5,579.4,599.0666666666667,630.1,False,False,False,False,False,False,True,False,False,False,False,0.024793388429752,-0.0413223140495867,,,0.0423140495867769,0.0098071625344351,-0.0165289256198347,0.0909090909090909,-0.0015579790785665,0.0324939073923639,585.0,660.0,0.65,0.00724887814981,0.0013378906671951,-0.0002246457452333
2011-11-02,585.0,585.0,580.0,585.0,16000.0,585.0,614.0,612.5,582.6,597.8,630.175,False,False,False,False,False,False,True,False,False,True,False,0.0256410256410256,-0.0256410256410256,,,0.004102564102564,-0.0218803418803418,-0.0085470085470085,0.2222222222222222,-0.002118880339021,0.0497959183673469,575.0,635.0,1.2307692307692308,0.0054926192928253,-0.0017562588569846,-0.0005609012604544
2011-11-04,590.0,630.0,590.0,615.0,43000.0,615.0,610.0,613.5,586.2,596.9333333333333,630.325,False,False,False,False,False,False,True,False,False,False,False,-0.040650406504065,-0.089430894308943,,,0.0468292682926828,0.0293766937669377,-0.048780487804878,0.1788617886178861,-0.0014518650882287,0.0619396903015484,565.0,605.0,2.6875,0.0061412487205732,0.0006486294277478,0.0006670152507922
2011-11-07,635.0,635.0,615.0,615.0,41000.0,615.0,607.0,616.5,589.6,596.1333333333333,630.55,False,False,False,False,False,False,True,False,False,True,False,-0.048780487804878,-0.073170731707317,,,0.04130081300813,0.0306775067750677,-0.048780487804878,0.1707317073170731,-0.0013419816595839,0.0713706407137064,560.0,575.0,0.9534883720930232,0.0057666214382631,-0.00037462728231,0.0001098834286448
2011-11-08,620.0,645.0,610.0,645.0,81000.0,645.0,613.0,619.0,593.4,595.4,630.925,False,False,False,False,False,False,True,False,False,False,False,-0.1007751937984496,-0.0930232558139534,,,0.08,0.0768992248062015,-0.0930232558139534,0.0852713178294573,-0.0012316649871235,0.0783521809369951,570.0,595.0,1.975609756097561,0.0064037748567575,0.0006371534184944,0.0001103166724603
2011-11-09,630.0,635.0,615.0,620.0,32000.0,620.0,616.0,618.0,596.2,594.4666666666667,631.15,False,True,False,False,False,False,True,False,False,True,False,-0.064516129032258,-0.064516129032258,,,0.0383870967741934,0.0411827956989246,-0.0564516129032258,0.1451612903225806,-0.0015700347650554,0.093042071197411,565.0,610.0,0.3950617283950617,0.0046964106004697,-0.0017073642562878,-0.0003383697779318
2011-11-10,605.0,605.0,600.0,600.0,19000.0,600.0,619.0,616.5,598.2,592.8,631.15,False,False,False,False,False,False,True,False,False,True,False,-0.05,-0.0416666666666666,,,0.0029999999999999,0.012,-0.0416666666666666,0.1583333333333333,-0.0028115159694108,0.105433901054339,570.0,605.0,0.59375,0.0033433634236041,-0.0013530471768656,-0.0012414812043554
2011-11-11,590.0,595.0,590.0,590.0,6000.0,590.0,614.0,612.0,600.4,591.0,631.125,False,False,False,False,False,False,True,False,False,False,False,-0.0508474576271186,-0.0338983050847457,,,-0.0176271186440677,-0.0016949152542372,-0.0423728813559322,0.1694915254237288,-0.0030456852791877,0.1233660130718954,555.0,615.0,0.3157894736842105,0.003664223850766,0.0003208604271618,-0.0002341693097769
2011-11-14,590.0,590.0,580.0,585.0,4000.0,585.0,608.0,607.5,602.8,589.0,631.225,False,False,False,False,False,False,True,False,False,False,False,-0.0256410256410256,-0.017094017094017,,,-0.0304273504273503,-0.0068376068376068,0.0,0.1965811965811965,-0.0033955857385398,0.1432098765432098,550.0,620.0,0.6666666666666666,0.0039814200398141,0.0003171961890481,-0.0003499004593521
2011-11-15,585.0,585.0,580.0,580.0,2000.0,580.0,595.0,604.0,604.2,587.0666666666667,631.25,False,False,False,False,False,False,True,False,False,True,False,0.0086206896551724,-0.0172413793103448,,,-0.0417241379310345,-0.0121839080459771,0.0,0.2068965517241379,-0.003293209175562,0.1614238410596026,535.0,600.0,0.5,0.0023171135385635,-0.0016643065012506,0.0001023765629778
2011-11-16,575.0,580.0,575.0,580.0,19000.0,580.0,587.0,601.5,604.8,585.3333333333334,631.25,False,False,False,False,False,False,True,False,False,True,False,0.0,-0.0086206896551724,,,-0.042758620689655,-0.0091954022988506,0.0,0.1810344827586207,-0.0029612756264237,0.170407315045719,530.0,610.0,9.5,0.0009920634920633,-0.0013250500465001,0.0003319335491383
2011-11-17,570.0,580.0,570.0,570.0,13000.0,570.0,581.0,600.0,604.6,583.6,631.2,False,False,False,False,False,False,False,False,False,True,False,0.0087719298245614,0.0087719298245614,,,-0.0607017543859649,-0.023859649122807,0.0,0.2368421052631578,-0.0029700708247658,0.1716666666666666,540.0,580.0,0.6842105263157895,-0.0003307972213032,-0.0013228607133665,-8.795198342131157e-06
2011-11-18,570.0,570.0,560.0,560.0,14000.0,560.0,575.0,594.5,603.6,581.7333333333333,631.125,False,False,False,False,False,False,False,False,False,True,False,0.0178571428571428,0.0803571428571428,,,-0.0778571428571429,-0.0388095238095238,0.0178571428571428,0.25,-0.0032088012835205,0.1783010933557611,525.0,570.0,1.0769230769230769,-0.0016567263088137,-0.0013259290875105,-0.0002387304587546
2011-11-21,565.0,570.0,555.0,570.0,3000.0,570.0,572.0,590.0,603.4,580.2666666666667,631.125,False,False,False,False,False,False,False,False,False,False,False,0.0087719298245614,0.0350877192982456,,,-0.0585964912280701,-0.0180116959064327,-0.0087719298245614,0.2543859649122807,-0.0025275735294118,0.1864406779661017,545.0,565.0,0.2142857142857142,-0.0003314550878356,0.0013252712209781,0.0006812277541087
2011-11-22,570.0,585.0,565.0,585.0,14000.0,585.0,573.0,584.0,603.2,579.2,631.3,False,False,False,False,False,False,False,False,False,True,False,-0.0256410256410256,0.017094017094017,,,-0.0311111111111111,0.0099145299145298,-0.0341880341880341,0.2051282051282051,-0.0018416206261509,0.199486301369863,530.0,555.0,4.666666666666667,-0.0003315649867372,-1.0989890161376997e-07,0.0006859529032609
2011-11-24,570.0,580.0,555.0,580.0,28000.0,580.0,573.0,580.0,601.4,578.1333333333333,631.425,False,False,False,False,False,False,False,False,False,True,False,-0.0086206896551724,0.0258620689655172,,,-0.0368965517241378,0.0032183908045977,-0.0086206896551724,0.1982758620689655,-0.0018450184501845,0.2051724137931034,500.0,565.0,2.0,-0.002993016295311,-0.0026614513085737,-3.397824033685724e-06
2011-11-25,575.0,575.0,560.0,575.0,19000.0,575.0,574.0,577.5,599.8,577.3333333333334,631.475,False,False,False,False,False,False,False,False,False,False,False,0.0,0.008695652173913,,,-0.0431304347826086,-0.0040579710144928,0.017391304347826,0.217391304347826,-0.0013856812933024,0.2112554112554112,505.0,560.0,0.6785714285714286,-0.0026675558519506,0.0003254604433603,0.0004593371568821
2011-11-28,570.0,570.0,570.0,570.0,2000.0,570.0,576.0,575.5,598.4,576.8666666666667,631.475,False,False,False,False,False,False,False,False,False,False,False,0.0614035087719298,0.0263157894736842,,,-0.0498245614035087,-0.012046783625731,0.0263157894736842,0.2017543859649122,-0.000808967987981,0.2145960034752389,525.0,560.0,0.1052631578947368,-0.0023395721925133,0.0003279836594373,0.0005767133053213
2011-11-29,565.0,575.0,565.0,575.0,11000.0,575.0,577.0,574.5,598.0,576.8666666666667,631.45,False,False,False,False,False,False,False,False,False,False,False,0.0260869565217391,0.017391304347826,,,-0.04,-0.0032463768115942,0.008695652173913,0.208695652173913,0.0,0.2158398607484769,530.0,585.0,5.5,-0.0006688963210701,0.0016706758714431,0.000808967987981
2011-11-30,565.0,570.0,560.0,570.0,35000.0,570.0,574.0,573.5,596.0,576.5333333333333,631.275,False,False,False,False,False,False,False,False,False,True,False,0.043859649122807,0.0263157894736842,,,-0.0456140350877193,-0.0114619883040935,0.0087719298245614,0.219298245614035,-0.0005781683626272,0.2170880557977332,550.0,585.0,3.1818181818181817,-0.0033557046979865,-0.0026868083769163,-0.0005781683626272
2011-12-01,580.0,585.0,570.0,575.0,50000.0,575.0,573.0,573.0,593.8,576.0666666666667,631.05,False,False,False,False,False,False,False,False,False,True,False,0.0347826086956521,0.017391304347826,,,-0.0326956521739129,-0.0018550724637682,0.017391304347826,0.2260869565217391,-0.0008100914246034,0.2216404886561954,550.0,585.0,1.4285714285714286,-0.0037049511620074,-0.0003492464640209,-0.0002319230619762
2011-12-02,575.0,575.0,570.0,575.0,7000.0,575.0,573.0,573.5,592.2,575.6666666666666,630.85,False,False,False,False,False,False,False,False,False,False,False,0.008695652173913,0.0,,,-0.0299130434782609,-0.001159420289855,0.017391304347826,0.2434782608695652,-0.0006948465547193,0.2223190932868352,550.0,575.0,0.14,-0.0027017899358323,0.0010031612261751,0.0001152448698841
2011-12-05,580.0,610.0,580.0,605.0,81000.0,605.0,580.0,578.0,591.0,575.5333333333333,630.85,False,False,False,False,True,False,False,False,False,False,True,-0.0330578512396694,-0.0661157024793388,,,0.0231404958677685,0.0487052341597796,0.0,0.1900826446280991,-0.000231669176416,0.2162629757785467,535.0,565.0,11.571428571428571,-0.0020304568527919,0.0006713330830403,0.0004631773783032
2011-12-06,600.0,605.0,590.0,590.0,25000.0,590.0,583.0,580.0,589.4,575.1333333333333,630.775,False,False,False,False,False,False,False,False,False,True,False,-0.0084745762711864,-0.0084745762711864,,,0.0010169491525424,0.0251977401129943,0.0169491525423728,0.2203389830508474,-0.0006954909006606,0.2129310344827586,525.0,560.0,0.3086419753086419,-0.002714625042416,-0.0006841681896241,-0.0004638217242446
2011-12-07,590.0,595.0,590.0,595.0,8000.0,595.0,588.0,581.0,588.6,575.0666666666667,630.7,False,False,False,False,False,False,False,False,False,False,False,-0.0168067226890756,-0.0252100840336134,,,0.0107563025210083,0.033501400560224,0.1008403361344537,0.2016806722689075,-0.0001159285879896,0.212564543889845,545.0,570.0,0.32,-0.0013591573224599,0.001355467719956,0.0005795623126709
2011-12-08,600.0,600.0,590.0,595.0,7000.0,595.0,592.0,582.5,588.2,574.8666666666667,630.575,False,False,False,False,False,False,False,False,False,False,False,-0.0168067226890756,-0.0252100840336134,,,0.0114285714285713,0.0338375350140055,0.0672268907563025,0.1848739495798319,-0.0003479067609881,0.2111587982832618,565.0,565.0,0.875,-0.0006800408024481,0.0006791165200118,-0.0002319781729984
2011-12-09,580.0,585.0,580.0,580.0,23000.0,580.0,593.0,583.0,588.0,574.8666666666667,630.375,False,False,False,False,False,True,False,False,False,False,False,-0.0086206896551724,-0.0172413793103448,,,-0.0137931034482758,0.0088505747126436,0.0862068965517241,0.2068965517241379,0.0,0.2101200686106346,575.0,570.0,3.2857142857142856,-0.0003401360544218,0.0003399047480262,0.0003479067609881
2011-12-12,585.0,590.0,585.0,585.0,19000.0,585.0,589.0,584.5,586.8,575.0666666666667,630.25,False,False,False,False,False,False,False,True,False,True,True,-0.0341880341880341,-0.0256410256410256,,,-0.0030769230769229,0.0169800569800568,0.0683760683760683,0.2051282051282051,0.0003477857639694,0.2104362703165098,585.0,555.0,0.8260869565217391,-0.0020449897750512,-0.0017048537206293,0.0003477857639694
2011-12-13,580.0,585.0,575.0,585.0,17000.0,585.0,588.0,585.5,585.6,575.3333333333334,630.075,False,False,False,False,False,False,False,True,False,True,False,0.0,-0.0341880341880341,,,-0.001025641025641,0.0165242165242164,0.094017094017094,0.2051282051282051,0.0004634994206256,0.2100768573868488,575.0,550.0,0.8947368421052632,-0.0020491803278687,-4.19055281753334e-06,0.0001157136566562
2011-12-14,590.0,590.0,585.0,585.0,9000.0,585.0,586.0,587.0,583.2,575.7333333333333,629.925,False,False,False,False,True,False,False,True,False,True,False,-0.0085470085470085,-0.0341880341880341,,,0.0030769230769229,0.0158404558404558,0.0769230769230769,0.188034188034188,0.0006947660954145,0.206984667802385,590.0,535.0,0.5294117647058824,-0.0041152263374485,-0.0020660460095797,0.0002312666747888
2011-12-15,575.0,590.0,570.0,585.0,34000.0,585.0,584.0,588.0,581.8,576.0,629.8,False,False,False,False,False,False,False,True,False,False,False,-0.0085470085470085,-0.017094017094017,,,0.0054700854700855,0.0153846153846153,0.094017094017094,0.1538461538461538,0.0004629629629629,0.1998299319727891,625.0,530.0,3.7777777777777777,-0.0024063251976625,0.0017089011397859,-0.0002318031324515
2011-12-16,580.0,580.0,575.0,575.0,17000.0,575.0,583.0,588.0,580.8,576.2,629.725,False,False,False,False,False,False,False,True,False,False,False,-0.008695652173913,0.017391304347826,,,-0.010086956521739,-0.0020869565217392,0.1043478260869565,0.1913043478260869,0.0003471017007984,0.1947278911564625,615.0,540.0,0.5,-0.0017217630853994,0.0006845621122631,-0.0001158612621645
2011-12-19,565.0,570.0,555.0,565.0,41000.0,565.0,579.0,584.0,579.8,576.2666666666667,629.6,False,False,False,False,False,False,False,True,False,True,False,0.0088495575221238,0.0353982300884955,,,-0.0261946902654866,-0.0199410029498524,0.1150442477876106,0.2212389380530973,0.0001156871818601,0.1977739726027397,605.0,525.0,2.411764705882353,-0.0017247326664367,-2.969581037253269e-06,-0.0002314145189382
2011-12-20,570.0,585.0,570.0,585.0,11000.0,585.0,579.0,583.5,579.8,576.2666666666667,629.475,False,False,False,False,False,False,False,False,False,False,False,-0.0341880341880341,-0.0085470085470085,,,0.0088888888888889,0.0149287749287749,0.0854700854700854,0.1709401709401709,0.0,0.1928020565552699,585.0,545.0,0.2682926829268293,0.0,0.0017247326664367,-0.0001156871818601
2011-12-21,585.0,585.0,575.0,580.0,5000.0,580.0,578.0,582.0,579.8,576.2,629.325,False,False,False,False,False,False,False,False,False,False,False,-0.0258620689655172,-0.0086206896551724,,,0.0003448275862069,0.0065517241379309,0.0948275862068965,0.1551724137931034,-0.0001157005669326,0.1881443298969072,620.0,530.0,0.4545454545454545,0.0,0.0,-0.0001157005669326
2011-12-22,580.0,580.0,580.0,580.0,7000.0,580.0,577.0,580.5,579.8,576.1333333333333,629.25,False,False,False,False,False,False,False,False,False,False,False,-0.0086206896551724,0.0086206896551724,,,0.0003448275862069,0.0066666666666666,0.1034482758620689,0.1982758620689655,-0.000115713955103,0.1894918173987941,630.0,500.0,1.4,0.0,0.0,-1.3388170404783304e-08
2011-12-26,575.0,575.0,570.0,570.0,15000.0,570.0,576.0,579.5,579.8,576.0666666666667,629.1,False,False,False,False,False,True,False,False,False,False,False,0.0263157894736842,0.0263157894736842,,,-0.0171929824561402,-0.0106432748538012,0.1140350877192982,0.2017543859649122,-0.0001157273463718,0.1889559965487489,615.0,505.0,2.142857142857143,0.0,0.0,-1.3391268764906998e-08
2011-12-27,570.0,570.0,570.0,570.0,4000.0,570.0,577.0,578.0,580.2,576.1333333333333,628.925,False,False,False,False,False,False,True,True,False,False,False,0.0263157894736842,0.0614035087719298,,,-0.0178947368421053,-0.0107602339181286,0.0964912280701754,0.1666666666666666,0.0001157139551028,0.185121107266436,635.0,525.0,0.2666666666666666,0.0006894174422614,0.0006894174422614,0.0002314413014747
2011-12-28,560.0,565.0,560.0,565.0,24000.0,565.0,573.0,576.0,580.0,576.2,628.725,False,False,False,False,False,False,False,True,False,True,False,0.0265486725663716,0.0619469026548672,,,-0.0265486725663716,-0.0198230088495576,0.1238938053097345,0.168141592920354,0.0001157005669328,0.1814236111111111,630.0,530.0,6.0,-0.0003448275862069,-0.0010342450284684,-1.3388170010133712e-08
2011-12-29,565.0,565.0,565.0,565.0,4000.0,565.0,570.0,574.0,579.2,576.1333333333333,628.55,False,False,False,False,False,False,False,False,False,True,False,0.0176991150442477,0.1592920353982301,,,-0.0251327433628319,-0.0197050147492625,0.1238938053097345,0.168141592920354,-0.000115713955103,0.1794425087108014,615.0,550.0,0.1666666666666666,-0.0013812154696131,-0.0010363878834062,-0.0002314145220359
2011-12-30,570.0,575.0,560.0,575.0,20000.0,575.0,569.0,573.0,579.0,576.2666666666667,628.45,False,False,False,False,False,False,False,True,False,False,False,0.017391304347826,0.1043478260869565,,,-0.0069565217391304,-0.0022028985507246,0.0956521739130434,0.2,0.0002313743637204,0.1841186736474694,605.0,550.0,5.0,-0.0003454231433506,0.0010357923262624,0.0003470883188235
2012-01-04,575.0,585.0,575.0,585.0,8000.0,585.0,572.0,574.0,579.4,576.4666666666667,628.425,False,False,False,False,True,False,True,True,False,False,False,0.0,0.0769230769230769,,,0.0095726495726496,0.0145868945868945,0.094017094017094,0.1794871794871795,0.000346941135654,0.1829268292682926,585.0,550.0,0.4,0.0006903693476009,0.0010357924909516,0.0001155667719335
2012-01-05,580.0,585.0,575.0,585.0,9000.0,585.0,575.0,576.0,580.0,576.8666666666667,628.475,False,False,False,False,False,False,True,True,False,False,False,0.0341880341880341,0.0683760683760683,,,0.0085470085470085,0.0139031339031338,0.094017094017094,0.1965811965811965,0.0006934011325551,0.1805555555555555,615.0,535.0,1.125,0.0010344827586207,0.0003441134110198,0.000346459996901
2012-01-06,580.0,580.0,580.0,580.0,9000.0,580.0,578.0,575.5,580.2,577.2666666666667,628.9,False,False,False,False,False,False,True,True,False,True,False,0.0344827586206896,0.1034482758620689,,,-0.0003448275862069,0.0047126436781609,0.0862068965517241,0.2068965517241379,0.0006929206605843,0.1841876629018245,615.0,525.0,1.0,0.0003447087211307,-0.00068977403749,-4.804719708200334e-07
2012-01-10,580.0,580.0,575.0,575.0,6000.0,575.0,580.0,575.0,580.4,577.8,629.9,False,False,False,False,False,False,True,True,False,True,False,0.1391304347826087,0.0956521739130434,,,-0.009391304347826,-0.0048695652173912,0.0956521739130434,0.2782608695652174,0.0009230414214837,0.1965217391304347,645.0,545.0,0.6666666666666666,0.0003445899379736,-1.1878315702931353e-07,0.0002301207608994
2012-01-11,575.0,585.0,575.0,585.0,4000.0,585.0,582.0,575.5,580.8,578.5333333333333,630.625,False,False,False,False,False,False,True,True,False,False,False,0.0854700854700854,0.094017094017094,,,0.0071794871794872,0.0110541310541311,0.0769230769230769,0.2478632478632478,0.0012675731735423,0.2015638575152041,620.0,565.0,0.6666666666666666,0.0006887052341597,0.000344115296186,0.0003445317520585
2012-01-12,580.0,585.0,580.0,585.0,33000.0,585.0,582.0,577.0,581.2,579.1333333333333,631.25,False,False,False,False,False,False,True,True,False,True,True,0.0769230769230769,0.0854700854700854,,,0.0064957264957264,0.01002849002849,0.0854700854700854,0.2478632478632478,0.0010360308506964,0.2062391681109185,600.0,575.0,8.25,0.0006882312456987,-4.739884610293569e-07,-0.0002315423228458
2012-01-13,585.0,605.0,585.0,605.0,55000.0,605.0,586.0,580.5,581.2,580.2,631.85,False,False,False,False,False,False,False,True,False,True,False,0.0330578512396694,0.0413223140495867,,,0.0393388429752065,0.04099173553719,0.0413223140495867,0.2066115702479339,0.0018384465126968,0.2101636520241171,590.0,585.0,1.6666666666666667,0.0,-0.0006882312456987,0.0008024156620003
2012-01-16,595.0,605.0,590.0,600.0,16000.0,600.0,590.0,584.0,581.6,580.9333333333333,632.075,False,False,False,False,False,False,True,True,False,False,False,0.0666666666666666,0.0583333333333333,,,0.0306666666666666,0.0317777777777778,0.05,0.1833333333333333,0.001262336470048,0.211472602739726,585.0,575.0,0.2909090909090909,0.0006877579092159,0.0006877579092159,-0.0005761100426488
2012-01-17,600.0,660.0,600.0,655.0,293000.0,655.0,606.0,593.0,584.0,582.6,632.5,False,False,False,False,False,False,True,True,True,False,False,-0.0381679389312977,-0.0305343511450381,,,0.1083969465648855,0.1105343511450381,-0.0381679389312977,0.0916030534351145,0.0028607392150132,0.2023608768971332,580.0,590.0,18.3125,0.0041095890410958,0.0034218311318799,0.0015984027449652
2012-01-18,655.0,680.0,630.0,635.0,241000.0,635.0,616.0,599.0,585.6,584.4,632.75,False,False,False,False,False,False,True,True,False,True,False,0.0078740157480314,0.0078740157480314,,,0.0777952755905511,0.0796850393700787,0.0393700787401574,0.1181102362204724,0.0030800821355235,0.1936560934891485,580.0,625.0,0.8225255972696246,0.0027322404371585,-0.0013773486039373,0.0002193429205102
2012-01-19,635.0,635.0,625.0,630.0,71000.0,630.0,625.0,603.5,587.6,586.0666666666667,632.55,False,False,False,False,False,False,True,True,False,False,False,0.0079365079365079,0.0079365079365079,,,0.0673015873015872,0.0697354497354496,0.1349206349206349,0.119047619047619,0.0028438175406667,0.1872410936205468,570.0,615.0,0.2946058091286307,0.0034036759700476,0.0006714355328891,-0.0002362645948568
2012-01-20,630.0,635.0,620.0,625.0,29000.0,625.0,629.0,607.5,589.2,587.4,632.075,False,False,False,False,False,False,True,True,False,True,False,0.008,0.0,,,0.0572799999999999,0.06016,0.16,0.112,0.0022698899103392,0.1786008230452674,560.0,605.0,0.4084507042253521,0.0027155465037339,-0.0006881294663137,-0.0005739276303275
2012-01-23,625.0,640.0,615.0,640.0,35000.0,640.0,637.0,613.5,591.4,588.8666666666667,631.6,False,False,False,False,False,False,True,True,False,False,False,-0.0078125,-0.0078125,,,0.0759375,0.0798958333333333,0.125,0.0234375,0.0024906600249066,0.1597392013039934,570.0,585.0,1.206896551724138,0.0037199864727763,0.0010044399690424,0.0002207701145674
2012-01-24,645.0,645.0,630.0,630.0,56000.0,630.0,632.0,619.0,593.2,589.9333333333333,630.925,False,False,False,False,False,False,True,True,False,True,False,0.0079365079365079,0.0079365079365079,,,0.0584126984126983,0.0635978835978836,0.1111111111111111,-0.0158730158730158,0.0018081139111763,0.1308562197092084,585.0,620.0,1.6,0.0030343897505058,-0.0006855967222705,-0.0006825461137303
2012-01-25,630.0,645.0,630.0,640.0,68000.0,640.0,633.0,624.5,595.4,591.1333333333333,630.325,False,False,False,False,False,False,True,True,False,False,False,0.0,-0.015625,,,0.0696875,0.0763541666666666,0.109375,0.0,0.0020299988722229,0.1064851881505204,580.0,630.0,1.2142857142857142,0.0036949949613703,0.0006606052108645,0.0002218849610466
2012-01-26,640.0,640.0,630.0,635.0,44000.0,635.0,634.0,629.5,597.8,592.2666666666667,629.825,False,False,False,False,False,False,True,True,False,False,False,0.0,0.0078740157480314,,,0.0585826771653544,0.0672965879265092,0.0944881889763779,-0.0551181102362204,0.0019135524538496,0.0770452740270055,575.0,615.0,0.6470588235294118,0.0040147206423552,0.0003197256809848,-0.0001164464183733
2012-01-27,630.0,640.0,630.0,630.0,22000.0,630.0,635.0,632.0,600.4,593.5333333333333,629.325,False,False,False,False,False,False,True,True,False,False,False,-0.0079365079365079,0.0158730158730158,,,0.046984126984127,0.0578835978835979,0.0952380952380952,-0.0317460317460317,0.0021341120970459,0.0537974683544303,570.0,635.0,0.5,0.0043304463690873,0.000315725726732,0.0002205596431963
2012-01-30,625.0,635.0,625.0,635.0,7000.0,635.0,634.0,635.5,602.4,595.0,629.05,False,False,False,False,False,False,True,True,False,True,False,0.0,-0.0078740157480314,,,0.0513385826771653,0.0629921259842519,0.1023622047244094,-0.0629921259842519,0.0024649859943978,0.029897718332022,575.0,630.0,0.3181818181818182,0.0033200531208499,-0.0010103932482373,0.0003308738973518
2012-01-31,630.0,645.0,630.0,635.0,14000.0,635.0,635.0,633.5,604.6,596.2,629.0,False,False,False,False,False,False,True,True,False,False,False,0.0,-0.0078740157480314,,,0.0478740157480314,0.0611023622047243,0.1023622047244094,-0.0708661417322834,0.0020127474002013,0.0134175217048145,570.0,615.0,2.0,0.0036387694343368,0.0003187163134868,-0.0004522385941964
2012-02-01,640.0,640.0,635.0,640.0,18000.0,640.0,635.0,634.0,607.0,597.2,628.975,False,False,False,False,False,False,True,True,False,False,False,-0.015625,-0.015625,,,0.0515625,0.0668749999999999,0.0703125,-0.0625,0.0016744809109176,-0.0047318611987381,575.0,605.0,1.2857142857142858,0.0039538714991762,0.0003151020648394,-0.0003382664892837
2012-02-02,645.0,650.0,635.0,635.0,26000.0,635.0,635.0,634.5,609.6,598.0,628.825,False,False,False,False,False,False,True,True,False,False,False,0.0078740157480314,0.0,,,0.0399999999999999,0.058267716535433,0.1102362204724409,-0.0708661417322834,0.0013377926421403,-0.0236406619385342,575.0,585.0,1.4444444444444444,0.004265091863517,0.0003112203643408,-0.0003366882687772
2012-02-03,630.0,630.0,620.0,625.0,27000.0,625.0,634.0,634.5,611.8,598.5333333333333,628.5,False,False,False,False,False,False,True,True,False,True,False,0.024,0.008,,,0.02112,0.0423466666666667,0.12,-0.056,0.0008910670527956,-0.0401891252955082,605.0,615.0,1.0384615384615383,0.0035959463877082,-0.0006691454758088,-0.0004467255893447
2012-02-06,645.0,645.0,625.0,635.0,105000.0,635.0,634.0,634.0,614.6,599.3333333333334,628.3,False,False,False,False,False,False,True,True,False,False,False,-0.0078740157480314,-0.0078740157480314,,,0.0321259842519684,0.0561679790026246,0.1259842519685039,-0.0866141732283464,0.0013348164627364,-0.0512618296529968,590.0,615.0,3.888888888888889,0.0045558086560365,0.0009598622683282,0.0004437494099408
2012-02-07,630.0,635.0,630.0,635.0,24000.0,635.0,634.0,634.5,617.4,599.9333333333333,628.05,False,False,False,False,False,False,True,True,False,True,False,-0.0078740157480314,-0.0078740157480314,,,0.0277165354330709,0.0552230971128609,0.1102362204724409,-0.1181102362204724,0.001000111123458,-0.0614657210401891,595.0,645.0,0.2285714285714285,0.0045351473922901,-2.066126374638145e-05,-0.0003347053392784
2012-02-08,630.0,635.0,625.0,630.0,34000.0,630.0,632.0,633.5,619.6,600.0,627.55,False,False,False,False,False,False,True,True,False,True,False,0.0,0.0476190476190476,,,0.0165079365079364,0.0476190476190476,0.1031746031746031,-0.0873015873015873,0.0001111111111111,-0.0702446724546172,595.0,620.0,1.4166666666666667,0.0035506778566818,-0.0009844695356083,-0.0008890000123468
2012-02-09,635.0,645.0,635.0,640.0,32000.0,640.0,633.0,634.0,621.8,600.3333333333334,627.1,False,False,False,False,False,False,True,True,False,True,False,-0.0078125,0.1171875,,,0.0284375,0.0619791666666666,0.09375,-0.1015625,0.0005552470849528,-0.0749211356466877,580.0,600.0,0.9411764705882352,0.0035381151495656,-1.2562707116136294e-05,0.0004441359738416
2012-02-10,640.0,640.0,630.0,640.0,59000.0,640.0,636.0,635.0,624.0,600.8,626.725,False,False,False,False,False,False,True,True,False,True,False,-0.015625,0.1328125,,,0.025,0.06125,0.0703125,-0.09375,0.0007767421216154,-0.0811023622047244,585.0,590.0,1.84375,0.003525641025641,-1.2474123924568687e-05,0.0002214950366626
2012-02-13,630.0,635.0,625.0,630.0,15000.0,630.0,635.0,634.5,626.0,601.4,626.325,False,False,False,False,False,False,True,True,False,True,False,0.0,0.1428571428571428,,,0.0063492063492063,0.0453968253968254,0.1031746031746031,-0.0714285714285714,0.000997672098437,-0.0819542947202521,585.0,585.0,0.2542372881355932,0.0031948881789137,-0.0003307528467273,0.0002209299768215
2012-02-14,630.0,630.0,625.0,630.0,8000.0,630.0,634.0,634.0,628.2,601.5333333333333,625.85,False,False,False,False,False,False,True,True,False,False,False,0.0,0.1111111111111111,,,0.0028571428571427,0.0451851851851852,0.1031746031746031,-0.0952380952380952,0.0002216557685913,-0.084384858044164,585.0,580.0,0.5333333333333333,0.0035020694046482,0.0003071812257345,-0.0007760163298456
2012-02-15,630.0,630.0,625.0,630.0,19000.0,630.0,634.0,633.0,630.0,601.5333333333333,625.375,False,False,False,False,False,False,True,False,False,True,False,0.0476190476190476,0.1269841269841269,,,0.0,0.0451851851851852,0.119047619047619,-0.0476190476190476,0.0,-0.0829383886255924,585.0,580.0,2.375,0.0028571428571427,-0.0006449265475054,-0.0002216557685913
2012-02-16,635.0,640.0,630.0,635.0,9000.0,635.0,633.0,633.0,632.0,601.8,625.025,False,False,False,False,False,False,True,True,False,False,False,0.1259842519685039,0.0944881889763779,,,0.0047244094488188,0.0522834645669292,0.1259842519685039,-0.0708661417322834,0.0004431150991469,-0.0829383886255924,575.0,570.0,0.4736842105263157,0.0031645569620253,0.0003074141048825,0.0004431150991469
2012-02-17,635.0,640.0,620.0,630.0,48000.0,630.0,631.0,633.5,633.0,601.7333333333333,624.55,False,False,False,False,False,False,True,False,False,True,False,0.1507936507936507,0.0952380952380952,,,-0.0047619047619047,0.0448677248677248,0.1428571428571428,-0.0238095238095238,-0.0001107910480832,-0.0797158642462509,565.0,560.0,5.333333333333333,0.0015797788309636,-0.0015847781310616,-0.0005539061472301
2012-02-20,630.0,635.0,605.0,630.0,44000.0,630.0,631.0,633.0,634.2,601.7333333333333,624.0,False,False,False,False,False,False,True,False,False,False,False,0.1428571428571428,0.1111111111111111,,,-0.0066666666666667,0.0448677248677248,0.1428571428571428,0.0079365079365079,0.0,-0.0703001579778831,585.0,570.0,0.9166666666666666,0.0018921475875118,0.0003123687565482,0.0001107910480832
2012-02-21,625.0,635.0,625.0,630.0,33000.0,630.0,631.0,632.5,633.2,601.9333333333333,623.425,False,False,False,False,False,False,False,True,False,True,False,0.1111111111111111,0.1111111111111111,,,-0.0050793650793651,0.0445502645502646,0.1349206349206349,0.0476190476190476,0.0003322627090485,-0.0537549407114624,580.0,585.0,0.75,-0.0015792798483891,-0.003471427435901,0.0003322627090485
2012-02-22,635.0,660.0,625.0,660.0,121000.0,660.0,637.0,635.5,634.2,602.6666666666666,622.9,False,False,False,True,True,False,True,True,True,False,True,0.0757575757575757,0.0378787878787878,,,0.039090909090909,0.0868686868686869,0.0681818181818181,-0.0075757575757575,0.001216814159292,-0.045633359559402,580.0,580.0,3.6666666666666665,0.0015767896562598,0.0031560695046489,0.0008845514502435
2012-02-23,660.0,715.0,650.0,715.0,611000.0,715.0,653.0,643.0,637.6,604.4,622.525,False,False,False,False,False,False,True,True,False,False,False,-0.0279720279720279,-0.0139860139860139,,,0.1082517482517482,0.1546853146853147,-0.0209790209790209,-0.1118881118881118,0.0028678579307302,-0.0474339035769828,570.0,575.0,5.049586776859504,0.0053324968632371,0.0037557072069772,0.0016510437714381
2012-02-24,705.0,730.0,685.0,725.0,698000.0,725.0,672.0,651.5,641.6,605.8666666666667,622.175,False,False,False,False,False,False,True,True,False,False,False,-0.0482758620689655,-0.0344827586206896,,,0.1150344827586206,0.1643218390804597,-0.0275862068965517,-0.1034482758620689,0.0024207746478873,-0.0491174213353798,570.0,570.0,1.1423895253682488,0.0062344139650872,0.0009019171018501,-0.0004470832828428
2012-02-27,725.0,745.0,715.0,720.0,657000.0,720.0,690.0,660.5,644.8,607.2666666666667,621.875,False,False,False,False,False,False,True,True,False,True,False,-0.0277777777777777,-0.0069444444444444,,,0.1044444444444445,0.1565740740740741,-0.0208333333333333,-0.1041666666666666,0.0023054122296629,-0.0529901589704769,565.0,575.0,0.9412607449856734,0.0049627791563274,-0.0012716348087598,-0.0001153624182244
2012-02-28,690.0,705.0,685.0,700.0,115000.0,700.0,704.0,667.5,647.6,608.0,621.55,False,False,False,False,False,False,True,True,False,True,False,0.0,0.0071428571428571,,,0.0748571428571428,0.1314285714285714,-0.0071428571428571,-0.05,0.0012061403508772,-0.048689138576779,565.0,570.0,0.1750380517503805,0.0043236565781347,-0.0006391225781926,-0.0010992718787857
2012-02-29,705.0,725.0,705.0,710.0,105000.0,710.0,714.0,675.5,650.4,609.2,621.35,False,False,False,False,False,False,True,True,False,True,False,-0.0352112676056338,-0.0211267605633802,,,0.083943661971831,0.1419718309859154,-0.0492957746478873,-0.0633802816901408,0.0019697964543664,-0.0503330866025166,575.0,575.0,0.9130434782608696,0.0043050430504304,-1.861352770432187e-05,0.0007636561034892
2012-03-01,710.0,720.0,690.0,695.0,61000.0,695.0,710.0,681.5,652.8,610.4666666666667,621.05,False,False,False,False,False,False,True,True,False,True,False,0.014388489208633,0.0071942446043165,,,0.0607194244604317,0.121630695443645,-0.014388489208633,-0.0287769784172661,0.0020749153652942,-0.0462215700660308,585.0,575.0,0.580952380952381,0.0036764705882352,-0.0006285724621951,0.0001051189109278
2012-03-02,685.0,690.0,680.0,690.0,48000.0,690.0,703.0,687.5,655.2,611.8,621.2,False,False,False,False,False,False,True,True,False,True,False,0.0144927536231884,-0.0072463768115942,,,0.0504347826086955,0.1133333333333334,0.0,0.0072463768115942,0.0021793614470958,-0.0429090909090909,585.0,605.0,0.7868852459016393,0.0036630036630038,-1.3466925231458027e-05,0.0001044460818015
2012-03-05,700.0,745.0,690.0,700.0,183000.0,700.0,699.0,694.5,657.8,613.3333333333334,621.525,False,False,False,False,False,False,True,True,False,False,False,0.0214285714285714,-0.0071428571428571,,,0.0602857142857143,0.1238095238095237,-0.0214285714285714,-0.0142857142857142,0.0025000000000001,-0.0446364290856731,580.0,590.0,3.8125,0.0039525691699603,0.0002895655069565,0.0003206385529042
2012-03-06,695.0,710.0,680.0,700.0,40000.0,700.0,699.0,701.5,660.4,614.9333333333333,621.925,False,False,False,False,False,False,True,True,False,True,False,0.0071428571428571,-0.0071428571428571,,,0.0565714285714286,0.1215238095238096,-0.0428571428571428,0.0071428571428571,0.0026019080659148,-0.0477548111190306,575.0,595.0,0.2185792349726776,0.0039370078740157,-1.556129594455346e-05,0.0001019080659147
2012-03-07,685.0,700.0,685.0,685.0,38000.0,685.0,694.0,704.0,662.2,616.3333333333334,622.25,False,False,False,False,False,False,True,True,False,True,False,0.0145985401459854,0.0291970802919708,,,0.0332846715328466,0.100243309002433,0.0145985401459854,0.0145985401459854,0.002271498107085,-0.0454545454545454,585.0,595.0,0.95,0.0027182120205377,-0.001218795853478,-0.0003304099588297
2012-03-08,695.0,705.0,690.0,705.0,31000.0,705.0,696.0,703.0,665.0,618.1333333333333,622.675,False,False,False,False,False,False,True,True,False,False,False,-0.0070921985815602,0.0141843971631205,,,0.0567375886524822,0.1232151300236406,-0.0283687943262411,0.0,0.0029119930974977,-0.0341394025604551,585.0,580.0,0.8157894736842105,0.0042105263157894,0.0014923142952517,0.0006404949904127
2012-03-09,705.0,715.0,690.0,700.0,52000.0,700.0,698.0,700.5,668.0,620.0,623.1,False,False,False,False,False,False,True,True,False,False,False,-0.0214285714285714,0.0285714285714285,,,0.0457142857142857,0.1142857142857142,-0.05,0.0071428571428571,0.003010752688172,-0.0228408279800142,605.0,585.0,1.6774193548387095,0.0044910179640718,0.0002804916482824,9.875959067428589e-05
2012-03-12,700.0,720.0,695.0,715.0,51000.0,715.0,701.0,700.0,671.2,621.9333333333333,623.625,False,False,False,False,False,False,True,True,False,False,False,-0.0279720279720279,0.0069930069930069,,,0.0612587412587411,0.1301631701631702,-0.0769230769230769,-0.0209790209790209,0.0031085861292742,-0.0142857142857142,600.0,585.0,0.9807692307692308,0.0047675804529202,0.0002765624888483,9.783344110216594e-05
2012-03-13,720.0,720.0,680.0,705.0,84000.0,705.0,702.0,700.5,674.0,623.5333333333333,623.975,False,False,False,False,False,False,True,True,False,True,False,-0.0141843971631205,0.0141843971631205,,,0.0439716312056737,0.1155555555555555,-0.0638297872340425,-0.0141843971631205,0.0025660215973484,-0.0107066381156316,655.0,585.0,1.6470588235294117,0.004154302670623,-0.0006132777822971,-0.0005425645319257
2012-03-14,705.0,715.0,695.0,695.0,38000.0,695.0,704.0,699.0,676.6,625.0666666666667,624.175,False,False,False,False,False,False,True,True,False,True,False,0.014388489208633,0.014388489208633,,,0.0264748201438848,0.1006235011990406,-0.0071942446043165,-0.0071942446043165,0.002453071672355,-0.0050071530758226,635.0,585.0,0.4523809523809524,0.0038427431274017,-0.0003115595432213,-0.0001129499249933
2012-03-15,700.0,705.0,690.0,700.0,51000.0,700.0,703.0,699.5,679.0,626.7333333333333,624.475,False,False,False,False,False,False,True,True,False,True,False,0.0214285714285714,0.0,,,0.03,0.1046666666666666,-0.0142857142857142,0.0,0.002659291564727,-0.0021443888491779,630.0,575.0,1.3421052631578947,0.0035346097201766,-0.000308133407225,0.000206219892372
2012-03-16,680.0,695.0,680.0,685.0,111000.0,685.0,700.0,699.0,680.8,628.2666666666667,624.725,False,False,False,False,False,False,True,True,False,True,False,0.0510948905109489,0.0291970802919708,,,0.0061313868613139,0.0828223844282238,0.0218978102189781,0.0145985401459854,0.0024405772495755,-0.0014306151645207,625.0,565.0,2.176470588235294,0.0026439482961221,-0.0008906614240545,-0.0002187143151515
2012-03-19,695.0,700.0,690.0,695.0,9000.0,695.0,696.0,698.5,683.4,629.8666666666667,624.925,False,False,False,False,False,False,True,True,False,False,False,0.0359712230215827,0.014388489208633,,,0.0166906474820144,0.0937170263788968,0.0071942446043165,0.0,0.0025402201524132,0.0,640.0,585.0,0.081081081081081,0.0038045068773778,0.0011605585812557,9.964290283774168e-05
2012-03-21,695.0,700.0,690.0,695.0,37000.0,695.0,694.0,698.0,686.0,631.5333333333333,625.075,False,False,False,False,False,False,True,True,False,True,False,0.0287769784172661,0.0,,,0.0129496402877697,0.0913189448441247,0.0575539568345323,-0.0215827338129496,0.0026390794890741,-0.0028653295128939,630.0,580.0,4.111111111111111,0.0037900874635568,-1.4419413820965666e-05,9.88593366609055e-05
2012-03-22,695.0,705.0,695.0,705.0,22000.0,705.0,696.0,700.0,689.0,633.2666666666667,625.125,False,False,False,False,False,False,True,True,False,False,True,0.0,-0.0425531914893617,,,0.0226950354609929,0.1017494089834515,0.0354609929078014,-0.0425531914893617,0.0027371302242341,-0.0085714285714285,640.0,580.0,0.5945945945945946,0.0043541364296081,0.0005640489660512,9.805073516000289e-05
2012-03-23,695.0,715.0,690.0,715.0,53000.0,715.0,699.0,701.0,692.2,635.1333333333333,625.1,False,False,False,False,False,False,True,True,False,False,False,-0.0209790209790209,-0.0419580419580419,,,0.0318881118881118,0.1117016317016317,0.0209790209790209,-0.0559440559440559,0.002939015429831,-0.014265335235378,635.0,570.0,2.409090909090909,0.0046229413464317,0.0002688049168236,0.0002018852055968
2012-03-26,715.0,725.0,715.0,720.0,82000.0,720.0,706.0,703.0,695.8,636.6666666666666,625.025,False,False,False,False,False,False,True,True,False,False,False,-0.0208333333333333,-0.0416666666666666,,,0.0336111111111111,0.1157407407407408,0.0138888888888888,-0.0694444444444444,0.0024083769633507,-0.0220483641536273,630.0,570.0,1.5471698113207548,0.0051739005461338,0.000550959199702,-0.0005306384664802
2012-03-27,720.0,720.0,710.0,720.0,36000.0,720.0,711.0,703.5,699.4,638.4,625.15,False,False,False,False,False,False,True,True,False,True,False,-0.0208333333333333,-0.0486111111111111,,,0.0286111111111111,0.1133333333333333,-0.0138888888888888,-0.0694444444444444,0.0027151211361737,-0.0270078180525941,635.0,565.0,0.4390243902439024,0.0051472690877895,-2.663145834424976e-05,0.000306744172823
2012-03-28,695.0,715.0,695.0,715.0,3000.0,715.0,715.0,704.5,702.8,640.0,625.225,False,False,False,False,False,False,True,True,False,True,False,-0.0279720279720279,-0.0629370629370629,,,0.0170629370629371,0.1048951048951049,0.0,-0.0769230769230769,0.0025,-0.0333569907735983,635.0,565.0,0.0833333333333333,0.0048377916903813,-0.0003094773974082,-0.0002151211361737
2012-03-29,700.0,715.0,695.0,705.0,23000.0,705.0,715.0,705.5,704.6,641.4666666666667,625.225,False,False,False,False,False,False,True,True,False,True,False,-0.0425531914893617,-0.0141843971631205,,,0.0005673758865247,0.0901182033096926,0.0070921985815602,-0.0709219858156028,0.0022864269382665,-0.0396881644223954,640.0,575.0,7.666666666666667,0.0025546409310247,-0.0022831507593565,-0.0002135730617335
2012-03-30,695.0,705.0,695.0,700.0,11000.0,700.0,712.0,705.5,704.0,643.0666666666667,625.2,False,False,False,False,False,False,False,True,False,True,False,-0.0214285714285714,-0.0214285714285714,,,-0.0057142857142857,0.0813333333333332,0.0071428571428571,-0.05,0.0024880779597761,-0.0446491849751949,635.0,585.0,0.4782608695652174,-0.0008522727272727,-0.0034069136582975,0.0002016510215095
2012-04-02,695.0,705.0,695.0,705.0,16000.0,705.0,709.0,707.5,703.2,644.6666666666666,625.25,False,False,False,False,False,False,False,True,False,True,True,-0.0212765957446808,-0.0567375886524822,,,0.0025531914893616,0.0855791962174941,-0.0141843971631205,-0.0709219858156028,0.0024819027921405,-0.0530035335689045,625.0,585.0,1.4545454545454546,-0.0011376564277587,-0.0002853837004859,-6.175167635607843e-06
2012-04-03,695.0,705.0,690.0,705.0,16000.0,705.0,706.0,708.5,702.6,646.2666666666667,625.275,False,False,False,False,False,False,False,True,False,False,False,-0.0283687943262411,-0.0638297872340425,,,0.0034042553191489,0.0833096926713948,-0.0709219858156028,-0.0921985815602836,0.002475758200949,-0.0621030345800988,635.0,580.0,1.0,-0.0008539709649872,0.0002836854627715,-6.144591191424402e-06
2012-04-04,690.0,695.0,675.0,695.0,37000.0,695.0,702.0,708.5,702.4,647.7333333333333,625.1,False,False,False,False,False,False,False,True,False,False,False,-0.0359712230215827,-0.0503597122302158,,,-0.0106474820143884,0.068009592326139,-0.1079136690647482,-0.079136690647482,0.0022643062988884,-0.0677487649964714,635.0,575.0,2.3125,-0.0002847380410023,0.0005692329239848,-0.0002114519020605
2012-04-05,680.0,700.0,665.0,675.0,38000.0,675.0,696.0,705.5,701.0,648.9333333333333,624.9,False,False,False,False,False,False,False,True,False,True,False,0.0296296296296296,0.0222222222222222,,,-0.0385185185185185,0.0386172839506173,-0.0518518518518518,-0.0888888888888888,0.0018491884117525,-0.072289156626506,630.0,585.0,1.027027027027027,-0.0019971469329528,-0.0017124088919505,-0.0004151178871359
2012-04-06,685.0,685.0,675.0,685.0,20000.0,685.0,693.0,702.5,700.6,650.4,624.825,False,False,False,False,False,False,False,True,False,False,False,0.0,0.0072992700729927,,,-0.0227737226277372,0.0505109489051095,-0.1240875912408759,-0.0583941605839416,0.0022550225502255,-0.0725978647686832,640.0,585.0,0.5263157894736842,-0.0005709391949757,0.0014262077379771,0.000405834138473
2012-04-09,685.0,700.0,670.0,690.0,23000.0,690.0,690.0,699.5,700.6,652.0666666666667,624.85,False,False,False,False,False,False,False,True,False,False,False,-0.036231884057971,0.0144927536231884,,,-0.0153623188405797,0.0549758454106279,-0.1159420289855072,-0.0797101449275362,0.0025559758715878,-0.0736240171551108,640.0,605.0,1.15,0.0,0.0005709391949757,0.0003009533213623
2012-04-10,690.0,690.0,685.0,685.0,3000.0,685.0,686.0,696.0,700.0,653.4,624.85,False,False,False,False,False,False,False,True,False,True,False,-0.0364963503649635,0.0218978102189781,,,-0.0218978102189781,0.0461313868613139,-0.1313868613138686,-0.072992700729927,0.002040608101214,-0.0739942528735632,630.0,600.0,0.1304347826086956,-0.0008571428571428,-0.0008571428571428,-0.0005153677703738
2012-04-11,665.0,685.0,665.0,670.0,28000.0,670.0,681.0,691.5,698.8,654.6,624.8,False,False,False,False,False,False,False,True,False,True,False,-0.0149253731343283,0.0970149253731343,,,-0.0429850746268656,0.0229850746268656,-0.1194029850746268,-0.0298507462686567,0.001833180568286,-0.0694143167028199,630.0,655.0,9.333333333333334,-0.001717229536348,-0.0008600866792052,-0.000207427532928
2012-04-12,695.0,695.0,695.0,695.0,1000.0,695.0,685.0,690.5,699.2,656.1333333333333,624.775,False,False,False,False,False,False,True,True,False,False,False,-0.0071942446043165,0.0503597122302158,,,-0.0060431654676259,0.0559232613908873,-0.1366906474820144,-0.079136690647482,0.0023369233895549,-0.0702389572773352,630.0,635.0,0.0357142857142857,0.0005720823798628,0.0022893119162109,0.0005037428212688
2012-04-13,685.0,695.0,675.0,685.0,54000.0,685.0,685.0,689.0,698.4,657.6666666666666,624.7,False,False,False,False,False,False,False,True,False,True,False,0.0072992700729927,0.0656934306569343,,,-0.0195620437956204,0.0399026763990268,-0.1386861313868613,-0.0072992700729927,0.0023314749113025,-0.0660377358490566,635.0,630.0,54.0,-0.0011454753722795,-0.0017175577521424,-5.4484782523833535e-06
2012-04-16,665.0,685.0,665.0,665.0,9000.0,665.0,680.0,685.0,697.0,658.9333333333333,624.55,False,False,False,False,False,False,False,True,False,True,False,0.0526315789473684,0.0977443609022556,,,-0.0481203007518797,0.0091228070175439,-0.112781954887218,-0.0225563909774436,0.0019222986645082,-0.0613138686131386,630.0,625.0,0.1666666666666666,-0.0020086083213772,-0.0008631329490977,-0.0004091762467942
2012-04-17,665.0,665.0,650.0,660.0,19000.0,660.0,675.0,680.5,694.8,660.2,624.375,False,False,False,False,False,False,False,True,False,True,False,0.0606060606060606,0.0757575757575757,,,-0.0527272727272726,-0.0003030303030303,-0.1212121212121212,0.0151515151515151,0.0019186105220641,-0.0506980161645848,630.0,640.0,2.111111111111111,-0.0031663788140472,-0.0011577704926699,-3.688142444103126e-06
2012-04-18,660.0,660.0,660.0,660.0,10000.0,660.0,673.0,677.0,693.0,661.4666666666667,624.25,False,False,False,False,False,False,False,True,False,False,False,0.1136363636363636,0.0833333333333333,,,-0.05,-0.0022222222222222,-0.1515151515151515,-0.0227272727272727,0.0019149365047369,-0.0450516986706056,630.0,630.0,0.5263157894736842,-0.0025974025974025,0.0005689762166447,-3.674017327245059e-06
2012-04-19,665.0,690.0,665.0,690.0,29000.0,690.0,672.0,678.5,692.8,663.0,624.225,False,False,False,False,False,False,False,True,False,False,True,0.0579710144927536,0.0289855072463768,,,-0.0040579710144926,0.0391304347826087,-0.1666666666666666,-0.072463768115942,0.0023127199597787,-0.0434782608695652,660.0,640.0,2.9,-0.0002886836027714,0.0023087189946311,0.0003977834550418
2012-04-20,690.0,695.0,675.0,690.0,8000.0,690.0,673.0,679.0,692.4,664.4,624.25,False,False,False,False,False,False,False,True,False,True,False,0.0579710144927536,0.0217391304347826,,,-0.0034782608695651,0.0371014492753623,-0.1666666666666666,-0.0942028985507246,0.0021071643588199,-0.0471281296023564,715.0,635.0,0.2758620689655172,-0.0005777007510109,-0.0002890171482395,-0.0002055556009587
2012-04-23,690.0,700.0,680.0,700.0,27000.0,700.0,680.0,680.0,693.0,665.9333333333333,624.35,False,False,False,True,True,False,True,True,False,False,False,0.0428571428571428,-0.0071428571428571,,,0.01,0.0486666666666667,-0.1714285714285714,-0.0928571428571428,0.0023025327860646,-0.0485294117647058,725.0,630.0,3.375,0.0008658008658008,0.0014435016168118,0.0001953684272446
2012-04-24,695.0,700.0,685.0,700.0,14000.0,700.0,688.0,681.5,693.2,667.5333333333333,624.4,False,False,False,False,False,False,True,True,False,True,False,0.0142857142857142,-0.0642857142857142,,,0.0097142857142856,0.0463809523809524,-0.1642857142857142,-0.0785714285714285,0.002396884050734,-0.0491562729273661,720.0,635.0,0.5185185185185185,0.0002885170225043,-0.0005772838432965,9.435126466945422e-05
2012-04-25,760.0,770.0,720.0,735.0,399000.0,735.0,703.0,688.0,694.8,669.6666666666666,624.65,False,False,False,False,False,False,True,True,True,False,False,-0.0272108843537414,-0.1564625850340136,,,0.0546938775510204,0.0888888888888889,-0.2244897959183673,-0.1292517006802721,0.0031856645097063,-0.0595930232558139,700.0,635.0,28.5,0.0023028209556705,0.0020143039331661,0.0007887804589722
2012-04-26,730.0,745.0,725.0,730.0,70000.0,730.0,711.0,691.5,695.8,671.6,624.9,False,False,False,False,False,False,True,True,False,True,False,-0.0273972602739726,-0.1232876712328767,,,0.0468493150684932,0.0799999999999999,-0.1780821917808219,-0.1232876712328767,0.0028786976374827,-0.064352856109906,710.0,640.0,0.175438596491228,0.0014371945961483,-0.0008656263595222,-0.0003069668722235
2012-04-27,725.0,735.0,720.0,730.0,23000.0,730.0,719.0,696.0,696.4,673.5333333333333,625.125,False,False,False,False,False,False,True,True,False,True,False,-0.0342465753424657,-0.1780821917808219,,,0.046027397260274,0.077351598173516,-0.1917808219178082,-0.1095890410958904,0.0028704345243986,-0.0747126436781609,695.0,635.0,0.3285714285714285,0.0008615738081562,-0.000575620787992,-8.263113084104254e-06
2012-05-01,715.0,730.0,700.0,730.0,72000.0,730.0,725.0,702.5,696.8,675.2,625.325,False,False,False,False,False,False,True,True,False,True,False,-0.047945205479452,-0.1643835616438356,,,0.0454794520547945,0.0750684931506848,-0.1575342465753424,-0.1232876712328767,0.0024684044233808,-0.0846975088967971,690.0,625.0,3.130434782608696,0.0005740528128587,-0.0002875209952975,-0.0004020301010177
2012-05-02,730.0,730.0,710.0,710.0,15000.0,710.0,727.0,707.5,696.4,676.6666666666666,625.425,False,False,False,False,False,False,False,True,False,True,False,-0.0774647887323943,-0.1619718309859155,,,0.0191549295774648,0.0469483568075117,-0.1056338028169014,-0.0985915492957746,0.0021674876847289,-0.0954063604240282,700.0,635.0,0.2083333333333333,-0.0005743825387707,-0.0011484353516295,-0.0003009167386518
2012-05-07,720.0,725.0,700.0,715.0,6000.0,715.0,723.0,713.0,696.4,677.4666666666667,625.625,False,False,False,False,False,False,False,True,False,False,False,-0.1328671328671328,-0.1748251748251748,,,0.026013986013986,0.0524941724941724,-0.0769230769230769,-0.1188811188811188,0.0011808699074986,-0.1044880785413744,700.0,635.0,0.4,0.0,0.0005743825387707,-0.0009866177772303
2012-05-08,705.0,710.0,685.0,710.0,31000.0,710.0,719.0,715.0,696.6,678.4666666666667,625.8,False,False,False,False,False,False,True,True,False,False,False,-0.0985915492957746,-0.1549295774647887,,,0.0188732394366196,0.044413145539906,-0.0774647887323943,-0.1126760563380281,0.0014739117618158,-0.1083916083916083,685.0,630.0,5.166666666666667,0.0002871088142406,0.0002871088142406,0.0002930418543172
2012-05-09,685.0,705.0,675.0,705.0,56000.0,705.0,714.0,716.5,696.8,679.4666666666667,625.925,False,False,False,False,False,False,True,True,False,True,False,-0.1489361702127659,-0.1631205673758865,,,0.0116312056737589,0.0362174940898344,-0.0992907801418439,-0.0992907801418439,0.0014717425431711,-0.1088625261688764,705.0,640.0,1.806451612903225,0.0002870264064292,-8.240781136886581e-08,-2.1692186447446696e-06
2012-05-10,685.0,700.0,685.0,695.0,17000.0,695.0,707.0,716.0,696.4,680.4,626.0,False,False,False,False,False,True,False,True,False,True,False,-0.1223021582733813,-0.1510791366906475,,,-0.0020143884892086,0.0210071942446043,-0.0647482014388489,-0.0935251798561151,0.0013717421124827,-0.1089385474860335,700.0,640.0,0.3035714285714285,-0.0005743825387707,-0.0008614089452,-0.0001000004306883
2012-05-11,690.0,705.0,620.0,655.0,80000.0,655.0,696.0,711.5,694.4,680.6,625.9,False,False,False,False,False,False,False,True,False,True,False,-0.0916030534351145,-0.1145038167938931,,,-0.0601526717557251,-0.0390839694656488,-0.015267175572519,-0.0458015267175572,0.0002938583602704,-0.1061138439915671,715.0,630.0,4.705882352941177,-0.0028801843317972,-0.0023058017930264,-0.0010778837522123
2012-05-14,660.0,660.0,610.0,620.0,98000.0,620.0,677.0,700.0,691.4,680.4666666666667,625.5,False,False,False,False,False,False,False,False,False,True,False,-0.0483870967741935,-0.0967741935483871,,,-0.1151612903225806,-0.0975268817204301,0.0725806451612903,0.0080645161290322,-0.0001959439600274,-0.0935714285714285,705.0,630.0,1.225,-0.0043390222736476,-0.0014588379418504,-0.0004898023202978
2012-05-15,625.0,655.0,600.0,640.0,52000.0,640.0,663.0,691.0,690.0,680.4666666666667,625.25,False,False,False,False,False,False,False,False,False,False,False,-0.0625,-0.1015625,,,-0.078125,-0.0632291666666667,0.0390625,-0.0234375,0.0,-0.0839363241678726,695.0,630.0,0.5306122448979592,-0.0020289855072463,0.0023100367664013,0.0001959439600274
2012-05-16,620.0,655.0,600.0,600.0,61000.0,600.0,642.0,678.0,686.6,680.0,624.625,False,False,False,False,False,False,False,False,False,True,False,-0.0166666666666666,-0.0416666666666666,,,-0.1443333333333333,-0.1333333333333333,0.125,0.0333333333333333,-0.0006862745098039,-0.0707964601769911,700.0,635.0,1.1730769230769231,-0.0049519370812699,-0.0029229515740236,-0.0006862745098039
2012-05-17,590.0,615.0,590.0,610.0,29000.0,610.0,625.0,666.0,683.4,679.7333333333333,624.05,False,False,False,False,False,False,False,False,False,False,False,-0.0327868852459016,-0.0491803278688524,,,-0.1203278688524589,-0.1143169398907104,0.1393442622950819,0.0491803278688524,-0.0003923107100823,-0.054054054054054,685.0,630.0,0.4754098360655737,-0.0046824700029266,0.0002694670783433,0.0002939637997216
2012-05-18,600.0,600.0,570.0,595.0,33000.0,595.0,613.0,654.5,679.8,679.2,623.35,False,False,False,False,False,False,False,False,False,True,False,-0.0252100840336134,-0.0168067226890756,,,-0.1425210084033612,-0.1415126050420168,0.1596638655462184,0.0756302521008403,-0.000785237534354,-0.0374331550802139,695.0,630.0,1.137931034482759,-0.0052956751985878,-0.0006132051956612,-0.0003929268242717
2012-05-21,595.0,615.0,585.0,590.0,36000.0,590.0,607.0,642.0,676.6,678.6,622.675,False,False,True,False,False,False,False,False,False,False,False,-0.0508474576271186,-0.0338983050847457,,,-0.1467796610169492,-0.1501694915254237,0.1949152542372881,0.0677966101694915,-0.0008841732979664,-0.0186915887850467,695.0,630.0,1.0909090909090908,-0.0047295300029558,0.0005661451956319,-9.89357636123374e-05
2012-05-22,600.0,600.0,595.0,600.0,30000.0,600.0,599.0,631.0,672.8,678.0666666666667,622.125,False,False,False,False,False,False,False,False,False,True,False,-0.0416666666666666,0.0,,,-0.1213333333333332,-0.1301111111111112,0.1583333333333333,0.0333333333333333,-0.000786549995084,-0.0031695721077654,705.0,660.0,0.8333333333333334,-0.0056480380499406,-0.0009185080469847,9.762330288241707e-05
2012-05-23,605.0,605.0,580.0,590.0,23000.0,590.0,597.0,619.5,669.0,677.4666666666667,621.575,False,False,False,False,False,False,False,False,False,True,False,-0.0254237288135593,0.0,,,-0.1338983050847457,-0.1482485875706215,0.1949152542372881,0.0254237288135593,-0.0008856524306239,0.0104923325262308,715.0,715.0,0.7666666666666667,-0.0056801195814648,-3.208153152415606e-05,-9.910243553990872e-05
2012-05-24,595.0,595.0,575.0,590.0,28000.0,590.0,593.0,609.0,666.0,677.0,621.025,False,False,False,False,False,False,False,False,False,False,False,-0.0169491525423728,0.0423728813559322,,,-0.1288135593220339,-0.147457627118644,0.1949152542372881,0.0338983050847457,-0.0006893156080748,0.0246305418719211,720.0,725.0,1.2173913043478262,-0.0045045045045045,0.0011756150769603,0.000196336822549
2012-05-25,585.0,585.0,575.0,580.0,19000.0,580.0,590.0,601.5,662.8,676.2666666666667,620.525,False,False,False,False,False,False,False,False,False,True,False,0.0086206896551724,0.0948275862068965,,,-0.142758620689655,-0.1659770114942528,0.2068965517241379,0.0689655172413793,-0.0010843848580441,0.0365752285951787,720.0,720.0,0.6785714285714286,-0.0048280024140012,-0.0003234979094967,-0.0003950692499693
2012-05-28,570.0,570.0,555.0,560.0,48000.0,560.0,584.0,595.5,658.8,675.2666666666667,620.0,False,False,False,False,False,False,False,False,False,True,False,0.0178571428571428,0.1785714285714285,,,-0.1764285714285713,-0.2058333333333333,0.2410714285714285,0.1339285714285714,-0.0014808964359759,0.0486985726280436,715.0,700.0,2.526315789473684,-0.0060716454159077,-0.0012436430019064,-0.0003965115779317
2012-05-29,560.0,580.0,555.0,575.0,34000.0,575.0,579.0,589.0,654.2,674.5333333333333,619.575,False,False,False,False,False,False,False,False,False,True,False,0.0434782608695652,0.1391304347826087,,,-0.1377391304347827,-0.1731014492753622,0.2,0.1043478260869565,-0.0010871713777426,0.0619694397283531,705.0,710.0,0.7083333333333334,-0.0070314888413327,-0.000959843425425,0.0003937250582332
2012-05-30,575.0,575.0,565.0,575.0,22000.0,575.0,576.0,586.5,649.6,673.6666666666666,619.275,False,False,False,False,False,False,False,False,False,True,False,0.0260869565217391,0.1043478260869565,,,-0.1297391304347826,-0.1715942028985506,0.217391304347826,0.1304347826086956,-0.0012864918357249,0.0716112531969309,700.0,695.0,0.6470588235294118,-0.0070812807881773,-4.97919468445884e-05,-0.0001993204579822
2012-05-31,575.0,580.0,570.0,580.0,30000.0,580.0,574.0,583.5,644.8,672.8666666666667,619.15,False,False,False,False,False,False,False,False,False,True,False,0.0603448275862069,0.1206896551724138,,,-0.1117241379310344,-0.1601149425287356,0.1982758620689655,0.1293103448275862,-0.0011889428316654,0.0796915167095115,705.0,690.0,1.3636363636363635,-0.0074441687344914,-0.000362887946314,9.754900405945672e-05
2012-06-01,585.0,590.0,570.0,585.0,43000.0,585.0,575.0,582.5,640.2,672.2666666666667,619.2,False,False,False,False,False,False,False,False,False,False,False,0.0854700854700854,0.1025641025641025,,,-0.0943589743589744,-0.1491737891737891,0.188034188034188,0.1282051282051282,-0.0008925029750099,0.0849785407725321,705.0,700.0,1.4333333333333331,-0.0071852546079348,0.0002589141265565,0.0002964398566554
2012-06-04,555.0,570.0,555.0,570.0,25000.0,570.0,577.0,580.5,633.6,671.4666666666667,619.075,False,False,False,False,False,False,False,False,False,True,False,0.1578947368421052,0.1666666666666666,,,-0.1115789473684211,-0.1780116959064328,0.1929824561403508,0.131578947368421,-0.0011914217633041,0.0913006029285099,695.0,700.0,0.5813953488372093,-0.0104166666666667,-0.0032314120587318,-0.0002989187882941
2012-06-05,575.0,600.0,575.0,600.0,30000.0,600.0,582.0,580.5,628.4,671.0666666666667,619.025,False,False,False,False,False,False,False,False,False,False,False,0.0916666666666666,0.1083333333333333,,,-0.0473333333333333,-0.1184444444444445,0.125,0.075,-0.0005960659646333,0.0956072351421188,675.0,685.0,1.2,-0.0082749840865691,0.0021416825800975,0.0005953557986707
2012-06-06,610.0,610.0,590.0,590.0,34000.0,590.0,585.0,580.5,622.8,670.4666666666667,618.95,False,False,False,False,False,False,False,False,False,True,False,0.0762711864406779,0.1440677966101695,,,-0.0555932203389829,-0.1363841807909605,0.1440677966101695,0.1016949152542373,-0.0008948990752709,0.1033591731266149,685.0,705.0,1.1333333333333333,-0.0089916506101477,-0.0007166665235786,-0.0002988331106376
2012-06-07,610.0,615.0,605.0,615.0,20000.0,615.0,592.0,583.0,618.2,670.2666666666667,618.95,False,False,False,False,False,False,False,False,False,False,True,0.056910569105691,0.1300813008130081,,,-0.0052032520325203,-0.0898644986449864,0.089430894308943,0.073170731707317,-0.0002983887010145,0.1072041166380789,690.0,700.0,0.5882352941176471,-0.0074409576188934,0.0015506929912543,0.0005965103742563
2012-06-08,615.0,635.0,605.0,635.0,58000.0,635.0,602.0,588.5,615.2,670.3333333333334,619.025,False,False,False,False,True,False,False,True,False,False,False,0.0157480314960629,0.0866141732283464,,,0.0311811023622046,-0.0556430446194226,0.0551181102362204,0.0078740157480314,9.945300845358486e-05,0.1002548853016142,685.0,715.0,2.9,-0.0048764629388816,0.0025644946800117,0.0003978417094681
2012-06-11,640.0,660.0,640.0,660.0,22000.0,660.0,620.0,598.5,613.0,670.7333333333333,619.325,False,False,False,False,False,False,False,True,False,False,False,0.0075757575757575,0.0681818181818181,,,0.0712121212121212,-0.0162626262626262,0.0,0.0075757575757575,0.000596362190637,0.0868838763575605,670.0,705.0,0.3793103448275862,-0.0035889070146819,0.0012875559241996,0.0004969091821834
2012-06-12,650.0,655.0,640.0,655.0,26000.0,655.0,631.0,606.5,610.8,670.6666666666666,619.55,False,False,False,False,False,False,False,False,False,True,False,0.015267175572519,0.0610687022900763,,,0.0674809160305344,-0.0239185750636131,0.0,-0.0229007633587786,-9.940357852890616e-05,0.0733718054410552,695.0,695.0,1.181818181818182,-0.0036018336607728,-1.292664609086518e-05,-0.0006957657691659
2012-06-13,660.0,670.0,625.0,635.0,79000.0,635.0,640.0,612.5,608.0,669.6,619.825,False,False,False,False,False,False,False,False,False,True,False,0.0629921259842519,0.1102362204724409,,,0.04251968503937,-0.0544881889763779,0.0472440944881889,0.0236220472440944,-0.0015929908403025,0.0628571428571428,685.0,700.0,3.0384615384615383,-0.0046052631578946,-0.0010034294971218,-0.0014935872617736
2012-06-14,635.0,650.0,635.0,650.0,16000.0,650.0,647.0,619.5,606.2,668.6,620.225,False,False,False,False,False,False,False,False,False,False,False,0.0692307692307692,0.0846153846153846,,,0.0673846153846153,-0.0286153846153846,0.0076923076923076,-0.0153846153846153,-0.0014956625785222,0.0484261501210653,665.0,685.0,0.2025316455696202,-0.0029693170570767,0.0016359461008178,9.732826178029236e-05
2012-06-15,665.0,670.0,645.0,645.0,68000.0,645.0,649.0,625.5,605.8,667.6,620.625,False,False,False,False,False,False,False,False,False,False,False,0.0697674418604651,0.0852713178294573,,,0.0607751937984496,-0.0350387596899225,-0.0077519379844961,-0.0310077519379844,-0.0014979029358897,0.0327737809752198,660.0,695.0,4.25,-0.0006602839220866,0.0023090331349901,-2.240357367469092e-06
2012-06-18,670.0,675.0,665.0,665.0,65000.0,665.0,650.0,635.0,607.6,667.1333333333333,621.175,False,False,False,False,False,False,True,False,True,False,False,0.0601503759398496,0.0451127819548872,,,0.0863157894736841,-0.0032080200501253,-0.037593984962406,-0.0601503759398496,-0.0006995103427601,0.0141732283464566,660.0,695.0,0.9558823529411764,0.0029624753127058,0.0036227592347924,0.0007983925931296
2012-06-19,655.0,685.0,655.0,665.0,67000.0,665.0,652.0,641.5,608.6,666.5333333333333,621.675,False,False,False,False,False,False,True,False,False,True,False,0.0451127819548872,0.037593984962406,,,0.0848120300751879,-0.0023057644110275,-0.075187969924812,-0.0601503759398496,-0.0009001800360072,0.0007794232268121,690.0,705.0,1.0307692307692309,0.0016431153466973,-0.0013193599660085,-0.0002006696932471
2012-06-20,685.0,685.0,670.0,675.0,25000.0,675.0,660.0,650.0,611.6,666.2666666666667,622.25,False,False,False,False,False,False,True,False,False,False,False,0.0444444444444444,0.037037037037037,,,0.0939259259259259,0.0129382716049382,-0.0444444444444444,-0.0814814814814814,-0.0004002401440864,-0.0169230769230769,690.0,715.0,0.373134328358209,0.0049051667756703,0.003262051428973,0.0004999398919208
2012-06-21,680.0,700.0,675.0,695.0,43000.0,695.0,669.0,658.0,615.0,666.3333333333334,622.925,False,False,False,False,False,False,True,True,False,False,False,0.014388489208633,0.0,,,0.1151079136690647,0.0412470023980814,-0.0863309352517985,-0.0935251798561151,0.0001000500250125,-0.033434650455927,700.0,720.0,1.72,0.0055284552845528,0.0006232885088824,0.000500290169099
2012-06-22,690.0,690.0,685.0,690.0,45000.0,690.0,678.0,663.5,618.8,666.2,623.45,False,False,False,False,False,False,True,False,False,False,False,0.0144927536231884,0.0072463768115942,,,0.1031884057971015,0.0344927536231883,-0.0797101449275362,-0.0942028985507246,-0.0002001400980686,-0.0437076111529766,700.0,720.0,1.0465116279069768,0.0061409179056237,0.0006124626210709,-0.0003001901230812
2012-06-25,685.0,715.0,685.0,705.0,91000.0,705.0,686.0,668.0,623.4,666.2666666666667,624.05,False,False,False,False,False,False,True,True,False,False,False,-0.0141843971631205,-0.0354609929078014,,,0.1157446808510638,0.0549408983451536,-0.0780141843971631,-0.1205673758865248,0.0001000600360215,-0.0568862275449101,735.0,715.0,2.022222222222222,0.0073788899582932,0.0012379720526695,0.0003002001340901
2012-06-26,710.0,710.0,685.0,695.0,33000.0,695.0,692.0,672.0,627.2,666.4,624.6,False,False,False,False,False,False,True,True,False,True,False,-0.0071942446043165,-0.0287769784172661,,,0.0975539568345323,0.0411510791366906,-0.079136690647482,-0.1151079136690647,0.0002000800320127,-0.0662202380952381,730.0,705.0,0.3626373626373626,0.0060586734693878,-0.0013202164889054,0.0001000199959912
2012-06-27,690.0,705.0,690.0,705.0,12000.0,705.0,698.0,679.0,631.8,666.4,625.25,False,False,False,False,False,False,True,False,False,False,False,-0.0070921985815602,-0.0425531914893617,,,0.1038297872340426,0.0547517730496454,-0.0354609929078014,-0.1134751773049645,0.0,-0.0795287187039764,730.0,700.0,0.3636363636363636,0.0072807850585626,0.0012221115891748,-0.0002000800320127
2012-06-28,700.0,705.0,695.0,705.0,28000.0,705.0,700.0,684.5,636.4,666.4666666666667,625.95,False,False,False,False,False,False,True,True,False,True,False,-0.0141843971631205,-0.0496453900709219,,,0.0973049645390071,0.0546572104018912,-0.0780141843971631,-0.1134751773049645,0.0001000300090027,-0.0891161431701972,730.0,705.0,2.333333333333333,0.0072281583909491,-5.262666761356779e-05,0.0001000300090027
2012-06-29,690.0,705.0,685.0,700.0,42000.0,700.0,702.0,690.0,641.2,666.2666666666667,626.65,False,False,False,False,False,False,True,False,False,False,False,-0.0071428571428571,-0.0428571428571428,,,0.0839999999999999,0.0481904761904762,-0.0428571428571428,-0.0928571428571428,-0.0003001801080649,-0.094927536231884,710.0,705.0,1.5,0.0074859638178416,0.0002578054268925,-0.0004002101170676
2012-07-02,700.0,700.0,690.0,695.0,40000.0,695.0,700.0,693.0,646.6,666.1333333333333,627.275,False,False,False,False,False,False,True,False,False,False,False,-0.0215827338129496,-0.0503597122302158,,,0.0696402877697841,0.0415347721822542,-0.0719424460431654,-0.0935251798561151,-0.0002001601281024,-0.0981240981240981,715.0,695.0,0.9523809523809524,0.0083513764305598,0.0008654126127181,0.0001000199799624
2012-07-03,685.0,695.0,680.0,690.0,25000.0,690.0,699.0,695.5,651.2,666.0666666666667,627.9,False,False,False,False,False,False,True,False,False,True,False,-0.0217391304347826,-0.0507246376811594,,,0.0562318840579709,0.0346859903381641,-0.072463768115942,-0.0869565217391304,-0.0001000900810728,-0.100647016534867,710.0,675.0,0.625,0.007063882063882,-0.0012874943666777,0.0001000700470295
2012-07-04,690.0,700.0,690.0,700.0,29000.0,700.0,698.0,698.0,656.2,666.0666666666667,628.55,False,False,False,False,False,False,True,False,False,False,False,-0.0357142857142857,-0.05,,,0.0625714285714285,0.0484761904761904,-0.1071428571428571,-0.1,0.0,-0.1024355300859598,705.0,685.0,1.16,0.0076196281621456,0.0005557460982635,0.0001000900810728
2012-07-05,695.0,695.0,695.0,695.0,2000.0,695.0,696.0,698.0,660.8,666.2,629.25,False,False,False,False,False,False,True,True,False,True,False,-0.0359712230215827,-0.0575539568345323,,,0.0492086330935252,0.0414388489208632,-0.0863309352517985,-0.0863309352517985,0.0002001400980686,-0.1017191977077364,695.0,690.0,0.0689655172413793,0.006961259079903,-0.0006583690822426,0.0002001400980686
2012-07-06,690.0,695.0,680.0,695.0,31000.0,695.0,695.0,698.5,665.2,666.2,629.975,False,False,False,False,False,False,True,False,False,True,False,-0.0359712230215827,-0.079136690647482,,,0.0428776978417265,0.0414388489208632,-0.0719424460431654,-0.0863309352517985,0.0,-0.1009305654974946,655.0,685.0,15.5,0.0066145520144318,-0.0003467070654711,-0.0002001400980686
2012-07-09,680.0,680.0,680.0,680.0,11000.0,680.0,692.0,696.0,669.6,666.0,630.7,False,True,False,False,False,False,True,False,False,True,False,-0.0294117647058823,-0.0588235294117647,,,0.0152941176470587,0.0205882352941176,-0.0588235294117647,-0.0735294117647058,-0.0003003003003003,-0.0962643678160919,620.0,670.0,0.3548387096774194,0.0065710872162484,-4.346479818341433e-05,-0.0003003003003003
2012-07-10,680.0,680.0,675.0,675.0,6000.0,675.0,689.0,694.0,672.6,665.6,631.425,False,False,False,False,False,False,True,False,False,True,False,-0.0296296296296296,-0.0888888888888888,,,0.0035555555555555,0.0139259259259258,-0.0518518518518518,-0.0814814814814814,-0.0006009615384615,-0.0929394812680115,640.0,695.0,0.5454545454545454,0.0044603033006244,-0.002110783915624,-0.0003006612381611
2012-07-11,675.0,675.0,675.0,675.0,5000.0,675.0,684.0,691.0,676.0,665.0666666666667,632.1,False,False,False,False,False,False,True,False,False,False,False,-0.0148148148148148,-0.0444444444444444,,,-0.0014814814814814,0.0147160493827159,-0.037037037037037,-0.0666666666666666,-0.0008019246190857,-0.0882778581765557,600.0,685.0,0.8333333333333334,0.0050295857988165,0.000569282498192,-0.0002009630806242
2012-07-12,675.0,675.0,650.0,670.0,46000.0,670.0,679.0,687.5,678.2,664.4,632.825,False,False,False,False,False,False,True,False,False,True,False,-0.0223880597014925,-0.0522388059701492,,,-0.0122388059701493,0.0083582089552239,-0.044776119402985,-0.0597014925373134,-0.0010034115994382,-0.0829090909090909,610.0,665.0,9.2,0.0032438808611029,-0.0017857049377135,-0.0002014869803524
2012-07-13,655.0,670.0,655.0,670.0,13000.0,670.0,674.0,684.5,679.6,663.7333333333333,633.45,False,False,False,False,False,False,True,False,False,True,False,-0.044776119402985,-0.0522388059701492,,,-0.0143283582089552,0.0093532338308457,-0.044776119402985,-0.0597014925373134,-0.0010044194455604,-0.0796201607012417,595.0,660.0,0.2826086956521739,0.002060035314891,-0.0011838455462119,-1.0078461222054209e-06
2012-07-17,660.0,660.0,650.0,660.0,8000.0,660.0,670.0,681.0,679.6,663.0,634.1,False,False,False,False,False,False,False,False,False,True,False,-0.0303030303030303,-0.0151515151515151,,,-0.0296969696969697,-0.0045454545454545,-0.0454545454545454,-0.0378787878787878,-0.0011060834590246,-0.0741556534508076,590.0,660.0,0.6153846153846154,0.0,-0.002060035314891,-0.0001016640134642
2012-07-18,660.0,660.0,650.0,655.0,15000.0,655.0,666.0,677.5,679.6,662.3333333333334,634.875,False,False,False,False,False,False,False,False,False,False,False,-0.0610687022900763,-0.0229007633587786,,,-0.0375572519083969,-0.0111959287531807,-0.0381679389312977,-0.0305343511450381,-0.0010065425264216,-0.0686346863468634,600.0,690.0,1.875,0.0,0.0,9.95409326029744e-05
2012-07-19,655.0,665.0,655.0,665.0,12000.0,665.0,664.0,674.0,680.8,661.8666666666667,635.675,False,False,False,False,False,False,True,False,True,False,False,-0.0300751879699248,0.0225563909774436,,,-0.0237593984962405,0.0047117794486215,-0.0451127819548872,-0.0150375939849624,-0.0007050765511684,-0.0600890207715133,590.0,690.0,0.8,0.0017626321974147,0.0017626321974147,0.0003014659752532
2012-07-20,665.0,665.0,655.0,655.0,12000.0,655.0,661.0,670.0,681.0,661.2,636.325,False,False,False,False,False,False,True,False,False,True,False,-0.0305343511450381,-0.0076335877862595,,,-0.0396946564885496,-0.0094656488549619,-0.0381679389312977,-0.0305343511450381,-0.0010082677959265,-0.0544776119402985,590.0,700.0,1.0,0.0002936857562408,-0.0014689464411738,-0.000303191244758
2012-07-23,650.0,650.0,640.0,640.0,18000.0,640.0,655.0,664.5,680.8,660.3333333333334,636.875,False,False,False,False,False,False,False,False,False,True,False,-0.0078125,0.046875,,,-0.0637499999999999,-0.0317708333333333,-0.0234375,-0.015625,-0.0013124684502776,-0.0474040632054176,580.0,700.0,1.5,-0.0002937720329025,-0.0005874577891434,-0.0003042006543511
2012-07-24,625.0,640.0,620.0,640.0,38000.0,640.0,651.0,660.5,679.8,659.6,637.325,False,False,False,False,False,False,False,False,False,True,False,0.015625,0.0078125,,,-0.0621874999999999,-0.030625,-0.0234375,-0.03125,-0.0011117849201536,-0.0431491294473883,560.0,735.0,2.111111111111111,-0.0014710208884966,-0.001177248855594,0.0002006835301239
2012-07-25,620.0,620.0,610.0,615.0,40000.0,615.0,643.0,654.5,677.8,658.8,637.65,False,False,False,False,False,False,False,False,False,True,False,0.040650406504065,0.040650406504065,,,-0.1021138211382113,-0.0712195121951218,0.016260162601626,0.0,-0.0012143290831816,-0.0351413292589763,575.0,730.0,1.0526315789473684,-0.0029507229271171,-0.0014797020386205,-0.0001025441630279
2012-07-26,615.0,645.0,615.0,645.0,12000.0,645.0,639.0,651.5,676.6,658.2666666666667,638.125,False,False,False,False,False,False,False,False,False,False,False,0.0542635658914728,-0.0310077519379844,,,-0.0489922480620155,-0.0205684754521963,-0.0387596899224806,-0.0465116279069767,-0.0008102086287218,-0.0330007674597083,575.0,730.0,0.3,-0.0017735737511083,0.0011771491760087,0.0004041204544597
2012-07-27,630.0,635.0,625.0,635.0,9000.0,635.0,635.0,648.0,674.2,657.5333333333333,638.625,False,False,False,False,False,False,False,False,False,True,False,0.0236220472440944,0.0,,,-0.061732283464567,-0.0354855643044619,0.0078740157480314,-0.0157480314960629,-0.0011152793267768,-0.0285493827160493,580.0,730.0,0.75,-0.0035597745476119,-0.0017862007965035,-0.000305070698055
2012-07-30,650.0,650.0,635.0,635.0,9000.0,635.0,634.0,644.5,672.0,656.8666666666667,639.175,False,False,False,False,False,False,False,False,False,False,False,0.0551181102362204,0.0157480314960629,,,-0.058267716535433,-0.0344356955380577,0.0078740157480314,-0.0157480314960629,-0.0010149193139144,-0.0240496508921644,585.0,710.0,1.0,-0.0032738095238095,0.0002859650238023,0.0001003600128623
2012-07-31,635.0,650.0,625.0,650.0,13000.0,650.0,636.0,643.5,669.8,656.6,639.7,False,False,False,False,False,False,False,False,False,True,False,-0.0076923076923076,-0.0153846153846153,,,-0.0304615384615383,-0.0101538461538461,-0.0307692307692307,-0.023076923076923,-0.0004061326022946,-0.0225330225330225,570.0,715.0,1.4444444444444444,-0.0032845625559869,-1.0753032177338116e-05,0.0006087867116198
2012-08-01,640.0,640.0,640.0,640.0,2000.0,640.0,641.0,642.0,667.6,655.8666666666667,640.075,False,False,False,False,False,False,False,False,False,True,False,0.0,0.0,,,-0.043125,-0.0247916666666666,-0.03125,0.03125,-0.0011181134376906,-0.0163551401869158,600.0,710.0,0.1538461538461538,-0.0032953864589573,-1.082390297042768e-05,-0.0007119808353959
2012-08-03,640.0,680.0,640.0,680.0,14000.0,680.0,648.0,643.5,666.6,655.8,640.6,False,False,False,False,True,False,False,False,False,False,True,-0.0808823529411764,-0.0441176470588235,,,0.0197058823529411,0.0355882352941177,-0.1102941176470588,-0.0220588235294117,-0.0001016570092508,-0.017094017094017,590.0,705.0,7.0,-0.0015001500150015,0.0017952364439558,0.0010164564284397
2012-08-06,655.0,655.0,645.0,650.0,11000.0,650.0,651.0,643.0,664.4,655.6,640.925,False,False,False,False,False,False,False,False,False,True,False,-0.023076923076923,-0.0153846153846153,,,-0.0221538461538461,-0.0086153846153846,-0.0615384615384615,0.023076923076923,-0.0003050640634532,-0.0116640746500777,615.0,695.0,0.7857142857142857,-0.0033112582781457,-0.0018111082631442,-0.0002034070542023
2012-08-07,650.0,670.0,625.0,670.0,56000.0,670.0,658.0,646.0,663.2,655.7333333333333,641.4,False,False,False,False,False,False,False,True,False,False,True,-0.0373134328358208,-0.044776119402985,,,0.0101492537313432,0.0212935323383084,-0.0746268656716417,-0.0149253731343283,0.0002033346888979,-0.011609907120743,635.0,655.0,5.090909090909091,-0.0018094089264172,0.0015018493517284,0.0005083987523511
2012-08-08,645.0,645.0,630.0,645.0,37000.0,645.0,657.0,646.5,661.2,655.5333333333333,641.675,False,False,False,False,False,False,False,False,False,True,False,-0.0077519379844961,-0.0232558139534883,,,-0.0251162790697675,-0.0163307493540051,-0.0155038759689922,0.0232558139534883,-0.0003050950879691,-0.0061871616395978,660.0,620.0,0.6607142857142857,-0.0030248033877797,-0.0012153944613625,-0.000508429776867
2012-08-09,620.0,640.0,620.0,640.0,23000.0,640.0,657.0,649.0,659.2,654.8666666666667,641.75,False,False,False,False,False,False,False,False,False,True,True,0.0,-0.015625,,,-0.03,-0.0232291666666666,-0.0078125,0.015625,-0.0010180189351521,-0.0046224961479198,655.0,640.0,0.6216216216216216,-0.0030339805825242,-9.177194744477892e-06,-0.0007129238471829
2012-08-10,620.0,635.0,620.0,625.0,8000.0,625.0,646.0,647.0,656.2,654.0,641.8,False,False,False,False,False,False,False,False,False,True,False,0.04,0.016,,,-0.04992,-0.0464,0.04,0.048,-0.0013251783893985,0.0046367851622874,635.0,600.0,0.3478260869565217,-0.0045717768972874,-0.0015377963147631,-0.0003071594542464
2012-08-13,635.0,635.0,620.0,635.0,8000.0,635.0,643.0,647.0,653.8,653.1333333333333,641.95,False,False,False,False,False,False,False,False,False,False,False,0.0078740157480314,-0.0078740157480314,,,-0.0296062992125983,-0.0285564304461942,0.0314960629921259,0.0629921259842519,-0.001326936817393,0.0123647604327666,650.0,610.0,1.0,-0.003670847353931,0.0009009295433564,-1.7584279945065135e-06
2012-08-14,640.0,645.0,630.0,645.0,7000.0,645.0,638.0,648.0,651.8,652.4,642.25,False,False,True,False,False,False,False,False,False,False,False,-0.0077519379844961,-0.0310077519379844,,,-0.0105426356589146,-0.0114728682170542,0.0232558139534883,0.0232558139534883,-0.0011240547721234,0.0162037037037037,645.0,595.0,0.875,-0.0030684258975145,0.0006024214564164,0.0002028820452696
2012-08-15,635.0,640.0,630.0,640.0,20000.0,640.0,637.0,647.0,650.2,651.1333333333333,642.35,False,False,False,False,False,False,False,False,False,False,False,-0.015625,-0.0234375,,,-0.0159375,-0.0173958333333333,0.0078125,0.0390625,-0.0019453260980853,0.0224111282843894,665.0,590.0,2.857142857142857,-0.0024607812980619,0.0006076445994525,-0.0008212713259619
2012-08-16,640.0,640.0,640.0,640.0,4000.0,640.0,637.0,647.0,648.8,649.9333333333333,642.4,False,False,False,False,False,False,False,False,False,False,False,-0.015625,-0.0234375,,,-0.0137499999999999,-0.0155208333333332,0.0078125,0.0390625,-0.0018463432146887,0.0231839258114374,665.0,600.0,0.2,-0.0021578298397042,0.0003029514583577,9.898288339661004e-05
2012-08-17,635.0,650.0,635.0,650.0,8000.0,650.0,642.0,644.0,647.8,648.8666666666667,642.575,False,False,False,False,True,False,False,False,False,False,False,-0.023076923076923,-0.0461538461538461,,,0.0033846153846154,0.0017435897435897,0.0,0.023076923076923,-0.0016438919141065,0.0279503105590062,675.0,590.0,2.0,-0.0015436863229391,0.000614143516765,0.0002024513005822
2012-08-20,645.0,655.0,640.0,640.0,22000.0,640.0,643.0,643.0,646.6,647.6666666666666,642.6,False,False,False,False,False,False,False,False,False,True,False,-0.015625,0.0,,,-0.0103125,-0.0119791666666666,0.03125,0.0390625,-0.0018528049408132,0.0295489891135303,695.0,590.0,2.75,-0.0018558614290131,-0.000312175106074,-0.0002089130267066
2012-08-21,645.0,645.0,640.0,640.0,7000.0,640.0,642.0,640.0,645.4,646.7333333333333,642.65,False,False,False,False,False,False,False,False,False,True,False,-0.0234375,0.0,,,-0.0084374999999999,-0.0105208333333333,0.0,0.09375,-0.0014431501907019,0.040625,690.0,580.0,0.3181818181818182,-0.0018593120545398,-3.450625526695873e-06,0.0004096547501113
2012-08-22,640.0,640.0,625.0,630.0,35000.0,630.0,640.0,638.5,644.2,645.6,642.725,False,False,False,False,False,False,False,False,False,True,False,-0.0079365079365079,0.0,,,-0.0225396825396826,-0.0247619047619047,0.0555555555555555,0.0952380952380952,-0.001755472945064,0.047768206734534,705.0,560.0,5.0,-0.0018627755355478,-3.4634810079697733e-06,-0.0003123227543621
2012-08-23,635.0,635.0,630.0,630.0,5000.0,630.0,638.0,637.5,643.2,644.5333333333333,642.85,False,False,False,False,False,False,False,False,False,False,False,-0.0079365079365079,-0.0158730158730158,,,-0.020952380952381,-0.023068783068783,0.0158730158730158,0.0793650793650793,-0.0016549441456351,0.0541176470588235,695.0,575.0,0.1428571428571428,-0.0015547263681592,0.0003080491673886,0.0001005287994288
2012-08-24,625.0,635.0,625.0,635.0,22000.0,635.0,635.0,638.5,642.0,643.6,643.1,False,False,False,False,False,False,False,False,False,True,False,-0.0236220472440944,-0.0472440944881889,,,-0.011023622047244,-0.0135433070866142,0.0236220472440944,0.0866141732283464,-0.0014501760928111,0.0579483163664839,705.0,575.0,4.4,-0.0018691588785047,-0.0003144325103455,0.0002047680528239
2012-08-27,640.0,640.0,630.0,630.0,23000.0,630.0,633.0,638.0,641.0,642.7333333333333,643.175,False,False,False,False,False,False,False,False,False,False,False,0.0158730158730158,-0.0317460317460317,,,-0.0174603174603174,-0.0202116402116402,0.0158730158730158,0.1349206349206349,-0.0013484078415102,0.0650470219435736,705.0,580.0,1.0454545454545454,-0.0015600624024961,0.0003090964760086,0.0001017682513009
2012-08-28,625.0,630.0,625.0,625.0,9000.0,625.0,630.0,636.0,640.4,642.3333333333334,643.225,False,False,False,False,False,False,False,False,False,False,False,0.024,-0.008,,,-0.0246399999999999,-0.0277333333333333,0.0,0.16,-0.0006227296315515,0.0786163522012578,700.0,585.0,0.391304347826087,-0.0009369144284822,0.0006231479740138,0.0007256782099586
2012-08-29,630.0,630.0,620.0,625.0,4000.0,625.0,629.0,634.5,639.8,642.4,643.125,False,False,False,False,False,False,False,True,False,True,False,0.008,0.016,,,-0.0236799999999999,-0.0278399999999999,0.0,0.152,0.0001037775010376,0.0898345153664302,695.0,570.0,0.4444444444444444,-0.0009377930603313,-8.78631849154975e-07,0.0007265071325892
2012-08-30,625.0,625.0,625.0,625.0,1000.0,625.0,628.0,633.0,640.2,642.2,643.15,False,False,False,False,False,False,True,False,False,False,False,-0.008,0.016,,,-0.02432,-0.02752,0.0,0.152,-0.0003114294612269,0.1011058451816745,690.0,600.0,0.25,0.0006248047485162,0.0015625978088476,-0.0004152069622646
2012-08-31,620.0,620.0,615.0,620.0,10000.0,620.0,625.0,630.0,639.2,642.4666666666667,643.25,False,False,False,False,False,False,False,True,False,True,False,-0.0241935483870967,0.0483870967741935,,,-0.0309677419354839,-0.036236559139785,0.0,0.1451612903225806,0.0004150669295423,0.1134920634920634,700.0,590.0,10.0,-0.0015644555694618,-0.002189260317978,0.0007264963907692
2012-09-03,620.0,640.0,615.0,640.0,23000.0,640.0,627.0,630.0,639.4,642.8666666666667,643.5,False,False,False,False,True,False,True,True,False,False,False,-0.046875,0.0234375,,,0.0009375,-0.0044791666666666,-0.015625,0.1328125,0.0006222130042517,0.123015873015873,695.0,615.0,2.3,0.0003127932436658,0.0018772488131276,0.0002071460747093
2012-09-04,635.0,640.0,635.0,640.0,8000.0,640.0,630.0,630.0,639.6,643.4666666666667,643.775,False,False,False,False,False,False,True,True,False,True,False,-0.03125,0.03125,,,0.0006249999999999,-0.0054166666666667,-0.0234375,0.171875,0.0009324492333195,0.1309523809523809,695.0,635.0,0.3478260869565217,0.0003126954346467,-9.780901910491853e-08,0.0003102362290678
2012-09-05,635.0,635.0,625.0,630.0,5000.0,630.0,631.0,630.0,638.8,644.0,644.025,False,False,False,False,False,False,False,True,False,True,False,0.0079365079365079,0.0238095238095238,,,-0.0139682539682538,-0.0222222222222222,-0.0158730158730158,0.1904761904761904,0.0008281573498964,0.1404761904761904,680.0,660.0,0.625,-0.0012523481527865,-0.0015650435874333,-0.0001042918834231
2012-09-06,620.0,620.0,620.0,620.0,15000.0,620.0,630.0,629.0,638.0,644.2666666666667,644.225,False,False,False,False,False,False,False,True,False,True,False,0.0241935483870967,0.0403225806451612,,,-0.0290322580645161,-0.0391397849462365,-0.0080645161290322,0.2016129032258064,0.0004139072847681,0.1526232114467408,675.0,655.0,3.0,-0.0012539184952977,-1.5703425111529036e-06,-0.0004142500651282
2012-09-07,620.0,620.0,605.0,605.0,28000.0,605.0,627.0,626.0,635.0,644.4666666666667,644.4,False,False,False,False,False,False,False,True,False,True,False,0.0743801652892562,0.0743801652892562,,,-0.0495867768595041,-0.0652341597796143,0.0330578512396694,0.2479338842975206,0.0003103341264095,0.1685303514376996,675.0,635.0,1.8666666666666667,-0.0047244094488188,-0.0034704909535211,-0.0001035731583586
2012-09-10,610.0,615.0,605.0,610.0,5000.0,610.0,621.0,624.0,633.4,644.7333333333333,644.65,False,False,False,False,False,False,False,True,False,False,False,0.0737704918032786,0.081967213114754,,,-0.0383606557377048,-0.0569398907103825,0.0245901639344262,0.2868852459016393,0.000413607693103,0.1834935897435897,670.0,650.0,0.1785714285714285,-0.0025260498894853,0.0021983595593335,0.0001032735666935
2012-09-11,615.0,620.0,605.0,620.0,16000.0,620.0,617.0,623.5,631.4,645.2666666666667,644.9,False,False,False,False,False,False,False,True,False,True,False,0.064516129032258,0.032258064516129,,,-0.0183870967741935,-0.0407526881720429,0.0241935483870967,0.2903225806451613,0.0008265316664944,0.1964715316760224,670.0,645.0,3.2,-0.0031675641431738,-0.0006415142536885,0.0004129239733913
2012-09-12,605.0,635.0,605.0,635.0,28000.0,635.0,618.0,624.5,631.0,646.2666666666667,645.15,False,False,False,False,True,False,False,True,False,False,False,0.0157480314960629,0.0472440944881889,,,0.0062992125984251,-0.0177427821522309,-0.0078740157480314,0.2834645669291338,0.0015473488755931,0.2097678142514011,660.0,665.0,1.75,-0.000633914421553,0.0025336497216208,0.0007208172090987
2012-09-13,635.0,635.0,635.0,635.0,2000.0,635.0,621.0,625.5,630.8,647.0666666666667,645.425,False,False,False,False,False,False,False,True,False,False,False,0.0157480314960629,0.0078740157480314,,,0.0066141732283465,-0.019002624671916,-0.0078740157480314,0.3307086614173228,0.0012363486503194,0.2278177458033573,655.0,665.0,0.0714285714285714,-0.0003170577045022,0.0003168567170507,-0.0003110002252736
2012-09-14,635.0,650.0,620.0,650.0,57000.0,650.0,630.0,628.5,631.8,648.0666666666667,645.8,False,False,False,False,False,False,True,True,True,False,False,0.0,0.0,,,0.028,0.0029743589743588,-0.0307692307692307,0.3384615384615385,0.0015430511264273,0.2474144789180588,665.0,675.0,28.5,0.0015827793605571,0.0018998370650594,0.0003067024761078
2012-09-18,650.0,655.0,650.0,655.0,26000.0,655.0,639.0,630.0,632.6,649.0666666666667,646.225,False,False,False,False,False,False,True,True,False,True,False,0.0076335877862595,-0.0229007633587786,,,0.0341984732824427,0.0090585241730279,-0.0305343511450381,0.2977099236641221,0.0015406737880032,0.2642857142857143,655.0,695.0,0.4561403508771929,0.0012646221941196,-0.0003181571664375,-2.377338424035561e-06
2012-09-19,645.0,660.0,640.0,660.0,18000.0,660.0,647.0,632.0,633.2,650.0666666666667,646.65,False,False,False,False,False,False,True,True,False,True,False,-0.0303030303030303,-0.053030303030303,,,0.0406060606060605,0.0150505050505049,-0.0378787878787878,0.3181818181818182,0.0015383037637165,0.2792721518987341,640.0,690.0,0.6923076923076923,0.0009475679090335,-0.000317054285086,-2.370024286744727e-06
2012-09-20,655.0,655.0,645.0,645.0,23000.0,645.0,649.0,633.5,633.4,651.0666666666667,647.025,False,False,False,False,False,False,True,True,False,True,False,0.0310077519379844,-0.0310077519379844,,,0.017984496124031,-0.009405684754522,-0.0232558139534883,0.3100775193798449,0.0015359410198648,0.2912391475927388,640.0,705.0,1.2777777777777777,0.0003157562361855,-0.0006318116728479,-2.362743851704735e-06
2012-09-21,655.0,655.0,645.0,645.0,3000.0,645.0,651.0,636.0,633.6,651.6666666666666,647.375,False,False,False,False,False,False,True,True,False,True,False,-0.0077519379844961,-0.0310077519379844,,,0.0176744186046511,-0.0103359173126614,-0.0387596899224806,0.2790697674418604,0.0009207161125318,0.2987421383647798,615.0,695.0,0.1304347826086956,0.0003156565656566,-9.967052891959309e-08,-0.000615224907333
2012-09-24,645.0,650.0,635.0,650.0,14000.0,650.0,651.0,640.5,633.6,652.4666666666667,647.75,False,False,False,False,False,False,False,True,False,True,False,0.0,-0.0461538461538461,,,0.0252307692307691,-0.0037948717948718,-0.0307692307692307,0.2769230769230769,0.0012261162766936,0.3013270882123341,645.0,705.0,4.666666666666667,0.0,-0.0003156565656566,0.0003054001641618
2012-09-25,650.0,660.0,645.0,660.0,49000.0,660.0,652.0,645.5,634.4,653.0666666666667,648.025,False,False,False,False,False,False,True,True,True,False,False,-0.0303030303030303,-0.0454545454545454,,,0.0387878787878788,0.0105050505050504,-0.0454545454545454,0.2651515151515151,0.0009187423438138,0.2989930286599535,635.0,705.0,3.5,0.0012610340479192,0.0012610340479192,-0.0003073739328798
2012-09-26,640.0,640.0,640.0,640.0,3000.0,640.0,648.0,647.5,634.4,653.1333333333333,648.275,False,False,False,False,False,False,False,True,False,True,False,-0.0234375,-0.0234375,,,0.00875,-0.0205208333333333,-0.015625,0.296875,0.0001020720628762,0.2996138996138996,635.0,700.0,0.0612244897959183,0.0,-0.0012610340479192,-0.0008166702809375
2012-09-27,625.0,665.0,625.0,665.0,8000.0,665.0,652.0,650.5,635.8,653.2,648.625,False,False,False,False,False,False,True,True,True,False,False,-0.0601503759398496,-0.0676691729323308,,,0.0439097744360902,0.0177443609022555,-0.0451127819548872,0.2556390977443609,0.0001020616452338,0.2966948501152959,650.0,695.0,2.6666666666666665,0.002201950298836,0.002201950298836,-1.0417642495519548e-08
2012-09-28,660.0,660.0,640.0,640.0,3000.0,640.0,651.0,651.0,636.2,653.0,648.85,False,False,False,False,False,False,True,False,False,True,False,-0.0234375,-0.0390625,,,0.0059374999999999,-0.0203125,-0.0078125,0.3046875,-0.0003062787136294,0.2941628264208909,640.0,690.0,0.375,0.000628733102798,-0.001573217196038,-0.0004083403588632
2012-10-01,650.0,650.0,650.0,650.0,3000.0,650.0,651.0,651.0,636.8,653.2,649.2,False,False,False,False,False,False,True,True,False,False,False,-0.0461538461538461,-0.0384615384615384,,,0.0203076923076923,-0.0049230769230769,0.0076923076923076,0.2923076923076923,0.0003061849357012,0.2895545314900153,680.0,700.0,1.0,0.0009422110552762,0.0003134779524782,0.0006124636493307
2012-10-02,635.0,640.0,635.0,640.0,4000.0,640.0,647.0,649.5,637.2,653.0666666666667,649.475,False,False,False,False,False,False,True,False,False,True,False,-0.015625,-0.0234375,,,0.0043749999999999,-0.0204166666666667,-0.0078125,0.3203125,-0.0002041649652919,0.2917628945342571,650.0,695.0,1.3333333333333333,0.0006277463904583,-0.0003144646648178,-0.0005103499009931
2012-10-03,630.0,630.0,625.0,625.0,32000.0,625.0,644.0,646.0,637.2,652.8,649.675,False,False,False,False,False,False,False,False,False,True,False,0.0,0.016,,,-0.01952,-0.0444799999999999,0.008,0.352,-0.0004084967320262,0.2948916408668731,670.0,695.0,8.0,0.0,-0.0006277463904583,-0.0002043317667343
2012-10-04,620.0,630.0,620.0,625.0,6000.0,625.0,636.0,644.0,637.2,652.2666666666667,649.875,False,False,False,False,False,False,False,False,False,False,False,-0.008,0.008,,,-0.01952,-0.0436266666666666,-0.008,0.376,-0.0008176614881438,0.3012422360248447,645.0,680.0,0.1875,0.0,0.0,-0.0004091647561175
2012-10-05,625.0,625.0,625.0,625.0,6000.0,625.0,633.0,642.0,637.2,651.7333333333333,650.075,False,False,False,False,False,False,False,False,False,False,False,-0.016,0.008,,,-0.01952,-0.0427733333333333,-0.016,0.376,-0.0008183306055646,0.3107476635514019,640.0,675.0,1.0,0.0,0.0,-6.69117420739598e-07
2012-10-09,630.0,630.0,620.0,620.0,6000.0,620.0,627.0,639.0,637.2,651.0,650.3,False,False,False,False,False,False,False,False,False,False,False,0.0080645161290322,0.0161290322580645,,,-0.027741935483871,-0.05,-0.0080645161290322,0.4354838709677419,-0.001126472094214,0.3262910798122065,625.0,675.0,1.0,0.0,0.0,-0.0003081414886494
2012-10-10,620.0,630.0,605.0,630.0,25000.0,630.0,625.0,636.0,636.8,650.1333333333333,650.625,False,False,False,False,False,False,False,False,False,True,False,-0.0079365079365079,0.0079365079365079,,,-0.0107936507936507,-0.0319576719576719,-0.0079365079365079,0.4603174603174603,-0.0013330598851517,0.3459119496855345,635.0,670.0,4.166666666666667,-0.0006281407035177,-0.0006281407035177,-0.0002065877909377
2012-10-12,620.0,625.0,620.0,625.0,2000.0,625.0,625.0,634.5,636.2,649.2666666666667,650.825,False,False,False,False,False,False,False,False,False,True,False,0.016,0.016,,,-0.01792,-0.0388266666666666,0.0,0.48,-0.0013348393058835,0.3640661938534279,645.0,670.0,0.08,-0.0009430996541966,-0.0003149589506789,-1.7794207317972047e-06
2012-10-15,615.0,620.0,615.0,620.0,7000.0,620.0,624.0,630.0,635.8,648.1333333333333,651.025,False,False,False,False,False,False,False,False,False,False,False,0.0161290322580645,0.0161290322580645,,,-0.0254838709677418,-0.0453763440860214,0.0241935483870967,0.5,-0.0017486113968319,0.3888888888888889,640.0,660.0,3.5,-0.0006291286568104,0.0003139709973861,-0.0004137720909483
2012-10-16,620.0,620.0,615.0,615.0,5000.0,615.0,622.0,627.5,635.6,647.0666666666667,651.2,False,False,False,False,False,False,False,False,False,False,False,0.024390243902439,0.008130081300813,,,-0.0334959349593496,-0.0521409214092141,0.073170731707317,0.4959349593495935,-0.0016484648670924,0.4079681274900398,640.0,655.0,0.7142857142857143,-0.0003146633102579,0.0003144653465525,0.0001001465297394
2012-10-17,625.0,625.0,625.0,625.0,4000.0,625.0,623.0,625.0,636.4,646.0,651.475,False,False,False,False,False,False,True,False,True,False,False,0.008,0.008,,,-0.0182399999999999,-0.0336,0.064,0.464,-0.0016511867905057,0.4256,650.0,665.0,0.8,0.0012570710245128,0.0015717343347707,-2.721923413331927e-06
2012-10-18,625.0,640.0,625.0,625.0,17000.0,625.0,622.0,623.5,637.0,644.9333333333333,651.75,False,False,False,False,False,False,True,False,False,True,False,0.016,0.008,,,-0.0192,-0.0318933333333332,0.064,0.448,-0.0016539177175936,0.4386527666399358,640.0,655.0,4.25,0.0009419152276295,-0.0003151557968832,-2.730927087873968e-06
2012-10-19,635.0,635.0,635.0,635.0,6000.0,635.0,624.0,624.5,637.6,644.0666666666667,652.1,False,False,False,False,False,False,True,False,False,True,False,0.0,-0.0078740157480314,,,-0.0040944881889764,-0.0142782152230971,0.0393700787401574,0.3622047244094488,-0.001345616395818,0.4395516413130504,640.0,640.0,0.3529411764705882,0.0009410288582183,-8.863694111947403e-07,0.0003083013217755
2012-10-22,630.0,630.0,630.0,630.0,6000.0,630.0,626.0,625.0,637.4,643.2,652.425,False,False,False,False,False,False,False,False,False,True,False,0.0,0.0079365079365079,,,-0.0117460317460317,-0.020952380952381,0.0476190476190476,0.373015873015873,-0.0013474295190713,0.4392,630.0,640.0,1.0,-0.0003137747097584,-0.0012548035679768,-1.813123253248351e-06
2012-10-23,635.0,640.0,625.0,630.0,29000.0,630.0,629.0,625.5,637.2,642.4,652.7,False,False,False,False,False,False,False,False,False,True,False,-0.0158730158730158,0.0079365079365079,,,-0.0114285714285715,-0.0196825396825396,0.0317460317460317,0.3174603174603174,-0.0012453300124534,0.4332533972821742,630.0,615.0,4.833333333333333,-0.000313873195229,-9.8485470555491e-08,0.0001020995066179
2012-10-24,630.0,635.0,610.0,630.0,47000.0,630.0,630.0,626.5,636.4,641.4666666666667,652.925,False,False,False,False,False,False,False,False,False,True,False,0.0,0.0396825396825396,,,-0.0101587301587301,-0.0182010582010582,0.0396825396825396,0.3492063492063492,-0.0014549989607149,0.4245810055865922,635.0,645.0,1.6206896551724137,-0.0012570710245129,-0.0009431978292839,-0.0002096689482615
2012-10-25,640.0,645.0,635.0,635.0,51000.0,635.0,632.0,627.0,635.6,640.6666666666666,653.175,False,False,False,False,False,False,False,False,False,True,False,-0.0078740157480314,0.0,,,-0.0009448818897638,-0.0089238845144356,0.0629921259842519,0.3307086614173228,-0.0012486992715921,0.4114832535885167,630.0,635.0,1.0851063829787233,-0.001258653241032,-1.582216519031843e-06,0.0002062996891227
2012-10-26,635.0,635.0,635.0,635.0,9000.0,635.0,632.0,628.0,634.6,639.8666666666667,653.45,False,False,False,False,True,False,False,False,False,True,False,-0.0078740157480314,-0.0078740157480314,,,0.0006299212598424,-0.0076640419947506,0.0393700787401574,0.3937007874015748,-0.0012502604709313,0.4028662420382166,625.0,635.0,0.1764705882352941,-0.0015757957768673,-0.0003171425358352,-1.561199339174691e-06
2012-10-29,635.0,635.0,620.0,630.0,22000.0,630.0,632.0,629.0,634.0,639.2,653.725,False,False,False,False,False,False,False,False,False,False,False,0.0079365079365079,-0.0158730158730158,,,-0.0063492063492063,-0.0146031746031746,0.0555555555555555,0.4047619047619047,-0.0010429703796411,0.3934817170111288,625.0,650.0,2.4444444444444446,-0.0009463722397476,0.0006294235371196,0.0002072900912902
2012-10-30,620.0,630.0,620.0,620.0,21000.0,620.0,630.0,629.5,633.0,638.4666666666667,653.9,False,False,False,False,False,False,False,False,False,True,False,0.0241935483870967,-0.0080645161290322,,,-0.0209677419354838,-0.0297849462365591,0.0725806451612903,0.4274193548387097,-0.0011485851519265,0.3868149324861001,625.0,640.0,0.9545454545454546,-0.0015797788309636,-0.0006334065912159,-0.0001056147722853
2012-10-31,620.0,630.0,620.0,630.0,9000.0,630.0,630.0,630.0,632.2,637.8666666666667,654.125,False,False,False,False,False,False,False,False,False,False,False,0.0396825396825396,-0.0238095238095238,,,-0.0034920634920635,-0.0124867724867725,0.0555555555555555,0.4365079365079365,-0.000940635451505,0.3841269841269841,620.0,680.0,0.4285714285714285,-0.0012654223347041,0.0003143564962595,0.0002079497004214
2012-11-01,620.0,630.0,620.0,630.0,25000.0,630.0,629.0,630.5,631.0,637.3333333333334,654.25,False,False,False,False,False,False,False,False,False,True,False,0.0079365079365079,-0.0079365079365079,,,-0.0015873015873015,-0.0116402116402117,0.0555555555555555,0.4126984126984127,-0.0008368200836819,0.380650277557494,640.0,650.0,2.7777777777777777,-0.0019017432646593,-0.0006363209299552,0.000103815367823
2012-11-02,630.0,635.0,625.0,630.0,9000.0,630.0,628.0,630.0,630.6,636.8,654.4,False,False,False,False,False,False,False,False,False,False,False,0.0,-0.0079365079365079,,,-0.0009523809523809,-0.0107936507936507,0.1111111111111111,0.4444444444444444,-0.0008375209380235,0.3888888888888889,640.0,670.0,0.36,-0.0006343165239454,0.0012674267407139,-7.008543416208487e-07
2012-11-05,640.0,640.0,635.0,635.0,11000.0,635.0,629.0,630.5,629.4,636.4666666666667,654.3,False,False,False,False,True,False,False,False,False,True,False,-0.0236220472440944,0.0,,,0.0088188976377953,-0.0023097112860892,0.0866141732283464,0.4173228346456692,-0.0005237247302816,0.3933386201427438,630.0,645.0,1.2222222222222223,-0.001906577693041,-0.0012722611690956,0.0003137962077419
2012-11-06,635.0,635.0,630.0,635.0,8000.0,635.0,632.0,631.0,629.2,636.2,654.3,False,False,False,False,False,False,False,False,False,False,False,-0.0314960629921259,0.0393700787401574,,,0.0091338582677164,-0.0018897637795276,0.0708661417322834,0.4015748031496063,-0.0004191554018652,0.401743264659271,620.0,640.0,0.7272727272727273,-0.0003178639542274,0.0015887137388135,0.0001045693284164
2012-11-07,655.0,665.0,650.0,655.0,102000.0,655.0,637.0,633.5,629.4,636.0666666666667,654.425,False,False,False,False,False,False,True,False,False,False,True,-0.0610687022900763,0.015267175572519,,,0.0390839694656488,0.0289058524173027,0.0534351145038167,0.3740458015267175,-0.0002096216329525,0.4041041831097079,605.0,625.0,12.75,0.00031776294884,0.0006356269030675,0.0002095337689127
2012-11-08,645.0,645.0,630.0,635.0,54000.0,635.0,638.0,633.5,629.2,635.8,654.475,False,False,False,False,False,False,False,False,False,True,False,-0.0157480314960629,0.0472440944881889,,,0.0091338582677164,-0.0012598425196849,0.1259842519685039,0.4015748031496063,-0.0004194191045403,0.4112075769534333,610.0,635.0,0.5294117647058824,-0.0003178639542274,-0.0006356269030675,-0.0002097974715878
2012-11-09,635.0,640.0,630.0,630.0,21000.0,630.0,638.0,633.0,629.4,635.6666666666666,654.425,False,False,False,False,False,False,True,False,False,False,False,-0.0079365079365079,0.0476190476190476,,,0.0009523809523809,-0.0089947089947089,0.1507936507936507,0.4206349206349206,-0.0002097535395909,0.4139020537124802,620.0,645.0,0.3888888888888889,0.00031776294884,0.0006356269030675,0.0002096655649493
2012-11-12,630.0,630.0,620.0,620.0,38000.0,620.0,635.0,632.0,629.2,635.4,654.375,False,False,False,False,False,True,False,False,False,True,False,0.0241935483870967,0.064516129032258,,,-0.0148387096774194,-0.0248387096774193,0.1612903225806451,0.4596774193548387,-0.0004196831392298,0.4193037974683544,635.0,640.0,1.809523809523809,-0.0003178639542274,-0.0006356269030675,-0.0002099295996388
2012-11-13,625.0,625.0,615.0,615.0,42000.0,615.0,631.0,631.5,628.8,635.4,654.25,False,False,False,False,False,False,False,False,False,True,False,0.073170731707317,0.056910569105691,,,-0.0224390243902438,-0.033170731707317,0.1707317073170731,0.4552845528455284,0.0,0.4220110847189232,635.0,640.0,1.105263157894737,-0.0006361323155217,-0.0003182683612942,0.0004196831392298
2012-11-14,615.0,615.0,610.0,615.0,41000.0,615.0,623.0,630.0,628.6,635.0,654.15,False,False,False,False,False,False,False,False,False,False,False,0.08130081300813,0.065040650406504,,,-0.0221138211382114,-0.032520325203252,0.1544715447154471,0.4959349593495935,-0.0006299212598424,0.4277777777777777,650.0,650.0,0.9761904761904762,-0.0003181673560291,0.0003179649594926,-0.0006299212598424
2012-11-15,615.0,625.0,615.0,625.0,25000.0,625.0,621.0,629.5,628.4,634.8666666666667,654.125,False,False,False,False,False,False,False,False,False,True,False,0.064,0.08,,,-0.0054399999999999,-0.0157866666666666,0.16,0.464,-0.0002100178515173,0.4328832406671962,655.0,640.0,0.6097560975609756,-0.0003182686187142,-1.012626851043183e-07,0.0004199034083251
2012-11-16,625.0,630.0,625.0,625.0,29000.0,625.0,620.0,629.0,628.4,634.7333333333333,654.075,False,False,False,False,False,False,False,False,False,False,False,0.056,0.056,,,-0.0054399999999999,-0.0155733333333333,0.2,0.464,-0.0002100619682806,0.4348171701112877,660.0,640.0,1.16,0.0,0.0003182686187142,-4.411676326381357e-08
2012-11-19,635.0,640.0,625.0,635.0,46000.0,635.0,623.0,629.0,629.0,634.5333333333333,654.075,False,False,False,True,True,False,True,False,False,False,False,0.0393700787401574,0.0472440944881889,,,0.0094488188976377,0.0007349081364829,0.1811023622047244,0.5354330708661418,-0.0003151922672831,0.4467408585055644,645.0,630.0,1.5862068965517242,0.0009538950715421,0.0009538950715421,-0.0001051302990024
2012-11-20,635.0,665.0,635.0,660.0,182000.0,660.0,632.0,631.5,630.8,634.8,654.175,False,False,False,False,False,False,True,True,True,False,True,-0.0151515151515151,0.0075757575757575,,,0.0442424242424243,0.0381818181818182,0.1287878787878787,0.4621212121212121,0.0004200798151648,0.4528899445764053,645.0,630.0,3.9565217391304346,0.0028535193405199,0.0018996242689777,0.0007352720824479
2012-11-21,660.0,665.0,655.0,665.0,143000.0,665.0,642.0,632.5,632.4,634.6,654.325,False,False,False,False,False,False,True,False,False,True,False,-0.0150375939849624,0.0,,,0.0490225563909774,0.0457142857142856,0.1353383458646616,0.4511278195488721,-0.0003151591553733,0.4608695652173913,650.0,635.0,0.7857142857142857,0.0025300442757748,-0.000323475064745,-0.0007352389705382
2012-11-22,665.0,665.0,655.0,665.0,112000.0,665.0,650.0,635.5,634.0,634.8,654.525,False,False,False,False,False,False,True,True,False,True,False,0.0150375939849624,0.0,,,0.0466165413533834,0.0454135338345865,0.1804511278195488,0.5263157894736842,0.0003150598613735,0.4736428009441384,660.0,630.0,0.7832167832167832,0.0025236593059937,-6.384969781135508e-06,0.0006302190167469
2012-11-26,665.0,665.0,655.0,660.0,69000.0,660.0,657.0,638.5,635.0,634.6666666666666,654.65,False,True,False,False,False,False,True,False,False,True,False,0.0,0.0606060606060606,,,0.0378787878787878,0.0383838383838384,0.2121212121212121,0.5303030303030303,-0.0002100840336134,0.4847298355520751,640.0,625.0,0.6160714285714286,0.0015748031496062,-0.0009488561563874,-0.0005251438949869
2012-11-27,655.0,660.0,655.0,660.0,19000.0,660.0,662.0,642.5,636.2,634.8666666666667,654.775,False,False,False,False,False,False,True,True,False,False,False,0.0075757575757575,0.0454545454545454,,,0.0360606060606059,0.038080808080808,0.2348484848484848,0.6590909090909091,0.0003150267772761,0.5050583657587548,665.0,625.0,0.2753623188405797,0.0018861993083936,0.0003113961587873,0.0005251108108895
2012-11-28,645.0,650.0,645.0,650.0,35000.0,650.0,660.0,646.0,637.0,635.0,654.875,False,False,False,False,False,False,True,True,False,True,False,0.023076923076923,0.0461538461538461,,,0.02,0.023076923076923,0.3,0.6461538461538462,0.0002099737532808,0.5239938080495357,640.0,625.0,1.8421052631578947,0.0012558869701726,-0.000630312338221,-0.0001050530239953
2012-11-29,650.0,655.0,650.0,655.0,18000.0,655.0,658.0,650.0,638.0,635.4,654.95,False,False,False,False,False,False,True,True,False,False,False,0.015267175572519,0.0534351145038167,,,0.0259541984732824,0.0299236641221374,0.3282442748091603,0.6183206106870229,0.0006295247088447,0.5361538461538462,650.0,620.0,0.5142857142857142,0.0015673981191222,0.0003115111489496,0.0004195509555639
2012-11-30,650.0,675.0,645.0,675.0,230000.0,675.0,660.0,655.0,639.6,635.9333333333333,655.125,False,False,False,False,False,False,True,True,False,False,False,-0.0148148148148148,0.0592592592592592,,,0.0524444444444444,0.0578765432098766,0.2592592592592592,0.5111111111111111,0.0008386623335778,0.5404580152671755,640.0,640.0,12.77777777777778,0.0025015634771732,0.000934165358051,0.0002091376247331
2012-12-03,670.0,675.0,655.0,660.0,90000.0,660.0,660.0,658.5,640.6,636.1333333333333,655.275,False,False,False,False,False,False,True,True,False,True,False,0.0606060606060606,0.0984848484848484,,,0.0293939393939393,0.0361616161616161,0.3181818181818182,0.4848484848484848,0.0003143994969608,0.5421412300683371,625.0,640.0,0.391304347826087,0.0015610365282547,-0.0009405269489185,-0.000524262836617
2012-12-04,670.0,670.0,665.0,665.0,24000.0,665.0,661.0,661.5,642.0,636.4666666666667,655.45,False,False,False,False,False,False,True,True,False,False,False,0.037593984962406,0.0827067669172932,,,0.0345864661654135,0.042907268170426,0.2706766917293233,0.4360902255639097,0.0005237247302818,0.5321239606953893,625.0,630.0,0.2666666666666666,0.0021806853582554,0.0006196488300006,0.0002093252333209
2012-12-05,665.0,665.0,660.0,665.0,8000.0,665.0,664.0,662.0,643.8,636.8,655.625,False,False,False,False,False,False,True,True,False,False,False,0.0225563909774436,0.0827067669172932,,,0.0318796992481203,0.042406015037594,0.2406015037593984,0.3533834586466165,0.0005234505862645,0.5211480362537765,625.0,620.0,0.3333333333333333,0.0027958993476234,0.0006152139893679,-2.74144017285813e-07
2012-12-06,665.0,665.0,660.0,665.0,20000.0,665.0,666.0,662.0,645.2,637.0,655.775,False,False,False,False,False,False,True,True,False,True,False,0.037593984962406,0.0676691729323308,,,0.0297744360902254,0.0421052631578947,0.2481203007518796,0.2781954887218045,0.0003139717425432,0.5037764350453172,620.0,605.0,2.5,0.0021698698078116,-0.0006260295398117,-0.0002094788437212
2012-12-07,665.0,665.0,655.0,665.0,33000.0,665.0,664.0,662.0,646.6,637.3333333333334,655.95,False,False,False,False,False,False,True,True,False,True,False,0.075187969924812,0.0902255639097744,,,0.0276691729323307,0.0416040100250626,0.2556390977443609,0.3383458646616541,0.0005230125523013,0.4848942598187311,630.0,610.0,1.65,0.0021651716671821,-4.69814062952368e-06,0.000209040809758
2012-12-10,660.0,700.0,660.0,700.0,374000.0,700.0,672.0,666.0,649.4,638.1333333333333,656.3,False,False,False,False,False,False,True,True,False,False,True,0.0357142857142857,0.0714285714285714,,,0.0722857142857143,0.0883809523809524,0.1857142857142857,0.3,0.0012536564981194,0.4609609609609609,625.0,620.0,11.333333333333334,0.0043116723129041,0.002146500645722,0.0007306439458181
2012-12-11,695.0,700.0,675.0,690.0,53000.0,690.0,677.0,669.0,651.6,638.9333333333333,656.6,False,False,False,False,False,False,True,True,False,True,False,0.0434782608695652,0.0869565217391304,,,0.0556521739130434,0.0740096618357488,0.2101449275362318,0.3405797101449275,0.0012520868113521,0.4289985052316891,620.0,635.0,0.141711229946524,0.0033763044812769,-0.0009353678316272,-1.5696867672614252e-06
2012-12-12,690.0,690.0,675.0,680.0,38000.0,680.0,680.0,672.0,653.4,639.6,656.7,False,False,False,False,False,False,True,True,False,True,False,0.0588235294117647,0.0955882352941176,,,0.0391176470588235,0.0594117647058823,0.2279411764705882,0.3970588235294117,0.0010423181154889,0.4047619047619047,615.0,635.0,0.7169811320754716,0.002754820936639,-0.0006214835446378,-0.0002097686958632
2012-12-13,685.0,690.0,675.0,690.0,52000.0,690.0,685.0,675.5,654.8,640.3333333333334,656.575,False,False,False,False,False,False,True,True,False,True,False,0.0289855072463768,0.0942028985507246,,,0.0510144927536232,0.0719806763285023,0.217391304347826,0.3768115942028985,0.0011452368558042,0.3811991117690599,625.0,650.0,1.368421052631579,0.0021380574221135,-0.0006167635145254,0.0001029187403153
2012-12-14,690.0,720.0,690.0,715.0,136000.0,715.0,695.0,679.5,658.0,641.4666666666667,656.525,False,False,False,False,False,False,True,True,False,False,False,0.0139860139860139,0.0979020979020979,,,0.0797202797202797,0.1028438228438228,0.1818181818181818,0.3636363636363636,0.0017667844522968,0.3664459161147902,625.0,655.0,2.6153846153846154,0.0048632218844985,0.0027251644623849,0.0006215475964925
2012-12-17,730.0,745.0,715.0,725.0,154000.0,725.0,700.0,686.0,661.8,642.8,656.55,False,False,False,False,False,False,True,True,False,False,False,0.0344827586206896,0.1034482758620689,,,0.0871724137931035,0.1133793103448276,0.1655172413793103,0.3241379310344827,0.002074258452603,0.3505830903790087,635.0,660.0,1.1323529411764706,0.0057419159867028,0.0008786941022043,0.0003074740003062
2012-12-18,725.0,730.0,710.0,720.0,95000.0,720.0,706.0,691.5,665.8,644.0666666666667,656.65,False,False,False,False,False,False,True,True,False,False,False,0.0416666666666666,0.1319444444444444,,,0.0752777777777778,0.1054629629629628,0.1944444444444444,0.3194444444444444,0.0019666701169652,0.339117859725235,630.0,645.0,0.6168831168831169,0.0060078101531991,0.0002658941664962,-0.0001075883356378
2012-12-19,725.0,725.0,720.0,720.0,93000.0,720.0,714.0,697.0,670.0,645.3333333333334,656.7,False,False,False,False,False,False,True,True,False,False,False,0.0347222222222222,0.1736111111111111,,,0.0694444444444444,0.1037037037037036,0.1944444444444444,0.2916666666666667,0.0019628099173553,0.3328550932568149,630.0,645.0,0.9789473684210528,0.0062686567164179,0.0002608465632188,-3.860199609921969e-06
2012-12-20,725.0,725.0,705.0,710.0,91000.0,710.0,718.0,701.5,673.8,646.5333333333333,656.775,False,False,False,False,False,False,True,True,False,True,False,0.0633802816901408,0.2253521126760563,,,0.0509859154929578,0.0893896713615023,0.2535211267605634,0.2957746478873239,0.0018560527943904,0.3342836778332145,630.0,650.0,0.978494623655914,0.0056396556841792,-0.0006290010322387,-0.0001067571229648
2012-12-21,720.0,735.0,710.0,725.0,118000.0,725.0,720.0,707.5,677.8,647.6666666666666,656.95,False,False,False,False,False,False,True,True,False,False,False,0.0827586206896551,0.1724137931034483,,,0.0651034482758621,0.1066666666666667,0.2689655172413793,0.3034482758620689,0.0017498713329902,0.3307420494699646,635.0,660.0,1.2967032967032968,0.0059014458542342,0.000261790170055,-0.0001061814614002
2012-12-25,730.0,750.0,730.0,750.0,155000.0,750.0,725.0,712.5,682.8,649.1333333333333,657.2,False,False,False,False,False,False,True,True,False,False,False,0.0666666666666666,0.16,,,0.0896,0.1344888888888889,0.2333333333333333,0.2266666666666666,0.0022594228201705,0.3228070175438596,635.0,640.0,1.3135593220338984,0.0073227885178676,0.0014213426636333,0.0005095514871803
2012-12-26,750.0,750.0,735.0,750.0,112000.0,750.0,731.0,718.5,687.4,650.7333333333333,657.45,False,False,False,False,False,False,True,True,False,True,False,0.0866666666666666,0.1266666666666666,,,0.0834666666666667,0.1323555555555555,0.24,0.2266666666666666,0.0024587644708534,0.3110647181628392,630.0,665.0,0.7225806451612903,0.0066918824556299,-0.0006309060622376,0.0001993416506829
2012-12-27,750.0,765.0,745.0,745.0,109000.0,745.0,736.0,725.0,690.8,652.4,657.75,False,False,False,False,False,False,True,True,False,True,False,0.1342281879194631,0.1073825503355704,,,0.072751677852349,0.1242953020134228,0.2348993288590604,0.3020134228187919,0.0025546699366441,0.3020689655172414,620.0,640.0,0.9732142857142856,0.004921829762594,-0.0017700526930358,9.590546579069667e-05
2012-12-28,745.0,755.0,735.0,755.0,48000.0,755.0,745.0,731.5,694.4,654.4,658.0,False,False,False,False,False,False,True,True,False,False,False,0.152317880794702,0.0993377483443708,,,0.0802649006622516,0.1332450331125828,0.2119205298013245,0.2913907284768212,0.0030562347188264,0.2939166097060834,630.0,650.0,0.4403669724770642,0.005184331797235,0.0002625020346409,0.0005015647821822
2013-01-04,765.0,795.0,760.0,785.0,130000.0,785.0,757.0,738.5,699.2,656.7333333333333,658.425,False,False,False,False,False,False,True,True,False,False,False,0.0828025477707006,0.0636942675159235,,,0.1092993630573247,0.1633970276008492,0.1528662420382165,0.2484076433121019,0.0035529387879403,0.2823290453622207,630.0,640.0,2.708333333333333,0.0068649885583524,0.0016806567611174,0.0004967040691139
2013-01-07,780.0,805.0,775.0,800.0,157000.0,800.0,767.0,746.0,704.8,659.1333333333333,658.85,False,False,False,False,False,False,True,True,False,False,False,0.0875,0.0375,,,0.119,0.1760833333333333,0.08125,0.2625,0.003641144937797,0.2761394101876676,630.0,625.0,1.2076923076923076,0.0079455164585696,0.0010805279002171,8.82061498567047e-05
2013-01-08,805.0,815.0,790.0,815.0,110000.0,815.0,780.0,755.5,711.0,661.5333333333333,659.4,False,False,False,False,False,False,True,True,False,False,False,0.0368098159509202,0.0245398773006134,,,0.1276073619631902,0.1883026584867076,0.0613496932515337,0.2269938650306748,0.003627935100272,0.2667107875579086,635.0,625.0,0.7006369426751592,0.0087201125175809,0.0007745960590112,-1.3209837525012154e-05
2013-01-09,810.0,865.0,800.0,845.0,221000.0,845.0,800.0,768.0,718.8,664.3333333333334,660.15,False,False,False,False,False,False,True,True,False,False,False,-0.0236686390532544,-0.0118343195266272,,,0.1493491124260355,0.2138067061143983,-0.0177514792899408,0.1834319526627219,0.0042147516307075,0.2552083333333333,635.0,625.0,2.0090909090909093,0.0108514190317194,0.0021313065141385,0.0005868165304355
2013-01-10,850.0,870.0,850.0,870.0,93000.0,870.0,823.0,784.0,727.4,667.2666666666667,661.0,False,False,False,False,False,False,True,True,False,False,False,-0.0459770114942528,-0.0344827586206896,,,0.1639080459770115,0.2330268199233716,-0.0229885057471264,0.1264367816091954,0.0043960435607952,0.2372448979591837,655.0,620.0,0.420814479638009,0.0118229309870772,0.0009715119553578,0.0001812919300876
2013-01-11,875.0,880.0,850.0,850.0,107000.0,850.0,836.0,796.5,734.4,669.8666666666667,661.825,False,False,False,False,False,False,True,True,False,True,False,-0.0176470588235294,-0.0058823529411764,,,0.136,0.2119215686274509,-0.0058823529411764,0.1529411764705882,0.0038813694267516,0.2222222222222222,635.0,630.0,1.1505376344086022,0.0095315904139433,-0.0022913405731339,-0.0005146741340435
2013-01-15,860.0,870.0,850.0,870.0,56000.0,870.0,850.0,808.5,742.8,672.6666666666666,662.7,False,False,False,False,False,False,True,True,False,False,False,-0.0459770114942528,-0.028735632183908,,,0.1462068965517242,0.2268199233716475,0.0172413793103448,0.160919540229885,0.0041625371655103,0.2152133580705009,630.0,625.0,0.5233644859813084,0.011308562197092,0.0017769717831486,0.0002811677387587
2013-01-16,865.0,870.0,805.0,845.0,206000.0,845.0,856.0,818.0,750.0,675.3333333333334,663.45,False,False,False,False,False,False,True,True,False,True,False,-0.0118343195266272,0.0177514792899408,,,0.1124260355029585,0.2007889546351084,0.0473372781065088,0.2485207100591716,0.0039486673247779,0.2176039119804401,620.0,620.0,3.678571428571429,0.0096,-0.0017085621970919,-0.0002138698407323
2013-01-17,825.0,845.0,795.0,825.0,133000.0,825.0,852.0,826.0,756.4,677.7333333333333,664.05,False,False,False,False,False,False,True,True,False,True,False,0.0121212121212121,0.0424242424242424,,,0.0831515151515151,0.1785050505050505,0.0727272727272727,0.2727272727272727,0.0035412158174306,0.2154963680387409,615.0,615.0,0.6456310679611651,0.0084611316763616,-0.0011388683236383,-0.0004074515073473
2013-01-18,835.0,835.0,825.0,830.0,61000.0,830.0,844.0,833.5,763.0,680.1333333333333,664.625,False,False,False,False,False,False,True,True,False,False,False,0.0120481927710843,0.072289156626506,,,0.080722891566265,0.1805622489959839,0.0903614457831325,0.1626506024096385,0.0035287198588511,0.2033593281343731,615.0,625.0,0.4586466165413533,0.0086500655307995,0.0001889338544378,-1.2495958579445377e-05
2013-01-21,835.0,840.0,830.0,835.0,49000.0,835.0,841.0,838.5,769.8,682.4666666666667,665.2,False,False,False,False,False,False,True,True,False,False,False,0.0119760479041916,0.1017964071856287,,,0.0780838323353294,0.1826746506986027,0.0658682634730539,0.1736526946107784,0.0034189704014848,0.1961836612999403,625.0,625.0,0.8032786885245902,0.0088334632372044,0.0001833977064049,-0.0001097494573663
2013-01-22,840.0,845.0,830.0,830.0,37000.0,830.0,833.0,841.5,775.0,685.0,665.75,False,False,False,False,False,False,True,True,False,True,False,0.0180722891566265,0.1144578313253012,,,0.0662650602409638,0.1746987951807229,0.0963855421686747,0.1626506024096385,0.0036982968369829,0.1865715983363042,625.0,635.0,0.7551020408163265,0.0067096774193548,-0.0021237858178495,0.000279326435498
2013-01-23,825.0,840.0,805.0,835.0,128000.0,835.0,831.0,843.5,780.8,687.2666666666667,666.35,False,False,False,False,False,False,True,True,False,False,False,0.029940119760479,0.1137724550898203,,,0.0649101796407186,0.1769261477045908,0.0778443113772455,0.1257485029940119,0.0032980890484042,0.1766449318316538,635.0,630.0,3.45945945945946,0.0074282786885245,0.0007186012691696,-0.0004002077885786
2013-01-24,830.0,840.0,825.0,835.0,33000.0,835.0,833.0,842.5,787.0,689.8666666666667,667.0,False,False,False,False,False,False,True,True,False,False,False,0.029940119760479,0.1017964071856287,,,0.0574850299401197,0.173812375249501,0.0658682634730539,0.1017964071856287,0.0037688442211055,0.1685459940652819,660.0,630.0,0.2578125,0.0078780177890724,0.0004497391005479,0.0004707551727012
2013-01-25,835.0,840.0,835.0,840.0,42000.0,840.0,835.0,839.5,793.0,692.4,667.7,False,False,False,False,False,False,True,True,False,True,False,0.0595238095238095,0.0892857142857142,,,0.0559523809523809,0.1757142857142857,0.0714285714285714,0.1428571428571428,0.0036587714230694,0.1703394877903514,665.0,630.0,1.2727272727272727,0.0075662042875157,-0.0003118135015567,-0.000110072798036
2013-01-28,840.0,860.0,840.0,845.0,85000.0,845.0,837.0,839.0,798.2,695.1333333333333,668.4,False,False,False,False,False,False,True,True,False,True,False,0.0887573964497041,0.0710059171597633,,,0.0553846153846153,0.1773570019723866,0.0532544378698224,0.1479289940828402,0.0039320993574374,0.1698450536352801,665.0,635.0,2.023809523809524,0.006514657980456,-0.0010515463070596,0.0002733279343679
2013-01-29,845.0,850.0,840.0,845.0,49000.0,845.0,840.0,836.5,803.0,698.0666666666667,669.1,False,False,False,False,False,False,True,True,False,True,False,0.0946745562130177,0.0236686390532544,,,0.0497041420118343,0.1738856015779092,0.059171597633136,0.165680473372781,0.0042020819405979,0.1703526598924088,660.0,635.0,0.5764705882352941,0.0059775840597757,-0.0005370739206802,0.0002699825831604
2013-01-30,850.0,860.0,850.0,860.0,52000.0,860.0,845.0,838.0,808.6,701.2,669.925,False,False,False,False,False,False,True,True,False,False,False,0.0813953488372093,0.005813953488372,,,0.059767441860465,0.1846511627906976,0.0523255813953488,0.1802325581395348,0.0044685301388096,0.1634844868735083,660.0,630.0,1.0612244897959184,0.0069255503339104,0.0009479662741347,0.0002664481982117
2013-01-31,855.0,860.0,840.0,860.0,56000.0,860.0,850.0,841.5,814.2,704.3333333333334,670.85,False,False,False,False,False,False,True,True,False,True,False,0.0697674418604651,-0.0348837209302325,,,0.0532558139534883,0.1810077519379844,0.0406976744186046,0.0813953488372093,0.0044486512068149,0.1443850267379679,650.0,620.0,1.0769230769230769,0.0068779169737165,-4.763336019393116e-05,-1.9878931994704585e-05
2013-02-01,855.0,895.0,855.0,890.0,200000.0,890.0,860.0,847.5,821.4,707.9333333333333,671.875,False,False,False,False,False,False,True,True,False,False,False,0.0280898876404494,-0.0449438202247191,,,0.0770786516853932,0.2045692883895131,0.0337078651685393,0.0505617977528089,0.0050852245974195,0.1327433628318584,655.0,630.0,3.571428571428572,0.0087655222790357,0.0018876053053191,0.0006365733906046
2013-02-04,905.0,945.0,905.0,920.0,290000.0,920.0,875.0,856.0,829.2,711.8,673.025,False,False,False,False,False,False,True,True,False,False,False,-0.0163043478260869,-0.0815217391304347,,,0.0986956521739129,0.226304347826087,-0.0054347826086956,0.0054347826086956,0.0054322375199026,0.1150700934579439,675.0,630.0,1.45,0.0094066570188133,0.0006411347397776,0.000347012922483
2013-02-05,900.0,930.0,900.0,925.0,95000.0,925.0,891.0,865.5,836.2,715.8,674.225,False,False,False,False,False,False,True,True,False,True,False,-0.0648648648648648,-0.0432432432432432,,,0.0959999999999999,0.2261621621621622,-0.0108108108108108,0.0,0.0055881531153953,0.0982091276718659,660.0,630.0,0.3275862068965517,0.0083712030614685,-0.0010354539573448,0.0001559155954927
2013-02-06,930.0,945.0,920.0,930.0,122000.0,930.0,905.0,875.0,843.4,719.9333333333333,675.525,False,False,False,False,False,False,True,True,False,False,False,-0.0698924731182795,-0.0483870967741935,,,0.0931182795698924,0.2258781362007169,0.0483870967741935,0.010752688172043,0.0057412723400314,0.0862857142857142,665.0,635.0,1.2842105263157897,0.008536874555371,0.0001656714939024,0.0001531192246361
2013-02-07,930.0,940.0,910.0,920.0,81000.0,920.0,917.0,883.5,850.4,724.0,676.65,False,False,False,False,False,False,True,True,False,True,False,-0.0978260869565217,-0.0380434782608695,,,0.0756521739130435,0.2130434782608695,0.0489130434782608,-0.0217391304347826,0.0056169429097606,0.0735710243350311,665.0,635.0,0.6639344262295082,0.0082314205079962,-0.0003054540473747,-0.0001243294302708
2013-02-08,920.0,925.0,900.0,915.0,87000.0,915.0,922.0,891.0,856.8,727.8666666666667,677.8,False,False,False,False,False,False,True,True,False,True,False,-0.0710382513661202,-0.0109289617486338,,,0.0636065573770492,0.2045173041894353,0.0546448087431694,-0.0109289617486338,0.00531232826525,0.058361391694725,665.0,655.0,1.0740740740740742,0.007469654528478,-0.0007617659795182,-0.0003046146445106
2013-02-12,925.0,940.0,890.0,905.0,146000.0,905.0,919.0,897.0,861.6,731.6,679.0,False,False,False,False,False,False,True,True,False,True,False,-0.0662983425414364,-0.0165745856353591,,,0.0479558011049723,0.1916022099447513,0.1215469613259668,-0.0276243093922651,0.0051029706579187,0.0412486064659977,665.0,635.0,1.6781609195402298,0.0055710306406686,-0.0018986238878094,-0.0002093576073313
2013-02-13,885.0,910.0,860.0,865.0,130000.0,865.0,907.0,899.0,864.2,734.6666666666666,680.025,False,False,False,False,False,False,True,True,False,True,False,0.0231213872832369,0.0520231213872832,,,0.0009248554913294,0.1506743737957611,0.1676300578034682,0.0231213872832369,0.004174228675136,0.0278086763070077,700.0,630.0,0.8904109589041096,0.0030085628326776,-0.0025624678079909,-0.0009287419827827
2013-02-14,855.0,875.0,855.0,865.0,61000.0,865.0,894.0,899.5,866.2,737.8,681.05,False,False,False,False,False,False,True,True,False,True,False,0.0231213872832369,0.0404624277456647,,,-0.0013872832369942,0.1470520231213873,0.2658959537572254,0.0462427745664739,0.0042468600343363,0.0150083379655364,690.0,620.0,0.4692307692307692,0.0023089355806972,-0.0006996272519803,7.263135920027117e-05
2013-02-15,865.0,880.0,810.0,830.0,100000.0,830.0,876.0,896.5,865.6,740.4666666666667,681.75,False,False,False,False,False,False,False,True,False,True,False,0.0662650602409638,0.072289156626506,,,-0.0428915662650602,0.107871485943775,0.2891566265060241,0.0602409638554216,0.0036013324930225,0.0128276631344116,680.0,615.0,1.639344262295082,-0.0006931608133087,-0.003002096394006,-0.0006455275413137
2013-02-18,830.0,855.0,830.0,850.0,50000.0,850.0,863.0,892.5,864.8,743.4,682.55,False,False,False,False,False,False,False,True,False,True,False,0.0647058823529411,0.0588235294117647,,,-0.0174117647058823,0.1254117647058824,0.2470588235294117,-0.0117647058823529,0.0039458344543089,0.0067226890756302,690.0,615.0,0.5,-0.0009250693802035,-0.0002319085668948,0.0003445019612864
2013-02-19,845.0,855.0,845.0,845.0,70000.0,845.0,851.0,885.0,864.6,746.2,683.275,False,False,False,False,False,False,False,True,False,False,False,0.0532544378698224,0.0532544378698224,,,-0.0231952662721893,0.1169230769230768,0.2071005917159763,0.0118343195266272,0.0037523452157599,0.0073446327683615,715.0,625.0,1.4,-0.0002313208420077,0.0006937485381958,-0.000193489238549
2013-02-20,860.0,900.0,860.0,885.0,78000.0,885.0,855.0,881.0,865.2,749.5333333333333,684.2,False,False,False,False,True,False,True,True,False,False,False,0.0282485875706214,0.0112994350282485,,,0.0223728813559321,0.1530696798493409,0.1073446327683615,-0.0056497175141242,0.0044472115983277,0.0068104426787741,725.0,625.0,1.1142857142857143,0.0006934812760055,0.0009248021180133,0.0006948663825678
2013-02-21,890.0,890.0,880.0,885.0,41000.0,885.0,859.0,876.5,866.8,752.9333333333333,684.95,False,False,False,False,False,False,True,True,True,False,False,0.0169491525423728,0.0225988700564971,,,0.0205649717514124,0.1492278719397364,0.0790960451977401,-0.0282485875706214,0.0045156720382503,0.0028522532800912,720.0,635.0,0.5256410256410257,0.0018458698661743,0.0011523885901687,6.846043992262112e-05
2013-02-22,885.0,885.0,875.0,885.0,20000.0,885.0,870.0,873.0,869.2,756.4666666666667,685.725,False,False,False,False,False,False,True,True,False,False,False,0.0056497175141242,0.0112994350282485,,,0.0178531073446327,0.1452354048964218,0.0169491525423728,-0.0564971751412429,0.0046708381069887,-0.0005727376861397,720.0,660.0,0.4878048780487805,0.0027611596870686,0.0009152898208943,0.0001551660687383
2013-02-25,895.0,905.0,895.0,905.0,139000.0,905.0,881.0,872.0,872.2,760.1333333333333,686.6,False,False,False,False,False,False,True,True,False,False,False,-0.005524861878453,0.0165745856353591,,,0.0362430939226518,0.160073664825046,-0.0607734806629834,-0.0497237569060773,0.004823715137695,-0.0045871559633027,710.0,665.0,6.95,0.0034395780784223,0.0006784183913537,0.0001528770307063
2013-02-26,885.0,900.0,880.0,890.0,33000.0,890.0,890.0,870.5,874.4,763.6,687.4,False,False,False,False,False,False,True,True,False,True,False,0.0,0.0280898876404494,,,0.0175280898876404,0.1420224719101123,0.0,0.0,0.0045398987253361,-0.0017231476163124,725.0,665.0,0.237410071942446,0.0025160109789569,-0.0009235670994654,-0.0002838164123589
2013-02-27,900.0,910.0,870.0,910.0,56000.0,910.0,895.0,875.0,877.6,767.3333333333334,688.4,False,False,False,False,False,False,True,True,False,False,True,-0.0164835164835164,0.0054945054945054,,,0.0356043956043955,0.1567765567765567,0.0,-0.0109890109890109,0.0048653344917463,-0.0051428571428571,750.0,660.0,1.696969696969697,0.0036463081130356,0.0011302971340786,0.0003254357664101
2013-02-28,905.0,910.0,890.0,900.0,32000.0,900.0,898.0,878.5,880.2,770.8666666666667,689.325,False,False,False,False,False,False,True,True,False,True,False,0.0055555555555555,0.0833333333333333,,,0.0219999999999999,0.1434814814814814,0.0277777777777777,0.0111111111111111,0.0045835855746778,-0.0085372794536141,750.0,660.0,0.5714285714285714,0.0029538741195183,-0.0006924339935172,-0.0002817489170685
2013-03-01,895.0,905.0,890.0,890.0,31000.0,890.0,899.0,884.5,882.4,774.2666666666667,690.225,False,False,False,False,False,False,True,True,False,True,False,0.0056179775280898,0.0842696629213483,,,0.0085393258426966,0.1300374531835206,0.0674157303370786,0.0280898876404494,0.004391251937317,-0.0113058224985867,745.0,650.0,0.96875,0.0024932003626472,-0.000460673756871,-0.0001923336373608
2013-03-04,895.0,910.0,885.0,900.0,93000.0,900.0,898.0,889.5,884.8,777.5333333333333,691.2,False,False,False,False,False,False,True,True,False,False,False,0.0222222222222222,0.0722222222222222,,,0.0168888888888889,0.1360740740740741,0.0555555555555555,0.0,0.0042013204149875,-0.0101180438448566,755.0,655.0,3.0,0.0027124773960216,0.0002192770333744,-0.0001899315223294
2013-03-05,900.0,905.0,890.0,890.0,55000.0,890.0,898.0,894.0,886.6,780.9333333333333,692.175,False,False,False,False,False,False,True,True,False,True,False,0.0280898876404494,0.1404494382022472,,,0.003820224719101,0.1225468164794008,0.095505617977528,0.0056179775280898,0.0043537647259688,-0.0106263982102908,785.0,675.0,0.5913978494623656,0.0020302278366795,-0.0006822495593421,0.0001524443109813
2013-03-06,895.0,900.0,895.0,895.0,35000.0,895.0,895.0,895.0,888.6,784.4666666666667,693.375,False,False,False,False,False,False,True,True,False,False,False,0.0223463687150838,0.1284916201117318,,,0.0071508379888267,0.1235009310986964,0.0726256983240223,-0.0111731843575419,0.0045041216962693,-0.0111731843575419,800.0,660.0,0.6363636363636364,0.0022507314877335,0.0002205036510539,0.0001503569703004
2013-03-07,905.0,905.0,900.0,905.0,48000.0,905.0,896.0,897.0,890.4,788.2666666666667,694.8,False,False,False,False,False,False,True,True,False,True,False,0.0773480662983425,0.2099447513812154,,,0.0161325966850829,0.1289871086556169,0.0497237569060773,-0.0607734806629834,0.0048207036535858,-0.0144927536231884,815.0,665.0,1.3714285714285714,0.002021563342318,-0.0002291681454155,0.0003165819573165
2013-03-08,905.0,905.0,895.0,895.0,38000.0,895.0,897.0,898.0,891.8,792.0,696.075,False,False,False,False,False,False,True,True,False,True,False,0.0782122905027933,0.1955307262569832,,,0.0035754189944134,0.1150837988826815,0.0391061452513966,-0.0335195530726257,0.0047138047138047,-0.0122494432071269,845.0,665.0,0.7916666666666666,0.0015698587127158,-0.0004517046296021,-0.0001068989397811
2013-03-11,910.0,935.0,910.0,920.0,152000.0,920.0,901.0,899.5,893.0,796.0666666666667,697.675,False,False,False,False,False,False,True,True,False,True,False,0.0489130434782608,0.1521739130434782,,,0.0293478260869565,0.1347101449275361,0.0,-0.0271739130434782,0.0051084498785697,-0.0100055586436909,870.0,665.0,4.0,0.0013437849944009,-0.0002260737183148,0.0003946451647649
2013-03-12,920.0,925.0,905.0,915.0,88000.0,915.0,906.0,902.0,892.8,799.9333333333333,699.2,False,False,False,False,False,False,False,True,False,True,False,0.1092896174863388,0.1147540983606557,,,0.0242622950819672,0.1257559198542805,0.0327868852459016,-0.0109289617486338,0.0048337361446785,-0.0110864745011086,850.0,665.0,0.5789473684210527,-0.0002240143369176,-0.0015677993313185,-0.0002747137338911
2013-03-13,925.0,930.0,910.0,915.0,59000.0,915.0,910.0,902.5,892.4,803.8,700.8,False,False,False,False,False,False,False,True,False,True,False,0.1038251366120218,0.0710382513661202,,,0.0246994535519125,0.1215300546448087,0.0054644808743169,0.0,0.0048104835365348,-0.009972299168975,870.0,700.0,0.6704545454545454,-0.0004482294935006,-0.000224215156583,-2.3252608143788447e-05
2013-03-14,920.0,975.0,920.0,975.0,223000.0,975.0,924.0,910.0,894.2,808.3333333333334,702.725,False,False,False,False,False,False,True,True,True,False,True,0.123076923076923,-0.0205128205128205,,,0.0828717948717948,0.1709401709401709,-0.0564102564102564,-0.0717948717948717,0.0056082474226805,-0.0186813186813186,845.0,690.0,3.7796610169491527,0.002012972489376,0.0024612019828767,0.0007977638861457
2013-03-15,975.0,980.0,955.0,965.0,148000.0,965.0,938.0,917.5,896.0,812.4,704.55,False,False,False,False,False,False,True,True,False,True,False,0.1088082901554404,-0.0673575129533678,,,0.0715025906735751,0.1581347150259067,0.005181347150259,-0.0673575129533678,0.0050057442967338,-0.0283378746594005,825.0,680.0,0.6636771300448431,0.0020089285714285,-4.043917947534406e-06,-0.0006025031259466
2013-03-18,965.0,985.0,965.0,965.0,74000.0,965.0,947.0,924.0,898.0,816.4,706.425,False,False,False,False,False,False,True,True,False,False,False,0.0984455958549222,-0.1191709844559585,,,0.0694300518134715,0.1539896373056995,0.0103626943005181,-0.0466321243523316,0.0048995590396864,-0.033008658008658,830.0,690.0,0.5,0.0022271714922048,0.0002182429207763,-0.0001061852570474
2013-03-19,980.0,1015.0,975.0,1015.0,202000.0,1015.0,967.0,936.5,902.4,821.0666666666667,708.55,False,False,False,False,False,False,True,True,False,False,False,0.0049261083743842,-0.1231527093596059,,,0.110935960591133,0.1910673234811165,-0.0344827586206896,-0.0935960591133004,0.0056836635271192,-0.0432461292044847,835.0,715.0,2.72972972972973,0.0048758865248226,0.0026487150326177,0.0007841044874328
2013-03-21,1025.0,1030.0,1000.0,1010.0,106000.0,1010.0,986.0,948.0,908.2,825.7333333333333,710.7,False,False,False,False,False,False,True,True,False,False,False,-0.0297029702970297,-0.099009900990099,,,0.1007920792079207,0.1824422442244224,0.0,-0.0792079207920792,0.0056515420636201,-0.0501054852320675,830.0,725.0,0.5247524752475248,0.0063862585333627,0.0015103720085401,-3.212146349911623e-05
2013-03-22,1015.0,1095.0,1000.0,1095.0,210000.0,1095.0,1010.0,967.0,917.4,831.5333333333333,713.375,False,False,False,False,False,False,True,True,False,False,False,-0.1278538812785388,-0.1552511415525114,,,0.1621917808219178,0.2406088280060883,-0.0867579908675799,-0.1232876712328767,0.0069750661428685,-0.0573940020682523,835.0,720.0,1.981132075471698,0.0100283409635926,0.0036420824302299,0.0013235240792483
2013-03-25,1070.0,1100.0,1060.0,1070.0,195000.0,1070.0,1031.0,984.5,927.0,837.1333333333333,715.85,False,False,False,False,False,False,True,True,False,False,False,-0.1588785046728972,-0.1121495327102803,,,0.1336448598130841,0.2176323987538941,-0.0654205607476635,-0.1214953271028037,0.0066894958987019,-0.0665312341289994,835.0,720.0,0.9285714285714286,0.0103559870550162,0.0003276460914235,-0.0002855702441665
2013-03-26,1060.0,1110.0,1060.0,1060.0,86000.0,1060.0,1050.0,998.5,935.4,842.5333333333333,718.275,False,False,False,False,False,False,True,True,False,True,False,-0.1981132075471698,-0.1037735849056603,,,0.1175471698113207,0.2051572327044025,-0.0754716981132075,-0.1132075471698113,0.0064092419686659,-0.0751126690035052,840.0,710.0,0.441025641025641,0.0089801154586273,-0.0013758715963889,-0.000280253930036
2013-03-27,1035.0,1045.0,1005.0,1020.0,101000.0,1020.0,1051.0,1009.0,942.4,847.1333333333333,720.475,False,False,False,False,False,False,True,True,False,True,False,-0.1274509803921568,-0.0441176470588235,,,0.076078431372549,0.1694771241830065,-0.0392156862745098,-0.0735294117647058,0.0054300779098135,-0.0807730426164519,845.0,725.0,1.1744186046511629,0.007427843803056,-0.0015522716555712,-0.0009791640588523
2013-03-28,1010.0,1010.0,965.0,980.0,85000.0,980.0,1045.0,1015.5,946.2,851.4,722.45,False,False,False,False,False,False,True,True,False,True,False,-0.0714285714285714,-0.0204081632653061,,,0.0344897959183673,0.1312244897959184,0.0306122448979591,-0.0357142857142857,0.0050113538485631,-0.0837026095519448,845.0,750.0,0.8415841584158416,0.0040160642570281,-0.0034117795460278,-0.0004187240612503
2013-03-29,975.0,975.0,950.0,955.0,89000.0,955.0,1017.0,1013.5,949.0,855.2666666666667,724.375,False,False,False,False,False,False,True,True,False,True,False,-0.031413612565445,-0.0052356020942408,,,0.006282722513089,0.1044328097731239,0.1047120418848167,0.0052356020942408,0.0045210070933042,-0.0764676862358164,860.0,750.0,1.0470588235294118,0.0029504741833508,-0.0010655900736773,-0.0004903467552588
2013-04-01,965.0,990.0,850.0,900.0,261000.0,900.0,983.0,1007.0,949.6,858.4,725.875,False,False,False,False,False,False,True,True,False,True,False,0.0555555555555555,0.0333333333333333,,,-0.0551111111111111,0.0462222222222222,0.1666666666666666,0.0333333333333333,0.0036502019260639,-0.067527308838133,860.0,745.0,2.932584269662921,0.0006318449873631,-0.0023186291959877,-0.0008708051672402
2013-04-02,875.0,900.0,845.0,850.0,153000.0,850.0,941.0,995.5,947.4,860.8666666666667,727.175,False,False,False,False,False,False,False,True,False,True,False,0.1176470588235294,0.0823529411764705,,,-0.1145882352941176,-0.0127843137254902,0.1352941176470588,0.0941176470588235,0.002865329512894,-0.0557508789552988,890.0,755.0,0.5862068965517241,-0.002322144817395,-0.0029539898047581,-0.0007848724131699
2013-04-03,880.0,890.0,870.0,890.0,137000.0,890.0,915.0,983.0,947.4,863.8666666666667,728.55,False,False,False,False,False,False,False,True,False,False,False,0.095505617977528,0.0617977528089887,,,-0.0644943820224718,0.0293632958801498,0.1011235955056179,0.0449438202247191,0.0034727581416885,-0.0427263479145473,920.0,785.0,0.8954248366013072,0.0,0.002322144817395,0.0006074286287945
2013-04-04,880.0,910.0,880.0,910.0,117000.0,910.0,901.0,973.0,947.4,866.6666666666666,729.925,False,False,False,False,False,False,False,True,False,False,False,0.0549450549450549,0.0109890109890109,,,-0.041098901098901,0.0476190476190476,0.0604395604395604,0.0164835164835164,0.0032307692307691,-0.0334018499486125,925.0,800.0,0.8540145985401459,0.0,0.0,-0.0002419889109193
2013-04-05,930.0,940.0,915.0,925.0,84000.0,925.0,895.0,956.0,948.4,869.8,731.25,False,False,False,False,False,False,True,True,True,False,False,0.027027027027027,-0.0054054054054054,,,-0.0252972972972972,0.0596756756756757,0.0162162162162162,0.0162162162162162,0.0036023606959454,-0.0183054393305439,930.0,815.0,0.717948717948718,0.0010544074230282,0.0010544074230282,0.0003715914651762
2013-04-08,940.0,960.0,940.0,950.0,123000.0,950.0,905.0,944.0,950.8,873.4,732.725,False,False,False,False,False,False,True,True,False,False,False,-0.0210526315789473,0.0210526315789473,,,-0.0008421052631578,0.0806315789473684,-0.031578947368421,-0.0105263157894736,0.0041218227616212,-0.0058262711864406,920.0,845.0,1.4642857142857142,0.0025241901556583,0.0014697827326301,0.0005194620656758
2013-04-09,965.0,980.0,950.0,950.0,93000.0,950.0,925.0,933.0,952.8,876.8666666666667,734.3,False,False,False,False,False,False,True,True,False,True,False,-0.031578947368421,0.0263157894736842,,,-0.0029473684210525,0.0769824561403508,0.0105263157894736,-0.0368421052631578,0.0039534706910971,0.0032154340836012,915.0,870.0,0.7560975609756098,0.0020990764063811,-0.0004251137492771,-0.0001683520705241
2013-04-10,955.0,990.0,955.0,975.0,56000.0,975.0,942.0,928.5,956.2,880.3333333333334,735.925,False,False,False,True,True,False,True,True,False,False,False,-0.0307692307692307,0.0051282051282051,,,0.0192820512820512,0.097094017094017,-0.0051282051282051,-0.0615384615384615,0.0039379023097311,0.0048465266558966,905.0,850.0,0.6021505376344086,0.0035557414766786,0.0014566650702974,-1.5568381365926344e-05
2013-04-11,980.0,1000.0,960.0,960.0,112000.0,960.0,952.0,926.5,958.8,883.4666666666667,737.5,False,False,False,False,False,False,True,True,False,True,False,-0.0416666666666666,0.0520833333333333,,,0.00125,0.0797222222222222,0.0260416666666666,-0.0364583333333333,0.0035466344702686,0.0048569886670264,865.0,870.0,2.0,0.002711722987067,-0.0008440184896115,-0.0003912678394625
2013-04-12,965.0,965.0,945.0,950.0,48000.0,950.0,957.0,926.0,960.6,886.5333333333333,738.925,False,False,False,False,False,False,True,True,False,True,False,-0.031578947368421,0.0526315789473684,,,-0.0111578947368421,0.0668070175438596,0.0684210526315789,-0.0105263157894736,0.0034591667919987,0.0032397408207343,865.0,845.0,0.4285714285714285,0.0018738288569644,-0.0008378941301026,-8.746767826990154e-05
2013-04-15,945.0,945.0,925.0,930.0,51000.0,930.0,953.0,929.0,962.0,889.3333333333334,740.25,False,False,False,False,False,False,True,True,False,True,True,0.043010752688172,0.075268817204301,,,-0.0344086021505376,0.0437275985663082,0.0,0.032258064516129,0.0031484257871065,0.0032292787944025,830.0,825.0,1.0625,0.0014553014553014,-0.000418527401663,-0.0003107410048922
2013-04-16,910.0,920.0,905.0,920.0,47000.0,920.0,947.0,936.0,962.0,892.1333333333333,741.475,False,False,False,False,False,False,False,True,False,True,False,0.0597826086956521,0.0652173913043478,,,-0.0456521739130434,0.0302898550724637,0.0163043478260869,0.0380434782608695,0.0031385443132565,-0.0016025641025641,850.0,830.0,0.9215686274509804,0.0,-0.0014553014553014,-9.881473849961218e-06
2013-04-17,925.0,945.0,925.0,945.0,32000.0,945.0,941.0,941.5,963.2,895.0666666666667,742.725,False,False,False,False,False,False,True,True,True,False,False,0.037037037037037,0.037037037037037,,,-0.0192592592592593,0.0528395061728394,-0.0211640211640211,0.0264550264550264,0.0032772232980784,-0.0031864046733935,845.0,835.0,0.6808510638297872,0.0012458471760797,0.0012458471760797,0.0001386789848218
2013-04-18,940.0,940.0,920.0,920.0,70000.0,920.0,933.0,942.5,963.4,897.3333333333334,743.875,False,False,False,False,False,False,True,True,False,True,False,0.0978260869565217,0.0978260869565217,,,-0.0471739130434782,0.0246376811594202,0.0054347826086956,-0.0217391304347826,0.0025260029717681,-0.0068965517241379,885.0,830.0,2.1875,0.0002075980900975,-0.0010382490859822,-0.0007512203263102
2013-04-19,925.0,935.0,920.0,920.0,36000.0,920.0,927.0,942.0,961.2,899.6,744.95,False,False,False,False,False,False,False,True,False,True,False,0.0869565217391304,0.1467391304347826,,,-0.0447826086956522,0.0221739130434782,0.0217391304347826,-0.0434782608695652,0.0025196383577886,-0.0127388535031847,885.0,835.0,0.5142857142857142,-0.0022888056595921,-0.0024964037496896,-6.364613979555154e-06
2013-04-22,940.0,970.0,940.0,970.0,93000.0,970.0,935.0,944.0,961.4,902.6,746.325,False,False,False,False,True,False,True,True,False,False,True,0.0309278350515463,0.0824742268041237,,,0.0088659793814433,0.0694845360824742,-0.0721649484536082,-0.0824742268041237,0.0033237314424994,-0.0201271186440677,885.0,835.0,2.583333333333333,0.0002080299563136,0.0024968356159057,0.0008040930847108
2013-04-23,970.0,980.0,970.0,975.0,55000.0,975.0,946.0,946.5,961.8,905.5333333333332,747.675,False,False,False,False,False,False,True,True,False,False,False,0.0051282051282051,-0.0102564102564102,,,0.0135384615384615,0.0712478632478633,-0.0717948717948717,-0.1076923076923077,0.0032393432967678,-0.0274696249339672,905.0,840.0,0.5913978494623656,0.0004158868787689,0.0002078569224553,-8.438814573161072e-05
2013-04-24,985.0,985.0,975.0,980.0,48000.0,980.0,953.0,947.0,960.4,908.1333333333332,749.05,False,False,False,False,False,False,False,True,False,True,False,0.0,0.0,,,0.02,0.0733333333333334,-0.1020408163265306,-0.1020408163265306,0.0028630157098811,-0.0316789862724392,890.0,845.0,0.8727272727272727,-0.0014577259475218,-0.0018736128262907,-0.0003763275868867
2013-04-25,985.0,1015.0,985.0,1010.0,125000.0,1010.0,971.0,952.0,960.4,910.9333333333332,750.6,False,False,False,False,False,False,False,True,False,False,True,0.0,-0.0445544554455445,,,0.0491089108910891,0.0980858085808582,-0.1237623762376237,-0.1336633663366336,0.0030737704918032,-0.042016806722689,910.0,845.0,2.6041666666666665,0.0,0.0014577259475218,0.0002107547819221
2013-04-26,1010.0,1020.0,995.0,1000.0,82000.0,1000.0,987.0,957.0,956.6,913.4,752.125,False,False,False,False,False,False,False,True,False,True,False,0.055,-0.06,,,0.0433999999999999,0.0866,-0.095,-0.125,0.0027005328078244,-0.0538140020898641,900.0,860.0,0.656,-0.003972402257997,-0.003972402257997,-0.0003732376839788
2013-04-30,1010.0,1010.0,990.0,1000.0,54000.0,1000.0,993.0,964.0,953.8,915.4666666666668,753.675,False,False,False,False,False,False,False,True,False,False,False,0.05,-0.08,,,0.0462,0.0845333333333331,-0.12,-0.135,0.0022575007282262,-0.0705394190871369,890.0,860.0,0.6585365853658537,-0.0029356259173831,0.0010367763406138,-0.0004430320795981
2013-05-01,995.0,995.0,970.0,980.0,85000.0,980.0,994.0,970.0,950.6,916.9333333333332,755.075,False,False,False,False,False,False,False,True,False,True,False,-0.0153061224489795,-0.0204081632653061,,,0.0299999999999999,0.0643537414965988,-0.1428571428571428,-0.1122448979591836,0.0015995346808197,-0.0850515463917525,900.0,890.0,1.5740740740740742,-0.0033662949715968,-0.0004306690542136,-0.0006579660474064
2013-05-02,980.0,985.0,975.0,980.0,44000.0,980.0,994.0,973.5,949.0,918.6666666666666,756.5,False,False,False,False,False,False,False,True,False,False,False,0.0,-0.010204081632653,,,0.0316326530612244,0.0625850340136054,-0.1275510204081632,-0.096938775510204,0.0018867924528303,-0.0970724191063174,890.0,920.0,0.5176470588235295,-0.0016859852476291,0.0016803097239677,0.0002872577720105
2013-05-07,1005.0,1010.0,1000.0,1010.0,54000.0,1010.0,994.0,982.5,950.2,920.5333333333332,758.075,False,False,False,False,False,False,True,True,True,False,False,-0.0445544554455445,-0.0247524752475247,,,0.0592079207920791,0.0885808580858087,-0.1287128712871287,-0.1336633663366336,0.0020278099652374,-0.1078880407124682,895.0,925.0,1.2272727272727273,0.0012628920227321,0.0029488772703612,0.000141017512407
2013-05-08,1010.0,1060.0,1010.0,1055.0,163000.0,1055.0,1005.0,996.0,954.2,923.3333333333334,759.95,False,False,False,False,False,False,True,True,False,False,False,-0.1090047393364928,-0.0379146919431279,,,0.0955450236966824,0.1248025276461295,-0.1848341232227488,-0.1848341232227488,0.0030324909747294,-0.1219879518072289,905.0,930.0,3.0185185185185186,0.0041919932928107,0.0029291012700786,0.001004681009492
2013-05-09,1050.0,1070.0,1035.0,1050.0,108000.0,1050.0,1015.0,1004.0,960.2,926.3333333333334,761.825,False,False,False,False,False,False,True,True,False,False,False,-0.1238095238095238,-0.1142857142857142,,,0.0855238095238094,0.1177777777777777,-0.2047619047619047,-0.1761904761904762,0.0032385750269881,-0.1314741035856573,895.0,920.0,0.6625766871165644,0.0062486981878775,0.0020567048950667,0.0002060840522586
2013-05-10,1050.0,1075.0,950.0,965.0,271000.0,965.0,1012.0,1003.0,964.8,928.1333333333332,763.275,False,False,False,False,False,False,True,True,False,True,False,-0.005181347150259,-0.0310880829015544,,,0.0002072538860104,0.0382037996545769,-0.1088082901554404,-0.0984455958549222,0.0019393765263609,-0.1306081754735792,920.0,915.0,2.509259259259259,0.0047678275290214,-0.001480870658856,-0.0012991985006271
2013-05-13,975.0,995.0,975.0,980.0,137000.0,980.0,1012.0,1003.0,968.4,930.0666666666668,764.825,False,False,False,False,False,False,True,True,False,True,False,-0.010204081632653,-0.0561224489795918,,,0.0118367346938775,0.0509523809523807,-0.0918367346938775,-0.1071428571428571,0.0020787040355533,-0.1311066799601196,915.0,905.0,0.5055350553505535,0.0037174721189591,-0.0010503554100623,0.0001393275091923
2013-05-14,985.0,985.0,955.0,965.0,129000.0,965.0,1003.0,998.5,970.6,931.8666666666668,766.3,False,False,False,False,False,False,True,True,False,True,False,0.0207253886010362,-0.0414507772020725,,,-0.0058031088082901,0.0343350604490499,-0.0673575129533678,-0.1088082901554404,0.0019316068107024,-0.128693039559339,915.0,865.0,0.9416058394160584,0.0022666391922522,-0.0014508329267068,-0.0001470972248508
2013-05-15,965.0,980.0,935.0,940.0,191000.0,940.0,980.0,992.5,971.2,933.2666666666668,767.7,False,False,False,False,False,False,True,True,False,True,False,0.0797872340425532,0.0,,,-0.0331914893617021,0.0071631205673757,-0.0319148936170212,-0.0851063829787234,0.0015001071505107,-0.1249370277078085,975.0,865.0,1.4806201550387597,0.0006177924217463,-0.0016488467705059,-0.0004314996601917
2013-05-16,945.0,945.0,900.0,920.0,138000.0,920.0,954.0,984.5,970.0,934.4,769.025,False,False,False,False,False,False,False,True,False,True,False,0.0108695652173913,-0.0217391304347826,,,-0.0543478260869565,-0.0156521739130434,-0.0054347826086956,-0.0706521739130434,0.0012128995433788,-0.1188420518029456,965.0,830.0,0.7225130890052356,-0.0012371134020619,-0.0018549058238082,-0.0002872076071318
2013-05-17,930.0,965.0,930.0,960.0,90000.0,960.0,953.0,982.5,970.4,936.0,770.5,False,False,False,False,False,False,True,True,False,False,False,-0.0260416666666666,-0.0572916666666666,,,-0.0108333333333333,0.025,-0.0625,-0.1041666666666666,0.0017094017094017,-0.1180661577608142,965.0,850.0,0.6521739130434783,0.0004122011541632,0.0016493145562251,0.0004965021660228
2013-05-20,975.0,980.0,960.0,970.0,113000.0,970.0,951.0,981.5,970.2,937.6666666666666,772.075,False,False,False,False,False,False,False,True,False,True,False,-0.0463917525773195,-0.0927835051546391,,,-0.0002061855670103,0.0333333333333333,-0.0773195876288659,-0.1082474226804123,0.0017774617845715,-0.119205298013245,1015.0,845.0,1.2555555555555555,-0.0002061430632858,-0.000618344217449,6.806007516985775e-05
2013-05-21,985.0,990.0,970.0,985.0,112000.0,985.0,955.0,979.0,971.2,939.5333333333332,773.8,False,False,False,True,True,False,True,True,True,False,False,-0.0609137055837563,-0.1015228426395939,,,0.0140101522842639,0.0461590524534688,-0.1015228426395939,-0.1116751269035533,0.0019868019584189,-0.1169560776302349,1010.0,885.0,0.991150442477876,0.0010296540362438,0.0012357970995296,0.0002093401738473
2013-05-22,990.0,1020.0,990.0,1015.0,173000.0,1015.0,970.0,975.0,973.8,941.6,775.675,False,False,False,False,False,False,True,True,False,False,False,-0.0738916256157635,-0.1083743842364532,,,0.0405911330049261,0.0723152709359605,-0.1625615763546798,-0.1330049261083744,0.0021948456527897,-0.1112820512820512,1095.0,885.0,1.5446428571428572,0.0026699527623741,0.0016402987261302,0.0002080436943707
2013-05-23,1005.0,1020.0,930.0,930.0,218000.0,930.0,972.0,963.0,973.8,942.5333333333332,777.25,False,False,False,False,False,False,False,True,False,True,False,-0.032258064516129,-0.053763440860215,,,-0.0470967741935483,-0.0134767025089604,-0.0698924731182795,-0.0698924731182795,0.0009902390720043,-0.1002076843198338,1070.0,885.0,1.260115606936416,0.0,-0.0026699527623741,-0.0012046065807854
2013-05-24,965.0,965.0,935.0,935.0,74000.0,935.0,967.0,960.0,974.4,943.1333333333332,778.7,False,False,False,False,False,False,True,True,False,False,False,-0.0320855614973262,-0.1016042780748663,,,-0.042139037433155,-0.0086987522281638,-0.0427807486631016,-0.0588235294117647,0.0006361772814024,-0.0963541666666666,1060.0,905.0,0.3394495412844037,0.000615763546798,0.000615763546798,-0.0003540617906019
2013-05-27,935.0,935.0,910.0,925.0,137000.0,925.0,958.0,954.5,973.6,943.2,780.15,False,False,False,False,False,False,False,True,False,True,False,-0.0486486486486486,-0.0756756756756756,,,-0.0525405405405405,-0.0196756756756757,-0.0216216216216216,-0.0216216216216216,7.068136839146883e-05,-0.0880041906757464,1020.0,890.0,1.8513513513513515,-0.000821692686935,-0.001437456233733,-0.0005654959130109
2013-05-28,920.0,925.0,915.0,925.0,33000.0,925.0,946.0,950.5,973.8,943.2,781.6,False,False,False,False,False,False,True,False,False,False,False,-0.0432432432432432,-0.0486486486486486,,,-0.0527567567567567,-0.0196756756756757,-0.0108108108108108,-0.0216216216216216,0.0,-0.0794318779589689,980.0,910.0,0.2408759124087591,0.000205380981721,0.001027073668656,-7.068136839146883e-05
2013-05-29,940.0,940.0,925.0,940.0,50000.0,940.0,931.0,950.5,974.6,943.3333333333334,783.05,False,False,False,False,False,False,True,True,False,False,False,-0.0372340425531914,-0.0851063829787234,,,-0.0368085106382978,-0.0035460992907801,-0.0372340425531914,-0.0531914893617021,0.0001413427561837,-0.0762756443976854,955.0,900.0,1.5151515151515151,0.0008208495793146,0.0006154685975936,0.0001413427561837
2013-05-30,920.0,925.0,900.0,900.0,119000.0,900.0,925.0,948.5,971.8,943.0666666666668,784.35,False,False,False,False,False,False,False,False,False,True,False,-0.0222222222222222,-0.0722222222222222,,,-0.0797777777777777,-0.047851851851852,0.0,-0.0055555555555555,-0.0002827654460623,-0.070110701107011,900.0,890.0,2.38,-0.0028812512862729,-0.0037021008655876,-0.000424108202246
2013-05-31,910.0,925.0,905.0,905.0,30000.0,905.0,919.0,943.0,969.0,942.9333333333332,785.475,False,False,False,False,False,False,False,False,False,True,False,-0.0718232044198895,-0.0497237569060773,,,-0.0707182320441989,-0.0419152854511968,0.0165745856353591,0.011049723756906,-0.0001414027149324,-0.0588547189819724,850.0,900.0,0.2521008403361344,-0.0028895768833848,-8.325597111920238e-06,0.0001413627311298
2013-06-03,905.0,905.0,880.0,880.0,103000.0,880.0,910.0,934.0,965.0,942.6,786.625,False,False,False,False,False,False,False,False,False,True,False,-0.0284090909090909,0.0113636363636363,,,-0.096590909090909,-0.0711363636363636,0.0454545454545454,0.0568181818181818,-0.0003536317985711,-0.0428265524625267,890.0,890.0,3.433333333333333,-0.0041450777202072,-0.0012555008368223,-0.0002122290836386
2013-06-04,885.0,895.0,860.0,885.0,115000.0,885.0,902.0,924.0,960.0,942.8666666666668,787.7,False,False,False,False,False,False,False,True,False,True,False,-0.0056497175141242,0.0169491525423728,,,-0.0847457627118644,-0.0653860640301319,0.0508474576271186,0.0847457627118644,0.0002828254260059,-0.0232683982683982,910.0,895.0,1.116504854368932,-0.0052083333333333,-0.001063255613126,0.000636457224577
2013-06-05,890.0,920.0,885.0,905.0,74000.0,905.0,895.0,913.0,956.2,943.4,789.0,False,False,False,False,False,False,False,True,False,False,False,-0.0497237569060773,0.005524861878453,,,-0.0565745856353591,-0.0424309392265193,0.0607734806629834,0.0662983425414364,0.0005653310720088,-0.0021905805038335,925.0,905.0,0.6434782608695652,-0.0039740640033465,0.0012342693299868,0.0002825056460029
2013-06-06,890.0,890.0,840.0,880.0,135000.0,880.0,891.0,908.0,951.4,944.0666666666668,790.2,False,False,False,False,False,False,False,True,False,True,False,-0.0511363636363636,0.0397727272727272,,,-0.0811363636363636,-0.0728030303030305,0.0681818181818181,0.0852272727272727,0.0007061648188689,0.013215859030837,950.0,895.0,1.8243243243243243,-0.005045196552449,-0.0010711325491025,0.00014083374686
2013-06-07,860.0,860.0,780.0,840.0,168000.0,840.0,878.0,898.5,945.8,943.9333333333332,791.275,False,False,False,False,False,False,False,False,False,True,False,0.0238095238095238,0.0714285714285714,,,-0.1259523809523809,-0.1237301587301585,0.119047619047619,0.1607142857142857,-0.0001412529133416,0.0345019476905954,950.0,920.0,1.2444444444444445,-0.0059209135123705,-0.0008757169599214,-0.0008474177322106
2013-06-10,850.0,870.0,845.0,855.0,87000.0,855.0,873.0,891.5,940.8,944.0666666666668,792.375,False,False,True,False,False,False,False,True,False,False,False,0.0409356725146198,0.0467836257309941,,,-0.1003508771929824,-0.1041715399610138,0.1052631578947368,0.1345029239766081,0.000141232963774,0.0499158721256309,975.0,915.0,0.5178571428571429,-0.0053146258503401,0.0006062876620303,0.0002824858771157
2013-06-11,860.0,880.0,860.0,880.0,71000.0,880.0,872.0,887.0,935.6,944.0,793.55,False,False,False,False,False,False,False,False,False,True,False,0.0227272727272727,0.0056818181818181,,,-0.0631818181818182,-0.0727272727272727,0.0738636363636363,0.1534090909090909,-7.06214689267303e-05,0.0676437429537767,960.0,915.0,0.8160919540229885,-0.0055579307396322,-0.0002433048892921,-0.0002118544327008
2013-06-12,865.0,865.0,845.0,860.0,37000.0,860.0,863.0,879.0,927.8,943.6666666666666,794.65,False,False,False,False,False,False,False,False,False,True,False,0.0581395348837209,-0.0116279069767441,,,-0.0788372093023255,-0.0972868217054263,0.1162790697674418,0.1569767441860465,-0.0003532320734723,0.0893060295790671,950.0,975.0,0.5211267605633803,-0.00840698426385,-0.0028490535242177,-0.0002826106045455
2013-06-13,855.0,855.0,805.0,835.0,124000.0,835.0,854.0,872.5,919.2,943.0,795.625,False,False,False,False,False,False,False,False,False,True,False,0.0958083832335329,0.0359281437125748,,,-0.1008383233532934,-0.1293413173652694,0.1137724550898203,0.1916167664670658,-0.000706963591375,0.1088825214899713,930.0,965.0,3.351351351351352,-0.009355961705831,-0.000948977441981,-0.0003537315179026
2013-06-14,860.0,880.0,835.0,860.0,116000.0,860.0,858.0,868.0,915.0,942.4,796.675,False,False,False,False,False,False,False,False,False,False,False,0.0465116279069767,0.0406976744186046,,,-0.063953488372093,-0.095813953488372,0.0813953488372093,0.1162790697674418,-0.0006366723259762,0.1198156682027649,920.0,965.0,0.935483870967742,-0.0045901639344262,0.0047657977714047,7.029126539874898e-05
2013-06-17,875.0,895.0,870.0,890.0,87000.0,890.0,865.0,869.0,911.4,942.4,797.925,False,False,False,False,False,False,False,False,False,False,False,0.0056179775280898,0.0168539325842696,,,-0.0240449438202246,-0.0588764044943819,0.0449438202247191,0.0842696629213483,0.0,0.122554660529344,945.0,1015.0,0.75,-0.0039499670836076,0.0006401968508186,0.0006366723259762
2013-06-18,890.0,905.0,890.0,900.0,27000.0,900.0,869.0,870.5,908.8,942.2666666666668,799.225,False,False,False,False,False,False,False,False,False,False,False,-0.0166666666666666,0.0166666666666666,,,-0.0097777777777777,-0.046962962962963,0.0277777777777777,0.05,-0.0001415027593036,0.11889718552556,920.0,1010.0,0.3103448275862069,-0.0028609154929577,0.0010890515906498,-0.0001415027593036
2013-06-19,900.0,910.0,900.0,910.0,108000.0,910.0,879.0,871.0,907.6,942.4,800.625,False,False,False,False,True,False,False,True,False,False,False,-0.0659340659340659,-0.0054945054945054,,,0.0026373626373626,-0.0356043956043955,0.0329670329670329,0.0054945054945054,0.0001414827391057,0.1125143513203214,920.0,1095.0,4.0,-0.0013221683561039,0.0015387471368538,0.0002829854984093
2013-06-20,895.0,915.0,895.0,915.0,50000.0,915.0,895.0,874.5,907.4,942.7333333333332,802.05,False,False,False,False,False,False,False,True,False,False,True,-0.0546448087431694,-0.0163934426229508,,,0.0083060109289617,-0.0303096539162111,0.0273224043715847,0.0273224043715847,0.0003535817834664,0.1063464837049742,970.0,1070.0,0.4629629629629629,-0.0002204099625303,0.0011017583935735,0.0002120990443607
2013-06-21,890.0,910.0,885.0,900.0,42000.0,900.0,903.0,880.5,905.0,942.7333333333332,803.375,False,False,False,False,False,False,False,False,False,True,False,-0.0055555555555555,0.0222222222222222,,,-0.0055555555555555,-0.0474814814814813,0.0166666666666666,0.0888888888888888,0.0,0.0993753549119818,975.0,1060.0,0.84,-0.0026519337016574,-0.002431523739127,-0.0003535817834664
2013-06-24,905.0,915.0,895.0,895.0,80000.0,895.0,904.0,884.5,902.0,942.8,804.7,False,False,False,False,False,False,False,True,False,True,False,0.0111731843575419,0.0279329608938547,,,-0.0078212290502793,-0.0534078212290502,0.0223463687150838,0.0949720670391061,7.071135624386903e-05,0.0955342001130582,980.0,1020.0,1.9047619047619049,-0.0033259423503325,-0.0006740086486751,7.071135624386903e-05
2013-06-25,895.0,920.0,880.0,885.0,117000.0,885.0,901.0,885.0,898.0,942.6666666666666,806.0,False,False,False,False,False,False,False,False,False,True,False,0.0338983050847457,0.0508474576271186,,,-0.0146892655367231,-0.0651600753295668,0.0451977401129943,0.0790960451977401,-0.0001414427157001,0.0881355932203389,1010.0,980.0,1.4625,-0.0044543429844097,-0.0011284006340772,-0.000212154071944
2013-06-26,895.0,895.0,825.0,850.0,105000.0,850.0,889.0,884.0,891.4,941.9333333333332,807.125,False,False,False,False,False,False,False,False,False,True,False,0.0647058823529411,0.1294117647058823,,,-0.0487058823529411,-0.1081568627450978,0.1058823529411764,0.1235294117647058,-0.0007785405902754,0.084841628959276,1000.0,955.0,0.8974358974358975,-0.0074040834642136,-0.0029497404798038,-0.0006370978745753
2013-06-27,850.0,870.0,830.0,865.0,41000.0,865.0,879.0,887.0,888.8,941.5333333333332,808.325,False,False,False,False,False,False,False,False,False,False,True,0.0404624277456647,0.0867052023121387,,,-0.0275144508670519,-0.0884778420038534,0.1098265895953757,0.0867052023121387,-0.0004248389152446,0.0749718151071025,1000.0,900.0,0.3904761904761905,-0.0029252925292529,0.0044787909349606,0.0003537016750308
2013-06-28,870.0,905.0,870.0,895.0,60000.0,895.0,878.0,890.5,887.2,941.2,809.7,False,False,False,False,True,False,False,False,False,False,False,0.0279329608938547,0.0502793296089385,,,0.0087150837988826,-0.0516201117318436,0.0670391061452514,0.0670391061452514,-0.0003541578127211,0.0701852891633913,980.0,850.0,1.4634146341463414,-0.0018034265103695,0.0011218660188833,7.068110252346504e-05
2013-07-01,895.0,905.0,885.0,905.0,63000.0,905.0,880.0,892.0,886.4,941.0666666666668,811.025,False,False,False,False,False,False,False,False,False,False,False,0.0165745856353591,0.0441988950276243,,,0.0205524861878453,-0.0398526703499081,0.0718232044198895,0.0497237569060773,-0.0001416831963727,0.0667040358744394,980.0,890.0,1.05,-0.0009025270758123,0.0009008994345572,0.0002124746163483
2013-07-02,910.0,915.0,905.0,915.0,42000.0,915.0,886.0,893.5,886.0,941.0666666666668,812.4,False,False,False,False,False,False,False,False,False,False,False,0.0163934426229508,0.0327868852459016,,,0.0316939890710382,-0.0284881602914391,-0.0163934426229508,0.0546448087431694,0.0,0.0671516508114157,1010.0,910.0,0.6666666666666666,-0.0004514672686229,0.0004510598071893,0.0001416831963727
2013-07-03,915.0,915.0,900.0,905.0,45000.0,905.0,897.0,893.0,884.6,940.1333333333332,813.775,False,False,False,False,False,False,False,False,False,True,False,0.0607734806629834,0.0607734806629834,,,0.0225414364640883,-0.0388213627992632,-0.0276243093922651,0.0773480662983425,-0.0009927669834069,0.0744680851063829,1055.0,925.0,1.0714285714285714,-0.0015826362197603,-0.0011311689511373,-0.0009927669834069
2013-07-04,905.0,915.0,895.0,900.0,10000.0,900.0,904.0,891.5,884.6,939.2666666666668,815.175,False,False,False,False,False,False,False,False,False,False,False,0.0444444444444444,0.0333333333333333,,,0.017111111111111,-0.0436296296296297,-0.0111111111111111,0.0777777777777777,-0.0009227056568952,0.079641054402692,1050.0,950.0,0.2222222222222222,0.0,0.0015826362197603,7.006132651169925e-05
2013-07-05,905.0,925.0,905.0,920.0,53000.0,920.0,909.0,893.5,885.2,938.6666666666666,816.75,False,False,False,False,False,False,True,False,False,False,True,0.0217391304347826,0.0108695652173913,,,0.0378260869565216,-0.0202898550724637,-0.0543478260869565,0.0543478260869565,-0.0006392045454546,0.0761052042529378,965.0,950.0,5.3,0.0006778129236331,0.0006778129236331,0.0002835011114405
2013-07-08,925.0,935.0,920.0,920.0,53000.0,920.0,912.0,896.0,886.8,937.4,818.3,False,False,False,False,False,False,True,False,True,False,False,0.0271739130434782,0.0108695652173913,,,0.0360869565217391,-0.0189130434782608,-0.0434782608695652,0.0326086956521739,-0.0013512552450038,0.0697544642857142,980.0,975.0,1.0,0.001804239963915,0.0011264270402819,-0.0007120506995492
2013-07-09,935.0,935.0,920.0,930.0,61000.0,930.0,915.0,900.5,888.6,936.3333333333334,819.85,False,False,False,False,False,False,True,False,False,False,False,0.0161290322580645,-0.0053763440860215,,,0.044516129032258,-0.0068100358422939,-0.0591397849462365,0.0591397849462365,-0.0011391954432181,0.067740144364242,965.0,960.0,1.150943396226415,0.0020256583389602,0.0002214183750451,0.0002120598017857
2013-07-10,935.0,980.0,935.0,960.0,194000.0,960.0,926.0,911.5,890.8,934.5333333333332,821.475,False,False,False,False,False,False,True,False,False,False,False,0.0,-0.0208333333333333,,,0.0720833333333333,0.0265277777777779,-0.0885416666666666,0.1041666666666666,-0.0019260950206878,0.0663741086121777,940.0,950.0,3.180327868852459,0.0024696901661427,0.0004440318271824,-0.0007868995774697
2013-07-11,940.0,955.0,935.0,940.0,46000.0,940.0,934.0,919.0,893.2,932.8,823.0,False,False,False,False,False,False,True,False,False,False,False,-0.0106382978723404,0.0,,,0.0497872340425531,0.0076595744680851,-0.0797872340425532,0.1170212765957446,-0.0018582046883932,0.0696409140369967,920.0,930.0,0.2371134020618556,0.0026869682042096,0.0002172780380669,6.789033229462013e-05
2013-07-12,950.0,950.0,940.0,940.0,25000.0,940.0,938.0,923.5,897.2,931.2,824.45,False,False,False,False,False,False,True,False,False,False,False,-0.0106382978723404,-0.026595744680851,,,0.0455319148936169,0.0093617021276595,-0.0744680851063829,0.0797872340425532,-0.0017182130584191,0.0709258256632376,960.0,920.0,0.5434782608695652,0.0044583147570218,0.0017713465528121,0.0001399916299741
2013-07-16,940.0,950.0,940.0,945.0,33000.0,945.0,943.0,927.5,900.8,930.2,825.9,False,False,False,False,False,False,True,False,False,True,False,-0.0158730158730158,-0.0317460317460317,,,0.0467724867724868,0.0156613756613756,-0.0634920634920634,0.0846560846560846,-0.0010750376263169,0.0743935309973045,970.0,945.0,1.32,0.0039964476021313,-0.0004618671548905,0.0006431754321022
2013-07-17,945.0,960.0,945.0,945.0,41000.0,945.0,946.0,930.5,903.4,929.7333333333332,827.325,False,False,False,False,False,False,True,False,False,True,False,-0.0211640211640211,-0.0211640211640211,,,0.044021164021164,0.0161552028218695,-0.074074074074074,0.0793650793650793,-0.0005019360390077,0.07684040838259,985.0,920.0,1.2424242424242424,0.0028780163825548,-0.0011184312195765,0.0005731015873091
2013-07-18,945.0,960.0,945.0,960.0,27000.0,960.0,946.0,936.0,907.4,929.8,828.9,False,False,False,False,False,False,True,True,False,False,False,-0.0208333333333333,-0.0208333333333333,,,0.0547916666666666,0.0314583333333333,-0.1041666666666666,0.0677083333333333,7.170000717005778e-05,0.0758547008547008,1015.0,920.0,0.6585365853658537,0.0044081992506061,0.0015301828680513,0.0005736360461778
2013-07-19,960.0,960.0,930.0,930.0,57000.0,930.0,944.0,939.0,911.2,930.2,830.325,False,False,False,False,False,False,True,True,False,True,False,0.010752688172043,0.032258064516129,,,0.0202150537634408,-0.0002150537634409,-0.0698924731182795,0.1236559139784946,0.0004300150505268,0.0804046858359957,930.0,970.0,2.111111111111111,0.0041703248463565,-0.0002378744042495,0.0003583150433568
2013-07-22,945.0,945.0,930.0,930.0,32000.0,930.0,942.0,940.0,914.0,931.2666666666668,831.725,False,False,False,False,False,False,True,True,False,True,False,-0.0161290322580645,0.0268817204301075,,,0.0172043010752688,-0.0013620071684588,-0.064516129032258,0.1021505376344086,0.0011453933710359,0.0851063829787234,935.0,975.0,0.5614035087719298,0.0030634573304157,-0.0011068675159408,0.000715378320509
2013-07-23,930.0,930.0,925.0,930.0,62000.0,930.0,939.0,941.0,915.6,931.8,833.075,False,False,False,False,False,False,True,True,False,True,False,-0.0161290322580645,0.043010752688172,,,0.0154838709677419,-0.0019354838709676,-0.0591397849462365,0.1182795698924731,0.0005723688917505,0.0935175345377258,925.0,980.0,1.9375,0.0017474879860201,-0.0013159693443955,-0.0005730244792853
2013-07-24,925.0,925.0,925.0,925.0,35000.0,925.0,935.0,940.5,916.6,932.0,834.5,False,False,False,False,False,False,True,True,False,True,False,0.0,-0.027027027027027,,,0.009081081081081,-0.0075675675675675,-0.0702702702702702,0.1189189189189189,0.0002145922746781,0.0994152046783625,925.0,1010.0,0.5645161290322581,0.0010909884355225,-0.0006564995504975,-0.0003577766170724
2013-07-25,935.0,940.0,930.0,940.0,41000.0,940.0,931.0,938.5,917.8,932.2,835.875,False,False,False,False,False,False,True,True,False,False,False,0.0,-0.0638297872340425,,,0.0236170212765957,0.0082978723404254,-0.0851063829787234,0.1117021276595744,0.0002145462347136,0.1001598295151838,940.0,1000.0,1.1714285714285717,0.001307474395293,0.0002164859597704,-4.6039964530836166e-08
2013-07-26,930.0,940.0,925.0,940.0,18000.0,940.0,933.0,938.5,918.8,932.0666666666668,837.375,False,False,False,False,False,False,True,False,False,True,False,0.0212765957446808,-0.0531914893617021,,,0.0225531914893617,0.0084397163120565,-0.0904255319148936,0.1117021276595744,-0.0001430512838851,0.0996270644645711,900.0,1000.0,0.4390243902439024,0.0010883761427949,-0.000219098252498,-0.0003575975185987
2013-07-29,940.0,940.0,915.0,915.0,18000.0,915.0,930.0,936.0,919.4,931.6,838.7,False,False,False,False,False,False,True,False,False,True,False,0.0437158469945355,-0.0491803278688524,,,-0.0048087431693988,-0.0181420765027322,-0.0601092896174863,0.1420765027322404,-0.0005009302991271,0.1057692307692307,905.0,980.0,1.0,0.000652599521427,-0.0004357766213679,-0.0003578790152419
2013-07-30,910.0,925.0,905.0,915.0,19000.0,915.0,927.0,933.0,920.2,930.8,840.075,False,False,False,False,False,False,True,False,False,False,False,0.0601092896174863,-0.0382513661202185,,,-0.0056830601092896,-0.0172677595628414,-0.0546448087431694,0.1475409836065573,-0.0008594757198109,0.1120042872454448,880.0,980.0,1.0555555555555556,0.0008693762225603,0.0002167767011333,-0.0003585454206838
2013-07-31,915.0,930.0,910.0,925.0,19000.0,925.0,927.0,931.0,921.8,930.3333333333334,841.575,False,False,False,False,False,False,True,False,True,False,False,-0.027027027027027,-0.054054054054054,,,0.0034594594594595,-0.0057657657657658,-0.054054054054054,0.1243243243243243,-0.0005016123253313,0.1165413533834586,885.0,1010.0,1.0,0.0017357344326317,0.0008663582100713,0.0003578633944796
2013-08-01,935.0,950.0,935.0,940.0,74000.0,940.0,927.0,929.0,925.4,930.2,843.15,False,False,False,False,False,False,True,False,False,False,False,-0.0638297872340425,-0.0691489361702127,,,0.015531914893617,0.0104255319148935,-0.0638297872340425,0.1063829787234042,-0.0001433383501755,0.1205597416576964,905.0,1055.0,3.8947368421052633,0.003890209639075,0.0021544752064433,0.0003582739751557
2013-08-02,945.0,960.0,930.0,960.0,62000.0,960.0,931.0,932.0,929.2,930.6,844.825,False,False,False,False,False,False,True,True,False,False,True,-0.0729166666666666,-0.0989583333333333,,,0.0320833333333332,0.0306249999999999,-0.0989583333333333,0.0885416666666666,0.0004298302170642,0.1169527896995708,880.0,1050.0,0.8378378378378378,0.0040895393887215,0.0001993297496465,0.0005731685672398
2013-08-05,955.0,955.0,945.0,955.0,13000.0,955.0,939.0,934.5,931.6,931.0666666666668,846.5,True,True,False,False,False,False,True,True,False,True,False,-0.0890052356020942,-0.0890052356020942,,,0.024502617801047,0.0250610820244326,-0.0785340314136125,0.0994764397905759,0.0005012172418732,0.1166399143927233,840.0,965.0,0.2096774193548387,0.0025762129669385,-0.0015133264217829,7.138702480903982e-05
2013-08-06,950.0,970.0,950.0,970.0,49000.0,970.0,950.0,938.5,934.2,931.4,848.2,False,False,False,False,False,False,True,True,False,False,False,-0.0927835051546391,-0.0876288659793814,,,0.0369072164948453,0.0397938144329897,-0.0670103092783505,0.0824742268041237,0.0003578841886763,0.1129461907298881,855.0,980.0,3.769230769230769,0.00278312995076,0.0002069169838214,-0.0001433330531969
2013-08-07,895.0,915.0,885.0,900.0,224000.0,900.0,945.0,936.0,933.6,931.1333333333332,849.575,False,False,False,False,False,False,False,False,False,True,False,-0.0277777777777777,-0.0277777777777777,,,-0.0373333333333333,-0.0345925925925924,0.0055555555555555,0.1555555555555555,-0.0002863893463164,0.1164529914529914,880.0,965.0,4.571428571428571,-0.0006426735218509,-0.0034258034726109,-0.0006442735349927
2013-08-08,895.0,900.0,875.0,880.0,74000.0,880.0,933.0,930.0,932.6,930.6,850.875,False,False,False,False,False,False,False,False,False,True,False,-0.0056818181818181,-0.0227272727272727,,,-0.0597727272727273,-0.0575,0.0113636363636363,0.1818181818181818,-0.0005731069560855,0.1231182795698924,860.0,940.0,0.3303571428571428,-0.0010722710701265,-0.0004295975482756,-0.0002867176097691
2013-08-09,890.0,895.0,880.0,890.0,32000.0,890.0,919.0,925.0,932.2,929.5333333333332,852.25,False,False,False,False,False,False,False,False,False,False,False,-0.0280898876404494,-0.0280898876404494,,,-0.0474157303370787,-0.0444194756554305,0.0056179775280898,0.1797752808988764,-0.0011475292261351,0.1297297297297297,835.0,920.0,0.4324324324324324,-0.0004290924694271,0.0006431786006993,-0.0005744222700496
2013-08-12,890.0,890.0,865.0,870.0,37000.0,870.0,902.0,920.5,930.2,928.1333333333332,853.475,False,False,False,False,False,False,False,False,False,True,False,0.0,0.0,,,-0.0691954022988506,-0.0668199233716473,0.0517241379310344,0.2068965517241379,-0.0015084039649475,0.135795763172189,860.0,960.0,1.15625,-0.0021500752526338,-0.0017209827832067,-0.0003608747388123
2013-08-13,870.0,895.0,870.0,880.0,15000.0,880.0,884.0,917.0,928.6,926.8,854.75,False,False,False,False,False,False,False,False,False,False,False,0.0056818181818181,-0.0056818181818181,,,-0.0552272727272727,-0.0531818181818181,0.0568181818181818,0.2329545454545454,-0.0014386419220255,0.143947655398037,890.0,970.0,0.4054054054054054,-0.0017230239069567,0.0004270513456771,6.976204292201459e-05
2013-08-14,880.0,885.0,875.0,875.0,39000.0,875.0,879.0,912.0,926.4,925.0,855.95,False,False,False,False,False,False,False,False,False,True,False,0.0,-0.0171428571428571,,,-0.0587428571428571,-0.0571428571428571,0.0971428571428571,0.2742857142857143,-0.0019459459459458,0.1584429824561403,900.0,985.0,2.6,-0.0023747841105354,-0.0006517602035787,-0.0005073040239203
2013-08-15,875.0,875.0,870.0,875.0,21000.0,875.0,878.0,905.5,923.0,923.3333333333334,857.175,False,False,True,False,False,False,False,False,False,True,False,-0.0171428571428571,-0.0171428571428571,,,-0.0548571428571428,-0.0552380952380952,0.1028571428571428,0.3485714285714286,-0.0018050541516245,0.1822197680839315,910.0,1015.0,0.5384615384615384,-0.0036836403033585,-0.0013088561928231,0.0001408917943213
2013-08-16,870.0,870.0,865.0,865.0,37000.0,865.0,873.0,896.0,920.0,921.5333333333332,858.35,False,False,False,False,False,False,False,False,False,False,False,0.0,-0.0115606936416184,,,-0.0635838150289017,-0.0653564547206164,0.1040462427745664,0.4219653179190751,-0.0019532662953051,0.2154017857142857,915.0,930.0,1.761904761904762,-0.0032608695652173,0.0004227707381411,-0.0001482121436806
2013-08-19,870.0,875.0,870.0,870.0,7000.0,870.0,873.0,887.5,917.2,920.0666666666668,859.55,False,False,False,False,False,False,False,False,False,False,False,0.0,-0.0114942528735632,,,-0.0542528735632184,-0.0575478927203067,0.1206896551724138,0.4310344827586206,-0.0015940873849717,0.2490140845070422,900.0,935.0,0.1891891891891892,-0.003052769297863,0.0002081002673543,0.0003591789103333
2013-08-20,870.0,885.0,850.0,885.0,73000.0,885.0,874.0,879.0,914.8,918.8,860.8,False,False,False,False,False,False,False,False,False,False,False,-0.0112994350282485,-0.0225988700564971,,,-0.0336723163841807,-0.0381920903954801,0.096045197740113,0.4689265536723164,-0.0013786097808738,0.2895335608646189,895.0,925.0,10.428571428571429,-0.0026235242675995,0.0004292450302634,0.0002154776040979
2013-08-21,880.0,880.0,865.0,875.0,23000.0,875.0,874.0,876.5,912.0,917.0,862.0,False,False,False,False,False,False,False,False,False,True,False,-0.0171428571428571,0.0,,,-0.0422857142857142,-0.048,0.16,0.5314285714285715,-0.0019629225736095,0.327438676554478,885.0,925.0,0.3150684931506849,-0.0030701754385964,-0.0004466511709968,-0.0005843127927357
2013-08-22,875.0,875.0,850.0,860.0,68000.0,860.0,871.0,874.5,908.0,914.4,863.15,False,False,False,False,False,False,False,False,False,True,False,0.0,0.0232558139534883,,,-0.055813953488372,-0.0632558139534883,0.1569767441860465,0.5232558139534884,-0.002843394575678,0.361349342481418,850.0,940.0,2.9565217391304346,-0.0044052863436123,-0.0013351109050158,-0.0008804720020685
2013-08-23,865.0,875.0,865.0,865.0,22000.0,865.0,871.0,872.0,905.4,911.9333333333332,864.375,False,False,False,False,False,False,False,False,False,False,False,-0.0115606936416184,0.0,,,-0.0467052023121387,-0.0542581888246626,0.1502890173410404,0.5895953757225434,-0.0027048760874334,0.4025229357798165,865.0,900.0,0.3235294117647059,-0.0028716589352772,0.001533627408335,0.0001385184882446
2013-08-26,865.0,875.0,865.0,870.0,57000.0,870.0,871.0,872.0,903.0,910.6666666666666,865.575,False,False,False,False,False,False,False,False,False,False,False,-0.0114942528735632,0.0114942528735632,,,-0.0379310344827586,-0.046743295019157,0.1034482758620689,0.5747126436781609,-0.0013909224011711,0.4392201834862385,895.0,905.0,2.590909090909091,-0.00265780730897,0.0002138516263071,0.0013139536862622
2013-08-27,870.0,875.0,865.0,875.0,16000.0,875.0,869.0,871.5,900.8,909.2666666666668,866.8,False,False,False,False,False,False,False,False,False,False,False,-0.0114285714285714,0.0342857142857142,,,-0.0294857142857142,-0.0391619047619048,0.1028571428571428,0.5314285714285715,-0.0015397023242171,0.4693057946069994,905.0,880.0,0.2807017543859649,-0.0024422735346359,0.0002155337743341,-0.000148779923046
2013-08-28,865.0,865.0,855.0,860.0,17000.0,860.0,866.0,870.0,898.2,907.8666666666668,867.95,False,False,False,False,False,False,False,False,False,True,False,0.0174418604651162,0.0523255813953488,,,-0.0444186046511628,-0.0556589147286823,0.0988372093023255,0.5523255813953488,-0.0015420766632398,0.4971264367816091,915.0,885.0,1.0625,-0.0028946782453795,-0.0004524047107436,-2.374339022636436e-06
2013-08-29,855.0,865.0,855.0,860.0,40000.0,860.0,866.0,868.5,895.0,906.8,869.075,False,False,False,False,False,False,False,False,False,True,False,0.0232558139534883,0.0348837209302325,,,-0.0406976744186046,-0.0544186046511627,0.063953488372093,0.5116279069767442,-0.0011762976032938,0.5135290731145653,905.0,905.0,2.3529411764705883,-0.0035754189944134,-0.0006807407490339,0.0003657790599459
2013-08-30,860.0,860.0,850.0,855.0,28000.0,855.0,864.0,867.5,891.6,905.9333333333332,870.175,False,False,False,False,False,False,False,False,False,True,False,0.0116959064327485,0.0467836257309941,,,-0.0428070175438596,-0.0595711500974656,0.0994152046783625,0.4912280701754385,-0.0009566561189198,0.5204610951008646,900.0,880.0,0.7,-0.0038133692238671,-0.0002379502294537,0.0002196414843739
2013-09-02,855.0,865.0,855.0,860.0,18000.0,860.0,862.0,866.5,889.4,904.6,871.2,False,False,False,False,False,False,False,False,False,False,False,0.0232558139534883,0.063953488372093,,,-0.0341860465116278,-0.0518604651162791,0.1395348837209302,0.4941860465116279,-0.0014739479696364,0.5268320830929025,920.0,840.0,0.6428571428571429,-0.0024735776928266,0.0013397915310405,-0.0005172918507166
2013-09-03,860.0,865.0,860.0,865.0,17000.0,865.0,860.0,864.5,887.4,903.2,872.35,False,False,False,False,False,False,False,False,False,False,False,0.0462427745664739,0.0751445086705202,,,-0.0258959537572254,-0.0441618497109827,0.1329479768786127,0.4971098265895953,-0.0015500442869796,0.529786003470214,920.0,855.0,0.9444444444444444,-0.0022537750732476,0.0002198026195789,-7.609631734314059e-05
2013-09-04,865.0,875.0,865.0,875.0,33000.0,875.0,863.0,864.5,885.4,901.7333333333332,873.575,False,False,False,False,False,False,False,False,False,True,False,0.0342857142857142,0.0971428571428571,,,-0.0118857142857142,-0.0305523809523808,0.0914285714285714,0.5485714285714286,-0.0016264971166643,0.5315211104684789,930.0,880.0,1.9411764705882355,-0.0022588660492432,-5.090975995590032e-06,-7.645282968475934e-05
2013-09-05,875.0,880.0,875.0,880.0,28000.0,880.0,867.0,866.5,883.0,899.9333333333333,874.875,False,False,False,False,False,False,False,False,False,True,True,0.0113636363636363,0.096590909090909,,,-0.0034090909090909,-0.022651515151515,0.0852272727272727,0.6136363636363636,-0.0020001481591228,0.5406809001731102,960.0,860.0,0.8484848484848485,-0.0027180067950169,-0.0004591407457736,-0.0003736510424584
2013-09-06,880.0,880.0,855.0,865.0,69000.0,865.0,869.0,866.5,879.2,899.0666666666667,876.125,False,False,False,False,False,False,False,False,False,True,False,0.0346820809248554,0.1040462427745664,,,-0.0164161849710983,-0.039383429672447,0.0867052023121387,0.6994219653179191,-0.0009639626279103,0.5516445470282747,940.0,835.0,2.4642857142857144,-0.004322111010009,-0.001604104214992,0.0010361855312125
2013-09-09,880.0,885.0,855.0,880.0,105000.0,880.0,873.0,867.5,876.2,898.3333333333334,877.45,False,False,False,False,True,False,False,False,False,False,False,0.0397727272727272,0.1079545454545454,,,0.0043181818181817,-0.0208333333333333,0.0852272727272727,0.6931818181818182,-0.0008163265306122,0.5636887608069164,940.0,860.0,1.5217391304347827,-0.0034238758274366,0.0008982351825723,0.000147636097298
2013-09-10,885.0,905.0,885.0,905.0,72000.0,905.0,881.0,870.5,873.6,898.0666666666667,878.85,False,False,False,False,False,False,False,False,False,False,False,0.0276243093922651,0.0718232044198895,,,0.034696132596685,0.0076611418047881,0.0497237569060773,0.6574585635359116,-0.0002969341548511,0.5766800689259046,945.0,890.0,0.6857142857142857,-0.0029761904761905,0.0004476853512461,0.0005193923757611
2013-09-11,905.0,905.0,880.0,905.0,50000.0,905.0,887.0,875.0,873.8,897.8,880.25,False,False,False,False,False,False,True,False,False,False,False,0.0607734806629834,0.1215469613259668,,,0.034475138121547,0.0079558011049724,0.0662983425414364,0.6077348066298343,-0.000297022350932,0.5822857142857143,945.0,900.0,0.6944444444444444,0.0002288853284503,0.0032050758046408,-8.819608087248928e-08
2013-09-12,900.0,900.0,880.0,890.0,34000.0,890.0,889.0,878.0,874.2,897.1333333333333,881.525,False,False,False,False,False,False,True,False,False,False,False,0.0842696629213483,0.1179775280898876,,,0.0177528089887639,-0.0080149812734082,0.095505617977528,0.6741573033707865,-0.0007431076763022,0.5985193621867881,960.0,910.0,0.68,0.0004575611988104,0.00022867587036,-0.0004460853253702
2013-09-13,890.0,900.0,885.0,895.0,39000.0,895.0,895.0,882.0,874.4,897.0666666666667,882.7,False,False,False,False,False,False,True,False,False,True,False,0.0670391061452514,0.1117318435754189,,,0.0230167597765363,-0.0023091247672253,0.0837988826815642,0.6424581005586593,-7.431629013072908e-05,0.6133786848072562,930.0,915.0,1.1470588235294117,0.0002287282708141,-0.0002288329279962,0.0006687913861715
2013-09-17,905.0,915.0,900.0,915.0,95000.0,915.0,902.0,887.5,876.2,897.2,883.95,False,False,False,False,False,False,True,True,True,False,False,0.0655737704918032,0.0491803278688524,,,0.0424043715846994,0.0194535519125682,0.0601092896174863,0.6338797814207651,0.0001486104919007,0.6270422535211267,930.0,900.0,2.435897435897436,0.002054325496462,0.0018255972256478,0.0002229267820314
2013-09-18,930.0,935.0,925.0,930.0,73000.0,930.0,907.0,894.0,878.2,897.8666666666667,885.275,False,False,False,False,False,False,True,True,False,False,False,0.043010752688172,0.0376344086021505,,,0.0556989247311827,0.0345519713261648,0.021505376344086,0.6559139784946236,0.0007425007425007,0.6426174496644296,930.0,895.0,0.7684210526315789,0.0022773855613755,0.0002230600649134,0.0005938902505999
2013-09-19,935.0,960.0,935.0,960.0,138000.0,960.0,918.0,902.5,881.6,898.8666666666667,886.775,False,False,False,False,False,False,True,True,False,False,False,0.0572916666666666,-0.015625,,,0.0816666666666666,0.0636805555555555,0.0260416666666666,0.6458333333333334,0.0011125120522138,0.6520775623268698,925.0,885.0,1.8904109589041096,0.0038566243194192,0.0015792387580436,0.0003700113097131
2013-09-20,965.0,970.0,955.0,965.0,78000.0,965.0,933.0,911.0,885.2,899.6666666666666,888.3,False,False,False,False,False,False,True,True,False,False,False,0.0310880829015544,-0.0518134715025906,,,0.0826943005181346,0.0677029360967185,0.0984455958549222,0.616580310880829,0.0008892182289736,0.6520307354555434,940.0,850.0,0.5652173913043478,0.0040668775417984,0.0002102532223792,-0.0002232938232402
2013-09-24,965.0,965.0,945.0,955.0,95000.0,955.0,945.0,920.0,888.8,900.6666666666666,889.825,False,False,False,False,False,False,True,True,False,True,False,0.0418848167539267,-0.0157068062827225,,,0.0693193717277487,0.0568935427574171,0.0994764397905759,0.6910994764397905,0.0011102886750555,0.6516304347826087,940.0,865.0,1.2179487179487178,0.0040504050405039,-1.6472501294540615e-05,0.0002210704460818
2013-09-25,990.0,1005.0,965.0,975.0,374000.0,975.0,957.0,929.5,893.0,902.4666666666668,891.425,False,False,False,False,False,False,True,True,False,False,False,-0.0153846153846153,0.0051282051282051,,,0.0841025641025641,0.0743931623931622,0.041025641025641,0.8307692307692308,0.0019945335007758,0.666487358795051,915.0,895.0,3.9368421052631577,0.0047032474804031,0.0006528424398992,0.0008842448257203
2013-09-26,960.0,970.0,950.0,970.0,87000.0,970.0,965.0,936.0,896.4,904.0,892.9,False,False,False,False,False,False,True,True,False,True,False,-0.0051546391752577,0.0103092783505154,,,0.0758762886597938,0.068041237113402,0.056701030927835,0.7474226804123711,0.0016961651917402,0.6757478632478633,915.0,905.0,0.232620320855615,0.003792949576082,-0.0009102979043211,-0.0002983683090355
2013-09-27,995.0,1040.0,965.0,1015.0,427000.0,1015.0,976.0,947.0,902.0,905.8,894.675,False,False,False,False,False,False,True,True,False,False,False,-0.0689655172413793,-0.0591133004926108,,,0.1113300492610837,0.1075862068965517,0.0049261083743842,0.8620689655172413,0.0019871936409802,0.7022175290390708,925.0,915.0,4.908045977011494,0.0062084257206208,0.0024154761445387,0.00029102844924
2013-09-30,1005.0,1005.0,990.0,995.0,52000.0,995.0,982.0,957.5,907.4,907.6,896.325,False,False,False,False,False,False,True,True,False,True,False,-0.0804020100502512,-0.0402010050251256,,,0.0880402010050251,0.0878391959798994,0.0301507537688442,0.8743718592964824,0.001983252534156,0.7227154046997389,940.0,905.0,0.1217798594847775,0.0059510689883182,-0.0002573567323026,-3.941106824207827e-06
2013-10-01,990.0,1000.0,980.0,995.0,44000.0,995.0,990.0,967.5,912.6,909.7333333333332,897.975,True,True,False,False,False,False,True,True,False,True,False,-0.0552763819095477,-0.0552763819095477,,,0.0828140703517587,0.0856951423785595,0.050251256281407,0.8592964824120602,0.002345009526601,0.7441860465116279,960.0,900.0,0.8461538461538461,0.0056980056980057,-0.0002530632903124,0.0003617569924449
2013-10-02,995.0,995.0,955.0,960.0,76000.0,960.0,987.0,972.0,916.2,911.0666666666668,899.45,False,False,False,False,False,False,True,True,False,True,False,0.0208333333333333,-0.0052083333333333,,,0.0456249999999999,0.050972222222222,0.0677083333333333,0.7447916666666666,0.0014634860237087,0.7546296296296297,955.0,920.0,1.7272727272727273,0.0039292730844793,-0.0017687326135263,-0.0008815235028923
2013-10-03,960.0,980.0,960.0,965.0,42000.0,965.0,986.0,975.5,919.8,912.0666666666668,900.95,False,False,False,False,False,False,True,True,False,True,False,0.0155440414507772,-0.0155440414507772,,,0.046839378238342,0.0548531951640758,0.077720207253886,0.8134715025906736,0.0010964110810613,0.769861609431061,970.0,920.0,0.5526315789473685,0.0039138943248531,-1.5378759626266322e-05,-0.0003670749426474
2013-10-04,960.0,960.0,940.0,945.0,40000.0,945.0,972.0,974.0,923.2,912.6666666666666,902.175,False,False,False,False,False,False,True,True,False,True,False,0.0105820105820105,0.0211640211640211,,,0.023068783068783,0.0342151675485009,0.0952380952380952,0.925925925925926,0.0006574141709274,0.7972279260780287,900.0,930.0,0.9523809523809524,0.003682842287695,-0.000231052037158,-0.0004389969101338
2013-10-07,940.0,945.0,915.0,915.0,58000.0,915.0,956.0,969.0,925.4,912.7333333333332,903.3,False,False,False,False,False,False,True,True,False,True,False,0.0437158469945355,0.0655737704918032,,,-0.0113661202185792,0.0024772313296904,0.1420765027322404,0.8907103825136612,7.304068366073265e-05,0.824045407636739,880.0,960.0,1.45,0.0023773503349902,-0.0013054919527048,-0.0005843734872667
2013-10-08,905.0,985.0,905.0,940.0,50000.0,940.0,945.0,967.5,928.8,913.0666666666668,904.6,False,False,False,False,False,False,True,True,False,False,False,0.0,0.0319148936170212,,,0.0119148936170213,0.0286524822695033,0.1117021276595744,0.7659574468085106,0.0003650700934582,0.8315245478036176,890.0,940.0,0.8620689655172413,0.0036606373815675,0.0012832870465773,0.0002920294097975
2013-10-09,940.0,980.0,920.0,980.0,62000.0,980.0,949.0,968.0,933.6,914.1333333333332,906.05,False,False,False,False,False,False,True,True,False,False,False,-0.0255102040816326,-0.010204081632653,,,0.0473469387755101,0.0672108843537416,0.0663265306122449,0.5510204081632653,0.0011668611435236,0.8032024793388429,870.0,940.0,1.24,0.0051413881748072,0.0014807507932396,0.0008017910500653
2013-10-10,980.0,980.0,980.0,980.0,10000.0,980.0,952.0,969.0,938.2,915.2666666666668,907.375,False,False,False,False,False,False,True,True,False,True,False,-0.0306122448979591,-0.0306122448979591,,,0.0426530612244897,0.0660544217687073,0.0714285714285714,0.3928571428571428,0.0012382547891327,0.7672858617131063,880.0,945.0,0.1612903225806451,0.0049030057557024,-0.0002383824191048,7.139364560912746e-05
2013-10-11,980.0,980.0,955.0,955.0,43000.0,955.0,954.0,963.0,941.4,916.2,908.525,False,False,False,False,False,False,True,True,False,True,False,0.0104712041884816,0.031413612565445,,,0.0142408376963351,0.0406282722513088,0.0890052356020942,0.4712041884816754,0.0010187004293094,0.7279335410176532,875.0,945.0,4.3,0.0033991926917356,-0.0015038130639667,-0.0002195543598233
2013-10-15,980.0,980.0,955.0,955.0,60000.0,955.0,962.0,959.0,944.4,917.6,909.7,False,False,False,False,False,False,True,True,False,True,False,0.0209424083769633,0.1099476439790576,,,0.0110994764397906,0.0391623036649214,0.0890052356020942,0.5340314136125655,0.0015257192676547,0.6934306569343066,875.0,960.0,1.3953488372093024,0.0031766200762388,-0.0002225726154967,0.0005070188383453
2013-10-16,950.0,950.0,940.0,940.0,60000.0,940.0,962.0,953.5,947.4,918.6,910.8,False,False,False,False,False,False,True,True,False,True,False,0.0319148936170212,0.1170212765957446,,,-0.0078723404255318,0.0227659574468084,0.1117021276595744,0.6648936170212766,0.0010886131069018,0.6733088620870478,865.0,930.0,1.0,0.0031665611146295,-1.0058961609369244e-05,-0.0004371061607529
2013-10-17,950.0,965.0,950.0,955.0,68000.0,955.0,957.0,953.0,950.4,919.4,912.025,False,False,False,False,False,False,True,True,False,True,False,0.0157068062827225,0.06282722513089,,,0.0048167539267015,0.0372774869109947,0.0994764397905759,0.5549738219895288,0.0008701326952359,0.6542497376705142,870.0,930.0,1.1333333333333333,0.0031565656565656,-9.995458063856e-06,-0.0002184804116658
2013-10-18,955.0,955.0,940.0,950.0,17000.0,950.0,951.0,951.5,952.2,920.0,913.15,False,False,False,False,False,False,True,True,False,True,False,0.0,0.0789473684210526,,,-0.0023157894736842,0.031578947368421,0.1052631578947368,0.6473684210526316,0.0006521739130435,0.6374146085128745,885.0,930.0,0.25,0.001890359168242,-0.0012662064883236,-0.0002179587821924
2013-10-21,955.0,965.0,955.0,965.0,22000.0,965.0,953.0,953.5,954.6,920.6666666666666,914.225,False,False,False,False,False,False,True,True,False,False,True,0.0207253886010362,0.0569948186528497,,,0.0107772020725388,0.0459412780656304,0.077720207253886,0.538860103626943,0.0007241129616219,0.5988463555322496,875.0,925.0,1.2941176470588236,0.0025141420490257,0.0006237828807837,7.193904857846897e-05
2013-10-22,965.0,975.0,965.0,975.0,35000.0,975.0,957.0,959.5,958.0,921.6,915.35,False,False,False,False,False,False,True,True,False,False,False,0.0871794871794871,0.0512820512820512,,,0.0174358974358974,0.0547692307692307,0.0666666666666666,0.4615384615384615,0.0010127314814815,0.5570609692548202,860.0,940.0,1.5909090909090908,0.0035490605427974,0.0010349184937717,0.0002886185198595
2013-10-23,975.0,975.0,955.0,970.0,24000.0,970.0,963.0,962.5,961.0,922.5333333333332,916.475,False,False,False,False,False,False,True,True,False,True,False,0.0824742268041237,0.0773195876288659,,,0.0092783505154639,0.0489347079037802,0.0824742268041237,0.5257731958762887,0.0010117068940596,0.5335064935064935,865.0,940.0,0.6857142857142857,0.0031217481789802,-0.0004273123638172,-1.0245874218926725e-06
2013-10-24,965.0,970.0,955.0,970.0,36000.0,970.0,966.0,961.5,963.2,923.2,917.55,False,False,False,False,False,False,True,True,False,True,False,0.0463917525773195,0.056701030927835,,,0.0070103092783504,0.0482474226804123,0.0824742268041237,0.5773195876288659,0.0007221259387639,0.5361414456578263,870.0,915.0,1.5,0.0022840531561462,-0.000837695022834,-0.0002895809552957
2013-10-25,965.0,965.0,945.0,950.0,58000.0,950.0,966.0,958.5,964.0,923.6,918.375,False,False,False,False,False,False,True,True,False,True,False,0.0789473684210526,0.0947368421052631,,,-0.0147368421052631,0.0277894736842105,0.1421052631578947,0.6684210526315789,0.000433087916847,0.5639019300991132,875.0,915.0,1.6111111111111112,0.0008298755186721,-0.001454177637474,-0.0002890380219168
2013-10-28,950.0,990.0,950.0,985.0,75000.0,985.0,970.0,961.5,965.0,924.3333333333334,919.3,False,False,False,False,False,False,True,True,False,False,True,0.0355329949238578,0.0507614213197969,,,0.0203045685279187,0.0615905245346869,0.1319796954314721,0.5380710659898477,0.0007933645870898,0.5704628185127405,860.0,925.0,1.293103448275862,0.0010362694300518,0.0002063939113796,0.0003602766702427
2013-10-29,980.0,1080.0,980.0,1060.0,931000.0,1060.0,987.0,972.0,968.8,925.6666666666666,920.525,False,False,False,False,False,False,True,True,False,False,False,-0.0330188679245283,-0.0141509433962264,,,0.0860377358490566,0.1267295597484277,0.1132075471698113,0.4528301886792453,0.0014404033129275,0.5612139917695473,860.0,940.0,12.413333333333334,0.0039223781998348,0.0028861087697829,0.0006470387258377
2013-10-30,1095.0,1135.0,1020.0,1050.0,981000.0,1050.0,1003.0,983.0,972.6,927.1333333333332,921.55,False,False,False,False,False,False,True,True,False,True,False,-0.0047619047619047,-0.0047619047619047,,,0.0737142857142856,0.1170158730158731,0.1714285714285714,0.4714285714285714,0.0015819371539511,0.5417090539165819,855.0,960.0,1.0537056928034372,0.003907053259305,-1.5324940529774442e-05,0.0001415338410236
2013-10-31,1035.0,1055.0,1015.0,1015.0,311000.0,1015.0,1012.0,989.0,974.2,928.1333333333332,922.275,False,False,False,False,False,False,True,True,False,True,False,0.0098522167487684,0.0295566502463054,,,0.0401970443349753,0.0855829228243022,0.2266009852216748,0.5270935960591133,0.0010774314035339,0.538928210313448,860.0,955.0,0.3170234454638124,0.0016423732293163,-0.0022646800299886,-0.0005045057504171
2013-11-01,1020.0,1040.0,1015.0,1025.0,129000.0,1025.0,1027.0,996.5,976.4,929.2,923.15,False,False,False,False,False,False,True,True,False,False,False,0.0146341463414634,0.024390243902439,,,0.0474146341463414,0.0934634146341463,0.2682926829268293,0.4829268292682926,0.0011479408810448,0.5228299046663322,865.0,970.0,0.4147909967845659,0.002253174928308,0.0006108016989916,7.050947751083042e-05
2013-11-05,1025.0,1030.0,1010.0,1020.0,90000.0,1020.0,1034.0,1002.0,976.6,930.2,923.9,False,False,False,False,False,False,True,True,False,True,False,0.0147058823529411,0.0196078431372549,,,0.0425490196078431,0.0880392156862744,0.3137254901960784,0.4803921568627451,0.0010750376263169,0.5169660678642715,875.0,900.0,0.6976744186046512,0.000204792135982,-0.0020483827923259,-7.290325472788443e-05
2013-11-06,1005.0,1025.0,1005.0,1025.0,76000.0,1025.0,1027.0,1007.0,977.8,931.0666666666668,924.8,False,False,False,False,False,False,True,True,True,False,False,0.0195121951219512,0.0146341463414634,,,0.0460487804878049,0.091642276422764,0.2780487804878049,0.4341463414634146,0.0009308320206216,0.5139026812313804,880.0,880.0,0.8444444444444444,0.0012272448353445,0.0010224526993625,-0.0001442056056952
2013-11-07,1025.0,1060.0,1025.0,1045.0,190000.0,1045.0,1026.0,1014.5,979.8,932.6,925.9,False,False,False,False,False,False,True,True,False,False,False,0.0,0.0,,,0.0623923444976077,0.1075598086124401,0.3157894736842105,0.4354066985645933,0.0016441489741938,0.5046821094135042,865.0,890.0,2.5,0.0020412329046744,0.0008139880693298,0.0007133169535722
2013-11-08,1025.0,1035.0,1015.0,1025.0,144000.0,1025.0,1028.0,1020.0,982.4,933.8666666666668,926.875,False,False,False,False,False,False,True,True,False,False,False,0.0195121951219512,0.024390243902439,,,0.0415609756097561,0.0889105691056909,0.3365853658536585,0.4439024390243902,0.0013563677898344,0.4916666666666666,880.0,870.0,0.7578947368421053,0.0026465798045602,0.0006053468998858,-0.0002877811843593
2013-11-11,1020.0,1040.0,1010.0,1040.0,170000.0,1040.0,1031.0,1029.0,985.4,935.3333333333334,927.9,False,False,False,False,False,False,True,True,False,False,False,0.0096153846153846,0.0096153846153846,,,0.0525,0.1006410256410256,0.2884615384615384,0.4278846153846153,0.0015680684248039,0.4689018464528668,905.0,880.0,1.1805555555555556,0.0030444489547391,0.0003978691501789,0.0002117006349694
2013-11-12,1040.0,1040.0,1025.0,1035.0,43000.0,1035.0,1034.0,1034.0,989.0,936.8,928.925,False,False,False,False,False,False,True,True,False,False,False,0.0048309178743961,0.0048309178743961,,,0.0444444444444444,0.0948792270531401,0.2898550724637681,0.4154589371980676,0.0015656134358097,0.456963249516441,905.0,875.0,0.2529411764705882,0.0036400404448938,0.0005955914901546,-2.454988994142048e-06
2013-11-13,1030.0,1070.0,1030.0,1045.0,186000.0,1045.0,1038.0,1032.5,994.2,938.2,929.975,False,False,False,False,False,False,True,True,False,False,False,-0.0047846889952153,-0.0047846889952153,,,0.0486124401913875,0.102200956937799,0.2440191387559808,0.4019138755980861,0.0014922191430399,0.4518159806295399,890.0,875.0,4.325581395348837,0.0052303359485013,0.0015902955036074,-7.339429276979979e-05
2013-11-14,1050.0,1050.0,1040.0,1045.0,109000.0,1045.0,1038.0,1032.0,998.4,939.6,931.025,False,False,False,False,False,False,True,True,False,True,False,0.0,0.0047846889952153,,,0.0445933014354067,0.1008612440191387,0.2200956937799043,0.3971291866028708,0.0014899957428692,0.4442829457364341,895.0,865.0,0.5860215053763441,0.0042067307692307,-0.0010236051792706,-2.2234001706786938e-06
2013-11-15,1045.0,1050.0,1035.0,1045.0,94000.0,1045.0,1042.0,1035.0,1001.0,941.3333333333334,932.05,False,False,False,False,False,False,True,True,False,True,True,0.0047846889952153,0.0047846889952153,,,0.0421052631578947,0.0992025518341307,0.2296650717703349,0.4210526315789473,0.0018413597733711,0.4338164251207729,915.0,870.0,0.8623853211009175,0.0025974025974026,-0.001609328171828,0.0003513640305018
2013-11-18,1050.0,1065.0,1050.0,1050.0,76000.0,1050.0,1044.0,1037.5,1003.8,943.1333333333332,933.075,False,False,False,False,False,False,True,True,False,False,False,0.0,0.0333333333333333,,,0.044,0.1017777777777779,0.2333333333333333,0.4047619047619047,0.001908531844207,0.4260240963855422,930.0,885.0,0.8085106382978723,0.0027894002789399,0.0001919976815373,6.717207083596307e-05
2013-11-19,1045.0,1050.0,1035.0,1040.0,65000.0,1040.0,1045.0,1039.5,1007.2,944.6666666666666,934.05,False,False,False,False,False,False,True,True,False,False,False,0.0,0.0721153846153846,,,0.0315384615384614,0.0916666666666667,0.3028846153846153,0.4182692307692308,0.0016231474947072,0.4199134199134199,960.0,875.0,0.8552631578947368,0.0033756949960286,0.0005862947170887,-0.0002853843494998
2013-11-20,1050.0,1050.0,1040.0,1040.0,82000.0,1040.0,1044.0,1041.0,1010.6,946.0,934.95,False,False,False,False,False,False,True,True,False,True,False,0.0,0.1346153846153846,,,0.0282692307692307,0.0903846153846153,0.3653846153846153,0.3701923076923077,0.0014094432699084,0.4135446685878962,965.0,860.0,1.2615384615384615,0.0033643380170195,-1.1356979009114356e-05,-0.0002137042247987
2013-11-21,1050.0,1065.0,1040.0,1045.0,159000.0,1045.0,1044.0,1041.0,1014.8,947.1333333333332,935.875,False,False,False,False,False,False,True,True,False,False,False,0.0047846889952153,0.1770334928229665,,,0.0288995215311005,0.0936523125996811,0.4066985645933014,0.3732057416267942,0.0011965932286899,0.4073006724303554,955.0,865.0,1.9390243902439024,0.0041387465510444,0.0007744085340249,-0.0002128500412184
2013-11-22,1055.0,1060.0,1030.0,1050.0,138000.0,1050.0,1045.0,1043.5,1018.6,948.4,936.675,False,False,False,False,False,False,True,True,False,True,True,0.0,0.1857142857142857,,,0.0299047619047618,0.0967619047619047,0.419047619047619,0.4095238095238095,0.0013355827358358,0.4039290848107331,975.0,870.0,0.8679245283018868,0.0037306106420577,-0.0004081359089866,0.0001389895071459
2013-11-25,1050.0,1055.0,1040.0,1050.0,79000.0,1050.0,1045.0,1044.5,1022.6,949.4666666666668,937.325,False,False,False,False,False,False,True,True,False,False,False,0.0333333333333333,0.238095238095238,,,0.026095238095238,0.0957460317460316,0.4285714285714285,0.4333333333333333,0.0011234377194216,0.4044997606510292,970.0,875.0,0.572463768115942,0.0039115978877371,0.0001809872456793,-0.0002121450164142
2013-11-26,1045.0,1050.0,1035.0,1040.0,23000.0,1040.0,1045.0,1045.0,1025.6,951.3333333333334,937.9,False,False,False,False,False,False,True,True,False,True,False,0.0721153846153846,0.2884615384615384,,,0.0138461538461539,0.0852564102564102,0.3990384615384615,0.4230769230769231,0.0019621583742115,0.4052631578947368,1015.0,860.0,0.2911392405063291,0.00292511700468,-0.000986480883057,0.0008387206547899
2013-11-27,1045.0,1050.0,1035.0,1040.0,32000.0,1040.0,1045.0,1044.5,1028.2,953.4666666666668,938.45,False,False,False,False,False,False,True,True,False,True,False,0.1346153846153846,0.2596153846153846,,,0.0113461538461538,0.083205128205128,0.4326923076923077,0.4567307692307692,0.0022374493077892,0.4107228338918142,995.0,860.0,1.391304347826087,0.0025286909161643,-0.0003964260885157,0.0002752909335777
2013-11-28,1040.0,1050.0,1035.0,1050.0,33000.0,1050.0,1046.0,1045.0,1031.4,955.6,939.1,False,False,False,False,False,False,True,True,False,False,False,0.1714285714285714,0.3095238095238095,,,0.0177142857142856,0.0899047619047618,0.4,0.4142857142857143,0.0022324543044508,0.4124401913875598,995.0,855.0,1.03125,0.0031025790188094,0.0005738881026451,-4.995003338402731e-06
2013-11-29,1040.0,1050.0,1040.0,1050.0,83000.0,1050.0,1046.0,1045.5,1034.6,958.0,939.775,False,False,False,False,False,False,True,True,False,True,False,0.1857142857142857,0.3047619047619048,,,0.0146666666666667,0.0876190476190476,0.4238095238095238,0.3904761904761905,0.0025052192066805,0.4093735054997608,960.0,860.0,2.515151515151515,0.003092982795283,-9.596223526403286e-06,0.0002727649022297
2013-12-02,1065.0,1090.0,1050.0,1085.0,682000.0,1085.0,1053.0,1049.0,1040.0,960.7333333333332,940.675,False,False,False,False,False,False,True,True,False,False,True,0.1981566820276497,0.2350230414746544,,,0.0414746543778801,0.114531490015361,0.4193548387096774,0.336405529953917,0.002845048920963,0.4022878932316492,965.0,865.0,8.216867469879517,0.0051923076923077,0.0020993248970247,0.0003398297142824
2013-12-03,1135.0,1135.0,1110.0,1115.0,658000.0,1115.0,1068.0,1056.5,1045.2,963.9333333333332,941.925,False,False,False,False,False,False,True,True,False,True,False,0.2017937219730941,0.1973094170403587,,,0.0626008968609865,0.1354857997010465,0.4170403587443946,0.3721973094170404,0.0033197316550244,0.3975390440132513,945.0,875.0,0.9648093841642228,0.0049751243781094,-0.0002171833141982,0.0004746827340614
2013-12-04,1125.0,1195.0,1125.0,1180.0,952000.0,1180.0,1096.0,1070.5,1050.0,968.0,943.5,False,False,False,False,False,False,True,True,False,True,False,0.1101694915254237,0.1016949152542373,,,0.1101694915254237,0.1796610169491525,0.3220338983050847,0.288135593220339,0.0042011019283748,0.3881363848668846,915.0,880.0,1.446808510638298,0.0045714285714285,-0.0004036958066809,0.0008813702733503
2013-12-05,1225.0,1270.0,1210.0,1230.0,1424000.0,1230.0,1132.0,1089.0,1057.2,972.8666666666668,945.5,False,False,False,False,False,False,True,True,False,False,False,0.1178861788617886,0.0365853658536585,,,0.1404878048780487,0.209051490514905,0.3130081300813008,0.2398373983739837,0.0050023984101967,0.3728191000918273,940.0,865.0,1.495798319327731,0.0068104426787741,0.0022390141073456,0.0008012964818219
2013-12-06,1205.0,1245.0,1195.0,1245.0,400000.0,1245.0,1171.0,1108.5,1066.4,977.8666666666668,947.475,False,False,False,False,False,False,True,True,False,False,False,0.1004016064257028,0.0321285140562249,,,0.1434538152610441,0.2145649263721551,0.4337349397590361,0.2931726907630522,0.0051131715298609,0.3603969327920613,980.0,880.0,0.2808988764044944,0.0086271567891973,0.0018167141104231,0.0001107731196641
2013-12-09,1260.0,1300.0,1255.0,1300.0,567000.0,1300.0,1214.0,1133.5,1077.4,983.4,949.75,False,False,False,False,False,False,True,True,False,False,False,0.0307692307692307,-0.0038461538461538,,,0.1712307692307691,0.2435384615384615,0.3038461538461538,0.2192307692307692,0.0056267371703611,0.3374503749448611,980.0,905.0,1.4175,0.0102097642472619,0.0015826074580645,0.0005135656405002
2013-12-10,1295.0,1340.0,1260.0,1340.0,394000.0,1340.0,1259.0,1163.5,1090.2,989.6,952.025,False,False,False,False,False,False,True,True,False,False,False,-0.003731343283582,0.0111940298507462,,,0.1864179104477611,0.2614925373134328,0.4104477611940298,0.1753731343283582,0.0062651576394503,0.3111302105715514,955.0,905.0,0.6948853615520282,0.0117409649605576,0.0015312007132957,0.0006384204690891
2013-12-11,1340.0,1340.0,1290.0,1310.0,329000.0,1310.0,1285.0,1190.5,1101.6,995.6,954.15,False,False,False,False,False,False,True,True,False,True,False,-0.0076335877862595,0.0839694656488549,,,0.1590839694656489,0.24,0.4236641221374045,0.1603053435114503,0.0060265166733627,0.2818143637127257,955.0,890.0,0.8350253807106599,0.0103485838779955,-0.0013923810825621,-0.0002386409660875
2013-12-12,1285.0,1375.0,1285.0,1375.0,382000.0,1375.0,1314.0,1223.0,1114.8,1002.4,956.6,False,False,False,False,False,False,True,True,False,False,False,-0.0727272727272727,0.069090909090909,,,0.1892363636363636,0.2709818181818182,0.3454545454545454,0.1018181818181818,0.0067837190742218,0.2502044153720359,940.0,895.0,1.1610942249240122,0.0118406889128095,0.0014921050348139,0.000757202400859
2013-12-13,1350.0,1430.0,1325.0,1370.0,516000.0,1370.0,1339.0,1255.0,1128.6,1009.0666666666668,958.925,False,False,False,False,False,False,True,True,False,False,False,-0.0620437956204379,0.0875912408759124,,,0.1762043795620438,0.2634549878345497,0.2226277372262773,0.0693430656934306,0.0066067653276957,0.2187250996015936,955.0,915.0,1.350785340314136,0.0122275385433279,0.0003868496305184,-0.000176953746526
2013-12-16,1370.0,1370.0,1280.0,1340.0,690000.0,1340.0,1347.0,1280.5,1140.6,1015.2666666666668,961.175,False,False,False,False,False,False,True,True,False,True,False,-0.0335820895522388,0.1194029850746268,,,0.1488059701492537,0.2423383084577113,0.3059701492537313,0.0783582089552238,0.0061067699783307,0.1940648184303006,950.0,930.0,1.337209302325581,0.0105207785376117,-0.0017067600057161,-0.0004999953493649
2013-12-17,1325.0,1365.0,1300.0,1335.0,355000.0,1335.0,1346.0,1302.5,1152.6,1021.6,963.3,False,False,False,False,False,False,True,True,False,True,False,0.0149812734082397,0.0898876404494382,,,0.1366292134831461,0.2347565543071161,0.3632958801498127,0.048689138576779,0.0061994257374053,0.163915547024952,965.0,960.0,0.5144927536231884,0.0104112441436751,-0.0001095343939366,9.26557590745546e-05
2013-12-18,1320.0,1325.0,1270.0,1300.0,419000.0,1300.0,1344.0,1314.5,1162.8,1027.4666666666667,965.3,False,False,False,False,False,False,True,True,False,True,False,0.0923076923076923,0.1461538461538461,,,0.1055384615384615,0.2096410256410256,0.3307692307692307,0.0653846153846153,0.0057098364910459,0.1430201597565614,975.0,965.0,1.180281690140845,0.0087719298245614,-0.0016393143191137,-0.0004895892463593
2013-12-19,1285.0,1310.0,1270.0,1275.0,372000.0,1275.0,1324.0,1319.0,1172.0,1033.0666666666666,967.225,False,False,False,False,False,False,True,True,False,True,False,0.1529411764705882,0.1529411764705882,,,0.0807843137254901,0.1897516339869281,0.3019607843137254,0.0705882352941176,0.0054207537429013,0.1269901440485216,970.0,955.0,0.8878281622911695,0.0078498293515358,-0.0009221004730255,-0.0002890827481446
2013-12-20,1275.0,1300.0,1270.0,1285.0,243000.0,1285.0,1307.0,1323.0,1181.6,1038.7333333333331,969.15,False,False,False,False,False,False,True,True,False,False,False,0.159533073929961,0.1634241245136186,,,0.0804669260700389,0.1916472114137485,0.1828793774319066,0.0778210116731517,0.0054553623002373,0.1065759637188208,970.0,975.0,0.6532258064516129,0.0081245768449559,0.00027474749342,3.460855733601782e-05
2013-12-24,1285.0,1325.0,1280.0,1295.0,549000.0,1295.0,1298.0,1322.5,1191.4,1044.4666666666667,971.175,False,False,False,False,False,False,True,True,False,False,False,0.1583011583011583,0.1891891891891892,,,0.0799999999999999,0.1934620334620334,0.054054054054054,0.0772200772200772,0.005489244909683,0.0926275992438563,950.0,970.0,2.259259259259259,0.0082256169212692,0.0001010400763133,3.388260944568126e-05
2013-12-25,1295.0,1370.0,1290.0,1355.0,743000.0,1355.0,1302.0,1324.0,1204.0,1050.8666666666666,973.475,False,False,False,False,False,False,True,True,False,False,False,0.07380073800738,0.1660516605166051,,,0.1114391143911439,0.2244526445264453,0.03690036900369,0.025830258302583,0.0060902112542027,0.077416918429003,985.0,1015.0,1.3533697632058288,0.0104651162790696,0.0022394993578004,0.0006009663445197
2013-12-26,1360.0,1460.0,1360.0,1420.0,924000.0,1420.0,1326.0,1335.0,1219.2,1058.0666666666666,976.05,False,False,False,False,False,False,True,True,False,False,False,0.0492957746478873,0.0985915492957746,,,0.1414084507042253,0.2548826291079812,0.0316901408450704,-0.0105633802816901,0.0068048642177556,0.0599250936329588,1060.0,995.0,1.243606998654105,0.0124671916010499,0.0020020753219802,0.0007146529635529
2013-12-27,1450.0,1480.0,1400.0,1470.0,464000.0,1470.0,1365.0,1344.5,1236.2,1066.1333333333334,978.925,False,False,False,False,False,False,True,True,False,False,False,0.0,0.0986394557823129,,,0.159047619047619,0.2747392290249432,0.064625850340136,-0.0680272108843537,0.0075662831415709,0.0416511714391967,1050.0,995.0,0.5021645021645021,0.0137518200938359,0.001284628492786,0.0007614189238152
2013-12-30,1495.0,1520.0,1475.0,1490.0,308000.0,1490.0,1406.0,1356.5,1253.8,1074.2666666666669,981.775,False,False,False,False,False,False,True,True,False,False,False,0.0033557046979865,0.197986577181208,,,0.1585234899328859,0.2790156599552571,-0.0033557046979865,-0.0906040268456375,0.0075710562244012,0.0243273129377073,1015.0,960.0,0.6637931034482759,0.0140373265273567,0.0002855064335208,4.773082830298626e-06
2014-01-06,1490.0,1505.0,1460.0,1500.0,264000.0,1500.0,1447.0,1372.5,1271.8,1082.2,984.7,False,False,False,False,False,False,True,True,False,False,False,0.0266666666666666,0.13,,,0.1521333333333333,0.2785333333333333,0.0433333333333333,-0.0866666666666666,0.0073307460112115,0.0069216757741347,1025.0,965.0,0.8571428571428571,0.0141531687372228,0.000115842209866,-0.0002403102131896
2014-01-07,1500.0,1510.0,1435.0,1455.0,369000.0,1455.0,1467.0,1384.5,1288.4,1089.5333333333333,987.4,False,False,False,False,False,False,True,True,False,True,False,0.0859106529209622,0.2989690721649484,,,0.1145017182130583,0.2511798396334479,0.0206185567010309,-0.0481099656357388,0.006730710395888,-0.002889129649693,1020.0,945.0,1.3977272727272727,0.0128841974542068,-0.0012689712830159,-0.0006000356153234
2014-01-08,1465.0,1490.0,1455.0,1490.0,122000.0,1490.0,1481.0,1403.5,1306.4,1097.5333333333333,989.975,False,False,False,False,False,False,True,True,False,False,False,0.046979865771812,0.2516778523489933,,,0.123221476510067,0.263400447427293,-0.0436241610738255,-0.0838926174496644,0.0072890724655287,-0.0178126113288208,1025.0,915.0,0.3306233062330623,0.0137783221065523,0.0008941246523454,0.0005583620696406
2014-01-09,1460.0,1490.0,1455.0,1470.0,162000.0,1470.0,1481.0,1423.0,1323.2,1105.2,992.5,False,False,False,False,False,False,True,True,False,True,False,0.0986394557823129,0.2585034013605442,,,0.0998639455782312,0.2481632653061224,0.0068027210884353,-0.0816326530612244,0.0069369043310412,-0.0323260716795502,1045.0,940.0,1.3278688524590163,0.0126964933494558,-0.0010818287570965,-0.0003521681344875
2014-01-10,1470.0,1500.0,1470.0,1495.0,107000.0,1495.0,1482.0,1444.0,1341.0,1112.9333333333334,995.15,False,False,False,False,False,False,True,True,False,False,False,0.1939799331103679,0.1204013377926421,,,0.103010033444816,0.2555629877369007,0.0234113712374581,-0.1103678929765886,0.0069486042889661,-0.0502077562326869,1025.0,980.0,0.6604938271604939,0.0132736763609246,0.0005771830114688,1.1699957924901291e-05
2014-01-14,1460.0,1600.0,1445.0,1540.0,636000.0,1540.0,1490.0,1468.5,1359.2,1121.0666666666666,997.775,False,False,False,False,False,False,True,True,False,False,False,0.1006493506493506,0.1363636363636363,,,0.1174025974025973,0.2720346320346321,0.0292207792207792,-0.1266233766233766,0.0072549952426259,-0.069458631256384,1040.0,980.0,5.94392523364486,0.0133902295467922,0.0001165531858676,0.0003063909536598
2014-01-15,1540.0,1585.0,1530.0,1580.0,240000.0,1580.0,1515.0,1491.0,1377.8,1129.3333333333333,1000.625,False,False,False,False,False,False,True,True,False,False,False,0.1962025316455696,0.1518987341772152,,,0.1279746835443038,0.2852320675105486,-0.0411392405063291,-0.1677215189873417,0.0073199527744982,-0.0885311871227364,1035.0,955.0,0.3773584905660377,0.0134997822615763,0.000109552714784,6.495753187225287e-05
2014-01-16,1590.0,1595.0,1545.0,1560.0,251000.0,1560.0,1529.0,1505.0,1393.0,1137.2666666666669,1002.95,False,False,False,False,False,False,True,True,False,True,False,0.1955128205128205,0.1089743589743589,,,0.107051282051282,0.2709829059829058,-0.0128205128205128,-0.0961538461538461,0.0069757899056219,-0.0966777408637873,1045.0,955.0,1.0458333333333334,0.0109117013639627,-0.0025880808976136,-0.0003441628688762
2014-01-17,1555.0,1615.0,1555.0,1615.0,244000.0,1615.0,1558.0,1519.5,1408.4,1146.0666666666666,1005.675,False,False,False,False,False,False,True,True,False,False,False,0.1455108359133126,0.0278637770897832,,,0.1279256965944271,0.2903611971104231,-0.0433436532507739,-0.1455108359133126,0.0076784363911346,-0.104639684106614,1045.0,940.0,0.9721115537848606,0.010934393638171,2.269227420833436e-05,0.0007026464855127
2014-01-20,1735.0,1785.0,1695.0,1785.0,560000.0,1785.0,1616.0,1549.0,1430.0,1156.8666666666666,1009.3,False,False,False,False,False,False,True,True,False,False,False,-0.0616246498599439,-0.1484593837535014,,,0.1988795518207282,0.3518954248366013,-0.1316526610644257,-0.2408963585434173,0.0093355615743675,-0.1216914138153647,1045.0,955.0,2.295081967213114,0.015104895104895,0.004170501466724,0.0016571251832328
2014-01-21,1760.0,1770.0,1685.0,1695.0,361000.0,1695.0,1647.0,1568.5,1445.8,1166.5333333333333,1012.675,False,False,False,False,False,False,True,True,False,True,False,0.0324483775811209,-0.1946902654867256,,,0.1470206489675516,0.311779744346116,-0.103244837758112,-0.247787610619469,0.0082866613327238,-0.1386675167357347,1050.0,950.0,0.6446428571428572,0.0109282058375985,-0.0041766892672965,-0.0010489002416437
2014-01-22,1725.0,1890.0,1705.0,1890.0,669000.0,1890.0,1709.0,1612.0,1467.8,1178.2,1017.225,False,False,False,False,False,False,True,True,False,False,False,-0.037037037037037,-0.2566137566137566,,,0.2233862433862434,0.3766137566137565,-0.201058201058201,-0.3518518518518518,0.0099021105641374,-0.1718362282878412,1040.0,965.0,1.853185595567867,0.0149884180406049,0.0040602122030064,0.0016154492314136
2014-01-23,1865.0,1905.0,1815.0,1865.0,502000.0,1865.0,1770.0,1649.5,1490.0,1189.8,1021.775,False,False,False,False,False,False,True,True,False,True,False,-0.0723860589812332,-0.2144772117962466,,,0.2010723860589812,0.3620375335120643,-0.2117962466487935,-0.353887399463807,0.0097495377374347,-0.2003637465898757,1040.0,975.0,0.750373692077728,0.0148993288590604,-8.908918154455422e-05,-0.0001525728267026
2014-01-24,1825.0,1890.0,1810.0,1850.0,370000.0,1850.0,1817.0,1687.5,1509.0,1201.2,1026.525,False,False,False,False,False,False,True,True,False,True,False,-0.1027027027027027,-0.154054054054054,,,0.1843243243243243,0.3507027027027026,-0.1891891891891892,-0.3675675675675676,0.0094905094905095,-0.229037037037037,1045.0,970.0,0.7370517928286853,0.0125911199469847,-0.0023082089120756,-0.0002590282469252
2014-01-27,1750.0,1750.0,1620.0,1675.0,530000.0,1675.0,1795.0,1705.5,1521.2,1210.7333333333331,1030.65,False,False,False,False,False,False,True,True,False,True,False,-0.0925373134328358,-0.1134328358208955,,,0.091820895522388,0.2771741293532339,-0.1164179104477611,-0.3432835820895522,0.0078740157480312,-0.2506596306068601,1050.0,970.0,1.4324324324324325,0.0080199842229818,-0.0045711357240028,-0.0016164937424782
2014-01-28,1700.0,1775.0,1660.0,1750.0,355000.0,1750.0,1806.0,1726.5,1537.6,1221.2,1034.95,False,False,False,False,False,False,True,True,False,False,False,-0.22,-0.1057142857142857,,,0.1213714285714286,0.3021714285714285,-0.1514285714285714,-0.3771428571428571,0.0085708046729994,-0.2745438748913988,1050.0,950.0,0.6698113207547169,0.010665972944849,0.0026459887218671,0.0006967889249681
2014-01-29,1755.0,1830.0,1755.0,1820.0,158000.0,1820.0,1792.0,1750.5,1557.0,1232.8666666666666,1039.5,False,False,False,False,False,False,True,True,False,False,False,-0.228021978021978,-0.184065934065934,,,0.1445054945054945,0.3226007326007326,-0.195054945054945,-0.4010989010989011,0.0094630400692152,-0.2973436161096829,1040.0,985.0,0.4450704225352113,0.0124598587026333,0.0017938857577842,0.0008922353962158
2014-01-30,1745.0,1755.0,1700.0,1730.0,134000.0,1730.0,1765.0,1767.5,1574.2,1243.7333333333331,1043.525,False,False,False,False,False,False,True,True,False,True,False,-0.1531791907514451,-0.176300578034682,,,0.090057803468208,0.2810789980732178,-0.1531791907514451,-0.3410404624277456,0.0087371355060033,-0.3193776520509194,1040.0,1060.0,0.8481012658227848,0.0109261847287511,-0.0015336739738821,-0.0007259045632119
2014-01-31,1770.0,1770.0,1615.0,1660.0,277000.0,1660.0,1727.0,1772.0,1589.6,1253.3333333333333,1047.075,False,False,False,False,False,False,True,True,False,True,False,-0.0572289156626506,-0.108433734939759,,,0.0424096385542169,0.2449799196787149,-0.1204819277108433,-0.2921686746987952,0.0076595744680852,-0.3326749435665914,1050.0,1050.0,2.067164179104477,0.0096879718168091,-0.0012382129119419,-0.0010775610379181
2014-02-03,1600.0,1645.0,1490.0,1520.0,535000.0,1520.0,1696.0,1745.5,1599.0,1260.5333333333333,1049.925,False,False,False,False,False,False,True,True,False,True,False,-0.0230263157894736,0.006578947368421,,,-0.0519736842105263,0.1707017543859649,-0.0230263157894736,-0.1973684210526315,0.0057118679923842,-0.3302778573474649,1050.0,1015.0,1.931407942238267,0.0058786741713571,-0.003809297645452,-0.001947706475701
2014-02-04,1360.0,1440.0,1305.0,1365.0,589000.0,1365.0,1619.0,1712.5,1601.8,1265.6666666666667,1051.875,False,False,False,False,False,False,True,True,False,True,False,0.1465201465201465,0.1611721611721611,,,-0.1734798534798534,0.0727716727716727,0.0805860805860805,-0.1208791208791208,0.0040558335528049,-0.3217518248175182,1085.0,1025.0,1.1009345794392524,0.0017480334623548,-0.0041306407090023,-0.0016560344395792
2014-02-05,1435.0,1435.0,1370.0,1405.0,235000.0,1405.0,1536.0,1664.0,1603.8,1271.6666666666667,1054.1,False,False,False,False,False,False,True,True,False,True,False,0.0569395017793594,0.0782918149466192,,,-0.1414946619217081,0.0948991696322656,0.0498220640569395,-0.1387900355871886,0.0047182175622542,-0.3028846153846153,1115.0,1020.0,0.398981324278438,0.0012470382840753,-0.0005009951782795,0.0006623840094493
2014-02-06,1405.0,1490.0,1405.0,1465.0,184000.0,1465.0,1483.0,1624.0,1605.6,1278.4666666666667,1056.675,False,False,False,False,False,False,True,True,False,True,False,-0.0273037542662116,0.0511945392491467,,,-0.0959726962457337,0.1273265073947667,-0.0273037542662116,-0.1228668941979522,0.0053188715648954,-0.2807881773399014,1180.0,1025.0,0.7829787234042553,0.0011210762331838,-0.0001259620508914,0.0006006540026411
2014-02-07,1545.0,1615.0,1505.0,1565.0,455000.0,1565.0,1464.0,1595.5,1609.4,1286.8,1059.85,False,False,False,False,False,False,True,True,False,False,False,-0.0543130990415335,-0.0127795527156549,,,-0.028370607028754,0.1777635782747604,-0.0830670926517571,-0.1853035143769968,0.0064760128484094,-0.2613600752115324,1230.0,1045.0,2.472826086956522,0.0023611283708215,0.0012400521376377,0.001157141283514
2014-02-10,1460.0,1530.0,1450.0,1485.0,525000.0,1485.0,1457.0,1576.5,1609.2,1293.8666666666666,1062.675,False,False,False,False,False,False,False,True,False,True,False,0.0303030303030303,0.0437710437710437,,,-0.0836363636363636,0.1287093153759821,-0.0033670033670033,-0.1313131313131313,0.0054616652926627,-0.2404059625753251,1245.0,1025.0,1.1538461538461535,-0.0001242853591847,-0.0024854137300062,-0.0010143475557466
2014-02-12,1495.0,1610.0,1490.0,1565.0,285000.0,1565.0,1497.0,1558.0,1611.8,1302.0666666666666,1065.775,False,False,False,False,False,False,True,True,True,False,False,0.0127795527156549,-0.0287539936102236,,,-0.0299041533546325,0.1680085197018104,-0.0383386581469648,-0.1629392971246006,0.0062976806103118,-0.2172657252888318,1300.0,1040.0,0.5428571428571428,0.0016131033627,0.0017373887218847,0.000836015317649
2014-02-13,1565.0,1565.0,1475.0,1485.0,156000.0,1485.0,1513.0,1524.5,1613.0,1309.0,1068.6,False,False,False,False,False,False,True,True,False,True,False,0.0202020202020202,0.0168350168350168,,,-0.0861952861952862,0.1185185185185185,-0.0033670033670033,-0.1212121212121212,0.0052966641201935,-0.1859626106920301,1340.0,1035.0,0.5473684210526316,0.0007439553626782,-0.0008691480000217,-0.0010010164901182
2014-02-14,1480.0,1490.0,1415.0,1425.0,215000.0,1425.0,1505.0,1494.0,1610.4,1315.0,1071.125,False,False,False,False,False,False,False,True,False,True,False,0.0807017543859649,0.031578947368421,,,-0.1301052631578948,0.0771929824561403,0.0631578947368421,-0.0947368421052631,0.0045627376425855,-0.1593038821954484,1310.0,1045.0,1.3782051282051282,-0.0016145057128663,-0.0023584610755445,-0.000733926477608
2014-02-17,1465.0,1490.0,1425.0,1480.0,85000.0,1480.0,1488.0,1476.0,1610.8,1321.8,1073.675,False,False,False,False,False,False,True,True,False,False,False,0.0439189189189189,0.0135135135135135,,,-0.0883783783783783,0.1068918918918919,0.0033783783783783,-0.1216216216216216,0.0051444999243455,-0.1405826558265582,1375.0,1045.0,0.3953488372093023,0.0002483238142537,0.00186282952712,0.00058176228176
2014-02-18,1515.0,1530.0,1495.0,1530.0,70000.0,1530.0,1497.0,1477.0,1612.2,1329.2666666666669,1076.45,False,False,False,False,False,False,True,True,False,False,False,0.0130718954248366,-0.0326797385620915,,,-0.0537254901960784,0.1311982570806099,-0.0457516339869281,-0.0947712418300653,0.0056171322533729,-0.1299932295192958,1370.0,1045.0,0.8235294117647058,0.0008683786130753,0.0006200547988216,0.0004726323290274
2014-02-19,1560.0,1605.0,1540.0,1585.0,219000.0,1585.0,1501.0,1499.0,1614.0,1337.7333333333331,1079.475,False,False,False,False,False,False,True,True,False,False,True,-0.0410094637223974,-0.0630914826498422,,,-0.0182965299684542,0.1560042060988434,-0.085173501577287,-0.0977917981072555,0.0063291139240503,-0.1274182788525683,1340.0,1050.0,3.128571428571429,0.0011152416356877,0.0002468630226123,0.0007119816706773
2014-02-20,1565.0,1580.0,1475.0,1515.0,125000.0,1515.0,1507.0,1510.0,1611.4,1344.8,1082.0,False,False,False,False,False,False,False,True,False,True,False,-0.0033003300330033,-0.033003300330033,,,-0.0636303630363036,0.1123432343234323,0.0099009900990099,-0.066006600660066,0.0052548086456475,-0.1201986754966887,1335.0,1040.0,0.5707762557077626,-0.001613503785528,-0.0027287454212157,-0.0010743052784027
2014-02-21,1545.0,1570.0,1520.0,1540.0,72000.0,1540.0,1530.0,1517.5,1610.6,1351.2,1084.7,False,False,False,False,False,False,False,True,False,False,False,-0.0454545454545454,-0.0487012987012987,,,-0.0458441558441557,0.1225974025974025,-0.0129870129870129,-0.0746753246753246,0.0047365304914151,-0.115321252059308,1300.0,1040.0,0.576,-0.0004967093008817,0.0011167944846462,-0.0005182781542324
2014-02-24,1540.0,1595.0,1535.0,1545.0,74000.0,1545.0,1543.0,1515.5,1607.8,1357.8,1087.425,False,False,False,False,False,False,False,True,False,True,False,-0.029126213592233,-0.0550161812297734,,,-0.0406472491909384,0.1211650485436893,-0.0129449838187702,-0.0485436893203883,0.0048608042421563,-0.1012867040580666,1275.0,1045.0,1.0277777777777777,-0.0017415101380768,-0.001244800837195,0.0001242737507412
2014-02-25,1585.0,1585.0,1540.0,1550.0,41000.0,1550.0,1547.0,1522.0,1598.4,1364.9333333333334,1090.275,False,False,False,False,False,False,False,True,False,True,True,-0.0451612903225806,-0.0419354838709677,,,-0.0312258064516129,0.1193978494623655,0.0387096774193548,-0.0258064516129032,0.0052261404708411,-0.090670170827858,1285.0,1050.0,0.5540540540540541,-0.0058808808808807,-0.0041393707428039,0.0003653362286847
2014-02-26,1525.0,1550.0,1510.0,1520.0,44000.0,1520.0,1534.0,1517.5,1591.4,1371.5333333333333,1092.975,False,False,False,False,False,False,False,True,False,False,False,-0.0230263157894736,-0.0296052631578947,,,-0.0469736842105263,0.0976754385964912,0.0427631578947368,-0.0460526315789473,0.0048121324065522,-0.0787479406919275,1295.0,1050.0,1.0731707317073171,-0.0043986427045368,0.0014822381763439,-0.0004140080642889
2014-02-27,1550.0,1560.0,1500.0,1510.0,118000.0,1510.0,1533.0,1520.0,1576.2,1378.0666666666666,1095.475,False,False,False,False,False,False,False,True,False,True,False,-0.0298013245033112,-0.0231788079470198,,,-0.043841059602649,0.0873730684326711,0.043046357615894,-0.0529801324503311,0.0047409414155096,-0.0720394736842105,1355.0,1040.0,2.6818181818181817,-0.0096434462631646,-0.0052448035586277,-7.119099104258182e-05
2014-02-28,1495.0,1505.0,1465.0,1470.0,46000.0,1470.0,1519.0,1524.5,1560.4,1384.0,1097.55,False,False,False,False,False,False,False,True,False,True,False,-0.0034013605442176,-0.0306122448979591,,,-0.0614965986394558,0.0585034013605442,0.0340136054421768,-0.0272108843537414,0.0042870905587669,-0.0655952771400459,1420.0,1040.0,0.3898305084745763,-0.0101256088182517,-0.000482162555087,-0.0004538508567427
2014-03-03,1500.0,1500.0,1440.0,1500.0,165000.0,1500.0,1510.0,1526.5,1546.4,1390.0666666666666,1099.8,False,False,False,False,False,False,False,True,False,False,False,-0.0266666666666666,-0.0433333333333333,,,-0.0309333333333333,0.0732888888888889,0.01,-0.06,0.0043642990743848,-0.0596134949230265,1470.0,1050.0,3.5869565217391304,-0.0090532850491464,0.0010723237691052,7.720851561797502e-05
2014-03-04,1490.0,1490.0,1465.0,1480.0,48000.0,1480.0,1496.0,1521.5,1538.6,1396.1333333333334,1102.375,False,False,False,False,False,False,False,True,False,False,False,0.0033783783783783,0.0,,,-0.0395945945945945,0.0566666666666665,-0.0101351351351351,-0.0472972972972973,0.0043453347340274,-0.054880052579691,1490.0,1050.0,0.2909090909090909,-0.0050695437410634,0.0039837413080829,-1.896434035744514e-05
2014-03-05,1495.0,1505.0,1480.0,1485.0,49000.0,1485.0,1489.0,1511.5,1528.0,1402.0666666666666,1104.9,False,False,False,False,False,False,False,True,False,True,False,-0.0067340067340067,0.0134680134680134,,,-0.0289562289562289,0.0558473625140292,-0.0269360269360269,-0.0639730639730639,0.00423184822405,-0.0512735693020178,1500.0,1085.0,1.0208333333333333,-0.006937172774869,-0.0018676290338056,-0.0001134865099773
2014-03-06,1480.0,1480.0,1445.0,1465.0,141000.0,1465.0,1480.0,1506.5,1513.8,1407.8,1107.4,False,False,False,False,False,False,False,True,False,True,False,0.0068259385665529,0.0102389078498293,,,-0.0333105802047781,0.0390443686006826,-0.0443686006825938,-0.0341296928327645,0.0040725481839276,-0.0481247925655492,1455.0,1115.0,2.877551020408163,-0.0093803672876205,-0.0024431945127515,-0.0001593000401224
2014-03-07,1475.0,1475.0,1450.0,1465.0,71000.0,1465.0,1479.0,1499.0,1503.2,1413.4,1110.025,False,False,False,False,False,False,False,True,False,False,False,-0.0273037542662116,0.0341296928327645,,,-0.0260750853242321,0.0352218430034129,-0.0546075085324232,-0.0409556313993174,0.0039620772605066,-0.0446964643095396,1490.0,1180.0,0.5035460992907801,-0.0070516232038317,0.0023287440837888,-0.0001104709234209
2014-03-10,1475.0,1500.0,1460.0,1460.0,77000.0,1460.0,1471.0,1490.5,1495.2,1418.9333333333334,1112.725,False,False,False,False,False,False,False,True,False,False,False,-0.0171232876712328,0.0171232876712328,,,-0.0241095890410959,0.0281278538812784,-0.0650684931506849,-0.0445205479452054,0.0038996429242623,-0.044280442804428,1470.0,1230.0,1.0845070422535212,-0.005350454788657,0.0017011684151747,-6.243433624434063e-05
2014-03-11,1485.0,1490.0,1470.0,1485.0,37000.0,1485.0,1472.0,1484.0,1493.8,1424.8,1115.35,False,False,False,False,False,False,False,True,False,False,False,-0.0033670033670033,-0.0168350168350168,,,-0.0059259259259258,0.0405387205387205,-0.0673400673400673,-0.0639730639730639,0.0041175369642522,-0.0481805929919137,1495.0,1245.0,0.4805194805194805,-0.0009372071227741,0.0044132476658828,0.0002178940399898
2014-03-12,1485.0,1495.0,1470.0,1475.0,32000.0,1475.0,1470.0,1479.5,1498.2,1430.4666666666667,1117.875,False,False,False,False,False,False,True,True,True,False,False,0.0203389830508474,-0.0169491525423728,,,-0.015728813559322,0.0301920903954802,-0.0542372881355932,-0.047457627118644,0.003961411194482,-0.0483271375464684,1540.0,1300.0,0.8648648648648649,0.0029368575624082,0.0038740646851824,-0.0001561257697701
2014-03-13,1480.0,1485.0,1460.0,1475.0,31000.0,1475.0,1472.0,1476.0,1501.0,1436.2666666666669,1120.325,False,False,False,False,False,False,True,True,False,True,False,0.0033898305084745,0.0372881355932203,,,-0.0176271186440677,0.0262598870056495,-0.0576271186440678,-0.0440677966101694,0.0040382473078352,-0.0474254742547425,1580.0,1340.0,0.96875,0.0018654230512991,-0.0010714345111091,7.683611335321337e-05
2014-03-14,1440.0,1475.0,1420.0,1425.0,131000.0,1425.0,1464.0,1471.5,1499.4,1441.4,1122.375,False,False,False,False,False,False,False,True,False,True,False,0.0631578947368421,0.0666666666666666,,,-0.0522105263157895,-0.0115087719298246,-0.0140350877192982,-0.0175438596491228,0.003561352388881,-0.0465511382942575,1560.0,1310.0,4.225806451612903,-0.0010670935040682,-0.0029325165553673,-0.0004768949189541
2014-03-17,1400.0,1450.0,1400.0,1435.0,158000.0,1435.0,1459.0,1465.0,1494.2,1446.6,1124.9,False,False,False,False,False,False,False,True,False,True,False,0.0348432055749128,0.0627177700348432,,,-0.0412543554006969,-0.0080836236933797,-0.0452961672473867,-0.0209059233449477,0.0035946356974974,-0.0426621160409556,1615.0,1375.0,1.2061068702290076,-0.0034801231428189,-0.0024130296387506,3.328330861635887e-05
2014-03-18,1440.0,1480.0,1440.0,1480.0,83000.0,1480.0,1458.0,1465.0,1494.0,1452.3333333333333,1127.625,False,False,False,False,False,False,False,True,False,False,False,-0.0135135135135135,0.0878378378378378,,,-0.0094594594594594,0.0186936936936937,-0.0844594594594594,-0.0337837837837837,0.0039476704154234,-0.041296928327645,1785.0,1370.0,0.5253164556962026,-0.0001338688085676,0.0033462543342512,0.000353034717926
2014-03-19,1500.0,1515.0,1485.0,1505.0,99000.0,1505.0,1464.0,1467.0,1491.6,1458.4,1130.525,False,False,False,False,True,False,False,True,False,True,False,-0.0365448504983388,0.0531561461794019,,,0.0089036544850498,0.0309634551495016,-0.0897009966777408,-0.0465116279069767,0.0041598098372646,-0.0395364689843217,1695.0,1340.0,1.1927710843373494,-0.001609010458568,-0.0014751416500004,0.0002121394218412
2014-03-20,1505.0,1520.0,1450.0,1480.0,128000.0,1480.0,1465.0,1468.5,1491.4,1464.2666666666669,1133.3,False,False,False,False,False,False,False,True,False,False,False,0.0337837837837837,0.0641891891891891,,,-0.0077027027027027,0.0106306306306304,-0.0641891891891891,-0.0472972972972973,0.0040065561828447,-0.0408580183861082,1890.0,1335.0,1.292929292929293,-0.0001341021858655,0.0014749082727025,-0.0001532536544199
2014-03-24,1515.0,1515.0,1485.0,1515.0,98000.0,1515.0,1483.0,1473.5,1495.0,1470.6,1136.175,False,False,False,False,False,False,True,True,True,False,False,0.0033003300330033,0.0033003300330033,,,0.0132013201320132,0.0293069306930693,-0.099009900990099,-0.0825082508250825,0.0043066322136087,-0.0451306413301662,1865.0,1300.0,0.765625,0.0024080267558527,0.0025421289417182,0.000300076030764
2014-03-25,1475.0,1510.0,1475.0,1485.0,28000.0,1485.0,1493.0,1476.0,1495.2,1476.4,1139.1,False,False,False,False,False,False,True,True,False,True,False,0.0269360269360269,0.0202020202020202,,,-0.0068686868686868,0.0057912457912457,-0.0909090909090909,-0.0673400673400673,0.0039284746681117,-0.0474254742547425,1850.0,1275.0,0.2857142857142857,0.0001337613697164,-0.0022742653861363,-0.000378157545497
2014-03-26,1475.0,1510.0,1450.0,1460.0,161000.0,1460.0,1489.0,1473.5,1492.4,1481.8666666666666,1141.875,False,False,False,False,False,False,False,True,False,True,False,0.1027397260273972,0.0034246575342465,,,-0.0221917808219178,-0.0149771689497716,-0.0890410958904109,-0.0445205479452054,0.003689040849379,-0.0454699694604682,1675.0,1285.0,5.75,-0.0018761726078798,-0.0020099339775963,-0.0002394338187327
2014-03-27,1420.0,1465.0,1420.0,1450.0,64000.0,1450.0,1478.0,1471.0,1487.0,1486.7333333333331,1144.725,False,False,False,False,False,False,False,True,False,True,False,0.093103448275862,-0.0034482758620689,,,-0.0255172413793103,-0.0253333333333331,-0.0724137931034482,-0.0448275862068965,0.0032733958118469,-0.0452073419442556,1750.0,1295.0,0.3975155279503105,-0.0036314727639543,-0.0017553001560744,-0.000415645037532
2014-03-28,1475.0,1530.0,1440.0,1530.0,75000.0,1530.0,1488.0,1476.5,1487.6,1492.2666666666669,1147.95,False,False,False,False,True,False,True,True,False,False,True,0.0294117647058823,-0.0849673202614379,,,0.0277124183006536,0.0246623093681915,-0.1405228758169934,-0.088235294117647,0.0037080057183705,-0.0497798848628513,1820.0,1355.0,1.171875,0.0004033342296315,0.0040348069935858,0.0004346099065236
2014-03-31,1530.0,1535.0,1500.0,1520.0,102000.0,1520.0,1489.0,1486.0,1486.8,1496.8,1151.025,False,False,False,False,False,False,False,True,False,True,False,0.0,-0.0888157894736842,,,0.0218421052631579,0.0152631578947368,-0.0723684210526315,-0.0855263157894736,0.0030286834135041,-0.0565275908479138,1730.0,1420.0,1.36,-0.0005380683346784,-0.00094140256431,-0.0006793223048663
2014-04-01,1520.0,1545.0,1485.0,1525.0,91000.0,1525.0,1497.0,1495.0,1486.0,1500.7333333333331,1154.25,False,False,False,False,False,False,False,True,False,True,False,-0.0065573770491803,-0.1049180327868852,,,0.0255737704918032,0.015912568306011,-0.0950819672131147,-0.0852459016393442,0.0026209408733506,-0.062876254180602,1660.0,1470.0,0.8921568627450981,-0.0005383580080753,-2.896733968659349e-07,-0.0004077425401534
2014-04-02,1535.0,1615.0,1535.0,1610.0,201000.0,1610.0,1527.0,1508.0,1488.4,1505.6,1158.1,False,False,False,False,False,False,True,True,True,False,False,-0.0900621118012422,-0.139751552795031,,,0.0755279503105589,0.0648447204968944,-0.1583850931677018,-0.1366459627329192,0.0032323769040029,-0.0736074270557029,1520.0,1490.0,2.208791208791209,0.0016124697661919,0.0021508277742672,0.0006114360306522
2014-04-03,1600.0,1615.0,1585.0,1585.0,44000.0,1585.0,1554.0,1516.0,1491.0,1509.4,1161.75,False,False,False,False,False,False,True,True,False,False,False,-0.0883280757097791,-0.1198738170347003,,,0.0593059936908517,0.0476971608832807,-0.195583596214511,-0.1198738170347003,0.0025175566450246,-0.0811345646437994,1365.0,1500.0,0.2189054726368159,0.0017437961099932,0.0001313263438012,-0.0007148202589782
2014-04-04,1585.0,1600.0,1560.0,1575.0,78000.0,1575.0,1563.0,1525.5,1493.6,1512.5333333333333,1165.225,False,False,False,False,False,False,True,True,False,True,False,-0.1111111111111111,-0.1174603174603174,,,0.0516825396825397,0.0396613756613756,-0.2222222222222222,-0.1174603174603174,0.0020715796897037,-0.0881678138315306,1405.0,1455.0,1.7727272727272727,0.001740760578468,-3.035531525162182e-06,-0.0004459769553209
2014-04-07,1550.0,1560.0,1510.0,1520.0,55000.0,1520.0,1563.0,1526.0,1495.6,1515.3333333333333,1168.525,False,False,False,False,False,False,True,True,False,True,False,-0.0888157894736842,-0.0756578947368421,,,0.0160526315789474,0.0030701754385965,-0.2072368421052631,-0.0756578947368421,0.0018477782666079,-0.087483617300131,1465.0,1490.0,0.7051282051282052,0.0013372559507889,-0.000403504627679,-0.0002238014230957
2014-04-08,1520.0,1520.0,1505.0,1515.0,72000.0,1515.0,1561.0,1529.0,1496.2,1517.2,1171.925,False,False,False,False,False,False,True,True,False,True,False,-0.099009900990099,-0.0957095709570957,,,0.0124092409240923,-0.0014521452145214,-0.2277227722772277,-0.0726072607260726,0.0012303365849372,-0.0879659908436886,1565.0,1470.0,1.309090909090909,0.0004010159069644,-0.0009362400438245,-0.0006174416816707
2014-04-09,1490.0,1490.0,1465.0,1465.0,19000.0,1465.0,1532.0,1529.5,1495.6,1518.4666666666667,1174.95,False,False,False,False,False,False,False,True,False,True,False,-0.0546075085324232,-0.0750853242320819,,,-0.0208873720136518,-0.0364960182025028,-0.2491467576791808,0.0068259385665529,0.0008341748254818,-0.0830336711343576,1485.0,1495.0,0.2638888888888889,-0.0004011767852367,-0.0008021926922011,-0.0003961617594554
2014-04-10,1495.0,1495.0,1440.0,1445.0,65000.0,1445.0,1504.0,1529.0,1494.0,1519.8666666666666,1177.725,False,False,False,False,False,False,False,True,False,True,False,-0.0346020761245674,-0.0519031141868512,,,-0.0339100346020761,-0.0518108419838522,-0.245674740484429,0.0484429065743944,0.0009211334327571,-0.0742315238718116,1565.0,1540.0,3.421052631578948,-0.0010709504685407,-0.0006697736833039,8.695860727533401e-05
2014-04-11,1415.0,1440.0,1375.0,1400.0,138000.0,1400.0,1469.0,1516.0,1491.4,1520.7333333333331,1180.225,False,False,False,False,False,False,False,True,False,True,False,-0.0071428571428571,-0.0107142857142857,,,-0.0652857142857143,-0.086238095238095,-0.2214285714285714,0.0428571428571428,0.0005699004866072,-0.0620052770448548,1485.0,1580.0,2.123076923076923,-0.0017433284162531,-0.0006723779477123,-0.0003512329461499
2014-04-14,1385.0,1410.0,1385.0,1385.0,25000.0,1385.0,1442.0,1502.5,1488.2,1521.8666666666666,1182.6,False,False,False,False,False,False,False,True,False,True,False,0.0144404332129963,-0.0144404332129963,,,-0.0745126353790614,-0.0988206979542718,-0.1768953068592057,0.0613718411552346,0.0007446994918521,-0.0482529118136439,1425.0,1560.0,0.181159420289855,-0.002150248622497,-0.0004069202062438,0.0001747990052449
2014-04-15,1400.0,1400.0,1365.0,1365.0,35000.0,1365.0,1412.0,1486.5,1484.4,1523.0666666666666,1184.85,False,False,False,False,False,False,False,True,False,True,False,0.0036630036630036,-0.0109890109890109,,,-0.0874725274725275,-0.1157997557997557,-0.1391941391941392,0.0549450549450549,0.0007878840934956,-0.0349815001681802,1480.0,1615.0,1.4,-0.0025599568849366,-0.0004097082624396,4.318460164342783e-05
2014-04-16,1385.0,1400.0,1365.0,1385.0,43000.0,1385.0,1396.0,1464.0,1480.4,1524.4,1187.275,False,False,False,False,False,False,False,True,False,True,False,-0.0216606498194945,-0.03971119133574,,,-0.0688808664259928,-0.1006498194945849,-0.1191335740072202,0.03971119133574,0.0008746610688359,-0.0167349726775956,1530.0,1785.0,1.2285714285714286,-0.0027019724398811,-0.0001420155549444,8.677697534031643e-05
2014-04-17,1390.0,1405.0,1385.0,1395.0,19000.0,1395.0,1386.0,1445.0,1477.2,1525.7333333333331,1189.775,False,False,False,False,False,False,False,True,False,False,False,-0.017921146953405,-0.03584229390681,,,-0.0589247311827957,-0.0937156511350058,-0.1397849462365591,-0.039426523297491,0.0008738967054092,-0.0076124567474048,1585.0,1695.0,0.4418604651162791,-0.0021662604928242,0.0005357119470568,-7.643634267034396e-07
2014-04-18,1405.0,1405.0,1390.0,1390.0,12000.0,1390.0,1384.0,1426.5,1473.8,1526.2,1192.3,False,False,False,False,False,False,False,True,False,True,False,-0.0035971223021582,-0.0539568345323741,,,-0.0602877697841726,-0.0979856115107914,-0.1294964028776978,0.0215827338129496,0.0003057703228062,0.0073606729758149,1515.0,1890.0,0.631578947368421,-0.0023069615958746,-0.0001407011030503,-0.0005681263826029
2014-04-21,1390.0,1405.0,1380.0,1405.0,11000.0,1405.0,1388.0,1415.0,1473.0,1526.0,1195.075,False,False,False,False,False,False,False,False,False,False,False,-0.0284697508896797,0.0035587188612099,,,-0.0483985765124555,-0.0861209964412811,-0.0854092526690391,-0.0249110320284697,-0.0001310615989515,0.0130742049469964,1540.0,1865.0,0.9166666666666666,-0.0005431093007467,0.0017638522951279,-0.0004368319217578
2014-04-22,1385.0,1395.0,1370.0,1370.0,42000.0,1370.0,1389.0,1400.5,1470.4,1524.6666666666667,1197.6,False,False,False,False,False,False,False,False,False,True,False,-0.0145985401459854,0.0072992700729927,,,-0.0732846715328467,-0.1128953771289538,-0.0693430656934306,0.0291970802919708,-0.0008745080891997,0.0239200285612281,1545.0,1850.0,3.8181818181818175,-0.0017682263329705,-0.0012251170322238,-0.0007434464902482
2014-04-23,1375.0,1385.0,1350.0,1355.0,57000.0,1355.0,1383.0,1389.5,1465.4,1522.8666666666666,1199.9,False,False,False,False,False,False,False,False,False,True,False,-0.018450184501845,0.0,,,-0.0814760147601476,-0.1238868388683886,-0.047970479704797,0.018450184501845,-0.001181981350961,0.0251889168765743,1550.0,1675.0,1.3571428571428572,-0.0034120376688958,-0.0016438113359253,-0.0003074732617612
2014-04-24,1365.0,1370.0,1355.0,1370.0,46000.0,1370.0,1378.0,1382.0,1460.0,1521.1333333333334,1202.225,False,False,False,False,False,False,False,False,False,True,False,-0.0182481751824817,-0.0693430656934306,,,-0.0656934306569343,-0.110316301703163,-0.0437956204379562,0.0072992700729927,-0.0011395012490685,0.0209840810419681,1520.0,1750.0,0.8070175438596491,-0.0036986301369863,-0.0002865924680904,4.248010189248936e-05
2014-04-25,1385.0,1390.0,1375.0,1385.0,24000.0,1385.0,1377.0,1380.5,1456.2,1520.2,1204.575,False,False,False,False,False,False,False,False,False,False,False,-0.0505415162454873,-0.1155234657039711,,,-0.0514079422382671,-0.0976173285198556,-0.0577617328519855,-0.0072202166064981,-0.0006139543042582,0.0159362549800796,1510.0,1820.0,0.5217391304347826,-0.0026095316577392,0.001089098479247,0.0005255469448102
2014-04-28,1410.0,1410.0,1360.0,1365.0,19000.0,1365.0,1369.0,1378.5,1450.2,1518.5333333333333,1206.875,False,False,False,False,False,False,False,False,False,True,False,0.0329670329670329,-0.1172161172161172,,,-0.0624175824175824,-0.1124786324786324,-0.0549450549450549,0.0109890109890109,-0.0010975502678023,0.0108813928182807,1470.0,1730.0,0.7916666666666666,-0.0041373603640877,-0.0015278287063484,-0.000483595963544
2014-04-30,1390.0,1390.0,1340.0,1350.0,84000.0,1350.0,1365.0,1377.0,1444.8,1516.9333333333334,1209.125,False,False,False,False,False,False,False,False,False,False,False,0.0222222222222222,-0.1333333333333333,,,-0.0702222222222221,-0.1236543209876543,-0.037037037037037,0.0259259259259259,-0.0010547596027071,0.0079883805374001,1500.0,1660.0,4.421052631578948,-0.0037375415282392,0.0003998188358484,4.279066509515909e-05
2014-05-01,1350.0,1350.0,1305.0,1330.0,52000.0,1330.0,1360.0,1371.5,1439.6,1514.7333333333331,1211.175,False,False,False,False,False,False,False,False,False,False,False,0.018796992481203,-0.1729323308270676,,,-0.0824060150375939,-0.1388972431077692,0.0413533834586466,0.0451127819548872,-0.0014524008626382,0.0083849799489609,1480.0,1520.0,0.6190476190476191,-0.0036121144762434,0.0001254270519958,-0.0003976412599311
2014-05-02,1350.0,1350.0,1325.0,1345.0,28000.0,1345.0,1355.0,1366.5,1435.4,1512.1333333333334,1213.3,False,False,False,False,False,False,False,False,False,False,False,-0.0520446096654275,-0.1895910780669145,,,-0.0672118959107807,-0.1242627013630731,0.0631970260223048,0.0297397769516728,-0.0017194250947886,0.0153677277716794,1485.0,1365.0,0.5384615384615384,-0.0029260136547302,0.0006861008215131,-0.0002670242321503
2014-05-07,1340.0,1360.0,1315.0,1315.0,14000.0,1315.0,1341.0,1359.0,1426.8,1508.6,1215.225,False,False,False,False,False,False,False,False,False,True,False,-0.0684410646387832,-0.1711026615969581,,,-0.085019011406844,-0.1472243346007604,0.0760456273764258,0.0418250950570342,-0.0023421273586991,0.0172921265636497,1465.0,1405.0,0.5,-0.0060274740678442,-0.0031014604131139,-0.0006227022639105
2014-05-08,1320.0,1475.0,1310.0,1410.0,323000.0,1410.0,1350.0,1359.5,1422.4,1506.6,1217.475,False,False,False,False,False,False,False,False,False,False,False,-0.1453900709219858,-0.1914893617021276,,,-0.0087943262411348,-0.0685106382978722,0.0106382978723404,-0.0283687943262411,-0.0013274923669188,0.0169179845531445,1465.0,1465.0,23.071428571428573,-0.0030933633295837,0.0029341107382605,0.0010146349917802
2014-05-09,1415.0,1415.0,1370.0,1380.0,52000.0,1380.0,1356.0,1360.5,1416.6,1503.4666666666667,1219.675,False,False,False,False,False,False,False,False,False,True,False,-0.1521739130434782,-0.1485507246376811,,,-0.0265217391304347,-0.0894685990338164,0.0652173913043478,-0.0108695652173913,-0.0020840723660871,0.0128629180448364,1460.0,1565.0,0.1609907120743034,-0.0040943103204857,-0.001000946990902,-0.0007565799991682
2014-05-12,1400.0,1405.0,1355.0,1355.0,32000.0,1355.0,1361.0,1360.5,1406.4,1497.7333333333331,1221.75,False,False,False,False,False,False,False,False,False,True,False,-0.1881918819188192,-0.0996309963099631,,,-0.0379335793357934,-0.1053382533825336,0.1143911439114391,0.014760147601476,-0.0038280067657795,0.0124954061006982,1485.0,1485.0,0.6153846153846154,-0.0072525597269623,-0.0031582494064765,-0.0017439343996923
2014-05-13,1365.0,1375.0,1275.0,1275.0,150000.0,1275.0,1347.0,1351.0,1394.0,1492.1333333333334,1223.4,False,False,False,False,False,False,False,False,False,True,False,-0.1450980392156863,-0.0588235294117647,,,-0.0933333333333333,-0.1703006535947713,0.1372549019607843,0.0745098039215686,-0.0037530158162807,0.0188749074759437,1475.0,1565.0,4.6875,-0.0088952654232425,-0.0016427056962802,7.499094949883593e-05
2014-05-14,1250.0,1265.0,1220.0,1225.0,143000.0,1225.0,1329.0,1335.0,1380.0,1483.2666666666669,1224.8,False,False,False,False,False,False,False,False,False,True,False,-0.110204081632653,-0.0122448979591836,,,-0.1265306122448979,-0.2108299319727893,0.1673469387755102,0.1428571428571428,-0.0059777967549102,0.0329588014981273,1475.0,1485.0,0.9533333333333334,-0.0101449275362318,-0.0012496621129893,-0.0022247809386295
2014-05-15,1225.0,1225.0,1185.0,1205.0,84000.0,1205.0,1288.0,1319.0,1367.4,1474.4666666666667,1226.025,False,False,False,False,False,False,False,False,False,False,False,-0.0539419087136929,0.0663900414937759,,,-0.1347717842323652,-0.2236237897648686,0.1867219917012448,0.1784232365145228,-0.0059682597097256,0.048521607278241,1425.0,1425.0,0.5874125874125874,-0.0092145677928915,0.0009303597433403,9.53704518458654e-06
2014-05-16,1205.0,1205.0,1155.0,1170.0,48000.0,1170.0,1246.0,1301.0,1353.6,1465.4,1227.225,False,False,False,False,False,False,False,False,False,True,False,0.0042735042735042,0.0897435897435897,,,-0.1569230769230768,-0.2524786324786325,0.2051282051282051,0.2564102564102564,-0.0061871616395977,0.0695618754803996,1435.0,1480.0,0.5714285714285714,-0.010195035460993,-0.0009804676681014,-0.0002189019298721
2014-05-19,1165.0,1175.0,1065.0,1100.0,155000.0,1100.0,1195.0,1278.0,1339.0,1457.7333333333331,1228.075,False,False,False,False,False,False,False,False,False,True,False,0.109090909090909,0.1727272727272727,,,-0.2172727272727272,-0.325212121212121,0.2818181818181818,0.3318181818181818,-0.0052593066861796,0.094679186228482,1480.0,1530.0,3.2291666666666665,-0.0109036594473487,-0.0007086239863556,0.0009278549534181
2014-05-20,1110.0,1110.0,1075.0,1090.0,122000.0,1090.0,1158.0,1252.5,1324.8,1448.9333333333334,1228.875,False,False,False,False,False,False,False,False,False,False,False,0.1009174311926605,0.2018348623853211,,,-0.2154128440366972,-0.329296636085627,0.2752293577981651,0.3348623853211009,-0.0060734333302657,0.1225548902195608,1505.0,1585.0,0.7870967741935484,-0.0107185990338164,0.0001850604135322,-0.000814126644086
2014-05-21,1105.0,1115.0,1075.0,1090.0,52000.0,1090.0,1131.0,1230.0,1312.4,1439.2,1229.7,False,False,False,False,False,False,False,False,False,False,False,0.110091743119266,0.1972477064220183,,,-0.2040366972477065,-0.3203669724770642,0.2981651376146789,0.3027522935779816,-0.0067630164906429,0.1471544715447154,1480.0,1515.0,0.4262295081967213,-0.0094483389210605,0.0012702601127559,-0.0006895831603772
2014-05-22,1105.0,1150.0,1105.0,1140.0,124000.0,1140.0,1118.0,1203.0,1302.6,1431.3333333333333,1230.7,False,False,False,False,False,False,False,False,False,False,False,0.1271929824561403,0.131578947368421,,,-0.1426315789473683,-0.2555555555555555,0.2324561403508772,0.2324561403508772,-0.0054960409874243,0.1758104738154613,1515.0,1540.0,2.3846153846153846,-0.0075234147090435,0.0019249242120169,0.0012669755032185
2014-05-23,1165.0,1180.0,1160.0,1175.0,41000.0,1175.0,1119.0,1182.5,1295.0,1424.8666666666666,1231.875,False,False,False,False,False,False,False,False,False,False,False,0.0851063829787234,0.1063829787234042,,,-0.102127659574468,-0.2126524822695034,0.1872340425531914,0.2,-0.0045384363449211,0.2,1485.0,1545.0,0.3306451612903225,-0.0058687258687257,0.0016546888403177,0.0009576046425032
2014-05-26,1210.0,1220.0,1205.0,1220.0,52000.0,1220.0,1143.0,1169.0,1288.4,1420.8666666666666,1233.4,False,False,False,False,False,False,False,False,False,False,False,0.0573770491803278,0.1352459016393442,,,-0.0560655737704918,-0.1646448087431693,0.1393442622950819,0.151639344262295,-0.002815183221508,0.2164242942686056,1460.0,1550.0,1.2682926829268293,-0.0051226327227568,0.0007460931459689,0.0017232531234131
2014-05-27,1205.0,1210.0,1200.0,1200.0,28000.0,1200.0,1165.0,1161.5,1280.6,1418.6666666666667,1234.825,False,False,False,False,False,False,False,False,False,True,False,0.0916666666666666,0.1916666666666666,,,-0.0671666666666666,-0.1822222222222222,0.1708333333333333,0.1625,-0.0015507518796991,0.2264313387860525,1450.0,1520.0,0.5384615384615384,-0.006090894893019,-0.0009682621702622,0.0012644313418088
2014-05-28,1190.0,1210.0,1185.0,1210.0,22000.0,1210.0,1189.0,1160.0,1273.4,1416.0666666666666,1236.25,False,False,False,False,False,False,False,False,False,False,False,0.0785123966942148,0.1694214876033057,,,-0.0523966942148761,-0.1703030303030302,0.1652892561983471,0.1694214876033057,-0.0018360717480345,0.2293103448275862,1530.0,1510.0,0.7857142857142857,-0.0056541542327625,0.0004367406602565,-0.0002853198683354
2014-05-29,1250.0,1305.0,1250.0,1285.0,172000.0,1285.0,1218.0,1168.0,1268.6,1413.6666666666667,1237.975,False,False,False,False,True,False,False,False,False,False,True,0.0038910505836575,0.1089494163424124,,,0.0127626459143969,-0.1001297016861219,0.0894941634241245,0.1206225680933852,-0.0016977128035839,0.2226027397260274,1520.0,1470.0,7.818181818181818,-0.0037836985653477,0.0018704556674147,0.0001383589444505
2014-05-30,1285.0,1295.0,1235.0,1275.0,61000.0,1275.0,1238.0,1178.5,1264.8,1409.8,1239.55,False,False,False,False,False,False,False,False,False,False,False,0.0196078431372549,0.1529411764705882,,,0.008,-0.1057254901960784,0.1019607843137254,0.1450980392156863,-0.0027427058211567,0.2108612643190496,1525.0,1500.0,0.3546511627906977,-0.0030044275774825,0.0007792709878652,-0.0010449930175727
2014-06-02,1290.0,1305.0,1285.0,1290.0,74000.0,1290.0,1252.0,1197.5,1262.2,1407.2,1241.225,False,False,False,False,False,False,False,False,False,False,False,0.0736434108527131,0.1705426356589147,,,0.0215503875968991,-0.0908527131782946,0.1085271317829457,0.127906976744186,-0.0018476407049459,0.1908141962421712,1610.0,1480.0,1.213114754098361,-0.0020598954206939,0.0009445321567886,0.0008950651162108
2014-06-03,1285.0,1325.0,1285.0,1310.0,62000.0,1310.0,1274.0,1219.5,1259.8,1403.8,1242.925,False,False,False,False,False,False,False,False,False,False,False,0.0916030534351145,0.1068702290076335,,,0.0383206106870229,-0.0716030534351144,0.0954198473282442,0.0916030534351145,-0.0024219974355321,0.1672816728167281,1585.0,1485.0,0.8378378378378378,-0.00190506429592,0.0001548311247738,-0.0005743567305862
2014-06-04,1310.0,1315.0,1300.0,1305.0,34000.0,1305.0,1293.0,1241.0,1256.6,1401.4,1244.95,False,False,False,False,False,False,False,False,False,True,False,0.0842911877394636,0.0957854406130268,,,0.037088122605364,-0.0738697318007663,0.0804597701149425,0.0957854406130268,-0.0017125731411444,0.1478646253021756,1575.0,1465.0,0.5483870967741935,-0.0025465541938564,-0.0006414898979364,0.0007094242943877
2014-06-05,1305.0,1305.0,1250.0,1290.0,108000.0,1290.0,1294.0,1256.0,1253.6,1399.6,1247.0,False,False,False,False,False,False,False,False,False,False,False,0.1046511627906976,0.1085271317829457,,,0.0282170542635659,-0.0849612403100774,0.0775193798449612,0.1550387596899224,-0.0012860817376394,0.1409235668789809,1520.0,1465.0,3.176470588235294,-0.0023931078493937,0.0001534463444627,0.000426491403505
2014-06-06,1290.0,1310.0,1280.0,1300.0,43000.0,1300.0,1299.0,1268.5,1251.6,1397.2,1249.05,False,False,False,False,False,False,False,False,False,False,False,0.1307692307692307,0.0846153846153846,,,0.0372307692307693,-0.0747692307692308,0.0653846153846153,0.3153846153846154,-0.0017177211565988,0.1533307055577453,1515.0,1460.0,0.3981481481481481,-0.0015979546180888,0.0007951532313048,-0.0004316394189593
2014-06-09,1355.0,1390.0,1355.0,1385.0,205000.0,1385.0,1318.0,1285.0,1253.8,1395.2666666666669,1251.625,False,False,False,False,False,False,True,False,True,False,False,0.0902527075812274,0.0180505415162454,,,0.0947292418772563,-0.0074127557160049,0.0072202166064981,0.1624548736462094,-0.0013856371541878,0.1544747081712062,1465.0,1485.0,4.767441860465116,0.0017546658159196,0.0033526204340084,0.0003320840024109
2014-06-10,1375.0,1435.0,1375.0,1430.0,219000.0,1430.0,1342.0,1308.0,1257.2,1393.2,1254.375,False,False,False,False,False,False,True,False,False,False,False,0.0139860139860139,-0.0279720279720279,,,0.1208391608391608,0.0257342657342657,-0.0314685314685314,0.1153846153846153,-0.0014833955402432,0.1494648318042813,1445.0,1475.0,1.068292682926829,0.0027044225262488,0.0009497567103292,-9.775838605535596e-05
2014-06-11,1420.0,1425.0,1405.0,1415.0,60000.0,1415.0,1364.0,1328.5,1261.2,1391.8666666666666,1257.075,False,False,False,False,False,False,True,False,False,False,False,0.0106007067137809,0.0,,,0.1086925795053003,0.0163486454652533,-0.0141342756183745,0.127208480565371,-0.0009579461634257,0.1452766277756868,1400.0,1475.0,0.273972602739726,0.0031715826197272,0.0004671600934783,0.0005254493768174
2014-06-12,1420.0,1425.0,1410.0,1425.0,93000.0,1425.0,1391.0,1342.5,1261.8,1390.3333333333333,1259.825,False,False,False,False,False,False,True,False,False,True,False,0.0035087719298245,-0.0140350877192982,,,0.1145263157894737,0.024327485380117,-0.0245614035087719,0.0982456140350877,-0.0011028530328458,0.1426443202979515,1385.0,1425.0,1.55,0.0004755111745125,-0.0026960714452147,-0.00014490686942
2014-06-13,1430.0,1480.0,1420.0,1470.0,300000.0,1470.0,1425.0,1362.0,1265.4,1389.3333333333333,1262.85,False,False,False,False,False,False,True,False,True,False,False,-0.0408163265306122,-0.0510204081632653,,,0.1391836734693877,0.054875283446712,-0.0510204081632653,0.0612244897959183,-0.0007197696737044,0.1336270190895741,1365.0,1435.0,3.225806451612903,0.0028449502133713,0.0023694390388588,0.0003830833591414
2014-06-16,1480.0,1540.0,1480.0,1510.0,285000.0,1510.0,1450.0,1384.0,1271.6,1388.8,1266.05,False,False,False,False,False,False,True,False,False,False,False,-0.0662251655629139,-0.0794701986754966,,,0.1578807947019868,0.0802649006622516,-0.0794701986754966,-0.0231788079470198,-0.0003840245775729,0.1170520231213872,1385.0,1480.0,0.95,0.0048757470902798,0.0020307968769084,0.0003357450961314
2014-06-17,1510.0,1510.0,1420.0,1450.0,154000.0,1450.0,1454.0,1398.0,1278.6,1387.8666666666666,1268.875,False,False,False,False,False,False,True,False,False,False,False,-0.0413793103448275,-0.0310344827586206,,,0.1182068965517242,0.0428505747126437,-0.0379310344827586,0.0206896551724137,-0.0006724949562878,0.1094420600858369,1395.0,1505.0,0.5403508771929825,0.0054747379946816,0.0005989909044018,-0.0002884703787149
2014-06-18,1440.0,1440.0,1420.0,1430.0,124000.0,1430.0,1457.0,1410.5,1286.8,1386.8,1271.65,False,False,False,False,False,False,True,False,False,False,False,-0.0104895104895104,-0.0139860139860139,,,0.1001398601398601,0.0302097902097902,-0.0279720279720279,0.0524475524475524,-0.0007691568118449,0.1049273307337823,1390.0,1480.0,0.8051948051948052,0.0063723966428349,0.0008976586481532,-9.66618555570996e-05
2014-06-19,1425.0,1450.0,1420.0,1430.0,78000.0,1430.0,1458.0,1424.5,1295.8,1386.2666666666669,1274.5,False,False,False,False,False,False,True,False,False,False,False,-0.0174825174825174,-0.0209790209790209,,,0.0938461538461538,0.0305827505827504,-0.0174825174825174,0.0839160839160839,-0.0003847263633738,0.0982800982800982,1405.0,1515.0,0.6290322580645161,0.006945516283377,0.000573119640542,0.0003844304484711
2014-06-20,1430.0,1435.0,1395.0,1410.0,114000.0,1410.0,1446.0,1435.5,1305.4,1385.0666666666666,1277.225,False,False,False,False,False,False,True,False,False,False,False,-0.0106382978723404,-0.0035460992907801,,,0.0741843971631205,0.0176832151300236,-0.0035460992907801,0.1063829787234042,-0.000866384289565,0.0794148380355277,1370.0,1485.0,1.4615384615384617,0.007354067718707,0.0004085514353299,-0.0004816579261912
2014-06-23,1420.0,1430.0,1395.0,1410.0,145000.0,1410.0,1426.0,1438.0,1317.8,1384.1333333333334,1279.925,False,False,False,False,False,False,True,False,False,False,False,-0.0141843971631205,0.0141843971631205,,,0.0653900709219858,0.0183451536643025,0.0460992907801418,0.0851063829787234,-0.0006743088334455,0.0719749652294853,1355.0,1460.0,1.2719298245614037,0.009409622097435,0.002055554378728,0.0001920754561194
2014-06-24,1410.0,1410.0,1390.0,1390.0,147000.0,1390.0,1414.0,1434.0,1329.8,1382.8666666666666,1282.5,False,False,False,False,False,False,True,False,False,True,False,0.0107913669064748,0.0323741007194244,,,0.0433093525179856,0.0051318944844125,0.0899280575539568,0.0863309352517985,-0.0009159716530879,0.0690376569037656,1370.0,1450.0,1.013793103448276,0.0090239133704316,-0.0003857087270033,-0.0002416628196423
2014-06-25,1390.0,1435.0,1390.0,1415.0,119000.0,1415.0,1411.0,1434.0,1342.8,1382.2,1285.275,False,False,False,False,False,False,True,False,False,False,False,-0.0035335689045936,-0.0035335689045936,,,0.0510247349823321,0.0231802120141342,0.0318021201413427,0.0212014134275618,-0.000482322866927,0.0585774058577405,1385.0,1530.0,0.8095238095238095,0.0096812630324694,0.0006573496620378,0.0004336487861609
2014-06-26,1420.0,1425.0,1395.0,1405.0,48000.0,1405.0,1406.0,1432.0,1353.4,1381.4,1288.0,False,False,False,False,False,False,True,False,False,True,False,-0.0035587188612099,-0.0106761565836298,,,0.0367259786476867,0.0167971530249109,0.0462633451957295,0.0391459074733096,-0.0005791226292167,0.0527234636871508,1365.0,1520.0,0.4033613445378151,0.0078321264962318,-0.0018491365362376,-9.679976228969233e-05
2014-06-27,1395.0,1400.0,1375.0,1395.0,88000.0,1395.0,1403.0,1424.5,1362.2,1380.5333333333333,1290.7,False,False,False,False,False,False,True,False,False,True,False,0.007168458781362,-0.007168458781362,,,0.0235125448028673,0.0103703703703703,0.032258064516129,0.014336917562724,-0.0006277767046552,0.048087048087048,1350.0,1525.0,1.8333333333333333,0.0064601380120393,-0.0013719884841924,-4.865407543858992e-05
2014-06-30,1375.0,1390.0,1365.0,1390.0,96000.0,1390.0,1399.0,1412.5,1369.0,1379.2666666666669,1293.35,False,False,False,False,False,False,True,False,False,True,False,0.0287769784172661,0.0035971223021582,,,0.0151079136690647,0.0077218225419662,0.0359712230215827,0.0107913669064748,-0.0009183624148096,0.0520353982300884,1330.0,1610.0,1.0909090909090908,0.0049671292914535,-0.0014930087205857,-0.0002905857101543
2014-07-01,1400.0,1415.0,1400.0,1405.0,46000.0,1405.0,1402.0,1408.0,1377.2,1378.3333333333333,1296.05,False,False,False,False,False,False,True,False,False,False,False,0.0213523131672597,-0.0142348754448398,,,0.0197864768683273,0.0189798339264531,-0.0462633451957295,0.0427046263345195,-0.0006771463119711,0.0543323863636363,1345.0,1585.0,0.4791666666666667,0.0059541097879756,0.000986980496522,0.0002412161028384
2014-07-02,1410.0,1415.0,1405.0,1410.0,55000.0,1410.0,1401.0,1406.0,1385.2,1377.4666666666667,1298.725,False,True,False,False,False,False,True,False,False,True,False,0.0,-0.0106382978723404,,,0.0175886524822694,0.0230732860520094,0.0070921985815602,0.0070921985815602,-0.0006291743296872,0.0497866287339971,1315.0,1575.0,1.1956521739130437,0.0057753393011839,-0.0001787704867916,4.79719822839167e-05
2014-07-03,1415.0,1415.0,1385.0,1400.0,46000.0,1400.0,1400.0,1403.0,1389.8,1377.1333333333334,1301.325,False,False,False,False,False,False,True,False,False,True,False,-0.0071428571428571,-0.0071428571428571,,,0.0072857142857143,0.0163333333333332,-0.0214285714285714,0.0428571428571428,-0.0002420487001984,0.0456165359942979,1410.0,1520.0,0.8363636363636363,0.0033098287523384,-0.0024655105488455,0.0003871256294888
2014-07-04,1410.0,1410.0,1395.0,1405.0,33000.0,1405.0,1402.0,1402.5,1395.0,1376.7333333333331,1304.025,False,False,False,False,False,False,True,False,False,False,False,-0.0142348754448398,-0.0071174377224199,,,0.0071174377224199,0.0201186239620404,0.0035587188612099,0.0320284697508896,-0.0002905428308558,0.0381461675579322,1380.0,1515.0,0.717391304347826,0.0037275985663082,0.0004177698139698,-4.8494130657455016e-05
2014-07-07,1410.0,1445.0,1400.0,1430.0,78000.0,1430.0,1410.0,1404.5,1400.6,1376.0666666666666,1306.775,False,False,False,False,False,False,True,False,False,False,False,-0.0244755244755244,-0.0279720279720279,,,0.0205594405594406,0.0377156177156177,-0.0349650349650349,0.0104895104895104,-0.0004844726515187,0.0306158775364898,1355.0,1465.0,2.363636363636364,0.0039982864486647,0.0002706878823565,-0.0001939298206628
2014-07-08,1430.0,1435.0,1415.0,1435.0,36000.0,1435.0,1416.0,1409.0,1405.6,1375.1333333333334,1309.425,False,False,False,False,False,False,True,False,False,True,False,-0.0348432055749128,-0.0278745644599303,,,0.0204878048780488,0.0417189314750289,-0.0383275261324041,0.0069686411149825,-0.0006787220633149,0.0227111426543648,1275.0,1445.0,0.4615384615384615,0.0035571997723392,-0.0004410866763255,-0.0001942494117962
2014-07-09,1410.0,1425.0,1400.0,1410.0,46000.0,1410.0,1416.0,1408.5,1409.8,1374.2,1311.95,False,False,False,False,False,False,True,False,False,True,False,-0.0106382978723404,-0.0141843971631205,,,0.0001418439716312,0.0253900709219857,-0.0248226950354609,0.0354609929078014,-0.0006791830398292,0.0241391551295704,1225.0,1400.0,1.2777777777777777,0.0029791459781529,-0.0005780537941862,-4.6097651432695286e-07
2014-07-10,1405.0,1405.0,1375.0,1390.0,74000.0,1390.0,1414.0,1407.0,1413.8,1372.5333333333333,1314.45,False,False,False,False,False,False,True,False,False,True,False,0.0,0.0107913669064748,,,-0.0171223021582733,0.0125659472422062,-0.0071942446043165,0.0431654676258992,-0.0012142995919953,0.0245202558635394,1205.0,1385.0,1.608695652173913,0.0028292544914415,-0.0001498914867114,-0.0005351165521661
2014-07-11,1370.0,1385.0,1370.0,1385.0,38000.0,1385.0,1410.0,1406.0,1417.2,1371.2,1316.9,False,False,False,False,False,False,True,False,False,True,False,0.0072202166064981,0.0144404332129963,,,-0.0232490974729242,0.0099638989169674,0.0,0.0505415162454873,-0.0009723842862698,0.0280938833570412,1170.0,1365.0,0.5135135135135135,0.0023990968106125,-0.0004301576808289,0.0002419153057255
2014-07-14,1390.0,1405.0,1385.0,1395.0,31000.0,1395.0,1403.0,1406.5,1417.6,1370.3333333333333,1319.3,False,False,False,False,False,False,True,False,False,True,False,-0.003584229390681,0.057347670250896,,,-0.016200716845878,0.0176821983273596,-0.003584229390681,0.053763440860215,-0.0006324495256629,0.0323498044792037,1100.0,1385.0,0.8157894736842105,0.0002821670428892,-0.0021169297677232,0.0003399347606069
2014-07-15,1405.0,1415.0,1385.0,1385.0,51000.0,1385.0,1393.0,1404.5,1415.8,1369.4666666666667,1321.575,False,False,False,False,False,False,False,False,False,True,False,0.0072202166064981,0.0938628158844765,,,-0.0222382671480144,0.0112154031287605,0.0,0.075812274368231,-0.0006328497712003,0.0355998576005696,1090.0,1395.0,1.6451612903225807,-0.0012713660121485,-0.0015535330550378,-4.0024553744552886e-07
2014-07-16,1390.0,1400.0,1380.0,1395.0,33000.0,1395.0,1390.0,1403.0,1415.0,1367.6666666666667,1323.75,False,False,False,False,False,False,False,False,False,False,False,-0.003584229390681,0.046594982078853,,,-0.014336917562724,0.0195937873357227,-0.017921146953405,0.1003584229390681,-0.0013161101632951,0.044903777619387,1090.0,1390.0,0.6470588235294118,-0.0005653710247349,0.0007059949874136,-0.0006832603920947
2014-07-17,1390.0,1400.0,1385.0,1390.0,25000.0,1390.0,1390.0,1402.0,1413.6,1365.9333333333334,1325.875,False,False,False,False,False,False,False,False,False,True,False,0.0107913669064748,0.0575539568345323,,,-0.0169784172661869,0.0173141486810551,-0.014388489208633,0.0287769784172661,-0.0012689735955878,0.0435092724679029,1140.0,1405.0,0.7575757575757576,-0.0009903791737408,-0.0004250081490059,4.713656770722902e-05
2014-07-18,1370.0,1395.0,1360.0,1395.0,33000.0,1395.0,1392.0,1401.0,1410.6,1364.2,1328.075,False,False,False,False,False,False,False,False,False,True,False,0.007168458781362,0.032258064516129,,,-0.0111827956989246,0.0220788530465949,-0.021505376344086,0.028673835125448,-0.001270585935591,0.0431834403997144,1175.0,1370.0,1.32,-0.0021267545725223,-0.0011363753987814,-1.6123400031903268e-06
2014-07-22,1395.0,1405.0,1390.0,1390.0,33000.0,1390.0,1391.0,1397.0,1405.8,1361.2666666666669,1330.15,False,False,False,False,False,False,False,False,False,True,False,0.0611510791366906,0.0359712230215827,,,-0.0113669064748201,0.020671462829736,-0.0107913669064748,0.0467625899280575,-0.0021548557715851,0.0468861846814602,1220.0,1355.0,1.0,-0.0034144259496371,-0.0012876713771148,-0.000884269835994
2014-07-23,1390.0,1395.0,1380.0,1395.0,18000.0,1395.0,1393.0,1393.0,1403.6,1358.7333333333331,1332.275,False,False,False,False,False,False,False,False,False,False,False,0.086021505376344,-0.039426523297491,,,-0.0061648745519712,0.0259976105137396,-0.017921146953405,0.03584229390681,-0.0018644816250432,0.0498923187365398,1200.0,1370.0,0.5454545454545454,-0.0015673981191222,0.0018470278305148,0.0002903741465419
2014-07-24,1385.0,1405.0,1385.0,1390.0,30000.0,1390.0,1392.0,1391.0,1402.0,1356.2666666666669,1334.15,False,False,False,False,False,False,False,False,False,False,False,0.0503597122302158,0.0215827338129496,,,-0.0086330935251798,0.0242685851318943,0.0071942446043165,0.0179856115107913,-0.0018187180495474,0.0481667864845434,1210.0,1385.0,1.6666666666666667,-0.0011412268188301,0.0004261713002921,4.576357549577982e-05
2014-07-25,1390.0,1410.0,1390.0,1405.0,46000.0,1405.0,1395.0,1392.5,1401.0,1354.7333333333331,1336.2,False,False,False,False,True,False,False,False,False,False,False,0.0462633451957295,-0.0249110320284697,,,0.0028469750889679,0.0357769869513643,0.0106761565836298,0.0,-0.0011318340632846,0.0438061041292639,1285.0,1365.0,1.5333333333333334,-0.0007137758743754,0.0004274509444547,0.0006868839862628
2014-07-28,1410.0,1410.0,1400.0,1405.0,18000.0,1405.0,1397.0,1394.5,1400.8,1353.2666666666669,1338.25,False,False,False,False,False,False,False,False,False,False,False,0.0249110320284697,0.0035587188612099,,,0.0029893238434164,0.0368208778173189,0.0462633451957295,-0.0213523131672597,-0.0010837972313903,0.0365722481176048,1275.0,1350.0,0.391304347826087,-0.0001427755568247,0.0005710003175507,4.803683189420543e-05
2014-07-29,1420.0,1475.0,1415.0,1475.0,385000.0,1475.0,1414.0,1402.5,1403.4,1353.4,1340.825,False,False,False,False,False,False,True,True,True,False,False,-0.023728813559322,-0.0644067796610169,,,0.0485423728813558,0.0824406779661016,-0.0067796610169491,-0.0711864406779661,9.851731441791936e-05,0.0235294117647058,1290.0,1330.0,21.38888888888889,0.0018526435798775,0.0019954191367022,0.0011823145458083
2014-07-30,1475.0,1520.0,1430.0,1515.0,946000.0,1515.0,1438.0,1415.5,1408.4,1354.3333333333333,1343.575,False,False,False,False,False,False,True,True,False,False,False,-0.1155115511551155,-0.0891089108910891,,,0.0703630363036303,0.1060506050605061,-0.0396039603960396,-0.0957095709570957,0.0006891459512674,0.0056517131755563,1310.0,1345.0,2.4571428571428573,0.0035501278046009,0.0016974842247234,0.0005906286368494
2014-07-31,1515.0,1515.0,1450.0,1460.0,288000.0,1460.0,1452.0,1422.0,1410.2,1355.1333333333334,1346.15,False,False,False,False,False,False,True,True,False,True,False,-0.0273972602739726,-0.0582191780821917,,,0.0341095890410958,0.0718264840182647,-0.0273972602739726,-0.0582191780821917,0.0005903478132534,-0.010196905766526,1305.0,1315.0,0.3044397463002114,0.0012764146929513,-0.0022737131116496,-9.879813801397056e-05
2014-08-01,1435.0,1475.0,1435.0,1470.0,111000.0,1470.0,1465.0,1430.0,1412.8,1356.2666666666669,1348.925,False,False,False,False,False,False,True,True,False,False,False,-0.0680272108843537,-0.0612244897959183,,,0.0389115646258503,0.0773696145124715,-0.0442176870748299,-0.0340136054421768,0.0008356272119544,-0.0164335664335664,1290.0,1410.0,0.3854166666666667,0.0018403171007926,0.0005639024078413,0.000245279398701
2014-08-04,1450.0,1450.0,1425.0,1440.0,55000.0,1440.0,1472.0,1434.5,1414.6,1357.2666666666669,1351.425,False,False,False,False,False,False,True,True,False,True,False,-0.0208333333333333,-0.0381944444444444,,,0.0176388888888889,0.0574537037037035,-0.0208333333333333,-0.0243055555555555,0.0007367748907117,-0.0216103171836876,1300.0,1380.0,0.4954954954954955,0.0012724445072811,-0.0005678725935115,-9.885232124273822e-05
2014-08-05,1440.0,1450.0,1410.0,1440.0,130000.0,1440.0,1465.0,1439.5,1416.6,1358.0,1353.725,False,False,False,False,False,False,True,True,False,False,False,-0.0416666666666666,-0.0347222222222222,,,0.01625,0.0569444444444444,-0.0243055555555555,-0.0069444444444444,0.0005400098183601,-0.0267453977075373,1385.0,1355.0,2.363636363636364,0.001411831144995,0.0001393866377138,-0.0001967650723515
2014-08-06,1390.0,1405.0,1300.0,1340.0,527000.0,1340.0,1430.0,1434.0,1414.0,1357.2666666666669,1355.525,False,False,False,False,False,False,False,False,False,True,False,0.0298507462686567,0.0335820895522388,,,-0.0552238805970149,-0.0128855721393036,0.0410447761194029,0.0746268656716417,-0.0005403015865217,-0.0233612273361227,1430.0,1275.0,4.053846153846154,-0.0018387553041017,-0.0032505864490968,-0.0010803114048819
2014-08-07,1315.0,1425.0,1315.0,1420.0,364000.0,1420.0,1422.0,1437.0,1414.4,1357.6666666666667,1357.85,False,False,False,False,False,False,True,True,False,False,True,-0.0316901408450704,-0.0352112676056338,,,0.0039436619718309,0.0438967136150234,-0.0035211267605633,0.0316901408450704,0.0002946231279154,-0.0219206680584551,1415.0,1225.0,0.6907020872865275,0.0002828054298643,0.002121560733966,0.0008349247144372
2014-08-08,1400.0,1400.0,1355.0,1370.0,211000.0,1370.0,1402.0,1433.5,1413.2,1357.2,1359.925,False,False,False,False,False,False,False,False,False,True,False,0.0072992700729927,0.0,,,-0.0315328467153285,0.0093430656934306,0.0510948905109489,0.0802919708029197,-0.0003438451714314,-0.0143006627136379,1425.0,1205.0,0.5796703296703297,-0.0008491367110105,-0.0011319421408748,-0.0006384682993468
2014-08-11,1405.0,1410.0,1390.0,1410.0,81000.0,1410.0,1396.0,1434.0,1413.4,1357.7333333333331,1362.275,False,False,False,False,False,False,True,True,False,False,False,-0.0177304964539007,-0.0319148936170212,,,-0.0024113475177305,0.0370685579196219,0.0354609929078014,0.1134751773049645,0.0003928115486593,-0.0010460251046025,1470.0,1170.0,0.3838862559241706,0.0001415027593038,0.0009906394703143,0.0007366567200907
2014-08-12,1410.0,1410.0,1380.0,1380.0,95000.0,1380.0,1384.0,1424.5,1411.4,1358.0666666666666,1364.4,False,False,False,False,False,False,False,True,False,True,False,0.0072463768115942,-0.0036231884057971,,,-0.0227536231884058,0.0158937198067633,0.0543478260869565,0.1376811594202898,0.0002454469589122,0.0196560196560196,1510.0,1100.0,1.1728395061728396,-0.0014170327334561,-0.0015585354927599,-0.000147364589747
2014-08-13,1380.0,1380.0,1365.0,1380.0,73000.0,1380.0,1392.0,1411.0,1409.2,1358.2,1366.55,False,False,False,False,False,False,False,True,False,True,False,0.0036231884057971,-0.0072463768115942,,,-0.0211594202898551,0.0157971014492753,0.036231884057971,0.1123188405797101,9.816914543766708e-05,0.0411055988660524,1450.0,1090.0,0.7684210526315789,-0.0015611694578484,-0.0001441367243923,-0.0001472778134746
2014-08-14,1385.0,1390.0,1365.0,1375.0,122000.0,1375.0,1383.0,1402.5,1407.8,1358.0666666666666,1368.6,False,False,False,False,False,False,False,False,False,False,False,-0.0036363636363636,0.0181818181818181,,,-0.0238545454545454,0.0123151515151515,0.04,0.1272727272727272,-9.817878356494976e-05,0.0598930481283422,1430.0,1090.0,1.6712328767123288,-0.0009944594402614,0.0005667100175869,-0.0001963479290026
2014-08-15,1375.0,1385.0,1370.0,1380.0,40000.0,1380.0,1385.0,1393.5,1407.4,1358.2666666666669,1370.625,False,False,False,False,False,False,False,True,False,False,False,-0.0072463768115942,0.0289855072463768,,,-0.0198550724637681,0.0157487922705312,0.0797101449275362,0.1268115942028985,0.0001472464906255,0.0764262648008611,1430.0,1140.0,0.3278688524590163,-0.0002842120221684,0.000710247418093,0.0002454252741904
2014-08-18,1390.0,1410.0,1380.0,1385.0,67000.0,1385.0,1380.0,1388.0,1407.4,1358.7333333333331,1372.7,False,False,False,False,False,False,False,True,False,False,False,-0.0144404332129963,0.0613718411552346,,,-0.016173285198556,0.018965102286402,0.2346570397111913,0.1299638989169675,0.0003434571414549,0.0922190201729106,1410.0,1175.0,1.675,0.0,0.0002842120221684,0.0001962106508294
2014-08-19,1395.0,1400.0,1380.0,1390.0,69000.0,1390.0,1382.0,1383.0,1407.2,1359.5333333333333,1374.8,False,False,False,False,False,False,False,True,False,True,False,-0.0107913669064748,0.0539568345323741,,,-0.0123741007194244,0.0219184652278177,0.158273381294964,0.118705035971223,0.0005884372088463,0.1052060737527115,1410.0,1220.0,1.0298507462686568,-0.0001421262080728,-0.0001421262080728,0.0002449800673913
2014-08-20,1395.0,1395.0,1380.0,1385.0,60000.0,1385.0,1383.0,1387.5,1407.2,1360.0666666666666,1376.975,False,False,False,False,False,False,False,True,False,False,True,-0.0108303249097472,0.0505415162454873,,,-0.016028880866426,0.0180024067388688,0.151624548736462,0.0866425992779783,0.0003921376403117,0.1063063063063063,1390.0,1200.0,0.8695652173913043,0.0,0.0001421262080728,-0.0001962995685345
2014-08-21,1385.0,1385.0,1365.0,1370.0,67000.0,1370.0,1382.0,1382.5,1406.2,1360.8,1378.9,False,False,False,False,False,False,False,True,False,True,False,0.0218978102189781,0.0364963503649635,,,-0.0264233576642336,0.0067153284671533,0.1642335766423357,0.1277372262773722,0.0005388986870468,0.1160940325497287,1415.0,1210.0,1.1166666666666667,-0.0007111363959607,-0.0007111363959607,0.0001467610467351
2014-08-22,1380.0,1380.0,1365.0,1370.0,38000.0,1370.0,1380.0,1382.5,1405.4,1360.2666666666669,1380.45,False,False,False,False,False,False,False,False,False,False,False,0.0364963503649635,0.0255474452554744,,,-0.0258394160583942,0.007104622871046,0.1423357664233576,0.1751824817518248,-0.0003920799843166,0.1254972875226039,1405.0,1285.0,0.5671641791044776,-0.0005692329585882,0.0001419034373724,-0.0009309786713634
2014-08-25,1370.0,1370.0,1360.0,1365.0,72000.0,1365.0,1376.0,1378.0,1404.2,1360.0666666666666,1382.025,False,False,False,False,False,False,False,False,False,True,False,0.0769230769230769,0.0329670329670329,,,-0.0287179487179487,0.0036141636141636,0.1428571428571428,0.1648351648351648,-0.0001470516151171,0.1306240928882438,1395.0,1275.0,1.894736842105263,-0.0008545791197835,-0.0002853461611952,0.0002450283691995
2014-08-26,1365.0,1380.0,1360.0,1375.0,37000.0,1375.0,1373.0,1377.5,1403.6,1360.3333333333333,1383.825,False,False,False,False,False,False,False,True,False,False,False,0.0654545454545454,0.0218181818181818,,,-0.0207999999999999,0.0106666666666667,0.0727272727272727,0.12,0.0001960303847096,0.1288566243194192,1390.0,1290.0,0.5138888888888888,-0.0004274722143061,0.0004271069054773,0.0003430819998267
2014-08-27,1375.0,1375.0,1360.0,1370.0,33000.0,1370.0,1370.0,1376.5,1402.6,1361.6,1385.55,False,False,False,False,False,False,False,True,False,True,False,0.0620437956204379,0.0182481751824817,,,-0.0237956204379561,0.0061313868613139,0.0802919708029197,0.1167883211678832,0.0009302781041911,0.1293134762077733,1405.0,1310.0,0.8918918918918919,-0.0007129616426636,-0.0002854894283574,0.0007342477194815
2014-08-28,1365.0,1415.0,1365.0,1400.0,133000.0,1400.0,1376.0,1379.0,1403.0,1363.9333333333334,1387.45,False,False,False,False,False,False,True,True,False,False,False,0.0142857142857142,0.0107142857142857,,,-0.0021428571428571,0.0257619047619047,0.075,0.1071428571428571,0.0017107385502713,0.127266134880348,1410.0,1305.0,4.03030303030303,0.0002851033499644,0.000998064992628,0.0007804604460802
2014-08-29,1400.0,1420.0,1385.0,1420.0,61000.0,1420.0,1386.0,1383.0,1403.6,1366.8,1389.425,False,False,False,True,True,False,True,True,False,False,False,-0.0105633802816901,0.0140845070422535,,,0.0115492957746479,0.0374647887323944,0.0915492957746478,0.1056338028169014,0.0020973563554774,0.1250903832248734,1400.0,1290.0,0.4586466165413533,0.000427472214306,0.0001423688643415,0.000386617805206
2014-09-01,1435.0,1475.0,1425.0,1470.0,180000.0,1470.0,1407.0,1391.5,1406.2,1370.8,1391.55,False,False,False,False,False,False,True,True,True,False,False,-0.0408163265306122,-0.0068027210884353,,,0.0434013605442176,0.0674829931972789,0.0612244897959183,0.0578231292517006,0.0029180040852057,0.117499101688825,1405.0,1300.0,2.950819672131148,0.001848954629498,0.001421482415192,0.0008206477297282
2014-09-02,1495.0,1505.0,1445.0,1465.0,198000.0,1465.0,1425.0,1399.0,1405.8,1375.6666666666667,1393.75,False,False,False,False,False,False,False,True,False,True,False,-0.0409556313993174,-0.0068259385665529,,,0.0404095563139932,0.0609783845278725,0.0443686006825938,0.0750853242320819,0.0035376787012358,0.1129378127233738,1430.0,1385.0,1.1,-0.0002845354958031,-0.0021334901253012,0.0006196746160301
2014-09-03,1480.0,1485.0,1450.0,1455.0,56000.0,1455.0,1442.0,1406.0,1403.4,1380.5333333333333,1395.825,False,False,False,False,False,False,False,True,False,True,False,-0.0412371134020618,-0.0171821305841924,,,0.0354639175257731,0.0511798396334479,0.0378006872852233,0.0824742268041237,0.0035252076492176,0.112375533428165,1435.0,1430.0,0.2828282828282828,-0.0017101325352713,-0.0014255970394682,-1.2471052018235647e-05
2014-09-04,1455.0,1455.0,1410.0,1420.0,90000.0,1420.0,1446.0,1411.0,1401.8,1384.9333333333334,1397.75,False,False,False,False,False,False,False,True,False,False,False,-0.0035211267605633,0.0070422535211267,,,0.0128169014084507,0.0246948356807511,0.0176056338028169,0.1161971830985915,0.0031770482333686,0.111268603827073,1410.0,1415.0,1.6071428571428572,-0.001141389641889,0.0005687428933822,-0.0003481594158489
2014-09-05,1420.0,1425.0,1395.0,1405.0,96000.0,1405.0,1443.0,1414.5,1399.2,1388.4666666666667,1399.55,False,False,False,False,False,False,False,True,False,True,False,0.0249110320284697,0.0604982206405693,,,0.0041281138790035,0.0117674970344009,0.0391459074733096,0.1494661921708185,0.0025447736111777,0.1088723930717568,1390.0,1425.0,1.0666666666666669,-0.0018582046883933,-0.0007168150465042,-0.0006322746221909
2014-09-08,1400.0,1410.0,1400.0,1410.0,22000.0,1410.0,1431.0,1419.0,1398.0,1391.6,1401.375,False,False,False,False,False,False,False,True,False,False,False,0.0354609929078014,0.2127659574468085,,,0.0085106382978723,0.0130496453900709,0.0035460992907801,0.1453900709219858,0.0022516048672989,0.1071176885130373,1385.0,1470.0,0.2291666666666666,-0.0008583690987124,0.0009998355896808,-0.0002931687438788
2014-09-09,1415.0,1420.0,1400.0,1405.0,38000.0,1405.0,1419.0,1422.0,1396.6,1394.0666666666666,1403.175,False,False,False,False,False,False,False,True,False,True,False,0.0355871886120996,0.1459074733096085,,,0.0059786476868328,0.0077817319098458,0.0,0.1637010676156583,0.0017694036631438,0.1114627285513361,1395.0,1510.0,1.7272727272727273,-0.0010024344837463,-0.0001440653850338,-0.0004822012041551
2014-09-10,1405.0,1415.0,1395.0,1395.0,68000.0,1395.0,1407.0,1424.5,1398.8,1396.6666666666667,1404.9,False,False,False,False,False,False,True,True,True,False,False,0.025089605734767,0.1433691756272401,,,-0.0027240143369175,-0.001194743130227,0.050179211469534,0.1505376344086021,0.0018615751789977,0.1147771147771147,1385.0,1450.0,1.7894736842105263,0.0015727766657135,0.0025752111494598,9.21715158538894e-05
2014-09-11,1405.0,1415.0,1400.0,1415.0,59000.0,1415.0,1406.0,1426.0,1398.6,1399.4,1406.775,False,False,False,False,False,False,False,True,False,True,False,0.0106007067137809,0.127208480565371,,,0.0115901060070672,0.011024734982332,0.0035335689045936,0.127208480565371,0.0019532180458291,0.1167601683029453,1395.0,1430.0,0.8676470588235294,-0.0001430001430001,-0.0017157768087136,9.164286683146452e-05
2014-09-12,1430.0,1475.0,1425.0,1440.0,181000.0,1440.0,1413.0,1428.0,1401.4,1401.4666666666667,1408.775,False,False,False,False,False,False,True,True,True,False,False,0.0347222222222222,0.0868055555555555,,,0.0268055555555554,0.0267592592592592,0.0138888888888888,0.125,0.0014746456093615,0.1186974789915966,1390.0,1430.0,3.067796610169492,0.0019980019980021,0.0021410021410023,-0.0004785724364675
2014-09-16,1460.0,1475.0,1450.0,1460.0,114000.0,1460.0,1423.0,1427.0,1403.4,1403.9333333333334,1410.85,False,False,False,False,False,False,True,True,False,True,False,0.1712328767123287,0.0684931506849315,,,0.0387671232876711,0.0384018264840182,-0.0068493150684931,0.0958904109589041,0.0017569685170236,0.122634898388227,1395.0,1410.0,0.6298342541436464,0.0014251104460595,-0.0005728915519425,0.000282322907662
2014-09-17,1480.0,1480.0,1440.0,1455.0,121000.0,1455.0,1433.0,1426.0,1406.4,1406.1333333333334,1412.875,True,True,False,False,False,False,True,True,False,False,False,0.1065292096219931,0.0137457044673539,,,0.03340206185567,0.0335853379152347,-0.0068728522336769,0.0927835051546391,0.0015645742461597,0.1244740532959326,1390.0,1410.0,1.0614035087719298,0.0021331058020477,0.0007079953559882,-0.0001923942708639
2014-09-18,1435.0,1445.0,1420.0,1430.0,159000.0,1430.0,1440.0,1423.5,1408.4,1407.7333333333331,1414.775,False,False,False,False,False,False,True,True,False,True,False,0.1153846153846153,0.0349650349650349,,,0.015104895104895,0.0155710955710957,0.0104895104895104,0.0769230769230769,0.0011365788975182,0.1239901650860555,1395.0,1390.0,1.3140495867768596,0.0014200511218403,-0.0007130546802073,-0.0004279953486414
2014-09-19,1435.0,1445.0,1420.0,1430.0,109000.0,1430.0,1443.0,1424.5,1410.6,1409.4,1416.725,False,False,False,False,False,False,True,True,False,False,False,0.1153846153846153,0.0524475524475524,,,0.0135664335664336,0.0144055944055943,0.0209790209790209,0.0804195804195804,0.0011825363038647,0.1203931203931203,1390.0,1415.0,0.6855345911949685,0.0015596200198495,0.0001395688980091,4.595740634650018e-05
2014-09-22,1435.0,1490.0,1435.0,1490.0,240000.0,1490.0,1453.0,1433.0,1415.0,1412.0666666666666,1418.975,False,False,False,False,False,False,True,True,False,False,True,0.0503355704697986,0.0402684563758389,,,0.0503355704697986,0.0523042505592841,-0.0268456375838926,0.0268456375838926,0.0018884849629383,0.1078157711095603,1405.0,1405.0,2.201834862385321,0.0031095406360424,0.0015499206161928,0.0007059486590736
2014-09-24,1525.0,1835.0,1510.0,1710.0,3457000.0,1710.0,1503.0,1463.0,1428.0,1417.5333333333333,1422.275,False,False,False,False,False,False,True,True,False,False,False,-0.087719298245614,-0.087719298245614,,,0.1649122807017544,0.1710331384015594,-0.1491228070175438,-0.0964912280701754,0.0038564642806753,0.0803144224196855,1405.0,1395.0,14.404166666666669,0.0091036414565826,0.0059941008205401,0.0019679793177369
2014-09-25,1750.0,1765.0,1580.0,1610.0,1524000.0,1610.0,1534.0,1483.5,1436.8,1420.5333333333333,1425.075,False,False,False,False,False,False,True,True,False,True,False,-0.0838509316770186,-0.0496894409937888,,,0.1075776397515528,0.1176811594202898,-0.0869565217391304,-0.0403726708074534,0.0021118828608973,0.059319177620492,1475.0,1390.0,0.4408446630026034,0.0061247216035634,-0.0029789198530191,-0.001744581419778
2014-09-26,1590.0,1670.0,1560.0,1595.0,467000.0,1595.0,1567.0,1503.5,1445.2,1422.7333333333331,1427.625,False,False,False,False,False,False,True,True,False,True,False,-0.0721003134796238,-0.0532915360501567,,,0.0939184952978056,0.1080041797283177,-0.0658307210031347,-0.0407523510971786,0.0015463192915044,0.0402394413036248,1515.0,1405.0,0.3064304461942257,0.0058123443122059,-0.0003123772913574,-0.0005655635693928
2014-09-29,1605.0,1605.0,1550.0,1595.0,475000.0,1595.0,1600.0,1521.5,1454.2,1425.1333333333334,1430.025,False,False,False,False,False,False,True,True,False,False,False,-0.0564263322884012,-0.0940438871473354,,,0.0882758620689654,0.1064994775339602,-0.0376175548589341,-0.0282131661442006,0.0016840529541097,0.0249753532697995,1460.0,1410.0,1.0171306209850106,0.0061889698803465,0.0003766255681405,0.0001377336626052
2014-09-30,1595.0,1605.0,1550.0,1565.0,400000.0,1565.0,1615.0,1534.0,1462.0,1427.0,1431.95,False,False,False,False,False,False,True,True,False,True,False,-0.0095846645367412,-0.0670926517571885,,,0.065814696485623,0.0881789137380191,-0.0862619808306709,-0.0063897763578274,0.0013081055828076,0.0123859191655801,1470.0,1400.0,0.8421052631578947,0.0053351573187414,-0.0008538125616051,-0.000375947371302
2014-10-01,1570.0,1570.0,1470.0,1560.0,680000.0,1560.0,1585.0,1544.0,1469.8,1428.2,1433.6,False,False,False,False,False,False,True,True,False,True,False,0.0,-0.0929487179487179,,,0.0578205128205128,0.0844871794871794,-0.0801282051282051,-0.0032051282051282,0.0008402184567987,0.0029145077720207,1440.0,1405.0,1.7,0.0053068444686351,-2.8312850106261386e-05,-0.0004678871260088
2014-10-02,1480.0,1510.0,1465.0,1475.0,279000.0,1475.0,1558.0,1546.0,1473.8,1427.7333333333331,1434.75,False,False,False,False,False,False,True,False,False,True,False,0.0372881355932203,-0.047457627118644,,,0.0008135593220339,0.0320451977401131,-0.0135593220338983,0.047457627118644,-0.0003268584236086,-0.001293661060802,1440.0,1430.0,0.4102941176470588,0.0027140724657348,-0.0025927720029003,-0.0011670768804074
2014-10-03,1510.0,1515.0,1475.0,1480.0,159000.0,1480.0,1535.0,1551.0,1478.2,1428.1333333333334,1435.65,False,False,False,False,False,False,True,True,False,False,False,0.0202702702702702,-0.0101351351351351,,,0.0012162162162161,0.0350450450450449,-0.0236486486486486,0.0439189189189189,0.0002800858930074,-0.0041908446163765,1340.0,1435.0,0.5698924731182796,0.0029765931538358,0.0002625206881009,0.0006069443166161
2014-10-06,1520.0,1525.0,1505.0,1505.0,78000.0,1505.0,1517.0,1558.5,1482.4,1429.1333333333334,1436.475,False,False,False,False,False,False,True,True,False,True,False,-0.0398671096345514,-0.0564784053156146,,,0.015016611295681,0.0504097452934661,-0.0598006644518272,0.0332225913621262,0.0006997247749218,-0.0083413538658966,1420.0,1410.0,0.490566037735849,0.0028332433890987,-0.000143349764737,0.0004196388819144
2014-10-07,1515.0,1575.0,1515.0,1550.0,300000.0,1550.0,1514.0,1564.5,1487.6,1430.7333333333331,1437.675,False,False,False,False,False,False,True,True,False,False,False,-0.0580645161290322,-0.0580645161290322,,,0.040258064516129,0.0769462365591399,-0.0935483870967742,0.0129032258064516,0.0011183076277897,-0.009587727708533,1370.0,1390.0,3.8461538461538463,0.0034955633234739,0.0006623199343751,0.0004185828528678
2014-10-08,1515.0,1565.0,1510.0,1560.0,168000.0,1560.0,1514.0,1549.5,1491.2,1432.7333333333331,1438.6,False,False,False,False,False,False,True,True,False,True,False,-0.0929487179487179,-0.0705128205128205,,,0.044102564102564,0.0815811965811967,-0.1185897435897435,-0.0032051282051282,0.0013959331813317,0.0006453694740238,1410.0,1385.0,0.56,0.0024141630901288,-0.001081400233345,0.0002776255535419
2014-10-09,1555.0,1570.0,1520.0,1530.0,290000.0,1530.0,1525.0,1541.5,1493.8,1434.3333333333333,1439.4,False,False,False,False,False,False,True,True,False,True,False,-0.0816993464052287,-0.0555555555555555,,,0.0236601307189542,0.0625272331154684,-0.1045751633986928,0.0098039215686274,0.0011155008133861,0.0058384690236782,1380.0,1395.0,1.7261904761904765,0.0017405275137233,-0.0006736355764055,-0.0002804323679456
2014-10-10,1500.0,1525.0,1490.0,1510.0,246000.0,1510.0,1531.0,1533.0,1496.0,1435.9333333333334,1440.25,False,False,False,False,False,False,True,True,False,True,False,-0.0298013245033112,-0.043046357615894,,,0.0092715231788079,0.0490507726269315,-0.0927152317880794,0.0298013245033112,0.0011142578578393,0.0130463144161774,1380.0,1385.0,0.8482758620689655,0.0014705882352941,-0.0002699392784291,-1.2429555467415986e-06
2014-10-14,1455.0,1470.0,1425.0,1445.0,157000.0,1445.0,1519.0,1518.0,1497.0,1436.3333333333333,1440.8,False,False,False,False,False,False,True,True,False,True,False,-0.0173010380622837,0.0103806228373702,,,-0.0359861591695501,0.005997693194925,-0.0484429065743944,0.0795847750865051,0.0002784868879089,0.0237154150197628,1375.0,1395.0,0.6382113821138211,0.0006680026720106,-0.0008025855632834,-0.0008357709699304
2014-10-15,1450.0,1465.0,1450.0,1460.0,86000.0,1460.0,1501.0,1507.5,1499.2,1437.0666666666666,1441.6,False,False,False,False,False,False,True,True,True,False,False,0.0,-0.0068493150684931,,,-0.0268493150684931,0.0157077625570776,-0.0273972602739726,0.0547945205479452,0.0005102987567266,0.0298507462686567,1380.0,1390.0,0.5477707006369427,0.0014674493062967,0.000799446634286,0.0002318118688177
2014-10-16,1410.0,1450.0,1410.0,1415.0,172000.0,1415.0,1472.0,1493.0,1499.4,1437.3333333333333,1442.3,False,False,False,False,False,False,True,True,False,True,False,0.0247349823321554,0.0282685512367491,,,-0.0596466431095407,-0.0157832744405182,-0.0070671378091872,0.0742049469964664,0.0001855287569573,0.0375083724045545,1385.0,1395.0,2.0,0.0001333866880085,-0.0013340626182881,-0.0003247699997693
2014-10-17,1445.0,1445.0,1400.0,1405.0,96000.0,1405.0,1447.0,1486.0,1499.4,1437.5333333333333,1442.9,False,False,False,False,False,False,False,True,False,True,False,0.0284697508896797,0.0462633451957295,,,-0.0671886120996441,-0.0231553973902728,0.0177935943060498,0.0818505338078291,0.0001391272086444,0.0407133243606998,1390.0,1390.0,0.5581395348837209,0.0,-0.0001333866880085,-4.640154831284899e-05
2014-10-20,1440.0,1465.0,1440.0,1465.0,59000.0,1465.0,1438.0,1484.5,1502.2,1438.3333333333333,1443.75,False,False,False,False,False,False,True,True,True,False,False,-0.0136518771331058,0.0170648464163822,,,-0.0253924914675768,0.0182025028441411,-0.0170648464163822,0.0443686006825938,0.0005561993047508,0.0407544627820815,1385.0,1395.0,0.6145833333333334,0.0018639328984156,0.0018639328984156,0.0004170720961063
2014-10-21,1475.0,1475.0,1410.0,1420.0,78000.0,1420.0,1433.0,1476.0,1502.4,1438.4666666666667,1444.075,False,False,False,False,False,False,True,True,False,True,False,0.028169014084507,0.0809859154929577,,,-0.0580281690140845,-0.0130046948356807,0.0316901408450704,0.0669014084507042,9.269129165322296e-05,0.0440379403794037,1370.0,1390.0,1.3220338983050848,0.0001331203407881,-0.0017308125576275,-0.0004635080130976
2014-10-22,1455.0,1460.0,1435.0,1460.0,41000.0,1460.0,1433.0,1467.0,1503.2,1439.2666666666669,1444.275,False,False,False,False,False,False,True,True,False,False,False,-0.0068493150684931,-0.0205479452054794,,,-0.0295890410958904,0.0142009132420089,0.0136986301369863,0.0410958904109589,0.0005558386215203,0.0470347648261758,1370.0,1405.0,0.5256410256410257,0.0005321979776476,0.0003990776368595,0.0004631473298671
2014-10-23,1450.0,1455.0,1435.0,1450.0,12000.0,1450.0,1440.0,1456.0,1502.8,1439.8666666666666,1444.175,False,False,False,False,False,False,False,True,False,True,False,0.0034482758620689,-0.0103448275862068,,,-0.0364137931034482,0.0069885057471265,0.0827586206896551,0.0482758620689655,0.0004167052504859,0.0525412087912087,1365.0,1405.0,0.2926829268292683,-0.0002661698163428,-0.0007983677939905,-0.0001391333710344
2014-10-24,1450.0,1460.0,1435.0,1445.0,104000.0,1445.0,1448.0,1447.5,1502.4,1440.0666666666666,1443.95,False,False,False,False,False,False,False,True,False,True,False,0.0173010380622837,0.0069204152249134,,,-0.0397231833910035,0.0034140715109573,0.0865051903114186,0.0657439446366782,0.0001388824591454,0.0583765112262521,1375.0,1475.0,8.666666666666666,-0.000266240681576,-7.086523316676132e-08,-0.0002778227913404
2014-10-27,1445.0,1460.0,1445.0,1445.0,44000.0,1445.0,1444.0,1441.0,1503.0,1440.2,1443.675,False,False,False,False,False,False,True,True,False,False,False,0.0311418685121107,0.0,,,-0.0401384083044982,0.0033217993079584,0.0622837370242214,0.0934256055363321,9.257973429623624e-05,0.0648854961832061,1370.0,1515.0,0.4230769230769231,0.0003992015968063,0.0006654422783823,-4.6302724849205294e-05
2014-10-28,1445.0,1460.0,1440.0,1460.0,31000.0,1460.0,1452.0,1442.5,1504.2,1440.8666666666666,1443.7,False,False,False,False,False,False,True,True,False,False,False,0.0513698630136986,-0.0308219178082191,,,-0.0302739726027397,0.0131050228310503,0.0616438356164383,0.0924657534246575,0.0004626844954424,0.0662045060658578,1400.0,1460.0,0.7045454545454546,0.0007977662544874,0.0003985646576811,0.0003701047611462
2014-10-29,1455.0,1465.0,1440.0,1450.0,101000.0,1450.0,1450.0,1441.5,1502.6,1441.6666666666667,1443.5,False,False,False,False,False,False,False,True,False,True,False,-0.0137931034482758,-0.0310344827586206,,,-0.0362758620689654,0.0057471264367815,0.0724137931034482,0.1137931034482758,0.0005549132947978,0.0721470690253208,1420.0,1470.0,3.2580645161290325,-0.0010648209769733,-0.0018625872314608,9.22287993553614e-05
2014-10-30,1450.0,1455.0,1435.0,1455.0,62000.0,1455.0,1451.0,1445.5,1492.4,1442.6,1443.425,False,False,False,False,False,False,False,True,False,True,True,-0.0137457044673539,-0.0549828178694158,,,-0.0257044673539519,0.0085223367697595,0.0756013745704467,0.0996563573883161,0.000646979989833,0.074714631615358,1470.0,1440.0,0.6138613861386139,-0.0068346287858481,-0.0057698078088748,9.206669503524206e-05
2014-10-31,1455.0,1475.0,1450.0,1470.0,117000.0,1470.0,1456.0,1452.0,1486.8,1443.6,1443.3,False,False,False,False,False,False,False,True,False,False,False,-0.010204081632653,-0.0680272108843537,,,-0.0114285714285713,0.0179591836734694,0.0578231292517006,0.0918367346938775,0.0006927126627874,0.0757575757575757,1465.0,1440.0,1.8870967741935485,-0.0037664783427496,0.0030681504430985,4.573267295441977e-05
2014-11-04,1500.0,1510.0,1410.0,1490.0,245000.0,1490.0,1465.0,1454.5,1482.6,1445.0,1443.05,False,False,False,False,True,False,False,True,False,False,False,-0.0302013422818791,-0.0805369127516778,,,0.0049664429530201,0.0302013422818791,0.0100671140939597,0.0805369127516778,0.0009688581314879,0.07940873152286,1455.0,1340.0,2.094017094017094,-0.0028328611898017,0.0009336171529478,0.0002761454687004
2014-11-05,1485.0,1535.0,1480.0,1535.0,136000.0,1535.0,1480.0,1466.0,1480.2,1446.8666666666666,1442.825,False,False,False,False,False,False,False,True,False,False,False,-0.0781758957654723,-0.1042345276872964,,,0.0357003257328989,0.0574158523344191,0.006514657980456,0.0423452768729641,0.001290144219693,0.0767394270122783,1420.0,1420.0,0.5551020408163265,-0.0016214025131738,0.0012114586766279,0.0003212860882051
2014-11-06,1415.0,1450.0,1385.0,1430.0,523000.0,1430.0,1476.0,1463.0,1474.8,1447.4,1442.175,False,False,False,False,False,False,False,True,False,True,False,-0.0174825174825174,-0.0069930069930069,,,-0.0313286713286712,-0.0121678321678322,0.1258741258741259,0.1258741258741259,0.0003684768089909,0.0850991114149008,1405.0,1370.0,3.8455882352941178,-0.0036615134255492,-0.0020401109123754,-0.000921667410702
2014-11-07,1430.0,1435.0,1420.0,1435.0,38000.0,1435.0,1472.0,1461.5,1469.8,1447.9333333333334,1441.275,False,False,False,False,False,False,False,True,False,False,False,-0.0418118466898954,-0.0209059233449477,,,-0.0242508710801393,-0.0090127758420441,0.1080139372822299,0.1219512195121951,0.0003683410838436,0.0923708518645227,1410.0,1410.0,0.0726577437858508,-0.0034018233773302,0.000259690048219,-1.357251473520075e-07
2014-11-10,1415.0,1455.0,1415.0,1455.0,94000.0,1455.0,1469.0,1462.5,1469.0,1448.8,1439.625,False,False,False,False,False,False,False,True,False,False,False,-0.0584192439862542,-0.0171821305841924,,,-0.0096219931271477,0.0042611683848797,0.0584192439862542,0.1168384879725085,0.0005981962083562,0.0974358974358974,1405.0,1380.0,2.473684210526316,-0.0005445881552075,0.0028572352221226,0.0002298551245126
2014-11-11,1455.0,1455.0,1435.0,1445.0,40000.0,1445.0,1460.0,1462.5,1467.6,1449.4666666666667,1438.375,False,False,False,False,False,False,False,True,False,True,False,-0.0519031141868512,-0.0034602076124567,,,-0.0156401384083044,-0.0030911188004613,0.0588235294117647,0.1245674740484429,0.000459939288014,0.1005128205128205,1395.0,1380.0,0.425531914893617,-0.0009539384028346,-0.000409350247627,-0.0001382569203422
2014-11-12,1435.0,1435.0,1415.0,1415.0,85000.0,1415.0,1436.0,1458.0,1464.0,1449.8,1436.0,False,False,False,False,False,False,False,True,False,True,False,-0.0282685512367491,0.0353356890459364,,,-0.0346289752650176,-0.0245936395759716,0.0954063604240282,0.1378091872791519,0.0002299167701291,0.1049382716049382,1415.0,1375.0,2.125,-0.0024590163934425,-0.0015050779906079,-0.0002300225178848
2014-11-13,1415.0,1420.0,1395.0,1405.0,93000.0,1405.0,1431.0,1453.5,1458.2,1449.8,1433.7,False,False,False,False,False,False,False,False,False,True,False,0.0106761565836298,0.0533807829181494,,,-0.037864768683274,-0.0318861209964412,0.1174377224199288,0.1387900355871886,0.0,0.1073271413828689,1440.0,1380.0,1.0941176470588236,-0.0039775065148813,-0.0015184901214387,-0.0002299167701291
2014-11-14,1390.0,1395.0,1355.0,1375.0,175000.0,1375.0,1419.0,1445.5,1450.8,1449.4,1431.325,False,False,False,False,False,False,False,False,False,True,False,0.0218181818181818,0.1418181818181818,,,-0.0551272727272726,-0.0541090909090909,0.1309090909090909,0.1636363636363636,-0.000275976266041,0.1134555517122103,1460.0,1385.0,1.881720430107527,-0.0051006341328922,-0.0011231276180109,-0.000275976266041
2014-11-17,1380.0,1380.0,1365.0,1370.0,27000.0,1370.0,1402.0,1435.5,1444.4,1448.0,1429.8,False,False,True,False,False,False,False,False,False,False,False,0.0437956204379562,0.145985401459854,,,-0.0543065693430657,-0.056934306569343,0.1496350364963503,0.1605839416058394,-0.0009668508287293,0.1201671891327063,1455.0,1390.0,0.1542857142857142,-0.004430905566325,0.0006697285665672,-0.0006908745626883
2014-11-18,1365.0,1380.0,1365.0,1370.0,41000.0,1370.0,1387.0,1423.5,1438.8,1446.0666666666666,1427.9,False,False,False,False,False,False,False,False,False,False,False,0.0510948905109489,0.1204379562043795,,,-0.0502189781021897,-0.0555231143552311,0.1496350364963503,0.1678832116788321,-0.0013369600295053,0.128907622058307,1430.0,1385.0,1.5185185185185186,-0.0038921323324994,0.0005387732338256,-0.000370109200776
2014-11-19,1370.0,1390.0,1370.0,1375.0,72000.0,1375.0,1379.0,1407.5,1436.0,1444.9333333333334,1425.675,False,False,False,False,False,False,False,False,False,False,False,0.0654545454545454,0.1272727272727272,,,-0.0443636363636363,-0.0508606060606061,0.1527272727272727,0.1563636363636363,-0.0007843499123372,0.1410301953818827,1430.0,1370.0,1.7560975609756098,-0.0019498607242339,0.0019422716082654,0.000552610117168
2014-11-20,1400.0,1425.0,1375.0,1420.0,166000.0,1420.0,1382.0,1406.5,1434.4,1444.2666666666669,1424.125,False,False,False,False,False,False,False,False,False,False,False,0.0422535211267605,0.0950704225352112,,,-0.0101408450704225,-0.0170892018779344,0.1373239436619718,0.1161971830985915,-0.0004615952732642,0.1400639886242445,1490.0,1370.0,2.305555555555556,-0.0011154489682096,0.0008344117560243,0.0003227546390729
2014-11-21,1420.0,1420.0,1390.0,1405.0,32000.0,1405.0,1388.0,1403.5,1434.0,1443.8,1422.85,False,False,False,False,False,False,False,False,False,False,False,0.1174377224199288,0.1138790035587188,,,-0.0206405693950177,-0.0276156583629892,0.1494661921708185,0.1281138790035587,-0.0003232211294271,0.1407196294976843,1710.0,1365.0,0.1927710843373494,-0.000278940027894,0.0008365089403155,0.0001383741438371
2014-11-25,1405.0,1430.0,1395.0,1430.0,79000.0,1430.0,1400.0,1401.0,1435.0,1443.6666666666667,1422.4,False,False,False,False,False,False,True,False,False,False,False,0.0979020979020979,0.0874125874125874,,,-0.0034965034965034,-0.0095571095571096,0.1433566433566433,0.1083916083916083,-9.235742322780794e-05,0.1399000713775874,1610.0,1375.0,2.46875,0.0006968641114982,0.0009758041393923,0.0002308637061993
2014-11-26,1430.0,1440.0,1425.0,1440.0,67000.0,1440.0,1414.0,1400.5,1434.0,1445.0,1422.775,False,False,False,False,True,False,False,True,False,True,False,0.0659722222222222,0.0451388888888888,,,0.0041666666666666,-0.0034722222222222,0.1145833333333333,0.1006944444444444,0.0009227220299884,0.1374509103891467,1595.0,1370.0,0.8481012658227848,-0.000697350069735,-0.0013942141812332,0.0010150794532162
2014-11-27,1445.0,1465.0,1445.0,1465.0,115000.0,1465.0,1432.0,1405.5,1435.8,1445.6,1423.075,False,False,False,False,False,False,True,True,True,False,True,0.0580204778156996,0.0546075085324232,,,0.0199317406143345,0.0132423208191126,0.0887372013651877,0.0853242320819112,0.0004150525733258,0.1319815012451085,1595.0,1400.0,1.7164179104477613,0.0012536564981194,0.0019510065678544,-0.0005076694566625
2014-11-28,1465.0,1480.0,1460.0,1480.0,49000.0,1480.0,1444.0,1413.0,1436.6,1447.0666666666666,1423.15,False,False,False,False,False,False,True,True,False,True,False,0.0506756756756756,0.0878378378378378,,,0.0293243243243243,0.0222522522522522,0.0945945945945946,0.0675675675675675,0.0010135446420344,0.124557678697806,1565.0,1420.0,0.4260869565217391,0.000556870388417,-0.0006967861097024,0.0005984920687085
2014-12-01,1500.0,1595.0,1490.0,1570.0,548000.0,1570.0,1477.0,1432.5,1441.4,1449.2,1423.175,False,False,False,False,False,False,True,True,True,False,False,-0.0031847133757961,0.0127388535031847,,,0.0819108280254776,0.0769426751592356,0.019108280254777,0.0063694267515923,0.0014720765479805,0.1078534031413612,1560.0,1470.0,11.183673469387756,0.0033300957402526,0.0027732253518355,0.000458531905946
2014-12-02,1570.0,1615.0,1550.0,1570.0,450000.0,1570.0,1505.0,1452.5,1446.4,1451.7333333333331,1423.6,False,False,False,False,False,False,True,True,False,False,False,-0.0095541401273885,-0.019108280254777,,,0.0787261146496814,0.0753290870488324,0.0127388535031847,0.0095541401273885,0.0017450404114619,0.0922547332185886,1475.0,1465.0,0.8211678832116789,0.0034568584070796,0.0001267626668269,0.0002729638634814
2014-12-03,1595.0,1595.0,1515.0,1535.0,151000.0,1535.0,1524.0,1469.0,1450.0,1453.8,1423.45,False,False,False,False,False,False,True,True,False,True,False,-0.019543973941368,-0.003257328990228,,,0.0553745928338762,0.0528990228013029,0.003257328990228,0.0260586319218241,0.0014215618837988,0.0782845473110959,1480.0,1455.0,0.3355555555555555,0.0024827586206895,-0.00097409978639,-0.000323478527663
2014-12-04,1540.0,1570.0,1535.0,1550.0,66000.0,1550.0,1541.0,1486.5,1453.6,1456.1333333333334,1423.775,False,False,False,False,False,False,True,True,False,True,False,-0.0032258064516129,0.0,,,0.0621935483870968,0.0605591397849461,-0.0032258064516129,-0.0096774193548387,0.0016024173610476,0.0618903464513959,1505.0,1420.0,0.4370860927152318,0.0024766097963675,-6.148824322015686e-06,0.0001808554772487
2014-12-05,1535.0,1555.0,1525.0,1555.0,67000.0,1555.0,1556.0,1500.0,1457.8,1458.4666666666667,1424.425,False,False,False,False,False,False,True,True,False,False,False,0.0353697749196141,0.0096463022508038,,,0.062508038585209,0.0620793140407288,-0.0160771704180064,-0.0192926045016077,0.0015998537276591,0.0483333333333333,1550.0,1405.0,1.0151515151515151,0.0028810536424749,0.0004044438461074,-2.5636333884936947e-06
2014-12-08,1570.0,1570.0,1555.0,1565.0,64000.0,1565.0,1555.0,1516.0,1462.2,1460.8666666666666,1424.85,True,True,False,False,False,False,True,True,False,False,False,0.0159744408945686,-0.0063897763578274,,,0.0656869009584664,0.0665388711395101,-0.0127795527156549,-0.0383386581469648,0.0016428604025007,0.0319920844327176,1560.0,1410.0,0.9552238805970148,0.0030091642730133,0.0001281106305383,4.300667484157189e-05
2014-12-09,1530.0,1560.0,1530.0,1555.0,135000.0,1555.0,1552.0,1528.5,1465.6,1463.0666666666666,1424.975,False,False,False,False,False,False,True,True,False,True,False,-0.0096463022508038,0.0128617363344051,,,0.057491961414791,0.0591211146838156,-0.0064308681672025,-0.0514469453376205,0.0015036908776087,0.0163559044815178,1530.0,1405.0,2.109375,0.002319868995633,-0.0006892952773802,-0.0001391695248919
2014-12-10,1525.0,1535.0,1505.0,1505.0,90000.0,1505.0,1546.0,1535.0,1466.2,1464.6666666666667,1424.575,False,False,False,False,False,False,True,True,False,True,False,0.0166112956810631,0.0465116279069767,,,0.0257807308970099,0.0267995570321151,0.0166112956810631,-0.0199335548172757,0.0010923987255349,0.004885993485342,1510.0,1395.0,0.6666666666666666,0.0004092211158096,-0.0019106478798234,-0.0004112921520737
2014-12-11,1510.0,1545.0,1465.0,1545.0,128000.0,1545.0,1545.0,1543.0,1466.6,1467.0,1424.725,False,False,False,False,False,False,True,True,False,True,False,0.0032362459546925,0.0258899676375404,,,0.0507443365695793,0.0504854368932038,0.0032362459546925,-0.0420711974110032,0.0015905476028174,-0.0074530136098509,1445.0,1415.0,1.4222222222222225,0.0002727396699849,-0.0001364814458247,0.0004981488772825
2014-12-12,1570.0,1620.0,1560.0,1610.0,294000.0,1610.0,1556.0,1556.0,1473.8,1470.2,1425.075,False,False,False,False,False,False,True,True,True,False,False,-0.0248447204968944,0.0031055900621118,,,0.0845962732919255,0.0868322981366459,-0.0341614906832298,-0.0838509316770186,0.0021765746156985,-0.0224935732647814,1460.0,1440.0,2.296875,0.0048853304383227,0.0046125907683378,0.000586027012881
2014-12-15,1610.0,1645.0,1580.0,1590.0,164000.0,1590.0,1561.0,1558.0,1480.0,1473.2,1425.3,False,False,False,False,False,False,True,True,False,True,False,-0.0220125786163522,0.0157232704402515,,,0.0691823899371069,0.0734591194968553,-0.0220125786163522,-0.0660377358490566,0.0020363833831115,-0.0298459563543003,1415.0,1460.0,0.5578231292517006,0.0041891891891892,-0.0006961412491335,-0.0001401912325869
2014-12-16,1555.0,1585.0,1510.0,1540.0,143000.0,1540.0,1558.0,1555.0,1483.4,1475.4,1425.25,False,False,False,False,False,False,True,True,False,True,False,0.0227272727272727,0.0616883116883116,,,0.0367532467532467,0.0419480519480518,0.0032467532467532,-0.0259740259740259,0.0014911210519181,-0.0334405144694533,1405.0,1455.0,0.8719512195121951,0.0022920318187947,-0.0018971573703944,-0.0005452623311934
2014-12-17,1500.0,1540.0,1500.0,1530.0,75000.0,1530.0,1563.0,1554.5,1486.8,1477.5333333333333,1425.3,False,False,False,False,False,False,True,True,False,True,False,0.0294117647058823,0.0490196078431372,,,0.028235294117647,0.0342919389978213,0.0098039215686274,-0.022875816993464,0.0014438478545322,-0.0382759729816661,1465.0,1430.0,0.5244755244755245,0.0022867904223835,-5.241396411170829e-06,-4.727319738590799e-05
2014-12-18,1560.0,1565.0,1545.0,1550.0,59000.0,1550.0,1564.0,1554.5,1492.2,1479.5333333333333,1425.5,False,False,False,False,False,False,True,True,False,False,False,0.0225806451612903,0.0290322580645161,,,0.0372903225806451,0.0454623655913978,0.0032258064516129,-0.0451612903225806,0.0013517775875275,-0.0418140881312319,1420.0,1430.0,0.7866666666666666,0.0036188178528348,0.0013320274304512,-9.207026700464786e-05
2014-12-19,1570.0,1575.0,1545.0,1570.0,89000.0,1570.0,1556.0,1556.0,1498.8,1481.5333333333333,1426.0,False,False,False,False,False,False,True,True,False,False,False,0.0286624203821656,0.0318471337579617,,,0.0453503184713376,0.056348195329087,0.0,-0.0668789808917197,0.0013499527516536,-0.0465938303341902,1460.0,1490.0,1.5084745762711864,0.0044035228182545,0.0007847049654197,-1.824835873906645e-06
2014-12-22,1580.0,1580.0,1545.0,1555.0,69000.0,1555.0,1549.0,1555.0,1506.0,1482.6666666666667,1426.275,False,False,False,False,False,False,True,True,False,False,False,0.0385852090032154,0.0289389067524115,,,0.0315112540192926,0.0465166130760985,0.0,-0.0546623794212218,0.0007643884892087,-0.0482315112540192,1450.0,1710.0,0.7752808988764045,0.0047808764940239,0.0003773536757693,-0.0005855642624449
2014-12-24,1560.0,1585.0,1560.0,1575.0,84000.0,1575.0,1556.0,1557.0,1514.2,1484.1333333333334,1426.75,False,False,False,False,False,False,True,True,False,False,False,0.0380952380952381,0.0095238095238095,,,0.0386031746031745,0.0576931216931216,-0.019047619047619,-0.0634920634920634,0.0009882310663911,-0.0494540783558124,1445.0,1610.0,1.2173913043478262,0.0054154008717474,0.0006345243777235,0.0002238425771824
2014-12-25,1560.0,1590.0,1555.0,1575.0,100000.0,1575.0,1565.0,1564.0,1522.4,1485.7333333333331,1427.2,False,False,False,False,False,False,True,True,False,True,False,0.019047619047619,-0.0222222222222222,,,0.0333968253968253,0.0566772486772488,-0.0126984126984126,-0.0698412698412698,0.0010769092703937,-0.0543478260869565,1445.0,1595.0,1.1904761904761905,0.005386232264845,-2.916860690247661e-05,8.867820400257505e-05
2014-12-26,1570.0,1585.0,1565.0,1585.0,54000.0,1585.0,1572.0,1568.0,1530.8,1487.9333333333334,1427.8,False,False,False,False,False,False,True,True,False,False,False,0.0063091482649842,-0.0252365930599369,,,0.0341955835962145,0.0612407991587801,-0.0157728706624605,-0.0725552050473186,0.0014785608674225,-0.0573979591836734,1460.0,1595.0,0.54,0.0054873268879016,0.0001010946230566,0.0004016515970288
2014-12-29,1590.0,1620.0,1590.0,1615.0,99000.0,1615.0,1581.0,1568.5,1538.6,1490.7333333333331,1428.55,False,False,False,False,False,False,True,True,False,True,False,0.0030959752321981,-0.0526315789473684,,,0.0473065015479876,0.0769453044375646,-0.0464396284829721,-0.0990712074303405,0.0018782702025846,-0.058973541600255,1450.0,1565.0,1.8333333333333333,0.0050695437410632,-0.0004177831468383,0.0003997093351621
2014-12-30,1610.0,1615.0,1595.0,1615.0,61000.0,1615.0,1593.0,1571.0,1547.0,1493.4666666666667,1429.325,False,False,False,False,False,False,True,True,False,False,False,-0.0092879256965944,-0.0433436532507739,,,0.0421052631578947,0.0752528379772961,-0.0588235294117647,-0.0928792569659442,0.0018301937327025,-0.0617441120305537,1455.0,1560.0,0.6161616161616161,0.0054298642533937,0.0003603205123304,-4.807646988207507e-05
2015-01-05,1600.0,1655.0,1600.0,1635.0,144000.0,1635.0,1605.0,1580.5,1555.2,1496.5333333333333,1430.075,False,False,False,False,False,False,True,True,False,True,False,-0.0275229357798165,-0.055045871559633,,,0.0488073394495412,0.0846890927624872,-0.0703363914373088,-0.1039755351681957,0.0020491803278688,-0.0695982284087314,1470.0,1475.0,2.360655737704918,0.0052726337448559,-0.0001572305085377,0.0002189865951662
2015-01-06,1630.0,1630.0,1605.0,1605.0,57000.0,1605.0,1611.0,1588.0,1561.8,1499.3333333333333,1430.725,False,False,False,False,False,False,True,True,False,True,False,-0.0404984423676012,-0.0467289719626168,,,0.0269158878504673,0.0658359293873313,-0.0467289719626168,-0.0747663551401869,0.0018674966651844,-0.0746221662468513,1490.0,1480.0,0.3958333333333333,0.0042258932001536,-0.0010467405447023,-0.0001816836626843
2015-01-07,1605.0,1605.0,1580.0,1595.0,38000.0,1595.0,1613.0,1592.5,1567.0,1501.7333333333331,1431.325,False,False,False,False,False,False,True,True,False,True,False,-0.0313479623824451,-0.0282131661442006,,,0.0175548589341692,0.0584743991640544,-0.0501567398119122,-0.0595611285266457,0.0015981532451388,-0.0759811616954474,1535.0,1505.0,0.6666666666666666,0.0033184428844926,-0.0009074503156609,-0.0002693434200456
2015-01-08,1600.0,1620.0,1600.0,1620.0,68000.0,1620.0,1614.0,1597.5,1572.6,1504.1333333333334,1432.3,False,False,False,False,False,False,True,True,False,False,False,-0.0555555555555555,-0.0401234567901234,,,0.0292592592592593,0.0715226337448559,-0.0617283950617283,-0.0709876543209876,0.0015956032266645,-0.0763693270735524,1430.0,1550.0,1.7894736842105263,0.0035609818135571,0.0002425389290644,-2.550018474345569e-06
2015-01-09,1620.0,1620.0,1585.0,1600.0,52000.0,1600.0,1611.0,1602.0,1573.8,1506.0,1433.125,False,False,False,False,False,False,True,True,False,True,False,-0.034375,-0.028125,,,0.016375,0.05875,-0.05,-0.071875,0.0012394864984505,-0.0780274656679151,1435.0,1560.0,0.7647058823529411,0.000762485703393,-0.002798496110164,-0.0003561167282139
2015-01-13,1560.0,1600.0,1560.0,1590.0,40000.0,1590.0,1602.0,1603.5,1574.6,1507.8,1433.675,False,False,False,False,False,False,True,True,False,True,False,-0.0283018867924528,-0.0283018867924528,,,0.009685534591195,0.0516981132075472,-0.0314465408805031,-0.0597484276729559,0.0011937922801432,-0.0776426566884939,1455.0,1530.0,0.7692307692307693,0.0005080655404546,-0.0002544201629384,-4.569421830734636e-05
2015-01-14,1580.0,1590.0,1540.0,1540.0,108000.0,1540.0,1589.0,1600.0,1574.8,1509.2666666666669,1433.85,False,False,False,False,False,False,True,True,False,True,False,-0.0064935064935064,0.0032467532467532,,,-0.0225974025974025,0.0199567099567098,0.0259740259740259,-0.0292207792207792,0.0009717743716596,-0.07375,1445.0,1510.0,2.7,0.0001270002540005,-0.0003810652864541,-0.0002220179084835
2015-01-15,1550.0,1570.0,1545.0,1545.0,50000.0,1545.0,1579.0,1596.0,1574.6,1510.8,1434.175,False,False,False,False,False,False,False,True,False,True,False,0.0032362459546925,0.0064724919093851,,,-0.0191585760517798,0.0221359223300971,0.0323624595469255,-0.0323624595469255,0.0010149148354071,-0.0698621553884711,1415.0,1445.0,0.4629629629629629,-0.0001270163851137,-0.0002540166391142,4.314046374742295e-05
2015-01-16,1545.0,1550.0,1515.0,1530.0,87000.0,1530.0,1561.0,1587.5,1573.6,1511.3333333333333,1434.25,False,False,False,False,False,False,False,True,False,True,False,0.0163398692810457,0.0261437908496732,,,-0.0284967320261437,0.0122004357298475,0.0555555555555555,-0.0130718954248366,0.000352889280988,-0.0614173228346456,1405.0,1460.0,1.74,-0.0006354855109303,-0.0005084691258166,-0.000662025554419
2015-01-19,1540.0,1550.0,1540.0,1545.0,18000.0,1545.0,1550.0,1580.5,1572.8,1509.1333333333334,1434.55,False,False,False,False,False,False,False,False,False,False,False,0.0064724919093851,0.0064724919093851,,,-0.0179935275080905,0.0232146709816612,0.0355987055016181,-0.0161812297734627,-0.0014577903432432,-0.0537804492249288,1375.0,1415.0,0.2068965517241379,-0.0005086469989826,0.0001268385119476,-0.0018106796242313
2015-01-20,1545.0,1550.0,1540.0,1545.0,25000.0,1545.0,1541.0,1571.5,1572.4,1508.2666666666669,1434.975,False,False,False,False,False,False,False,False,False,False,False,0.0,0.0,,,-0.0177346278317152,0.0237756202804745,0.0388349514563106,-0.0097087378640776,-0.0005746110325317,-0.0442252624880687,1370.0,1405.0,1.3888888888888888,-0.0002543881963876,0.000254258802595,0.0008831793107114
2015-01-21,1545.0,1545.0,1530.0,1530.0,56000.0,1530.0,1539.0,1564.0,1573.4,1507.4,1435.375,False,False,False,False,False,False,True,False,False,False,False,0.0098039215686274,0.0163398692810457,,,-0.0283660130718954,0.0147712418300653,0.0522875816993464,-0.0490196078431372,-0.0005749414002035,-0.0415601023017902,1370.0,1465.0,2.24,0.000635566289564,0.0008899544859516,-3.303676717670472e-07
2015-01-22,1530.0,1560.0,1530.0,1550.0,51000.0,1550.0,1540.0,1559.5,1573.6,1506.8,1435.475,False,False,False,False,False,False,True,False,False,True,False,0.0032258064516129,0.0064516129032258,,,-0.0152258064516128,0.0278709677419355,0.032258064516129,-0.0709677419354838,-0.0003981948500133,-0.0426418723949984,1375.0,1420.0,0.9107142857142856,0.0001270971021859,-0.000508469187378,0.0001767465501901
2015-01-23,1555.0,1565.0,1535.0,1555.0,53000.0,1555.0,1545.0,1553.0,1571.4,1506.6666666666667,1435.65,False,False,False,False,False,False,False,False,False,True,False,0.0096463022508038,-0.0096463022508038,,,-0.0105466237942122,0.0310825294748123,0.0353697749196141,-0.0803858520900321,-8.849557522115845e-05,-0.0434642627173213,1420.0,1460.0,1.03921568627451,-0.0014000254550081,-0.0015271225571941,0.0003096992747922
2015-01-26,1540.0,1555.0,1540.0,1555.0,17000.0,1555.0,1547.0,1548.5,1570.0,1506.6,1435.8,False,False,False,False,False,False,False,False,False,False,False,0.0,-0.022508038585209,,,-0.0096463022508038,0.0311254019292605,0.0353697749196141,-0.0803858520900321,-4.424974556407368e-05,-0.0442363577655795,1405.0,1450.0,0.320754716981132,-0.0008917197452229,0.0005083057097851,4.424582965708477e-05
2015-01-27,1545.0,1550.0,1540.0,1545.0,23000.0,1545.0,1547.0,1544.0,1570.2,1507.5333333333333,1435.475,False,False,False,False,False,False,True,True,False,False,False,0.0,-0.0161812297734627,,,-0.0163106796116505,0.0242502696871629,0.0517799352750809,-0.058252427184466,0.0006191128996595,-0.044041450777202,1430.0,1445.0,1.3529411764705883,0.0001273723092599,0.0010190920544829,0.0006633626452236
2015-01-28,1535.0,1545.0,1535.0,1545.0,18000.0,1545.0,1550.0,1544.5,1570.8,1508.4,1435.275,False,False,False,False,False,False,True,True,False,False,False,0.0064724919093851,-0.0097087378640776,,,-0.0166990291262135,0.0236893203883494,0.0517799352750809,-0.0647249190938511,0.0005745602404314,-0.0475882162512139,1440.0,1445.0,0.782608695652174,0.0003819709702062,0.0002545986609462,-4.4552659228085534e-05
2015-01-29,1535.0,1555.0,1535.0,1555.0,35000.0,1555.0,1551.0,1545.5,1571.0,1509.0666666666666,1435.175,False,False,False,False,False,False,True,True,False,True,False,0.0032154340836012,-0.0257234726688102,,,-0.0102893890675241,0.0295391211146838,0.0353697749196141,-0.0643086816720257,0.0004417741650467,-0.0507926237463604,1465.0,1460.0,1.9444444444444444,0.0001273074474857,-0.0002546635227204,-0.0001327860753847
2015-01-30,1565.0,1570.0,1550.0,1570.0,44000.0,1570.0,1554.0,1549.5,1571.0,1509.3333333333333,1435.425,False,False,False,False,False,False,False,True,False,True,True,-0.019108280254777,-0.0318471337579617,,,-0.0006369426751592,0.0386411889596603,0.019108280254777,-0.0636942675159235,0.0001766784452296,-0.0558244595030655,1480.0,1450.0,1.2571428571428571,0.0,-0.0001273074474857,-0.000265095719817
2015-02-02,1555.0,1565.0,1550.0,1555.0,12000.0,1555.0,1554.0,1550.5,1571.0,1509.2666666666669,1435.625,False,False,False,False,False,False,False,False,False,False,False,-0.022508038585209,-0.022508038585209,,,-0.0102893890675241,0.0294105037513396,0.0289389067524115,-0.0514469453376205,-4.417156234796942e-05,-0.0593356981618832,1570.0,1455.0,0.2727272727272727,0.0,0.0,-0.0002208500075776
2015-02-03,1555.0,1560.0,1545.0,1545.0,59000.0,1545.0,1554.0,1550.5,1569.8,1509.4666666666667,1436.025,False,False,False,False,False,False,False,True,False,True,False,-0.0161812297734627,-0.0032362459546925,,,-0.016051779935275,0.0229989212513484,0.029126213592233,-0.0517799352750809,0.0001324971292287,-0.0635278942276685,1570.0,1470.0,4.916666666666667,-0.0007644285896292,-0.0007644285896292,0.0001766686915767
2015-02-04,1550.0,1555.0,1535.0,1555.0,47000.0,1555.0,1556.0,1553.0,1569.0,1510.0666666666666,1436.575,False,False,False,False,False,False,False,True,False,False,False,-0.0160771704180064,0.0160771704180064,,,-0.0090032154340836,0.0288960342979635,0.0289389067524115,-0.0610932475884244,0.0003973334510617,-0.0647134578235672,1535.0,1490.0,0.7966101694915254,-0.0005098789037603,0.0002545496858689,0.0002648363218329
2015-02-05,1550.0,1560.0,1540.0,1560.0,35000.0,1560.0,1557.0,1554.0,1568.0,1511.6,1437.375,False,False,False,False,False,False,False,True,False,True,False,-0.0288461538461538,0.0224358974358974,,,-0.0051282051282051,0.031025641025641,0.0192307692307692,-0.0641025641025641,0.0010143777013319,-0.064028314028314,1550.0,1535.0,0.7446808510638298,-0.0006377551020408,-0.0001278761982804,0.0006170442502701
2015-02-06,1545.0,1545.0,1525.0,1540.0,32000.0,1540.0,1551.0,1552.5,1565.0,1512.6666666666667,1438.15,False,False,False,False,False,False,False,True,False,True,False,-0.0129870129870129,0.0487012987012987,,,-0.0162337662337662,0.0177489177489176,0.0292207792207792,-0.0551948051948051,0.0007051564565889,-0.0615136876006441,1555.0,1430.0,0.9142857142857144,-0.0019169329073482,-0.0012791778053074,-0.0003092212447429
2015-02-09,1510.0,1530.0,1500.0,1520.0,158000.0,1520.0,1544.0,1549.0,1561.2,1514.0666666666666,1438.925,False,False,False,False,False,False,False,True,False,True,False,0.0,0.0526315789473684,,,-0.0271052631578947,0.0039035087719298,0.0427631578947368,-0.0361842105263157,0.0009246620580334,-0.0571336346029696,1565.0,1435.0,4.9375,-0.0024340251088905,-0.0005170922015423,0.0002195056014445
2015-02-10,1505.0,1520.0,1500.0,1520.0,35000.0,1520.0,1539.0,1546.5,1556.6,1515.6,1439.6,False,False,False,False,False,False,False,True,False,True,False,0.0131578947368421,0.0559210526315789,,,-0.0240789473684209,0.0028947368421053,0.0427631578947368,-0.0230263157894736,0.0010117005366411,-0.0536695764629809,1555.0,1455.0,0.2215189873417721,-0.0029551586791726,-0.000521133570282,8.703847860767227e-05
2015-02-12,1520.0,1535.0,1510.0,1530.0,41000.0,1530.0,1534.0,1545.0,1553.6,1516.4666666666667,1440.275,False,False,False,False,False,False,False,True,False,False,False,0.0326797385620915,0.0522875816993464,,,-0.0154248366013071,0.0088453159041394,0.0359477124183006,-0.0326797385620915,0.0005715039345848,-0.0504854368932038,1505.0,1445.0,1.1714285714285717,-0.0019309989701338,0.0010241597090387,-0.0004401966020562
2015-02-13,1520.0,1525.0,1505.0,1515.0,32000.0,1515.0,1525.0,1541.0,1550.4,1517.7333333333331,1440.9,False,False,False,False,False,False,False,True,False,True,False,0.0528052805280528,0.0561056105610561,,,-0.0233663366336634,-0.0018041804180416,0.0495049504950495,-0.0198019801980198,0.0008345778792935,-0.0460739779364049,1545.0,1415.0,0.7804878048780488,-0.0020639834881319,-0.000132984517998,0.0002630739447086
2015-02-16,1510.0,1530.0,1505.0,1520.0,29000.0,1520.0,1521.0,1536.0,1546.4,1518.5333333333333,1441.475,False,False,False,False,False,False,False,True,False,True,False,0.0625,0.0592105263157894,,,-0.0173684210526316,0.0009649122807017,0.0394736842105263,-0.0230263157894736,0.0005268241285452,-0.0419921875,1610.0,1405.0,0.90625,-0.0025866528711846,-0.0005226693830527,-0.0003077537507483
2015-02-17,1530.0,1530.0,1510.0,1520.0,22000.0,1520.0,1521.0,1532.5,1543.2,1519.4666666666667,1442.225,False,False,False,False,False,False,False,True,False,False,False,0.0526315789473684,0.0592105263157894,,,-0.0152631578947368,0.0003508771929824,0.0394736842105263,-0.0230263157894736,0.0006142506142506,-0.0391517128874388,1590.0,1375.0,0.7586206896551724,-0.0020736132711249,0.0005130396000597,8.742648570544693e-05
2015-02-18,1525.0,1545.0,1505.0,1540.0,93000.0,1540.0,1525.0,1532.0,1541.2,1520.7333333333331,1443.15,False,False,False,False,False,False,False,True,False,False,False,0.0422077922077922,0.0551948051948051,,,-0.0007792207792208,0.0125108225108226,0.0292207792207792,-0.0454545454545454,0.0008329314804259,-0.0385117493472584,1540.0,1370.0,4.227272727272728,-0.0012976901116013,0.0007759231595236,0.0002186808661752
2015-02-19,1565.0,1605.0,1565.0,1580.0,199000.0,1580.0,1535.0,1534.5,1542.8,1522.5333333333333,1444.2,False,False,False,False,True,False,True,True,True,False,False,0.0189873417721519,0.0284810126582278,,,0.0235443037974683,0.0363713080168776,-0.0031645569620253,-0.0664556962025316,0.0011822401261057,-0.0391006842619745,1530.0,1370.0,2.139784946236559,0.0010370754472387,0.00233476555884,0.0003493086456797
2015-02-20,1650.0,1655.0,1590.0,1595.0,313000.0,1595.0,1551.0,1538.0,1544.8,1524.3333333333333,1445.25,False,False,False,False,False,False,True,True,False,False,False,0.0031347962382445,0.0094043887147335,,,0.0314733542319749,0.0443051201671891,-0.0376175548589341,-0.0721003134796238,0.0011808440848458,-0.0399869960988296,1550.0,1375.0,1.5728643216080402,0.0012946659761781,0.0002575905289394,-1.396041259928496e-06
2015-02-23,1610.0,1645.0,1610.0,1615.0,180000.0,1615.0,1570.0,1545.5,1548.2,1526.5333333333333,1446.5,False,False,False,False,False,False,True,True,False,False,False,-0.0030959752321981,-0.0092879256965944,,,0.0413622291021671,0.0547781217750258,-0.0557275541795665,-0.0866873065015479,0.0014411739016508,-0.0433516661274668,1570.0,1420.0,0.5750798722044729,0.002196098695259,0.0009014327190809,0.000260329816805
2015-02-24,1620.0,1620.0,1590.0,1600.0,56000.0,1600.0,1586.0,1553.5,1550.4,1528.4666666666667,1447.75,False,False,False,False,False,False,True,True,False,True,False,0.00625,0.0,,,0.0309999999999999,0.0447083333333333,-0.059375,-0.084375,0.0012648841976709,-0.0482780817508851,1555.0,1405.0,0.3111111111111111,0.0014189886480908,-0.0007771100471682,-0.0001762897039799
2015-02-25,1615.0,1615.0,1595.0,1605.0,47000.0,1605.0,1599.0,1562.0,1552.8,1530.2666666666669,1449.125,False,False,False,False,False,False,True,True,False,False,False,0.0124610591900311,-0.0093457943925233,,,0.0325233644859813,0.0465628245067496,-0.0809968847352024,-0.0809968847352024,0.0011762655746276,-0.0540973111395646,1575.0,1430.0,0.8392857142857143,0.0015455950540957,0.0001266064060048,-8.861862304327338e-05
2015-02-26,1640.0,1645.0,1605.0,1610.0,291000.0,1610.0,1605.0,1570.0,1556.0,1531.8666666666666,1450.45,False,False,False,False,False,False,True,True,False,False,False,0.0093167701863354,-0.0062111801242236,,,0.0335403726708074,0.0485300207039338,-0.0838509316770186,-0.0900621118012422,0.0010444773261378,-0.0598726114649681,1575.0,1440.0,6.191489361702128,0.0020565552699229,0.0005109602158271,-0.0001317882484897
2015-02-27,1610.0,1620.0,1595.0,1600.0,97000.0,1600.0,1606.0,1578.5,1558.0,1532.7333333333331,1451.875,False,False,False,False,False,False,True,True,False,True,False,0.00625,-0.00625,,,0.02625,0.0420416666666667,-0.075,-0.084375,0.0005654386499064,-0.0662020905923344,1585.0,1465.0,0.3333333333333333,0.0012836970474967,-0.0007728582224261,-0.0004790386762314
2015-03-02,1620.0,1630.0,1600.0,1610.0,139000.0,1610.0,1605.0,1587.5,1560.2,1535.1333333333334,1452.875,False,False,False,False,False,False,True,True,False,False,False,-0.0062111801242236,-0.015527950310559,,,0.0309316770186335,0.0465010351966873,-0.0838509316770186,-0.0838509316770186,0.0015633821166458,-0.0721259842519685,1615.0,1480.0,1.4329896907216495,0.0014100756313293,0.0001263785838325,0.0009979434667394
2015-03-03,1615.0,1630.0,1610.0,1610.0,124000.0,1610.0,1607.0,1596.5,1562.4,1537.4666666666667,1454.025,False,False,False,False,False,False,True,True,False,True,False,-0.0062111801242236,-0.015527950310559,,,0.0295652173913042,0.0450517598343685,-0.077639751552795,-0.0838509316770186,0.001517648079091,-0.0779830880050109,1615.0,1570.0,0.8920863309352518,0.0014080901177675,-1.985513561779612e-06,-4.573403755478781e-05
2015-03-04,1610.0,1635.0,1610.0,1625.0,87000.0,1625.0,1611.0,1605.0,1565.6,1539.7333333333331,1455.375,False,False,False,False,False,False,True,True,False,False,False,-0.0215384615384615,-0.0246153846153846,,,0.0365538461538462,0.052471794871795,-0.0769230769230769,-0.0953846153846153,0.0014721163837892,-0.0828660436137071,1635.0,1570.0,0.7016129032258065,0.0020439448134899,0.0006358546957223,-4.553169530185268e-05
2015-03-05,1625.0,1630.0,1620.0,1625.0,45000.0,1625.0,1614.0,1609.5,1568.8,1542.1333333333334,1457.125,False,False,False,False,False,False,True,True,False,True,False,-0.0153846153846153,-0.0246153846153846,,,0.0345846153846154,0.0509948717948717,-0.08,-0.0953846153846153,0.00155628566488,-0.0857409133271202,1605.0,1535.0,0.5172413793103449,0.0020397756246813,-4.169188808605517e-06,8.416928109078285e-05
2015-03-06,1625.0,1625.0,1610.0,1610.0,63000.0,1610.0,1616.0,1611.0,1571.0,1544.7333333333331,1459.05,False,False,False,False,False,False,True,True,False,True,False,-0.0124223602484472,-0.0124223602484472,,,0.024223602484472,0.0405383022774328,-0.0807453416149068,-0.0900621118012422,0.0016831384057656,-0.0875232774674115,1595.0,1550.0,1.4,0.0014003819223424,-0.0006393937023388,0.0001268527408855
2015-03-09,1605.0,1610.0,1600.0,1600.0,66000.0,1600.0,1614.0,1609.5,1572.2,1547.3333333333333,1461.025,False,False,False,False,False,False,True,True,False,True,False,-0.009375,-0.0125,,,0.0173749999999999,0.0329166666666667,-0.084375,-0.0875,0.0016803102111159,-0.0876048462255358,1620.0,1555.0,1.0476190476190477,0.000763261671543,-0.0006371202507993,-2.828194649635461e-06
2015-03-10,1600.0,1610.0,1595.0,1600.0,27000.0,1600.0,1612.0,1609.5,1574.0,1550.3333333333333,1463.175,False,False,False,False,False,False,True,True,False,False,False,-0.009375,-0.0125,,,0.01625,0.0310416666666667,-0.08125,-0.09375,0.0019350677273704,-0.0885368126747437,1600.0,1565.0,0.4090909090909091,0.0011435832274459,0.0003803215559028,0.0002547575162544
2015-03-11,1575.0,1600.0,1575.0,1590.0,47000.0,1590.0,1605.0,1608.0,1575.8,1553.2666666666669,1465.625,False,False,False,False,False,False,True,True,False,True,False,-0.0031446540880503,-0.0031446540880503,,,0.0089308176100629,0.0231027253668761,-0.0723270440251572,-0.0943396226415094,0.0018884930683722,-0.0898631840796019,1590.0,1555.0,1.7407407407407407,0.0011422769386977,-1.306288748193071e-06,-4.657465899823984e-05
2015-03-12,1590.0,1615.0,1590.0,1600.0,34000.0,1600.0,1600.0,1607.0,1577.6,1556.3333333333333,1468.175,False,False,False,False,False,False,True,True,False,True,False,-0.009375,-0.015625,,,0.014,0.0272916666666667,-0.084375,-0.090625,0.0019704433497535,-0.0899191039203484,1540.0,1505.0,0.723404255319149,0.0011409736308316,-1.3033078661614083e-06,8.195028138129144e-05
2015-03-13,1600.0,1605.0,1580.0,1590.0,181000.0,1590.0,1596.0,1606.0,1578.8,1559.2,1470.675,False,False,False,False,False,False,True,True,False,True,False,0.0,-0.0345911949685534,,,0.0070440251572327,0.0193710691823899,-0.0754716981132075,-0.0849056603773584,0.0018385496835985,-0.0899750933997509,1545.0,1545.0,5.323529411764706,0.0007600709399544,-0.0003809026908771,-0.000131893666155
2015-03-16,1590.0,1590.0,1570.0,1585.0,120000.0,1585.0,1593.0,1603.5,1580.6,1561.4,1472.9,False,False,False,False,False,False,True,True,False,False,False,-0.0031545741324921,-0.0378548895899053,,,0.0027760252365931,0.0148895899053627,-0.0820189274447949,-0.0820189274447949,0.0014089919303189,-0.0898035547240411,1530.0,1610.0,0.6629834254143646,0.0011388080475768,0.0003787371076224,-0.0004295577532795
2015-03-17,1590.0,1595.0,1580.0,1585.0,94000.0,1585.0,1590.0,1601.0,1583.2,1563.8,1474.95,False,False,False,False,False,False,True,True,False,False,False,-0.0031545741324921,-0.0504731861198738,,,0.0011356466876971,0.0133753943217665,-0.0757097791798107,-0.0883280757097791,0.001534723110372,-0.0902560899437851,1545.0,1590.0,0.7833333333333333,0.0016422435573522,0.0005034355097754,0.0001257311800531
2015-03-18,1585.0,1590.0,1580.0,1585.0,41000.0,1585.0,1589.0,1597.0,1585.8,1565.8666666666666,1476.775,False,False,False,False,False,False,True,True,False,True,False,0.0,-0.0694006309148265,,,-0.0005047318611987,0.0120715036803365,-0.0757097791798107,-0.085173501577287,0.0013198228882833,-0.0892298058860363,1545.0,1540.0,0.4361702127659574,0.0016395510152603,-2.692542091905104e-06,-0.0002149002220887
2015-03-19,1580.0,1600.0,1575.0,1585.0,71000.0,1585.0,1586.0,1593.0,1588.0,1567.8,1478.7,False,False,False,False,False,False,True,True,False,True,False,-0.0063091482649842,-0.0694006309148265,,,-0.0018927444794952,0.0108517350157729,-0.0630914826498422,-0.1009463722397476,0.0012331504868818,-0.0897677338355304,1530.0,1530.0,1.7317073170731707,0.0013853904282116,-0.0002541605870487,-8.667240140147118e-05
2015-03-20,1580.0,1590.0,1575.0,1590.0,77000.0,1590.0,1586.0,1591.0,1591.0,1569.4666666666667,1480.6,False,False,False,False,False,False,True,True,False,False,False,-0.0345911949685534,-0.0691823899371069,,,-0.00062893081761,0.0129140461215932,-0.0566037735849056,-0.1257861635220125,0.0010619318664514,-0.0933375235700817,1550.0,1550.0,1.0845070422535212,0.0018856065367693,0.0005002161085577,-0.0001712186204303
2015-03-23,1590.0,1595.0,1580.0,1580.0,89000.0,1580.0,1585.0,1589.0,1593.4,1570.8,1482.075,False,False,False,False,False,False,True,True,False,True,False,-0.0348101265822784,-0.0664556962025316,,,-0.0084810126582279,0.0058227848101266,-0.0474683544303797,-0.1265822784810126,0.000848824378236,-0.0972309628697293,1555.0,1570.0,1.155844155844156,0.0015062131291578,-0.0003793934076114,-0.0002131074882154
2015-03-24,1575.0,1580.0,1575.0,1580.0,69000.0,1580.0,1584.0,1587.0,1595.8,1570.9333333333334,1483.6,False,False,False,False,False,False,True,True,False,True,False,-0.0474683544303797,-0.060126582278481,,,-0.0099999999999999,0.0057383966244725,-0.060126582278481,-0.1139240506329113,8.487523340695941e-05,-0.0992438563327032,1555.0,1555.0,0.7752808988764045,0.0015039478631406,-2.2652660171737764e-06,-0.0007639491448291
2015-03-25,1575.0,1585.0,1575.0,1585.0,43000.0,1585.0,1584.0,1586.5,1597.6,1571.1333333333334,1485.075,False,False,False,False,False,False,True,True,False,True,False,-0.0694006309148265,-0.0536277602523659,,,-0.00794952681388,0.0087486855941113,-0.056782334384858,-0.0946372239747634,0.0001272966436118,-0.099275133942641,1545.0,1575.0,0.6231884057971014,0.0011266900350525,-0.0003772578280881,4.242141020489962e-05
2015-03-26,1580.0,1585.0,1575.0,1575.0,55000.0,1575.0,1582.0,1584.0,1597.4,1571.6666666666667,1486.4,False,False,False,False,False,False,False,True,False,True,False,-0.0634920634920634,-0.0507936507936507,,,-0.0142222222222222,0.002116402116402,-0.0507936507936507,-0.0793650793650793,0.00033934252386,-0.0981691919191919,1545.0,1575.0,1.2790697674418603,-0.0001252034556152,-0.0012518934906678,0.0002120458802481
2015-03-27,1560.0,1570.0,1520.0,1535.0,29000.0,1535.0,1571.0,1578.5,1595.0,1571.4666666666667,1487.55,False,False,False,False,False,False,False,False,False,True,False,-0.0358306188925081,-0.0358306188925081,,,-0.0390879478827361,-0.0237567861020629,-0.0260586319218241,-0.0586319218241042,-0.0001272696419481,-0.0956604371238517,1555.0,1585.0,0.5272727272727272,-0.0015047021943574,-0.0013794987387421,-0.0004666121658081
2015-03-30,1535.0,1535.0,1520.0,1525.0,17000.0,1525.0,1560.0,1572.5,1591.4,1571.0666666666666,1488.725,False,False,False,False,False,False,False,False,False,True,False,-0.0327868852459016,-0.0393442622950819,,,-0.0435409836065574,-0.030207650273224,-0.0098360655737704,-0.0491803278688524,-0.0002546040906391,-0.0925278219395866,1570.0,1615.0,0.5862068965517241,-0.0022621591051903,-0.0007574569108329,-0.000127334448691
2015-03-31,1525.0,1525.0,1480.0,1505.0,54000.0,1505.0,1545.0,1564.5,1587.6,1570.2666666666669,1489.75,False,False,False,False,False,False,False,False,False,True,False,-0.0132890365448504,-0.0232558139534883,,,-0.0548837209302325,-0.0433665559246956,0.0099667774086378,-0.0398671096345514,-0.0005094676063511,-0.0878875039948865,1555.0,1615.0,3.176470588235294,-0.0023935500125977,-0.0001313909074074,-0.000254863515712
2015-04-01,1500.0,1500.0,1450.0,1475.0,97000.0,1475.0,1523.0,1553.5,1582.4,1569.2,1490.2,False,False,False,False,False,False,False,False,False,True,False,0.0169491525423728,0.0,,,-0.0728135593220339,-0.063864406779661,0.0372881355932203,-0.0271186440677966,-0.00067975189056,-0.0823945928548439,1545.0,1635.0,1.7962962962962965,-0.0032861476238623,-0.0008925976112646,-0.0001702842842088
2015-04-02,1475.0,1480.0,1470.0,1475.0,29000.0,1475.0,1503.0,1542.5,1577.0,1568.8,1490.425,False,False,False,False,False,False,False,False,False,True,False,0.0135593220338983,-0.0067796610169491,,,-0.0691525423728813,-0.063593220338983,-0.0135593220338983,-0.023728813559322,-0.0002549719530852,-0.0748784440842787,1555.0,1605.0,0.2989690721649484,-0.003424223208624,-0.0001380755847616,0.0004247799374748
2015-04-03,1485.0,1485.0,1455.0,1480.0,44000.0,1480.0,1492.0,1531.5,1572.2,1567.9333333333334,1490.75,False,False,False,False,False,False,False,False,False,False,False,0.0,-0.0067567567567567,,,-0.0622972972972973,-0.0594144144144144,-0.027027027027027,-0.027027027027027,-0.0005527445894807,-0.0649689846555664,1560.0,1595.0,1.5172413793103448,-0.0030530466861722,0.0003711765224518,-0.0002977726363955
2015-04-06,1480.0,1480.0,1465.0,1475.0,23000.0,1475.0,1482.0,1521.0,1566.8,1566.1333333333334,1491.0,False,False,False,False,False,False,False,False,False,True,False,-0.0067796610169491,-0.0135593220338983,,,-0.0622372881355931,-0.0617853107344633,-0.0305084745762711,-0.0372881355932203,-0.0011493274306146,-0.0558842866535174,1540.0,1620.0,0.5227272727272727,-0.0034465151901966,-0.0003934685040244,-0.0005965828411338
2015-04-07,1470.0,1485.0,1465.0,1485.0,102000.0,1485.0,1478.0,1511.5,1561.8,1564.7333333333331,1491.075,False,False,True,False,False,False,False,False,False,False,False,-0.0101010101010101,-0.0134680134680134,,,-0.0517171717171716,-0.0536924803591468,-0.037037037037037,-0.0437710437710437,-0.0008947211452432,-0.0486271915315911,1520.0,1600.0,4.434782608695652,-0.0032014342425406,0.0002450809476559,0.0002546062853713
2015-04-08,1485.0,1500.0,1485.0,1500.0,35000.0,1500.0,1483.0,1503.0,1556.8,1564.2,1491.025,False,False,False,False,False,False,False,False,False,True,False,-0.0166666666666666,-0.0233333333333333,,,-0.0378666666666666,-0.0428,-0.03,-0.06,-0.0003409623662786,-0.0449101796407185,1520.0,1590.0,0.3431372549019608,-0.0032117163412127,-1.028209867208604e-05,0.0005537587789646
2015-04-09,1500.0,1500.0,1490.0,1495.0,13000.0,1495.0,1487.0,1495.0,1551.6,1563.7333333333331,1491.25,False,False,False,False,False,False,False,False,False,True,False,-0.020066889632107,-0.0066889632107023,,,-0.0378595317725751,-0.0459754738015606,-0.0334448160535117,-0.0535117056856187,-0.0002984311050479,-0.0421404682274247,1530.0,1540.0,0.3714285714285714,-0.0033513792214488,-0.0001396628802361,4.253126123074342e-05
2015-04-10,1485.0,1485.0,1475.0,1480.0,21000.0,1480.0,1487.0,1489.5,1546.4,1562.8,1491.5,False,False,False,False,False,False,False,False,False,True,False,-0.0067567567567567,0.0135135135135135,,,-0.0448648648648649,-0.0559459459459459,-0.0168918918918918,-0.0574324324324324,-0.000597218667349,-0.0419603893924135,1515.0,1545.0,1.6153846153846154,-0.0033626487325399,-1.1269511091119028e-05,-0.0002987875623011
2015-04-13,1485.0,1485.0,1455.0,1465.0,55000.0,1465.0,1485.0,1483.5,1541.0,1561.4,1491.675,False,False,False,False,False,False,False,False,False,True,False,-0.0068259385665529,0.0273037542662116,,,-0.051877133105802,-0.06580204778157,0.0034129692832764,-0.0580204778156996,-0.0008966312283846,-0.0428041793056959,1520.0,1530.0,2.619047619047619,-0.0035042180402336,-0.0001415693076936,-0.0002994125610355
2015-04-14,1470.0,1470.0,1460.0,1470.0,39000.0,1470.0,1482.0,1480.0,1535.8,1560.2666666666669,1491.975,False,False,False,False,False,False,False,False,False,False,False,-0.0034013605442176,0.010204081632653,,,-0.0447619047619047,-0.0614058956916101,0.0034013605442176,-0.0510204081632653,-0.0007263715604169,-0.0439189189189189,1520.0,1545.0,0.7090909090909091,-0.003385857533533,0.0001183605067006,0.0001702596679677
2015-04-15,1480.0,1480.0,1470.0,1475.0,27000.0,1475.0,1477.0,1480.0,1531.2,1558.9333333333334,1492.3,False,False,False,False,False,False,False,False,False,False,False,-0.0067796610169491,0.0135593220338983,,,-0.0381016949152542,-0.0569039548022599,-0.0067796610169491,-0.0644067796610169,-0.0008552856654123,-0.0476351351351351,1540.0,1545.0,0.6923076923076923,-0.0030041797283176,0.0003816778052154,-0.0001289141049954
2015-04-16,1475.0,1475.0,1460.0,1465.0,27000.0,1465.0,1471.0,1479.0,1525.8,1557.4666666666667,1492.675,False,False,False,False,False,False,False,False,False,True,False,0.0136518771331058,0.0204778156996587,,,-0.0415017064846416,-0.0631171786120591,-0.0034129692832764,-0.0648464163822525,-0.0009417001969009,-0.0517241379310344,1580.0,1530.0,1.0,-0.0035391270153362,-0.0005349472870186,-8.641453148862475e-05
2015-04-17,1470.0,1475.0,1470.0,1470.0,30000.0,1470.0,1469.0,1478.0,1521.0,1555.9333333333334,1492.95,False,False,False,False,False,False,False,False,False,False,False,0.0204081632653061,0.0170068027210884,,,-0.0346938775510204,-0.0584580498866213,-0.0068027210884353,-0.0680272108843537,-0.000985474956082,-0.0558186738836265,1595.0,1550.0,1.1111111111111112,-0.0031558185404338,0.0003833084749023,-4.377475918110525e-05
2015-04-20,1470.0,1470.0,1450.0,1455.0,80000.0,1455.0,1467.0,1476.0,1515.8,1553.8,1493.2,False,False,False,False,False,False,False,False,False,True,False,0.0343642611683848,0.0378006872852233,,,-0.0417869415807559,-0.0679037800687284,0.0,-0.0618556701030927,-0.0013729780752564,-0.0582655826558265,1615.0,1555.0,2.6666666666666665,-0.0034305317324185,-0.0002747131919846,-0.0003875031191743
2015-04-21,1460.0,1470.0,1460.0,1465.0,17000.0,1465.0,1466.0,1474.0,1511.0,1551.8,1493.55,False,False,False,False,False,False,False,False,False,False,False,0.0136518771331058,0.0375426621160409,,,-0.0313993174061433,-0.0592491467576791,0.0,-0.068259385665529,-0.0012888258796236,-0.060719131614654,1600.0,1555.0,0.2125,-0.0031767041694241,0.0002538275629943,8.415219563276616e-05
2015-04-22,1475.0,1475.0,1450.0,1465.0,55000.0,1465.0,1464.0,1470.5,1506.2,1549.5333333333333,1493.925,False,False,False,False,False,False,False,False,False,True,False,0.0204778156996587,0.0443686006825938,,,-0.0281228668941979,-0.0577019340159271,0.0136518771331058,-0.0511945392491467,-0.0014628060061093,-0.0598435906154369,1605.0,1545.0,3.235294117647059,-0.0031868277785154,-1.0123609091246526e-05,-0.0001739801264856
2015-04-23,1470.0,1485.0,1470.0,1485.0,39000.0,1485.0,1468.0,1469.5,1502.2,1547.9333333333334,1494.325,False,False,False,False,False,False,False,False,False,False,False,0.0067340067340067,-0.0202020202020202,,,-0.0115824915824916,-0.0423793490460157,-0.0033670033670033,0.0067340067340067,-0.0010336362461776,-0.0537597822388567,1610.0,1545.0,0.7090909090909091,-0.0026627612834509,0.0005240664950645,0.0004291697599317
2015-04-24,1495.0,1515.0,1495.0,1500.0,90000.0,1500.0,1474.0,1471.5,1498.6,1546.6666666666667,1494.775,False,False,False,False,True,False,False,False,False,False,False,-0.0033333333333333,-0.04,,,0.0009333333333333,-0.0311111111111111,-0.01,0.0433333333333333,-0.0008189655172413,-0.0434930343187223,1600.0,1555.0,2.3076923076923075,-0.0024022420926198,0.000260519190831,0.0002146707289362
2015-04-27,1505.0,1505.0,1490.0,1505.0,19000.0,1505.0,1484.0,1475.5,1495.6,1545.1333333333334,1495.3,False,False,False,False,False,False,False,False,False,False,False,0.0033222591362126,-0.0498338870431893,,,0.0062458471760797,-0.0266666666666667,-0.0132890365448504,0.0431893687707641,-0.0009923631186089,-0.0332090816672314,1610.0,1570.0,0.2111111111111111,-0.0020058839261834,0.0003963581664363,-0.0001733976013675
2015-04-28,1500.0,1500.0,1480.0,1485.0,22000.0,1485.0,1488.0,1477.0,1491.8,1543.6,1495.7,False,False,False,False,False,False,False,False,False,True,False,0.0235690235690235,-0.037037037037037,,,-0.0045791245791245,-0.0394612794612794,0.0,0.0202020202020202,-0.0009933488814029,-0.0260663507109004,1610.0,1555.0,1.1578947368421053,-0.0025472583456227,-0.0005413744194392,-9.857627939629816e-07
2015-04-30,1485.0,1495.0,1480.0,1495.0,17000.0,1495.0,1494.0,1479.0,1488.2,1542.3333333333333,1496.025,False,False,False,False,False,False,False,False,False,False,False,0.0234113712374581,-0.0267558528428093,,,0.0045484949832775,-0.0316610925306577,-0.0167224080267558,-0.020066889632107,-0.0008212664793602,-0.0216362407031778,1625.0,1545.0,0.7727272727272727,-0.002419029700309,0.0001282286453136,0.0001720824020426
2015-05-01,1480.0,1495.0,1480.0,1495.0,35000.0,1495.0,1496.0,1482.0,1485.0,1541.7333333333331,1496.325,False,False,False,False,False,False,False,False,False,False,False,-0.0267558528428093,-0.0334448160535117,,,0.0066889632107023,-0.0312597547380154,-0.0133779264214046,-0.0334448160535117,-0.0003891723601142,-0.0185560053981106,1625.0,1555.0,2.0588235294117645,-0.0021548821548821,0.0002641475454268,0.000432094119246
2015-05-07,1495.0,1495.0,1485.0,1495.0,12000.0,1495.0,1495.0,1484.5,1483.4,1541.0666666666666,1496.75,False,False,False,False,False,False,False,False,False,False,False,-0.0367892976588628,-0.0267558528428093,,,0.0077591973244146,-0.030813823857302,-0.0100334448160535,-0.0668896321070234,-0.0004326007959853,-0.018524755810037,1610.0,1560.0,0.3428571428571428,-0.0010786032088444,0.0010762789460377,-4.342843587112048e-05
2015-05-08,1500.0,1510.0,1485.0,1510.0,22000.0,1510.0,1496.0,1490.0,1482.8,1540.8,1497.35,False,False,False,False,False,False,False,False,False,False,False,-0.0529801324503311,-0.0264900662251655,,,0.0180132450331126,-0.0203973509933774,-0.0231788079470198,-0.119205298013245,-0.0001730702665282,-0.024496644295302,1600.0,1540.0,1.8333333333333333,-0.0004046398705153,0.0006739633383291,0.0002595305294571
2015-05-11,1515.0,1520.0,1510.0,1520.0,28000.0,1520.0,1503.0,1495.5,1483.4,1540.4666666666667,1498.025,False,False,False,False,False,False,True,False,False,False,False,-0.0592105263157894,-0.0296052631578947,,,0.0240789473684209,-0.0134649122807017,-0.0361842105263157,-0.1282894736842105,-0.0002163846453455,-0.0307589434971581,1600.0,1520.0,1.2727272727272727,0.0004044762033167,0.0008091160738321,-4.331437881731644e-05
2015-05-12,1520.0,1530.0,1495.0,1530.0,104000.0,1530.0,1510.0,1502.0,1485.6,1540.2666666666669,1498.7,False,False,False,False,False,False,True,False,True,False,False,-0.0490196078431372,-0.0424836601307189,,,0.0290196078431373,-0.0067102396514162,-0.0359477124183006,-0.1111111111111111,-0.0001298476454292,-0.0369507323568575,1590.0,1520.0,3.7142857142857135,0.0014808831448571,0.0010764069415403,8.65369999162723e-05
2015-05-13,1525.0,1530.0,1450.0,1455.0,235000.0,1455.0,1502.0,1499.0,1484.8,1539.2666666666669,1499.05,False,False,False,False,False,False,False,False,False,True,False,-0.0068728522336769,0.0034364261168384,,,-0.0204810996563573,-0.0579152348224514,0.0068728522336769,-0.0446735395189003,-0.0006496600112607,-0.0420280186791194,1600.0,1530.0,2.2596153846153846,-0.0005387931034482,-0.0020196762483054,-0.0005198123658315
2015-05-14,1435.0,1450.0,1415.0,1440.0,100000.0,1440.0,1491.0,1493.0,1483.2,1537.8,1499.275,False,False,False,False,False,False,False,False,False,True,False,0.0104166666666666,0.0138888888888888,,,-0.03,-0.0679166666666666,0.0173611111111111,0.0138888888888888,-0.0009537434430139,-0.0452109845947756,1590.0,1515.0,0.425531914893617,-0.0010787486515641,-0.0005399555481158,-0.0003040834317532
2015-05-15,1440.0,1445.0,1430.0,1430.0,27000.0,1430.0,1475.0,1485.5,1481.4,1536.1333333333334,1499.475,False,False,False,False,False,False,False,False,False,True,False,0.0279720279720279,0.0174825174825174,,,-0.035944055944056,-0.0742191142191143,0.0314685314685314,0.0384615384615384,-0.0010849752625639,-0.0461124200605856,1585.0,1520.0,0.27,-0.0012150668286755,-0.0001363181771114,-0.0001312318195499
2015-05-18,1435.0,1435.0,1425.0,1430.0,43000.0,1430.0,1457.0,1480.0,1479.2,1534.4666666666667,1499.65,False,False,False,False,False,False,False,False,False,True,False,0.0314685314685314,0.0244755244755244,,,-0.0344055944055944,-0.073053613053613,0.0314685314685314,0.0209790209790209,-0.0010861537124734,-0.0462837837837837,1585.0,1520.0,1.5925925925925926,-0.001487290427258,-0.0002722235985824,-1.1784499095238157e-06
2015-05-19,1435.0,1455.0,1435.0,1455.0,38000.0,1455.0,1442.0,1476.0,1477.4,1533.2666666666669,1499.975,False,False,False,False,False,False,False,False,False,False,False,0.0068728522336769,0.0206185567010309,,,-0.0153951890034364,-0.0537915234822452,0.0103092783505154,-0.0378006872852233,-0.0007826427235965,-0.0481029810298102,1585.0,1540.0,0.8837209302325582,-0.0012183565723568,0.0002689338549011,0.0003035109888768
2015-05-20,1455.0,1460.0,1430.0,1445.0,77000.0,1445.0,1440.0,1471.0,1475.4,1531.9333333333334,1500.225,False,False,False,False,False,False,False,False,False,True,False,0.0103806228373702,0.0242214532871972,,,-0.021038062283737,-0.060161476355248,0.0173010380622837,-0.0276816608996539,-0.0008703598938161,-0.0475866757307953,1585.0,1580.0,2.026315789473684,-0.0013555645926528,-0.000137208020296,-8.771717021963251e-05
2015-05-21,1445.0,1465.0,1445.0,1455.0,89000.0,1455.0,1443.0,1467.0,1474.4,1530.6,1500.55,False,False,False,False,False,False,False,False,False,False,False,0.0034364261168384,0.0206185567010309,,,-0.0133333333333333,-0.0519587628865978,0.0068728522336769,-0.0790378006872852,-0.0008711180800558,-0.0487389229720518,1590.0,1595.0,1.155844155844156,-0.0006782419967444,0.0006773225959084,-7.581862396587946e-07
2015-05-22,1465.0,1470.0,1450.0,1470.0,60000.0,1470.0,1451.0,1463.0,1474.6,1529.2666666666669,1500.875,False,False,False,False,False,False,True,False,False,False,False,-0.010204081632653,0.010204081632653,,,-0.0031292517006802,-0.0403174603174604,-0.0068027210884353,-0.1122448979591836,-0.0008718775883863,-0.0478468899521531,1580.0,1615.0,0.6741573033707865,0.0001356300013561,0.0008138719981006,-7.595083305415298e-07
2015-05-25,1470.0,1475.0,1455.0,1475.0,31000.0,1475.0,1460.0,1458.5,1474.8,1528.2,1501.225,False,False,False,False,True,False,True,False,False,True,False,-0.0067796610169491,0.0067796610169491,,,0.000135593220339,-0.0360677966101695,-0.0169491525423728,-0.1254237288135593,-0.000697988919426,-0.0473088789852588,1580.0,1600.0,0.5166666666666667,0.0001356116083537,-1.8393002470748227e-08,0.0001738886689603
2015-05-26,1475.0,1475.0,1460.0,1465.0,42000.0,1465.0,1462.0,1452.0,1474.4,1527.1333333333334,1501.175,False,False,False,False,False,False,False,False,False,True,False,0.0136518771331058,0.0034129692832764,,,-0.0064163822525597,-0.0424118316268487,-0.0170648464163822,-0.0784982935153583,-0.0006984764482472,-0.043732782369146,1585.0,1605.0,1.3548387096774193,-0.0002712967986976,-0.0004069084070513,-4.875288212077139e-07
2015-05-27,1465.0,1475.0,1450.0,1460.0,27000.0,1460.0,1465.0,1452.5,1474.2,1525.8666666666666,1500.9,False,False,False,False,False,False,False,False,False,False,False,0.0136986301369863,0.0102739726027397,,,-0.0097260273972603,-0.0451141552511414,-0.0034246575342465,-0.0890410958904109,-0.0008301293254108,-0.0481927710843373,1575.0,1610.0,0.6428571428571429,-0.0001356668023334,0.0001356299963641,-0.0001316528771636
2015-05-28,1455.0,1470.0,1455.0,1460.0,19000.0,1460.0,1466.0,1454.5,1473.8,1524.5333333333333,1500.9,False,False,False,False,False,False,False,False,False,True,False,0.0171232876712328,0.0136986301369863,,,-0.0094520547945205,-0.0442009132420091,-0.0034246575342465,-0.0821917808219178,-0.000874584572328,-0.0577518047438982,1535.0,1600.0,0.7037037037037037,-0.0002714072465735,-0.00013574044424,-4.4455246917259744e-05
2015-05-29,1450.0,1455.0,1425.0,1455.0,77000.0,1455.0,1463.0,1457.0,1473.8,1523.4,1500.825,False,False,False,False,False,False,False,False,False,False,False,0.0206185567010309,0.0137457044673539,,,-0.0129209621993126,-0.0470103092783505,0.0,-0.0721649484536082,-0.0007439499365453,-0.0686341798215511,1525.0,1610.0,4.052631578947368,0.0,0.0002714072465735,0.0001306346357827
2015-06-01,1460.0,1465.0,1455.0,1465.0,30000.0,1465.0,1461.0,1460.5,1473.8,1522.6666666666667,1500.95,False,False,False,False,False,False,False,False,False,False,False,0.0136518771331058,0.0,,,-0.0060068259385665,-0.0393629124004551,-0.0136518771331058,-0.0784982935153583,-0.0004816112084063,-0.0783978089695309,1505.0,1610.0,0.3896103896103896,0.0,0.0,0.000262338728139
2015-06-02,1455.0,1485.0,1455.0,1485.0,103000.0,1485.0,1465.0,1463.5,1474.6,1522.2,1501.175,False,False,False,True,True,False,True,False,False,False,False,-0.0101010101010101,-0.0067340067340067,,,0.007003367003367,-0.025050505050505,-0.0235690235690235,-0.0976430976430976,-0.0003065738185959,-0.0843867441065937,1475.0,1625.0,3.433333333333333,0.0005425200054251,0.0005425200054251,0.0001750373898104
2015-06-03,1465.0,1480.0,1465.0,1480.0,27000.0,1480.0,1469.0,1467.0,1474.4,1521.5333333333333,1501.875,False,False,False,False,False,False,False,False,False,True,False,-0.0033783783783783,-0.0101351351351351,,,0.0037837837837837,-0.028063063063063,-0.0371621621621621,-0.0743243243243243,-0.0004381544932743,-0.0889570552147239,1475.0,1625.0,0.2621359223300971,-0.0001356483993487,-0.0006781684047739,-0.0001315806746784
2015-06-04,1475.0,1485.0,1475.0,1485.0,59000.0,1485.0,1474.0,1470.0,1473.8,1521.1333333333334,1502.2,False,False,False,False,False,False,False,False,False,True,False,-0.0033670033670033,-0.0134680134680134,,,0.0075420875420875,-0.0243322109988777,-0.0639730639730639,-0.0909090909090909,-0.000262961826708,-0.0901360544217687,1480.0,1610.0,2.185185185185185,-0.0004071108698603,-0.0002714624705115,0.0001751926665663
2015-06-05,1485.0,1490.0,1480.0,1485.0,26000.0,1485.0,1480.0,1471.5,1473.0,1520.6666666666667,1502.775,False,False,False,False,False,False,False,False,False,True,False,-0.0067340067340067,-0.0067340067340067,,,0.008080808080808,-0.0240179573512907,-0.0707070707070707,-0.101010101010101,-0.0003068829460763,-0.0890248046211348,1475.0,1600.0,0.4406779661016949,-0.0005431093007467,-0.0001359984308864,-4.392111936823572e-05
2015-06-08,1475.0,1485.0,1470.0,1485.0,41000.0,1485.0,1484.0,1472.5,1473.0,1520.2,1503.15,False,False,False,False,False,False,False,False,False,False,False,-0.0134680134680134,-0.0067340067340067,,,0.008080808080808,-0.0237037037037037,-0.0572390572390572,-0.1178451178451178,-0.0003069771521291,-0.0882852292020373,1485.0,1600.0,1.5769230769230769,0.0,0.0005431093007467,-9.420605282352886e-08
2015-06-09,1480.0,1490.0,1465.0,1470.0,118000.0,1470.0,1481.0,1473.0,1472.0,1519.2666666666669,1503.6,False,False,False,False,False,True,False,False,False,True,False,0.0034013605442176,0.0,,,-0.001360544217687,-0.033514739229025,-0.0238095238095238,-0.1020408163265306,-0.0006143314757118,-0.0906313645621181,1500.0,1590.0,2.8780487804878048,-0.0006793478260869,-0.0006793478260869,-0.0003073543235827
2015-06-10,1470.0,1475.0,1455.0,1475.0,51000.0,1475.0,1480.0,1474.5,1471.2,1517.8666666666666,1504.075,False,False,False,False,False,False,False,False,False,False,False,-0.0067796610169491,-0.0033898305084745,,,0.0025762711864406,-0.0290621468926552,-0.0169491525423728,-0.1186440677966101,-0.0009223471539004,-0.0935910478128179,1495.0,1600.0,0.4322033898305085,-0.0005437737901032,0.0001355740359836,-0.0003080156781885
2015-06-11,1475.0,1485.0,1475.0,1480.0,10000.0,1480.0,1479.0,1476.5,1470.6,1516.3333333333333,1504.6,False,False,False,False,False,False,False,False,False,False,False,-0.0101351351351351,-0.0101351351351351,,,0.0063513513513514,-0.0245495495495495,-0.0236486486486486,-0.1148648648648648,-0.0010112112552209,-0.0968506603454114,1480.0,1590.0,0.196078431372549,-0.0004079967360262,0.000135777054077,-8.886410132048707e-05
2015-06-12,1480.0,1480.0,1470.0,1475.0,44000.0,1475.0,1477.0,1478.5,1469.2,1514.4666666666667,1505.075,False,False,False,False,False,False,False,False,False,True,False,0.0,-0.0101694915254237,,,0.0039322033898304,-0.0267570621468926,-0.0169491525423728,-0.1084745762711864,-0.0012325571158162,-0.1004396347649645,1465.0,1585.0,4.4,-0.0009528995371629,-0.0005449028011367,-0.0002213458605953
2015-06-15,1475.0,1475.0,1465.0,1465.0,21000.0,1465.0,1473.0,1478.5,1467.0,1512.6666666666667,1505.475,False,False,False,False,False,True,False,False,False,True,False,0.0068259385665529,-0.0102389078498293,,,-0.0013651877133105,-0.0325369738339022,-0.0136518771331058,-0.0819112627986348,-0.0011899515204935,-0.1007778153533987,1470.0,1585.0,0.4772727272727273,-0.0014996591683708,-0.0005467596312078,4.260559532269959e-05
2015-06-16,1465.0,1480.0,1465.0,1475.0,6000.0,1475.0,1474.0,1477.5,1464.8,1510.9333333333334,1505.9,False,False,False,False,False,False,False,False,False,True,False,-0.0033898305084745,-0.023728813559322,,,0.0069152542372881,-0.0243615819209039,-0.0271186440677966,-0.0847457627118644,-0.0011471937875044,-0.099492385786802,1475.0,1585.0,0.2857142857142857,-0.0015019115237575,-2.2523553866848206e-06,4.275773298915704e-05
2015-06-17,1485.0,1485.0,1465.0,1465.0,26000.0,1465.0,1472.0,1476.0,1465.2,1509.0,1506.3,False,False,False,False,False,False,True,False,False,False,False,0.0034129692832764,-0.0068259385665529,,,-0.000136518771331,-0.0300341296928327,-0.0170648464163822,-0.0750853242320819,-0.001281201678816,-0.0995934959349593,1465.0,1585.0,4.333333333333333,0.0002730002730003,0.0017749117967578,-0.0001340078913116
2015-06-18,1470.0,1480.0,1465.0,1465.0,19000.0,1465.0,1469.0,1474.0,1466.2,1507.2,1506.775,False,False,False,False,False,False,True,False,False,False,False,0.0,-0.0068259385665529,,,-0.0008191126279863,-0.0288054607508532,-0.0170648464163822,-0.0819112627986348,-0.0011942675159235,-0.0987109905020352,1470.0,1590.0,0.7307692307692307,0.0006820351930159,0.0004090349200156,8.693416289249647e-05
2015-06-19,1480.0,1480.0,1465.0,1475.0,20000.0,1475.0,1469.0,1473.0,1468.0,1505.4,1507.3,False,False,False,False,False,False,True,False,True,False,False,-0.0101694915254237,-0.0135593220338983,,,0.0047457627118644,-0.0206101694915254,-0.0372881355932203,-0.0915254237288135,-0.0011956954962136,-0.0977596741344195,1455.0,1580.0,1.0526315789473684,0.0012261580381471,0.0005441228451311,-1.4279802900639925e-06
2015-06-22,1480.0,1480.0,1465.0,1475.0,18000.0,1475.0,1471.0,1472.0,1469.8,1503.6,1507.85,False,False,False,False,False,False,True,False,False,True,False,-0.0169491525423728,-0.0203389830508474,,,0.0035254237288135,-0.0193898305084745,-0.0372881355932203,-0.0847457627118644,-0.001197126895451,-0.0944293478260869,1465.0,1580.0,0.9,0.0012246564158388,-1.501622308249309e-06,-1.4313992374381194e-06
2015-06-23,1480.0,1480.0,1460.0,1470.0,84000.0,1470.0,1470.0,1472.0,1470.4,1501.5333333333333,1508.325,False,False,False,False,False,False,True,False,False,True,False,-0.0204081632653061,-0.0136054421768707,,,-0.0002721088435374,-0.0214512471655328,-0.0408163265306122,-0.0714285714285714,-0.0013763708209385,-0.0913722826086956,1465.0,1585.0,4.666666666666667,0.0004080522306856,-0.0008166041851532,-0.0001792439254875
2015-06-24,1475.0,1475.0,1465.0,1470.0,64000.0,1470.0,1471.0,1471.5,1471.4,1499.4666666666667,1508.825,False,False,False,False,False,False,True,False,False,False,False,-0.010204081632653,-0.0306122448979591,,,-0.000952380952381,-0.0200453514739229,-0.0374149659863945,-0.0782312925170068,-0.0013782678285612,-0.0873258579680598,1485.0,1575.0,0.7619047619047619,0.0006796248470844,0.0002715726163987,-1.8970076226701264e-06
2015-06-25,1470.0,1475.0,1460.0,1465.0,20000.0,1465.0,1471.0,1470.0,1471.8,1497.5333333333333,1509.15,False,False,False,False,False,False,True,False,False,True,False,-0.0068259385665529,-0.0511945392491467,,,-0.0046416382252559,-0.022207053469852,-0.0477815699658703,-0.0853242320819112,-0.0012910118862129,-0.0843537414965986,1500.0,1535.0,0.3125,0.0002717760565293,-0.000407848790555,8.725594234830188e-05
2015-06-26,1475.0,1475.0,1460.0,1460.0,35000.0,1460.0,1468.0,1468.5,1471.4,1495.6666666666667,1509.35,False,False,False,False,False,False,False,False,False,True,False,-0.0034246575342465,-0.0547945205479452,,,-0.0078082191780822,-0.0244292237442922,-0.0547945205479452,-0.0993150684931506,-0.0012480499219968,-0.083418454204971,1505.0,1525.0,1.75,-0.0002718499388336,-0.0005436259953629,4.2961964216114935e-05
2015-06-29,1455.0,1455.0,1440.0,1450.0,51000.0,1450.0,1463.0,1467.0,1470.4,1493.6666666666667,1509.25,False,False,False,False,False,False,False,False,False,True,False,-0.0034482758620689,-0.0344827586206896,,,-0.0140689655172414,-0.0301149425287356,-0.0379310344827586,-0.093103448275862,-0.0013389868332961,-0.0845262440354465,1485.0,1505.0,1.457142857142857,-0.0006800870511425,-0.0004082371123088,-9.093691129933028e-05
2015-06-30,1435.0,1445.0,1435.0,1440.0,41000.0,1440.0,1457.0,1463.5,1469.4,1491.6666666666667,1509.125,False,False,False,False,False,False,False,False,False,True,False,0.0069444444444444,-0.0034722222222222,,,-0.0204166666666667,-0.0358796296296296,-0.0416666666666666,-0.0902777777777777,-0.001340782122905,-0.0850700375811411,1495.0,1475.0,0.803921568627451,-0.0006805498843065,-4.628331639734782e-07,-1.795289608888702e-06
2015-07-01,1440.0,1455.0,1440.0,1455.0,26000.0,1455.0,1454.0,1462.5,1469.2,1489.7333333333331,1509.125,False,False,False,False,False,False,False,False,False,False,False,-0.0206185567010309,-0.0034364261168384,,,-0.0097594501718213,-0.0238717067583045,-0.0584192439862542,-0.0756013745704467,-0.0012977714132285,-0.0851282051282051,1495.0,1475.0,0.6341463414634146,-0.000136128505309,0.0005444213789974,4.301070967651613e-05
2015-07-02,1455.0,1460.0,1450.0,1455.0,39000.0,1455.0,1452.0,1461.5,1469.0,1487.9333333333334,1509.3,False,False,False,False,False,False,False,False,False,True,False,-0.0446735395189003,-0.0068728522336769,,,-0.0096219931271477,-0.0226345933562428,-0.0584192439862542,-0.0687285223367697,-0.0012097316187999,-0.0838179952104002,1495.0,1480.0,1.5,-0.0001361470388019,-1.85334928943506e-08,8.803979442856985e-05
2015-07-03,1460.0,1465.0,1455.0,1455.0,43000.0,1455.0,1451.0,1459.5,1469.0,1486.2,1509.55,False,False,False,False,False,False,False,False,False,False,False,-0.0515463917525773,-0.0034364261168384,,,-0.0096219931271477,-0.0214432989690721,-0.0618556701030927,-0.0618556701030927,-0.0011662853810613,-0.0808496060294621,1510.0,1475.0,1.1025641025641026,0.0,0.0001361470388019,4.344623773861215e-05
2015-07-06,1455.0,1455.0,1445.0,1445.0,22000.0,1445.0,1450.0,1456.5,1468.2,1484.3333333333333,1509.725,False,False,False,False,False,False,False,False,False,True,False,-0.0311418685121107,0.0,,,-0.0160553633217993,-0.0272202998846596,-0.0553633217993079,-0.0622837370242214,-0.0012575791601168,-0.0786131136285616,1520.0,1485.0,0.5116279069767442,-0.0005448848930663,-0.0005448848930663,-9.129377905552722e-05
2015-07-07,1450.0,1455.0,1450.0,1450.0,12000.0,1450.0,1452.0,1454.5,1466.8,1482.5333333333333,1509.95,False,False,False,False,False,False,False,False,False,True,False,-0.0103448275862068,-0.0103448275862068,,,-0.0115862068965516,-0.0224367816091953,-0.0413793103448275,-0.0655172413793103,-0.0012141379620469,-0.0780336885527672,1530.0,1500.0,0.5454545454545454,-0.0009544586855741,-0.0004095737925077,4.344119806994106e-05
2015-07-08,1450.0,1450.0,1425.0,1425.0,67000.0,1425.0,1446.0,1450.0,1464.6,1480.4,1510.1,False,False,False,False,False,False,False,False,False,True,False,0.0175438596491228,0.0105263157894736,,,-0.0277894736842104,-0.0388771929824562,0.0491228070175438,-0.0491228070175438,-0.0014410519679365,-0.0751724137931034,1455.0,1495.0,5.583333333333333,-0.001502116618872,-0.0005476579332979,-0.0002269140058895
2015-07-09,1385.0,1390.0,1295.0,1390.0,218000.0,1390.0,1433.0,1442.5,1460.8,1477.7333333333331,1509.975,False,False,False,False,False,False,False,False,False,True,False,0.039568345323741,0.0359712230215827,,,-0.0509352517985611,-0.0631175059952036,0.1258992805755395,-0.039568345323741,-0.0018045655508438,-0.0707105719237435,1440.0,1480.0,3.253731343283582,-0.0026013143483022,-0.0010991977294301,-0.0003635135829073
2015-07-10,1390.0,1395.0,1310.0,1380.0,45000.0,1380.0,1418.0,1434.5,1456.6,1475.0666666666666,1509.675,False,False,False,False,False,False,False,False,False,True,False,0.0507246376811594,0.0289855072463768,,,-0.0555072463768115,-0.0688888888888888,0.1376811594202898,-0.0253623188405797,-0.0018078278947843,-0.0634367375392122,1430.0,1465.0,0.2064220183486238,-0.0028834271591377,-0.0002821128108354,-3.2623439404739444e-06
2015-07-13,1400.0,1400.0,1395.0,1400.0,97000.0,1400.0,1409.0,1429.5,1453.2,1472.6666666666667,1509.375,False,False,False,False,False,False,False,False,False,False,False,0.0321428571428571,0.0142857142857142,,,-0.038,-0.0519047619047619,0.0821428571428571,-0.0428571428571428,-0.0016296966953371,-0.0584120321790836,1430.0,1470.0,2.1555555555555554,-0.002339664189375,0.0005437629697626,0.0001781311994471
2015-07-14,1425.0,1445.0,1400.0,1435.0,26000.0,1435.0,1406.0,1429.0,1451.8,1470.6666666666667,1509.275,False,False,False,False,False,False,False,False,False,False,False,0.0,-0.0174216027874564,,,-0.0117073170731707,-0.0248548199767712,0.0209059233449477,-0.0627177700348432,-0.0013599274705349,-0.0556333100069979,1455.0,1475.0,0.268041237113402,-0.0009643201542912,0.0013753440350837,0.0002697692248022
2015-07-15,1450.0,1455.0,1440.0,1450.0,8000.0,1450.0,1411.0,1428.5,1450.8,1469.0,1509.375,False,False,False,False,False,False,False,False,False,False,False,-0.0068965517241379,-0.0241379310344827,,,-0.000551724137931,-0.013103448275862,-0.0034482758620689,-0.0689655172413793,-0.0011345586566826,-0.0549527476373818,1445.0,1465.0,0.3076923076923077,-0.0006892748828232,0.000275045271468,0.0002253688138523
2015-07-16,1450.0,1450.0,1425.0,1445.0,7000.0,1445.0,1422.0,1427.5,1449.4,1467.8,1509.45,False,False,False,False,False,False,False,False,False,True,False,-0.0034602076124567,-0.0346020761245674,,,-0.003044982698962,-0.0157785467128027,-0.0346020761245674,-0.0761245674740484,-0.0008175500749421,-0.0556917688266199,1455.0,1470.0,0.875,-0.0009659169311438,-0.0002766420483205,0.0003170085817404
2015-07-17,1445.0,1450.0,1445.0,1450.0,20000.0,1450.0,1436.0,1427.0,1448.4,1466.8,1509.25,False,False,False,False,True,False,False,False,False,False,False,-0.0206896551724137,-0.0482758620689655,,,0.001103448275862,-0.0115862068965516,-0.0827586206896551,-0.0758620689655172,-0.0006817562039814,-0.0571128241065171,1470.0,1455.0,2.857142857142857,-0.0006904170118751,0.0002754999192686,0.0001357938709606
2015-07-21,1450.0,1450.0,1445.0,1445.0,4000.0,1445.0,1445.0,1427.0,1447.6,1466.0,1507.925,False,False,False,False,False,False,False,False,False,False,False,-0.0173010380622837,-0.0346020761245674,,,-0.0017993079584774,-0.0145328719723183,-0.0830449826989619,-0.0622837370242214,-0.0005457025920872,-0.0571128241065171,1475.0,1465.0,0.2,-0.0005526388505113,0.0001377781613638,0.0001360536118941
2015-07-22,1445.0,1445.0,1435.0,1435.0,7000.0,1435.0,1445.0,1425.5,1446.0,1465.4666666666667,1507.05,False,False,False,False,False,False,False,False,False,True,False,-0.0174216027874564,-0.0383275261324041,,,-0.0076655052264808,-0.0212311265969802,-0.0522648083623693,-0.0557491289198606,-0.0003639341279228,-0.0561206594177481,1465.0,1465.0,1.75,-0.0011065006915628,-0.0005538618410515,0.0001817684641644
2015-07-23,1445.0,1445.0,1440.0,1440.0,4000.0,1440.0,1443.0,1427.0,1445.0,1465.0,1506.275,False,False,False,False,False,False,False,False,False,False,False,-0.0173611111111111,-0.0486111111111111,,,-0.0034722222222222,-0.0173611111111111,-0.0347222222222222,-0.0590277777777777,-0.0003185437997724,-0.0571128241065171,1460.0,1485.0,0.5714285714285714,-0.0006920415224913,0.0004144591690715,4.539032815033587e-05
2015-07-24,1440.0,1440.0,1440.0,1440.0,6000.0,1440.0,1442.0,1432.0,1444.0,1464.4666666666667,1505.5,False,False,False,False,False,False,False,False,False,True,False,-0.03125,-0.0486111111111111,,,-0.0027777777777777,-0.0169907407407407,0.0138888888888888,-0.0104166666666666,-0.0003641826375927,-0.0541201117318435,1460.0,1500.0,1.5,-0.0006925207756232,-4.79253131919241e-07,-4.563883782024263e-05
2015-07-27,1450.0,1450.0,1420.0,1420.0,42000.0,1420.0,1436.0,1436.0,1441.8,1463.7333333333331,1504.775,False,False,False,False,False,False,False,False,False,True,False,-0.028169014084507,-0.0387323943661971,,,-0.0153521126760563,-0.0307981220657275,0.0457746478873239,0.0528169014084507,-0.0005010020040081,-0.0463091922005571,1455.0,1505.0,7.0,-0.0015258704397281,-0.0008333496641048,-0.0001368193664154
2015-07-28,1420.0,1425.0,1410.0,1420.0,29000.0,1420.0,1431.0,1438.0,1439.6,1462.8666666666666,1504.075,False,False,False,False,False,False,False,False,False,True,False,-0.0176056338028169,-0.0387323943661971,,,-0.0138028169014083,-0.0301877934272299,0.028169014084507,0.0176056338028169,-0.0005924440596089,-0.0403337969401947,1465.0,1485.0,0.6904761904761905,-0.0015282022784107,-2.3318386825521738e-06,-9.144205560073265e-05
2015-07-29,1415.0,1425.0,1410.0,1410.0,55000.0,1410.0,1426.0,1435.5,1437.2,1461.6666666666667,1503.75,False,False,False,False,False,False,False,False,False,True,False,-0.0212765957446808,-0.0141843971631205,,,-0.019290780141844,-0.0366430260047281,-0.0070921985815602,0.0460992907801418,-0.0008209806157353,-0.0296064089167537,1485.0,1495.0,1.896551724137931,-0.0016699137211243,-0.0001417114427136,-0.0002285365561264
2015-07-30,1415.0,1415.0,1415.0,1415.0,4000.0,1415.0,1421.0,1432.0,1435.0,1460.6,1503.425,False,False,False,False,False,False,False,False,False,False,False,-0.0318021201413427,0.0565371024734982,,,-0.0141342756183745,-0.0322261484098939,-0.0070671378091872,0.0070671378091872,-0.000730293486695,-0.0219972067039106,1480.0,1495.0,0.0727272727272727,-0.0015331010452961,0.0001368126758281,9.068712904025752e-05
2015-07-31,1420.0,1420.0,1395.0,1395.0,22000.0,1395.0,1412.0,1427.0,1432.2,1459.4666666666667,1502.875,False,False,False,False,False,False,False,False,False,True,False,-0.017921146953405,0.1218637992831541,,,-0.0266666666666667,-0.0462126642771804,-0.039426523297491,0.032258064516129,-0.0007765393751141,-0.0112123335669236,1485.0,1495.0,5.5,-0.0019550342130986,-0.0004219331678024,-4.624588841903408e-05
2015-08-03,1415.0,1415.0,1380.0,1380.0,22000.0,1380.0,1404.0,1420.0,1429.0,1458.3333333333333,1502.025,False,False,False,False,False,False,False,False,False,True,False,-0.0108695652173913,0.1376811594202898,,,-0.0355072463768115,-0.0567632850241545,-0.0543478260869565,0.036231884057971,-0.0007771428571429,0.0,1485.0,1510.0,1.0,-0.0022393282015395,-0.0002842939884408,-6.034820288161212e-07
2015-08-04,1395.0,1420.0,1385.0,1395.0,34000.0,1395.0,1399.0,1415.0,1426.8,1457.3333333333333,1501.2,False,False,False,False,False,False,False,False,False,False,False,-0.021505376344086,0.086021505376344,,,-0.0227956989247311,-0.0446833930704897,-0.075268817204301,0.025089605734767,-0.0006861848124428,0.0088339222614841,1485.0,1520.0,1.5454545454545454,-0.0015419119708438,0.0006974162306956,9.095804470011204e-05
2015-08-05,1375.0,1400.0,1375.0,1380.0,67000.0,1380.0,1393.0,1409.5,1424.4,1456.0666666666666,1500.45,False,False,False,False,False,False,False,False,False,True,False,0.0072463768115942,0.0615942028985507,,,-0.0321739130434783,-0.0551207729468598,-0.0217391304347826,0.036231884057971,-0.0008699235382995,0.0180915218162468,1470.0,1530.0,1.9705882352941173,-0.0016849199663015,-0.0001430079954576,-0.0001837387258567
2015-08-06,1410.0,1410.0,1365.0,1370.0,49000.0,1370.0,1384.0,1402.5,1421.0,1454.8,1499.75,False,False,False,False,False,False,False,False,False,True,False,0.0912408759124087,0.0547445255474452,,,-0.0372262773722627,-0.061897810218978,-0.0291970802919708,0.0364963503649635,-0.0008706809641645,0.027807486631016,1475.0,1455.0,0.7313432835820896,-0.0023926812104152,-0.0007077612441137,-7.574258650761608e-07
2015-08-07,1370.0,1375.0,1365.0,1370.0,32000.0,1370.0,1379.0,1395.5,1417.6,1453.4666666666667,1499.375,False,False,False,False,False,False,False,False,False,True,False,0.1423357664233576,0.0182481751824817,,,-0.0347445255474451,-0.0609245742092457,-0.0218978102189781,0.0401459854014598,-0.0009173470323822,0.0329630956646363,1480.0,1440.0,0.6530612244897959,-0.0023984198645598,-5.738654144619472e-06,-4.666606821770395e-05
2015-08-10,1370.0,1385.0,1365.0,1365.0,29000.0,1365.0,1376.0,1390.0,1414.0,1452.2666666666669,1498.9,False,False,False,False,False,False,False,False,False,True,False,0.1501831501831501,-0.0256410256410256,,,-0.0358974358974358,-0.063931623931624,-0.0109890109890109,0.0329670329670329,-0.0008262945280938,0.0309352517985611,1475.0,1430.0,0.90625,-0.0025459688826024,-0.0001475490180425,9.105250428840951e-05
2015-08-11,1365.0,1370.0,1365.0,1365.0,46000.0,1365.0,1370.0,1384.5,1410.8,1450.9333333333334,1498.65,False,False,False,False,False,False,False,False,False,False,False,0.1098901098901098,-0.0293040293040293,,,-0.0335531135531135,-0.062954822954823,-0.0109890109890109,0.0329670329670329,-0.0009189487226613,0.0325027085590465,1465.0,1430.0,1.5862068965517242,-0.0022682166146867,0.0002777522679157,-9.265419456749132e-05
2015-08-12,1370.0,1400.0,1370.0,1390.0,75000.0,1390.0,1372.0,1382.5,1408.4,1449.9333333333334,1498.575,False,False,False,False,False,False,False,False,False,False,False,0.0539568345323741,-0.0215827338129496,,,-0.0132374100719425,-0.0431175059952038,-0.0359712230215827,0.0179856115107913,-0.0006896868821555,0.0296564195298372,1475.0,1455.0,1.6304347826086956,-0.0017040613462083,0.0005641552684783,0.0002292618405058
2015-08-13,1390.0,1515.0,1390.0,1495.0,323000.0,1495.0,1397.0,1390.5,1411.2,1450.0666666666666,1498.725,False,False,False,False,True,False,True,True,True,False,True,-0.0334448160535117,-0.0702341137123745,,,0.0560535117056855,0.0300557413600892,-0.0836120401337792,-0.0535117056856187,9.19497954116216e-05,0.0230133045667026,1465.0,1445.0,4.306666666666667,0.0019841269841269,0.0036881883303353,0.0007816366775671
2015-08-14,1475.0,1565.0,1475.0,1565.0,387000.0,1565.0,1436.0,1407.5,1418.2,1450.9333333333334,1499.45,False,False,False,False,False,False,True,True,False,False,False,-0.108626198083067,-0.0670926517571885,,,0.0938019169329073,0.0728860489882853,-0.1373801916932907,-0.0958466453674121,0.0005973166697299,0.0088809946714031,1465.0,1455.0,1.1981424148606812,0.0049358341559723,0.0029517071718454,0.0005053668743182
2015-08-17,1590.0,1635.0,1545.0,1570.0,664000.0,1570.0,1477.0,1426.5,1425.8,1451.8,1500.0,False,False,False,False,False,False,True,True,False,False,False,-0.1528662420382165,-0.054140127388535,,,0.0918471337579618,0.0752866242038216,-0.1496815286624203,-0.1050955414012738,0.0005969600955135,-0.0063091482649842,1475.0,1470.0,1.7157622739018088,0.0053303408612708,0.0003945067052984,-3.56574216370492e-07
2015-08-18,1545.0,1570.0,1515.0,1515.0,202000.0,1515.0,1507.0,1438.5,1430.4,1452.2,1500.325,False,False,False,False,False,False,True,True,False,True,False,-0.1254125412541254,-0.0363036303630363,,,0.0558415841584157,0.0414521452145214,-0.1353135313531353,-0.0726072607260726,0.0002754441536979,-0.016336461591936,1475.0,1475.0,0.3042168674698795,0.0032158836689038,-0.0021144571923669,-0.0003215159418156
2015-08-19,1515.0,1515.0,1455.0,1465.0,155000.0,1465.0,1522.0,1447.0,1431.6,1451.8,1500.425,False,False,False,False,False,False,True,False,False,True,False,-0.0716723549488054,-0.0443686006825938,,,0.0227986348122867,0.0090102389078498,-0.098976109215017,-0.0614334470989761,-0.0002755200440832,-0.0259156876295784,1470.0,1465.0,0.7673267326732673,0.0008382229673091,-0.0023776607015947,-0.0005509641977811
2015-08-20,1450.0,1460.0,1440.0,1445.0,71000.0,1445.0,1512.0,1454.5,1431.4,1451.1333333333334,1500.425,False,False,False,False,False,False,False,False,False,True,False,-0.0380622837370242,-0.0276816608996539,,,0.0094117647058822,-0.004244521337947,-0.1003460207612456,-0.0380622837370242,-0.0004594110350529,-0.0330010312822275,1470.0,1460.0,0.4580645161290322,-0.0001397233477712,-0.0009779463150804,-0.0001838909909696
2015-08-21,1435.0,1435.0,1390.0,1395.0,140000.0,1395.0,1478.0,1457.0,1429.4,1449.8,1500.1,False,False,False,False,False,True,False,False,False,True,False,0.046594982078853,-0.039426523297491,,,-0.0246594982078853,-0.0392831541218637,-0.060931899641577,0.0,-0.0009196670805169,-0.0367192862045298,1465.0,1460.0,1.971830985915493,-0.001399188470687,-0.0012594651229157,-0.0004602560454639
2015-08-24,1355.0,1405.0,1330.0,1330.0,166000.0,1330.0,1430.0,1453.5,1424.6,1447.4,1499.5,False,False,False,False,False,False,False,False,False,True,False,0.1165413533834586,-0.018796992481203,,,-0.0711278195488721,-0.0882706766917293,-0.0112781954887218,0.0225563909774436,-0.0016581456404586,-0.0378396972824217,1460.0,1455.0,1.1857142857142855,-0.0033693668398148,-0.0019701783691278,-0.0007384785599417
2015-08-25,1345.0,1375.0,1300.0,1325.0,236000.0,1325.0,1392.0,1449.5,1419.8,1444.8,1498.85,False,False,False,False,False,False,False,False,False,True,False,0.1018867924528302,-0.0264150943396226,,,-0.0715471698113207,-0.0904150943396226,0.0150943396226415,0.0377358490566037,-0.0017995570321152,-0.0375991721283201,1450.0,1465.0,1.4216867469879515,-0.0033807578532187,-1.139101340391852e-05,-0.0001414113916566
2015-08-26,1325.0,1370.0,1310.0,1360.0,150000.0,1360.0,1371.0,1446.5,1416.8,1442.5333333333333,1498.3,False,False,False,False,False,False,False,False,False,False,False,0.0294117647058823,-0.0073529411764705,,,-0.0417647058823529,-0.0606862745098039,-0.0073529411764705,0.0147058823529411,-0.0015713097328773,-0.0380228136882129,1440.0,1485.0,0.635593220338983,-0.0021174477696216,0.001263310083597,0.0002282472992379
2015-08-27,1370.0,1410.0,1370.0,1390.0,74000.0,1390.0,1360.0,1436.0,1414.8,1441.6666666666667,1497.8,False,False,False,False,False,False,False,False,False,False,False,0.0107913669064748,-0.0431654676258992,,,-0.017841726618705,-0.0371702637889688,-0.0251798561151079,-0.0179856115107913,-0.000601156069364,-0.0344707520891364,1455.0,1480.0,0.4933333333333333,-0.0014136273678258,0.0007038204017958,0.0009701536635132
2015-08-28,1410.0,1465.0,1410.0,1460.0,114000.0,1460.0,1373.0,1425.5,1415.6,1441.9333333333334,1497.425,False,False,False,False,True,False,True,True,False,False,False,-0.0821917808219178,-0.0821917808219178,,,0.0304109589041096,0.0123744292237442,-0.0787671232876712,-0.0753424657534246,0.0001849368902861,-0.0319186250438442,1455.0,1485.0,1.5405405405405406,0.0005651313930488,0.0019787587608746,0.0007860929596502
2015-08-31,1460.0,1485.0,1445.0,1485.0,94000.0,1485.0,1404.0,1417.0,1418.2,1442.6666666666667,1497.7,False,False,False,False,False,False,True,True,True,False,False,-0.1212121212121212,-0.0909090909090909,,,0.0449831649831649,0.0285072951739617,-0.0976430976430976,-0.0875420875420875,0.0005083179297597,-0.0296400846859562,1455.0,1485.0,0.8245614035087719,0.0018333098293612,0.0012681784363124,0.0003233810394735
2015-09-01,1485.0,1485.0,1435.0,1460.0,228000.0,1460.0,1431.0,1411.5,1419.8,1443.0666666666666,1497.825,False,False,False,False,False,False,True,True,False,True,False,-0.1164383561643835,-0.0753424657534246,,,0.0275342465753424,0.0115981735159817,-0.0753424657534246,-0.0821917808219178,0.0002771874711262,-0.0304640453418349,1445.0,1485.0,2.425531914893617,0.0011269192844061,-0.000706390544955,-0.0002311304586335
2015-09-02,1440.0,1475.0,1385.0,1400.0,195000.0,1400.0,1439.0,1405.0,1419.4,1442.3333333333333,1497.55,False,False,False,False,False,False,False,False,False,True,False,-0.0357142857142857,-0.0428571428571428,,,-0.0138571428571429,-0.0302380952380951,-0.025,-0.0535714285714285,-0.0005084354055928,-0.0295373665480427,1450.0,1470.0,0.8552631578947368,-0.0002818092151612,-0.0014087284995674,-0.000785622876719
2015-09-03,1425.0,1440.0,1405.0,1405.0,103000.0,1405.0,1442.0,1401.0,1419.0,1441.8,1497.35,False,False,False,False,False,False,False,False,False,True,False,-0.0533807829181494,-0.0249110320284697,,,-0.0099644128113879,-0.0261921708185053,-0.0355871886120996,-0.0533807829181494,-0.0003699079853886,-0.0310492505353319,1425.0,1475.0,0.5282051282051282,-0.0002818886539817,-7.943882050168857e-08,0.0001385274202041
2015-09-04,1405.0,1405.0,1320.0,1340.0,118000.0,1340.0,1418.0,1395.5,1416.8,1440.2666666666669,1496.975,False,False,False,False,False,False,False,False,False,True,False,0.0,0.0074626865671641,,,-0.0573134328358208,-0.0748258706467663,0.0,0.0186567164179104,-0.0010646176633954,-0.0293801504836976,1390.0,1480.0,1.145631067961165,-0.0015527950310559,-0.0012709063770741,-0.0006947096780068
2015-09-07,1305.0,1340.0,1285.0,1305.0,138000.0,1305.0,1382.0,1393.0,1413.8,1438.0666666666666,1496.475,False,False,False,False,False,False,False,False,False,True,False,0.0344827586206896,0.0229885057471264,,,-0.0833716475095785,-0.1019667943805874,0.0076628352490421,0.0498084291187739,-0.0015298317185111,-0.0269203158650394,1380.0,1475.0,1.1694915254237288,-0.0021219408685811,-0.0005691458375251,-0.0004652140551156
2015-09-08,1315.0,1320.0,1290.0,1290.0,90000.0,1290.0,1348.0,1389.5,1409.6,1435.6,1496.05,False,False,False,False,False,False,False,False,False,True,False,0.0465116279069767,0.0155038759689922,,,-0.0927131782945735,-0.1128682170542634,0.0193798449612403,0.0465116279069767,-0.0017182130584192,-0.0262684418855703,1400.0,1465.0,0.6521739130434783,-0.0029795686719637,-0.0008576278033825,-0.0001883813399081
2015-09-09,1320.0,1360.0,1320.0,1350.0,56000.0,1350.0,1338.0,1388.5,1408.4,1434.0666666666666,1495.95,False,False,False,False,False,False,False,False,False,False,False,-0.0074074074074074,-0.0222222222222222,,,-0.0432592592592593,-0.0622716049382715,-0.0296296296296296,0.0074074074074074,-0.0010692203988656,-0.0270075621173928,1435.0,1475.0,0.6222222222222222,-0.0008520306731041,0.0021275379988596,0.0006489926595535
2015-09-10,1320.0,1345.0,1315.0,1330.0,34000.0,1330.0,1323.0,1382.5,1406.8,1432.3333333333333,1495.75,False,False,False,False,False,False,False,False,False,True,False,0.0300751879699248,-0.0225563909774436,,,-0.0577443609022556,-0.0769423558897242,0.0112781954887218,0.0225563909774436,-0.0012101466139166,-0.0231464737793851,1450.0,1465.0,0.6071428571428571,-0.0011373329542224,-0.0002853022811183,-0.000140926215051
2015-09-11,1330.0,1365.0,1330.0,1340.0,50000.0,1340.0,1323.0,1370.5,1405.6,1430.7333333333331,1495.575,False,False,False,False,False,False,False,False,False,False,False,0.0074626865671641,-0.0223880597014925,,,-0.0489552238805969,-0.0677114427860695,0.0111940298507462,0.0186567164179104,-0.00111830762779,-0.0134987230937614,1445.0,1465.0,1.4705882352941178,-0.0008537279453614,0.000283605008861,9.183898612665658e-05
2015-09-14,1345.0,1370.0,1345.0,1350.0,70000.0,1350.0,1332.0,1357.0,1405.0,1429.3333333333333,1495.225,False,False,False,False,False,False,False,False,False,False,False,-0.0111111111111111,-0.0259259259259259,,,-0.0407407407407407,-0.0587654320987653,0.0111111111111111,0.0037037037037037,-0.0009794776119402,-0.0036845983787767,1450.0,1475.0,1.4,-0.0004270462633451,0.0004266816820163,0.0001388300158498
2015-09-15,1350.0,1355.0,1340.0,1350.0,47000.0,1350.0,1344.0,1346.0,1404.4,1427.8,1494.95,False,False,False,False,False,False,False,False,False,True,False,-0.0296296296296296,-0.0037037037037037,,,-0.0402962962962963,-0.0576296296296295,0.0037037037037037,-0.0259259259259259,-0.0010739132464864,0.0026002971768202,1445.0,1475.0,0.6714285714285714,-0.0004272287097692,-1.824464241006953e-07,-9.443563454621172e-05
2015-09-16,1350.0,1360.0,1340.0,1340.0,22000.0,1340.0,1342.0,1340.0,1402.4,1425.8666666666666,1494.5,False,False,False,False,False,False,False,False,False,True,False,-0.0149253731343283,0.0074626865671641,,,-0.0465671641791045,-0.0640796019900496,0.0111940298507462,-0.0149253731343283,-0.001355900504956,0.0067164179104477,1435.0,1470.0,0.4680851063829787,-0.0014261266400456,-0.0009988979302764,-0.0002819872584696
2015-09-17,1345.0,1380.0,1340.0,1370.0,41000.0,1370.0,1350.0,1336.5,1397.4,1424.4,1494.15,False,False,False,False,False,False,False,False,False,True,False,-0.0510948905109489,-0.010948905109489,,,-0.02,-0.0397080291970803,-0.010948905109489,-0.0583941605839416,-0.0010296733127397,0.0063598952487841,1440.0,1470.0,1.8636363636363635,-0.0035780735651925,-0.0021519469251468,0.0003262271922163
2015-09-18,1365.0,1365.0,1350.0,1350.0,29000.0,1350.0,1352.0,1337.5,1388.8,1422.6,1493.575,False,False,False,False,False,False,False,False,False,True,False,-0.0296296296296296,-0.0037037037037037,,,-0.0287407407407407,-0.0537777777777777,-0.0111111111111111,-0.0407407407407407,-0.001265288907634,0.0003738317757009,1440.0,1465.0,0.7073170731707317,-0.0061923963133641,-0.0026143227481716,-0.0002356155948943
2015-09-24,1340.0,1360.0,1330.0,1335.0,19000.0,1335.0,1349.0,1340.5,1379.4,1420.6,1492.85,False,False,False,False,False,False,False,False,False,True,True,-0.0149812734082397,0.0037453183520599,,,-0.0332584269662922,-0.0641198501872658,0.0074906367041198,-0.0674157303370786,-0.0014078558355624,-0.011189854531891,1420.0,1460.0,0.6551724137931034,-0.0068145570537914,-0.0006221607404272,-0.0001425669279284
2015-09-25,1335.0,1335.0,1280.0,1310.0,81000.0,1310.0,1341.0,1342.5,1371.2,1418.2666666666669,1491.55,False,False,False,False,False,False,False,False,False,False,False,0.0267175572519083,0.0305343511450381,,,-0.0467175572519084,-0.0826463104325701,0.0229007633587786,-0.049618320610687,-0.0016452007144869,-0.0204841713221601,1420.0,1450.0,4.2631578947368425,-0.0059801633605601,0.0008343936932312,-0.0002373448789245
2015-09-28,1310.0,1330.0,1305.0,1320.0,32000.0,1320.0,1337.0,1339.5,1365.4,1416.2666666666669,1490.3,False,False,False,False,False,False,False,False,False,False,False,0.0227272727272727,0.034090909090909,,,-0.0343939393939394,-0.0729292929292931,0.0189393939393939,-0.0909090909090909,-0.0014121634343814,-0.0302351623740201,1410.0,1440.0,0.3950617283950617,-0.0042478394609637,0.0017323238995963,0.0002330372801054
2015-09-29,1310.0,1310.0,1290.0,1300.0,27000.0,1300.0,1323.0,1336.5,1359.6,1413.9333333333334,1489.125,False,False,False,False,False,False,False,False,False,True,False,0.0423076923076923,0.0423076923076923,,,-0.0458461538461537,-0.0876410256410256,0.0384615384615384,-0.1423076923076923,-0.0016502428214438,-0.0463898241676019,1415.0,1455.0,0.84375,-0.0042659605766403,-1.812111567653548e-05,-0.0002380793870623
2015-09-30,1300.0,1315.0,1295.0,1310.0,15000.0,1310.0,1315.0,1333.5,1356.2,1411.6666666666667,1487.925,False,False,False,False,False,False,False,False,False,False,False,0.0267175572519083,0.0229007633587786,,,-0.0352671755725191,-0.0776081424936387,0.0190839694656488,-0.0954198473282442,-0.0016056670602125,-0.0577427821522309,1395.0,1455.0,0.5555555555555556,-0.0025070048665387,0.0017589557101015,4.457576123132997e-05
2015-10-01,1315.0,1345.0,1315.0,1315.0,18000.0,1315.0,1311.0,1330.0,1355.6,1409.5333333333333,1486.725,False,False,False,False,False,False,False,False,False,False,False,0.0190114068441064,0.0,,,-0.0308745247148288,-0.0718884664131812,0.0190114068441064,-0.0722433460076045,-0.00151350328714,-0.0654135338345864,1380.0,1455.0,1.2,-0.0004426084390676,0.002064396427471,9.216377307247683e-05
2015-10-02,1350.0,1355.0,1325.0,1345.0,12000.0,1345.0,1318.0,1329.5,1356.4,1407.9333333333334,1485.625,False,False,False,False,False,False,True,False,False,False,False,0.0037174721189591,-0.0223048327137546,,,-0.0084758364312268,-0.0467905824039653,0.0074349442379182,-0.1152416356877323,-0.0011364174440077,-0.0744640842421963,1395.0,1445.0,0.6666666666666666,0.0005897965202006,0.0010324049592683,0.0003770858431323
2015-10-05,1365.0,1365.0,1345.0,1350.0,14000.0,1350.0,1324.0,1330.5,1356.0,1406.2666666666669,1484.6,False,False,False,False,False,False,False,False,False,True,False,0.0111111111111111,-0.0296296296296296,,,-0.0044444444444444,-0.0416790123456791,0.0037037037037037,-0.1037037037037037,-0.0011851711387123,-0.0834272829763247,1380.0,1450.0,1.1666666666666667,-0.0002949852507375,-0.0008847817709381,-4.875369470462121e-05
2015-10-06,1365.0,1365.0,1350.0,1355.0,30000.0,1355.0,1335.0,1329.0,1354.6,1404.8,1483.85,False,False,False,False,True,False,False,False,False,True,False,0.0,-0.007380073800738,,,0.0002952029520295,-0.0367527675276752,0.0,-0.0996309963099631,-0.0010440394836752,-0.0876598946576373,1370.0,1425.0,2.142857142857143,-0.0010335154289089,-0.0007385301781714,0.0001411316550371
2015-10-07,1350.0,1350.0,1320.0,1345.0,15000.0,1345.0,1342.0,1328.5,1350.0,1403.2,1482.85,False,False,False,False,False,False,False,False,False,True,False,-0.0037174721189591,0.0074349442379182,,,-0.0037174721189591,-0.043271375464684,0.0594795539033457,-0.070631970260223,-0.001140250855188,-0.0907038012796386,1370.0,1390.0,0.5,-0.0034074074074073,-0.0023738919784983,-9.62113715128742e-05
2015-10-08,1340.0,1350.0,1340.0,1340.0,14000.0,1340.0,1347.0,1329.0,1344.2,1401.4,1481.5,False,False,False,False,False,False,False,False,False,True,False,-0.0186567164179104,0.0186567164179104,,,-0.0031343283582089,-0.0458208955223881,0.1156716417910447,-0.0373134328358208,-0.0012844298558583,-0.0876598946576373,1365.0,1380.0,0.9333333333333332,-0.0043148341020681,-0.0009074266946607,-0.0001441790006703
2015-10-09,1340.0,1360.0,1340.0,1350.0,19000.0,1350.0,1348.0,1333.0,1339.8,1399.7333333333331,1480.3,False,False,False,False,False,False,False,False,False,False,True,-0.0259259259259259,0.0037037037037037,,,0.0075555555555555,-0.0368395061728393,0.0703703703703703,-0.0555555555555555,-0.0011907029910461,-0.0881470367591897,1365.0,1400.0,1.3571428571428572,-0.0032840722495895,0.0010307618524785,9.372686481226447e-05
2015-10-13,1365.0,1370.0,1360.0,1365.0,21000.0,1365.0,1351.0,1337.5,1338.4,1398.3333333333333,1479.425,False,False,False,False,False,False,False,False,False,False,False,-0.0402930402930402,-0.0073260073260073,,,0.0194871794871794,-0.0244200244200243,0.0805860805860805,-0.0879120879120879,-0.0010011918951131,-0.0878504672897196,1390.0,1435.0,1.105263157894737,-0.0010460251046024,0.0022380471449871,0.0001895110959329
2015-10-14,1355.0,1360.0,1355.0,1355.0,9000.0,1355.0,1351.0,1343.0,1336.4,1396.8,1478.55,False,False,False,False,False,False,False,False,False,True,False,-0.007380073800738,0.0,,,0.0137269372693726,-0.0308487084870848,0.051660516605166,-0.1033210332103321,-0.0010977472317678,-0.0841399851079672,1495.0,1450.0,0.4285714285714285,-0.0014965579167913,-0.0004505328121889,-9.65553366546962e-05
2015-10-15,1360.0,1370.0,1340.0,1340.0,45000.0,1340.0,1350.0,1346.0,1336.4,1395.1333333333334,1477.5,False,False,False,False,False,False,False,False,False,False,False,0.0111940298507462,-0.003731343283582,,,0.002686567164179,-0.0411442786069652,0.0746268656716417,-0.085820895522388,-0.0011946289482485,-0.0832095096582466,1565.0,1445.0,5.0,0.0,0.0014965579167913,-9.688171648073657e-05
2015-10-16,1350.0,1350.0,1280.0,1315.0,189000.0,1315.0,1345.0,1346.0,1336.8,1393.2,1476.225,False,False,False,False,False,False,True,False,False,False,False,0.0380228136882129,0.0228136882129277,,,-0.0165779467680608,-0.059467680608365,0.0874524714828897,-0.0456273764258555,-0.0013876926021629,-0.0806092124814264,1570.0,1450.0,4.2,0.0002992220227407,0.0002992220227407,-0.0001930636539143
2015-10-19,1325.0,1325.0,1310.0,1315.0,32000.0,1315.0,1338.0,1343.0,1337.8,1391.4,1475.025,False,False,False,False,False,False,True,False,False,False,False,0.0304182509505703,0.0190114068441064,,,-0.017338403041825,-0.0580988593155894,0.0874524714828897,-0.0950570342205323,-0.001293661060802,-0.0785554728220402,1515.0,1445.0,0.1693121693121693,0.0007474958887726,0.0004482738660318,9.40315413608928e-05
2015-10-20,1315.0,1325.0,1305.0,1310.0,46000.0,1310.0,1327.0,1339.0,1336.2,1389.6666666666667,1473.7,False,False,False,False,False,False,False,False,False,True,False,0.0343511450381679,0.0267175572519083,,,-0.02,-0.0608142493638677,0.0916030534351145,-0.1374045801526717,-0.0012473015111537,-0.0817774458551157,1465.0,1435.0,1.4375,-0.0011974255350994,-0.001944921423872,4.6359549648272366e-05
2015-10-21,1315.0,1345.0,1300.0,1345.0,54000.0,1345.0,1325.0,1338.0,1336.8,1388.2,1472.55,False,False,False,False,True,False,True,False,False,False,False,0.0074349442379182,0.0037174721189591,,,0.0060966542750929,-0.0321189591078067,0.0557620817843866,-0.2267657992565055,-0.0010565240359218,-0.0945440956651719,1445.0,1440.0,1.173913043478261,0.0004488330341112,0.0016462585692107,0.0001907774752319
2015-10-22,1365.0,1365.0,1345.0,1355.0,55000.0,1355.0,1328.0,1339.0,1337.4,1386.8666666666666,1471.4,False,False,False,False,False,False,True,False,False,True,False,-0.014760147601476,-0.014760147601476,,,0.0129889298892988,-0.0235178351783517,0.051660516605166,-0.1808118081180811,-0.0009613997981061,-0.1056758775205377,1395.0,1440.0,1.0185185185185186,0.0004486316733962,-2.013607149988525e-07,9.51242378156872e-05
2015-10-23,1370.0,1375.0,1355.0,1365.0,67000.0,1365.0,1338.0,1341.5,1338.0,1385.6666666666667,1470.15,False,False,False,False,False,False,True,False,False,True,False,-0.0146520146520146,-0.0183150183150183,,,0.0197802197802197,-0.0151404151404151,0.0329670329670329,-0.1941391941391941,-0.0008660091412074,-0.1215057771151695,1330.0,1420.0,1.2181818181818185,0.0004484304932734,-2.01180122769097e-07,9.53906568986814e-05
2015-10-26,1360.0,1360.0,1350.0,1355.0,32000.0,1355.0,1346.0,1342.0,1338.2,1384.4666666666667,1468.85,False,False,False,False,False,False,True,False,False,True,False,-0.011070110701107,0.0,,,0.0123985239852398,-0.0217466174661746,0.040590405904059,-0.1845018450184501,-0.0008667597630856,-0.1345007451564828,1325.0,1420.0,0.4776119402985074,0.0001494544911074,-0.0002989760021659,-7.506218782271819e-07
2015-10-27,1350.0,1355.0,1350.0,1355.0,16000.0,1355.0,1355.0,1341.0,1338.8,1383.2,1467.45,False,False,False,False,False,False,True,False,False,False,False,-0.007380073800738,0.0,,,0.0119557195571956,-0.0208118081180812,0.044280442804428,-0.1771217712177121,-0.0009157509157509,-0.1435495898583147,1360.0,1410.0,0.5,0.0004481625336121,0.0002987080425046,-4.8991152665207264e-05
2015-10-28,1345.0,1355.0,1340.0,1355.0,12000.0,1355.0,1357.0,1341.0,1338.2,1382.2666666666669,1466.2,False,False,False,False,False,False,False,False,False,True,False,-0.003690036900369,0.0,,,0.0123985239852398,-0.0201230012300124,0.044280442804428,-0.1734317343173431,-0.0006752194463199,-0.1506338553318419,1390.0,1415.0,0.75,-0.0004483634733223,-0.0008965260069344,0.0002405314694309
2015-10-29,1355.0,1355.0,1335.0,1335.0,17000.0,1335.0,1353.0,1340.5,1337.6,1381.5333333333333,1464.9,False,False,False,False,False,True,False,False,False,True,False,0.0,0.0674157303370786,,,-0.001947565543071,-0.034856429463171,0.0599250936329588,-0.1610486891385767,-0.0005308111759882,-0.1581499440507273,1460.0,1395.0,1.4166666666666667,-0.0004485645933015,-2.0111997923208218e-07,0.0001444082703317
2015-10-30,1340.0,1350.0,1340.0,1345.0,15000.0,1345.0,1349.0,1343.5,1338.0,1381.0666666666666,1463.525,False,False,False,False,False,False,True,False,False,False,True,-0.0037174721189591,0.1115241635687732,,,0.0052044609665427,-0.0268153655514249,0.0446096654275092,-0.174721189591078,-0.0003379030700907,-0.1708224786006699,1485.0,1380.0,0.8823529411764706,0.0002989536621824,0.0007475182554839,0.0001929081058974
2015-11-02,1340.0,1340.0,1335.0,1340.0,9000.0,1340.0,1346.0,1346.0,1339.2,1380.2666666666669,1462.225,False,False,False,False,False,False,True,False,False,False,False,0.0111940298507462,0.0783582089552238,,,0.0005970149253731,-0.0300497512437812,0.0485074626865671,-0.1716417910447761,-0.0005795981452857,-0.1783060921248142,1460.0,1395.0,0.6,0.0008960573476702,0.0005971036854878,-0.0002416950751949
2015-11-04,1345.0,1345.0,1340.0,1345.0,5000.0,1345.0,1344.0,1349.5,1340.2,1379.0666666666666,1461.0,False,False,False,False,False,False,True,False,False,True,False,0.0074349442379182,0.0966542750929368,,,0.0035687732342007,-0.0253283767038413,0.0223048327137546,-0.1635687732342007,-0.0008701537271586,-0.1808077065579844,1400.0,1380.0,0.5555555555555556,0.0007461572899567,-0.0001499000577135,-0.0002905555818729
2015-11-05,1360.0,1360.0,1335.0,1350.0,33000.0,1350.0,1343.0,1350.0,1342.2,1377.7333333333331,1460.05,False,False,False,False,False,False,True,False,True,False,False,0.0037037037037037,0.0555555555555555,,,0.0057777777777777,-0.020543209876543,0.0296296296296296,-0.1555555555555555,-0.0009677731539728,-0.1737037037037037,1405.0,1370.0,6.6,0.0014900908955446,0.0007439336055879,-9.761942681415646e-05
2015-11-06,1335.0,1350.0,1260.0,1335.0,165000.0,1335.0,1343.0,1348.0,1343.2,1376.2666666666669,1459.0,False,False,False,False,False,False,True,False,False,True,False,0.0674157303370786,0.0786516853932584,,,-0.0061423220973783,-0.0309113607990014,0.0449438202247191,-0.1348314606741573,-0.0010656849447778,-0.1691394658753709,1340.0,1370.0,5.0,0.0007444907683144,-0.0007456001272301,-9.791179080501632e-05
2015-11-09,1335.0,1350.0,1335.0,1340.0,37000.0,1340.0,1342.0,1345.5,1344.2,1374.8,1458.05,False,False,False,False,False,False,True,False,False,True,False,0.1156716417910447,0.0671641791044776,,,-0.0031343283582089,-0.0259701492537313,0.0149253731343283,-0.1492537313432835,-0.0010668218407527,-0.1646228167967298,1305.0,1365.0,0.2242424242424242,0.0007439369141496,-5.538541647928576e-07,-1.136895974946468e-06
2015-11-10,1345.0,1355.0,1345.0,1355.0,31000.0,1355.0,1345.0,1345.5,1344.6,1373.6,1457.1,False,False,False,False,False,False,True,False,False,True,False,0.066420664206642,0.055350553505535,,,0.0076752767527675,-0.0137269372693726,0.014760147601476,-0.1328413284132841,-0.000873616773442,-0.1594202898550724,1290.0,1365.0,0.8378378378378378,0.0002974862412612,-0.0004464506728884,0.0001932050673106
2015-11-11,1360.0,1375.0,1345.0,1355.0,34000.0,1355.0,1347.0,1345.5,1344.8,1372.5333333333333,1456.15,False,False,False,False,False,False,True,False,False,True,False,0.088560885608856,0.055350553505535,,,0.0075276752767528,-0.0129397293972939,0.018450184501845,-0.1291512915129151,-0.0007771517388769,-0.1545893719806763,1350.0,1390.0,1.096774193548387,0.0001487209994051,-0.000148765241856,9.646503456511174e-05
2015-11-12,1370.0,1370.0,1345.0,1355.0,51000.0,1355.0,1348.0,1345.5,1344.8,1371.4,1455.275,False,False,False,False,False,False,False,False,False,True,False,0.051660516605166,0.047970479704797,,,0.0075276752767528,-0.0121033210332104,0.007380073800738,-0.1180811808118081,-0.0008264061056826,-0.1490152359717577,1330.0,1495.0,1.5,0.0,-0.0001487209994051,-4.925436680569724e-05
2015-11-13,1355.0,1435.0,1350.0,1425.0,157000.0,1425.0,1366.0,1354.5,1348.0,1371.2,1454.65,False,False,False,False,False,False,True,False,True,False,True,0.0105263157894736,0.0,,,0.0540350877192982,0.0377543859649122,-0.0526315789473684,-0.1473684210526315,-0.0001458576429405,-0.14765596160945,1340.0,1565.0,3.07843137254902,0.0023738872403561,0.0023738872403561,0.0006805484627421
2015-11-16,1415.0,1500.0,1405.0,1495.0,351000.0,1495.0,1397.0,1369.5,1354.2,1372.2,1454.35,False,False,False,False,False,False,True,True,False,False,False,-0.0434782608695652,-0.0568561872909698,,,0.0941806020066889,0.0821404682274247,-0.0936454849498327,-0.1939799331103679,0.0007287567409998,-0.1500547645125958,1350.0,1570.0,2.2356687898089174,0.0045783488406439,0.0022044616002878,0.0008746143839403
2015-11-17,1495.0,1525.0,1420.0,1445.0,256000.0,1445.0,1415.0,1380.0,1358.0,1372.5333333333333,1453.8,False,False,False,False,False,False,True,True,False,True,False,-0.0103806228373702,-0.0242214532871972,,,0.0602076124567474,0.0501499423298731,-0.0726643598615917,-0.1730103806228373,0.000242859918399,-0.1503623188405797,1350.0,1515.0,0.7293447293447294,0.0027982326951398,-0.001780116145504,-0.0004858968226008
2015-11-18,1440.0,1475.0,1410.0,1475.0,111000.0,1475.0,1439.0,1393.0,1362.4,1373.4,1453.45,False,False,False,False,False,False,True,True,False,False,False,-0.0305084745762711,-0.0406779661016949,,,0.0763389830508474,0.0688813559322033,-0.1016949152542373,-0.1898305084745762,0.0006310373282851,-0.1532663316582914,1340.0,1465.0,0.43359375,0.0032295948326483,0.0004313621375084,0.0003881774098861
2015-11-19,1450.0,1460.0,1415.0,1425.0,84000.0,1425.0,1453.0,1400.5,1365.2,1373.5333333333333,1452.85,False,False,False,False,False,False,True,True,False,True,False,-0.0035087719298245,-0.0070175438596491,,,0.0419649122807017,0.0361169590643275,-0.0666666666666666,-0.1649122807017544,9.707324176082032e-05,-0.1542306319171724,1370.0,1445.0,0.7567567567567568,0.002050981541166,-0.0011786132914822,-0.0005339640865243
2015-11-20,1430.0,1475.0,1430.0,1440.0,31000.0,1440.0,1456.0,1411.0,1369.2,1374.1333333333334,1452.275,False,False,False,False,False,False,True,True,False,False,False,-0.0104166666666666,-0.0173611111111111,,,0.0491666666666666,0.0457407407407406,-0.0520833333333333,-0.1527777777777778,0.0004366388511547,-0.1559177888022679,1350.0,1395.0,0.369047619047619,0.0029214139643587,0.0008704324231926,0.0003395656093939
2015-11-24,1450.0,1450.0,1425.0,1430.0,38000.0,1430.0,1443.0,1420.0,1373.8,1374.8,1451.575,False,False,False,False,False,False,True,True,False,False,False,-0.0139860139860139,-0.0174825174825174,,,0.0393006993006993,0.0386013986013986,-0.0419580419580419,-0.1398601398601398,0.0004849190185237,-0.1549295774647887,1335.0,1330.0,1.2258064516129032,0.0033483767651768,0.000426962800818,4.828016736902981e-05
2015-11-25,1425.0,1440.0,1425.0,1430.0,30000.0,1430.0,1440.0,1427.5,1378.4,1375.2666666666669,1450.95,True,True,False,False,False,False,True,True,False,True,False,-0.0139860139860139,-0.0174825174825174,,,0.036083916083916,0.0382750582750581,-0.0559440559440559,-0.1258741258741259,0.0003393281303021,-0.1541155866900175,1310.0,1325.0,0.7894736842105263,0.0033372025536855,-1.1174211491284634e-05,-0.0001455908882216
2015-11-26,1440.0,1440.0,1425.0,1430.0,64000.0,1430.0,1431.0,1435.0,1383.2,1375.9333333333334,1450.375,False,False,False,False,False,False,True,True,False,False,False,-0.0104895104895104,-0.0384615384615384,,,0.0327272727272726,0.0378088578088577,-0.0489510489510489,-0.1398601398601398,0.0004845195988176,-0.1550522648083623,1320.0,1360.0,2.1333333333333333,0.0034702139965297,0.0001330114428442,0.0001451914685154
2015-11-27,1435.0,1435.0,1390.0,1420.0,85000.0,1420.0,1430.0,1441.5,1386.2,1376.6,1449.7,False,False,False,False,False,False,True,True,False,True,False,-0.0035211267605633,-0.0211267605633802,,,0.0238028169014084,0.0305633802816902,-0.0422535211267605,-0.1267605633802817,0.0004842849532663,-0.1557405480402358,1300.0,1390.0,1.328125,0.0021641898715914,-0.0013060241249383,-2.346455512700985e-07
2015-11-30,1415.0,1425.0,1410.0,1425.0,13000.0,1425.0,1427.0,1441.5,1389.0,1377.3333333333333,1449.025,False,False,False,False,False,False,True,True,False,True,False,-0.0070175438596491,-0.0210526315789473,,,0.0252631578947368,0.0334502923976608,-0.0421052631578947,-0.1228070175438596,0.0005324298160697,-0.1533125216788068,1310.0,1460.0,0.1529411764705882,0.0020158387329013,-0.00014835113869,4.814486280331899e-05
2015-12-01,1430.0,1430.0,1410.0,1410.0,21000.0,1410.0,1423.0,1433.0,1390.8,1377.9333333333334,1448.375,False,False,False,False,False,False,True,True,False,True,False,-0.0035460992907801,-0.0354609929078014,,,0.0136170212765957,0.0227423167848699,-0.0390070921985815,-0.1028368794326241,0.0004354347089845,-0.1441032798325192,1315.0,1485.0,1.6153846153846154,0.0012942191544434,-0.0007216195784578,-9.69951070851424e-05
2015-12-02,1415.0,1420.0,1410.0,1410.0,41000.0,1410.0,1419.0,1429.5,1393.0,1378.5333333333333,1447.825,False,False,False,False,False,False,True,True,False,False,False,-0.0035460992907801,-0.0248226950354609,,,0.0120567375886524,0.0223167848699763,-0.0673758865248227,-0.1099290780141844,0.0004352451881225,-0.1378104232249038,1345.0,1460.0,1.9523809523809523,0.0015793251974156,0.0002851060429722,-1.8952086199204059e-07
2015-12-03,1410.0,1420.0,1410.0,1415.0,13000.0,1415.0,1416.0,1423.5,1395.4,1378.8666666666666,1447.3,False,False,False,False,False,False,True,True,False,False,False,-0.0282685512367491,-0.0247349823321554,,,0.013851590106007,0.0255359246171967,-0.0671378091872791,-0.1060070671378091,0.0002417444277908,-0.1292588689848963,1350.0,1400.0,0.3170731707317073,0.0017199369356457,0.00014061173823,-0.0001935007603316
2015-12-04,1415.0,1420.0,1410.0,1415.0,22000.0,1415.0,1415.0,1422.5,1397.8,1377.8,1446.725,False,False,False,False,False,False,True,False,False,True,False,-0.0176678445229682,-0.0353356890459364,,,0.0121554770318021,0.0262897526501767,-0.0883392226148409,-0.1130742049469964,-0.0007741810615957,-0.1240773286467486,1355.0,1405.0,1.6923076923076923,0.0017169838317354,-2.953103910270996e-06,-0.0010159254893866
2015-12-07,1415.0,1415.0,1410.0,1415.0,18000.0,1415.0,1413.0,1420.0,1401.0,1375.8,1446.225,False,False,False,False,False,False,True,False,False,False,False,-0.0141342756183745,-0.0459363957597173,,,0.0098939929328621,0.0277031802120141,-0.0848056537102473,-0.1342756183745583,-0.001453699665649,-0.1221830985915493,1345.0,1340.0,0.8181818181818182,0.0022840827980014,0.0005670989662659,-0.0006795186040533
2015-12-08,1415.0,1415.0,1405.0,1405.0,13000.0,1405.0,1412.0,1417.5,1403.4,1373.6,1445.65,False,False,False,False,False,False,True,False,False,True,False,-0.0320284697508896,-0.0355871886120996,,,0.0011387900355871,0.0223487544483986,-0.1138790035587188,-0.1459074733096085,-0.0016016307513104,-0.1227513227513227,1340.0,1305.0,0.7222222222222222,0.0017101325352715,-0.0005739502627299,-0.0001479310856613
2015-12-09,1405.0,1405.0,1400.0,1405.0,9000.0,1405.0,1411.0,1415.0,1406.0,1372.1333333333334,1445.075,False,False,False,False,False,False,True,False,False,False,False,-0.0213523131672597,-0.0462633451957295,,,-0.0007117437722419,0.0233926453143534,-0.1138790035587188,-0.1423487544483986,-0.0010688951511027,-0.1243816254416961,1350.0,1290.0,0.6923076923076923,0.0018492176386912,0.0001390851034197,0.0005327356002076
2015-12-10,1400.0,1400.0,1365.0,1375.0,82000.0,1375.0,1403.0,1409.5,1407.2,1370.9333333333334,1444.25,False,False,False,False,False,False,True,False,False,True,False,0.0036363636363636,-0.0363636363636363,,,-0.0234181818181818,0.0029575757575757,-0.1272727272727272,-0.1381818181818181,-0.0008753160863645,-0.1241575026605179,1365.0,1350.0,9.11111111111111,0.0008527572484366,-0.0009964603902546,0.0001935790647382
2015-12-11,1390.0,1390.0,1370.0,1390.0,13000.0,1390.0,1398.0,1406.5,1408.8,1370.2,1443.3,False,False,False,False,False,False,True,False,False,False,False,-0.0179856115107913,-0.0431654676258992,,,-0.013525179856115,0.0142446043165467,-0.197841726618705,-0.1474820143884892,-0.0005352016737216,-0.1261997867045858,1355.0,1330.0,0.1585365853658536,0.0011357183418511,0.0002829610934145,0.0003401144126429
2015-12-14,1370.0,1400.0,1360.0,1395.0,35000.0,1395.0,1394.0,1403.5,1411.2,1370.2,1442.3,False,False,False,False,False,False,True,False,False,False,False,-0.032258064516129,-0.021505376344086,,,-0.0116129032258064,0.0177777777777777,-0.1505376344086021,-0.1792114695340501,0.0,-0.1318133238332739,1340.0,1340.0,2.6923076923076925,0.0017006802721089,0.0005649619302577,0.0005352016737216
2015-12-15,1370.0,1380.0,1360.0,1360.0,38000.0,1360.0,1385.0,1398.5,1412.0,1370.6,1441.025,False,False,False,False,False,False,True,True,False,True,False,-0.0036764705882352,0.0073529411764705,,,-0.038235294117647,-0.0077941176470587,-0.1029411764705882,-0.1764705882352941,0.0002918429884721,-0.1390775831247765,1315.0,1350.0,1.0857142857142856,0.0005665722379603,-0.0011341080341486,0.0002918429884721
2015-12-16,1370.0,1375.0,1360.0,1375.0,20000.0,1375.0,1379.0,1395.0,1412.8,1371.2666666666669,1439.9,False,False,False,False,False,False,True,True,False,True,False,-0.0254545454545454,-0.0181818181818181,,,-0.027490909090909,0.0027151515151513,-0.1345454545454545,-0.1818181818181818,0.0004861685060044,-0.1462365591397849,1315.0,1350.0,0.5263157894736842,0.0005662514156285,-3.208223318007953e-07,0.0001943255175322
2015-12-17,1395.0,1395.0,1380.0,1380.0,4000.0,1380.0,1380.0,1391.5,1413.8,1371.5333333333333,1438.775,False,False,False,False,False,False,True,True,False,False,False,-0.0398550724637681,-0.0144927536231884,,,-0.0244927536231883,0.0061352657004831,-0.1231884057971014,-0.1847826086956521,0.0001944295921837,-0.1541501976284585,1310.0,1340.0,0.2,0.0007073136228603,0.0001410622072318,-0.0002917389138206
2015-12-18,1380.0,1380.0,1360.0,1365.0,24000.0,1365.0,1375.0,1386.5,1414.2,1371.2,1437.55,False,False,False,False,False,False,True,False,False,True,False,-0.0256410256410256,-0.0036630036630036,,,-0.036043956043956,-0.0045421245421245,-0.1062271062271062,-0.1758241758241758,-0.0002430960715674,-0.1604760187522538,1345.0,1370.0,6.0,0.0002828454249753,-0.000424468197885,-0.0004375256637511
2015-12-21,1355.0,1360.0,1345.0,1350.0,26000.0,1350.0,1366.0,1380.0,1411.2,1369.7333333333331,1436.3,False,False,False,False,False,False,False,False,False,True,False,0.0111111111111111,0.0111111111111111,,,-0.0453333333333333,-0.0146172839506171,-0.074074074074074,-0.1666666666666666,-0.0010707680327072,-0.1637681159420289,1355.0,1350.0,1.0833333333333333,-0.002125850340136,-0.0024086957651113,-0.0008276719611398
2015-12-22,1350.0,1370.0,1345.0,1355.0,50000.0,1355.0,1365.0,1375.0,1405.6,1368.0,1435.025,False,False,False,False,False,False,False,False,False,True,False,0.011070110701107,0.0,,,-0.0373431734317342,-0.0095940959409594,-0.047970479704797,-0.1476014760147601,-0.0012670565302142,-0.164,1365.0,1335.0,1.9230769230769231,-0.00398406374502,-0.0018582134048839,-0.0001962884975069
2015-12-24,1365.0,1365.0,1340.0,1340.0,35000.0,1340.0,1358.0,1368.5,1401.4,1366.4,1433.675,False,False,False,False,False,False,False,False,False,False,False,0.0074626865671641,-0.0186567164179104,,,-0.0458208955223881,-0.0197014925373135,-0.0485074626865671,-0.1305970149253731,-0.0011709601873535,-0.1629521373766898,1355.0,1310.0,0.7,-0.0029970029970028,0.0009870607480171,9.609634286070636e-05
2015-12-25,1335.0,1335.0,1310.0,1325.0,60000.0,1325.0,1347.0,1363.5,1395.4,1365.4,1432.175,False,False,False,False,False,False,False,False,False,True,False,0.0264150943396226,-0.0037735849056603,,,-0.0531320754716981,-0.0304905660377359,-0.060377358490566,-0.1056603773584905,-0.0007323861139592,-0.1598826549321599,1355.0,1320.0,1.7142857142857142,-0.0042998423391142,-0.0013028393421113,0.0004385740733942
2015-12-28,1330.0,1340.0,1325.0,1330.0,30000.0,1330.0,1340.0,1357.5,1391.6,1364.4,1430.7,False,False,False,False,False,False,False,False,False,False,False,0.0225563909774436,-0.0300751879699248,,,-0.0463157894736841,-0.0258646616541354,-0.0864661654135338,-0.112781954887218,-0.0007329228965112,-0.156537753222836,1355.0,1300.0,0.5,-0.0027306697326819,0.0015691726064322,-5.367825520076605e-07
2015-12-29,1325.0,1380.0,1325.0,1365.0,26000.0,1365.0,1343.0,1354.5,1388.6,1364.7333333333331,1429.475,False,False,False,False,False,False,False,True,False,False,False,0.0,-0.0512820512820512,,,-0.0172893772893772,0.0001953601953603,-0.1025641025641025,-0.1282051282051282,0.0002442479605293,-0.1513473606496862,1335.0,1310.0,0.8666666666666667,-0.0021604493734696,0.0005702203592122,0.0009771708570405
2015-12-30,1380.0,1380.0,1365.0,1370.0,24000.0,1370.0,1346.0,1355.5,1386.2,1365.6,1428.325,False,False,False,False,False,False,False,True,False,False,False,-0.010948905109489,-0.0912408759124087,,,-0.0118248175182482,0.0032116788321168,-0.083941605839416,-0.1240875912408759,0.0006346416715486,-0.1460715603098487,1345.0,1315.0,0.9230769230769232,-0.001731351897273,0.0004290974761966,0.0003903937110193
2016-01-04,1370.0,1370.0,1345.0,1350.0,17000.0,1350.0,1348.0,1353.0,1383.0,1366.4,1427.075,False,False,False,False,False,False,False,True,False,True,False,-0.0259259259259259,-0.0777777777777777,,,-0.0244444444444444,-0.0121481481481482,-0.1185185185185185,-0.1111111111111111,0.0005854800936769,-0.138950480413895,1340.0,1345.0,0.7083333333333334,-0.0023138105567606,-0.0005824586594876,-4.916157787166647e-05
2016-01-05,1345.0,1360.0,1340.0,1360.0,9000.0,1360.0,1355.0,1351.0,1380.2,1366.5333333333333,1425.925,False,False,False,False,False,False,False,True,False,False,False,-0.0294117647058823,-0.1176470588235294,,,-0.0148529411764706,-0.0048039215686274,-0.1691176470588235,-0.1176470588235294,9.757049468231932e-05,-0.1321243523316062,1345.0,1350.0,0.5294117647058824,-0.0020286914939863,0.0002851190627743,-0.0004879095989946
2016-01-06,1360.0,1365.0,1350.0,1360.0,31000.0,1360.0,1361.0,1350.5,1377.8,1366.9333333333334,1424.725,False,False,False,False,False,False,False,True,False,False,False,-0.0514705882352941,-0.1801470588235294,,,-0.0130882352941176,-0.0050980392156863,-0.2352941176470588,-0.1213235294117647,0.0002926258291065,-0.1266197704553869,1350.0,1355.0,3.4444444444444446,-0.0017419073885905,0.0002867841053957,0.0001950553344242
2016-01-07,1360.0,1420.0,1350.0,1365.0,134000.0,1365.0,1361.0,1352.0,1375.4,1367.2666666666669,1423.6,False,False,False,False,False,False,False,True,False,True,False,-0.0512820512820512,-0.1318681318681318,,,-0.0076190476190476,-0.0016605616605618,-0.1868131868131868,-0.1391941391941392,0.0002437954068946,-0.1238905325443786,1335.0,1345.0,4.32258064516129,-0.0017449469245309,-3.0395359403734973e-06,-4.883042221193743e-05
2016-01-08,1385.0,1390.0,1355.0,1355.0,122000.0,1355.0,1358.0,1352.0,1373.2,1367.3333333333333,1422.45,False,False,False,False,False,False,False,True,False,False,False,-0.081180811808118,-0.0996309963099631,,,-0.0134317343173432,-0.0091020910209101,-0.1881918819188192,-0.1402214022140221,4.87567040465958e-05,-0.1231508875739645,1340.0,1340.0,0.9104477611940298,-0.0016020972909991,0.0001428496335317,-0.000195038702848
2016-01-12,1350.0,1350.0,1305.0,1315.0,88000.0,1315.0,1351.0,1349.5,1369.4,1366.8666666666666,1421.1,False,False,False,False,False,False,False,False,False,True,False,-0.053231939163498,-0.0950570342205323,,,-0.0413688212927757,-0.0394423320659061,-0.1596958174904943,-0.1140684410646387,-0.00034141345169,-0.1215264912930715,1355.0,1350.0,0.7213114754098361,-0.0027749379290199,-0.0011728406380208,-0.0003901701557366
2016-01-13,1315.0,1330.0,1315.0,1320.0,23000.0,1320.0,1343.0,1349.0,1365.6,1366.6,1419.775,False,False,True,False,False,False,False,False,False,True,False,-0.0909090909090909,-0.0833333333333333,,,-0.0345454545454544,-0.0353030303030302,-0.1553030303030303,-0.1174242424242424,-0.0001951314698277,-0.1226834692364714,1355.0,1365.0,0.2613636363636363,-0.0027826596367898,-7.721707769847534e-06,0.0001462819818622
2016-01-14,1305.0,1325.0,1275.0,1290.0,51000.0,1290.0,1329.0,1345.0,1360.6,1365.5333333333333,1418.3,False,False,False,False,False,False,False,False,False,True,False,-0.1356589147286821,-0.0542635658914728,,,-0.0547286821705425,-0.0585529715762273,-0.1317829457364341,-0.0775193798449612,-0.0007811355758433,-0.1193308550185873,1355.0,1355.0,2.217391304347826,-0.0036748493311774,-0.0008921896943875,-0.0005860041060155
2016-01-15,1315.0,1315.0,1295.0,1295.0,18000.0,1295.0,1315.0,1338.0,1355.8,1364.8,1416.825,False,False,False,False,False,False,False,False,False,False,False,-0.0849420849420849,-0.0347490347490347,,,-0.0469498069498069,-0.0538996138996138,-0.1351351351351351,-0.1081081081081081,-0.000537319265338,-0.1173393124065769,1425.0,1340.0,0.3529411764705882,-0.0035403451836553,0.000134504147522,0.0002438163105053
2016-01-18,1250.0,1260.0,1225.0,1245.0,43000.0,1245.0,1293.0,1325.5,1349.4,1363.6,1415.15,False,False,False,False,False,False,False,False,False,True,False,-0.0200803212851405,0.036144578313253,,,-0.083855421686747,-0.0952610441767067,-0.108433734939759,-0.0321285140562249,-0.0008800234672924,-0.1086382497170879,1495.0,1315.0,2.388888888888889,-0.0047428486734844,-0.001202503489829,-0.0003427042019544
2016-01-19,1255.0,1255.0,1240.0,1245.0,10000.0,1245.0,1279.0,1315.0,1343.0,1362.7333333333331,1413.475,False,False,False,False,False,False,False,False,False,True,False,-0.0441767068273092,0.0240963855421686,,,-0.078714859437751,-0.0945649263721551,-0.108433734939759,-0.0441767068273092,-0.0006359767134681,-0.1022813688212927,1445.0,1315.0,0.2325581395348837,-0.0047654504839911,-2.26018105067222e-05,0.0002440467538243
2016-01-20,1270.0,1270.0,1200.0,1200.0,77000.0,1200.0,1255.0,1299.0,1336.0,1361.1333333333334,1411.55,False,False,False,False,False,False,False,False,False,True,False,0.0083333333333333,0.0375,,,-0.1133333333333333,-0.1342777777777778,-0.0625,-0.0083333333333333,-0.0011754910123914,-0.0919938414164742,1475.0,1310.0,7.7,-0.0052395209580838,-0.0004740704740926,-0.0005395142989232
2016-01-21,1195.0,1225.0,1115.0,1115.0,50000.0,1115.0,1220.0,1274.5,1325.0,1358.6666666666667,1409.25,False,False,False,False,False,False,False,False,False,True,False,0.0941704035874439,0.0896860986547085,,,-0.1883408071748878,-0.2185351270553065,0.0224215246636771,0.0717488789237668,-0.0018155053974485,-0.0745390349156532,1425.0,1345.0,0.6493506493506493,-0.0083018867924528,-0.0030623658343689,-0.0006400143850571
2016-01-22,1150.0,1200.0,1150.0,1185.0,37000.0,1185.0,1198.0,1256.5,1316.6,1357.0,1407.5,False,False,False,False,False,False,False,False,False,False,False,0.0548523206751054,0.0337552742616033,,,-0.111054852320675,-0.1451476793248945,-0.0253164556962025,0.0084388185654008,-0.0012281994595922,-0.0596896140071627,1440.0,1355.0,0.74,-0.0063800698769558,0.0019218169154969,0.0005873059378562
2016-01-25,1205.0,1250.0,1200.0,1220.0,45000.0,1220.0,1193.0,1243.0,1311.0,1355.7333333333331,1405.975,False,False,False,False,False,False,False,False,False,False,False,0.0573770491803278,0.0286885245901639,,,-0.0745901639344262,-0.1112568306010927,-0.0655737704918032,-0.0204918032786885,-0.0009343036978758,-0.0470635559131134,1430.0,1365.0,1.2162162162162162,-0.004271548436308,0.0021085214406477,0.0002938957617164
2016-01-26,1180.0,1195.0,1180.0,1190.0,19000.0,1190.0,1182.0,1230.5,1303.6,1353.6666666666667,1404.4,False,False,False,False,False,False,False,False,False,True,False,0.0714285714285714,0.0,,,-0.0954621848739495,-0.1375350140056023,-0.0126050420168067,0.0042016806722689,-0.0015267175572516,-0.0349451442503047,1430.0,1355.0,0.4222222222222222,-0.005676587910402,-0.0014050394740939,-0.0005924138593758
2016-01-27,1215.0,1240.0,1210.0,1210.0,8000.0,1210.0,1184.0,1219.5,1296.8,1351.8,1403.075,False,False,False,False,False,False,False,False,False,False,False,0.0289256198347107,-0.0661157024793388,,,-0.0717355371900826,-0.117190082644628,-0.024793388429752,0.0,-0.0013808748828723,-0.022550225502255,1430.0,1355.0,0.4210526315789473,-0.0052436767427513,0.0004329111676506,0.0001458426743793
2016-01-28,1215.0,1220.0,1215.0,1220.0,4000.0,1220.0,1205.0,1212.5,1291.0,1350.0,1401.8,False,False,False,False,False,False,False,False,False,False,False,-0.0040983606557377,-0.1475409836065573,,,-0.0581967213114754,-0.1065573770491803,-0.0204918032786885,0.0040983606557377,-0.0013333333333332,-0.014020618556701,1420.0,1355.0,0.5,-0.0044926413632842,0.0007510353794671,4.75415495390099e-05
2016-01-29,1220.0,1255.0,1220.0,1250.0,14000.0,1250.0,1218.0,1208.0,1287.0,1348.7333333333331,1400.65,False,False,False,False,False,False,False,False,False,False,False,-0.02,-0.112,,,-0.0296,-0.0789866666666665,-0.028,-0.008,-0.0009391527853296,-0.0033112582781456,1425.0,1335.0,3.5,-0.0031080031080031,0.0013846382552811,0.0003941805480036
2016-02-01,1250.0,1295.0,1250.0,1290.0,33000.0,1290.0,1232.0,1212.5,1284.4,1348.0666666666666,1399.725,False,False,False,False,True,False,False,False,False,False,True,-0.0271317829457364,-0.1472868217054263,,,0.0043410852713177,-0.0450129198966407,-0.065891472868217,-0.0348837209302325,-0.0004945353840066,-0.0037113402061855,1410.0,1345.0,2.357142857142857,-0.0020242914979756,0.0010837116100274,0.0004446174013229
2016-02-02,1290.0,1295.0,1240.0,1275.0,37000.0,1275.0,1249.0,1215.5,1281.8,1347.0666666666666,1398.675,False,False,False,False,False,False,False,False,False,True,False,-0.0666666666666666,-0.1333333333333333,,,-0.0053333333333332,-0.0565228758169934,-0.0627450980392156,-0.0196078431372549,-0.00074235375631,-0.0012340600575894,1410.0,1340.0,1.121212121212121,-0.002028397565923,-4.10606794739015e-06,-0.0002478183723033
2016-02-03,1240.0,1245.0,1240.0,1245.0,7000.0,1245.0,1256.0,1220.0,1278.6,1345.4666666666667,1397.4,False,False,False,False,False,False,False,False,False,True,False,-0.0923694779116465,-0.1044176706827309,,,-0.0269879518072288,-0.0806961178045515,-0.0401606425702811,0.0240963855421686,-0.0011891784758695,0.0020491803278688,1415.0,1345.0,0.1891891891891892,-0.0025027373689973,-0.0004743398030743,-0.0004468247195595
2016-02-04,1225.0,1225.0,1210.0,1215.0,17000.0,1215.0,1255.0,1230.0,1274.0,1343.6,1396.0,False,False,False,False,False,False,False,False,False,True,False,-0.1440329218106996,-0.0781893004115226,,,-0.048559670781893,-0.1058436213991768,-0.0205761316872428,0.0288065843621399,-0.0013893023717377,-0.0016260162601626,1415.0,1350.0,2.4285714285714284,-0.0036106750392463,-0.001107937670249,-0.0002001238958681
2016-02-05,1215.0,1225.0,1215.0,1225.0,13000.0,1225.0,1250.0,1234.0,1268.4,1342.0666666666666,1394.725,False,False,False,False,False,False,False,False,False,True,False,-0.0938775510204081,-0.0857142857142857,,,-0.0354285714285715,-0.09556462585034,-0.0040816326530612,0.0285714285714285,-0.0011425165168148,0.0004051863857374,1415.0,1335.0,0.7647058823529411,-0.0044150110375275,-0.0008043359982811,0.0002467858549228
2016-02-08,1215.0,1255.0,1215.0,1255.0,14000.0,1255.0,1243.0,1237.5,1263.8,1341.2666666666669,1393.675,False,False,False,False,False,False,False,False,False,False,False,-0.1235059760956175,-0.1155378486055776,,,-0.007011952191235,-0.0687383798140772,-0.0199203187250996,0.0079681274900398,-0.0005964511158604,0.0032323232323232,1405.0,1340.0,1.0769230769230769,-0.0036398164266498,0.0007751946108776,0.0005460654009544
2016-02-09,1210.0,1210.0,1180.0,1190.0,18000.0,1190.0,1226.0,1237.5,1257.4,1339.6,1392.275,False,False,False,False,False,False,False,False,False,True,False,-0.0714285714285714,-0.0672268907563025,,,-0.0566386554621849,-0.1257142857142856,0.0504201680672268,0.0672268907563025,-0.0012441524833285,0.0092929292929292,1405.0,1355.0,1.2857142857142858,-0.0050898679815491,-0.0014500515548992,-0.0006477013674681
2016-02-10,1200.0,1205.0,1125.0,1130.0,25000.0,1130.0,1203.0,1229.5,1248.2,1337.2,1390.55,False,False,False,False,False,False,False,False,False,True,False,-0.0132743362831858,-0.0044247787610619,,,-0.1046017699115044,-0.1833628318584071,0.0884955752212389,0.1194690265486725,-0.0017947950942266,0.0203334688897925,1375.0,1355.0,1.3888888888888888,-0.0073706136837045,-0.0022807457021554,-0.000550642610898
2016-02-12,1010.0,1045.0,985.0,1040.0,132000.0,1040.0,1168.0,1211.5,1235.4,1333.1333333333334,1388.425,False,False,False,False,False,False,False,False,False,True,False,0.0769230769230769,0.0961538461538461,,,-0.1878846153846154,-0.2818589743589744,0.1923076923076923,0.2163461538461538,-0.0030504575686352,0.0387948823772183,1390.0,1355.0,5.28,-0.0103610166747611,-0.0029904029910566,-0.0012556624744086
2016-02-15,1080.0,1130.0,1050.0,1110.0,85000.0,1110.0,1145.0,1197.5,1225.2,1329.8666666666666,1386.625,False,False,False,False,False,False,False,False,False,False,False,0.009009009009009,0.0405405405405405,,,-0.1037837837837838,-0.1980780780780779,0.1261261261261261,0.1396396396396396,-0.0024563866051736,0.053027139874739,1395.0,1425.0,0.6439393939393939,-0.0083251714005876,0.0020358452741734,0.0005940709634616
2016-02-16,1130.0,1135.0,1095.0,1100.0,47000.0,1100.0,1114.0,1178.5,1215.0,1326.3333333333333,1384.85,False,False,False,False,False,False,False,False,False,True,False,0.009090909090909,0.0363636363636363,,,-0.1045454545454545,-0.2057575757575757,0.15,0.1545454545454545,-0.002663985926112,0.072125583368689,1360.0,1495.0,0.5529411764705883,-0.0083950617283951,-6.989032780740402e-05,-0.0002075993209384
2016-02-17,1080.0,1145.0,1080.0,1105.0,35000.0,1105.0,1097.0,1161.5,1206.6,1323.0,1383.05,False,False,False,False,False,False,False,False,False,False,False,0.004524886877828,0.0633484162895927,,,-0.0919457013574659,-0.1972850678733031,0.1357466063348416,0.1493212669683258,-0.00251952632905,0.0895393887214808,1375.0,1445.0,0.7446808510638298,-0.0069617105917454,0.0014333511366496,0.0001444595970619
2016-02-18,1115.0,1130.0,1105.0,1115.0,31000.0,1115.0,1094.0,1148.5,1198.4,1319.8,1381.3,False,False,False,False,False,False,False,False,False,False,False,0.0089686098654708,0.0582959641255605,,,-0.0747982062780269,-0.183677130044843,0.1345291479820627,0.1569506726457399,-0.002424609789362,0.1031780583369612,1380.0,1475.0,0.8857142857142857,-0.0068424566088115,0.0001192539829338,9.491653968802216e-05
2016-02-19,1125.0,1125.0,1105.0,1120.0,26000.0,1120.0,1110.0,1139.0,1191.6,1316.6666666666667,1379.475,False,False,False,False,False,False,False,False,False,False,False,0.0178571428571428,0.0669642857142857,,,-0.0639285714285713,-0.1755952380952381,0.1205357142857142,0.1473214285714285,-0.0023797468354429,0.1154521510096576,1365.0,1425.0,0.8387096774193549,-0.0057066129573683,0.0011358436514431,4.486295391911352e-05
2016-02-22,1125.0,1130.0,1120.0,1120.0,15000.0,1120.0,1112.0,1128.5,1184.6,1313.8,1377.575,False,False,False,False,False,False,False,False,False,True,False,0.03125,0.0848214285714285,,,-0.0576785714285713,-0.1730357142857142,0.09375,0.1428571428571428,-0.0021819657989547,0.1276030128489144,1350.0,1440.0,0.5769230769230769,-0.0059091676515279,-0.0002025546941595,0.0001977810364881
2016-02-23,1145.0,1165.0,1105.0,1110.0,38000.0,1110.0,1114.0,1114.0,1179.2,1310.6666666666667,1375.6,False,False,False,False,False,False,False,False,False,False,False,0.027027027027027,0.0855855855855855,,,-0.0623423423423423,-0.1807807807807808,0.081081081081081,0.1306306306306306,-0.0023906408952186,0.1413824057450628,1355.0,1430.0,2.533333333333333,-0.0045793758480324,0.0013297918034954,-0.0002086750962638
2016-02-24,1110.0,1115.0,1110.0,1110.0,10000.0,1110.0,1115.0,1106.0,1173.8,1307.6,1373.725,False,False,False,False,False,False,False,False,False,True,False,0.0585585585585585,0.0765765765765765,,,-0.0574774774774774,-0.1780180180180179,0.0855855855855855,0.1486486486486486,-0.0023452635872337,0.1500904159132007,1340.0,1430.0,0.2631578947368421,-0.0046004430056228,-2.106715759039348e-05,4.537730798488942e-05
2016-02-25,1115.0,1130.0,1115.0,1125.0,20000.0,1125.0,1117.0,1105.5,1170.8,1304.6666666666667,1371.875,False,False,False,False,False,False,False,False,False,False,False,0.0488888888888888,0.0622222222222222,,,-0.040711111111111,-0.1597037037037037,0.0533333333333333,0.1244444444444444,-0.0022483392948389,0.1506105834464043,1325.0,1430.0,2.0,-0.0025623505295524,0.0020380924760703,9.69242923948249e-05
2016-02-26,1135.0,1160.0,1135.0,1140.0,10000.0,1140.0,1121.0,1115.5,1171.8,1301.8666666666666,1370.1,False,False,False,False,False,False,True,False,False,False,True,0.0482456140350877,0.043859649122807,,,-0.0278947368421052,-0.1419883040935671,0.0394736842105263,0.1140350877192982,-0.0021507578861123,0.1407440609592111,1330.0,1420.0,0.5,0.0008533879501621,0.0034157384797145,9.758140872652248e-05
2016-02-29,1150.0,1190.0,1150.0,1155.0,51000.0,1155.0,1128.0,1120.0,1170.6,1299.4666666666667,1368.4,False,False,False,False,False,False,False,False,False,True,False,0.0519480519480519,0.0562770562770562,,,-0.0135064935064934,-0.1250793650793651,-0.0086580086580086,0.0995670995670995,-0.0018469115534577,0.1366071428571428,1365.0,1425.0,5.1,-0.0010251153254741,-0.0018785032756362,0.0003038463326546
2016-03-01,1155.0,1155.0,1140.0,1140.0,4000.0,1140.0,1134.0,1124.0,1167.4,1296.8,1366.55,False,False,False,False,False,False,False,False,False,True,False,0.0570175438596491,0.0789473684210526,,,-0.0240350877192983,-0.1375438596491227,-0.0175438596491228,0.1447368421052631,-0.0020563438206868,0.1356761565836299,1370.0,1410.0,0.0784313725490196,-0.002741134144252,-0.0017160188187778,-0.0002094322672291
2016-03-02,1175.0,1190.0,1165.0,1175.0,8000.0,1175.0,1147.0,1131.0,1166.8,1294.4,1364.825,False,False,False,False,True,False,False,False,False,False,False,0.0170212765957446,0.0638297872340425,,,0.0069787234042553,-0.1016170212765958,-0.0425531914893617,0.0808510638297872,-0.0018541409147094,0.1286472148541114,1350.0,1410.0,2.0,-0.000514226945492,0.0022269071987599,0.0002022029059774
2016-03-03,1185.0,1195.0,1180.0,1180.0,10000.0,1180.0,1158.0,1137.5,1165.6,1292.0666666666666,1363.075,False,False,False,False,False,False,False,False,False,True,False,0.0127118644067796,0.0423728813559322,,,0.0122033898305085,-0.0949717514124293,-0.0466101694915254,0.0847457627118644,-0.0018058923688149,0.1213186813186813,1360.0,1415.0,1.25,-0.0010295126973233,-0.0005152857518312,4.824854589447641e-05
2016-03-04,1190.0,1205.0,1190.0,1195.0,20000.0,1195.0,1169.0,1145.0,1164.6,1289.9333333333334,1361.775,False,False,False,False,False,False,False,False,False,False,False,-0.00418410041841,0.0376569037656903,,,0.0254393305439331,-0.079442119944212,-0.0585774058577405,-0.0292887029288702,-0.0016538322393921,0.1030567685589519,1360.0,1415.0,2.0,-0.0008586639189421,0.0001708487783811,0.0001520601294228
2016-03-07,1195.0,1225.0,1195.0,1215.0,35000.0,1215.0,1181.0,1154.5,1163.2,1287.1333333333334,1360.65,False,False,False,False,False,False,False,False,False,True,False,0.0041152263374485,0.0288065843621399,,,0.042633744855967,-0.0593689986282579,-0.074074074074074,-0.0288065843621399,-0.0021753768063396,0.0853183196188826,1365.0,1415.0,1.75,-0.0012035763411278,-0.0003449124221856,-0.0005215445669475
2016-03-08,1215.0,1225.0,1180.0,1205.0,39000.0,1205.0,1194.0,1164.0,1159.8,1283.2666666666669,1359.525,False,False,False,False,False,False,False,False,False,True,False,0.0207468879668049,0.0497925311203319,,,0.0375103734439834,-0.0649515905947443,-0.0414937759336099,-0.0331950207468879,-0.003013143539924,0.0687285223367697,1355.0,1405.0,1.1142857142857143,-0.002931539920676,-0.0017279635795482,-0.0008377667335844
2016-03-09,1205.0,1205.0,1190.0,1195.0,12000.0,1195.0,1198.0,1172.5,1156.6,1279.9333333333334,1358.35,False,False,False,False,False,False,False,False,False,False,False,0.0460251046025104,0.0502092050209205,,,0.0321338912133892,-0.0710739191073919,-0.0251046025104602,0.00836820083682,-0.0026043023074119,0.0550106609808102,1315.0,1405.0,0.3076923076923077,-0.0027667300708974,0.0001648098497785,0.0004088412325121
2016-03-10,1195.0,1200.0,1175.0,1195.0,37000.0,1195.0,1201.0,1179.5,1154.6,1276.2,1357.05,False,False,False,False,False,False,False,False,False,False,False,0.0292887029288702,0.0585774058577405,,,0.0338075313807532,-0.0679497907949791,-0.00836820083682,0.0251046025104602,-0.0029253513033484,0.0453582026282323,1320.0,1375.0,3.083333333333333,-0.0017322016282695,0.0010345284426279,-0.0003210489959365
2016-03-11,1200.0,1205.0,1190.0,1190.0,6000.0,1190.0,1200.0,1184.5,1153.6,1273.0666666666666,1355.775,False,False,False,False,False,False,False,False,False,False,False,0.042016806722689,0.0546218487394958,,,0.0305882352941177,-0.0698039215686274,-0.0084033613445378,0.0126050420168067,-0.0024612484289904,0.0354579991557619,1290.0,1390.0,0.1621621621621621,-0.0008668515950069,0.0008653500332625,0.000464102874358
2016-03-14,1210.0,1225.0,1210.0,1220.0,25000.0,1220.0,1201.0,1191.0,1153.4,1270.1333333333334,1354.6,False,False,False,False,False,False,False,False,False,False,False,0.0245901639344262,0.0040983606557377,,,0.0545901639344261,-0.0410928961748634,-0.0245901639344262,-0.0286885245901639,-0.0023094688221707,0.0226700251889168,1295.0,1395.0,4.166666666666667,-0.0001734003814806,0.0006934512135262,0.0001517796068196
2016-03-15,1225.0,1245.0,1215.0,1230.0,26000.0,1230.0,1206.0,1200.0,1152.4,1267.4666666666667,1353.4,False,False,False,False,False,False,False,False,False,True,False,0.0284552845528455,-0.024390243902439,,,0.0630894308943088,-0.030460704607046,-0.024390243902439,-0.032520325203252,-0.0021039343572481,0.0054166666666666,1245.0,1360.0,1.04,-0.0008677542519958,-0.0006943538705151,0.0002055344649226
2016-03-16,1230.0,1265.0,1230.0,1250.0,38000.0,1250.0,1217.0,1207.5,1154.8,1265.0666666666666,1352.275,False,False,False,False,False,False,True,False,True,False,False,0.004,-0.036,,,0.07616,-0.0120533333333332,-0.04,-0.044,-0.0018971332209106,-0.00703933747412,1245.0,1375.0,1.4615384615384617,0.0020782819535849,0.0029460362055807,0.0002068011363374
2016-03-17,1265.0,1275.0,1230.0,1230.0,21000.0,1230.0,1224.0,1212.5,1158.8,1262.4,1351.1,False,False,False,False,False,False,True,False,False,False,False,0.0284552845528455,-0.0365853658536585,,,0.0578861788617886,-0.0263414634146342,-0.024390243902439,-0.065040650406504,-0.0021123785382339,-0.0218556701030927,1200.0,1380.0,0.5526315789473685,0.0034518467380048,0.0013735647844199,-0.0002152453173232
2016-03-18,1225.0,1240.0,1225.0,1240.0,26000.0,1240.0,1234.0,1217.0,1166.8,1260.0,1350.0,False,False,False,False,False,False,True,False,False,False,False,0.0120967741935483,-0.0443548387096774,,,0.0590322580645161,-0.0161290322580645,-0.0362903225806451,-0.1048387096774193,-0.0019047619047619,-0.0295809367296631,1115.0,1365.0,1.238095238095238,0.0068563592732259,0.003404512535221,0.0002076166334719
2016-03-22,1245.0,1255.0,1245.0,1250.0,14000.0,1250.0,1240.0,1220.5,1172.4,1257.6666666666667,1348.95,False,False,False,False,False,False,True,False,False,True,False,-0.02,-0.084,,,0.0620799999999999,-0.0061333333333333,-0.06,-0.088,-0.0018552875695732,-0.0356411306841458,1185.0,1350.0,0.5384615384615384,0.0047765267826681,-0.0020798324905577,4.947433518875358e-05
2016-03-23,1255.0,1270.0,1255.0,1265.0,35000.0,1265.0,1247.0,1226.5,1179.0,1255.7333333333331,1348.0,False,False,False,False,False,False,True,False,False,False,False,-0.0513833992094861,-0.1146245059288537,,,0.0679841897233201,0.0073254281949935,-0.0790513833992094,-0.067193675889328,-0.0015396050116799,-0.0391357521402364,1220.0,1355.0,2.5,0.0055979643765902,0.0008214375939221,0.0003156825578932
2016-03-24,1265.0,1265.0,1245.0,1255.0,42000.0,1255.0,1248.0,1232.5,1185.0,1253.6666666666667,1346.95,False,False,False,False,False,False,True,False,False,True,False,-0.0398406374501992,-0.1035856573705179,,,0.0557768924302788,0.0010624169986719,-0.0717131474103585,-0.0597609561752988,-0.0016484977399625,-0.045841784989858,1190.0,1340.0,1.2,0.0050632911392405,-0.0005346732373497,-0.0001088927282825
2016-03-25,1250.0,1265.0,1250.0,1265.0,37000.0,1265.0,1255.0,1239.5,1191.0,1251.6666666666667,1345.85,False,False,False,False,False,False,True,False,False,True,False,-0.0632411067193675,-0.1106719367588932,,,0.058498023715415,0.0105401844532278,-0.0790513833992094,-0.0553359683794466,-0.0015978695073235,-0.0536506655909641,1210.0,1325.0,0.8809523809523809,0.0050377833753148,-2.550776392564509e-05,5.062823263897757e-05
2016-03-28,1265.0,1270.0,1230.0,1255.0,44000.0,1255.0,1258.0,1246.0,1196.4,1249.5333333333333,1344.725,False,False,False,False,False,False,True,False,False,True,False,-0.0557768924302788,-0.1035856573705179,,,0.0466932270916333,0.0043559096945551,-0.0517928286852589,-0.0358565737051792,-0.0017073040601825,-0.0581861958266452,1220.0,1330.0,1.1891891891891893,0.0045135406218656,-0.0005242427534491,-0.0001094345528589
2016-03-29,1230.0,1230.0,1215.0,1225.0,12000.0,1225.0,1253.0,1246.5,1200.6,1247.0,1343.425,False,False,False,False,False,False,True,False,False,True,False,-0.0653061224489796,-0.0816326530612244,,,0.0199183673469388,-0.0179591836734693,-0.0571428571428571,-0.0163265306122449,-0.0020315423683506,-0.0569594865623746,1250.0,1365.0,0.2727272727272727,0.0034982508745625,-0.0010152897473031,-0.0003242383081681
2016-03-30,1215.0,1225.0,1200.0,1200.0,14000.0,1200.0,1240.0,1243.5,1204.2,1244.2666666666669,1342.0,False,False,False,False,False,False,True,False,False,True,False,-0.0666666666666666,-0.0375,,,-0.0035,-0.036888888888889,0.0041666666666666,0.0083333333333333,-0.00219674239177,-0.0530759951749095,1290.0,1370.0,1.1666666666666667,0.0029895366218237,-0.0005087142527388,-0.0001652000234193
2016-03-31,1200.0,1215.0,1200.0,1205.0,7000.0,1205.0,1230.0,1239.0,1208.0,1241.6,1340.6,False,False,False,False,False,False,True,False,False,False,False,-0.0663900414937759,-0.0331950207468879,,,-0.0024896265560165,-0.0303734439834024,-0.0124481327800829,0.0082987551867219,-0.0021477663230242,-0.0480225988700565,1275.0,1350.0,0.5,0.0031456953642383,0.0001561587424146,4.897606874578256e-05
2016-04-01,1195.0,1195.0,1160.0,1185.0,42000.0,1185.0,1214.0,1234.5,1210.4,1239.0666666666666,1339.175,False,False,False,False,False,False,True,False,False,True,False,-0.050632911392405,0.0,,,-0.0214345991561182,-0.0456258790436005,0.0042194092827004,0.0126582278481012,-0.0020445496610351,-0.0405022276225192,1245.0,1360.0,6.0,0.0019828155981494,-0.0011628797660889,0.0001032166619891
2016-04-04,1185.0,1185.0,1170.0,1185.0,19000.0,1185.0,1200.0,1229.0,1212.2,1236.3333333333333,1337.725,False,False,False,False,False,False,True,False,False,True,False,-0.050632911392405,-0.0042194092827004,,,-0.0229535864978903,-0.0433192686357242,0.0084388185654008,0.0126582278481012,-0.0022108385009436,-0.0288852725793327,1215.0,1360.0,0.4523809523809524,0.0014849034812736,-0.0004979121168757,-0.0001662888399084
2016-04-05,1195.0,1195.0,1125.0,1145.0,42000.0,1145.0,1184.0,1218.5,1211.8,1233.0,1336.05,False,False,False,False,False,False,False,False,False,True,False,-0.0174672489082969,0.0393013100436681,,,-0.0583406113537117,-0.0768558951965065,0.0436681222707423,0.0480349344978165,-0.0027034333603676,-0.0155929421419778,1225.0,1365.0,2.210526315789474,-0.0003300874731804,-0.0018149909544541,-0.0004925948594239
2016-04-06,1125.0,1140.0,1110.0,1120.0,25000.0,1120.0,1168.0,1204.0,1211.0,1229.8,1334.275,False,False,False,False,False,False,False,False,False,True,False,0.03125,0.0714285714285714,,,-0.08125,-0.0980357142857142,0.0669642857142857,0.0714285714285714,-0.002602049113677,-0.0020764119601328,1255.0,1355.0,0.5952380952380952,-0.0006606110652353,-0.0003305235920548,0.0001013842466905
2016-04-07,1130.0,1130.0,1125.0,1125.0,5000.0,1125.0,1152.0,1191.0,1209.0,1226.4666666666667,1332.575,False,False,False,False,False,False,False,False,False,True,False,0.0355555555555555,0.0666666666666666,,,-0.0746666666666666,-0.0901925925925926,0.0622222222222222,0.0666666666666666,-0.0027178344295264,0.0104953820319059,1190.0,1315.0,0.2,-0.0016542597187758,-0.0009936486535405,-0.0001157853158494
2016-04-08,1125.0,1125.0,1120.0,1125.0,6000.0,1125.0,1140.0,1177.0,1206.8,1223.0666666666666,1330.825,False,False,False,False,False,False,False,False,False,True,False,0.0533333333333333,0.0666666666666666,,,-0.072711111111111,-0.0871703703703703,0.0755555555555555,0.0888888888888888,-0.0027798975253461,0.0250637213254035,1130.0,1320.0,1.2,-0.0018230029830958,-0.0001687432643199,-6.206309581970786e-05
2016-04-11,1130.0,1130.0,1100.0,1125.0,74000.0,1125.0,1128.0,1164.0,1204.0,1219.8666666666666,1329.125,False,False,False,False,False,False,False,False,False,True,False,0.0488888888888888,0.0622222222222222,,,-0.0702222222222222,-0.0843259259259258,0.0888888888888888,0.0666666666666666,-0.0026232375122964,0.0356529209621993,1040.0,1290.0,12.333333333333334,-0.0023255813953487,-0.0005025784122529,0.0001566600130497
2016-04-12,1125.0,1150.0,1125.0,1125.0,12000.0,1125.0,1124.0,1154.0,1200.4,1216.8666666666666,1327.425,False,False,False,False,False,False,False,False,False,True,False,0.0577777777777777,0.0444444444444444,,,-0.0670222222222223,-0.0816592592592591,0.1022222222222222,0.0666666666666666,-0.0024653481619459,0.0441941074523396,1110.0,1295.0,0.1621621621621621,-0.0029990003332221,-0.0006734189378733,0.0001578893503504
2016-04-13,1140.0,1155.0,1135.0,1155.0,16000.0,1155.0,1131.0,1149.5,1198.4,1214.2,1325.825,False,False,False,False,False,False,False,False,False,False,False,0.0389610389610389,0.0086580086580086,,,-0.0375757575757576,-0.0512554112554113,0.0779220779220779,0.0389610389610389,-0.0021962334596166,0.0474119182253153,1100.0,1245.0,1.3333333333333333,-0.0016688918558077,0.0013301084774144,0.0002691147023293
2016-04-14,1155.0,1170.0,1150.0,1165.0,20000.0,1165.0,1139.0,1145.5,1197.2,1211.8666666666666,1324.275,False,False,False,False,False,False,False,False,False,False,False,0.0300429184549356,0.0,,,-0.0276394849785408,-0.0402288984263232,0.0729613733905579,0.0257510729613733,-0.0019254043349104,0.0493234395460497,1105.0,1245.0,1.25,-0.0010023387905112,0.0006665530652965,0.0002708291247061
2016-04-15,1180.0,1185.0,1175.0,1185.0,8000.0,1185.0,1151.0,1145.5,1196.8,1210.0,1322.85,False,False,False,False,False,False,False,False,False,False,False,0.0126582278481012,-0.0168776371308016,,,-0.0099578059071729,-0.0210970464135021,0.0759493670886076,-0.0464135021097046,-0.0015426997245178,0.043212570929725,1115.0,1200.0,0.4,-0.0003342245989305,0.0006681141915806,0.0003827046103926
2016-04-18,1180.0,1180.0,1140.0,1180.0,10000.0,1180.0,1162.0,1145.0,1196.4,1208.0,1321.4,False,False,False,False,False,False,False,False,False,True,False,0.0127118644067796,0.0084745762711864,,,-0.0138983050847458,-0.023728813559322,0.059322033898305,-0.0338983050847457,-0.0016556291390728,0.0384279475982532,1120.0,1115.0,1.25,-0.0003343363423603,-1.11743429743235e-07,-0.000112929414555
2016-04-19,1190.0,1190.0,1190.0,1190.0,2000.0,1190.0,1175.0,1149.5,1195.2,1205.6666666666667,1320.025,False,False,False,False,False,False,False,False,False,True,True,-0.0126050420168067,-0.0294117647058823,,,-0.0043697478991597,-0.0131652661064426,0.0588235294117647,-0.0378151260504201,-0.001935305501797,0.0295780774249673,1120.0,1185.0,0.2,-0.001004016064257,-0.0006696797218967,-0.0002796763627241
2016-04-20,1195.0,1210.0,1195.0,1200.0,40000.0,1200.0,1184.0,1157.5,1194.0,1203.4,1318.725,False,False,False,False,True,False,False,False,False,True,False,-0.0291666666666666,0.0041666666666666,,,0.005,-0.0028333333333334,0.0541666666666666,-0.0458333333333333,-0.0018835521577751,0.0177105831533477,1110.0,1220.0,20.0,-0.0010050251256281,-1.009061371112568e-06,5.175334402182652e-05
2016-04-21,1200.0,1210.0,1200.0,1200.0,15000.0,1200.0,1191.0,1165.0,1192.0,1201.4,1317.475,False,False,False,False,False,False,False,False,False,True,False,-0.0291666666666666,-0.0083333333333333,,,0.0066666666666666,-0.0011666666666667,0.0583333333333333,-0.0458333333333333,-0.0016647244880972,0.0064377682403433,1110.0,1190.0,0.375,-0.0016778523489932,-0.0006728272233651,0.0002188276696779
2016-04-22,1175.0,1200.0,1175.0,1200.0,30000.0,1200.0,1194.0,1172.5,1190.8,1199.2666666666669,1316.275,False,False,False,False,False,False,False,False,False,False,False,-0.0291666666666666,-0.0083333333333333,,,0.0076666666666667,0.0006111111111109,0.0541666666666666,-0.0458333333333333,-0.0017788648618599,-0.0068230277185501,1125.0,1210.0,2.0,-0.0010077258985556,0.0006701264504376,-0.0001141403737627
2016-04-25,1210.0,1210.0,1190.0,1195.0,20000.0,1195.0,1197.0,1179.5,1189.0,1197.0666666666666,1314.975,False,False,False,False,False,False,False,False,False,True,False,-0.00418410041841,0.0,,,0.005020920502092,-0.0017294281729427,0.0585774058577405,-0.0585774058577405,-0.0018378257963914,-0.0190758796100042,1140.0,1220.0,0.6666666666666666,-0.0015138772077375,-0.0005061513091819,-5.896093453148241e-05
2016-04-26,1175.0,1175.0,1175.0,1175.0,1000.0,1175.0,1194.0,1184.5,1186.0,1194.5333333333333,1313.575,False,False,False,False,False,True,False,False,False,True,False,-0.0170212765957446,0.0170212765957446,,,-0.0093617021276595,-0.0166241134751772,0.076595744680851,-0.0382978723404255,-0.0021207724076347,-0.029126213592233,1155.0,1250.0,0.05,-0.0025295109612141,-0.0010156337534766,-0.0002829466112433
2016-04-27,1170.0,1170.0,1165.0,1165.0,11000.0,1165.0,1187.0,1185.5,1182.0,1192.0,1312.125,False,False,False,False,False,False,False,False,False,True,False,0.0343347639484978,0.0257510729613733,,,-0.0145922746781115,-0.023175965665236,0.0901287553648068,-0.0343347639484978,-0.0021252796420581,-0.036271615352172,1140.0,1290.0,11.0,-0.0033840947546531,-0.0008545837934389,-4.507234423384732e-06
2016-04-28,1160.0,1165.0,1155.0,1165.0,34000.0,1165.0,1180.0,1185.5,1178.4,1190.0,1310.725,False,False,False,False,False,False,False,False,False,False,False,0.0214592274678111,0.0257510729613733,,,-0.0115021459227468,-0.0214592274678111,0.0901287553648068,-0.0085836909871244,-0.0016806722689075,-0.0396457191058625,1175.0,1275.0,3.090909090909091,-0.0030549898167005,0.0003291049379525,0.0004446073731505
2016-05-02,1125.0,1165.0,1120.0,1165.0,18000.0,1165.0,1173.0,1183.5,1174.4,1187.9333333333334,1309.3,False,False,False,False,False,False,False,False,False,True,False,0.0214592274678111,0.03862660944206,,,-0.008068669527897,-0.0196852646638054,0.1072961373390558,-0.0085836909871244,-0.0017397160334473,-0.0359104351499788,1180.0,1245.0,0.5294117647058824,-0.0034059945504087,-0.0003510047337081,-5.904376453982939e-05
2016-05-06,1155.0,1190.0,1155.0,1190.0,5000.0,1190.0,1172.0,1184.5,1171.8,1186.6,1308.125,False,False,False,False,True,False,False,False,False,False,False,0.0042016806722689,0.0294117647058823,,,0.0152941176470588,0.0028571428571429,0.0798319327731092,-0.042016806722689,-0.0011236586325075,-0.0367243562684677,1195.0,1215.0,0.2777777777777778,-0.0022188086704216,0.001187185879987,0.0006160574009398
2016-05-09,1195.0,1195.0,1155.0,1155.0,4000.0,1155.0,1168.0,1181.0,1169.0,1184.7333333333331,1306.95,False,False,False,False,False,False,False,False,False,True,False,0.0346320346320346,0.0735930735930736,,,-0.0121212121212121,-0.0257431457431455,0.1082251082251082,-0.0043290043290043,-0.0015756006977661,-0.0334462320067739,1215.0,1225.0,0.8,-0.0023952095808382,-0.0001764009104165,-0.0004519420652585
2016-05-10,1190.0,1205.0,1190.0,1205.0,4000.0,1205.0,1176.0,1181.5,1169.2,1184.2,1306.075,False,False,False,False,False,False,True,False,False,False,False,-0.0082987551867219,0.0331950207468879,,,0.0297095435684646,0.0172614107883817,0.0414937759336099,-0.0539419087136929,-0.0004503743736979,-0.0342784595852729,1205.0,1255.0,1.0,0.0001710571330824,0.0025662667139207,0.0011252263240682
2016-05-11,1190.0,1190.0,1190.0,1190.0,5000.0,1190.0,1181.0,1180.5,1168.6,1183.4666666666667,1305.025,False,False,False,False,False,False,False,False,False,True,False,0.0042016806722689,0.0504201680672268,,,0.017983193277311,0.0054901960784313,0.0714285714285714,-0.0084033613445378,-0.0006196484903109,-0.0304955527318932,1195.0,1190.0,1.25,-0.0005134348793429,-0.0006844920124254,-0.000169274116613
2016-05-12,1190.0,1190.0,1185.0,1190.0,18000.0,1190.0,1186.0,1179.5,1168.8,1183.3333333333333,1303.8,False,False,False,False,False,False,True,False,False,False,False,0.0168067226890756,0.0714285714285714,,,0.0178151260504202,0.0056022408963586,0.0630252100840336,-0.0084033613445378,-0.0001126760563381,-0.0267062314540059,1195.0,1130.0,3.6,0.0001711156741957,0.0006845505535387,0.0005069724339728
2016-05-13,1175.0,1195.0,1170.0,1195.0,32000.0,1195.0,1187.0,1179.5,1169.2,1184.4,1302.525,False,False,False,False,False,False,True,True,False,False,False,0.0251046025104602,0.0460251046025104,,,0.0215899581589957,0.0088702928870292,0.0627615062761506,-0.00836820083682,0.0009005966452776,-0.0216193302246714,1190.0,1040.0,1.7777777777777777,0.0003421142661649,0.0001709985919691,0.0010132727016157
2016-05-16,1215.0,1215.0,1170.0,1195.0,40000.0,1195.0,1195.0,1181.5,1171.2,1184.5333333333333,1301.275,False,False,False,False,False,False,True,True,True,False,False,0.0376569037656903,0.0543933054393305,,,0.0199163179916317,0.0087587168758717,0.0627615062761506,0.0,0.0001125619090498,-0.0177740160812526,1220.0,1110.0,1.25,0.001707650273224,0.001365536007059,-0.0007880347362277
2016-05-17,1195.0,1195.0,1185.0,1195.0,17000.0,1195.0,1193.0,1184.5,1174.2,1184.2,1300.0,False,False,False,False,False,False,True,False,False,False,False,0.0418410041841004,0.0585774058577405,,,0.0174058577405857,0.0090376569037656,0.0920502092050209,0.0,-0.0002814839835612,-0.0143520472773322,1230.0,1100.0,0.425,0.0025549310168625,0.0008472807436385,-0.0003940458926111
2016-05-18,1185.0,1195.0,1185.0,1195.0,80000.0,1195.0,1194.0,1187.5,1177.0,1184.2666666666669,1298.75,False,False,False,False,False,False,True,True,False,True,False,0.0460251046025104,0.0627615062761506,,,0.0150627615062761,0.0089818688981867,0.0627615062761506,0.0,5.629362756150084e-05,-0.0134736842105263,1250.0,1105.0,4.705882352941177,0.0023789294817331,-0.0001760015351293,0.0003377776111227
2016-05-19,1200.0,1210.0,1185.0,1210.0,41000.0,1210.0,1198.0,1192.0,1180.4,1184.2666666666669,1297.625,False,False,False,False,False,False,True,False,False,False,False,0.0537190082644628,0.0454545454545454,,,0.0244628099173552,0.0212672176308538,0.0578512396694214,-0.0082644628099173,0.0,-0.0134228187919463,1230.0,1115.0,0.5125,0.0028803795323619,0.0005014500506288,-5.629362756150084e-05
2016-05-20,1200.0,1230.0,1200.0,1225.0,43000.0,1225.0,1204.0,1195.5,1184.4,1184.3333333333333,1296.55,True,True,False,False,False,False,True,True,False,False,False,0.0204081632653061,0.0326530612244898,,,0.033142857142857,0.0331972789115646,-0.0530612244897959,-0.0204081632653061,5.629045876699578e-05,-0.0112923462986198,1240.0,1120.0,1.048780487804878,0.0033772374197906,0.0004968578874286,5.629045876699578e-05
2016-05-23,1235.0,1240.0,1230.0,1240.0,15000.0,1240.0,1213.0,1204.0,1189.0,1184.2,1295.55,False,False,False,False,False,False,True,False,False,False,False,0.0161290322580645,0.0201612903225806,,,0.0411290322580645,0.0449999999999999,-0.0483870967741935,-0.0443548387096774,-0.0001125935934244,-0.0153654485049833,1250.0,1120.0,0.3488372093023256,0.0038687973086626,0.000491559888872,-0.0001688840521914
2016-05-24,1245.0,1270.0,1240.0,1245.0,49000.0,1245.0,1223.0,1208.0,1192.6,1183.6,1294.675,False,False,False,False,False,False,True,False,False,True,False,0.0160642570281124,0.0200803212851405,,,0.0420883534136546,0.0493172690763052,-0.0642570281124498,-0.0602409638554216,-0.0005069280162218,-0.0161423841059602,1265.0,1110.0,3.2666666666666666,0.0030186147912124,-0.0008501825174502,-0.0003943344227973
2016-05-25,1265.0,1265.0,1250.0,1250.0,49000.0,1250.0,1234.0,1214.0,1196.0,1183.2666666666669,1293.825,False,False,False,False,False,False,True,False,False,True,False,0.016,0.016,,,0.0432,0.0533866666666665,-0.036,-0.064,-0.000281706011606,-0.021828665568369,1255.0,1110.0,1.0,0.0028428093645485,-0.0001758054266638,0.0002252220046157
2016-05-26,1265.0,1275.0,1255.0,1275.0,43000.0,1275.0,1247.0,1222.5,1199.6,1183.6666666666667,1293.15,False,False,False,False,False,False,True,True,False,False,False,-0.0078431372549019,0.0117647058823529,,,0.0591372549019608,0.0716339869281045,-0.0392156862745098,-0.0901960784313725,0.0003379329766261,-0.0302658486707566,1265.0,1125.0,0.8775510204081632,0.0030010003334444,0.0001581909688958,0.0006196389882322
2016-05-27,1275.0,1275.0,1250.0,1250.0,4000.0,1250.0,1252.0,1228.0,1202.4,1184.1333333333334,1292.325,False,False,False,False,False,False,True,True,False,True,False,0.012,0.028,,,0.0380799999999999,0.0526933333333332,-0.036,-0.08,0.0003940997635401,-0.0374592833876221,1255.0,1140.0,0.0930232558139534,0.0023286759813707,-0.0006723243520736,5.616678691398023e-05
2016-05-30,1250.0,1260.0,1250.0,1260.0,16000.0,1260.0,1256.0,1234.5,1205.2,1184.6,1291.65,False,False,False,False,False,False,True,True,False,True,False,0.0039682539682539,0.0158730158730158,,,0.0434920634920634,0.0598412698412699,-0.0595238095238095,-0.0952380952380952,0.0003939445101016,-0.0469825840421223,1225.0,1155.0,4.0,0.0023232658479919,-5.410133378746813e-06,-1.5525343847094854e-07
2016-05-31,1250.0,1265.0,1250.0,1265.0,5000.0,1265.0,1260.0,1241.5,1207.8,1184.7333333333331,1291.075,False,False,False,False,False,False,True,True,False,True,False,0.0039525691699604,-0.0079051383399209,,,0.0452173913043478,0.0634519104084323,-0.0592885375494071,-0.0869565217391304,0.0001125429069831,-0.0555779299234796,1200.0,1140.0,0.3125,0.0021526742838217,-0.0001705915641702,-0.0002814016031185
2016-06-01,1255.0,1285.0,1255.0,1270.0,47000.0,1270.0,1264.0,1249.0,1210.6,1185.8,1290.45,False,False,False,False,False,False,True,True,False,False,False,0.0,0.0039370078740157,,,0.0467716535433071,0.0662992125984252,-0.0590551181102362,-0.0905511811023622,0.0008995333670659,-0.0644515612489992,1205.0,1175.0,9.4,0.0023129026928795,0.0001602284090577,0.0007869904600827
2016-06-02,1265.0,1270.0,1250.0,1265.0,13000.0,1265.0,1262.0,1254.5,1213.2,1187.6,1289.875,False,False,False,False,False,False,True,True,False,True,False,0.0197628458498023,0.0,,,0.0409486166007904,0.0611857707509882,-0.0909090909090909,-0.067193675889328,0.0015156618390029,-0.0701474691111996,1185.0,1180.0,0.2765957446808511,0.0021430926475437,-0.0001698100453357,0.000616128471937
2016-06-03,1265.0,1275.0,1265.0,1265.0,9000.0,1265.0,1265.0,1258.5,1216.0,1190.6,1289.35,False,False,False,False,False,False,True,True,False,False,False,0.0158102766798418,0.0039525691699604,,,0.0387351778656126,0.0588142292490119,-0.1225296442687747,-0.0711462450592885,0.0025197379472534,-0.0750893921334922,1185.0,1195.0,0.6923076923076923,0.0023026315789473,0.0001595389314035,0.0010040761082504
2016-06-06,1260.0,1265.0,1245.0,1265.0,11000.0,1265.0,1266.0,1261.0,1219.6,1192.6666666666667,1288.825,False,False,False,False,False,False,True,True,False,False,False,0.0118577075098814,0.0039525691699604,,,0.0358893280632411,0.0571805006587614,-0.0988142292490118,-0.075098814229249,0.0017328116266071,-0.078112609040444,1145.0,1215.0,1.2222222222222223,0.0029517874713019,0.0006491558923546,-0.0007869263206463
2016-06-07,1250.0,1270.0,1250.0,1270.0,2000.0,1270.0,1267.0,1263.5,1223.8,1194.9333333333334,1288.35,False,False,False,False,False,False,True,True,False,False,False,-0.0118110236220472,0.0275590551181102,,,0.0363779527559055,0.0591076115485563,-0.0708661417322834,-0.0748031496062992,0.0018968980138361,-0.0795409576573011,1120.0,1205.0,0.1818181818181818,0.0034319333224383,0.0004801458511363,0.000164086387229
2016-06-08,1275.0,1275.0,1250.0,1270.0,19000.0,1270.0,1267.0,1265.5,1228.0,1197.1333333333334,1287.875,False,False,False,False,False,False,True,True,False,True,False,0.0039370078740157,0.0,,,0.0330708661417322,0.0573753280839894,-0.0708661417322834,-0.0748031496062992,0.001837723450465,-0.0806005531410509,1125.0,1195.0,9.5,0.0034201954397394,-1.1737882698893524e-05,-5.917456337114699e-05
2016-06-09,1270.0,1300.0,1270.0,1290.0,40000.0,1290.0,1272.0,1267.0,1233.0,1199.4666666666667,1287.375,False,False,False,False,False,False,True,True,False,False,False,-0.0193798449612403,-0.0077519379844961,,,0.0441860465116279,0.0701808785529715,-0.0736434108527131,-0.0930232558139534,0.0019453090262338,-0.0808997632202052,1125.0,1195.0,2.1052631578947367,0.0040551500405515,0.000634954600812,0.0001075855757687
2016-06-10,1290.0,1290.0,1285.0,1285.0,16000.0,1285.0,1276.0,1270.5,1236.8,1201.6666666666667,1286.325,False,False,False,False,False,False,True,True,False,True,False,-0.0116731517509727,-0.0972762645914396,,,0.0375097276264591,0.0648508430609597,-0.0583657587548638,-0.0583657587548638,0.0018307905686546,-0.0787091696182605,1125.0,1190.0,0.4,0.0030724450194048,-0.0009827050211466,-0.0001145184575791
2016-06-13,1295.0,1315.0,1270.0,1280.0,54000.0,1280.0,1279.0,1272.5,1241.8,1203.8,1284.9,False,False,False,False,False,False,True,True,False,False,False,-0.0078125,-0.078125,,,0.02984375,0.05953125,-0.05859375,-0.0078125,0.001772165919034,-0.0699410609037328,1125.0,1220.0,3.375,0.0040264132710581,0.0009539682516532,-5.862464962061507e-05
2016-06-14,1280.0,1280.0,1220.0,1255.0,75000.0,1255.0,1276.0,1271.5,1243.8,1205.7333333333331,1283.325,False,False,False,False,False,False,True,True,False,True,False,0.0398406374501992,-0.0717131474103585,,,0.0089243027888446,0.0392563081009297,-0.0358565737051792,0.0159362549800796,0.0016034501824614,-0.0597719229256783,1155.0,1230.0,1.3888888888888888,0.0016079755587715,-0.0024184377122866,-0.0001687157365726
2016-06-15,1255.0,1275.0,1250.0,1275.0,12000.0,1275.0,1277.0,1272.0,1247.2,1207.9333333333334,1282.125,False,False,False,False,False,False,True,True,False,False,False,-0.0039215686274509,-0.0549019607843137,,,0.0218039215686274,0.0526013071895424,-0.0470588235294117,-0.0117647058823529,0.0018212925658151,-0.0518867924528301,1165.0,1250.0,0.16,0.0027261064785119,0.0011181309197404,0.0002178423833536
2016-06-16,1255.0,1285.0,1235.0,1265.0,40000.0,1265.0,1272.0,1272.0,1250.2,1209.8,1281.125,False,False,False,False,False,False,True,True,False,True,False,0.0118577075098814,-0.0316205533596837,,,0.0116996047430829,0.0436363636363636,-0.0513833992094861,0.0316205533596837,0.0015429547583621,-0.0420597484276729,1185.0,1230.0,3.333333333333333,0.0023996160614301,-0.0003264904170817,-0.0002783378074529
2016-06-17,1255.0,1275.0,1240.0,1270.0,37000.0,1270.0,1269.0,1272.5,1253.2,1211.5333333333333,1280.25,False,False,False,False,False,False,True,True,False,True,False,-0.0866141732283464,-0.0511811023622047,,,0.0132283464566928,0.0460367454068241,-0.0551181102362204,0.1299212598425196,0.0014306938865349,-0.0220039292730844,1180.0,1240.0,0.925,0.0023938716884774,-5.7443729526737534e-06,-0.0001122608718271
2016-06-20,1275.0,1305.0,1265.0,1270.0,204000.0,1270.0,1267.0,1273.0,1256.2,1213.0666666666666,1279.625,False,False,False,False,False,False,True,True,False,True,False,-0.0708661417322834,-0.0669291338582677,,,0.0108661417322834,0.0448293963254593,-0.0551181102362204,0.1614173228346456,0.0012640140690261,0.0015710919088766,1190.0,1250.0,5.513513513513513,0.0023881547524279,-5.71693604954019e-06,-0.0001666798175088
2016-06-21,1270.0,1305.0,1270.0,1305.0,92000.0,1305.0,1277.0,1276.5,1260.6,1215.2666666666669,1279.5,False,False,False,False,False,False,True,True,False,False,True,-0.10727969348659,-0.0881226053639846,,,0.0340229885057472,0.0687611749680713,-0.0804597701149425,0.1762452107279693,0.0018103022656209,0.027027027027027,1200.0,1265.0,0.4509803921568627,0.0034904013961604,0.0011022466437324,0.0005462881965948
2016-06-22,1300.0,1300.0,1255.0,1270.0,134000.0,1270.0,1276.0,1276.5,1263.6,1216.5333333333333,1279.225,False,False,False,False,False,False,True,True,False,True,False,-0.0511811023622047,-0.0590551181102362,,,0.0050393700787402,0.0420997375328084,-0.0551181102362204,0.1732283464566929,0.0010412099956157,0.0517038777908343,1200.0,1255.0,1.4565217391304348,0.0023741690408357,-0.0011162323553247,-0.0007690922700051
2016-06-23,1270.0,1290.0,1270.0,1280.0,19000.0,1280.0,1279.0,1275.5,1266.4,1217.8666666666666,1278.825,False,False,False,False,False,False,True,True,False,True,False,-0.04296875,-0.1015625,,,0.0106249999999999,0.0485416666666667,-0.04296875,0.2734375,0.0010948105977665,0.0885927087416699,1200.0,1265.0,0.1417910447761194,0.0022109917877449,-0.0001631772530907,5.360060215076567e-05
2016-06-24,1285.0,1285.0,1105.0,1160.0,99000.0,1160.0,1257.0,1263.0,1263.8,1217.4,1277.675,False,False,False,False,False,False,False,False,False,True,False,0.0387931034482758,-0.043103448275862,,,-0.0894827586206896,-0.0494827586206897,0.0344827586206896,0.3491379310344827,-0.0003833305952574,0.1274742676167854,1195.0,1255.0,5.2105263157894735,-0.0020572875454978,-0.0042682793332427,-0.001478141193024
2016-06-27,1165.0,1185.0,1150.0,1180.0,65000.0,1180.0,1239.0,1253.0,1261.4,1216.9333333333334,1276.275,False,False,False,False,False,False,False,False,False,False,False,0.0042372881355932,-0.0338983050847457,,,-0.0689830508474577,-0.0312994350282486,0.0169491525423728,0.326271186440678,-0.000383477593952,0.1600159616919393,1175.0,1225.0,0.6565656565656566,-0.0019026478515933,0.0001546396939044,-1.4699869454440264e-07
2016-06-28,1150.0,1180.0,1150.0,1165.0,69000.0,1165.0,1211.0,1244.0,1258.2,1216.4,1274.675,False,False,False,False,False,False,False,False,False,True,False,0.0214592274678111,0.0128755364806866,,,-0.08,-0.0441201716738198,0.0300429184549356,0.334763948497854,-0.0004384522635097,0.1909163987138263,1165.0,1200.0,1.0615384615384615,-0.0025433158480369,-0.0006406679964435,-5.4974669557750016e-05
2016-06-29,1175.0,1215.0,1175.0,1205.0,20000.0,1205.0,1198.0,1237.0,1256.4,1216.5333333333333,1273.4,False,False,False,False,False,False,False,True,False,False,False,-0.0082987551867219,-0.0207468879668049,,,-0.0426556016597511,-0.0095712309820193,-0.0082987551867219,0.2033195020746888,0.00010960105217,0.2130153597413096,1165.0,1205.0,0.2898550724637681,-0.0014326647564469,0.0011106510915899,0.0005480533156797
2016-06-30,1205.0,1225.0,1200.0,1225.0,19000.0,1225.0,1187.0,1233.0,1254.4,1216.9333333333334,1272.525,False,False,False,False,False,False,False,True,False,True,False,-0.0612244897959183,-0.0244897959183673,,,-0.024,0.0065850340136053,-0.0775510204081632,0.2081632653061224,0.0003286950805303,0.2311435523114355,1165.0,1185.0,0.95,-0.001594387755102,-0.000161722998655,0.0002190940283603
2016-07-01,1225.0,1225.0,1195.0,1205.0,11000.0,1205.0,1196.0,1226.5,1252.6,1217.1333333333334,1271.525,False,False,False,False,False,False,False,True,False,False,False,-0.0788381742738589,0.0041493775933609,,,-0.0395020746887966,-0.0100691562932227,-0.0539419087136929,0.1825726141078838,0.0001643205345895,0.2368528332653893,1190.0,1185.0,0.5789473684210527,-0.0014370110170846,0.0001573767380174,-0.0001643745459408
2016-07-04,1220.0,1235.0,1180.0,1185.0,79000.0,1185.0,1197.0,1218.0,1249.6,1216.6666666666667,1270.75,False,False,False,False,False,False,False,False,False,True,False,-0.0379746835443038,0.0168776371308016,,,-0.0545147679324893,-0.0267229254571027,-0.0337552742616033,0.2025316455696202,-0.0003835616438356,0.2413793103448276,1155.0,1145.0,7.181818181818182,-0.0024007682458386,-0.000963757228754,-0.0005478821784251
2016-07-05,1185.0,1190.0,1180.0,1190.0,20000.0,1190.0,1202.0,1206.5,1246.6,1216.1333333333334,1270.175,False,False,False,False,False,False,False,False,False,True,False,-0.0084033613445378,0.0168067226890756,,,-0.0475630252100839,-0.0219607843137255,-0.0378151260504201,0.2352941176470588,-0.0004385484047801,0.2478242851222544,1205.0,1120.0,0.2531645569620253,-0.0024065458045884,-5.777558749812256e-06,-5.498676094451127e-05
2016-07-06,1180.0,1195.0,1155.0,1195.0,28000.0,1195.0,1200.0,1199.0,1243.6,1215.4,1269.7,False,False,False,False,False,False,False,False,False,True,False,-0.0125523012552301,0.0167364016736401,,,-0.0406694560669455,-0.017071129707113,-0.0418410041841004,0.2175732217573222,-0.0006033678898579,0.2527105921601334,1190.0,1125.0,1.4,-0.0024123512383403,-5.8054337518215725e-06,-0.0001648194850777
2016-07-07,1180.0,1180.0,1150.0,1150.0,45000.0,1150.0,1185.0,1186.0,1239.0,1214.3333333333333,1268.7,False,False,False,False,False,False,False,False,False,True,False,0.0391304347826087,0.0434782608695652,,,-0.077391304347826,-0.0559420289855071,-0.0043478260869565,0.2130434782608695,-0.0008783969256108,0.2466273187183811,1190.0,1125.0,1.6071428571428572,-0.0037126715092816,-0.0013003202709413,-0.0002750290357529
2016-07-08,1150.0,1150.0,1110.0,1110.0,63000.0,1110.0,1166.0,1181.0,1232.8,1212.6,1267.6,False,False,False,False,False,False,False,False,False,True,False,0.09009009009009,0.081081081081081,,,-0.1106306306306305,-0.0924324324324323,0.0135135135135135,0.2792792792792792,-0.0014294353730276,0.239627434377646,1195.0,1125.0,1.4,-0.0050292018170019,-0.0013165303077203,-0.0005510384474167
2016-07-11,1135.0,1145.0,1135.0,1140.0,10000.0,1140.0,1157.0,1177.0,1227.8,1211.1333333333334,1266.6,False,False,False,False,False,False,False,False,False,False,False,0.0570175438596491,0.0526315789473684,,,-0.077017543859649,-0.0623976608187135,-0.0087719298245614,0.2236842105263158,-0.0012109869543676,0.2293967714528462,1195.0,1125.0,0.1587301587301587,-0.0040723244828147,0.0009568773341871,0.00021844841866
2016-07-12,1140.0,1185.0,1140.0,1180.0,95000.0,1180.0,1155.0,1178.5,1224.2,1210.0,1265.75,False,False,False,False,False,False,False,False,False,False,False,0.0254237288135593,0.0169491525423728,,,-0.0374576271186441,-0.0254237288135593,-0.0466101694915254,0.1610169491525423,-0.0009366391184573,0.2121340687314382,1195.0,1155.0,9.5,-0.0029406959647115,0.0011316285181032,0.0002743478359102
2016-07-13,1190.0,1200.0,1175.0,1180.0,33000.0,1180.0,1152.0,1176.0,1220.6,1209.0,1264.9,False,False,False,False,False,False,False,False,False,True,False,0.0296610169491525,0.0169491525423728,,,-0.0344067796610168,-0.0245762711864406,-0.0211864406779661,0.1652542372881356,-0.0008271298593879,0.2083333333333333,1195.0,1165.0,0.3473684210526316,-0.0029493691627069,-8.673197995403333e-06,0.0001095092590694
2016-07-15,1185.0,1200.0,1185.0,1195.0,8000.0,1195.0,1161.0,1173.0,1216.8,1208.0666666666666,1264.175,False,False,False,False,False,False,False,False,False,True,False,0.00418410041841,0.0251046025104602,,,-0.0182426778242677,-0.0109344490934448,-0.0334728033472803,0.1464435146443514,-0.000772584294465,0.2020460358056266,1210.0,1185.0,0.2424242424242424,-0.0031229454306377,-0.0001735762679307,5.4545564922888336e-05
2016-07-19,1185.0,1210.0,1185.0,1210.0,20000.0,1210.0,1181.0,1173.5,1213.8,1207.4666666666667,1263.375,False,False,False,False,False,False,False,False,False,False,False,-0.0082644628099173,-0.0082644628099173,,,-0.0031404958677685,0.0020936639118457,-0.0578512396694214,0.1033057851239669,-0.0004969081272084,0.193864507882403,1225.0,1180.0,2.5,-0.0024715768660405,0.0006513685645971,0.0002756761672566
2016-07-20,1215.0,1215.0,1200.0,1205.0,20000.0,1205.0,1194.0,1175.5,1210.8,1207.2,1262.65,False,False,False,False,False,False,False,False,False,True,False,-0.0041493775933609,-0.0041493775933609,,,-0.0048132780082987,-0.0018257261410788,-0.0456431535269709,0.1908713692946058,-0.0002208968411751,0.1926839642705231,1240.0,1190.0,1.0,-0.0024777006937561,-6.123827715660141e-06,0.0002760112860332
2016-07-21,1220.0,1225.0,1200.0,1210.0,60000.0,1210.0,1200.0,1177.5,1209.0,1207.3333333333333,1262.025,False,False,False,False,True,False,False,True,False,False,False,-0.0082644628099173,-0.0082644628099173,,,0.0008264462809917,0.0022038567493113,-0.0578512396694214,0.1983471074380165,0.000110436223081,0.1889596602972399,1245.0,1200.0,3.0,-0.0014888337468982,0.0009888669468579,0.0003313330642562
2016-07-22,1220.0,1220.0,1195.0,1215.0,19000.0,1215.0,1207.0,1179.5,1206.6,1207.4666666666667,1261.55,False,False,True,False,False,False,False,True,False,True,False,-0.0123456790123456,-0.0164609053497942,,,0.0069135802469136,0.0062002743484224,-0.0288065843621399,0.2469135802469135,0.0001104240282686,0.192030521407376,1250.0,1200.0,0.3166666666666666,-0.0019890601690701,-0.0005002264221719,-1.2194812431078669e-08
2016-07-25,1230.0,1230.0,1200.0,1200.0,59000.0,1200.0,1208.0,1184.5,1204.0,1207.6666666666667,1260.95,False,False,False,False,False,False,False,True,False,True,False,0.0208333333333333,-0.0583333333333333,,,-0.0033333333333333,-0.0063888888888889,-0.0166666666666666,0.2375,0.0001656086116478,0.1945968763191219,1275.0,1200.0,3.1052631578947367,-0.0021594684385381,-0.0001704082694679,5.5184583379204216e-05
2016-07-26,1200.0,1205.0,1200.0,1200.0,37000.0,1200.0,1206.0,1193.5,1201.2,1207.8666666666666,1260.45,False,False,False,False,False,False,False,True,False,True,False,0.0,-0.05,,,-0.001,-0.0065555555555554,-0.0125,0.2458333333333333,0.0001655811899766,0.1918726434855467,1250.0,1195.0,0.6271186440677966,-0.0023310023310022,-0.0001715338924641,-2.7421671175263283e-08
2016-07-27,1200.0,1200.0,1200.0,1200.0,1000.0,1200.0,1205.0,1199.5,1198.4,1208.6,1259.9,False,False,False,False,False,False,False,True,False,True,False,0.0,-0.0458333333333333,,,0.0013333333333332,-0.0071666666666665,-0.0041666666666666,0.225,0.0006067626454851,0.1921634014172571,1260.0,1175.0,0.027027027027027,-0.0023364485981308,-5.446267128509513e-06,0.0004411814555084
2016-07-28,1200.0,1205.0,1200.0,1200.0,3000.0,1200.0,1203.0,1201.5,1194.2,1209.6666666666667,1259.325,False,False,False,False,False,False,False,True,False,True,False,0.0,-0.0458333333333333,,,0.0048333333333332,-0.0080555555555556,-0.0041666666666666,0.2333333333333333,0.0008817856158722,0.1993341656263004,1265.0,1165.0,3.0,-0.003516998827667,-0.0011805502295362,0.0002750229703871
2016-07-29,1200.0,1200.0,1200.0,1200.0,5000.0,1200.0,1200.0,1203.5,1191.4,1210.6666666666667,1258.6,False,False,False,False,False,False,False,True,False,False,False,-0.0041666666666666,-0.0458333333333333,,,0.0071666666666665,-0.0088888888888889,-0.0041666666666666,0.2208333333333333,0.0008259911894273,0.2048192771084337,1270.0,1165.0,1.6666666666666667,-0.0023501762632197,0.0011668225644473,-5.579442644496621e-05
2016-08-01,1200.0,1225.0,1200.0,1225.0,5000.0,1225.0,1205.0,1206.5,1189.2,1212.0,1257.975,False,False,False,False,False,False,False,True,False,False,False,-0.0775510204081632,-0.0653061224489796,,,0.0292244897959183,0.0106122448979591,-0.0204081632653061,0.1918367346938775,0.001100110011001,0.2092830501450476,1265.0,1165.0,1.0,-0.0018499831819711,0.0005001930812485,0.0002741188215737
2016-08-02,1195.0,1200.0,1195.0,1200.0,3000.0,1200.0,1205.0,1205.5,1190.8,1213.0,1257.2,False,False,False,False,False,False,True,True,True,False,False,-0.05,-0.0625,,,0.0076666666666667,-0.0108333333333333,0.0,0.2125,0.0008244023083264,0.220240564081294,1265.0,1190.0,0.6,0.0013436345314073,0.0031936177133784,-0.0002757077026745
2016-08-03,1200.0,1200.0,1200.0,1200.0,4000.0,1200.0,1205.0,1205.0,1191.6,1214.0,1256.475,False,False,False,False,False,False,True,True,False,True,False,-0.0458333333333333,-0.0583333333333333,,,0.007,-0.0116666666666666,-0.0125,0.2166666666666666,0.000823723228995,0.2228215767634855,1265.0,1155.0,1.3333333333333333,0.0006713662302785,-0.0006722683011288,-6.790793314056598e-07
2016-08-04,1200.0,1200.0,1190.0,1200.0,10000.0,1200.0,1205.0,1204.0,1193.0,1214.6,1255.775,False,False,False,False,False,False,True,True,True,False,False,-0.0458333333333333,-0.0625,,,0.0058333333333333,-0.0121666666666665,-0.025,0.2125,0.0004939897908775,0.2242524916943521,1270.0,1205.0,2.5,0.0011735121542331,0.0005021459239545,-0.0003297334381174
2016-08-05,1205.0,1205.0,1175.0,1195.0,16000.0,1195.0,1204.0,1202.0,1192.6,1215.0,1255.0,False,False,False,False,False,False,False,True,False,True,False,-0.0418410041841004,-0.0334728033472803,,,0.0020083682008368,-0.0167364016736401,-0.0209205020920502,0.2301255230125523,0.0003292181069959,0.2225457570715474,1270.0,1190.0,1.6,-0.0003354016434681,-0.0015089137977012,-0.0001647716838816
2016-08-08,1150.0,1150.0,1130.0,1130.0,53000.0,1130.0,1185.0,1195.0,1188.8,1214.2666666666669,1253.825,False,False,False,False,False,True,False,False,False,True,False,0.0132743362831858,0.0221238938053097,,,-0.0520353982300884,-0.0745722713864308,0.0265486725663716,0.2876106194690265,-0.0006039310420553,0.2271966527196652,1290.0,1190.0,3.3125,-0.0031965006729474,-0.0028610990294793,-0.0009331491490513
2016-08-09,1115.0,1140.0,1115.0,1140.0,50000.0,1140.0,1173.0,1189.0,1186.2,1213.7333333333331,1252.75,False,False,False,False,False,False,False,False,False,False,False,-0.0131578947368421,0.0,,,-0.0405263157894737,-0.0646783625730992,0.0087719298245614,0.2763157894736842,-0.0004394155772825,0.2300252312867956,1285.0,1195.0,0.9433962264150944,-0.002191873208565,0.0010046274643823,0.0001645154647728
2016-08-10,1140.0,1145.0,1140.0,1145.0,5000.0,1145.0,1162.0,1183.5,1184.6,1213.1333333333334,1251.775,False,False,False,False,False,False,False,False,False,False,False,-0.0131004366812227,0.0043668122270742,,,-0.0345851528384278,-0.059505094614265,-0.0043668122270742,0.2925764192139738,-0.0004945870198381,0.2365863962822137,1280.0,1195.0,0.1,-0.0013506668917779,0.0008412063167871,-5.517144255560801e-05
2016-08-12,1145.0,1145.0,1145.0,1145.0,5000.0,1145.0,1151.0,1178.0,1182.8,1212.4,1250.925,False,False,False,False,False,False,False,False,False,True,False,-0.0174672489082969,-0.0043668122270742,,,-0.0330131004366811,-0.0588646288209607,0.0087336244541484,0.3580786026200873,-0.0006048608819971,0.2487266553480475,1255.0,1195.0,1.0,-0.0015218126479539,-0.000171145756176,-0.0001102738621589
2016-08-15,1145.0,1145.0,1145.0,1145.0,3000.0,1145.0,1141.0,1172.5,1180.8,1211.6666666666667,1250.075,False,False,False,False,False,False,False,False,False,True,False,0.0087336244541484,0.0305676855895196,,,-0.0312663755458514,-0.0582241630276565,0.0087336244541484,0.3537117903930131,-0.00060522696011,0.2618336886993603,1275.0,1195.0,0.6,-0.0016937669376693,-0.0001719542897154,-3.660781129006044e-07
2016-08-16,1145.0,1145.0,1145.0,1145.0,8000.0,1145.0,1144.0,1164.5,1180.6,1210.9333333333334,1249.25,False,False,False,False,False,False,False,False,False,False,False,0.0087336244541484,0.0305676855895196,,,-0.0310917030567684,-0.0575836972343523,0.0305676855895196,0.3493449781659388,-0.0006055934816119,0.2778016316015457,1265.0,1210.0,2.6666666666666665,-0.0001694053870913,0.001524361550578,-3.665215019385461e-07
2016-08-17,1145.0,1145.0,1125.0,1125.0,3000.0,1125.0,1141.0,1157.0,1181.2,1210.0,1248.15,False,False,False,False,False,False,True,False,False,False,False,0.0133333333333333,0.0533333333333333,,,-0.0499555555555555,-0.0755555555555555,0.0444444444444444,0.3422222222222222,-0.000771349862259,0.290838375108038,1270.0,1225.0,0.375,0.0005079580088047,0.000677363395896,-0.000165756380647
2016-08-18,1130.0,1130.0,1125.0,1130.0,7000.0,1130.0,1138.0,1150.0,1180.8,1209.4,1247.025,False,False,False,False,False,False,False,False,False,True,False,0.0176991150442477,0.0575221238938053,,,-0.0449557522123893,-0.0702654867256638,0.0353982300884955,0.331858407079646,-0.0004961137754257,0.3026086956521739,1270.0,1240.0,2.333333333333333,-0.0003387533875339,-0.0008467113963386,0.0002752360868332
2016-08-19,1130.0,1130.0,1125.0,1125.0,8000.0,1125.0,1134.0,1142.5,1178.6,1208.8666666666666,1245.825,False,False,False,False,False,False,False,False,False,True,False,0.0133333333333333,0.0622222222222222,,,-0.0476444444444443,-0.074548148148148,0.0444444444444444,0.3511111111111111,-0.000441184580599,0.3168490153172866,1305.0,1245.0,1.1428571428571428,-0.0018666214152384,-0.0015278680277045,5.492919482668468e-05
2016-08-22,1145.0,1155.0,1140.0,1155.0,9000.0,1155.0,1136.0,1138.5,1177.6,1208.7333333333331,1244.825,False,False,False,False,False,False,False,False,False,False,False,0.0216450216450216,0.0346320346320346,,,-0.0195670995670994,-0.0465223665223663,0.0173160173160173,0.3203463203463203,-0.0001103083117313,0.326306543697848,1270.0,1250.0,1.125,-0.0008491847826086,0.0010174366326297,0.0003308762688676
2016-08-23,1165.0,1165.0,1155.0,1155.0,13000.0,1155.0,1138.0,1141.0,1176.0,1208.6,1243.825,False,False,False,False,False,False,False,False,False,True,True,0.0216450216450216,0.0389610389610389,,,-0.0181818181818181,-0.0464069264069263,0.0129870129870129,0.3116883116883117,-0.0001103204809971,0.3286590709903593,1280.0,1275.0,1.4444444444444444,-0.0013605442176869,-0.0005113594350783,-1.2169265820068781e-08
2016-08-24,1165.0,1165.0,1140.0,1140.0,6000.0,1140.0,1141.0,1141.0,1173.2,1207.9333333333334,1242.75,False,False,False,False,False,False,False,False,False,True,False,0.0394736842105263,0.0526315789473684,,,-0.0291228070175439,-0.0595906432748538,0.0614035087719298,0.3245614035087719,-0.0005519068381255,0.3334794040315513,1160.0,1250.0,0.4615384615384615,-0.0023866348448686,-0.0010260906271816,-0.0004415863571284
2016-08-25,1160.0,1160.0,1150.0,1150.0,53000.0,1150.0,1145.0,1141.5,1171.0,1207.8666666666666,1241.825,False,False,False,False,False,False,False,False,False,False,False,0.0391304347826087,0.0304347826086956,,,-0.0182608695652173,-0.05031884057971,0.1043478260869565,0.2956521739130435,-5.5193729992410925e-05,0.3337713534822601,1180.0,1260.0,8.833333333333334,-0.0018787361229718,0.0005078987218968,0.0004967131081331
2016-08-26,1140.0,1140.0,1140.0,1140.0,7000.0,1140.0,1148.0,1141.0,1168.2,1207.0,1240.8,False,False,False,False,False,False,False,False,False,True,False,0.0482456140350877,0.0263157894736842,,,-0.0247368421052632,-0.0587719298245614,0.1184210526315789,0.2675438596491228,-0.00071803369235,0.324715162138475,1165.0,1265.0,0.1320754716981132,-0.0023968498544769,-0.000518113731505,-0.0006628399623576
2016-08-29,1140.0,1180.0,1140.0,1180.0,51000.0,1180.0,1153.0,1144.5,1166.8,1206.8666666666666,1240.0,False,False,False,False,True,False,False,False,False,False,True,0.0127118644067796,-0.0084745762711864,,,0.0111864406779661,-0.0227683615819208,0.0677966101694915,0.2330508474576271,-0.0001104789261449,0.3123634775010921,1205.0,1270.0,7.285714285714286,-0.0011998628728146,0.0011969869816623,0.0006075547662051
2016-08-30,1180.0,1180.0,1180.0,1180.0,2000.0,1180.0,1158.0,1148.0,1166.0,1206.7333333333331,1239.175,False,False,False,False,False,False,False,False,False,False,False,0.0169491525423728,-0.0169491525423728,,,0.011864406779661,-0.0226553672316382,0.1059322033898305,0.2245762711864407,-0.0001104911330866,0.2996515679442508,1225.0,1265.0,0.0392156862745098,-0.0006861063464836,0.0005137565263309,-1.2206941731951818e-08
2016-08-31,1180.0,1190.0,1170.0,1185.0,12000.0,1185.0,1167.0,1154.0,1165.4,1206.6,1238.35,False,False,False,False,False,False,False,False,False,False,False,0.0126582278481012,-0.0295358649789029,,,0.0165400843881855,-0.0182278481012657,0.2109704641350211,0.2320675105485232,-0.000110503342726,0.2885615251299827,1205.0,1265.0,6.0,-0.0005148446885188,0.0001712616579647,-1.2209639359216074e-08
2016-09-01,1180.0,1195.0,1180.0,1195.0,16000.0,1195.0,1176.0,1160.5,1165.2,1206.6,1237.65,False,False,False,False,False,False,False,False,False,False,False,-0.00836820083682,-0.0460251046025104,,,0.0249372384937238,-0.0097071129707112,0.2343096234309623,0.2301255230125523,0.0,0.2783283067643257,1185.0,1265.0,1.3333333333333333,-0.0001716443529008,0.000343200335618,0.000110503342726
2016-09-02,1195.0,1200.0,1175.0,1195.0,23000.0,1195.0,1187.0,1167.5,1165.0,1206.6,1236.925,False,False,False,False,False,False,False,False,False,True,False,-0.0209205020920502,-0.0334728033472803,,,0.0251046025104602,-0.0097071129707112,0.2845188284518828,0.2301255230125523,0.0,0.2663811563169165,1190.0,1270.0,1.4375,-0.0001716738197425,-2.9466841699733693e-08,0.0
2016-09-05,1190.0,1195.0,1185.0,1195.0,14000.0,1195.0,1190.0,1171.5,1164.8,1206.6,1236.125,False,False,False,False,False,False,False,False,False,True,False,-0.0209205020920502,-0.0334728033472803,,,0.0252719665271966,-0.0097071129707112,0.2468619246861924,0.2301255230125523,0.0,0.2573623559539053,1195.0,1270.0,0.6086956521739131,-0.0001717032967033,-2.94769608074339e-08,0.0
2016-09-06,1205.0,1210.0,1200.0,1200.0,11000.0,1200.0,1194.0,1176.0,1163.8,1206.4666666666667,1235.35,False,False,False,False,False,False,False,False,False,True,False,-0.0333333333333333,-0.0166666666666666,,,0.0301666666666667,-0.0053888888888889,0.3583333333333333,0.2208333333333333,-0.0001105155550642,0.2482993197278911,1150.0,1290.0,0.7857142857142857,-0.0008592541673827,-0.0006875508706793,-0.0001105155550642
2016-09-07,1200.0,1200.0,1195.0,1200.0,12000.0,1200.0,1197.0,1182.0,1163.8,1206.1333333333334,1234.575,False,False,False,False,False,False,False,False,False,False,False,-0.0416666666666666,-0.0208333333333333,,,0.0301666666666667,-0.0051111111111112,0.3041666666666666,0.2291666666666666,-0.0002763652443068,0.2390016920473773,1110.0,1285.0,1.0909090909090908,0.0,0.0008592541673827,-0.0001658496892425
2016-09-08,1195.0,1195.0,1175.0,1185.0,17000.0,1185.0,1195.0,1185.5,1163.2,1205.4,1233.375,False,False,False,False,False,False,False,False,False,True,False,-0.0379746835443038,-0.0126582278481012,,,0.0183966244725738,-0.0172151898734178,0.3206751054852321,0.2658227848101265,-0.000608373430673,0.2361872627583298,1140.0,1280.0,1.4166666666666667,-0.0005158184319118,-0.0005158184319118,-0.0003320081863662
2016-09-12,1185.0,1185.0,1170.0,1170.0,14000.0,1170.0,1190.0,1188.5,1162.0,1204.4,1231.75,False,False,False,False,False,False,False,False,False,True,False,-0.0128205128205128,0.0042735042735042,,,0.0068376068376068,-0.0294017094017094,0.329059829059829,0.282051282051282,-0.0008302889405513,0.2376945729911653,1180.0,1255.0,0.8235294117647058,-0.0010327022375215,-0.0005168838056096,-0.0002219155098782
2016-09-13,1170.0,1170.0,1170.0,1170.0,1000.0,1170.0,1185.0,1187.5,1161.0,1203.3333333333333,1230.375,False,False,False,False,False,False,False,False,False,False,False,-0.0128205128205128,0.0042735042735042,,,0.0076923076923076,-0.0284900284900284,0.2393162393162393,0.2777777777777778,-0.0008864265927979,0.2421052631578947,1180.0,1275.0,0.0714285714285714,-0.0008613264427217,0.0001713757947997,-5.613765224661072e-05
2016-09-14,1160.0,1160.0,1160.0,1160.0,2000.0,1160.0,1177.0,1185.5,1162.2,1201.8,1228.8,False,False,False,False,False,False,True,False,True,False,False,0.0172413793103448,0.0086206896551724,,,-0.0018965517241379,-0.0360344827586206,0.2758620689655172,0.2801724137931034,-0.001275863981805,0.247574862927035,1195.0,1265.0,2.0,0.0010325245224574,0.0018938509651792,-0.0003894373890071
2016-09-15,1160.0,1160.0,1150.0,1150.0,26000.0,1150.0,1167.0,1182.0,1162.6,1200.4666666666667,1227.425,False,False,False,False,False,False,True,False,False,True,False,0.0217391304347826,0.0521739130434782,,,-0.0109565217391303,-0.0438840579710145,0.2391304347826087,0.2956521739130435,-0.0011106791803187,0.2538071065989847,1210.0,1270.0,13.0,0.0003440564252536,-0.0006884680972038,0.0001651848014863
2016-09-16,1140.0,1145.0,1140.0,1140.0,42000.0,1140.0,1158.0,1176.5,1162.4,1198.8666666666666,1225.925,False,False,False,False,False,False,False,False,False,True,False,0.0263157894736842,0.1140350877192982,,,-0.0196491228070176,-0.0516374269005847,0.25,0.2982456140350877,-0.0013345937830174,0.260518487037824,1205.0,1270.0,1.6153846153846154,-0.0001720578114244,-0.0005161142366781,-0.0002239146026987
2016-09-20,1150.0,1155.0,1150.0,1155.0,8000.0,1155.0,1155.0,1172.5,1162.8,1197.4,1224.55,False,False,False,False,False,False,True,False,False,False,False,0.0173160173160173,0.1038961038961039,,,-0.0067532467532467,-0.0367099567099567,0.2727272727272727,0.2857142857142857,-0.0012248761204831,0.2660980810234541,1210.0,1305.0,0.1904761904761904,0.0003439972480218,0.0005160550594463,0.0001097176625343
2016-09-21,1170.0,1170.0,1155.0,1155.0,37000.0,1155.0,1152.0,1168.5,1163.2,1195.8666666666666,1223.175,False,False,False,False,False,False,True,False,False,True,False,0.0173160173160173,0.0909090909090909,,,-0.0070995670995671,-0.0353823953823952,0.2597402597402597,0.2813852813852814,-0.0012821942245513,0.2712879760376551,1215.0,1270.0,4.625,0.000343878954608,-1.1829341384233693e-07,-5.731810406829239e-05
2016-09-23,1175.0,1180.0,1150.0,1180.0,69000.0,1180.0,1156.0,1166.5,1164.6,1194.7333333333331,1221.925,False,False,False,True,True,False,True,False,True,False,False,-0.0084745762711864,0.1059322033898305,,,0.0130508474576271,-0.0124858757062145,0.1822033898305084,0.2415254237288135,-0.0009486077785838,0.2734676382340334,1200.0,1280.0,1.864864864864865,0.0012021294865188,0.0008582505319108,0.0003335864459675
2016-09-26,1185.0,1185.0,1170.0,1175.0,26000.0,1175.0,1161.0,1164.0,1166.6,1193.5333333333333,1220.7,False,False,False,False,False,False,True,False,False,False,False,0.0297872340425531,0.2212765957446808,,,0.0071489361702128,-0.01577304964539,0.2085106382978723,0.2425531914893617,-0.001005418086354,0.274914089347079,1200.0,1160.0,0.3768115942028985,0.0017143836790673,0.0005122541925485,-5.681030777021667e-05
2016-09-27,1160.0,1170.0,1160.0,1170.0,9000.0,1170.0,1167.0,1162.5,1168.2,1192.2666666666669,1219.425,False,False,False,False,False,False,True,False,False,True,False,0.0854700854700854,0.2606837606837607,,,0.0015384615384614,-0.0190313390313392,0.1923076923076923,0.2478632478632478,-0.0010624021471704,0.2731182795698925,1200.0,1180.0,0.3461538461538461,0.0013696284882726,-0.0003447551907947,-5.698406081636165e-05
2016-09-28,1160.0,1175.0,1160.0,1175.0,5000.0,1175.0,1171.0,1163.0,1170.2,1191.0,1218.25,False,False,False,False,False,False,True,False,False,False,False,0.0851063829787234,0.3063829787234042,,,0.0040851063829786,-0.0136170212765957,0.1659574468085106,0.2595744680851063,-0.0010635320458999,0.2708512467755804,1200.0,1165.0,0.5555555555555556,0.0017091095539224,0.0003394810656497,-1.1298987295305703e-06
2016-09-29,1175.0,1185.0,1170.0,1175.0,62000.0,1175.0,1175.0,1163.5,1171.0,1189.7333333333331,1217.075,False,False,False,False,False,False,True,False,False,True,False,0.0723404255319148,0.2680851063829787,,,0.0034042553191489,-0.0125390070921984,0.1702127659574468,0.251063829787234,-0.0010646643505549,0.2681564245810056,1200.0,1205.0,12.4,0.0006831767719897,-0.0010259327819326,-1.132304654942592e-06
2016-09-30,1175.0,1175.0,1155.0,1170.0,22000.0,1170.0,1173.0,1164.5,1171.6,1188.1333333333334,1215.85,False,False,False,False,False,False,True,False,False,True,False,0.1153846153846153,0.3931623931623931,,,-0.0013675213675212,-0.0154985754985755,0.1709401709401709,0.2564102564102564,-0.0013466502076083,0.2657793044224989,1225.0,1225.0,0.3548387096774194,0.0005121201775349,-0.0001710565944547,-0.0002819858570533
2016-10-03,1175.0,1220.0,1175.0,1210.0,42000.0,1210.0,1180.0,1170.5,1174.4,1187.1333333333334,1214.825,False,False,False,False,False,False,True,False,True,False,True,0.1859504132231405,0.2933884297520661,,,0.0294214876033057,0.0188980716253442,0.1033057851239669,0.2190082644628099,-0.0008423653619363,0.2580093976932934,1200.0,1205.0,1.9090909090909087,0.0023841961852862,0.0018720760077513,0.0005042848456719
2016-10-04,1215.0,1290.0,1215.0,1270.0,166000.0,1270.0,1200.0,1183.5,1179.2,1187.0,1214.1,False,False,False,False,False,False,True,False,False,False,False,0.1614173228346456,0.2322834645669291,,,0.0714960629921259,0.0653543307086614,0.1299212598425196,0.1692913385826771,-0.0001123279977535,0.2446134347275031,1200.0,1185.0,3.952380952380953,0.0040705563093622,0.0016863601240759,0.0007300373641827
2016-10-05,1270.0,1310.0,1270.0,1275.0,81000.0,1275.0,1220.0,1195.5,1184.6,1187.2666666666669,1213.45,False,False,False,False,False,False,True,True,False,False,False,0.2039215686274509,0.2196078431372549,,,0.0709019607843138,0.0688104575163397,0.1372549019607843,0.1568627450980392,0.0002246055365266,0.2312839815976579,1200.0,1190.0,0.4879518072289157,0.00455850075975,0.0004879444503877,0.0003369335342801
2016-10-06,1265.0,1285.0,1260.0,1260.0,56000.0,1260.0,1237.0,1206.0,1187.8,1187.0666666666666,1212.725,False,True,False,False,False,False,True,False,False,True,False,0.1825396825396825,0.1507936507936507,,,0.0573015873015873,0.0578835978835979,0.2023809523809523,0.1706349206349206,-0.0001684825339775,0.2201492537313432,1195.0,1195.0,0.691358024691358,0.002694056238424,-0.0018644445213259,-0.0003930880705041
2016-10-07,1270.0,1305.0,1270.0,1305.0,50000.0,1305.0,1264.0,1218.5,1192.8,1187.6,1212.375,False,False,False,False,False,False,True,True,False,False,False,0.2490421455938697,0.1340996168582375,,,0.0859770114942529,0.0899616858237548,0.1379310344827586,0.1302681992337164,0.0004490849893342,0.2084530160032827,1130.0,1150.0,0.8928571428571429,0.0041918175720992,0.0014977613336752,0.0006175675233117
2016-10-11,1325.0,1445.0,1325.0,1435.0,367000.0,1435.0,1309.0,1244.5,1202.8,1189.8,1212.6,False,False,False,False,False,False,True,True,False,False,False,0.0905923344947735,-0.0069686411149825,,,0.1618118466898955,0.1708710801393728,0.0418118466898954,0.0348432055749128,0.001849050260548,0.1852149457613499,1140.0,1110.0,7.34,0.0083139341536415,0.0041221165815422,0.0013999652712138
2016-10-12,1475.0,1480.0,1440.0,1475.0,449000.0,1475.0,1350.0,1275.0,1214.0,1192.5333333333333,1213.0,False,False,False,False,False,False,True,True,False,False,False,0.0610169491525423,-0.0338983050847457,,,0.1769491525423729,0.191502824858757,-0.0033898305084745,0.0,0.0022920393559928,0.1580392156862745,1145.0,1140.0,1.223433242506812,0.0092257001647446,0.0009117660111031,0.0004429890954448
2016-10-13,1525.0,1635.0,1500.0,1535.0,809000.0,1535.0,1402.0,1311.0,1227.6,1195.6,1213.875,False,False,False,False,False,False,True,True,False,False,False,0.013029315960912,-0.0423452768729641,,,0.2002605863192183,0.2211074918566775,-0.0358306188925081,-0.0456026058631921,0.0025649604103936,0.1250953470633104,1145.0,1180.0,1.801781737193764,0.0110785272075593,0.0018528270428147,0.0002729210544007
2016-10-14,1505.0,1535.0,1475.0,1490.0,179000.0,1490.0,1448.0,1342.5,1239.4,1198.5333333333333,1214.45,False,False,False,False,False,False,True,True,False,True,False,-0.0268456375838926,-0.023489932885906,,,0.1681879194630872,0.1956152125279642,-0.0167785234899328,-0.0167785234899328,0.0024474357548114,0.0983240223463687,1145.0,1180.0,0.2212608158220024,0.0095207358399226,-0.0015577913676367,-0.0001175246555821
2016-10-17,1525.0,1705.0,1495.0,1630.0,943000.0,1630.0,1513.0,1388.5,1256.6,1203.2,1215.7,False,False,False,False,False,False,True,True,False,False,False,-0.0920245398773006,-0.1441717791411043,,,0.229079754601227,0.261840490797546,-0.1042944785276073,-0.0981595092024539,0.0038785460992908,0.0619373424558876,1145.0,1195.0,5.268156424581005,0.0136877287919782,0.0041669929520555,0.0014311103444793
2016-10-18,1625.0,1700.0,1555.0,1565.0,635000.0,1565.0,1539.0,1424.0,1271.2,1208.6,1216.7,False,False,False,False,False,False,True,True,False,True,False,-0.0894568690095846,-0.0926517571884984,,,0.1877316293929712,0.2277316293929713,-0.0702875399361022,-0.0670926517571885,0.0044679794803904,0.0344101123595505,1125.0,1210.0,0.6733828207847296,0.0114852108244179,-0.0022025179675602,0.0005894333810995
2016-10-19,1570.0,1605.0,1560.0,1565.0,199000.0,1565.0,1557.0,1453.5,1286.4,1213.7333333333331,1217.775,False,False,False,False,False,False,True,True,False,False,False,-0.0894568690095846,-0.108626198083067,,,0.1780191693290734,0.2244515441959532,-0.0670926517571885,-0.0766773162939297,0.0042293749313412,0.0106639146886824,1130.0,1205.0,0.3133858267716535,0.0118159203980099,0.000330709573592,-0.0002386045490492
2016-10-20,1565.0,1600.0,1555.0,1555.0,195000.0,1555.0,1561.0,1481.5,1301.8,1218.9333333333334,1218.775,False,False,False,False,False,False,True,True,False,False,False,-0.0546623794212218,-0.1189710610932476,,,0.1628295819935691,0.2161200428724544,-0.0643086816720257,-0.0546623794212218,0.0042660249398383,-0.008774890313871,1125.0,1210.0,0.9798994974874372,0.0118297741588568,1.3853760846877993e-05,3.6650008497116256e-05
2016-10-21,1560.0,1580.0,1450.0,1450.0,310000.0,1450.0,1553.0,1500.5,1313.0,1222.2,1219.325,False,False,False,False,False,False,True,True,False,True,False,0.0034482758620689,-0.0517241379310344,,,0.0944827586206896,0.157103448275862,0.0137931034482758,0.0241379310344827,0.0026727758686521,-0.0206597800733088,1155.0,1215.0,1.5897435897435896,0.0085300837776085,-0.0032996903812482,-0.0015932490711861
2016-10-24,1475.0,1515.0,1445.0,1480.0,203000.0,1480.0,1523.0,1518.0,1325.8,1225.6,1220.1,False,False,False,False,False,False,True,True,False,False,False,-0.0574324324324324,-0.0743243243243243,,,0.1041891891891892,0.1718918918918919,-0.0168918918918918,0.0067567567567567,0.0027741514360312,-0.030961791831357,1155.0,1200.0,0.6548387096774193,0.0096545481973147,0.0011244644197062,0.000101375567379
2016-10-25,1480.0,1485.0,1425.0,1425.0,143000.0,1425.0,1495.0,1517.0,1336.8,1228.5333333333333,1220.575,False,False,False,False,False,False,True,True,False,True,False,-0.0035087719298245,-0.0631578947368421,,,0.0618947368421052,0.1378713450292397,0.0210526315789473,0.0385964912280701,0.0023876709355329,-0.0306526038233355,1140.0,1200.0,0.7044334975369458,0.008228605625374,-0.0014259425719407,-0.0003864805004982
2016-10-26,1435.0,1460.0,1425.0,1425.0,114000.0,1425.0,1467.0,1512.0,1348.2,1231.7333333333331,1220.875,False,False,False,False,False,False,True,True,False,False,False,-0.0210526315789473,0.0070175438596491,,,0.0538947368421052,0.1356257309941522,0.0385964912280701,0.0385964912280701,0.0025979649274733,-0.0271164021164021,1150.0,1200.0,0.7972027972027972,0.0084557187360926,0.0002271131107186,0.0002102939919403
2016-10-27,1460.0,1490.0,1450.0,1470.0,188000.0,1470.0,1450.0,1505.5,1360.8,1235.4666666666667,1221.375,False,False,False,False,False,False,True,True,False,False,False,-0.0680272108843537,-0.0136054421768707,,,0.0742857142857143,0.1595464852607709,0.0578231292517006,0.010204081632653,0.0030218001295059,-0.0215875124543341,1140.0,1200.0,1.649122807017544,0.0092592592592591,0.0008035405231665,0.0004238352020325
2016-10-28,1510.0,1510.0,1440.0,1455.0,203000.0,1455.0,1451.0,1502.0,1372.8,1238.9333333333334,1221.9,False,False,False,False,False,False,True,True,False,True,False,-0.0549828178694158,0.0412371134020618,,,0.0564948453608247,0.1484994272623138,0.0652920962199312,0.0206185567010309,0.0027981058975463,-0.0179760319573901,1180.0,1200.0,1.0797872340425532,0.0087412587412587,-0.0005180005180004,-0.0002236942319596
2016-10-31,1420.0,1435.0,1395.0,1395.0,206000.0,1395.0,1434.0,1478.5,1381.4,1242.2,1222.075,False,False,False,False,False,False,True,True,False,True,False,-0.017921146953405,0.064516129032258,,,0.0097491039426522,0.1095340501792114,0.1075268817204301,0.064516129032258,0.0026297429292116,-0.0013527223537368,1180.0,1225.0,1.0147783251231528,0.00622556826408,-0.0025156904771787,-0.0001683629683346
2016-11-01,1400.0,1425.0,1400.0,1420.0,85000.0,1420.0,1433.0,1464.0,1391.2,1246.3333333333333,1222.375,False,False,False,False,False,False,True,True,False,False,False,-0.0598591549295774,0.0528169014084507,,,0.020281690140845,0.1223004694835681,0.0633802816901408,0.056338028169014,0.0033163947579565,0.0112704918032786,1185.0,1200.0,0.4126213592233009,0.007044278320874,0.000818710056794,0.0006866518287449
2016-11-02,1420.0,1435.0,1395.0,1395.0,122000.0,1395.0,1427.0,1447.0,1400.2,1249.7333333333331,1222.525,False,False,False,False,False,False,True,True,False,True,False,0.028673835125448,0.053763440860215,,,-0.0037275985663082,0.1041338112305855,0.078853046594982,0.075268817204301,0.0027205803904831,0.0269523151347615,1195.0,1200.0,1.4352941176470588,0.006427653192401,-0.0006166251284729,-0.0005958143674733
2016-11-04,1390.0,1410.0,1370.0,1370.0,89000.0,1370.0,1407.0,1428.5,1408.0,1252.2666666666669,1222.6,False,False,False,False,False,False,True,True,False,True,False,0.0583941605839416,0.0802919708029197,,,-0.0277372262773722,0.0859367396593672,0.1094890510948905,0.0985401459854014,0.0020229982964228,0.0427021351067553,1195.0,1200.0,0.7295081967213115,0.0055397727272726,-0.0008878804651283,-0.0006975820940603
2016-11-07,1380.0,1390.0,1370.0,1375.0,34000.0,1375.0,1391.0,1421.0,1416.0,1254.8666666666666,1222.9,False,False,False,False,False,False,True,True,False,False,False,0.1018181818181818,0.0654545454545454,,,-0.0298181818181818,0.087369696969697,0.109090909090909,0.0909090909090909,0.002071933273123,0.0492610837438423,1195.0,1195.0,0.3820224719101123,0.0056497175141242,0.0001099447868515,4.893497670022725e-05
2016-11-08,1390.0,1390.0,1370.0,1370.0,31000.0,1370.0,1386.0,1410.0,1424.0,1257.2,1223.15,False,False,False,False,False,False,True,True,False,True,False,0.083941605839416,0.0656934306569343,,,-0.0394160583941605,0.0823357664233576,0.1058394160583941,0.0948905109489051,0.0018559762435042,0.0581560283687943,1200.0,1130.0,0.9117647058823528,0.0056179775280898,-3.173998603440628e-05,-0.0002159570296188
2016-11-09,1380.0,1400.0,1275.0,1335.0,241000.0,1335.0,1369.0,1401.0,1429.0,1258.8666666666666,1223.375,False,False,False,False,False,False,True,True,False,True,False,0.1198501872659176,0.0898876404494382,,,-0.0704119850187265,0.0570287141073658,0.1310861423220973,0.1310861423220973,0.0013239421702058,0.0670949321912919,1200.0,1140.0,7.774193548387097,0.0034989503149055,-0.0021190272131843,-0.0005320340732983
2016-11-10,1375.0,1560.0,1375.0,1435.0,688000.0,1435.0,1377.0,1402.0,1435.6,1261.9333333333334,1224.075,False,False,False,False,False,False,True,True,False,False,False,0.024390243902439,0.0174216027874564,,,-0.0004181184668988,0.1206039488966317,0.0383275261324041,0.048780487804878,0.0024301336573512,0.0681169757489301,1185.0,1145.0,2.854771784232365,0.0045973808860406,0.001098430571135,0.0011061914871454
2016-11-11,1440.0,1485.0,1410.0,1450.0,349000.0,1450.0,1393.0,1400.0,1442.6,1265.1333333333334,1225.1,False,False,False,True,True,False,True,True,False,False,False,0.0206896551724137,0.0034482758620689,,,0.0051034482758621,0.1274942528735631,-0.0034482758620689,0.0344827586206896,0.002529377667703,0.0707142857142857,1170.0,1145.0,0.5072674418604651,0.0048523499237487,0.0002549690377081,9.924401035175816e-05
2016-11-14,1470.0,1530.0,1460.0,1515.0,343000.0,1515.0,1421.0,1406.0,1452.8,1269.1333333333334,1226.45,False,False,False,False,False,False,True,True,False,False,True,-0.033003300330033,-0.0297029702970297,,,0.041056105610561,0.1622882288228822,-0.0396039603960396,-0.0099009900990099,0.0031517571045858,0.0672119487908961,1170.0,1145.0,0.982808022922636,0.0070209251101321,0.0021685751863834,0.0006223794368827
2016-11-15,1515.0,1515.0,1455.0,1485.0,150000.0,1485.0,1444.0,1415.0,1460.0,1272.9333333333334,1227.875,False,False,False,False,False,False,True,True,False,True,False,-0.0168350168350168,-0.0202020202020202,,,0.0168350168350168,0.1428058361391694,-0.0269360269360269,0.0134680134680134,0.002985230962606,0.0618374558303886,1160.0,1145.0,0.4373177842565597,0.0049315068493151,-0.002089418260817,-0.0001665261419797
2016-11-16,1500.0,1525.0,1475.0,1495.0,131000.0,1495.0,1476.0,1422.5,1462.4,1276.8666666666666,1229.775,False,False,False,False,False,False,True,True,False,True,False,-0.0267558528428093,-0.0267558528428093,,,0.0218060200668895,0.1459085841694538,-0.0234113712374581,0.0066889632107023,0.0030804573696025,0.0565905096660808,1150.0,1125.0,0.8733333333333333,0.0016411378555799,-0.0032903689937351,9.52264069965245e-05
2016-11-17,1475.0,1515.0,1470.0,1470.0,231000.0,1470.0,1483.0,1430.0,1462.2,1280.4666666666667,1231.2,False,False,False,False,False,False,False,True,False,True,False,-0.0068027210884353,0.0068027210884353,,,0.0053061224489795,0.1289342403628117,0.0,0.0238095238095238,0.0028114749830791,0.0513986013986014,1140.0,1130.0,1.763358778625954,-0.0001367801942279,-0.0017779180498078,-0.0002689823865233
2016-11-18,1490.0,1500.0,1475.0,1480.0,85000.0,1480.0,1489.0,1441.0,1460.0,1284.2,1232.5,False,False,False,False,False,False,False,True,False,True,False,-0.0168918918918918,0.0506756756756756,,,0.0135135135135135,0.1322972972972972,-0.0067567567567567,0.0202702702702702,0.0029071276540518,0.0437196391394864,1155.0,1125.0,0.3679653679653679,-0.0015068493150685,-0.0013700691208406,9.565267097262848e-05
2016-11-21,1485.0,1490.0,1460.0,1465.0,116000.0,1465.0,1479.0,1450.0,1459.0,1287.7333333333331,1233.875,False,False,False,False,False,False,False,True,False,False,False,0.0034129692832764,0.0580204778156996,,,0.0040955631399317,0.1210011376564279,0.0034129692832764,0.030716723549488,0.0027438393042035,0.0379310344827586,1155.0,1155.0,1.3647058823529412,-0.0006854009595613,0.0008214483555071,-0.0001632883498482
2016-11-22,1445.0,1475.0,1445.0,1460.0,72000.0,1460.0,1474.0,1459.0,1452.2,1290.8666666666666,1235.125,False,False,False,False,False,False,False,True,False,True,False,-0.0034246575342465,0.0582191780821917,,,0.0053424657534246,0.1158447488584475,0.0034246575342465,0.0513698630136986,0.0024273098176936,0.0339273474982865,1180.0,1155.0,0.6206896551724138,-0.0046825506128632,-0.0039971496533018,-0.0003165294865099
2016-11-24,1445.0,1470.0,1440.0,1455.0,75000.0,1455.0,1466.0,1471.0,1447.8,1294.2666666666669,1236.3,False,False,False,False,False,False,False,True,False,False,False,0.0,0.0378006872852233,,,0.0049484536082474,0.1104696449026344,0.0137457044673539,0.0584192439862542,0.0026269702276709,0.0275322909585316,1175.0,1140.0,1.0416666666666667,-0.0030390937974859,0.0016434568153773,0.0001996604099773
2016-11-25,1460.0,1475.0,1455.0,1460.0,98000.0,1460.0,1464.0,1473.5,1443.6,1297.7333333333331,1237.35,False,False,False,False,False,False,False,True,False,False,False,0.0136986301369863,0.0308219178082191,,,0.0112328767123288,0.1111415525114156,0.0273972602739726,0.0787671232876712,0.0026713243604229,0.0305395317271801,1170.0,1150.0,1.3066666666666666,-0.0029093931837074,0.0001297006137784,4.435413275197687e-05
2016-11-28,1475.0,1475.0,1445.0,1455.0,39000.0,1455.0,1459.0,1474.0,1439.6,1301.1333333333334,1238.175,False,False,False,False,False,False,False,True,False,False,False,0.0687285223367697,0.0446735395189003,,,0.0105841924398626,0.105750286368843,0.0309278350515463,0.0652920962199312,0.002613106522519,0.0335820895522388,1175.0,1140.0,0.3979591836734694,-0.0027785495971103,0.0001308435865971,-5.8217837903901375e-05
2016-11-29,1455.0,1470.0,1435.0,1470.0,61000.0,1470.0,1460.0,1469.5,1440.4,1304.8,1239.15,False,False,False,False,False,False,True,True,False,False,False,0.0544217687074829,0.0374149659863945,,,0.0201360544217686,0.1123809523809524,0.0170068027210884,0.0510204081632653,0.0028101369303084,0.0398094589996597,1175.0,1180.0,1.564102564102564,0.000555401277423,0.0033339508745333,0.0001970304077894
2016-11-30,1470.0,1470.0,1450.0,1455.0,68000.0,1455.0,1459.0,1466.5,1439.4,1309.1333333333334,1240.2,False,False,False,False,False,False,False,True,False,True,False,0.0618556701030927,0.0412371134020618,,,0.010721649484536,0.1002520045819014,0.0206185567010309,0.0618556701030927,0.0033100779141417,0.0446641663825434,1170.0,1180.0,1.1147540983606556,-0.0006947339169098,-0.0012501351943328,0.0004999409838332
2016-12-01,1470.0,1470.0,1455.0,1455.0,90000.0,1455.0,1459.0,1462.5,1440.6,1313.3333333333333,1241.4,False,False,False,False,False,False,True,True,False,False,False,0.0378006872852233,0.0378006872852233,,,0.0098969072164949,0.0973654066437572,0.0240549828178694,0.0652920962199312,0.003197969543147,0.0505982905982906,1210.0,1185.0,1.3235294117647058,0.0008329862557266,0.0015277201726364,-0.0001121083709947
2016-12-02,1460.0,1480.0,1450.0,1480.0,143000.0,1480.0,1463.0,1463.5,1442.8,1317.8,1242.675,False,False,False,False,False,False,True,True,True,False,False,0.0168918918918918,0.0067567567567567,,,0.0251351351351351,0.1095945945945946,0.0,0.0506756756756756,0.0033894875297212,0.0532968910146908,1270.0,1195.0,1.5888888888888888,0.0015248128638758,0.0006918266081491,0.0001915179865742
2016-12-05,1465.0,1560.0,1465.0,1555.0,342000.0,1555.0,1483.0,1471.0,1446.2,1323.2666666666669,1244.175,False,False,False,False,False,False,True,True,False,False,True,-0.022508038585209,-0.0707395498392283,,,0.0699678456591639,0.1490246516613074,-0.045016077170418,-0.0128617363344051,0.0041311904881859,0.0496261046906866,1275.0,1195.0,2.391608391608392,0.0023509887982299,0.000826175934354,0.0007417029584647
2016-12-06,1545.0,1590.0,1515.0,1550.0,364000.0,1550.0,1499.0,1479.5,1450.0,1328.6666666666667,1245.975,False,False,False,False,False,False,True,True,False,False,False,-0.0161290322580645,-0.0612903225806451,,,0.064516129032258,0.1427956989247311,-0.0451612903225806,-0.0032258064516129,0.0040642247867535,0.0459614734707671,1260.0,1195.0,1.064327485380117,0.0026206896551723,0.0002697008569424,-6.696570143246202e-05
2016-12-07,1575.0,1575.0,1525.0,1545.0,187000.0,1545.0,1517.0,1488.0,1456.0,1334.0,1248.05,False,False,False,False,False,False,True,True,False,False,False,-0.0194174757281553,-0.0647249190938511,,,0.0576051779935275,0.1365695792880258,-0.0517799352750809,-0.029126213592233,0.0039980009995001,0.0376344086021505,1305.0,1200.0,0.5137362637362637,0.0041208791208791,0.0015001894657067,-6.622378725334131e-05
2016-12-08,1545.0,1555.0,1475.0,1510.0,231000.0,1510.0,1528.0,1493.5,1459.6,1339.1333333333334,1250.4,False,False,False,False,False,False,True,True,False,True,False,0.0,-0.0331125827814569,,,0.0333774834437086,0.1131567328918321,-0.0331125827814569,-0.0033112582781456,0.003833325036093,0.0314697020421827,1435.0,1200.0,1.2352941176470589,0.0024664291586735,-0.0016544499622055,-0.0001646759634071
2016-12-09,1510.0,1535.0,1485.0,1505.0,130000.0,1505.0,1533.0,1498.0,1464.0,1344.1333333333334,1252.375,False,False,False,False,False,False,True,True,False,False,False,-0.0099667774086378,-0.0232558139534883,,,0.0272425249169435,0.1068881506090807,-0.0299003322259136,-0.0066445182724252,0.003719869060609,0.0230307076101468,1475.0,1185.0,0.5627705627705628,0.0030054644808743,0.0005390353222008,-0.000113455975484
2016-12-12,1510.0,1535.0,1500.0,1520.0,112000.0,1520.0,1526.0,1504.5,1470.0,1349.4,1254.475,False,False,False,False,False,False,True,True,False,False,False,-0.0493421052631578,-0.0328947368421052,,,0.0328947368421052,0.1122368421052631,-0.0263157894736842,-0.0394736842105263,0.0039029692208882,0.0126287803256895,1535.0,1170.0,0.8615384615384616,0.0040816326530612,0.0010761681721868,0.0001831001602792
2016-12-13,1535.0,1535.0,1515.0,1525.0,39000.0,1525.0,1521.0,1510.0,1476.0,1354.3333333333333,1256.575,False,False,False,False,False,False,True,True,False,True,False,-0.0459016393442622,-0.0360655737704918,,,0.0321311475409836,0.1119125683060109,-0.0360655737704918,-0.081967213114754,0.0036426285995568,-0.0006622516556291,1490.0,1170.0,0.3482142857142857,0.0040650406504065,-1.6592002654720363e-05,-0.0002603406213314
2016-12-14,1530.0,1530.0,1515.0,1515.0,93000.0,1515.0,1515.0,1516.0,1481.8,1359.1333333333334,1258.575,False,False,False,False,False,False,True,True,False,True,False,-0.0462046204620462,-0.033003300330033,,,0.0219141914191419,0.1028822882288228,-0.0297029702970297,-0.0759075907590759,0.0035316623338403,-0.0141820580474934,1630.0,1160.0,2.3846153846153846,0.0039141584559319,-0.0001508821944745,-0.0001109662657165
2016-12-15,1520.0,1520.0,1500.0,1510.0,120000.0,1510.0,1515.0,1521.5,1488.8,1364.0666666666666,1260.525,False,False,False,False,False,False,True,True,False,False,False,-0.0331125827814569,-0.0231788079470198,,,0.0140397350993377,0.096644591611479,-0.0231788079470198,-0.0927152317880794,0.0036166365280288,-0.029576076240552,1565.0,1150.0,1.2903225806451613,0.0047017732401934,0.0007876147842615,8.497419418848542e-05
2016-12-16,1520.0,1520.0,1475.0,1490.0,120000.0,1490.0,1512.0,1522.5,1491.0,1368.6,1262.375,False,False,False,False,False,False,True,True,False,True,False,-0.0134228187919463,0.0067114093959731,,,-0.0006711409395973,0.0814765100671141,-0.0033557046979865,-0.0838926174496644,0.0033123873544741,-0.0426929392446633,1565.0,1140.0,1.0,0.0014755197853789,-0.0032262534548144,-0.0003042491735546
2016-12-19,1475.0,1480.0,1440.0,1445.0,241000.0,1445.0,1497.0,1511.5,1490.8,1372.6666666666667,1264.05,False,False,False,False,False,False,False,True,False,True,False,0.0173010380622837,0.0380622837370242,,,-0.0316955017301037,0.0500576701268742,0.0207612456747404,-0.0484429065743944,0.0029626032054396,-0.0463116109824677,1555.0,1155.0,2.0083333333333333,-0.0001341561577676,-0.0016096759431466,-0.0003497841490344
2016-12-20,1445.0,1465.0,1445.0,1455.0,77000.0,1455.0,1483.0,1502.0,1488.4,1376.3333333333333,1265.775,False,False,False,False,False,False,False,True,False,True,False,0.0103092783505154,0.0274914089347079,,,-0.0229553264604811,0.0540664375715922,0.0137457044673539,-0.0446735395189003,0.0026640833131507,-0.0505992010652463,1450.0,1155.0,0.3195020746887966,-0.0016124697661917,-0.0014783136084241,-0.0002985198922888
2016-12-21,1465.0,1465.0,1445.0,1445.0,47000.0,1445.0,1469.0,1492.0,1486.8,1379.8666666666666,1267.375,False,False,False,False,False,False,False,True,False,False,False,0.0138408304498269,0.0276816608996539,,,-0.0289273356401383,0.0450749711649366,0.0207612456747404,-0.0519031141868512,0.0025606338776693,-0.0529490616621983,1480.0,1180.0,0.6103896103896104,-0.0010761366693571,0.0005363330968346,-0.0001034494354814
2016-12-22,1455.0,1460.0,1440.0,1460.0,117000.0,1460.0,1459.0,1487.0,1485.4,1383.5333333333333,1268.975,False,False,False,False,False,False,False,True,False,False,False,0.0102739726027397,0.0205479452054794,,,-0.0173972602739726,0.0523744292237443,0.0171232876712328,-0.0753424657534246,0.0026502192454103,-0.0601882985877605,1425.0,1175.0,2.48936170212766,-0.0009425070688029,0.0001336296005541,8.958536774103867e-05
2016-12-26,1465.0,1470.0,1465.0,1470.0,55000.0,1470.0,1455.0,1483.5,1485.4,1387.2,1270.55,False,False,False,False,False,False,False,True,False,False,False,0.0204081632653061,0.0068027210884353,,,-0.0104761904761905,0.0563265306122448,0.0034013605442176,-0.0782312925170068,0.0026432141484045,-0.0674081563869228,1425.0,1170.0,0.4700854700854701,0.0,0.0009425070688029,-7.005097005842627e-06
2016-12-27,1470.0,1475.0,1460.0,1470.0,90000.0,1470.0,1460.0,1478.5,1485.0,1390.8666666666666,1272.2,False,False,False,False,False,False,False,True,False,True,False,0.0204081632653061,0.010204081632653,,,-0.010204081632653,0.0538321995464853,-0.0034013605442176,-0.0612244897959183,0.0026362459857162,-0.0696652012174501,1470.0,1175.0,1.6363636363636365,-0.0002693602693603,-0.0002693602693603,-6.968162688283409e-06
2016-12-28,1470.0,1475.0,1470.0,1470.0,26000.0,1470.0,1463.0,1473.0,1485.2,1394.5333333333333,1273.675,False,False,False,False,False,False,True,True,False,False,False,0.0170068027210884,0.0068027210884353,,,-0.0103401360544218,0.0513378684807256,-0.0034013605442176,-0.0510204081632653,0.0026293144660101,-0.0665308893414799,1455.0,1175.0,0.2888888888888888,0.000134661998384,0.0004040222677444,-6.931519706041608e-06
2016-12-29,1465.0,1475.0,1455.0,1465.0,111000.0,1465.0,1467.0,1468.0,1485.4,1398.0666666666666,1275.1,False,False,False,False,False,False,True,True,False,True,False,0.0136518771331058,0.0,,,-0.0139249146757679,0.0456882821387941,0.0034129692832764,-0.0477815699658703,0.0025272996042153,-0.063692098092643,1395.0,1170.0,4.269230769230769,0.0001346438669718,-1.8131412196593704e-08,-0.0001020148617948
2016-12-30,1465.0,1475.0,1465.0,1475.0,26000.0,1475.0,1470.0,1464.5,1486.2,1401.7333333333331,1276.5,False,False,False,False,False,False,True,True,False,False,False,0.0101694915254237,-0.0101694915254237,,,-0.007593220338983,0.0496723163841809,-0.0101694915254237,-0.0305084745762711,0.0026158089983828,-0.0573574598839194,1420.0,1210.0,0.2342342342342342,0.0005382855604898,0.0004036416935179,8.850939416752334e-05
2017-01-04,1490.0,1500.0,1485.0,1500.0,86000.0,1500.0,1476.0,1465.5,1487.8,1405.9333333333334,1277.925,False,False,False,True,True,False,True,True,True,False,False,-0.0133333333333333,-0.0266666666666666,,,0.0081333333333333,0.062711111111111,-0.0366666666666666,-0.0433333333333333,0.0029873393712363,-0.0532241555783009,1395.0,1270.0,3.3076923076923075,0.0010754133620109,0.0005371278015211,0.0003715303728535
2017-01-05,1500.0,1505.0,1495.0,1500.0,53000.0,1500.0,1482.0,1471.0,1489.6,1410.3333333333333,1279.4,False,False,False,False,False,False,True,True,False,False,True,-0.01,-0.0133333333333333,,,0.0069333333333333,0.0597777777777778,-0.02,-0.04,0.0031198298274638,-0.0523453433038749,1370.0,1275.0,0.6162790697674418,0.0012083780880773,0.0001329647260663,0.0001324904562274
2017-01-06,1500.0,1500.0,1490.0,1495.0,65000.0,1495.0,1487.0,1475.0,1490.6,1414.6666666666667,1280.9,False,False,False,False,False,False,True,True,False,True,False,-0.0100334448160535,-0.0167224080267558,,,0.002943143812709,0.0537346711259754,-0.0066889632107023,-0.020066889632107,0.0030631479736099,-0.0498305084745762,1375.0,1260.0,1.2264150943396226,0.0006708707902857,-0.0005375072977915,-5.668185385395092e-05
2017-01-10,1485.0,1505.0,1480.0,1485.0,112000.0,1485.0,1491.0,1479.0,1491.8,1419.0,1282.35,False,False,False,False,False,False,True,True,False,False,False,-0.0134680134680134,-0.0101010101010101,,,-0.0045791245791245,0.0444444444444444,0.0033670033670033,-0.0101010101010101,0.0030537937514681,-0.0456389452332657,1370.0,1305.0,1.7230769230769232,0.0008043973723019,0.0001335265820161,-9.354222141791988e-06
2017-01-11,1485.0,1495.0,1480.0,1490.0,55000.0,1490.0,1494.0,1482.0,1493.2,1423.5333333333333,1283.85,False,False,False,False,False,False,True,True,False,False,False,-0.0201342281879194,-0.0100671140939597,,,-0.0021476510067114,0.0446085011185682,-0.0067114093959731,-0.0134228187919463,0.0031845642298505,-0.0394736842105263,1335.0,1435.0,0.4910714285714285,0.0009375837128315,0.0001331863405296,0.0001307704783824
2017-01-12,1490.0,1495.0,1480.0,1480.0,19000.0,1480.0,1490.0,1483.0,1493.2,1428.0666666666666,1285.15,False,False,False,False,False,False,False,True,False,True,False,-0.0135135135135135,0.0033783783783783,,,-0.0089189189189189,0.0350900900900901,0.0,-0.0202702702702702,0.0031744549740908,-0.0337154416722859,1435.0,1475.0,0.3454545454545454,0.0,-0.0009375837128315,-1.0109255759760924e-05
2017-01-13,1480.0,1485.0,1475.0,1485.0,21000.0,1485.0,1487.0,1484.5,1490.4,1432.4666666666667,1286.425,False,False,False,False,False,False,False,True,False,True,False,-0.0033670033670033,-0.0067340067340067,,,-0.0036363636363636,0.0353759820426486,0.0,-0.0134680134680134,0.003071624703309,-0.0289659818120579,1450.0,1535.0,1.105263157894737,-0.0018786902844873,-0.0018786902844873,-0.0001028302707817
2017-01-16,1495.0,1495.0,1475.0,1480.0,43000.0,1480.0,1484.0,1485.5,1487.6,1436.8,1287.575,False,False,False,False,False,False,False,True,False,True,False,-0.0067567567567567,-0.0033783783783783,,,-0.005135135135135,0.0291891891891892,0.0033783783783783,-0.0033783783783783,0.003015961395694,-0.024234264557388,1515.0,1490.0,2.0476190476190474,-0.0018822264049476,-3.5361204603337124e-06,-5.5663307614958746e-05
2017-01-17,1480.0,1480.0,1465.0,1465.0,29000.0,1465.0,1480.0,1485.5,1484.4,1440.6,1288.75,False,False,False,False,False,False,False,True,False,True,False,0.0034129692832764,0.0068259385665529,,,-0.0132423208191126,0.0166552901023891,0.0136518771331058,0.0170648464163822,0.0026377898098014,-0.0178391114102995,1485.0,1630.0,0.6744186046511628,-0.0021557531662623,-0.0002735267613146,-0.0003781715858926
2017-01-18,1470.0,1470.0,1450.0,1460.0,15000.0,1460.0,1474.0,1484.0,1482.4,1444.4,1289.85,False,False,False,False,False,False,False,True,False,False,False,0.0102739726027397,0.0171232876712328,,,-0.0153424657534247,0.0106849315068492,0.0273972602739726,0.0205479452054794,0.0026308501800056,-0.0128032345013477,1495.0,1565.0,0.5172413793103449,-0.0013491635186184,0.0008065896476438,-6.939629795775504e-06
2017-01-19,1460.0,1475.0,1455.0,1460.0,27000.0,1460.0,1470.0,1480.0,1480.6,1448.2666666666669,1290.9,False,False,False,False,False,False,False,True,False,False,False,0.0171232876712328,0.0102739726027397,,,-0.0141095890410958,0.0080365296803651,0.0273972602739726,0.023972602739726,0.0026698582213221,-0.006081081081081,1470.0,1565.0,1.8,-0.0012157233553965,0.0001334401632218,3.900804131645903e-05
2017-01-20,1460.0,1485.0,1460.0,1480.0,24000.0,1480.0,1469.0,1478.0,1479.0,1452.3333333333333,1291.975,False,False,False,False,True,False,False,True,False,False,False,-0.0033783783783783,-0.0101351351351351,,,0.0006756756756756,0.0186936936936937,0.0168918918918918,0.0168918918918918,0.0028000918062885,-0.0003382949932341,1480.0,1555.0,0.8888888888888888,-0.0010818120351588,0.0001339113202377,0.0001302335849664
2017-01-23,1480.0,1480.0,1470.0,1470.0,15000.0,1470.0,1467.0,1475.5,1476.8,1456.2666666666669,1293.05,False,False,False,False,False,False,False,True,False,True,False,0.0034013605442176,-0.0034013605442176,,,-0.004625850340136,0.0093424036281177,0.0204081632653061,0.0238095238095238,0.0027009705182203,0.0040664181633344,1465.0,1450.0,0.625,-0.0014897074756229,-0.0004078954404641,-9.912128806822918e-05
2017-01-24,1460.0,1470.0,1455.0,1470.0,22000.0,1470.0,1468.0,1474.0,1475.0,1460.2666666666669,1294.075,False,False,False,False,False,False,False,True,False,False,False,0.0034013605442176,0.0,,,-0.0034013605442176,0.0066213151927436,0.0204081632653061,0.064625850340136,0.0027392257121986,0.0115332428765264,1460.0,1480.0,1.4666666666666666,-0.0012203389830508,0.0002693684925721,3.825519397838116e-05
2017-01-25,1480.0,1480.0,1470.0,1475.0,25000.0,1475.0,1471.0,1472.5,1473.6,1463.8,1295.175,False,False,False,False,False,False,False,True,False,False,False,0.0067796610169491,-0.0101694915254237,,,0.0009491525423729,0.007593220338983,0.023728813559322,0.0610169491525423,0.0024138088081247,0.0190152801358234,1455.0,1425.0,1.1363636363636365,-0.0009500542888165,0.0002702846942342,-0.0003254169040738
2017-01-26,1480.0,1485.0,1475.0,1485.0,30000.0,1485.0,1476.0,1473.0,1473.4,1466.6666666666667,1296.475,False,False,False,False,False,False,False,True,False,False,False,-0.0067340067340067,-0.0269360269360269,,,0.0078114478114477,0.0123456790123456,0.0134680134680134,0.0404040404040404,0.0019545454545455,0.0251188051595383,1460.0,1425.0,1.2,-0.0001357404642322,0.0008143138245843,-0.0004592633535792
2017-01-27,1485.0,1485.0,1465.0,1475.0,35000.0,1475.0,1475.0,1472.0,1474.6,1469.3333333333333,1297.85,False,False,False,False,False,False,True,True,False,False,False,-0.0067796610169491,-0.0033898305084745,,,0.000271186440678,0.0038418079096045,0.0169491525423728,0.0305084745762711,0.0018148820326677,0.0295516304347826,1455.0,1470.0,1.1666666666666667,0.0008137800081376,0.0009495204723699,-0.0001396634218777
2017-01-30,1475.0,1475.0,1475.0,1475.0,2000.0,1475.0,1476.0,1471.5,1475.4,1472.2,1299.2,False,False,False,False,False,False,True,True,False,True,False,-0.0067796610169491,0.0067796610169491,,,-0.000271186440678,0.0018983050847457,0.0169491525423728,0.0271186440677966,0.0019471992030069,0.0326197757390418,1470.0,1455.0,0.0571428571428571,0.0005422258370612,-0.0002715541710764,0.0001323171703391
2017-01-31,1465.0,1480.0,1465.0,1475.0,27000.0,1475.0,1477.0,1472.5,1476.6,1474.4666666666667,1300.65,False,False,False,False,False,False,True,True,False,False,False,-0.0033898305084745,0.0101694915254237,,,-0.0010847457627118,0.0003615819209039,0.0203389830508474,0.0440677966101694,0.0015372790161414,0.0353140916808149,1455.0,1395.0,13.5,0.0008126777732627,0.0002704519362015,-0.0004099201868655
2017-02-01,1475.0,1485.0,1475.0,1485.0,20000.0,1485.0,1479.0,1475.0,1477.6,1475.1333333333334,1302.15,False,False,False,False,False,False,True,True,False,True,False,-0.0168350168350168,-0.0033670033670033,,,0.004983164983165,0.0066442199775532,0.0134680134680134,0.0404040404040404,0.0004519365481086,0.0372881355932203,1455.0,1420.0,0.7407407407407407,0.0006767731456415,-0.0001359046276211,-0.0010853424680327
2017-02-02,1485.0,1485.0,1475.0,1475.0,21000.0,1475.0,1477.0,1476.5,1477.8,1475.1333333333334,1303.8,False,False,False,False,False,False,True,False,False,True,False,-0.0203389830508474,0.0033898305084745,,,-0.0018983050847457,-9.039548022606064e-05,0.0203389830508474,0.0508474576271186,0.0,0.0399593633592956,1480.0,1395.0,1.05,0.0001353363107322,-0.0005414368349093,-0.0004519365481086
2017-02-03,1470.0,1480.0,1460.0,1465.0,36000.0,1465.0,1475.0,1475.0,1477.6,1474.2,1305.525,False,False,False,False,False,False,False,False,False,True,False,0.0034129692832764,0.0136518771331058,,,-0.0086006825938565,-0.0062798634812287,0.030716723549488,0.0477815699658703,-0.0006331117442228,0.0430508474576271,1555.0,1370.0,1.7142857142857142,-0.0001353546291283,-0.0002706909398605,-0.0006331117442228
2017-02-06,1465.0,1475.0,1460.0,1465.0,31000.0,1465.0,1473.0,1474.5,1477.4,1473.8666666666666,1307.225,False,False,False,False,False,False,False,False,False,True,False,0.0136518771331058,0.0136518771331058,,,-0.0084641638225256,-0.0060523321956768,0.030716723549488,0.030716723549488,-0.0002261624751222,0.0437436419125127,1550.0,1375.0,0.8611111111111112,-0.0001353729524839,-1.8323355623566613e-08,0.0004069492691006
2017-02-07,1470.0,1475.0,1465.0,1470.0,19000.0,1470.0,1472.0,1474.5,1477.6,1471.7333333333331,1308.95,False,False,False,False,False,False,True,False,False,False,False,0.0136054421768707,0.010204081632653,,,-0.0051700680272108,-0.0011791383219953,0.0442176870748299,0.0136054421768707,-0.0014495379597753,0.0386571719226856,1545.0,1370.0,0.6129032258064516,0.0001353546291281,0.0002707275816121,-0.0012233754846531
2017-02-08,1460.0,1470.0,1450.0,1460.0,30000.0,1460.0,1467.0,1473.0,1477.0,1470.3333333333333,1310.625,False,False,False,False,False,False,False,False,False,True,False,0.0136986301369863,0.0273972602739726,,,-0.0116438356164383,-0.0070776255707762,0.0547945205479452,0.0273972602739726,-0.0009521650419405,0.0353021045485403,1510.0,1335.0,1.5789473684210529,-0.0004062288422477,-0.0005415834713759,0.0004973729178348
2017-02-09,1450.0,1460.0,1445.0,1445.0,22000.0,1445.0,1461.0,1469.0,1474.8,1468.7333333333331,1312.225,False,False,False,False,False,False,False,False,False,True,False,0.0242214532871972,0.0380622837370242,,,-0.0206228373702421,-0.0164244521337945,0.0899653979238754,0.0380622837370242,-0.0010893740638192,0.0350578624914908,1505.0,1435.0,0.7333333333333333,-0.0014917276918904,-0.0010854988496427,-0.0001372090218787
2017-02-10,1470.0,1475.0,1460.0,1470.0,16000.0,1470.0,1462.0,1468.5,1473.6,1467.6,1313.8,False,False,False,False,False,False,False,False,False,False,False,0.010204081632653,0.0238095238095238,,,-0.0024489795918366,0.0016326530612245,0.0544217687074829,0.0170068027210884,-0.0007722358499136,0.0337078651685393,1520.0,1450.0,0.7272727272727273,-0.000814332247557,0.0006773954443334,0.0003171382139056
2017-02-13,1470.0,1485.0,1460.0,1485.0,22000.0,1485.0,1466.0,1469.5,1473.2,1468.0666666666666,1315.4,False,False,False,False,True,False,False,True,False,False,False,0.0,0.0101010101010101,,,0.0079461279461279,0.0114029180695847,0.0404040404040404,0.0202020202020202,0.0003178783888107,0.0330044232732221,1525.0,1515.0,1.375,-0.0002715177844147,0.0005428144631422,0.0010901142387243
2017-02-14,1485.0,1495.0,1475.0,1490.0,67000.0,1490.0,1470.0,1471.0,1473.4,1468.2,1316.925,False,False,False,False,False,False,True,True,False,False,False,-0.0033557046979865,0.0067114093959731,,,0.0111409395973153,0.0146308724832214,0.0369127516778523,0.0167785234899328,9.081414884446224e-05,0.0302515295717199,1515.0,1485.0,3.0454545454545454,0.0001357404642324,0.0004072582486472,-0.0002270642399662
2017-02-15,1490.0,1495.0,1480.0,1480.0,39000.0,1480.0,1474.0,1470.5,1473.0,1468.9333333333334,1318.425,False,False,False,False,False,False,False,True,False,True,False,0.0135135135135135,0.0202702702702702,,,0.0047297297297297,0.0074774774774774,0.0472972972972973,0.0101351351351351,0.0004992284650994,0.0272016320979258,1510.0,1495.0,0.582089552238806,-0.0002715546503734,-0.0004072951146058,0.0004084143162549
2017-02-16,1490.0,1490.0,1480.0,1480.0,28000.0,1480.0,1481.0,1471.0,1473.0,1469.6666666666667,1319.875,False,False,False,False,False,False,False,True,False,False,False,0.0135135135135135,0.0168918918918918,,,0.0047297297297297,0.0069819819819819,0.0506756756756756,0.0067567567567567,0.0004989793603991,0.022773623385452,1490.0,1470.0,0.717948717948718,0.0,0.0002715546503734,-2.4910470020837305e-07
2017-02-17,1490.0,1490.0,1485.0,1485.0,7000.0,1485.0,1484.0,1473.0,1473.0,1469.8666666666666,1321.3,False,False,False,False,False,False,False,True,False,False,False,0.0134680134680134,0.0101010101010101,,,0.008080808080808,0.0101907968574635,0.0336700336700336,0.0,0.0001360667634251,0.0179904955872369,1445.0,1480.0,0.25,0.0,0.0,-0.000362912596974
2017-02-20,1490.0,1490.0,1475.0,1485.0,42000.0,1485.0,1484.0,1475.0,1473.2,1470.2666666666669,1322.725,False,False,False,False,False,False,True,True,False,False,False,0.0101010101010101,0.0101010101010101,,,0.0079461279461279,0.0099214365881031,0.0404040404040404,0.0067340067340067,0.0002720594903421,0.015593220338983,1455.0,1465.0,6.0,0.0001357588922074,0.0001357588922074,0.0001359927269169
2017-02-21,1490.0,1495.0,1485.0,1485.0,46000.0,1485.0,1483.0,1476.5,1474.0,1471.4666666666667,1324.15,False,False,False,False,False,False,True,True,False,False,False,0.0101010101010101,0.0134680134680134,,,0.0074074074074074,0.0091133557800224,0.0101010101010101,0.0101010101010101,0.0008155128669806,0.0152387402641381,1445.0,1460.0,1.0952380952380951,0.0005427408412482,0.0004069819490408,0.0005434533766385
2017-02-22,1490.0,1505.0,1490.0,1500.0,32000.0,1500.0,1487.0,1480.5,1475.6,1472.5333333333333,1325.675,False,False,False,False,False,False,True,True,True,False,False,0.0066666666666666,0.0033333333333333,,,0.0162666666666667,0.0183111111111111,0.0033333333333333,0.0066666666666666,0.0007243752263672,0.0131712259371833,1460.0,1455.0,0.6956521739130435,0.0010843046896177,0.0005415638483694,-9.113764061344949e-05
2017-02-23,1500.0,1500.0,1495.0,1500.0,36000.0,1500.0,1491.0,1486.0,1477.2,1473.9333333333334,1327.3,False,False,False,False,False,False,True,True,False,True,False,0.0033333333333333,0.0033333333333333,,,0.0151999999999999,0.0173777777777777,-0.0033333333333333,0.0033333333333333,0.0009498394319056,0.009757738896366,1470.0,1460.0,1.125,0.0010831302464122,-1.1744432054977465e-06,0.0002254642055384
2017-02-24,1500.0,1505.0,1500.0,1505.0,23000.0,1505.0,1495.0,1489.5,1478.2,1475.7333333333331,1329.0,False,False,False,False,False,False,True,True,False,True,False,-0.0033222591362126,0.0033222591362126,,,0.0178073089700996,0.0194462901439647,-0.0299003322259136,-0.0099667774086378,0.0012197325623417,0.0070493454179254,1470.0,1455.0,0.6388888888888888,0.0006764984440535,-0.0004066318023586,0.000269893130436
2017-02-27,1505.0,1505.0,1495.0,1500.0,32000.0,1500.0,1498.0,1491.0,1479.4,1477.4,1330.675,False,False,False,False,False,False,True,True,False,False,False,0.0,0.0066666666666666,,,0.0137333333333332,0.0150666666666666,-0.0666666666666666,-0.01,0.0011281079373676,0.0040241448692152,1470.0,1470.0,1.391304347826087,0.0008111396512099,0.0001346412071564,-9.16246249740493e-05
2017-02-28,1505.0,1510.0,1500.0,1500.0,13000.0,1500.0,1501.0,1492.0,1480.6,1479.1333333333334,1332.35,False,False,False,False,False,False,True,True,False,True,False,0.0033333333333333,0.0233333333333333,,,0.0129333333333333,0.013911111111111,-0.0666666666666666,-0.0033333333333333,0.0011718573939694,0.0020107238605898,1465.0,1455.0,0.40625,0.0008104822369308,-6.574142791296008e-07,4.374945660179938e-05
2017-03-01,1505.0,1510.0,1500.0,1510.0,35000.0,1510.0,1503.0,1495.0,1482.0,1481.4666666666667,1333.95,False,False,False,False,False,False,True,True,False,False,True,-0.0033112582781456,0.0198675496688741,,,0.0185430463576158,0.018896247240618,-0.0927152317880794,-0.0132450331125827,0.0015750157501574,-0.0003344481605351,1475.0,1455.0,2.6923076923076925,0.000944669365722,0.0001341871287912,0.0004031583561879
2017-03-02,1510.0,1515.0,1500.0,1505.0,50000.0,1505.0,1504.0,1497.5,1482.8,1482.4,1335.7,False,False,False,False,False,False,True,True,False,True,False,0.0,0.0465116279069767,,,0.014750830564784,0.015016611295681,-0.0930232558139534,-0.0099667774086378,0.0006296096420219,-0.0020033388981636,1500.0,1480.0,1.4285714285714286,0.0005395198273536,-0.0004051495383684,-0.0009454061081354
2017-03-03,1500.0,1500.0,1500.0,1500.0,5000.0,1500.0,1503.0,1499.0,1483.8,1483.0666666666666,1337.175,False,False,False,False,False,False,True,True,False,False,False,0.0066666666666666,0.0333333333333333,,,0.0108,0.0112888888888889,-0.0833333333333333,-0.0066666666666666,0.0004495190146542,-0.0026684456304202,1500.0,1555.0,0.1,0.0006739452756436,0.0001344254482899,-0.0001800906273677
2017-03-06,1495.0,1505.0,1495.0,1500.0,40000.0,1500.0,1503.0,1500.5,1484.8,1482.8666666666666,1338.725,False,False,False,False,False,False,True,False,False,True,False,0.0066666666666666,0.03,,,0.0101333333333333,0.0114222222222222,-0.0733333333333333,-0.01,-0.0001348738929101,-0.0043318893702099,1495.0,1550.0,8.0,0.0006734913793103,-4.538963332728803e-07,-0.0005843929075643
2017-03-07,1505.0,1505.0,1495.0,1505.0,21000.0,1505.0,1504.0,1502.5,1486.0,1483.1333333333334,1340.3,False,False,False,False,False,False,True,True,False,False,False,0.0199335548172757,0.0265780730897009,,,0.0126245847176079,0.0145293466223698,-0.0897009966777408,-0.0199335548172757,0.0001797995235314,-0.0073211314475873,1485.0,1545.0,0.525,0.000807537012113,0.0001340456328027,0.0003146734164415
2017-03-08,1505.0,1510.0,1500.0,1505.0,29000.0,1505.0,1503.0,1503.0,1486.8,1483.2666666666669,1341.85,False,False,False,False,False,False,True,True,False,True,False,0.0232558139534883,0.0299003322259136,,,0.0120930232558139,0.014440753045404,-0.1029900332225913,-0.0232558139534883,8.989168052503893e-05,-0.0103127079174983,1490.0,1510.0,1.380952380952381,0.0005380683346784,-0.0002694686774346,-8.990784300636679e-05
2017-03-09,1505.0,1510.0,1505.0,1505.0,24000.0,1505.0,1503.0,1503.5,1488.0,1483.7333333333331,1343.4,False,False,False,False,False,False,True,True,False,False,False,0.0465116279069767,0.0332225913621262,,,0.0112956810631229,0.0141306755260245,-0.0996677740863787,-0.0232558139534883,0.0003145219266711,-0.0129697372796807,1480.0,1505.0,0.8275862068965517,0.0008064516129032,0.0002683832782247,0.0002246302461461
2017-03-10,1510.0,1510.0,1505.0,1510.0,30000.0,1510.0,1505.0,1504.0,1489.8,1484.1333333333334,1344.975,False,False,False,False,False,False,True,True,False,False,False,0.0264900662251655,0.0165562913907284,,,0.0133774834437086,0.0171302428256069,-0.086092715231788,-0.0298013245033112,0.0002695175635614,-0.0149601063829787,1485.0,1520.0,1.25,0.0012082158679017,0.0004017642549984,-4.500436310973354e-05
2017-03-13,1505.0,1515.0,1505.0,1510.0,35000.0,1510.0,1507.0,1505.0,1491.6,1484.7333333333331,1346.55,False,False,False,False,False,False,True,True,False,True,False,0.0231788079470198,0.0231788079470198,,,0.0121854304635762,0.0167328918322297,-0.076158940397351,-0.0298013245033112,0.0004041129720261,-0.0169435215946843,1480.0,1525.0,1.1666666666666667,0.0012067578439259,-1.458023975746273e-06,0.0001345954084647
2017-03-14,1505.0,1535.0,1505.0,1535.0,211000.0,1535.0,1513.0,1508.5,1494.2,1485.7333333333331,1348.175,False,False,False,False,False,False,True,True,False,False,True,0.006514657980456,-0.022801302931596,,,0.0265798045602605,0.0320955483170468,-0.0912052117263843,-0.0423452768729641,0.0006730682939962,-0.0208816705336426,1465.0,1515.0,6.0285714285714285,0.0017400615714095,0.0005333037274835,0.00026895532197
2017-03-15,1555.0,1575.0,1540.0,1540.0,333000.0,1540.0,1520.0,1511.5,1497.4,1486.8666666666666,1349.75,False,False,False,False,False,False,True,True,False,False,False,0.0064935064935064,-0.0227272727272727,,,0.0276623376623376,0.0345021645021645,-0.0714285714285714,-0.0422077922077922,0.0007622292965072,-0.0238173999338405,1460.0,1510.0,1.5781990521327014,0.0021370375317216,0.0003969759603121,8.916100251103688e-05
2017-03-16,1580.0,1595.0,1565.0,1575.0,317000.0,1575.0,1534.0,1518.5,1502.6,1488.4,1351.425,False,False,False,False,False,False,True,True,False,False,False,-0.0126984126984126,-0.0507936507936507,,,0.045968253968254,0.0549841269841269,-0.0888888888888888,-0.0539682539682539,0.0010301890172893,-0.0283174185051037,1460.0,1490.0,0.951951951951952,0.0034606681751629,0.0013236306434412,0.0002679597207821
2017-03-17,1555.0,1560.0,1530.0,1550.0,202000.0,1550.0,1542.0,1523.5,1505.8,1489.6666666666667,1352.95,False,False,False,False,False,False,True,True,False,True,False,-0.0096774193548387,-0.0580645161290322,,,0.028516129032258,0.0389247311827956,-0.0709677419354838,-0.0354838709677419,0.0008503020810024,-0.0311782080735149,1480.0,1445.0,0.637223974763407,0.0021251162172931,-0.0013355519578697,-0.0001798869362869
2017-03-21,1545.0,1550.0,1525.0,1545.0,72000.0,1545.0,1549.0,1528.0,1508.2,1490.6666666666667,1354.425,False,False,False,False,False,False,True,True,False,True,False,0.0,-0.0938511326860841,,,0.0238187702265371,0.0351672060409923,-0.0517799352750809,-0.029126213592233,0.0006708407871198,-0.0330497382198952,1470.0,1455.0,0.3564356435643564,0.0015913008884763,-0.0005338153288167,-0.0001794612938825
2017-03-22,1520.0,1555.0,1520.0,1545.0,93000.0,1545.0,1551.0,1532.0,1510.4,1491.8666666666666,1355.775,False,False,False,False,False,False,True,True,False,True,False,-0.029126213592233,-0.0938511326860841,,,0.0223948220064724,0.0343905070118663,-0.0485436893203883,-0.0161812297734627,0.0008043614264008,-0.0326370757180156,1470.0,1445.0,1.2916666666666667,0.0014565677966101,-0.0001347330918661,0.0001335206392809
2017-03-23,1545.0,1550.0,1540.0,1550.0,43000.0,1550.0,1553.0,1536.5,1513.2,1493.1333333333334,1357.275,False,False,False,False,False,False,True,True,False,False,False,-0.0290322580645161,-0.1161290322580645,,,0.0237419354838709,0.0366881720430106,-0.0516129032258064,-0.0161290322580645,0.0008483279010583,-0.0318906605922551,1475.0,1460.0,0.4623655913978494,0.0018503832936822,0.000393815497072,4.3966474657511855e-05
2017-03-24,1560.0,1560.0,1550.0,1555.0,38000.0,1555.0,1549.0,1541.5,1516.2,1494.1333333333334,1358.75,False,False,False,False,False,False,True,True,False,False,False,-0.0385852090032154,-0.1221864951768488,,,0.0249517684887459,0.0391425509110395,-0.067524115755627,-0.0160771704180064,0.0006692843119757,-0.0311385014596172,1485.0,1470.0,0.8837209302325582,0.001978630787495,0.0001282474938128,-0.0001790435890825
2017-03-27,1550.0,1550.0,1525.0,1535.0,29000.0,1535.0,1546.0,1544.0,1518.2,1493.8666666666666,1360.1,False,False,False,False,False,False,True,False,False,True,False,-0.0488599348534201,-0.1042345276872964,,,0.010944625407166,0.0267969598262758,-0.0456026058631921,-0.003257328990228,-0.0001785076758302,-0.0284974093264248,1475.0,1470.0,0.7631578947368421,0.0013173494928204,-0.0006612812946746,-0.0008477919878059
2017-03-28,1535.0,1550.0,1535.0,1545.0,22000.0,1545.0,1546.0,1547.5,1520.6,1493.8,1361.475,False,False,False,False,False,False,True,False,False,False,False,-0.0938511326860841,-0.1003236245954692,,,0.0157928802588997,0.0331391585760518,-0.0453074433656957,-0.0032362459546925,-4.462891060825146e-05,-0.0258481421647819,1475.0,1470.0,0.7586206896551724,0.0015783243456529,0.0002609748528324,0.0001338787652219
2017-03-29,1520.0,1520.0,1500.0,1500.0,21000.0,1500.0,1537.0,1544.0,1521.2,1493.2,1362.65,False,False,False,False,False,False,True,False,False,True,False,-0.0666666666666666,-0.0866666666666666,,,-0.0141333333333333,0.0045333333333333,-0.0066666666666666,0.01,-0.0004018215912134,-0.0207253886010362,1475.0,1465.0,0.9545454545454546,0.0003944254535893,-0.0011838988920635,-0.0003571926806051
2017-03-30,1500.0,1505.0,1485.0,1505.0,25000.0,1505.0,1528.0,1540.5,1521.4,1493.1333333333334,1363.85,False,False,False,False,False,False,True,False,False,True,False,-0.0897009966777408,-0.1029900332225913,,,-0.0108970099667774,0.0078848283499445,-0.0099667774086378,0.0132890365448504,-4.46488368977582e-05,-0.0152547874066861,1485.0,1475.0,1.1904761904761905,0.0001314578677534,-0.0002629675858359,0.0003571727543156
2017-03-31,1500.0,1505.0,1495.0,1495.0,17000.0,1495.0,1516.0,1532.5,1521.2,1493.0,1365.0,False,False,False,False,False,False,False,False,False,True,False,-0.0869565217391304,-0.0936454849498327,,,-0.0175250836120401,0.0013377926421404,0.0,0.0167224080267558,-8.93056485823439e-05,-0.0081566068515497,1475.0,1500.0,0.68,-0.0001314751511964,-0.0002629330189498,-4.46568116845857e-05
2017-04-03,1490.0,1490.0,1455.0,1460.0,38000.0,1460.0,1501.0,1523.5,1519.4,1492.2,1365.95,False,False,False,False,False,False,False,False,False,True,False,-0.0582191780821917,-0.0547945205479452,,,-0.0406849315068493,-0.0220547945205479,0.0308219178082191,0.047945205479452,-0.0005361211633828,0.0,1465.0,1500.0,2.235294117647059,-0.0011846781624325,-0.001053203011236,-0.0004468155148005
2017-04-04,1450.0,1450.0,1400.0,1400.0,156000.0,1400.0,1472.0,1509.0,1515.4,1490.5333333333333,1366.6,False,False,False,False,False,False,False,False,False,True,False,-0.0071428571428571,-0.0035714285714285,,,-0.0824285714285714,-0.0646666666666666,0.075,0.0857142857142857,-0.0011181679935594,0.0109343936381709,1465.0,1495.0,4.105263157894737,-0.0026395671109937,-0.0014548889485612,-0.0005820468301765
2017-04-05,1405.0,1410.0,1390.0,1400.0,27000.0,1400.0,1452.0,1494.5,1511.4,1489.0,1367.15,False,False,False,False,False,False,False,False,False,True,False,-0.0214285714285714,-0.0035714285714285,,,-0.0795714285714286,-0.0635714285714285,0.1178571428571428,0.0928571428571428,-0.0010297738974703,0.0214118434258949,1470.0,1485.0,0.173076923076923,-0.0026465528648934,-6.98575389967938e-06,8.839409608908558e-05
2017-04-06,1385.0,1385.0,1360.0,1370.0,64000.0,1370.0,1425.0,1476.5,1505.8,1487.1333333333334,1367.575,False,False,False,False,False,False,False,False,False,True,False,-0.0145985401459854,0.0437956204379562,,,-0.0991240875912408,-0.0854987834549879,0.1423357664233576,0.1204379562043795,-0.0012552113686286,0.0345411445987131,1460.0,1490.0,2.3703703703703702,-0.003718953380263,-0.0010724005153695,-0.0002254374711582
2017-04-07,1370.0,1395.0,1355.0,1365.0,64000.0,1365.0,1399.0,1457.5,1500.2,1485.4666666666667,1368.0,False,False,False,False,False,False,False,False,False,True,False,-0.0073260073260073,0.0512820512820512,,,-0.099047619047619,-0.0882539682539682,0.1318681318681318,0.1318681318681318,-0.001121981868773,0.0490566037735849,1445.0,1480.0,1.0,-0.003732835621917,-1.3882241653943169e-05,0.0001332294998555
2017-04-10,1370.0,1390.0,1365.0,1375.0,28000.0,1375.0,1382.0,1441.5,1495.2,1484.5333333333333,1368.6,False,False,False,False,False,False,False,False,False,False,False,0.0036363636363636,0.0472727272727272,,,-0.0874181818181818,-0.079660606060606,0.1054545454545454,0.12,-0.000628704867972,0.0613943808532778,1470.0,1485.0,0.4375,-0.0033440342429106,0.0003888013790063,0.000493277000801
2017-04-11,1375.0,1390.0,1375.0,1390.0,28000.0,1390.0,1380.0,1426.0,1490.8,1483.6666666666667,1369.175,False,False,False,False,False,False,False,False,False,False,False,0.0035971223021582,0.0539568345323741,,,-0.0725179856115107,-0.0673860911270983,0.0899280575539568,0.1079136690647482,-0.000584138395866,0.0729312762973352,1485.0,1480.0,1.0,-0.0029514354708881,0.0003925987720224,4.456647210599265e-05
2017-04-12,1385.0,1385.0,1350.0,1370.0,59000.0,1370.0,1374.0,1413.0,1485.4,1482.6666666666667,1369.7,False,False,False,False,False,False,False,False,False,True,False,0.0182481751824817,0.072992700729927,,,-0.0842335766423358,-0.0822384428223844,0.1240875912408759,0.1240875912408759,-0.0006744604316546,0.0845718329794762,1490.0,1465.0,2.107142857142857,-0.0036353844082401,-0.0006839489373519,-9.032203578865024e-05
2017-04-13,1355.0,1355.0,1345.0,1350.0,72000.0,1350.0,1370.0,1397.5,1479.2,1481.2,1370.1,False,False,True,False,False,False,False,False,False,True,False,0.0592592592592592,0.0888888888888888,,,-0.0957037037037037,-0.0971851851851852,0.1444444444444444,0.1444444444444444,-0.0009901881357458,0.0980322003577817,1480.0,1460.0,1.2203389830508475,-0.0041914548404543,-0.0005560704322142,-0.0003157277040911
2017-04-14,1345.0,1370.0,1345.0,1355.0,15000.0,1355.0,1368.0,1383.5,1473.2,1479.6666666666667,1370.525,False,False,False,False,False,False,False,False,False,False,False,0.059040590405904,0.070110701107011,,,-0.0872324723247232,-0.0920049200492005,0.1439114391143911,0.1402214022140221,-0.0010362694300517,0.1109504878930249,1480.0,1460.0,0.2083333333333333,-0.0040727667662231,0.0001186880742311,-4.608129430598074e-05
2017-04-17,1355.0,1405.0,1350.0,1380.0,31000.0,1380.0,1369.0,1375.5,1468.0,1478.4666666666667,1370.9,False,False,False,False,False,False,False,False,False,False,False,0.0434782608695652,0.0615942028985507,,,-0.0637681159420289,-0.0713526570048309,0.1123188405797101,0.1123188405797101,-0.0008116517112323,0.1177753544165757,1485.0,1480.0,2.066666666666667,-0.003542234332425,0.000530532433798,0.0002246177188194
2017-04-18,1375.0,1395.0,1375.0,1395.0,31000.0,1395.0,1370.0,1375.0,1463.4,1477.4666666666667,1371.525,False,False,False,False,False,False,False,False,False,False,False,0.050179211469534,0.057347670250896,,,-0.0490322580645161,-0.059115890083632,0.082437275985663,0.1182795698924731,-0.0006768342207382,0.1210909090909091,1485.0,1470.0,1.0,-0.0031433647669809,0.0003988695654441,0.0001348174904941
2017-04-19,1370.0,1395.0,1370.0,1395.0,29000.0,1395.0,1375.0,1374.5,1457.8,1476.5333333333333,1372.1,False,False,False,False,False,False,False,False,False,True,False,0.053763440860215,0.068100358422939,,,-0.0450179211469533,-0.0584468339307048,0.068100358422939,0.1290322580645161,-0.0006321112515803,0.1247726445980356,1485.0,1470.0,0.935483870967742,-0.0038414048566333,-0.0006980400896524,4.47229691578813e-05
2017-04-20,1390.0,1430.0,1385.0,1430.0,64000.0,1430.0,1391.0,1380.5,1453.4,1475.9333333333334,1373.45,False,False,False,False,False,False,False,False,False,False,True,0.0279720279720279,0.0419580419580419,,,-0.0163636363636364,-0.0321212121212121,0.0489510489510489,0.0944055944055944,-0.0004065224264871,0.122057225642883,1500.0,1475.0,2.206896551724138,-0.003027384064951,0.0008140207916823,0.0002255888250931
2017-04-21,1430.0,1435.0,1425.0,1435.0,46000.0,1435.0,1407.0,1387.5,1447.8,1475.0666666666666,1374.725,False,False,False,False,False,False,False,False,False,True,False,0.0104529616724738,0.0418118466898954,,,-0.0089198606271776,-0.0279210220673634,0.0452961672473867,0.0836236933797909,-0.000587544065805,0.1171171171171171,1500.0,1485.0,0.71875,-0.0038679375604366,-0.0008405534954855,-0.0001810216393178
2017-04-24,1435.0,1440.0,1435.0,1440.0,17000.0,1440.0,1419.0,1394.0,1443.4,1474.2666666666669,1376.1,False,False,False,False,False,False,False,False,False,False,False,0.0173611111111111,0.0451388888888888,,,-0.0023611111111111,-0.0237962962962964,0.0381944444444444,0.0694444444444444,-0.0005426426698017,0.1119081779053084,1505.0,1475.0,0.3695652173913043,-0.0030483580435082,0.0008195795169283,4.490139600326736e-05
2017-04-25,1440.0,1465.0,1425.0,1465.0,42000.0,1465.0,1433.0,1401.5,1440.2,1473.8666666666666,1377.4,False,False,False,False,True,False,False,False,False,False,False,0.0068259385665529,0.0273037542662116,,,0.0169283276450511,-0.0060523321956768,0.0341296928327645,0.0648464163822525,-0.0002713949701467,0.1073849447021048,1500.0,1475.0,2.4705882352941178,-0.0022219136231079,0.0008264444204003,0.0002712476996549
2017-04-26,1465.0,1470.0,1460.0,1470.0,12000.0,1470.0,1448.0,1411.5,1437.2,1473.6666666666667,1378.625,False,False,False,False,False,False,False,False,False,False,False,0.0136054421768707,0.064625850340136,,,0.0223129251700679,-0.0024943310657596,0.0306122448979591,0.0680272108843537,-0.0001357159013796,0.1016648955012398,1500.0,1475.0,0.2857142857142857,-0.0020873921514055,0.0001345214717024,0.0001356790687671
2017-04-27,1460.0,1470.0,1460.0,1470.0,15000.0,1470.0,1456.0,1423.5,1434.0,1473.4,1379.95,False,False,False,False,False,False,False,False,False,True,False,0.0136054421768707,0.064625850340136,,,0.0244897959183673,-0.002312925170068,0.0170068027210884,0.064625850340136,-0.0001809872856431,0.0937829293993677,1510.0,1485.0,1.25,-0.002231520223152,-0.0001441280717465,-4.527138426351838e-05
2017-04-28,1460.0,1460.0,1450.0,1450.0,26000.0,1450.0,1459.0,1433.0,1429.8,1473.0,1381.275,False,False,False,False,False,False,False,False,False,True,False,0.0310344827586206,0.0655172413793103,,,0.0139310344827586,-0.0158620689655172,0.0275862068965517,0.0724137931034482,-0.0002715546503734,0.0872295882763433,1505.0,1475.0,1.7333333333333334,-0.0029374737725556,-0.0007059535494035,-9.056736473027612e-05
2017-05-01,1480.0,1480.0,1455.0,1465.0,23000.0,1465.0,1464.0,1441.5,1427.0,1472.7333333333331,1382.65,False,False,False,False,False,False,False,False,False,False,False,0.0273037542662116,0.0375426621160409,,,0.025938566552901,-0.0052787258248007,0.0136518771331058,0.068259385665529,-0.000181069213707,0.0828997571973638,1500.0,1465.0,0.8846153846153846,-0.0019621583742116,0.000975315398344,9.04854366663658e-05
2017-05-02,1460.0,1480.0,1450.0,1475.0,66000.0,1475.0,1466.0,1449.5,1424.2,1472.6666666666667,1384.05,False,False,False,False,False,False,False,False,False,True,False,0.0203389830508474,0.0271186440677966,,,0.0344406779661016,0.0015819209039547,0.0135593220338983,0.0610169491525423,-4.526935264806156e-05,0.0772680234563642,1500.0,1465.0,2.869565217391304,-0.0019660160089874,-3.857634775868927e-06,0.000135799861059
2017-05-08,1480.0,1490.0,1480.0,1490.0,110000.0,1490.0,1470.0,1459.0,1423.8,1473.0,1385.75,False,False,False,False,False,False,False,True,False,False,False,0.0503355704697986,0.0335570469798657,,,0.0444295302013423,0.0114093959731543,0.0067114093959731,0.0536912751677852,0.0002262955419777,0.069910897875257,1505.0,1470.0,1.6666666666666667,-0.0002809383340357,0.0016850776749517,0.0002715648946258
2017-05-09,1475.0,1490.0,1475.0,1490.0,23000.0,1490.0,1474.0,1465.0,1423.2,1473.4,1387.65,False,False,False,False,False,False,False,True,False,True,False,0.0503355704697986,0.0369127516778523,,,0.0448322147651006,0.0111409395973153,0.0134228187919463,0.1006711409395973,0.0002714809284648,0.0706484641638225,1505.0,1460.0,0.209090909090909,-0.0004215851602022,-0.0001406468261665,4.518538648706549e-05
2017-05-10,1470.0,1505.0,1470.0,1495.0,53000.0,1495.0,1483.0,1471.0,1423.2,1473.8666666666666,1389.425,False,False,False,False,False,False,False,True,False,False,False,0.0334448160535117,0.0367892976588628,,,0.0480267558528427,0.0141360089186176,0.0066889632107023,0.1103678929765886,0.0003166274651708,0.0734194425560842,1505.0,1445.0,2.3043478260869565,0.0,0.0004215851602022,4.5146536706008064e-05
2017-05-11,1495.0,1505.0,1495.0,1505.0,25000.0,1505.0,1491.0,1477.5,1425.0,1474.2,1391.05,False,False,False,False,False,False,True,True,True,False,False,0.0099667774086378,0.0199335548172757,,,0.0531561461794019,0.0204651162790697,-0.0099667774086378,0.1029900332225913,0.0002261113372225,0.076818950930626,1510.0,1470.0,0.4716981132075472,0.0012631578947368,0.0012631578947368,-9.051612794829398e-05
2017-05-12,1505.0,1505.0,1505.0,1505.0,28000.0,1505.0,1497.0,1481.5,1429.2,1474.6666666666667,1392.675,False,False,False,False,False,False,True,True,False,False,False,0.0066445182724252,0.0033222591362126,,,0.0503654485049833,0.0201550387596898,-0.0132890365448504,0.0930232558139534,0.0003164556962025,0.0796490043874451,1510.0,1485.0,1.12,0.0029387069689337,0.0016755490741968,9.034435898000104e-05
2017-05-15,1510.0,1620.0,1505.0,1565.0,258000.0,1565.0,1512.0,1491.0,1435.8,1475.9333333333334,1394.525,False,False,False,False,False,False,True,True,False,False,False,-0.0159744408945686,-0.047923322683706,,,0.082555910543131,0.0569116080937166,-0.0447284345047923,0.0575079872204472,0.0008582140114729,0.0784708249496981,1535.0,1490.0,9.214285714285714,0.0045967404931048,0.0016580335241711,0.0005417583152704
2017-05-16,1595.0,1595.0,1560.0,1565.0,123000.0,1565.0,1527.0,1500.5,1443.6,1477.1333333333334,1396.3,False,False,False,False,False,False,True,True,False,False,False,-0.0127795527156549,-0.0415335463258785,,,0.0775718849840256,0.0561448349307773,-0.047923322683706,0.0862619808306709,0.0008123843480615,0.080639786737754,1540.0,1480.0,0.4767441860465116,0.0054031587697422,0.0008064182766374,-4.582966341136463e-05
2017-05-17,1560.0,1570.0,1545.0,1545.0,43000.0,1545.0,1537.0,1510.0,1450.8,1477.9333333333334,1398.0,False,False,False,False,False,False,True,True,False,True,False,0.0032362459546925,-0.029126213592233,,,0.0609708737864077,0.0434088457389427,-0.0355987055016181,0.1035598705501618,0.0005412964048896,0.0837748344370861,1575.0,1480.0,0.3495934959349593,0.0049627791563275,-0.0004403796134147,-0.0002710879431719
2017-05-18,1515.0,1525.0,1505.0,1520.0,43000.0,1520.0,1540.0,1515.5,1456.6,1478.5333333333333,1399.55,False,False,False,False,False,False,True,True,False,True,False,0.0098684210526315,-0.0164473684210526,,,0.0417105263157895,0.0272807017543859,-0.0197368421052631,0.0953947368421052,0.0004058075570384,0.0864401187726822,1550.0,1485.0,1.0,0.0039818756007139,-0.0009809035556136,-0.0001354888478512
2017-05-19,1515.0,1515.0,1500.0,1515.0,14000.0,1515.0,1542.0,1519.5,1461.6,1479.0666666666666,1401.05,False,False,False,False,False,False,True,True,False,True,False,-0.0033003300330033,0.0,,,0.0352475247524753,0.0237183718371837,-0.0198019801980198,0.0693069306930693,0.0003605877580455,0.0871997367555116,1545.0,1485.0,0.3255813953488372,0.0034209085933223,-0.0005609670073915,-4.521979899285125e-05
2017-05-22,1535.0,1540.0,1520.0,1540.0,19000.0,1540.0,1537.0,1524.5,1468.4,1479.9333333333334,1402.75,False,False,False,False,False,False,True,True,False,False,False,-0.0324675324675324,-0.0162337662337662,,,0.0464935064935064,0.0390043290043289,-0.0422077922077922,0.0584415584415584,0.0005856119645029,0.0875696949819613,1545.0,1485.0,1.3571428571428572,0.0046308907654591,0.0012099821721367,0.0002250242064573
2017-05-23,1540.0,1545.0,1540.0,1545.0,7000.0,1545.0,1533.0,1530.0,1476.2,1480.7333333333331,1404.475,False,False,False,False,False,False,True,True,False,False,False,-0.029126213592233,-0.0323624595469255,,,0.0445307443365695,0.0415965480043151,-0.0485436893203883,0.0647249190938511,0.0005402728377828,0.0839869281045751,1550.0,1500.0,0.3684210526315789,0.0052838368784717,0.0006529461130125,-4.533912672009116e-05
2017-05-24,1550.0,1555.0,1520.0,1550.0,27000.0,1550.0,1534.0,1535.5,1484.0,1481.7333333333331,1406.225,True,True,False,False,False,False,True,True,False,True,False,-0.032258064516129,-0.0387096774193548,,,0.0425806451612903,0.0440430107526883,-0.0516129032258064,0.0548387096774193,0.0006748852695041,0.0784760664278736,1555.0,1500.0,3.857142857142857,0.0052560646900269,-2.7772188444797653e-05,0.0001346124317212
2017-05-25,1550.0,1550.0,1530.0,1535.0,38000.0,1535.0,1537.0,1538.5,1490.2,1482.6666666666667,1407.9,False,False,False,False,False,False,True,True,False,True,False,-0.0260586319218241,-0.0325732899022801,,,0.0291856677524429,0.0340933767643864,-0.0456026058631921,0.0586319218241042,0.0006294964028778,0.0740981475463113,1535.0,1505.0,1.4074074074074074,0.0041605153670648,-0.001095549322962,-4.538886662629226e-05
2017-05-26,1530.0,1530.0,1505.0,1510.0,50000.0,1510.0,1536.0,1539.0,1494.8,1483.2666666666669,1409.45,False,False,False,False,False,False,True,True,False,True,False,0.0033112582781456,-0.009933774834437,,,0.0100662251655629,0.0177041942604855,-0.0298013245033112,0.0927152317880794,0.0004045125623624,0.074074074074074,1545.0,1500.0,1.3157894736842106,0.003077334760503,-0.0010831806065618,-0.0002249838405154
2017-05-29,1515.0,1515.0,1485.0,1490.0,49000.0,1490.0,1526.0,1531.5,1498.6,1483.5333333333333,1410.775,False,False,False,False,False,False,True,True,False,True,False,0.0167785234899328,0.0067114093959731,,,-0.0057718120805368,0.0043400447427293,-0.0134228187919463,0.110738255033557,0.0001797510448027,0.0793339862879529,1500.0,1500.0,0.98,0.0025356999866541,-0.0005416347738488,-0.0002247615175596
2017-05-30,1495.0,1500.0,1480.0,1500.0,31000.0,1500.0,1517.0,1525.0,1501.4,1484.0666666666666,1412.275,False,False,False,False,False,False,True,True,False,True,False,-0.0033333333333333,0.0066666666666666,,,-0.0009333333333333,0.0106222222222222,-0.0166666666666666,0.0966666666666666,0.0003593728942994,0.080327868852459,1505.0,1510.0,0.6326530612244898,0.0018649260690023,-0.0006707739176517,0.0001796218494966
2017-05-31,1505.0,1505.0,1480.0,1500.0,13000.0,1500.0,1507.0,1520.5,1504.0,1484.8,1413.775,False,False,False,False,False,False,True,True,False,True,False,-0.0066666666666666,0.0033333333333333,,,-0.0026666666666666,0.0101333333333333,-0.0066666666666666,0.1,0.0004938936781609,0.0799079250246629,1495.0,1505.0,0.4193548387096774,0.0017287234042552,-0.0001362026647471,0.0001345207838615
2017-06-01,1495.0,1500.0,1490.0,1495.0,14000.0,1495.0,1499.0,1518.0,1506.2,1485.1333333333334,1415.25,False,False,False,False,False,False,True,True,False,True,False,-0.0066889632107023,-0.0033444816053511,,,-0.0074916387959866,0.0065997770345595,0.0,0.1204013377926421,0.0002244467387889,0.0823451910408432,1460.0,1500.0,1.0769230769230769,0.0014606293984862,-0.0002680940057689,-0.0002694469393719
2017-06-02,1500.0,1515.0,1500.0,1515.0,69000.0,1515.0,1500.0,1518.0,1508.2,1485.5333333333333,1416.85,False,False,False,True,True,False,True,True,False,True,False,-0.0132013201320132,-0.0198019801980198,,,0.0044884488448844,0.0194499449944994,-0.0099009900990099,0.1254125412541254,0.0002692635641519,0.0879446640316205,1400.0,1500.0,4.928571428571429,0.0013260840737302,-0.000134545324756,4.481682536296486e-05
2017-06-05,1515.0,1515.0,1515.0,1515.0,13000.0,1515.0,1505.0,1515.5,1510.0,1485.8666666666666,1418.775,False,False,False,False,False,False,True,True,False,True,False,-0.0099009900990099,-0.0132013201320132,,,0.0033003300330033,0.0192299229922993,0.0033003300330033,0.1287128712871287,0.0002243359655419,0.0950181458264599,1400.0,1505.0,0.1884057971014492,0.0011920529801324,-0.0001340310935978,-4.492759861000762e-05
2017-06-06,1515.0,1515.0,1490.0,1495.0,30000.0,1495.0,1504.0,1510.5,1511.0,1486.0666666666666,1420.55,False,False,False,False,False,False,True,True,False,True,False,0.0100334448160535,-0.0033444816053511,,,-0.0107023411371237,0.0059754738015607,0.020066889632107,0.1371237458193979,0.0001345834641783,0.1022840119165839,1370.0,1505.0,2.3076923076923075,0.00066181336863,-0.0005302396115023,-8.975250136354613e-05
2017-06-07,1490.0,1495.0,1485.0,1490.0,19000.0,1490.0,1502.0,1504.5,1512.6,1486.2,1422.275,False,False,False,False,False,False,True,True,False,False,False,0.0100671140939597,0.0,,,-0.0151677852348992,0.0025503355704697,0.0268456375838926,0.1342281879194631,8.971426008171136e-05,0.1103356596876038,1365.0,1505.0,0.6333333333333333,0.0010577813037153,0.0003959679350853,-4.48692040966872e-05
2017-06-08,1490.0,1495.0,1485.0,1485.0,36000.0,1485.0,1500.0,1499.5,1513.4,1486.2,1423.975,False,False,False,False,False,False,True,False,False,True,False,0.0033670033670033,0.0033670033670033,,,-0.0191245791245791,-0.0008080808080808,0.0303030303030303,0.1414141414141414,0.0,0.1187062354118039,1375.0,1510.0,1.894736842105263,0.0005286110744021,-0.0005291702293132,-8.971426008171136e-05
2017-06-09,1495.0,1495.0,1490.0,1495.0,9000.0,1495.0,1496.0,1498.0,1514.2,1486.3333333333333,1425.725,False,False,False,False,False,False,True,True,False,True,False,-0.0066889632107023,-0.0066889632107023,,,-0.0128428093645485,0.0057971014492754,0.0301003344481605,0.1237458193979933,8.970621215511017e-05,0.1218291054739652,1390.0,1510.0,0.25,0.0005283317923655,-2.7928203655334764e-07,8.970621215511017e-05
2017-06-12,1490.0,1500.0,1490.0,1500.0,15000.0,1500.0,1493.0,1499.0,1514.6,1486.5333333333333,1427.5,False,False,False,False,False,False,True,True,False,True,False,-0.0033333333333333,-0.0166666666666666,,,-0.0097333333333332,0.0089777777777777,0.01,0.1366666666666666,0.0001345412144587,0.1244162775183455,1370.0,1535.0,1.6666666666666667,0.0002640961309915,-0.0002642356613739,4.483500230361628e-05
2017-06-13,1515.0,1515.0,1500.0,1510.0,44000.0,1510.0,1496.0,1500.0,1515.4,1486.6666666666667,1429.425,False,False,False,False,False,False,True,True,False,False,False,-0.0132450331125827,-0.0264900662251655,,,-0.0035761589403974,0.0154525386313465,0.009933774834437,0.1291390728476821,8.968609865477988e-05,0.1276666666666666,1350.0,1540.0,2.933333333333333,0.0005279134221988,0.0002638172912072,-4.485511580394657e-05
2017-06-14,1500.0,1505.0,1495.0,1505.0,20000.0,1505.0,1499.0,1500.5,1515.8,1486.7333333333331,1431.3,False,False,False,False,False,False,True,True,False,True,False,-0.0099667774086378,-0.0232558139534883,,,-0.0071760797342192,0.0121373200442969,0.0099667774086378,0.1594684385382059,4.484103851825837e-05,0.1336221259580139,1355.0,1575.0,0.4545454545454545,0.0002638870563397,-0.000264026365859,-4.484506013652151e-05
2017-06-15,1495.0,1505.0,1490.0,1490.0,30000.0,1490.0,1500.0,1500.0,1515.2,1486.5333333333333,1433.125,False,False,False,False,False,False,False,False,False,True,False,0.0,-0.0167785234899328,,,-0.0169127516778523,0.0023266219239373,0.0268456375838926,0.174496644295302,-0.0001345412144585,0.139,1380.0,1550.0,1.5,-0.0003959873284054,-0.0006598743847452,-0.0001793822529768
2017-06-16,1500.0,1505.0,1485.0,1485.0,24000.0,1485.0,1498.0,1497.0,1514.4,1486.3333333333333,1434.775,False,False,False,False,False,False,False,False,False,True,False,0.0,-0.0134680134680134,,,-0.0197979797979798,-0.0008978675645341,0.0235690235690235,0.1717171717171717,-0.0001345593182328,0.1436205744822979,1395.0,1545.0,0.8,-0.0005282620179608,-0.0001322746895554,-1.8103774244716522e-08
2017-06-19,1495.0,1500.0,1485.0,1495.0,43000.0,1495.0,1497.0,1495.0,1511.6,1486.2666666666669,1436.475,False,False,False,False,False,False,False,False,False,True,False,-0.0133779264214046,-0.0167224080267558,,,-0.0111036789297658,0.0058416945373465,0.0234113712374581,0.1538461538461538,-4.485511796876647e-05,0.1461538461538461,1395.0,1545.0,1.7916666666666667,-0.0018523418893888,-0.0013240798714279,8.970420026405174e-05
2017-06-20,1495.0,1500.0,1490.0,1490.0,35000.0,1490.0,1493.0,1494.5,1508.6,1486.0,1438.225,False,False,False,False,False,False,False,False,False,True,False,-0.0134228187919463,-0.0100671140939597,,,-0.01248322147651,0.0026845637583892,0.0302013422818791,0.1442953020134228,-0.0001794526693585,0.1468718634994981,1430.0,1550.0,0.813953488372093,-0.0019885987007821,-0.0001362568113933,-0.0001345975513898
2017-06-21,1490.0,1500.0,1485.0,1490.0,44000.0,1490.0,1490.0,1494.5,1506.4,1485.8,1439.925,False,False,False,False,False,False,False,False,False,False,False,-0.0134228187919463,0.0,,,-0.011006711409396,0.0028187919463087,0.0369127516778523,0.1677852348993288,-0.0001346076187912,0.1502174640347942,1435.0,1555.0,1.2571428571428571,-0.0014604354753052,0.0005281632254769,4.484505056734532e-05
2017-06-22,1495.0,1500.0,1490.0,1490.0,17000.0,1490.0,1490.0,1495.0,1505.2,1485.6666666666667,1441.675,False,False,False,False,False,False,False,False,False,False,False,-0.0167785234899328,0.0033557046979865,,,-0.0102013422818792,0.0029082774049216,0.0335570469798657,0.1610738255033557,-8.974646623281045e-05,0.1521739130434782,1440.0,1535.0,0.3863636363636363,-0.0007972362476747,0.0006631992276304,4.486115255844376e-05
2017-06-23,1490.0,1495.0,1485.0,1485.0,16000.0,1485.0,1490.0,1494.0,1504.0,1485.4666666666667,1443.2,False,False,False,False,False,False,False,False,False,True,False,-0.0134680134680134,0.0101010101010101,,,-0.0127946127946127,-0.000314253647587,0.037037037037037,0.1818181818181818,-0.0001346378242527,0.1579651941097724,1465.0,1545.0,0.9411764705882352,-0.0007978723404255,-6.360927508043636e-07,-4.489135801998023e-05
2017-06-26,1485.0,1485.0,1475.0,1475.0,55000.0,1475.0,1486.0,1491.5,1501.4,1485.0666666666666,1444.675,False,False,False,False,False,False,False,False,False,True,False,-0.0033898305084745,0.0305084745762711,,,-0.0178983050847458,-0.0068248587570621,0.0440677966101694,0.1966101694915254,-0.0002693481774107,0.1639289306067717,1470.0,1500.0,3.4375,-0.0017317170640734,-0.0009338447236479,-0.0001347103531579
2017-06-27,1475.0,1485.0,1470.0,1470.0,36000.0,1470.0,1482.0,1487.5,1498.4,1484.6,1446.1,False,False,False,False,False,False,False,False,False,True,False,0.0034013605442176,0.0374149659863945,,,-0.0193197278911565,-0.0099319727891155,0.0510204081632653,0.2108843537414966,-0.0003143383178409,0.1721008403361344,1470.0,1505.0,0.6545454545454545,-0.0020021356113187,-0.0002704185472452,-4.499014043023782e-05
2017-06-28,1475.0,1475.0,1470.0,1470.0,49000.0,1470.0,1478.0,1484.0,1495.2,1484.1333333333334,1447.475,False,False,False,False,False,False,False,False,False,True,False,0.0136054421768707,0.0408163265306122,,,-0.0171428571428571,-0.0096145124716554,0.0510204081632653,0.1972789115646258,-0.0003144371574879,0.1758760107816711,1450.0,1495.0,1.3611111111111112,-0.0021401819154628,-0.0001380463041441,-9.883964699827645e-08
2017-06-29,1475.0,1475.0,1465.0,1465.0,69000.0,1465.0,1473.0,1481.5,1492.4,1483.5333333333333,1448.825,False,False,False,False,False,False,False,False,False,False,False,0.0204778156996587,0.0443686006825938,,,-0.018703071672355,-0.012650739476678,0.0477815699658703,0.1877133105802047,-0.0004044398508067,0.1771852851839352,1465.0,1460.0,1.4081632653061225,-0.0018761726078798,0.0002640093075829,-9.000269331876129e-05
2017-06-30,1465.0,1470.0,1465.0,1465.0,15000.0,1465.0,1469.0,1479.5,1490.6,1482.9333333333334,1450.175,False,False,False,False,False,False,False,False,False,False,False,0.0238907849829351,0.0511945392491467,,,-0.0174744027303753,-0.0122411831626849,0.0648464163822525,0.1979522184300341,-0.0004046034885811,0.179790469753295,1475.0,1400.0,0.217391304347826,-0.0012075674225145,0.0006686051853653,-1.6363777440427064e-07
2017-07-03,1470.0,1470.0,1465.0,1470.0,18000.0,1470.0,1468.0,1477.0,1489.8,1482.0666666666666,1451.525,False,False,False,False,False,False,False,False,False,False,False,0.0340136054421768,0.0306122448979591,,,-0.013469387755102,-0.0082086167800453,0.0714285714285714,0.1802721088435374,-0.0005847690162386,0.1824644549763033,1490.0,1400.0,1.2,-0.0005369848301785,0.000670582592336,-0.0001801655276575
2017-07-04,1470.0,1500.0,1470.0,1475.0,69000.0,1475.0,1469.0,1475.5,1488.8,1481.2,1452.9,False,False,False,False,False,False,False,False,False,True,False,0.0338983050847457,0.0338983050847457,,,-0.0093559322033897,-0.0042033898305085,0.0610169491525423,0.2101694915254237,-0.0005851111711224,0.1890884445950525,1490.0,1370.0,3.8333333333333335,-0.0006716818914562,-0.0001346970612776,-3.4215488377406424e-07
2017-07-05,1475.0,1490.0,1470.0,1490.0,43000.0,1490.0,1473.0,1475.5,1488.4,1480.0666666666666,1454.425,False,False,False,False,True,False,False,False,False,False,False,0.0268456375838926,0.0201342281879194,,,0.0010738255033556,0.0066666666666667,0.0436241610738255,0.2013422818791946,-0.0007657312733661,0.1924771263978312,1495.0,1365.0,0.6231884057971014,-0.0002687449610318,0.0004029369304243,-0.0001806201022436
2017-07-06,1485.0,1495.0,1485.0,1495.0,7000.0,1495.0,1479.0,1476.0,1488.4,1479.3333333333333,1456.05,False,False,False,False,False,False,False,False,False,False,False,0.0234113712374581,0.0234113712374581,,,0.0044147157190634,0.010479375696767,0.0301003344481605,0.2040133779264214,-0.0004957187922487,0.1968157181571815,1505.0,1375.0,0.1627906976744186,0.0,0.0002687449610318,0.0002700124811173
2017-07-07,1495.0,1500.0,1490.0,1500.0,38000.0,1500.0,1486.0,1477.5,1487.8,1478.7333333333331,1457.7,False,False,False,False,False,False,False,False,False,True,False,0.0266666666666666,0.0133333333333333,,,0.0081333333333333,0.0141777777777779,0.04,0.23,-0.0004057526712051,0.2016920473773265,1505.0,1390.0,5.428571428571429,-0.0004032800107542,-0.0004032800107542,8.99661210435932e-05
2017-07-10,1505.0,1525.0,1505.0,1520.0,35000.0,1520.0,1496.0,1482.0,1488.0,1478.4,1459.5,False,False,False,False,False,False,True,False,False,False,False,-0.0032894736842105,0.006578947368421,,,0.0210526315789473,0.0273684210526315,0.0328947368421052,0.2401315789473684,-0.0002254689754687,0.2061403508771929,1565.0,1370.0,0.9210526315789472,0.0001344086021505,0.0005376886129047,0.0001802836957364
2017-07-11,1525.0,1535.0,1520.0,1525.0,54000.0,1525.0,1506.0,1487.5,1489.2,1478.0666666666666,1461.375,False,False,False,False,False,False,True,False,False,False,False,0.0,0.0065573770491803,,,0.0234754098360655,0.030775956284153,0.0262295081967213,0.2721311475409836,-0.0002255198231925,0.2124369747899159,1565.0,1350.0,1.542857142857143,0.0008058017727639,0.0006713931706133,-5.084772379079674e-08
2017-07-12,1525.0,1530.0,1525.0,1530.0,21000.0,1530.0,1514.0,1493.5,1490.8,1477.7333333333331,1463.325,False,False,False,False,False,False,True,False,False,False,False,-0.0065359477124183,0.0098039215686274,,,0.0256209150326797,0.0341612200435731,0.0163398692810457,0.2549019607843137,-0.0002255706938555,0.2182792099096083,1545.0,1355.0,0.3888888888888889,0.001073249262141,0.0002674474893771,-5.087066299572143e-08
2017-07-13,1525.0,1530.0,1520.0,1530.0,16000.0,1530.0,1521.0,1500.0,1492.6,1477.6666666666667,1465.2,False,False,False,False,False,False,True,False,False,False,False,0.0,0.0065359477124183,,,0.0244444444444445,0.0342047930283223,0.022875816993464,0.2712418300653594,-4.511617414823731e-05,0.2266666666666666,1520.0,1380.0,0.7619047619047619,0.0012059493501272,0.0001327000879861,0.0001804545197073
2017-07-14,1525.0,1540.0,1515.0,1540.0,30000.0,1540.0,1529.0,1507.5,1494.4,1477.6,1467.125,False,False,False,False,False,False,True,False,False,True,False,-0.0129870129870129,0.0,,,0.0296103896103895,0.0405194805194805,0.0162337662337662,0.2857142857142857,-4.511820970955158e-05,0.2354892205638474,1515.0,1395.0,1.875,0.0012044967880086,-1.4525621185772566e-06,-2.035561314273656e-09
2017-07-18,1540.0,1540.0,1515.0,1515.0,31000.0,1515.0,1528.0,1512.0,1495.0,1477.8,1468.8,False,False,False,False,False,False,True,True,False,True,False,0.0099009900990099,0.0165016501650165,,,0.0132013201320132,0.0245544554455445,0.0363036303630363,0.2541254125412541,0.0001353363107322,0.2427248677248677,1540.0,1395.0,1.0333333333333334,0.000401337792642,-0.0008031589953666,0.0001804545204417
2017-07-19,1530.0,1540.0,1525.0,1525.0,32000.0,1525.0,1528.0,1517.0,1495.6,1478.0666666666666,1470.55,False,False,False,False,False,False,True,True,False,True,False,0.0065573770491803,0.0131147540983606,,,0.0192786885245902,0.030775956284153,0.0754098360655737,0.2524590163934426,0.0001804158585539,0.2468688200395517,1545.0,1430.0,1.032258064516129,0.0004011767852366,-1.6100740544608937e-07,4.507954782175644e-05
2017-07-20,1535.0,1535.0,1520.0,1520.0,10000.0,1520.0,1526.0,1520.0,1496.2,1478.4,1472.3,False,False,False,False,False,False,True,True,False,True,False,0.0164473684210526,0.0164473684210526,,,0.015657894736842,0.0273684210526315,0.0921052631578947,0.3059210526315789,0.000225468975469,0.2572368421052631,1550.0,1435.0,0.3125,0.0004010159069644,-1.6087827223279809e-07,4.505311691512133e-05
2017-07-21,1525.0,1530.0,1525.0,1530.0,7000.0,1530.0,1526.0,1523.5,1497.8,1479.3333333333333,1474.075,False,False,False,False,False,False,True,True,True,False,False,0.0065359477124183,0.0032679738562091,,,0.0210457516339869,0.0331154684095861,0.0849673202614379,0.2745098039215686,0.0006309148264983,0.2641942894650476,1535.0,1440.0,0.7,0.0010682334089998,0.0006672175020354,0.0004054458510292
2017-07-24,1530.0,1530.0,1515.0,1520.0,10000.0,1520.0,1522.0,1525.5,1499.2,1480.9333333333334,1475.8,False,False,False,False,False,False,True,True,False,True,False,0.0131578947368421,0.0263157894736842,,,0.0136842105263157,0.0257017543859648,0.0822368421052631,0.3190789473684211,0.0010803997479068,0.2730252376270075,1510.0,1465.0,1.4285714285714286,0.0009338313767343,-0.0001344020322654,0.0004494849214085
2017-07-25,1530.0,1535.0,1525.0,1530.0,23000.0,1530.0,1525.0,1526.5,1500.6,1482.6666666666667,1477.6,False,False,False,False,False,False,True,True,False,True,False,0.0065359477124183,0.0294117647058823,,,0.0192156862745098,0.0309368191721132,0.0816993464052287,0.3594771241830065,0.0011690647482014,0.2849656075990828,1490.0,1470.0,2.3,0.0009329601492735,-8.712274607858284e-07,8.866500029463143e-05
2017-07-26,1570.0,1570.0,1535.0,1535.0,61000.0,1535.0,1527.0,1527.5,1502.4,1484.8666666666666,1479.225,False,False,False,False,False,False,True,True,False,False,False,0.006514657980456,0.019543973941368,,,0.0212377850162865,0.0326601520086862,0.1074918566775244,0.2931596091205212,0.0014816145108426,0.2870703764320785,1500.0,1470.0,2.652173913043478,0.0011980830670927,0.0002651229178192,0.0003125497626411
2017-07-27,1550.0,1550.0,1545.0,1545.0,10000.0,1545.0,1532.0,1529.0,1504.6,1487.2666666666669,1480.6,False,False,False,False,False,False,True,True,False,False,False,0.0,0.0064724919093851,,,0.0261488673139159,0.0373678532901832,0.1035598705501618,0.2168284789644013,0.001613698507329,0.2831916285153695,1500.0,1450.0,0.1639344262295081,0.0014621826399041,0.0002640995728113,0.0001320839964864
2017-07-28,1550.0,1550.0,1530.0,1540.0,20000.0,1540.0,1534.0,1530.0,1506.6,1489.4666666666667,1481.925,False,False,False,False,False,False,True,True,False,True,False,-0.0032467532467532,0.0,,,0.0216883116883117,0.0328138528138527,0.0811688311688311,0.2597402597402597,0.0014770387610776,0.2820261437908496,1495.0,1465.0,2.0,0.0013274923669188,-0.0001346902729852,-0.0001366597462514
2017-07-31,1535.0,1540.0,1520.0,1540.0,61000.0,1540.0,1538.0,1530.0,1508.8,1491.4666666666667,1483.325,False,False,False,False,False,False,True,True,False,False,False,0.0129870129870129,0.0129870129870129,,,0.0202597402597402,0.0315151515151514,0.0519480519480519,0.224025974025974,0.0013409619166815,0.2758169934640523,1515.0,1475.0,3.05,0.001458112407211,0.0001306200402921,-0.0001360768443961
2017-08-01,1535.0,1545.0,1535.0,1540.0,29000.0,1540.0,1540.0,1532.5,1511.4,1493.7333333333331,1484.5,False,False,False,False,False,False,True,True,False,False,False,0.0227272727272727,0.0194805194805194,,,0.0185714285714285,0.0300432900432901,0.0584415584415584,0.2532467532467532,0.0015174506828526,0.2756933115823817,1515.0,1490.0,0.4754098360655737,0.0017202593621808,0.0002621469549697,0.000176488766171
2017-08-02,1540.0,1550.0,1540.0,1545.0,15000.0,1545.0,1542.0,1534.5,1514.4,1496.3333333333333,1485.05,False,False,False,False,False,False,True,True,False,False,False,0.0129449838187702,0.0129449838187702,,,0.0198058252427183,0.0314994606256742,0.0647249190938511,0.2621359223300971,0.0017375807529517,0.2766373411534701,1495.0,1490.0,0.5172413793103449,0.0019809825673534,0.0002607232051725,0.0002201300700991
2017-08-03,1545.0,1545.0,1540.0,1545.0,8000.0,1545.0,1542.0,1537.0,1517.4,1498.8666666666666,1485.4,False,False,False,False,False,False,True,True,False,True,False,0.0064724919093851,0.0064724919093851,,,0.0178640776699028,0.0298597626752967,0.058252427184466,0.255663430420712,0.0016901659031267,0.2716330513988289,1490.0,1495.0,0.5333333333333333,0.0019770660340055,-3.9165333478715855e-06,-4.741484982496405e-05
2017-08-04,1545.0,1545.0,1530.0,1535.0,26000.0,1535.0,1541.0,1537.5,1520.2,1500.9333333333334,1485.4,False,False,False,False,False,False,True,True,False,True,False,0.003257328990228,0.019543973941368,,,0.0096416938110748,0.0221932681867534,0.0586319218241042,0.263843648208469,0.0013769210269166,0.2705691056910569,1485.0,1505.0,3.25,0.0018418629127746,-0.0001352031212309,-0.00031324487621
2017-08-07,1550.0,1565.0,1545.0,1560.0,78000.0,1560.0,1545.0,1541.5,1524.0,1503.1333333333334,1485.75,False,False,False,False,False,False,True,True,False,False,True,0.0,0.0032051282051282,,,0.023076923076923,0.0364529914529913,0.0576923076923076,0.2403846153846154,0.0014636093493591,0.2627311060655206,1495.0,1505.0,3.0,0.0024934383202099,0.0006515754074353,8.668832244245047e-05
2017-08-08,1570.0,1590.0,1560.0,1575.0,88000.0,1575.0,1552.0,1546.0,1528.2,1505.5333333333333,1485.475,False,False,False,False,False,False,True,True,False,False,False,-0.0031746031746031,-0.0031746031746031,,,0.0297142857142856,0.0441058201058201,0.0507936507936507,0.2253968253968254,0.0015941194703979,0.2493531694695989,1500.0,1565.0,1.1282051282051282,0.0027483313702395,0.0002548930500295,0.0001305101210388
2017-08-09,1580.0,1580.0,1545.0,1565.0,60000.0,1565.0,1556.0,1549.0,1531.8,1507.3333333333333,1485.475,False,False,False,False,False,False,True,True,False,True,False,0.0,0.047923322683706,,,0.0212140575079872,0.0368477103301384,0.0511182108626198,0.2715654952076677,0.0011941618752763,0.2472562943834732,1510.0,1565.0,0.6818181818181818,0.0023501762632196,-0.0003981551070198,-0.0003999575951216
2017-08-10,1570.0,1570.0,1550.0,1555.0,36000.0,1555.0,1558.0,1550.0,1534.4,1508.9333333333334,1485.425,False,False,False,False,False,False,True,True,False,True,False,0.0,0.067524115755627,,,0.0132475884244372,0.0296248660235798,0.0610932475884244,0.2636655948553054,0.0010603516833083,0.2519354838709677,1505.0,1545.0,0.6,0.0016944734098019,-0.0006557028534177,-0.000133810191968
2017-08-14,1525.0,1540.0,1525.0,1540.0,20000.0,1540.0,1559.0,1550.0,1536.2,1510.2666666666669,1485.35,False,False,False,False,False,False,True,True,False,True,False,0.0162337662337662,0.0779220779220779,,,0.0024675324675324,0.0193073593073591,0.0876623376623376,0.275974025974026,0.0008828462964598,0.2535483870967742,1490.0,1520.0,0.5555555555555556,0.0011717224319749,-0.0005227509778269,-0.0001775053868485
2017-08-15,1545.0,1560.0,1545.0,1560.0,13000.0,1560.0,1559.0,1552.0,1538.6,1511.5333333333333,1485.9,False,False,False,False,False,False,True,True,False,False,False,0.0032051282051282,0.0544871794871794,,,0.0137179487179487,0.031068376068376,0.0929487179487179,0.2275641025641025,0.0008380011467382,0.2538659793814433,1485.0,1515.0,0.65,0.0015598596126347,0.0003881371806598,-4.484514972163565e-05
2017-08-16,1570.0,1570.0,1560.0,1570.0,16000.0,1570.0,1558.0,1555.0,1540.6,1512.8666666666666,1486.35,False,False,False,False,False,False,True,True,False,True,False,0.0,0.054140127388535,,,0.0187261146496815,0.0363906581740977,0.0891719745222929,0.2197452229299363,0.0008813290441986,0.2504823151125402,1495.0,1540.0,1.2307692307692308,0.0012981955082435,-0.0002616641043912,4.3327897460350624e-05
2017-08-17,1565.0,1565.0,1565.0,1565.0,2000.0,1565.0,1558.0,1557.0,1542.2,1514.1333333333334,1487.05,False,False,False,False,False,False,True,True,False,True,False,0.047923322683706,0.0862619808306709,,,0.0145686900958466,0.0325026624068156,0.0862619808306709,0.2204472843450479,0.0008365621697782,0.2463070006422607,1490.0,1545.0,0.125,0.0010374789262093,-0.0002607165820341,-4.476687442037054e-05
2017-08-18,1560.0,1560.0,1555.0,1555.0,20000.0,1555.0,1558.0,1558.0,1543.2,1515.5333333333333,1487.7,False,False,False,False,False,False,True,True,False,True,False,0.067524115755627,0.0964630225080385,,,0.007588424437299,0.0253804930332261,0.0868167202572347,0.2379421221864952,0.0009237672106628,0.2445442875481386,1490.0,1550.0,10.0,0.0006480041472265,-0.0003894747789828,8.720504088459197e-05
2017-08-21,1570.0,1570.0,1560.0,1565.0,29000.0,1565.0,1563.0,1561.0,1544.6,1516.8666666666666,1488.175,False,False,False,False,False,False,True,True,False,False,False,0.060702875399361,0.0638977635782747,,,0.0130351437699681,0.0307561235356763,0.0830670926517571,0.2523961661341853,0.000879004966378,0.2434336963484945,1490.0,1535.0,1.45,0.0009063835297163,0.0002583793824898,-4.476224428481281e-05
2017-08-22,1570.0,1600.0,1565.0,1565.0,120000.0,1565.0,1564.0,1561.5,1545.6,1518.0666666666666,1488.725,False,False,False,False,False,False,True,True,False,True,False,0.0511182108626198,0.0351437699680511,,,0.0123961661341853,0.0299893503727369,0.0734824281150159,0.268370607028754,0.0007904791181766,0.2462375920589177,1485.0,1510.0,4.137931034482759,0.0006469979296066,-0.0002593856001097,-8.852584820135193e-05
2017-08-23,1595.0,1595.0,1570.0,1570.0,36000.0,1570.0,1564.0,1561.0,1547.8,1519.1333333333334,1489.6,False,False,False,False,False,False,True,True,True,False,False,0.054140127388535,0.0382165605095541,,,0.014140127388535,0.0323991507430997,0.0859872611464968,0.3184713375796178,0.0007021547373503,0.2556053811659193,1475.0,1490.0,0.3,0.0014213722703191,0.0007743743407125,-8.832438082630493e-05
2017-08-24,1595.0,1640.0,1580.0,1640.0,192000.0,1640.0,1579.0,1568.5,1552.4,1521.1333333333334,1490.7,False,False,False,False,False,False,True,True,False,False,True,0.0365853658536585,0.0030487804878048,,,0.0534146341463414,0.0724796747967479,0.0396341463414634,0.2652439024390244,0.0013148091335407,0.2550207204335352,1470.0,1500.0,5.333333333333333,0.0029631538263335,0.0015417815560143,0.0006126543961904
2017-08-25,1655.0,1665.0,1635.0,1660.0,202000.0,1660.0,1600.0,1579.0,1558.0,1523.3333333333333,1492.025,False,False,False,False,False,False,True,True,False,False,False,0.0271084337349397,-0.0150602409638554,,,0.0614457831325301,0.0823293172690763,0.0512048192771084,0.2891566265060241,0.0014442013129101,0.2577580747308423,1470.0,1500.0,1.0520833333333333,0.0035943517329909,0.0006311979066574,0.0001293921793693
2017-08-28,1670.0,1675.0,1655.0,1660.0,111000.0,1660.0,1619.0,1591.0,1563.2,1525.4,1493.475,False,False,False,False,False,False,True,True,False,True,False,0.003012048192771,-0.0210843373493975,,,0.0583132530120481,0.0810843373493975,0.0542168674698795,0.2740963855421687,0.0013548358900398,0.2576995600251414,1465.0,1495.0,0.5495049504950495,0.0033265097236438,-0.0002678420093471,-8.93654228702849e-05
2017-08-29,1650.0,1650.0,1635.0,1645.0,74000.0,1645.0,1635.0,1599.5,1568.2,1527.2666666666669,1494.825,False,False,False,False,False,False,True,True,False,True,False,-0.0151975683890577,0.0030395136778115,,,0.0466869300911853,0.0715704154002025,0.0577507598784194,0.2401215805471124,0.0012222270723297,0.2588308846514536,1465.0,1515.0,0.6666666666666666,0.0031883688305063,-0.0001381408931375,-0.0001326088177101
2017-08-30,1655.0,1655.0,1635.0,1655.0,65000.0,1655.0,1652.0,1608.0,1573.2,1528.4666666666667,1496.25,False,False,False,False,False,False,True,True,False,True,False,-0.0151057401812688,0.0,,,0.0494259818731117,0.0764551863041288,0.0422960725075528,0.2326283987915408,0.0007851005364852,0.2599502487562189,1470.0,1515.0,0.8783783783783784,0.0031782354436816,-1.0133386824645076e-05,-0.0004371265358444
2017-08-31,1655.0,1700.0,1645.0,1700.0,127000.0,1700.0,1664.0,1621.5,1579.8,1530.2666666666669,1498.075,False,False,False,False,False,False,True,True,False,False,False,-0.0323529411764705,-0.0323529411764705,,,0.0707058823529412,0.0998431372549018,0.0029411764705882,0.2117647058823529,0.0011762655746276,0.2587110699969164,1475.0,1495.0,1.9538461538461536,0.00417774401823,0.0009995085745484,0.0003911650381423
2017-09-01,1725.0,1725.0,1680.0,1705.0,70000.0,1705.0,1673.0,1636.5,1586.2,1532.4,1499.425,False,False,False,False,False,False,True,True,False,True,False,-0.0410557184750733,-0.032258064516129,,,0.0696774193548386,0.1012316715542521,0.0205278592375366,0.2052785923753665,0.00139215174454,0.255117629086465,1490.0,1490.0,0.5511811023622047,0.004034800151305,-0.000142943866925,0.0002158861699124
2017-09-04,1700.0,1700.0,1650.0,1665.0,75000.0,1665.0,1674.0,1646.5,1591.2,1534.3333333333333,1500.5,False,False,False,False,False,False,True,True,False,True,False,-0.024024024024024,0.006006006006006,,,0.0443243243243242,0.0784784784784785,0.039039039039039,0.2342342342342342,0.0012600477949162,0.2532645004555117,1495.0,1485.0,1.0714285714285714,0.0031422825540472,-0.0008925175972578,-0.0001321039496238
2017-09-05,1665.0,1665.0,1585.0,1620.0,101000.0,1620.0,1669.0,1652.0,1594.4,1535.7333333333331,1501.025,False,False,False,False,False,False,True,True,False,True,False,0.0185185185185185,0.0524691358024691,,,0.0158024691358024,0.0520164609053499,0.0833333333333333,0.2530864197530864,0.000911616600104,0.2518159806295399,1500.0,1495.0,1.346666666666667,0.0020070245860512,-0.001135257967996,-0.0003484311948121
2017-09-06,1595.0,1635.0,1590.0,1630.0,68000.0,1630.0,1664.0,1658.0,1598.0,1536.9333333333334,1501.75,False,False,False,False,False,False,True,True,False,False,False,0.0153374233128834,0.0490797546012269,,,0.0196319018404908,0.0570961145194273,0.0828220858895705,0.2269938650306748,0.0007807755704001,0.2430639324487334,1520.0,1500.0,0.6732673267326733,0.0022528160200249,0.0002457914339737,-0.0001308410297039
2017-09-07,1630.0,1645.0,1620.0,1645.0,34000.0,1645.0,1653.0,1658.5,1602.0,1538.2666666666669,1502.5,False,False,False,False,False,False,True,True,False,False,False,0.0,0.033434650455927,,,0.0261398176291793,0.0648834853090171,0.0820668693009118,0.2340425531914893,0.0008667764583514,0.2399758818209225,1525.0,1510.0,0.5,0.0024968789013732,0.0002440628813483,8.600088795138151e-05
2017-09-08,1645.0,1655.0,1635.0,1635.0,30000.0,1635.0,1639.0,1656.0,1605.6,1539.4,1503.325,False,False,False,False,False,False,True,True,False,True,False,0.0091743119266055,0.0336391437308868,,,0.0179816513761468,0.0584709480122323,0.0764525993883792,0.2599388379204893,0.0007362175739464,0.2370169082125603,1530.0,1505.0,0.8823529411764706,0.0022421524663676,-0.0002547264350056,-0.000130558884405
2017-09-11,1635.0,1650.0,1625.0,1625.0,19000.0,1625.0,1631.0,1652.5,1609.2,1540.6,1504.05,False,False,False,False,False,False,True,True,False,True,False,0.0307692307692307,0.043076923076923,,,0.0097230769230768,0.0519384615384615,0.0707692307692307,0.2707692307692307,0.000778917304946,0.2366111951588502,1530.0,1490.0,0.6333333333333333,0.0022371364653244,-5.016001043187286e-06,4.269973099952642e-05
2017-09-12,1640.0,1650.0,1635.0,1650.0,27000.0,1650.0,1637.0,1653.0,1612.8,1542.4666666666667,1504.975,False,False,False,False,False,False,True,True,False,True,False,0.0333333333333333,0.0181818181818181,,,0.0225454545454545,0.0651717171717171,0.0636363636363636,0.2939393939393939,0.0012101828240481,0.2419842710223835,1540.0,1485.0,1.4210526315789471,0.0022321428571428,-4.993608181668666e-06,0.0004312655191021
2017-09-13,1660.0,1660.0,1640.0,1655.0,28000.0,1655.0,1642.0,1653.0,1616.0,1544.6666666666667,1505.95,False,False,False,False,False,False,True,True,False,True,False,0.0332326283987915,0.0302114803625377,,,0.0235649546827794,0.0666666666666666,0.0483383685800604,0.3202416918429003,0.0014242555028053,0.2507562008469449,1515.0,1495.0,1.037037037037037,0.001980198019802,-0.0002519448373407,0.0002140726787572
2017-09-14,1660.0,1665.0,1635.0,1645.0,46000.0,1645.0,1642.0,1647.5,1619.2,1546.6,1506.9,False,False,False,False,False,False,True,True,False,True,False,0.033434650455927,0.0364741641337386,,,0.0156838905775075,0.0598176291793313,0.0851063829787234,0.3586626139817629,0.0012500538816327,0.2655538694992412,1525.0,1490.0,1.6428571428571428,0.0019762845849802,-3.913434821743202e-06,-0.0001742016211726
2017-09-15,1635.0,1650.0,1635.0,1650.0,30000.0,1650.0,1645.0,1642.0,1623.0,1548.6,1507.85,False,False,False,False,False,False,True,True,False,False,False,0.0242424242424242,0.0575757575757575,,,0.0163636363636363,0.0614545454545455,0.0848484848484848,0.3515151515151515,0.0012914890869172,0.2804506699147381,1520.0,1490.0,0.6521739130434783,0.0023413431916204,0.0003650586066401,4.1435205284494304e-05
2017-09-19,1670.0,1680.0,1660.0,1675.0,62000.0,1675.0,1655.0,1643.0,1628.4,1551.0,1508.95,False,False,False,False,False,False,True,True,False,False,False,0.0119402985074626,0.044776119402985,,,0.027820895522388,0.0740298507462686,0.0746268656716417,0.3044776119402985,0.0015473887814313,0.2875836883749239,1530.0,1490.0,2.066666666666667,0.003316138540899,0.0009747953492786,0.0002558996945141
2017-09-20,1675.0,1705.0,1675.0,1705.0,70000.0,1705.0,1666.0,1651.5,1634.2,1553.5333333333333,1510.125,False,False,False,False,False,False,True,True,False,False,True,-0.0146627565982404,0.0205278592375366,,,0.0415249266862169,0.0888367546432062,0.0821114369501466,0.3079178885630498,0.0016306913272968,0.2930669088707235,1520.0,1485.0,1.1290322580645162,0.00354913719251,0.0002329986516109,8.330254586550183e-05
2017-09-21,1710.0,1720.0,1685.0,1710.0,75000.0,1710.0,1677.0,1659.5,1639.8,1556.1333333333334,1511.4,False,False,False,False,False,False,True,True,False,True,False,-0.0029239766081871,0.0087719298245614,,,0.0410526315789473,0.089980506822612,0.1023391812865497,0.3128654970760234,0.0016708079856054,0.301596866526062,1530.0,1475.0,1.0714285714285714,0.0034150506159287,-0.0001340865765813,4.011665830853896e-05
2017-09-22,1715.0,1715.0,1690.0,1700.0,35000.0,1700.0,1688.0,1665.0,1645.2,1558.8666666666666,1512.625,False,False,False,False,False,False,True,True,False,True,False,0.0029411764705882,0.0029411764705882,,,0.032235294117647,0.0830196078431373,0.1411764705882353,0.3029411764705882,0.0017534105974424,0.3084084084084084,1535.0,1470.0,0.4666666666666667,0.0032822757111597,-0.0001327749047689,8.260261183701636e-05
2017-09-25,1705.0,1705.0,1680.0,1690.0,28000.0,1690.0,1696.0,1670.5,1650.6,1561.5333333333333,1513.675,False,False,False,False,False,False,True,True,False,True,False,0.0325443786982248,0.029585798816568,,,0.0233136094674556,0.0760157790927021,0.136094674556213,0.2928994082840236,0.0017077231780728,0.3115833582759653,1545.0,1470.0,0.8,0.0032715376226825,-1.0738088477214424e-05,-4.5687419369567486e-05
2017-09-26,1690.0,1695.0,1685.0,1695.0,44000.0,1695.0,1700.0,1677.5,1655.8,1564.3333333333333,1514.375,False,False,False,False,False,False,True,True,False,True,False,0.0324483775811209,0.0206489675516224,,,0.0231268436578171,0.0770894788593904,0.1474926253687315,0.2831858407079646,0.0017898998508416,0.3126676602086438,1540.0,1465.0,1.5714285714285714,0.0031404759028868,-0.0001310617197957,8.217667276876712e-05
2017-09-27,1690.0,1690.0,1680.0,1680.0,40000.0,1680.0,1695.0,1680.5,1660.4,1566.8,1515.025,False,False,False,False,False,False,True,True,False,True,False,0.0357142857142857,0.0446428571428571,,,0.0116666666666666,0.0673809523809524,0.1785714285714285,0.3214285714285714,0.0015743340992256,0.3153823266884856,1540.0,1465.0,0.9090909090909092,0.0027704167670441,-0.0003700591358426,-0.000215565751616
2017-09-28,1695.0,1715.0,1675.0,1705.0,70000.0,1705.0,1694.0,1685.5,1665.8,1569.5333333333333,1515.825,False,False,False,False,False,False,True,True,False,False,False,0.0117302052785923,0.0351906158357771,,,0.022991202346041,0.0794525904203323,0.1143695014662756,0.3401759530791788,0.0017414942870492,0.3174132304954019,1540.0,1470.0,1.75,0.0032416856765517,0.0004712689095075,0.0001671601878236
2017-09-29,1700.0,1705.0,1695.0,1705.0,41000.0,1705.0,1695.0,1691.5,1668.4,1572.1333333333334,1516.8,False,False,False,False,False,False,True,True,False,True,False,0.0,0.0439882697947214,,,0.0214662756598239,0.0779276637341152,0.1202346041055718,0.3548387096774194,0.0016538037486219,0.3171741058232338,1545.0,1475.0,0.5857142857142857,0.0015583792855431,-0.0016833063910086,-8.769053842732169e-05
2017-10-02,1705.0,1745.0,1705.0,1745.0,117000.0,1745.0,1706.0,1701.0,1671.8,1575.3333333333333,1518.0,False,False,False,False,False,False,True,True,False,False,False,-0.0028653295128939,0.0085959885386819,,,0.0419484240687679,0.0972301814708691,0.1375358166189111,0.3151862464183381,0.0020313161235716,0.3136390358612581,1545.0,1490.0,2.8536585365853657,0.0020337360928339,0.0004753568072908,0.0003775123749496
2017-10-03,1755.0,1755.0,1745.0,1750.0,102000.0,1750.0,1717.0,1708.5,1675.4,1578.8,1519.15,False,False,False,False,False,False,True,True,False,False,False,-0.0114285714285714,-0.0057142857142857,,,0.0426285714285713,0.0978285714285714,0.1142857142857142,0.2742857142857143,0.0021957604932016,0.3105062920690664,1535.0,1495.0,0.8717948717948718,0.0021487405992599,0.0001150045064259,0.0001644443696299
2017-10-04,1750.0,1750.0,1735.0,1740.0,45000.0,1740.0,1729.0,1712.0,1679.2,1582.2,1520.225,False,False,False,False,False,False,True,True,False,False,False,0.0086206896551724,0.0086206896551724,,,0.0349425287356321,0.0906896551724137,0.1522988505747126,0.2816091954022988,0.0021489065857667,0.3078271028037383,1560.0,1500.0,0.4411764705882353,0.0022629823725583,0.0001142417732983,-4.6853907434895366e-05
2017-10-05,1745.0,1745.0,1725.0,1725.0,59000.0,1725.0,1733.0,1713.5,1682.0,1585.2666666666669,1521.275,False,False,False,False,False,False,True,True,False,True,False,0.0231884057971014,0.0057971014492753,,,0.024927536231884,0.0810048309178742,0.2057971014492753,0.2666666666666666,0.0019344800033644,0.3031806244528742,1575.0,1520.0,1.3111111111111111,0.0016646848989298,-0.0005982974736285,-0.0002144265824022
2017-10-06,1725.0,1730.0,1705.0,1705.0,59000.0,1705.0,1733.0,1714.0,1682.2,1588.1333333333334,1522.25,False,False,False,False,False,False,True,True,False,True,False,0.0439882697947214,0.0469208211143695,,,0.0133724340175952,0.0685434995112413,0.1642228739002932,0.2404692082111437,0.0018050541516244,0.2969661610268378,1565.0,1525.0,1.0,0.0001188919272381,-0.0015457929716916,-0.0001294258517399
2017-10-10,1710.0,1740.0,1710.0,1740.0,67000.0,1740.0,1732.0,1719.0,1683.6,1591.4666666666667,1523.5,False,False,False,False,False,False,True,True,False,False,True,0.0114942528735632,0.028735632183908,,,0.0324137931034483,0.0853639846743294,0.0804597701149425,0.2097701149425287,0.0020945040214476,0.2885398487492728,1555.0,1530.0,1.1355932203389831,0.0008315514373959,0.0007126595101578,0.0002894498698231
2017-10-11,1725.0,1740.0,1725.0,1730.0,27000.0,1730.0,1728.0,1722.5,1686.2,1594.6666666666667,1524.925,False,False,False,False,False,False,True,True,True,False,False,0.0057803468208092,0.0404624277456647,,,0.0253179190751444,0.0782273603082851,0.1213872832369942,0.2514450867052023,0.0020066889632107,0.2853410740203193,1540.0,1530.0,0.4029850746268656,0.001541928596845,0.000710377159449,-8.781505823694281e-05
2017-10-12,1730.0,1765.0,1730.0,1755.0,80000.0,1755.0,1731.0,1730.0,1691.6,1598.2666666666669,1526.425,False,False,False,False,False,False,True,True,False,False,False,0.0,0.0512820512820512,,,0.0361253561253561,0.0893067426400758,0.074074074074074,0.2336182336182336,0.0022524401434888,0.2765895953757225,1560.0,1540.0,2.962962962962963,0.0031922440293212,0.0016503154324762,0.0002457511802781
2017-10-13,1760.0,1765.0,1750.0,1765.0,52000.0,1765.0,1739.0,1736.0,1697.0,1602.1333333333334,1528.025,False,False,False,False,False,False,True,True,False,True,False,-0.0169971671388102,0.0679886685552408,,,0.0385269121813031,0.0922757318224739,0.093484419263456,0.1841359773371104,0.0024134487350199,0.2609447004608295,1570.0,1515.0,0.65,0.003182086034178,-1.0157995143257516e-05,0.000161008591531
2017-10-16,1770.0,1800.0,1755.0,1780.0,172000.0,1780.0,1754.0,1743.5,1702.4,1606.2666666666669,1529.625,False,False,False,False,False,False,True,True,False,True,False,0.0028089887640449,0.0898876404494382,,,0.0435955056179774,0.0976029962546815,0.095505617977528,0.095505617977528,0.0025732547522205,0.2348723831373673,1565.0,1525.0,3.3076923076923075,0.003171992481203,-1.0093552974954102e-05,0.0001598060172006
2017-10-17,1780.0,1780.0,1755.0,1760.0,71000.0,1760.0,1758.0,1745.0,1707.4,1610.1333333333334,1531.075,False,False,False,False,False,False,True,True,False,True,False,0.0170454545454545,0.0909090909090909,,,0.0298863636363635,0.085151515151515,0.1022727272727272,0.1392045454545454,0.002401457436237,0.2171919770773639,1555.0,1520.0,0.4127906976744186,0.0029284291905821,-0.0002435632906208,-0.0001717973159834
2017-10-18,1760.0,1760.0,1740.0,1740.0,35000.0,1740.0,1760.0,1744.0,1712.0,1613.8,1532.425,False,False,False,False,False,False,True,True,False,True,False,0.0344827586206896,0.1178160919540229,,,0.0160919540229885,0.0725287356321839,0.1149425287356321,0.1408045977011494,0.0022720700623785,0.203841743119266,1565.0,1530.0,0.4929577464788732,0.0026869158878504,-0.0002415133027317,-0.0001293873738585
2017-10-19,1750.0,1755.0,1745.0,1755.0,27000.0,1755.0,1760.0,1745.5,1716.2,1617.6666666666667,1533.85,False,False,False,False,False,False,True,True,False,True,False,0.0512820512820512,0.1282051282051282,,,0.022108262108262,0.0782526115859448,0.1025641025641025,0.0968660968660968,0.0023902740572842,0.1853337152678315,1565.0,1520.0,0.7714285714285715,0.0024472672182729,-0.0002396486695774,0.0001182039949056
2017-10-20,1755.0,1755.0,1720.0,1735.0,37000.0,1735.0,1754.0,1746.5,1719.4,1621.2,1535.2,False,False,False,False,False,False,True,True,False,True,False,0.0864553314121037,0.0951008645533141,,,0.0089913544668587,0.0655907780979826,0.1123919308357348,0.100864553314121,0.0021794555473311,0.1689092470655596,1570.0,1530.0,1.3703703703703705,0.0018611143422124,-0.0005861528760605,-0.000210818509953
2017-10-23,1735.0,1785.0,1735.0,1785.0,75000.0,1785.0,1755.0,1754.5,1725.0,1625.3333333333333,1536.75,False,False,False,False,False,False,True,True,False,False,True,0.0868347338935574,0.0700280112044818,,,0.0336134453781512,0.0894491129785247,0.1148459383753501,0.0532212885154061,0.0025430680885971,0.1501852379595326,1640.0,1535.0,2.027027027027027,0.0032463768115941,0.0013852624693817,0.0003636125412659
2017-10-24,1780.0,1795.0,1765.0,1790.0,101000.0,1790.0,1761.0,1759.5,1730.6,1629.3333333333333,1538.2,False,False,False,False,False,False,True,True,False,True,False,0.0726256983240223,0.1089385474860335,,,0.0331843575418994,0.0897579143389199,0.0977653631284916,0.0670391061452514,0.0024549918166939,0.1358340437624325,1660.0,1545.0,1.346666666666667,0.0032358719519241,-1.050485967001415e-05,-8.80762719031921e-05
2017-10-25,1800.0,1815.0,1790.0,1800.0,190000.0,1800.0,1773.0,1766.5,1735.6,1633.4,1539.7,False,False,False,False,False,False,True,True,False,True,False,0.0805555555555555,0.0833333333333333,,,0.0357777777777778,0.0925555555555555,0.0916666666666666,0.0638888888888888,0.002489694298192,0.1171808661194452,1660.0,1540.0,1.881188118811881,0.002880848121687,-0.0003550238302371,3.470248149806815e-05
2017-10-26,1800.0,1845.0,1790.0,1845.0,119000.0,1845.0,1791.0,1775.5,1741.2,1638.0,1541.45,False,False,False,False,False,False,True,True,False,False,False,0.073170731707317,0.086720867208672,,,0.0562601626016259,0.1121951219512195,0.037940379403794,0.065040650406504,0.0028083028083027,0.1002534497324697,1645.0,1540.0,0.6263157894736842,0.0032161727544223,0.0003353246327352,0.0003186085101107
2017-10-27,1850.0,1900.0,1850.0,1885.0,134000.0,1885.0,1821.0,1787.5,1748.2,1642.8666666666666,1543.45,False,False,False,False,False,False,True,True,False,False,False,0.0079575596816976,0.1034482758620689,,,0.0725729442970822,0.1284526967285588,0.0159151193633952,0.0371352785145888,0.0029623016678163,0.0853146853146853,1655.0,1540.0,1.1260504201680672,0.0040041185219082,0.0007879457674859,0.0001539988595136
2017-10-30,1885.0,1940.0,1885.0,1940.0,66000.0,1940.0,1852.0,1803.5,1757.8,1648.4,1545.7,False,False,False,False,False,False,True,True,False,False,False,-0.0154639175257731,0.0231958762886597,,,0.0939175257731959,0.1503092783505154,-0.0154639175257731,0.0051546391752577,0.0033567904230365,0.0756861657887441,1700.0,1545.0,0.4925373134328358,0.0054613721697576,0.0014572536478493,0.0003944887552202
2017-10-31,1930.0,1930.0,1900.0,1920.0,47000.0,1920.0,1878.0,1819.5,1767.0,1653.6,1547.9,False,False,False,False,False,False,True,True,False,True,False,0.0338541666666666,-0.0208333333333333,,,0.0796875,0.13875,0.0026041666666666,0.0260416666666666,0.0031446540880502,0.0643033800494641,1705.0,1545.0,0.7121212121212122,0.0052065647990945,-0.000254807370663,-0.0002121363349863
2017-11-01,1925.0,1960.0,1925.0,1945.0,105000.0,1945.0,1907.0,1840.0,1777.0,1659.1333333333334,1550.2,False,False,False,False,False,False,True,True,False,False,False,0.0025706940874035,-0.0025706940874035,,,0.0863753213367609,0.146975149957155,0.0077120822622107,0.0385604113110539,0.0033350745369069,0.0543478260869565,1665.0,1535.0,2.234042553191489,0.0056274620146314,0.0004208972155368,0.0001904204488567
2017-11-02,1945.0,1980.0,1930.0,1980.0,83000.0,1980.0,1934.0,1862.5,1789.0,1665.0,1552.7,False,False,False,False,False,False,True,True,False,False,False,0.0126262626262626,-0.0479797979797979,,,0.0964646464646464,0.1590909090909091,0.0025252525252525,0.0277777777777777,0.0035235235235234,0.0475167785234899,1620.0,1560.0,0.7904761904761904,0.0067076579094466,0.0010801958948152,0.0001884489866165
2017-11-06,1975.0,1985.0,1900.0,1900.0,159000.0,1900.0,1937.0,1879.0,1796.8,1670.1333333333334,1554.875,False,False,False,False,False,False,True,True,False,True,False,0.0947368421052631,0.0157894736842105,,,0.0543157894736842,0.1209824561403508,0.0894736842105263,0.0868421052631579,0.0030736068976529,0.0465673230441724,1630.0,1575.0,1.9156626506024097,0.0043410507569011,-0.0023666071525454,-0.0004499166258705
2017-11-07,1890.0,1945.0,1885.0,1910.0,74000.0,1910.0,1931.0,1891.5,1805.0,1675.2666666666669,1557.125,False,False,False,False,False,False,True,True,False,False,False,0.0392670157068062,0.0209424083769633,,,0.0549738219895288,0.1228970331588131,0.0863874345549738,0.094240837696335,0.003064188785865,0.0507533703409992,1645.0,1565.0,0.4654088050314465,0.0045429362880886,0.0002018855311875,-9.418111787945408e-06
2017-11-08,1920.0,1985.0,1915.0,1985.0,128000.0,1985.0,1944.0,1911.0,1814.6,1681.4666666666667,1559.75,False,False,False,False,False,False,True,True,False,False,False,-0.052896725440806,-0.0226700251889168,,,0.0858438287153652,0.152913518052057,0.0780856423173803,0.0503778337531486,0.0036872571564506,0.0491889063317634,1635.0,1555.0,1.7297297297297298,0.0052904221315992,0.0007474858435105,0.0006230683705856
2017-11-09,1985.0,2025.0,1930.0,1950.0,161000.0,1950.0,1945.0,1926.0,1822.6,1687.0666666666666,1562.1,False,False,False,False,False,False,True,True,False,True,False,-0.0051282051282051,-0.0051282051282051,,,0.0653333333333333,0.1348376068376068,0.0846153846153846,0.0589743589743589,0.0033193709001817,0.0488058151609553,1625.0,1540.0,1.2578125,0.0043893339185778,-0.0009010882130213,-0.0003678862562688
2017-11-10,1950.0,2010.0,1935.0,2005.0,122000.0,2005.0,1950.0,1942.0,1833.2,1693.5333333333333,1564.775,False,False,False,False,False,False,True,True,False,False,False,-0.0598503740648379,-0.0349127182044887,,,0.0856857855361595,0.1553449709060682,0.0174563591022443,0.0149625935162094,0.0038184466401606,0.0437693099897013,1650.0,1560.0,0.7577639751552795,0.0057822387082697,0.0013929047896919,0.0004990757399789
2017-11-13,2010.0,2100.0,2000.0,2080.0,171000.0,2080.0,1986.0,1961.5,1847.4,1700.8666666666666,1567.825,False,False,False,False,False,False,True,True,False,False,False,-0.0721153846153846,-0.0721153846153846,,,0.111826923076923,0.1822756410256411,-0.0192307692307692,0.0,0.0043115274565907,0.0397654855977568,1655.0,1570.0,1.401639344262295,0.0076864782938183,0.0019042395855485,0.00049308081643
2017-11-14,2070.0,2070.0,1985.0,1985.0,123000.0,1985.0,2001.0,1966.0,1858.6,1706.8666666666666,1570.375,False,False,False,False,False,False,True,True,False,True,False,-0.017632241813602,0.0025188916876574,,,0.0636775818639799,0.1401175482787574,0.0377833753148614,0.0377833753148614,0.0035152130609694,0.0429806714140386,1645.0,1565.0,0.7192982456140351,0.0060260411062088,-0.0016604371876094,-0.0007963143956212
2017-11-15,1965.0,1965.0,1835.0,1880.0,171000.0,1880.0,1980.0,1962.0,1864.2,1711.3333333333333,1572.35,False,False,False,False,False,False,True,True,False,True,False,0.0319148936170212,0.0452127659574468,,,0.0084042553191489,0.0897163120567376,0.0930851063829787,0.1037234042553191,0.0026100506427736,0.0504587155963302,1650.0,1555.0,1.3902439024390243,0.0030039695311662,-0.0030220715750426,-0.0009051624181957
2017-11-16,1865.0,1945.0,1865.0,1940.0,73000.0,1940.0,1978.0,1961.5,1872.6,1716.6666666666667,1574.675,False,False,False,False,False,False,True,True,False,False,False,0.0,0.0128865979381443,,,0.0347422680412371,0.1151202749140893,0.0592783505154639,0.0695876288659793,0.0031067961165049,0.0535304613815957,1675.0,1565.0,0.4269005847953216,0.0044857417494392,0.0014817722182729,0.0004967454737312
2017-11-17,1940.0,1950.0,1885.0,1885.0,58000.0,1885.0,1954.0,1952.0,1877.8,1721.2666666666669,1576.725,False,False,False,False,False,False,True,True,False,True,False,0.026525198938992,0.0159151193633952,,,0.0038196286472148,0.0868611847922191,0.0769230769230769,0.1273209549071618,0.0026724505209342,0.0632684426229508,1705.0,1565.0,0.7945205479452054,0.0027691979976568,-0.0017165437517823,-0.0004343455955706
2017-11-20,1905.0,1975.0,1905.0,1930.0,66000.0,1930.0,1924.0,1955.0,1884.4,1726.4666666666667,1579.0,False,False,False,False,False,False,True,True,False,False,False,0.0,-0.0077720207253886,,,0.0236269430051813,0.1054576856649395,0.0362694300518134,0.0932642487046632,0.0030119318840019,0.0639386189258312,1710.0,1570.0,1.137931034482759,0.0035024410953089,0.000733243097652,0.0003394813630676
2017-11-21,1930.0,1960.0,1930.0,1950.0,23000.0,1950.0,1917.0,1959.0,1891.2,1731.8666666666666,1581.325,False,False,False,False,False,False,True,True,False,False,False,0.0205128205128205,-0.0205128205128205,,,0.0301538461538461,0.1118632478632479,0.041025641025641,0.0743589743589743,0.0031180229424897,0.062021439509954,1700.0,1640.0,0.3484848484848485,0.0035956006768189,9.315958151000312e-05,0.0001060910584878
2017-11-22,1970.0,1985.0,1940.0,1940.0,33000.0,1940.0,1929.0,1954.5,1898.4,1737.1333333333334,1583.65,False,False,False,False,False,False,True,True,False,False,False,0.0128865979381443,-0.0077319587628865,,,0.0214432989690721,0.1045704467353951,0.0618556701030927,0.0592783505154639,0.0030318148674061,0.0629316960859554,1690.0,1660.0,1.434782608695652,0.0037926675094816,0.0001970668326627,-8.620807508352745e-05
2017-11-24,1945.0,1950.0,1940.0,1940.0,27000.0,1940.0,1929.0,1953.5,1906.4,1742.5333333333333,1586.025,False,False,False,False,False,False,True,True,False,False,False,0.0128865979381443,0.0103092783505154,,,0.0173195876288659,0.101786941580756,0.0644329896907216,0.0747422680412371,0.0030989364144157,0.0644996160737138,1695.0,1660.0,0.8181818181818182,0.0041963911036508,0.0004037235941691,6.712154700952173e-05
2017-11-27,1940.0,1950.0,1930.0,1935.0,63000.0,1935.0,1939.0,1946.5,1913.6,1747.5333333333333,1588.375,False,False,False,False,False,False,True,True,False,True,False,-0.0103359173126615,0.0258397932816537,,,0.0110594315245478,0.0968819982773471,0.1033591731266149,0.0620155038759689,0.0028611757524892,0.0693552530182378,1680.0,1645.0,2.333333333333333,0.0037625418060199,-0.0004338492976308,-0.0002377606619264
2017-11-28,1935.0,1940.0,1920.0,1930.0,17000.0,1930.0,1939.0,1931.5,1921.4,1752.2666666666669,1590.675,False,False,False,False,False,False,True,True,False,False,False,-0.0077720207253886,0.0725388601036269,,,0.0044559585492227,0.092089810017271,0.1321243523316062,0.077720207253886,0.0027012631258561,0.0776598498576236,1705.0,1655.0,0.2698412698412698,0.0040595399188092,0.0002969981127893,-0.000159912626633
2017-11-29,1945.0,1990.0,1945.0,1990.0,49000.0,1990.0,1947.0,1932.0,1929.6,1757.9333333333334,1593.325,False,False,False,False,False,False,True,True,False,False,False,-0.0402010050251256,0.0427135678391959,,,0.0303517587939698,0.1166164154103852,0.1231155778894472,0.0326633165829145,0.0032234821191549,0.0771221532091097,1705.0,1700.0,2.8823529411764706,0.0042495854063017,0.0001900454874924,0.0005222189932988
2017-11-30,1995.0,1995.0,1950.0,1965.0,56000.0,1965.0,1952.0,1940.5,1936.6,1763.4,1595.925,False,False,False,False,False,False,True,True,False,True,True,-0.0203562340966921,0.089058524173028,,,0.0144529262086514,0.1025954198473282,0.1348600508905852,0.0229007633587786,0.0031000718309326,0.0690543674310744,1745.0,1705.0,1.1428571428571428,0.0036145822575648,-0.0006350031487369,-0.0001234102882222
2017-12-01,1975.0,1975.0,1960.0,1965.0,21000.0,1965.0,1957.0,1943.0,1943.2,1769.0666666666666,1598.4,False,False,False,False,False,False,True,True,False,True,False,-0.0025445292620865,0.0763358778625954,,,0.0110941475826971,0.0997116200169635,0.1119592875318066,0.015267175572519,0.0032031956587276,0.0635615028306742,1750.0,1665.0,0.375,0.0033964594483327,-0.000218122809232,0.0001031238277949
2017-12-04,1965.0,1965.0,1915.0,1915.0,45000.0,1915.0,1953.0,1946.0,1946.0,1773.8,1600.55,False,False,False,False,False,False,True,True,False,True,False,0.0365535248041775,0.0652741514360313,,,-0.0161879895561357,0.073733681462141,0.1644908616187989,0.0652741514360313,0.0026684707031984,0.0575539568345323,1740.0,1620.0,2.142857142857143,0.0014388489208632,-0.0019576105274694,-0.0005347249555292
2017-12-05,1930.0,1930.0,1890.0,1915.0,40000.0,1915.0,1950.0,1944.5,1947.2,1778.4,1602.675,False,False,False,False,False,False,True,True,False,True,False,0.0809399477806788,0.0652741514360313,,,-0.0168146214099216,0.071331592689295,0.1723237597911227,0.0339425587467362,0.0025865946918579,0.0516842375932116,1725.0,1630.0,0.8888888888888888,0.0006162695152013,-0.0008225794056619,-8.18760113404887e-05
2017-12-06,1905.0,1925.0,1895.0,1910.0,42000.0,1910.0,1934.0,1940.5,1946.0,1783.0,1604.825,False,False,False,False,False,False,False,True,False,True,False,0.0863874345549738,0.0785340314136125,,,-0.018848167539267,0.0664921465968586,0.1596858638743455,0.0392670157068062,0.0025799214806505,0.0481834578716825,1705.0,1645.0,1.05,-0.0006166495375128,-0.0012329190527142,-6.673211207388393e-06
2017-12-07,1905.0,1935.0,1905.0,1925.0,31000.0,1925.0,1926.0,1939.0,1946.2,1787.9333333333334,1607.05,False,False,False,False,False,False,True,True,False,False,False,0.1116883116883116,0.0675324675324675,,,-0.011012987012987,0.0712034632034631,0.135064935064935,0.0441558441558441,0.0027592378537604,0.0466735430634347,1740.0,1635.0,0.7380952380952381,0.0001027643613195,0.0007194138988323,0.0001793163731098
2017-12-08,1940.0,1970.0,1940.0,1960.0,59000.0,1960.0,1925.0,1941.0,1946.8,1793.2,1609.425,False,False,False,False,True,False,True,True,False,False,False,0.0790816326530612,0.048469387755102,,,0.006734693877551,0.0851020408163265,0.1096938775510204,0.0255102040816326,0.0029370213398765,0.0417310664605873,1730.0,1625.0,1.903225806451613,0.0003081980686253,0.0002054337073058,0.0001777834861161
2017-12-11,1980.0,2000.0,1965.0,1985.0,36000.0,1985.0,1939.0,1946.0,1947.0,1798.8,1611.925,False,False,False,False,False,False,True,True,False,True,False,0.0277078085642317,0.0226700251889168,,,0.0191435768261964,0.0938035264483627,0.1183879093198992,0.0025188916876574,0.0031131865688236,0.0357142857142857,1755.0,1650.0,0.6101694915254238,0.0001027221366204,-0.0002054759320049,0.000176165228947
2017-12-12,2035.0,2085.0,2015.0,2070.0,204000.0,2070.0,1970.0,1960.0,1953.8,1805.4666666666667,1614.85,False,False,False,False,False,False,True,True,True,False,False,-0.0144927536231884,-0.0338164251207729,,,0.0561352657004831,0.1277938808373591,0.1038647342995169,-0.0144927536231884,0.003692489476405,0.0262755102040816,1765.0,1655.0,5.666666666666667,0.0034803971747363,0.0033776750381159,0.0005793029075814
2017-12-13,2110.0,2110.0,2050.0,2075.0,151000.0,2075.0,2003.0,1968.5,1960.4,1811.2666666666669,1617.725,False,False,False,False,False,False,True,True,False,True,False,-0.0072289156626506,-0.0216867469879518,,,0.0552289156626505,0.1271004016064256,0.1132530120481927,-0.016867469879518,0.0032021789539549,0.0210820421640843,1780.0,1645.0,0.7401960784313726,0.0033666598653336,-0.0001137373094027,-0.00049031052245
2017-12-14,2080.0,2140.0,2080.0,2140.0,214000.0,2140.0,2046.0,1986.0,1966.6,1817.6666666666667,1620.925,False,False,False,False,False,False,True,True,False,True,False,-0.0397196261682243,-0.0373831775700934,,,0.0810280373831776,0.1506230529595015,0.072429906542056,-0.0467289719626168,0.0035209976159911,0.0135951661631419,1760.0,1650.0,1.4172185430463575,0.0031526492423471,-0.0002140106229865,0.0003188186620361
2017-12-15,2140.0,2175.0,2100.0,2115.0,190000.0,2115.0,2077.0,2001.0,1973.2,1823.733333333333,1623.975,False,False,False,False,False,False,True,True,False,False,False,-0.0283687943262411,-0.0236406619385342,,,0.0670449172576831,0.1377147360126084,0.0543735224586288,-0.0354609929078014,0.0033265097236436,0.0082458770614692,1740.0,1675.0,0.8878504672897196,0.0033448205959862,0.0001921713536391,-0.0001944878923474
2017-12-18,2105.0,2105.0,2040.0,2040.0,98000.0,2040.0,2088.0,2013.5,1974.6,1829.0,1626.675,False,False,False,False,False,False,True,True,False,True,False,-0.0049019607843137,0.0465686274509803,,,0.0320588235294118,0.1034313725490196,0.0931372549019607,0.0049019607843137,0.0028795334426828,0.0024832381425378,1755.0,1705.0,0.5157894736842106,0.0007090043553123,-0.0026358162406738,-0.0004469762809608
2017-12-19,2065.0,2070.0,2025.0,2040.0,83000.0,2040.0,2082.0,2026.0,1973.0,1834.1333333333328,1629.375,False,False,False,False,False,False,False,True,False,True,False,-0.0196078431372549,0.071078431372549,,,0.0328431372549019,0.1009150326797386,0.071078431372549,0.0098039215686274,0.0027987787147425,0.0002467917077986,1735.0,1710.0,0.8469387755102041,-0.0008109477952356,-0.001519952150548,-8.075472794022865e-05
2017-12-20,2050.0,2075.0,2050.0,2060.0,51000.0,2060.0,2079.0,2041.0,1976.0,1838.9333333333327,1632.125,False,False,False,False,False,False,True,True,True,False,False,-0.0145631067961165,0.0849514563106796,,,0.0407766990291262,0.1073139158576052,0.0266990291262135,-0.0024271844660194,0.0026102088167053,-0.0036746692797648,1785.0,1700.0,0.6144578313253012,0.0015182186234817,0.0023291664187174,-0.0001885698980372
2017-12-21,2075.0,2075.0,2055.0,2055.0,28000.0,2055.0,2062.0,2054.0,1983.0,1843.6,1634.875,False,False,False,False,False,False,True,True,False,False,False,0.0024330900243309,0.0851581508515815,,,0.0350364963503649,0.1028710462287105,0.024330900243309,0.0072992700729927,0.0025312793809214,-0.0070593962999026,1790.0,1690.0,0.5490196078431373,0.0035300050428643,0.0020117864193825,-7.892943578388526e-05
2017-12-22,2055.0,2075.0,2055.0,2055.0,28000.0,2055.0,2050.0,2063.5,1987.6,1848.8,1637.65,False,False,False,False,False,False,True,True,False,True,False,0.0048661800486618,0.0632603406326034,,,0.0327980535279805,0.1003406326034063,0.0535279805352798,0.0072992700729927,0.0028126352228472,-0.0087230433729101,1800.0,1695.0,1.0,0.0023143489635741,-0.0012156560792902,0.0002813558419258
2017-12-25,2050.0,2050.0,2025.0,2030.0,31000.0,2030.0,2048.0,2068.0,1993.4,1854.2666666666669,1640.3,False,False,False,False,False,False,True,True,False,False,False,0.0517241379310344,0.0985221674876847,,,0.0180295566502462,0.0865681444991788,0.0665024630541872,0.0123152709359605,0.0029481556050911,-0.0077369439071566,1845.0,1680.0,1.1071428571428572,0.0029096016855624,0.0005952527219883,0.0001355203822438
2017-12-26,2040.0,2055.0,1980.0,2000.0,91000.0,2000.0,2040.0,2061.0,1996.2,1859.2,1642.775,False,False,False,False,False,False,True,True,False,True,False,0.0925,0.1225,,,0.0018999999999999,0.0703999999999999,0.045,0.05,0.0026534710269649,-0.0014556040756914,1885.0,1705.0,2.935483870967742,0.0014026650636208,-0.0015069366219415,-0.0002946845781261
2017-12-27,2015.0,2060.0,2010.0,2030.0,155000.0,2030.0,2034.0,2056.5,1999.4,1864.3333333333333,1645.4,False,False,False,False,False,False,True,True,False,False,False,0.1009852216748768,0.0911330049261083,,,0.0150738916256157,0.0816091954022988,-0.0394088669950738,0.0344827586206896,0.0027534418022527,0.0036469730123997,1940.0,1705.0,1.7032967032967032,0.0016004801440432,0.0001978150804223,9.997077528783784e-05
2017-12-28,2045.0,2075.0,2040.0,2060.0,77000.0,2060.0,2035.0,2048.5,2004.2,1870.0,1648.175,False,False,False,False,False,False,True,True,False,False,False,0.0825242718446602,0.0606796116504854,,,0.0270873786407766,0.0922330097087378,-0.0266990291262135,0.0169902912621359,0.003030303030303,0.0102514034659506,1920.0,1745.0,0.4967741935483871,0.0023949705618201,0.0007944904177769,0.0002768612280503
2017-12-29,2060.0,2075.0,2055.0,2065.0,73000.0,2065.0,2037.0,2043.5,2009.2,1875.8666666666663,1650.95,False,False,False,False,False,False,True,True,False,False,False,0.0581113801452784,0.0532687651331719,,,0.0270217917675544,0.0915899919289751,-0.0387409200968523,0.0193704600484261,0.0031274433150897,0.0159040861267433,1945.0,1750.0,0.948051948051948,0.0024885526577742,9.35820959540837e-05,9.714028478666594e-05
2018-01-04,2080.0,2135.0,2080.0,2135.0,87000.0,2135.0,2058.0,2053.0,2017.2,1882.3333333333333,1654.075,False,False,False,False,False,False,True,True,False,False,True,0.0444964871194379,0.0398126463700234,,,0.055175644028103,0.1183450429352069,-0.0983606557377049,-0.009367681498829,0.0034354524526298,0.0143692157817827,1980.0,1740.0,1.1917808219178083,0.0039658933174697,0.0014773406596955,0.0003080091375401
2018-01-05,2130.0,2185.0,2105.0,2185.0,120000.0,2185.0,2095.0,2067.5,2027.4,1889.4,1657.325,False,False,False,False,False,False,True,True,False,False,False,0.0274599542334096,0.045766590389016,,,0.0721281464530892,0.1352860411899313,-0.125858123569794,-0.0389016018306636,0.0037401644260965,0.0091898428053204,1900.0,1725.0,1.3793103448275863,0.005031074282332,0.0010651809648623,0.0003047119734667
2018-01-09,2230.0,2250.0,2210.0,2235.0,240000.0,2235.0,2136.0,2085.0,2037.2,1897.2666666666669,1660.8,False,False,False,False,False,False,True,True,False,True,False,-0.0089485458612975,0.0335570469798657,,,0.0885011185682326,0.151111111111111,-0.1588366890380313,-0.0357941834451901,0.004146315752486,0.005515587529976,1910.0,1705.0,2.0,0.0048105242489691,-0.0002205500333629,0.0004061513263895
2018-01-10,2250.0,2260.0,2230.0,2230.0,106000.0,2230.0,2170.0,2102.5,2047.8,1905.0,1664.075,False,False,False,False,False,False,True,True,False,False,False,-0.0201793721973094,0.0291479820627802,,,0.0817040358744394,0.1457399103139013,-0.1434977578475336,-0.0448430493273542,0.0040594925634294,0.0,1985.0,1740.0,0.4416666666666666,0.0051762867467525,0.0003657624977834,-8.682318905663643e-05
2018-01-11,2220.0,2225.0,2180.0,2185.0,97000.0,2185.0,2194.0,2115.5,2056.6,1911.8,1667.25,False,False,False,False,False,False,True,True,False,True,False,-0.0045766590389016,0.0205949656750572,,,0.0587643020594966,0.1250343249427918,-0.1235697940503432,-0.0160183066361556,0.0035568574118631,-0.0023635074450484,1950.0,1730.0,0.9150943396226416,0.0042789069337741,-0.0008973798129784,-0.0005026351515663
2018-01-12,2185.0,2245.0,2185.0,2230.0,115000.0,2230.0,2213.0,2135.5,2069.2,1918.8,1670.675,False,False,False,False,False,False,True,True,False,False,False,-0.0044843049327354,0.0,,,0.0721076233183857,0.1395515695067264,-0.1188340807174887,-0.0448430493273542,0.0036481134042109,-0.0081948021540622,2005.0,1755.0,1.1855670103092784,0.0060893098782137,0.0018104029444395,9.125599234782344e-05
2018-01-15,2230.0,2255.0,2225.0,2245.0,136000.0,2245.0,2225.0,2160.0,2082.4,1925.9333333333327,1674.175,False,False,False,False,False,False,True,True,False,False,False,0.0178173719376391,-0.0267260579064587,,,0.0724276169265033,0.1421232368225687,-0.1291759465478842,-0.0534521158129175,0.0037038319083387,-0.018287037037037,2080.0,1765.0,1.182608695652174,0.0063388398002306,0.0002495299220168,5.571850412778613e-05
2018-01-16,2245.0,2245.0,2210.0,2215.0,62000.0,2215.0,2221.0,2178.5,2094.6,1932.8,1677.5,False,False,False,False,False,False,True,True,False,True,False,0.0428893905191873,-0.0451467268623024,,,0.0543566591422122,0.1274040632054176,-0.1196388261851015,-0.0406320541760722,0.0035527041942605,-0.0254762451227909,1985.0,1780.0,0.4558823529411764,0.0058245010980615,-0.000514338702169,-0.0001511277140782
2018-01-17,2210.0,2210.0,2175.0,2185.0,53000.0,2185.0,2212.0,2191.0,2105.0,1939.4,1680.65,False,False,False,False,False,False,True,True,False,True,False,0.0503432494279176,-0.0366132723112128,,,0.0366132723112128,0.1124027459954233,-0.0983981693363844,-0.0274599542334096,0.0034031143652676,-0.0296668188041989,1880.0,1760.0,0.8548387096774194,0.0049406175771971,-0.0008838835208644,-0.0001495898289928
2018-01-18,2195.0,2195.0,2155.0,2175.0,82000.0,2175.0,2210.0,2202.0,2113.6,1945.8,1683.85,False,False,False,False,False,False,True,True,False,True,False,0.025287356321839,-0.0045977011494252,,,0.0282298850574713,0.1053793103448276,-0.0712643678160919,-0.0137931034482758,0.0032891355740568,-0.0326975476839237,1940.0,1740.0,1.5471698113207548,0.0040688872066615,-0.0008717303705356,-0.0001139787912108
2018-01-19,2175.0,2220.0,2170.0,2220.0,96000.0,2220.0,2208.0,2210.5,2123.0,1953.0,1687.225,False,False,False,False,False,False,True,True,False,False,False,0.0045045045045045,-0.0247747747747747,,,0.0436936936936936,0.1202702702702702,-0.0833333333333333,-0.0337837837837837,0.0036866359447004,-0.035059941189776,1885.0,1755.0,1.170731707317073,0.0044276966556759,0.0003588094490143,0.0003975003706436
2018-01-22,2235.0,2295.0,2235.0,2285.0,267000.0,2285.0,2216.0,2220.5,2131.6,1960.733333333333,1691.15,False,False,False,False,False,False,True,True,False,True,False,-0.0437636761487965,-0.0853391684901531,,,0.0671334792122538,0.1419110138584975,-0.0962800875273523,-0.0590809628008752,0.0039441025466661,-0.0371537941904976,1930.0,1735.0,2.78125,0.0040345280540438,-0.0003931686016321,0.0002574666019656
2018-01-23,2305.0,2340.0,2290.0,2310.0,261000.0,2310.0,2235.0,2228.0,2141.0,1968.8,1695.175,False,False,False,False,False,False,True,True,False,False,False,-0.0844155844155844,-0.1558441558441558,,,0.0731601731601731,0.1477056277056277,-0.0952380952380952,-0.0952380952380952,0.0040972504402005,-0.0433123877917414,1950.0,1785.0,0.9775280898876404,0.0043904717421765,0.0003559436881327,0.0001531478935344
2018-01-24,2310.0,2335.0,2280.0,2295.0,198000.0,2295.0,2257.0,2234.5,2147.2,1976.1333333333328,1699.175,False,False,False,False,False,False,True,True,False,True,False,-0.0827886710239651,-0.1263616557734204,,,0.064400871459695,0.1389397240377633,-0.0915032679738562,-0.1067538126361655,0.0037109506780918,-0.0496755426269859,1940.0,1790.0,0.7586206896551724,0.0028874813710878,-0.0015029903710887,-0.0003862997621086
2018-01-25,2285.0,2305.0,2230.0,2230.0,415000.0,2230.0,2268.0,2239.0,2151.8,1982.5333333333333,1703.025,False,False,False,False,False,False,True,True,False,True,False,-0.0291479820627802,-0.1098654708520179,,,0.0350672645739909,0.1109715994020926,-0.0739910313901345,-0.0582959641255605,0.0032281928845248,-0.0538186690486824,1940.0,1800.0,2.095959595959596,0.0021377451436008,-0.0007497362274869,-0.0004827577935669
2018-01-26,2225.0,2245.0,2205.0,2230.0,158000.0,2230.0,2270.0,2239.0,2159.4,1989.0666666666664,1707.175,False,False,False,False,False,False,True,True,False,False,False,-0.0291479820627802,-0.1367713004484305,,,0.031659192825112,0.1080418535127056,-0.0874439461883408,-0.0538116591928251,0.003284622603566,-0.0547119249665029,1935.0,1845.0,0.380722891566265,0.0035194961563396,0.0013817510127388,5.6429719041136295e-05
2018-01-29,2225.0,2235.0,2185.0,2185.0,184000.0,2185.0,2250.0,2233.0,2165.2,1995.2,1711.1,False,False,False,False,False,False,True,True,False,True,False,-0.0434782608695652,-0.125858123569794,,,0.0090617848970252,0.0868649885583523,-0.0480549199084668,-0.0091533180778032,0.0030740443731624,-0.0503806538289296,1930.0,1885.0,1.1645569620253164,0.0026787363753924,-0.0008407597809472,-0.0002105782304036
2018-01-30,2165.0,2190.0,2115.0,2115.0,172000.0,2115.0,2211.0,2223.0,2167.4,2000.6666666666667,1714.825,False,False,False,False,False,False,True,True,False,True,False,-0.0780141843971631,-0.1111111111111111,,,-0.0247754137115839,0.0540583136327816,-0.0260047281323877,0.0165484633569739,0.0027324225258247,-0.0449842555105713,1990.0,1940.0,0.9347826086956522,0.0010150410630249,-0.0016636953123674,-0.0003416218473376
2018-01-31,2105.0,2130.0,2070.0,2105.0,99000.0,2105.0,2173.0,2215.0,2169.4,2005.5333333333333,1718.525,False,False,False,False,False,False,True,True,False,True,False,-0.0475059382422802,-0.0926365795724465,,,-0.0305938242280285,0.0472525732383214,-0.014251781472684,0.0213776722090261,0.0024266196855366,-0.0404063205417607,1965.0,1920.0,0.5755813953488372,0.0009219138932423,-9.312716978257714e-05,-0.0003058028402881
2018-02-01,2115.0,2180.0,2115.0,2165.0,98000.0,2165.0,2160.0,2214.0,2173.8,2011.3333333333333,1722.475,False,False,False,False,False,False,True,True,True,False,False,-0.0831408775981524,-0.115473441108545,,,-0.0040646651270208,0.070977675134719,-0.0415704387990762,-0.023094688221709,0.0028836592641696,-0.0413279132791327,1965.0,1945.0,0.98989898989899,0.0020241052534732,0.0011021913602308,0.000457039578633
2018-02-02,2185.0,2190.0,2140.0,2165.0,183000.0,2165.0,2147.0,2208.5,2179.2,2016.8,1726.35,False,False,False,False,False,False,True,True,False,False,False,-0.1108545034642032,-0.092378752886836,,,-0.0065588914549652,0.0684526558891455,-0.0184757505773672,-0.023094688221709,0.0027105645907708,-0.0402988453701607,1915.0,1980.0,1.8673469387755104,0.0024779735682817,0.0004538683148085,-0.0001730946733988
2018-02-05,2105.0,2110.0,2080.0,2090.0,78000.0,2090.0,2128.0,2189.0,2182.8,2021.1333333333328,1729.95,False,False,False,False,False,False,True,True,False,True,False,-0.0861244019138756,-0.0645933014354067,,,-0.0444019138755981,0.0329505582137161,0.0095693779904306,0.0,0.0021440116106474,-0.0344906349931475,1915.0,1900.0,0.4262295081967213,0.0016492578339748,-0.0008287157343068,-0.0005665529801234
2018-02-06,1950.0,1985.0,1880.0,1950.0,224000.0,1950.0,2095.0,2153.0,2179.6,2023.4,1732.95,False,False,False,False,False,False,False,True,False,True,False,-0.0358974358974358,0.0,,,-0.1177435897435897,-0.0376410256410256,0.0743589743589743,0.0512820512820512,0.0011202266811638,-0.0202043660009289,1910.0,1910.0,2.871794871794872,-0.0014681592952836,-0.0031174171292585,-0.0010237849294836
2018-02-07,2020.0,2060.0,2005.0,2005.0,102000.0,2005.0,2075.0,2124.0,2177.4,2026.6666666666667,1736.2,False,False,False,False,False,False,False,True,False,False,False,-0.0473815461346633,-0.0174563591022443,,,-0.0859850374064838,-0.0108063175394846,0.0249376558603491,0.0024937655860349,0.0016118421052631,-0.0087099811676082,1925.0,1985.0,0.4553571428571428,-0.00101037935152,0.0004577799437635,0.0004916154240993
2018-02-08,2015.0,2025.0,1975.0,1985.0,56000.0,1985.0,2039.0,2099.5,2174.2,2029.9333333333327,1739.225,False,False,False,False,False,False,False,True,False,True,False,-0.035264483627204,0.017632241813602,,,-0.095314861460957,-0.0226364399664146,0.0503778337531486,0.0302267002518891,0.0016092482511739,0.0002381519409383,1960.0,1950.0,0.5490196078431373,-0.0014718057216448,-0.0004614263701247,-2.593854089175422e-06
2018-02-09,1905.0,1935.0,1895.0,1925.0,84000.0,1925.0,1991.0,2069.0,2165.8,2032.2,1741.875,False,False,False,False,False,False,False,True,False,True,False,0.0207792207792207,0.0571428571428571,,,-0.1250909090909092,-0.0556883116883117,0.0675324675324675,0.0597402597402597,0.0011153757832235,0.0115998066698888,1985.0,2005.0,1.5,-0.0038784744667095,-0.0024066687450647,-0.0004938724679504
2018-02-13,1955.0,1960.0,1910.0,1910.0,95000.0,1910.0,1955.0,2041.5,2154.8,2034.5333333333333,1744.45,False,False,False,False,False,False,False,True,False,True,False,0.0235602094240837,0.0811518324607329,,,-0.1281675392670158,-0.0652006980802792,0.0890052356020942,0.0916230366492146,0.00114686414575,0.0213078618662748,2070.0,2080.0,1.130952380952381,-0.0051048821236309,-0.0012264076569213,3.1488362526471605e-05
2018-02-14,1920.0,1935.0,1860.0,1880.0,73000.0,1880.0,1941.0,2018.0,2140.6,2035.8,1746.7,False,False,False,False,False,False,False,True,False,True,False,0.0372340425531914,0.1117021276595744,,,-0.1386170212765957,-0.0828723404255318,0.0930851063829787,0.1117021276595744,0.0006221960244948,0.0302279484638255,2075.0,1985.0,0.7684210526315789,-0.0066336541156686,-0.0015287719920376,-0.0005246681212551
2018-02-15,1905.0,1945.0,1895.0,1910.0,53000.0,1910.0,1922.0,1998.5,2127.8,2037.4,1749.075,False,False,False,False,False,False,False,True,False,False,False,0.031413612565445,0.0916230366492146,,,-0.1140314136125655,-0.0667015706806283,0.0523560209424083,0.0916230366492146,0.0007853146166683,0.037027770828121,2140.0,1880.0,0.726027397260274,-0.0060156029702038,0.0006180511454647,0.0001631185921735
2018-02-16,1910.0,1940.0,1905.0,1915.0,95000.0,1915.0,1908.0,1973.5,2117.0,2038.9333333333327,1751.45,False,False,False,False,False,False,False,True,False,False,False,0.0548302872062663,0.0783289817232376,,,-0.1054830287206266,-0.0647171453437771,0.04177545691906,0.1018276762402088,0.0007520272037665,0.0499113250570053,2115.0,1940.0,1.7924528301886793,-0.0051015588096363,0.0009140441605674,-3.32874129018206e-05
2018-02-19,1940.0,1970.0,1940.0,1965.0,116000.0,1965.0,1916.0,1953.5,2106.4,2040.5333333333333,1753.95,False,False,False,False,False,False,False,True,False,False,False,0.0356234096692111,0.0356234096692111,,,-0.0719592875318066,-0.0384393553859202,0.0381679389312977,0.0865139949109414,0.0007841087297439,0.0616841566419247,2040.0,1885.0,1.2210526315789474,-0.0050322825674135,6.927624222281045e-05,3.208152597737569e-05
2018-02-20,1965.0,1975.0,1950.0,1955.0,96000.0,1955.0,1925.0,1940.0,2094.8,2041.4666666666667,1756.375,False,False,False,False,False,False,False,True,False,True,False,0.0562659846547314,0.0639386189258312,,,-0.0715089514066497,-0.0442284739982949,0.0127877237851662,0.0920716112531969,0.0004571876428711,0.0713917525773195,2040.0,1930.0,0.8275862068965517,-0.0055375214817643,-0.0005052389143507,-0.0003269210868727
2018-02-21,1955.0,1960.0,1940.0,1950.0,56000.0,1950.0,1939.0,1940.0,2084.2,2041.6,1758.775,False,False,False,False,False,False,False,True,False,False,False,0.0717948717948717,0.0564102564102564,,,-0.0688205128205127,-0.0469743589743589,0.0179487179487179,0.0923076923076923,6.530825496336798e-05,0.0755154639175257,2060.0,1950.0,0.5833333333333334,-0.0050858842721429,0.0004516372096213,-0.0003918793879078
2018-02-22,1970.0,1975.0,1945.0,1970.0,67000.0,1970.0,1951.0,1936.5,2075.6,2042.2666666666669,1761.375,False,False,False,False,False,False,False,True,False,False,False,0.0583756345177665,0.0532994923857868,,,-0.0536040609137055,-0.03668358714044,0.0203045685279187,0.0736040609137055,0.0003264346804205,0.0828814872192099,2055.0,1940.0,1.1964285714285714,-0.004143380227404,0.0009425040447388,0.0002611264254572
2018-02-23,1980.0,2020.0,1980.0,2020.0,63000.0,2020.0,1972.0,1940.0,2069.4,2043.2666666666669,1764.15,False,False,False,False,False,False,False,True,False,False,False,0.0222772277227722,0.0272277227722772,,,-0.0244554455445545,-0.0115181518151816,-0.0049504950495049,0.047029702970297,0.0004894123788704,0.0845360824742268,2055.0,1940.0,0.9402985074626866,-0.0029960374987918,0.0011473427286122,0.0001629776984498
2018-02-26,2045.0,2055.0,2005.0,2035.0,129000.0,2035.0,1986.0,1951.0,2062.0,2044.0,1766.95,False,False,False,False,False,False,False,True,False,True,False,0.0,0.0442260442260442,,,-0.0132678132678132,-0.0044226044226044,-0.0221130221130221,0.0466830466830466,0.0003587736464447,0.0830343413634033,2030.0,1935.0,2.0476190476190474,-0.0035887487875849,-0.000592711288793,-0.0001306387324256
2018-02-27,2055.0,2070.0,2045.0,2065.0,61000.0,2065.0,2008.0,1966.5,2053.2,2046.2,1769.825,False,False,False,False,True,False,False,True,False,True,False,0.0072639225181598,0.0217917675544794,,,0.0057142857142858,0.0091041162227602,-0.0121065375302663,0.0266343825665859,0.0010751637181116,0.07627765064836,2000.0,1930.0,0.4728682170542636,-0.0042859925969219,-0.000697243809337,0.0007163900716668
2018-02-28,2045.0,2115.0,2045.0,2090.0,110000.0,2090.0,2036.0,1987.5,2044.4,2048.6,1772.825,False,False,True,False,False,False,False,True,False,True,False,-0.0143540669856459,0.0023923444976076,,,0.0218181818181817,0.0198086124401914,-0.0239234449760765,0.0047846889952153,0.0011715317777994,0.0654088050314465,2030.0,1990.0,1.8032786885245904,-0.0043044414008998,-1.8448803977918864e-05,9.636805968776245e-05
2018-03-01,2090.0,2100.0,2060.0,2085.0,55000.0,2085.0,2059.0,2005.0,2036.0,2049.9333333333334,1775.775,False,False,False,False,False,False,False,True,False,False,False,-0.0047961630695443,-0.014388489208633,,,0.0235011990407673,0.0168185451638688,-0.0215827338129496,0.0047961630695443,0.000650427656184,0.0566084788029925,2060.0,1965.0,0.5,-0.0041257367387033,0.0001787046621965,-0.0005211041216153
2018-03-02,2050.0,2075.0,2030.0,2065.0,74000.0,2065.0,2068.0,2020.0,2029.4,2051.4666666666667,1778.575,False,False,False,False,False,False,False,True,False,False,False,0.0048426150121065,0.009685230024213,,,0.0172397094430992,0.0065536723163841,-0.0121065375302663,0.0169491525423728,0.0007474327310541,0.0482673267326732,2065.0,1965.0,1.3454545454545457,-0.0032521927663348,0.0008735439723685,9.700507487017545e-05
2018-03-05,2059.938725490196,2084.877450980392,2025.024509803921,2035.0,58000.0,2035.0,2068.0,2027.0,2021.6,2051.866666666667,1781.225,False,False,False,False,False,False,False,True,False,True,False,0.0442260442260442,0.0098280098280098,,,0.0065847665847666,-0.0082882882882883,0.0073710073710073,0.0515970515970515,0.0001949444408344,0.0448939319190922,2135.0,1915.0,0.7837837837837838,-0.0038583300356154,-0.0006061372692806,-0.0005524882902197
2018-03-06,2075.0,2090.0,2065.0,2080.0,22000.0,2080.0,2071.0,2039.5,2017.4,2051.866666666667,1783.8,False,False,False,False,False,False,False,False,False,False,False,0.0144230769230769,0.0,,,0.0300961538461538,0.0135256410256409,-0.0096153846153846,0.0096153846153846,0.0,0.0367737190487864,2185.0,1915.0,0.3793103448275862,-0.0020818875780706,0.0017764424575447,-0.0001949444408344
2018-03-07,2090.0,2090.0,2040.0,2060.0,43000.0,2060.0,2065.0,2050.5,2015.2,2052.866666666667,1786.275,False,False,False,False,False,False,False,True,False,False,False,0.0169902912621359,-0.0024271844660194,,,0.0217475728155339,0.0034627831715209,-0.0024271844660194,0.0169902912621359,0.0004871236969441,0.0295049987807851,2235.0,1910.0,1.9545454545454544,-0.0010917030567685,0.0009901845213021,0.0004871236969441
2018-03-08,2075.0,2085.0,2065.0,2075.0,35000.0,2075.0,2063.0,2061.0,2014.0,2055.4666666666667,1788.925,False,False,False,False,False,False,False,True,False,False,False,-0.0096385542168674,-0.0313253012048192,,,0.0293975903614457,0.0094136546184738,-0.0024096385542168,0.0048192771084337,0.0012649195640892,0.0228044638524987,2230.0,1925.0,0.813953488372093,-0.0005958291956306,0.0004958738611379,0.0007777958671451
2018-03-09,2115.0,2125.0,2075.0,2075.0,45000.0,2075.0,2065.0,2066.5,2010.4,2057.266666666667,1791.7,False,False,False,False,False,False,False,True,False,True,False,0.0048192771084337,-0.0385542168674698,,,0.0311325301204818,0.0085461847389557,-0.0024096385542168,0.0048192771084337,0.0008749473411323,0.0186305347205419,2185.0,1960.0,1.2857142857142858,-0.0017906884202148,-0.0011948592245842,-0.0003899722229568
2018-03-12,2085.0,2140.0,2085.0,2125.0,67000.0,2125.0,2083.0,2075.5,2008.8,2060.4666666666667,1794.75,False,False,False,False,False,False,False,True,False,False,False,-0.0329411764705882,-0.04,,,0.0546823529411764,0.0303686274509803,-0.0329411764705882,-0.0164705882352941,0.0015530462354805,0.0122861960973259,2230.0,1985.0,1.488888888888889,-0.0007964954201514,0.0009941930000634,0.0006780988943482
2018-03-13,2110.0,2120.0,2105.0,2110.0,33000.0,2110.0,2089.0,2080.0,2009.6,2062.866666666667,1797.6,False,False,False,False,False,False,True,True,False,False,False,-0.0142180094786729,-0.0616113744075829,,,0.0475829383886256,0.0223380726698261,-0.0047393364928909,-0.0284360189573459,0.0011634295317196,0.0067307692307692,2245.0,2070.0,0.4925373134328358,0.0003980891719744,0.0011945845921259,-0.0003896167037608
2018-03-14,2110.0,2120.0,2085.0,2095.0,45000.0,2095.0,2096.0,2080.5,2015.4,2064.8,1800.35,False,False,False,False,False,False,True,True,True,False,False,-0.0190930787589498,-0.0525059665871121,,,0.0379952267303102,0.014415274463007,0.0023866348448687,-0.0381861575178997,0.000936329588015,0.0024032684450853,2215.0,2075.0,1.3636363636363635,0.0028778406271708,0.0024797514551963,-0.0002270999437046
2018-03-15,2075.0,2080.0,2055.0,2055.0,35000.0,2055.0,2092.0,2077.5,2017.4,2066.333333333333,1802.875,False,False,False,False,False,False,True,True,False,True,False,-0.0218978102189781,-0.0218978102189781,,,0.0182968369829683,-0.0055150040551498,0.0194647201946472,-0.0267639902676399,0.0007420551701885,-0.0007220216606498,2185.0,2140.0,0.7777777777777778,0.0009913750371765,-0.0018864655899943,-0.0001942744178265
2018-03-16,2070.0,2095.0,2065.0,2085.0,35000.0,2085.0,2094.0,2079.5,2021.4,2068.266666666667,1805.625,False,False,False,False,False,False,True,True,True,False,False,-0.0431654676258992,-0.0359712230215827,,,0.0305035971223021,0.0080255795363708,0.0095923261390887,-0.0671462829736211,0.0009347601856629,-0.0091368117335898,2175.0,2115.0,1.0,0.0019788265558523,0.0009874515186758,0.0001927050154744
2018-03-19,2100.0,2100.0,2050.0,2055.0,24000.0,2055.0,2080.0,2081.5,2026.6,2069.866666666667,1808.35,False,False,False,False,False,False,True,True,False,False,False,-0.0072992700729927,-0.0316301703163017,,,0.0138199513381995,-0.0072343876723439,0.0291970802919708,-0.0389294403892944,0.0007729966503478,-0.0180158539514773,2220.0,2040.0,0.6857142857142857,0.00256587387743,0.0005870473215777,-0.0001617635353151
2018-03-20,2075.0,2095.0,2050.0,2080.0,87000.0,2080.0,2074.0,2081.5,2033.4,2071.866666666667,1811.3,False,False,False,False,False,False,True,True,False,False,False,-0.048076923076923,-0.0192307692307692,,,0.0224038461538461,0.0039102564102563,0.0096153846153846,-0.0360576923076923,0.0009653130832099,-0.0225798702858515,2285.0,2040.0,3.625,0.0033441526507328,0.0007782787733027,0.0001923164328621
2018-03-22,2075.0,2075.0,2055.0,2055.0,42000.0,2055.0,2066.0,2081.0,2040.4,2072.733333333333,1814.075,False,False,False,False,False,False,True,True,False,False,False,-0.0340632603406326,-0.0072992700729927,,,0.0071046228710461,-0.0086293592862934,0.048661800486618,-0.0170316301703163,0.0004181274323757,-0.0259490629505045,2310.0,2060.0,0.4827586206896552,0.003430699862772,8.654721203915335e-05,-0.0005471856508342
2018-03-23,2000.0,2030.0,1990.0,2010.0,86000.0,2010.0,2057.0,2074.5,2044.4,2073.333333333333,1816.625,False,False,False,False,False,False,True,True,False,True,False,0.0,0.0149253731343283,,,-0.0171144278606965,-0.0315091210613597,0.0597014925373134,0.0024875621890547,0.000289389067524,-0.0262713906965533,2295.0,2055.0,2.0476190476190474,0.0019565642731363,-0.0014741355896356,-0.0001287383648516
2018-03-26,1985.0,1995.0,1935.0,1995.0,47000.0,1995.0,2039.0,2066.5,2047.6,2073.733333333333,1819.125,False,False,False,False,False,False,True,True,False,True,False,0.0075187969924812,0.0225563909774436,,,-0.0263659147869673,-0.0394653299916456,0.0776942355889724,0.025062656641604,0.0001928888317366,-0.0244374546334381,2230.0,2055.0,0.5465116279069767,0.0015628052353974,-0.0003937590377389,-9.65002357873856e-05
2018-03-27,2030.0,2065.0,2020.0,2040.0,51000.0,2040.0,2036.0,2058.0,2050.6,2075.4,1821.75,False,False,False,False,False,False,True,True,False,True,False,-0.0245098039215686,0.0049019607843137,,,-0.0051960784313725,-0.0173529411764706,0.0441176470588235,0.0122549019607843,0.0008030580450356,-0.021622934888241,2230.0,2030.0,1.0851063829787233,0.0014629864429922,-9.981879240515472e-05,0.0006101692132989
2018-03-28,1990.0,2000.0,1955.0,1980.0,40000.0,1980.0,2016.0,2045.0,2051.6,2076.266666666667,1824.075,False,False,False,False,False,False,True,True,False,True,False,0.0303030303030303,0.0404040404040404,,,-0.0361616161616161,-0.0486195286195287,0.0732323232323232,0.0479797979797979,0.0004174158746468,-0.0141809290953545,2185.0,2000.0,0.7843137254901961,0.0004874244492103,-0.0009755619937819,-0.0003856421703887
2018-03-29,1995.0,2010.0,1975.0,1985.0,29000.0,1985.0,2002.0,2034.0,2053.0,2077.266666666667,1826.525,False,False,False,False,False,False,True,True,False,False,False,0.0277078085642317,0.035264483627204,,,-0.034256926952141,-0.0464819479429052,0.070528967254408,0.052896725440806,0.0004814018421643,-0.0051622418879056,2115.0,2030.0,0.725,0.0006819288845592,0.0001945044353488,6.398596751752228e-05
2018-03-30,2000.0,2025.0,1985.0,2010.0,27000.0,2010.0,2002.0,2029.5,2054.6,2078.4,1829.125,False,False,False,False,False,False,True,True,False,False,False,0.0149253731343283,0.0298507462686567,,,-0.0221890547263681,-0.0340298507462687,0.0572139303482587,0.0298507462686567,0.0005452912496791,0.0004927322000492,2105.0,2060.0,0.9310344827586208,0.0007787403874232,9.681150286407256e-05,6.388940751479949e-05
2018-04-02,2020.0,2040.0,2010.0,2010.0,36000.0,2010.0,2005.0,2022.0,2054.2,2079.0666666666666,1831.75,False,False,False,False,False,False,False,True,False,True,False,0.0149253731343283,0.0298507462686567,,,-0.0219900497512436,-0.0343615257048092,0.0671641791044776,0.0223880597014925,0.0003206567049316,0.0096439169139465,2165.0,2065.0,1.3333333333333333,-0.0001947230065232,-0.0009734633939465,-0.0002246345447475
2018-04-03,1990.0,2020.0,1975.0,1990.0,47000.0,1990.0,1995.0,2015.5,2052.4,2079.133333333333,1834.225,False,False,False,False,False,False,False,True,False,True,False,0.0301507537688442,0.0326633165829145,,,-0.031356783919598,-0.044790619765494,0.0778894472361809,0.0351758793969849,3.206464231888577e-05,0.0171173406102704,2165.0,2135.0,1.3055555555555556,-0.0008770220229973,-0.000682299016474,-0.0002885920626127
2018-04-04,1990.0,2040.0,1990.0,2040.0,66000.0,2040.0,2007.0,2011.5,2051.4,2078.733333333333,1836.925,False,False,False,False,False,False,False,False,False,False,False,0.0098039215686274,0.0294117647058823,,,-0.0055882352941176,-0.018986928104575,0.0539215686274509,0.017156862745098,-0.0001924248741221,0.0226199353716132,2090.0,2185.0,1.4042553191489362,-0.0004874719703617,0.0003895500526356,-0.0002244895164409
2018-04-05,2035.0,2045.0,2020.0,2040.0,36000.0,2040.0,2018.0,2010.0,2049.4,2078.266666666667,1839.575,False,False,False,False,False,False,False,False,False,True,False,0.0073529411764705,0.0294117647058823,,,-0.0046078431372549,-0.0187581699346406,0.0245098039215686,0.017156862745098,-0.0002245460961055,0.0261194029850746,1950.0,2235.0,0.5454545454545454,-0.0009758953840148,-0.0004884234136531,-3.21212219834196e-05
2018-04-06,2060.0,2065.0,2030.0,2040.0,34000.0,2040.0,2024.0,2013.0,2047.6,2076.9333333333334,1842.25,False,False,False,False,False,False,False,False,False,False,False,0.0147058823529411,0.0269607843137254,,,-0.0037254901960783,-0.0181045751633987,0.0049019607843137,0.0245098039215686,-0.0006419721384092,0.0283159463487332,2005.0,2230.0,0.9444444444444444,-0.0008790779449112,9.681743910362924e-05,-0.0004174260423037
2018-04-09,2025.0,2040.0,2010.0,2040.0,34000.0,2040.0,2030.0,2017.5,2046.6,2075.9333333333334,1845.0,False,False,False,False,False,False,False,False,False,False,False,0.0147058823529411,0.0318627450980392,,,-0.003235294117647,-0.0176143790849673,0.0294117647058823,0.0269607843137254,-0.0004817110376055,0.0285006195786864,1985.0,2185.0,1.0,-0.0004886152643408,0.0003904626805703,0.0001602611008036
2018-04-10,2040.0,2055.0,2035.0,2050.0,20000.0,2050.0,2042.0,2018.5,2047.2,2076.0666666666666,1847.825,False,False,False,False,True,False,True,True,False,False,False,0.0024390243902439,0.0317073170731707,,,0.0013658536585365,-0.0127154471544715,0.0292682926829268,0.0195121951219512,6.422401335853636e-05,0.0292296259598711,1925.0,2230.0,0.5882352941176471,0.0002930832356389,0.0007816984999798,0.0005459350509641
2018-04-11,2055.0,2065.0,2050.0,2060.0,28000.0,2060.0,2046.0,2026.5,2046.4,2076.333333333333,1850.65,False,False,False,False,False,False,False,True,False,True,True,0.0194174757281553,0.0194174757281553,,,0.0066019417475727,-0.0079288025889966,0.0509708737864077,0.0072815533980582,0.0001284315299404,0.0251665433012583,1910.0,2245.0,1.4,-0.0003909304143862,-0.0006840136500252,6.420751658194725e-05
2018-04-12,2060.0,2065.0,2045.0,2055.0,21000.0,2055.0,2049.0,2033.5,2046.2,2076.266666666667,1853.475,False,False,False,False,False,False,False,False,False,False,False,0.0218978102189781,0.048661800486618,,,0.0042822384428223,-0.0103487429034875,0.0462287104622871,0.0145985401459854,-3.210891343412115e-05,0.0213916892058028,1880.0,2215.0,0.75,-9.77421561919878e-05,0.0002931882581942,-0.0001605404433746
2018-04-13,2065.0,2075.0,2060.0,2070.0,35000.0,2070.0,2055.0,2039.5,2046.0,2076.4666666666667,1856.375,False,False,False,False,False,False,False,True,False,True,False,0.0120772946859903,0.0289855072463768,,,0.0115942028985507,-0.0031239935587761,0.038647342995169,0.0,9.631746235583751e-05,0.0183868595243932,1910.0,2185.0,1.6666666666666667,-9.775171065495867e-05,-9.554462970876856e-09,0.0001284263757899
2018-04-16,2075.0,2075.0,2050.0,2070.0,23000.0,2070.0,2061.0,2045.5,2045.8,2076.6666666666665,1859.275,False,False,False,False,False,False,False,True,False,True,False,0.0169082125603864,0.038647342995169,,,0.0116908212560386,-0.003220611916264,0.0217391304347826,0.0144927536231884,9.630818619573906e-05,0.01759960889758,1915.0,2175.0,0.6571428571428571,-9.776126698604237e-05,-9.556331083678353e-09,-9.276160098470953e-09
2018-04-17,2065.0,2075.0,2040.0,2055.0,67000.0,2055.0,2062.0,2052.0,2043.0,2077.0,1862.125,False,False,False,False,False,False,False,True,False,True,False,0.0291970802919708,0.0364963503649635,,,0.0058394160583941,-0.0107055961070559,0.0291970802919708,0.0170316301703163,0.0001604878831648,0.0158382066276803,1965.0,2220.0,2.9130434782608696,-0.0013705335291238,-0.0012727722621377,6.417969696915498e-05
2018-04-18,2065.0,2100.0,2065.0,2100.0,79000.0,2100.0,2070.0,2058.0,2042.6,2078.333333333333,1865.25,False,False,False,False,False,False,False,True,False,False,False,0.0,0.0119047619047619,,,0.0273333333333333,0.0103174603174604,-0.0047619047619047,-0.0071428571428571,0.0006415396952684,0.0133624878522837,1955.0,2285.0,1.1791044776119404,-0.0001958288455889,0.0011747046835348,0.0004810518121036
2018-04-19,2100.0,2105.0,2095.0,2100.0,22000.0,2100.0,2079.0,2064.0,2042.8,2079.266666666667,1868.4,False,False,False,False,False,False,True,True,False,False,False,0.0261904761904761,0.0119047619047619,,,0.0272380952380952,0.0098730158730157,-0.0238095238095238,0.0047619047619047,0.000448876206355,0.0121124031007751,1950.0,2310.0,0.2784810126582278,9.790483649894532e-05,0.0002937336820879,-0.0001926634889134
2018-04-20,2100.0,2110.0,2075.0,2095.0,45000.0,2095.0,2084.0,2069.5,2044.4,2079.733333333333,1871.525,False,False,False,False,False,False,True,True,False,False,False,0.0167064439140811,0.0143198090692124,,,0.0241527446300715,0.0072871917263326,-0.0405727923627685,-0.0047732696897374,0.000224387742018,0.0091809615849238,1970.0,2295.0,2.0454545454545454,0.0007826257092546,0.0006847208727556,-0.000224488464337
2018-04-23,2100.0,2115.0,2100.0,2105.0,65000.0,2105.0,2091.0,2076.0,2045.2,2080.266666666667,1874.725,False,False,False,False,False,False,True,True,False,True,False,0.0213776722090261,0.0190023752969121,,,0.0284085510688835,0.0117498020585905,-0.0285035629453681,-0.0213776722090261,0.0002563773875146,0.0043352601156069,2020.0,2230.0,1.4444444444444444,0.0003911597887736,-0.0003914659204809,3.198964549662182e-05
2018-04-24,2120.0,2120.0,2090.0,2115.0,38000.0,2115.0,2103.0,2082.5,2047.6,2080.0,1877.975,False,False,False,False,False,False,True,False,True,False,False,0.0070921985815602,0.0141843971631205,,,0.0318676122931442,0.0165484633569739,-0.0354609929078014,-0.0330969267139479,-0.0001282051282052,-0.0009603841536614,2035.0,2230.0,0.5846153846153846,0.001172103926548,0.0007809441377743,-0.0003845825157198
2018-04-25,2090.0,2105.0,2090.0,2100.0,19000.0,2100.0,2103.0,2086.5,2048.4,2078.866666666667,1881.125,False,False,False,False,False,False,True,False,False,True,False,0.0119047619047619,0.0238095238095238,,,0.0245714285714285,0.010063492063492,-0.0071428571428571,-0.019047619047619,-0.0005451688419971,-0.0035945363048166,2065.0,2185.0,0.5,0.000390548720953,-0.000781555205595,-0.0004169637137919
2018-04-26,2100.0,2165.0,2100.0,2155.0,198000.0,2155.0,2114.0,2096.5,2052.4,2077.8,1884.525,False,False,False,False,False,False,True,False,True,False,False,-0.0139211136890951,-0.0301624129930394,,,0.0476102088167052,0.0358236658932713,-0.0301624129930394,-0.0672853828306264,-0.0005133634934385,-0.0119246362985928,2090.0,2115.0,10.421052631578949,0.0019489378288832,0.0015583891079302,3.180534855864016e-05
2018-04-27,2155.0,2155.0,2125.0,2130.0,30000.0,2130.0,2121.0,2102.5,2057.2,2076.4666666666667,1887.725,False,False,False,False,False,False,True,False,False,False,False,-0.0023474178403755,-0.0375586854460093,,,0.0341784037558686,0.0251330203442879,-0.0211267605633802,-0.056338028169014,-0.0006421164157062,-0.0175980975029726,2085.0,2105.0,0.1515151515151515,0.0023332685203187,0.0003843306914354,-0.0001287529222676
2018-05-01,2110.0,2150.0,2110.0,2150.0,57000.0,2150.0,2130.0,2110.5,2063.4,2076.0,1891.0,False,False,False,False,False,False,True,False,False,False,False,-0.0023255813953488,-0.0232558139534883,,,0.0402790697674418,0.0344186046511627,-0.0186046511627906,-0.0651162790697674,-0.0002247912652537,-0.0255863539445629,2065.0,2165.0,1.9,0.0030047494426675,0.0006714809223488,0.0004173251504525
2018-05-02,2140.0,2150.0,2125.0,2130.0,12000.0,2130.0,2133.0,2118.0,2067.0,2074.6666666666665,1894.15,False,False,False,False,False,False,True,False,False,True,False,0.0070422535211267,-0.0093896713615023,,,0.0295774647887323,0.0259780907668232,0.0023474178403755,-0.0586854460093896,-0.0006426735218509,-0.0330500472143531,2035.0,2165.0,0.2105263157894736,0.0017416545718432,-0.0012630948708243,-0.0004178822565972
2018-05-07,2125.0,2135.0,2110.0,2125.0,26000.0,2125.0,2138.0,2120.5,2072.8,2073.0666666666666,1897.175,False,False,False,False,False,False,True,False,False,False,False,0.0117647058823529,0.0188235294117647,,,0.0245647058823528,0.0244392156862745,0.0047058823529411,-0.0658823529411764,-0.0007718034473886,-0.038905918415468,2080.0,2090.0,2.1666666666666665,0.0027981474334234,0.0010564928615802,-0.0001291299255377
2018-05-08,2125.0,2125.0,2110.0,2125.0,14000.0,2125.0,2132.0,2123.0,2078.4,2071.866666666667,1900.175,False,True,False,False,False,False,True,False,False,True,False,-0.0164705882352941,0.0117647058823529,,,0.0219294117647058,0.0250039215686273,0.0023529411764705,-0.068235294117647,-0.0005791878499259,-0.0461610927932171,2060.0,1950.0,0.5384615384615384,0.0026943802925326,-0.0001037671408908,0.0001926155974627
2018-05-09,2125.0,2130.0,2115.0,2125.0,21000.0,2125.0,2131.0,2126.0,2083.0,2071.0666666666666,1903.15,False,False,False,False,False,False,True,False,False,True,False,-0.0352941176470588,0.0117647058823529,,,0.0197647058823529,0.0253803921568627,-0.0047058823529411,-0.0588235294117647,-0.0003862743835705,-0.0515051740357478,2075.0,2005.0,1.5,0.0022083533365338,-0.0004860269559988,0.0001929134663553
2018-05-10,2125.0,2175.0,2125.0,2145.0,117000.0,2145.0,2130.0,2130.0,2088.4,2070.6666666666665,1906.225,False,False,False,False,False,False,True,False,False,False,False,-0.0209790209790209,-0.0139860139860139,,,0.0263869463869463,0.0346542346542347,-0.0139860139860139,-0.0559440559440559,-0.0001931745009659,-0.0549295774647887,2075.0,1985.0,5.571428571428571,0.0025857115495116,0.0003773582129778,0.0001930998826046
2018-05-11,2135.0,2165.0,2135.0,2145.0,28000.0,2145.0,2133.0,2133.0,2094.6,2069.6666666666665,1909.25,False,False,False,False,False,False,True,False,False,False,False,-0.0163170163170163,-0.0139860139860139,,,0.0234965034965035,0.0351204351204351,-0.0069930069930069,-0.0489510489510489,-0.0004831695925269,-0.0564932020628223,2125.0,1925.0,0.2393162393162393,0.0029599923613099,0.0003742808117983,-0.000289995091561
2018-05-14,2150.0,2165.0,2125.0,2150.0,56000.0,2150.0,2138.0,2138.0,2099.0,2067.866666666667,1912.425,False,False,False,False,False,False,True,False,False,True,False,0.0069767441860465,-0.027906976744186,,,0.0237209302325581,0.0382015503875968,-0.013953488372093,-0.0581395348837209,-0.0008704623122056,-0.0603367633302151,2110.0,1910.0,2.0,0.0020962363030014,-0.0008637560583084,-0.0003872927196787
2018-05-15,2165.0,2165.0,2090.0,2090.0,169000.0,2090.0,2131.0,2131.5,2101.0,2064.9333333333334,1915.25,False,False,False,False,False,False,True,False,False,True,False,0.0287081339712918,-0.0191387559808612,,,-0.0052631578947368,0.011993620414673,0.0047846889952153,-0.0311004784688995,-0.001420546264609,-0.0567675346000469,2095.0,1880.0,3.017857142857143,0.0009519276534983,-0.0011443086495031,-0.0005500839524033
2018-05-16,2080.0,2095.0,2045.0,2050.0,74000.0,2050.0,2116.0,2123.5,2101.4,2061.6666666666665,1917.9,False,False,False,False,False,False,True,False,False,True,False,0.048780487804878,-0.0195121951219512,,,-0.0250731707317073,-0.005691056910569,0.0219512195121951,-0.0268292682926829,-0.001584478577203,-0.0539204144101718,2055.0,1910.0,0.4378698224852071,0.0001903492909489,-0.0007615783625493,-0.0001639323125939
2018-05-17,2070.0,2105.0,2070.0,2100.0,28000.0,2100.0,2107.0,2118.5,2103.8,2059.9333333333334,1920.75,False,False,False,False,False,False,True,False,True,False,False,0.0071428571428571,-0.0261904761904761,,,-0.0018095238095238,0.019079365079365,0.0,-0.0547619047619047,-0.0008414511796497,-0.0528675949964597,2085.0,1915.0,0.3783783783783784,0.0011407928510315,0.0009504435600825,0.0007430273975532
2018-05-18,2105.0,2115.0,2105.0,2110.0,27000.0,2110.0,2100.0,2116.5,2106.2,2058.333333333333,1923.7,False,False,False,True,True,False,True,False,False,True,False,0.0023696682464454,-0.0331753554502369,,,0.0018009478672986,0.0244865718799369,0.0142180094786729,-0.0710900473933649,-0.0007773279352228,-0.0540987479329081,2055.0,1965.0,0.9642857142857144,0.0011394929256479,-1.2999253835961014e-06,6.412324442687492e-05
2018-05-21,2100.0,2170.0,2100.0,2165.0,52000.0,2165.0,2103.0,2120.5,2110.4,2058.0666666666666,1926.875,False,False,False,False,False,False,True,False,False,False,False,-0.0346420323325635,-0.0369515011547344,,,0.0252193995381061,0.0493918398768283,-0.0300230946882217,-0.0993071593533487,-0.0001295714424539,-0.0575336005659042,2080.0,1955.0,1.9259259259259256,0.0019901440485217,0.0008506511228738,0.0006477564927688
2018-05-22,2165.0,2165.0,2135.0,2150.0,27000.0,2150.0,2115.0,2123.0,2114.2,2058.5333333333333,1929.95,False,False,False,False,False,False,True,True,False,True,False,-0.0465116279069767,-0.027906976744186,,,0.0166511627906977,0.0425426356589147,-0.0255813953488372,-0.0720930232558139,0.0002266986203769,-0.0579368817710786,2055.0,1950.0,0.5192307692307693,0.0017973701636551,-0.0001927738848665,0.0003562700628309
2018-05-23,2165.0,2165.0,2145.0,2150.0,20000.0,2150.0,2135.0,2125.5,2117.4,2059.133333333333,1932.975,False,False,False,False,False,False,True,True,False,True,False,-0.0651162790697674,-0.0302325581395348,,,0.0151627906976743,0.0422635658914729,-0.0302325581395348,-0.0348837209302325,0.0002913847249651,-0.0555163490943307,2010.0,1970.0,0.7407407407407407,0.0015112874279778,-0.0002860827356773,6.46861045881694e-05
2018-05-24,2145.0,2155.0,2070.0,2115.0,54000.0,2115.0,2138.0,2122.5,2119.2,2058.4666666666667,1935.85,False,False,False,False,False,False,True,False,False,True,False,-0.0330969267139479,-0.0023640661938534,,,-0.0019858156028367,0.026729708431836,-0.0141843971631205,-0.0236406619385342,-0.0003238656605239,-0.0522968197879858,1995.0,2020.0,2.7,0.0008493771234426,-0.0006619103045351,-0.000615250385489
2018-05-25,2130.0,2135.0,2110.0,2115.0,45000.0,2115.0,2139.0,2119.5,2121.6,2057.8,1938.725,False,False,False,False,False,False,True,False,False,False,False,-0.0354609929078014,0.0094562647754137,,,-0.0031205673758864,0.0270449172576831,-0.0118203309692671,-0.0401891252955082,-0.0003239705834709,-0.0514272234017456,2040.0,2035.0,0.8333333333333334,0.001131221719457,0.0002818445960143,-1.0492294700615876e-07
2018-05-28,2115.0,2115.0,2085.0,2090.0,11000.0,2090.0,2124.0,2113.5,2121.2,2057.8,1941.475,False,False,False,False,False,False,False,False,False,True,False,-0.0023923444976076,0.0215311004784689,,,-0.0149282296650716,0.0154066985645932,-0.0191387559808612,-0.0263157894736842,0.0,-0.0482611781405252,1980.0,2065.0,0.2444444444444444,-0.0001885725061286,-0.0013197942255857,0.0003239705834709
2018-05-29,2085.0,2095.0,2040.0,2050.0,38000.0,2050.0,2104.0,2109.5,2119.2,2059.133333333333,1944.0,False,False,False,False,False,False,False,True,False,True,False,0.0195121951219512,0.0390243902439024,,,-0.0337560975609755,-0.0044552845528454,-0.0170731707317073,-0.0390243902439024,0.0006475216110336,-0.0490637591846409,1985.0,2090.0,3.4545454545454546,-0.0009437523593808,-0.0007551798532522,0.0006475216110336
2018-05-30,2020.0,2025.0,1990.0,2010.0,27000.0,2010.0,2076.0,2105.5,2115.8,2059.2,1946.325,False,False,False,False,False,False,False,True,False,True,False,0.0373134328358208,0.0522388059701492,,,-0.0526368159203981,-0.0244776119402984,-0.0049751243781094,-0.017412935323383,3.2375032375002934e-05,-0.0482070767038708,2010.0,2085.0,0.7105263157894737,-0.0016069571793173,-0.0006632048199364,-0.0006151465786586
2018-05-31,2030.0,2060.0,2030.0,2045.0,35000.0,2045.0,2062.0,2100.0,2113.4,2060.0,1948.875,False,False,False,False,False,False,False,True,False,False,False,0.0317848410757946,0.0342298288508557,,,-0.0334474327628362,-0.0073349633251833,-0.0488997555012225,-0.0195599022004889,0.0003883495145631,-0.0447619047619047,2010.0,2065.0,1.2962962962962965,-0.0011356108640106,0.0004713463153067,0.0003559744821881
2018-06-01,2015.0,2040.0,2015.0,2040.0,10000.0,2040.0,2047.0,2093.0,2110.4,2061.5333333333333,1951.275,False,False,False,False,False,False,False,True,False,True,False,0.0465686274509803,0.0441176470588235,,,-0.0345098039215686,-0.0105555555555555,-0.0318627450980392,-0.0049019607843137,0.0007437829447336,-0.038222646918299,1990.0,2035.0,0.2857142857142857,-0.0014215314632297,-0.000285920599219,0.0003554334301704
2018-06-04,2080.0,2120.0,2070.0,2085.0,63000.0,2085.0,2046.0,2085.0,2109.8,2063.866666666667,1953.825,False,False,False,False,False,False,False,True,False,False,False,0.0239808153477218,0.0167865707434052,,,-0.0118944844124701,0.0101358912869703,-0.0383693045563549,-0.026378896882494,0.0011305639899219,-0.0306954436450839,2040.0,2080.0,6.3,-0.0002843871457009,0.0011371443175287,0.0003867810451882
2018-06-05,2085.0,2100.0,2080.0,2090.0,18000.0,2090.0,2054.0,2079.0,2107.2,2066.6666666666665,1956.45,False,False,False,False,False,False,False,True,False,True,False,0.0191387559808612,0.0047846889952153,,,-0.0082296650717702,0.0111642743221691,-0.0334928229665071,-0.0358851674641148,0.0013548387096772,-0.0269360269360269,2040.0,2060.0,0.2857142857142857,-0.0012338648443433,-0.0009494776986424,0.0002242747197553
2018-06-06,2090.0,2090.0,2050.0,2085.0,26000.0,2085.0,2069.0,2072.5,2105.4,2069.0,1959.1,False,False,False,False,False,False,False,True,False,False,False,0.014388489208633,0.0047961630695443,,,-0.0097841726618705,0.0076738609112709,-0.0335731414868105,-0.0335731414868105,0.0011277589817948,-0.026779252110977,2040.0,2075.0,1.4444444444444444,-0.000854944428612,0.0003789204157313,-0.0002270797278824
2018-06-07,2085.0,2125.0,2085.0,2110.0,38000.0,2110.0,2082.0,2072.0,2103.8,2071.6,1961.95,False,False,False,False,True,False,False,True,False,False,False,0.0023696682464454,-0.0047393364928909,,,0.0029383886255923,0.0181990521327014,-0.0308056872037914,-0.0473933649289099,0.0012550685460513,-0.0291988416988417,2040.0,2075.0,1.4615384615384617,-0.0007605285673542,9.441586125774256e-05,0.0001273095642564
2018-06-08,2135.0,2135.0,2115.0,2135.0,19000.0,2135.0,2101.0,2074.0,2104.0,2073.866666666667,1964.825,False,False,False,False,False,False,True,True,False,False,False,-0.0023419203747072,0.0023419203747072,,,0.014519906323185,0.0286338797814207,-0.0327868852459016,-0.0360655737704918,0.0010929664395011,-0.028784956605593,2050.0,2125.0,0.5,9.505703422044586e-05,0.0008555856015747,-0.0001621021065501
2018-06-11,2120.0,2140.0,2100.0,2135.0,29000.0,2135.0,2111.0,2078.5,2104.4,2076.266666666667,1967.65,False,False,False,False,False,False,True,True,False,False,True,-0.0070257611241217,-0.0163934426229508,,,0.0143325526932083,0.0275097580015611,-0.0281030444964871,-0.0426229508196721,0.0011559208836373,-0.0304546547991339,2060.0,2110.0,1.5263157894736843,0.0001900779319521,9.502089773169772e-05,6.29544441361461e-05
2018-06-12,2125.0,2130.0,2120.0,2130.0,24000.0,2130.0,2119.0,2086.5,2104.6,2078.6666666666665,1970.475,False,False,False,False,False,False,True,True,False,True,False,-0.0140845070422535,-0.0164319248826291,,,0.011924882629108,0.0241001564945227,-0.0187793427230046,-0.0549295774647887,0.0011545862732519,-0.0321111909896956,2055.0,2095.0,0.8275862068965517,9.502993442925882e-05,-9.504799752288476e-05,-1.3346103854316223e-06
2018-06-13,2115.0,2130.0,2115.0,2115.0,6000.0,2115.0,2125.0,2097.0,2104.2,2080.6,1973.275,False,False,False,False,False,False,False,True,False,True,False,-0.0094562647754137,-0.0141843971631205,,,0.0051063829787234,0.0162647754137116,-0.0212765957446808,-0.0392434988179669,0.0009292191355058,-0.0342393896041964,2070.0,2055.0,0.25,-0.0001900959984792,-0.0002851259329085,-0.000225367137746
2018-06-14,2120.0,2120.0,2105.0,2115.0,11000.0,2115.0,2126.0,2104.0,2103.0,2081.866666666667,1976.025,False,False,False,False,False,False,False,True,False,True,False,-0.0070921985815602,-0.0141843971631205,,,0.0056737588652482,0.0156658786446019,-0.0283687943262411,-0.043498817966903,0.0006084283335469,-0.0365969581749049,2070.0,2085.0,1.8333333333333333,-0.000570613409415,-0.0003805174109357,-0.0003207908019588
2018-06-15,2120.0,2150.0,2115.0,2130.0,46000.0,2130.0,2125.0,2113.0,2102.4,2083.133333333333,1978.85,False,False,False,False,False,False,False,True,False,False,False,0.0046948356807511,-0.0187793427230046,,,0.0129577464788731,0.0220031298904538,-0.0328638497652582,-0.0558685446009389,0.0006080583736037,-0.0415996213913867,2055.0,2055.0,4.181818181818182,-0.0002853881278538,0.0002852252815611,-3.699599431692888e-07
2018-06-18,2140.0,2150.0,2120.0,2120.0,39000.0,2120.0,2122.0,2116.5,2101.2,2083.866666666667,1981.6,False,False,False,False,False,False,False,True,False,True,False,-0.0094339622641509,-0.0330188679245283,,,0.0088679245283019,0.0170440251572326,-0.0212264150943396,-0.0419811320754716,0.0003519099110628,-0.0431372549019607,2100.0,2080.0,0.8478260869565217,-0.0005711022272988,-0.0002857140994449,-0.0002561484625408
2018-06-19,2135.0,2135.0,2095.0,2100.0,34000.0,2100.0,2116.0,2117.5,2101.6,2084.0,1983.9,False,False,False,False,False,False,True,True,False,False,False,-0.0023809523809523,-0.0404761904761904,,,-0.0007619047619047,0.0076190476190476,-0.0119047619047619,-0.0309523809523809,6.397952655144533e-05,-0.0426446280991735,2100.0,2055.0,0.8717948717948718,0.0001903311762467,0.0007614334035455,-0.0002879303845114
2018-06-20,2125.0,2125.0,2075.0,2095.0,39000.0,2095.0,2112.0,2118.5,2103.4,2084.133333333333,1986.075,False,False,False,False,False,False,True,True,False,False,False,-0.0047732696897374,-0.0453460620525059,,,-0.0040095465393795,0.0051869530628481,-0.0023866348448687,-0.0391408114558472,6.397543343350333e-05,-0.0431909369837148,2095.0,2010.0,1.1470588235294117,0.0008557573452506,0.0006654261690039,-4.093117941995515e-09
2018-06-21,2085.0,2100.0,2085.0,2100.0,6000.0,2100.0,2109.0,2117.5,2103.4,2084.6,1988.275,False,False,False,False,False,False,False,True,False,True,False,-0.0071428571428571,-0.0738095238095238,,,-0.0016190476190476,0.0073333333333333,-0.0023809523809523,-0.0409523809523809,0.0002238638907544,-0.0425501770956316,2105.0,1995.0,0.1538461538461538,0.0,-0.0008557573452506,0.0001598884573209
2018-06-22,2125.0,2150.0,2100.0,2140.0,74000.0,2140.0,2111.0,2118.0,2104.6,2086.0,1990.75,False,False,False,True,True,False,True,True,False,False,False,-0.0233644859813084,-0.0771028037383177,,,0.0165420560747663,0.025233644859813,-0.0233644859813084,-0.075233644859813,0.0006711409395973,-0.0465061378659112,2115.0,2040.0,12.333333333333334,0.0005701796065759,0.0005701796065759,0.0004472770488429
2018-06-25,2135.0,2135.0,2100.0,2100.0,34000.0,2100.0,2107.0,2114.5,2102.0,2086.266666666667,1992.975,False,False,False,False,False,False,False,True,False,True,False,-0.0238095238095238,-0.0452380952380952,,,-0.0009523809523809,0.0065396825396824,-0.0119047619047619,-0.0476190476190476,0.0001278200293987,-0.0470087491132655,2100.0,1980.0,0.4594594594594595,-0.0012369172216935,-0.0018070968282695,-0.0005433209101986
2018-06-26,2100.0,2105.0,2095.0,2095.0,10000.0,2095.0,2106.0,2111.0,2099.8,2086.733333333333,1994.95,False,False,False,False,False,False,False,True,False,False,False,-0.0381861575178997,-0.035799522673031,,,-0.002291169451074,0.0039459029435164,-0.0047732696897374,-0.0439140811455847,0.0002236350276346,-0.0459024159166272,2155.0,1985.0,0.2941176470588235,-0.0010477188303647,0.0001891983913288,9.5814998235988e-05
2018-06-27,2085.0,2095.0,2085.0,2085.0,9000.0,2085.0,2104.0,2108.0,2097.2,2086.866666666667,1996.85,False,False,False,False,False,False,False,True,False,True,False,-0.0407673860911271,-0.0335731414868105,,,-0.005851318944844,-0.0008952837729816,-0.0071942446043165,-0.0369304556354916,6.389163977909472e-05,-0.0456831119544591,2130.0,2010.0,0.9,-0.001239748235743,-0.0001920294053783,-0.0001597433878556
2018-06-28,2090.0,2090.0,2080.0,2085.0,12000.0,2085.0,2101.0,2105.0,2096.0,2087.0,1998.95,False,False,False,False,False,False,False,True,False,False,False,-0.0671462829736211,-0.0191846522781774,,,-0.0052757793764988,-0.0009592326139088,0.0071942446043165,-0.0455635491606714,6.388755789804123e-05,-0.0458907363420427,2150.0,2010.0,1.3333333333333333,-0.0005725190839693,0.0006672291517736,-4.081881053487075e-09
2018-06-29,2080.0,2090.0,2075.0,2090.0,15000.0,2090.0,2091.0,2101.0,2095.0,2086.5333333333333,2001.3,False,False,False,False,False,False,False,False,False,False,False,-0.055023923444976,-0.0119617224880382,,,-0.0023923444976076,0.0016586921850079,0.0,-0.0507177033492822,-0.0002236564636718,-0.0453593526891956,2130.0,1990.0,1.25,-0.0004773269689737,9.51921149956318e-05,-0.0002875440215698
2018-07-02,2100.0,2100.0,2050.0,2050.0,31000.0,2050.0,2081.0,2094.0,2093.4,2085.733333333333,2003.4,False,False,False,False,False,False,False,False,False,True,False,-0.0219512195121951,0.0121951219512195,,,-0.0211707317073171,-0.0174308943089429,0.0170731707317073,-0.0248780487804878,-0.0003835581410216,-0.0436962750716332,2125.0,2040.0,2.066666666666667,-0.0007643068692079,-0.0002869799002341,-0.0001599016773498
2018-07-03,2050.0,2050.0,1980.0,2015.0,77000.0,2015.0,2065.0,2085.5,2092.0,2084.6666666666665,2005.25,False,False,False,False,False,False,False,False,False,False,False,0.0024813895781637,0.0372208436724565,,,-0.038213399503722,-0.0345740281224151,0.0471464019851116,-0.0054590570719602,-0.000511672529581,-0.0412850635339246,2125.0,2040.0,2.4838709677419355,-0.0006692160611855,9.509080802243166e-05,-0.0001281143885594
2018-07-04,2005.0,2015.0,1985.0,2000.0,16000.0,2000.0,2048.0,2076.0,2091.6,2083.9333333333334,2007.075,False,False,False,False,False,False,False,False,False,False,False,0.0075,0.035,,,-0.0457999999999999,-0.0419666666666666,0.0425,-0.0005,-0.0003518986531877,-0.0375722543352601,2125.0,2040.0,0.2077922077922078,-0.0001912411550966,0.0004779749060888,0.0001597738763932
2018-07-05,1990.0,1995.0,1925.0,1945.0,49000.0,1945.0,2020.0,2060.5,2087.6,2082.0666666666666,2008.675,False,False,False,False,False,False,False,False,False,True,False,0.0514138817480719,0.0565552699228791,,,-0.0733161953727506,-0.0704712939160239,0.0591259640102827,0.0308483290488431,-0.0008965450994205,-0.0307692307692308,2145.0,2040.0,3.0625,-0.0019160758766047,-0.001724834721508,-0.0005446464462327
2018-07-06,1960.0,1995.0,1945.0,1975.0,27000.0,1975.0,1997.0,2044.0,2085.0,2081.0,2010.3,False,False,False,False,False,False,False,False,False,False,False,0.0455696202531645,0.0430379746835443,,,-0.0556962025316455,-0.0536708860759493,0.0354430379746835,-0.0248101265822784,-0.0005125740829729,-0.0255381604696673,2145.0,2050.0,0.5510204081632653,-0.0012470023980814,0.0006690734785232,0.0003839710164476
2018-07-09,1975.0,2005.0,1975.0,2005.0,9000.0,2005.0,1988.0,2034.5,2081.8,2080.0,2012.05,False,False,False,False,False,False,False,False,False,True,False,0.0349127182044887,0.0349127182044887,,,-0.0383042394014963,-0.0374064837905236,0.027431421446384,-0.0588528678304239,-0.0004807692307692,-0.0265421479478987,2150.0,2060.0,0.3333333333333333,-0.0015371313286578,-0.0002901289305763,3.18048522036698e-05
2018-07-10,2035.0,2035.0,2000.0,2020.0,19000.0,2020.0,1989.0,2027.0,2079.0,2079.5333333333333,2013.925,False,False,True,False,False,False,False,False,False,False,False,0.0346534653465346,0.0272277227722772,,,-0.0292079207920792,-0.0294719471947194,-0.0049504950495049,-0.0594059405940594,-0.0002244093226044,-0.0280217069560927,2090.0,2055.0,2.111111111111111,-0.0013468013468014,0.0001903299818563,0.0002563599081647
2018-07-11,2020.0,2025.0,2010.0,2015.0,14000.0,2015.0,1992.0,2020.0,2076.2,2079.6,2015.75,False,False,False,False,False,False,False,True,False,True,False,0.0272952853598014,0.0372208436724565,,,-0.0303722084367244,-0.0320595533498758,-0.0024813895781637,-0.0352357320099255,3.2057446944896154e-05,-0.0278217821782178,2050.0,2070.0,0.7368421052631579,-0.0013486176668915,-1.8163200900898208e-06,0.0002564667695493
2018-07-12,2015.0,2055.0,2010.0,2045.0,26000.0,2045.0,2012.0,2016.0,2073.6,2080.266666666667,2017.6,False,False,False,False,False,False,False,True,False,False,False,0.0048899755501222,0.0244498777506112,,,-0.0139853300733495,-0.0172453137734312,-0.0171149144254278,-0.056723716381418,0.0003204717343931,-0.0289186507936507,2100.0,2070.0,1.8571428571428568,-0.0012538580246913,9.475964220020993e-05,0.0002884142874482
2018-07-13,2045.0,2065.0,2035.0,2065.0,14000.0,2065.0,2030.0,2013.5,2070.8,2080.6,2019.4,False,False,False,False,False,False,False,True,False,True,False,-0.0024213075060532,0.0121065375302663,,,-0.0028087167070218,-0.0075544794188861,-0.0290556900726392,-0.0716707021791767,0.0001602101957767,-0.0310404767817233,2110.0,2055.0,0.5384615384615384,-0.0013521344407956,-9.827641610438164e-05,-0.0001602615386164
2018-07-17,2065.0,2075.0,2060.0,2075.0,41000.0,2075.0,2044.0,2016.0,2068.4,2081.866666666667,2021.225,False,False,False,False,True,False,False,True,False,False,False,0.0,0.0,,,0.0031807228915662,-0.0033092369477912,-0.0433734939759036,-0.0766265060240963,0.0006084283335469,-0.0363591269841269,2165.0,2100.0,2.9285714285714284,-0.0011603171533552,0.0001918172874404,0.0004482181377702
2018-07-18,2065.0,2090.0,2065.0,2090.0,13000.0,2090.0,2058.0,2023.5,2066.8,2083.266666666667,2023.175,False,False,False,False,False,False,False,True,False,False,False,-0.0071770334928229,-0.0023923444976076,,,0.0111004784688994,0.0032216905901115,-0.0526315789473684,-0.0435406698564593,0.0006720215046881,-0.0401779095626389,2150.0,2100.0,0.3170731707317073,-0.0007741436036384,0.0003861735497168,6.359317114127479e-05
2018-07-19,2085.0,2085.0,2070.0,2070.0,7000.0,2070.0,2069.0,2030.5,2065.0,2084.0666666666666,2025.075,False,False,False,False,False,False,False,True,False,True,False,0.0096618357487922,0.0,,,0.002415458937198,-0.0067954911433172,-0.0338164251207729,-0.0579710144927536,0.0003838648795622,-0.0459000246244767,2150.0,2095.0,0.5384615384615384,-0.0008716707021792,-9.752709854083404e-05,-0.0002881566251259
2018-07-20,2085.0,2085.0,2055.0,2055.0,50000.0,2055.0,2071.0,2041.5,2062.6,2084.6666666666665,2026.875,False,False,False,False,False,True,False,True,False,True,False,0.0194647201946472,0.0218978102189781,,,-0.0036982968369829,-0.0144363341443632,-0.0145985401459854,-0.0715328467153284,0.0002878157978893,-0.0557923095762919,2115.0,2105.0,7.142857142857143,-0.0011635799476389,-0.0002919092454596,-9.60490816729559e-05
2018-07-23,2060.0,2080.0,2055.0,2060.0,16000.0,2060.0,2070.0,2050.0,2059.8,2085.6,2028.775,False,False,False,False,False,False,False,True,False,True,False,0.0145631067961165,0.0145631067961165,,,9.70873786406884e-05,-0.0124271844660193,-0.0097087378640776,-0.0553398058252427,0.0004475131057409,-0.0587317073170732,2115.0,2115.0,0.32,-0.0013593552772112,-0.0001957753295723,0.0001596973078516
2018-07-24,2070.0,2075.0,2070.0,2075.0,9000.0,2075.0,2070.0,2057.0,2058.0,2086.0666666666666,2030.625,False,False,False,False,False,False,False,True,False,False,False,0.0,0.0048192771084337,,,0.0081927710843373,-0.0053333333333333,-0.0240963855421686,-0.0636144578313253,0.0002237064970758,-0.0592124453087019,2090.0,2100.0,0.5625,-0.0008746355685132,0.000484719708698,-0.0002238066086651
2018-07-25,2075.0,2085.0,2065.0,2075.0,40000.0,2075.0,2067.0,2062.5,2057.0,2086.5333333333333,2032.475,False,False,False,False,False,False,False,True,False,False,False,0.0048192771084337,0.016867469879518,,,0.0086746987951807,-0.0055582329317268,-0.0240963855421686,-0.0640963855421686,0.0002236564636718,-0.0596848484848484,2050.0,2155.0,4.444444444444445,-0.0004861448711716,0.0003884906973415,-5.003340403640123e-08
2018-07-26,2075.0,2100.0,2075.0,2090.0,23000.0,2090.0,2071.0,2070.0,2056.8,2087.2,2034.2,False,False,False,False,False,False,False,True,False,False,False,-0.0095693779904306,-0.0023923444976076,,,0.0158851674641147,0.0013397129186603,-0.0454545454545454,-0.0870813397129186,0.0003194071802733,-0.0648309178743961,2010.0,2130.0,0.575,-9.723842862690494e-05,0.0003889064425447,9.57507166015253e-05
2018-07-27,2085.0,2100.0,2085.0,2095.0,14000.0,2095.0,2079.0,2075.0,2056.6,2087.9333333333334,2035.925,False,False,False,False,False,False,False,True,False,True,False,0.0023866348448687,-0.0167064439140811,,,0.0183293556085919,0.0033731105807477,-0.0525059665871121,-0.0916467780429594,0.0003512244963122,-0.0683373493975903,2045.0,2150.0,0.6086956521739131,-9.7247884858637e-05,-9.456231732059892e-09,3.1817316038919004e-05
2018-07-30,2080.0,2090.0,2080.0,2090.0,6000.0,2090.0,2085.0,2077.5,2054.6,2088.4666666666667,2037.675,False,False,False,False,False,False,False,True,False,True,False,0.0,-0.0215311004784689,,,0.0169377990430622,0.0007336523125996,-0.062200956937799,-0.0947368421052631,0.0002553707664314,-0.0706618531889289,2040.0,2130.0,0.4285714285714285,-0.0009734254842791,-0.0008761775994205,-9.585372988076072e-05
2018-07-31,2090.0,2090.0,2075.0,2075.0,34000.0,2075.0,2085.0,2077.5,2053.6,2088.6666666666665,2039.425,False,False,False,False,False,False,False,True,False,False,False,0.0048192771084337,-0.0072289156626506,,,0.0103132530120482,-0.006586345381526,-0.0602409638554216,-0.1060240963855421,9.575486753901284e-05,-0.0735980746089049,2085.0,2125.0,5.666666666666667,-0.0004869497467861,0.000486475737493,-0.0001596158988924
2018-08-01,2075.0,2085.0,2065.0,2085.0,8000.0,2085.0,2087.0,2077.0,2053.2,2089.0666666666666,2041.325,False,False,False,False,False,False,False,True,False,False,False,0.0119904076738609,-0.0359712230215827,,,0.0152517985611511,-0.0019504396482813,-0.0431654676258992,-0.1021582733812949,0.000191473066122,-0.0794896485315358,2090.0,2125.0,0.2352941176470588,-0.0001948178453146,0.0002921319014714,9.571819858306288e-05
2018-08-02,2075.0,2090.0,2065.0,2070.0,6000.0,2070.0,2083.0,2077.0,2052.6,2089.0666666666666,2042.975,False,False,False,False,False,False,False,False,False,True,False,0.0072463768115942,-0.0289855072463768,,,0.0084057971014493,-0.0092109500805152,0.002415458937198,-0.0975845410628019,0.0,-0.0834376504573904,2085.0,2125.0,0.75,-0.0002923121894182,-9.749434410357932e-05,-0.000191473066122
2018-08-03,2085.0,2100.0,2085.0,2100.0,23000.0,2100.0,2084.0,2081.5,2053.2,2089.4666666666667,2044.825,False,False,False,False,False,False,True,True,False,False,True,-0.019047619047619,-0.0428571428571428,,,0.0222857142857143,0.005015873015873,-0.0166666666666666,-0.119047619047619,0.0001914364112054,-0.0882056209464328,2110.0,2145.0,3.8333333333333335,0.0002922267679719,0.0005845389573901,0.0001914364112054
2018-08-06,2100.0,2100.0,2075.0,2090.0,13000.0,2090.0,2084.0,2084.5,2053.2,2089.9333333333334,2046.5,False,False,False,False,False,False,False,True,False,True,False,-0.0215311004784689,-0.0406698564593301,,,0.0176076555023924,3.189792663473973e-05,-0.0287081339712918,-0.1301435406698564,0.0002232926090146,-0.0956584312784841,2135.0,2145.0,0.5652173913043478,0.0,-0.0002922267679719,3.185619780920131e-05
2018-08-07,2085.0,2090.0,2070.0,2085.0,8000.0,2085.0,2086.0,2085.5,2054.6,2089.733333333333,2048.1,False,False,False,False,False,False,True,False,False,False,False,-0.0119904076738609,-0.0479616306954436,,,0.0145803357314149,-0.0022701838529175,-0.0239808153477218,-0.1199040767386091,-9.570599119517938e-05,-0.1012706784943658,2135.0,2150.0,0.6153846153846154,0.0006813978389954,0.0006813978389954,-0.0003189986002098
2018-08-08,2110.0,2140.0,2105.0,2110.0,41000.0,2110.0,2091.0,2089.0,2058.4,2089.866666666667,2049.75,False,False,False,False,False,False,True,True,True,False,False,-0.0473933649289099,-0.0616113744075829,,,0.0244549763033174,0.0095418641390204,-0.0663507109004739,-0.1388625592417061,6.379992344025143e-05,-0.108760172331259,2130.0,2090.0,5.125,0.0018460940536339,0.0011646962146385,0.0001595059146354
2018-08-09,2110.0,2110.0,2085.0,2085.0,5000.0,2085.0,2094.0,2088.5,2061.8,2089.733333333333,2051.375,False,False,False,False,False,False,True,False,False,True,False,-0.0359712230215827,-0.0407673860911271,,,0.0111270983213428,-0.0022701838529175,-0.052757793764988,-0.1179856115107913,-6.380399413019213e-05,-0.1118506104859946,2115.0,2050.0,0.1219512195121951,0.0016490445242021,-0.0001970495294317,-0.0001276039175704
2018-08-10,2085.0,2085.0,2060.0,2060.0,15000.0,2060.0,2086.0,2085.0,2066.4,2089.133333333333,2052.975,False,False,False,False,False,False,True,False,False,False,False,-0.0242718446601941,-0.0169902912621359,,,-0.0031067961165048,-0.0141423948220064,-0.0266990291262135,-0.1067961165048543,-0.0002872004339917,-0.1133812949640288,2115.0,2100.0,3.0,0.0022260936895082,0.000577049165306,-0.0002233964398615
2018-08-13,2060.0,2070.0,2040.0,2045.0,20000.0,2045.0,2077.0,2080.5,2069.2,2088.2,2054.425,False,False,False,False,False,False,True,False,False,True,False,-0.0195599022004889,-0.0024449877750611,,,-0.0118337408312957,-0.021124694376528,-0.0073349633251833,-0.1095354523227383,-0.0004469559109919,-0.1148762316750781,2130.0,2110.0,1.3333333333333333,0.0013531799729362,-0.000872913716572,-0.0001597554770002
2018-08-14,2050.0,2060.0,2050.0,2060.0,15000.0,2060.0,2072.0,2079.0,2071.4,2087.6666666666665,2056.05,False,False,False,False,False,False,True,False,False,True,False,-0.0364077669902912,-0.0169902912621359,,,-0.0055339805825243,-0.013430420711974,-0.0145631067961165,-0.1199029126213592,-0.0002554686252594,-0.1162578162578162,2120.0,2165.0,0.75,0.0010620836149465,-0.0002910963579897,0.0001914872857325
2018-08-15,2030.0,2055.0,2010.0,2010.0,25000.0,2010.0,2052.0,2071.5,2071.0,2085.733333333333,2057.175,False,False,False,False,False,False,False,False,False,True,False,-0.0149253731343283,0.0074626865671641,,,-0.0303482587064676,-0.0376782752902154,0.0024875621890547,-0.0910447761194029,-0.0009269321741354,-0.115230509292783,2100.0,2150.0,1.6666666666666667,-0.0001931434089812,-0.0012552270239277,-0.0006714635488759
2018-08-16,2010.0,2030.0,1960.0,2010.0,51000.0,2010.0,2037.0,2065.5,2070.8,2084.133333333333,2058.275,False,False,False,False,False,False,False,False,False,False,False,-0.0049751243781094,-0.0074626865671641,,,-0.0302487562189055,-0.036882255389718,0.0024875621890547,-0.1009950248756219,-0.0007677052012026,-0.1156136528685548,2095.0,2150.0,2.04,-9.65810314853284e-05,9.6562377495884e-05,0.0001592269729327
2018-08-17,2035.0,2035.0,2000.0,2010.0,16000.0,2010.0,2027.0,2056.5,2069.4,2082.266666666667,2059.325,False,False,False,False,False,False,False,False,False,True,False,0.0074626865671641,-0.0124378109452736,,,-0.0295522388059701,-0.0359535655058044,0.0,-0.1064676616915422,-0.0008964589870011,-0.1143690736688548,2100.0,2115.0,0.3137254901960784,-0.0006765245965014,-0.0005799435650161,-0.0001287537857984
2018-08-20,2020.0,2025.0,2005.0,2005.0,31000.0,2005.0,2019.0,2048.0,2067.0,2080.6,2060.125,False,False,False,False,False,False,False,False,False,True,False,0.0174563591022443,-0.0224438902743142,,,-0.0309226932668329,-0.0377057356608478,0.02643391521197,-0.1037406483790523,-0.0008010509788844,-0.1117187499999999,2140.0,2115.0,1.9375,-0.0011611030478955,-0.000484578451394,9.540800811674258e-05
2018-08-21,2000.0,2000.0,1975.0,1985.0,19000.0,1985.0,2004.0,2038.0,2063.4,2078.733333333333,2060.625,False,False,False,False,False,False,False,False,False,True,False,0.0201511335012594,-0.017632241813602,,,-0.0394962216624685,-0.0472208228379512,0.0297229219143576,-0.1188916876574307,-0.000897982745903,-0.1115799803729146,2100.0,2090.0,0.6129032258064516,-0.0017446932247745,-0.000583590176879,-9.693176701857026e-05
2018-08-22,2000.0,2000.0,1965.0,1980.0,9000.0,1980.0,1998.0,2025.0,2059.0,2076.8,2060.825,False,False,False,False,False,False,False,False,False,True,False,0.0227272727272727,0.0075757575757575,,,-0.0398989898989899,-0.0488888888888889,0.0166666666666666,-0.1303030303030303,-0.0009309193631225,-0.1105679012345679,2095.0,2050.0,0.4736842105263157,-0.0021369596891695,-0.0003922664643949,-3.293661721955098e-05
2018-08-23,2005.0,2010.0,1975.0,2000.0,14000.0,2000.0,1996.0,2016.5,2056.2,2075.133333333333,2061.225,False,False,False,False,False,False,False,False,False,False,False,-0.0025,0.0375,,,-0.0280999999999999,-0.0375666666666666,0.016,-0.1395,-0.0008031612426512,-0.1126704686337714,2085.0,2010.0,1.5555555555555556,-0.0013617352397627,0.0007752244494067,0.0001277581204713
2018-08-24,2005.0,2040.0,1990.0,2025.0,32000.0,2025.0,1999.0,2013.0,2055.0,2073.5333333333333,2061.625,False,False,False,False,False,False,False,False,False,False,False,-0.019753086419753,0.019753086419753,,,-0.0148148148148148,-0.0239670781893003,-0.0009876543209876,-0.1525925925925925,-0.0007716297463266,-0.1172876304023844,2085.0,2045.0,2.2857142857142856,-0.0005839416058393,0.0007777936339234,3.1531496324543754e-05
2018-08-27,2050.0,2055.0,2035.0,2040.0,32000.0,2040.0,2006.0,2012.5,2054.2,2072.133333333333,2061.925,False,False,False,False,False,False,False,False,False,False,False,-0.0392156862745098,-0.0049019607843137,,,-0.0069607843137254,-0.015751633986928,-0.0142156862745098,-0.1568627450980392,-0.0006756321987002,-0.1220869565217391,2090.0,2040.0,1.0,-0.0003894460130465,0.0001944955927927,9.599754762642078e-05
2018-08-28,2050.0,2065.0,2015.0,2025.0,25000.0,2025.0,2014.0,2009.0,2052.2,2070.4666666666667,2062.55,False,False,False,False,False,False,False,False,False,True,False,-0.037037037037037,0.0049382716049382,,,-0.013432098765432,-0.0224526748971193,0.0029629629629629,-0.1506172839506173,-0.0008049715040086,-0.1251866600298656,2050.0,2085.0,0.78125,-0.0009745638826625,-0.0005851178696159,-0.0001293393053084
2018-08-29,2050.0,2050.0,2020.0,2025.0,20000.0,2025.0,2023.0,2010.5,2050.2,2069.6,2063.125,False,False,False,False,False,False,False,False,False,True,False,-0.0148148148148148,-0.0271604938271604,,,-0.0124444444444443,-0.0220246913580246,0.0049382716049382,-0.1753086419753086,-0.0004187604690117,-0.1336483461825416,2015.0,2090.0,0.8,-0.000975514583943,-9.507012805213882e-07,0.0003862110349969
2018-08-30,2025.0,2025.0,1995.0,1995.0,15000.0,1995.0,2022.0,2009.0,2046.4,2068.866666666667,2063.175,False,False,False,False,False,False,False,False,False,True,False,0.0401002506265664,-0.0100250626566416,,,-0.0257644110275689,-0.0370258980785297,0.0090225563909774,-0.1684210526315789,-0.0003544613798213,-0.1403683424589347,2000.0,2085.0,0.75,-0.0018569194683345,-0.0008814048843914,6.429908919040612e-05
2018-08-31,1995.0,1995.0,1985.0,1985.0,15000.0,1985.0,2014.0,2006.5,2042.0,2067.333333333333,2063.35,False,False,False,False,False,False,False,False,False,True,False,0.0403022670025188,0.0100755667506297,,,-0.0287153652392947,-0.0414777497900922,0.014609571788413,-0.1909319899244332,-0.0007416962270237,-0.1487665088462497,1945.0,2110.0,1.0,-0.002154750244858,-0.0002978307765235,-0.0003872348472023
2018-09-03,1985.0,1995.0,1955.0,1960.0,22000.0,1960.0,1998.0,2002.0,2036.8,2065.333333333333,2063.125,False,False,False,False,False,False,False,False,False,True,False,0.0357142857142857,0.0357142857142857,,,-0.0391836734693877,-0.0537414965986393,0.0096938775510204,-0.1954081632653061,-0.0009683666881859,-0.1578421578421578,1975.0,2135.0,1.4666666666666666,-0.0025530243519246,-0.0003982741070665,-0.0002266704611621
2018-09-04,1955.0,1965.0,1950.0,1950.0,18000.0,1950.0,1983.0,1998.5,2031.8,2062.4666666666667,2062.475,False,False,False,False,False,False,False,False,False,False,False,0.0435897435897435,0.041025641025641,,,-0.0419487179487179,-0.0576752136752136,0.0256410256410256,-0.2307692307692307,-0.0013899214532758,-0.1688266199649737,2005.0,2135.0,0.8181818181818182,-0.0024608721330839,9.215221884064468e-05,-0.0004215547650899
2018-09-05,1970.0,2005.0,1940.0,1995.0,57000.0,1995.0,1977.0,2000.0,2028.2,2060.4,2062.525,False,False,False,False,False,False,False,False,False,False,False,-0.012531328320802,0.0100250626566416,,,-0.016641604010025,-0.032781954887218,0.0040100250626566,-0.2446115288220551,-0.0010030414806186,-0.1802,2020.0,2130.0,3.1666666666666665,-0.0017749728823586,0.0006858992507252,0.0003868799726572
2018-09-06,2115.0,2140.0,2040.0,2075.0,431000.0,2075.0,1993.0,2007.5,2028.4,2059.4,2063.5,False,False,False,False,True,False,True,False,False,False,True,-0.0481927710843373,-0.0289156626506024,,,0.0224578313253011,0.0075180722891565,-0.032289156626506,-0.2043373493975903,-0.0004855783237836,-0.1867496886674969,2015.0,2115.0,7.56140350877193,9.85998816801644e-05,0.0018735727640388,0.0005174631568349
2018-09-07,2130.0,2130.0,2065.0,2065.0,280000.0,2065.0,2009.0,2011.5,2027.0,2058.733333333333,2064.125,False,False,False,False,False,False,False,False,False,True,False,-0.0290556900726392,-0.0266343825665859,,,0.0184019370460048,0.0030347054075868,-0.036319612590799,-0.2058111380145278,-0.0003238237103722,-0.1921451652995277,2045.0,2115.0,0.6496519721577726,-0.0006906758756783,-0.0007892757573585,0.0001617546134114
2018-09-10,2085.0,2110.0,2015.0,2030.0,135000.0,2030.0,2023.0,2010.5,2024.6,2057.6,2064.85,False,False,False,False,False,False,False,False,False,True,False,0.0,0.0137931034482758,,,0.0026600985221675,-0.0135960591133004,-0.0226600985221674,-0.2024630541871921,-0.0005508035251425,-0.196766973389704,2065.0,2130.0,0.4821428571428571,-0.0011854193420923,-0.0004947434664139,-0.0002269798147702
2018-09-11,2035.0,2060.0,2035.0,2035.0,35000.0,2035.0,2040.0,2011.5,2022.6,2056.866666666667,2065.375,False,False,False,False,False,False,False,False,False,False,False,-0.0024570024570024,0.0044226044226044,,,0.0060933660933661,-0.0107452907452908,-0.0176904176904176,-0.199017199017199,-0.0003565293488476,-0.2016405667412378,2075.0,2120.0,0.2592592592592592,-0.0009888262632255,0.0001965930788667,0.0001942741762948
2018-09-12,2040.0,2040.0,1970.0,1970.0,56000.0,1970.0,2035.0,2006.0,2017.0,2055.8,2065.475,False,False,False,False,False,True,False,False,False,True,False,0.0228426395939086,0.0218274111675126,,,-0.0238578680203045,-0.0435532994923858,0.0172588832487309,-0.1710659898477157,-0.0005188572169795,-0.2012961116650049,2090.0,2100.0,1.6,-0.0027764005949429,-0.0017875743317173,-0.0001623278681319
2018-09-13,1985.0,2005.0,1975.0,1975.0,11000.0,1975.0,2015.0,2004.0,2012.6,2055.333333333333,2065.65,False,False,False,False,False,False,False,False,False,False,False,0.020253164556962,0.0288607594936708,,,-0.0190379746835442,-0.0406751054852319,0.0121518987341772,-0.1934177215189873,-0.0002270515731432,-0.2037924151696607,2070.0,2095.0,0.1964285714285714,-0.0021862267713405,0.0005901738236023,0.0002918056438362
2018-09-14,1980.0,2005.0,1980.0,2005.0,15000.0,2005.0,2003.0,2006.0,2010.4,2054.8,2065.975,False,False,False,False,False,False,False,False,False,False,False,0.0024937655860349,0.0089775561097256,,,-0.0026932668329177,-0.0248379052369078,0.0,-0.2034912718204488,-0.000259554863409,-0.2050348953140578,2055.0,2100.0,1.3636363636363635,-0.0010943095901312,0.0010919171812093,-3.25032902657385e-05
2018-09-18,2000.0,2030.0,1990.0,2030.0,22000.0,2030.0,2003.0,2013.0,2009.8,2054.6666666666665,2066.45,False,False,False,False,True,False,False,False,False,False,True,0.0137931034482758,-0.00935960591133,,,0.0099507389162561,-0.012151067323481,-0.051231527093596,-0.2142857142857142,-6.489292667115518e-05,-0.2069051167411823,2060.0,2140.0,1.4666666666666666,-0.0002985371678774,0.0007957724222537,0.0001946619367378
2018-09-19,2025.0,2050.0,2025.0,2030.0,49000.0,2030.0,2002.0,2021.0,2008.6,2053.9333333333334,2066.95,False,False,False,False,False,False,False,False,False,True,False,0.0068965517241379,0.0004926108374384,,,0.0105418719211823,-0.0117898193760263,-0.0704433497536945,-0.2142857142857142,-0.0003570385277028,-0.2053438891637803,2075.0,2100.0,2.227272727272727,-0.0005974310465,-0.0002988938786226,-0.0002921456010316
2018-09-20,2030.0,2030.0,2015.0,2015.0,16000.0,2015.0,2011.0,2023.0,2008.8,2052.9333333333334,2067.075,False,False,False,False,False,False,True,False,False,False,False,-0.0009925558312655,0.009925558312655,,,0.003076923076923,-0.0188254755996691,-0.0570719602977667,-0.2089330024813895,-0.000487107878158,-0.2018289668808699,2075.0,2095.0,0.3265306122448979,9.95619275189394e-05,0.000696992974019,-0.0001300693504552
2018-09-21,2020.0,2025.0,2010.0,2015.0,27000.0,2015.0,2019.0,2017.0,2009.0,2052.0,2067.325,False,False,False,False,False,False,True,False,False,True,False,0.0084367245657568,-0.0009925558312655,,,0.0029776674937965,-0.0183622828784119,-0.0352357320099255,-0.2133995037220843,-0.000454840805718,-0.2027268220128904,2090.0,2085.0,1.6875,9.95520159283452e-05,-9.911590594222e-09,3.226707244005449e-05
2018-09-25,2015.0,2040.0,2005.0,2010.0,78000.0,2010.0,2020.0,2011.5,2009.0,2050.6666666666665,2067.55,False,False,False,False,False,False,False,False,False,True,False,0.0064676616915422,0.0019900497512437,,,0.0004975124378109,-0.0202321724709783,-0.0402985074626865,-0.2069651741293532,-0.0006501950585176,-0.2028337061894108,2095.0,2085.0,2.888888888888889,0.0,-9.95520159283452e-05,-0.0001953542527996
2018-09-26,2010.0,2060.0,2010.0,2058.0,1100.0,2058.0,2025.6,2014.3,2011.12,2049.64,2068.265,False,False,False,False,False,False,True,False,True,False,False,-0.0228377065111759,-0.0383867832847424,,,0.022779397473275,0.0040621963070943,-0.0685131195335276,-0.1890184645286686,-0.0005009009712274,-0.2014595641165665,2090.0,2090.0,0.0141025641025641,0.0010541389872309,0.0010541389872309,0.0001492940872901
2018-09-27,2036.0,2050.0,2000.0,2044.0,4300.0,2044.0,2028.4,2015.2,2013.48,2048.4266666666667,2068.91,False,False,False,False,False,False,True,False,False,False,False,-0.0063600782778864,-0.0215264187866927,,,0.014931506849315,-0.0021656881930854,-0.0626223091976516,-0.1829745596868884,-0.0005923245157257,-0.199831282254863,2075.0,2050.0,3.909090909090909,0.001172100045692,0.0001179610584611,-9.142354449833997e-05
2018-09-28,2025.0,2034.0,2011.0,2013.0,5500.0,2013.0,2028.0,2019.5,2014.8,2046.8666666666663,2069.425,False,False,False,False,False,False,True,False,False,True,True,0.0109289617486338,-0.0049677098857426,,,-0.0008941877794336,-0.016823977479715,-0.0069547938400397,-0.1708892200695479,-0.0007621405074424,-0.1997524139638525,2085.0,2015.0,1.2790697674418603,0.0006551518761167,-0.0005169481695753,-0.0001698159917166
2018-10-01,2033.0,2033.0,2014.0,2032.0,1200.0,2032.0,2031.4,2025.2,2016.08,2045.76,2069.96,False,False,False,False,False,False,True,False,False,True,False,-0.0093503937007874,-0.0118110236220472,,,0.0078346456692913,-0.006771653543307,-0.0403543307086614,-0.1683070866141732,-0.0005409562542362,-0.1972150898676674,2070.0,2000.0,0.2181818181818181,0.0006348954406571,-2.0256435459601284e-05,0.0002211842532062
2018-10-02,2006.0,2049.0,2005.0,2023.0,6300.0,2023.0,2034.0,2027.0,2016.0,2044.5333333333333,2070.275,False,False,False,False,False,False,False,False,False,True,False,-0.0044488383588729,-0.0163124073158675,,,0.0034602076124567,-0.0106442577030812,-0.0568462679189322,-0.1527434503213049,-0.0005999739141776,-0.1921558954119388,2100.0,1945.0,5.25,-3.968253968250359e-05,-0.0006745779803396,-5.9017659941409e-05
2018-10-03,2023.0,2030.0,1956.0,2011.0,5800.0,2011.0,2024.6,2025.1,2014.84,2042.9466666666667,2070.405,False,False,False,False,False,False,False,False,False,True,False,-0.0159124813525609,-0.0134261561412232,,,-0.0019094977623072,-0.0158859605503066,-0.0323222277473893,-0.1292889109895574,-0.0007766559414179,-0.1836946323638339,2090.0,1975.0,0.9206349206349206,-0.0005757280975164,-0.0005360455578339,-0.0001766820272402
2018-10-04,2013.0,2031.0,2013.0,2031.0,7100.0,2031.0,2022.0,2025.2,2015.08,2041.76,2070.21,False,False,False,False,False,False,True,False,False,False,False,-0.0152634170359428,-0.0157557853274249,,,0.0078385032003939,-0.0052978828163466,-0.0433284096504185,-0.1526341703594288,-0.0005811979207481,-0.1775133320165909,2085.0,2005.0,1.2241379310344829,0.0001191019711376,0.000694830068654,0.0001954580206697
2018-10-05,1992.0,2048.0,1992.0,2035.0,8600.0,2035.0,2026.4,2027.2,2015.48,2040.8933333333327,2070.01,False,False,False,False,False,False,True,False,False,False,False,-0.0157248157248157,-0.0152334152334152,,,0.0095921375921375,-0.0028959868959868,-0.0457002457002457,-0.1552825552825552,-0.0004246506431824,-0.1721586424625098,2110.0,2020.0,1.2112676056338028,0.0001984638894953,7.93619183577246e-05,0.0001565472775656
2018-10-09,2035.0,2035.0,2012.0,2013.0,1200.0,2013.0,2022.6,2027.0,2016.2,2039.8,2069.375,False,False,False,False,False,False,True,False,False,False,False,-0.0024838549428713,-0.0069547938400397,,,-0.0015896671634376,-0.0133134624937903,-0.052160953800298,-0.1485345255837059,-0.0005360002614635,-0.1657128761716823,2085.0,2015.0,0.1395348837209302,0.0003571074298184,0.0001586435403231,-0.000111349618281
2018-10-10,2014.0,2014.0,2014.0,2014.0,100.0,2014.0,2020.8,2027.4,2017.36,2038.6533333333327,2068.87,False,False,False,False,False,False,True,False,False,False,False,-0.0119165839126117,-0.0044687189672293,,,-0.0016683217477655,-0.0122409798080105,-0.0551142005958291,-0.1454816285998013,-0.000562462802242,-0.1596132978198678,2060.0,2045.0,0.0833333333333333,0.0005750089225521,0.0002179014927336,-2.646254077854845e-05
2018-10-11,1901.0,1999.0,1901.0,1979.0,7500.0,1979.0,2014.4,2019.5,2018.12,2036.506666666667,2068.565,False,False,False,False,False,False,True,False,False,True,False,0.0025265285497726,-0.0267812026275896,,,-0.0197675593734208,-0.0290584470271181,-0.0439615967660434,-0.1253158160687215,-0.001054092629208,-0.1532557563753404,2045.0,2065.0,75.0,0.0003765881117079,-0.0001984208108442,-0.0004916298269659
2018-10-12,1955.0,2001.0,1955.0,2000.0,3800.0,2000.0,2008.2,2015.1,2020.12,2035.1733333333327,2068.365,False,False,False,False,False,False,True,False,False,False,False,-0.0005,-0.0565,,,-0.0100599999999999,-0.0175866666666665,-0.0725,-0.1335,-0.000655144852527,-0.1482804823581956,2060.0,2075.0,0.5066666666666667,0.0009900401956319,0.000613452083924,0.0003989477766809
2018-10-15,2000.0,2009.0,2000.0,2003.0,1600.0,2003.0,2001.8,2014.1,2020.44,2033.9466666666667,2068.08,False,False,False,False,False,False,True,False,False,True,False,0.000499251123315,-0.0514228657014478,,,-0.0087069395906141,-0.015450158096189,-0.0654018971542686,-0.1233150274588117,-0.00060309677081,-0.1435380567002631,2010.0,2090.0,0.4210526315789473,0.0001583813426779,-0.000831658852954,5.204808171706504e-05
2018-10-16,2000.0,2008.0,2000.0,2008.0,600.0,2008.0,2000.8,2011.7,2017.76,2032.92,2067.845,False,False,False,False,False,False,False,False,False,True,False,-0.0044820717131474,-0.0318725099601593,,,-0.0048605577689242,-0.012410358565737,-0.0697211155378486,-0.1513944223107569,-0.0005050206927309,-0.1418203509469602,2010.0,2070.0,0.375,-0.0013282055348505,-0.0014865868775284,9.807607807904552e-05
2018-10-17,2004.0,2004.0,1985.0,1990.0,12800.0,1990.0,1996.0,2008.4,2014.76,2031.6533333333327,2067.52,False,False,False,False,False,False,False,False,False,True,False,0.007537688442211,-0.0306532663316582,,,-0.0124422110552763,-0.020931323283082,-0.0703517587939698,-0.1542713567839196,-0.0006234659456338,-0.1419537940649273,2010.0,2055.0,21.33333333333333,-0.001489011098096,-0.0001608055632454,-0.0001184452529029
2018-10-18,2000.0,2000.0,1984.0,1984.0,4300.0,1984.0,1997.0,2005.7,2012.92,2030.24,2067.29,False,False,False,False,False,False,False,False,False,False,False,-0.0292338709677419,-0.0337701612903225,,,-0.0145766129032258,-0.0233064516129032,-0.0836693548387096,-0.1365927419354838,-0.0006961410145269,-0.1426933240265244,2005.0,2060.0,0.3359375,-0.0009140949466446,0.0005749161514514,-7.267506889307095e-05
2018-10-19,1985.0,1999.0,1981.0,1999.0,1500.0,1999.0,1996.8,2002.5,2011.48,2029.56,2067.285,False,False,False,False,False,False,False,False,False,False,False,-0.0560280140070035,-0.0415207603801901,,,-0.0062431215607803,-0.0152876438219109,-0.0820410205102551,-0.1415707853926963,-0.0003350479906975,-0.1415730337078651,1985.0,2075.0,0.3488372093023256,-0.0007158907868833,0.0001982041597613,0.0003610930238294
2018-10-22,2010.0,2010.0,1998.0,2004.0,2700.0,2004.0,1997.0,1999.4,2012.84,2029.4133333333327,2067.155,False,False,False,False,False,False,True,False,False,False,False,-0.0518962075848303,-0.0024950099800399,,,-0.0044111776447105,-0.0126813040585494,-0.093313373253493,-0.1442115768463074,-7.227047553977536e-05,-0.140442132639792,1980.0,2075.0,1.8,0.0006756622483654,0.0013915530352487,0.0002627775151577
2018-10-23,2000.0,2000.0,1969.0,1999.0,15100.0,1999.0,1995.2,1998.0,2013.8,2029.4,2066.85,False,False,False,False,False,False,True,False,False,True,False,-0.0275137568784392,-0.024512256128064,,,-0.0074037018509254,-0.0152076038019009,-0.080040020010005,-0.144072036018009,-6.5700863965181e-06,-0.13998998998999,2000.0,2090.0,5.592592592592593,0.0004767106961962,-0.0001989515521691,6.570038914325726e-05
2018-10-24,2000.0,2005.0,1996.0,2005.0,2800.0,2005.0,1998.2,1997.1,2013.8,2030.2,2066.55,False,False,False,False,False,False,False,True,False,True,False,-0.0379052369077306,-0.0483790523690773,,,-0.0043890274314214,-0.0125685785536159,-0.0822942643391521,-0.1236907730673316,0.0003940498473056,-0.1377998097240998,2025.0,2095.0,0.1854304635761589,0.0,-0.0004767106961962,0.0004006199337021
2018-10-25,1955.0,1985.0,1915.0,1926.0,11600.0,1926.0,1986.6,1991.8,2009.64,2029.5466666666664,2065.505,False,False,False,False,False,False,False,False,False,True,False,-0.0046728971962616,0.0103842159916926,,,-0.0434267912772586,-0.0537625475943231,-0.0545171339563862,-0.0934579439252336,-0.0003219109686236,-0.1347524851892759,2040.0,2090.0,4.142857142857143,-0.0020700224915904,-0.0020700224915904,-0.0007159608159293
2018-10-26,1999.0,1999.0,1887.0,1887.0,9700.0,1887.0,1964.2,1980.5,2003.92,2027.973333333333,2064.015,False,False,False,False,False,False,False,False,False,True,False,0.0153683094859565,0.0296767355590885,,,-0.0619607843137255,-0.0747076488252957,-0.0392156862745098,-0.0609432962374138,-0.0007758155925784,-0.1278465034082302,2025.0,2075.0,0.8362068965517241,-0.0028544053654836,-0.0007843828738932,-0.0004539046239547
2018-10-29,1900.0,1969.0,1887.0,1900.0,4500.0,1900.0,1943.4,1970.2,1999.32,2026.3733333333328,2062.34,False,False,False,False,False,False,False,False,False,False,False,0.0521052631578947,0.0221052631578947,,,-0.0522736842105262,-0.066512280701754,-0.0384210526315789,-0.0694736842105263,-0.0007895879666795,-0.122677900720739,2025.0,2085.0,0.4639175257731959,-0.0023007822659704,0.0005536230995131,-1.377237410113126e-05
2018-10-30,1878.0,1944.0,1878.0,1944.0,2000.0,1944.0,1932.4,1963.8,1996.48,2025.4266666666667,2060.91,False,False,False,False,False,False,False,False,False,False,False,0.0030864197530864,-0.0185185185185185,,,-0.0269958847736625,-0.0418861454046639,-0.0704732510288065,-0.0802469135802469,-0.0004673912327934,-0.1155412974844688,1995.0,2070.0,0.4444444444444444,-0.0014225036063471,0.0008782786596233,0.0003221967338861
2018-10-31,1930.0,1930.0,1929.0,1929.0,400.0,1929.0,1917.2,1957.7,1993.24,2023.88,2059.63,False,False,False,False,False,False,False,False,False,True,False,-0.0108864696734059,-0.013478486262312,,,-0.0333022291342664,-0.0491861067910835,-0.068947641264904,-0.0497667185069984,-0.0007642086816741,-0.1051233590437758,1985.0,2100.0,0.2,-0.0016254941702956,-0.0002029905639484,-0.0002968174488806
2018-11-01,1929.0,1929.0,1902.0,1917.0,2500.0,1917.0,1915.4,1951.0,1987.6,2021.9066666666668,2058.065,False,False,False,False,False,False,False,False,False,True,False,0.0151278038601982,-0.0130412102243088,,,-0.036828377673448,-0.0547243957572596,-0.0625978090766823,-0.0380803338549817,-0.0009759764710537,-0.0953357252690927,1960.0,2090.0,6.25,-0.0028375930770779,-0.0012120989067823,-0.0002117677893796
2018-11-02,1913.0,1916.0,1913.0,1916.0,300.0,1916.0,1921.2,1942.7,1982.48,2019.7866666666664,2056.42,False,False,False,False,False,False,False,False,False,False,False,0.0140918580375782,-0.0318371607515657,,,-0.0346972860125261,-0.0541684064022267,-0.087160751565762,-0.0339248434237995,-0.0010496158010088,-0.0845215421835589,1950.0,2085.0,0.12,-0.0025826237843508,0.000254969292727,-7.363932995512184e-05
2018-11-05,1950.0,1999.0,1950.0,1999.0,2100.0,1999.0,1941.0,1942.2,1981.92,2018.5733333333333,2055.34,False,False,False,False,True,False,False,False,False,False,False,-0.0285142571285642,-0.0635317658829414,,,0.0085442721360679,-0.0097915624478905,-0.1385692846423211,-0.0910455227613806,-0.0006010845943999,-0.0790340850581814,1995.0,2110.0,7.0,-0.0002825542907887,0.0023000694935621,0.0004485312066089
2018-11-06,1992.0,1992.0,1949.0,1950.0,8800.0,1950.0,1942.2,1937.3,1978.64,2016.973333333333,2054.165,False,False,False,False,False,False,False,False,False,True,False,-0.0215384615384615,-0.042051282051282,,,-0.0146871794871795,-0.034345299145299,-0.1174358974358974,-0.081025641025641,-0.0007932678005989,-0.0725236153409384,2075.0,2085.0,4.190476190476191,-0.0016577042817288,-0.0013751499909401,-0.000192183206199
2018-11-07,1870.0,1914.0,1870.0,1908.0,9500.0,1908.0,1938.0,1927.6,1974.04,2015.013333333333,2052.83,False,False,False,False,False,False,False,False,False,True,False,-0.0026205450733752,-0.030398322851153,,,-0.0346121593291404,-0.0560866526904261,-0.10062893081761,-0.0613207547169811,-0.0009726982782578,-0.0660925503216434,2065.0,2060.0,1.0795454545454546,-0.0023302466008794,-0.0006725423191506,-0.0001794304776589
2018-11-08,1948.0,1948.0,1926.0,1946.0,2200.0,1946.0,1943.8,1929.6,1971.44,2013.493333333333,2051.46,False,False,False,False,False,False,False,False,False,False,False,-0.0277492291880781,-0.065775950668037,,,-0.0130729701952723,-0.0346831106543335,-0.1161356628982528,-0.0750256937307297,-0.0007549068948162,-0.0642620232172471,2030.0,2045.0,0.231578947368421,-0.0013188329343017,0.0010114136665777,0.0002177913834415
2018-11-09,1946.0,1946.0,1943.0,1943.0,500.0,1943.0,1949.2,1935.2,1967.92,2011.733333333333,2049.75,False,False,False,False,False,False,False,False,False,True,False,-0.0452907874420998,-0.0555841482243952,,,-0.0128255275347401,-0.0353748498884884,-0.1147709727225939,-0.0967575913535769,-0.0008748674443266,-0.0678482844150475,2035.0,2060.0,0.2272727272727272,-0.0017886905971787,-0.0004698576628769,-0.0001199605495103
2018-11-12,1943.0,1943.0,1942.0,1942.0,800.0,1942.0,1937.8,1939.4,1964.2,2009.96,2047.91,False,False,False,False,False,False,False,False,False,True,False,-0.0360453141091658,-0.064366632337796,,,-0.0114315139031926,-0.034994850669413,-0.1400617919670443,-0.082389289392379,-0.0008822729473885,-0.0691450964215737,1970.0,2010.0,1.6,-0.0018939008247632,-0.0001052102275845,-7.405503061934707e-06
2018-11-13,1940.0,1940.0,1890.0,1908.0,2800.0,1908.0,1929.4,1935.8,1960.0,2007.5333333333333,2045.975,False,False,False,False,False,False,False,False,False,True,False,-0.020964360587002,-0.0361635220125786,,,-0.0272536687631027,-0.0521663172606568,-0.130503144654088,-0.090670859538784,-0.0012087802610168,-0.0701518751937183,1975.0,2010.0,3.5,-0.0021428571428571,-0.0002489563180938,-0.0003265073136283
2018-11-14,1938.0,1938.0,1903.0,1903.0,1800.0,1903.0,1928.4,1933.2,1955.56,2004.973333333333,2044.34,False,False,False,False,False,False,False,False,False,True,False,-0.0278507619548081,-0.0331056227009984,,,-0.0276195480819758,-0.0535855666491503,-0.1560693641618497,-0.0793483972674724,-0.001276824961928,-0.0730912476722532,2005.0,2010.0,0.6428571428571429,-0.0022704493853423,-0.0001275922424851,-6.804470091122225e-05
2018-11-15,1885.0,1915.0,1885.0,1892.0,2000.0,1892.0,1917.6,1930.7,1952.08,2002.3333333333333,2042.65,False,False,False,False,False,False,False,False,False,False,False,-0.0391120507399577,-0.0375264270613107,,,-0.0317547568710359,-0.0583157152924594,-0.1664904862579281,-0.0586680761099365,-0.0013184617945729,-0.0751540891904491,2030.0,2005.0,1.1111111111111112,-0.0017827138232039,0.0004877355621383,-4.1636832644842674e-05
2018-11-16,1892.0,1892.0,1851.0,1855.0,3400.0,1855.0,1900.0,1924.6,1946.28,1999.4,2041.0,False,False,False,False,False,False,False,False,False,True,False,-0.0107816711590296,-0.0226415094339622,,,-0.0492075471698113,-0.0778436657681941,-0.1913746630727762,-0.0431266846361186,-0.0014671067987061,-0.0761716720357476,2030.0,1985.0,1.7,-0.0029800439813387,-0.0011973301581347,-0.0001486450041332
2018-11-19,1852.0,1875.0,1852.0,1872.0,2700.0,1872.0,1886.0,1911.9,1941.04,1996.56,2039.785,False,False,False,False,False,False,False,False,False,False,False,-0.0293803418803418,-0.0240384615384615,,,-0.0368803418803418,-0.0665384615384615,-0.1949786324786324,-0.0560897435897435,-0.0014224466081661,-0.0726502432135572,2015.0,1980.0,0.7941176470588235,-0.0026995837283106,0.0002804602530281,4.466019054007653e-05
2018-11-20,1872.0,1872.0,1855.0,1868.0,1900.0,1868.0,1878.0,1903.7,1935.44,1993.8666666666663,2038.6,False,False,False,False,False,False,False,False,False,True,False,-0.0155246252676659,-0.0326552462526766,,,-0.03610278372591,-0.0673804425410419,-0.1161670235546038,-0.05406852248394,-0.0013508091480541,-0.0699690077218049,2015.0,2000.0,0.7037037037037037,-0.002893398917042,-0.0001938151887314,7.163746011194599e-05
2018-11-21,1868.0,1868.0,1822.0,1850.0,6000.0,1850.0,1867.4,1897.9,1929.84,1990.5333333333333,2037.025,False,False,False,False,False,False,False,False,False,True,False,-0.0054054054054054,-0.0291891891891891,,,-0.0431567567567567,-0.0759639639639639,-0.1135135135135135,-0.027027027027027,-0.0016745930738828,-0.0666526160493176,2010.0,2025.0,3.1578947368421053,-0.0029017949674585,-8.396050416440478e-06,-0.0003237839258287
2018-11-22,1825.0,1849.0,1818.0,1818.0,3000.0,1818.0,1852.6,1885.1,1923.2,1986.9066666666668,2035.29,False,False,False,False,False,False,False,False,False,True,False,0.0016501650165016,-0.0115511551155115,,,-0.0578657865786578,-0.0929079574624129,-0.1094609460946094,0.0137513751375137,-0.0018252828517359,-0.0580340565487241,2058.0,2040.0,0.5,-0.0034525790349416,-0.0005507840674831,-0.000150689777853
2018-11-26,1868.0,1868.0,1820.0,1835.0,2800.0,1835.0,1848.6,1874.3,1916.64,1983.5733333333333,2034.015,False,False,False,False,False,False,False,False,False,False,False,-0.0119891008174386,-0.0468664850136239,,,-0.0444904632152589,-0.0809663941871026,-0.1117166212534059,0.0283378746594005,-0.0016804689180469,-0.0455636771061195,2044.0,2025.0,0.9333333333333332,-0.0034226563152182,2.992271972342749e-05,0.000144813933689
2018-11-27,1835.0,1835.0,1800.0,1817.0,6300.0,1817.0,1837.6,1861.8,1909.16,1979.6666666666667,2033.35,False,False,False,False,False,False,False,False,False,True,False,0.0055035773252614,-0.0522839845899834,,,-0.0507209686296092,-0.0895248578242524,-0.1012658227848101,0.050632911392405,-0.0019733961946454,-0.0323343001396498,2013.0,2025.0,2.25,-0.0039179534454943,-0.000495297130276,-0.0002929272765985
2018-11-28,1858.0,1860.0,1832.0,1839.0,6600.0,1839.0,1831.8,1854.9,1902.76,1976.3866666666668,2032.52,False,False,False,False,False,False,False,False,False,False,False,-0.0174007612833061,-0.0641653072321914,,,-0.0346710168569874,-0.0747072684429944,-0.1337683523654159,0.0375203915171288,-0.0016595942764236,-0.0194080543425521,2032.0,1995.0,1.0476190476190477,-0.0033635350753642,0.0005544183701301,0.0003138019182218
2018-11-29,1849.0,1852.0,1835.0,1840.0,3300.0,1840.0,1829.8,1848.6,1896.16,1973.4533333333327,2031.795,False,False,False,False,False,False,False,False,False,True,False,-0.0239130434782608,-0.067391304347826,,,-0.0305217391304348,-0.0725289855072462,-0.1320652173913043,0.0342391304347826,-0.0014863960975347,-0.0078978686573622,2023.0,1985.0,0.5,-0.0034807189266728,-0.0001171838513085,0.0001731981788888
2018-11-30,1811.0,1839.0,1810.0,1821.0,5200.0,1821.0,1830.4,1841.5,1891.96,1970.4666666666667,2031.275,False,False,False,False,False,False,False,False,False,False,False,-0.0131795716639209,-0.0554640307523338,,,-0.0389676002196595,-0.0820794435291964,-0.1241076331685887,0.0219659527732015,-0.0015157153973676,0.0002715177844148,2011.0,1960.0,1.5757575757575757,-0.002219920082877,0.0012607988437957,-2.931929983293309e-05
2018-12-03,1836.0,1843.0,1800.0,1813.0,5500.0,1813.0,1826.0,1837.3,1889.0,1967.1733333333327,2030.79,False,False,False,False,False,False,False,False,False,False,False,-0.0353006067291781,-0.051296194153337,,,-0.041919470490899,-0.0850376907519763,-0.1202426916712631,0.0275785990071704,-0.0016741449660427,0.0073477385293637,2031.0,1950.0,1.0576923076923077,-0.0015669666490206,0.0006529534338563,-0.000158429568675
2018-12-04,1853.0,1853.0,1807.0,1827.0,4500.0,1827.0,1828.0,1832.8,1886.08,1964.733333333333,2030.525,False,False,False,False,False,False,False,False,False,False,False,-0.057471264367816,-0.0859332238642583,,,-0.0323371647509578,-0.0753877029739097,-0.1275314723590585,0.0284619594964422,-0.001241898815785,0.0159319074639895,2035.0,1995.0,0.8181818181818182,-0.0015481845945029,1.8782054517742057e-05,0.0004322461502577
2018-12-05,1827.0,1839.0,1807.0,1807.0,3900.0,1807.0,1821.6,1826.7,1880.6,1962.0266666666664,2030.01,False,False,False,False,False,False,False,False,False,True,False,-0.0475926950747094,-0.0819037078029883,,,-0.0407304925290536,-0.0857922892455265,-0.1228555617044825,0.0520199225235196,-0.0013795259323692,0.0266600974434773,2013.0,2075.0,0.8666666666666667,-0.0029139636286291,-0.0013657790341262,-0.0001376271165842
2018-12-06,1822.0,1822.0,1794.0,1796.0,4300.0,1796.0,1812.8,1821.3,1875.28,1959.1733333333327,2029.415,False,False,False,False,False,False,False,False,False,False,False,-0.0445434298440979,-0.1057906458797327,,,-0.0441425389755011,-0.0908537490720118,-0.1124721603563474,0.0506681514476614,-0.0014563965754263,0.034480865315983,2014.0,2065.0,1.1025641025641026,-0.0028369096881532,7.705394047596891e-05,-7.687064305705133e-05
2018-12-07,1799.0,1809.0,1790.0,1797.0,3200.0,1797.0,1808.0,1819.2,1870.48,1956.4,2028.575,False,False,False,False,False,False,False,False,False,False,False,-0.0428491930996104,-0.122426265998887,,,-0.0408903728436282,-0.0887033945464663,-0.0712298274902615,0.0367278797996661,-0.0014175696858173,0.0367744063324537,1979.0,2030.0,0.7441860465116279,-0.0025661862195799,0.0002707234685732,3.8826889608961634e-05
2018-12-10,1757.0,1757.0,1728.0,1749.0,6000.0,1749.0,1795.2,1810.6,1863.8,1953.253333333333,2027.545,False,False,False,False,False,False,False,False,False,True,False,-0.0165809033733562,-0.1423670668953688,,,-0.065637507146941,-0.1167829235753762,-0.0451686678101772,0.0651801029159519,-0.001610987480716,0.0403733568982658,2000.0,2035.0,1.875,-0.0035840755445863,-0.0010178893250063,-0.0001934177948987
2018-12-11,1789.0,1789.0,1720.0,1722.0,4300.0,1722.0,1774.2,1801.1,1852.72,1949.8133333333333,2026.405,False,False,False,False,False,False,False,False,False,True,False,-0.0301974448315911,-0.1248548199767712,,,-0.0759117305458769,-0.1322957801006581,-0.0307781649245063,0.0714285714285714,-0.001764271451626,0.0423074787629782,2003.0,1970.0,0.7166666666666667,-0.0059803963901722,-0.0023963208455858,-0.0001532839709099
2018-12-12,1724.0,1743.0,1715.0,1721.0,5400.0,1721.0,1757.0,1789.3,1843.56,1946.0933333333328,2025.16,False,False,False,False,False,False,False,False,False,False,False,-0.0360255665310865,-0.0406740267286461,,,-0.0712144102266124,-0.1307921750920004,-0.0180127832655432,0.083672283556072,-0.0019115218865832,0.0467780696361705,2008.0,1975.0,1.255813953488372,-0.0049686476165679,0.0010117487736042,-0.0001472504349572
2018-12-13,1727.0,1733.0,1708.0,1716.0,5800.0,1716.0,1741.0,1776.9,1835.88,1941.973333333333,2023.64,False,False,False,False,False,False,False,False,False,False,False,-0.0641025641025641,-0.0442890442890442,,,-0.0698601398601399,-0.1316860916860915,-0.0011655011655011,0.0949883449883449,-0.0021215533340655,0.0527322865664921,1990.0,2005.0,1.0740740740740742,-0.004183279952938,0.0007853676636299,-0.0002100314474822
2018-12-14,1725.0,1734.0,1716.0,1720.0,5400.0,1720.0,1725.6,1766.8,1826.84,1937.7066666666667,2022.065,False,False,False,False,False,False,False,False,False,True,False,-0.0831395348837209,-0.0587209302325581,,,-0.0621162790697674,-0.1265736434108527,0.0180232558139534,0.0843023255813953,-0.0022019156666298,0.0589766810052071,1984.0,2030.0,0.9310344827586208,-0.0049484355499114,-0.0007651555969734,-8.036233256432336e-05
2018-12-17,1735.0,1735.0,1704.0,1720.0,1300.0,1720.0,1719.8,1757.5,1817.92,1933.64,2020.34,False,False,False,False,False,False,False,False,False,False,False,-0.127906976744186,-0.0523255813953488,,,-0.0569302325581395,-0.1242093023255814,0.0005813953488372,0.0843023255813953,-0.0021031146783613,0.0646941678520626,1999.0,2030.0,0.2407407407407407,-0.0049067065657453,4.172898416604509e-05,9.880098826851088e-05
2018-12-18,1700.0,1700.0,1649.0,1670.0,4800.0,1670.0,1709.4,1741.8,1807.04,1928.9066666666668,2018.24,False,False,False,False,False,False,False,False,False,True,False,-0.0976047904191616,-0.0221556886227544,,,-0.0820598802395209,-0.1550339321357285,0.0293413173652694,0.1239520958083832,-0.0024538944341526,0.0741761396256746,2004.0,2015.0,3.692307692307693,-0.0060208960510005,-0.0011141894852552,-0.0003507797557913
2018-12-19,1699.0,1699.0,1611.0,1659.0,13200.0,1659.0,1697.0,1727.0,1797.08,1924.4266666666667,2016.11,False,False,False,False,False,False,False,False,False,False,False,-0.0048221820373719,-0.0397830018083182,,,-0.0832308619650391,-0.1599919630299377,0.0331525015069318,0.1368294153104279,-0.0023279660782085,0.0825130283729009,1999.0,2015.0,2.75,-0.0055423242148374,0.0004785718361631,0.0001259283559441
2018-12-20,1660.0,1700.0,1602.0,1606.0,16600.0,1606.0,1675.0,1708.0,1785.2,1919.3733333333328,2013.815,False,False,False,False,False,False,False,False,False,True,False,0.0211706102117061,-0.0056039850560398,,,-0.1115815691158157,-0.1951266085512657,0.0716064757160647,0.1550435865504358,-0.0026328037623394,0.0926814988290397,2005.0,2010.0,1.2575757575757576,-0.0066547165583687,-0.0011123923435313,-0.0003048376841308
2018-12-21,1667.0,1667.0,1488.0,1577.0,18100.0,1577.0,1646.4,1686.0,1772.6,1914.2666666666669,2011.525,False,False,False,False,False,False,False,False,False,True,False,0.0266328471781864,0.0114140773620798,,,-0.1240329740012681,-0.2138659902768972,0.0976537729866835,0.1743817374762206,-0.0026676882357034,0.1062870699881376,1926.0,2058.0,1.0903614457831323,-0.0071082026401896,-0.0004534860818208,-3.4884473364002726e-05
2018-12-25,1592.0,1604.0,1371.0,1500.0,18800.0,1500.0,1602.4,1661.1,1758.4,1908.2666666666669,2008.625,False,False,False,False,False,False,False,False,False,True,False,0.0866666666666666,0.0633333333333333,,,-0.1722666666666667,-0.2721777777777779,0.1553333333333333,0.222,-0.0031442146450531,0.1210643549455181,1887.0,2044.0,1.0386740331491713,-0.0080755232029116,-0.000967320562722,-0.0004765264093496
2018-12-26,1528.0,1570.0,1471.0,1507.0,3500.0,1507.0,1569.8,1639.6,1743.8,1901.76,2005.86,False,False,False,False,False,False,False,False,False,True,False,0.0836098208360982,0.0577305905773059,,,-0.1571333775713337,-0.261950895819509,0.1652289316522893,0.2276045122760451,-0.0034213921139717,0.1360697731153941,1900.0,2013.0,0.1861702127659574,-0.008372519784379,-0.0002969965814673,-0.0002771774689186
2018-12-27,1670.0,1670.0,1600.0,1651.0,3000.0,1651.0,1568.2,1632.6,1735.12,1896.1066666666663,2003.74,False,False,False,False,False,False,False,False,False,False,False,-0.035130224106602,-0.0399757722592368,,,-0.0509509388249545,-0.1484595194831413,0.0321017565112053,0.1205330102967898,-0.0029815481548156,0.1400220507166484,1944.0,2032.0,0.8571428571428571,-0.0050025358476647,0.0033699839367142,0.000439843959156
2018-12-28,1617.0,1660.0,1617.0,1640.0,3100.0,1640.0,1575.0,1625.0,1726.72,1890.44,2001.565,False,False,False,False,False,False,False,False,False,False,False,-0.0262195121951219,-0.0280487804878048,,,-0.0528780487804878,-0.1527073170731707,0.0262195121951219,0.1164634146341463,-0.0029975384919205,0.1424,1929.0,2023.0,1.0333333333333334,-0.0048647146034098,0.0001378212442548,-1.5990337104903468e-05
2019-01-04,1680.0,1680.0,1619.0,1619.0,1100.0,1619.0,1583.4,1614.9,1718.76,1884.96,1999.035,False,False,False,False,False,False,False,False,False,False,False,-0.0148239654107473,0.0308832612723903,,,-0.0616182828906732,-0.1642742433600988,0.0580605311920938,0.1309450277949351,-0.0029072234954587,0.1474394699362189,1917.0,2011.0,0.3548387096774194,-0.0046312457818427,0.0002334688215671,9.031499646175271e-05
2019-01-07,1631.0,1666.0,1630.0,1630.0,2700.0,1630.0,1609.4,1605.9,1710.56,1879.56,1996.635,False,False,False,False,False,False,False,False,False,True,False,-0.0214723926380368,0.0245398773006134,,,-0.0494233128834355,-0.1531042944785275,0.052760736196319,0.1220858895705521,-0.0028730128327907,0.1516283703842082,1916.0,2031.0,2.4545454545454546,-0.0047937517538116,-0.0001625059719688,3.4210662668097275e-05
2019-01-08,1630.0,1644.0,1630.0,1633.0,1600.0,1633.0,1634.6,1602.2,1703.2,1875.0666666666664,1994.325,False,False,False,False,False,False,False,False,False,False,False,-0.0238824249846907,0.0220453153704837,,,-0.0429883649724433,-0.1482343335374564,0.0502143294549908,0.1083894672382118,-0.0023963592405604,0.150106104106853,1999.0,2035.0,0.5925925925925926,-0.004321277595115,0.0004724741586966,0.0004766535922302
2019-01-09,1603.0,1604.0,1591.0,1593.0,5100.0,1593.0,1623.0,1595.6,1693.36,1869.973333333333,1992.015,False,False,False,False,False,False,False,False,False,True,False,-0.005021971123666,0.0608913998744507,,,-0.0630006277463904,-0.1738690102531909,0.074074074074074,0.1500313873195229,-0.0027237465061889,0.1514790674354475,1950.0,2013.0,3.1875,-0.0058109321113054,-0.0014896545161904,-0.0003273872656285
2019-01-10,1595.0,1606.0,1595.0,1597.0,2100.0,1597.0,1614.4,1594.7,1683.64,1864.5333333333333,1989.575,False,False,False,False,False,False,False,False,False,False,False,-0.0018785222291797,0.0732623669380087,,,-0.0542517219787101,-0.167522437904404,0.1001878522229179,0.110832811521603,-0.0029176201372996,0.1470496018059823,1908.0,2014.0,0.4117647058823529,-0.0057732056734217,3.772643788366777e-05,-0.0001938736311106
2019-01-11,1590.0,1600.0,1590.0,1595.0,1800.0,1595.0,1609.6,1596.5,1674.6,1858.733333333333,1987.275,False,False,False,False,False,False,False,False,False,False,False,0.0463949843260188,0.0978056426332288,,,-0.0499059561128526,-0.1653500522466038,0.0946708463949843,0.1003134796238244,-0.0031204045765934,0.1396805512057626,1946.0,1979.0,0.8571428571428571,-0.0053983040726144,0.0003749016008072,-0.0002027844392937
2019-01-15,1595.0,1634.0,1594.0,1595.0,2500.0,1595.0,1602.6,1606.0,1665.88,1852.9333333333327,1984.85,False,False,False,False,False,False,False,False,False,False,False,0.0470219435736677,0.0789968652037617,,,-0.0444388714733543,-0.1617136886102402,0.1109717868338557,0.0996865203761755,-0.0031301719795639,0.1280199252801992,1943.0,2000.0,1.3888888888888888,-0.0052344706701561,0.0001638334024582,-9.767402970433e-06
2019-01-16,1595.0,1613.0,1594.0,1594.0,1100.0,1594.0,1594.8,1614.7,1656.56,1847.32,1982.545,False,False,False,False,False,False,False,False,False,True,False,0.0470514429109159,0.0784190715181932,,,-0.0392471769134253,-0.1589209535759096,0.1091593475533249,0.1047678795483061,-0.0030386361503871,0.1164302966495324,1942.0,2003.0,0.44,-0.0056261167721061,-0.0003916461019499,9.153582917673836e-05
2019-01-17,1595.0,1620.0,1585.0,1585.0,800.0,1585.0,1593.2,1608.1,1647.68,1841.5866666666664,1980.42,False,False,False,False,False,False,False,False,False,False,False,0.0662460567823343,0.0813880126182965,,,-0.0395457413249211,-0.1618843322818084,0.1280757097791798,0.1110410094637224,-0.0031132574084667,0.1154778931658479,1908.0,2008.0,0.7272727272727273,-0.005389395999223,0.000236720772883,-7.462125807957245e-05
2019-01-18,1571.0,1611.0,1571.0,1594.0,1200.0,1594.0,1592.6,1603.5,1639.6,1836.04,1978.415,False,False,False,False,False,False,False,False,False,False,False,0.0752823086574654,0.0796737766624843,,,-0.0286072772898368,-0.1518444165621078,0.1499372647427854,0.0815558343789209,-0.0030209944590893,0.1120049890863735,1903.0,1990.0,1.5,-0.0049280312271286,0.0004613647720944,9.226294937740142e-05
2019-01-21,1596.0,1669.0,1596.0,1669.0,1600.0,1669.0,1607.4,1608.5,1634.48,1830.8533333333328,1976.56,False,False,False,False,True,False,False,False,False,False,True,0.0491312162971839,0.0371479928100659,,,0.0206830437387657,-0.0969762332734168,0.1048532055122828,0.011983223487118,-0.0028329230814049,0.0997202362449487,1892.0,1984.0,1.3333333333333333,-0.0031324947383876,0.0017955364887409,0.0001880713776843
2019-01-22,1670.0,1689.0,1670.0,1670.0,1600.0,1670.0,1622.4,1612.5,1631.32,1825.8666666666663,1975.01,False,False,False,False,False,False,False,False,False,False,False,0.0305389221556886,0.0377245508982035,,,0.0231616766467066,-0.0933333333333331,0.1083832335329341,0.0089820359281437,-0.0027311231196143,0.0880620155038759,1855.0,1999.0,1.0,-0.0019370816271486,0.001195413111239,0.0001017999617906
2019-01-23,1670.0,1675.0,1665.0,1669.0,1000.0,1669.0,1637.4,1616.1,1629.2,1821.28,1973.43,False,False,False,False,False,False,False,False,False,False,False,0.029958058717795,0.0521270221689634,,,0.0238466147393648,-0.0912402636309167,0.0886758538046734,-0.0143798681845416,-0.0025183753550614,0.0754285007115896,1872.0,2004.0,0.625,-0.0013012521482935,0.000635829478855,0.0002127477645528
2019-01-24,1675.0,1690.0,1674.0,1690.0,3400.0,1690.0,1658.4,1625.8,1627.96,1816.72,1971.83,False,False,False,False,False,False,False,False,False,False,False,0.0142011834319526,0.008284023668639,,,0.0367100591715976,-0.07498224852071,0.0603550295857988,0.0,-0.0025100180545158,0.0602780169762578,1868.0,1999.0,3.4,-0.0007616894763999,0.0005395626718936,8.357300545673053e-06
2019-01-25,1720.0,1739.0,1706.0,1714.0,5800.0,1714.0,1682.4,1637.5,1627.88,1812.6,1970.35,False,False,False,False,False,False,False,False,False,False,False,0.0040840140023337,-0.0180863477246207,,,0.0502450408401399,-0.0575262543757292,0.0449241540256709,0.029171528588098,-0.0022729780425908,0.052091603053435,1850.0,2005.0,1.7058823529411764,-4.914367152365484e-05,0.0007125458048762,0.0002370400119249
2019-01-28,1716.0,1760.0,1716.0,1751.0,1300.0,1751.0,1698.8,1653.1,1629.12,1809.1333333333328,1969.155,False,False,False,False,False,False,True,False,False,False,False,-0.0114220445459737,-0.02170188463735,,,0.0696059394631639,-0.0332000761469635,0.0279840091376356,0.0039977155910908,-0.0019162029701146,0.0423446857419393,1818.0,1926.0,0.2241379310344827,0.0007611471223726,0.0008102907938963,0.0003567750724761
2019-01-29,1752.0,1752.0,1721.0,1721.0,1500.0,1721.0,1709.0,1665.7,1629.16,1805.0,1967.56,False,False,False,False,False,False,True,False,False,True,False,0.0069726902963393,-0.0029052876234747,,,0.0533643230679836,-0.0488088320743753,0.0197559558396281,-0.0092969203951191,-0.0022899353647275,0.0315182806027495,1835.0,1887.0,1.1538461538461535,2.455253013834798e-05,-0.0007365945922343,-0.0003737323946129
2019-01-30,1716.0,1722.0,1716.0,1719.0,400.0,1719.0,1719.0,1678.2,1631.12,1800.7866666666666,1965.955,False,False,False,False,False,False,True,False,True,False,False,0.0215241419429901,-0.002326934264107,,,0.0511227457824317,-0.0475780492534419,0.0366492146596858,-0.019197207678883,-0.0023397181972323,0.0193659873674174,1817.0,1900.0,0.2666666666666666,0.0012016283290008,0.0011770757988624,-4.978283250479769e-05
2019-01-31,1720.0,1741.0,1714.0,1714.0,1600.0,1714.0,1723.8,1691.1,1633.32,1796.8,1964.325,False,False,False,False,False,False,True,False,False,False,False,-0.0058343057176196,-0.0017502917152858,,,0.0470711785297549,-0.0483080513418902,0.0122520420070011,-0.014585764294049,-0.0022187592757494,0.0073325054698126,1839.0,1944.0,4.0,0.0013469497710185,0.0001453214420177,0.0001209589214828
2019-02-01,1717.0,1722.0,1717.0,1721.0,600.0,1721.0,1725.2,1703.8,1637.92,1792.8933333333334,1962.73,False,False,False,False,False,False,True,False,False,False,False,-0.0220801859384079,0.020918070889018,,,0.0482742591516559,-0.0417741623087352,0.0180127832655432,-0.0191748983149331,-0.0021789732796893,-0.0022890010564619,1840.0,1929.0,0.375,0.0028084399726483,0.0014614902016297,3.978599606012639e-05
2019-02-04,1721.0,1739.0,1721.0,1731.0,300.0,1731.0,1721.2,1710.0,1644.08,1789.5866666666666,1961.135,False,False,False,False,False,False,True,False,False,False,False,-0.0103986135181975,0.0086655112651646,,,0.0502137492778741,-0.033845561332563,0.0288850375505488,-0.023108030040439,-0.0018477264768774,-0.0057894736842105,1821.0,1917.0,0.5,0.0037467763125881,0.0009383363399397,0.0003312468028119
2019-02-05,1731.0,1768.0,1731.0,1733.0,2800.0,1733.0,1723.6,1716.3,1653.4,1786.0266666666666,1959.5,False,False,False,False,False,False,True,False,False,False,False,-0.0098095787651471,0.0225043277553375,,,0.0459319099826889,-0.0305981919599922,0.0242354298903635,-0.0357761107905366,-0.0019932513139034,-0.0102546174911145,1813.0,1916.0,9.333333333333334,0.0056368694810694,0.0018900931684813,-0.000145524837026
2019-02-06,1772.0,1772.0,1753.0,1756.0,1400.0,1756.0,1731.0,1725.0,1663.36,1782.7333333333331,1958.005,False,False,False,False,False,False,True,False,False,False,False,-0.0233485193621867,0.0068337129840546,,,0.0527562642369021,-0.0152239939255883,0.0062642369020501,-0.0466970387243735,-0.0018473505104522,-0.0135652173913044,1827.0,1999.0,0.5,0.0059878799538282,0.0003510104727588,0.0001459008034512
2019-02-07,1758.0,1758.0,1704.0,1704.0,3800.0,1704.0,1729.0,1726.4,1665.48,1778.68,1956.175,False,False,False,False,False,False,True,False,False,True,False,0.0041079812206572,0.0492957746478873,,,0.0226056338028168,-0.0438262910798122,0.0369718309859154,-0.0046948356807511,-0.0022788434869302,-0.0140176088971269,1807.0,1950.0,2.7142857142857144,0.0012729063092922,-0.0047149736445359,-0.000431492976478
2019-02-08,1741.0,1741.0,1683.0,1683.0,4000.0,1683.0,1721.4,1723.3,1667.2,1774.5866666666666,1954.24,False,False,False,False,False,False,True,False,False,True,False,0.0439691027926322,0.089126559714795,,,0.0093879976232917,-0.0544186967716379,0.0695187165775401,-0.005941770647653,-0.0023066404195531,-0.0175245169152208,1796.0,1908.0,1.0526315789473684,0.001031669865643,-0.0002412364436492,-2.779693262295073e-05
2019-02-12,1739.0,1739.0,1689.0,1713.0,2900.0,1713.0,1717.8,1719.5,1670.96,1770.9733333333334,1952.53,False,False,False,False,False,False,True,False,False,False,False,0.0192644483362521,0.0764740221833041,,,0.0245417396380618,-0.0338431601478887,0.0758902510215995,-0.0303561004086398,-0.0020403092837836,-0.0209944751381214,1797.0,1946.0,0.725,0.0022502034758462,0.0012185336102032,0.0002663311357695
2019-02-13,1736.0,1736.0,1716.0,1716.0,2200.0,1716.0,1714.4,1719.0,1674.4,1767.2,1950.61,False,False,False,False,False,False,True,False,False,True,False,0.0326340326340326,0.0786713286713286,,,0.0242424242424241,-0.0298368298368298,0.0996503496503496,-0.0215617715617715,-0.0021352044665761,-0.0222222222222222,1749.0,1943.0,0.7586206896551724,0.0020544672718586,-0.0001957362039876,-9.489518279249188e-05
2019-02-14,1733.0,1738.0,1696.0,1715.0,7500.0,1715.0,1706.2,1718.6,1677.68,1763.3466666666666,1948.685,False,False,False,False,False,False,True,False,False,True,False,0.0309037900874635,0.0594752186588921,,,0.0217609329446063,-0.0281904761904761,0.1131195335276968,-0.032069970845481,-0.0021852386749439,-0.023507506109624,1722.0,1942.0,3.409090909090909,0.0019550808259024,-9.938644595618856e-05,-5.003420836781694e-05
2019-02-15,1795.0,1795.0,1711.0,1711.0,2200.0,1711.0,1707.6,1718.3,1682.4,1759.506666666667,1946.765,False,False,False,False,False,False,True,False,False,False,False,0.0450029222676797,0.0473407364114552,,,0.0167153711279952,-0.0283498928501852,0.1151373465809468,-0.0227936879018118,-0.0021824299235389,-0.0243263690857242,1721.0,1908.0,0.2933333333333333,0.0028055159296243,0.0008504351037219,2.8087514049347784e-06
2019-02-18,1791.0,1791.0,1731.0,1757.0,2500.0,1757.0,1722.4,1721.9,1688.8,1756.2,1945.025,False,False,False,False,False,False,True,False,False,False,True,0.0432555492316448,0.0193511667615253,,,0.0388161639157655,0.0004553215708593,0.083096186681844,-0.0523619806488332,-0.0018828531298638,-0.0277019571403682,1716.0,1903.0,1.1363636363636365,0.0037896731406915,0.0009841572110671,0.0002995767936751
2019-02-19,1757.0,1757.0,1746.0,1746.0,1500.0,1746.0,1729.0,1723.4,1694.84,1753.8,1943.18,False,False,False,False,False,False,True,False,False,True,False,0.0561282932416953,0.0309278350515463,,,0.0293012600229095,-0.00446735395189,0.065864833906071,-0.0630011454753722,-0.0013684570646596,-0.031739584542184,1720.0,1892.0,0.6,0.0035637582308654,-0.0002259149098261,0.0005143960652041
2019-02-20,1779.0,1779.0,1738.0,1772.0,3200.0,1772.0,1740.2,1727.3,1701.92,1752.2666666666669,1941.54,False,False,False,False,False,False,True,False,False,False,True,0.0445823927765237,-0.0095936794582392,,,0.0395485327313769,0.0111361926260344,0.051354401805869,-0.0767494356659142,-0.0008750570689391,-0.0359520639147802,1720.0,1855.0,2.1333333333333333,0.0041600075209176,0.0005962492900522,0.0004933999957205
2019-02-21,1779.0,1779.0,1768.0,1768.0,2000.0,1768.0,1750.8,1728.5,1708.88,1750.506666666667,1939.605,False,False,False,False,False,False,True,False,False,True,False,0.0277149321266968,0.007918552036199,,,0.0334389140271492,0.0098944193061838,0.0627828054298642,-0.0808823529411764,-0.0010054231917616,-0.0394561758750361,1670.0,1872.0,0.625,0.0040728430316932,-8.716448922434922e-05,-0.0001303661228224
2019-02-22,1792.0,1792.0,1783.0,1788.0,1400.0,1788.0,1766.2,1736.9,1717.0,1748.4266666666667,1937.895,False,False,False,False,False,False,True,False,False,False,True,0.0022371364653243,-0.0296420581655481,,,0.0397091722595078,0.0221327367636092,0.0631991051454138,-0.0827740492170022,-0.0011896409724553,-0.0473256952040992,1659.0,1868.0,0.7,0.0047291788002329,0.0006563357685396,-0.0001842177806937
2019-02-25,1836.0,1836.0,1767.0,1833.0,4800.0,1833.0,1781.4,1751.9,1726.56,1747.1466666666668,1936.31,False,False,False,False,False,False,True,False,False,False,False,-0.0229132569558101,-0.044189852700491,,,0.0580687397708674,0.0468376068376067,0.0294599018003273,-0.0834697217675941,-0.000732623095943,-0.0550830526856555,1606.0,1850.0,3.4285714285714284,0.0055370215920674,0.0008078427918345,0.0004570178765122
2019-02-26,1836.0,1848.0,1832.0,1844.0,1200.0,1844.0,1801.0,1765.0,1733.56,1746.1733333333334,1934.88,False,False,False,False,False,False,True,False,False,True,False,-0.0238611713665943,-0.0341648590021691,,,0.0598915401301518,0.053051337671728,0.0103036876355748,-0.1003253796095444,-0.000557409344624,-0.0622096317280453,1577.0,1818.0,0.25,0.0040379335010037,-0.0014990880910637,0.000175213751319
2019-02-27,1860.0,1860.0,1799.0,1851.0,900.0,1851.0,1816.8,1778.5,1740.8,1745.3066666666666,1933.51,False,False,False,False,False,False,True,False,False,False,False,-0.0518638573743922,-0.0410588870880605,,,0.0595353862776877,0.057100666306501,0.006482982171799,-0.1107509454349,-0.0004965698482788,-0.0711835816699465,1500.0,1835.0,0.75,0.0041590073529411,0.0001210738519374,6.083949634518601e-05
2019-02-28,1811.0,1820.0,1811.0,1817.0,900.0,1817.0,1826.6,1788.7,1746.72,1742.88,1931.97,False,True,False,False,False,False,True,False,False,True,False,-0.0192625206384149,-0.0275178866263071,,,0.0386791414419372,0.0407925151348375,0.0154100165107319,-0.0869565217391304,-0.001392331466691,-0.0765360317549058,1507.0,1817.0,1.0,0.0033892094897866,-0.0007697978631545,-0.0008957616184121
2019-03-01,1818.0,1835.0,1792.0,1792.0,1200.0,1792.0,1827.4,1796.8,1750.8,1740.7733333333333,1930.305,False,False,False,False,False,False,True,False,False,True,False,-0.0318080357142857,-0.0139508928571428,,,0.0229910714285714,0.0285863095238095,0.0407366071428571,-0.046875,-0.0012101901070789,-0.0786954585930542,1651.0,1839.0,1.3333333333333333,0.0023303632625085,-0.001058846227278,0.0001821413596121
2019-03-04,1800.0,1814.0,1784.0,1791.0,5200.0,1791.0,1819.0,1800.2,1753.88,1739.2133333333334,1928.535,False,False,False,False,False,False,True,False,False,True,False,-0.0217755443886097,0.0050251256281407,,,0.0207258514796202,0.0289149450958496,0.0491345616973757,0.004466778336125,-0.0008969572450379,-0.0729918897900233,1640.0,1840.0,4.333333333333333,0.0017561064611034,-0.000574256801405,0.0003132328620409
2019-03-05,1819.0,1847.0,1798.0,1800.0,3800.0,1800.0,1810.2,1805.6,1755.84,1737.2666666666669,1926.81,False,False,False,False,False,False,True,False,False,True,False,-0.0105555555555555,0.0238888888888888,,,0.0245333333333333,0.0348518518518517,0.0361111111111111,-0.0033333333333333,-0.0011205341724547,-0.0670137350465219,1619.0,1821.0,0.7307692307692307,0.0011162748314196,-0.0006398316296838,-0.0002235769274167
2019-03-06,1789.0,1844.0,1755.0,1755.0,1800.0,1755.0,1791.0,1803.9,1757.2,1734.76,1924.835,False,False,False,False,False,False,True,False,False,True,False,0.0113960113960113,0.0752136752136752,,,-0.0012535612535612,0.0115327635327635,0.0626780626780626,0.0598290598290598,-0.0014449645291953,-0.0537169466156661,1630.0,1813.0,0.4736842105263157,0.000773958570453,-0.0003423162609665,-0.0003244303567406
2019-03-07,1783.0,1814.0,1782.0,1782.0,500.0,1782.0,1784.0,1805.3,1759.72,1732.6266666666668,1923.295,False,False,False,False,False,False,True,False,True,False,False,-0.0084175084175084,0.0712682379349046,,,0.0125028058361391,0.0277066965955854,0.0533108866442199,0.0471380471380471,-0.0012312712105703,-0.0411012020162854,1633.0,1827.0,0.2777777777777778,0.0014320460073193,0.0006580874368662,0.0002136933186249
2019-03-08,1752.0,1754.0,1645.0,1735.0,4400.0,1735.0,1772.6,1800.0,1760.56,1730.32,1921.72,False,False,False,False,False,False,True,False,False,True,False,0.0184438040345821,0.0997118155619596,,,-0.0147319884726224,0.0026974063400576,0.0870317002881844,0.0628242074927954,-0.001333086750813,-0.0269444444444444,1593.0,1807.0,8.8,0.0004771209160721,-0.0009549250912472,-0.0001018155402426
2019-03-11,1727.0,1758.0,1718.0,1752.0,700.0,1752.0,1764.8,1791.9,1761.8,1728.3066666666666,1919.98,False,False,False,False,False,False,True,False,False,False,False,0.0273972602739726,0.0861872146118721,,,-0.005593607305936,0.0135235920852359,0.0587899543378995,0.0342465753424657,-0.0011649167200265,-0.0151794184943356,1597.0,1796.0,0.1590909090909091,0.0007038256328754,0.0002267047168033,0.0001681700307865
2019-03-12,1787.0,1787.0,1781.0,1781.0,300.0,1781.0,1761.0,1785.6,1763.8,1726.8266666666666,1918.335,False,False,False,False,False,False,True,False,False,False,False,0.0348119034250421,0.0449185850645704,,,0.0096574957888826,0.0304173685195583,0.0398652442448062,0.0314430095451993,-0.000857063438137,-0.001736111111111,1595.0,1797.0,0.4285714285714285,0.0011339154099104,0.0004300897770349,0.0003078532818895
2019-03-13,1756.0,1795.0,1753.0,1775.0,3400.0,1775.0,1765.0,1778.0,1765.48,1725.76,1916.385,False,False,False,False,False,False,True,False,False,True,False,0.0630985915492957,0.0495774647887323,,,0.0053633802816901,0.0277408450704225,0.0326760563380281,0.024225352112676,-0.0006180851721366,0.0122047244094488,1595.0,1749.0,11.333333333333334,0.0009515825724449,-0.0001823328374654,0.0002389782660003
2019-03-14,1755.0,1774.0,1753.0,1767.0,900.0,1767.0,1762.0,1773.0,1765.92,1724.36,1914.47,False,False,False,False,False,False,True,False,False,True,False,0.0803621958121109,0.0633842671194114,,,0.0006112054329371,0.0241312959818902,0.0469722693831352,0.0073571024335031,-0.0008118954278689,0.0218838127467568,1594.0,1722.0,0.2647058823529412,0.0002491619099393,-0.0007024206625055,-0.0001938102557322
2019-03-15,1799.0,1799.0,1750.0,1767.0,3100.0,1767.0,1768.4,1770.5,1768.44,1723.013333333333,1912.555,False,False,False,False,False,False,True,False,True,False,False,0.0797962648556876,0.0758347481607243,,,-0.0008149405772496,0.0248934163365404,0.0469722693831352,0.0152801358234295,-0.0007815764629409,0.0281841287771816,1585.0,1721.0,3.4444444444444446,0.0014249847323064,0.0011758228223671,3.031896492796803e-05
2019-03-18,1844.0,1844.0,1770.0,1800.0,5100.0,1800.0,1778.0,1771.4,1773.12,1722.3466666666666,1910.98,False,False,False,False,False,False,True,False,False,False,False,0.0572222222222222,0.0483333333333333,,,0.0149333333333333,0.0431407407407407,0.0172222222222222,-0.0033333333333333,-0.0003870688053507,0.0273794738624816,1594.0,1716.0,1.6451612903225807,0.002639415268002,0.0012144305356956,0.0003945076575902
2019-03-19,1814.0,1858.0,1814.0,1843.0,4400.0,1843.0,1790.4,1775.7,1778.32,1722.68,1909.62,False,False,False,False,False,False,True,True,False,False,True,0.0097666847531199,0.010851871947911,,,0.0350949538795442,0.0652848616386326,-0.0065111231687466,-0.0537167661421595,0.000193496954358,0.0220758010925269,1669.0,1720.0,0.8627450980392157,0.0029241081470151,0.0002846928790131,0.0005805657597087
2019-03-20,1843.0,1900.0,1843.0,1887.0,6800.0,1887.0,1812.8,1788.9,1785.16,1723.3733333333332,1908.605,False,False,False,False,False,False,True,True,False,False,False,-0.012718600953895,-0.012718600953895,,,0.053969263381028,0.0867125949478891,-0.030736618971913,-0.077371489136195,0.0004023117451818,0.0078819386214991,1670.0,1720.0,1.5454545454545454,0.0038315893253266,0.0009074811783114,0.0002088147908238
2019-03-22,1898.0,1920.0,1838.0,1909.0,10400.0,1909.0,1841.2,1801.6,1792.92,1724.6,1907.9,False,False,False,False,False,False,True,True,False,False,False,-0.0157150340492404,-0.0335254059717129,,,0.0608067050811943,0.0965950759559979,-0.0518596123624934,-0.0775275013095861,0.0007112760446867,-0.0050510657193605,1669.0,1670.0,1.5294117647058822,0.0043281351092073,0.0004965457838806,0.0003089642995048
2019-03-25,1909.0,1909.0,1871.0,1908.0,4500.0,1908.0,1869.4,1818.9,1800.8,1725.52,1907.39,False,False,False,False,False,False,True,True,False,False,False,-0.0036687631027253,-0.0225366876310272,,,0.0561844863731656,0.0956394129979035,-0.0398322851153039,-0.060272536687631,0.0005331726088367,-0.0173181593270658,1690.0,1659.0,0.4326923076923077,0.0043758329631274,4.7697853920111895e-05,-0.0001781034358499
2019-03-26,1910.0,1939.0,1903.0,1903.0,3300.0,1903.0,1890.0,1834.0,1806.64,1726.36,1906.68,False,False,False,False,False,False,True,True,False,True,False,-0.0084077771939043,-0.0126116657908565,,,0.0506358381502889,0.0928218602207042,-0.0677877036258539,-0.0504466631634261,0.0004865729048401,-0.0256815703380588,1714.0,1606.0,0.7333333333333333,0.0032325200371962,-0.0011433129259312,-4.65997039966041e-05
2019-03-27,1811.0,1875.0,1811.0,1861.0,800.0,1861.0,1893.6,1842.0,1811.24,1726.8933333333334,1905.785,False,False,False,False,False,False,True,True,False,True,False,0.0010746910263299,0.0021493820526598,,,0.0267383127350886,0.0720616156188428,-0.0569586243954862,-0.029554003224073,0.0003088397662084,-0.0315960912052117,1751.0,1577.0,0.2424242424242424,0.0025396965614716,-0.0006928234757245,-0.0001777331386317
2019-03-28,1863.0,1877.0,1863.0,1863.0,1200.0,1863.0,1888.8,1850.8,1814.88,1727.56,1904.675,False,False,False,False,False,False,True,True,False,True,False,0.0,0.0010735373054213,,,0.0258293075684379,0.0726999463231347,-0.0585077831454643,-0.0424047235641438,0.0003859007308958,-0.0380376053598443,1721.0,1500.0,1.5,0.0020056422463193,-0.0005340543151522,7.706096468748554e-05
2019-03-29,1857.0,1927.0,1857.0,1879.0,3500.0,1879.0,1882.8,1862.0,1819.32,1728.253333333333,1903.62,False,False,False,False,False,False,True,True,False,False,False,-0.0180947312400212,-0.0010643959552953,,,0.0317615753060138,0.0802270711371298,-0.0627993613624268,-0.0494944119212347,0.0004011757535545,-0.0435016111707841,1719.0,1507.0,2.9166666666666665,0.0024404722643624,0.000434830018043,1.5275022658650325e-05
2019-04-01,1879.0,1921.0,1879.0,1901.0,1800.0,1901.0,1881.4,1875.4,1823.84,1729.506666666667,1902.7,False,False,False,False,False,False,True,True,False,False,False,-0.0189374013677012,-0.0078905839032088,,,0.0405891635981063,0.0902121690338417,-0.0736454497632824,-0.0725933719095213,0.0007246767864441,-0.0519889090327396,1714.0,1651.0,0.5142857142857142,0.0024782875690849,3.7815304722583175e-05,0.0003235010328896
2019-04-02,1872.0,1887.0,1872.0,1887.0,2300.0,1887.0,1878.2,1884.1,1826.0,1730.72,1901.585,False,False,False,False,False,False,True,True,False,True,False,-0.0042395336512983,-0.0169581346051934,,,0.0323264440911499,0.0828192898781133,-0.086380498145204,-0.0657127715951245,0.0007010569782131,-0.0580117828140756,1721.0,1640.0,1.2777777777777777,0.0011829134720701,-0.0012953740970148,-2.3619808230985508e-05
2019-04-03,1861.0,1882.0,1854.0,1863.0,3700.0,1863.0,1878.6,1886.1,1826.76,1731.6,1900.225,False,False,False,False,False,False,True,True,False,True,False,0.0010735373054213,-0.0059044551798174,,,0.0194524959742351,0.0705314009661836,-0.0933977455716586,-0.0579710144927536,0.0005082005082004,-0.0584274428715337,1731.0,1619.0,1.608695652173913,0.0004160371367886,-0.0007668763352815,-0.0001928564700127
2019-04-04,1862.0,1863.0,1862.0,1863.0,1500.0,1863.0,1878.6,1883.7,1827.24,1733.12,1898.865,False,False,False,False,False,False,True,True,False,True,False,0.0010735373054213,-0.0161030595813204,,,0.0191948470209339,0.0697155126140633,-0.0955448201825013,-0.0472356414385399,0.0008770310192023,-0.0554228380315337,1733.0,1630.0,0.4054054054054054,0.0002626912720824,-0.0001533458647061,0.0003688305110019
2019-04-05,1841.0,1852.0,1841.0,1845.0,1500.0,1845.0,1871.8,1877.3,1828.36,1734.76,1897.44,False,False,False,False,False,False,True,True,False,False,False,0.0173441734417344,0.002710027100271,,,0.0090189701897019,0.059750677506775,-0.1084010840108401,-0.0384823848238482,0.0009453757292075,-0.0515101475523358,1756.0,1633.0,1.0,0.0006125708285019,0.0003498795564194,6.83447100052032e-05
2019-04-08,1845.0,1885.0,1845.0,1865.0,400.0,1865.0,1864.6,1873.0,1831.28,1736.68,1896.19,False,False,False,False,False,False,True,True,True,False,False,0.0112600536193029,-0.0080428954423592,,,0.0180804289544236,0.0688042895442359,-0.0938337801608579,-0.0546916890080428,0.0011055577308427,-0.0509343299519487,1704.0,1593.0,0.2666666666666666,0.00159451312743,0.000981942298928,0.0001601820016352
2019-04-10,1870.0,1879.0,1843.0,1879.0,4200.0,1879.0,1863.0,1870.6,1834.8,1738.8533333333332,1895.01,False,False,False,False,False,False,True,True,False,False,False,-0.0127727514635444,-0.0255455029270888,,,0.0235231506120277,0.0745857725740642,-0.0612027674294837,-0.0840872804683342,0.0012498658119526,-0.054314123810542,1683.0,1597.0,10.5,0.0019184652278177,0.0003239521003877,0.0001443080811098
2019-04-11,1876.0,1912.0,1865.0,1865.0,3100.0,1865.0,1863.4,1871.0,1837.4,1740.7866666666666,1893.685,False,False,False,False,False,False,True,True,False,True,False,-0.006970509383378,-0.0182305630026809,,,0.0147989276139409,0.0666023235031278,-0.0573726541554959,-0.0831099195710455,0.0011106089966988,-0.0596472474612506,1713.0,1595.0,0.7380952380952381,0.0014150429955372,-0.0005034222322804,-0.0001392568152537
2019-04-12,1865.0,1877.0,1865.0,1865.0,8200.0,1865.0,1863.8,1871.2,1841.8,1742.72,1892.41,False,False,False,False,False,False,True,True,False,False,False,-0.0171581769436997,-0.0193029490616622,,,0.0124396782841823,0.0655656836461125,-0.0857908847184986,-0.0563002680965147,0.0011093769127188,-0.061030354852501,1716.0,1595.0,2.6451612903225805,0.0023889673145834,0.0009739243190462,-1.232083979995583e-06
2019-04-15,1866.0,1906.0,1866.0,1877.0,8900.0,1877.0,1870.2,1871.0,1845.6,1745.48,1891.295,False,False,False,False,False,False,True,True,False,True,False,-0.0143846563665423,-0.0356952583910495,,,0.0167288225892381,0.0700692594565796,-0.1017581246670218,-0.0884389984017048,0.0015812269404404,-0.0649385355424906,1715.0,1594.0,1.0853658536585369,0.0020589510186389,-0.0003300162959445,0.0004718500277215
2019-04-16,1877.0,1900.0,1877.0,1886.0,500.0,1886.0,1874.4,1869.5,1851.64,1748.506666666667,1890.25,False,False,False,False,False,False,True,True,False,False,False,-0.0190880169671261,-0.0286320254506892,,,0.0182184517497348,0.0729020855425944,-0.1044538706256627,-0.0790031813361611,0.0017310009303177,-0.0655790318266915,1711.0,1585.0,0.0561797752808988,0.0032619731697307,0.0012030221510918,0.0001497739898773
2019-04-17,1846.0,1855.0,1839.0,1855.0,5700.0,1855.0,1869.6,1866.3,1855.76,1751.8266666666666,1889.025,False,False,False,False,False,False,True,True,False,True,False,-0.0129380053908355,-0.04366576819407,,,-0.0004097035040431,0.0556190476190476,-0.0900269541778975,-0.0636118598382749,0.0018951646662149,-0.0653699833895943,1757.0,1594.0,11.4,0.0022201146700003,-0.0010418584997303,0.0001641637358971
2019-04-18,1851.0,1852.0,1851.0,1852.0,200.0,1852.0,1867.0,1865.2,1858.6,1755.493333333333,1887.585,False,False,False,False,False,False,True,True,False,True,False,-0.0113390928725701,-0.0523758099352051,,,-0.0035637149028077,0.0521094312455004,-0.0869330453563714,-0.0745140388768898,0.0020886816241587,-0.067016941882908,1746.0,1669.0,0.0350877192982456,0.0015280318519315,-0.0006920828180688,0.0001935169579438
2019-04-19,1833.0,1833.0,1833.0,1833.0,400.0,1833.0,1860.6,1862.2,1860.92,1759.9333333333334,1886.25,False,False,False,False,False,False,True,True,False,True,False,-0.0021822149481723,-0.0430987452264048,,,-0.0152318603382433,0.0398617930532823,-0.088379705400982,-0.0801963993453355,0.0025228228341984,-0.0702932015895178,1772.0,1670.0,2.0,0.0012466951830278,-0.0002813366689036,0.0004341412100396
2019-04-22,1838.0,1850.0,1838.0,1850.0,400.0,1850.0,1855.2,1862.7,1864.24,1764.506666666667,1885.025,False,False,False,False,False,False,True,True,False,False,False,-0.0216216216216216,-0.0481081081081081,,,-0.0076972972972973,0.0462126126126124,-0.0951351351351351,-0.0794594594594594,0.002591848146413,-0.0743544317388736,1768.0,1669.0,1.0,0.0017808865811268,0.000534191398099,6.902531221463816e-05
2019-04-23,1844.0,1850.0,1844.0,1850.0,700.0,1850.0,1848.0,1861.2,1867.56,1767.16,1883.85,False,False,False,False,False,False,True,True,False,True,False,-0.0097297297297297,-0.0481081081081081,,,-0.0094918918918918,0.0447783783783783,-0.0832432432432432,-0.0486486486486486,0.0015014675147316,-0.0737696110036535,1788.0,1690.0,1.75,0.0017777206622544,-3.165918872400763e-06,-0.0010903806316814
2019-04-24,1871.0,1871.0,1830.0,1831.0,1600.0,1831.0,1843.2,1856.4,1868.8,1769.7066666666667,1882.58,False,False,False,False,False,False,True,True,False,True,False,-0.0311305297651556,-0.0584380120152921,,,-0.0206444565811032,0.033475332241034,-0.0862916439104314,-0.0360458765701802,0.0014390332107769,-0.0690045248868779,1833.0,1714.0,2.2857142857142856,0.0006635273972602,-0.0011141932649941,-6.243430395475296e-05
2019-04-25,1830.0,1836.0,1826.0,1831.0,2800.0,1831.0,1839.0,1853.0,1868.32,1772.5333333333333,1881.285,False,False,False,False,False,False,False,True,False,True,False,-0.0415073730202075,-0.0775532495903877,,,-0.0203823047515018,0.031931549244493,-0.0928454396504642,-0.0496996176952485,0.0015947043779148,-0.0656772800863464,1844.0,1751.0,1.75,-0.0002569153035882,-0.0009204427008485,0.0001556711671379
2019-04-26,1812.0,1829.0,1812.0,1829.0,1600.0,1829.0,1838.2,1849.4,1866.0,1775.1866666666667,1880.18,False,False,False,False,False,False,False,True,False,True,False,-0.0410060142154182,-0.078731547293603,,,-0.0202296336796063,0.0294222708219427,-0.0820120284308365,-0.0705303444505194,0.0014946784939049,-0.0671028441656754,1851.0,1721.0,0.5714285714285714,-0.0012433011789924,-0.0009863858754042,-0.0001000258840098
2019-05-07,1818.0,1818.0,1810.0,1810.0,500.0,1810.0,1830.2,1842.7,1862.04,1777.5466666666666,1879.155,False,False,False,False,False,False,False,True,False,True,False,-0.0270718232044198,-0.0911602209944751,,,-0.0287513812154695,0.0179300184162062,-0.0828729281767955,-0.0607734806629834,0.0013276725974376,-0.0643078091930319,1817.0,1719.0,0.3125,-0.0021266997486627,-0.0008833985696703,-0.0001670058964673
2019-05-08,1801.0,1832.0,1801.0,1832.0,1000.0,1832.0,1826.6,1837.3,1859.0,1780.7333333333331,1878.315,False,False,False,False,False,False,False,True,False,False,False,-0.0387554585152838,-0.0775109170305676,,,-0.0147379912663755,0.0279839883551675,-0.0873362445414847,-0.0556768558951965,0.001789524914829,-0.0619387144178958,1792.0,1714.0,2.0,-0.0016352877891339,0.0004914119595288,0.0004618523173913
2019-05-10,1712.0,1795.0,1712.0,1774.0,6300.0,1774.0,1815.2,1829.2,1853.84,1783.0933333333332,1877.46,False,False,False,False,False,False,False,True,False,True,False,-0.0281848928974069,-0.0056369785794813,,,-0.0450056369785794,-0.0051258925216083,-0.0614430665163472,-0.0332581736189402,0.0013235426076033,-0.05898753553466,1791.0,1721.0,6.3,-0.0027834117291676,-0.0011481239400336,-0.0004659823072256
2019-05-13,1734.0,1755.0,1734.0,1755.0,500.0,1755.0,1800.0,1819.5,1849.6,1785.2266666666667,1876.36,False,False,False,False,False,False,False,True,False,False,False,-0.0376068376068376,0.0017094017094017,,,-0.0539031339031338,-0.0172231718898385,-0.0678062678062678,0.0131054131054131,0.0011949929794163,-0.0504534212695795,1800.0,1731.0,0.0793650793650793,-0.0022923875432526,0.000491024185915,-0.000128549628187
2019-05-14,1607.0,1754.0,1607.0,1754.0,1800.0,1754.0,1785.0,1811.6,1845.24,1787.3466666666666,1875.105,False,False,False,False,False,False,False,True,False,True,False,-0.0393386545039908,-0.0279361459521094,,,-0.052018244013683,-0.0190117825921702,-0.0672748004561003,-0.0051311288483466,0.001186115732072,-0.0430558622212408,1755.0,1733.0,3.6,-0.0023628362706205,-7.04487273679691e-05,-8.877247344244712e-06
2019-05-15,1721.0,1761.0,1721.0,1761.0,500.0,1761.0,1775.2,1802.7,1840.52,1789.5733333333333,1873.81,False,False,False,False,False,False,False,True,False,True,False,-0.0658716638273708,-0.0425894378194207,,,-0.0451561612720045,-0.0162256293772477,-0.077228847245883,-0.0124929017603634,0.0012442444381528,-0.036334387307927,1782.0,1756.0,0.2777777777777778,-0.0025644926433834,-0.0002016563727628,5.812870608080706e-05
2019-05-16,1761.0,1761.0,1761.0,1761.0,200.0,1761.0,1761.0,1793.8,1834.92,1791.92,1872.54,False,False,False,False,False,False,False,True,False,True,False,-0.0403180011357183,-0.0408858603066439,,,-0.0419761499148211,-0.0175582055650199,-0.0687109596819988,-0.0153321976149914,0.0013095822730182,-0.0330025643884491,1735.0,1704.0,0.4,-0.003051904170209,-0.0004874115268255,6.533783486535063e-05
2019-05-17,1721.0,1761.0,1720.0,1724.0,5200.0,1724.0,1751.0,1783.1,1828.4,1793.6533333333334,1870.935,False,False,False,False,False,False,False,True,False,True,False,0.0232018561484918,-0.0208816705336426,,,-0.0605568445475638,-0.0404021655065739,-0.025522041763341,0.0150812064965197,0.0009663703131039,-0.0280410521002748,1752.0,1683.0,26.0,-0.0035659593086851,-0.0005140551384761,-0.0003432119599142
2019-05-20,1725.0,1725.0,1644.0,1689.0,1500.0,1689.0,1737.8,1768.9,1821.44,1793.92,1869.055,False,False,False,False,False,False,False,True,False,True,False,0.0408525754884547,0.0011841326228537,,,-0.078413262285376,-0.0621195973949082,-0.0177619893428063,0.132622853759621,0.0001486502556784,-0.0104584770196167,1781.0,1713.0,0.2884615384615384,-0.0038211524947294,-0.0002551931860442,-0.0008177200574255
2019-05-22,1729.0,1729.0,1685.0,1685.0,800.0,1685.0,1724.0,1754.5,1814.32,1794.12,1867.105,False,False,False,False,False,False,False,True,False,True,False,0.0118694362017804,-0.0083086053412462,,,-0.0767477744807121,-0.0647596439169138,-0.0231454005934718,0.1258160237388724,0.0001114752636388,0.0088914220575662,1775.0,1716.0,0.5333333333333333,-0.0039243352881521,-0.0001031827934226,-3.7174992039534186e-05
2019-05-23,1645.0,1683.0,1645.0,1645.0,1100.0,1645.0,1700.8,1738.0,1806.32,1793.8,1864.88,False,False,False,False,False,False,False,False,False,True,False,0.0249240121580547,0.0176291793313069,,,-0.0980668693009118,-0.0904559270516717,0.0085106382978723,0.1398176291793313,-0.0001783922399375,0.0285385500575373,1767.0,1715.0,1.375,-0.0044288941051419,-0.0005045588169898,-0.0002898675035764
2019-05-24,1685.0,1690.0,1684.0,1690.0,1200.0,1690.0,1686.6,1723.8,1799.32,1793.8,1862.98,False,False,False,False,False,False,False,False,False,False,False,-0.0005917159763313,0.0035502958579881,,,-0.0646863905325443,-0.0614201183431952,0.0106508875739644,0.1414201183431952,0.0,0.0485555168813087,1767.0,1711.0,1.0909090909090908,-0.0038903585799079,0.0005385355252339,0.0001783922399375
2019-05-27,1770.0,1774.0,1764.0,1764.0,5400.0,1764.0,1694.6,1722.8,1794.72,1794.4666666666667,1861.525,False,False,False,False,False,False,False,True,False,False,False,-0.0430839002267573,-0.0515873015873015,,,-0.0174149659863945,-0.0172713529856387,0.0198412698412698,0.0941043083900226,0.0003715124270907,0.0616438356164383,1800.0,1757.0,4.5,-0.0025630739056788,0.0013272846742291,0.0003715124270907
2019-05-28,1724.0,1758.0,1724.0,1758.0,200.0,1758.0,1708.4,1723.1,1790.44,1794.56,1860.015,False,False,True,False,False,False,False,True,False,False,False,-0.0381114903299203,-0.0551763367463026,,,-0.018452787258248,-0.0207963594994311,0.0204778156996587,0.09613196814562,5.200903471226844e-05,0.0701062039347688,1843.0,1746.0,0.037037037037037,-0.0023904738500033,0.0001726000556754,-0.0003195033923784
2019-05-29,1718.0,1730.0,1705.0,1705.0,600.0,1705.0,1712.4,1718.2,1784.04,1794.3466666666666,1858.165,False,False,False,False,False,False,False,False,False,True,False,-0.019941348973607,-0.01524926686217,,,-0.046357771260997,-0.0524027370478982,0.0909090909090909,0.1043988269794721,-0.0001188919272381,0.0811896170410895,1887.0,1772.0,3.0,-0.0035873635120289,-0.0011968896620255,-0.0001709009619504
2019-05-30,1705.0,1707.0,1686.0,1686.0,2000.0,1686.0,1720.6,1710.7,1776.4,1793.9066666666668,1856.22,False,False,False,False,False,False,False,False,False,True,False,-0.0071174377224199,-0.0154211150652431,,,-0.0536180308422301,-0.0640015816528272,0.1067615658362989,0.1417556346381969,-0.000245274744877,0.0968024785175658,1909.0,1768.0,3.333333333333333,-0.0043008331456878,-0.0007134696336589,-0.0001263828176388
2019-05-31,1689.0,1689.0,1689.0,1689.0,100.0,1689.0,1720.4,1703.5,1768.52,1793.5733333333333,1854.215,False,False,False,False,False,False,False,False,False,True,False,0.0041444641799881,-0.0100651272942569,,,-0.0470811130846654,-0.0619143477402802,0.0917702782711663,0.1480165778567199,-0.0001858487339985,0.1134722629879659,1908.0,1788.0,0.05,-0.0044557030737566,-0.0001548699280688,5.94260108784976e-05
2019-06-03,1688.0,1689.0,1688.0,1688.0,600.0,1688.0,1705.2,1699.9,1761.84,1793.1333333333334,1852.18,False,False,False,False,False,False,False,False,False,False,False,-0.0088862559241706,-0.0136255924170616,,,-0.0437440758293838,-0.0622827804107425,0.0734597156398104,0.1433649289099526,-0.000245380525709,0.1264192011294781,1903.0,1833.0,6.0,-0.0037914907142533,0.0006642123595033,-5.9531791710582e-05
2019-06-04,1652.0,1691.0,1652.0,1691.0,500.0,1691.0,1691.8,1700.1,1755.4,1792.6,1850.185,False,False,False,False,False,False,False,False,False,False,False,-0.0177409816676522,-0.0325251330573625,,,-0.0380839739798936,-0.0600827912477823,0.0863394441159077,0.1466587817859254,-0.0002975194317379,0.1278160108228928,1861.0,1844.0,0.8333333333333334,-0.003668679503247,0.0001228112110062,-5.213890602890481e-05
2019-06-05,1691.0,1691.0,1671.0,1671.0,300.0,1671.0,1685.0,1698.7,1748.92,1791.7733333333333,1848.165,False,False,False,False,False,False,False,False,False,True,False,0.0047875523638539,-0.0209455415918611,,,-0.0466307600239378,-0.0722760821863155,0.0879712746858168,0.1298623578695392,-0.000461367881354,0.1282156943545063,1863.0,1851.0,0.6,-0.0037051437458545,-3.646424260757026e-05,-0.000163848449616
2019-06-06,1673.0,1674.0,1673.0,1674.0,700.0,1674.0,1682.6,1701.6,1741.88,1790.68,1846.11,False,False,False,False,False,False,False,False,False,True,False,-0.008363201911589,-0.0292712066905615,,,-0.0405495818399044,-0.0697013142174432,0.063321385902031,0.094384707287933,-0.000610568796956,0.1237658674188999,1879.0,1817.0,2.333333333333333,-0.0040416102142512,-0.0003364664683966,-0.000149200915602
2019-06-07,1677.0,1702.0,1677.0,1696.0,800.0,1696.0,1684.0,1702.2,1735.72,1790.5733333333333,1844.24,False,False,False,False,False,False,False,False,False,False,False,-0.0141509433962264,-0.0330188679245283,,,-0.0234198113207547,-0.0557625786163521,0.0577830188679245,0.0825471698113207,-5.957123602875636e-05,0.1179062389848431,1901.0,1792.0,1.1428571428571428,-0.0035489595095983,0.0004926507046528,0.0005509975609272
2019-06-10,1660.0,1673.0,1660.0,1673.0,1500.0,1673.0,1681.0,1693.1,1729.4,1790.44,1842.105,False,False,False,False,False,False,False,False,False,True,False,-0.0047818290496114,0.00418410041841,,,-0.0337118947997609,-0.0701972504482965,0.0723251643753735,0.1105797967722653,-7.446959034271579e-05,0.1196621581714016,1887.0,1791.0,1.875,-0.0036544466288885,-0.0001054871192902,-1.489835431395943e-05
2019-06-11,1672.0,1672.0,1661.0,1661.0,400.0,1661.0,1675.0,1683.4,1722.6,1789.746666666667,1839.96,False,False,False,False,False,False,False,False,False,True,False,-0.0150511739915713,-0.0012040939193257,,,-0.0370860927152317,-0.0775115392333936,0.0499698976520168,0.1228175797712221,-0.0003873918841399,0.122430794820007,1863.0,1800.0,0.2666666666666666,-0.0039475211889006,-0.000293074560012,-0.0003129222937972
2019-06-12,1661.0,1679.0,1661.0,1679.0,600.0,1679.0,1676.6,1680.8,1716.6,1789.253333333333,1837.93,False,False,False,False,False,False,False,False,False,False,False,-0.0256104824300178,-0.019654556283502,,,-0.0223942823108992,-0.0656660710740518,0.0369267421083978,0.0964860035735556,-0.0002757202259418,0.1216682532127558,1863.0,1755.0,1.5,-0.0034952813701502,0.0004522398187503,0.0001116716581981
2019-06-13,1679.0,1679.0,1660.0,1660.0,1600.0,1660.0,1673.8,1678.2,1710.6,1788.52,1835.68,False,False,False,False,False,False,False,False,False,True,False,-0.0210843373493975,-0.0006024096385542,,,-0.0304819277108433,-0.0774216867469879,0.0608433734939759,0.1096385542168674,-0.0004100224394097,0.1184602550351566,1845.0,1782.0,2.6666666666666665,-0.0035075412136092,-1.2259843458962538e-05,-0.0001343022134679
2019-06-14,1647.0,1675.0,1647.0,1672.0,600.0,1672.0,1669.0,1676.5,1704.2,1788.0,1833.615,False,False,False,False,False,False,False,False,False,True,False,-0.0191387559808612,0.0215311004784689,,,-0.0192583732057416,-0.069377990430622,0.0723684210526315,0.110645933014354,-0.0002908277404921,0.114703250820161,1865.0,1735.0,0.375,-0.0037554277666939,-0.0002478865530847,0.0001191946989175
2019-06-17,1672.0,1672.0,1665.0,1665.0,700.0,1665.0,1667.4,1674.2,1699.84,1786.7733333333333,1831.64,False,False,False,False,False,False,False,False,False,False,False,0.009009009009009,0.0804804804804804,,,-0.0209249249249248,-0.0731371371371371,0.0852852852852852,0.1057057057057057,-0.0006865261775416,0.1109186477123402,1879.0,1752.0,1.1666666666666667,-0.0025649472891567,0.0011904804775372,-0.0003956984370494
2019-06-18,1648.0,1652.0,1613.0,1636.0,1700.0,1636.0,1662.4,1668.7,1695.08,1785.3066666666666,1829.595,False,False,False,False,False,False,False,False,False,True,False,0.0140586797066014,0.0965770171149144,,,-0.0361124694376527,-0.0912632436837815,0.1039119804400978,0.1473105134474327,-0.0008215208591614,0.1108647450110864,1865.0,1781.0,2.4285714285714284,-0.0028081270500507,-0.000243179760894,-0.0001349946816198
2019-06-19,1618.0,1650.0,1618.0,1636.0,1900.0,1636.0,1653.8,1665.2,1690.36,1783.493333333333,1827.475,False,False,False,False,False,False,False,False,False,False,False,0.0061124694376528,0.1369193154034229,,,-0.0332273838630806,-0.0901548492257537,0.0904645476772616,0.1473105134474327,-0.0010167312091626,0.1125390343502281,1865.0,1775.0,1.1176470588235294,-0.0027923045978371,1.5822452213566478e-05,-0.0001952103500011
2019-06-20,1618.0,1626.0,1609.0,1625.0,3100.0,1625.0,1646.8,1660.3,1684.92,1781.5866666666666,1825.55,False,False,False,False,False,False,False,False,False,True,False,0.0209230769230769,0.1483076923076923,,,-0.0368738461538462,-0.0963610256410256,0.099076923076923,0.1538461538461538,-0.0010702070813281,0.1184123351201591,1877.0,1767.0,1.631578947368421,-0.003228639935427,-0.0004363353375899,-5.34758721655365e-05
2019-06-21,1665.0,1665.0,1640.0,1640.0,500.0,1640.0,1640.4,1654.7,1680.08,1779.6133333333332,1823.7,False,False,False,False,False,False,False,False,False,False,False,0.0414634146341463,0.124390243902439,,,-0.0244390243902438,-0.0851300813008129,0.075,0.1560975609756097,-0.0011088551071019,0.1258234120988699,1886.0,1767.0,0.1612903225806451,-0.0028808151992763,0.0003478247361507,-3.864802577375668e-05
2019-06-24,1680.0,1687.0,1656.0,1680.0,2000.0,1680.0,1643.4,1655.4,1678.32,1777.5733333333333,1822.05,False,False,False,False,True,False,False,False,False,False,False,0.0708333333333333,0.0785714285714285,,,0.001,-0.058079365079365,0.0494047619047619,0.1267857142857142,-0.0011476319776774,0.1274616406910716,1855.0,1800.0,4.0,-0.0010486677153343,0.0018321474839419,-3.877687057548141e-05
2019-06-25,1678.0,1678.0,1631.0,1659.0,3200.0,1659.0,1648.0,1655.2,1677.12,1775.1066666666666,1820.32,False,False,False,False,False,False,False,False,False,False,False,0.081374321880651,0.107293550331525,,,-0.0109222423146473,-0.0699859353023909,0.0578661844484629,0.1362266425557564,-0.0013895878557532,0.1288061865635573,1852.0,1843.0,1.6,-0.0007155123068117,0.0003331554085226,-0.0002419558780758
2019-06-27,1640.0,1650.0,1631.0,1646.0,1000.0,1646.0,1650.0,1651.9,1675.56,1772.3733333333332,1818.625,False,False,False,False,False,False,False,False,False,True,False,0.1300121506682867,0.1044957472660996,,,-0.0179586877278249,-0.0767760226812474,0.0783718104495747,0.1530984204131227,-0.0015421882522869,0.1345117743204793,1833.0,1887.0,0.3125,-0.0009310320131776,-0.0002155197063659,-0.0001526003965336
2019-06-28,1653.0,1665.0,1653.0,1659.0,1300.0,1659.0,1656.8,1651.8,1676.12,1770.2666666666669,1817.02,False,False,False,False,False,False,True,False,False,False,False,0.1247739602169981,0.0729355033152501,,,-0.0103194695599758,-0.0670685151697811,0.0693188667872212,0.1392405063291139,-0.001190027867741,0.137486378496186,1850.0,1909.0,1.3,0.0003341049566856,0.0012651369698632,0.0003521603845459
2019-07-01,1693.0,1720.0,1660.0,1708.0,15100.0,1708.0,1670.4,1655.4,1676.84,1769.1466666666668,1815.56,False,False,False,False,True,False,True,False,False,False,True,0.0796252927400468,0.050351288056206,,,0.0182435597189696,-0.035800156128025,0.0322014051522248,0.1077283372365339,-0.000633073572193,0.1371269783738069,1850.0,1908.0,11.615384615384617,0.0004293790701557,9.527411347013922e-05,0.0005569542955479
2019-07-02,1727.0,1888.0,1716.0,1799.0,14900.0,1799.0,1694.2,1668.8,1678.24,1769.253333333333,1814.43,False,False,False,False,False,False,True,True,False,False,False,0.0072262367982212,-0.0027793218454697,,,0.0671261812117843,0.0165351120993145,-0.0433574207893274,0.0511395219566425,6.028908616799307e-05,0.1309923298178332,1831.0,1903.0,0.9867549668874172,0.0008342072647536,0.0004048281945978,0.000693362658361
2019-07-03,1802.0,1900.0,1789.0,1794.0,17200.0,1794.0,1721.2,1684.6,1679.68,1769.1733333333334,1813.2,False,False,False,False,False,False,True,False,False,False,False,0.02396878483835,-0.027870680044593,,,0.0637235228539576,0.0138387216648085,-0.0468227424749163,0.0551839464882943,-4.521885927874028e-05,0.1213344414104239,1831.0,1861.0,1.1543624161073829,0.000857306153553,2.309888879948468e-05,-0.0001055079454467
2019-07-04,1811.0,1867.0,1800.0,1860.0,7100.0,1860.0,1764.0,1707.0,1685.88,1770.5733333333333,1812.375,False,False,False,False,False,False,True,True,True,False,False,-0.0225806451612903,-0.0639784946236559,,,0.0936129032258064,0.048078853046595,-0.053763440860215,0.0231182795698924,0.0007907043292943,0.1081429408318687,1829.0,1863.0,0.4127906976744186,0.0036776045744655,0.0028202984209124,0.0008359231885731
2019-07-05,1825.0,1870.0,1825.0,1866.0,4600.0,1866.0,1805.4,1731.1,1693.08,1771.6933333333334,1811.58,False,False,False,False,False,False,True,True,False,False,False,-0.0460878885316184,-0.0562700964630225,,,0.0926688102893891,0.0505394783851375,-0.0830653804930332,0.0182207931404072,0.0006321635798521,0.0941597827970654,1810.0,1879.0,0.647887323943662,0.0042526047203911,0.0005750001459255,-0.0001585407494422
2019-07-08,1848.0,1863.0,1838.0,1844.0,1900.0,1844.0,1832.6,1751.5,1699.28,1773.1466666666668,1810.825,False,False,False,False,False,False,True,True,False,True,False,-0.027114967462039,-0.0276572668112798,,,0.0784815618221258,0.0384237165582067,-0.0580260303687635,0.0303687635574837,0.0008196351495646,0.0816443048815301,1832.0,1901.0,0.4130434782608695,0.0036486041146838,-0.0006040006057072,0.0001874715697125
2019-07-09,1842.0,1855.0,1812.0,1812.0,2300.0,1812.0,1835.2,1764.7,1704.24,1773.9466666666667,1809.96,False,False,False,False,False,False,True,True,False,True,False,-0.009933774834437,-0.0027593818984547,,,0.0594701986754966,0.0210007358351728,-0.0413907284768211,0.0507726269315673,0.0004509718443244,0.0741769139230463,1774.0,1887.0,1.2105263157894737,0.0029103882082336,-0.0007382159064502,-0.0003686633052401
2019-07-10,1813.0,1850.0,1813.0,1837.0,5100.0,1837.0,1843.8,1782.5,1710.08,1774.6933333333334,1809.345,False,False,False,False,False,False,True,True,False,False,False,-0.0506260206859009,-0.0168753402286336,,,0.0690909090909091,0.0339176193068408,-0.0669569951007076,0.039738704409363,0.0004207299664918,0.0648527349228611,1755.0,1863.0,2.217391304347826,0.0034150449101795,0.0005046567019459,-3.024187783262866e-05
2019-07-11,1843.0,1843.0,1790.0,1818.0,4500.0,1818.0,1835.4,1799.7,1715.96,1775.2666666666669,1808.685,False,False,False,False,False,False,True,True,False,False,False,-0.0423542354235423,-0.0187018701870187,,,0.0561276127612761,0.0235056839017233,-0.0726072607260726,0.0561056105610561,0.0003229561755981,0.0558982052564315,1754.0,1863.0,0.8823529411764706,0.0034266533019418,1.1608391762240896e-05,-9.777379089374236e-05
2019-07-12,1792.0,1809.0,1780.0,1780.0,2300.0,1780.0,1818.2,1811.8,1720.2,1775.44,1807.61,False,False,False,False,False,False,True,True,False,True,False,-0.0106741573033707,0.0033707865168539,,,0.0335955056179775,0.0025617977528089,-0.0432584269662921,0.0876404494382022,9.76283813213489e-05,0.0513853626228061,1761.0,1845.0,0.5111111111111111,0.0024648296709684,-0.0009618236309733,-0.0002253277942767
2019-07-16,1785.0,1799.0,1754.0,1794.0,1100.0,1794.0,1808.2,1820.4,1724.12,1775.8,1806.205,False,False,False,False,False,False,True,True,False,True,False,-0.0005574136008918,-0.0172798216276477,,,0.0389520624303233,0.0101449275362319,-0.0189520624303233,0.0942028985507246,0.0002027255321544,0.050318611294221,1761.0,1865.0,0.4782608695652174,0.0022736236456858,-0.0001912060252826,0.0001050971508331
2019-07-17,1794.0,1794.0,1794.0,1794.0,100.0,1794.0,1804.6,1819.9,1728.96,1775.72,1804.85,False,False,False,False,False,False,True,False,False,False,False,0.0072463768115942,-0.0172798216276477,,,0.0362541806020066,0.0101895206243032,-0.0161649944258639,0.0908584169453734,-4.505214786110831e-05,0.0542337491070936,1724.0,1879.0,0.0909090909090909,0.0027993707199704,0.0005257470742846,-0.0002477776800155
2019-07-18,1794.0,1810.0,1741.0,1744.0,4300.0,1744.0,1786.0,1814.9,1732.28,1774.4,1803.42,False,False,False,False,False,False,True,False,False,True,False,0.0355504587155963,0.0063073394495412,,,0.0067201834862385,-0.0174311926605505,-0.0022935779816513,0.1186926605504587,-0.0007439134355274,0.0603339026943633,1689.0,1865.0,43.0,0.0019165492876439,-0.0008828214323264,-0.0006988612876663
2019-07-19,1744.0,1751.0,1741.0,1741.0,900.0,1741.0,1770.6,1803.0,1734.76,1772.4533333333334,1801.95,False,False,False,False,False,False,True,False,False,True,False,0.0246984491671453,0.0195290063182079,,,0.0035841470419299,-0.0180662454528049,-0.0235496840896036,0.1200459506031016,-0.0010982893766831,0.06993899057127,1685.0,1865.0,0.2093023255813953,0.0014295925661186,-0.0004869567215253,-0.0003543759411557
2019-07-22,1781.0,1796.0,1761.0,1761.0,800.0,1761.0,1766.8,1792.5,1738.8,1770.48,1800.905,False,False,False,False,False,False,True,False,False,False,False,0.0141964792731402,0.0073821692220329,,,0.0126064735945485,-0.0053833049403747,-0.0346394094264622,0.1061896649630891,-0.0011145753317367,0.078884239888424,1645.0,1877.0,0.8888888888888888,0.0023234414538762,0.0008938488877575,-1.6285955053599787e-05
2019-07-23,1801.0,1801.0,1790.0,1793.0,2400.0,1793.0,1766.6,1787.4,1743.64,1768.9466666666667,1799.995,False,False,False,False,False,False,True,False,False,False,False,-0.0167317345231455,-0.0167317345231455,,,0.0275292805354154,0.0134151329243353,-0.0351366424986056,0.0931399888455103,-0.0008668058581,0.0853194584312409,1690.0,1886.0,3.0,0.0027758023445207,0.0004523608906445,0.0002477694736366
2019-07-24,1809.0,1809.0,1804.0,1807.0,700.0,1807.0,1769.2,1786.9,1749.32,1767.6666666666667,1799.005,False,False,False,False,False,False,True,False,False,False,False,-0.024349750968456,-0.0475926950747094,,,0.0319203099059214,0.0217672016233166,-0.0509131156613171,0.0807969009407858,-0.0007241184235338,0.0883653254239184,1764.0,1855.0,0.2916666666666667,0.0032469759678045,0.0004711736232837,0.0001426874345662
2019-07-25,1806.0,1806.0,1795.0,1806.0,2100.0,1806.0,1781.6,1783.8,1756.12,1766.9333333333334,1797.885,False,False,False,False,False,False,True,False,False,False,False,-0.0282392026578073,-0.0531561461794019,,,0.0276190476190476,0.0216315983757843,-0.0155038759689922,0.0791805094130675,-0.0004150316933293,0.0924430990021303,1758.0,1852.0,3.0,0.0038721727444593,0.0006251967766548,0.0003090867302045
2019-07-26,1774.0,1802.0,1770.0,1784.0,2200.0,1784.0,1790.2,1780.4,1762.04,1765.88,1796.655,False,False,False,False,False,False,True,False,False,True,False,-0.0050448430493273,-0.0134529147982062,,,0.0123094170403587,0.0101569506726456,-0.0218609865470852,0.0902466367713004,-0.0005964920228629,0.0959334980903167,1705.0,1833.0,1.0476190476190477,0.0033597421170915,-0.0005124306273677,-0.0001814603295336
2019-07-29,1780.0,1786.0,1780.0,1786.0,200.0,1786.0,1795.2,1781.0,1768.48,1764.64,1795.51,False,True,False,False,False,False,True,False,False,False,False,-0.0067189249720044,-0.041993281075028,,,0.0098096304591265,0.0119596864501679,-0.0263157894736842,0.0806270996640537,-0.0007026929005349,0.0952274003368893,1686.0,1850.0,0.0909090909090909,0.0036415452818239,0.0002818031647323,-0.0001062008776719
2019-07-30,1770.0,1770.0,1758.0,1763.0,1100.0,1763.0,1789.2,1777.9,1773.4,1762.8,1794.25,False,False,False,False,False,False,True,False,False,True,False,0.0,-0.0147475893363584,,,-0.0058990357345434,0.000113442994895,-0.0164492342597844,0.100964265456608,-0.001043793964148,0.0958996568985882,1689.0,1850.0,5.5,0.0027743317920379,-0.000867213489786,-0.000341101063613
2019-07-31,1766.0,1775.0,1763.0,1763.0,1300.0,1763.0,1780.4,1774.8,1776.72,1761.1466666666668,1793.015,False,False,False,False,False,False,True,False,False,True,False,-0.0238230289279637,-0.0147475893363584,,,-0.0077821894498014,0.0010512384193608,-0.0073737946681792,0.1094724900737379,-0.0009387823084959,0.0977574938021185,1688.0,1831.0,1.181818181818182,0.0018686118240352,-0.0009057199680026,0.0001050116556521
2019-08-01,1763.0,1782.0,1755.0,1755.0,800.0,1755.0,1770.2,1775.9,1780.56,1759.7066666666667,1791.5,False,False,False,False,False,False,True,False,False,False,False,-0.0256410256410256,-0.0233618233618233,,,-0.0145641025641025,-0.002681861348528,0.09002849002849,0.119088319088319,-0.0008183182045492,0.0978095613491749,1691.0,1831.0,0.6153846153846154,0.0021566248820595,0.0002880130580242,0.0001204641039466
2019-08-02,1776.0,1776.0,1765.0,1775.0,1200.0,1775.0,1768.4,1779.3,1785.72,1758.5333333333333,1790.155,False,False,False,False,False,False,True,False,False,False,False,-0.0084507042253521,-0.0501408450704225,,,-0.0060394366197183,0.0092769953051643,0.0687323943661971,0.1030985915492957,-0.0006672226855713,0.0961614117911539,1671.0,1829.0,1.5,0.0028895907533096,0.0007329658712501,0.0001510955189779
2019-08-05,1799.0,1799.0,1765.0,1774.0,1400.0,1774.0,1766.0,1780.6,1790.32,1757.5866666666666,1788.96,False,False,False,False,False,False,True,False,False,True,False,-0.0355129650507328,-0.0400225479143179,,,-0.0091995490417136,0.0092521608417888,0.0569334836527621,0.1042841037204058,-0.000538617346513,0.0959788835224082,1674.0,1810.0,1.1666666666666667,0.0025693730729701,-0.0003202176803394,0.0001286053390582
2019-08-06,1769.0,1769.0,1746.0,1763.0,2000.0,1763.0,1766.0,1777.6,1792.52,1756.2266666666667,1787.615,False,False,False,False,False,False,True,False,False,True,False,-0.0147475893363584,-0.0017016449234259,,,-0.0167441860465116,0.0038419360937795,0.0941576857629041,0.1111741349971639,-0.0007743875126217,0.0977722772277228,1696.0,1832.0,1.4285714285714286,0.0012273224287595,-0.0013420506442106,-0.0002357701661086
2019-08-07,1751.0,1751.0,1721.0,1721.0,1300.0,1721.0,1757.6,1769.0,1789.4,1754.12,1786.105,False,False,False,False,False,False,False,False,False,True,False,0.0092969203951191,0.0255665310865775,,,-0.0397443346891342,-0.0192446252178965,0.1214410226612434,0.1423590935502614,-0.0012009820688817,0.1038439796495195,1673.0,1774.0,0.65,-0.0017436012071084,-0.002970923635868,-0.00042659455626
2019-08-08,1707.0,1721.0,1707.0,1710.0,300.0,1710.0,1748.6,1759.4,1786.04,1752.0533333333333,1784.6,False,False,False,False,False,False,False,False,False,True,False,0.0023391812865497,0.0175438596491228,,,-0.0444678362573099,-0.0245925925925925,0.1269005847953216,0.1725146198830409,-0.0011795683540835,0.1130499033761508,1661.0,1755.0,0.2307692307692307,-0.001881256858749,-0.0001376556516405,2.1413714798161924e-05
2019-08-09,1760.0,1761.0,1760.0,1760.0,1100.0,1760.0,1745.6,1757.0,1782.04,1750.6533333333334,1783.245,False,False,False,False,False,False,False,False,False,True,False,-0.0420454545454545,-0.034090909090909,,,-0.0125227272727272,0.005310606060606,0.0698863636363636,0.1289772727272727,-0.0007997014447938,0.1169607285145133,1679.0,1754.0,3.6666666666666665,-0.0022446185270813,-0.0003633616683322,0.0003798669092896
2019-08-13,1720.0,1760.0,1711.0,1711.0,5200.0,1711.0,1733.0,1749.5,1775.84,1748.44,1781.625,False,False,False,False,False,False,False,False,False,True,False,-0.0046756282875511,-0.0064289888953828,,,-0.0378959672706019,-0.0218819403857393,0.1250730566919929,0.1689070718877849,-0.0012658903555931,0.1257502143469562,1660.0,1761.0,4.727272727272728,-0.0034913055230201,-0.0012466869959387,-0.0004661889107993
2019-08-15,1744.0,1744.0,1737.0,1737.0,200.0,1737.0,1727.8,1746.9,1771.56,1746.4533333333334,1780.245,False,False,False,False,False,False,False,False,False,False,False,0.0132412204951065,-0.0040299366724237,,,-0.0198963730569947,-0.0054423335252351,0.1162924582613701,0.1491076568796776,-0.0011375435167654,0.1305741599404659,1672.0,1761.0,0.0384615384615384,-0.0024159497843708,0.0010753557386492,0.0001283468388277
2019-08-16,1737.0,1737.0,1737.0,1737.0,400.0,1737.0,1731.0,1744.3,1768.56,1744.88,1778.86,False,False,False,False,False,False,False,False,False,False,False,0.0161197466896948,-0.0126655152561888,,,-0.0181692573402417,-0.0045365572826713,0.1111111111111111,0.1496833621185953,-0.000901685693763,0.1346098721550191,1665.0,1724.0,2.0,-0.0016962952910842,0.0007196544932865,0.0002358578230023
2019-08-19,1714.0,1714.0,1714.0,1714.0,100.0,1714.0,1731.8,1740.2,1763.64,1743.04,1777.535,False,False,False,False,False,False,False,False,False,True,False,0.0151691948658109,0.0373395565927654,,,-0.0289614935822637,-0.0169428238039673,0.131271878646441,0.1563593932322053,-0.0010556269506151,0.1383174347776118,1636.0,1689.0,0.25,-0.0027896849697216,-0.0010933896786373,-0.000153941256852
2019-08-20,1716.0,1716.0,1686.0,1686.0,1800.0,1686.0,1717.0,1731.3,1758.36,1741.08,1775.965,False,False,False,False,False,False,False,False,False,True,False,0.0083036773428232,0.0349940688018979,,,-0.0429181494661921,-0.0326690391459074,0.1198102016607354,0.1708185053380783,-0.0011257380476486,0.1450932825044764,1636.0,1685.0,18.0,-0.0030027980618304,-0.0002131130921088,-7.011109703350588e-05
2019-08-21,1728.0,1728.0,1688.0,1703.0,1500.0,1703.0,1715.4,1724.2,1755.28,1739.12,1774.465,False,False,False,False,False,False,False,False,False,False,False,-0.0017615971814445,0.0211391661773341,,,-0.0306987668819729,-0.0212096300645918,0.0757486788021139,0.1614797416324133,-0.0011270067620405,0.1509105672195801,1625.0,1645.0,0.8333333333333334,-0.0017547058019232,0.0012480922599071,-1.268714391986338e-06
2019-08-22,1728.0,1789.0,1728.0,1760.0,3500.0,1760.0,1720.0,1723.9,1753.92,1737.92,1773.225,False,False,False,False,True,False,False,False,False,False,False,-0.0170454545454545,-0.0147727272727272,,,0.0034545454545454,0.0125454545454545,0.0431818181818181,0.1170454545454545,-0.0006904805744797,0.1515169093334879,1640.0,1690.0,2.333333333333333,-0.0007754059478196,0.0009792998541036,0.0004365261875608
2019-08-23,1776.0,1776.0,1725.0,1765.0,900.0,1765.0,1725.6,1728.3,1752.76,1737.04,1772.1,False,False,False,False,False,False,False,False,False,False,True,-0.0283286118980169,-0.0084985835694051,,,0.0069348441926345,0.0158413597733711,0.0526912181303116,0.1155807365439093,-0.0005066089439506,0.1487588960249957,1680.0,1764.0,0.2571428571428571,-0.00066181336863,0.0001135925791895,0.000183871630529
2019-08-26,1740.0,1740.0,1740.0,1740.0,1900.0,1740.0,1730.8,1731.3,1752.6,1735.8266666666666,1770.88,False,False,False,False,False,False,False,False,False,False,False,0.0218390804597701,0.0994252873563218,,,-0.0072413793103447,0.0023984674329502,0.0718390804597701,0.1316091954022988,-0.0006989945232627,0.1446889620516375,1659.0,1758.0,2.111111111111111,-9.129293620910752e-05,0.0005705204324209,-0.000192385579312
2019-08-27,1700.0,1700.0,1700.0,1700.0,100.0,1700.0,1733.6,1725.3,1750.96,1734.1066666666666,1769.385,False,False,False,False,False,False,False,False,False,True,False,0.0264705882352941,0.1158823529411764,,,-0.0299764705882353,-0.0200627450980391,0.0829411764705882,0.1588235294117647,-0.0009918651678482,0.147684460673506,1646.0,1705.0,0.0526315789473684,-0.0009366290492072,-0.0008453361129981,-0.0002928706445854
2019-08-28,1730.0,1730.0,1700.0,1700.0,1400.0,1700.0,1733.0,1724.2,1748.52,1732.64,1767.865,False,False,False,False,False,False,False,False,False,True,False,0.0229411764705882,0.1029411764705882,,,-0.0285411764705882,-0.0192,0.0835294117647058,0.1670588235294117,-0.0008464924431309,0.1474886904071453,1659.0,1686.0,14.0,-0.0013954658797154,-0.0004588368305082,0.0001453727247172
2019-08-29,1691.0,1730.0,1680.0,1730.0,1200.0,1730.0,1727.0,1723.5,1746.0,1731.28,1766.52,False,False,False,False,False,False,False,False,False,True,False,0.0023121387283236,0.115028901734104,,,-0.0092485549132947,-0.0007398843930635,0.0734104046242774,0.1473988439306358,-0.0007855459544384,0.1473165071076298,1708.0,1689.0,0.8571428571428571,-0.0014432989690721,-4.783308935670688e-05,6.094648869257662e-05
2019-08-30,1700.0,1720.0,1650.0,1715.0,1800.0,1715.0,1717.0,1721.3,1742.32,1730.493333333333,1765.07,False,False,False,False,False,False,False,False,False,True,False,0.0204081632653061,0.1253644314868804,,,-0.0159300291545189,-0.009034013605442,0.073469387755102,0.1620991253644315,-0.0004545909836887,0.1485505141462848,1799.0,1688.0,1.5,-0.0021121263602553,-0.0006688273911831,0.0003309549707496
2019-09-02,1715.0,1778.0,1711.0,1778.0,1700.0,1778.0,1724.6,1727.7,1741.2,1730.8,1764.33,False,False,False,False,True,False,False,True,False,False,True,0.0759280089988751,0.0838020247469066,,,0.020697412823397,0.0265466816647919,0.0556805399325084,0.1209223847019122,0.0001771820352824,0.1449325693118017,1794.0,1691.0,0.9444444444444444,-0.0006432345508843,0.0014688918093709,0.0006317730189712
2019-09-03,1759.0,1759.0,1745.0,1745.0,1200.0,1745.0,1733.6,1733.6,1739.64,1730.68,1763.62,False,False,False,False,False,False,False,False,False,True,False,0.087106017191977,0.0790830945558739,,,0.0030716332378222,0.0082063037249283,0.0756446991404011,0.1375358166189111,-6.933690803608457e-05,0.1416705122288879,1860.0,1671.0,0.7058823529411765,-0.0008967372559839,-0.0002535027050995,-0.0002465189433185
2019-09-04,1739.0,1739.0,1711.0,1739.0,400.0,1739.0,1741.4,1737.2,1737.76,1730.3866666666668,1762.815,False,False,False,False,False,False,False,False,False,True,False,0.078205865439908,0.1069580218516388,,,0.0007130534790109,0.0049530381445274,0.078205865439908,0.144335825186889,-0.0001695189514482,0.139995394888326,1866.0,1674.0,0.3333333333333333,-0.0010818524997698,-0.0001851152437859,-0.0001001820434121
2019-09-05,1739.0,1739.0,1709.0,1734.0,1100.0,1734.0,1742.2,1734.6,1736.6,1730.0266666666666,1761.765,False,False,False,False,False,True,False,False,False,False,False,0.1124567474048442,0.1182237600922722,,,-0.0014994232987312,0.0022914263744713,0.0934256055363321,0.1476355247981545,-0.0002080892780073,0.1430877435720051,1844.0,1696.0,2.75,-0.0006679718991132,0.0004138806006566,-3.85703265591406e-05
2019-09-06,1741.0,1750.0,1741.0,1750.0,2000.0,1750.0,1749.2,1733.1,1736.08,1730.3733333333332,1760.87,False,False,False,False,False,False,False,True,False,False,False,0.1028571428571428,0.1028571428571428,,,0.0079542857142857,0.0112152380952381,0.0817142857142857,0.1337142857142857,0.0002003421227017,0.1449425884253649,1812.0,1673.0,1.818181818181818,-0.0002995253674945,0.0003684465316186,0.0004084314007091
2019-09-09,1747.0,1923.0,1747.0,1913.0,12100.0,1913.0,1776.2,1750.4,1742.4,1733.36,1760.85,False,False,False,False,False,False,True,True,True,False,True,0.007318348144276,0.0135912179822268,,,0.0891792995295347,0.0939048614741244,-0.014636696288552,0.0324098274960794,0.001723050414609,0.1339693784277879,1837.0,1661.0,6.05,0.0036271808999082,0.0039267062674028,0.0015227082919072
2019-09-10,1891.0,1900.0,1809.0,1897.0,6900.0,1897.0,1806.6,1770.1,1747.28,1736.1866666666667,1760.755,False,False,False,False,False,False,True,True,False,True,False,-0.007380073800738,-0.0047443331576172,,,0.0789246178176067,0.0847724477244772,0.0005271481286241,0.0426989984185556,0.0016280891455604,0.1218010281904977,1818.0,1679.0,0.5702479338842975,0.0027929124124352,-0.000834268487473,-9.496126904853732e-05
2019-09-11,1861.0,1897.0,1851.0,1875.0,7700.0,1875.0,1833.8,1787.6,1751.32,1739.253333333333,1760.135,False,False,False,False,False,False,True,True,False,True,False,0.0266666666666666,-0.0229333333333333,,,0.0659626666666667,0.0723982222222223,0.008,0.056,0.0017632087332493,0.1105952114567017,1780.0,1660.0,1.115942028985507,0.0023068314185871,-0.0004860809938481,0.0001351195876888
2019-09-12,1897.0,1929.0,1855.0,1929.0,8800.0,1929.0,1872.8,1807.5,1757.96,1742.44,1760.03,False,False,False,False,False,False,True,True,False,False,False,0.0051840331778123,-0.0482115085536547,,,0.0886677034733022,0.0967133229652669,-0.0191809227579056,0.0207361327112493,0.0018288530260249,0.0974827109266943,1794.0,1672.0,1.1428571428571428,0.0037771052811213,0.0014702738625342,6.564429277561984e-05
2019-09-13,1889.0,1950.0,1860.0,1930.0,7400.0,1930.0,1908.8,1829.0,1766.32,1744.6533333333334,1760.14,False,False,False,False,False,False,True,True,False,False,False,0.0,-0.0373056994818652,,,0.0848082901554404,0.096034542314335,-0.0202072538860103,0.0010362694300518,0.0012686378955895,0.0812465828321486,1794.0,1665.0,0.8409090909090909,0.0047330042121472,0.0009558989310258,-0.0005602151304353
2019-09-17,1940.0,1968.0,1913.0,1927.0,12400.0,1927.0,1911.6,1843.9,1775.0,1746.9066666666668,1760.045,False,False,False,False,False,False,True,True,False,False,False,0.0062272963155163,-0.0321743642968344,,,0.078879086663207,0.0934578792596436,-0.0176440062272963,-0.0025947067981318,0.0012898990978338,0.0686588209772763,1744.0,1636.0,1.6756756756756757,0.0048901408450704,0.0001571366329232,2.1261202244291693e-05
2019-09-18,1940.0,1940.0,1870.0,1883.0,6800.0,1883.0,1908.8,1857.7,1779.92,1749.28,1759.745,False,False,False,False,False,False,True,True,False,True,False,0.0026553372278279,-0.0223048327137546,,,0.0547424322889006,0.0710143388210302,0.0106213489113117,0.0302708443972384,0.0013567486813621,0.0582978952468105,1741.0,1636.0,0.5483870967741935,0.0027641691761427,-0.0021259716689276,6.684958352828896e-05
2019-09-19,1890.0,1934.0,1850.0,1925.0,8200.0,1925.0,1918.8,1876.3,1788.48,1752.4666666666667,1759.66,False,False,False,False,False,False,True,True,False,False,False,-0.0483116883116883,-0.0431168831168831,,,0.0709194805194805,0.0896277056277056,-0.0129870129870129,0.0244155844155844,0.0018183893179138,0.0468475190534563,1761.0,1625.0,1.2058823529411764,0.0047861871533368,0.002022017977194,0.0004616406365516
2019-09-20,1939.0,1945.0,1865.0,1939.0,23800.0,1939.0,1920.8,1896.8,1796.56,1755.8,1759.815,False,False,False,False,False,False,True,True,False,True,False,-0.0531201650335224,-0.0422898401237751,,,0.0734605466735431,0.0944816915936049,-0.0201134605466735,0.0206291903042805,0.0018984698333143,0.0349536060733867,1793.0,1640.0,2.902439024390244,0.0044974840806874,-0.0002887030726493,8.008051540047485e-05
2019-09-24,1938.0,1944.0,1925.0,1930.0,6000.0,1930.0,1920.8,1914.8,1804.28,1759.0266666666666,1759.95,False,False,False,False,False,False,True,True,False,True,False,-0.0373056994818652,-0.0461139896373057,,,0.065139896373057,0.088587219343696,-0.0134715025906735,0.0284974093264248,0.0018343477832437,0.0252767913097974,1807.0,1680.0,0.2521008403361344,0.0042787150553129,-0.0002187690253745,-6.412205007052976e-05
2019-09-25,1940.0,1940.0,1918.0,1939.0,5900.0,1939.0,1923.2,1917.4,1813.28,1762.3333333333333,1760.185,False,False,False,False,False,False,True,True,False,False,False,-0.038164002062919,-0.0319752449716348,,,0.0648375451263538,0.0911122571772391,-0.0149561629706034,0.0293965961835997,0.001876300359372,0.02498174611453,1806.0,1659.0,0.9833333333333332,0.0049633812759198,0.0006846662206069,4.195257612823978e-05
2019-09-26,1901.0,1913.0,1877.0,1888.0,6900.0,1888.0,1924.2,1916.5,1821.36,1765.2266666666667,1760.35,False,False,False,False,False,False,True,True,False,True,False,-0.0248940677966101,-0.0058262711864406,,,0.0352966101694915,0.0650282485875706,0.0169491525423728,0.0672669491525423,0.0016390718472415,0.0273936864075136,1784.0,1646.0,1.1694915254237288,0.0044362454429656,-0.0005271358329542,-0.0002372285121304
2019-09-27,1860.0,1886.0,1808.0,1832.0,33500.0,1832.0,1905.6,1912.2,1826.52,1767.3333333333333,1760.15,False,False,False,False,False,False,True,True,False,True,False,0.0054585152838427,0.023471615720524,,,0.0029912663755458,0.0352983988355167,0.056768558951965,0.125,0.0011920030177291,0.0339399644388661,1786.0,1659.0,4.855072463768116,0.0028250443466264,-0.0016112010963392,-0.0004470688295124
2019-09-30,1832.0,1853.0,1827.0,1836.0,800.0,1836.0,1885.0,1902.9,1829.56,1769.2,1759.99,False,False,False,False,False,False,True,True,False,True,False,0.011437908496732,0.0326797385620915,,,0.0035076252723311,0.0363834422657951,0.0691721132897603,0.119281045751634,0.0010550908131736,0.0435125335014976,1763.0,1708.0,0.0238805970149253,0.0016616016965827,-0.0011634426500436,-0.0001369122045554
2019-10-01,1849.0,1858.0,1849.0,1858.0,900.0,1858.0,1870.6,1895.7,1833.28,1771.6666666666667,1760.03,False,False,False,False,False,False,True,True,False,False,False,-0.0091496232508073,0.018837459634015,,,0.0133046286329386,0.0464657337639037,0.0532831001076426,0.0920344456404736,0.0013922859830668,0.0525927098169541,1763.0,1799.0,1.125,0.0020291499389073,0.0003675482423245,0.0003371951698931
2019-10-02,1857.0,1865.0,1855.0,1865.0,700.0,1865.0,1855.8,1889.5,1838.28,1774.3866666666668,1760.265,False,False,False,False,False,False,True,True,False,False,False,0.0064343163538873,0.0107238605898123,,,0.0143270777479892,0.048586237712243,0.046112600536193,0.0900804289544235,0.0015329240526304,0.061921143159566,1755.0,1794.0,0.7777777777777778,0.0027199338512087,0.0006907839123014,0.0001406380695635
2019-10-03,1859.0,1859.0,1841.0,1841.0,300.0,1841.0,1846.4,1885.3,1843.92,1776.5466666666666,1760.295,False,False,False,False,False,False,True,True,False,False,False,0.0195545898967952,0.030961434003259,,,-0.0015860945138512,0.0350099583559659,0.0592069527430744,0.0879956545355784,0.0012158419705645,0.0676284941388638,1775.0,1860.0,0.4285714285714285,0.0030587010282442,0.0003387671770354,-0.0003170820820658
2019-10-04,1842.0,1842.0,1842.0,1842.0,100.0,1842.0,1848.4,1877.0,1849.6,1778.9733333333334,1760.42,False,False,False,False,False,False,True,True,False,False,False,0.017915309446254,0.0260586319218241,,,-0.0041259500542887,0.0342164314151284,0.0575461454940282,0.0998914223669924,0.0013640826544149,0.0752264251465104,1774.0,1866.0,0.3333333333333333,0.0030709342560552,1.2233227811045584e-05,0.0001482406838504
2019-10-07,1802.0,1862.0,1792.0,1857.0,1900.0,1857.0,1852.6,1868.8,1854.68,1781.44,1760.51,False,False,False,False,False,False,True,True,False,True,False,0.0210016155088853,0.0188476036618201,,,0.0012493268712977,0.0406892837910608,0.0554658050619278,0.1012385568120624,0.0013846476258906,0.0834760273972602,1763.0,1844.0,19.0,0.0027390169732784,-0.0003319172827767,2.056497147573887e-05
2019-10-08,1817.0,1868.0,1817.0,1841.0,1100.0,1841.0,1849.2,1859.9,1859.72,1783.7866666666666,1760.515,False,False,False,False,False,False,True,True,False,True,False,0.0282455187398153,0.0271591526344378,,,-0.0101683867463335,0.0310773130544993,0.0608365019011406,0.1048343291689299,0.0013155534294085,0.0912952309263938,1721.0,1812.0,0.5789473684210527,0.0027100853891983,-2.8931584080138257e-05,-6.909419648213266e-05
2019-10-09,1844.0,1879.0,1844.0,1877.0,2900.0,1877.0,1851.6,1853.7,1863.68,1787.0,1760.795,False,False,False,False,False,False,True,True,False,True,False,0.0042621204049014,0.0085242408098028,,,0.0070964304741608,0.0479488545551411,0.0383590836441129,0.0745871070857751,0.001798171982839,0.0960781140421858,1710.0,1837.0,2.636363636363636,0.0021248282967033,-0.000585257092495,0.0004826185534304
2019-10-10,1863.0,1877.0,1863.0,1877.0,200.0,1877.0,1858.8,1852.6,1868.96,1790.2133333333334,1761.115,False,False,False,False,False,False,True,True,False,False,False,0.0111880660628662,0.0138518913159296,,,0.0042834310069259,0.0462369028591724,0.0362280234416622,0.0921683537559936,0.0017949443641726,0.0986181582640613,1760.0,1818.0,0.0689655172413793,0.0028251005907028,0.0007002722939995,-3.227618666409946e-06
2019-10-11,1885.0,1885.0,1875.0,1875.0,500.0,1875.0,1865.4,1856.9,1874.4,1793.5466666666666,1761.355,False,False,False,False,False,False,True,True,False,False,True,0.008,0.0133333333333333,,,0.0003199999999999,0.0434417777777778,0.0293333333333333,0.0725333333333333,0.0018585149721965,0.0933814421885938,1711.0,1780.0,2.5,0.0029022620571916,7.716146648882767e-05,6.35706080239426e-05
2019-10-15,1878.0,1896.0,1878.0,1896.0,300.0,1896.0,1873.2,1862.9,1880.88,1796.96,1761.8,False,False,False,False,False,False,True,True,False,False,False,-0.0021097046413502,0.0021097046413502,,,0.0079746835443037,0.0522362869198312,0.0237341772151898,0.0648734177215189,0.0018995043480842,0.087927424982554,1737.0,1794.0,0.6,0.0034451958657649,0.0005429338085733,4.098937588764172e-05
2019-10-16,1898.0,1898.0,1892.0,1893.0,1800.0,1893.0,1883.6,1866.4,1886.6,1799.8,1762.285,False,False,False,False,False,False,True,True,False,True,False,-0.0010565240359218,0.0058108821975699,,,0.0033808769149498,0.0492340200739567,0.0332805071315372,0.0839936608557844,0.0015779531059006,0.0871195885126446,1737.0,1794.0,6.0,0.0030319092547438,-0.000413286611021,-0.0003215512421836
2019-10-17,1893.0,1899.0,1885.0,1885.0,700.0,1885.0,1885.2,1868.4,1885.48,1802.8133333333333,1762.725,False,False,False,False,False,False,False,True,False,True,False,0.0042440318302387,0.013262599469496,,,-0.0002546419098143,0.0436003536693192,0.0419098143236074,0.070026525198939,0.0016714616414344,0.0850995504174694,1714.0,1744.0,0.3888888888888889,-0.0005940131955787,-0.0036259224503226,9.350853553388196e-05
2019-10-18,1890.0,1898.0,1881.0,1898.0,800.0,1898.0,1889.4,1874.1,1885.52,1806.1733333333327,1763.47,False,False,False,False,False,False,True,True,False,False,False,0.0026343519494204,0.0115911485774499,,,0.0065753424657534,0.0483807516684229,0.0316122233930453,0.0800842992623814,0.0018602865727172,0.0843071340910303,1686.0,1741.0,1.1428571428571428,2.1214306928573347e-05,0.0006152275025073,0.0001888249312827
2019-10-21,1900.0,1905.0,1890.0,1890.0,1300.0,1890.0,1892.4,1878.9,1886.12,1809.253333333333,1764.31,False,False,False,False,False,False,True,True,False,False,False,0.0052910052910052,0.0243386243386243,,,0.0020529100529101,0.0427231040564375,0.0365079365079365,0.0883597883597883,0.0017023597211372,0.0831869711001117,1703.0,1761.0,1.625,0.000318113375607,0.0002968990686784,-0.0001579268515799
2019-10-23,1915.0,1915.0,1890.0,1892.0,1600.0,1892.0,1891.6,1882.4,1884.64,1811.7066666666667,1765.165,False,False,False,False,False,False,False,True,False,True,False,0.0042283298097251,0.0375264270613107,,,0.003890063424947,0.0424383368569414,0.0354122621564482,0.0983086680761099,0.0013541559339997,0.0829260518487037,1760.0,1793.0,1.2307692307692308,-0.0007852958655232,-0.0011034092411302,-0.0003482037871374
2019-10-24,1891.0,1899.0,1891.0,1891.0,2600.0,1891.0,1891.2,1887.4,1883.08,1812.9333333333327,1766.04,False,False,False,False,False,False,False,True,False,True,False,0.0068746694870438,0.034902168164992,,,0.004188260179799,0.0412832716375816,0.0396615547329455,0.0978318350079323,0.0006766198426122,0.0822825050333792,1765.0,1807.0,1.625,-0.0008284300189052,-4.313415338201164e-05,-0.0006775360913875
2019-10-25,1891.0,1900.0,1891.0,1893.0,2600.0,1893.0,1892.8,1889.0,1881.72,1814.253333333333,1766.905,False,False,False,False,False,False,False,True,False,False,False,0.0089804543053354,0.0306391970417327,,,0.005958795562599,0.0415988730410284,0.0591653460116217,0.0940306391970417,0.0007275720406558,0.0842244573848596,1740.0,1806.0,1.0,-0.0007227430223412,0.000105686996564,5.095219804358137e-05
2019-10-28,1886.0,1903.0,1886.0,1903.0,200.0,1903.0,1893.8,1891.6,1882.52,1814.8266666666664,1767.82,False,False,False,False,False,False,True,True,False,False,False,0.0089332632685233,0.024697845507094,,,0.0107619548081975,0.0463338588194081,0.0441408302679979,0.0856542301629006,0.00031591630422,0.0835800380630154,1700.0,1784.0,0.0769230769230769,0.0004249622845972,0.0011477053069384,-0.0004116557364357
2019-10-29,1887.0,1903.0,1879.0,1900.0,800.0,1900.0,1895.8,1894.1,1881.52,1815.28,1768.97,False,False,False,False,False,False,False,True,False,True,False,0.0189473684210526,0.0252631578947368,,,0.0097263157894736,0.0445894736842105,0.0526315789473684,0.0942105263157894,0.0002497319054545,0.0857399292539993,1700.0,1786.0,4.0,-0.0005314851821931,-0.0009564474667903,-6.618439876543007e-05
2019-10-30,1900.0,1904.0,1895.0,1900.0,1400.0,1900.0,1897.4,1894.5,1879.96,1816.0266666666664,1770.175,False,False,False,False,False,False,False,True,False,True,False,0.0331578947368421,0.031578947368421,,,0.0105473684210526,0.0441964912280703,0.0505263157894736,0.0936842105263157,0.000411154021233,0.0886249670097651,1730.0,1763.0,1.75,-0.0008298048894657,-0.0002983197072725,0.0001614221157784
2019-10-31,1892.0,1904.0,1892.0,1904.0,500.0,1904.0,1900.0,1895.6,1878.92,1817.253333333333,1771.665,False,False,False,False,False,False,False,True,False,False,False,0.0278361344537815,0.025735294117647,,,0.0131722689075629,0.0455602240896359,0.048844537815126,0.0656512605042016,0.0006750113724742,0.0867799113737075,1715.0,1763.0,0.3571428571428571,-0.0005535094628829,0.0002762954265827,0.0002638573512411
2019-11-01,1882.0,1910.0,1882.0,1910.0,600.0,1910.0,1903.4,1898.1,1877.76,1818.2266666666667,1773.33,False,False,False,False,False,False,False,True,False,True,False,0.0214659685863874,0.0204188481675392,,,0.0168795811518324,0.0480488656195462,0.037696335078534,0.0371727748691099,0.0005353201287702,0.0834518729255571,1778.0,1755.0,1.2,-0.00061775732788,-6.424786499715748e-05,-0.0001396912437039
2019-11-05,1921.0,1921.0,1900.0,1920.0,2300.0,1920.0,1906.8,1900.3,1879.04,1819.5866666666664,1775.43,False,False,False,False,False,False,True,True,False,False,False,0.015625,0.0130208333333333,,,0.0213333333333333,0.0522986111111112,0.028125,-0.0463541666666666,0.0007474224915546,0.0706730516234278,1745.0,1775.0,3.8333333333333335,0.0006811989100817,0.0012989562379618,0.0002121023627843
2019-11-06,1901.0,1939.0,1901.0,1936.0,4400.0,1936.0,1914.0,1904.9,1883.2,1821.6666666666667,1777.575,False,False,False,False,False,False,True,True,True,False,False,0.006198347107438,-0.003099173553719,,,0.0272727272727272,0.059056473829201,0.021694214876033,-0.1022727272727272,0.001141811527905,0.0513412777573625,1739.0,1774.0,1.9130434782608696,0.0022090059473237,0.001527807037242,0.0003943890363503
2019-11-07,1945.0,1970.0,1934.0,1963.0,13200.0,1963.0,1926.6,1912.0,1888.28,1823.92,1779.135,False,False,False,False,False,False,True,True,False,False,False,-0.0015282730514518,-0.0112073357106469,,,0.0380641874681609,0.0708507386653081,0.0015282730514518,-0.0840550178298522,0.001235434302674,0.0327928870292887,1734.0,1763.0,3.0,0.0026902789840489,0.0004812730367251,9.362277476903368e-05
2019-11-08,1967.0,1969.0,1957.0,1957.0,2000.0,1957.0,1937.2,1918.6,1892.24,1826.0933333333328,1780.72,False,False,False,False,False,False,True,True,False,True,False,-0.00204394481349,-0.0005109862033725,,,0.0330914665304036,0.0668915005961508,0.0061318344404701,-0.0751149718957588,0.001190154574063,0.0153757948504117,1750.0,1721.0,0.1515151515151515,0.0020927577897095,-0.0005975211943393,-4.527972861103507e-05
2019-11-11,1956.0,1965.0,1951.0,1951.0,1400.0,1951.0,1945.4,1924.4,1895.68,1828.8533333333328,1782.38,False,False,False,False,False,False,True,True,False,True,False,-0.0010251153254741,0.0066632496155817,,,0.028354689902614,0.0626072099777894,0.009226037929267,-0.0825217837006663,0.0015091423405558,-0.0022864269382665,1913.0,1710.0,0.7,0.0018146522619851,-0.0002781055277243,0.0003189877664927
2019-11-12,1951.0,1955.0,1950.0,1950.0,800.0,1950.0,1951.4,1929.1,1900.04,1831.64,1783.98,False,False,False,False,False,False,True,True,False,False,False,-0.0025641025641025,0.0041025641025641,,,0.0256205128205128,0.0606974358974358,0.0102564102564102,-0.0871794871794871,0.0015214052251901,-0.0195427919755325,1897.0,1760.0,0.5714285714285714,0.0022946885328729,0.0004800362708877,1.2262884634339388e-05
2019-11-13,1940.0,1954.0,1924.0,1948.0,5400.0,1948.0,1953.8,1933.9,1904.28,1834.1333333333328,1785.555,False,False,False,False,False,False,True,True,False,True,False,-0.0092402464065708,0.0056468172484599,,,0.0224435318275154,0.0584531143052704,0.0184804928131416,-0.0862422997946611,0.0013594068043034,-0.0374373028595067,1875.0,1711.0,6.75,0.00222656332052,-6.812521235284282e-05,-0.0001619984208867
2019-11-14,1950.0,1968.0,1948.0,1960.0,1700.0,1960.0,1953.2,1939.9,1908.4,1836.36,1787.39,False,False,False,False,False,False,True,True,False,True,False,-0.0096938775510204,-0.0005102040816326,,,0.0263265306122448,0.0630816326530612,0.0127551020408163,-0.1535714285714285,0.0012125436552019,-0.0620135058508171,1929.0,1737.0,0.3148148148148148,0.0021588765457975,-6.76867747225079e-05,-0.0001468631491014
2019-11-15,1935.0,1959.0,1935.0,1953.0,1300.0,1953.0,1952.4,1944.8,1912.88,1838.3066666666664,1789.17,False,False,False,False,False,False,True,True,False,False,False,0.0015360983102918,0.0066564260112647,,,0.020542754736303,0.0587267451783582,0.0204813108038914,-0.1228878648233487,0.0010589455513406,-0.0806252570958453,1930.0,1737.0,0.7647058823529411,0.0023420183179289,0.0001831417721314,-0.0001535981038613
2019-11-18,1953.0,1970.0,1944.0,1949.0,800.0,1949.0,1952.0,1948.7,1915.76,1840.213333333333,1790.94,False,False,False,False,False,False,True,True,False,True,False,0.0076962544894817,0.0287326834273986,,,0.0170548999486916,0.0558166581152728,0.0225756798358132,-0.1790661877886095,0.0010361117551588,-0.1020167291014522,1927.0,1714.0,0.6153846153846154,0.001503319831294,-0.0008386984866349,-2.2833796181761243e-05
2019-11-19,1940.0,1945.0,1939.0,1945.0,600.0,1945.0,1951.0,1951.2,1918.48,1842.36,1792.69,False,False,False,False,False,False,True,True,False,True,False,0.0066838046272493,0.0215938303341902,,,0.0136349614395886,0.0527712082262211,0.0205655526992287,-0.1845758354755784,0.0011651722066625,-0.1157236572365723,1883.0,1686.0,0.75,0.001417789083024,-8.553074826997127e-05,0.0001290604515036
2019-11-20,1945.0,1945.0,1926.0,1930.0,900.0,1930.0,1947.4,1950.6,1920.68,1844.28,1794.37,False,False,False,False,False,False,True,True,False,True,False,0.0150259067357512,0.0362694300518134,,,0.0048290155440414,0.0444145077720207,0.0310880829015544,-0.210880829015544,0.0010410566725226,-0.126473905464985,1925.0,1703.0,1.5,0.0011454276610367,-0.0002723614219873,-0.0001241155341398
2019-11-21,1949.0,1949.0,1926.0,1941.0,800.0,1941.0,1943.6,1948.4,1922.48,1846.6533333333327,1796.15,False,False,False,False,False,False,True,True,False,True,False,0.0092735703245749,0.0283359093250901,,,0.0095414734672848,0.0486072471234759,0.0252447192168985,-0.1859866048428645,0.0012852078354355,-0.1366762471771711,1939.0,1760.0,0.8888888888888888,0.0009362906246098,-0.0002091370364268,0.0002441511629129
2019-11-22,1964.0,1964.0,1940.0,1956.0,8100.0,1956.0,1944.2,1948.3,1925.0,1849.2266666666667,1797.96,False,False,False,False,False,False,True,True,False,False,False,0.0051124744376278,0.020961145194274,,,0.0158486707566462,0.054587593728698,0.0143149284253578,-0.2433537832310838,0.0013915726934503,-0.1535697787815018,1930.0,1765.0,10.125,0.0013090909090908,0.000372800284481,0.0001063648580147
2019-11-25,1956.0,1979.0,1945.0,1964.0,7100.0,1964.0,1947.2,1949.6,1928.16,1852.013333333333,1799.435,False,False,False,False,False,False,True,True,False,False,False,0.0208757637474541,0.0091649694501018,,,0.0182484725050916,0.0570196877121521,0.0056008146639511,-0.2235234215885947,0.0015046687928811,-0.1677267131719327,1939.0,1740.0,0.8765432098765432,0.0016388681437225,0.0003297772346316,0.0001130960994307
2019-11-26,1978.0,1980.0,1955.0,1958.0,1800.0,1958.0,1949.8,1950.4,1930.56,1854.4533333333327,1800.875,False,False,False,False,False,False,True,True,False,True,False,0.0148110316649642,0.0081716036772216,,,0.0140143003064351,0.0528838951310862,0.010214504596527,-0.2068437180796731,0.0013157516321072,-0.1797067268252666,1888.0,1700.0,0.2535211267605634,0.0012431626056687,-0.0003957055380538,-0.0001889171607738
2019-11-27,1961.0,1971.0,1959.0,1959.0,1900.0,1959.0,1955.6,1951.5,1933.32,1856.92,1802.325,False,False,False,False,False,False,True,True,False,False,False,0.0209290454313425,0.0096988259315977,,,0.0131087289433384,0.0521082184788156,0.010719754977029,-0.187850944359367,0.0013283645319491,-0.1898539584934665,1832.0,1700.0,1.0555555555555556,0.0014275960523865,0.0001844334467178,1.261289984185528e-05
2019-11-28,1958.0,1968.0,1950.0,1959.0,2100.0,1959.0,1959.2,1951.4,1936.0,1859.5333333333333,1803.67,False,False,False,False,False,False,True,True,False,True,False,0.0188871873404798,0.0035732516590096,,,0.0117406840224604,0.0507742045261187,0.0051046452271567,-0.153649821337417,0.0014053705230702,-0.1898636876088961,1836.0,1730.0,1.105263157894737,0.0013842975206611,-4.3298531725373575e-05,7.700599112114826e-05
2019-11-29,1969.0,1983.0,1950.0,1966.0,6600.0,1966.0,1961.2,1952.7,1939.0,1862.8,1804.93,False,False,False,False,False,False,True,True,False,False,False,0.0157680569684638,0.0015259409969481,,,0.013733468972533,0.0524923702950152,-0.017293997965412,-0.0966429298067141,0.001753632524515,-0.1871767296563732,1858.0,1715.0,3.142857142857143,0.001547189272821,0.0001628917521598,0.0003482620014448
2019-12-02,1979.0,2010.0,1955.0,2005.0,12600.0,2005.0,1969.4,1958.3,1943.48,1866.733333333333,1806.2,False,False,False,False,False,False,True,True,False,False,True,-0.0114713216957605,-0.0179551122194513,,,0.0306832917705735,0.0689609310058188,-0.0413965087281795,-0.1092269326683291,0.0021070676047283,-0.1800030638819384,1865.0,1778.0,1.9090909090909087,0.0023051433511021,0.0007579540782811,0.0003534350802132
2019-12-03,2005.0,2005.0,1981.0,1987.0,600.0,1987.0,1975.2,1962.5,1946.84,1869.76,1807.53,False,False,False,False,False,False,True,True,False,True,False,-0.0065425264217413,-0.0085556114745848,,,0.0202113739305486,0.0590035228988424,-0.0236537493709109,-0.1016607951685958,0.0016187460779281,-0.1716178343949044,1841.0,1745.0,0.0476190476190476,0.0017258737235725,-0.0005792696275296,-0.0004883215268001
2019-12-04,1986.0,2008.0,1975.0,2000.0,4200.0,2000.0,1983.4,1969.5,1950.84,1873.6133333333328,1808.935,False,False,False,False,False,False,True,True,False,False,False,-0.011,-0.008,,,0.02458,0.0631933333333336,-0.014,-0.1475,0.0020566321048096,-0.1653211474993652,1842.0,1739.0,7.0,0.002050398802567,0.0003245250789945,0.0004378860268815
2019-12-05,2000.0,2002.0,1990.0,1996.0,1600.0,1996.0,1990.8,1975.0,1954.68,1877.0666666666664,1810.345,False,False,False,False,False,False,True,True,False,True,False,-0.0150300601202404,-0.0055110220440881,,,0.0207014028056111,0.0595858383433535,-0.0085170340681362,-0.12625250501002,0.0018397499644837,-0.1593417721518987,1857.0,1734.0,0.3809523809523809,0.0019645159309964,-8.588287157064705e-05,-0.0002168821403259
2019-12-06,1996.0,2006.0,1992.0,1997.0,3300.0,1997.0,1997.0,1979.1,1958.4,1880.5333333333333,1811.725,False,False,False,False,False,False,True,True,False,True,False,-0.0140210315473209,-0.0020030045067601,,,0.0193289934902353,0.0583208145551661,-0.0060090135202804,-0.1301952929394091,0.0018434486670449,-0.1480976201303622,1841.0,1750.0,2.0625,0.0018995098039215,-6.500612707486977e-05,3.698702561211577e-06
2019-12-09,2010.0,2020.0,1980.0,1982.0,7600.0,1982.0,1992.4,1980.9,1961.28,1884.1066666666663,1812.98,False,False,False,False,False,False,True,True,False,True,False,-0.0065590312815338,0.0055499495459132,,,0.0104540867810292,0.0493911873528424,0.007063572149344,-0.1099899091826438,0.0018965663656691,-0.1368065020950073,1877.0,1913.0,2.303030303030303,0.001468428781204,-0.0004310810227175,5.311769862421543e-05
2019-12-10,1982.0,1982.0,1950.0,1974.0,1700.0,1974.0,1989.8,1982.5,1963.44,1887.9466666666667,1814.185,False,False,False,False,False,False,True,True,False,True,False,-0.0020263424518743,0.0055724417426545,,,0.0053495440729483,0.0435933806146571,0.0207700101317122,-0.1347517730496454,0.0020339557614623,-0.1296847414880201,1877.0,1897.0,0.2236842105263158,0.0011001100110011,-0.0003683187702029,0.0001373893957932
2019-12-11,1971.0,1982.0,1970.0,1978.0,1700.0,1978.0,1985.4,1984.4,1965.12,1891.6133333333328,1815.295,False,False,False,False,False,False,True,True,False,True,False,0.0030333670374115,0.006066734074823,,,0.0065116279069767,0.0436737445230875,0.0419615773508594,-0.1253791708796764,0.0019383806415684,-0.1235134045555332,1875.0,1875.0,1.0,0.0008549096238396,-0.0002452003871614,-9.55751198939566e-05
2019-12-12,1970.0,1970.0,1966.0,1966.0,1200.0,1966.0,1979.4,1985.1,1965.24,1894.36,1816.605,False,False,False,False,False,False,True,True,False,True,False,0.0096642929806714,0.0122075279755849,,,0.0003865717192268,0.0364394710071211,0.0452695829094608,-0.1220752797558494,0.0014499180022103,-0.1203969573321243,1896.0,1929.0,0.7058823529411765,6.10612444282216e-05,-0.0007938483794114,-0.0004884626393581
2019-12-13,1966.0,1983.0,1966.0,1969.0,700.0,1969.0,1973.8,1985.4,1965.72,1897.08,1818.035,False,False,False,False,False,False,True,True,False,False,False,0.0121889283900457,0.0076180802437785,,,0.0016658202133062,0.036526155408837,0.0304723209751142,-0.1234128999492128,0.001433782444599,-0.123048252241362,1893.0,1930.0,0.5833333333333334,0.0002441853366705,0.0001831240922423,-1.6135557611228262e-05
2019-12-16,1998.0,1998.0,1965.0,1969.0,2200.0,1969.0,1971.2,1981.8,1966.44,1900.1333333333328,1819.315,False,False,False,False,False,False,True,True,False,False,False,0.0121889283900457,0.0030472320975114,,,0.0013001523616048,0.0349754528525478,0.0325038090401218,-0.1264601320467242,0.001606904778612,-0.1247855484912705,1885.0,1927.0,3.142857142857143,0.0003661438945505,0.00012195855788,0.0001731223340129
2019-12-17,1970.0,1999.0,1964.0,1970.0,7000.0,1970.0,1970.4,1980.1,1967.24,1903.733333333333,1820.585,False,False,False,False,False,False,True,True,False,False,False,0.0076142131979695,0.0040609137055837,,,0.0014010152284263,0.0336379018612522,0.0167512690355329,-0.1218274111675127,0.0018910211514217,-0.1268117771829705,1898.0,1883.0,3.1818181818181817,0.0004066611089648,4.051721441424884e-05,0.0002841163728097
2019-12-18,1961.0,1984.0,1960.0,1984.0,1100.0,1984.0,1971.6,1978.5,1968.68,1907.52,1821.93,False,False,False,False,False,False,True,True,False,False,False,0.003024193548387,-0.002016129032258,,,0.0077217741935483,0.0385483870967742,0.0211693548387096,-0.1290322580645161,0.0019851255382207,-0.1249431387414708,1890.0,1925.0,0.1571428571428571,0.0007314545787025,0.0003247934697376,9.410438679903812e-05
2019-12-19,1984.0,1985.0,1980.0,1985.0,1500.0,1985.0,1975.4,1977.4,1969.68,1910.92,1823.3,False,False,False,False,False,False,True,True,False,True,False,0.0025188916876574,-0.0080604534005037,,,0.0077178841309823,0.0373198992443324,0.0302267002518891,-0.1284634760705289,0.0017792476922111,-0.1251643572367755,1892.0,1939.0,1.3636363636363635,0.0005076966816944,-0.000223757897008,-0.0002058778460096
2019-12-20,2000.0,2000.0,1981.0,1993.0,8000.0,1993.0,1980.2,1977.0,1971.28,1914.6266666666668,1824.48,False,False,False,False,False,False,True,True,False,False,False,-0.0045158053186151,-0.0306071249372804,,,0.0108981435022579,0.039324301722696,0.0205720020070245,-0.1284495735072754,0.0019359735927631,-0.1249873545776428,1891.0,1930.0,5.333333333333333,0.0008116553711293,0.0003039586894348,0.0001567259005519
2019-12-23,1993.0,1995.0,1992.0,1993.0,1200.0,1993.0,1985.0,1978.1,1973.04,1917.493333333333,1825.715,False,False,False,False,False,False,True,True,False,False,False,-0.0090316106372303,-0.0356246864024084,,,0.0100150526843954,0.0378859341026928,0.012042147516307,-0.1440040140491721,0.0014950073707338,-0.1284060462059552,1893.0,1939.0,0.15,0.0008920244901269,8.036911899753378e-05,-0.0004409662220292
2019-12-24,1993.0,1993.0,1977.0,1985.0,1500.0,1985.0,1988.0,1979.2,1974.64,1920.6933333333327,1826.78,False,False,False,False,False,False,True,True,False,True,False,-0.0035264483627204,-0.0226700251889168,,,0.0052191435768261,0.0323963056255248,0.0327455919395466,-0.1591939546599496,0.0016660650320717,-0.130860953920776,1903.0,1888.0,1.25,0.0008102742778431,-8.175021228378724e-05,0.0001710576613379
2019-12-25,1996.0,1996.0,1982.0,1990.0,6800.0,1990.0,1989.2,1980.4,1977.04,1924.04,1827.89,False,False,False,False,False,False,True,True,False,False,False,-0.0050251256281407,-0.0090452261306532,,,0.0065125628140703,0.0331457286432161,0.0105527638190954,-0.1487437185929648,0.0017393955773615,-0.1332054130478692,1900.0,1832.0,4.533333333333333,0.0012139359851089,0.0004036617072658,7.333054528982082e-05
2019-12-26,1989.0,1999.0,1982.0,1990.0,3900.0,1990.0,1990.2,1982.8,1979.0,1927.4533333333327,1828.9,False,False,False,False,False,False,True,True,False,True,False,-0.0105527638190954,-0.0055276381909547,,,0.0055276381909547,0.0314304857621441,0.014572864321608,-0.1457286432160804,0.001770903229823,-0.1355658664514827,1900.0,1836.0,0.5735294117647058,0.0009903991915108,-0.0002235367935981,3.150765246144366e-05
2019-12-27,1990.0,1995.0,1980.0,1984.0,1900.0,1984.0,1988.4,1984.3,1980.12,1930.5733333333333,1829.655,False,False,False,False,False,False,True,True,False,True,False,-0.0262096774193548,0.0005040322580645,,,0.0019556451612903,0.0269287634408602,0.034274193548387,-0.1320564516129032,0.0016161002258397,-0.1364209040971627,1904.0,1858.0,0.4871794871794871,0.0005656222855179,-0.0004247769059928,-0.0001548030039833
2019-12-30,1984.0,1987.0,1973.0,1975.0,2700.0,1975.0,1984.8,1984.9,1980.56,1931.4,1830.31,False,False,False,False,False,False,True,True,False,True,False,-0.0268354430379746,0.010632911392405,,,-0.0028151898734176,0.0220759493670885,0.0212658227848101,-0.1139240506329113,0.0004280142211177,-0.1351705375585672,1910.0,1865.0,1.4210526315789471,0.0002221593892636,-0.0003434628962543,-0.0011880860047219
2020-01-06,1974.0,1978.0,1962.0,1978.0,2700.0,1978.0,1983.4,1985.7,1981.36,1932.48,1830.945,False,False,False,False,False,False,True,True,False,False,False,-0.019211324570273,0.018705763397371,,,-0.0016986855409504,0.0230131445904954,0.0364004044489383,-0.115267947421638,0.000558867362146,-0.1345117590774035,1920.0,1841.0,1.0,0.0004037630718294,0.0001816036825657,0.0001308531410282
2020-01-07,1980.0,1999.0,1980.0,1980.0,3700.0,1980.0,1981.4,1985.3,1982.2,1933.88,1831.76,False,False,False,False,False,False,True,True,False,False,False,-0.004040404040404,0.0409090909090909,,,-0.0011111111111111,0.0232929292929292,0.0388888888888888,-0.1181818181818181,0.0007239332326721,-0.1334307157608421,1936.0,1842.0,1.3703703703703705,0.0004237715669458,2.000849511646363e-05,0.0001650658705261
2020-01-08,1977.0,1998.0,1958.0,1969.0,2800.0,1969.0,1977.2,1983.7,1982.6,1934.4133333333327,1832.645,False,False,False,False,False,False,True,True,False,True,False,0.005078720162519,0.0436769933976637,,,-0.0069070594210258,0.0175656001354326,0.0553580497714575,-0.0985271711528694,0.0002757080527428,-0.1304632756969299,1963.0,1857.0,0.7567567567567568,0.0002017552708563,-0.0002220162960895,-0.0004482251799293
2020-01-09,1929.0,1940.0,1922.0,1932.0,11200.0,1932.0,1966.8,1977.6,1981.24,1934.44,1833.35,False,False,False,False,False,False,False,True,False,True,False,0.0274327122153209,0.0502070393374741,,,-0.0254865424430641,-0.0012629399585921,0.0745341614906832,-0.0874741200828157,1.3785212602546365e-05,-0.12646642394822,1957.0,1841.0,4.0,-0.0006864387959055,-0.0008881940667619,-0.0002619228401402
2020-01-10,1935.0,1943.0,1921.0,1922.0,4300.0,1922.0,1956.2,1970.5,1977.92,1934.3733333333328,1833.96,False,False,False,False,False,False,False,False,False,True,False,0.0385015608740894,0.0577523413111342,,,-0.0290946930280957,-0.0064377384668744,0.0775234131113423,-0.0978147762747138,-3.446421924789846e-05,-0.1218979954326313,1951.0,1877.0,0.3839285714285714,-0.0016785309820417,-0.0009920921861361,-4.824943185044483e-05
2020-01-14,1932.0,1960.0,1930.0,1940.0,6700.0,1940.0,1948.6,1966.0,1976.04,1935.1333333333328,1834.885,False,False,False,False,False,False,False,True,False,False,False,0.0386597938144329,0.0324742268041237,,,-0.0185773195876288,0.0025085910652921,0.0649484536082474,-0.0912371134020618,0.0003927377958454,-0.1151068158697863,1950.0,1877.0,1.558139534883721,-0.0009513977449849,0.0007271332370567,0.0004272020150933
2020-01-15,1952.0,1975.0,1952.0,1972.0,3700.0,1972.0,1947.0,1964.2,1974.92,1935.76,1835.835,False,False,False,False,False,False,False,True,False,False,False,0.0451318458417849,0.0273833671399594,,,-0.0014807302231237,0.0183772819472616,0.0542596348884381,-0.120182555780933,0.0003237315920707,-0.1122085327359739,1948.0,1875.0,0.5522388059701493,-0.0005671115792031,0.0003842861657818,-6.900620377477753e-05
2020-01-16,1965.0,1979.0,1965.0,1979.0,1000.0,1979.0,1949.0,1963.1,1974.24,1936.2933333333333,1837.055,False,False,False,False,True,False,False,True,False,False,False,0.0384032339565437,0.0333501768569984,,,0.0024052551793835,0.0215799225197911,0.0500252652854977,-0.1192521475492673,0.0002754403602759,-0.1095206561051398,1960.0,1896.0,0.2702702702702703,-0.00034443634006,0.0002226752391431,-4.829123179472469e-05
2020-01-17,1982.0,1985.0,1976.0,1985.0,1100.0,1985.0,1959.6,1963.2,1973.76,1937.0266666666664,1838.22,False,False,False,False,False,False,False,True,False,False,False,0.0221662468513853,0.0246851385390428,,,0.0056624685138539,0.0241679261125106,0.0221662468513853,-0.1279596977329974,0.0003785871128945,-0.1091075794621027,1953.0,1893.0,1.1,-0.0002431906614786,0.0001012456785813,0.0001031467526185
2020-01-20,1987.0,1996.0,1979.0,1996.0,2700.0,1996.0,1974.4,1965.3,1974.32,1937.7866666666664,1839.295,False,False,False,False,False,False,True,True,False,False,False,0.0185370741482965,0.0105210420841683,,,0.0108617234468938,0.0291649966599867,-0.0075150300601202,-0.1788577154308617,0.0003922000357796,-0.1157075255686154,1949.0,1885.0,2.4545454545454546,0.0002836419628023,0.0005268326242809,1.3612922885080185e-05
2020-01-21,2000.0,2056.0,2000.0,2015.0,5500.0,2015.0,1989.4,1969.0,1975.96,1939.48,1840.495,False,False,False,False,False,False,True,True,False,False,False,-0.005955334987593,0.0173697270471464,,,0.0193746898263027,0.0374789081885856,-0.0913151364764268,-0.1657568238213399,0.0008730862567974,-0.1208735398679532,1945.0,1898.0,2.037037037037037,0.00082997631531,0.0005463343525077,0.0004808862210178
2020-01-22,2000.0,2061.0,1998.0,2061.0,6800.0,2061.0,2007.2,1977.1,1979.28,1942.5333333333333,1841.965,False,False,False,False,False,False,True,True,True,False,False,-0.0169820475497331,-0.0242600679281901,,,0.039650655021834,0.0574801876111919,-0.1567200388161087,-0.1669092673459485,0.0015718305992174,-0.1259420363158161,1930.0,1890.0,1.2363636363636363,0.0016773776322702,0.0008474013169602,0.0006987443424199
2020-01-23,2059.0,2060.0,2050.0,2055.0,4300.0,2055.0,2022.4,1985.7,1982.84,1945.4533333333327,1843.405,False,False,False,False,False,False,True,True,False,False,False,-0.0048661800486618,-0.0175182481751824,,,0.0351143552311435,0.0533073803730738,-0.1250608272506082,-0.1610705596107056,0.0015009355146014,-0.1322959157979554,1941.0,1892.0,0.6323529411764706,0.001795404571221,0.0001180269389507,-7.089508461600438e-05
2020-01-24,2055.0,2055.0,1995.0,2029.0,2300.0,2029.0,2031.2,1995.4,1985.24,1947.733333333333,1844.55,False,False,False,False,False,False,True,True,False,True,False,0.0024642681123706,0.0113356333169048,,,0.0215672745194677,0.040052571053064,-0.1079349433218334,-0.1404632824051256,0.001170591456736,-0.137466172196051,1956.0,1891.0,0.5348837209302325,0.0012089218432028,-0.0005864827280181,-0.0003303440578654
2020-01-27,2038.0,2038.0,1988.0,2033.0,3100.0,2033.0,2038.6,2006.5,1987.8,1949.973333333333,1845.5,False,False,False,False,False,False,True,True,False,False,False,-0.0078701426463354,-0.0078701426463354,,,0.0222331529758977,0.0408394818822758,-0.1195277914412198,-0.1293654697491392,0.0011487336578961,-0.1404435584350859,1964.0,1893.0,1.3478260869565215,0.0012878559211187,7.893407791591473e-05,-2.185779883983989e-05
2020-01-28,2006.0,2006.0,1981.0,2003.0,1100.0,2003.0,2036.2,2012.8,1989.12,1952.1333333333328,1846.08,False,False,False,False,False,False,True,True,False,True,False,0.0234648027958062,0.0234648027958062,,,0.0069296055916126,0.0253952404726244,-0.1113330004992511,-0.1163255117324014,0.0011064817976914,-0.1427861685214626,1958.0,1903.0,0.3548387096774194,0.00066361003861,-0.0006242458825087,-4.22518602047246e-05
2020-01-29,2025.0,2026.0,2009.0,2026.0,2000.0,2026.0,2029.2,2018.2,1990.8,1954.5866666666664,1846.665,False,False,False,False,False,False,True,True,False,False,False,-0.0074037512339585,0.0153010858835143,,,0.0173741362290227,0.0352484369858507,-0.12142152023692,-0.0873642645607107,0.0012551673329057,-0.139431176295709,1959.0,1900.0,1.818181818181818,0.0008438818565401,0.0001802718179301,0.0001486855352142
2020-01-30,2036.0,2045.0,2029.0,2045.0,8400.0,2045.0,2027.2,2024.8,1993.2,1957.0933333333328,1847.35,False,False,False,False,False,False,True,True,False,False,False,-0.0127139364303178,0.0161369193154034,,,0.0253300733496332,0.0429861450692749,-0.1887530562347188,-0.1369193154034229,0.0012808109986236,-0.141149743184512,1959.0,1900.0,4.2,0.0012040939193257,0.0003602120627856,2.564366571793618e-05
2020-01-31,2012.0,2034.0,2002.0,2034.0,1100.0,2034.0,2028.2,2029.7,1994.84,1959.6666666666667,1848.005,False,False,False,False,False,False,True,True,False,True,False,0.0088495575221238,0.0206489675516224,,,0.0192527040314651,0.0365453949524745,-0.1578171091445427,-0.1307767944936086,0.0013131484946422,-0.1414002069271321,1966.0,1904.0,0.1309523809523809,0.0008221210723666,-0.0003819728469591,3.233749601856944e-05
2020-02-03,1992.0,2020.0,1992.0,2017.0,500.0,2017.0,2025.0,2031.8,1995.8,1961.5333333333333,1848.785,False,False,False,False,False,False,True,True,False,True,False,0.0,0.0267724343083787,,,0.0105106593951413,0.0274995868451495,-0.2067426871591472,-0.1224590976698066,0.0009516364748665,-0.1358401417462348,2005.0,1910.0,0.4545454545454545,0.0004810101212546,-0.0003411109511119,-0.0003615120197757
2020-02-04,2010.0,2050.0,1987.0,2050.0,700.0,2050.0,2034.4,2035.3,1998.4,1963.84,1849.72,False,False,False,False,False,False,True,True,True,False,False,0.0,0.0078048780487804,,,0.025170731707317,0.0420292682926829,-0.2263414634146341,-0.1414634146341463,0.0011745695508119,-0.1334447010268756,1987.0,1920.0,1.4,0.0013010408326662,0.0008200307114115,0.0002229330759454
2020-02-05,2000.0,2011.0,1980.0,2011.0,3400.0,2011.0,2031.4,2030.3,1999.24,1965.6533333333327,1850.38,False,False,False,False,False,False,True,True,False,True,False,0.0228741919443063,0.0338140228741919,,,0.0058478368970661,0.0225493121166916,-0.2426653406265539,-0.1128791645947289,0.0009225092250922,-0.1280106388218489,2000.0,1936.0,4.857142857142857,0.000420159660671,-0.0008808811719951,-0.0002520603257197
2020-02-06,2021.0,2021.0,2001.0,2019.0,4900.0,2019.0,2026.2,2026.7,2000.4,1967.2933333333333,1850.97,False,False,False,False,False,False,True,True,False,False,False,0.0292223873204556,0.0292223873204556,,,0.0092124814264486,0.0256100379725937,-0.217434373452204,-0.1258048538880634,0.0008336326729788,-0.1244387427838358,1996.0,1963.0,1.4411764705882353,0.0005798840231954,0.0001597243625243,-8.887655211339124e-05
2020-02-07,2018.0,2052.0,1999.0,2052.0,7300.0,2052.0,2029.8,2029.0,2003.12,1969.4133333333327,1851.795,False,False,False,False,False,False,True,True,True,False,False,0.0116959064327485,-0.0112085769980506,,,0.0238206627680312,0.0402469135802469,-0.2787524366471735,-0.131578947368421,0.0010764627029368,-0.1235584031542632,1997.0,1957.0,1.489795918367347,0.0013578817045408,0.0007779976813454,0.000242830029958
2020-02-10,2049.0,2049.0,2017.0,2017.0,1800.0,2017.0,2029.8,2027.4,2004.8,1971.1733333333327,1852.565,False,False,False,False,False,False,True,True,False,True,False,0.0267724343083787,-0.0178482895389191,,,0.0060485870104115,0.0227202115352835,-0.2439266236985622,-0.0976698066435299,0.0008928692217156,-0.1204005129722798,1982.0,1951.0,0.2465753424657534,0.0008379888268156,-0.0005198928777251,-0.0001835934812212
2020-02-12,2049.0,2050.0,2037.0,2050.0,6400.0,2050.0,2029.8,2032.1,2007.68,1973.2,1853.5,False,False,False,False,False,False,True,True,True,False,True,0.0078048780487804,-0.1068292682926829,,,0.0206439024390243,0.0374634146341463,-0.2424390243902439,-0.1097560975609756,0.0010270964254342,-0.1197283598248117,1974.0,1950.0,3.555555555555556,0.0014344915524386,0.000596502725623,0.0001342272037185
2020-02-13,2049.0,2058.0,2037.0,2057.0,5800.0,2057.0,2039.0,2035.2,2010.76,1975.4266666666667,1854.56,False,False,False,False,False,False,True,True,False,False,False,0.0106951871657754,-0.1550802139037433,,,0.0224793388429752,0.039656457624372,-0.2265435099659698,-0.1011181332036947,0.0011271826508366,-0.1210691823899371,1978.0,1948.0,0.90625,0.001531759135849,9.726758341040556e-05,0.0001000862254023
2020-02-14,2057.0,2080.0,2057.0,2078.0,2300.0,2078.0,2050.8,2038.5,2015.12,1977.9066666666668,1855.625,False,False,False,False,False,False,True,True,False,False,False,0.0,-0.1347449470644851,,,0.0302598652550529,0.048168110362528,-0.2021174205967276,-0.1049085659287776,0.0012538508726397,-0.117831739023792,1966.0,1960.0,0.396551724137931,0.0021636428599785,0.0006318837241294,0.0001266682218031
2020-02-17,2075.0,2076.0,2041.0,2076.0,3700.0,2076.0,2055.6,2042.7,2020.88,1980.3733333333328,1856.61,False,False,False,False,False,False,True,True,False,False,False,-0.0226396917148362,-0.128131021194605,,,0.0265510597302504,0.0460629415542713,-0.1445086705202312,-0.100674373795761,0.0012455563934069,-0.1147990404856317,1969.0,1953.0,1.608695652173913,0.0028502434582955,0.0006866005983169,-8.294479232794777e-06
2020-02-18,2075.0,2075.0,2050.0,2071.0,3200.0,2071.0,2066.4,2048.1,2026.84,1982.746666666667,1857.64,False,False,False,False,False,False,True,True,False,False,False,-0.0434572670207629,-0.1356832448092708,,,0.021323032351521,0.0426138741348783,-0.1376146788990825,-0.0941574118783196,0.0011969927238985,-0.1119574239539084,1969.0,1949.0,0.8648648648648649,0.0029405379803042,9.02945220087178e-05,-4.856366950841133e-05
2020-02-19,2069.0,2069.0,2063.0,2066.0,1600.0,2066.0,2069.6,2049.7,2031.88,1984.92,1858.645,False,False,False,False,False,False,True,True,False,True,False,-0.1137463697967086,-0.1384317521781219,,,0.016515004840271,0.039244917715392,-0.1360116166505324,-0.0890609874152952,0.0010949223814225,-0.1066985412499389,1970.0,1945.0,0.5,0.0024804614445735,-0.0004600765357306,-0.000102070342476
2020-02-20,2068.0,2079.0,2068.0,2079.0,2700.0,2079.0,2074.0,2056.5,2036.16,1987.3066666666664,1859.655,False,False,False,False,False,False,True,True,False,True,True,-0.164021164021164,-0.1438191438191438,,,0.0206060606060605,0.0441045374378709,-0.1798941798941798,-0.074074074074074,0.0012009553969189,-0.1027960126428398,1984.0,1930.0,1.6875,0.002101995913877,-0.0003784655306965,0.0001060330154964
2020-02-21,2076.0,2078.0,2065.0,2078.0,2000.0,2078.0,2074.0,2062.4,2040.12,1989.68,1860.615,False,False,False,False,False,False,True,True,False,True,False,-0.1347449470644851,-0.2016361886429259,,,0.0182290664100096,0.0425024061597689,-0.1607314725697786,-0.0818094321462945,0.0011928216262583,-0.0984290147401086,1985.0,1941.0,0.7407407407407407,0.0019410622904534,-0.0001609336234236,-8.133770660605655e-06
2020-02-25,2071.0,2071.0,1905.0,2029.0,5500.0,2029.0,2064.6,2060.1,2041.88,1991.3466666666664,1861.485,False,False,False,False,False,False,True,True,False,True,False,-0.1079349433218334,-0.1557417447018235,,,-0.0063479546574667,0.0185575817315592,-0.1439132577624445,-0.0596352883193691,0.0008369545567151,-0.0913062472695499,1993.0,1956.0,2.75,0.0008619507512685,-0.0010791115391848,-0.0003558670695431
2020-02-26,1993.0,1998.0,1981.0,1981.0,600.0,1981.0,2046.6,2056.5,2041.28,1992.2933333333333,1862.13,False,False,False,False,False,False,False,True,False,True,False,-0.0964159515396264,-0.1923271075214538,,,-0.0304290762241292,-0.005700824499411,-0.1095406360424028,-0.0403836446239273,0.0004751642997685,-0.0857768052516411,1993.0,1964.0,0.109090909090909,-0.0002939332183728,-0.0011558839696413,-0.0003617902569466
2020-02-27,1982.0,1982.0,1831.0,1831.0,7200.0,1831.0,1999.6,2034.6,2033.92,1991.1066666666663,1862.12,False,False,False,False,False,False,False,False,False,True,False,-0.0278536318951392,-0.133806663025669,,,-0.1108246859639541,-0.0874421991625703,-0.0671764063353358,0.0475150191152375,-0.0005959834731775,-0.0713653789442641,1985.0,1958.0,12.0,-0.0036186280679672,-0.0033246948495943,-0.0010711477729461
2020-02-28,1791.0,1791.0,1738.0,1738.0,4500.0,1738.0,1931.4,2002.7,2021.0,1988.4666666666667,1861.56,False,False,False,False,False,False,False,False,False,True,False,0.0241657077100115,-0.1237054085155351,,,-0.1628308400460299,-0.1441120061373226,-0.004602991944764,0.0937859608745684,-0.0013276561504675,-0.053977130873321,1990.0,1959.0,0.625,-0.0063928748144483,-0.0027742467464811,-0.0007316726772899
2020-03-02,1738.0,1798.0,1678.0,1798.0,13100.0,1798.0,1875.4,1974.7,2010.72,1986.2666666666669,1861.3,False,False,False,False,False,False,False,False,False,False,False,-0.0773081201334816,-0.1212458286985539,,,-0.1183092324805339,-0.1047089358546534,-0.0400444938820912,0.0639599555061179,-0.0011076055581659,-0.0378791715197244,1990.0,1959.0,2.911111111111111,-0.0051125964828519,0.0012802783315964,0.0002200505923015
2020-03-03,1798.0,1850.0,1798.0,1810.0,2600.0,1810.0,1831.6,1948.1,2001.96,1984.3066666666664,1861.195,False,False,False,False,False,False,False,False,False,False,False,-0.0535911602209944,-0.1823204419889502,,,-0.1060552486187845,-0.0963020257826886,-0.0464088397790055,0.0348066298342541,-0.0009877505493105,-0.0244340639597556,1984.0,1966.0,0.1984732824427481,-0.0043757118024336,0.0007368846804182,0.0001198550088554
2020-03-04,1770.0,1806.0,1770.0,1790.0,800.0,1790.0,1793.4,1920.0,1992.24,1982.16,1860.99,False,False,False,False,False,False,False,False,False,True,False,-0.106145251396648,-0.1480446927374301,,,-0.1129832402234636,-0.1073519553072626,-0.0391061452513966,0.0536312849162011,-0.0010829936365713,-0.0096354166666666,1975.0,2005.0,0.3076923076923077,-0.0048789302493675,-0.0005032184469339,-9.524308726086745e-05
2020-03-05,1807.0,1808.0,1780.0,1780.0,500.0,1780.0,1783.2,1891.4,1983.32,1979.8933333333327,1860.745,False,False,False,False,False,False,False,False,False,False,False,-0.1089887640449438,-0.1275280898876404,,,-0.1142247191011235,-0.1122996254681647,-0.0280898876404494,0.0511235955056179,-0.0011448428198153,0.0047583800359522,1978.0,1987.0,0.625,-0.0044975092269528,0.0003814210224147,-6.18491832439466e-05
2020-03-06,1770.0,1786.0,1750.0,1780.0,2600.0,1780.0,1791.6,1861.5,1973.48,1977.6533333333327,1860.595,False,False,True,False,False,False,False,False,False,True,False,-0.1443820224719101,-0.1061797752808988,,,-0.1086966292134831,-0.1110411985018725,-0.0292134831460674,0.0410112359550561,-0.0011326555378765,0.0170292774644104,1980.0,2000.0,5.2,-0.0049861158967914,-0.0004886066698385,1.2187281938771033e-05
2020-03-09,1740.0,1776.0,1610.0,1659.0,5700.0,1659.0,1763.8,1819.6,1958.04,1973.64,1859.73,False,False,False,False,False,False,False,False,False,True,False,-0.0476190476190476,-0.0006027727546714,,,-0.180253164556962,-0.1896564195298373,0.0427968655816757,0.1181434599156118,-0.0020334677719001,0.0375357221367334,1969.0,1996.0,2.1923076923076925,-0.007885436456865,-0.0028993205600736,-0.0009008122340236
2020-03-10,1600.0,1713.0,1570.0,1713.0,12500.0,1713.0,1744.4,1788.0,1945.2,1970.44,1859.425,False,False,False,False,False,False,False,False,False,False,False,-0.1360186806771745,0.0367775831873905,,,-0.1355516637478108,-0.1502860478692353,0.0140105078809106,0.0566258026853473,-0.0016240027608047,0.0503914988814317,1932.0,1997.0,2.192982456140351,-0.0066008636644046,0.0012845727924604,0.0004094650110954
2020-03-11,1704.0,1752.0,1600.0,1600.0,1200.0,1600.0,1706.4,1749.9,1928.52,1965.7866666666664,1858.65,False,False,False,False,False,False,False,False,False,True,False,-0.046875,0.11625,,,-0.2053249999999999,-0.2286166666666665,0.06625,0.125,-0.0023671608991143,0.0674895708326189,1922.0,1982.0,0.096,-0.0086491195320764,-0.0020482558676717,-0.0007431581383096
2020-03-12,1592.0,1617.0,1550.0,1586.0,4600.0,1586.0,1667.6,1725.4,1909.96,1961.0,1857.81,False,False,False,False,False,False,False,False,False,True,False,-0.0208070617906683,0.1254728877679697,,,-0.2042622950819672,-0.2364438839848676,0.0523329129886506,0.1607818411097099,-0.0024409314975351,0.0781847687492754,1940.0,1974.0,3.8333333333333335,-0.0097174809943663,-0.0010683614622899,-7.37705984207972e-05
2020-03-13,1406.0,1530.0,1405.0,1523.0,5100.0,1523.0,1616.2,1703.9,1890.44,1955.5733333333333,1856.62,False,False,False,False,False,False,False,False,False,True,False,0.0446487196323046,0.1195009848982271,,,-0.2412606697307945,-0.2840271394178156,0.1122783978988837,0.1516743269862114,-0.0027749747729566,0.0831621574036033,1972.0,1978.0,1.108695652173913,-0.0103256384756987,-0.0006081574813324,-0.0003340432754215
2020-03-16,1550.0,1599.0,1550.0,1580.0,1400.0,1580.0,1600.4,1682.1,1872.88,1950.76,1855.715,False,False,False,False,False,False,False,False,False,False,False,0.0493670886075949,0.1037974683544303,,,-0.185367088607595,-0.2346582278481012,0.0759493670886076,0.1379746835443038,-0.0024674144094267,0.0903632364306521,1979.0,1966.0,0.2745098039215686,-0.0093759343898167,0.000949704085882,0.0003075603635299
2020-03-17,1430.0,1480.0,1430.0,1480.0,700.0,1480.0,1553.8,1649.1,1850.0,1944.4133333333327,1854.495,False,False,False,False,False,False,False,False,False,True,False,0.2,0.1736486486486486,,,-0.25,-0.3137927927927927,0.1635135135135135,0.1851351351351351,-0.0032640522248356,0.1049663452792433,1985.0,1969.0,0.5,-0.0123675675675676,-0.0029916331777509,-0.0007966378154089
2020-03-18,1485.0,1525.0,1485.0,1525.0,700.0,1525.0,1538.8,1622.6,1830.32,1938.56,1853.675,False,False,False,False,False,False,False,False,False,False,False,0.1711475409836065,0.1567213114754098,,,-0.2002098360655737,-0.2711868852459016,0.1475409836065573,0.120655737704918,-0.0030194233520413,0.1121040305682239,1996.0,1969.0,1.0,-0.0107522181913545,0.001615349376213,0.0002446288727943
2020-03-19,1550.0,1553.0,1525.0,1553.0,4100.0,1553.0,1532.2,1599.9,1810.44,1933.16,1853.015,False,False,False,False,False,False,False,False,False,True,False,0.1493882807469414,0.0998068254990341,,,-0.1657694784288474,-0.2447907276239536,0.1268512556342562,0.0972311654861558,-0.0027933538869001,0.1174448403025188,2015.0,1970.0,5.857142857142857,-0.0109807560593004,-0.0002285378679458,0.0002260694651411
2020-03-23,1603.0,1603.0,1591.0,1591.0,300.0,1591.0,1545.8,1581.0,1791.8,1928.253333333333,1852.745,False,False,False,False,False,False,False,False,False,False,False,0.0716530483972344,0.0873664362036455,,,-0.1262099308610936,-0.2119756966268592,0.0974230043997485,0.0697674418604651,-0.0025446172356331,0.1212523719165085,2061.0,1984.0,0.073170731707317,-0.0104029467574506,0.0005778093018497,0.000248736651267
2020-03-24,1605.0,1658.0,1605.0,1658.0,24100.0,1658.0,1561.4,1580.9,1775.0,1924.24,1852.585,False,False,False,False,False,False,False,False,False,False,False,0.0518697225572979,0.0410132689987937,,,-0.0705669481302774,-0.1605790108564535,0.0705669481302774,0.0307599517490952,-0.0020856719189566,0.112088051110127,2055.0,1985.0,80.33333333333333,-0.0094647887323943,0.0009381580250563,0.0004589453166764
2020-03-25,1818.0,1818.0,1763.0,1776.0,4800.0,1776.0,1620.6,1587.2,1763.0,1921.7066666666667,1852.645,False,False,False,False,True,False,False,False,False,False,True,-0.0219594594594594,-0.0281531531531531,,,0.0073198198198198,-0.082042042042042,-0.0073198198198198,-0.0427927927927927,-0.0013182726465363,0.100743447580645,2029.0,1993.0,0.1991701244813278,-0.0068065796937039,0.0026582090386904,0.0007673992724202
2020-03-26,1770.0,1787.0,1734.0,1786.0,1300.0,1786.0,1672.8,1605.8,1751.6,1918.7866666666664,1852.785,False,False,False,False,False,False,False,False,False,False,False,-0.0123180291153415,-0.0369540873460246,,,0.0192609182530795,-0.0743486375513249,-0.0291153415453527,-0.0369540873460246,-0.001521795023244,0.0830115830115829,2033.0,1993.0,0.2708333333333333,-0.0065083352363553,0.0002982444573485,-0.0002035223767076
2020-03-27,1786.0,1794.0,1761.0,1785.0,3800.0,1785.0,1719.2,1625.7,1740.36,1916.0933333333328,1853.185,False,False,False,False,False,False,False,False,False,False,False,-0.0431372549019607,-0.0308123249299719,,,0.0250084033613445,-0.0734416433239959,-0.0123249299719887,0.0543417366946778,-0.0014056378603688,0.0722765577904902,2003.0,1985.0,2.923076923076923,-0.0064584338872417,4.9901349113658754e-05,0.0001161571628751
2020-03-30,1701.0,1710.0,1700.0,1705.0,1700.0,1705.0,1742.0,1643.9,1725.4,1912.16,1853.28,False,False,False,False,False,True,False,False,False,True,False,0.0146627565982404,0.0134897360703812,,,-0.0119648093841642,-0.1215014662756598,0.0175953079178885,0.0744868035190615,-0.0020570105709421,0.0651499482936917,2026.0,1990.0,0.4473684210526316,-0.0086704532282368,-0.002212019340995,-0.0006513727105733
2020-03-31,1715.0,1750.0,1712.0,1744.0,1600.0,1744.0,1759.2,1660.3,1712.04,1908.8,1853.555,False,False,False,False,False,False,False,False,False,False,False,-0.0103211009174311,-0.0080275229357798,,,0.0183256880733945,-0.0944954128440366,-0.0005733944954128,0.0240825688073394,-0.0017602682313496,0.053905920616756,2045.0,1990.0,0.9411764705882352,-0.0078035559916825,0.0008668972365543,0.0002967423395925
2020-04-01,1764.0,1764.0,1737.0,1737.0,3100.0,1737.0,1751.4,1686.0,1700.36,1905.3333333333333,1853.8,False,False,False,False,False,False,False,False,False,False,False,-0.0063327576280944,0.0,,,0.0210938399539436,-0.0969103818844751,-0.003454231433506,0.028209556706966,-0.0018194541637508,0.0397390272835112,2034.0,1984.0,1.9375,-0.0068691335952386,0.0009344223964438,-5.91859324012851e-05
2020-04-02,1764.0,1764.0,1764.0,1764.0,100.0,1764.0,1747.0,1709.9,1691.68,1902.4266666666667,1854.165,False,False,False,False,False,False,False,False,False,False,False,-0.0249433106575963,-0.0328798185941043,,,0.0409977324263038,-0.0784731670445956,-0.0708616780045351,0.0447845804988662,-0.0015278731725094,0.0330428680039768,2017.0,1975.0,0.032258064516129,-0.0051309940414261,0.0017381395538125,0.0002915809912414
2020-04-03,1755.0,1755.0,1670.0,1708.0,500.0,1708.0,1731.6,1725.4,1686.76,1898.88,1854.35,False,False,False,False,False,False,False,False,False,False,False,0.0128805620608899,-0.0228337236533957,,,0.0124355971896955,-0.1117564402810305,-0.015807962529274,0.0562060889929742,-0.0018677676665542,0.0295583632780804,2050.0,1978.0,5.0,-0.0029168346415613,0.0022141593998647,-0.0003398944940448
2020-04-06,1684.0,1730.0,1684.0,1730.0,300.0,1730.0,1736.6,1739.3,1686.44,1895.5733333333333,1854.63,False,False,False,False,False,False,False,False,False,False,False,-0.0011560693641618,-0.0208092485549132,,,0.025179190751445,-0.0957071290944123,-0.007514450867052,0.0479768786127167,-0.001744415058241,0.02771229805094,2011.0,1980.0,0.6,-0.0001897488199994,0.0027270858215618,0.0001233526083132
2020-04-07,1730.0,1730.0,1726.0,1726.0,300.0,1726.0,1733.0,1746.1,1683.56,1892.3733333333328,1854.78,False,False,False,False,False,False,False,False,False,True,False,0.0023174971031286,-0.015063731170336,,,0.0245886442641947,-0.0963924295094627,-0.0011587485515643,0.0370799536500579,-0.0016909982526354,0.0283488918160471,2019.0,1969.0,1.0,-0.0017106607427119,-0.0015209119227124,5.341680560564353e-05
2020-04-08,1733.0,1733.0,1726.0,1726.0,1000.0,1726.0,1730.8,1741.1,1680.2,1889.1333333333328,1855.045,False,False,False,False,False,False,False,False,False,True,False,0.0063731170336037,-0.0023174971031286,,,0.0265353418308226,-0.0945152568559288,0.0104287369640787,0.0567786790266512,-0.001715072167131,0.0384239848371719,2052.0,1932.0,3.333333333333333,-0.0019997619331031,-0.0002891011903912,-2.407391449567287e-05
2020-04-09,1720.0,1720.0,1720.0,1720.0,100.0,1720.0,1722.0,1734.5,1677.4,1885.8133333333333,1855.34,False,False,False,False,False,False,False,False,False,False,False,-0.0081395348837209,0.0174418604651162,,,0.024767441860465,-0.0964031007751937,0.0290697674418604,0.0563953488372093,-0.0017605135891851,0.0479677140386278,2017.0,1922.0,0.1,-0.001669250029808,0.0003305119032951,-4.544142205410435e-05
2020-04-10,1720.0,1730.0,1720.0,1730.0,300.0,1730.0,1726.4,1729.0,1675.4,1882.6133333333328,1855.595,False,False,False,False,False,False,False,False,False,False,False,-0.0352601156069364,0.0115606936416184,,,0.0315606936416184,-0.0882157996146432,0.0231213872832369,0.0554913294797687,-0.0016997648658604,0.0480624638519374,2050.0,1940.0,3.0,-0.0011937447773665,0.0004755052524414,6.074872332469204e-05
2020-04-13,1720.0,1728.0,1720.0,1728.0,300.0,1728.0,1726.0,1731.3,1673.32,1879.2,1855.935,False,False,False,False,False,False,False,False,False,True,False,-0.0196759259259259,0.0104166666666666,,,0.0316435185185185,-0.0875,0.0700231481481481,0.0393518518518518,-0.0018163757627355,0.0445907699416623,2057.0,1972.0,1.0,-0.0012430377931299,-4.92930157633192e-05,-0.0001166108968751
2020-04-14,1720.0,1730.0,1720.0,1730.0,300.0,1730.0,1726.8,1729.9,1676.16,1875.8,1856.225,False,False,False,False,False,False,True,False,True,False,False,-0.0173410404624277,0.0260115606936416,,,0.0311213872832369,-0.0842774566473988,0.0202312138728323,0.0462427745664739,-0.0018125599744109,0.0468235158101624,2078.0,1979.0,1.0,0.0016943489881635,0.0029373867812934,3.815788324628561e-06
2020-04-15,1733.0,1737.0,1733.0,1737.0,1700.0,1737.0,1729.0,1729.9,1677.12,1872.3866666666668,1856.585,False,False,False,False,False,False,True,False,False,True,False,-0.0086355785837651,0.0149683362118595,,,0.0344732297063903,-0.0779428132796009,0.0178468624064478,0.0449050086355785,-0.0018229852808179,0.0484999132897854,2076.0,1985.0,5.666666666666667,0.0005724098454492,-0.0011219391427142,-1.0425306407018784e-05
2020-04-16,1617.0,1749.0,1617.0,1706.0,6300.0,1706.0,1726.2,1724.1,1681.36,1868.56,1856.935,False,False,False,False,False,False,True,False,True,False,False,0.025791324736225,0.0164126611957796,,,0.0144431418522861,-0.0952872215709261,0.0375146541617819,0.0644783118405627,-0.0020479228211386,0.0504611101444231,2071.0,1996.0,3.7058823529411766,0.0025217680924965,0.0019493582470473,-0.0002249375403206
2020-04-20,1706.0,1706.0,1656.0,1669.0,800.0,1669.0,1714.0,1720.2,1684.68,1864.3466666666664,1857.1,False,False,False,False,False,False,True,False,False,True,False,0.048532055122828,0.0563211503894547,,,-0.0093948472139005,-0.1170441382065106,0.054523666866387,0.0701018573996405,-0.0022599516541989,0.0517963027554934,2066.0,2015.0,0.1269841269841269,0.0019707006671891,-0.0005510674253074,-0.0002120288330602
2020-04-21,1709.0,1709.0,1668.0,1694.0,700.0,1694.0,1707.2,1716.6,1691.52,1860.4,1857.445,False,False,False,False,False,False,True,False,False,False,False,0.0306965761511216,0.0242030696576151,,,0.0014639905548996,-0.0982290436835891,0.0531286894923258,0.0389610389610389,-0.0021214075825985,0.0509145986251893,2079.0,2061.0,0.875,0.004043700340522,0.0020729996733329,0.0001385440716004
2020-04-22,1699.0,1700.0,1699.0,1700.0,1000.0,1700.0,1701.2,1714.0,1696.32,1856.5333333333333,1857.745,False,False,False,False,False,False,True,False,False,True,False,0.0441176470588235,0.0252941176470588,,,0.0021647058823529,-0.092078431372549,0.038235294117647,0.0564705882352941,-0.0020827348463085,0.0528588098016335,2078.0,2055.0,1.4285714285714286,0.0028296547821165,-0.0012140455584055,3.86727362899084e-05
2020-04-23,1740.0,1740.0,1706.0,1722.0,2400.0,1722.0,1698.2,1713.6,1706.0,1853.04,1857.955,False,False,False,False,False,False,True,False,False,False,False,0.0238095238095238,0.0052264808362369,,,0.0092915214866434,-0.0760975609756097,0.0348432055749128,0.0452961672473867,-0.0018851904617997,0.0517040149393091,2029.0,2029.0,2.4,0.0056740914419695,0.002844436659853,0.0001975443845088
2020-04-24,1739.0,1750.0,1731.0,1750.0,1700.0,1750.0,1707.0,1716.6,1715.0,1850.04,1858.41,False,False,False,False,False,False,True,False,False,True,False,-0.0091428571428571,-0.0634285714285714,,,0.02,-0.0571657142857142,0.04,0.0594285714285714,-0.0016215865602905,0.052021437725737,1981.0,2033.0,0.7083333333333334,0.0052478134110787,-0.0004262780308908,0.0002636039015091
2020-04-27,1799.0,1799.0,1750.0,1750.0,4200.0,1750.0,1723.2,1718.6,1722.88,1847.0,1858.93,False,False,False,False,False,False,True,False,False,True,False,0.0074285714285714,-0.0394285714285714,,,0.0154971428571427,-0.0554285714285714,0.0428571428571428,0.0737142857142857,-0.0016459122902003,0.0538810659839405,1831.0,2003.0,2.4705882352941178,0.0045737369985141,-0.0006740764125645,-2.4325729909716824e-05
2020-04-28,1749.0,1749.0,1701.0,1746.0,1400.0,1746.0,1733.6,1720.4,1729.08,1843.88,1859.365,False,False,False,False,False,False,True,False,False,True,False,-0.0063001145475372,-0.0166093928980526,,,0.0096907216494845,-0.0560595647193586,0.058991981672394,0.0458190148911798,-0.0016920840835628,0.0545222041385723,1738.0,2026.0,0.3333333333333333,0.0035857218867836,-0.0009880151117305,-4.617179336255709e-05
2020-04-30,1784.0,1784.0,1750.0,1775.0,1000.0,1775.0,1748.6,1724.9,1733.76,1841.2933333333333,1859.7,False,False,False,False,False,False,True,False,False,True,False,-0.0180281690140845,-0.0287323943661971,,,0.0232338028169014,-0.0373483568075117,0.0478873239436619,0.0377464788732394,-0.0014048096627733,0.0536262971766479,1798.0,2045.0,0.7142857142857143,0.0026993355481727,-0.0008863863386108,0.0002872744207895
2020-05-01,1775.0,1775.0,1763.0,1763.0,500.0,1763.0,1756.8,1727.5,1733.24,1839.04,1859.52,False,False,False,False,False,False,False,False,False,True,False,-0.0181508791832104,-0.0107770845150311,,,0.0168803176403857,-0.0431310266591037,0.0589903573454339,0.0493477027793533,-0.001225276956093,0.0540665701881331,1810.0,2034.0,0.5,-0.000300016154716,-0.0029993517028888,0.0001795327066803
2020-05-07,1723.0,1755.0,1719.0,1734.0,4800.0,1734.0,1753.6,1730.3,1731.16,1836.5333333333333,1859.22,False,False,False,False,False,False,False,False,False,True,False,-0.0547866205305651,0.0207612456747404,,,0.0016378316032294,-0.0591311034217608,0.0818915801614763,0.0565167243367935,-0.0013648903731668,0.0532855574177888,1790.0,2017.0,9.6,-0.0012015065043092,-0.0009014903495931,-0.0001396134170738
2020-05-08,1735.0,1777.0,1720.0,1763.0,3300.0,1763.0,1756.2,1739.7,1730.28,1834.1733333333327,1858.735,False,False,False,False,False,False,False,False,False,False,False,-0.0465116279069767,0.0039705048213272,,,0.0185592739648326,-0.0403705804499904,0.0674985819625638,0.0300623936471922,-0.0012866831924282,0.0493188480772546,1780.0,2050.0,0.6875,-0.0005085882053772,0.0006929182989319,7.820718073856675e-05
2020-05-11,1723.0,1760.0,1723.0,1735.0,7100.0,1735.0,1754.0,1743.8,1731.48,1831.013333333333,1858.08,False,False,False,False,False,False,True,False,False,False,False,-0.0103746397694524,0.0657060518731988,,,0.002028818443804,-0.055339097022094,0.1095100864553314,0.0518731988472622,-0.0017258203107933,0.0505791948617961,1780.0,2011.0,2.1515151515151514,0.0006930487213251,0.0012016369267023,-0.000439137118365
2020-05-12,1725.0,1743.0,1710.0,1743.0,900.0,1743.0,1747.6,1748.1,1731.44,1827.8666666666663,1857.575,False,False,False,False,False,False,False,False,False,True,False,-0.0109007458405048,0.012621916236374,,,0.0066322432587492,-0.0486899980875882,0.0946643717728055,0.0441767068273092,-0.001721496826902,0.0493678851324296,1659.0,2019.0,0.1267605633802817,-2.310215774151205e-05,-0.0007161508790666,4.323483891252892e-06
2020-05-13,1749.0,1749.0,1722.0,1731.0,1200.0,1731.0,1741.2,1749.0,1731.2,1824.48,1857.17,False,False,False,False,False,False,False,False,False,True,False,0.0075101097631426,0.0213749277874061,,,-0.0001155401502022,-0.054003466204506,0.1022530329289428,0.0346620450606585,-0.0018562366628663,0.0483133218982275,1713.0,2052.0,1.3333333333333333,-0.0001386321626617,-0.0001155300049202,-0.0001347398359642
2020-05-18,1730.0,1730.0,1639.0,1639.0,1500.0,1639.0,1722.2,1737.9,1726.2,1819.72,1856.18,False,False,False,False,False,False,False,False,False,True,False,0.0799267846247712,0.0799267846247712,,,-0.0532031726662599,-0.1102623550945698,0.1598535692495424,0.12385600976205,-0.0026157870441606,0.0543184302894296,1600.0,2017.0,1.25,-0.002896535743251,-0.0027579035805893,-0.0007595503812943
2020-05-19,1639.0,1714.0,1569.0,1681.0,5200.0,1681.0,1705.8,1731.0,1725.12,1815.2666666666669,1855.495,False,False,False,False,False,False,False,False,False,False,False,0.0529446757882213,0.0469958358120166,,,-0.0262462819750148,-0.0798730914138411,0.1409875074360499,0.0928019036287923,-0.0024532667376692,0.0560947429231657,1586.0,2050.0,3.466666666666667,-0.0006260434056762,0.0022704923375748,0.0001625203064913
2020-05-20,1720.0,1720.0,1717.0,1717.0,300.0,1717.0,1702.2,1728.1,1724.6,1810.68,1855.18,False,False,False,False,False,False,False,False,False,False,False,0.0768782760629004,0.0390215492137449,,,-0.0044263249854396,-0.0545602795573675,0.1071636575422248,0.0675596971461852,-0.0025331183128254,0.0582720907354898,1523.0,2057.0,0.0576923076923076,-0.0003015191928563,0.0003245242128199,-7.985157515617153e-05
2020-05-21,1720.0,1724.0,1715.0,1724.0,1100.0,1724.0,1698.4,1723.0,1724.52,1806.2666666666669,1854.83,False,False,False,False,False,False,False,False,False,False,False,0.0237819025522041,0.0237819025522041,,,-0.0003016241299303,-0.0477184841453984,0.1096287703016241,0.0672853828306264,-0.0024433453901231,0.0612884503772489,1580.0,2078.0,3.6666666666666665,-4.638972003799738e-05,0.0002551294728183,8.977292270227408e-05
2020-05-22,1730.0,1753.0,1730.0,1744.0,2400.0,1744.0,1701.0,1721.1,1725.24,1802.4666666666667,1854.58,False,False,False,True,True,False,True,False,False,False,False,0.0137614678899082,0.021788990825688,,,0.0107568807339449,-0.0335244648318042,0.0739678899082568,0.0424311926605504,-0.0021082220660577,0.0606007785718437,1480.0,2076.0,2.1818181818181817,0.0004173332405926,0.0004637229606306,0.0003351233240654
2020-05-25,1780.0,1780.0,1765.0,1770.0,4700.0,1770.0,1727.2,1724.7,1727.24,1798.96,1854.71,False,False,False,False,False,False,True,False,True,False,True,0.0,0.0282485875706214,,,0.0241581920903954,-0.0163615819209039,0.0655367231638418,0.0367231638418079,-0.0019492743955767,0.0585609091436191,1525.0,2071.0,1.9583333333333333,0.0011579166763159,0.0007405834357233,0.000158947670481
2020-05-26,1777.0,1777.0,1720.0,1770.0,600.0,1770.0,1745.0,1725.4,1728.84,1795.8533333333332,1854.855,False,False,False,False,False,False,True,False,False,True,False,-0.0056497175141242,0.0310734463276836,,,0.0232542372881356,-0.0146064030131826,0.0570621468926553,0.0389830508474576,-0.0017299111286,0.0594644720064911,1553.0,2066.0,0.1276595744680851,0.0009254760417389,-0.000232440634577,0.0002193632669766
2020-05-28,1770.0,1849.0,1766.0,1849.0,7100.0,1849.0,1771.4,1736.8,1733.68,1793.493333333333,1855.295,False,False,False,False,False,False,True,False,True,False,True,-0.0351541373715521,0.0,,,0.0623688480259599,0.0300198305390302,0.002163331530557,-0.010275824770146,-0.0013158677292732,0.0527982496545371,1591.0,2079.0,11.833333333333334,0.0027917493424392,0.0018662733007003,0.0004140433993267
2020-05-29,1769.0,1788.0,1753.0,1765.0,5500.0,1765.0,1779.6,1739.0,1735.08,1789.76,1855.155,False,False,False,False,False,False,True,False,False,True,False,0.0,0.0538243626062322,,,0.0169518413597734,-0.014028328611898,0.0509915014164305,0.0407932011331444,-0.0020859407592823,0.0524439332949971,1658.0,2078.0,0.7746478873239436,0.0008068792217072,-0.001984870120732,-0.000770073030009
2020-06-01,1735.0,1768.0,1735.0,1768.0,600.0,1768.0,1784.4,1742.7,1736.32,1786.2133333333334,1854.96,False,False,False,False,False,False,True,False,False,True,False,0.007918552036199,0.0559954751131221,,,0.0179185520361991,-0.0103016591251885,0.0237556561085972,0.0656108597285067,-0.0019855784303479,0.0555459918517243,1776.0,2029.0,0.109090909090909,0.0007141540729819,-9.272514872533367e-05,0.0001003623289343
2020-06-02,1768.0,1770.0,1750.0,1770.0,1400.0,1770.0,1784.4,1755.8,1738.88,1782.92,1854.78,False,False,False,False,False,False,True,False,True,False,False,0.0282485875706214,0.0598870056497175,,,0.0175819209039547,-0.0072994350282486,0.0169491525423728,0.0734463276836158,-0.0018471570980937,0.0509739150244902,1786.0,1981.0,2.333333333333333,0.0014722119985278,0.0007580579255459,0.0001384213322542
2020-06-03,1760.0,1760.0,1760.0,1760.0,100.0,1760.0,1782.4,1763.7,1742.52,1779.0533333333333,1854.66,False,False,False,False,False,False,True,False,False,False,False,0.0369318181818181,0.0693181818181818,,,0.0099318181818181,-0.0108257575757575,0.0460227272727272,0.077840909090909,-0.0021734405564008,0.0496683109372341,1785.0,1831.0,0.0714285714285714,0.0020889286780064,0.0006167166794786,-0.0003262834583071
2020-06-04,1760.0,1784.0,1760.0,1784.0,400.0,1784.0,1769.4,1770.4,1746.12,1776.0266666666666,1854.65,False,False,False,False,False,False,True,False,False,True,False,0.0364349775784753,0.0790358744394618,,,0.0212331838565023,0.0044693572496263,-0.0168161434977578,0.0347533632286995,-0.0017041786159366,0.0464301852688656,1705.0,1738.0,4.0,0.0020617139715482,-2.721470645819686e-05,0.0004692619404641
2020-06-08,1755.0,1765.0,1755.0,1765.0,200.0,1765.0,1769.4,1774.5,1748.72,1772.64,1854.66,False,False,False,False,False,False,True,False,False,True,False,0.0538243626062322,0.0810198300283286,,,0.0092237960339943,-0.004328611898017,0.0186968838526912,0.0470254957507082,-0.0019105214068657,0.0444632290786137,1744.0,1798.0,0.5,0.0014868017750126,-0.0005749121965356,-0.000206342790929
2020-06-09,1783.0,1783.0,1754.0,1782.0,3400.0,1782.0,1772.2,1778.3,1751.12,1769.04,1854.755,False,False,False,False,False,False,True,False,False,True,False,0.047699214365881,0.0707070707070707,,,0.0173288439955107,0.0072727272727272,-0.015712682379349,0.031425364758698,-0.0020350020350021,0.0433560141708373,1737.0,1810.0,17.0,0.0013705514185206,-0.000116250356492,-0.0001244806281363
2020-06-10,1784.0,1821.0,1784.0,1820.0,1800.0,1820.0,1782.2,1783.3,1753.92,1766.4133333333334,1855.08,False,False,False,False,False,False,True,False,False,False,False,0.0307692307692307,0.0445054945054945,,,0.0363076923076922,0.0294432234432234,-0.0609890109890109,0.0175824175824175,-0.0014870056838338,0.0413839511018897,1764.0,1790.0,0.5294117647058824,0.0015964240102172,0.0002258725916965,0.0005479963511682
2020-06-11,1820.0,1835.0,1805.0,1825.0,2800.0,1825.0,1795.2,1788.8,1756.92,1763.4133333333334,1855.33,False,False,False,False,False,False,True,False,False,False,False,0.0312328767123287,0.050958904109589,,,0.037304109589041,0.0337461187214611,-0.0663013698630137,0.0230136986301369,-0.0017012460682313,0.0397473166368516,1708.0,1780.0,1.5555555555555556,0.0017075336384126,0.0001111096281954,-0.0002142403843974
2020-06-12,1820.0,1849.0,1776.0,1849.0,2600.0,1849.0,1808.2,1788.8,1761.04,1760.64,1855.705,False,True,False,False,False,False,True,False,False,False,False,0.0411032990805841,0.0281233098972417,,,0.0475716603569497,0.0477879935100053,-0.0795024337479718,0.0259599783666846,-0.0015751847812916,0.0434928443649373,1730.0,1780.0,0.9285714285714286,0.002339526643347,0.0006319930049343,0.0001260612869396
2020-06-15,1861.0,1866.0,1826.0,1860.0,2000.0,1860.0,1827.2,1798.3,1764.44,1757.7333333333331,1856.19,False,False,False,False,False,False,True,False,False,True,True,0.0258064516129032,0.0284946236559139,,,0.0513763440860214,0.0549820788530467,-0.0811827956989247,0.036021505376344,-0.0016536448456347,0.0429850414280153,1726.0,1659.0,0.7692307692307693,0.0019269569948539,-0.0004125696484931,-7.84600643430678e-05
2020-06-16,1861.0,1867.0,1822.0,1867.0,1900.0,1867.0,1844.2,1808.2,1768.6,1754.9466666666667,1856.92,False,False,False,False,False,False,True,False,False,False,False,0.0219603642206748,0.0032137118371719,,,0.0527048741296197,0.0600178539546509,-0.0894483128012854,0.0342795929298339,-0.0015878925095537,0.039873907753567,1726.0,1713.0,0.95,0.0023521429379169,0.0004251859430629,6.575233608090928e-05
2020-06-17,1880.0,1880.0,1862.0,1876.0,1000.0,1876.0,1855.4,1818.8,1774.28,1752.3466666666666,1857.75,False,False,False,False,False,False,True,False,False,False,False,0.0133262260127931,0.0053304904051172,,,0.0542217484008528,0.0659132906894101,-0.0831556503198294,0.0298507462686567,-0.0014837246815699,0.0355729052122278,1720.0,1600.0,0.5263157894736842,0.0032012985549068,0.0008491556169899,0.0001041678279838
2020-06-18,1886.0,1886.0,1876.0,1882.0,600.0,1882.0,1866.8,1831.0,1779.04,1749.8933333333334,1858.36,False,False,False,False,False,False,True,False,False,True,False,0.0191285866099893,-0.0058448459086078,,,0.0547077577045696,0.0701948281969535,0.0,0.0324123273113708,-0.0014019902165464,0.0311851447296558,1730.0,1586.0,0.6,0.0026756003237701,-0.0005256982311366,8.173446502350817e-05
2020-06-19,1943.0,1944.0,1903.0,1925.0,6600.0,1925.0,1882.0,1845.1,1786.64,1747.84,1859.43,False,False,False,False,False,False,True,False,False,False,False,-0.0124675324675324,-0.0374025974025974,,,0.0718753246753246,0.0920311688311688,-0.0483116883116883,0.0129870129870129,-0.0011747833516417,0.0289415207847813,1728.0,1523.0,11.0,0.0042537948327587,0.0015781945089886,0.0002272068649046
2020-06-22,1910.0,1910.0,1900.0,1908.0,1100.0,1908.0,1891.6,1859.4,1793.24,1745.5733333333333,1860.285,False,False,False,False,False,False,True,False,False,True,False,0.0026205450733752,-0.0277777777777777,,,0.060146750524109,0.0851292802236198,-0.0639412997903564,0.0246331236897274,-0.0012985227394246,0.0267828331719909,1730.0,1580.0,0.1666666666666666,0.0036804889473801,-0.0005733058853786,-0.0001237393877829
2020-06-23,1916.0,1923.0,1908.0,1908.0,1100.0,1908.0,1899.8,1872.0,1800.32,1743.96,1861.14,False,False,False,False,False,False,True,False,False,False,False,-0.0183438155136268,-0.0513626834381551,,,0.0564360587002096,0.0859748427672955,-0.0639412997903564,0.0246331236897274,-0.0009250976704358,0.0261217948717949,1737.0,1480.0,1.0,0.0039326341983646,0.0002521452509845,0.0003734250689888
2020-06-24,1890.0,1903.0,1885.0,1901.0,1200.0,1901.0,1904.8,1880.1,1810.8,1742.8933333333334,1862.075,False,False,False,False,False,False,True,False,False,False,False,-0.0078905839032088,-0.0531299316149395,,,0.0474487112046291,0.0831702612660003,-0.0305102577590741,0.0289321409784324,-0.0006120091495367,0.0272325940109568,1706.0,1525.0,1.0909090909090908,0.0057874972387894,0.0018548630404247,0.000313088520899
2020-06-25,1918.0,1918.0,1906.0,1918.0,4700.0,1918.0,1912.0,1889.4,1820.28,1744.0533333333333,1863.235,False,False,False,False,False,False,True,True,False,True,False,-0.024504692387904,-0.0401459854014598,,,0.050948905109489,0.0906916927354883,-0.0594369134515119,0.0208550573514077,0.0006651172747009,0.026992696093998,1669.0,1553.0,3.9166666666666665,0.0052079899795635,-0.0005795072592259,0.0012771264242377
2020-06-26,1905.0,1910.0,1900.0,1901.0,1100.0,1901.0,1907.2,1894.6,1827.64,1746.2266666666667,1864.225,False,False,False,False,False,False,True,True,False,True,False,-0.0252498684902682,-0.0773277222514466,,,0.0385902156759599,0.0814167981763983,-0.0462914255654918,0.0336664913203577,0.0012445883314117,0.0277631162250607,1694.0,1591.0,0.2340425531914893,0.0040270512792454,-0.0011809387003181,0.0005794710567107
2020-06-29,1909.0,1947.0,1909.0,1913.0,1000.0,1913.0,1908.2,1899.9,1835.2,1747.76,1864.99,False,False,False,False,False,False,True,True,False,False,False,-0.0303188708834291,-0.0601150026136957,,,0.040669106116048,0.0863774176685833,-0.0642969158389963,0.0308416100365917,0.0008773134373903,0.027264592873309,1700.0,1658.0,0.9090909090909092,0.0041194420226677,9.239074342236395e-05,-0.0003672748940214
2020-06-30,1873.0,1873.0,1873.0,1873.0,1000.0,1873.0,1901.2,1900.5,1840.36,1748.6,1865.53,False,False,False,False,False,False,True,True,False,True,False,-0.0336358782701548,-0.0635344367325146,,,0.0174265883609183,0.0664175120128137,-0.0261612386545648,0.1137213027229044,0.0004803843074459,0.0350960273612207,1722.0,1776.0,1.0,0.002803799256667,-0.0013156427660007,-0.0003969291299444
2020-07-01,1853.0,1890.0,1850.0,1886.0,2100.0,1886.0,1898.2,1901.5,1845.0,1749.88,1866.26,False,False,False,False,False,False,True,True,False,True,False,-0.04559915164369035,-0.09384941675503712,,,0.0217391304347826,0.0721739130434782,-0.036585365853658534,0.11240721102863202,0.0007314787299701,0.04328161977386272,1750.0,1786.0,2.1,0.0025149051490515,-0.0002888941076155,0.0002510944225242
2020-07-02,1882.0,1891.0,1855.0,1871.0,2000.0,1871.0,1888.8,1900.4,1849.04,1751.0933333333332,1867.115,False,False,False,False,False,False,True,True,False,True,False,-0.016034206306787813,-0.08925708177445217,,,0.0117370390165686,0.0640869410297524,-0.024051309460181722,0.11972207375734902,0.0006929004355373,0.0518838139339086,1750.0,1785.0,0.9523809523809524,0.0021849175788517,-0.0003299875701998,-3.857829443286356e-05
2020-07-03,1862.0,1888.0,1850.0,1853.0,1800.0,1853.0,1879.2,1893.2,1849.2,1752.0666666666666,1867.88,False,False,False,False,False,False,True,True,False,True,False,-0.05342687533729088,-0.08148947652455478,,,0.0020507285483,0.0544702284583558,-0.03076092822450081,0.11009174311926606,0.0005555344164986,0.061536023663638285,1746.0,1705.0,0.9,8.652390222803474e-05,-0.0020983936766236,-0.0001373660190386
2020-07-06,1773.0,1855.0,1773.0,1855.0,1400.0,1855.0,1867.6,1887.9,1852.8,1754.68,1868.505,False,False,False,False,False,False,True,True,True,False,False,-0.030727762803234502,-0.07870619946091645,,,0.0011859838274932,0.0540808625336926,-0.02425876010781671,0.10512129380053908,0.0014893503848755,0.06954817522114516,1775.0,1744.0,0.7777777777777778,0.0019430051813471,0.001856481279119,0.0009338159683769
2020-07-07,1855.0,1855.0,1810.0,1810.0,1400.0,1810.0,1855.0,1878.1,1854.48,1755.9733333333334,1868.98,False,False,False,False,False,False,True,True,False,True,False,-0.030939226519337018,-0.06077348066298342,,,-0.0245745856353591,0.0298489871086556,0.0027624309392265192,0.12430939226519337,0.0007365335844128,0.07938874394334708,1763.0,1737.0,1.0,0.000905914326388,-0.001037090854959,-0.0007528168004627
2020-07-08,1800.0,1807.0,1796.0,1800.0,4000.0,1800.0,1837.8,1868.0,1855.68,1758.64,1869.09,False,False,False,False,False,False,True,True,False,True,False,-0.050555555555555555,-0.044444444444444446,,,-0.0309333333333333,0.0229777777777777,0.008888888888888889,0.14888888888888888,0.0015163232194575,0.09122055674518206,1734.0,1764.0,2.857142857142857,0.0006466632177961,-0.0002592511085918,0.0007797896350447
2020-07-09,1801.0,1841.0,1801.0,1841.0,2600.0,1841.0,1831.8,1860.3,1858.92,1762.04,1869.57,False,False,False,False,False,False,True,True,True,False,False,-0.07441607821835959,0.022270505160239002,,,-0.0097338403041825,0.0428897338403042,-0.029875067897881587,0.12547528517110265,0.0019295816213025,0.10186529054453596,1763.0,1708.0,0.65,0.0017429475179136,0.0010962843001174,0.000413258401845
2020-07-10,1801.0,1847.0,1754.0,1754.0,1200.0,1754.0,1812.0,1845.6,1857.72,1765.12,1869.645,False,False,False,False,False,False,False,True,False,True,False,-0.029646522234891677,0.04446978335233751,,,-0.059133409350057,-0.006339794754846,0.0034207525655644243,0.18529076396807298,0.0017449238578679,0.11681837884698738,1735.0,1730.0,0.4615384615384615,-0.0006459531038046,-0.0023889006217183,-0.0001846577634345
2020-07-13,1760.0,1849.0,1759.0,1798.0,8200.0,1798.0,1800.6,1834.1,1859.04,1768.0266666666666,1869.965,False,False,False,False,False,False,True,True,False,False,False,-0.04949944382647386,-0.006674082313681869,,,-0.033948832035595,0.0166703744901742,-0.0011123470522803114,0.14126807563959956,0.0016440174356345,0.12818275993675368,1743.0,1726.0,6.833333333333333,0.0007100438936224,0.0013559969974271,-0.0001009064222334
2020-07-14,1765.0,1829.0,1751.0,1754.0,2200.0,1754.0,1789.4,1822.2,1857.92,1771.68,1869.985,False,False,False,False,False,False,False,True,False,True,False,-0.03078677309007982,0.018244013683010263,,,-0.0592474344355758,-0.0100798175598632,0.026225769669327253,0.16875712656784492,0.0020620729100816,0.1335747996926791,1731.0,1726.0,0.2682926829268293,-0.0006028246641404,-0.0013128685577629,0.0004180554744471
2020-07-15,1757.0,1785.0,1709.0,1709.0,10200.0,1709.0,1771.2,1804.5,1853.48,1774.1333333333334,1868.965,False,False,False,False,False,False,False,True,False,True,False,0.006436512580456407,0.07840842598010532,,,-0.0845406670567583,-0.0381119563097328,0.08484493856056173,0.19368051492100644,0.0013828348113633,0.14147963424771415,1639.0,1720.0,4.636363636363637,-0.0023954938817791,-0.0017926692176386,-0.0006792380987183
2020-07-16,1710.0,1721.0,1700.0,1704.0,6100.0,1704.0,1743.8,1787.8,1848.64,1776.1466666666668,1868.0,False,False,False,False,False,False,False,True,False,True,False,0.10446009389671361,0.05868544600938967,,,-0.0848826291079812,-0.042339593114241,0.10269953051643192,0.20598591549295775,0.001133540022971,0.14990491106387752,1681.0,1730.0,0.5980392156862745,-0.0026181409035831,-0.0002226470218039,-0.0002492947883922
2020-07-17,1700.0,1739.0,1700.0,1702.0,6900.0,1702.0,1733.4,1772.7,1842.76,1777.6266666666668,1867.135,False,False,False,False,False,False,False,True,False,True,False,0.07638072855464159,0.06521739130434782,,,-0.0827027027027026,-0.0444339992166079,0.07285546415981199,0.21034077555816685,0.0008325707685153,0.15986912619168492,1717.0,1728.0,1.1311475409836065,-0.0031908658751004,-0.0005727249715173,-0.0003009692544557
2020-07-20,1704.0,1717.0,1674.0,1709.0,3200.0,1709.0,1715.6,1758.1,1836.72,1778.3066666666666,1866.035,False,False,False,False,False,False,False,True,False,True,False,0.04505558806319485,0.047396138092451724,,,-0.074733762434172,-0.0405539301735907,0.0778232884727911,0.19485078993563487,0.0003823862400934,0.16904612934417854,1724.0,1730.0,0.463768115942029,-0.0032884707522104,-9.760487710999036e-05,-0.0004501845284218
2020-07-21,1722.0,1722.0,1691.0,1700.0,1400.0,1700.0,1704.8,1747.1,1830.04,1777.2933333333333,1864.885,False,False,False,False,False,False,False,False,False,True,False,0.05058823529411765,0.07294117647058823,,,-0.0764941176470588,-0.0454666666666666,0.08823529411764706,0.21411764705882352,-0.0005701553673375,0.17806651021693087,1744.0,1737.0,0.4375,-0.0036501934383948,-0.0003617226861843,-0.000952541607431
2020-07-22,1700.0,1720.0,1691.0,1720.0,1800.0,1720.0,1707.0,1739.1,1823.8,1776.4133333333334,1863.85,False,False,False,False,False,False,False,False,False,False,False,0.07151162790697674,0.0563953488372093,,,-0.0603488372093023,-0.0327984496124031,0.06511627906976744,0.21046511627906977,-0.0004953802043067,0.18429072508768904,1770.0,1706.0,1.2857142857142858,-0.0034214277881346,0.0002287656502601,7.47751630308538e-05
2020-07-27,1910.0,1921.0,1810.0,1882.0,30500.0,1882.0,1742.6,1743.2,1823.8,1777.7066666666667,1863.845,False,False,False,False,True,False,False,True,False,False,True,-0.04144527098831031,-0.02975557917109458,,,0.0309245483528161,0.0554162238753099,-0.03506907545164718,0.10786397449521785,0.000727529101164,0.18225103258375402,1770.0,1669.0,16.944444444444443,0.0,0.0034214277881346,0.0012229093054707
2020-07-28,1825.0,1850.0,1825.0,1832.0,700.0,1832.0,1768.6,1751.0,1820.08,1779.4,1863.38,False,False,False,False,False,False,False,True,False,True,False,-0.01037117903930131,-0.019650655021834062,,,0.0065065502183406,0.028711790393013,-0.003820960698689956,0.1462882096069869,0.000951631636132,0.17818389491719017,1849.0,1694.0,0.0229508196721311,-0.0020438662036833,-0.0020438662036833,0.000224102534968
2020-07-29,1820.0,1820.0,1740.0,1786.0,500.0,1786.0,1784.0,1749.8,1815.2,1779.96,1862.615,False,False,False,False,False,False,False,True,False,True,False,0.0022396416573348264,0.013437849944008958,,,-0.0163493840985442,0.0033818589025755,0.019036954087346025,0.17245240761478164,0.0003146138115462,0.18139215910389753,1765.0,1700.0,0.7142857142857143,-0.0026884089907447,-0.0006445427870613,-0.0006370178245857
2020-07-30,1786.0,1786.0,1786.0,1786.0,200.0,1786.0,1801.2,1753.0,1810.32,1780.6133333333332,1861.895,False,False,False,False,False,False,False,True,False,True,False,0.02127659574468085,0.016237402015677492,,,-0.0136170212765957,0.0030160507652109,0.002799552071668533,0.18421052631578946,0.0003669147709402,0.1829435253850541,1768.0,1722.0,0.4,-0.0026956560166159,-7.247025871150864e-06,5.230095939397564e-05
2020-07-31,1863.0,1863.0,1783.0,1843.0,5200.0,1843.0,1825.8,1766.4,1808.0,1781.6666666666667,1861.415,False,False,False,False,False,False,False,True,False,False,False,-0.01410743353228432,-0.01465002712967987,,,0.0189907759088442,0.0332790739735937,-0.0005425935973955507,0.13564839934888767,0.0005912067352667,0.1769701086956521,1770.0,1750.0,26.0,-0.0012831858407079,0.0014124701759079,0.0002242919643264
2020-08-03,1775.0,1830.0,1775.0,1804.0,1000.0,1804.0,1810.2,1776.4,1803.44,1782.9466666666667,1860.995,False,False,False,False,False,False,False,True,False,True,False,0.012195121951219513,-0.009977827050997782,,,0.000310421286031,0.011670362158167,0.018292682926829267,0.1674057649667406,0.0007179126689151,0.1732154920063048,1760.0,1750.0,0.1923076923076923,-0.0025285010868118,-0.0012453152461039,0.0001267059336484
2020-08-04,1781.0,1813.0,1780.0,1813.0,1400.0,1813.0,1806.4,1787.5,1799.92,1784.0533333333333,1860.9,False,False,False,False,False,False,False,True,False,False,False,-0.009376723662437948,-0.02923331494760066,,,0.0072145615002757,0.0159661702518845,0.011031439602868174,0.16381687810259238,0.0006203103046246,0.16872727272727267,1784.0,1746.0,1.4,-0.0019556424729987,0.000572858613813,-9.76023642904934e-05
2020-08-05,1773.0,1796.0,1756.0,1790.0,500.0,1790.0,1807.2,1795.6,1795.0,1784.9066666666668,1860.67,False,False,False,False,False,True,False,True,False,True,False,0.0111731843575419,0.0033519553072625698,,,-0.0027932960893854,0.0028454376163872,0.027932960893854747,0.17486033519553074,0.0004780828876207,0.16685230563599907,1765.0,1775.0,0.3571428571428571,-0.0027409470752089,-0.0007853046022101,-0.0001422274170039
2020-08-06,1772.0,1844.0,1772.0,1824.0,1200.0,1824.0,1814.8,1808.0,1793.04,1786.2133333333334,1860.5,False,False,False,False,False,False,False,True,False,False,False,-0.004934210526315789,-0.013157894736842105,,,0.0169736842105263,0.0207163742690058,-0.003289473684210526,0.15515350877192982,0.0007315288953913,0.16122787610619468,1782.0,1763.0,2.4,-0.0010931156025521,0.0016478314726568,0.0002534460077706
2020-08-07,1784.0,1817.0,1784.0,1817.0,900.0,1817.0,1809.6,1817.7,1790.28,1787.506666666667,1860.26,False,False,False,False,False,False,False,True,False,True,False,-0.000550357732526142,0.020363236103467255,,,0.0147055586130985,0.0162318840579708,0.009906439185470555,0.1574023115024766,0.0007235404250241,0.15618638939318913,1820.0,1734.0,0.75,-0.001541658288089,-0.0004485426855368,-7.988470367178155e-06
2020-08-11,1837.0,1837.0,1801.0,1826.0,5500.0,1826.0,1814.0,1812.1,1788.48,1788.7866666666666,1860.185,False,False,True,False,False,False,False,True,False,False,False,-0.02190580503833516,0.029025191675794086,,,0.0205476451259583,0.0203797006206644,0.007119386637458927,0.16374589266155531,0.0007155688399584,0.161966778875338,1825.0,1763.0,6.111111111111111,-0.0010064412238325,0.0005352170642565,-7.971585065746564e-06
2020-08-12,1797.0,1804.0,1796.0,1796.0,500.0,1796.0,1810.6,1808.5,1786.2,1789.6933333333334,1859.955,False,False,False,False,False,False,False,True,False,True,False,-0.0200445434298441,0.01670378619153675,,,0.0054565701559019,0.0035115070527096,0.01893095768374165,0.18040089086859687,0.0005066044834497,0.16538567873928664,1849.0,1735.0,0.0909090909090909,-0.001276452804837,-0.0002700115810045,-0.0002089643565086
2020-08-13,1802.0,1810.0,1798.0,1810.0,1300.0,1810.0,1814.6,1810.9,1784.4,1790.76,1859.72,False,False,False,False,False,False,False,True,False,False,False,-0.0077348066298342545,0.017679558011049725,,,0.0141436464088397,0.0106298342541436,0.014917127071823204,0.16243093922651933,0.0005956502639474,0.16439339554917434,1860.0,1743.0,2.6,-0.0010087424344317,0.0002677103704053,8.904578049776348e-05
2020-08-14,1800.0,1815.0,1797.0,1815.0,1000.0,1815.0,1812.8,1813.8,1784.6,1791.8,1859.59,False,False,False,False,False,False,True,True,False,False,False,-0.008264462809917356,0.01928374655647383,,,0.0167493112947658,0.0127823691460055,0.03801652892561983,0.19008264462809918,0.0005804219220894,0.16501268056014995,1867.0,1731.0,0.7692307692307693,0.0001120699316372,0.0011208123660689,-1.5228341857990752e-05
2020-08-17,1809.0,1816.0,1809.0,1816.0,600.0,1816.0,1812.6,1811.1,1785.24,1793.2666666666669,1859.285,False,False,False,False,False,False,True,True,False,False,False,0.02092511013215859,0.00881057268722467,,,0.0169383259911894,0.0125183553597649,0.046255506607929514,0.20099118942731278,0.0008178742704191,0.1716084147755509,1876.0,1639.0,0.6,0.0003584952163295,0.0002464252846922,0.0002374523483296
2020-08-18,1797.0,1816.0,1750.0,1786.0,3600.0,1786.0,1804.6,1809.3,1783.04,1794.8266666666666,1858.83,False,False,False,False,False,False,False,True,False,True,False,0.052071668533034715,0.0167973124300112,,,0.0016573348264277,-0.0049421425905188,0.06215005599104143,0.21892497200447927,0.0008691647104268,0.17669817056320128,1882.0,1681.0,6.0,-0.001233847810481,-0.0015923430268105,5.129044000772964e-05
2020-08-19,1753.0,1773.0,1732.0,1760.0,1700.0,1760.0,1797.4,1804.0,1783.28,1795.7066666666667,1858.255,False,False,False,False,False,False,True,True,False,False,False,0.0375,0.036931818181818184,,,-0.0132272727272727,-0.0202878787878788,0.048863636363636366,0.20738636363636365,0.0004900577674156,0.18098669623059868,1925.0,1717.0,0.4722222222222222,0.0001345834641783,0.0013684312746593,-0.0003791069430111
2020-08-20,1760.0,1814.0,1727.0,1796.0,6400.0,1796.0,1794.6,1804.6,1783.2,1796.986666666667,1857.755,False,False,False,False,False,False,False,True,False,True,False,0.025612472160356347,0.013363028953229399,,,0.0071269487750556,-0.0005493689680773,0.028953229398663696,0.2026726057906459,0.0007123035600339,0.183752632162252,1908.0,1724.0,3.764705882352941,-4.486316733957337e-05,-0.0001794466315179,0.0002222457926182
2020-08-21,1814.0,1814.0,1777.0,1800.0,900.0,1800.0,1791.6,1802.2,1785.04,1798.0266666666666,1857.29,False,False,False,False,False,False,True,True,True,False,False,0.027777777777777776,-0.005,,,0.0083111111111111,0.0010962962962963,0.021111111111111112,0.20555555555555555,0.0005784118885888,0.18882476972589055,1908.0,1744.0,0.140625,0.0010307892260116,0.0010756523933512,-0.0001338916714451
2020-08-24,1800.0,1862.0,1799.0,1854.0,2100.0,1854.0,1799.2,1805.9,1790.84,1799.4133333333334,1857.135,False,False,False,False,False,False,True,True,False,False,True,-0.011866235167206042,-0.006472491909385114,,,0.034066882416397,0.0294426465300251,-0.0010787486515641855,0.1494066882416397,0.000770621535908,0.1879395315355225,1901.0,1770.0,2.333333333333333,0.0032387036251144,0.0022079143991027,0.0001922096473192
2020-08-25,1879.0,1879.0,1821.0,1879.0,10500.0,1879.0,1817.8,1811.2,1797.84,1801.1333333333334,1857.04,False,False,False,False,False,False,True,True,False,False,False,-0.03352847259180415,-0.022352315061202766,,,0.0431931878658861,0.0414404825261663,-0.006386375731772219,0.13890367216604577,0.0009549542880408,0.18529151943462904,1918.0,1770.0,5.0,0.0038935611622836,0.0006548575371691,0.0001843327521328
2020-08-26,1839.0,1846.0,1806.0,1826.0,600.0,1826.0,1831.0,1814.2,1802.8,1802.2,1856.72,True,True,False,False,False,False,True,True,False,True,False,-0.0005476451259583,0.0038335158817086,,,0.0127053669222344,0.0130339539978093,0.0388828039430449,0.1664841182913472,0.0005918691969074,0.1838827031198325,1901.0,1849.0,0.0571428571428571,0.0027512757932105,-0.001142285369073,-0.0003630850911334
2020-08-27,1811.0,1848.0,1811.0,1842.0,300.0,1842.0,1840.2,1817.4,1808.12,1803.0933333333328,1856.47,False,False,False,False,False,False,True,True,False,False,False,-0.011943539630836048,-0.0010857763300760044,,,0.0183930510314875,0.0211219688744121,0.046145494028230184,0.15363735070575463,0.0004954448651203,0.1829536700781336,1913.0,1765.0,0.5,0.0029422825918633,0.0001910067986527,-9.642433178709272e-05
2020-08-28,1842.0,1850.0,1832.0,1850.0,1100.0,1850.0,1850.2,1820.9,1814.12,1804.253333333333,1856.265,False,False,False,False,False,False,True,True,False,False,False,-0.03189189189189189,-0.017297297297297298,,,0.0193945945945946,0.024727927927928,0.04378378378378378,0.16756756756756758,0.0006429252359241,0.1806798835740568,1873.0,1768.0,3.6666666666666665,0.00330738870637,0.0003651061145066,0.0001474803708038
2020-08-31,1813.0,1832.0,1813.0,1832.0,500.0,1832.0,1845.8,1822.5,1818.6,1805.56,1855.96,False,False,False,False,False,False,True,True,False,True,False,0.0054585152838427945,0.0016375545851528383,,,0.0073144104803493,0.0144323144104803,0.05458515283842795,0.20032751091703058,0.0007236905263003,0.180631001371742,1886.0,1770.0,0.4545454545454545,0.0024634334103156,-0.0008439552960543,8.076529037616713e-05
2020-09-01,1816.0,1816.0,1816.0,1816.0,100.0,1816.0,1833.2,1825.5,1815.96,1806.2666666666669,1855.525,False,False,False,False,False,False,False,True,False,True,False,0.011563876651982379,0.012665198237885462,,,2.202643171804164e-05,0.0053597650513948,0.06993392070484582,0.21145374449339208,0.0003912305307449,0.1799506984387839,1871.0,1760.0,0.2,-0.0014537765149011,-0.0039172099252167,-0.0003324599955553
2020-09-02,1824.0,1825.0,1815.0,1825.0,500.0,1825.0,1833.0,1832.0,1815.68,1807.4666666666667,1855.15,False,False,False,False,False,False,False,True,False,False,False,0.004383561643835616,0.0027397260273972603,,,0.0051068493150684,0.009607305936073,0.0684931506849315,0.19287671232876713,0.0006639126586012,0.17860262008733616,1853.0,1784.0,5.0,-0.0001542121959816,0.0012995643189194,0.0002726821278562
2020-09-03,1825.0,1825.0,1800.0,1820.0,600.0,1820.0,1828.6,1834.4,1817.04,1808.493333333333,1854.75,False,False,False,False,False,False,True,True,False,False,False,0.01098901098901099,0.00934065934065934,,,0.0016263736263736,0.0063223443223444,0.07417582417582418,0.17912087912087912,0.0005676917065401,0.17629742695159184,1855.0,1765.0,1.2,0.0007484700391845,0.0009026822351662,-9.622095206114492e-05
2020-09-04,1786.0,1819.0,1786.0,1791.0,700.0,1791.0,1816.8,1833.5,1817.24,1809.2933333333333,1854.185,False,False,False,False,False,False,True,True,False,True,False,0.01507537688442211,0.051926298157453935,,,-0.0146510329424902,-0.0102140331286059,0.09156895589056394,0.19765494137353434,0.0004421615805803,0.17551131715298618,1810.0,1782.0,1.1666666666666667,0.0001100570095309,-0.0006384130296535,-0.0001255301259597
2020-09-07,1791.0,1842.0,1791.0,1842.0,3400.0,1842.0,1818.8,1832.3,1817.2,1812.0,1853.845,False,False,False,False,False,False,False,True,False,True,False,-0.003800217155266015,0.031487513572204126,,,0.0134636264929424,0.01628664495114,0.06188925081433225,0.16232356134636264,0.0014937454010301,0.17682693882006234,1800.0,1820.0,4.857142857142857,-2.201188641864605e-05,-0.0001320688959496,0.0010515838204498
2020-09-08,1806.0,1841.0,1806.0,1837.0,1200.0,1837.0,1823.0,1828.1,1818.52,1814.08,1853.43,False,False,False,False,False,False,True,True,False,False,False,0.0010887316276537834,0.0326619488296135,,,0.0100598802395209,0.0124768644529123,0.0658682634730539,0.17201959716929777,0.0011465866995942,0.1802417810841858,1841.0,1825.0,0.3529411764705882,0.0007258649891119,0.0007478768755306,-0.0003471587014359
2020-09-09,1823.0,1833.0,1822.0,1833.0,300.0,1833.0,1824.6,1828.8,1819.32,1815.6266666666668,1852.915,False,False,False,False,False,False,True,True,False,True,False,-0.0016366612111292963,0.0070921985815602835,,,0.0074631751227496,0.0094780869248953,0.07201309328968904,0.1718494271685761,0.0008518638192874,0.18077427821522318,1754.0,1849.0,0.25,0.0004397247323175,-0.0002861402567944,-0.0002947228803067
2020-09-10,1823.0,1840.0,1822.0,1840.0,1800.0,1840.0,1828.6,1828.6,1821.32,1817.1733333333327,1852.3,False,False,False,False,False,False,True,True,True,False,False,-0.0016304347826086956,0.004347826086956522,,,0.0101521739130435,0.0124057971014493,0.07173913043478261,0.16847826086956522,0.0008511387649681,0.18227058952203884,1798.0,1860.0,6.0,0.0010981046713372,0.0006583799390197,-7.250543193196898e-07
2020-09-11,1810.0,1834.0,1810.0,1818.0,600.0,1818.0,1834.0,1825.4,1821.08,1818.16,1851.605,False,False,False,False,False,False,False,True,False,True,False,0.036303630363036306,0.011001100110011002,,,-0.0016941694169416,-8.800880088013303e-05,0.1474147414741474,0.1716171617161716,0.0005426731787449,0.18269968226142214,1754.0,1867.0,0.3333333333333333,-0.0001317899268565,-0.0012298945981938,-0.0003084655862232
2020-09-14,1797.0,1835.0,1797.0,1835.0,300.0,1835.0,1832.6,1825.7,1821.8,1819.0266666666664,1851.025,False,False,False,False,False,False,True,True,False,False,False,0.035422343324250684,0.009264305177111716,,,0.0071934604904632,0.0087048138056313,0.14332425068119892,0.16348773841961853,0.0004764452784271,0.17899983567946537,1709.0,1876.0,0.5,0.000395213525085,0.0005270034519416,-6.622790031783583e-05
2020-09-16,1840.0,1840.0,1839.0,1839.0,300.0,1839.0,1833.0,1828.0,1822.32,1819.9466666666667,1850.47,False,False,False,False,False,False,True,True,False,True,False,0.031538879825992384,0.015225666122892877,,,0.0090701468189233,0.0103607032807685,0.13920609026644915,0.16367591082109842,0.0005055093189545,0.17423413566739607,1704.0,1882.0,1.0,0.000285350542166,-0.000109862982919,2.906404052745892e-05
2020-09-17,1840.0,1840.0,1830.0,1830.0,300.0,1830.0,1832.4,1828.5,1823.68,1819.6933333333327,1849.88,False,False,False,False,False,False,True,False,False,False,False,0.008743169398907104,0.0366120218579235,,,0.0034535519125682,0.005632058287796,0.12404371584699453,0.15846994535519127,-0.0001392175971043,0.1707957342083676,1702.0,1925.0,1.0,0.0007457448675206,0.0004603943253546,-0.0006447269160589
2020-09-18,1843.0,1845.0,1825.0,1837.0,2800.0,1837.0,1831.8,1830.2,1824.76,1820.6533333333327,1849.265,False,False,False,False,False,False,True,True,False,True,False,0.005988023952095809,0.04899292324442025,,,0.0066630375612411,0.0088985665033569,0.11594991834512793,0.1633097441480675,0.0005272832463072,0.16921647907332535,1709.0,1908.0,9.333333333333334,0.0005918586553847,-0.0001538862121359,0.0006665008434116
2020-09-23,1917.0,1928.0,1844.0,1884.0,17100.0,1884.0,1845.0,1839.5,1827.52,1822.2,1848.92,False,False,False,False,False,False,True,True,True,False,True,-0.024416135881104035,0.024946921443736732,,,0.0299787685774947,0.0328025477707006,0.08014861995753715,0.13535031847133758,0.0008487908389127,0.1629790703995652,1700.0,1908.0,6.107142857142857,0.0015102433899492,0.0009183847345644,0.0003215075926055
2020-09-24,1909.0,1909.0,1880.0,1900.0,2300.0,1900.0,1858.0,1845.3,1830.88,1823.9333333333327,1848.675,False,False,False,False,False,False,True,True,False,False,False,-0.02526315789473684,0.016842105263157894,,,0.036378947368421,0.0400350877192983,0.08842105263157894,0.13421052631578947,0.0009503271318394,0.1600823714301197,1720.0,1901.0,0.1345029239766081,0.0018351830813598,0.0003249396914106,0.0001015362929267
2020-09-25,1900.0,1900.0,1882.0,1897.0,4900.0,1897.0,1869.6,1851.3,1835.32,1825.76,1848.435,False,False,False,False,False,False,True,True,False,False,False,-0.0158144438587243,0.024248813916710597,,,0.0325144965735372,0.0375540326831839,0.09225092250922509,0.15498154981549817,0.001000496596851,0.1583751958083509,1882.0,1918.0,2.130434782608696,0.0024191966523548,0.0005840135709949,5.016946501158043e-05
2020-09-28,1885.0,1885.0,1845.0,1846.0,2400.0,1846.0,1872.8,1852.6,1838.76,1826.5866666666664,1848.015,False,False,False,False,False,False,True,True,False,True,False,0.0276273022751896,0.056338028169014086,,,0.0039219934994582,0.0105164319248827,0.12621885157096424,0.20801733477789816,0.0004525745653092,0.16198855662312422,1832.0,1901.0,0.4897959183673469,0.001870825991429,-0.0005483706609257,-0.0005479220315418
2020-09-29,1846.0,1866.0,1846.0,1848.0,500.0,1848.0,1875.0,1853.4,1840.84,1827.6933333333327,1847.55,False,False,False,False,False,False,True,True,False,True,False,0.04274891774891775,0.057900432900432904,,,0.0038744588744589,0.010988455988456,0.11038961038961038,0.20075757575757575,0.0006054990990465,0.16520988453652735,1786.0,1913.0,0.2083333333333333,0.0011299189500445,-0.0007409070413845,0.0001529245337373
2020-09-30,1848.0,1851.0,1823.0,1838.0,3700.0,1838.0,1865.8,1855.4,1842.36,1828.44,1846.96,False,False,False,False,False,False,True,True,False,True,False,0.05059847660500544,0.06365614798694233,,,-0.0023721436343851,0.0052013057671381,0.11534276387377584,0.20565832426550598,0.0004083626844014,0.1685889835075993,1786.0,1873.0,7.4,0.0008250287674504,-0.000304890182594,-0.0001971364146451
2020-10-02,1838.0,1860.0,1825.0,1852.0,2200.0,1852.0,1856.2,1857.1,1842.28,1828.8666666666663,1846.4,False,False,False,False,False,False,False,True,False,True,False,0.04319654427645788,0.056155507559395246,,,0.0052483801295896,0.0124910007199425,0.10151187904967603,0.18250539956803455,0.0002332956658037,0.1704808572505519,1843.0,1886.0,0.5945945945945946,-4.342445230905576e-05,-0.0008684532197594,-0.0001750670185976
2020-10-05,1848.0,1888.0,1843.0,1867.0,2400.0,1867.0,1850.2,1859.9,1841.8,1829.4266666666667,1845.945,False,False,False,False,False,False,False,True,False,True,False,0.040707016604177824,0.04874129619710766,,,0.0134975897161221,0.0201249776825566,0.10069630423138726,0.1869309051955008,0.0003061068312843,0.1728049895155654,1804.0,1871.0,1.0909090909090908,-0.0002606146161363,-0.0002171901638273,7.28111654805903e-05
2020-10-06,1867.0,1897.0,1867.0,1897.0,2100.0,1897.0,1860.4,1866.6,1844.64,1830.0666666666664,1845.635,False,False,False,False,False,False,True,True,True,False,False,0.0279388508170796,0.03584607274644175,,,0.02760147601476,0.0352837814092428,0.08592514496573538,0.14602003162888771,0.0003497140359183,0.17148826743812276,1813.0,1853.0,0.875,0.0015395958018909,0.0018002104180273,4.360720463401512e-05
2020-10-07,1888.0,1927.0,1883.0,1927.0,1900.0,1927.0,1876.2,1875.6,1848.04,1830.96,1845.475,False,False,False,False,False,False,True,True,False,False,False,0.014530358069538143,0.0233523611831863,,,0.0409756097560975,0.0498391281785158,0.05967825635703165,0.13544369486248053,0.0004879043416206,0.16858605246321193,1790.0,1855.0,0.9047619047619048,0.0018397870175969,0.0003001912157059,0.0001381903057022
2020-10-08,1907.0,1938.0,1907.0,1931.0,1900.0,1931.0,1894.8,1880.3,1851.28,1831.8133333333333,1845.3,False,False,False,False,False,False,True,True,False,True,False,0.012428793371310202,0.08026929052304506,,,0.0412843086483687,0.0513654410495425,0.06887622993267736,0.12480580010357328,0.0004658407698018,0.1674200925384247,1824.0,1810.0,1.0,0.0017501404433689,-8.964657422803066e-05,-2.206357181878136e-05
2020-10-09,1931.0,1939.0,1910.0,1932.0,2300.0,1932.0,1910.8,1883.5,1855.28,1832.56,1844.935,False,False,False,False,False,False,True,True,False,False,False,0.012422360248447204,0.08592132505175984,,,0.0397101449275362,0.0514699792960662,0.07763975155279502,0.12111801242236025,0.0004074445948109,0.1660207061322006,1817.0,1800.0,1.2105263157894737,0.0021560087965158,0.0004058683531469,-5.839617499091705e-05
2020-10-12,1932.0,1959.0,1921.0,1943.0,6300.0,1943.0,1926.0,1888.1,1860.36,1833.3733333333328,1844.715,False,False,False,False,False,False,True,True,False,False,False,0.007720020586721565,0.0782295419454452,,,0.0425321667524447,0.0564213415680222,0.07308286155429748,0.11477097272259393,0.0004436266845084,0.16185583390710234,1826.0,1841.0,2.739130434782609,0.0027306542819668,0.000574645485451,3.618208969751856e-05
2020-10-13,1949.0,1950.0,1943.0,1950.0,1600.0,1950.0,1936.6,1898.5,1865.36,1833.7066666666667,1844.465,False,False,False,False,False,False,True,True,False,True,False,0.007692307692307693,0.054871794871794874,,,0.0434051282051282,0.0596376068376068,0.07692307692307693,0.1076923076923077,0.0001817811645631,0.15180405583355272,1796.0,1754.0,0.2539682539682539,0.0026804477419908,-5.020653997606962e-05,-0.0002618455199452
2020-10-14,1945.0,1955.0,1945.0,1955.0,1000.0,1955.0,1942.2,1909.2,1870.76,1834.3333333333333,1844.26,False,False,False,False,False,False,True,True,False,False,False,0.008695652173913044,0.04859335038363171,,,0.0430895140664961,0.0617220801364024,0.0710997442455243,0.10792838874680306,0.0003416318371796,0.14257280536350306,1810.0,1798.0,0.625,0.0028865274006286,0.0002060796586378,0.0001598506726164
2020-10-15,1919.0,1955.0,1919.0,1955.0,1900.0,1955.0,1947.0,1920.9,1877.32,1834.96,1844.05,False,False,False,False,False,False,True,True,False,False,False,0.0670076726342711,0.04092071611253197,,,0.0397340153452685,0.0614015345268542,0.08184143222506395,0.10485933503836317,0.0003415151647266,0.1326982143786767,1815.0,1754.0,1.9,0.0034943429995951,0.0006078155989664,-1.166724530263512e-07
2020-10-16,1945.0,1959.0,1942.0,1956.0,1400.0,1956.0,1951.8,1931.3,1881.88,1835.6933333333327,1843.92,False,False,False,False,False,False,True,True,False,True,False,0.07259713701431493,0.05725971370143149,,,0.0378936605316972,0.0615064758009544,0.07004089979550102,0.10071574642126789,0.0003994857528852,0.12468285610728523,1816.0,1709.0,0.7368421052631579,0.0024231088060876,-0.0010712341935075,5.797058815863005e-05
2020-10-19,1945.0,1965.0,1945.0,1958.0,800.0,1958.0,1954.8,1940.4,1886.72,1836.2266666666667,1843.84,False,False,False,False,False,False,True,True,False,False,False,0.06996935648621042,0.05822267620020429,,,0.0364044943820224,0.0621927136533878,0.0755873340143003,0.09244126659856997,0.0002904507068845,0.11544011544011544,1786.0,1704.0,0.5714285714285714,0.0025652985074626,0.000142189701375,-0.0001090350460007
2020-10-20,1945.0,1965.0,1938.0,1965.0,2300.0,1965.0,1957.8,1947.2,1892.0,1837.08,1843.775,False,False,False,False,False,False,True,True,False,False,False,0.04681933842239186,0.05801526717557252,,,0.0371501272264631,0.0650992366412214,0.0737913486005089,0.06870229007633588,0.0004645052656026,0.10774445357436316,1760.0,1702.0,2.875,0.0027906976744185,0.0002253991669559,0.000174054558718
2020-10-21,1964.0,1975.0,1950.0,1972.0,2400.0,1972.0,1961.2,1951.7,1897.28,1837.8666666666663,1843.805,False,False,False,False,False,False,True,True,False,True,False,0.03955375253549696,0.04056795131845842,,,0.0378904665314401,0.0680189317106154,0.06643002028397565,0.06338742393509128,0.0004280325014508,0.10052774504278324,1796.0,1709.0,1.0434782608695652,0.0027829313543599,-7.766320058678975e-06,-3.647276415179231e-05
2020-10-22,1973.0,2141.0,1970.0,2086.0,8200.0,2086.0,1987.4,1967.2,1908.0,1840.7066666666667,1844.39,False,False,False,False,False,False,True,True,False,False,False,-0.02444870565675935,-0.01725790987535954,,,0.0853307766059443,0.117590284435922,0.010067114093959731,-0.01725790987535954,0.001542885703317,0.0856547376982512,1800.0,1700.0,3.4166666666666665,0.0056184486373165,0.0028355172829566,0.0011148532018662
2020-10-23,2064.0,2098.0,2022.0,2098.0,7700.0,2098.0,2015.8,1983.8,1918.52,1843.5333333333333,1845.035,False,False,False,False,False,False,True,True,False,True,False,-0.014299332697807437,-0.027645376549094377,,,0.0855481410867493,0.121290117572291,0.0023832221163012394,-0.01572926596758818,0.0015332875275738,0.07147897973586045,1854.0,1720.0,0.9390243902439024,0.005483393449117,-0.0001350551881995,-9.598175743220742e-06
2020-10-26,2100.0,2100.0,2071.0,2095.0,7700.0,2095.0,2043.2,1999.0,1928.76,1846.52,1845.66,False,False,False,False,False,False,True,True,False,True,False,-0.010978520286396181,-0.01909307875894988,,,0.0793508353221957,0.1186062052505966,0.014319809069212411,-0.01909307875894988,0.0016174569821429,0.05777888944472236,1879.0,1882.0,1.0,0.0053091105166013,-0.0001742829325156,8.41694545691688e-05
2020-10-27,2080.0,2095.0,2032.0,2057.0,3000.0,2057.0,2061.6,2009.7,1937.84,1849.24,1846.025,False,False,False,False,False,False,True,True,False,True,False,0.0106951871657754,0.0014584346135148275,,,0.0579290228488089,0.1010014584346135,0.030627126883811376,0.008264462809917356,0.001470874521425,0.047867840971289266,1826.0,1832.0,0.3896103896103896,0.004685629360525,-0.0006234811560762,-0.0001465824607179
2020-10-28,2057.0,2057.0,2033.0,2050.0,700.0,2050.0,2077.2,2019.2,1946.36,1851.84,1846.35,False,False,False,False,False,False,True,True,False,True,False,0.000975609756097561,-0.003902439024390244,,,0.0505560975609756,0.0966634146341463,0.026341463414634145,0.024390243902439025,0.0014040089856574,0.03966917591125205,1842.0,1786.0,0.2333333333333333,0.0043774019194804,-0.0003082274410446,-6.686553576757347e-05
2020-10-29,2034.0,2038.0,2018.0,2035.0,5000.0,2035.0,2067.0,2027.2,1952.4,1854.84,1846.56,False,False,False,False,False,False,True,True,False,True,False,0.007371007371007371,0.01425061425061425,,,0.0405896805896805,0.0885307125307125,0.06142506142506143,0.023095823095823097,0.0016173901792068,0.03171862667719019,1850.0,1786.0,7.142857142857143,0.0030936283548454,-0.001283773564635,0.0002133811935493
2020-10-30,2035.0,2080.0,2014.0,2068.0,2800.0,2068.0,2061.0,2038.4,1959.12,1858.4133333333327,1846.935,False,False,False,False,False,False,True,True,False,False,False,-0.013539651837524178,0.006769825918762089,,,0.0526499032882012,0.1013475177304965,0.054642166344294,0.0009671179883945841,0.0019227871804621,0.021978021978021844,1832.0,1843.0,0.56,0.0034301114786229,0.0003364831237775,0.0003053970012553
2020-11-02,2060.0,2072.0,2060.0,2072.0,300.0,2072.0,2056.4,2049.8,1966.12,1861.493333333333,1847.37,False,False,False,False,False,False,True,True,False,False,False,-0.008204633204633204,0.006274131274131274,,,0.0511003861003861,0.1015958815958817,0.05067567567567568,-0.014961389961389961,0.0016545855657106,0.011513318372524103,1816.0,1804.0,0.1071428571428571,0.0035603116798567,0.0001302002012338,-0.0002682016147515
2020-11-04,2079.0,2079.0,2034.0,2079.0,1000.0,2079.0,2060.8,2061.2,1975.44,1865.8266666666664,1847.815,False,False,False,False,False,False,True,True,False,False,False,-0.00913900913900914,0.010101010101010102,,,0.0498124098124097,0.1025364758698093,0.022126022126022125,-0.00962000962000962,0.0023224736845865,0.003929749660392182,1825.0,1813.0,3.333333333333333,0.0047179362572389,0.0011576245773822,0.0006678881188759
2020-11-05,2067.0,2071.0,2021.0,2052.0,2300.0,2052.0,2061.2,2069.2,1983.6,1869.213333333333,1848.125,False,False,False,False,False,False,True,True,False,True,False,-0.004873294346978557,0.02046783625730994,,,0.0333333333333333,0.0890773229369721,0.05263157894736842,-0.00341130604288499,0.0018118138824889,-0.002464720664991257,1820.0,1790.0,2.3,0.0041137326073804,-0.0006042036498585,-0.0005106598020976
2020-11-06,2034.0,2052.0,2030.0,2050.0,1700.0,2050.0,2064.2,2065.6,1992.08,1873.16,1848.455,False,False,False,False,False,False,True,True,False,False,False,0.006829268292682927,0.03170731707317073,,,0.0282536585365854,0.0862634146341463,0.05853658536585366,-0.0024390243902439024,0.0021069565155496,-0.0009682416731216112,1791.0,1824.0,0.7391304347826086,0.0042568571543311,0.0001431245469507,0.0002951426330606
2020-11-10,2012.0,2040.0,2012.0,2040.0,600.0,2040.0,2058.6,2059.8,1999.6,1877.5733333333333,1848.78,False,False,False,False,False,False,True,True,False,True,False,0.020588235294117647,0.025980392156862746,,,0.0198039215686274,0.0796209150326797,0.0446078431372549,-0.004411764705882353,0.0023505517760512,0.00019419361103002047,1842.0,1817.0,0.3529411764705882,0.00376075215043,-0.000496105003901,0.0002435952605016
2020-11-11,2060.0,2070.0,2050.0,2055.0,3900.0,2055.0,2055.2,2055.8,2007.12,1882.253333333333,1849.165,False,False,False,False,False,False,True,True,False,True,False,0.014598540145985401,0.024817518248175182,,,0.0232992700729927,0.0840616382806165,0.0413625304136253,-0.01167883211678832,0.0024863815710247,0.0009728572818367545,1837.0,1826.0,6.5,0.003746661883694,-1.4090266736036926e-05,0.0001358297949734
2020-11-12,2055.0,2060.0,2055.0,2060.0,500.0,2060.0,2051.4,2056.1,2013.64,1887.0266666666664,1849.565,False,False,False,False,False,False,True,True,False,True,False,0.019417475728155338,0.024271844660194174,,,0.0225048543689319,0.0839676375404532,0.03398058252427184,-0.02330097087378641,0.0025295526648625,-0.002188609503428822,1833.0,1796.0,0.1282051282051282,0.0032379174033095,-0.0005087444803845,4.317109383781062e-05
2020-11-13,2035.0,2042.0,2032.0,2042.0,700.0,2042.0,2049.4,2055.3,2018.24,1891.4666666666667,1849.93,False,False,False,False,False,False,True,True,False,True,False,0.025465230166503428,0.029872673849167482,,,0.0116356513222331,0.0737185765589291,0.04064642507345739,0.0009794319294809011,0.0023473847455239,-0.004524886877828142,1840.0,1810.0,1.4,0.0022792135722212,-0.0009587038310882,-0.0001821679193386
2020-11-16,2042.0,2068.0,2019.0,2064.0,3000.0,2064.0,2052.2,2058.2,2023.56,1896.32,1850.59,False,False,False,False,False,False,True,True,False,False,False,0.024709302325581394,0.020833333333333332,,,0.0195930232558139,0.0812403100775194,0.046511627906976744,0.00048449612403100775,0.0025593430082123,-0.006753473909241019,1818.0,1815.0,4.285714285714286,0.0026290300262902,0.0003498164540689,0.0002119582626884
2020-11-17,2064.0,2089.0,2041.0,2082.0,5200.0,2082.0,2060.6,2059.6,2029.56,1901.1466666666668,1851.39,False,False,False,False,False,False,True,True,False,False,False,0.005283381364073006,0.010086455331412104,,,0.0251873198847262,0.0868651937239833,0.056195965417867436,-0.008165225744476465,0.0025388186778506,-0.007671392503398697,1835.0,1816.0,1.7333333333333334,0.0029563058002719,0.0003272757739817,-2.0524330361704635e-05
2020-11-18,2099.0,2139.0,2085.0,2085.0,9400.0,2085.0,2066.6,2060.9,2035.24,1903.8533333333328,1852.115,False,False,False,False,False,False,True,True,False,True,False,0.010071942446043165,0.019184652278177457,,,0.0238657074340527,0.0868808952837732,0.05515587529976019,-0.03884892086330935,0.0014216781404726,-0.0100926779562328,1839.0,1786.0,1.807692307692308,0.0027908256520115,-0.0001654801482603,-0.0011171405373779
2020-11-19,2102.0,2102.0,2061.0,2100.0,900.0,2100.0,2074.6,2063.0,2041.24,1907.4266666666667,1852.755,False,False,False,False,False,False,True,True,False,False,False,0.004761904761904762,0.009523809523809525,,,0.0279809523809523,0.0917015873015872,0.03666666666666667,-0.02619047619047619,0.0018733791425798,-0.011778962675714957,1830.0,1760.0,0.0957446808510638,0.0029393897826811,0.0001485641306695,0.0004517010021071
2020-11-20,2100.0,2100.0,2088.0,2094.0,1000.0,2094.0,2085.0,2067.2,2046.8,1911.5333333333333,1853.33,False,False,False,False,False,False,True,True,False,True,False,0.004297994269340974,0.004775549188156638,,,0.0225405921680993,0.0871378541865648,0.024832855778414518,0.017191977077363897,0.0021483625710598,-0.009674922600619086,1837.0,1796.0,1.1111111111111112,0.0027164354113738,-0.0002229543713072,0.0002749834284799
2020-11-24,2079.0,2130.0,2079.0,2115.0,9000.0,2115.0,2095.2,2073.7,2053.2,1915.92,1853.98,False,False,False,False,False,False,True,True,False,False,False,-0.0037825059101654845,0.02127659574468085,,,0.0292198581560284,0.094127659574468,0.014184397163120567,0.02364066193853428,0.0022895875958634,-0.006992332545691277,1884.0,1800.0,9.0,0.003117085525034,0.0004006501136602,0.0001412250248036
2020-11-25,2124.0,2124.0,2080.0,2093.0,4700.0,2093.0,2097.4,2079.0,2058.68,1919.253333333333,1854.465,False,False,False,False,False,False,True,True,False,True,False,0.004777830864787387,0.042044911610129,,,0.0163975155279503,0.0830132186653926,0.022933588150979456,0.043478260869565216,0.0017367865280941,-0.0021645021645021645,1900.0,1854.0,0.5222222222222223,0.0026618998581615,-0.0004551856668724,-0.0005528010677693
2020-11-26,2071.0,2119.0,2071.0,2106.0,3800.0,2106.0,2101.6,2084.1,2064.6,1923.28,1854.92,False,False,False,False,False,False,True,True,False,False,False,0.009021842355175688,0.033713200379867046,,,0.0196581196581197,0.0867616334283001,0.02231718898385565,0.03466286799620133,0.0020936455776937,0.00249508180989409,1897.0,1879.0,0.8085106382978723,0.0028673835125448,0.0002054836543832,0.0003568590495996
2020-11-27,2113.0,2115.0,2098.0,2110.0,1100.0,2110.0,2103.6,2089.1,2070.4,1927.24,1855.165,False,False,False,False,False,False,True,True,False,True,False,0.004739336492890996,0.0071090047393364926,,,0.0187677725118483,0.0866161137440758,0.01800947867298578,0.036492890995260666,0.002054751873145,0.00847254798717164,1846.0,1826.0,0.2894736842105263,0.0028013910355487,-6.599247699606457e-05,-3.889370454873307e-05
2020-11-30,2108.0,2108.0,2087.0,2103.0,1700.0,2103.0,2105.4,2095.2,2075.64,1931.4133333333327,1855.405,False,False,False,False,False,False,True,True,False,True,False,0.00047551117451260106,0.02710413694721826,,,0.0130099857346648,0.0815913773973689,0.02234902520209225,0.02662862577270566,0.0021607665543711,0.011025200458190323,1848.0,1842.0,1.5454545454545454,0.002524522556898,-0.0002768684786507,0.0001060146812261
2020-12-01,2105.0,2108.0,2093.0,2107.0,1800.0,2107.0,2103.8,2099.5,2076.48,1935.1866666666667,1855.795,False,False,False,False,False,False,True,True,False,True,False,0.025154247745609874,0.029900332225913623,,,0.014485049833887,0.0815440594842587,0.010915994304698624,0.0033222591362126247,0.0019498549666183,0.011288402000476217,1838.0,1850.0,1.0588235294117647,0.0004045307443366,-0.0021199918125613,-0.0002109115877528
2020-12-02,2106.0,2106.0,2103.0,2103.0,600.0,2103.0,2105.8,2101.6,2076.68,1939.0,1856.145,False,False,False,False,False,False,True,True,False,True,False,0.037089871611982884,0.01331431288635283,,,0.0125154541131717,0.0779838326200665,0.015216357584403234,0.02330004755111745,0.0019666494756747,0.014417586600685279,1852.0,1832.0,0.3333333333333333,9.630756784859396e-05,-0.000308223176488,1.6794509056402814e-05
2020-12-03,2096.0,2129.0,2051.0,2125.0,3200.0,2125.0,2109.6,2105.6,2077.88,1942.986666666667,1856.755,False,False,False,False,False,False,True,True,False,False,False,0.02447058823529412,0.007058823529411765,,,0.0221741176470587,0.0856533333333332,0.007058823529411765,-0.034823529411764705,0.0020518239960474,0.014722644376899697,1867.0,1816.0,5.333333333333333,0.0005775116946119,0.0004812041267633,8.517452037272878e-05
2020-12-04,2120.0,2125.0,2103.0,2120.0,2800.0,2120.0,2111.6,2107.6,2080.4,1947.3066666666664,1857.225,False,False,False,False,False,False,True,True,True,False,False,0.0023584905660377358,0.0047169811320754715,,,0.0186792452830188,0.0814591194968554,0.0,-0.029716981132075472,0.0022184487291846,0.014329094704877716,1897.0,1825.0,0.875,0.0012113055181695,0.0006337938235576,0.0001666247331372
2020-12-07,2116.0,2116.0,2102.0,2104.0,400.0,2104.0,2111.8,2108.6,2082.56,1951.2266666666667,1857.52,False,False,False,False,False,False,True,True,False,True,False,0.026615969581749048,0.009980988593155894,,,0.010190114068441,0.0726108998732572,0.01568441064638783,-0.03184410646387833,0.0020089926336938,0.00943754149672773,1927.0,1820.0,0.1428571428571428,0.001037185003073,-0.0001741205150965,-0.0002094560954908
2020-12-08,2110.0,2250.0,2066.0,2160.0,26900.0,2160.0,2122.4,2113.1,2087.56,1955.8266666666664,1858.15,False,False,False,False,False,False,True,True,False,False,True,0.004629629629629629,0.0,,,0.033537037037037,0.0945246913580248,-0.009722222222222222,-0.06018518518518518,0.0023519466619398,0.000899152903317444,1931.0,1791.0,67.25,0.0023951407384697,0.0013579557353967,0.000342954028246
2020-12-09,2141.0,2220.0,2141.0,2181.0,2800.0,2181.0,2138.0,2121.9,2092.08,1960.6933333333327,1858.97,False,False,False,False,False,False,True,True,False,True,False,-0.022925263640531865,0.008253094910591471,,,0.0407702888583219,0.1010117683020022,-0.01192113709307657,-0.05639614855570839,0.0024821151701439,-0.009189876997030963,1932.0,1842.0,0.104089219330855,0.0021605292340636,-0.000234611504406,0.000130168508204
2020-12-10,2180.0,2191.0,2170.0,2177.0,1900.0,2177.0,2148.4,2129.0,2096.28,1965.9066666666668,1859.605,False,False,False,False,False,False,True,True,False,True,False,-0.016995865870463943,0.010564997703261369,,,0.037078548461185,0.0969652426887153,0.006430868167202572,-0.05787781350482315,0.002651872248937,-0.018506341005166786,1943.0,1837.0,0.6785714285714286,0.0020035491441984,-0.0001569800898652,0.000169757078793
2020-12-11,2187.0,2189.0,2100.0,2125.0,3900.0,2125.0,2149.4,2130.5,2098.12,1970.7733333333333,1860.175,False,False,False,False,False,False,True,True,False,True,False,0.002352941176470588,0.02447058823529412,,,0.0126494117647059,0.0725772549019607,0.04941176470588235,-0.04847058823529412,0.0024694197878328,-0.026942032386763713,1950.0,1833.0,2.0526315789473686,0.0008769755781364,-0.0011265735660619,-0.0001824524611041
2020-12-14,2175.0,2175.0,2146.0,2160.0,7800.0,2160.0,2160.6,2136.2,2102.44,1975.6266666666668,1860.88,False,False,False,False,False,False,True,True,True,False,True,-0.016203703703703703,-0.006481481481481481,,,0.0266481481481481,0.0853580246913579,0.027314814814814816,-0.04861111111111111,0.0024566044866777,-0.03440689074056737,1955.0,1840.0,2.0,0.0020547554270277,0.0011777798488912,-1.2815301155098043e-05
2020-12-15,2176.0,2176.0,2165.0,2170.0,2800.0,2170.0,2162.6,2142.5,2107.24,1980.56,1861.47,False,False,False,False,False,False,True,True,False,False,False,-0.004608294930875576,-0.01152073732718894,,,0.0289216589861752,0.0872995391705069,0.02119815668202765,-0.06774193548387097,0.0024908780008346,-0.04149358226371066,1955.0,1818.0,0.358974358974359,0.0022778610884378,0.0002231056614101,3.427351415698438e-05
2020-12-16,2151.0,2151.0,2122.0,2131.0,2300.0,2131.0,2152.6,2145.3,2110.88,1984.253333333333,1862.04,False,False,False,False,False,False,True,True,False,True,False,0.031909901454716096,0.004692632566870014,,,0.0094415767245424,0.0688628187079619,0.027686532144533083,-0.050680431722196155,0.0018613214710486,-0.04875774949890464,1956.0,1835.0,0.8214285714285714,0.0017243993026606,-0.0005534617857771,-0.000629556529786
2020-12-17,2130.0,2140.0,2128.0,2140.0,1600.0,2140.0,2145.2,2146.8,2114.28,1987.733333333333,1862.49,False,False,False,False,False,False,True,True,False,True,False,0.028037383177570093,0.006074766355140187,,,0.0120186915887849,0.0711526479750779,0.03551401869158879,-0.06401869158878505,0.0017507378588677,-0.051658282094279896,1958.0,1839.0,0.6956521739130435,0.001608112454358,-0.0001162868483026,-0.0001105836121809
2020-12-18,2133.0,2136.0,2100.0,2130.0,2000.0,2130.0,2146.2,2147.8,2117.08,1991.7866666666664,1862.855,False,False,False,False,False,False,True,True,False,True,False,0.022065727699530517,0.008450704225352112,,,0.0060657276995305,0.064888888888889,0.020657276995305163,-0.07042253521126761,0.0020350238312001,-0.05568488686097408,1965.0,1830.0,1.25,0.0013225763787857,-0.0002855360755722,0.0002842859723323
2020-12-21,2118.0,2125.0,2118.0,2125.0,500.0,2125.0,2139.2,2149.9,2120.4,1995.56,1863.09,False,False,False,False,False,False,True,True,False,False,False,0.00988235294117647,0.011764705882352941,,,0.0021647058823528,0.0609129411764706,0.029647058823529412,-0.06823529411764706,0.0018908643856028,-0.05925857016605428,1972.0,1837.0,0.25,0.0015657423127712,0.0002431659339855,-0.0001441594455972
2020-12-22,2125.0,2160.0,2105.0,2160.0,11100.0,2160.0,2137.2,2149.9,2124.24,1999.6933333333327,1863.51,False,False,False,False,False,False,True,True,False,False,False,-0.006944444444444444,-0.013888888888888888,,,0.0165555555555556,0.0742160493827161,0.005555555555555556,-0.0787037037037037,0.0020669836041525,-0.06111912181961956,2086.0,1884.0,22.2,0.0018077053440287,0.0002419630312575,0.0001761192185497
2020-12-24,2165.0,2199.0,2162.0,2199.0,5000.0,2199.0,2150.8,2151.7,2128.92,2004.5866666666664,1864.15,False,False,False,False,False,False,True,True,False,False,False,-0.0263756252842201,-0.02910413824465666,,,0.031869031377899,0.088409883280279,-0.015006821282401092,-0.09504320145520691,0.0024410684829457,-0.06506483245805632,2098.0,1900.0,0.4504504504504504,0.0021982977284258,0.000390592384397,0.0003740848787931
2020-12-25,2199.0,2200.0,2153.0,2200.0,5900.0,2200.0,2162.8,2154.0,2133.52,2009.7066666666667,1864.82,False,False,False,False,False,False,True,True,False,True,False,-0.021363636363636362,-0.02727272727272727,,,0.0302181818181818,0.0864969696969696,-0.015454545454545455,-0.09227272727272727,0.0025476354758241,-0.06857010213556176,2095.0,1897.0,1.18,0.0021560613446323,-4.223638379351495e-05,0.0001065669928784
2020-12-28,2155.0,2193.0,2155.0,2177.0,1100.0,2177.0,2172.2,2159.2,2136.6,2014.4,1865.31,False,False,False,False,False,False,True,True,False,True,False,-0.0133210840606339,-0.026182820395039046,,,0.0185576481396417,0.0746899402847955,-0.0078089113458888375,-0.07119889756545705,0.0023298914482393,-0.07081326417191547,2057.0,1846.0,0.1864406779661017,0.0014415426378357,-0.0007145187067965,-0.0002177440275848
2021-01-04,2146.0,2168.0,2146.0,2146.0,400.0,2086.167236328125,2176.4,2157.8,2138.68,2018.746666666667,1865.65,False,False,False,False,False,False,True,True,False,True,False,0.001863932898415657,-0.004193849021435228,0.0195712954333644,-0.0470643056849953,0.0034109972041007,0.0592979186082633,0.009319664492078284,-0.054520037278657965,0.0021531511300741,-0.07141533042914085,2050.0,1848.0,0.3636363636363636,0.0009725625151962,-0.0004689801226395,-0.0001767403181651
2021-01-05,2150.0,2170.0,2133.0,2145.0,3100.0,2085.1953125,2173.4,2155.3,2139.88,2023.4666666666667,1866.23,False,False,False,False,False,False,True,True,False,True,False,-0.006993006993006993,-0.002797202797202797,0.0125874125874125,-0.0466200466200466,0.0023869463869463,0.0566588966588966,0.006993006993006993,-0.035431235431235435,0.0023326304691617,-0.06820396232543044,2035.0,1838.0,7.75,0.000560779109109,-0.0004117834060872,0.0001794793390875
2021-01-06,2118.0,2159.0,2118.0,2141.0,700.0,2081.306640625,2161.8,2156.3,2141.8,2027.4533333333327,1867.03,False,False,False,False,False,False,True,True,False,False,False,-0.0028024287716020553,0.006539000467071462,0.0116767865483418,-0.0513778608127043,-0.000373657169547,0.0530344075976958,0.005604857543204111,-0.03549743110695937,0.001966342011982,-0.06668830867690033,2068.0,1852.0,0.2258064516129032,0.0008964422448408,0.0003356631357317,-0.0003662884571796
2021-01-07,2127.0,2153.0,2125.0,2153.0,500.0,2092.97216796875,2152.4,2157.6,2143.68,2031.6666666666667,1868.64,False,False,False,False,False,False,True,True,False,True,False,-0.006038086391082211,0.01764979098931723,0.0060380863910822,-0.0566651184393869,0.004328843474222,0.0563554729834339,-0.006502554575011612,-0.03901532745006967,0.0020738310090239,-0.06419169447534298,2072.0,1867.0,0.7142857142857143,0.0008769965666515,-1.944567818924412e-05,0.0001074889970418
2021-01-08,2140.0,2150.0,2140.0,2148.0,300.0,2088.111572265625,2146.6,2159.4,2145.2,2035.8666666666663,1870.69,False,False,False,False,False,False,True,True,False,True,False,-0.01303538175046555,0.038175046554934824,0.0055865921787709,-0.0633147113594041,0.0013035381750466,0.0522036002482931,-0.0223463687150838,-0.046089385474860335,0.002063003471085,-0.06177641937575256,2079.0,1897.0,0.6,0.0007085586425508,-0.0001684379241007,-1.0827537938913612e-05
2021-01-12,2146.0,2150.0,2146.0,2150.0,600.0,2090.055908203125,2147.4,2161.9,2147.08,2040.0,1872.45,False,False,False,False,False,False,True,True,False,False,False,-0.0060465116279069765,0.03209302325581395,0.0074418604651162,-0.0493023255813953,0.0013581395348837,0.0511627906976744,-0.024651162790697675,-0.06744186046511629,0.0020261437908498,-0.061704981729034686,2052.0,1927.0,2.0,0.0008756078022244,0.0001670491596736,-3.685968023516787e-05
2021-01-13,2100.0,2135.0,2100.0,2130.0,800.0,2070.613525390625,2144.4,2158.9,2148.0,2044.16,1874.05,False,False,False,False,False,False,True,True,False,True,False,0.004225352112676056,0.04037558685446009,0.0140845070422535,-0.0305164319248826,-0.0084507042253521,0.040300469483568,-0.03755868544600939,-0.04225352112676056,0.002035065748278,-0.05808513594886289,2050.0,1931.0,1.3333333333333333,0.0004283054003724,-0.0004473024018519,8.921957428224651e-06
2021-01-14,2112.0,2135.0,2112.0,2135.0,300.0,2075.47412109375,2143.2,2152.5,2149.28,2048.16,1875.775,False,False,False,False,False,False,True,True,False,False,False,0.00936768149882904,0.02576112412177986,0.0084309133489461,-0.0327868852459016,-0.006688524590164,0.0406744730679157,-0.03278688524590164,-0.0468384074941452,0.0019529724240292,-0.05319396051103368,2040.0,1932.0,0.375,0.0005955482766322,0.0001672428762597,-8.209332424879956e-05
2021-01-15,2135.0,2140.0,2114.0,2140.0,400.0,2080.334716796875,2140.6,2146.5,2149.88,2052.173333333333,1877.575,False,False,False,False,False,False,True,True,False,True,False,0.02383177570093458,0.03551401869158879,-0.0004672897196261,-0.0635514018691588,-0.0046168224299065,0.0410404984423676,-0.0397196261682243,-0.04205607476635514,0.0019556502699576,-0.048078266946191495,2055.0,1943.0,1.3333333333333333,0.0002790853442982,-0.000316462932334,2.6778459284355644e-06
2021-01-18,2090.0,2130.0,2090.0,2120.0,1300.0,2060.892333984375,2135.0,2140.8,2149.88,2056.04,1879.275,False,False,False,False,False,False,False,True,False,True,False,0.05188679245283019,0.02547169811320755,-0.0094339622641509,-0.035377358490566,-0.0140943396226415,0.0301698113207547,-0.02169811320754717,-0.049528301886792456,0.0018806378604826,-0.04587070254110625,2060.0,1950.0,3.25,0.0,-0.0002790853442982,-7.501240947502784e-05
2021-01-19,2092.0,2137.0,2092.0,2137.0,300.0,2077.418212890625,2132.4,2139.9,2151.2,2060.04,1881.665,False,False,False,False,False,False,True,True,False,False,False,0.03837154890032756,0.023865231633130556,-0.0187178287318671,-0.0032756200280767,-0.0066448291998127,0.0360131024801123,-0.01731399157697707,-0.04117922321010763,0.0019417098697112,-0.044534791345390054,2042.0,1955.0,0.2307692307692307,0.0006136110078094,0.0006136110078094,6.107200922859826e-05
2021-01-20,2141.0,2141.0,2131.0,2139.0,800.0,2079.362548828125,2134.2,2139.3,2150.36,2063.44,1883.795,False,False,False,False,False,False,False,True,False,True,False,0.035998129967274424,0.015427769985974754,-0.0416082281439925,0.0121552127162225,-0.0053108929406265,0.0353249181860682,-0.02664796633941094,-0.02851799906498364,0.0016477338812856,-0.0438461178890292,2064.0,1955.0,2.6666666666666665,-0.000390632266225,-0.0010042432740345,-0.0002939759884256
2021-01-21,2140.0,2159.0,2134.0,2155.0,1500.0,2094.91650390625,2138.2,2140.7,2149.32,2066.84,1886.57,False,False,False,False,True,False,False,True,False,True,False,0.016241299303944315,0.005104408352668214,-0.0417633410672853,0.0134570765661252,0.0026357308584686,0.0409095127610208,-0.03944315545243619,-0.058004640371229696,0.0016450233206247,-0.046106413789881735,2082.0,1956.0,1.875,-0.0004838739694414,-9.324170321643443e-05,-2.710560660898519e-06
2021-01-22,2152.0,2200.0,2141.0,2191.0,4900.0,2129.91259765625,2148.4,2144.5,2149.88,2070.76,1889.595,False,False,False,False,False,False,True,True,False,False,False,0.011410314924691922,-0.011410314924691922,-0.062072113190324,-0.0054769511638521,0.0187676859881332,0.0548790506617981,-0.06846188954815152,-0.06389776357827476,0.0018930247831714,-0.04863604569829795,2085.0,1958.0,3.2666666666666666,0.0002604796546783,0.0007443536241198,0.0002480014625466
2021-01-25,2200.0,2237.0,2133.0,2230.0,7300.0,2167.8251953125,2170.4,2152.7,2154.08,2075.88,1893.13,False,False,False,False,False,False,True,True,True,False,False,-0.025112107623318385,-0.03139013452914798,-0.0699551569506726,-0.0192825112107623,0.0340448430493273,0.0691121076233183,-0.07668161434977579,-0.07174887892376682,0.0024664238780661,-0.05128443350211356,2100.0,1965.0,1.489795918367347,0.0019497883086978,0.0016893086540194,0.0005733990948946
2021-01-26,2180.0,2220.0,2180.0,2219.0,3300.0,2157.132080078125,2186.8,2159.6,2156.44,2080.826666666667,1896.325,False,False,False,False,False,False,True,True,False,True,False,-0.013970256872465074,-0.023884632717440287,-0.0536277602523659,-0.0270392068499324,0.0281928796755294,0.0622682890190775,-0.07841369986480397,-0.06714736367733214,0.0023772603196165,-0.05130579736988319,2094.0,1972.0,0.4520547945205479,0.0010943963198605,-0.0008553919888372,-8.916355844953115e-05
2021-01-27,2217.0,2217.0,2114.0,2216.0,5800.0,2154.215576171875,2202.2,2168.2,2158.28,2085.866666666667,1900.005,False,False,False,False,False,False,True,True,False,True,False,-0.019855595667870037,-0.02527075812274368,-0.0604693140794223,-0.0460288808664259,0.0260469314079421,0.0587244283995186,-0.07716606498194946,-0.05189530685920578,0.00241626182562,-0.05225532699935418,2115.0,2086.0,1.7575757575757576,0.0008525307189058,-0.0002418656009547,3.9001506003442585e-05
2021-01-28,2187.0,2219.0,2141.0,2190.0,1200.0,2128.940673828125,2209.2,2173.7,2160.64,2090.373333333333,1903.33,False,False,False,False,False,False,True,True,False,False,False,-0.010958904109589041,-0.016894977168949773,-0.0547945205479452,-0.0173515981735159,0.0134063926940639,0.0454916286149164,-0.07260273972602739,-0.0182648401826484,0.0021559147329342,-0.04936283755808057,2093.0,2098.0,0.2068965517241379,0.0010922689573458,0.0002397382384399,-0.0002603470926857
2021-01-29,2190.0,2217.0,2190.0,2216.0,3400.0,2154.215576171875,2214.2,2181.3,2163.68,2095.026666666666,1906.645,False,False,False,False,False,False,True,True,False,False,False,-0.02256317689530686,-0.034747292418772564,-0.078971119133574,-0.0744584837545126,0.0236101083032491,0.0545908543922986,-0.08348375451263539,-0.024368231046931407,0.0022211332234433,-0.04754045752532905,2106.0,2095.0,2.833333333333333,0.0014050136803963,0.0003127447230505,6.521849050914299e-05
2021-02-01,2166.0,2209.0,2151.0,2174.0,1700.0,2113.38671875,2203.0,2186.7,2165.44,2098.72,1909.56,False,False,False,False,False,False,True,True,False,True,False,-0.006439742410303588,-0.03403863845446182,-0.0528978840846366,-0.0538178472861085,0.0039374425022998,0.0346274149034039,-0.07451701931922723,-0.014719411223551058,0.0017598028004372,-0.04408469383088656,2110.0,2057.0,0.5,0.0008127678439486,-0.0005922458364476,-0.0004613304230061
2021-02-02,2188.0,2188.0,2188.0,2188.0,100.0,2126.996337890625,2196.8,2191.8,2167.96,2102.2,1912.21,False,False,False,False,False,False,True,True,False,False,False,-0.010054844606946984,-0.041590493601462525,-0.0653564899451553,-0.0690127970749543,0.0091590493601462,0.0392138939670933,-0.06581352833638025,-0.026051188299817184,0.0016554086195414,-0.04256775253216542,2103.0,2050.0,0.0588235294117647,0.0011623830697983,0.0003496152258496,-0.0001043941808957
2021-02-03,2183.0,2183.0,2149.0,2172.0,1000.0,2111.4423828125,2188.0,2195.1,2168.44,2105.4133333333334,1914.19,False,False,False,False,False,False,True,True,False,True,False,-0.0055248618784530384,-0.056169429097605895,-0.0584714548802946,-0.0653775322283609,0.0016390423572743,0.0306568446899938,-0.049263351749539594,-0.01841620626151013,0.0015262244626551,-0.04154708213748796,2107.0,2035.0,10.0,0.000221357289111,-0.0009410257806872,-0.0001291841568863
2021-02-04,2172.0,2172.0,2166.0,2166.0,500.0,2105.609619140625,2183.2,2196.2,2167.12,2108.5333333333333,1916.09,False,False,False,False,False,False,False,True,False,True,False,-0.006001846722068329,-0.04662973222530009,-0.0623268698060941,-0.0498614958448753,-0.0005170821791319,0.0265312403816559,-0.04662973222530009,-0.017082179132040628,0.0014797015302895,-0.037519351607321574,2103.0,2068.0,0.5,-0.0006091033260733,-0.0008304606151844,-4.6522932365556085e-05
2021-02-05,2166.0,2166.0,2116.0,2166.0,800.0,2105.609619140625,2173.2,2193.7,2165.76,2111.5066666666667,1917.995,False,False,False,False,False,False,False,True,False,True,False,-0.012465373961218837,-0.05124653739612189,-0.0623268698060941,-0.0530932594644506,0.0001108033240996,0.0251585103108648,-0.07479224376731301,-0.02123730378578024,0.0014081572084388,-0.03327711172904226,2125.0,2072.0,1.6,-0.0006279550827421,-1.885175666877609e-05,-7.15443218507136e-05
2021-02-08,2156.0,2160.0,2150.0,2160.0,1100.0,2099.777099609375,2170.4,2186.7,2165.08,2114.306666666667,1920.27,False,False,False,False,False,False,False,True,False,False,False,-0.027777777777777776,-0.03981481481481482,-0.0685185185185185,-0.0638888888888888,-0.0023518518518518,0.0211543209876542,-0.05324074074074074,-0.0125,0.0013243112005197,-0.027301413088215036,2120.0,2079.0,1.375,-0.00031407615423,0.0003138789285121,-8.38460079191309e-05
2021-02-09,2122.0,2166.0,2116.0,2166.0,800.0,2105.609619140625,2166.0,2181.4,2165.88,2117.12,1922.38,False,False,False,False,False,False,True,True,False,False,False,-0.03185595567867036,-0.030470914127423823,-0.0563250230840258,-0.0512465373961218,5.540166204981111e-05,0.0225669436749769,-0.01662049861495845,-0.019852262234533704,0.0013288492543327,-0.022508480792151786,2104.0,2052.0,0.7272727272727273,0.0003693648770939,0.0006834410313239,4.538053813075201e-06
2021-02-10,2163.0,2163.0,2063.0,2160.0,3100.0,2099.777099609375,2163.6,2175.8,2166.48,2119.853333333333,1924.495,False,False,False,False,False,False,True,True,False,True,False,-0.05092592592592592,-0.03611111111111111,-0.0439814814814814,-0.0634259259259259,-0.003,0.0185864197530865,0.0023148148148148147,-0.029166666666666667,0.0012893973796928,-0.02017648680944944,2160.0,2050.0,3.875,0.0002769469369668,-9.241794012708595e-05,-3.945187463996096e-05
2021-02-12,2110.0,2158.0,2110.0,2153.0,2100.0,2092.97216796875,2161.0,2172.1,2166.96,2122.48,1926.44,False,False,False,False,False,False,True,True,False,True,False,-0.04087320018578727,-0.03855085926614027,-0.0408732001857872,-0.0603808639108221,-0.0064839758476544,0.0141755689735253,0.014398513701811427,-0.019507663725034836,0.0012375460153532,-0.02030293264582658,2181.0,2040.0,0.6774193548387096,0.000221508472699,-5.543846426774601e-05,-5.185136433956579e-05
2021-02-15,2107.0,2139.0,2107.0,2139.0,1400.0,2079.362548828125,2155.6,2164.4,2166.4,2124.893333333333,1928.595,False,False,False,False,False,False,False,True,False,True,False,-0.03927068723702665,-0.04581580177653109,-0.0631136044880785,-0.0635811126694717,-0.012809724170173,0.0065949820788532,0.018700327255726974,-0.008882655446470314,0.0011357432843686,-0.01875808538162997,2177.0,2055.0,0.6666666666666666,-0.000258493353028,-0.0004800018257271,-0.0001018027309846
2021-02-16,2104.0,2117.0,2100.0,2100.0,1100.0,2041.4498291015625,2143.6,2157.0,2164.48,2126.693333333333,1930.445,False,False,False,False,False,False,False,True,False,True,False,-0.012380952380952381,-0.019523809523809523,-0.0261904761904761,-0.0571428571428571,-0.0307047619047619,-0.012711111111111,0.041428571428571426,0.009523809523809525,0.0008463843713559,-0.016411682892906856,2125.0,2060.0,0.7857142857142857,-0.0008870490833826,-0.0006285557303546,-0.0002893589130126
2021-02-17,2054.0,2099.0,2050.0,2097.0,2200.0,2038.533447265625,2129.8,2147.9,2162.36,2128.36,1932.3,False,False,False,False,False,False,False,True,False,True,False,0.001430615164520744,-0.02479732951835956,0.0157367668097281,-0.055793991416309,-0.031168335717692,-0.0149546971864569,0.02956604673342871,0.008583690987124463,0.0007830755448641,-0.01298943153778113,2160.0,2042.0,2.0,-0.0009804102924581,-9.336120907554208e-05,-6.330882649182418e-05
2021-02-18,2051.0,2096.0,2050.0,2050.0,800.0,1992.8438720703125,2107.8,2135.7,2159.16,2127.88,1933.92,False,False,False,False,False,False,False,False,False,True,False,0.015609756097560976,-0.0024390243902439024,0.0560975609756097,-0.0292682926829268,-0.0532487804878048,-0.037990243902439,0.03121951219512195,0.02926829268292683,-0.0002255766302611,-0.008381326965397591,2170.0,2064.0,0.3636363636363636,-0.0014820578373072,-0.000501647544849,-0.0010086521751252
2021-02-19,2051.0,2099.0,2049.0,2065.0,1300.0,2007.4256591796875,2090.2,2125.6,2156.36,2127.44,1935.645,False,False,False,False,False,False,False,False,False,False,False,0.002421307506053269,-0.01646489104116223,0.0576271186440678,-0.036319612590799,-0.0442421307506053,-0.0302372881355932,0.042130750605326873,0.02711864406779661,-0.0002068213439627,-0.00404591644712077,2131.0,2082.0,1.625,-0.0012984844831103,0.0001835733541969,1.8755286298390884e-05
2021-02-22,2095.0,2095.0,2055.0,2055.0,900.0,1997.7044677734373,2073.4,2114.5,2152.96,2126.9066666666668,1937.27,False,False,False,False,False,False,False,False,False,True,False,-0.006812652068126521,-0.01167883211678832,0.0603406326034063,-0.0282238442822384,-0.047669099756691,-0.0349910786699108,-0.0019464720194647203,0.015571776155717762,-0.0002507554006444,-0.0003783400331048389,2140.0,2085.0,0.6923076923076923,-0.0015792211652794,-0.0002807366821691,-4.39340566817045e-05
2021-02-24,2074.0,2074.0,2050.0,2074.0,1000.0,2016.1748046875,2068.2,2105.9,2151.12,2127.133333333333,1939.0,False,False,False,False,False,False,False,True,False,False,False,-0.007232401157184185,-0.029893924783027964,0.0544840887174541,-0.0250723240115718,-0.0371841851494695,-0.0256187720990034,-0.00819672131147541,0.016875602700096432,0.0001065596890963,0.002564224322142595,2130.0,2100.0,1.1111111111111112,-0.0008553683662464,0.0007238527990329,0.0003573150897407
2021-02-25,2095.0,2100.0,2095.0,2100.0,2500.0,2041.4498291015625,2068.8,2099.3,2149.64,2127.8,1940.85,False,False,False,False,False,False,False,True,False,False,False,-0.02619047619047619,-0.02666666666666667,0.028095238095238,-0.0338095238095238,-0.0236380952380951,-0.0132380952380953,-0.03,-0.018571428571428572,0.0003133126546982,0.0027628257038059003,2125.0,2094.0,2.5,-0.0006884873746301,0.0001668809916163,0.0002067529656019
2021-02-26,2093.0,2093.0,2036.0,2082.0,1500.0,2023.95166015625,2075.2,2091.5,2147.36,2128.4266666666667,1942.575,False,False,False,False,False,False,False,True,False,True,False,-0.01777137367915466,-0.008165225744476465,0.0153698366954851,-0.0062439961575408,-0.0313928914505284,-0.0222990714056996,-0.024975984630163303,-0.010086455331412104,0.0002944271825197,0.0047812574707147976,2160.0,2115.0,0.6,-0.0010617688696817,-0.0003732814950515,-1.888547217852432e-05
2021-03-01,2081.0,2100.0,2066.0,2070.0,1900.0,2012.2862548828125,2076.2,2083.2,2143.96,2128.4533333333334,1944.395,False,False,False,False,False,False,False,True,False,True,False,-0.01884057971014493,-0.0024154589371980675,0.0396135265700483,-0.002415458937198,-0.0357294685990338,-0.0282383252818035,-0.005797101449275362,-0.025603864734299518,1.2528659308156038e-05,0.004272273425499276,2199.0,2093.0,1.2666666666666666,-0.0015858504822851,-0.0005240816126034,-0.0002818985232115
2021-03-02,2070.0,2070.0,2041.0,2041.0,700.0,1984.0948486328125,2073.4,2073.4,2137.96,2128.04,1946.255,False,False,False,False,False,False,False,False,False,True,False,-0.004899559039686428,-0.018128368446839783,0.0048995590396864,0.0137187653111219,-0.0475061244487996,-0.0426457618814306,0.004899559039686428,0.018128368446839783,-0.0001942319379961,0.006993344265457702,2200.0,2106.0,0.3684210526315789,-0.0028064135905255,-0.0012205631082403,-0.0002067605973043
2021-03-03,2041.0,2073.0,2041.0,2059.0,600.0,2001.593017578125,2070.4,2069.3,2131.12,2127.773333333333,1948.08,False,False,False,False,False,False,False,False,False,True,False,-0.022826614861583293,-0.006799417192812044,-0.0009713453132588,-0.0048567265662943,-0.0350267119961145,-0.0334013275052613,-0.017969888295288974,0.009713453132588635,-0.0001253266325361,0.007007200502585415,2177.0,2110.0,0.8571428571428571,-0.0032095799391869,-0.0004031663486614,6.890530546004318e-05
2021-03-04,2046.0,2046.0,2045.0,2045.0,300.0,1987.9832763671875,2059.4,2064.1,2124.16,2127.68,1949.805,False,False,True,False,False,False,False,False,False,True,False,-0.0004889975550122249,0.04156479217603912,-0.0039119804400977,-0.0195599022004889,-0.0387090464547676,-0.0404303178484106,0.004889975550122249,0.05134474327628362,-4.386624555066949e-05,0.011239765515236798,2146.0,2103.0,0.5,-0.0032765893341368,-6.700939494983047e-05,8.146038698547732e-05
2021-03-05,2018.0,2045.0,2006.0,2045.0,1000.0,1987.9832763671875,2052.0,2063.6,2117.32,2127.613333333333,1951.42,False,False,False,False,False,False,False,False,False,False,False,0.009779951100244499,0.05867970660146699,-0.0073349633251833,-0.0024449877750611,-0.0353643031784841,-0.0403977180114096,-0.010757946210268949,0.04938875305623472,-3.13340143260966e-05,0.013229308005427497,2145.0,2107.0,3.333333333333333,-0.0032304989326127,4.609040152402577e-05,1.253223122457289e-05
2021-03-08,2045.0,2045.0,2031.0,2031.0,300.0,1974.3736572265625,2044.2,2060.2,2110.96,2127.4933333333333,1952.825,False,False,False,False,False,False,False,False,False,False,False,0.01674052191038897,0.07533234859675036,0.0132939438700147,0.0019694731659281,-0.039369768586903,-0.0475102576727392,-0.003938946331856229,0.05662235352043329,-5.640440706407358e-05,0.01611494029705867,2141.0,2103.0,0.3,-0.0030128472353811,0.0002176516972316,-2.5070392737976986e-05
2021-03-09,2031.0,2031.0,2031.0,2031.0,100.0,1974.3736572265625,2042.2,2057.8,2103.56,2127.173333333333,1954.23,False,False,False,False,False,False,False,False,False,True,False,-0.013293943870014771,0.07287050713934022,0.0098473658296405,0.0093549975381585,-0.0357262432299359,-0.0473526998194648,-0.013786312161496799,0.04283604135893648,-0.0001504343792702,0.01880649237049267,2153.0,2125.0,0.3333333333333333,-0.0035178459373633,-0.0005049987019822,-9.402997220614591e-05
2021-03-10,2031.0,2031.0,2012.0,2012.0,300.0,1955.9033203125,2032.8,2051.6,2097.08,2126.5333333333333,1955.56,False,False,False,False,False,False,False,False,False,False,False,0.016401590457256462,0.08697813121272366,0.0049701789264413,0.0014910536779324,-0.0422862823061629,-0.0569251159708416,-0.015904572564612324,0.03926441351888668,-0.0003009593077935,0.021007993760967007,2148.0,2120.0,3.0,-0.0030900108722604,0.0004278350651028,-0.0001505249285233
2021-03-11,2012.0,2044.0,2012.0,2044.0,300.0,1987.01123046875,2032.6,2046.0,2091.32,2126.56,1956.905,False,False,False,False,False,False,False,True,False,False,False,0.04207436399217221,0.05626223091976516,0.0053816046966731,0.0024461839530332,-0.0231506849315069,-0.0403913894324853,-0.03131115459882583,0.01761252446183953,1.2539813909150183e-05,0.02473118279569888,2150.0,2104.0,1.0,-0.0027542413403973,0.0003357695318631,0.0003134991217026
2021-03-12,2044.0,2066.0,2032.0,2065.0,400.0,2007.4256591796875,2036.6,2044.3,2087.04,2126.5733333333333,1958.415,False,False,False,False,False,False,False,True,False,False,False,0.048426150121065374,0.023728813559322035,-0.0203389830508474,0.0062953995157384,-0.0106731234866827,-0.0298175948345439,-0.03631961259079903,0.007263922518159807,6.269867643088352e-06,0.026512742748128967,2130.0,2160.0,1.3333333333333333,-0.0020507513032812,0.000703490037116,-6.269946266061832e-06
2021-03-15,2065.0,2065.0,2019.0,2065.0,500.0,2007.4256591796875,2043.4,2043.8,2083.0,2126.346666666667,1960.07,False,False,False,False,False,False,False,False,False,False,False,0.0576271186440678,0.042130750605326873,-0.0203389830508474,-0.0169491525423728,-0.0087167070217917,-0.0297078288942696,-0.03631961259079903,-0.00048426150121065375,-0.000106599112092,0.029063509149623183,2135.0,2181.0,1.25,-0.0019395103216514,0.0001112409816298,-0.000112868979735
2021-03-16,2065.0,2065.0,2004.0,2004.0,2600.0,1948.12646484375,2038.0,2040.1,2076.52,2125.266666666667,1961.275,False,False,False,False,False,False,False,False,False,True,False,0.08732534930139721,0.023453093812375248,-0.0004990019960079,0.0234530938123752,-0.0361876247504989,-0.0605123087159016,-0.003493013972055888,0.018962075848303395,-0.0005081715235734,0.029165236998186364,2140.0,2177.0,5.2,-0.0031206056286479,-0.0011810953069964,-0.0004015724114814
2021-03-17,2010.0,2060.0,2010.0,2045.0,1500.0,1987.9832763671875,2044.6,2038.7,2071.92,2124.5333333333333,1962.825,False,False,False,False,False,False,False,False,False,False,False,0.06943765281173594,0.0058679706601467,-0.0317848410757946,0.0122249388753056,-0.0131638141809291,-0.0388916055419722,-0.011246943765281174,0.0034229828850855745,-0.0003451738420987,0.028547603865208243,2120.0,2125.0,0.5769230769230769,-0.002220162940654,0.0009004426879939,0.0001629976814747
2021-03-18,2050.0,2150.0,2049.0,2130.0,2700.0,2070.613525390625,2061.8,2047.2,2070.48,2125.0133333333333,1964.76,False,False,False,False,True,False,False,True,False,False,True,0.013615023474178404,-0.04366197183098591,-0.0704225352112676,-0.028169014084507,0.0279436619718309,0.0023411580594679,-0.047417840375586856,-0.036619718309859155,0.000225880935649,0.01949003516998821,2137.0,2160.0,1.8,-0.0006954909006607,0.0015246720399932,0.0005710547777478
2021-03-19,2124.0,2169.0,2121.0,2165.0,1900.0,2104.6376953125,2081.8,2059.2,2070.68,2125.68,1966.93,False,False,False,False,False,False,True,True,False,False,False,-0.023556581986143188,-0.06235565819861432,-0.0808314087759815,-0.0295612009237875,0.0435658198614319,0.018161662817552,-0.04434180138568129,-0.03926096997690531,0.0003136251301543,0.010343822843822932,2139.0,2170.0,0.7037037037037037,9.658662854705608e-05,0.0007920775292077,8.774419450531794e-05
2021-03-22,2220.0,2220.0,2171.0,2184.0,7300.0,2123.10791015625,2105.6,2074.5,2071.92,2126.893333333333,1969.655,False,False,False,False,False,False,True,True,False,False,False,-0.014652014652014652,-0.057692307692307696,-0.0888278388278388,-0.0155677655677655,0.0513186813186812,0.0261477411477413,-0.05448717948717949,-0.043498168498168496,0.00057047211269,0.00014461315979762926,2155.0,2131.0,3.842105263157895,0.0005984787057416,0.0005018920771945,0.0002568469825357
2021-03-23,2229.0,2229.0,2179.0,2179.0,600.0,2118.247314453125,2140.6,2089.3,2073.52,2127.866666666667,1972.145,False,False,False,False,False,False,True,True,False,False,False,-0.058742542450665444,-0.058742542450665444,-0.0835245525470399,-0.007801743919229,0.0484075263882515,0.023466421906073,-0.050481872418540616,-0.04956402019274897,0.0004574221442448,-0.009189680754319758,2191.0,2140.0,0.0821917808219178,0.0007716347081291,0.0001731560023874,-0.0001130499684452
2021-03-24,2188.0,2188.0,2168.0,2187.0,1000.0,2126.024169921875,2169.0,2106.8,2077.0,2128.893333333333,1974.495,False,False,False,False,False,False,True,True,True,False,False,-0.05944215820759031,-0.07544581618655692,-0.0754458161865569,-0.0205761316872428,0.0502972107910379,0.0265691205608902,-0.06310013717421124,-0.053040695016003656,0.0004822536904931,-0.01836909056388849,2230.0,2130.0,1.6666666666666667,0.0016754935002407,0.0009038587921116,2.48315462482624e-05
2021-03-25,2137.0,2191.0,2121.0,2159.0,5400.0,2098.804931640625,2174.8,2118.3,2079.48,2129.64,1976.67,False,False,False,False,False,False,True,True,False,True,False,-0.05650764242704956,-0.048170449282075034,-0.0602130616025937,-0.0129689671144048,0.0368318666049096,0.0135988883742473,-0.07132931912922649,-0.005094951366373321,0.0003506069883486,-0.020488127271868994,2219.0,2125.0,5.4,0.0011926058437686,-0.000482887656472,-0.0001316467021444
2021-03-26,2152.0,2152.0,2114.0,2114.0,300.0,2055.0595703125,2164.6,2123.2,2082.04,2129.733333333333,1978.52,False,False,False,False,False,False,True,True,False,False,False,-0.039735099337748346,-0.04304635761589404,-0.021286660359508,0.0085146641438032,0.0151182592242195,-0.0074424471775464,-0.03500473036896878,-0.000946073793755913,4.382395292051358e-05,-0.021241522230595288,2216.0,2160.0,0.0555555555555555,0.0012295633129046,3.695746913598181e-05,-0.0003067830354281
2021-03-29,2120.0,2152.0,2120.0,2152.0,500.0,2092.0,2158.2,2131.9,2085.52,2130.3866666666668,1980.43,False,False,False,False,False,False,True,True,False,False,False,-0.04368029739776952,-0.05994423791821561,-0.0404275092936802,-0.0106877323420074,0.0308921933085501,0.0100433705080544,-0.05436802973977695,-0.005111524163568773,0.0003066735929003,-0.02162390356020447,2190.0,2199.0,1.6666666666666667,0.0016686485864436,0.000439085273539,0.0002628496399798
2021-03-30,2142.0,2142.0,2051.0,2051.0,700.0,2051.0,2132.6,2136.6,2085.36,2129.4,1981.835,False,False,False,False,False,False,False,False,False,True,False,0.0,-0.02340321794246709,0.0087762067284251,0.0336421257922964,-0.0167528035104827,-0.0382252559726962,-0.00048756704046806434,0.04583130180399805,-0.0004633543095081,-0.018955349620893007,2216.0,2200.0,1.4,-7.67253615681966e-05,-0.0017453739480118,-0.0007700279024085
2021-03-31,2051.0,2118.0,2050.0,2057.0,1200.0,2057.0,2106.6,2137.8,2084.68,2128.56,1982.875,False,False,False,False,False,False,False,False,False,True,False,-0.01701507049100632,-0.0374331550802139,-0.0038891589693728,0.0369470102090422,-0.01345649003403,-0.0347885269810403,-0.020418084589207585,0.023821098687408847,-0.0003946329913181,-0.01698007297221451,2174.0,2177.0,1.7142857142857142,-0.0003261891513327,-0.0002494637897645,6.872131819001876e-05
2021-04-01,2057.0,2057.0,2037.0,2037.0,500.0,2037.0,2082.2,2128.5,2082.16,2127.6666666666665,1984.235,False,False,False,False,False,False,False,False,False,True,False,0.008836524300441826,-0.027982326951399118,-0.0157093765341188,0.0422189494354442,-0.022169857633775,-0.0445099001800032,0.005891016200294551,0.03240058910162003,-0.0004198652671158,-0.010288935870331263,2188.0,2146.0,0.4166666666666667,-0.0012102816306143,-0.0008840924792816,-2.5232275797679377e-05
2021-04-02,2021.0,2030.0,1982.0,2030.0,3000.0,2030.0,2065.4,2115.0,2080.08,2125.9333333333334,1985.545,False,False,False,False,False,False,False,False,False,False,False,-0.0034482758620689655,-0.019704433497536946,0.0049261083743842,0.0330049261083743,-0.0246699507389162,-0.0472577996715928,0.023645320197044337,0.03596059113300493,-0.0008153281695881,-0.002884160756501139,2172.0,2145.0,6.0,-0.0009999615399407,0.0002103200906736,-0.0003954629024723
2021-04-05,2001.0,2058.0,2000.0,2058.0,1000.0,2058.0,2046.6,2102.4,2079.6,2124.293333333333,1986.985,False,False,False,False,False,False,False,False,False,False,False,-0.017006802721088437,-0.03304178814382896,-0.0111758989310009,0.0257531584062196,-0.0104956268221573,-0.0322125040492386,-0.013605442176870748,0.027696793002915453,-0.0007720214408557,0.0043283866057838224,2166.0,2141.0,0.3333333333333333,-0.0002308136180034,0.0007691479219372,4.330672873237946e-05
2021-04-06,2022.0,2061.0,2022.0,2051.0,1000.0,2051.0,2046.6,2089.6,2080.0,2122.613333333333,1988.44,False,False,False,False,False,False,True,False,False,False,False,-0.02340321794246709,-0.026328620185275476,-0.000487567040468,0.0336421257922964,-0.0141394441735738,-0.034916300991386,0.0,0.025841053144807412,-0.0007914771727934,0.012059724349157865,2166.0,2153.0,1.0,0.0001923076923077,0.0004231213103112,-1.945573193764367e-05
2021-04-07,2030.0,2045.0,2022.0,2022.0,400.0,2022.0,2039.6,2073.1,2078.52,2121.24,1989.63,False,False,False,False,False,False,False,False,False,True,False,-0.020771513353115726,0.0,-0.0034619188921859,0.0484668644906033,-0.0279525222551928,-0.0490801186943619,0.02373887240356083,0.04896142433234421,-0.000647420062479,0.02252665090926645,2160.0,2148.0,0.4,-0.0007120451090198,-0.0009043528013276,0.0001440571103144
2021-04-08,2022.0,2069.0,2021.0,2055.0,600.0,2055.0,2043.2,2062.7,2078.92,2119.84,1991.08,False,False,False,False,False,False,True,False,False,False,False,-0.0364963503649635,-0.012652068126520682,-0.002919708029197,0.0291970802919708,-0.011639902676399,-0.0315523114355231,0.0072992700729927005,0.031630170316301706,-0.0006604272020528,0.026324720027148973,2166.0,2150.0,1.5,0.0001924075962519,0.0009044527052718,-1.300713957379468e-05
2021-04-09,2055.0,2055.0,2011.0,2023.0,1000.0,2023.0,2041.8,2053.6,2078.04,2117.88,1992.285,False,False,False,False,False,False,False,False,False,True,False,-0.016312407315867524,0.022738507167572912,0.0271873455264458,0.0430054374691052,-0.0272071181413741,-0.0469006426099852,0.03855659911023233,0.013346515076618883,-0.0009254537556424,0.027853525516166867,2160.0,2130.0,1.6666666666666667,-0.0004234759677388,-0.0006158835639908,-0.0002650265535896
2021-04-12,2023.0,2023.0,2023.0,2023.0,100.0,2023.0,2034.8,2040.7,2077.72,2116.44,1993.3,False,False,False,False,False,False,False,False,False,False,False,-0.016312407315867524,0.020761245674740483,0.0034602076124567,0.0484429065743944,-0.0270489372219475,-0.0461888284725655,0.06277805239742956,0.010874938210578349,-0.000680387821058,0.029646689861321983,2153.0,2135.0,0.1,-0.0001540149779566,0.0002694609897821,0.0002450659345844
2021-04-13,2003.0,2003.0,2003.0,2003.0,100.0,2003.0,2025.2,2035.9,2076.6,2114.613333333333,1994.19,False,False,False,False,False,False,False,False,False,True,False,-0.0029955067398901645,0.032950574138791815,0.0239640539191213,0.0419370943584623,-0.0367448826759859,-0.0557230820436009,0.07938092860708937,0.022965551672491265,-0.0008638301092085,0.027358907608428615,2139.0,2140.0,1.0,-0.0005393431570836,-0.0003853281791269,-0.0001834422881505
2021-04-14,2001.0,2001.0,1980.0,1980.0,2200.0,1980.0,2016.8,2028.2,2075.32,2112.613333333333,1994.845,False,False,False,False,False,False,False,False,False,True,False,0.021212121212121213,0.03484848484848485,0.0454545454545454,0.0651515151515151,-0.0481414141414142,-0.0669764309764306,0.08181818181818182,,-0.0009466947729825,,2100.0,2120.0,22.0,-0.0006167723531791,-7.742919609550405e-05,-8.286466377400103e-05
2021-04-15,1975.0,1980.0,1975.0,1980.0,200.0,1980.0,2001.8,2022.5,2072.76,2110.68,1995.445,False,False,False,False,False,False,False,False,False,True,False,0.024747474747474747,0.012626262626262626,0.0454545454545454,0.0409090909090909,-0.0468484848484849,-0.0659999999999999,0.07626262626262627,,-0.0009159765257324,,2097.0,2137.0,0.0909090909090909,-0.001235068218221,-0.0006182958650419,3.071824725015709e-05
2021-04-16,2020.0,2020.0,1990.0,1990.0,600.0,1990.0,1995.2,2018.5,2069.76,2108.4133333333334,1996.06,False,False,False,False,False,False,False,False,False,True,False,0.03969849246231156,0.02512562814070352,0.0557788944723618,0.0356783919597989,-0.0400804020100503,-0.0595041876046901,0.07135678391959799,,-0.0010750580215136,,2050.0,2139.0,3.0,-0.0014494434137291,-0.000214375195508,-0.0001590814957812
2021-04-19,1990.0,1990.0,1990.0,1990.0,0.0,1990.0,1988.6,2011.7,2066.76,2105.6266666666666,1996.63,False,False,False,False,False,False,False,False,False,True,False,0.03768844221105527,0.022613065326633167,0.0804020100502512,0.0135678391959798,-0.0385728643216081,-0.0581038525963148,0.06984924623115578,,-0.0013234381530123,,2065.0,2155.0,0.0,-0.0014515473494745,-2.103935745411756e-06,-0.0002483801314986
2021-04-21,1997.0,2023.0,1997.0,1997.0,800.0,1997.0,1987.4,2006.3,2066.48,2102.92,1997.205,False,False,False,False,False,False,False,False,False,False,False,0.03605408112168253,0.026539809714571858,0.0826239359038557,0.0405608412618928,-0.0347921882824236,-0.0530395593390085,0.06159238858287431,,-0.0012870992080851,,2055.0,2191.0,,-0.0001354961093261,0.0013160512401484,3.633894492716268e-05
2021-04-22,2021.0,2022.0,1993.0,2022.0,500.0,2022.0,1995.8,2006.3,2065.56,2100.853333333333,1997.69,False,False,False,False,False,False,False,False,False,True,False,0.013353115727002967,-0.0034619188921859545,0.059347181008902,0.0281899109792284,-0.0215430267062314,-0.0389976920540717,0.05489614243323442,,-0.0009837272473409,,2074.0,2230.0,0.625,-0.0004453997947288,-0.0003099036854027,0.0003033719607442
2021-04-23,2012.0,2029.0,2012.0,2029.0,600.0,2029.0,2005.6,2003.7,2061.52,2099.293333333333,1998.295,False,False,False,False,False,False,False,False,False,True,False,-0.011828486939379004,0.009857072449482503,0.0502710694923607,0.0596352883193691,-0.0160275998028585,-0.0346443239691143,0.046328240512567766,,-0.000743107204329,,2100.0,2219.0,1.2,-0.00195971904226,-0.0015143192475312,0.0002406200430119
2021-04-26,2076.0,2076.0,2066.0,2069.0,2600.0,2069.0,2021.4,2008.3,2057.68,2098.28,1999.1,False,False,False,False,True,False,False,False,False,False,True,-0.01401643305944901,0.0043499275012083135,0.0304494925084581,0.0372160463992266,0.0054712421459643,-0.0141517641372644,0.013533107781536975,,-0.0004829352294893,,2082.0,2216.0,4.333333333333333,-0.0018661793864935,9.353965576646468e-05,0.0002601719748397
2021-04-27,2060.0,2065.0,2030.0,2065.0,700.0,2065.0,2036.4,2012.5,2052.92,2097.266666666667,1999.92,False,False,False,False,False,False,False,False,False,True,False,-0.014527845036319613,-0.01694915254237288,0.0309927360774818,0.0392251815980629,0.0058498789346246,-0.0156255044390638,0.022276029055690073,,-0.0004831685686131,,2070.0,2190.0,0.2692307692307692,-0.0023186485591254,-0.0004524691726318,-2.333391237819898e-07
2021-04-28,2044.0,2069.0,2044.0,2069.0,200.0,2069.0,2050.8,2019.1,2048.52,2096.1466666666665,2000.675,False,False,False,False,False,False,False,False,False,False,False,-0.00918318028032866,-0.008699855002416627,0.0246495891735137,0.0236829386176897,0.0098985016916384,-0.0131206702110519,0.024649589173513776,,-0.0005343137566711,,2041.0,2216.0,0.2857142857142857,-0.0021478921367621,0.0001707564223632,-5.114518805802618e-05
2021-04-30,2058.0,2058.0,2040.0,2049.0,300.0,2049.0,2056.2,2026.0,2043.0,2094.826666666667,2001.415,False,False,False,False,False,False,False,False,False,True,False,-0.016593460224499756,0.010248901903367497,0.0409956076134699,0.0204978038067349,0.0029282576866764,-0.0223653814869042,0.03465104929233773,,-0.0006301237333875,,2059.0,2174.0,1.5,-0.0027019089574155,-0.0005540168206533,-9.580997671637224e-05
2021-05-06,2020.0,2070.0,2005.0,2005.0,2400.0,2005.0,2051.4,2028.5,2036.84,2092.893333333333,2001.875,False,False,False,False,False,True,False,False,False,True,False,0.021945137157107233,0.032418952618453865,0.0588528678304239,0.0374064837905236,-0.0158802992518702,-0.0438370739817122,0.05486284289276808,,-0.0009237610453155,,2045.0,2188.0,8.0,-0.0030242925315685,-0.0003223835741529,-0.0002936373119279
2021-05-07,2007.0,2056.0,2007.0,2040.0,1400.0,2040.0,2045.6,2033.5,2033.88,2091.693333333333,2002.71,False,False,False,False,False,False,False,False,False,False,False,0.018627450980392157,0.029901960784313727,0.0279411764705882,0.0196078431372549,0.0029999999999999,-0.0253398692810456,0.03431372549019608,,-0.0005736978652064,,2045.0,2172.0,0.5833333333333334,-0.0014553464314511,0.0015689461001174,0.000350063180109
2021-05-10,2030.0,2050.0,2030.0,2035.0,800.0,2035.0,2039.6,2038.0,2029.2,2090.36,2003.455,False,False,False,False,False,False,False,False,False,True,False,-0.002457002457002457,0.056511056511056514,0.0373464373464373,0.0142506142506142,0.0028501228501228,-0.0272039312039312,0.04226044226044226,,-0.0006378486640258,,2031.0,2166.0,0.5714285714285714,-0.0023063276167948,-0.0008509811853437,-6.415079881941569e-05
2021-05-11,2025.0,2050.0,2025.0,2050.0,1100.0,2050.0,2035.8,2043.3,2029.16,2089.16,2004.35,False,False,False,False,False,False,False,False,False,False,False,0.0004878048780487805,0.054634146341463415,0.0341463414634146,-0.0039024390243902,0.0101658536585365,-0.0191024390243901,0.018048780487804877,,-0.0005743935361582,,2031.0,2166.0,1.375,-1.971259043149068e-05,0.0022866150263633,6.345512786762439e-05
2021-05-12,2026.0,2034.0,2010.0,2015.0,700.0,2015.0,2029.0,2042.6,2027.48,2087.76,2005.16,False,False,False,False,False,True,False,False,False,True,False,0.02729528535980149,0.0630272952853598,0.0521091811414392,0.0183622828784119,-0.0061935483870967,-0.0361091811414393,0.04665012406947891,,-0.0006705751618958,,2012.0,2160.0,0.6363636363636364,-0.0008286148322055,-0.000808902241774,-9.618162573762532e-05
2021-05-13,2023.0,2049.0,2023.0,2049.0,500.0,2049.0,2037.8,2044.6,2027.96,2086.5866666666666,2006.13,False,False,False,False,False,False,True,False,False,False,False,0.010248901903367497,0.04001952171791118,0.0322108345534407,0.0014641288433382,0.0102684236212786,-0.0183439075972018,0.005856515373352855,,-0.0005623218781552,,2044.0,2166.0,0.7142857142857143,0.0002366910589952,0.0010653058912007,0.0001082532837406
2021-05-14,2038.0,2078.0,2038.0,2078.0,700.0,2078.0,2045.4,2045.5,2029.88,2085.773333333333,2007.47,False,False,False,False,False,False,True,False,False,False,False,0.011068334937439845,0.02598652550529355,0.0153994225216554,0.0009624639076034,0.0231568816169393,-0.003740776387552,-0.008180943214629451,,-0.0003899432984089,,2065.0,2160.0,1.4,0.0009458687213037,0.0007091776623085,0.0001723785797462
2021-05-17,2044.0,2044.0,2030.0,2030.0,400.0,2030.0,2044.4,2042.0,2028.76,2084.1066666666666,2008.62,False,False,False,False,False,False,False,False,False,True,False,0.059113300492610835,0.04876847290640394,0.0448275862068965,0.0290640394088669,0.0006108374384236,-0.0266535303776682,-0.0064039408866995075,,-0.0007997031501905,,2065.0,2153.0,0.5714285714285714,-0.0005520613576766,-0.0014979300789804,-0.0004097598517815
2021-05-18,2030.0,2051.0,2030.0,2051.0,700.0,2051.0,2044.6,2040.2,2028.76,2082.24,2009.67,False,False,False,False,False,False,False,False,False,False,False,0.05411994149195514,0.03364212579229644,0.0175524134568503,,0.0108434909800097,-0.0152315943442222,0.013164310092637738,,-0.0008964704677015,,2004.0,2139.0,1.75,0.0,0.0005520613576766,-9.676731751093148e-05
2021-05-19,2051.0,2070.0,2051.0,2070.0,600.0,2070.0,2055.6,2042.3,2030.68,2080.1066666666666,2011.25,False,False,False,False,False,False,True,False,False,False,False,0.034782608695652174,0.030434782608695653,0.0188405797101449,,0.0189951690821255,-0.0048824476650563,0.004347826086956522,,-0.0010255884313624,,2045.0,2100.0,0.8571428571428571,0.0009454960899797,0.0009454960899797,-0.0001291179636609
2021-05-20,2065.0,2070.0,2063.0,2070.0,2900.0,2070.0,2059.8,2048.8,2031.28,2078.12,2012.61,False,False,False,False,False,False,True,False,False,True,False,0.029468599033816423,0.025603864734299518,-0.0043478260869565,,0.0187053140096618,-0.0039227053140096,0.03864734299516908,,-0.0009559922750691,,2130.0,2097.0,4.833333333333333,0.0002953802528454,-0.0006501158371342,6.95961562932971e-05
2021-05-21,2086.0,2101.0,2083.0,2101.0,3700.0,2101.0,2064.4,2054.9,2034.4,2076.5866666666666,2014.345,False,False,False,False,False,False,True,False,True,False,False,0.014754878629224179,-0.0019038553069966682,-0.0190385530699666,,0.0316991908614944,0.0116198635570363,0.021418372203712517,,-0.0007383912060817,,2165.0,2050.0,1.2758620689655171,0.0015336217066457,0.0012382414538003,0.0002176010689873
2021-05-24,2128.0,2150.0,2117.0,2150.0,2200.0,2150.0,2088.4,2066.4,2039.48,2076.0533333333333,2016.55,False,False,False,False,False,False,True,False,False,False,False,-0.009767441860465116,-0.01813953488372093,-0.061860465116279,,0.0514046511627906,0.0343937984496124,-0.0018604651162790699,,-0.0002568977033345,,2184.0,2065.0,0.5945945945945946,0.0024908309961362,0.0009572092894904,0.0004814935027472
2021-05-25,2193.0,2193.0,2130.0,2162.0,2700.0,2162.0,2110.6,2077.6,2045.84,2075.333333333333,2018.84,False,False,False,False,False,False,True,False,False,False,False,-0.01942645698427382,-0.01942645698427382,-0.0388529139685476,,0.0537280296022202,0.0400863398088191,-0.020351526364477335,,-0.0003469322197238,,2179.0,2055.0,1.2272727272727273,0.0031087475071363,0.0006179165110001,-9.003451638934433e-05
2021-05-26,2147.0,2147.0,2142.0,2142.0,400.0,2142.0,2125.0,2090.3,2052.32,2074.9066666666668,2021.04,False,False,False,False,False,False,True,False,False,False,False,-0.004201680672268907,-0.01027077497665733,-0.0294117647058823,,0.0418674136321194,0.0313227513227512,-0.023809523809523808,,-0.0002056317392587,,2187.0,2074.0,0.1481481481481481,0.0031574023544087,4.865484727240412e-05,0.000141300480465
2021-05-27,2100.0,2145.0,2045.0,2131.0,2600.0,2131.0,2137.2,2098.5,2058.36,2074.1466666666665,2023.15,False,False,False,False,False,False,True,False,False,True,False,-0.003754106053496011,-0.007508212106992022,0.008916001877053,,0.0340872829657437,0.0266791803535117,-0.023932426091037073,,-0.0003664157468775,,2159.0,2100.0,6.5,0.002934374939272,-0.0002230274151367,-0.0001607840076187
2021-05-28,2124.0,2136.0,2124.0,2132.0,300.0,2132.0,2143.4,2103.9,2064.04,2073.613333333333,2025.31,False,False,False,False,False,False,True,False,False,True,False,-0.016416510318949345,-0.010318949343339587,0.0065666041275797,,0.0318761726078799,0.0273858661663542,-0.024390243902439025,,-0.0002571999922842,,2114.0,2082.0,0.1153846153846153,0.0027518846533981,-0.0001824902858739,0.0001092157545933
2021-05-31,2127.0,2129.0,2127.0,2129.0,200.0,2129.0,2139.2,2113.8,2069.6,2073.12,2027.355,False,False,False,False,False,False,True,False,False,True,False,-0.008454673555659934,-0.0037576326914044154,0.0079849694692343,,0.0279004227336778,0.0262470643494598,-0.030530765617660875,,-0.0002379666074963,,2152.0,2070.0,0.6666666666666666,0.002686509470429,-6.537518296906861e-05,1.9233384787830136e-05
2021-06-01,2120.0,2120.0,2098.0,2120.0,500.0,2120.0,2130.8,2120.7,2074.52,2072.5066666666667,2028.545,False,True,False,False,False,False,True,False,False,True,False,0.0,-0.015566037735849057,-0.000943396226415,,0.0214528301886792,0.0224025157232704,-0.03679245283018868,,-0.0002959379302357,,2051.0,2041.0,2.5,0.0023716329560573,-0.0003148765143717,-5.797132273942506e-05
2021-06-02,2120.0,2133.0,2120.0,2133.0,500.0,2133.0,2129.0,2127.0,2078.96,2072.1466666666665,2030.05,False,False,False,False,False,False,True,False,False,True,False,-0.006094702297233943,-0.011251758087201125,-0.0196905766526019,,0.0253352086263478,0.02852945772777,-0.0379746835443038,,-0.0001737328760513,,2057.0,2059.0,1.0,0.0021356832262285,-0.0002359497298288,0.0001222050541844
2021-06-03,2120.0,2136.0,2120.0,2123.0,700.0,2123.0,2127.4,2132.3,2082.72,2071.5733333333333,2031.735,False,False,False,False,False,False,True,False,False,True,False,-0.0037682524729156855,-0.02920395666509656,-0.0202543570419218,,0.0189731512011305,0.0242235829800596,-0.03344324069712671,,-0.0002767622676483,,2037.0,2045.0,1.4,0.0018053314895904,-0.0003303517366381,-0.000103029391597
2021-06-04,2126.0,2146.0,2097.0,2097.0,1900.0,2097.0,2120.4,2131.9,2083.84,2070.733333333333,2033.29,False,False,False,False,False,False,True,False,False,True,False,0.00619933237958989,-0.017167381974248927,-0.0081068192656175,,0.0062756318550309,0.0125258305515817,-0.008106819265617548,,-0.0004056533917131,,2030.0,2045.0,2.7142857142857144,0.0005374692874694,-0.0012678622021209,-0.0001288911240647
2021-06-07,2149.0,2149.0,2110.0,2111.0,1100.0,2111.0,2116.8,2128.0,2085.68,2070.173333333333,2034.63,False,False,False,False,False,False,True,False,False,False,False,0.0047370914258645196,-0.04452865940312648,-0.0222643297015632,,0.011994315490289,0.0193399652613296,-0.010421601136901942,,-0.0002705087496698,,2058.0,2031.0,0.5789473684210527,0.0008822062828428,0.0003447369953734,0.0001351446420432
2021-06-08,2111.0,2120.0,2111.0,2120.0,700.0,2120.0,2116.8,2123.8,2087.72,2069.92,2036.21,False,False,False,False,False,False,True,False,False,False,False,-0.015566037735849057,-0.01981132075471698,-0.0367924528301886,,0.0152264150943397,0.0236226415094339,-0.02311320754716981,,-0.0001223879827882,,2051.0,2031.0,0.6363636363636364,0.0009771425286915,9.493624584871228e-05,0.0001481207668816
2021-06-09,2120.0,2120.0,2120.0,2120.0,0.0,2120.0,2114.2,2121.6,2090.56,2070.1866666666665,2037.745,False,False,False,False,False,False,True,True,False,False,False,-0.005188679245283019,-0.019339622641509433,-0.0320754716981132,,0.0138867924528302,0.023496855345912,-0.02311320754716981,,0.0001288128606758,,2022.0,2012.0,0.0,0.0013584876779428,0.0003813451492512,0.0002512008434641
2021-06-10,2119.0,2120.0,2113.0,2115.0,600.0,2115.0,2112.6,2120.0,2094.96,2070.4266666666667,2039.37,False,False,False,False,False,False,True,True,False,False,False,-0.02553191489361702,0.016548463356973995,-0.0297872340425531,,0.0094751773049645,0.0210748620961386,0.015602836879432624,,0.0001159181360364,,2055.0,2044.0,,0.0021002787642723,0.0007417910863295,-1.2894724639405993e-05
2021-06-11,2109.0,2110.0,2108.0,2110.0,400.0,2110.0,2115.2,2117.8,2097.76,2071.2266666666665,2040.8,False,False,False,False,False,False,True,True,False,True,False,-0.023222748815165877,0.017061611374407582,-0.0142180094786729,,0.0058009478672984,0.0183759873617694,0.0009478672985781991,,0.0003862445442956,,2023.0,2065.0,0.6666666666666666,0.0013347570742125,-0.0007655216900598,0.0002703264082591
2021-06-14,2160.0,2160.0,2121.0,2121.0,600.0,2121.0,2117.2,2117.0,2101.2,2071.9733333333334,2042.32,False,False,False,False,False,False,True,True,False,False,False,-0.04903347477604903,0.011786892975011787,-0.015087223008015,,0.0093352192362094,0.0231148829168631,0.00942951438000943,,0.0003603649982626,,2023.0,2065.0,1.5,0.001637159718256,0.0003024026440434,-2.5879546033043027e-05
2021-06-15,2087.0,2087.0,2087.0,2087.0,100.0,2087.0,2110.6,2113.7,2102.68,2072.4,2043.625,False,False,False,False,False,False,True,True,False,True,False,-0.004312410158121706,0.014853857211308098,,,-0.0075131768088164,0.0069956875898418,0.027791087685673215,,0.0002058804606575,,2003.0,2004.0,0.1666666666666666,0.0007038636406871,-0.0009332960775689,-0.000154484537605
2021-06-16,2091.0,2127.0,2022.0,2109.0,2900.0,2109.0,2108.4,2111.3,2106.44,2072.866666666667,2045.19,False,False,False,False,False,False,True,True,True,False,False,-0.01422475106685633,-0.008534850640113799,,,0.0012138454243717,0.0171329223960802,-0.001422475106685633,,0.0002251310584376,,1980.0,2045.0,29.0,0.0017850021837793,0.0010811385430922,1.925059778004216e-05
2021-06-17,2061.0,2070.0,2061.0,2061.0,500.0,2061.0,2097.6,2105.1,2106.92,2072.346666666667,2046.445,False,False,False,False,False,False,True,False,False,True,False,0.043182920912178555,0.009218825812712276,,,-0.0222804463852499,-0.0055054180818373,0.020378457059679767,,-0.0002509232689511,,1980.0,2130.0,0.1724137931034483,0.000227820705105,-0.0015571814786742,-0.0004760543273887
2021-06-18,2061.0,2061.0,2061.0,2061.0,0.0,2061.0,2087.8,2101.5,2106.24,2072.0666666666666,2047.675,False,False,False,False,False,False,False,False,False,True,False,0.041242115477923336,0.009218825812712276,,,-0.0219505094614263,-0.0053695617014394,0.020378457059679767,,-0.0001351307872978,,1990.0,2165.0,0.0,-0.0003228501975084,-0.0005506709026135,0.0001157924816533
2021-06-21,2061.0,2061.0,2011.0,2017.0,2100.0,2017.0,2067.0,2092.1,2105.72,2071.36,2048.68,False,False,False,False,False,False,False,False,False,False,False,0.06395637084779375,0.02330193356470005,,,-0.0439861179970251,-0.026950917203768,0.04858701041150223,,-0.0003411607188834,,1990.0,2184.0,,-0.0002469464126284,7.590378488004333e-05,-0.0002060299315856
2021-06-22,2096.0,2096.0,2078.0,2078.0,300.0,2078.0,2065.2,2087.9,2106.8,2071.853333333333,2050.14,False,False,False,False,False,False,True,True,False,False,False,0.019249278152069296,-0.017324350336862367,,,-0.0138594802694899,0.0029579724093681,0.012512030798845043,,0.0002381120928763,,1997.0,2179.0,0.1428571428571428,0.0005126257831784,0.0007595721958069,0.0005792728117598
2021-06-23,2081.0,2113.0,2068.0,2079.0,1800.0,2079.0,2059.2,2083.8,2107.16,2072.12,2051.735,False,False,False,False,False,False,True,True,False,True,False,0.005772005772005772,-0.012987012987012988,,,-0.0135449735449734,0.0033092833092833,0.020202020202020204,,0.0001286926754564,,2022.0,2187.0,6.0,0.0001708460676928,-0.0003417797154856,-0.0001094194174198
2021-06-24,2113.0,2150.0,2080.0,2150.0,2300.0,2150.0,2077.0,2087.3,2110.36,2073.52,2053.505,False,False,False,True,True,False,True,True,True,False,False,-0.03255813953488372,-0.045581395348837206,,,0.0184372093023255,0.0355720930232558,-0.013953488372093023,,0.000675180369613,,2029.0,2159.0,1.2777777777777777,0.0015163289675696,0.0013454828998767,0.0005464876941565
2021-06-25,2152.0,2152.0,2146.0,2146.0,2400.0,2146.0,2094.0,2090.9,2112.16,2074.866666666667,2055.235,False,False,False,False,False,False,True,True,False,True,False,-0.03075489282385834,-0.03075489282385834,,,0.0157688723205965,0.0331469400434917,-0.04473438956197577,,0.0006490376891688,,2069.0,2114.0,1.0434782608695652,0.0008522081660478,-0.0006641208015217,-2.61426804442199e-05
2021-06-28,2146.0,2146.0,2146.0,2146.0,0.0,2146.0,2119.8,2093.4,2112.0,2076.4,2056.695,False,False,False,False,False,False,False,True,False,True,False,-0.03821062441752097,-0.026561043802423114,,,0.015843429636533,0.0324324324324323,-0.04706430568499534,,0.000738457586849,,2065.0,2152.0,0.0,-7.575757575750686e-05,-0.0009279657418054,8.941989768016976e-05
2021-06-29,2121.0,2121.0,2118.0,2118.0,200.0,2118.0,2127.8,2096.5,2110.24,2077.56,2057.89,False,False,False,False,False,False,False,True,False,True,False,-0.03588290840415486,-0.022190745986779982,,,0.0036638338054769,0.0190934844192634,-0.032577903682719546,,0.0005583472920155,,2069.0,2051.0,,-0.0008340283569642,-0.0007582707812067,-0.0001801102948334
2021-06-30,2090.0,2091.0,2090.0,2091.0,200.0,2091.0,2130.2,2094.7,2108.2,2078.613333333333,2059.215,False,False,False,False,False,True,False,True,False,True,False,-0.018651362984218076,-0.009564801530368245,,,-0.0082257293161166,0.0059238004144749,,,0.0005067480884689,,2049.0,2057.0,1.0,-0.0009676501280713,-0.000133621771107,-5.159920354656973e-05
2021-07-01,2091.0,2091.0,2080.0,2080.0,200.0,2080.0,2116.2,2096.6,2106.16,2079.093333333333,2060.405,False,False,False,False,False,False,False,True,False,True,False,-0.013461538461538462,0.032692307692307694,,,-0.012576923076923,0.0004358974358976,,,0.000230869866352,,2005.0,2037.0,1.0,-0.0009685873817753,-9.372537040231842e-07,-0.0002758782221169
2021-07-02,2080.0,2080.0,2080.0,2080.0,0.0,2080.0,2103.0,2098.5,2104.08,2079.293333333333,2061.555,False,False,False,False,False,False,False,True,False,True,False,0.0,0.015384615384615385,,,-0.011576923076923,0.0003397435897437,,,9.618652490923496e-05,,2040.0,2030.0,0.0,-0.0009885555682293,-1.99681864539638e-05,-0.0001346833414427
2021-07-06,2064.0,2064.0,2064.0,2064.0,200.0,2064.0,2086.6,2103.2,2101.48,2079.28,2062.715,False,False,False,False,False,False,False,False,False,True,True,0.012112403100775194,0.037306201550387594,,,-0.0181589147286821,-0.0074031007751938,,,-6.41247611330194e-06,,2035.0,2058.0,,-0.0012372232902525,-0.0002486677220232,-0.0001025990010225
2021-07-07,2061.0,2061.0,2040.0,2042.0,600.0,2042.0,2071.4,2099.6,2098.36,2079.786666666667,2063.845,False,False,False,False,False,False,False,True,False,True,False,0.014201762977473066,0.050440744368266406,,,-0.0276003917727718,-0.0185047339209925,,,0.0002436147297158,,2050.0,2051.0,3.0,-0.0014868754646485,-0.0002496521743959,0.0002500272058291
2021-07-08,2054.0,2054.0,2052.0,2052.0,300.0,2052.0,2063.6,2096.9,2095.12,2079.88,2064.98,False,False,False,False,False,False,False,True,False,True,False,0.009259259259259259,0.02631578947368421,,,-0.0210136452241714,-0.0135867446393762,,,4.487438377851051e-05,,2015.0,2022.0,0.5,-0.0015464507999542,-5.957533530576175e-05,-0.0001987403459373
2021-07-09,2052.0,2052.0,2040.0,2052.0,800.0,2052.0,2058.0,2087.1,2092.28,2078.84,2066.14,False,False,False,False,False,False,False,False,False,False,False,0.04678362573099415,0.024853801169590642,,,-0.0196296296296297,-0.0130799220272905,,,-0.0005002790017509,,2049.0,2055.0,2.6666666666666665,-0.0013573709063794,0.0001890798935747,-0.0005451533855294
2021-07-12,2080.0,2080.0,2075.0,2080.0,700.0,2080.0,2058.0,2080.5,2091.6,2077.7066666666665,2067.585,False,False,False,False,False,False,False,False,False,False,False,0.015384615384615385,0.011057692307692308,,,-0.005576923076923,0.0011025641025641,,,-0.0005454732140566,,2078.0,2023.0,0.875,-0.0003251099636643,0.0010322609427151,-4.519421230572544e-05
2021-07-13,2090.0,2116.0,2020.0,2089.0,1800.0,2089.0,2063.0,2074.8,2090.72,2076.44,2068.82,False,False,False,False,False,False,False,False,False,True,False,0.02489229296314026,0.01244614648157013,,,-0.0008233604595499,0.0060124461464815,,,-0.0006100184289776,,2030.0,2023.0,2.571428571428572,-0.0004209076299074,-9.579766624313288e-05,-6.454521492100054e-05
2021-07-14,2060.0,2071.0,2060.0,2071.0,200.0,2071.0,2068.8,2070.1,2088.76,2075.0,2069.99,False,False,False,False,False,False,False,False,False,True,False,0.03573153066151617,0.0159343312409464,,,-0.0085755673587639,-0.0019314340898116,,,-0.0006939759036144,,2051.0,2003.0,0.1111111111111111,-0.0009383557708877,-0.0005174481409803,-8.395747463679922e-05
2021-07-15,2066.0,2093.0,2065.0,2071.0,700.0,2071.0,2072.6,2068.1,2086.8,2073.4533333333334,2071.18,False,False,False,False,False,False,False,False,False,True,False,0.016900048285852245,0.024142926122646065,,,-0.0076291646547562,-0.0011846129084178,,,-0.0007459375341619,,2070.0,1980.0,3.5,-0.0009392371094498,-8.813385621021753e-07,-5.196163054750527e-05
2021-07-16,2071.0,2173.0,2070.0,2148.0,1100.0,2148.0,2091.8,2074.9,2088.12,2073.306666666667,2072.72,False,False,False,False,True,False,True,False,False,False,True,-0.02094972067039106,-0.01303538175046555,,,0.027877094972067,0.0347734326505275,,,-7.074045968430458e-05,,2070.0,1980.0,1.5714285714285714,0.0006321475777252,0.0015713846871751,0.0006751970744776
2021-07-19,2128.0,2128.0,2112.0,2112.0,200.0,2112.0,2098.2,2078.1,2088.2,2073.28,2074.19,False,False,False,False,False,False,True,False,False,True,False,-0.004261363636363636,-0.029356060606060608,,,0.0112689393939394,0.0183333333333332,,,-1.286206719142731e-05,,2101.0,1990.0,0.1818181818181818,3.831050665641569e-05,-0.0005938370710688,5.787839249287728e-05
2021-07-20,2112.0,2150.0,2112.0,2141.0,1500.0,2141.0,2108.6,2085.8,2089.0,2073.133333333333,2075.72,False,False,False,False,False,False,True,False,False,False,False,-0.012143858010275572,-0.044838860345632885,,,0.0242877160205511,0.0316985832165655,,,-7.074637424847478e-05,,2150.0,1990.0,7.5,0.0003829583532791,0.0003446478466227,-5.788430705704748e-05
2021-07-21,2133.0,2189.0,2130.0,2145.0,3400.0,2145.0,2123.4,2096.1,2091.32,2074.3866666666668,2077.25,False,False,False,False,False,False,True,True,True,False,False,-0.019114219114219115,-0.044755244755244755,,,0.0250256410256409,0.0329199689199688,,,0.0006041946535201,,2162.0,1997.0,2.2666666666666666,0.001109347206549,0.0007263888532698,0.0006749410277686
2021-07-26,2095.0,2120.0,2088.0,2106.0,4200.0,2106.0,2130.4,2101.5,2091.2,2075.04,2078.63,False,False,False,False,False,False,False,True,False,True,False,0.007122507122507123,,,,0.0070275403608737,0.0147008547008547,,,0.0003148533682884,,2142.0,2022.0,1.2352941176470589,-5.738332058164959e-05,-0.0011667305271307,-0.0002893412852317
2021-07-27,2104.0,2104.0,2103.0,2103.0,300.0,2103.0,2121.4,2106.6,2092.88,2075.92,2079.96,False,False,False,False,False,False,True,True,False,False,False,0.008083689966714217,,,,0.0048121730860674,0.0128768426058012,,,0.0004239084357779,,2131.0,2029.0,0.0714285714285714,0.0008027216085013,0.0008601049290829,0.0001090550674895
2021-07-28,2103.0,2103.0,2103.0,2103.0,0.0,2103.0,2119.6,2108.9,2094.56,2076.893333333333,2081.055,False,False,False,False,False,False,True,True,False,True,False,-0.025202092249167855,,,,0.0040133143128863,0.0124140117292758,,,0.0004686486868204,,2132.0,2069.0,0.0,0.0008020777633487,-6.438451525556197e-07,4.474025104256839e-05
2021-07-29,2103.0,2115.0,2103.0,2115.0,200.0,2115.0,2114.4,2111.5,2098.48,2077.653333333333,2082.13,False,False,False,False,False,False,True,True,True,False,False,-0.03309692671394799,,,,0.0078108747044917,0.0176579984239559,,,0.0003657973097855,,2129.0,2065.0,,0.0018680187564332,0.0010659409930844,-0.0001028513770349
2021-07-30,2104.0,2104.0,2090.0,2104.0,700.0,2104.0,2106.2,2114.8,2099.52,2078.36,2083.165,False,False,False,False,False,False,True,True,False,True,False,-0.02614068441064639,,,,0.0021292775665399,0.0121863117870721,,,0.0003400116758727,,2120.0,2069.0,3.5,0.0004953513183965,-0.0013726674380366,-2.5785633912732485e-05
2021-08-02,2099.0,2126.0,2098.0,2121.0,1300.0,2121.0,2109.2,2119.8,2101.2,2079.68,2084.54,False,False,False,False,False,False,True,True,False,False,False,,,,,0.0093352192362094,0.0194813767090995,,,0.0006347130327741,,2133.0,2049.0,1.8571428571428568,0.000799543118218,0.0003041917998215,0.0002947013569013
2021-08-03,2120.0,2140.0,2120.0,2120.0,600.0,2120.0,2112.6,2117.0,2100.0,2080.5466666666666,2085.9,False,False,False,False,False,False,False,True,False,True,False,,,,,0.0094339622641509,0.0186100628930817,,,0.0004165571868932,,2123.0,2005.0,0.4615384615384615,-0.0005714285714284,-0.0013709716896465,-0.0002181558458808
2021-08-04,2020.0,2089.0,2010.0,2050.0,7400.0,2050.0,2102.0,2110.8,2096.16,2080.9066666666668,2086.96,False,False,False,False,False,True,False,True,True,True,True,,,,,-0.0225170731707316,-0.0150764227642276,,,0.0001730015121614,,2097.0,2040.0,12.333333333333334,-0.0018319212273872,-0.0012604926559588,-0.0002435556747318
2021-08-05,2044.0,2045.0,2044.0,2045.0,300.0,2045.0,2088.0,2101.2,2092.12,2081.2,2087.925,False,False,False,False,False,False,False,True,True,True,True,,,,,-0.0230415647921759,-0.0177017114914424,,,0.0001409443269907,,2111.0,2035.0,0.0405405405405405,-0.0019310555799858,-9.913435259854243e-05,-3.205718517071629e-05
2021-08-06,2015.0,2049.0,2015.0,2049.0,500.0,2049.0,2077.0,2091.6,2089.36,2081.813333333333,2088.835,False,False,False,False,False,False,False,True,True,True,True,,,,,-0.0196974133723768,-0.016014315926468,,,0.0002946149510682,,2120.0,2050.0,1.6666666666666667,-0.0013209786728949,0.0006100769070908,0.0001536706240775
